
     Program QE v.6.0 (svn rev. 13079) starts on 13Jan2017 at 20:20: 9 

     This program is part of the open-source Quantum ESPRESSO suite
     for quantum simulation of materials; please cite
         "P. Giannozzi et al., J. Phys.:Condens. Matter 21 395502 (2009);
          URL http://www.quantum-espresso.org", 
     in publications or presentations arising from this work. More details at
     http://www.quantum-espresso.org/quote

     Parallel version (MPI), running on     8 processors
     R & G space division:  proc/nbgrp/npool/nimage =       8

     ***** This is GIPAW svn revision unknown      *****

     Parallelizing q-star over 1 images

     Reading data from directory:
     /users/majewski/paradichlorobenzene/pbe/9_constraint/scratch/pbe.ecut100.np8.dt60.pcl2phi-129368.save
     Message from routine read_xml_file:
     file /users/majewski/paradichlorobenzene/pbe/9_constraint/scratch/pbe.ecut100.np8.dt60.pcl2phi-129368.save not guaranteed to be safe for post-processing

   Info: using nr1, nr2, nr3 values from input

   Info: using nr1, nr2, nr3 values from input

     IMPORTANT: XC functional enforced from input :
     Exchange-correlation      =  SLA  PW   PBX  PBC ( 1  4  3  4 0 0)
     Any further DFT definition will be discarded
     Please, verify this is what you really want

               file C.pbe-n-kjpaw_psl.1.0.0.UPF: wavefunction(s)  2S 2P renormalized
               file Cl.pbe-n-kjpaw_psl.1.0.0.UPF: wavefunction(s)  3S 3P renormalized
               file H.pbe-kjpaw_psl.1.0.0.UPF: wavefunction(s)  1S renormalized

     Parallelization info
     --------------------
     sticks:   dense  smooth     PW     G-vecs:    dense   smooth      PW
     Min        3057    1223    332               144436    36536    5170
     Max        3059    1225    333               144437    36537    5171
     Sum       24467    9791   2657              1155489   292295   41363


     Subspace diagonalization in iterative solution of the eigenvalue problem:
     a serial algorithm will be used

     GIPAW projectors -----------------------------------------------
     atom=  C    l=0  rc=    1.2000  rs=    0.8000
     atom=  C    l=0  rc=    1.2000  rs=    0.8000
     atom=  C    l=1  rc=    1.4000  rs=    0.9333
     atom=  C    l=1  rc=    1.4000  rs=    0.9333
     projs nearly linearly dependent: l=1  n1,n2= 1, 2  s=  0.99951561

     atom=  Cl   l=0  rc=    1.6000  rs=    1.0667
     atom=  Cl   l=0  rc=    1.6000  rs=    1.0667
     atom=  Cl   l=1  rc=    1.6000  rs=    1.0667
     atom=  Cl   l=1  rc=    1.6000  rs=    1.0667
     atom=  Cl   l=2  rc=    1.6000  rs=    1.0667
     atom=  Cl   l=2  rc=    1.6000  rs=    1.0667
     projs nearly linearly dependent: l=2  n1,n2= 1, 2  s=  0.99993509

     atom=  H    l=0  rc=    1.0000  rs=    0.6667
     atom=  H    l=0  rc=    1.0000  rs=    0.6667
     projs nearly linearly dependent: l=0  n1,n2= 1, 2  s=  0.99968852
     -----------------------------------------------------------------

     GIPAW integrals: -------------------------------------------
     Atom  i/j   nmr_para   nmr_dia   epr_rmc  epr_para   epr_dia
       C   1 1   0.83E+03  0.17E-01  0.93E+01  0.24E+08  0.24E+03
       C   2 1   0.86E+03 -0.61E-01  0.94E+01  0.25E+08  0.25E+03
       C   2 2   0.90E+03 -0.15E+00  0.97E+01  0.26E+08  0.26E+03
       C   3 3   0.33E+01  0.34E+00  0.18E+01  0.55E+03  0.21E+02
       C   4 3   0.35E+01  0.37E+00  0.20E+01  0.59E+03  0.22E+02
       C   4 4   0.38E+01  0.39E+00  0.22E+01  0.63E+03  0.24E+02
       Cl  1 1   0.14E+04 -0.47E+00  0.84E+01  0.32E+09  0.42E+03
       Cl  2 1   0.21E+04 -0.37E+00  0.12E+02  0.49E+09  0.65E+03
       Cl  2 2   0.33E+04 -0.16E+00  0.21E+02  0.76E+09  0.10E+04
       Cl  3 3   0.21E+02  0.79E-01  0.89E+01  0.23E+05  0.13E+03
       Cl  4 3   0.24E+02  0.67E-01  0.99E+01  0.27E+05  0.15E+03
       Cl  4 4   0.28E+02  0.44E-01  0.11E+02  0.32E+05  0.18E+03
       Cl  5 5   0.77E+00  0.19E+00  0.18E+01  0.12E+03  0.22E+02
       Cl  6 5   0.80E+00  0.19E+00  0.19E+01  0.12E+03  0.23E+02
       Cl  6 6   0.83E+00  0.20E+00  0.19E+01  0.12E+03  0.23E+02
       H   1 1   0.39E+02  0.19E+00  0.29E+00  0.78E+05  0.13E+02
       H   2 1   0.41E+02  0.21E+00  0.32E+00  0.82E+05  0.14E+02
       H   2 2   0.43E+02  0.22E+00  0.36E+00  0.86E+05  0.15E+02
     ------------------------------------------------------------

     alpha_pv=     34.1879 eV

     Number of occupied bands for each k-point:
     k-point:     1    nbnd_occ=  42
     k-point:     2    nbnd_occ=  42
     k-point:     3    nbnd_occ=  42
     k-point:     4    nbnd_occ=  42
     k-point:     5    nbnd_occ=  42
     k-point:     6    nbnd_occ=  42
     k-point:     7    nbnd_occ=  42
     k-point:     8    nbnd_occ=  42
     k-point:     9    nbnd_occ=  42
     k-point:    10    nbnd_occ=  42
     k-point:    11    nbnd_occ=  42
     k-point:    12    nbnd_occ=  42
     k-point:    13    nbnd_occ=  42
     k-point:    14    nbnd_occ=  42
     k-point:    15    nbnd_occ=  42
     k-point:    16    nbnd_occ=  42


     q-space interpolation up to   110.00 Rydberg

     GIPAW job: efg                                                                             


     ELECTRIC FIELD GRADIENTS TENSORS IN Hartree/bohrradius^2:

     ----- bare term -----
     Cl   1        0.302853        0.107476       -0.058225
     Cl   1        0.107476        0.362558        0.067831
     Cl   1       -0.058225        0.067831       -0.665412

     C    2       -0.134205        0.197551       -0.183450
     C    2        0.197551       -0.458528       -0.449161
     C    2       -0.183450       -0.449161        0.592733

     C    3       -0.153566        0.425940       -0.271692
     C    3        0.425940       -0.273809       -0.348200
     C    3       -0.271692       -0.348200        0.427375

     H    4       -0.087422       -0.060862       -0.267657
     H    4       -0.060862        0.337973       -0.469187
     H    4       -0.267657       -0.469187       -0.250551

     C    5       -0.675028        0.133361       -0.306671
     C    5        0.133361        0.099446       -0.165670
     C    5       -0.306671       -0.165670        0.575582

     H    6        0.269682        0.171336       -0.284026
     H    6        0.171336       -0.497272       -0.221451
     H    6       -0.284026       -0.221451        0.227591

     H    7        0.477173        0.150299       -0.002153
     H    7        0.150299       -0.798333       -0.028005
     H    7       -0.002153       -0.028005        0.321160

     C    8       -0.221861       -0.092765       -0.293485
     C    8       -0.092765        0.002659        0.512368
     C    8       -0.293485        0.512368        0.219202

     H    9       -0.377575        0.517715       -0.131961
     H    9        0.517715        0.060383       -0.041928
     H    9       -0.131961       -0.041928        0.317192

     C   10       -0.572661       -0.340773       -0.159274
     C   10       -0.340773        0.202632        0.342863
     C   10       -0.159274        0.342863        0.370029

     C   11       -0.066357       -0.149108       -0.257313
     C   11       -0.149108       -0.035066        0.660854
     C   11       -0.257313        0.660854        0.101423

     Cl  12       -0.077694       -0.069234       -0.020746
     Cl  12       -0.069234        0.035150       -0.008687
     Cl  12       -0.020746       -0.008687        0.042544

     H   13        0.025186        0.229863        0.283692
     H   13        0.229863       -0.114741       -0.504096
     H   13        0.283692       -0.504096        0.089554

     C   14       -0.022813       -0.264608       -0.540175
     C   14       -0.264608       -0.101549       -0.479614
     C   14       -0.540175       -0.479614        0.124363

     H   15        0.110703       -0.040910       -0.201251
     H   15       -0.040910        0.360747       -0.315887
     H   15       -0.201251       -0.315887       -0.471450

     C   16       -0.363433        0.403483       -0.290871
     C   16        0.403483        0.156110       -0.017924
     C   16       -0.290871       -0.017924        0.207323

     C   17        0.051133        0.055318       -0.165145
     C   17        0.055318       -0.526339       -0.313375
     C   17       -0.165145       -0.313375        0.475206

     Cl  18        0.107404        0.081568       -0.156157
     Cl  18        0.081568       -0.050343       -0.383432
     Cl  18       -0.156157       -0.383432       -0.057061

     H   19        0.279371        0.249532        0.133751
     H   19        0.249532       -0.506716        0.321207
     H   19        0.133751        0.321207        0.227345

     C   20       -0.780454       -0.327898       -0.432890
     C   20       -0.327898        0.269968        0.067237
     C   20       -0.432890        0.067237        0.510487

     H   21       -0.566593        0.240520       -0.189450
     H   21        0.240520        0.378620        0.165548
     H   21       -0.189450        0.165548        0.187973

     C   22       -0.068411       -0.206582       -0.211226
     C   22       -0.206582       -0.389470        0.478029
     C   22       -0.211226        0.478029        0.457881

     C   23       -0.466410       -0.269428       -0.377800
     C   23       -0.269428        0.165691        0.358533
     C   23       -0.377800        0.358533        0.300719

     Cl  24        0.019613        0.128150       -0.021242
     Cl  24        0.128150        0.072517        0.030683
     Cl  24       -0.021242        0.030683       -0.092130

     ----- ionic term -----
     Cl   1        0.137099       -0.210080        0.110757
     Cl   1       -0.210080       -0.015727       -0.059917
     Cl   1        0.110757       -0.059917       -0.121372

     C    2        0.023717       -0.261875        0.390461
     C    2       -0.261875        0.198488        0.287804
     C    2        0.390461        0.287804       -0.222205

     C    3        0.100077       -0.312511        0.314542
     C    3       -0.312511        0.252951        0.284988
     C    3        0.314542        0.284988       -0.353028

     H    4        0.273417        0.354660        0.755249
     H    4        0.354660       -0.312484        0.373591
     H    4        0.755249        0.373591        0.039067

     C    5        0.265540       -0.204901        0.420621
     C    5       -0.204901        0.061957        0.239788
     C    5        0.420621        0.239788       -0.327497

     H    6       -0.514420       -0.036692       -0.000056
     H    6       -0.036692        0.821488        0.609759
     H    6       -0.000056        0.609759       -0.307068

     H    7       -0.507322       -0.115422        0.049836
     H    7       -0.115422        0.897509       -0.500059
     H    7        0.049836       -0.500059       -0.390187

     C    8        0.341794        0.176186        0.223458
     C    8        0.176186        0.072790       -0.288247
     C    8        0.223458       -0.288247       -0.414585

     H    9        0.704717       -0.277685        0.650919
     H    9       -0.277685       -0.464795       -0.204756
     H    9        0.650919       -0.204756       -0.239923

     C   10        0.265522        0.254639        0.131234
     C   10        0.254639        0.150906       -0.351122
     C   10        0.131234       -0.351122       -0.416429

     C   11        0.249821        0.170507        0.214456
     C   11        0.170507        0.177436       -0.318175
     C   11        0.214456       -0.318175       -0.427257

     Cl  12        0.106348        0.208630        0.014492
     Cl  12        0.208630        0.048542        0.010883
     Cl  12        0.014492        0.010883       -0.154890

     H   13       -0.536385       -0.100990       -0.038259
     H   13       -0.100990        0.548655        0.734941
     H   13       -0.038259        0.734941       -0.012270

     C   14        0.130492       -0.249286        0.401976
     C   14       -0.249286       -0.002968        0.250107
     C   14        0.401976        0.250107       -0.127524

     H   15        0.249708        0.243911        0.802248
     H   15        0.243911       -0.459397        0.309036
     H   15        0.802248        0.309036        0.209689

     C   16        0.107772       -0.321124        0.302672
     C   16       -0.321124        0.063150        0.292150
     C   16        0.302672        0.292150       -0.170922

     C   17        0.274815       -0.187509        0.332722
     C   17       -0.187509       -0.034391        0.380956
     C   17        0.332722        0.380956       -0.240424

     Cl  18        0.211466       -0.190065        0.045799
     Cl  18       -0.190065       -0.067771       -0.021048
     Cl  18        0.045799       -0.021048       -0.143696

     H   19       -0.460083       -0.239730        0.105082
     H   19       -0.239730        0.860437       -0.504763
     H   19        0.105082       -0.504763       -0.400354

     C   20        0.405015        0.156453        0.219695
     C   20        0.156453        0.097065       -0.251069
     C   20        0.219695       -0.251069       -0.502080

     H   21        0.641704       -0.411086        0.591183
     H   21       -0.411086       -0.346407       -0.269883
     H   21        0.591183       -0.269883       -0.295297

     C   22        0.218181        0.220280        0.157730
     C   22        0.220280        0.250348       -0.353079
     C   22        0.157730       -0.353079       -0.468529

     C   23        0.223305        0.137568        0.271314
     C   23        0.137568        0.174583       -0.351768
     C   23        0.271314       -0.351768       -0.397888

     Cl  24        0.149862        0.225949        0.014076
     Cl  24        0.225949       -0.002248        0.004650
     Cl  24        0.014076        0.004650       -0.147615

     ----- GIPAW term -----
     Cl   1        0.093270       -0.531678        0.141896
     Cl   1       -0.531678       -0.154418       -0.118567
     Cl   1        0.141896       -0.118567        0.061148

     C    2       -0.079736       -0.066416        0.018042
     C    2       -0.066416       -0.176103       -0.110614
     C    2        0.018042       -0.110614        0.255839

     C    3        0.054074        0.025506       -0.126031
     C    3        0.025506       -0.091548       -0.016001
     C    3       -0.126031       -0.016001        0.037474

     H    4       -0.000000        0.000000        0.000000
     H    4        0.000000        0.000000        0.000000
     H    4        0.000000        0.000000        0.000000

     C    5       -0.124496        0.049285        0.120139
     C    5        0.049285       -0.073473        0.068093
     C    5        0.120139        0.068093        0.197970

     H    6       -0.000000        0.000000        0.000000
     H    6        0.000000        0.000000        0.000000
     H    6        0.000000        0.000000        0.000000

     H    7       -0.000000        0.000000        0.000000
     H    7        0.000000        0.000000        0.000000
     H    7        0.000000        0.000000        0.000000

     C    8       -0.090819       -0.012620       -0.039053
     C    8       -0.012620        0.166402        0.132670
     C    8       -0.039053        0.132670       -0.075583

     H    9       -0.000000        0.000000        0.000000
     H    9        0.000000        0.000000        0.000000
     H    9        0.000000        0.000000        0.000000

     C   10       -0.211876       -0.053486       -0.034668
     C   10       -0.053486        0.243091        0.154768
     C   10       -0.034668        0.154768       -0.031216

     C   11        0.014451       -0.016517       -0.067381
     C   11       -0.016517        0.134563        0.158304
     C   11       -0.067381        0.158304       -0.149013

     Cl  12        1.042248        2.076048       -0.179689
     Cl  12        2.076048        0.396822       -0.085756
     Cl  12       -0.179689       -0.085756       -1.439070

     H   13       -0.000000        0.000000        0.000000
     H   13        0.000000        0.000000        0.000000
     H   13        0.000000        0.000000        0.000000

     C   14        0.201293       -0.188158       -0.140037
     C   14       -0.188158       -0.100375       -0.060836
     C   14       -0.140037       -0.060836       -0.100918

     H   15       -0.000000        0.000000        0.000000
     H   15        0.000000        0.000000        0.000000
     H   15        0.000000        0.000000        0.000000

     C   16       -0.041798       -0.021977       -0.105716
     C   16       -0.021977        0.005152        0.077852
     C   16       -0.105716        0.077852        0.036645

     C   17       -0.076940       -0.063437        0.010315
     C   17       -0.063437       -0.115107        0.151167
     C   17        0.010315        0.151167        0.192046

     Cl  18       -0.113189       -0.039423        0.535420
     Cl  18       -0.039423       -0.075697        0.750988
     Cl  18        0.535420        0.750988        0.188886

     H   19       -0.000000        0.000000        0.000000
     H   19        0.000000        0.000000        0.000000
     H   19        0.000000        0.000000        0.000000

     C   20       -0.207629       -0.019609       -0.079656
     C   20       -0.019609        0.141245       -0.134746
     C   20       -0.079656       -0.134746        0.066384

     H   21       -0.000000        0.000000        0.000000
     H   21        0.000000        0.000000        0.000000
     H   21        0.000000        0.000000        0.000000

     C   22       -0.072302       -0.000277       -0.060025
     C   22       -0.000277       -0.057467       -0.027698
     C   22       -0.060025       -0.027698        0.129768

     C   23       -0.094303        0.051404       -0.063527
     C   23        0.051404        0.199499        0.077924
     C   23       -0.063527        0.077924       -0.105196

     Cl  24        1.330206        2.961155       -0.096275
     Cl  24        2.961155        0.723284        0.301764
     Cl  24       -0.096275        0.301764       -2.053490

     ----- total EFG -----
     Cl   1        0.533223       -0.634282        0.194428
     Cl   1       -0.634282        0.192413       -0.110653
     Cl   1        0.194428       -0.110653       -0.725636

     C    2       -0.190224       -0.130740        0.225053
     C    2       -0.130740       -0.436143       -0.271972
     C    2        0.225053       -0.271972        0.626367

     C    3        0.000585        0.138936       -0.083180
     C    3        0.138936       -0.112405       -0.079213
     C    3       -0.083180       -0.079213        0.111820

     H    4        0.185996        0.293798        0.487592
     H    4        0.293798        0.025489       -0.095596
     H    4        0.487592       -0.095596       -0.211485

     C    5       -0.533984       -0.022255        0.234089
     C    5       -0.022255        0.087930        0.142211
     C    5        0.234089        0.142211        0.446054

     H    6       -0.244738        0.134645       -0.284082
     H    6        0.134645        0.324216        0.388307
     H    6       -0.284082        0.388307       -0.079478

     H    7       -0.030149        0.034876        0.047683
     H    7        0.034876        0.099176       -0.528064
     H    7        0.047683       -0.528064       -0.069027

     C    8        0.029114        0.070801       -0.109081
     C    8        0.070801        0.241851        0.356791
     C    8       -0.109081        0.356791       -0.270965

     H    9        0.327142        0.240030        0.518958
     H    9        0.240030       -0.404411       -0.246684
     H    9        0.518958       -0.246684        0.077269

     C   10       -0.519015       -0.139621       -0.062708
     C   10       -0.139621        0.596629        0.146509
     C   10       -0.062708        0.146509       -0.077615

     C   11        0.197914        0.004882       -0.110238
     C   11        0.004882        0.276932        0.500983
     C   11       -0.110238        0.500983       -0.474847

     Cl  12        1.070902        2.215444       -0.185943
     Cl  12        2.215444        0.480514       -0.083560
     Cl  12       -0.185943       -0.083560       -1.551416

     H   13       -0.511199        0.128873        0.245433
     H   13        0.128873        0.433914        0.230845
     H   13        0.245433        0.230845        0.077284

     C   14        0.308972       -0.702053       -0.278235
     C   14       -0.702053       -0.204893       -0.290343
     C   14       -0.278235       -0.290343       -0.104080

     H   15        0.360411        0.203002        0.600997
     H   15        0.203002       -0.098651       -0.006851
     H   15        0.600997       -0.006851       -0.261761

     C   16       -0.297459        0.060382       -0.093915
     C   16        0.060382        0.224412        0.352078
     C   16       -0.093915        0.352078        0.073047

     C   17        0.249009       -0.195628        0.177892
     C   17       -0.195628       -0.675837        0.218749
     C   17        0.177892        0.218749        0.426828

     Cl  18        0.205681       -0.147920        0.425061
     Cl  18       -0.147920       -0.193810        0.346507
     Cl  18        0.425061        0.346507       -0.011871

     H   19       -0.180712        0.009802        0.238832
     H   19        0.009802        0.353721       -0.183556
     H   19        0.238832       -0.183556       -0.173009

     C   20       -0.583068       -0.191053       -0.292851
     C   20       -0.191053        0.508278       -0.318577
     C   20       -0.292851       -0.318577        0.074791

     H   21        0.075111       -0.170566        0.401733
     H   21       -0.170566        0.032213       -0.104335
     H   21        0.401733       -0.104335       -0.107324

     C   22        0.077468        0.013421       -0.113521
     C   22        0.013421       -0.196588        0.097253
     C   22       -0.113521        0.097253        0.119121

     C   23       -0.337407       -0.080456       -0.170013
     C   23       -0.080456        0.539773        0.084689
     C   23       -0.170013        0.084689       -0.202365

     Cl  24        1.499682        3.315253       -0.103441
     Cl  24        3.315253        0.793553        0.337096
     Cl  24       -0.103441        0.337096       -2.293235

     ----- total EFG (symmetrized) -----
     Cl   1        0.533223       -0.634282        0.194428
     Cl   1       -0.634282        0.192413       -0.110653
     Cl   1        0.194428       -0.110653       -0.725636

     C    2       -0.190224       -0.130740        0.225053
     C    2       -0.130740       -0.436143       -0.271972
     C    2        0.225053       -0.271972        0.626367

     C    3        0.000585        0.138936       -0.083180
     C    3        0.138936       -0.112405       -0.079213
     C    3       -0.083180       -0.079213        0.111820

     H    4        0.185996        0.293798        0.487592
     H    4        0.293798        0.025489       -0.095596
     H    4        0.487592       -0.095596       -0.211485

     C    5       -0.533984       -0.022255        0.234089
     C    5       -0.022255        0.087930        0.142211
     C    5        0.234089        0.142211        0.446054

     H    6       -0.244738        0.134645       -0.284082
     H    6        0.134645        0.324216        0.388307
     H    6       -0.284082        0.388307       -0.079478

     H    7       -0.030149        0.034876        0.047683
     H    7        0.034876        0.099176       -0.528064
     H    7        0.047683       -0.528064       -0.069027

     C    8        0.029114        0.070801       -0.109081
     C    8        0.070801        0.241851        0.356791
     C    8       -0.109081        0.356791       -0.270965

     H    9        0.327142        0.240030        0.518958
     H    9        0.240030       -0.404411       -0.246684
     H    9        0.518958       -0.246684        0.077269

     C   10       -0.519015       -0.139621       -0.062708
     C   10       -0.139621        0.596629        0.146509
     C   10       -0.062708        0.146509       -0.077615

     C   11        0.197914        0.004882       -0.110238
     C   11        0.004882        0.276932        0.500983
     C   11       -0.110238        0.500983       -0.474847

     Cl  12        1.070902        2.215444       -0.185943
     Cl  12        2.215444        0.480514       -0.083560
     Cl  12       -0.185943       -0.083560       -1.551416

     H   13       -0.511199        0.128873        0.245433
     H   13        0.128873        0.433914        0.230845
     H   13        0.245433        0.230845        0.077284

     C   14        0.308972       -0.702053       -0.278235
     C   14       -0.702053       -0.204893       -0.290343
     C   14       -0.278235       -0.290343       -0.104080

     H   15        0.360411        0.203002        0.600997
     H   15        0.203002       -0.098651       -0.006851
     H   15        0.600997       -0.006851       -0.261761

     C   16       -0.297459        0.060382       -0.093915
     C   16        0.060382        0.224412        0.352078
     C   16       -0.093915        0.352078        0.073047

     C   17        0.249009       -0.195628        0.177892
     C   17       -0.195628       -0.675837        0.218749
     C   17        0.177892        0.218749        0.426828

     Cl  18        0.205681       -0.147920        0.425061
     Cl  18       -0.147920       -0.193810        0.346507
     Cl  18        0.425061        0.346507       -0.011871

     H   19       -0.180712        0.009802        0.238832
     H   19        0.009802        0.353721       -0.183556
     H   19        0.238832       -0.183556       -0.173009

     C   20       -0.583068       -0.191053       -0.292851
     C   20       -0.191053        0.508278       -0.318577
     C   20       -0.292851       -0.318577        0.074791

     H   21        0.075111       -0.170566        0.401733
     H   21       -0.170566        0.032213       -0.104335
     H   21        0.401733       -0.104335       -0.107324

     C   22        0.077468        0.013421       -0.113521
     C   22        0.013421       -0.196588        0.097253
     C   22       -0.113521        0.097253        0.119121

     C   23       -0.337407       -0.080456       -0.170013
     C   23       -0.080456        0.539773        0.084689
     C   23       -0.170013        0.084689       -0.202365

     Cl  24        1.499682        3.315253       -0.103441
     Cl  24        3.315253        0.793553        0.337096
     Cl  24       -0.103441        0.337096       -2.293235


     NQR/NMR SPECTROSCOPIC PARAMETERS:
     Cl   1    Vxx=   -0.2920    axis=(  0.598529  0.798492  0.064602)
     Cl   1    Vyy=   -0.7553    axis=(  0.137942 -0.023288 -0.990166)
     Cl   1    Vzz=    1.0473    axis=( -0.789136  0.601555 -0.124084)
     Cl   1  Q=        -8.1650 1e-30 m^2  Cq=       -20.0920 MHz  eta= 0.44242

     C    2    Vxx=   -0.2364    axis=( -0.932211  0.195265  0.304720)
     C    2    Vyy=   -0.5215    axis=(  0.256321  0.950620  0.174988)
     C    2    Vzz=    0.7579    axis=(  0.255504 -0.241232  0.936229)
     C    2  Q=         1.0000 1e-30 m^2  Cq=         1.7807 MHz  eta= 0.37613

     C    3    Vxx=   -0.0098    axis=(  0.647152  0.355542  0.674377)
     C    3    Vyy=   -0.2072    axis=( -0.535040  0.841960  0.069546)
     C    3    Vzz=    0.2170    axis=( -0.543072 -0.405825  0.735105)
     C    3  Q=         1.0000 1e-30 m^2  Cq=         0.5099 MHz  eta= 0.91001

     H    4    Vxx=    0.0483    axis=( -0.093841  0.864245 -0.494241)
     H    4    Vyy=    0.5853    axis=(  0.816982  0.350557  0.457875)
     H    4    Vzz=   -0.6336    axis=( -0.568976  0.360819  0.738970)
     H    4  Q=         1.0000 1e-30 m^2  Cq=        -1.4887 MHz  eta= 0.84767

     C    5    Vxx=    0.0523    axis=(  0.140588 -0.954961  0.261314)
     C    5    Vyy=    0.5390    axis=( -0.198603 -0.285772 -0.937492)
     C    5    Vzz=   -0.5913    axis=(  0.969944  0.079902 -0.229834)
     C    5  Q=         1.0000 1e-30 m^2  Cq=        -1.3893 MHz  eta= 0.82313

     H    6    Vxx=    0.0336    axis=(  0.743848  0.385160 -0.546207)
     H    6    Vyy=    0.5615    axis=(  0.046520 -0.845103 -0.532575)
     H    6    Vzz=   -0.5951    axis=( -0.666728  0.370746 -0.646546)
     H    6  Q=         1.0000 1e-30 m^2  Cq=        -1.3982 MHz  eta= 0.88714

     H    7    Vxx=   -0.0232    axis=(  0.993004  0.082318  0.084659)
     H    7    Vyy=   -0.5266    axis=( -0.117833  0.644231  0.755699)
     H    7    Vzz=    0.5498    axis=(  0.007668 -0.760388  0.649424)
     H    7  Q=         1.0000 1e-30 m^2  Cq=         1.2919 MHz  eta= 0.91564

     C    8    Vxx=    0.0611    axis=(  0.969271  0.079722 -0.232721)
     C    8    Vyy=    0.4253    axis=( -0.035051 -0.891621 -0.451423)
     C    8    Vzz=   -0.4864    axis=( -0.243487  0.445708 -0.861428)
     C    8  Q=         1.0000 1e-30 m^2  Cq=        -1.1429 MHz  eta= 0.74865

     H    9    Vxx=   -0.0245    axis=( -0.435692 -0.667420  0.603923)
     H    9    Vyy=   -0.7127    axis=(  0.427908 -0.743870 -0.513374)
     H    9    Vzz=    0.7372    axis=(  0.791876  0.034751  0.609692)
     H    9  Q=         1.0000 1e-30 m^2  Cq=         1.7322 MHz  eta= 0.93352

     C   10    Vxx=   -0.1056    axis=( -0.074077 -0.217760  0.973187)
     C   10    Vyy=   -0.5407    axis=(  0.989085  0.108597  0.099587)
     C   10    Vzz=    0.6463    axis=( -0.127372  0.969942  0.207339)
     C   10  Q=         1.0000 1e-30 m^2  Cq=         1.5185 MHz  eta= 0.67313

     C   11    Vxx=    0.2026    axis=(  0.984881  0.169707 -0.034762)
     C   11    Vyy=    0.5335    axis=( -0.135873  0.881258  0.452684)
     C   11    Vzz=   -0.7362    axis=(  0.107458 -0.441117  0.890993)
     C   11  Q=         1.0000 1e-30 m^2  Cq=        -1.7297 MHz  eta= 0.44946

     Cl  12    Vxx=   -1.4316    axis=(  0.583432 -0.694387 -0.421228)
     Cl  12    Vyy=   -1.5874    axis=(  0.306651 -0.291916  0.905953)
     Cl  12    Vzz=    3.0190    axis=( -0.752045 -0.657732  0.042621)
     Cl  12  Q=        -8.1650 1e-30 m^2  Cq=       -57.9189 MHz  eta= 0.05161

     H   13    Vxx=    0.0076    axis=( -0.256743  0.519068 -0.815261)
     H   13    Vyy=    0.5944    axis=(  0.205745  0.853555  0.478656)
     H   13    Vzz=   -0.6020    axis=( -0.944326  0.044844  0.325940)
     H   13  Q=         1.0000 1e-30 m^2  Cq=        -1.4145 MHz  eta= 0.97475

     C   14    Vxx=    0.0912    axis=( -0.193907 -0.412832  0.889927)
     C   14    Vyy=    0.8044    axis=( -0.828708  0.554412  0.076621)
     C   14    Vzz=   -0.8956    axis=( -0.525017 -0.722632 -0.449622)
     C   14  Q=         1.0000 1e-30 m^2  Cq=        -2.1043 MHz  eta= 0.79626

     H   15    Vxx=   -0.1093    axis=( -0.059465  0.958906 -0.277423)
     H   15    Vyy=   -0.6508    axis=( -0.530164  0.205141  0.822705)
     H   15    Vzz=    0.7600    axis=(  0.845807  0.196002  0.496179)
     H   15  Q=         1.0000 1e-30 m^2  Cq=         1.7857 MHz  eta= 0.71249

     C   16    Vxx=   -0.1354    axis=(  0.564635  0.526838 -0.635318)
     C   16    Vyy=   -0.3736    axis=(  0.825200 -0.346125  0.446366)
     C   16    Vzz=    0.5090    axis=(  0.015263 -0.776298 -0.630181)
     C   16  Q=         1.0000 1e-30 m^2  Cq=         1.1960 MHz  eta= 0.46783

     C   17    Vxx=    0.2249    axis=(  0.851956 -0.290795 -0.435441)
     C   17    Vyy=    0.5436    axis=(  0.475371  0.080894  0.876059)
     C   17    Vzz=   -0.7684    axis=( -0.219529 -0.953360  0.207153)
     C   17  Q=         1.0000 1e-30 m^2  Cq=        -1.8055 MHz  eta= 0.41474

     Cl  18    Vxx=    0.0918    axis=( -0.517820  0.755373  0.401589)
     Cl  18    Vyy=    0.5510    axis=( -0.738741 -0.158094 -0.655185)
     Cl  18    Vzz=   -0.6428    axis=(  0.431421  0.635938 -0.639890)
     Cl  18  Q=        -8.1650 1e-30 m^2  Cq=        12.3322 MHz  eta= 0.71435

     H   19    Vxx=    0.0210    axis=( -0.731991 -0.312459 -0.605441)
     H   19    Vyy=    0.4189    axis=( -0.119249  0.933676 -0.337683)
     H   19    Vzz=   -0.4399    axis=( -0.670797  0.174983  0.720702)
     H   19  Q=         1.0000 1e-30 m^2  Cq=        -1.0335 MHz  eta= 0.90445

     C   20    Vxx=    0.0868    axis=(  0.460164 -0.393091 -0.796071)
     C   20    Vyy=    0.6778    axis=( -0.028890  0.889539 -0.455945)
     C   20    Vzz=   -0.7645    axis=(  0.887364  0.232807  0.397978)
     C   20  Q=         1.0000 1e-30 m^2  Cq=        -1.7964 MHz  eta= 0.77303

     H   21    Vxx=   -0.0537    axis=(  0.277070  0.913182  0.298884)
     H   21    Vyy=   -0.4296    axis=( -0.634007 -0.059982  0.770997)
     H   21    Vzz=    0.4832    axis=(  0.721988 -0.403115  0.562345)
     H   21  Q=         1.0000 1e-30 m^2  Cq=         1.1354 MHz  eta= 0.77780

     C   22    Vxx=    0.0064    axis=(  0.789984  0.306638  0.530940)
     C   22    Vyy=    0.2247    axis=( -0.593174  0.163115  0.788377)
     C   22    Vzz=   -0.2310    axis=(  0.155142 -0.937746  0.310748)
     C   22  Q=         1.0000 1e-30 m^2  Cq=        -0.5428 MHz  eta= 0.94476

     C   23    Vxx=   -0.1074    axis=(  0.544981  0.175041 -0.819974)
     C   23    Vyy=   -0.4532    axis=( -0.830708 -0.019858 -0.556354)
     C   23    Vzz=    0.5606    axis=(  0.113667 -0.984361 -0.134586)
     C   23  Q=         1.0000 1e-30 m^2  Cq=         1.3173 MHz  eta= 0.61670

     Cl  24    Vxx=   -1.9176    axis=(  0.522119 -0.558299 -0.644743)
     Cl  24    Vyy=   -2.5663    axis=( -0.419232  0.490326 -0.764084)
     Cl  24    Vzz=    4.4839    axis=( -0.742722 -0.669240 -0.021952)
     Cl  24  Q=        -8.1650 1e-30 m^2  Cq=       -86.0209 MHz  eta= 0.14468

     Initialization:
     gipaw_setup  :      9.01s CPU     10.84s WALL (       1 calls)

     Linear response

     Apply operators

     Induced current

     Other routines
     efg          :      9.24s CPU     11.22s WALL (       1 calls)

     General routines
     calbec       :      3.18s CPU      4.01s WALL (      16 calls)
     fft          :      1.63s CPU      2.39s WALL (      15 calls)
     ffts         :      0.04s CPU      0.05s WALL (       2 calls)
     fftw         :      3.30s CPU      3.87s WALL (     672 calls)
     davcio       :      0.01s CPU      0.31s WALL (      32 calls)

     Parallel routines
     fft_scatter  :      2.34s CPU      3.54s WALL (     689 calls)

     Plugins

     GIPAW        :     63.18s CPU     76.98s WALL (       1 calls)
