
     Program QE v.6.0 (svn rev. 13079) starts on  7Jan2017 at 10:49:40 

     This program is part of the open-source Quantum ESPRESSO suite
     for quantum simulation of materials; please cite
         "P. Giannozzi et al., J. Phys.:Condens. Matter 21 395502 (2009);
          URL http://www.quantum-espresso.org", 
     in publications or presentations arising from this work. More details at
     http://www.quantum-espresso.org/quote

     Parallel version (MPI), running on     8 processors
     R & G space division:  proc/nbgrp/npool/nimage =       8

     ***** This is GIPAW svn revision unknown      *****

     Parallelizing q-star over 1 images

     Reading data from directory:
     /users/majewski/paradichlorobenzene/pbe/9_constraint/scratch/pbe.ecut100.np8.dt60.pcl2phi-129368.save
     Message from routine read_xml_file:
     file /users/majewski/paradichlorobenzene/pbe/9_constraint/scratch/pbe.ecut100.np8.dt60.pcl2phi-129368.save not guaranteed to be safe for post-processing

   Info: using nr1, nr2, nr3 values from input

   Info: using nr1, nr2, nr3 values from input

     IMPORTANT: XC functional enforced from input :
     Exchange-correlation      =  SLA  PW   PBX  PBC ( 1  4  3  4 0 0)
     Any further DFT definition will be discarded
     Please, verify this is what you really want

               file C.pbe-n-kjpaw_psl.1.0.0.UPF: wavefunction(s)  2S 2P renormalized
               file Cl.pbe-n-kjpaw_psl.1.0.0.UPF: wavefunction(s)  3S 3P renormalized
               file H.pbe-kjpaw_psl.1.0.0.UPF: wavefunction(s)  1S renormalized

     Parallelization info
     --------------------
     sticks:   dense  smooth     PW     G-vecs:    dense   smooth      PW
     Min        3057    1223    332               144436    36536    5170
     Max        3059    1225    333               144437    36537    5171
     Sum       24467    9791   2657              1155489   292295   41363


     Subspace diagonalization in iterative solution of the eigenvalue problem:
     a serial algorithm will be used

     GIPAW projectors -----------------------------------------------
     atom=  C    l=0  rc=    1.2000  rs=    0.8000
     atom=  C    l=0  rc=    1.2000  rs=    0.8000
     atom=  C    l=1  rc=    1.4000  rs=    0.9333
     atom=  C    l=1  rc=    1.4000  rs=    0.9333
     projs nearly linearly dependent: l=1  n1,n2= 1, 2  s=  0.99951561

     atom=  Cl   l=0  rc=    1.6000  rs=    1.0667
     atom=  Cl   l=0  rc=    1.6000  rs=    1.0667
     atom=  Cl   l=1  rc=    1.6000  rs=    1.0667
     atom=  Cl   l=1  rc=    1.6000  rs=    1.0667
     atom=  Cl   l=2  rc=    1.6000  rs=    1.0667
     atom=  Cl   l=2  rc=    1.6000  rs=    1.0667
     projs nearly linearly dependent: l=2  n1,n2= 1, 2  s=  0.99993509

     atom=  H    l=0  rc=    1.0000  rs=    0.6667
     atom=  H    l=0  rc=    1.0000  rs=    0.6667
     projs nearly linearly dependent: l=0  n1,n2= 1, 2  s=  0.99968852
     -----------------------------------------------------------------

     GIPAW integrals: -------------------------------------------
     Atom  i/j   nmr_para   nmr_dia   epr_rmc  epr_para   epr_dia
       C   1 1   0.83E+03  0.17E-01  0.93E+01  0.24E+08  0.24E+03
       C   2 1   0.86E+03 -0.61E-01  0.94E+01  0.25E+08  0.25E+03
       C   2 2   0.90E+03 -0.15E+00  0.97E+01  0.26E+08  0.26E+03
       C   3 3   0.33E+01  0.34E+00  0.18E+01  0.55E+03  0.21E+02
       C   4 3   0.35E+01  0.37E+00  0.20E+01  0.59E+03  0.22E+02
       C   4 4   0.38E+01  0.39E+00  0.22E+01  0.63E+03  0.24E+02
       Cl  1 1   0.14E+04 -0.47E+00  0.84E+01  0.32E+09  0.42E+03
       Cl  2 1   0.21E+04 -0.37E+00  0.12E+02  0.49E+09  0.65E+03
       Cl  2 2   0.33E+04 -0.16E+00  0.21E+02  0.76E+09  0.10E+04
       Cl  3 3   0.21E+02  0.79E-01  0.89E+01  0.23E+05  0.13E+03
       Cl  4 3   0.24E+02  0.67E-01  0.99E+01  0.27E+05  0.15E+03
       Cl  4 4   0.28E+02  0.44E-01  0.11E+02  0.32E+05  0.18E+03
       Cl  5 5   0.77E+00  0.19E+00  0.18E+01  0.12E+03  0.22E+02
       Cl  6 5   0.80E+00  0.19E+00  0.19E+01  0.12E+03  0.23E+02
       Cl  6 6   0.83E+00  0.20E+00  0.19E+01  0.12E+03  0.23E+02
       H   1 1   0.39E+02  0.19E+00  0.29E+00  0.78E+05  0.13E+02
       H   2 1   0.41E+02  0.21E+00  0.32E+00  0.82E+05  0.14E+02
       H   2 2   0.43E+02  0.22E+00  0.36E+00  0.86E+05  0.15E+02
     ------------------------------------------------------------

     alpha_pv=     34.2270 eV

     Number of occupied bands for each k-point:
     k-point:     1    nbnd_occ=  42
     k-point:     2    nbnd_occ=  42
     k-point:     3    nbnd_occ=  42
     k-point:     4    nbnd_occ=  42
     k-point:     5    nbnd_occ=  42
     k-point:     6    nbnd_occ=  42
     k-point:     7    nbnd_occ=  42
     k-point:     8    nbnd_occ=  42
     k-point:     9    nbnd_occ=  42
     k-point:    10    nbnd_occ=  42
     k-point:    11    nbnd_occ=  42
     k-point:    12    nbnd_occ=  42
     k-point:    13    nbnd_occ=  42
     k-point:    14    nbnd_occ=  42
     k-point:    15    nbnd_occ=  42
     k-point:    16    nbnd_occ=  42


     q-space interpolation up to   110.00 Rydberg

     GIPAW job: efg                                                                             


     ELECTRIC FIELD GRADIENTS TENSORS IN Hartree/bohrradius^2:

     ----- bare term -----
     Cl   1       -0.279900        0.302640        0.091532
     Cl   1        0.302640        0.011875       -0.132067
     Cl   1        0.091532       -0.132067        0.268024

     C    2       -0.016187       -0.373077       -0.414835
     C    2       -0.373077       -0.004479       -0.722078
     C    2       -0.414835       -0.722078        0.020667

     C    3       -0.441666        0.325273        0.073738
     C    3        0.325273        0.045793       -0.289159
     C    3        0.073738       -0.289159        0.395873

     H    4       -0.221548       -0.473751       -0.121896
     H    4       -0.473751       -0.090263        0.170370
     H    4       -0.121896        0.170370        0.311811

     C    5       -0.170538       -0.295204       -0.395038
     C    5       -0.295204        0.026802       -0.567750
     C    5       -0.395038       -0.567750        0.143735

     H    6        0.392712        0.140700       -0.030848
     H    6        0.140700       -0.723055       -0.289285
     H    6       -0.030848       -0.289285        0.330343

     H    7       -0.027106       -0.039250        0.377350
     H    7       -0.039250        0.160440        0.322963
     H    7        0.377350        0.322963       -0.133333

     C    8       -0.213881       -0.007017       -0.380765
     C    8       -0.007017        0.285122        0.167613
     C    8       -0.380765        0.167613       -0.071241

     H    9        0.059762        0.096833       -0.192447
     H    9        0.096833        0.506068       -0.010974
     H    9       -0.192447       -0.010974       -0.565830

     C   10        0.077268       -0.313081        0.132492
     C   10       -0.313081       -0.248298        0.099733
     C   10        0.132492        0.099733        0.171029

     C   11       -0.158460       -0.148064       -0.544450
     C   11       -0.148064       -0.062914        0.490725
     C   11       -0.544450        0.490725        0.221374

     Cl  12       -0.188819       -0.105452       -0.062768
     Cl  12       -0.105452       -0.123517       -0.029921
     Cl  12       -0.062768       -0.029921        0.312336

     H   13        0.321961       -0.045855       -0.180322
     H   13       -0.045855       -0.357593       -0.512543
     H   13       -0.180322       -0.512543        0.035632

     C   14       -0.444547        0.318466       -0.204123
     C   14        0.318466        0.042241       -0.278859
     C   14       -0.204123       -0.278859        0.402307

     H   15       -0.611962       -0.292357       -0.261545
     H   15       -0.292357        0.342593       -0.139989
     H   15       -0.261545       -0.139989        0.269369

     C   16        0.065530       -0.158022       -0.434632
     C   16       -0.158022       -0.310872       -0.528591
     C   16       -0.434632       -0.528591        0.245341

     C   17       -0.297437        0.343939       -0.366057
     C   17        0.343939       -0.157527       -0.272423
     C   17       -0.366057       -0.272423        0.454964

     Cl  18       -0.120732       -0.031438        0.157230
     Cl  18       -0.031438        0.152249       -0.012364
     Cl  18        0.157230       -0.012364       -0.031517

     H   19        0.408110        0.045626       -0.026204
     H   19        0.045626       -0.437137        0.575822
     H   19       -0.026204        0.575822        0.029027

     C   20       -0.159545       -0.371371       -0.211251
     C   20       -0.371371       -0.152433        0.456434
     C   20       -0.211251        0.456434        0.311978

     H   21       -0.085599        0.284577       -0.547832
     H   21        0.284577        0.270164        0.405297
     H   21       -0.547832        0.405297       -0.184565

     C   22       -0.657289       -0.351842       -0.285045
     C   22       -0.351842        0.173955        0.068486
     C   22       -0.285045        0.068486        0.483334

     C   23        0.079915       -0.581898        0.108011
     C   23       -0.581898       -0.439193        0.408825
     C   23        0.108011        0.408825        0.359278

     Cl  24       -0.067690       -0.002717       -0.098106
     Cl  24       -0.002717        0.059884        0.008298
     Cl  24       -0.098106        0.008298        0.007807

     ----- ionic term -----
     Cl   1        0.133614       -0.204260       -0.017848
     Cl   1       -0.204260        0.015128        0.023468
     Cl   1       -0.017848        0.023468       -0.148741

     C    2        0.196469       -0.108798        0.199254
     C    2       -0.108798        0.194711        0.429847
     C    2        0.199254        0.429847       -0.391181

     C    3        0.273988       -0.211065        0.079551
     C    3       -0.211065        0.182506        0.389048
     C    3        0.079551        0.389048       -0.456494

     H    4        0.804433        0.349749        0.523602
     H    4        0.349749       -0.425964        0.202744
     H    4        0.523602        0.202744       -0.378469

     C    5        0.385755       -0.122997        0.111806
     C    5       -0.122997        0.054528        0.344795
     C    5        0.111806        0.344795       -0.440283

     H    6       -0.525045        0.097524        0.034320
     H    6        0.097524        0.698359        0.706913
     H    6        0.034320        0.706913       -0.173314

     H    7       -0.520520        0.134963       -0.081204
     H    7        0.134963        0.472018       -0.760280
     H    7       -0.081204       -0.760280        0.048503

     C    8        0.130819        0.292907        0.299760
     C    8        0.292907       -0.012141       -0.276588
     C    8        0.299760       -0.276588       -0.118678

     H    9        0.429979       -0.294578        0.720901
     H    9       -0.294578       -0.401801       -0.310820
     H    9        0.720901       -0.310820       -0.028178

     C   10        0.106036        0.354928        0.178332
     C   10        0.354928        0.070405       -0.378301
     C   10        0.178332       -0.378301       -0.176441

     C   11        0.232352        0.282733        0.262998
     C   11        0.282733       -0.057335       -0.385940
     C   11        0.262998       -0.385940       -0.175017

     Cl  12        0.213034        0.223463        0.055612
     Cl  12        0.223463       -0.070549        0.019070
     Cl  12        0.055612        0.019070       -0.142485

     H   13       -0.511923        0.032722        0.040867
     H   13        0.032722        0.636994        0.725729
     H   13        0.040867        0.725729       -0.125071

     C   14        0.312089       -0.143906        0.191252
     C   14       -0.143906        0.036945        0.355447
     C   14        0.191252        0.355447       -0.349034

     H   15        0.480619        0.444682        0.608363
     H   15        0.444682       -0.352330        0.347807
     H   15        0.608363        0.347807       -0.128290

     C   16        0.141149       -0.188497        0.106818
     C   16       -0.188497        0.144270        0.475575
     C   16        0.106818        0.475575       -0.285419

     C   17        0.280651       -0.070563        0.109991
     C   17       -0.070563        0.058004        0.457598
     C   17        0.109991        0.457598       -0.338655

     Cl  18        0.158500       -0.205184       -0.048622
     Cl  18       -0.205184       -0.028992        0.014581
     Cl  18       -0.048622        0.014581       -0.129508

     H   19       -0.517013        0.062641       -0.027756
     H   19        0.062641        0.519817       -0.764179
     H   19       -0.027756       -0.764179       -0.002805

     C   20        0.238700        0.236121        0.331194
     C   20        0.236121       -0.009785       -0.270643
     C   20        0.331194       -0.270643       -0.228915

     H   21        0.498461       -0.300638        0.680027
     H   21       -0.300638       -0.440564       -0.273999
     H   21        0.680027       -0.273999       -0.057897

     C   22        0.150467        0.305839        0.235601
     C   22        0.305839        0.117353       -0.323304
     C   22        0.235601       -0.323304       -0.267819

     C   23        0.092329        0.275062        0.317933
     C   23        0.275062        0.057892       -0.348949
     C   23        0.317933       -0.348949       -0.150221

     Cl  24        0.133538        0.224148        0.043556
     Cl  24        0.224148        0.011958        0.029068
     Cl  24        0.043556        0.029068       -0.145496

     ----- GIPAW term -----
     Cl   1       -0.650905       -1.469333        1.138216
     Cl   1       -1.469333        0.317521       -2.021211
     Cl   1        1.138216       -2.021211        0.333384

     C    2        0.000145       -0.251165       -0.029303
     C    2       -0.251165        0.155888       -0.137528
     C    2       -0.029303       -0.137528       -0.156033

     C    3       -0.106691       -0.081037        0.077439
     C    3       -0.081037        0.135506       -0.119605
     C    3        0.077439       -0.119605       -0.028815

     H    4       -0.000000        0.000000        0.000000
     H    4        0.000000        0.000000        0.000000
     H    4        0.000000        0.000000        0.000000

     C    5       -0.015639       -0.217922       -0.022286
     C    5       -0.217922        0.123764       -0.162352
     C    5       -0.022286       -0.162352       -0.108125

     H    6       -0.000000        0.000000        0.000000
     H    6        0.000000        0.000000        0.000000
     H    6        0.000000        0.000000        0.000000

     H    7       -0.000000        0.000000        0.000000
     H    7        0.000000        0.000000        0.000000
     H    7        0.000000        0.000000        0.000000

     C    8        0.098411       -0.061947       -0.050714
     C    8       -0.061947       -0.006947        0.011982
     C    8       -0.050714        0.011982       -0.091464

     H    9       -0.000000        0.000000        0.000000
     H    9        0.000000        0.000000        0.000000
     H    9        0.000000        0.000000        0.000000

     C   10        0.037890       -0.023726       -0.001926
     C   10       -0.023726       -0.034297       -0.004544
     C   10       -0.001926       -0.004544       -0.003593

     C   11        0.031366       -0.027925       -0.190336
     C   11       -0.027925        0.008807        0.175087
     C   11       -0.190336        0.175087       -0.040173

     Cl  12       -0.514781        1.532783       -0.609349
     Cl  12        1.532783       -1.295863       -0.348076
     Cl  12       -0.609349       -0.348076        1.810645

     H   13       -0.000000        0.000000        0.000000
     H   13        0.000000        0.000000        0.000000
     H   13        0.000000        0.000000        0.000000

     C   14       -0.017282       -0.092936        0.004216
     C   14       -0.092936        0.060790       -0.044595
     C   14        0.004216       -0.044595       -0.043509

     H   15       -0.000000        0.000000        0.000000
     H   15        0.000000        0.000000        0.000000
     H   15        0.000000        0.000000        0.000000

     C   16        0.075154       -0.176341       -0.196914
     C   16       -0.176341       -0.057743       -0.001121
     C   16       -0.196914       -0.001121       -0.017412

     C   17        0.097438       -0.091350       -0.209195
     C   17       -0.091350       -0.112628        0.023409
     C   17       -0.209195        0.023409        0.015190

     Cl  18        0.894559       -0.593063       -1.656058
     Cl  18       -0.593063       -0.691682       -0.926462
     Cl  18       -1.656058       -0.926462       -0.202877

     H   19       -0.000000        0.000000        0.000000
     H   19        0.000000        0.000000        0.000000
     H   19        0.000000        0.000000        0.000000

     C   20       -0.003676       -0.166117       -0.021978
     C   20       -0.166117        0.040702        0.105273
     C   20       -0.021978        0.105273       -0.037026

     H   21       -0.000000        0.000000        0.000000
     H   21        0.000000        0.000000        0.000000
     H   21        0.000000        0.000000        0.000000

     C   22       -0.207466       -0.123359        0.034525
     C   22       -0.123359        0.078026       -0.165006
     C   22        0.034525       -0.165006        0.129440

     C   23        0.126312       -0.150607        0.166803
     C   23       -0.150607       -0.081831       -0.066996
     C   23        0.166803       -0.066996       -0.044481

     Cl  24        0.677963        0.220512        1.564902
     Cl  24        0.220512       -0.447936       -1.340880
     Cl  24        1.564902       -1.340880       -0.230027

     ----- total EFG -----
     Cl   1       -0.797191       -1.370953        1.211900
     Cl   1       -1.370953        0.344524       -2.129810
     Cl   1        1.211900       -2.129810        0.452667

     C    2        0.180427       -0.733040       -0.244885
     C    2       -0.733040        0.346120       -0.429759
     C    2       -0.244885       -0.429759       -0.526547

     C    3       -0.274370        0.033172        0.230728
     C    3        0.033172        0.363806       -0.019715
     C    3        0.230728       -0.019715       -0.089436

     H    4        0.582885       -0.124002        0.401706
     H    4       -0.124002       -0.516227        0.373114
     H    4        0.401706        0.373114       -0.066659

     C    5        0.199579       -0.636123       -0.305518
     C    5       -0.636123        0.205094       -0.385307
     C    5       -0.305518       -0.385307       -0.404673

     H    6       -0.132333        0.238224        0.003472
     H    6        0.238224       -0.024696        0.417628
     H    6        0.003472        0.417628        0.157029

     H    7       -0.547627        0.095714        0.296146
     H    7        0.095714        0.632457       -0.437318
     H    7        0.296146       -0.437318       -0.084830

     C    8        0.015349        0.223944       -0.131719
     C    8        0.223944        0.266034       -0.096994
     C    8       -0.131719       -0.096994       -0.281383

     H    9        0.489741       -0.197746        0.528455
     H    9       -0.197746        0.104267       -0.321794
     H    9        0.528455       -0.321794       -0.594008

     C   10        0.221195        0.018121        0.308898
     C   10        0.018121       -0.212190       -0.283112
     C   10        0.308898       -0.283112       -0.009005

     C   11        0.105258        0.106743       -0.471789
     C   11        0.106743       -0.111442        0.279873
     C   11       -0.471789        0.279873        0.006183

     Cl  12       -0.490567        1.650794       -0.616505
     Cl  12        1.650794       -1.489929       -0.358926
     Cl  12       -0.616505       -0.358926        1.980496

     H   13       -0.189962       -0.013132       -0.139455
     H   13       -0.013132        0.279400        0.213185
     H   13       -0.139455        0.213185       -0.089438

     C   14       -0.149740        0.081624       -0.008655
     C   14        0.081624        0.139977        0.031993
     C   14       -0.008655        0.031993        0.009764

     H   15       -0.131343        0.152325        0.346818
     H   15        0.152325       -0.009737        0.207818
     H   15        0.346818        0.207818        0.141080

     C   16        0.281834       -0.522860       -0.524728
     C   16       -0.522860       -0.224345       -0.054137
     C   16       -0.524728       -0.054137       -0.057489

     C   17        0.080652        0.182026       -0.465261
     C   17        0.182026       -0.212152        0.208584
     C   17       -0.465261        0.208584        0.131499

     Cl  18        0.932328       -0.829685       -1.547450
     Cl  18       -0.829685       -0.568425       -0.924245
     Cl  18       -1.547450       -0.924245       -0.363902

     H   19       -0.108902        0.108266       -0.053960
     H   19        0.108266        0.082680       -0.188357
     H   19       -0.053960       -0.188357        0.026223

     C   20        0.075479       -0.301367        0.097966
     C   20       -0.301367       -0.121516        0.291064
     C   20        0.097966        0.291064        0.046037

     H   21        0.412862       -0.016061        0.132195
     H   21       -0.016061       -0.170400        0.131298
     H   21        0.132195        0.131298       -0.242462

     C   22       -0.714289       -0.169362       -0.014919
     C   22       -0.169362        0.369334       -0.419824
     C   22       -0.014919       -0.419824        0.344955

     C   23        0.298556       -0.457443        0.592747
     C   23       -0.457443       -0.463132       -0.007120
     C   23        0.592747       -0.007120        0.164576

     Cl  24        0.743811        0.441943        1.510352
     Cl  24        0.441943       -0.376094       -1.303514
     Cl  24        1.510352       -1.303514       -0.367716

     ----- total EFG (symmetrized) -----
     Cl   1       -0.797191       -1.370953        1.211900
     Cl   1       -1.370953        0.344524       -2.129810
     Cl   1        1.211900       -2.129810        0.452667

     C    2        0.180427       -0.733040       -0.244885
     C    2       -0.733040        0.346120       -0.429759
     C    2       -0.244885       -0.429759       -0.526547

     C    3       -0.274370        0.033172        0.230728
     C    3        0.033172        0.363806       -0.019715
     C    3        0.230728       -0.019715       -0.089436

     H    4        0.582885       -0.124002        0.401706
     H    4       -0.124002       -0.516227        0.373114
     H    4        0.401706        0.373114       -0.066659

     C    5        0.199579       -0.636123       -0.305518
     C    5       -0.636123        0.205094       -0.385307
     C    5       -0.305518       -0.385307       -0.404673

     H    6       -0.132333        0.238224        0.003472
     H    6        0.238224       -0.024696        0.417628
     H    6        0.003472        0.417628        0.157029

     H    7       -0.547627        0.095714        0.296146
     H    7        0.095714        0.632457       -0.437318
     H    7        0.296146       -0.437318       -0.084830

     C    8        0.015349        0.223944       -0.131719
     C    8        0.223944        0.266034       -0.096994
     C    8       -0.131719       -0.096994       -0.281383

     H    9        0.489741       -0.197746        0.528455
     H    9       -0.197746        0.104267       -0.321794
     H    9        0.528455       -0.321794       -0.594008

     C   10        0.221195        0.018121        0.308898
     C   10        0.018121       -0.212190       -0.283112
     C   10        0.308898       -0.283112       -0.009005

     C   11        0.105258        0.106743       -0.471789
     C   11        0.106743       -0.111442        0.279873
     C   11       -0.471789        0.279873        0.006183

     Cl  12       -0.490567        1.650794       -0.616505
     Cl  12        1.650794       -1.489929       -0.358926
     Cl  12       -0.616505       -0.358926        1.980496

     H   13       -0.189962       -0.013132       -0.139455
     H   13       -0.013132        0.279400        0.213185
     H   13       -0.139455        0.213185       -0.089438

     C   14       -0.149740        0.081624       -0.008655
     C   14        0.081624        0.139977        0.031993
     C   14       -0.008655        0.031993        0.009764

     H   15       -0.131343        0.152325        0.346818
     H   15        0.152325       -0.009737        0.207818
     H   15        0.346818        0.207818        0.141080

     C   16        0.281834       -0.522860       -0.524728
     C   16       -0.522860       -0.224345       -0.054137
     C   16       -0.524728       -0.054137       -0.057489

     C   17        0.080652        0.182026       -0.465261
     C   17        0.182026       -0.212152        0.208584
     C   17       -0.465261        0.208584        0.131499

     Cl  18        0.932328       -0.829685       -1.547450
     Cl  18       -0.829685       -0.568425       -0.924245
     Cl  18       -1.547450       -0.924245       -0.363902

     H   19       -0.108902        0.108266       -0.053960
     H   19        0.108266        0.082680       -0.188357
     H   19       -0.053960       -0.188357        0.026223

     C   20        0.075479       -0.301367        0.097966
     C   20       -0.301367       -0.121516        0.291064
     C   20        0.097966        0.291064        0.046037

     H   21        0.412862       -0.016061        0.132195
     H   21       -0.016061       -0.170400        0.131298
     H   21        0.132195        0.131298       -0.242462

     C   22       -0.714289       -0.169362       -0.014919
     C   22       -0.169362        0.369334       -0.419824
     C   22       -0.014919       -0.419824        0.344955

     C   23        0.298556       -0.457443        0.592747
     C   23       -0.457443       -0.463132       -0.007120
     C   23        0.592747       -0.007120        0.164576

     Cl  24        0.743811        0.441943        1.510352
     Cl  24        0.441943       -0.376094       -1.303514
     Cl  24        1.510352       -1.303514       -0.367716


     NQR/NMR SPECTROSCOPIC PARAMETERS:
     Cl   1    Vxx=   -1.5278    axis=(  0.779910 -0.126262 -0.613024)
     Cl   1    Vyy=   -1.8077    axis=( -0.477877 -0.752640 -0.452953)
     Cl   1    Vzz=    3.3355    axis=( -0.404196  0.646213 -0.647329)
     Cl   1  Q=        -8.1650 1e-30 m^2  Cq=       -63.9903 MHz  eta= 0.08391

     C    2    Vxx=   -0.0419    axis=(  0.613125  0.411274 -0.674486)
     C    2    Vyy=   -0.9768    axis=(  0.469340  0.497138  0.729776)
     C    2    Vzz=    1.0187    axis=( -0.635450  0.764008 -0.111780)
     C    2  Q=         1.0000 1e-30 m^2  Cq=         2.3935 MHz  eta= 0.91775

     C    3    Vxx=    0.0666    axis=(  0.559858 -0.007525  0.828554)
     C    3    Vyy=    0.3657    axis=( -0.044254 -0.998803  0.020832)
     C    3    Vzz=   -0.4323    axis=(  0.827406 -0.048330 -0.559521)
     C    3  Q=         1.0000 1e-30 m^2  Cq=        -1.0158 MHz  eta= 0.69169

     H    4    Vxx=    0.0224    axis=(  0.383634 -0.583890 -0.715470)
     H    4    Vyy=    0.7768    axis=( -0.894564 -0.042593 -0.444905)
     H    4    Vzz=   -0.7992    axis=(  0.229301  0.810715 -0.538667)
     H    4  Q=         1.0000 1e-30 m^2  Cq=        -1.8778 MHz  eta= 0.94384

     C    5    Vxx=    0.0671    axis=( -0.531565 -0.454075  0.715021)
     C    5    Vyy=    0.8416    axis=( -0.689685  0.722080 -0.054171)
     C    5    Vzz=   -0.9087    axis=( -0.491704 -0.521935 -0.697001)
     C    5  Q=         1.0000 1e-30 m^2  Cq=        -2.1352 MHz  eta= 0.85222

     H    6    Vxx=   -0.0618    axis=( -0.830485 -0.253109  0.496216)
     H    6    Vyy=   -0.4688    axis=( -0.504482  0.719484 -0.477327)
     H    6    Vzz=    0.5306    axis=(  0.236204  0.646745  0.725209)
     H    6  Q=         1.0000 1e-30 m^2  Cq=         1.2467 MHz  eta= 0.76704

     H    7    Vxx=   -0.0861    axis=(  0.554299  0.377578  0.741746)
     H    7    Vyy=   -0.7545    axis=(  0.831748 -0.218338 -0.510415)
     H    7    Vzz=    0.8406    axis=(  0.030770 -0.899868  0.435075)
     H    7  Q=         1.0000 1e-30 m^2  Cq=         1.9751 MHz  eta= 0.79507

     C    8    Vxx=   -0.0978    axis=(  0.786076 -0.555942 -0.270210)
     C    8    Vyy=   -0.3317    axis=( -0.340666 -0.024878 -0.939855)
     C    8    Vzz=    0.4294    axis=(  0.515783  0.830849 -0.208946)
     C    8  Q=         1.0000 1e-30 m^2  Cq=         1.0090 MHz  eta= 0.54475

     H    9    Vxx=    0.0272    axis=(  0.458111  0.886186 -0.069344)
     H    9    Vyy=    0.8368    axis=(  0.828243 -0.397230  0.395250)
     H    9    Vzz=   -0.8640    axis=(  0.322720 -0.238502 -0.915952)
     H    9  Q=         1.0000 1e-30 m^2  Cq=        -2.0300 MHz  eta= 0.93698

     C   10    Vxx=    0.0010    axis=(  0.591596  0.661778 -0.460505)
     C   10    Vyy=    0.4716    axis=( -0.747816  0.236949 -0.620183)
     C   10    Vzz=   -0.4726    axis=( -0.301307  0.711270  0.635066)
     C   10  Q=         1.0000 1e-30 m^2  Cq=        -1.1105 MHz  eta= 0.99570

     C   11    Vxx=    0.0365    axis=( -0.480328 -0.837796 -0.259584)
     C   11    Vyy=    0.5502    axis=( -0.694387  0.182430  0.696094)
     C   11    Vzz=   -0.5866    axis=(  0.535828 -0.514605  0.669380)
     C   11  Q=         1.0000 1e-30 m^2  Cq=        -1.3784 MHz  eta= 0.87565

     Cl  12    Vxx=    0.4140    axis=(  0.725495  0.551379  0.411871)
     Cl  12    Vyy=    2.3023    axis=( -0.339406 -0.233975  0.911076)
     Cl  12    Vzz=   -2.7164    axis=( -0.598716  0.800773 -0.017393)
     Cl  12  Q=        -8.1650 1e-30 m^2  Cq=        52.1125 MHz  eta= 0.69515

     H   13    Vxx=   -0.0723    axis=(  0.682641  0.397261 -0.613339)
     H   13    Vyy=   -0.3134    axis=( -0.719795  0.220727 -0.658160)
     H   13    Vzz=    0.3858    axis=( -0.126081  0.890766  0.436624)
     H   13  Q=         1.0000 1e-30 m^2  Cq=         0.9064 MHz  eta= 0.62512

     C   14    Vxx=    0.0060    axis=( -0.134144 -0.152086  0.979222)
     C   14    Vyy=    0.1667    axis=( -0.241002 -0.953478 -0.181103)
     C   14    Vzz=   -0.1727    axis=(  0.961209 -0.260288  0.091250)
     C   14  Q=         1.0000 1e-30 m^2  Cq=        -0.4057 MHz  eta= 0.93073

     H   15    Vxx=   -0.1380    axis=( -0.223178  0.894068 -0.388375)
     H   15    Vyy=   -0.3680    axis=( -0.832177  0.032725  0.553543)
     H   15    Vzz=    0.5061    axis=(  0.507615  0.446735  0.736719)
     H   15  Q=         1.0000 1e-30 m^2  Cq=         1.1890 MHz  eta= 0.45448

     C   16    Vxx=   -0.0828    axis=(  0.104353 -0.667307  0.737436)
     C   16    Vyy=   -0.7416    axis=( -0.583214 -0.641669 -0.498118)
     C   16    Vzz=    0.8244    axis=( -0.805588  0.378103  0.456143)
     C   16  Q=         1.0000 1e-30 m^2  Cq=         1.9369 MHz  eta= 0.79923

     C   17    Vxx=   -0.0015    axis=(  0.467312  0.792228  0.392421)
     C   17    Vyy=   -0.5716    axis=(  0.566184 -0.609081  0.555388)
     C   17    Vzz=    0.5730    axis=(  0.679010 -0.037357 -0.733178)
     C   17  Q=         1.0000 1e-30 m^2  Cq=         1.3464 MHz  eta= 0.99490

     Cl  18    Vxx=    0.3028    axis=(  0.251400 -0.806716  0.534797)
     Cl  18    Vyy=    1.9771    axis=( -0.846302  0.084896  0.525895)
     Cl  18    Vzz=   -2.2800    axis=( -0.469650 -0.584810 -0.661382)
     Cl  18  Q=        -8.1650 1e-30 m^2  Cq=        43.7405 MHz  eta= 0.73435

     H   19    Vxx=   -0.1114    axis=(  0.623186  0.337166  0.705662)
     H   19    Vyy=   -0.1690    axis=( -0.726416  0.583846  0.362552)
     H   19    Vzz=    0.2804    axis=( -0.289758 -0.738541  0.608767)
     H   19  Q=         1.0000 1e-30 m^2  Cq=         0.6589 MHz  eta= 0.20527

     C   20    Vxx=    0.1574    axis=( -0.662902 -0.062342 -0.746106)
     C   20    Vyy=    0.3430    axis=( -0.583154  0.667985  0.462307)
     C   20    Vzz=   -0.5004    axis=(  0.469567  0.741559 -0.479164)
     C   20  Q=         1.0000 1e-30 m^2  Cq=        -1.1758 MHz  eta= 0.37093

     H   21    Vxx=   -0.0787    axis=(  0.123311 -0.820502 -0.558185)
     H   21    Vyy=   -0.3600    axis=( -0.149882 -0.571424  0.806852)
     H   21    Vzz=    0.4387    axis=( -0.980984 -0.015832 -0.193442)
     H   21  Q=         1.0000 1e-30 m^2  Cq=         1.0307 MHz  eta= 0.64135

     C   22    Vxx=   -0.0389    axis=( -0.183173  0.666874  0.722306)
     C   22    Vyy=   -0.7466    axis=( -0.980228 -0.179823 -0.082558)
     C   22    Vzz=    0.7855    axis=(  0.074832 -0.723147  0.686628)
     C   22  Q=         1.0000 1e-30 m^2  Cq=         1.8456 MHz  eta= 0.90104

     C   23    Vxx=   -0.1559    axis=( -0.388369  0.561246  0.730871)
     C   23    Vyy=   -0.7634    axis=( -0.522021 -0.787589  0.327410)
     C   23    Vzz=    0.9192    axis=(  0.759383 -0.254374  0.598858)
     C   23  Q=         1.0000 1e-30 m^2  Cq=         2.1598 MHz  eta= 0.66088

     Cl  24    Vxx=    0.4492    axis=(  0.507140  0.795480 -0.331693)
     Cl  24    Vyy=    1.8824    axis=( -0.748393  0.215578 -0.627243)
     Cl  24    Vzz=   -2.3315    axis=( -0.427454  0.566337  0.704660)
     Cl  24  Q=        -8.1650 1e-30 m^2  Cq=        44.7296 MHz  eta= 0.61469

     Initialization:
     gipaw_setup  :      9.19s CPU     10.95s WALL (       1 calls)

     Linear response

     Apply operators

     Induced current

     Other routines
     efg          :      9.43s CPU     12.22s WALL (       1 calls)

     General routines
     calbec       :      3.29s CPU      4.38s WALL (      16 calls)
     fft          :      1.58s CPU      2.28s WALL (      15 calls)
     ffts         :      0.04s CPU      0.04s WALL (       2 calls)
     fftw         :      3.33s CPU      4.33s WALL (     672 calls)
     davcio       :      0.01s CPU      0.31s WALL (      32 calls)

     Parallel routines
     fft_scatter  :      2.39s CPU      3.78s WALL (     689 calls)

     Plugins

     GIPAW        :     60.53s CPU     72.94s WALL (       1 calls)
