
     Program QE v.6.0 (svn rev. 13079) starts on 12Jan2017 at  6:46:10 

     This program is part of the open-source Quantum ESPRESSO suite
     for quantum simulation of materials; please cite
         "P. Giannozzi et al., J. Phys.:Condens. Matter 21 395502 (2009);
          URL http://www.quantum-espresso.org", 
     in publications or presentations arising from this work. More details at
     http://www.quantum-espresso.org/quote

     Parallel version (MPI), running on     8 processors
     R & G space division:  proc/nbgrp/npool/nimage =       8

     ***** This is GIPAW svn revision unknown      *****

     Parallelizing q-star over 1 images

     Reading data from directory:
     /users/majewski/paradichlorobenzene/pbe/9_constraint/scratch/pbe.ecut100.np8.dt60.pcl2phi-129368.save
     Message from routine read_xml_file:
     file /users/majewski/paradichlorobenzene/pbe/9_constraint/scratch/pbe.ecut100.np8.dt60.pcl2phi-129368.save not guaranteed to be safe for post-processing

   Info: using nr1, nr2, nr3 values from input

   Info: using nr1, nr2, nr3 values from input

     IMPORTANT: XC functional enforced from input :
     Exchange-correlation      =  SLA  PW   PBX  PBC ( 1  4  3  4 0 0)
     Any further DFT definition will be discarded
     Please, verify this is what you really want

               file C.pbe-n-kjpaw_psl.1.0.0.UPF: wavefunction(s)  2S 2P renormalized
               file Cl.pbe-n-kjpaw_psl.1.0.0.UPF: wavefunction(s)  3S 3P renormalized
               file H.pbe-kjpaw_psl.1.0.0.UPF: wavefunction(s)  1S renormalized

     Parallelization info
     --------------------
     sticks:   dense  smooth     PW     G-vecs:    dense   smooth      PW
     Min        3057    1223    332               144436    36536    5170
     Max        3059    1225    333               144437    36537    5171
     Sum       24467    9791   2657              1155489   292295   41363


     Subspace diagonalization in iterative solution of the eigenvalue problem:
     a serial algorithm will be used

     GIPAW projectors -----------------------------------------------
     atom=  C    l=0  rc=    1.2000  rs=    0.8000
     atom=  C    l=0  rc=    1.2000  rs=    0.8000
     atom=  C    l=1  rc=    1.4000  rs=    0.9333
     atom=  C    l=1  rc=    1.4000  rs=    0.9333
     projs nearly linearly dependent: l=1  n1,n2= 1, 2  s=  0.99951561

     atom=  Cl   l=0  rc=    1.6000  rs=    1.0667
     atom=  Cl   l=0  rc=    1.6000  rs=    1.0667
     atom=  Cl   l=1  rc=    1.6000  rs=    1.0667
     atom=  Cl   l=1  rc=    1.6000  rs=    1.0667
     atom=  Cl   l=2  rc=    1.6000  rs=    1.0667
     atom=  Cl   l=2  rc=    1.6000  rs=    1.0667
     projs nearly linearly dependent: l=2  n1,n2= 1, 2  s=  0.99993509

     atom=  H    l=0  rc=    1.0000  rs=    0.6667
     atom=  H    l=0  rc=    1.0000  rs=    0.6667
     projs nearly linearly dependent: l=0  n1,n2= 1, 2  s=  0.99968852
     -----------------------------------------------------------------

     GIPAW integrals: -------------------------------------------
     Atom  i/j   nmr_para   nmr_dia   epr_rmc  epr_para   epr_dia
       C   1 1   0.83E+03  0.17E-01  0.93E+01  0.24E+08  0.24E+03
       C   2 1   0.86E+03 -0.61E-01  0.94E+01  0.25E+08  0.25E+03
       C   2 2   0.90E+03 -0.15E+00  0.97E+01  0.26E+08  0.26E+03
       C   3 3   0.33E+01  0.34E+00  0.18E+01  0.55E+03  0.21E+02
       C   4 3   0.35E+01  0.37E+00  0.20E+01  0.59E+03  0.22E+02
       C   4 4   0.38E+01  0.39E+00  0.22E+01  0.63E+03  0.24E+02
       Cl  1 1   0.14E+04 -0.47E+00  0.84E+01  0.32E+09  0.42E+03
       Cl  2 1   0.21E+04 -0.37E+00  0.12E+02  0.49E+09  0.65E+03
       Cl  2 2   0.33E+04 -0.16E+00  0.21E+02  0.76E+09  0.10E+04
       Cl  3 3   0.21E+02  0.79E-01  0.89E+01  0.23E+05  0.13E+03
       Cl  4 3   0.24E+02  0.67E-01  0.99E+01  0.27E+05  0.15E+03
       Cl  4 4   0.28E+02  0.44E-01  0.11E+02  0.32E+05  0.18E+03
       Cl  5 5   0.77E+00  0.19E+00  0.18E+01  0.12E+03  0.22E+02
       Cl  6 5   0.80E+00  0.19E+00  0.19E+01  0.12E+03  0.23E+02
       Cl  6 6   0.83E+00  0.20E+00  0.19E+01  0.12E+03  0.23E+02
       H   1 1   0.39E+02  0.19E+00  0.29E+00  0.78E+05  0.13E+02
       H   2 1   0.41E+02  0.21E+00  0.32E+00  0.82E+05  0.14E+02
       H   2 2   0.43E+02  0.22E+00  0.36E+00  0.86E+05  0.15E+02
     ------------------------------------------------------------

     alpha_pv=     34.4085 eV

     Number of occupied bands for each k-point:
     k-point:     1    nbnd_occ=  42
     k-point:     2    nbnd_occ=  42
     k-point:     3    nbnd_occ=  42
     k-point:     4    nbnd_occ=  42
     k-point:     5    nbnd_occ=  42
     k-point:     6    nbnd_occ=  42
     k-point:     7    nbnd_occ=  42
     k-point:     8    nbnd_occ=  42
     k-point:     9    nbnd_occ=  42
     k-point:    10    nbnd_occ=  42
     k-point:    11    nbnd_occ=  42
     k-point:    12    nbnd_occ=  42
     k-point:    13    nbnd_occ=  42
     k-point:    14    nbnd_occ=  42
     k-point:    15    nbnd_occ=  42
     k-point:    16    nbnd_occ=  42


     q-space interpolation up to   110.00 Rydberg

     GIPAW job: efg                                                                             


     ELECTRIC FIELD GRADIENTS TENSORS IN Hartree/bohrradius^2:

     ----- bare term -----
     Cl   1       -0.041072        0.012559       -0.059235
     Cl   1        0.012559       -0.022486        0.039390
     Cl   1       -0.059235        0.039390        0.063559

     C    2       -0.104246        0.271494       -0.156301
     C    2        0.271494       -0.266196       -0.265135
     C    2       -0.156301       -0.265135        0.370443

     C    3       -0.024587        0.254021       -0.149501
     C    3        0.254021       -0.124822       -0.342327
     C    3       -0.149501       -0.342327        0.149409

     H    4        0.072497       -0.095558       -0.237355
     H    4       -0.095558        0.511353       -0.190355
     H    4       -0.237355       -0.190355       -0.583850

     C    5       -0.533985        0.369008       -0.483100
     C    5        0.369008        0.350097       -0.155610
     C    5       -0.483100       -0.155610        0.183888

     H    6       -0.017663        0.173702       -0.226489
     H    6        0.173702       -0.319912       -0.445201
     H    6       -0.226489       -0.445201        0.337575

     H    7        0.413298        0.111826       -0.231203
     H    7        0.111826       -0.098383        0.533247
     H    7       -0.231203        0.533247       -0.314915

     C    8       -0.174056       -0.289891       -0.191978
     C    8       -0.289891       -0.203228        0.398392
     C    8       -0.191978        0.398392        0.377283

     H    9       -0.355901        0.506563       -0.053446
     H    9        0.506563        0.090819       -0.116721
     H    9       -0.053446       -0.116721        0.265082

     C   10       -0.290901       -0.265090       -0.052525
     C   10       -0.265090       -0.119177        0.377261
     C   10       -0.052525        0.377261        0.410077

     C   11       -0.087404        0.160549       -0.220944
     C   11        0.160549       -0.020226        0.423586
     C   11       -0.220944        0.423586        0.107630

     Cl  12        0.288962       -0.089502        0.168123
     Cl  12       -0.089502        0.036152       -0.602685
     Cl  12        0.168123       -0.602685       -0.325115

     H   13        0.276949        0.235959       -0.144775
     H   13        0.235959       -0.612925        0.014793
     H   13       -0.144775        0.014793        0.335976

     C   14       -0.149429       -0.262819       -0.332007
     C   14       -0.262819       -0.059521       -0.415752
     C   14       -0.332007       -0.415752        0.208950

     H   15        0.063524       -0.108856       -0.268327
     H   15       -0.108856       -0.184557       -0.438915
     H   15       -0.268327       -0.438915        0.121034

     C   16       -0.722392        0.326584       -0.286350
     C   16        0.326584        0.237881       -0.092478
     C   16       -0.286350       -0.092478        0.484512

     C   17        0.125946        0.168345       -0.074456
     C   17        0.168345       -0.336236       -0.466032
     C   17       -0.074456       -0.466032        0.210289

     Cl  18        0.270466        0.168306       -0.114473
     Cl  18        0.168306        0.186015       -0.439445
     Cl  18       -0.114473       -0.439445       -0.456481

     H   19        0.126902        0.000347       -0.336612
     H   19        0.000347       -0.213259        0.455894
     H   19       -0.336612        0.455894        0.086357

     C   20       -0.547605       -0.310813       -0.125827
     C   20       -0.310813        0.170805        0.332572
     C   20       -0.125827        0.332572        0.376800

     H   21       -0.619530        0.084731        0.139145
     H   21        0.084731        0.411011        0.224501
     H   21        0.139145        0.224501        0.208519

     C   22        0.062640        0.132005       -0.259851
     C   22        0.132005       -0.420047        0.430138
     C   22       -0.259851        0.430138        0.357407

     C   23       -0.718011       -0.158797       -0.258098
     C   23       -0.158797        0.107804        0.120440
     C   23       -0.258098        0.120440        0.610207

     Cl  24        0.215291       -0.055421        0.046044
     Cl  24       -0.055421        0.234749        0.129180
     Cl  24        0.046044        0.129180       -0.450040

     ----- ionic term -----
     Cl   1        0.213173       -0.231492        0.039938
     Cl   1       -0.231492       -0.065228       -0.011997
     Cl   1        0.039938       -0.011997       -0.147945

     C    2        0.137819       -0.201474        0.296602
     C    2       -0.201474        0.129899        0.446977
     C    2        0.296602        0.446977       -0.267718

     C    3        0.004094       -0.209901        0.258048
     C    3       -0.209901        0.250160        0.381728
     C    3        0.258048        0.381728       -0.254254

     H    4        0.270441        0.448955        0.661724
     H    4        0.448955       -0.216297        0.415281
     H    4        0.661724        0.415281       -0.054144

     C    5        0.139001       -0.169726        0.381662
     C    5       -0.169726        0.121469        0.208009
     C    5        0.381662        0.208009       -0.260470

     H    6       -0.530198       -0.053805        0.012835
     H    6       -0.053805        0.916415        0.473197
     H    6        0.012835        0.473197       -0.386217

     H    7       -0.503161       -0.120219        0.101600
     H    7       -0.120219        0.384598       -0.805292
     H    7        0.101600       -0.805292        0.118563

     C    8        0.422902        0.097349        0.079791
     C    8        0.097349       -0.118306       -0.398384
     C    8        0.079791       -0.398384       -0.304596

     H    9        0.648921       -0.319535        0.627230
     H    9       -0.319535       -0.497171       -0.258604
     H    9        0.627230       -0.258604       -0.151750

     C   10        0.181865        0.157632        0.026594
     C   10        0.157632        0.053180       -0.511569
     C   10        0.026594       -0.511569       -0.235045

     C   11        0.303996        0.040801        0.079408
     C   11        0.040801        0.015414       -0.470286
     C   11        0.079408       -0.470286       -0.319410

     Cl  12        0.139734        0.177413       -0.064204
     Cl  12        0.177413       -0.017312       -0.035937
     Cl  12       -0.064204       -0.035937       -0.122422

     H   13       -0.494294       -0.085532       -0.022187
     H   13       -0.085532        0.742396        0.627919
     H   13       -0.022187        0.627919       -0.248102

     C   14        0.239458       -0.176508        0.403087
     C   14       -0.176508        0.033798        0.252621
     C   14        0.403087        0.252621       -0.273256

     H   15        0.247484        0.387287        0.701867
     H   15        0.387287       -0.261911        0.401670
     H   15        0.701867        0.401670        0.014427

     C   16        0.104925       -0.238794        0.300724
     C   16       -0.238794        0.199779        0.296041
     C   16        0.300724        0.296041       -0.304704

     C   17        0.087932       -0.208244        0.390952
     C   17       -0.208244        0.169433        0.289600
     C   17        0.390952        0.289600       -0.257365

     Cl  18        0.138492       -0.192997        0.110108
     Cl  18       -0.192997       -0.002445       -0.062921
     Cl  18        0.110108       -0.062921       -0.136047

     H   19       -0.502056       -0.227235        0.116236
     H   19       -0.227235        0.662393       -0.725078
     H   19        0.116236       -0.725078       -0.160338

     C   20        0.326309        0.009511        0.077359
     C   20        0.009511        0.021633       -0.368188
     C   20        0.077359       -0.368188       -0.347942

     H   21        0.703209       -0.428447        0.512821
     H   21       -0.428447       -0.396319       -0.259091
     H   21        0.512821       -0.259091       -0.306889

     C   22        0.138337        0.056429        0.069804
     C   22        0.056429        0.117870       -0.507595
     C   22        0.069804       -0.507595       -0.256207

     C   23        0.291152        0.037214        0.162407
     C   23        0.037214        0.036780       -0.481437
     C   23        0.162407       -0.481437       -0.327932

     Cl  24        0.106964        0.219323       -0.055750
     Cl  24        0.219323        0.018775       -0.037794
     Cl  24       -0.055750       -0.037794       -0.125739

     ----- GIPAW term -----
     Cl   1       -0.416152       -1.641998        0.806991
     Cl   1       -1.641998       -1.354090       -0.487373
     Cl   1        0.806991       -0.487373        1.770242

     C    2       -0.064722       -0.016018       -0.011371
     C    2       -0.016018       -0.058377       -0.110702
     C    2       -0.011371       -0.110702        0.123099

     C    3       -0.061552        0.064324       -0.086128
     C    3        0.064324       -0.013094       -0.133912
     C    3       -0.086128       -0.133912        0.074647

     H    4       -0.000000        0.000000        0.000000
     H    4        0.000000        0.000000        0.000000
     H    4        0.000000        0.000000        0.000000

     C    5        0.004114        0.234115       -0.032395
     C    5        0.234115        0.116661        0.030072
     C    5       -0.032395        0.030072       -0.120775

     H    6       -0.000000        0.000000        0.000000
     H    6        0.000000        0.000000        0.000000
     H    6        0.000000        0.000000        0.000000

     H    7       -0.000000        0.000000        0.000000
     H    7        0.000000        0.000000        0.000000
     H    7        0.000000        0.000000        0.000000

     C    8       -0.039617       -0.098032        0.011255
     C    8       -0.098032       -0.002337        0.011025
     C    8        0.011255        0.011025        0.041955

     H    9       -0.000000        0.000000        0.000000
     H    9        0.000000        0.000000        0.000000
     H    9        0.000000        0.000000        0.000000

     C   10       -0.133785       -0.048237       -0.038124
     C   10       -0.048237        0.020628        0.178453
     C   10       -0.038124        0.178453        0.113156

     C   11       -0.043843        0.057733       -0.022010
     C   11        0.057733        0.009432        0.125141
     C   11       -0.022010        0.125141        0.034411

     Cl  12        0.376183        0.063837       -0.158334
     Cl  12        0.063837       -0.167872       -0.401215
     Cl  12       -0.158334       -0.401215       -0.208311

     H   13       -0.000000        0.000000        0.000000
     H   13        0.000000        0.000000        0.000000
     H   13        0.000000        0.000000        0.000000

     C   14       -0.037043       -0.121049        0.027245
     C   14       -0.121049        0.053357       -0.159508
     C   14        0.027245       -0.159508       -0.016314

     H   15       -0.000000        0.000000        0.000000
     H   15        0.000000        0.000000        0.000000
     H   15        0.000000        0.000000        0.000000

     C   16       -0.153159       -0.054114       -0.047610
     C   16       -0.054114        0.192537        0.057953
     C   16       -0.047610        0.057953       -0.039379

     C   17       -0.052650        0.029202        0.060629
     C   17        0.029202        0.104452        0.159166
     C   17        0.060629        0.159166       -0.051802

     Cl  18        0.198590       -0.146487        0.246590
     Cl  18       -0.146487       -0.092981       -0.168588
     Cl  18        0.246590       -0.168588       -0.105609

     H   19       -0.000000        0.000000        0.000000
     H   19        0.000000        0.000000        0.000000
     H   19        0.000000        0.000000        0.000000

     C   20       -0.103049        0.103541        0.057435
     C   20        0.103541        0.148120        0.118198
     C   20        0.057435        0.118198       -0.045071

     H   21       -0.000000        0.000000        0.000000
     H   21        0.000000        0.000000        0.000000
     H   21        0.000000        0.000000        0.000000

     C   22       -0.056807        0.127243       -0.126318
     C   22        0.127243       -0.030365       -0.128336
     C   22       -0.126318       -0.128336        0.087171

     C   23       -0.181124        0.045625       -0.010357
     C   23        0.045625       -0.062554       -0.120909
     C   23       -0.010357       -0.120909        0.243678

     Cl  24       -0.239231        0.835673       -0.043406
     Cl  24        0.835673       -0.638249       -0.386232
     Cl  24       -0.043406       -0.386232        0.877481

     ----- total EFG -----
     Cl   1       -0.244051       -1.860932        0.787693
     Cl   1       -1.860932       -1.441804       -0.459980
     Cl   1        0.787693       -0.459980        1.685855

     C    2       -0.031149        0.054001        0.128930
     C    2        0.054001       -0.194674        0.071140
     C    2        0.128930        0.071140        0.225824

     C    3       -0.082045        0.108444        0.022419
     C    3        0.108444        0.112244       -0.094511
     C    3        0.022419       -0.094511       -0.030199

     H    4        0.342938        0.353397        0.424369
     H    4        0.353397        0.295056        0.224926
     H    4        0.424369        0.224926       -0.637994

     C    5       -0.390870        0.433397       -0.133833
     C    5        0.433397        0.588228        0.082471
     C    5       -0.133833        0.082471       -0.197358

     H    6       -0.547861        0.119897       -0.213654
     H    6        0.119897        0.596502        0.027996
     H    6       -0.213654        0.027996       -0.048642

     H    7       -0.089862       -0.008393       -0.129603
     H    7       -0.008393        0.286214       -0.272044
     H    7       -0.129603       -0.272044       -0.196352

     C    8        0.209229       -0.290573       -0.100932
     C    8       -0.290573       -0.323871        0.011034
     C    8       -0.100932        0.011034        0.114642

     H    9        0.293019        0.187028        0.573785
     H    9        0.187028       -0.406352       -0.375324
     H    9        0.573785       -0.375324        0.113333

     C   10       -0.242821       -0.155695       -0.064055
     C   10       -0.155695       -0.045368        0.044145
     C   10       -0.064055        0.044145        0.288189

     C   11        0.172749        0.259083       -0.163546
     C   11        0.259083        0.004620        0.078440
     C   11       -0.163546        0.078440       -0.177369

     Cl  12        0.804879        0.151748       -0.054414
     Cl  12        0.151748       -0.149032       -1.039837
     Cl  12       -0.054414       -1.039837       -0.655848

     H   13       -0.217345        0.150427       -0.166962
     H   13        0.150427        0.129471        0.642712
     H   13       -0.166962        0.642712        0.087874

     C   14        0.052985       -0.560377        0.098325
     C   14       -0.560377        0.027634       -0.322640
     C   14        0.098325       -0.322640       -0.080619

     H   15        0.311007        0.278431        0.433541
     H   15        0.278431       -0.446468       -0.037245
     H   15        0.433541       -0.037245        0.135461

     C   16       -0.770626        0.033676       -0.033236
     C   16        0.033676        0.630197        0.261517
     C   16       -0.033236        0.261517        0.140429

     C   17        0.161228       -0.010698        0.377125
     C   17       -0.010698       -0.062350       -0.017265
     C   17        0.377125       -0.017265       -0.098878

     Cl  18        0.607548       -0.171178        0.242225
     Cl  18       -0.171178        0.090589       -0.670954
     Cl  18        0.242225       -0.670954       -0.698137

     H   19       -0.375153       -0.226888       -0.220376
     H   19       -0.226888        0.449134       -0.269183
     H   19       -0.220376       -0.269183       -0.073981

     C   20       -0.324345       -0.197761        0.008967
     C   20       -0.197761        0.340557        0.082582
     C   20        0.008967        0.082582       -0.016213

     H   21        0.083679       -0.343716        0.651966
     H   21       -0.343716        0.014691       -0.034590
     H   21        0.651966       -0.034590       -0.098371

     C   22        0.144170        0.315677       -0.316365
     C   22        0.315677       -0.332542       -0.205793
     C   22       -0.316365       -0.205793        0.188372

     C   23       -0.607983       -0.075957       -0.106049
     C   23       -0.075957        0.082030       -0.481905
     C   23       -0.106049       -0.481905        0.525953

     Cl  24        0.083023        0.999575       -0.053112
     Cl  24        0.999575       -0.384725       -0.294847
     Cl  24       -0.053112       -0.294847        0.301702

     ----- total EFG (symmetrized) -----
     Cl   1       -0.244051       -1.860932        0.787693
     Cl   1       -1.860932       -1.441804       -0.459980
     Cl   1        0.787693       -0.459980        1.685855

     C    2       -0.031149        0.054001        0.128930
     C    2        0.054001       -0.194674        0.071140
     C    2        0.128930        0.071140        0.225824

     C    3       -0.082045        0.108444        0.022419
     C    3        0.108444        0.112244       -0.094511
     C    3        0.022419       -0.094511       -0.030199

     H    4        0.342938        0.353397        0.424369
     H    4        0.353397        0.295056        0.224926
     H    4        0.424369        0.224926       -0.637994

     C    5       -0.390870        0.433397       -0.133833
     C    5        0.433397        0.588228        0.082471
     C    5       -0.133833        0.082471       -0.197358

     H    6       -0.547861        0.119897       -0.213654
     H    6        0.119897        0.596502        0.027996
     H    6       -0.213654        0.027996       -0.048642

     H    7       -0.089862       -0.008393       -0.129603
     H    7       -0.008393        0.286214       -0.272044
     H    7       -0.129603       -0.272044       -0.196352

     C    8        0.209229       -0.290573       -0.100932
     C    8       -0.290573       -0.323871        0.011034
     C    8       -0.100932        0.011034        0.114642

     H    9        0.293019        0.187028        0.573785
     H    9        0.187028       -0.406352       -0.375324
     H    9        0.573785       -0.375324        0.113333

     C   10       -0.242821       -0.155695       -0.064055
     C   10       -0.155695       -0.045368        0.044145
     C   10       -0.064055        0.044145        0.288189

     C   11        0.172749        0.259083       -0.163546
     C   11        0.259083        0.004620        0.078440
     C   11       -0.163546        0.078440       -0.177369

     Cl  12        0.804879        0.151748       -0.054414
     Cl  12        0.151748       -0.149032       -1.039837
     Cl  12       -0.054414       -1.039837       -0.655848

     H   13       -0.217345        0.150427       -0.166962
     H   13        0.150427        0.129471        0.642712
     H   13       -0.166962        0.642712        0.087874

     C   14        0.052985       -0.560377        0.098325
     C   14       -0.560377        0.027634       -0.322640
     C   14        0.098325       -0.322640       -0.080619

     H   15        0.311007        0.278431        0.433541
     H   15        0.278431       -0.446468       -0.037245
     H   15        0.433541       -0.037245        0.135461

     C   16       -0.770626        0.033676       -0.033236
     C   16        0.033676        0.630197        0.261517
     C   16       -0.033236        0.261517        0.140429

     C   17        0.161228       -0.010698        0.377125
     C   17       -0.010698       -0.062350       -0.017265
     C   17        0.377125       -0.017265       -0.098878

     Cl  18        0.607548       -0.171178        0.242225
     Cl  18       -0.171178        0.090589       -0.670954
     Cl  18        0.242225       -0.670954       -0.698137

     H   19       -0.375153       -0.226888       -0.220376
     H   19       -0.226888        0.449134       -0.269183
     H   19       -0.220376       -0.269183       -0.073981

     C   20       -0.324345       -0.197761        0.008967
     C   20       -0.197761        0.340557        0.082582
     C   20        0.008967        0.082582       -0.016213

     H   21        0.083679       -0.343716        0.651966
     H   21       -0.343716        0.014691       -0.034590
     H   21        0.651966       -0.034590       -0.098371

     C   22        0.144170        0.315677       -0.316365
     C   22        0.315677       -0.332542       -0.205793
     C   22       -0.316365       -0.205793        0.188372

     C   23       -0.607983       -0.075957       -0.106049
     C   23       -0.075957        0.082030       -0.481905
     C   23       -0.106049       -0.481905        0.525953

     Cl  24        0.083023        0.999575       -0.053112
     Cl  24        0.999575       -0.384725       -0.294847
     Cl  24       -0.053112       -0.294847        0.301702


     NQR/NMR SPECTROSCOPIC PARAMETERS:
     Cl   1    Vxx=    0.4481    axis=( -0.642303  0.488777  0.590376)
     Cl   1    Vyy=    2.3518    axis=(  0.485813 -0.336146  0.806841)
     Cl   1    Vzz=   -2.7998    axis=( -0.592817 -0.805049  0.021547)
     Cl   1  Q=        -8.1650 1e-30 m^2  Cq=        53.7134 MHz  eta= 0.67994

     C    2    Vxx=   -0.0809    axis=(  0.894851  0.165507 -0.414547)
     C    2    Vyy=   -0.2138    axis=(  0.222122 -0.970674  0.091939)
     C    2    Vzz=    0.2947    axis=(  0.387174  0.174352  0.905371)
     C    2  Q=         1.0000 1e-30 m^2  Cq=         0.6923 MHz  eta= 0.45096

     C    3    Vxx=   -0.0278    axis=(  0.565258  0.113655  0.817047)
     C    3    Vyy=   -0.1614    axis=(  0.758869 -0.459971 -0.461025)
     C    3    Vzz=    0.1892    axis=( -0.323420 -0.880630  0.346251)
     C    3  Q=         1.0000 1e-30 m^2  Cq=         0.4446 MHz  eta= 0.70581

     H    4    Vxx=   -0.0183    axis=(  0.608804 -0.782085  0.133045)
     H    4    Vyy=   -0.8040    axis=(  0.321203  0.089660 -0.942756)
     H    4    Vzz=    0.8223    axis=(  0.725387  0.616689  0.305793)
     H    4  Q=         1.0000 1e-30 m^2  Cq=         1.9320 MHz  eta= 0.95548

     C    5    Vxx=   -0.1408    axis=( -0.337351  0.094593  0.936614)
     C    5    Vyy=   -0.6126    axis=( -0.873595  0.339249 -0.348915)
     C    5    Vzz=    0.7535    axis=( -0.350750 -0.935929 -0.031810)
     C    5  Q=         1.0000 1e-30 m^2  Cq=         1.7703 MHz  eta= 0.62619

     H    6    Vxx=    0.0299    axis=( -0.341975  0.025951  0.939350)
     H    6    Vyy=    0.6090    axis=( -0.101364 -0.994805 -0.009418)
     H    6    Vzz=   -0.6389    axis=(  0.934226 -0.098437  0.342829)
     H    6  Q=         1.0000 1e-30 m^2  Cq=        -1.5012 MHz  eta= 0.90636

     H    7    Vxx=   -0.0412    axis=(  0.911987 -0.248100 -0.326690)
     H    7    Vyy=   -0.3717    axis=(  0.399333  0.354674  0.845423)
     H    7    Vzz=    0.4129    axis=( -0.093881 -0.901473  0.422532)
     H    7  Q=         1.0000 1e-30 m^2  Cq=         0.9700 MHz  eta= 0.80064

     C    8    Vxx=    0.0799    axis=(  0.300629 -0.190802  0.934461)
     C    8    Vyy=    0.3734    axis=( -0.862051  0.364814  0.351823)
     C    8    Vzz=   -0.4533    axis=( -0.408033 -0.911321 -0.054808)
     C    8  Q=         1.0000 1e-30 m^2  Cq=        -1.0651 MHz  eta= 0.64740

     H    9    Vxx=    0.0086    axis=(  0.538007  0.685771 -0.490170)
     H    9    Vyy=    0.7938    axis=(  0.734308 -0.095736  0.672031)
     H    9    Vzz=   -0.8024    axis=(  0.413933 -0.721493 -0.555074)
     H    9  Q=         1.0000 1e-30 m^2  Cq=        -1.8853 MHz  eta= 0.97845

     C   10    Vxx=    0.0223    axis=( -0.444707  0.860097 -0.249937)
     C   10    Vyy=    0.3082    axis=( -0.167296  0.194374  0.966556)
     C   10    Vzz=   -0.3305    axis=(  0.879914  0.471648  0.057451)
     C   10  Q=         1.0000 1e-30 m^2  Cq=        -0.7764 MHz  eta= 0.86501

     C   11    Vxx=   -0.0303    axis=( -0.297029  0.665204  0.685038)
     C   11    Vyy=   -0.3454    axis=(  0.481422 -0.515235  0.709059)
     C   11    Vzz=    0.3757    axis=( -0.824625 -0.540404  0.167204)
     C   11  Q=         1.0000 1e-30 m^2  Cq=         0.8827 MHz  eta= 0.83876

     Cl  12    Vxx=    0.5691    axis=( -0.542157  0.652329 -0.529653)
     Cl  12    Vyy=    0.9047    axis=( -0.839977 -0.437590  0.320864)
     Cl  12    Vzz=   -1.4739    axis=( -0.022462  0.618855  0.785184)
     Cl  12  Q=        -8.1650 1e-30 m^2  Cq=        28.2751 MHz  eta= 0.22769

     H   13    Vxx=   -0.1010    axis=( -0.887817 -0.326078  0.324736)
     H   13    Vyy=   -0.6508    axis=( -0.460115  0.615672 -0.639720)
     H   13    Vzz=    0.7518    axis=(  0.008668 -0.717370 -0.696638)
     H   13  Q=         1.0000 1e-30 m^2  Cq=         1.7664 MHz  eta= 0.73124

     C   14    Vxx=   -0.1324    axis=( -0.501974 -0.014296  0.864764)
     C   14    Vyy=   -0.5816    axis=(  0.587863  0.727748  0.353271)
     C   14    Vzz=    0.7140    axis=( -0.634381  0.685696 -0.356907)
     C   14  Q=         1.0000 1e-30 m^2  Cq=         1.6776 MHz  eta= 0.62925

     H   15    Vxx=   -0.1097    axis=( -0.465138 -0.467629  0.751644)
     H   15    Vyy=   -0.5894    axis=( -0.406674  0.867065  0.287776)
     H   15    Vzz=    0.6991    axis=( -0.786297 -0.171818 -0.593478)
     H   15  Q=         1.0000 1e-30 m^2  Cq=         1.6425 MHz  eta= 0.68629

     C   16    Vxx=    0.0294    axis=( -0.054745 -0.395959  0.916635)
     C   16    Vyy=    0.7438    axis=(  0.011691  0.917695  0.397114)
     C   16    Vzz=   -0.7732    axis=( -0.998432  0.032457 -0.045610)
     C   16  Q=         1.0000 1e-30 m^2  Cq=        -1.8168 MHz  eta= 0.92384

     C   17    Vxx=   -0.0629    axis=(  0.045839  0.998948  0.001099)
     C   17    Vyy=   -0.3679    axis=( -0.579828  0.025711  0.814333)
     C   17    Vzz=    0.4308    axis=(  0.813448 -0.037965  0.580397)
     C   17  Q=         1.0000 1e-30 m^2  Cq=         1.0122 MHz  eta= 0.70817

     Cl  18    Vxx=    0.2684    axis=(  0.607397  0.715746 -0.344640)
     Cl  18    Vyy=    0.8231    axis=(  0.790798 -0.503526  0.347994)
     Cl  18    Vzz=   -1.0915    axis=( -0.075540  0.483911  0.871851)
     Cl  18  Q=        -8.1650 1e-30 m^2  Cq=        20.9405 MHz  eta= 0.50822

     H   19    Vxx=    0.0152    axis=( -0.567017  0.199328  0.799225)
     H   19    Vyy=    0.5809    axis=(  0.143952 -0.931368  0.334413)
     H   19    Vzz=   -0.5961    axis=(  0.811030  0.304668  0.499407)
     H   19  Q=         1.0000 1e-30 m^2  Cq=        -1.4006 MHz  eta= 0.94889

     C   20    Vxx=   -0.0277    axis=(  0.129711 -0.150144  0.980118)
     C   20    Vyy=   -0.3813    axis=(  0.958438  0.272303 -0.085128)
     C   20    Vzz=    0.4090    axis=( -0.254108  0.950425  0.179224)
     C   20  Q=         1.0000 1e-30 m^2  Cq=         0.9610 MHz  eta= 0.86466

     H   21    Vxx=   -0.0375    axis=(  0.089279  0.887811  0.451464)
     H   21    Vyy=   -0.7241    axis=( -0.672307 -0.280716  0.684983)
     H   21    Vzz=    0.7616    axis=(  0.734869 -0.364678  0.571819)
     H   21  Q=         1.0000 1e-30 m^2  Cq=         1.7894 MHz  eta= 0.90162

     C   22    Vxx=   -0.1313    axis=(  0.624217  0.209536  0.752627)
     C   22    Vyy=   -0.4934    axis=(  0.407830 -0.909078 -0.085154)
     C   22    Vzz=    0.6247    axis=(  0.666355  0.360098 -0.652917)
     C   22  Q=         1.0000 1e-30 m^2  Cq=         1.4679 MHz  eta= 0.57964

     C   23    Vxx=   -0.1915    axis=( -0.277910  0.815938  0.506963)
     C   23    Vyy=   -0.6447    axis=( -0.960013 -0.217352 -0.176446)
     C   23    Vzz=    0.8362    axis=( -0.033779 -0.535728  0.843715)
     C   23  Q=         1.0000 1e-30 m^2  Cq=         1.9647 MHz  eta= 0.54192

     Cl  24    Vxx=    0.2486    axis=(  0.342719  0.106367  0.933397)
     Cl  24    Vyy=    0.9553    axis=( -0.719031 -0.609735  0.333493)
     Cl  24    Vzz=   -1.2039    axis=(  0.604597 -0.785436 -0.132487)
     Cl  24  Q=        -8.1650 1e-30 m^2  Cq=        23.0961 MHz  eta= 0.58701

     Initialization:
     gipaw_setup  :      9.41s CPU     11.90s WALL (       1 calls)

     Linear response

     Apply operators

     Induced current

     Other routines
     efg          :     10.01s CPU     13.30s WALL (       1 calls)

     General routines
     calbec       :      3.26s CPU      4.26s WALL (      16 calls)
     fft          :      2.32s CPU      4.19s WALL (      15 calls)
     ffts         :      0.04s CPU      0.06s WALL (       2 calls)
     fftw         :      3.88s CPU      5.09s WALL (     672 calls)
     davcio       :      0.04s CPU      0.32s WALL (      32 calls)

     Parallel routines
     fft_scatter  :      3.18s CPU      5.99s WALL (     689 calls)

     Plugins

     GIPAW        :     67.80s CPU     83.61s WALL (       1 calls)
