
     Program QE v.6.0 (svn rev. 13079) starts on 27Dec2016 at  0:18:28 

     This program is part of the open-source Quantum ESPRESSO suite
     for quantum simulation of materials; please cite
         "P. Giannozzi et al., J. Phys.:Condens. Matter 21 395502 (2009);
          URL http://www.quantum-espresso.org", 
     in publications or presentations arising from this work. More details at
     http://www.quantum-espresso.org/quote

     Parallel version (MPI), running on     8 processors
     R & G space division:  proc/nbgrp/npool/nimage =       8

     ***** This is GIPAW svn revision unknown      *****

     Parallelizing q-star over 1 images

     Reading data from directory:
     /users/majewski/paradichlorobenzene/pbe/9_constraint/scratch/pbe.ecut100.np8.dt60.pcl2phi-129368.save
     Message from routine read_xml_file:
     file /users/majewski/paradichlorobenzene/pbe/9_constraint/scratch/pbe.ecut100.np8.dt60.pcl2phi-129368.save not guaranteed to be safe for post-processing

   Info: using nr1, nr2, nr3 values from input

   Info: using nr1, nr2, nr3 values from input

     IMPORTANT: XC functional enforced from input :
     Exchange-correlation      =  SLA  PW   PBX  PBC ( 1  4  3  4 0 0)
     Any further DFT definition will be discarded
     Please, verify this is what you really want

               file C.pbe-n-kjpaw_psl.1.0.0.UPF: wavefunction(s)  2S 2P renormalized
               file Cl.pbe-n-kjpaw_psl.1.0.0.UPF: wavefunction(s)  3S 3P renormalized
               file H.pbe-kjpaw_psl.1.0.0.UPF: wavefunction(s)  1S renormalized

     Parallelization info
     --------------------
     sticks:   dense  smooth     PW     G-vecs:    dense   smooth      PW
     Min        3057    1223    332               144436    36536    5170
     Max        3059    1225    333               144437    36537    5171
     Sum       24467    9791   2657              1155489   292295   41363


     Subspace diagonalization in iterative solution of the eigenvalue problem:
     a serial algorithm will be used

     GIPAW projectors -----------------------------------------------
     atom=  C    l=0  rc=    1.2000  rs=    0.8000
     atom=  C    l=0  rc=    1.2000  rs=    0.8000
     atom=  C    l=1  rc=    1.4000  rs=    0.9333
     atom=  C    l=1  rc=    1.4000  rs=    0.9333
     projs nearly linearly dependent: l=1  n1,n2= 1, 2  s=  0.99951561

     atom=  Cl   l=0  rc=    1.6000  rs=    1.0667
     atom=  Cl   l=0  rc=    1.6000  rs=    1.0667
     atom=  Cl   l=1  rc=    1.6000  rs=    1.0667
     atom=  Cl   l=1  rc=    1.6000  rs=    1.0667
     atom=  Cl   l=2  rc=    1.6000  rs=    1.0667
     atom=  Cl   l=2  rc=    1.6000  rs=    1.0667
     projs nearly linearly dependent: l=2  n1,n2= 1, 2  s=  0.99993509

     atom=  H    l=0  rc=    1.0000  rs=    0.6667
     atom=  H    l=0  rc=    1.0000  rs=    0.6667
     projs nearly linearly dependent: l=0  n1,n2= 1, 2  s=  0.99968852
     -----------------------------------------------------------------

     GIPAW integrals: -------------------------------------------
     Atom  i/j   nmr_para   nmr_dia   epr_rmc  epr_para   epr_dia
       C   1 1   0.83E+03  0.17E-01  0.93E+01  0.24E+08  0.24E+03
       C   2 1   0.86E+03 -0.61E-01  0.94E+01  0.25E+08  0.25E+03
       C   2 2   0.90E+03 -0.15E+00  0.97E+01  0.26E+08  0.26E+03
       C   3 3   0.33E+01  0.34E+00  0.18E+01  0.55E+03  0.21E+02
       C   4 3   0.35E+01  0.37E+00  0.20E+01  0.59E+03  0.22E+02
       C   4 4   0.38E+01  0.39E+00  0.22E+01  0.63E+03  0.24E+02
       Cl  1 1   0.14E+04 -0.47E+00  0.84E+01  0.32E+09  0.42E+03
       Cl  2 1   0.21E+04 -0.37E+00  0.12E+02  0.49E+09  0.65E+03
       Cl  2 2   0.33E+04 -0.16E+00  0.21E+02  0.76E+09  0.10E+04
       Cl  3 3   0.21E+02  0.79E-01  0.89E+01  0.23E+05  0.13E+03
       Cl  4 3   0.24E+02  0.67E-01  0.99E+01  0.27E+05  0.15E+03
       Cl  4 4   0.28E+02  0.44E-01  0.11E+02  0.32E+05  0.18E+03
       Cl  5 5   0.77E+00  0.19E+00  0.18E+01  0.12E+03  0.22E+02
       Cl  6 5   0.80E+00  0.19E+00  0.19E+01  0.12E+03  0.23E+02
       Cl  6 6   0.83E+00  0.20E+00  0.19E+01  0.12E+03  0.23E+02
       H   1 1   0.39E+02  0.19E+00  0.29E+00  0.78E+05  0.13E+02
       H   2 1   0.41E+02  0.21E+00  0.32E+00  0.82E+05  0.14E+02
       H   2 2   0.43E+02  0.22E+00  0.36E+00  0.86E+05  0.15E+02
     ------------------------------------------------------------

     alpha_pv=     34.1769 eV

     Number of occupied bands for each k-point:
     k-point:     1    nbnd_occ=  42
     k-point:     2    nbnd_occ=  42
     k-point:     3    nbnd_occ=  42
     k-point:     4    nbnd_occ=  42
     k-point:     5    nbnd_occ=  42
     k-point:     6    nbnd_occ=  42
     k-point:     7    nbnd_occ=  42
     k-point:     8    nbnd_occ=  42
     k-point:     9    nbnd_occ=  42
     k-point:    10    nbnd_occ=  42
     k-point:    11    nbnd_occ=  42
     k-point:    12    nbnd_occ=  42
     k-point:    13    nbnd_occ=  42
     k-point:    14    nbnd_occ=  42
     k-point:    15    nbnd_occ=  42
     k-point:    16    nbnd_occ=  42


     q-space interpolation up to   110.00 Rydberg

     GIPAW job: efg                                                                             


     ELECTRIC FIELD GRADIENTS TENSORS IN Hartree/bohrradius^2:

     ----- bare term -----
     Cl   1       -0.008987        0.055695        0.035393
     Cl   1        0.055695        0.019478        0.080394
     Cl   1        0.035393        0.080394       -0.010491

     C    2       -0.259115        0.258799       -0.450157
     C    2        0.258799        0.132688       -0.190263
     C    2       -0.450157       -0.190263        0.126427

     C    3        0.090754        0.515011       -0.065051
     C    3        0.515011       -0.219443       -0.589999
     C    3       -0.065051       -0.589999        0.128689

     H    4       -0.261402       -0.184862       -0.526709
     H    4       -0.184862        0.272805       -0.031550
     H    4       -0.526709       -0.031550       -0.011403

     C    5       -0.759905        0.405068       -0.443214
     C    5        0.405068        0.420133       -0.052683
     C    5       -0.443214       -0.052683        0.339771

     H    6        0.293431       -0.050309       -0.061658
     H    6       -0.050309       -0.480540       -0.635867
     H    6       -0.061658       -0.635867        0.187109

     H    7        0.344710       -0.138890        0.199582
     H    7       -0.138890       -0.234009        0.610714
     H    7        0.199582        0.610714       -0.110701

     C    8       -0.120410        0.294200       -0.446635
     C    8        0.294200       -0.006890        0.481349
     C    8       -0.446635        0.481349        0.127301

     H    9       -0.423835        0.371406       -0.331411
     H    9        0.371406        0.191205        0.087981
     H    9       -0.331411        0.087981        0.232630

     C   10       -0.435860       -0.331672       -0.123584
     C   10       -0.331672        0.037889        0.351851
     C   10       -0.123584        0.351851        0.397971

     C   11       -0.016167        0.390506       -0.416603
     C   11        0.390506       -0.027115        0.728062
     C   11       -0.416603        0.728062        0.043282

     Cl  12       -0.343640       -0.288114        0.033251
     Cl  12       -0.288114        0.169243        0.105245
     Cl  12        0.033251        0.105245        0.174397

     H   13        0.348223       -0.321361        0.068229
     H   13       -0.321361       -0.670453        0.096282
     H   13        0.068229        0.096282        0.322230

     C   14        0.020048        0.126992        0.004862
     C   14        0.126992       -0.210490       -0.215399
     C   14        0.004862       -0.215399        0.190443

     H   15       -0.366689       -0.566737       -0.217856
     H   15       -0.566737       -0.006128       -0.104090
     H   15       -0.217856       -0.104090        0.372818

     C   16       -0.367879        0.284292       -0.316429
     C   16        0.284292        0.154003       -0.154680
     C   16       -0.316429       -0.154680        0.213876

     C   17        0.065993        0.388549       -0.013124
     C   17        0.388549       -0.182107       -0.495789
     C   17       -0.013124       -0.495789        0.116114

     Cl  18       -0.131155        0.068894        0.013929
     Cl  18        0.068894       -0.051862        0.095046
     Cl  18        0.013929        0.095046        0.183017

     H   19       -0.060247        0.165403       -0.077183
     H   19        0.165403       -0.308296        0.473998
     H   19       -0.077183        0.473998        0.368543

     C   20       -0.442218       -0.316684       -0.303825
     C   20       -0.316684        0.040065        0.122937
     C   20       -0.303825        0.122937        0.402153

     H   21       -0.622022        0.088376        0.179824
     H   21        0.088376        0.368061        0.171720
     H   21        0.179824        0.171720        0.253961

     C   22        0.092619        0.256629       -0.421608
     C   22        0.256629       -0.318608        0.510745
     C   22       -0.421608        0.510745        0.225989

     C   23       -0.613778       -0.351246       -0.368194
     C   23       -0.351246        0.125182        0.079918
     C   23       -0.368194        0.079918        0.488596

     Cl  24       -0.057224        0.045339        0.003233
     Cl  24        0.045339       -0.048026       -0.035130
     Cl  24        0.003233       -0.035130        0.105250

     ----- ionic term -----
     Cl   1        0.182429       -0.226525        0.072565
     Cl   1       -0.226525       -0.021247       -0.029188
     Cl   1        0.072565       -0.029188       -0.161181

     C    2        0.237833       -0.148687        0.336303
     C    2       -0.148687        0.166354        0.309527
     C    2        0.336303        0.309527       -0.404187

     C    3        0.142376       -0.219920        0.257945
     C    3       -0.219920        0.263780        0.313355
     C    3        0.257945        0.313355       -0.406156

     H    4        0.535826        0.360148        0.681587
     H    4        0.360148       -0.327937        0.285560
     H    4        0.681587        0.285560       -0.207890

     C    5        0.305634       -0.179477        0.346269
     C    5       -0.179477        0.084983        0.247555
     C    5        0.346269        0.247555       -0.390617

     H    6       -0.496627        0.081263        0.074430
     H    6        0.081263        0.697814        0.656499
     H    6        0.074430        0.656499       -0.201187

     H    7       -0.512581       -0.041838        0.045416
     H    7       -0.041838        0.403629       -0.796032
     H    7        0.045416       -0.796032        0.108952

     C    8        0.327244        0.144295        0.219596
     C    8        0.144295       -0.015839       -0.340019
     C    8        0.219596       -0.340019       -0.311404

     H    9        0.773362       -0.245901        0.602233
     H    9       -0.245901       -0.477012       -0.200186
     H    9        0.602233       -0.200186       -0.296350

     C   10        0.172186        0.207338        0.154053
     C   10        0.207338        0.138538       -0.436267
     C   10        0.154053       -0.436267       -0.310724

     C   11        0.263452        0.073365        0.239485
     C   11        0.073365        0.075341       -0.456948
     C   11        0.239485       -0.456948       -0.338794

     Cl  12        0.151093        0.194388        0.000783
     Cl  12        0.194388       -0.005598       -0.012672
     Cl  12        0.000783       -0.012672       -0.145494

     H   13       -0.513892        0.077834        0.025135
     H   13        0.077834        0.827983        0.559091
     H   13        0.025135        0.559091       -0.314091

     C   14        0.240144       -0.144274        0.285396
     C   14       -0.144274        0.159187        0.239969
     C   14        0.285396        0.239969       -0.399331

     H   15        0.598518        0.326877        0.653911
     H   15        0.326877       -0.404073        0.249412
     H   15        0.653911        0.249412       -0.194445

     C   16        0.104965       -0.160204        0.246511
     C   16       -0.160204        0.300267        0.330941
     C   16        0.246511        0.330941       -0.405232

     C   17        0.143060       -0.121928        0.325245
     C   17       -0.121928        0.273623        0.348075
     C   17        0.325245        0.348075       -0.416683

     Cl  18        0.097465       -0.201071        0.020743
     Cl  18       -0.201071        0.074237       -0.016340
     Cl  18        0.020743       -0.016340       -0.171702

     H   19       -0.508213       -0.189132        0.093260
     H   19       -0.189132        0.727148       -0.668484
     H   19        0.093260       -0.668484       -0.218935

     C   20        0.345621        0.076007        0.199143
     C   20        0.076007        0.056885       -0.328834
     C   20        0.199143       -0.328834       -0.402506

     H   21        0.861156       -0.398424        0.345062
     H   21       -0.398424       -0.389941       -0.167961
     H   21        0.345062       -0.167961       -0.471215

     C   22        0.245589        0.166353        0.078921
     C   22        0.166353        0.157042       -0.367617
     C   22        0.078921       -0.367617       -0.402631

     C   23        0.287846        0.134398        0.211357
     C   23        0.134398        0.093512       -0.404047
     C   23        0.211357       -0.404047       -0.381358

     Cl  24        0.152688        0.230005       -0.038472
     Cl  24        0.230005        0.005035       -0.026589
     Cl  24       -0.038472       -0.026589       -0.157724

     ----- GIPAW term -----
     Cl   1       -0.380735       -0.453370       -1.117318
     Cl   1       -0.453370       -0.472026       -1.546711
     Cl   1       -1.117318       -1.546711        0.852761

     C    2       -0.006450        0.101786       -0.097558
     C    2        0.101786        0.103953       -0.081856
     C    2       -0.097558       -0.081856       -0.097503

     C    3       -0.003271        0.223571       -0.018047
     C    3        0.223571        0.120453       -0.105018
     C    3       -0.018047       -0.105018       -0.117182

     H    4       -0.000000        0.000000        0.000000
     H    4        0.000000        0.000000        0.000000
     H    4        0.000000        0.000000        0.000000

     C    5       -0.117478        0.206712        0.022649
     C    5        0.206712        0.171855        0.127512
     C    5        0.022649        0.127512       -0.054377

     H    6       -0.000000        0.000000        0.000000
     H    6        0.000000        0.000000        0.000000
     H    6        0.000000        0.000000        0.000000

     H    7       -0.000000        0.000000        0.000000
     H    7        0.000000        0.000000        0.000000
     H    7        0.000000        0.000000        0.000000

     C    8       -0.015048        0.227131       -0.101145
     C    8        0.227131        0.127114        0.030552
     C    8       -0.101145        0.030552       -0.112066

     H    9       -0.000000        0.000000        0.000000
     H    9        0.000000        0.000000        0.000000
     H    9        0.000000        0.000000        0.000000

     C   10       -0.102235        0.096149        0.011330
     C   10        0.096149        0.152870        0.072011
     C   10        0.011330        0.072011       -0.050634

     C   11        0.012058        0.251968       -0.015152
     C   11        0.251968        0.124246        0.150331
     C   11       -0.015152        0.150331       -0.136304

     Cl  12       -0.977412        1.439411        0.224004
     Cl  12        1.439411        2.330483        1.169454
     Cl  12        0.224004        1.169454       -1.353070

     H   13       -0.000000        0.000000        0.000000
     H   13        0.000000        0.000000        0.000000
     H   13        0.000000        0.000000        0.000000

     C   14        0.001368        0.078281       -0.003899
     C   14        0.078281        0.052227       -0.066190
     C   14       -0.003899       -0.066190       -0.053594

     H   15       -0.000000        0.000000        0.000000
     H   15        0.000000        0.000000        0.000000
     H   15        0.000000        0.000000        0.000000

     C   16       -0.026864        0.179238       -0.083337
     C   16        0.179238        0.122255       -0.028241
     C   16       -0.083337       -0.028241       -0.095391

     C   17        0.036012        0.147660        0.073612
     C   17        0.147660        0.126598        0.051663
     C   17        0.073612        0.051663       -0.162610

     Cl  18        0.385307       -1.831610        0.177226
     Cl  18       -1.831610       -0.327736        0.820167
     Cl  18        0.177226        0.820167       -0.057572

     H   19       -0.000000        0.000000        0.000000
     H   19        0.000000        0.000000        0.000000
     H   19        0.000000        0.000000        0.000000

     C   20        0.037040        0.148370       -0.084509
     C   20        0.148370        0.042833       -0.064686
     C   20       -0.084509       -0.064686       -0.079873

     H   21       -0.000000        0.000000        0.000000
     H   21        0.000000        0.000000        0.000000
     H   21        0.000000        0.000000        0.000000

     C   22        0.070511        0.192361       -0.199460
     C   22        0.192361       -0.055775       -0.038356
     C   22       -0.199460       -0.038356       -0.014736

     C   23       -0.064173        0.155203       -0.141971
     C   23        0.155203        0.080426       -0.138669
     C   23       -0.141971       -0.138669       -0.016253

     Cl  24       -0.021267        2.276718       -1.000717
     Cl  24        2.276718       -0.760179       -1.307311
     Cl  24       -1.000717       -1.307311        0.781445

     ----- total EFG -----
     Cl   1       -0.207293       -0.624199       -1.009360
     Cl   1       -0.624199       -0.473796       -1.495505
     Cl   1       -1.009360       -1.495505        0.681089

     C    2       -0.027732        0.211898       -0.211412
     C    2        0.211898        0.402996        0.037408
     C    2       -0.211412        0.037408       -0.375264

     C    3        0.229859        0.518662        0.174848
     C    3        0.518662        0.164790       -0.381662
     C    3        0.174848       -0.381662       -0.394649

     H    4        0.274424        0.175286        0.154878
     H    4        0.175286       -0.055132        0.254010
     H    4        0.154878        0.254010       -0.219293

     C    5       -0.571749        0.432303       -0.074297
     C    5        0.432303        0.676972        0.322385
     C    5       -0.074297        0.322385       -0.105223

     H    6       -0.203196        0.030954        0.012772
     H    6        0.030954        0.217273        0.020631
     H    6        0.012772        0.020631       -0.014078

     H    7       -0.167871       -0.180728        0.244999
     H    7       -0.180728        0.169620       -0.185318
     H    7        0.244999       -0.185318       -0.001749

     C    8        0.191785        0.665626       -0.328184
     C    8        0.665626        0.104384        0.171883
     C    8       -0.328184        0.171883       -0.296170

     H    9        0.349527        0.125505        0.270822
     H    9        0.125505       -0.285807       -0.112205
     H    9        0.270822       -0.112205       -0.063720

     C   10       -0.365909       -0.028185        0.041799
     C   10       -0.028185        0.329296       -0.012405
     C   10        0.041799       -0.012405        0.036613

     C   11        0.259344        0.715838       -0.192269
     C   11        0.715838        0.172473        0.421445
     C   11       -0.192269        0.421445       -0.431816

     Cl  12       -1.169960        1.345684        0.258038
     Cl  12        1.345684        2.494127        1.262027
     Cl  12        0.258038        1.262027       -1.324167

     H   13       -0.165669       -0.243526        0.093363
     H   13       -0.243526        0.157531        0.655373
     H   13        0.093363        0.655373        0.008139

     C   14        0.261559        0.061000        0.286358
     C   14        0.061000        0.000923       -0.041620
     C   14        0.286358       -0.041620       -0.262482

     H   15        0.231829       -0.239860        0.436055
     H   15       -0.239860       -0.410201        0.145322
     H   15        0.436055        0.145322        0.178372

     C   16       -0.289779        0.303325       -0.153254
     C   16        0.303325        0.576526        0.148019
     C   16       -0.153254        0.148019       -0.286747

     C   17        0.245065        0.414281        0.385733
     C   17        0.414281        0.218114       -0.096051
     C   17        0.385733       -0.096051       -0.463178

     Cl  18        0.351617       -1.963787        0.211899
     Cl  18       -1.963787       -0.305361        0.898872
     Cl  18        0.211899        0.898872       -0.046256

     H   19       -0.568460       -0.023729        0.016077
     H   19       -0.023729        0.418851       -0.194485
     H   19        0.016077       -0.194485        0.149608

     C   20       -0.059557       -0.092307       -0.189192
     C   20       -0.092307        0.139782       -0.270583
     C   20       -0.189192       -0.270583       -0.080225

     H   21        0.239134       -0.310048        0.524887
     H   21       -0.310048       -0.021880        0.003759
     H   21        0.524887        0.003759       -0.217254

     C   22        0.408719        0.615344       -0.542147
     C   22        0.615344       -0.217341        0.104772
     C   22       -0.542147        0.104772       -0.191378

     C   23       -0.390105       -0.061646       -0.298808
     C   23       -0.061646        0.299120       -0.462799
     C   23       -0.298808       -0.462799        0.090985

     Cl  24        0.074197        2.552062       -1.035956
     Cl  24        2.552062       -0.803169       -1.369029
     Cl  24       -1.035956       -1.369029        0.728972

     ----- total EFG (symmetrized) -----
     Cl   1       -0.207293       -0.624199       -1.009360
     Cl   1       -0.624199       -0.473796       -1.495505
     Cl   1       -1.009360       -1.495505        0.681089

     C    2       -0.027732        0.211898       -0.211412
     C    2        0.211898        0.402996        0.037408
     C    2       -0.211412        0.037408       -0.375264

     C    3        0.229859        0.518662        0.174848
     C    3        0.518662        0.164790       -0.381662
     C    3        0.174848       -0.381662       -0.394649

     H    4        0.274424        0.175286        0.154878
     H    4        0.175286       -0.055132        0.254010
     H    4        0.154878        0.254010       -0.219293

     C    5       -0.571749        0.432303       -0.074297
     C    5        0.432303        0.676972        0.322385
     C    5       -0.074297        0.322385       -0.105223

     H    6       -0.203196        0.030954        0.012772
     H    6        0.030954        0.217273        0.020631
     H    6        0.012772        0.020631       -0.014078

     H    7       -0.167871       -0.180728        0.244999
     H    7       -0.180728        0.169620       -0.185318
     H    7        0.244999       -0.185318       -0.001749

     C    8        0.191785        0.665626       -0.328184
     C    8        0.665626        0.104384        0.171883
     C    8       -0.328184        0.171883       -0.296170

     H    9        0.349527        0.125505        0.270822
     H    9        0.125505       -0.285807       -0.112205
     H    9        0.270822       -0.112205       -0.063720

     C   10       -0.365909       -0.028185        0.041799
     C   10       -0.028185        0.329296       -0.012405
     C   10        0.041799       -0.012405        0.036613

     C   11        0.259344        0.715838       -0.192269
     C   11        0.715838        0.172473        0.421445
     C   11       -0.192269        0.421445       -0.431816

     Cl  12       -1.169960        1.345684        0.258038
     Cl  12        1.345684        2.494127        1.262027
     Cl  12        0.258038        1.262027       -1.324167

     H   13       -0.165669       -0.243526        0.093363
     H   13       -0.243526        0.157531        0.655373
     H   13        0.093363        0.655373        0.008139

     C   14        0.261559        0.061000        0.286358
     C   14        0.061000        0.000923       -0.041620
     C   14        0.286358       -0.041620       -0.262482

     H   15        0.231829       -0.239860        0.436055
     H   15       -0.239860       -0.410201        0.145322
     H   15        0.436055        0.145322        0.178372

     C   16       -0.289779        0.303325       -0.153254
     C   16        0.303325        0.576526        0.148019
     C   16       -0.153254        0.148019       -0.286747

     C   17        0.245065        0.414281        0.385733
     C   17        0.414281        0.218114       -0.096051
     C   17        0.385733       -0.096051       -0.463178

     Cl  18        0.351617       -1.963787        0.211899
     Cl  18       -1.963787       -0.305361        0.898872
     Cl  18        0.211899        0.898872       -0.046256

     H   19       -0.568460       -0.023729        0.016077
     H   19       -0.023729        0.418851       -0.194485
     H   19        0.016077       -0.194485        0.149608

     C   20       -0.059557       -0.092307       -0.189192
     C   20       -0.092307        0.139782       -0.270583
     C   20       -0.189192       -0.270583       -0.080225

     H   21        0.239134       -0.310048        0.524887
     H   21       -0.310048       -0.021880        0.003759
     H   21        0.524887        0.003759       -0.217254

     C   22        0.408719        0.615344       -0.542147
     C   22        0.615344       -0.217341        0.104772
     C   22       -0.542147        0.104772       -0.191378

     C   23       -0.390105       -0.061646       -0.298808
     C   23       -0.061646        0.299120       -0.462799
     C   23       -0.298808       -0.462799        0.090985

     Cl  24        0.074197        2.552062       -1.035956
     Cl  24        2.552062       -0.803169       -1.369029
     Cl  24       -1.035956       -1.369029        0.728972


     NQR/NMR SPECTROSCOPIC PARAMETERS:
     Cl   1    Vxx=    0.2894    axis=(  0.821248 -0.568120 -0.052832)
     Cl   1    Vyy=    1.8422    axis=( -0.270816 -0.469623  0.840305)
     Cl   1    Vzz=   -2.1316    axis=( -0.502205 -0.675792 -0.539533)
     Cl   1  Q=        -8.1650 1e-30 m^2  Cq=        40.8943 MHz  eta= 0.72843

     C    2    Vxx=    0.0012    axis=( -0.792626  0.373075  0.482244)
     C    2    Vyy=    0.4924    axis=( -0.396514 -0.916250  0.057113)
     C    2    Vzz=   -0.4935    axis=(  0.463164 -0.145947  0.874173)
     C    2  Q=         1.0000 1e-30 m^2  Cq=        -1.1596 MHz  eta= 0.99531

     C    3    Vxx=    0.0294    axis=( -0.601915  0.454086 -0.656890)
     C    3    Vyy=    0.7353    axis=( -0.686470 -0.714495  0.135113)
     C    3    Vzz=   -0.7647    axis=( -0.407992  0.532262  0.741782)
     C    3  Q=         1.0000 1e-30 m^2  Cq=        -1.7967 MHz  eta= 0.92311

     H    4    Vxx=   -0.0413    axis=(  0.591559 -0.672429 -0.444856)
     H    4    Vyy=   -0.4050    axis=(  0.038168  0.574488 -0.817623)
     H    4    Vzz=    0.4463    axis=(  0.805358  0.466693  0.365509)
     H    4  Q=         1.0000 1e-30 m^2  Cq=         1.0486 MHz  eta= 0.81495

     C    5    Vxx=   -0.1414    axis=( -0.342266 -0.182307  0.921747)
     C    5    Vyy=   -0.7536    axis=( -0.903354  0.333701 -0.269436)
     C    5    Vzz=    0.8950    axis=( -0.258468 -0.924883 -0.278902)
     C    5  Q=         1.0000 1e-30 m^2  Cq=         2.1029 MHz  eta= 0.68403

     H    6    Vxx=   -0.0154    axis=(  0.051938 -0.095066  0.994115)
     H    6    Vyy=   -0.2061    axis=(  0.995822 -0.069943 -0.058716)
     H    6    Vzz=    0.2215    axis=(  0.075113  0.993011  0.091036)
     H    6  Q=         1.0000 1e-30 m^2  Cq=         0.5205 MHz  eta= 0.86110

     H    7    Vxx=   -0.0813    axis=(  0.325659  0.702221  0.633113)
     H    7    Vyy=   -0.3474    axis=(  0.836062  0.098823 -0.539661)
     H    7    Vzz=    0.4286    axis=(  0.441527 -0.705068  0.554918)
     H    7  Q=         1.0000 1e-30 m^2  Cq=         1.0072 MHz  eta= 0.62079

     C    8    Vxx=   -0.0516    axis=( -0.325213  0.511162  0.795581)
     C    8    Vyy=   -0.7780    axis=( -0.582035  0.554877 -0.594430)
     C    8    Vzz=    0.8295    axis=( -0.745300 -0.656373  0.117061)
     C    8  Q=         1.0000 1e-30 m^2  Cq=         1.9491 MHz  eta= 0.87564

     H    9    Vxx=   -0.0820    axis=(  0.296504  0.594124 -0.747731)
     H    9    Vyy=   -0.4069    axis=( -0.315485  0.799919  0.510489)
     H    9    Vzz=    0.4889    axis=( -0.901418 -0.084536 -0.424617)
     H    9  Q=         1.0000 1e-30 m^2  Cq=         1.1486 MHz  eta= 0.66471

     C   10    Vxx=    0.0401    axis=(  0.098677  0.052246  0.993747)
     C   10    Vyy=    0.3311    axis=(  0.043240 -0.997903  0.048171)
     C   10    Vzz=   -0.3712    axis=(  0.994180  0.038216 -0.100729)
     C   10  Q=         1.0000 1e-30 m^2  Cq=        -0.8722 MHz  eta= 0.78390

     C   11    Vxx=   -0.0386    axis=(  0.549137 -0.422296 -0.721190)
     C   11    Vyy=   -0.9121    axis=( -0.459348  0.568396 -0.682588)
     C   11    Vzz=    0.9508    axis=( -0.698175 -0.706111 -0.118146)
     C   11  Q=         1.0000 1e-30 m^2  Cq=         2.2340 MHz  eta= 0.91872

     Cl  12    Vxx=   -1.4987    axis=(  0.799002 -0.080950 -0.595854)
     Cl  12    Vyy=   -1.7917    axis=( -0.525414  0.387957 -0.757252)
     Cl  12    Vzz=    3.2904    axis=( -0.292465 -0.918116 -0.267446)
     Cl  12  Q=        -8.1650 1e-30 m^2  Cq=       -63.1251 MHz  eta= 0.08904

     H   13    Vxx=   -0.0759    axis=(  0.899666 -0.179186  0.398112)
     H   13    Vyy=   -0.6828    axis=( -0.415523 -0.631214  0.654911)
     H   13    Vzz=    0.7586    axis=( -0.133943  0.754626  0.642338)
     H   13  Q=         1.0000 1e-30 m^2  Cq=         1.7824 MHz  eta= 0.80002

     C   14    Vxx=    0.0069    axis=( -0.029433  0.982646 -0.183142)
     C   14    Vyy=    0.3916    axis=(  0.913743  0.100729  0.393607)
     C   14    Vzz=   -0.3985    axis=(  0.405224 -0.155760 -0.900851)
     C   14  Q=         1.0000 1e-30 m^2  Cq=        -0.9363 MHz  eta= 0.96561

     H   15    Vxx=   -0.0393    axis=( -0.510320  0.579080  0.635799)
     H   15    Vyy=   -0.6085    axis=(  0.434359  0.811642 -0.390602)
     H   15    Vzz=    0.6478    axis=( -0.742231  0.076833 -0.665726)
     H   15  Q=         1.0000 1e-30 m^2  Cq=         1.5220 MHz  eta= 0.87876

     C   16    Vxx=   -0.1460    axis=(  0.618870 -0.100210 -0.779075)
     C   16    Vyy=   -0.5359    axis=( -0.733169  0.282245 -0.618709)
     C   16    Vzz=    0.6818    axis=( -0.281890 -0.954094 -0.101202)
     C   16  Q=         1.0000 1e-30 m^2  Cq=         1.6021 MHz  eta= 0.57184

     C   17    Vxx=    0.0218    axis=( -0.462004  0.724837 -0.511042)
     C   17    Vyy=    0.6894    axis=(  0.755680  0.623348  0.200960)
     C   17    Vzz=   -0.7112    axis=( -0.464220  0.293340  0.835734)
     C   17  Q=         1.0000 1e-30 m^2  Cq=        -1.6709 MHz  eta= 0.93876

     Cl  18    Vxx=    0.1744    axis=(  0.385373  0.133301  0.913082)
     Cl  18    Vyy=    2.1028    axis=( -0.719070  0.663510  0.206623)
     Cl  18    Vzz=   -2.2772    axis=( -0.578296 -0.736196  0.351552)
     Cl  18  Q=        -8.1650 1e-30 m^2  Cq=        43.6867 MHz  eta= 0.84683

     H   19    Vxx=    0.0477    axis=(  0.005222  0.464413  0.885603)
     H   19    Vyy=    0.5215    axis=( -0.026122  0.885377 -0.464140)
     H   19    Vzz=   -0.5692    axis=( -0.999645 -0.020709  0.016755)
     H   19  Q=         1.0000 1e-30 m^2  Cq=        -1.3374 MHz  eta= 0.83235

     C   20    Vxx=    0.0685    axis=(  0.842052 -0.376366 -0.386389)
     C   20    Vyy=    0.3246    axis=(  0.093206  0.807087 -0.583029)
     C   20    Vzz=   -0.3931    axis=(  0.531282  0.454927  0.714689)
     C   20  Q=         1.0000 1e-30 m^2  Cq=        -0.9236 MHz  eta= 0.65142

     H   21    Vxx=   -0.0639    axis=( -0.125183 -0.884197 -0.450028)
     H   21    Vyy=   -0.6169    axis=(  0.575623  0.304718 -0.758818)
     H   21    Vzz=    0.6808    axis=(  0.808076 -0.354037  0.470819)
     H   21  Q=         1.0000 1e-30 m^2  Cq=         1.5996 MHz  eta= 0.81239

     C   22    Vxx=   -0.0988    axis=( -0.000337  0.661227  0.750185)
     C   22    Vyy=   -0.8460    axis=(  0.547122 -0.627823  0.553621)
     C   22    Vzz=    0.9448    axis=( -0.837053 -0.410629  0.361560)
     C   22  Q=         1.0000 1e-30 m^2  Cq=         2.2198 MHz  eta= 0.79088

     C   23    Vxx=   -0.0674    axis=( -0.610707  0.579142  0.540029)
     C   23    Vyy=   -0.6211    axis=( -0.779947 -0.322100 -0.536595)
     C   23    Vzz=    0.6886    axis=( -0.136821 -0.748896  0.648409)
     C   23  Q=         1.0000 1e-30 m^2  Cq=         1.6178 MHz  eta= 0.80418

     Cl  24    Vxx=   -0.3187    axis=(  0.494338  0.260543  0.829305)
     Cl  24    Vyy=   -2.9990    axis=(  0.610574 -0.783131 -0.117918)
     Cl  24    Vzz=    3.3177    axis=(  0.618732  0.564644 -0.546212)
     Cl  24  Q=        -8.1650 1e-30 m^2  Cq=       -63.6484 MHz  eta= 0.80791

     Initialization:
     gipaw_setup  :      9.32s CPU     10.75s WALL (       1 calls)

     Linear response

     Apply operators

     Induced current

     Other routines
     efg          :      9.07s CPU     11.41s WALL (       1 calls)

     General routines
     calbec       :      3.16s CPU      4.00s WALL (      16 calls)
     fft          :      1.70s CPU      2.82s WALL (      15 calls)
     ffts         :      0.03s CPU      0.05s WALL (       2 calls)
     fftw         :      3.22s CPU      4.00s WALL (     672 calls)
     davcio       :      0.01s CPU      0.33s WALL (      32 calls)

     Parallel routines
     fft_scatter  :      2.36s CPU      4.08s WALL (     689 calls)

     Plugins

     GIPAW        :     60.58s CPU     72.01s WALL (       1 calls)
