
     Program QE v.6.0 (svn rev. 13079) starts on 20Jan2017 at 19:34: 4 

     This program is part of the open-source Quantum ESPRESSO suite
     for quantum simulation of materials; please cite
         "P. Giannozzi et al., J. Phys.:Condens. Matter 21 395502 (2009);
          URL http://www.quantum-espresso.org", 
     in publications or presentations arising from this work. More details at
     http://www.quantum-espresso.org/quote

     Parallel version (MPI), running on     8 processors
     R & G space division:  proc/nbgrp/npool/nimage =       8

     ***** This is GIPAW svn revision unknown      *****

     Parallelizing q-star over 1 images

     Reading data from directory:
     /users/majewski/paradichlorobenzene/pbe/9_constraint/scratch/pbe.ecut100.np8.dt60.pcl2phi-129368.save
     Message from routine read_xml_file:
     file /users/majewski/paradichlorobenzene/pbe/9_constraint/scratch/pbe.ecut100.np8.dt60.pcl2phi-129368.save not guaranteed to be safe for post-processing

   Info: using nr1, nr2, nr3 values from input

   Info: using nr1, nr2, nr3 values from input

     IMPORTANT: XC functional enforced from input :
     Exchange-correlation      =  SLA  PW   PBX  PBC ( 1  4  3  4 0 0)
     Any further DFT definition will be discarded
     Please, verify this is what you really want

               file C.pbe-n-kjpaw_psl.1.0.0.UPF: wavefunction(s)  2S 2P renormalized
               file Cl.pbe-n-kjpaw_psl.1.0.0.UPF: wavefunction(s)  3S 3P renormalized
               file H.pbe-kjpaw_psl.1.0.0.UPF: wavefunction(s)  1S renormalized

     Parallelization info
     --------------------
     sticks:   dense  smooth     PW     G-vecs:    dense   smooth      PW
     Min        3057    1223    332               144436    36536    5170
     Max        3059    1225    333               144437    36537    5171
     Sum       24467    9791   2657              1155489   292295   41363


     Subspace diagonalization in iterative solution of the eigenvalue problem:
     a serial algorithm will be used

     GIPAW projectors -----------------------------------------------
     atom=  C    l=0  rc=    1.2000  rs=    0.8000
     atom=  C    l=0  rc=    1.2000  rs=    0.8000
     atom=  C    l=1  rc=    1.4000  rs=    0.9333
     atom=  C    l=1  rc=    1.4000  rs=    0.9333
     projs nearly linearly dependent: l=1  n1,n2= 1, 2  s=  0.99951561

     atom=  Cl   l=0  rc=    1.6000  rs=    1.0667
     atom=  Cl   l=0  rc=    1.6000  rs=    1.0667
     atom=  Cl   l=1  rc=    1.6000  rs=    1.0667
     atom=  Cl   l=1  rc=    1.6000  rs=    1.0667
     atom=  Cl   l=2  rc=    1.6000  rs=    1.0667
     atom=  Cl   l=2  rc=    1.6000  rs=    1.0667
     projs nearly linearly dependent: l=2  n1,n2= 1, 2  s=  0.99993509

     atom=  H    l=0  rc=    1.0000  rs=    0.6667
     atom=  H    l=0  rc=    1.0000  rs=    0.6667
     projs nearly linearly dependent: l=0  n1,n2= 1, 2  s=  0.99968852
     -----------------------------------------------------------------

     GIPAW integrals: -------------------------------------------
     Atom  i/j   nmr_para   nmr_dia   epr_rmc  epr_para   epr_dia
       C   1 1   0.83E+03  0.17E-01  0.93E+01  0.24E+08  0.24E+03
       C   2 1   0.86E+03 -0.61E-01  0.94E+01  0.25E+08  0.25E+03
       C   2 2   0.90E+03 -0.15E+00  0.97E+01  0.26E+08  0.26E+03
       C   3 3   0.33E+01  0.34E+00  0.18E+01  0.55E+03  0.21E+02
       C   4 3   0.35E+01  0.37E+00  0.20E+01  0.59E+03  0.22E+02
       C   4 4   0.38E+01  0.39E+00  0.22E+01  0.63E+03  0.24E+02
       Cl  1 1   0.14E+04 -0.47E+00  0.84E+01  0.32E+09  0.42E+03
       Cl  2 1   0.21E+04 -0.37E+00  0.12E+02  0.49E+09  0.65E+03
       Cl  2 2   0.33E+04 -0.16E+00  0.21E+02  0.76E+09  0.10E+04
       Cl  3 3   0.21E+02  0.79E-01  0.89E+01  0.23E+05  0.13E+03
       Cl  4 3   0.24E+02  0.67E-01  0.99E+01  0.27E+05  0.15E+03
       Cl  4 4   0.28E+02  0.44E-01  0.11E+02  0.32E+05  0.18E+03
       Cl  5 5   0.77E+00  0.19E+00  0.18E+01  0.12E+03  0.22E+02
       Cl  6 5   0.80E+00  0.19E+00  0.19E+01  0.12E+03  0.23E+02
       Cl  6 6   0.83E+00  0.20E+00  0.19E+01  0.12E+03  0.23E+02
       H   1 1   0.39E+02  0.19E+00  0.29E+00  0.78E+05  0.13E+02
       H   2 1   0.41E+02  0.21E+00  0.32E+00  0.82E+05  0.14E+02
       H   2 2   0.43E+02  0.22E+00  0.36E+00  0.86E+05  0.15E+02
     ------------------------------------------------------------

     alpha_pv=     34.4198 eV

     Number of occupied bands for each k-point:
     k-point:     1    nbnd_occ=  42
     k-point:     2    nbnd_occ=  42
     k-point:     3    nbnd_occ=  42
     k-point:     4    nbnd_occ=  42
     k-point:     5    nbnd_occ=  42
     k-point:     6    nbnd_occ=  42
     k-point:     7    nbnd_occ=  42
     k-point:     8    nbnd_occ=  42
     k-point:     9    nbnd_occ=  42
     k-point:    10    nbnd_occ=  42
     k-point:    11    nbnd_occ=  42
     k-point:    12    nbnd_occ=  42
     k-point:    13    nbnd_occ=  42
     k-point:    14    nbnd_occ=  42
     k-point:    15    nbnd_occ=  42
     k-point:    16    nbnd_occ=  42


     q-space interpolation up to   110.00 Rydberg

     GIPAW job: efg                                                                             


     ELECTRIC FIELD GRADIENTS TENSORS IN Hartree/bohrradius^2:

     ----- bare term -----
     Cl   1        0.056830        0.048077        0.056277
     Cl   1        0.048077       -0.069798       -0.006279
     Cl   1        0.056277       -0.006279        0.012968

     C    2       -0.673748        0.499938       -0.363568
     C    2        0.499938        0.088468       -0.079064
     C    2       -0.363568       -0.079064        0.585280

     C    3        0.332714        0.087183       -0.117509
     C    3        0.087183       -0.481154       -0.682745
     C    3       -0.117509       -0.682745        0.148440

     H    4       -0.333480        0.239382       -0.334530
     H    4        0.239382       -0.060266       -0.306773
     H    4       -0.334530       -0.306773        0.393746

     C    5       -0.861716        0.368492       -0.374554
     C    5        0.368492        0.360520       -0.083194
     C    5       -0.374554       -0.083194        0.501196

     H    6        0.158775        0.098368       -0.198016
     H    6        0.098368       -0.429085       -0.580661
     H    6       -0.198016       -0.580661        0.270310

     H    7        0.388536        0.135741        0.009289
     H    7        0.135741       -0.680692       -0.132291
     H    7        0.009289       -0.132291        0.292155

     C    8        0.061828        0.079008       -0.184757
     C    8        0.079008       -0.130784        0.257502
     C    8       -0.184757        0.257502        0.068956

     H    9       -0.170660        0.435827        0.003859
     H    9        0.435827       -0.168746       -0.132713
     H    9        0.003859       -0.132713        0.339406

     C   10       -0.180800        0.004012        0.141667
     C   10        0.004012       -0.134667       -0.236962
     C   10        0.141667       -0.236962        0.315467

     C   11        0.191411        0.050149       -0.079863
     C   11        0.050149       -0.099733        0.316871
     C   11       -0.079863        0.316871       -0.091678

     Cl  12        0.031198       -0.209528        0.074380
     Cl  12       -0.209528       -0.206476       -0.316231
     Cl  12        0.074380       -0.316231        0.175278

     H   13        0.273227       -0.333894       -0.091303
     H   13       -0.333894       -0.474535       -0.331664
     H   13       -0.091303       -0.331664        0.201308

     C   14        0.196559        0.020379       -0.059171
     C   14        0.020379       -0.374598       -0.451606
     C   14       -0.059171       -0.451606        0.178039

     H   15       -0.148586       -0.498011       -0.300410
     H   15       -0.498011       -0.212346       -0.204516
     H   15       -0.300410       -0.204516        0.360932

     C   16       -0.687004        0.290664       -0.279595
     C   16        0.290664        0.210135       -0.065193
     C   16       -0.279595       -0.065193        0.476869

     C   17        0.095965       -0.037107       -0.250064
     C   17       -0.037107       -0.032794       -0.622875
     C   17       -0.250064       -0.622875       -0.063171

     Cl  18       -0.324939        0.294580        0.044249
     Cl  18        0.294580        0.122350       -0.135190
     Cl  18        0.044249       -0.135190        0.202589

     H   19        0.166771        0.147297        0.084511
     H   19        0.147297       -0.485260        0.503024
     H   19        0.084511        0.503024        0.318489

     C   20       -0.906713       -0.355626       -0.384874
     C   20       -0.355626        0.490521        0.058857
     C   20       -0.384874        0.058857        0.416192

     H   21       -0.583466       -0.000779       -0.021325
     H   21       -0.000779        0.362799        0.325515
     H   21       -0.021325        0.325515        0.220666

     C   22        0.070579        0.008594       -0.190381
     C   22        0.008594       -0.448655        0.416696
     C   22       -0.190381        0.416696        0.378077

     C   23       -0.696597       -0.437650       -0.384144
     C   23       -0.437650        0.372950        0.111655
     C   23       -0.384144        0.111655        0.323647

     Cl  24       -0.000531       -0.021058        0.049189
     Cl  24       -0.021058       -0.000464       -0.069217
     Cl  24        0.049189       -0.069217        0.000995

     ----- ionic term -----
     Cl   1        0.195888       -0.235505       -0.008026
     Cl   1       -0.235505       -0.033228        0.011517
     Cl   1       -0.008026        0.011517       -0.162660

     C    2        0.254379       -0.186260        0.214759
     C    2       -0.186260        0.097079        0.390213
     C    2        0.214759        0.390213       -0.351458

     C    3        0.117703       -0.233547        0.146369
     C    3       -0.233547        0.245412        0.408426
     C    3        0.146369        0.408426       -0.363115

     H    4        0.635354        0.342146        0.612625
     H    4        0.342146       -0.356868        0.249896
     H    4        0.612625        0.249896       -0.278486

     C    5        0.318498       -0.148857        0.249280
     C    5       -0.148857        0.075761        0.299401
     C    5        0.249280        0.299401       -0.394259

     H    6       -0.461436        0.261581        0.152107
     H    6        0.261581        0.668794        0.663897
     H    6        0.152107        0.663897       -0.207358

     H    7       -0.510939       -0.104530        0.035049
     H    7       -0.104530        0.886352       -0.532385
     H    7        0.035049       -0.532385       -0.375412

     C    8        0.419830        0.054789        0.148545
     C    8        0.054789        0.065680       -0.307883
     C    8        0.148545       -0.307883       -0.485511

     H    9        0.725422       -0.336821        0.572496
     H    9       -0.336821       -0.402742       -0.235578
     H    9        0.572496       -0.235578       -0.322680

     C   10        0.271274        0.171441        0.080580
     C   10        0.171441        0.139991       -0.358353
     C   10        0.080580       -0.358353       -0.411265

     C   11        0.341928        0.127629        0.093055
     C   11        0.127629        0.147774       -0.336815
     C   11        0.093055       -0.336815       -0.489701

     Cl  12        0.166225        0.200513       -0.013082
     Cl  12        0.200513        0.009299       -0.026989
     Cl  12       -0.013082       -0.026989       -0.175524

     H   13       -0.485535        0.266867        0.156264
     H   13        0.266867        0.618450        0.698406
     H   13        0.156264        0.698406       -0.132915

     C   14        0.270169       -0.145736        0.235145
     C   14       -0.145736        0.073862        0.307413
     C   14        0.235145        0.307413       -0.344031

     H   15        0.714944        0.235412        0.627993
     H   15        0.235412       -0.473845        0.193075
     H   15        0.627993        0.193075       -0.241099

     C   16        0.173704       -0.236809        0.154025
     C   16       -0.236809        0.162391        0.365456
     C   16        0.154025        0.365456       -0.336095

     C   17        0.256534       -0.162645        0.220144
     C   17       -0.162645        0.092952        0.380013
     C   17        0.220144        0.380013       -0.349485

     Cl  18        0.109682       -0.192321       -0.027098
     Cl  18       -0.192321        0.041342        0.031902
     Cl  18       -0.027098        0.031902       -0.151024

     H   19       -0.468598       -0.290296        0.075932
     H   19       -0.290296        0.899080       -0.456144
     H   19        0.075932       -0.456144       -0.430482

     C   20        0.405577        0.051399        0.063819
     C   20        0.051399        0.113466       -0.270423
     C   20        0.063819       -0.270423       -0.519044

     H   21        0.680995       -0.379199        0.581358
     H   21       -0.379199       -0.353308       -0.234430
     H   21        0.581358       -0.234430       -0.327687

     C   22        0.204790        0.129432        0.077710
     C   22        0.129432        0.264689       -0.368919
     C   22        0.077710       -0.368919       -0.469479

     C   23        0.272049       -0.002920        0.188911
     C   23       -0.002920        0.222532       -0.379258
     C   23        0.188911       -0.379258       -0.494582

     Cl  24        0.153246        0.201399       -0.021031
     Cl  24        0.201399       -0.014163       -0.017971
     Cl  24       -0.021031       -0.017971       -0.139083

     ----- GIPAW term -----
     Cl   1       -0.277223       -1.174470        0.233223
     Cl   1       -1.174470        1.415438        1.845635
     Cl   1        0.233223        1.845635       -1.138214

     C    2       -0.044374        0.036895       -0.008965
     C    2        0.036895        0.037997        0.029068
     C    2       -0.008965        0.029068        0.006377

     C    3       -0.041049       -0.005751        0.007633
     C    3       -0.005751        0.100453        0.073982
     C    3        0.007633        0.073982       -0.059404

     H    4       -0.000000        0.000000        0.000000
     H    4        0.000000        0.000000        0.000000
     H    4        0.000000        0.000000        0.000000

     C    5       -0.152982       -0.038847       -0.035198
     C    5       -0.038847        0.192523        0.061297
     C    5       -0.035198        0.061297       -0.039541

     H    6       -0.000000        0.000000        0.000000
     H    6        0.000000        0.000000        0.000000
     H    6        0.000000        0.000000        0.000000

     H    7       -0.000000        0.000000        0.000000
     H    7        0.000000        0.000000        0.000000
     H    7        0.000000        0.000000        0.000000

     C    8       -0.024570        0.004699       -0.008862
     C    8        0.004699        0.104677        0.063619
     C    8       -0.008862        0.063619       -0.080107

     H    9       -0.000000        0.000000        0.000000
     H    9        0.000000        0.000000        0.000000
     H    9        0.000000        0.000000        0.000000

     C   10        0.005866        0.026324        0.020339
     C   10        0.026324       -0.011514       -0.041081
     C   10        0.020339       -0.041081        0.005647

     C   11        0.019922        0.005485       -0.014008
     C   11        0.005485        0.041914        0.023487
     C   11       -0.014008        0.023487       -0.061836

     Cl  12       -0.548466       -0.169679       -0.301668
     Cl  12       -0.169679        0.606842        1.008970
     Cl  12       -0.301668        1.008970       -0.058376

     H   13       -0.000000        0.000000        0.000000
     H   13        0.000000        0.000000        0.000000
     H   13        0.000000        0.000000        0.000000

     C   14       -0.032325        0.014372        0.024282
     C   14        0.014372        0.081317        0.043017
     C   14        0.024282        0.043017       -0.048992

     H   15       -0.000000        0.000000        0.000000
     H   15        0.000000        0.000000        0.000000
     H   15        0.000000        0.000000        0.000000

     C   16       -0.148350        0.031264       -0.034074
     C   16        0.031264        0.179314        0.036502
     C   16       -0.034074        0.036502       -0.030964

     C   17       -0.056015       -0.035595       -0.023826
     C   17       -0.035595        0.243599       -0.016483
     C   17       -0.023826       -0.016483       -0.187584

     Cl  18       -1.084995       -1.245223        0.342807
     Cl  18       -1.245223        1.913420       -1.815830
     Cl  18        0.342807       -1.815830       -0.828425

     H   19       -0.000000        0.000000        0.000000
     H   19        0.000000        0.000000        0.000000
     H   19        0.000000        0.000000        0.000000

     C   20       -0.231575        0.026798       -0.046335
     C   20        0.026798        0.304597       -0.091314
     C   20       -0.046335       -0.091314       -0.073021

     H   21       -0.000000        0.000000        0.000000
     H   21        0.000000        0.000000        0.000000
     H   21        0.000000        0.000000        0.000000

     C   22       -0.097558        0.080722       -0.069408
     C   22        0.080722        0.005877       -0.171262
     C   22       -0.069408       -0.171262        0.091681

     C   23       -0.166153       -0.041935       -0.038175
     C   23       -0.041935        0.297425       -0.047323
     C   23       -0.038175       -0.047323       -0.131272

     Cl  24       -0.250761        1.533128        0.135064
     Cl  24        1.533128        1.376102       -1.980628
     Cl  24        0.135064       -1.980628       -1.125341

     ----- total EFG -----
     Cl   1       -0.024505       -1.361898        0.281474
     Cl   1       -1.361898        1.312412        1.850873
     Cl   1        0.281474        1.850873       -1.287907

     C    2       -0.463743        0.350574       -0.157773
     C    2        0.350574        0.223544        0.340217
     C    2       -0.157773        0.340217        0.240199

     C    3        0.409368       -0.152115        0.036493
     C    3       -0.152115       -0.135289       -0.200337
     C    3        0.036493       -0.200337       -0.274079

     H    4        0.301874        0.581528        0.278095
     H    4        0.581528       -0.417134       -0.056877
     H    4        0.278095       -0.056877        0.115260

     C    5       -0.696200        0.180788       -0.160473
     C    5        0.180788        0.628804        0.277503
     C    5       -0.160473        0.277503        0.067396

     H    6       -0.302661        0.359949       -0.045909
     H    6        0.359949        0.239709        0.083236
     H    6       -0.045909        0.083236        0.062952

     H    7       -0.122403        0.031211        0.044338
     H    7        0.031211        0.205660       -0.664675
     H    7        0.044338       -0.664675       -0.083257

     C    8        0.457089        0.138496       -0.045074
     C    8        0.138496        0.039573        0.013238
     C    8       -0.045074        0.013238       -0.496662

     H    9        0.554762        0.099007        0.576355
     H    9        0.099007       -0.571488       -0.368291
     H    9        0.576355       -0.368291        0.016726

     C   10        0.096340        0.201778        0.242585
     C   10        0.201778       -0.006190       -0.636396
     C   10        0.242585       -0.636396       -0.090151

     C   11        0.553261        0.183263       -0.000815
     C   11        0.183263        0.089955        0.003543
     C   11       -0.000815        0.003543       -0.643216

     Cl  12       -0.351044       -0.178694       -0.240370
     Cl  12       -0.178694        0.409665        0.665750
     Cl  12       -0.240370        0.665750       -0.058622

     H   13       -0.212309       -0.067027        0.064961
     H   13       -0.067027        0.143916        0.366742
     H   13        0.064961        0.366742        0.068393

     C   14        0.434403       -0.110985        0.200256
     C   14       -0.110985       -0.219419       -0.101176
     C   14        0.200256       -0.101176       -0.214984

     H   15        0.566358       -0.262599        0.327584
     H   15       -0.262599       -0.686191       -0.011441
     H   15        0.327584       -0.011441        0.119833

     C   16       -0.661650        0.085118       -0.159645
     C   16        0.085118        0.551841        0.336765
     C   16       -0.159645        0.336765        0.109809

     C   17        0.296484       -0.235347       -0.053746
     C   17       -0.235347        0.303757       -0.259345
     C   17       -0.053746       -0.259345       -0.600241

     Cl  18       -1.300252       -1.142964        0.359958
     Cl  18       -1.142964        2.077111       -1.919118
     Cl  18        0.359958       -1.919118       -0.776859

     H   19       -0.301827       -0.142999        0.160443
     H   19       -0.142999        0.413820        0.046881
     H   19        0.160443        0.046881       -0.111993

     C   20       -0.732711       -0.277429       -0.367391
     C   20       -0.277429        0.908584       -0.302879
     C   20       -0.367391       -0.302879       -0.175873

     H   21        0.097530       -0.379978        0.560033
     H   21       -0.379978        0.009491        0.091084
     H   21        0.560033        0.091084       -0.107021

     C   22        0.177810        0.218749       -0.182079
     C   22        0.218749       -0.178090       -0.123486
     C   22       -0.182079       -0.123486        0.000280

     C   23       -0.590700       -0.482505       -0.233409
     C   23       -0.482505        0.892908       -0.314926
     C   23       -0.233409       -0.314926       -0.302207

     Cl  24       -0.098046        1.713469        0.163222
     Cl  24        1.713469        1.361475       -2.067816
     Cl  24        0.163222       -2.067816       -1.263429

     ----- total EFG (symmetrized) -----
     Cl   1       -0.024505       -1.361898        0.281474
     Cl   1       -1.361898        1.312412        1.850873
     Cl   1        0.281474        1.850873       -1.287907

     C    2       -0.463743        0.350574       -0.157773
     C    2        0.350574        0.223544        0.340217
     C    2       -0.157773        0.340217        0.240199

     C    3        0.409368       -0.152115        0.036493
     C    3       -0.152115       -0.135289       -0.200337
     C    3        0.036493       -0.200337       -0.274079

     H    4        0.301874        0.581528        0.278095
     H    4        0.581528       -0.417134       -0.056877
     H    4        0.278095       -0.056877        0.115260

     C    5       -0.696200        0.180788       -0.160473
     C    5        0.180788        0.628804        0.277503
     C    5       -0.160473        0.277503        0.067396

     H    6       -0.302661        0.359949       -0.045909
     H    6        0.359949        0.239709        0.083236
     H    6       -0.045909        0.083236        0.062952

     H    7       -0.122403        0.031211        0.044338
     H    7        0.031211        0.205660       -0.664675
     H    7        0.044338       -0.664675       -0.083257

     C    8        0.457089        0.138496       -0.045074
     C    8        0.138496        0.039573        0.013238
     C    8       -0.045074        0.013238       -0.496662

     H    9        0.554762        0.099007        0.576355
     H    9        0.099007       -0.571488       -0.368291
     H    9        0.576355       -0.368291        0.016726

     C   10        0.096340        0.201778        0.242585
     C   10        0.201778       -0.006190       -0.636396
     C   10        0.242585       -0.636396       -0.090151

     C   11        0.553261        0.183263       -0.000815
     C   11        0.183263        0.089955        0.003543
     C   11       -0.000815        0.003543       -0.643216

     Cl  12       -0.351044       -0.178694       -0.240370
     Cl  12       -0.178694        0.409665        0.665750
     Cl  12       -0.240370        0.665750       -0.058622

     H   13       -0.212309       -0.067027        0.064961
     H   13       -0.067027        0.143916        0.366742
     H   13        0.064961        0.366742        0.068393

     C   14        0.434403       -0.110985        0.200256
     C   14       -0.110985       -0.219419       -0.101176
     C   14        0.200256       -0.101176       -0.214984

     H   15        0.566358       -0.262599        0.327584
     H   15       -0.262599       -0.686191       -0.011441
     H   15        0.327584       -0.011441        0.119833

     C   16       -0.661650        0.085118       -0.159645
     C   16        0.085118        0.551841        0.336765
     C   16       -0.159645        0.336765        0.109809

     C   17        0.296484       -0.235347       -0.053746
     C   17       -0.235347        0.303757       -0.259345
     C   17       -0.053746       -0.259345       -0.600241

     Cl  18       -1.300252       -1.142964        0.359958
     Cl  18       -1.142964        2.077111       -1.919118
     Cl  18        0.359958       -1.919118       -0.776859

     H   19       -0.301827       -0.142999        0.160443
     H   19       -0.142999        0.413820        0.046881
     H   19        0.160443        0.046881       -0.111993

     C   20       -0.732711       -0.277429       -0.367391
     C   20       -0.277429        0.908584       -0.302879
     C   20       -0.367391       -0.302879       -0.175873

     H   21        0.097530       -0.379978        0.560033
     H   21       -0.379978        0.009491        0.091084
     H   21        0.560033        0.091084       -0.107021

     C   22        0.177810        0.218749       -0.182079
     C   22        0.218749       -0.178090       -0.123486
     C   22       -0.182079       -0.123486        0.000280

     C   23       -0.590700       -0.482505       -0.233409
     C   23       -0.482505        0.892908       -0.314926
     C   23       -0.233409       -0.314926       -0.302207

     Cl  24       -0.098046        1.713469        0.163222
     Cl  24        1.713469        1.361475       -2.067816
     Cl  24        0.163222       -2.067816       -1.263429


     NQR/NMR SPECTROSCOPIC PARAMETERS:
     Cl   1    Vxx=   -0.1410    axis=(  0.853501  0.174471  0.491015)
     Cl   1    Vyy=   -2.5820    axis=(  0.353040  0.499460 -0.791140)
     Cl   1    Vzz=    2.7230    axis=( -0.383274  0.848587  0.364694)
     Cl   1  Q=        -8.1650 1e-30 m^2  Cq=       -52.2389 MHz  eta= 0.89646

     C    2    Vxx=    0.1062    axis=( -0.505784 -0.508832  0.696615)
     C    2    Vyy=    0.5922    axis=( -0.149502 -0.743598 -0.651698)
     C    2    Vzz=   -0.6984    axis=( -0.849607  0.433764 -0.300028)
     C    2  Q=         1.0000 1e-30 m^2  Cq=        -1.6411 MHz  eta= 0.69577

     C    3    Vxx=   -0.0387    axis=(  0.302178  0.748513 -0.590268)
     C    3    Vyy=   -0.4211    axis=(  0.074629  0.598739  0.797460)
     C    3    Vzz=    0.4598    axis=( -0.950326  0.285026 -0.125065)
     C    3  Q=         1.0000 1e-30 m^2  Cq=         1.0803 MHz  eta= 0.83160

     H    4    Vxx=    0.0735    axis=( -0.209291 -0.353754  0.911622)
     H    4    Vyy=    0.7075    axis=(  0.838060  0.415460  0.353621)
     H    4    Vzz=   -0.7810    axis=( -0.503838  0.838004  0.209515)
     H    4  Q=         1.0000 1e-30 m^2  Cq=        -1.8350 MHz  eta= 0.81181

     C    5    Vxx=    0.0180    axis=( -0.284941 -0.325303  0.901658)
     C    5    Vyy=    0.7509    axis=( -0.076299 -0.929970 -0.359630)
     C    5    Vzz=   -0.7689    axis=(  0.955504 -0.171269  0.240166)
     C    5  Q=         1.0000 1e-30 m^2  Cq=        -1.8067 MHz  eta= 0.95321

     H    6    Vxx=    0.0659    axis=( -0.191801 -0.071528  0.978824)
     H    6    Vyy=    0.4273    axis=( -0.429714 -0.890540 -0.149280)
     H    6    Vzz=   -0.4932    axis=(  0.882359 -0.449247  0.140069)
     H    6  Q=         1.0000 1e-30 m^2  Cq=        -1.1589 MHz  eta= 0.73291

     H    7    Vxx=   -0.1166    axis=( -0.994242 -0.070375 -0.080805)
     H    7    Vyy=   -0.6248    axis=( -0.107077  0.623720  0.774279)
     H    7    Vzz=    0.7414    axis=(  0.004090 -0.778473  0.627665)
     H    7  Q=         1.0000 1e-30 m^2  Cq=         1.7420 MHz  eta= 0.68549

     C    8    Vxx=   -0.0009    axis=( -0.284451  0.957311  0.051421)
     C    8    Vyy=   -0.4995    axis=( -0.052519  0.037996 -0.997897)
     C    8    Vzz=    0.5004    axis=( -0.957251 -0.286553  0.039469)
     C    8  Q=         1.0000 1e-30 m^2  Cq=         1.1758 MHz  eta= 0.99653

     H    9    Vxx=   -0.0852    axis=(  0.489413  0.587615 -0.644348)
     H    9    Vyy=   -0.8460    axis=( -0.273507  0.805036  0.526413)
     H    9    Vzz=    0.9311    axis=( -0.828051  0.081400 -0.554712)
     H    9  Q=         1.0000 1e-30 m^2  Cq=         2.1878 MHz  eta= 0.81704

     C   10    Vxx=    0.2066    axis=( -0.942024 -0.260412 -0.211604)
     C   10    Vyy=    0.5904    axis=( -0.044369  0.721762 -0.690718)
     C   10    Vzz=   -0.7970    axis=( -0.332599  0.641284  0.691471)
     C   10  Q=         1.0000 1e-30 m^2  Cq=        -1.8727 MHz  eta= 0.48156

     C   11    Vxx=    0.0262    axis=( -0.328436  0.944511  0.005398)
     C   11    Vyy=    0.6170    axis=(  0.944525  0.328439  0.000312)
     C   11    Vzz=   -0.6432    axis=(  0.001478 -0.005201  0.999985)
     C   11  Q=         1.0000 1e-30 m^2  Cq=        -1.5113 MHz  eta= 0.91838

     Cl  12    Vxx=   -0.3642    axis=( -0.855859 -0.436417  0.277572)
     Cl  12    Vyy=   -0.5799    axis=(  0.470112 -0.432651  0.769291)
     Cl  12    Vzz=    0.9441    axis=(  0.215640 -0.788894 -0.575453)
     Cl  12  Q=        -8.1650 1e-30 m^2  Cq=       -18.1128 MHz  eta= 0.22849

     H   13    Vxx=   -0.1410    axis=(  0.793701 -0.401505  0.456982)
     H   13    Vyy=   -0.3339    axis=( -0.608238 -0.535227  0.586156)
     H   13    Vzz=    0.4749    axis=( -0.009245  0.743186  0.669021)
     H   13  Q=         1.0000 1e-30 m^2  Cq=         1.1158 MHz  eta= 0.40618

     C   14    Vxx=   -0.1905    axis=( -0.316295 -0.762400  0.564539)
     C   14    Vyy=   -0.3254    axis=(  0.113604 -0.621248 -0.775335)
     C   14    Vzz=    0.5159    axis=(  0.941834 -0.181100  0.283110)
     C   14  Q=         1.0000 1e-30 m^2  Cq=         1.2123 MHz  eta= 0.26137

     H   15    Vxx=   -0.0358    axis=( -0.419641  0.153696  0.894583)
     H   15    Vyy=   -0.7426    axis=( -0.212519 -0.974803  0.067788)
     H   15    Vzz=    0.7784    axis=(  0.882461 -0.161670  0.441731)
     H   15  Q=         1.0000 1e-30 m^2  Cq=         1.8290 MHz  eta= 0.90802

     C   16    Vxx=   -0.0209    axis=( -0.271729 -0.457460  0.846696)
     C   16    Vyy=   -0.7127    axis=( -0.962373  0.128533 -0.239409)
     C   16    Vzz=    0.7336    axis=(  0.000691 -0.879892 -0.475173)
     C   16  Q=         1.0000 1e-30 m^2  Cq=         1.7238 MHz  eta= 0.94301

     C   17    Vxx=    0.1269    axis=(  0.750790  0.602649 -0.270425)
     C   17    Vyy=    0.5560    axis=(  0.649675 -0.747672  0.137509)
     C   17    Vzz=   -0.6829    axis=(  0.119319  0.278929  0.952870)
     C   17  Q=         1.0000 1e-30 m^2  Cq=        -1.6045 MHz  eta= 0.62825

     Cl  18    Vxx=   -1.4732    axis=(  0.795725 -0.069081 -0.601706)
     Cl  18    Vyy=   -1.8702    axis=(  0.552915  0.488340  0.675136)
     Cl  18    Vzz=    3.3434    axis=( -0.247198  0.869915 -0.426780)
     Cl  18  Q=        -8.1650 1e-30 m^2  Cq=       -64.1418 MHz  eta= 0.11874

     H   19    Vxx=   -0.0223    axis=(  0.473366  0.060745  0.878769)
     H   19    Vyy=   -0.4195    axis=(  0.861767  0.174678 -0.476283)
     H   19    Vzz=    0.4418    axis=( -0.182433  0.982750  0.030339)
     H   19  Q=         1.0000 1e-30 m^2  Cq=         1.0381 MHz  eta= 0.89893

     C   20    Vxx=   -0.0135    axis=( -0.491468  0.134757  0.860407)
     C   20    Vyy=   -0.9934    axis=(  0.863987  0.199636  0.462246)
     C   20    Vzz=    1.0068    axis=( -0.109477  0.970560 -0.214544)
     C   20  Q=         1.0000 1e-30 m^2  Cq=         2.3656 MHz  eta= 0.97327

     H   21    Vxx=    0.0574    axis=( -0.029687 -0.828128 -0.559752)
     H   21    Vyy=    0.6600    axis=( -0.768866  0.376760 -0.516621)
     H   21    Vzz=   -0.7175    axis=(  0.638721  0.415038 -0.647904)
     H   21  Q=         1.0000 1e-30 m^2  Cq=        -1.6858 MHz  eta= 0.83989

     C   22    Vxx=   -0.1129    axis=(  0.502370  0.050724  0.863164)
     C   22    Vyy=   -0.2875    axis=(  0.367857 -0.915967 -0.160269)
     C   22    Vzz=    0.4005    axis=(  0.782500  0.398035 -0.478813)
     C   22  Q=         1.0000 1e-30 m^2  Cq=         0.9410 MHz  eta= 0.43595

     C   23    Vxx=   -0.1730    axis=(  0.508682 -0.024007 -0.860620)
     C   23    Vyy=   -0.9048    axis=( -0.823596 -0.304835 -0.478294)
     C   23    Vzz=    1.0779    axis=( -0.250865  0.952102 -0.174837)
     C   23  Q=         1.0000 1e-30 m^2  Cq=         2.5326 MHz  eta= 0.67894

     Cl  24    Vxx=   -0.3510    axis=(  0.824007 -0.173026  0.539513)
     Cl  24    Vyy=   -2.8037    axis=( -0.382649  0.532300  0.755140)
     Cl  24    Vzz=    3.1547    axis=( -0.417841 -0.828685  0.372411)
     Cl  24  Q=        -8.1650 1e-30 m^2  Cq=       -60.5217 MHz  eta= 0.77749

     Initialization:
     gipaw_setup  :      9.03s CPU     10.86s WALL (       1 calls)

     Linear response

     Apply operators

     Induced current

     Other routines
     efg          :      9.44s CPU     12.21s WALL (       1 calls)

     General routines
     calbec       :      3.27s CPU      4.09s WALL (      16 calls)
     fft          :      1.29s CPU      1.71s WALL (      15 calls)
     ffts         :      0.05s CPU      0.09s WALL (       2 calls)
     fftw         :      3.35s CPU      4.46s WALL (     672 calls)
     davcio       :      0.03s CPU      0.32s WALL (      32 calls)

     Parallel routines
     fft_scatter  :      2.14s CPU      3.41s WALL (     689 calls)

     Plugins

     GIPAW        :     60.58s CPU     72.18s WALL (       1 calls)
