
     Program QE v.6.0 (svn rev. 13079) starts on 17Jan2017 at  9:19:26 

     This program is part of the open-source Quantum ESPRESSO suite
     for quantum simulation of materials; please cite
         "P. Giannozzi et al., J. Phys.:Condens. Matter 21 395502 (2009);
          URL http://www.quantum-espresso.org", 
     in publications or presentations arising from this work. More details at
     http://www.quantum-espresso.org/quote

     Parallel version (MPI), running on     8 processors
     R & G space division:  proc/nbgrp/npool/nimage =       8

     ***** This is GIPAW svn revision unknown      *****

     Parallelizing q-star over 1 images

     Reading data from directory:
     /users/majewski/paradichlorobenzene/pbe/9_constraint/scratch/pbe.ecut100.np8.dt60.pcl2phi-129368.save
     Message from routine read_xml_file:
     file /users/majewski/paradichlorobenzene/pbe/9_constraint/scratch/pbe.ecut100.np8.dt60.pcl2phi-129368.save not guaranteed to be safe for post-processing

   Info: using nr1, nr2, nr3 values from input

   Info: using nr1, nr2, nr3 values from input

     IMPORTANT: XC functional enforced from input :
     Exchange-correlation      =  SLA  PW   PBX  PBC ( 1  4  3  4 0 0)
     Any further DFT definition will be discarded
     Please, verify this is what you really want

               file C.pbe-n-kjpaw_psl.1.0.0.UPF: wavefunction(s)  2S 2P renormalized
               file Cl.pbe-n-kjpaw_psl.1.0.0.UPF: wavefunction(s)  3S 3P renormalized
               file H.pbe-kjpaw_psl.1.0.0.UPF: wavefunction(s)  1S renormalized

     Parallelization info
     --------------------
     sticks:   dense  smooth     PW     G-vecs:    dense   smooth      PW
     Min        3057    1223    332               144436    36536    5170
     Max        3059    1225    333               144437    36537    5171
     Sum       24467    9791   2657              1155489   292295   41363


     Subspace diagonalization in iterative solution of the eigenvalue problem:
     a serial algorithm will be used

     GIPAW projectors -----------------------------------------------
     atom=  C    l=0  rc=    1.2000  rs=    0.8000
     atom=  C    l=0  rc=    1.2000  rs=    0.8000
     atom=  C    l=1  rc=    1.4000  rs=    0.9333
     atom=  C    l=1  rc=    1.4000  rs=    0.9333
     projs nearly linearly dependent: l=1  n1,n2= 1, 2  s=  0.99951561

     atom=  Cl   l=0  rc=    1.6000  rs=    1.0667
     atom=  Cl   l=0  rc=    1.6000  rs=    1.0667
     atom=  Cl   l=1  rc=    1.6000  rs=    1.0667
     atom=  Cl   l=1  rc=    1.6000  rs=    1.0667
     atom=  Cl   l=2  rc=    1.6000  rs=    1.0667
     atom=  Cl   l=2  rc=    1.6000  rs=    1.0667
     projs nearly linearly dependent: l=2  n1,n2= 1, 2  s=  0.99993509

     atom=  H    l=0  rc=    1.0000  rs=    0.6667
     atom=  H    l=0  rc=    1.0000  rs=    0.6667
     projs nearly linearly dependent: l=0  n1,n2= 1, 2  s=  0.99968852
     -----------------------------------------------------------------

     GIPAW integrals: -------------------------------------------
     Atom  i/j   nmr_para   nmr_dia   epr_rmc  epr_para   epr_dia
       C   1 1   0.83E+03  0.17E-01  0.93E+01  0.24E+08  0.24E+03
       C   2 1   0.86E+03 -0.61E-01  0.94E+01  0.25E+08  0.25E+03
       C   2 2   0.90E+03 -0.15E+00  0.97E+01  0.26E+08  0.26E+03
       C   3 3   0.33E+01  0.34E+00  0.18E+01  0.55E+03  0.21E+02
       C   4 3   0.35E+01  0.37E+00  0.20E+01  0.59E+03  0.22E+02
       C   4 4   0.38E+01  0.39E+00  0.22E+01  0.63E+03  0.24E+02
       Cl  1 1   0.14E+04 -0.47E+00  0.84E+01  0.32E+09  0.42E+03
       Cl  2 1   0.21E+04 -0.37E+00  0.12E+02  0.49E+09  0.65E+03
       Cl  2 2   0.33E+04 -0.16E+00  0.21E+02  0.76E+09  0.10E+04
       Cl  3 3   0.21E+02  0.79E-01  0.89E+01  0.23E+05  0.13E+03
       Cl  4 3   0.24E+02  0.67E-01  0.99E+01  0.27E+05  0.15E+03
       Cl  4 4   0.28E+02  0.44E-01  0.11E+02  0.32E+05  0.18E+03
       Cl  5 5   0.77E+00  0.19E+00  0.18E+01  0.12E+03  0.22E+02
       Cl  6 5   0.80E+00  0.19E+00  0.19E+01  0.12E+03  0.23E+02
       Cl  6 6   0.83E+00  0.20E+00  0.19E+01  0.12E+03  0.23E+02
       H   1 1   0.39E+02  0.19E+00  0.29E+00  0.78E+05  0.13E+02
       H   2 1   0.41E+02  0.21E+00  0.32E+00  0.82E+05  0.14E+02
       H   2 2   0.43E+02  0.22E+00  0.36E+00  0.86E+05  0.15E+02
     ------------------------------------------------------------

     alpha_pv=     34.3628 eV

     Number of occupied bands for each k-point:
     k-point:     1    nbnd_occ=  42
     k-point:     2    nbnd_occ=  42
     k-point:     3    nbnd_occ=  42
     k-point:     4    nbnd_occ=  42
     k-point:     5    nbnd_occ=  42
     k-point:     6    nbnd_occ=  42
     k-point:     7    nbnd_occ=  42
     k-point:     8    nbnd_occ=  42
     k-point:     9    nbnd_occ=  42
     k-point:    10    nbnd_occ=  42
     k-point:    11    nbnd_occ=  42
     k-point:    12    nbnd_occ=  42
     k-point:    13    nbnd_occ=  42
     k-point:    14    nbnd_occ=  42
     k-point:    15    nbnd_occ=  42
     k-point:    16    nbnd_occ=  42


     q-space interpolation up to   110.00 Rydberg

     GIPAW job: efg                                                                             


     ELECTRIC FIELD GRADIENTS TENSORS IN Hartree/bohrradius^2:

     ----- bare term -----
     Cl   1       -0.066701        0.255604       -0.042425
     Cl   1        0.255604       -0.188688       -0.207419
     Cl   1       -0.042425       -0.207419        0.255389

     C    2        0.105093       -0.061170       -0.274933
     C    2       -0.061170       -0.043770       -0.624182
     C    2       -0.274933       -0.624182       -0.061323

     C    3       -0.555468        0.335771       -0.043382
     C    3        0.335771        0.018620       -0.085108
     C    3       -0.043382       -0.085108        0.536848

     H    4       -0.000957       -0.242907       -0.272141
     H    4       -0.242907       -0.422228       -0.204700
     H    4       -0.272141       -0.204700        0.423185

     C    5       -0.009363       -0.208433       -0.438103
     C    5       -0.208433       -0.113204       -0.427054
     C    5       -0.438103       -0.427054        0.122567

     H    6        0.312116        0.239011        0.021851
     H    6        0.239011       -0.631635       -0.296246
     H    6        0.021851       -0.296246        0.319520

     H    7        0.300619        0.104329        0.234493
     H    7        0.104329       -0.184742        0.424099
     H    7        0.234493        0.424099       -0.115877

     C    8       -0.646168       -0.344680       -0.375015
     C    8       -0.344680        0.403958        0.102218
     C    8       -0.375015        0.102218        0.242210

     H    9        0.042657        0.082487       -0.440770
     H    9        0.082487        0.225730       -0.232365
     H    9       -0.440770       -0.232365       -0.268387

     C   10        0.127621       -0.308919       -0.047472
     C   10       -0.308919       -0.143140        0.504428
     C   10       -0.047472        0.504428        0.015519

     C   11       -0.450679       -0.373477       -0.398429
     C   11       -0.373477        0.206594        0.269463
     C   11       -0.398429        0.269463        0.244086

     Cl  12       -0.007152       -0.043821       -0.080264
     Cl  12       -0.043821       -0.012112        0.042584
     Cl  12       -0.080264        0.042584        0.019264

     H   13        0.486207       -0.064061        0.095202
     H   13       -0.064061       -0.275457       -0.381432
     H   13        0.095202       -0.381432       -0.210750

     C   14       -0.795326        0.359543       -0.277661
     C   14        0.359543        0.466091       -0.184115
     C   14       -0.277661       -0.184115        0.329236

     H   15       -0.305535       -0.028553       -0.562268
     H   15       -0.028553        0.258256       -0.028885
     H   15       -0.562268       -0.028885        0.047279

     C   16       -0.021166       -0.032686       -0.258015
     C   16       -0.032686       -0.051187       -0.658749
     C   16       -0.258015       -0.658749        0.072353

     C   17       -0.498566        0.354263       -0.244002
     C   17        0.354263        0.097768       -0.229453
     C   17       -0.244002       -0.229453        0.400797

     Cl  18        0.116555       -0.168297       -0.062145
     Cl  18       -0.168297       -0.005499        0.018468
     Cl  18       -0.062145        0.018468       -0.111057

     H   19        0.433445       -0.056410       -0.030603
     H   19       -0.056410       -0.793445        0.099387
     H   19       -0.030603        0.099387        0.360000

     C   20       -0.083485       -0.029173       -0.217557
     C   20       -0.029173        0.026881        0.452718
     C   20       -0.217557        0.452718        0.056604

     H   21        0.074580        0.180923       -0.348965
     H   21        0.180923       -0.018626        0.531577
     H   21       -0.348965        0.531577       -0.055955

     C   22       -0.783954       -0.356706       -0.347943
     C   22       -0.356706        0.336109        0.039301
     C   22       -0.347943        0.039301        0.447845

     C   23        0.082722       -0.178918       -0.089692
     C   23       -0.178918       -0.185927        0.491592
     C   23       -0.089692        0.491592        0.103204

     Cl  24       -0.184549       -0.278084        0.013239
     Cl  24       -0.278084        0.151200       -0.052208
     Cl  24        0.013239       -0.052208        0.033349

     ----- ionic term -----
     Cl   1        0.163613       -0.177285        0.066569
     Cl   1       -0.177285       -0.018337       -0.032608
     Cl   1        0.066569       -0.032608       -0.145276

     C    2        0.222807       -0.171226        0.324645
     C    2       -0.171226        0.085919        0.334643
     C    2        0.324645        0.334643       -0.308726

     C    3        0.202227       -0.253294        0.160294
     C    3       -0.253294        0.167718        0.371555
     C    3        0.160294        0.371555       -0.369945

     H    4        0.538296        0.362663        0.674081
     H    4        0.362663       -0.348381        0.294314
     H    4        0.674081        0.294314       -0.189915

     C    5        0.318259       -0.120339        0.216577
     C    5       -0.120339        0.043263        0.339328
     C    5        0.216577        0.339328       -0.361522

     H    6       -0.508727        0.024658        0.013599
     H    6        0.024658        0.601615        0.737158
     H    6        0.013599        0.737158       -0.092888

     H    7       -0.517841        0.019499        0.006804
     H    7        0.019499        0.653883       -0.703356
     H    7        0.006804       -0.703356       -0.136042

     C    8        0.210840        0.272769        0.293295
     C    8        0.272769        0.042278       -0.277433
     C    8        0.293295       -0.277433       -0.253119

     H    9        0.466514       -0.300605        0.739927
     H    9       -0.300605       -0.392594       -0.295082
     H    9        0.739927       -0.295082       -0.073920

     C   10        0.115725        0.291336        0.218111
     C   10        0.291336        0.169668       -0.391940
     C   10        0.218111       -0.391940       -0.285393

     C   11        0.143977        0.222576        0.310461
     C   11        0.222576        0.114482       -0.406734
     C   11        0.310461       -0.406734       -0.258459

     Cl  12        0.157794        0.243113        0.037887
     Cl  12        0.243113       -0.005483        0.013156
     Cl  12        0.037887        0.013156       -0.152311

     H   13       -0.531092       -0.042363       -0.016424
     H   13       -0.042363        0.601174        0.744306
     H   13       -0.016424        0.744306       -0.070082

     C   14        0.291537       -0.183233        0.236433
     C   14       -0.183233       -0.005388        0.337230
     C   14        0.236433        0.337230       -0.286149

     H   15        0.459968        0.383340        0.668881
     H   15        0.383340       -0.356479        0.332211
     H   15        0.668881        0.332211       -0.103489

     C   16        0.167906       -0.244005        0.135308
     C   16       -0.244005        0.121644        0.433029
     C   16        0.135308        0.433029       -0.289550

     C   17        0.241059       -0.156015        0.189872
     C   17       -0.156015        0.089016        0.445581
     C   17        0.189872        0.445581       -0.330074

     Cl  18        0.184657       -0.240213        0.003593
     Cl  18       -0.240213       -0.035226        0.002816
     Cl  18        0.003593        0.002816       -0.149431

     H   19       -0.515122        0.056415        0.001287
     H   19        0.056415        0.789051       -0.619332
     H   19        0.001287       -0.619332       -0.273929

     C   20        0.244748        0.249270        0.341111
     C   20        0.249270        0.084989       -0.244583
     C   20        0.341111       -0.244583       -0.329737

     H   21        0.373396       -0.273744        0.765493
     H   21       -0.273744       -0.460195       -0.281693
     H   21        0.765493       -0.281693        0.086799

     C   22        0.119013        0.298201        0.259701
     C   22        0.298201        0.146694       -0.323211
     C   22        0.259701       -0.323211       -0.265707

     C   23        0.129199        0.242372        0.259660
     C   23        0.242372        0.094333       -0.376234
     C   23        0.259660       -0.376234       -0.223532

     Cl  24        0.132746        0.195287        0.002255
     Cl  24        0.195287        0.017911       -0.001226
     Cl  24        0.002255       -0.001226       -0.150657

     ----- GIPAW term -----
     Cl   1       -0.815686        0.273516        0.278762
     Cl   1        0.273516        1.183302        1.358579
     Cl   1        0.278762        1.358579       -0.367616

     C    2       -0.052637       -0.044678       -0.029183
     C    2       -0.044678        0.228356       -0.021713
     C    2       -0.029183       -0.021713       -0.175718

     C    3       -0.061007       -0.082164        0.020101
     C    3       -0.082164        0.086926       -0.000328
     C    3        0.020101       -0.000328       -0.025919

     H    4       -0.000000        0.000000        0.000000
     H    4        0.000000        0.000000        0.000000
     H    4        0.000000        0.000000        0.000000

     C    5       -0.018089       -0.091026       -0.046782
     C    5       -0.091026        0.098525       -0.040627
     C    5       -0.046782       -0.040627       -0.080435

     H    6       -0.000000        0.000000        0.000000
     H    6        0.000000        0.000000        0.000000
     H    6        0.000000        0.000000        0.000000

     H    7       -0.000000        0.000000        0.000000
     H    7        0.000000        0.000000        0.000000
     H    7        0.000000        0.000000        0.000000

     C    8       -0.115726       -0.129397       -0.052112
     C    8       -0.129397        0.183821        0.036303
     C    8       -0.052112        0.036303       -0.068095

     H    9       -0.000000        0.000000        0.000000
     H    9        0.000000        0.000000        0.000000
     H    9        0.000000        0.000000        0.000000

     C   10       -0.038726       -0.111569       -0.028009
     C   10       -0.111569        0.118796        0.120105
     C   10       -0.028009        0.120105       -0.080070

     C   11       -0.109202       -0.071692       -0.078934
     C   11       -0.071692        0.204832        0.128702
     C   11       -0.078934        0.128702       -0.095629

     Cl  12       -0.177941        0.584039       -0.950195
     Cl  12        0.584039        1.028203        2.101181
     Cl  12       -0.950195        2.101181       -0.850261

     H   13       -0.000000        0.000000        0.000000
     H   13        0.000000        0.000000        0.000000
     H   13        0.000000        0.000000        0.000000

     C   14       -0.217303        0.030359       -0.017819
     C   14        0.030359        0.292213       -0.063804
     C   14       -0.017819       -0.063804       -0.074910

     H   15       -0.000000        0.000000        0.000000
     H   15        0.000000        0.000000        0.000000
     H   15        0.000000        0.000000        0.000000

     C   16       -0.105604       -0.113005       -0.039825
     C   16       -0.113005        0.233250       -0.109871
     C   16       -0.039825       -0.109871       -0.127645

     C   17       -0.015020       -0.201664       -0.040933
     C   17       -0.201664        0.139719        0.007011
     C   17       -0.040933        0.007011       -0.124699

     Cl  18        2.383558       -3.375080       -0.597645
     Cl  18       -3.375080       -0.110575        0.198277
     Cl  18       -0.597645        0.198277       -2.272983

     H   19       -0.000000        0.000000        0.000000
     H   19        0.000000        0.000000        0.000000
     H   19        0.000000        0.000000        0.000000

     C   20       -0.101540       -0.017095       -0.016159
     C   20       -0.017095        0.256723        0.078625
     C   20       -0.016159        0.078625       -0.155183

     H   21       -0.000000        0.000000        0.000000
     H   21        0.000000        0.000000        0.000000
     H   21        0.000000        0.000000        0.000000

     C   22       -0.215831       -0.015145       -0.055886
     C   22       -0.015145        0.239360       -0.119362
     C   22       -0.055886       -0.119362       -0.023529

     C   23       -0.045504       -0.048986        0.049918
     C   23       -0.048986        0.177163       -0.115576
     C   23        0.049918       -0.115576       -0.131658

     Cl  24       -0.307074       -0.312367        0.224000
     Cl  24       -0.312367        2.368540       -0.870565
     Cl  24        0.224000       -0.870565       -2.061466

     ----- total EFG -----
     Cl   1       -0.718774        0.351834        0.302905
     Cl   1        0.351834        0.976277        1.118552
     Cl   1        0.302905        1.118552       -0.257503

     C    2        0.275262       -0.277074        0.020529
     C    2       -0.277074        0.270505       -0.311253
     C    2        0.020529       -0.311253       -0.545767

     C    3       -0.414248        0.000313        0.137013
     C    3        0.000313        0.273263        0.286119
     C    3        0.137013        0.286119        0.140985

     H    4        0.537339        0.119756        0.401941
     H    4        0.119756       -0.770609        0.089614
     H    4        0.401941        0.089614        0.233269

     C    5        0.290807       -0.419798       -0.268309
     C    5       -0.419798        0.028583       -0.128352
     C    5       -0.268309       -0.128352       -0.319390

     H    6       -0.196611        0.263670        0.035450
     H    6        0.263670       -0.030020        0.440912
     H    6        0.035450        0.440912        0.226631

     H    7       -0.217222        0.123829        0.241297
     H    7        0.123829        0.469141       -0.279257
     H    7        0.241297       -0.279257       -0.251919

     C    8       -0.551054       -0.201308       -0.133831
     C    8       -0.201308        0.630058       -0.138911
     C    8       -0.133831       -0.138911       -0.079004

     H    9        0.509171       -0.218119        0.299157
     H    9       -0.218119       -0.166864       -0.527447
     H    9        0.299157       -0.527447       -0.342307

     C   10        0.204620       -0.129153        0.142630
     C   10       -0.129153        0.145324        0.232593
     C   10        0.142630        0.232593       -0.349943

     C   11       -0.415905       -0.222592       -0.166902
     C   11       -0.222592        0.525908       -0.008569
     C   11       -0.166902       -0.008569       -0.110003

     Cl  12       -0.027299        0.783331       -0.992572
     Cl  12        0.783331        1.010607        2.156921
     Cl  12       -0.992572        2.156921       -0.983308

     H   13       -0.044885       -0.106424        0.078778
     H   13       -0.106424        0.325717        0.362874
     H   13        0.078778        0.362874       -0.280832

     C   14       -0.721093        0.206670       -0.059046
     C   14        0.206670        0.752916        0.089311
     C   14       -0.059046        0.089311       -0.031823

     H   15        0.154434        0.354786        0.106613
     H   15        0.354786       -0.098223        0.303326
     H   15        0.106613        0.303326       -0.056210

     C   16        0.041135       -0.389695       -0.162532
     C   16       -0.389695        0.303707       -0.335592
     C   16       -0.162532       -0.335592       -0.344843

     C   17       -0.272527       -0.003415       -0.095063
     C   17       -0.003415        0.326503        0.223139
     C   17       -0.095063        0.223139       -0.053976

     Cl  18        2.684770       -3.783590       -0.656197
     Cl  18       -3.783590       -0.151299        0.219561
     Cl  18       -0.656197        0.219561       -2.533471

     H   19       -0.081677        0.000005       -0.029315
     H   19        0.000005       -0.004393       -0.519945
     H   19       -0.029315       -0.519945        0.086071

     C   20        0.059723        0.203002        0.107395
     C   20        0.203002        0.368593        0.286760
     C   20        0.107395        0.286760       -0.428316

     H   21        0.447977       -0.092821        0.416528
     H   21       -0.092821       -0.478821        0.249884
     H   21        0.416528        0.249884        0.030844

     C   22       -0.880771       -0.073651       -0.144128
     C   22       -0.073651        0.722163       -0.403272
     C   22       -0.144128       -0.403272        0.158608

     C   23        0.166417        0.014468        0.219886
     C   23        0.014468        0.085569       -0.000217
     C   23        0.219886       -0.000217       -0.251986

     Cl  24       -0.358877       -0.395164        0.239494
     Cl  24       -0.395164        2.537651       -0.923999
     Cl  24        0.239494       -0.923999       -2.178774

     ----- total EFG (symmetrized) -----
     Cl   1       -0.718774        0.351834        0.302905
     Cl   1        0.351834        0.976277        1.118552
     Cl   1        0.302905        1.118552       -0.257503

     C    2        0.275262       -0.277074        0.020529
     C    2       -0.277074        0.270505       -0.311253
     C    2        0.020529       -0.311253       -0.545767

     C    3       -0.414248        0.000313        0.137013
     C    3        0.000313        0.273263        0.286119
     C    3        0.137013        0.286119        0.140985

     H    4        0.537339        0.119756        0.401941
     H    4        0.119756       -0.770609        0.089614
     H    4        0.401941        0.089614        0.233269

     C    5        0.290807       -0.419798       -0.268309
     C    5       -0.419798        0.028583       -0.128352
     C    5       -0.268309       -0.128352       -0.319390

     H    6       -0.196611        0.263670        0.035450
     H    6        0.263670       -0.030020        0.440912
     H    6        0.035450        0.440912        0.226631

     H    7       -0.217222        0.123829        0.241297
     H    7        0.123829        0.469141       -0.279257
     H    7        0.241297       -0.279257       -0.251919

     C    8       -0.551054       -0.201308       -0.133831
     C    8       -0.201308        0.630058       -0.138911
     C    8       -0.133831       -0.138911       -0.079004

     H    9        0.509171       -0.218119        0.299157
     H    9       -0.218119       -0.166864       -0.527447
     H    9        0.299157       -0.527447       -0.342307

     C   10        0.204620       -0.129153        0.142630
     C   10       -0.129153        0.145324        0.232593
     C   10        0.142630        0.232593       -0.349943

     C   11       -0.415905       -0.222592       -0.166902
     C   11       -0.222592        0.525908       -0.008569
     C   11       -0.166902       -0.008569       -0.110003

     Cl  12       -0.027299        0.783331       -0.992572
     Cl  12        0.783331        1.010607        2.156921
     Cl  12       -0.992572        2.156921       -0.983308

     H   13       -0.044885       -0.106424        0.078778
     H   13       -0.106424        0.325717        0.362874
     H   13        0.078778        0.362874       -0.280832

     C   14       -0.721093        0.206670       -0.059046
     C   14        0.206670        0.752916        0.089311
     C   14       -0.059046        0.089311       -0.031823

     H   15        0.154434        0.354786        0.106613
     H   15        0.354786       -0.098223        0.303326
     H   15        0.106613        0.303326       -0.056210

     C   16        0.041135       -0.389695       -0.162532
     C   16       -0.389695        0.303707       -0.335592
     C   16       -0.162532       -0.335592       -0.344843

     C   17       -0.272527       -0.003415       -0.095063
     C   17       -0.003415        0.326503        0.223139
     C   17       -0.095063        0.223139       -0.053976

     Cl  18        2.684770       -3.783590       -0.656197
     Cl  18       -3.783590       -0.151299        0.219561
     Cl  18       -0.656197        0.219561       -2.533471

     H   19       -0.081677        0.000005       -0.029315
     H   19        0.000005       -0.004393       -0.519945
     H   19       -0.029315       -0.519945        0.086071

     C   20        0.059723        0.203002        0.107395
     C   20        0.203002        0.368593        0.286760
     C   20        0.107395        0.286760       -0.428316

     H   21        0.447977       -0.092821        0.416528
     H   21       -0.092821       -0.478821        0.249884
     H   21        0.416528        0.249884        0.030844

     C   22       -0.880771       -0.073651       -0.144128
     C   22       -0.073651        0.722163       -0.403272
     C   22       -0.144128       -0.403272        0.158608

     C   23        0.166417        0.014468        0.219886
     C   23        0.014468        0.085569       -0.000217
     C   23        0.219886       -0.000217       -0.251986

     Cl  24       -0.358877       -0.395164        0.239494
     Cl  24       -0.395164        2.537651       -0.923999
     Cl  24        0.239494       -0.923999       -2.178774


     NQR/NMR SPECTROSCOPIC PARAMETERS:
     Cl   1    Vxx=   -0.7626    axis=(  0.872278 -0.376907  0.311564)
     Cl   1    Vyy=   -0.9598    axis=( -0.452999 -0.382834  0.805127)
     Cl   1    Vzz=    1.7224    axis=(  0.184181  0.843433  0.504677)
     Cl   1  Q=        -8.1650 1e-30 m^2  Cq=       -33.0434 MHz  eta= 0.11449

     C    2    Vxx=    0.0557    axis=(  0.763156  0.584191 -0.276249)
     C    2    Vyy=    0.6007    axis=( -0.641234  0.737561 -0.211715)
     C    2    Vzz=   -0.6565    axis=(  0.080068  0.338712  0.937477)
     C    2  Q=         1.0000 1e-30 m^2  Cq=        -1.5424 MHz  eta= 0.83020

     C    3    Vxx=   -0.0557    axis=(  0.276503 -0.630814  0.724996)
     C    3    Vyy=   -0.4532    axis=(  0.956387  0.106690 -0.271921)
     C    3    Vzz=    0.5089    axis=(  0.094182  0.768564  0.632803)
     C    3  Q=         1.0000 1e-30 m^2  Cq=         1.1957 MHz  eta= 0.78105

     H    4    Vxx=   -0.0444    axis=( -0.569483  0.007520  0.821969)
     H    4    Vyy=   -0.7846    axis=( -0.072213  0.995634 -0.059140)
     H    4    Vzz=    0.8290    axis=( -0.818825 -0.093036 -0.566454)
     H    4  Q=         1.0000 1e-30 m^2  Cq=         1.9478 MHz  eta= 0.89292

     C    5    Vxx=   -0.0502    axis=( -0.327742 -0.683265  0.652484)
     C    5    Vyy=   -0.5720    axis=( -0.465850 -0.483961 -0.740787)
     C    5    Vzz=    0.6222    axis=( -0.821930  0.546746  0.159685)
     C    5  Q=         1.0000 1e-30 m^2  Cq=         1.4619 MHz  eta= 0.83860

     H    6    Vxx=   -0.1073    axis=(  0.781434  0.335555 -0.526084)
     H    6    Vyy=   -0.4959    axis=( -0.577037  0.709454 -0.404603)
     H    6    Vzz=    0.6032    axis=(  0.237466  0.619740  0.748019)
     H    6  Q=         1.0000 1e-30 m^2  Cq=         1.4172 MHz  eta= 0.64437

     H    7    Vxx=   -0.0078    axis=( -0.783464 -0.149730 -0.603129)
     H    7    Vyy=   -0.5590    axis=( -0.618969  0.274429  0.735912)
     H    7    Vzz=    0.5668    axis=(  0.055328  0.949879 -0.307684)
     H    7  Q=         1.0000 1e-30 m^2  Cq=         1.3318 MHz  eta= 0.97247

     C    8    Vxx=   -0.0525    axis=( -0.297311  0.105437  0.948941)
     C    8    Vyy=   -0.6288    axis=(  0.944004  0.181371  0.275612)
     C    8    Vzz=    0.6813    axis=( -0.143051  0.977746 -0.153456)
     C    8  Q=         1.0000 1e-30 m^2  Cq=         1.6008 MHz  eta= 0.84586

     H    9    Vxx=    0.0203    axis=(  0.584267  0.657976 -0.475079)
     H    9    Vyy=    0.7754    axis=( -0.808235  0.418805 -0.413955)
     H    9    Vzz=   -0.7957    axis=( -0.073407  0.625836  0.776493)
     H    9  Q=         1.0000 1e-30 m^2  Cq=        -1.8696 MHz  eta= 0.94901

     C   10    Vxx=    0.1789    axis=(  0.643260  0.621677  0.446916)
     C   10    Vyy=    0.3104    axis=(  0.722501 -0.686050 -0.085597)
     C   10    Vzz=   -0.4893    axis=( -0.253393 -0.377958  0.890471)
     C   10  Q=         1.0000 1e-30 m^2  Cq=        -1.1496 MHz  eta= 0.26870

     C   11    Vxx=   -0.0466    axis=( -0.347243 -0.121098  0.929924)
     C   11    Vyy=   -0.5305    axis=(  0.910296  0.194768  0.365277)
     C   11    Vzz=    0.5771    axis=( -0.225353  0.973345  0.042603)
     C   11  Q=         1.0000 1e-30 m^2  Cq=         1.3559 MHz  eta= 0.83862

     Cl  12    Vxx=    0.5146    axis=(  0.914507  0.164001 -0.369837)
     Cl  12    Vyy=    2.3973    axis=(  0.059745  0.849383  0.524384)
     Cl  12    Vzz=   -2.9119    axis=(  0.400133 -0.501649  0.766969)
     Cl  12  Q=        -8.1650 1e-30 m^2  Cq=        55.8635 MHz  eta= 0.64657

     H   13    Vxx=   -0.0210    axis=(  0.958525 -0.004044  0.284981)
     H   13    Vyy=   -0.4818    axis=(  0.259730  0.424093 -0.867574)
     H   13    Vzz=    0.5028    axis=( -0.117350  0.905610  0.407554)
     H   13  Q=         1.0000 1e-30 m^2  Cq=         1.1814 MHz  eta= 0.91642

     C   14    Vxx=   -0.0328    axis=( -0.110073 -0.083624  0.990399)
     C   14    Vyy=   -0.7565    axis=( -0.985231  0.140679 -0.097620)
     C   14    Vzz=    0.7893    axis=( -0.131165 -0.986517 -0.097874)
     C   14  Q=         1.0000 1e-30 m^2  Cq=         1.8544 MHz  eta= 0.91688

     H   15    Vxx=   -0.0734    axis=(  0.632021 -0.179359 -0.753910)
     H   15    Vyy=   -0.4568    axis=( -0.369358  0.785519 -0.496522)
     H   15    Vzz=    0.5302    axis=( -0.681266 -0.592275 -0.430217)
     H   15  Q=         1.0000 1e-30 m^2  Cq=         1.2458 MHz  eta= 0.72303

     C   16    Vxx=    0.0179    axis=(  0.738717  0.296499 -0.605298)
     C   16    Vyy=    0.6212    axis=( -0.505236  0.838006 -0.206111)
     C   16    Vzz=   -0.6391    axis=(  0.446132  0.458076  0.768852)
     C   16  Q=         1.0000 1e-30 m^2  Cq=        -1.5016 MHz  eta= 0.94398

     C   17    Vxx=   -0.1128    axis=( -0.461275 -0.404660  0.789605)
     C   17    Vyy=   -0.3194    axis=( -0.885096  0.147791 -0.441319)
     C   17    Vzz=    0.4322    axis=(  0.061888 -0.902446 -0.426335)
     C   17  Q=         1.0000 1e-30 m^2  Cq=         1.0154 MHz  eta= 0.47798

     Cl  18    Vxx=   -2.4680    axis=( -0.244419 -0.479081  0.843055)
     Cl  18    Vyy=   -2.8953    axis=( -0.517378 -0.670893 -0.531246)
     Cl  18    Vzz=    5.3633    axis=( -0.820109  0.566025  0.083887)
     Cl  18  Q=        -8.1650 1e-30 m^2  Cq=      -102.8914 MHz  eta= 0.07967

     H   19    Vxx=   -0.0814    axis=(  0.998214 -0.059098 -0.008746)
     H   19    Vyy=   -0.4821    axis=(  0.049466  0.735517  0.675698)
     H   19    Vzz=    0.5635    axis=( -0.033500 -0.674923  0.737127)
     H   19  Q=         1.0000 1e-30 m^2  Cq=         1.3239 MHz  eta= 0.71100

     C   20    Vxx=   -0.0392    axis=(  0.908621 -0.414068 -0.054374)
     C   20    Vyy=   -0.5238    axis=(  0.074873  0.289602 -0.954214)
     C   20    Vzz=    0.5630    axis=(  0.410856  0.862948  0.294141)
     C   20  Q=         1.0000 1e-30 m^2  Cq=         1.3228 MHz  eta= 0.86069

     H   21    Vxx=   -0.0634    axis=(  0.476205 -0.528919 -0.702477)
     H   21    Vyy=   -0.6443    axis=(  0.250538  0.847372 -0.468178)
     H   21    Vzz=    0.7077    axis=( -0.842888 -0.046952 -0.536037)
     H   21  Q=         1.0000 1e-30 m^2  Cq=         1.6628 MHz  eta= 0.82091

     C   22    Vxx=   -0.0211    axis=( -0.185021  0.454433  0.871354)
     C   22    Vyy=   -0.9112    axis=( -0.982734 -0.084899 -0.164394)
     C   22    Vzz=    0.9323    axis=( -0.000729 -0.886726  0.462295)
     C   22  Q=         1.0000 1e-30 m^2  Cq=         2.1906 MHz  eta= 0.95473

     C   23    Vxx=    0.0847    axis=( -0.063377  0.997104 -0.042040)
     C   23    Vyy=    0.2617    axis=( -0.916755 -0.074814 -0.392382)
     C   23    Vzz=   -0.3464    axis=( -0.394390  0.013673  0.918841)
     C   23  Q=         1.0000 1e-30 m^2  Cq=        -0.8138 MHz  eta= 0.51117

     Cl  24    Vxx=   -0.4055    axis=(  0.987161  0.149881  0.055224)
     Cl  24    Vyy=   -2.3666    axis=( -0.081905  0.178149  0.980589)
     Cl  24    Vzz=    2.7721    axis=(  0.137133 -0.972522  0.188138)
     Cl  24  Q=        -8.1650 1e-30 m^2  Cq=       -53.1818 MHz  eta= 0.70746

     Initialization:
     gipaw_setup  :      9.30s CPU     11.36s WALL (       1 calls)

     Linear response

     Apply operators

     Induced current

     Other routines
     efg          :      9.76s CPU     12.64s WALL (       1 calls)

     General routines
     calbec       :      3.28s CPU      4.23s WALL (      16 calls)
     fft          :      1.66s CPU      2.54s WALL (      15 calls)
     ffts         :      0.03s CPU      0.04s WALL (       2 calls)
     fftw         :      3.65s CPU      4.85s WALL (     672 calls)
     davcio       :      0.03s CPU      0.35s WALL (      32 calls)

     Parallel routines
     fft_scatter  :      2.55s CPU      4.38s WALL (     689 calls)

     Plugins

     GIPAW        :     61.60s CPU     74.62s WALL (       1 calls)
