
     Program QE v.6.0 (svn rev. 13079) starts on 28Dec2016 at  8:57:38 

     This program is part of the open-source Quantum ESPRESSO suite
     for quantum simulation of materials; please cite
         "P. Giannozzi et al., J. Phys.:Condens. Matter 21 395502 (2009);
          URL http://www.quantum-espresso.org", 
     in publications or presentations arising from this work. More details at
     http://www.quantum-espresso.org/quote

     Parallel version (MPI), running on     8 processors
     R & G space division:  proc/nbgrp/npool/nimage =       8

     ***** This is GIPAW svn revision unknown      *****

     Parallelizing q-star over 1 images

     Reading data from directory:
     /users/majewski/paradichlorobenzene/pbe/9_constraint/scratch/pbe.ecut100.np8.dt60.pcl2phi-129368.save
     Message from routine read_xml_file:
     file /users/majewski/paradichlorobenzene/pbe/9_constraint/scratch/pbe.ecut100.np8.dt60.pcl2phi-129368.save not guaranteed to be safe for post-processing

   Info: using nr1, nr2, nr3 values from input

   Info: using nr1, nr2, nr3 values from input

     IMPORTANT: XC functional enforced from input :
     Exchange-correlation      =  SLA  PW   PBX  PBC ( 1  4  3  4 0 0)
     Any further DFT definition will be discarded
     Please, verify this is what you really want

               file C.pbe-n-kjpaw_psl.1.0.0.UPF: wavefunction(s)  2S 2P renormalized
               file Cl.pbe-n-kjpaw_psl.1.0.0.UPF: wavefunction(s)  3S 3P renormalized
               file H.pbe-kjpaw_psl.1.0.0.UPF: wavefunction(s)  1S renormalized

     Parallelization info
     --------------------
     sticks:   dense  smooth     PW     G-vecs:    dense   smooth      PW
     Min        3057    1223    332               144436    36536    5170
     Max        3059    1225    333               144437    36537    5171
     Sum       24467    9791   2657              1155489   292295   41363


     Subspace diagonalization in iterative solution of the eigenvalue problem:
     a serial algorithm will be used

     GIPAW projectors -----------------------------------------------
     atom=  C    l=0  rc=    1.2000  rs=    0.8000
     atom=  C    l=0  rc=    1.2000  rs=    0.8000
     atom=  C    l=1  rc=    1.4000  rs=    0.9333
     atom=  C    l=1  rc=    1.4000  rs=    0.9333
     projs nearly linearly dependent: l=1  n1,n2= 1, 2  s=  0.99951561

     atom=  Cl   l=0  rc=    1.6000  rs=    1.0667
     atom=  Cl   l=0  rc=    1.6000  rs=    1.0667
     atom=  Cl   l=1  rc=    1.6000  rs=    1.0667
     atom=  Cl   l=1  rc=    1.6000  rs=    1.0667
     atom=  Cl   l=2  rc=    1.6000  rs=    1.0667
     atom=  Cl   l=2  rc=    1.6000  rs=    1.0667
     projs nearly linearly dependent: l=2  n1,n2= 1, 2  s=  0.99993509

     atom=  H    l=0  rc=    1.0000  rs=    0.6667
     atom=  H    l=0  rc=    1.0000  rs=    0.6667
     projs nearly linearly dependent: l=0  n1,n2= 1, 2  s=  0.99968852
     -----------------------------------------------------------------

     GIPAW integrals: -------------------------------------------
     Atom  i/j   nmr_para   nmr_dia   epr_rmc  epr_para   epr_dia
       C   1 1   0.83E+03  0.17E-01  0.93E+01  0.24E+08  0.24E+03
       C   2 1   0.86E+03 -0.61E-01  0.94E+01  0.25E+08  0.25E+03
       C   2 2   0.90E+03 -0.15E+00  0.97E+01  0.26E+08  0.26E+03
       C   3 3   0.33E+01  0.34E+00  0.18E+01  0.55E+03  0.21E+02
       C   4 3   0.35E+01  0.37E+00  0.20E+01  0.59E+03  0.22E+02
       C   4 4   0.38E+01  0.39E+00  0.22E+01  0.63E+03  0.24E+02
       Cl  1 1   0.14E+04 -0.47E+00  0.84E+01  0.32E+09  0.42E+03
       Cl  2 1   0.21E+04 -0.37E+00  0.12E+02  0.49E+09  0.65E+03
       Cl  2 2   0.33E+04 -0.16E+00  0.21E+02  0.76E+09  0.10E+04
       Cl  3 3   0.21E+02  0.79E-01  0.89E+01  0.23E+05  0.13E+03
       Cl  4 3   0.24E+02  0.67E-01  0.99E+01  0.27E+05  0.15E+03
       Cl  4 4   0.28E+02  0.44E-01  0.11E+02  0.32E+05  0.18E+03
       Cl  5 5   0.77E+00  0.19E+00  0.18E+01  0.12E+03  0.22E+02
       Cl  6 5   0.80E+00  0.19E+00  0.19E+01  0.12E+03  0.23E+02
       Cl  6 6   0.83E+00  0.20E+00  0.19E+01  0.12E+03  0.23E+02
       H   1 1   0.39E+02  0.19E+00  0.29E+00  0.78E+05  0.13E+02
       H   2 1   0.41E+02  0.21E+00  0.32E+00  0.82E+05  0.14E+02
       H   2 2   0.43E+02  0.22E+00  0.36E+00  0.86E+05  0.15E+02
     ------------------------------------------------------------

     alpha_pv=     34.3404 eV

     Number of occupied bands for each k-point:
     k-point:     1    nbnd_occ=  42
     k-point:     2    nbnd_occ=  42
     k-point:     3    nbnd_occ=  42
     k-point:     4    nbnd_occ=  42
     k-point:     5    nbnd_occ=  42
     k-point:     6    nbnd_occ=  42
     k-point:     7    nbnd_occ=  42
     k-point:     8    nbnd_occ=  42
     k-point:     9    nbnd_occ=  42
     k-point:    10    nbnd_occ=  42
     k-point:    11    nbnd_occ=  42
     k-point:    12    nbnd_occ=  42
     k-point:    13    nbnd_occ=  42
     k-point:    14    nbnd_occ=  42
     k-point:    15    nbnd_occ=  42
     k-point:    16    nbnd_occ=  42


     q-space interpolation up to   110.00 Rydberg

     GIPAW job: efg                                                                             


     ELECTRIC FIELD GRADIENTS TENSORS IN Hartree/bohrradius^2:

     ----- bare term -----
     Cl   1       -0.031795        0.051415       -0.028539
     Cl   1        0.051415       -0.011105       -0.006289
     Cl   1       -0.028539       -0.006289        0.042900

     C    2       -0.154065        0.014090       -0.343417
     C    2        0.014090       -0.108019       -0.585128
     C    2       -0.343417       -0.585128        0.262084

     C    3       -0.261285        0.297594       -0.306107
     C    3        0.297594       -0.183872       -0.407510
     C    3       -0.306107       -0.407510        0.445157

     H    4        0.162310       -0.045202       -0.332523
     H    4       -0.045202        0.303180        0.221675
     H    4       -0.332523        0.221675       -0.465491

     C    5       -0.337068        0.240404       -0.318701
     C    5        0.240404       -0.148484       -0.440036
     C    5       -0.318701       -0.440036        0.485553

     H    6        0.382836       -0.024532        0.299111
     H    6       -0.024532        0.105836       -0.296877
     H    6        0.299111       -0.296877       -0.488671

     H    7        0.421361        0.256262        0.107527
     H    7        0.256262       -0.577993        0.101083
     H    7        0.107527        0.101083        0.156632

     C    8       -0.580945       -0.306498       -0.471194
     C    8       -0.306498       -0.018110        0.109643
     C    8       -0.471194        0.109643        0.599055

     H    9       -0.650983        0.108600       -0.027690
     H    9        0.108600        0.416981        0.219999
     H    9       -0.027690        0.219999        0.234002

     C   10       -0.065590       -0.103400       -0.322888
     C   10       -0.103400       -0.452811        0.463929
     C   10       -0.322888        0.463929        0.518401

     C   11       -0.404051       -0.137211       -0.381295
     C   11       -0.137211        0.052592        0.329725
     C   11       -0.381295        0.329725        0.351459

     Cl  12       -0.071481        0.008255       -0.117778
     Cl  12        0.008255       -0.086521        0.069283
     Cl  12       -0.117778        0.069283        0.158002

     H   13        0.488557       -0.019938        0.100752
     H   13       -0.019938        0.119281       -0.215777
     H   13        0.100752       -0.215777       -0.607838

     C   14       -0.239123        0.180307       -0.236005
     C   14        0.180307        0.043412       -0.267784
     C   14       -0.236005       -0.267784        0.195712

     H   15        0.130037       -0.087301       -0.328083
     H   15       -0.087301        0.374849        0.189315
     H   15       -0.328083        0.189315       -0.504886

     C   16        0.047909        0.324810       -0.094207
     C   16        0.324810       -0.171263       -0.285576
     C   16       -0.094207       -0.285576        0.123354

     C   17       -0.235365        0.205496       -0.515388
     C   17        0.205496        0.032132       -0.461242
     C   17       -0.515388       -0.461242        0.203232

     Cl  18       -0.095490        0.046834       -0.101777
     Cl  18        0.046834       -0.054656       -0.111626
     Cl  18       -0.101777       -0.111626        0.150145

     H   19        0.448117       -0.051432       -0.052071
     H   19       -0.051432       -0.787199        0.140357
     H   19       -0.052071        0.140357        0.339082

     C   20       -0.211869       -0.187571       -0.266481
     C   20       -0.187571       -0.032054        0.496412
     C   20       -0.266481        0.496412        0.243924

     H   21       -0.436115        0.420853       -0.307331
     H   21        0.420853        0.154763        0.112340
     H   21       -0.307331        0.112340        0.281351

     C   22       -0.421108       -0.363249       -0.253411
     C   22       -0.363249        0.006848        0.454517
     C   22       -0.253411        0.454517        0.414260

     C   23       -0.099918       -0.054369       -0.317757
     C   23       -0.054369       -0.157474        0.552464
     C   23       -0.317757        0.552464        0.257392

     Cl  24       -0.085668       -0.074796       -0.034692
     Cl  24       -0.074796        0.037325        0.075675
     Cl  24       -0.034692        0.075675        0.048343

     ----- ionic term -----
     Cl   1        0.115988       -0.232983        0.019335
     Cl   1       -0.232983        0.028129       -0.009801
     Cl   1        0.019335       -0.009801       -0.144117

     C    2        0.079481       -0.302229        0.288496
     C    2       -0.302229       -0.056262        0.373432
     C    2        0.288496        0.373432       -0.023219

     C    3        0.071360       -0.390038        0.203368
     C    3       -0.390038       -0.017972        0.313641
     C    3        0.203368        0.313641       -0.053388

     H    4        0.276874       -0.019339        0.787497
     H    4       -0.019339       -0.553052        0.047104
     H    4        0.787497        0.047104        0.276178

     C    5        0.144763       -0.343998        0.295551
     C    5       -0.343998       -0.084612        0.259172
     C    5        0.295551        0.259172       -0.060151

     H    6       -0.531905       -0.111494       -0.087532
     H    6       -0.111494        0.320615        0.787468
     H    6       -0.087532        0.787468        0.211290

     H    7       -0.503497       -0.112743        0.051176
     H    7       -0.112743        0.881165       -0.528358
     H    7        0.051176       -0.528358       -0.377668

     C    8        0.372984        0.190427        0.183243
     C    8        0.190427        0.112972       -0.253033
     C    8        0.183243       -0.253033       -0.485956

     H    9        0.700995       -0.264680        0.630057
     H    9       -0.264680       -0.443842       -0.205385
     H    9        0.630057       -0.205385       -0.257153

     C   10        0.225046        0.210423        0.168042
     C   10        0.210423        0.217439       -0.340905
     C   10        0.168042       -0.340905       -0.442485

     C   11        0.265475        0.036434        0.227379
     C   11        0.036434        0.149302       -0.391094
     C   11        0.227379       -0.391094       -0.414776

     Cl  12        0.162278        0.193459       -0.017261
     Cl  12        0.193459       -0.025173       -0.016331
     Cl  12       -0.017261       -0.016331       -0.137105

     H   13       -0.527708        0.100424        0.102053
     H   13        0.100424        0.425052        0.787746
     H   13        0.102053        0.787746        0.102656

     C   14        0.141669       -0.268517        0.295552
     C   14       -0.268517       -0.027188        0.299851
     C   14        0.295552        0.299851       -0.114481

     H   15        0.482432        0.194531        0.752653
     H   15        0.194531       -0.482179        0.232035
     H   15        0.752653        0.232035       -0.000253

     C   16        0.099994       -0.347918        0.171296
     C   16       -0.347918        0.063828        0.383567
     C   16        0.171296        0.383567       -0.163823

     C   17        0.106280       -0.302977        0.322923
     C   17       -0.302977       -0.068457        0.343433
     C   17        0.322923        0.343433       -0.037823

     Cl  18        0.147005       -0.222113        0.028139
     Cl  18       -0.222113       -0.015564       -0.010992
     Cl  18        0.028139       -0.010992       -0.131441

     H   19       -0.516560        0.008736       -0.004511
     H   19        0.008736        0.815933       -0.590527
     H   19       -0.004511       -0.590527       -0.299373

     C   20        0.296937        0.147977        0.206188
     C   20        0.147977        0.123854       -0.296924
     C   20        0.206188       -0.296924       -0.420791

     H   21        0.632456       -0.302197        0.664069
     H   21       -0.302197       -0.431733       -0.236819
     H   21        0.664069       -0.236819       -0.200723

     C   22        0.174354        0.212232        0.163511
     C   22        0.212232        0.212409       -0.356396
     C   22        0.163511       -0.356396       -0.386764

     C   23        0.287469        0.159529        0.178529
     C   23        0.159529        0.145915       -0.347890
     C   23        0.178529       -0.347890       -0.433385

     Cl  24        0.142907        0.208142       -0.007741
     Cl  24        0.208142        0.008853       -0.010948
     Cl  24       -0.007741       -0.010948       -0.151761

     ----- GIPAW term -----
     Cl   1        1.353043       -2.162556       -0.228320
     Cl   1       -2.162556        0.059351       -0.042631
     Cl   1       -0.228320       -0.042631       -1.412394

     C    2        0.038994       -0.123245       -0.072073
     C    2       -0.123245        0.009162       -0.125504
     C    2       -0.072073       -0.125504       -0.048156

     C    3       -0.134094        0.058572       -0.148689
     C    3        0.058572       -0.091924       -0.140900
     C    3       -0.148689       -0.140900        0.226018

     H    4       -0.000000        0.000000        0.000000
     H    4        0.000000        0.000000        0.000000
     H    4        0.000000        0.000000        0.000000

     C    5       -0.103988        0.051843       -0.102646
     C    5        0.051843       -0.115519       -0.156322
     C    5       -0.102646       -0.156322        0.219507

     H    6       -0.000000        0.000000        0.000000
     H    6        0.000000        0.000000        0.000000
     H    6        0.000000        0.000000        0.000000

     H    7       -0.000000        0.000000        0.000000
     H    7        0.000000        0.000000        0.000000
     H    7        0.000000        0.000000        0.000000

     C    8       -0.109502       -0.002726       -0.177734
     C    8       -0.002726       -0.062417       -0.077015
     C    8       -0.177734       -0.077015        0.171919

     H    9       -0.000000        0.000000        0.000000
     H    9        0.000000        0.000000        0.000000
     H    9        0.000000        0.000000        0.000000

     C   10       -0.054309        0.020133       -0.185906
     C   10        0.020133       -0.161466        0.026029
     C   10       -0.185906        0.026029        0.215775

     C   11       -0.034678        0.084053       -0.053608
     C   11        0.084053        0.060270       -0.018186
     C   11       -0.053608       -0.018186       -0.025592

     Cl  12        0.589847        1.911958       -1.313255
     Cl  12        1.911958       -0.943663        0.599186
     Cl  12       -1.313255        0.599186        0.353816

     H   13       -0.000000        0.000000        0.000000
     H   13        0.000000        0.000000        0.000000
     H   13        0.000000        0.000000        0.000000

     C   14       -0.060400        0.057600       -0.105210
     C   14        0.057600       -0.047663       -0.124735
     C   14       -0.105210       -0.124735        0.108063

     H   15       -0.000000        0.000000        0.000000
     H   15        0.000000        0.000000        0.000000
     H   15        0.000000        0.000000        0.000000

     C   16       -0.009182        0.083854       -0.084742
     C   16        0.083854       -0.023289       -0.095512
     C   16       -0.084742       -0.095512        0.032471

     C   17        0.008987        0.045832       -0.154837
     C   17        0.045832        0.079503       -0.158756
     C   17       -0.154837       -0.158756       -0.088490

     Cl  18        0.480564       -1.761827       -0.791527
     Cl  18       -1.761827       -0.317128       -1.059341
     Cl  18       -0.791527       -1.059341       -0.163437

     H   19       -0.000000        0.000000        0.000000
     H   19        0.000000        0.000000        0.000000
     H   19        0.000000        0.000000        0.000000

     C   20       -0.076804       -0.068295       -0.034855
     C   20       -0.068295        0.141174        0.124906
     C   20       -0.034855        0.124906       -0.064371

     H   21       -0.000000        0.000000        0.000000
     H   21        0.000000        0.000000        0.000000
     H   21        0.000000        0.000000        0.000000

     C   22       -0.155197       -0.087419       -0.077666
     C   22       -0.087419        0.117954        0.148969
     C   22       -0.077666        0.148969        0.037242

     C   23        0.062441        0.111212       -0.055306
     C   23        0.111212        0.004217        0.083661
     C   23       -0.055306        0.083661       -0.066658

     Cl  24        0.890526        1.887369       -0.308467
     Cl  24        1.887369        0.387212        0.592728
     Cl  24       -0.308467        0.592728       -1.277739

     ----- total EFG -----
     Cl   1        1.437236       -2.344124       -0.237524
     Cl   1       -2.344124        0.076375       -0.058721
     Cl   1       -0.237524       -0.058721       -1.513612

     C    2       -0.035590       -0.411384       -0.126995
     C    2       -0.411384       -0.155120       -0.337200
     C    2       -0.126995       -0.337200        0.190710

     C    3       -0.324019       -0.033872       -0.251429
     C    3       -0.033872       -0.293768       -0.234769
     C    3       -0.251429       -0.234769        0.617787

     H    4        0.439184       -0.064542        0.454974
     H    4       -0.064542       -0.249872        0.268779
     H    4        0.454974        0.268779       -0.189313

     C    5       -0.296293       -0.051751       -0.125795
     C    5       -0.051751       -0.348616       -0.337186
     C    5       -0.125795       -0.337186        0.644909

     H    6       -0.149070       -0.136027        0.211579
     H    6       -0.136027        0.426451        0.490591
     H    6        0.211579        0.490591       -0.277381

     H    7       -0.082136        0.143518        0.158703
     H    7        0.143518        0.303172       -0.427274
     H    7        0.158703       -0.427274       -0.221036

     C    8       -0.317463       -0.118797       -0.465685
     C    8       -0.118797        0.032445       -0.220405
     C    8       -0.465685       -0.220405        0.285018

     H    9        0.050011       -0.156079        0.602367
     H    9       -0.156079       -0.026861        0.014614
     H    9        0.602367        0.014614       -0.023151

     C   10        0.105147        0.127157       -0.340752
     C   10        0.127157       -0.396838        0.149054
     C   10       -0.340752        0.149054        0.291691

     C   11       -0.173254       -0.016724       -0.207525
     C   11       -0.016724        0.262164       -0.079555
     C   11       -0.207525       -0.079555       -0.088910

     Cl  12        0.680644        2.113673       -1.448294
     Cl  12        2.113673       -1.055357        0.652138
     Cl  12       -1.448294        0.652138        0.374713

     H   13       -0.039151        0.080485        0.202804
     H   13        0.080485        0.544333        0.571969
     H   13        0.202804        0.571969       -0.505183

     C   14       -0.157854       -0.030610       -0.045663
     C   14       -0.030610       -0.031439       -0.092668
     C   14       -0.045663       -0.092668        0.189293

     H   15        0.612469        0.107229        0.424571
     H   15        0.107229       -0.107330        0.421350
     H   15        0.424571        0.421350       -0.505138

     C   16        0.138722        0.060746       -0.007652
     C   16        0.060746       -0.130724        0.002479
     C   16       -0.007652        0.002479       -0.007998

     C   17       -0.120097       -0.051649       -0.347302
     C   17       -0.051649        0.043178       -0.276565
     C   17       -0.347302       -0.276565        0.076919

     Cl  18        0.532080       -1.937106       -0.865166
     Cl  18       -1.937106       -0.387347       -1.181959
     Cl  18       -0.865166       -1.181959       -0.144733

     H   19       -0.068442       -0.042696       -0.056582
     H   19       -0.042696        0.028733       -0.450170
     H   19       -0.056582       -0.450170        0.039709

     C   20        0.008264       -0.107889       -0.095149
     C   20       -0.107889        0.232975        0.324394
     C   20       -0.095149        0.324394       -0.241238

     H   21        0.196341        0.118655        0.356738
     H   21        0.118655       -0.276970       -0.124479
     H   21        0.356738       -0.124479        0.080628

     C   22       -0.401950       -0.238436       -0.167567
     C   22       -0.238436        0.337212        0.247091
     C   22       -0.167567        0.247091        0.064738

     C   23        0.249992        0.216372       -0.194534
     C   23        0.216372       -0.007343        0.288235
     C   23       -0.194534        0.288235       -0.242650

     Cl  24        0.947766        2.020714       -0.350901
     Cl  24        2.020714        0.433391        0.657455
     Cl  24       -0.350901        0.657455       -1.381156

     ----- total EFG (symmetrized) -----
     Cl   1        1.437236       -2.344124       -0.237524
     Cl   1       -2.344124        0.076375       -0.058721
     Cl   1       -0.237524       -0.058721       -1.513612

     C    2       -0.035590       -0.411384       -0.126995
     C    2       -0.411384       -0.155120       -0.337200
     C    2       -0.126995       -0.337200        0.190710

     C    3       -0.324019       -0.033872       -0.251429
     C    3       -0.033872       -0.293768       -0.234769
     C    3       -0.251429       -0.234769        0.617787

     H    4        0.439184       -0.064542        0.454974
     H    4       -0.064542       -0.249872        0.268779
     H    4        0.454974        0.268779       -0.189313

     C    5       -0.296293       -0.051751       -0.125795
     C    5       -0.051751       -0.348616       -0.337186
     C    5       -0.125795       -0.337186        0.644909

     H    6       -0.149070       -0.136027        0.211579
     H    6       -0.136027        0.426451        0.490591
     H    6        0.211579        0.490591       -0.277381

     H    7       -0.082136        0.143518        0.158703
     H    7        0.143518        0.303172       -0.427274
     H    7        0.158703       -0.427274       -0.221036

     C    8       -0.317463       -0.118797       -0.465685
     C    8       -0.118797        0.032445       -0.220405
     C    8       -0.465685       -0.220405        0.285018

     H    9        0.050011       -0.156079        0.602367
     H    9       -0.156079       -0.026861        0.014614
     H    9        0.602367        0.014614       -0.023151

     C   10        0.105147        0.127157       -0.340752
     C   10        0.127157       -0.396838        0.149054
     C   10       -0.340752        0.149054        0.291691

     C   11       -0.173254       -0.016724       -0.207525
     C   11       -0.016724        0.262164       -0.079555
     C   11       -0.207525       -0.079555       -0.088910

     Cl  12        0.680644        2.113673       -1.448294
     Cl  12        2.113673       -1.055357        0.652138
     Cl  12       -1.448294        0.652138        0.374713

     H   13       -0.039151        0.080485        0.202804
     H   13        0.080485        0.544333        0.571969
     H   13        0.202804        0.571969       -0.505183

     C   14       -0.157854       -0.030610       -0.045663
     C   14       -0.030610       -0.031439       -0.092668
     C   14       -0.045663       -0.092668        0.189293

     H   15        0.612469        0.107229        0.424571
     H   15        0.107229       -0.107330        0.421350
     H   15        0.424571        0.421350       -0.505138

     C   16        0.138722        0.060746       -0.007652
     C   16        0.060746       -0.130724        0.002479
     C   16       -0.007652        0.002479       -0.007998

     C   17       -0.120097       -0.051649       -0.347302
     C   17       -0.051649        0.043178       -0.276565
     C   17       -0.347302       -0.276565        0.076919

     Cl  18        0.532080       -1.937106       -0.865166
     Cl  18       -1.937106       -0.387347       -1.181959
     Cl  18       -0.865166       -1.181959       -0.144733

     H   19       -0.068442       -0.042696       -0.056582
     H   19       -0.042696        0.028733       -0.450170
     H   19       -0.056582       -0.450170        0.039709

     C   20        0.008264       -0.107889       -0.095149
     C   20       -0.107889        0.232975        0.324394
     C   20       -0.095149        0.324394       -0.241238

     H   21        0.196341        0.118655        0.356738
     H   21        0.118655       -0.276970       -0.124479
     H   21        0.356738       -0.124479        0.080628

     C   22       -0.401950       -0.238436       -0.167567
     C   22       -0.238436        0.337212        0.247091
     C   22       -0.167567        0.247091        0.064738

     C   23        0.249992        0.216372       -0.194534
     C   23        0.216372       -0.007343        0.288235
     C   23       -0.194534        0.288235       -0.242650

     Cl  24        0.947766        2.020714       -0.350901
     Cl  24        2.020714        0.433391        0.657455
     Cl  24       -0.350901        0.657455       -1.381156


     NQR/NMR SPECTROSCOPIC PARAMETERS:
     Cl   1    Vxx=   -1.3946    axis=(  0.306396  0.454877 -0.836187)
     Cl   1    Vyy=   -1.8081    axis=(  0.515952  0.658847  0.547461)
     Cl   1    Vzz=    3.2028    axis=(  0.799947 -0.599172 -0.032827)
     Cl   1  Q=        -8.1650 1e-30 m^2  Cq=       -61.4435 MHz  eta= 0.12911

     C    2    Vxx=    0.2094    axis=(  0.734076 -0.241243 -0.634771)
     C    2    Vyy=    0.4403    axis=(  0.372399 -0.638656  0.673378)
     C    2    Vzz=   -0.6497    axis=(  0.567848  0.730699  0.378983)
     C    2  Q=         1.0000 1e-30 m^2  Cq=        -1.5266 MHz  eta= 0.35534

     C    3    Vxx=   -0.2733    axis=(  0.635112 -0.772040 -0.024202)
     C    3    Vyy=   -0.4549    axis=(  0.740215  0.599380  0.304672)
     C    3    Vzz=    0.7282    axis=( -0.220712 -0.211416  0.952150)
     C    3  Q=         1.0000 1e-30 m^2  Cq=         1.7110 MHz  eta= 0.24948

     H    4    Vxx=   -0.0606    axis=(  0.338460 -0.805704 -0.486092)
     H    4    Vyy=   -0.6226    axis=(  0.348714  0.587196 -0.730479)
     H    4    Vzz=    0.6832    axis=(  0.873981  0.077731  0.479703)
     H    4  Q=         1.0000 1e-30 m^2  Cq=         1.6052 MHz  eta= 0.82259

     C    5    Vxx=   -0.2669    axis=(  0.902385 -0.429559 -0.034357)
     C    5    Vyy=   -0.4922    axis=(  0.419258  0.856718  0.300428)
     C    5    Vzz=    0.7591    axis=( -0.099618 -0.285506  0.953186)
     C    5  Q=         1.0000 1e-30 m^2  Cq=         1.7835 MHz  eta= 0.29684

     H    6    Vxx=   -0.0255    axis=(  0.895072 -0.175560  0.409908)
     H    6    Vyy=   -0.6536    axis=(  0.444814  0.416248 -0.793018)
     H    6    Vzz=    0.6791    axis=( -0.031401  0.892142  0.450663)
     H    6  Q=         1.0000 1e-30 m^2  Cq=         1.5955 MHz  eta= 0.92491

     H    7    Vxx=    0.0068    axis=(  0.910049  0.127777  0.394315)
     H    7    Vyy=    0.5462    axis=(  0.081276  0.877825 -0.472036)
     H    7    Vzz=   -0.5530    axis=( -0.406455  0.461624  0.788478)
     H    7  Q=         1.0000 1e-30 m^2  Cq=        -1.2993 MHz  eta= 0.97548

     C    8    Vxx=    0.0625    axis=(  0.392181 -0.915823 -0.086384)
     C    8    Vyy=    0.5755    axis=( -0.418769 -0.261359  0.869669)
     C    8    Vzz=   -0.6380    axis=( -0.819040 -0.304892 -0.486018)
     C    8  Q=         1.0000 1e-30 m^2  Cq=        -1.4991 MHz  eta= 0.80399

     H    9    Vxx=   -0.0195    axis=(  0.021929 -0.967182 -0.253137)
     H    9    Vyy=   -0.6140    axis=(  0.683719  0.199239 -0.702020)
     H    9    Vzz=    0.6335    axis=(  0.729416 -0.157680  0.665650)
     H    9  Q=         1.0000 1e-30 m^2  Cq=         1.4884 MHz  eta= 0.93844

     C   10    Vxx=   -0.0500    axis=(  0.716911  0.480073  0.505538)
     C   10    Vyy=   -0.5036    axis=(  0.361599 -0.876023  0.319108)
     C   10    Vzz=    0.5536    axis=( -0.596058  0.045970  0.801624)
     C   10  Q=         1.0000 1e-30 m^2  Cq=         1.3008 MHz  eta= 0.81941

     C   11    Vxx=    0.0679    axis=( -0.642384  0.242458  0.727019)
     C   11    Vyy=    0.2815    axis=( -0.079331 -0.964578  0.251588)
     C   11    Vzz=   -0.3495    axis=(  0.762266  0.103941  0.638863)
     C   11  Q=         1.0000 1e-30 m^2  Cq=        -0.8211 MHz  eta= 0.61126

     Cl  12    Vxx=    0.5301    axis=( -0.159826 -0.550202 -0.819593)
     Cl  12    Vyy=    2.4987    axis=( -0.809097 -0.402635  0.428073)
     Cl  12    Vzz=   -3.0288    axis=( -0.565524  0.731548 -0.380816)
     Cl  12  Q=        -8.1650 1e-30 m^2  Cq=        58.1062 MHz  eta= 0.64998

     H   13    Vxx=   -0.0356    axis=(  0.962219 -0.246853  0.114884)
     H   13    Vyy=   -0.7886    axis=( -0.204284 -0.375566  0.904001)
     H   13    Vzz=    0.8242    axis=( -0.180009 -0.893316 -0.411805)
     H   13  Q=         1.0000 1e-30 m^2  Cq=         1.9366 MHz  eta= 0.91365

     C   14    Vxx=   -0.0479    axis=( -0.362878  0.889502  0.277679)
     C   14    Vyy=   -0.1779    axis=(  0.927885  0.317509  0.195492)
     C   14    Vzz=    0.2258    axis=( -0.085725 -0.328595  0.940573)
     C   14  Q=         1.0000 1e-30 m^2  Cq=         0.5306 MHz  eta= 0.57596

     H   15    Vxx=    0.0174    axis=(  0.403735 -0.844175 -0.352656)
     H   15    Vyy=    0.8219    axis=(  0.888734  0.270400  0.370184)
     H   15    Vzz=   -0.8393    axis=( -0.217142 -0.462874  0.859417)
     H   15  Q=         1.0000 1e-30 m^2  Cq=        -1.9721 MHz  eta= 0.95852

     C   16    Vxx=   -0.0082    axis=(  0.036238  0.038163  0.998614)
     C   16    Vyy=   -0.1439    axis=( -0.210811  0.977076 -0.029689)
     C   16    Vzz=    0.1521    axis=( -0.976855 -0.209443  0.043453)
     C   16  Q=         1.0000 1e-30 m^2  Cq=         0.3573 MHz  eta= 0.89242

     C   17    Vxx=    0.0312    axis=(  0.604295 -0.783124 -0.146783)
     C   17    Vyy=    0.4428    axis=(  0.429881  0.475569 -0.767487)
     C   17    Vzz=   -0.4740    axis=(  0.670843  0.400689  0.624034)
     C   17  Q=         1.0000 1e-30 m^2  Cq=        -1.1137 MHz  eta= 0.86838

     Cl  18    Vxx=    0.6782    axis=( -0.331069 -0.363867  0.870629)
     Cl  18    Vyy=    2.0650    axis=( -0.776655  0.629092 -0.032414)
     Cl  18    Vzz=   -2.7433    axis=( -0.535912 -0.686909 -0.490872)
     Cl  18  Q=        -8.1650 1e-30 m^2  Cq=        52.6283 MHz  eta= 0.50552

     H   19    Vxx=   -0.0550    axis=( -0.981470  0.148771  0.120761)
     H   19    Vyy=   -0.4296    axis=( -0.190699 -0.696844 -0.691406)
     H   19    Vzz=    0.4846    axis=( -0.018710 -0.701623  0.712302)
     H   19  Q=         1.0000 1e-30 m^2  Cq=         1.1387 MHz  eta= 0.77298

     C   20    Vxx=   -0.0333    axis=(  0.947547  0.314488  0.057027)
     C   20    Vyy=   -0.4092    axis=( -0.091097  0.436757 -0.894955)
     C   20    Vzz=    0.4425    axis=( -0.306360  0.842817  0.442497)
     C   20  Q=         1.0000 1e-30 m^2  Cq=         1.0397 MHz  eta= 0.84962

     H   21    Vxx=   -0.0762    axis=( -0.484310 -0.649593  0.586065)
     H   21    Vyy=   -0.4238    axis=(  0.427097 -0.760168 -0.489625)
     H   21    Vzz=    0.5000    axis=(  0.763565  0.013177  0.645596)
     H   21  Q=         1.0000 1e-30 m^2  Cq=         1.1748 MHz  eta= 0.69521

     C   22    Vxx=   -0.0801    axis=( -0.048761 -0.529401  0.846969)
     C   22    Vyy=   -0.4900    axis=(  0.956816  0.218541  0.191685)
     C   22    Vzz=    0.5700    axis=( -0.286576  0.819740  0.495883)
     C   22  Q=         1.0000 1e-30 m^2  Cq=         1.3394 MHz  eta= 0.71911

     C   23    Vxx=    0.1633    axis=( -0.305021  0.701405  0.644200)
     C   23    Vyy=    0.3749    axis=( -0.889780 -0.451024  0.069775)
     C   23    Vzz=   -0.5382    axis=(  0.339490 -0.551913  0.761668)
     C   23  Q=         1.0000 1e-30 m^2  Cq=        -1.2646 MHz  eta= 0.39322

     Cl  24    Vxx=   -0.6425    axis=(  0.500552 -0.514795 -0.696013)
     Cl  24    Vyy=   -2.0924    axis=( -0.441497  0.539773 -0.716746)
     Cl  24    Vzz=    2.7349    axis=( -0.744667 -0.666056 -0.042904)
     Cl  24  Q=        -8.1650 1e-30 m^2  Cq=       -52.4686 MHz  eta= 0.53014

     Initialization:
     gipaw_setup  :      9.21s CPU     11.25s WALL (       1 calls)

     Linear response

     Apply operators

     Induced current

     Other routines
     efg          :      9.50s CPU     12.18s WALL (       1 calls)

     General routines
     calbec       :      3.44s CPU      4.82s WALL (      16 calls)
     fft          :      1.69s CPU      2.52s WALL (      15 calls)
     ffts         :      0.04s CPU      0.05s WALL (       2 calls)
     fftw         :      3.34s CPU      3.93s WALL (     672 calls)
     davcio       :      0.04s CPU      0.34s WALL (      32 calls)

     Parallel routines
     fft_scatter  :      2.22s CPU      3.52s WALL (     689 calls)

     Plugins

     GIPAW        :     62.34s CPU     74.55s WALL (       1 calls)
