
     Program QE v.6.0 (svn rev. 13079) starts on 30Dec2016 at  1: 8: 4 

     This program is part of the open-source Quantum ESPRESSO suite
     for quantum simulation of materials; please cite
         "P. Giannozzi et al., J. Phys.:Condens. Matter 21 395502 (2009);
          URL http://www.quantum-espresso.org", 
     in publications or presentations arising from this work. More details at
     http://www.quantum-espresso.org/quote

     Parallel version (MPI), running on     8 processors
     R & G space division:  proc/nbgrp/npool/nimage =       8

     ***** This is GIPAW svn revision unknown      *****

     Parallelizing q-star over 1 images

     Reading data from directory:
     /users/majewski/paradichlorobenzene/pbe/9_constraint/scratch/pbe.ecut100.np8.dt60.pcl2phi-129368.save
     Message from routine read_xml_file:
     file /users/majewski/paradichlorobenzene/pbe/9_constraint/scratch/pbe.ecut100.np8.dt60.pcl2phi-129368.save not guaranteed to be safe for post-processing

   Info: using nr1, nr2, nr3 values from input

   Info: using nr1, nr2, nr3 values from input

     IMPORTANT: XC functional enforced from input :
     Exchange-correlation      =  SLA  PW   PBX  PBC ( 1  4  3  4 0 0)
     Any further DFT definition will be discarded
     Please, verify this is what you really want

               file C.pbe-n-kjpaw_psl.1.0.0.UPF: wavefunction(s)  2S 2P renormalized
               file Cl.pbe-n-kjpaw_psl.1.0.0.UPF: wavefunction(s)  3S 3P renormalized
               file H.pbe-kjpaw_psl.1.0.0.UPF: wavefunction(s)  1S renormalized

     Parallelization info
     --------------------
     sticks:   dense  smooth     PW     G-vecs:    dense   smooth      PW
     Min        3057    1223    332               144436    36536    5170
     Max        3059    1225    333               144437    36537    5171
     Sum       24467    9791   2657              1155489   292295   41363


     Subspace diagonalization in iterative solution of the eigenvalue problem:
     a serial algorithm will be used

     GIPAW projectors -----------------------------------------------
     atom=  C    l=0  rc=    1.2000  rs=    0.8000
     atom=  C    l=0  rc=    1.2000  rs=    0.8000
     atom=  C    l=1  rc=    1.4000  rs=    0.9333
     atom=  C    l=1  rc=    1.4000  rs=    0.9333
     projs nearly linearly dependent: l=1  n1,n2= 1, 2  s=  0.99951561

     atom=  Cl   l=0  rc=    1.6000  rs=    1.0667
     atom=  Cl   l=0  rc=    1.6000  rs=    1.0667
     atom=  Cl   l=1  rc=    1.6000  rs=    1.0667
     atom=  Cl   l=1  rc=    1.6000  rs=    1.0667
     atom=  Cl   l=2  rc=    1.6000  rs=    1.0667
     atom=  Cl   l=2  rc=    1.6000  rs=    1.0667
     projs nearly linearly dependent: l=2  n1,n2= 1, 2  s=  0.99993509

     atom=  H    l=0  rc=    1.0000  rs=    0.6667
     atom=  H    l=0  rc=    1.0000  rs=    0.6667
     projs nearly linearly dependent: l=0  n1,n2= 1, 2  s=  0.99968852
     -----------------------------------------------------------------

     GIPAW integrals: -------------------------------------------
     Atom  i/j   nmr_para   nmr_dia   epr_rmc  epr_para   epr_dia
       C   1 1   0.83E+03  0.17E-01  0.93E+01  0.24E+08  0.24E+03
       C   2 1   0.86E+03 -0.61E-01  0.94E+01  0.25E+08  0.25E+03
       C   2 2   0.90E+03 -0.15E+00  0.97E+01  0.26E+08  0.26E+03
       C   3 3   0.33E+01  0.34E+00  0.18E+01  0.55E+03  0.21E+02
       C   4 3   0.35E+01  0.37E+00  0.20E+01  0.59E+03  0.22E+02
       C   4 4   0.38E+01  0.39E+00  0.22E+01  0.63E+03  0.24E+02
       Cl  1 1   0.14E+04 -0.47E+00  0.84E+01  0.32E+09  0.42E+03
       Cl  2 1   0.21E+04 -0.37E+00  0.12E+02  0.49E+09  0.65E+03
       Cl  2 2   0.33E+04 -0.16E+00  0.21E+02  0.76E+09  0.10E+04
       Cl  3 3   0.21E+02  0.79E-01  0.89E+01  0.23E+05  0.13E+03
       Cl  4 3   0.24E+02  0.67E-01  0.99E+01  0.27E+05  0.15E+03
       Cl  4 4   0.28E+02  0.44E-01  0.11E+02  0.32E+05  0.18E+03
       Cl  5 5   0.77E+00  0.19E+00  0.18E+01  0.12E+03  0.22E+02
       Cl  6 5   0.80E+00  0.19E+00  0.19E+01  0.12E+03  0.23E+02
       Cl  6 6   0.83E+00  0.20E+00  0.19E+01  0.12E+03  0.23E+02
       H   1 1   0.39E+02  0.19E+00  0.29E+00  0.78E+05  0.13E+02
       H   2 1   0.41E+02  0.21E+00  0.32E+00  0.82E+05  0.14E+02
       H   2 2   0.43E+02  0.22E+00  0.36E+00  0.86E+05  0.15E+02
     ------------------------------------------------------------

     alpha_pv=     33.9787 eV

     Number of occupied bands for each k-point:
     k-point:     1    nbnd_occ=  42
     k-point:     2    nbnd_occ=  42
     k-point:     3    nbnd_occ=  42
     k-point:     4    nbnd_occ=  42
     k-point:     5    nbnd_occ=  42
     k-point:     6    nbnd_occ=  42
     k-point:     7    nbnd_occ=  42
     k-point:     8    nbnd_occ=  42
     k-point:     9    nbnd_occ=  42
     k-point:    10    nbnd_occ=  42
     k-point:    11    nbnd_occ=  42
     k-point:    12    nbnd_occ=  42
     k-point:    13    nbnd_occ=  42
     k-point:    14    nbnd_occ=  42
     k-point:    15    nbnd_occ=  42
     k-point:    16    nbnd_occ=  42


     q-space interpolation up to   110.00 Rydberg

     GIPAW job: efg                                                                             


     ELECTRIC FIELD GRADIENTS TENSORS IN Hartree/bohrradius^2:

     ----- bare term -----
     Cl   1       -0.101388        0.182605        0.008702
     Cl   1        0.182605       -0.045183        0.028720
     Cl   1        0.008702        0.028720        0.146571

     C    2       -0.074157       -0.013162       -0.291010
     C    2       -0.013162        0.027857       -0.692463
     C    2       -0.291010       -0.692463        0.046300

     C    3       -0.601543        0.371522       -0.254087
     C    3        0.371522        0.239275       -0.314459
     C    3       -0.254087       -0.314459        0.362268

     H    4       -0.252919       -0.442613       -0.357360
     H    4       -0.442613       -0.067304       -0.193362
     H    4       -0.357360       -0.193362        0.320224

     C    5       -0.223949        0.020609       -0.313465
     C    5        0.020609        0.026150       -0.526983
     C    5       -0.313465       -0.526983        0.197799

     H    6        0.423407        0.120785       -0.073884
     H    6        0.120785       -0.771251       -0.094766
     H    6       -0.073884       -0.094766        0.347844

     H    7        0.381836       -0.125156       -0.291685
     H    7       -0.125156       -0.295292        0.399111
     H    7       -0.291685        0.399111       -0.086544

     C    8       -0.882646       -0.358078       -0.338536
     C    8       -0.358078        0.492878        0.103924
     C    8       -0.338536        0.103924        0.389768

     H    9        0.059707       -0.119683       -0.466492
     H    9       -0.119683       -0.034712       -0.216513
     H    9       -0.466492       -0.216513       -0.024995

     C   10        0.139368       -0.134722       -0.134059
     C   10       -0.134722       -0.098907        0.592872
     C   10       -0.134059        0.592872       -0.040461

     C   11       -0.715140       -0.457573       -0.373470
     C   11       -0.457573        0.357762        0.085830
     C   11       -0.373470        0.085830        0.357378

     Cl  12        0.117702       -0.030022       -0.034112
     Cl  12       -0.030022       -0.163075       -0.030120
     Cl  12       -0.034112       -0.030120        0.045372

     H   13        0.537710        0.015689       -0.103393
     H   13        0.015689       -0.191748       -0.299177
     H   13       -0.103393       -0.299177       -0.345961

     C   14       -0.729873        0.363637       -0.270213
     C   14        0.363637        0.406554       -0.290741
     C   14       -0.270213       -0.290741        0.323319

     H   15       -0.223807        0.078852       -0.571698
     H   15        0.078852        0.174335        0.073938
     H   15       -0.571698        0.073938        0.049473

     C   16       -0.041665       -0.033768       -0.252195
     C   16       -0.033768       -0.039553       -0.688548
     C   16       -0.252195       -0.688548        0.081218

     C   17       -0.570293        0.318360       -0.307425
     C   17        0.318360        0.221291       -0.273246
     C   17       -0.307425       -0.273246        0.349002

     Cl  18        0.029015        0.065961       -0.026172
     Cl  18        0.065961        0.043297        0.005402
     Cl  18       -0.026172        0.005402       -0.072312

     H   19        0.452458        0.132052       -0.055736
     H   19        0.132052       -0.591925        0.560535
     H   19       -0.055736        0.560535        0.139467

     C   20       -0.107692        0.005505       -0.257005
     C   20        0.005505       -0.042632        0.388615
     C   20       -0.257005        0.388615        0.150325

     H   21        0.015822        0.222800       -0.420839
     H   21        0.222800        0.113051        0.515064
     H   21       -0.420839        0.515064       -0.128873

     C   22       -0.750575       -0.358293       -0.386356
     C   22       -0.358293        0.267869       -0.017387
     C   22       -0.386356       -0.017387        0.482707

     C   23        0.030644        0.268613       -0.395028
     C   23        0.268613       -0.244334        0.495703
     C   23       -0.395028        0.495703        0.213690

     Cl  24       -0.226444       -0.275242       -0.153263
     Cl  24       -0.275242       -0.060370       -0.101721
     Cl  24       -0.153263       -0.101721        0.286815

     ----- ionic term -----
     Cl   1        0.193214       -0.179061       -0.018248
     Cl   1       -0.179061       -0.044581        0.020798
     Cl   1       -0.018248        0.020798       -0.148632

     C    2        0.284292       -0.169388        0.236737
     C    2       -0.169388        0.002593        0.404961
     C    2        0.236737        0.404961       -0.286885

     C    3        0.180614       -0.239786        0.177671
     C    3       -0.239786        0.127087        0.385206
     C    3        0.177671        0.385206       -0.307701

     H    4        0.602597        0.308858        0.665376
     H    4        0.308858       -0.436337        0.255126
     H    4        0.665376        0.255126       -0.166260

     C    5        0.316969       -0.240402        0.236088
     C    5       -0.240402        0.065556        0.259735
     C    5        0.236088        0.259735       -0.382525

     H    6       -0.489046       -0.027078        0.028043
     H    6       -0.027078        0.813294        0.592749
     H    6        0.028043        0.592749       -0.324248

     H    7       -0.499978       -0.184457        0.151701
     H    7       -0.184457        0.489167       -0.754971
     H    7        0.151701       -0.754971        0.010810

     C    8        0.200587        0.217616        0.378547
     C    8        0.217616        0.014085       -0.294002
     C    8        0.378547       -0.294002       -0.214672

     H    9        0.414524       -0.101669        0.779536
     H    9       -0.101669       -0.465402       -0.158559
     H    9        0.779536       -0.158559        0.050878

     C   10        0.072988        0.321843        0.242892
     C   10        0.321843        0.170238       -0.357037
     C   10        0.242892       -0.357037       -0.243226

     C   11        0.136401        0.211519        0.328427
     C   11        0.211519        0.106181       -0.387403
     C   11        0.328427       -0.387403       -0.242582

     Cl  12        0.123166        0.235328        0.027819
     Cl  12        0.235328        0.029298        0.012950
     Cl  12        0.027819        0.012950       -0.152464

     H   13       -0.513164        0.102836        0.072817
     H   13        0.102836        0.500612        0.777088
     H   13        0.072817        0.777088        0.012552

     C   14        0.301017       -0.159444        0.266773
     C   14       -0.159444       -0.035114        0.318769
     C   14        0.266773        0.318769       -0.265903

     H   15        0.529819        0.300000        0.719159
     H   15        0.300000       -0.418397        0.264179
     H   15        0.719159        0.264179       -0.111422

     C   16        0.140247       -0.210484        0.182093
     C   16       -0.210484        0.132008        0.404259
     C   16        0.182093        0.404259       -0.272254

     C   17        0.146589       -0.211037        0.242685
     C   17       -0.211037        0.156845        0.393150
     C   17        0.242685        0.393150       -0.303435

     Cl  18        0.100717       -0.225228        0.015143
     Cl  18       -0.225228        0.046044        0.003381
     Cl  18        0.015143        0.003381       -0.146760

     H   19       -0.513346       -0.123006        0.090472
     H   19       -0.123006        0.609008       -0.718256
     H   19        0.090472       -0.718256       -0.095663

     C   20        0.234739        0.190883        0.351639
     C   20        0.190883        0.052119       -0.277146
     C   20        0.351639       -0.277146       -0.286857

     H   21        0.546706       -0.291035        0.732206
     H   21       -0.291035       -0.436603       -0.245552
     H   21        0.732206       -0.245552       -0.110103

     C   22        0.096956        0.203648        0.265851
     C   22        0.203648        0.193651       -0.367735
     C   22        0.265851       -0.367735       -0.290607

     C   23        0.103806        0.185873        0.370314
     C   23        0.185873        0.119195       -0.396916
     C   23        0.370314       -0.396916       -0.223002

     Cl  24        0.108173        0.203180        0.017070
     Cl  24        0.203180        0.043095        0.002897
     Cl  24        0.017070        0.002897       -0.151268

     ----- GIPAW term -----
     Cl   1       -0.478287        0.568875       -0.685382
     Cl   1        0.568875        1.701686       -1.436779
     Cl   1       -0.685382       -1.436779       -1.223399

     C    2       -0.031443       -0.065363       -0.055210
     C    2       -0.065363        0.196549       -0.162550
     C    2       -0.055210       -0.162550       -0.165107

     C    3       -0.222443        0.068366       -0.056806
     C    3        0.068366        0.273618       -0.074463
     C    3       -0.056806       -0.074463       -0.051175

     H    4       -0.000000        0.000000        0.000000
     H    4        0.000000        0.000000        0.000000
     H    4        0.000000        0.000000        0.000000

     C    5       -0.094164       -0.027755       -0.040344
     C    5       -0.027755        0.177948       -0.143725
     C    5       -0.040344       -0.143725       -0.083784

     H    6       -0.000000        0.000000        0.000000
     H    6        0.000000        0.000000        0.000000
     H    6        0.000000        0.000000        0.000000

     H    7       -0.000000        0.000000        0.000000
     H    7        0.000000        0.000000        0.000000
     H    7        0.000000        0.000000        0.000000

     C    8       -0.227109        0.011872       -0.028151
     C    8        0.011872        0.311797       -0.032186
     C    8       -0.028151       -0.032186       -0.084687

     H    9       -0.000000        0.000000        0.000000
     H    9        0.000000        0.000000        0.000000
     H    9        0.000000        0.000000        0.000000

     C   10       -0.088391       -0.019062       -0.006583
     C   10       -0.019062        0.236903        0.052450
     C   10       -0.006583        0.052450       -0.148511

     C   11       -0.161546       -0.037460       -0.033207
     C   11       -0.037460        0.277530       -0.054273
     C   11       -0.033207       -0.054273       -0.115984

     Cl  12        0.001424        0.246927       -0.259599
     Cl  12        0.246927        2.238373        0.475864
     Cl  12       -0.259599        0.475864       -2.239798

     H   13       -0.000000        0.000000        0.000000
     H   13        0.000000        0.000000        0.000000
     H   13        0.000000        0.000000        0.000000

     C   14       -0.220826        0.048282       -0.023567
     C   14        0.048282        0.268338       -0.130858
     C   14       -0.023567       -0.130858       -0.047512

     H   15       -0.000000        0.000000        0.000000
     H   15        0.000000        0.000000        0.000000
     H   15        0.000000        0.000000        0.000000

     C   16       -0.109967       -0.110325       -0.028682
     C   16       -0.110325        0.214905       -0.168749
     C   16       -0.028682       -0.168749       -0.104938

     C   17       -0.119133       -0.125013       -0.039547
     C   17       -0.125013        0.242249       -0.031437
     C   17       -0.039547       -0.031437       -0.123116

     Cl  18        0.046203       -0.450763       -0.146659
     Cl  18       -0.450763        2.635229       -0.110609
     Cl  18       -0.146659       -0.110609       -2.681431

     H   19       -0.000000        0.000000        0.000000
     H   19        0.000000        0.000000        0.000000
     H   19        0.000000        0.000000        0.000000

     C   20       -0.120796        0.036034       -0.035038
     C   20        0.036034        0.212626       -0.066666
     C   20       -0.035038       -0.066666       -0.091830

     H   21       -0.000000        0.000000        0.000000
     H   21        0.000000        0.000000        0.000000
     H   21        0.000000        0.000000        0.000000

     C   22       -0.247301        0.001460       -0.096742
     C   22        0.001460        0.160392       -0.203131
     C   22       -0.096742       -0.203131        0.086909

     C   23       -0.046521        0.194265       -0.101846
     C   23        0.194265        0.068409       -0.126130
     C   23       -0.101846       -0.126130       -0.021888

     Cl  24        0.289576        1.685758       -1.693344
     Cl  24        1.685758       -0.378854       -1.300164
     Cl  24       -1.693344       -1.300164        0.089278

     ----- total EFG -----
     Cl   1       -0.386461        0.572419       -0.694929
     Cl   1        0.572419        1.611921       -1.387260
     Cl   1       -0.694929       -1.387260       -1.225461

     C    2        0.178693       -0.247913       -0.109482
     C    2       -0.247913        0.226999       -0.450052
     C    2       -0.109482       -0.450052       -0.405692

     C    3       -0.643371        0.200102       -0.133222
     C    3        0.200102        0.639980       -0.003717
     C    3       -0.133222       -0.003717        0.003392

     H    4        0.349678       -0.133755        0.308016
     H    4       -0.133755       -0.503641        0.061764
     H    4        0.308016        0.061764        0.153964

     C    5       -0.001145       -0.247547       -0.117721
     C    5       -0.247547        0.269654       -0.410973
     C    5       -0.117721       -0.410973       -0.268509

     H    6       -0.065639        0.093706       -0.045841
     H    6        0.093706        0.042043        0.497983
     H    6       -0.045841        0.497983        0.023596

     H    7       -0.118142       -0.309613       -0.139984
     H    7       -0.309613        0.193875       -0.355860
     H    7       -0.139984       -0.355860       -0.075733

     C    8       -0.909168       -0.128590        0.011860
     C    8       -0.128590        0.818760       -0.222264
     C    8        0.011860       -0.222264        0.090408

     H    9        0.474231       -0.221351        0.313045
     H    9       -0.221351       -0.500114       -0.375072
     H    9        0.313045       -0.375072        0.025883

     C   10        0.123964        0.168059        0.102251
     C   10        0.168059        0.308234        0.288285
     C   10        0.102251        0.288285       -0.432198

     C   11       -0.740286       -0.283514       -0.078250
     C   11       -0.283514        0.741473       -0.355846
     C   11       -0.078250       -0.355846       -0.001187

     Cl  12        0.242292        0.452233       -0.265892
     Cl  12        0.452233        2.104597        0.458694
     Cl  12       -0.265892        0.458694       -2.346889

     H   13        0.024546        0.118524       -0.030576
     H   13        0.118524        0.308864        0.477911
     H   13       -0.030576        0.477911       -0.333409

     C   14       -0.649682        0.252474       -0.027007
     C   14        0.252474        0.639778       -0.102831
     C   14       -0.027007       -0.102831        0.009904

     H   15        0.306012        0.378853        0.147461
     H   15        0.378853       -0.244063        0.338117
     H   15        0.147461        0.338117       -0.061950

     C   16       -0.011385       -0.354577       -0.098783
     C   16       -0.354577        0.307359       -0.453038
     C   16       -0.098783       -0.453038       -0.295974

     C   17       -0.542837       -0.017691       -0.104287
     C   17       -0.017691        0.620386        0.088466
     C   17       -0.104287        0.088466       -0.077549

     Cl  18        0.175934       -0.610031       -0.157688
     Cl  18       -0.610031        2.724570       -0.101826
     Cl  18       -0.157688       -0.101826       -2.900504

     H   19       -0.060887        0.009046        0.034736
     H   19        0.009046        0.017083       -0.157721
     H   19        0.034736       -0.157721        0.043804

     C   20        0.006250        0.232421        0.059595
     C   20        0.232421        0.222112        0.044803
     C   20        0.059595        0.044803       -0.228362

     H   21        0.562528       -0.068234        0.311367
     H   21       -0.068234       -0.323552        0.269512
     H   21        0.311367        0.269512       -0.238976

     C   22       -0.900920       -0.153186       -0.217248
     C   22       -0.153186        0.621912       -0.588253
     C   22       -0.217248       -0.588253        0.279008

     C   23        0.087929        0.648750       -0.126560
     C   23        0.648750       -0.056730       -0.027344
     C   23       -0.126560       -0.027344       -0.031199

     Cl  24        0.171305        1.613696       -1.829536
     Cl  24        1.613696       -0.396129       -1.398988
     Cl  24       -1.829536       -1.398988        0.224824

     ----- total EFG (symmetrized) -----
     Cl   1       -0.386461        0.572419       -0.694929
     Cl   1        0.572419        1.611921       -1.387260
     Cl   1       -0.694929       -1.387260       -1.225461

     C    2        0.178693       -0.247913       -0.109482
     C    2       -0.247913        0.226999       -0.450052
     C    2       -0.109482       -0.450052       -0.405692

     C    3       -0.643371        0.200102       -0.133222
     C    3        0.200102        0.639980       -0.003717
     C    3       -0.133222       -0.003717        0.003392

     H    4        0.349678       -0.133755        0.308016
     H    4       -0.133755       -0.503641        0.061764
     H    4        0.308016        0.061764        0.153964

     C    5       -0.001145       -0.247547       -0.117721
     C    5       -0.247547        0.269654       -0.410973
     C    5       -0.117721       -0.410973       -0.268509

     H    6       -0.065639        0.093706       -0.045841
     H    6        0.093706        0.042043        0.497983
     H    6       -0.045841        0.497983        0.023596

     H    7       -0.118142       -0.309613       -0.139984
     H    7       -0.309613        0.193875       -0.355860
     H    7       -0.139984       -0.355860       -0.075733

     C    8       -0.909168       -0.128590        0.011860
     C    8       -0.128590        0.818760       -0.222264
     C    8        0.011860       -0.222264        0.090408

     H    9        0.474231       -0.221351        0.313045
     H    9       -0.221351       -0.500114       -0.375072
     H    9        0.313045       -0.375072        0.025883

     C   10        0.123964        0.168059        0.102251
     C   10        0.168059        0.308234        0.288285
     C   10        0.102251        0.288285       -0.432198

     C   11       -0.740286       -0.283514       -0.078250
     C   11       -0.283514        0.741473       -0.355846
     C   11       -0.078250       -0.355846       -0.001187

     Cl  12        0.242292        0.452233       -0.265892
     Cl  12        0.452233        2.104597        0.458694
     Cl  12       -0.265892        0.458694       -2.346889

     H   13        0.024546        0.118524       -0.030576
     H   13        0.118524        0.308864        0.477911
     H   13       -0.030576        0.477911       -0.333409

     C   14       -0.649682        0.252474       -0.027007
     C   14        0.252474        0.639778       -0.102831
     C   14       -0.027007       -0.102831        0.009904

     H   15        0.306012        0.378853        0.147461
     H   15        0.378853       -0.244063        0.338117
     H   15        0.147461        0.338117       -0.061950

     C   16       -0.011385       -0.354577       -0.098783
     C   16       -0.354577        0.307359       -0.453038
     C   16       -0.098783       -0.453038       -0.295974

     C   17       -0.542837       -0.017691       -0.104287
     C   17       -0.017691        0.620386        0.088466
     C   17       -0.104287        0.088466       -0.077549

     Cl  18        0.175934       -0.610031       -0.157688
     Cl  18       -0.610031        2.724570       -0.101826
     Cl  18       -0.157688       -0.101826       -2.900504

     H   19       -0.060887        0.009046        0.034736
     H   19        0.009046        0.017083       -0.157721
     H   19        0.034736       -0.157721        0.043804

     C   20        0.006250        0.232421        0.059595
     C   20        0.232421        0.222112        0.044803
     C   20        0.059595        0.044803       -0.228362

     H   21        0.562528       -0.068234        0.311367
     H   21       -0.068234       -0.323552        0.269512
     H   21        0.311367        0.269512       -0.238976

     C   22       -0.900920       -0.153186       -0.217248
     C   22       -0.153186        0.621912       -0.588253
     C   22       -0.217248       -0.588253        0.279008

     C   23        0.087929        0.648750       -0.126560
     C   23        0.648750       -0.056730       -0.027344
     C   23       -0.126560       -0.027344       -0.031199

     Cl  24        0.171305        1.613696       -1.829536
     Cl  24        1.613696       -0.396129       -1.398988
     Cl  24       -1.829536       -1.398988        0.224824


     NQR/NMR SPECTROSCOPIC PARAMETERS:
     Cl   1    Vxx=   -0.4828    axis=(  0.914597 -0.365075 -0.173876)
     Cl   1    Vyy=   -1.9231    axis=(  0.294703  0.307361  0.904809)
     Cl   1    Vzz=    2.4059    axis=( -0.276881 -0.878777  0.388700)
     Cl   1  Q=        -8.1650 1e-30 m^2  Cq=       -46.1557 MHz  eta= 0.59862

     C    2    Vxx=    0.1447    axis=(  0.857334  0.301620 -0.417138)
     C    2    Vyy=    0.5476    axis=(  0.454173 -0.824645  0.337175)
     C    2    Vzz=   -0.6923    axis=(  0.242292  0.478524  0.843984)
     C    2  Q=         1.0000 1e-30 m^2  Cq=        -1.6266 MHz  eta= 0.58184

     C    3    Vxx=    0.0271    axis=( -0.176243  0.063495  0.982297)
     C    3    Vyy=    0.6713    axis=(  0.153958  0.987414 -0.036202)
     C    3    Vzz=   -0.6984    axis=( -0.972232  0.144852 -0.183801)
     C    3  Q=         1.0000 1e-30 m^2  Cq=        -1.6409 MHz  eta= 0.92252

     H    4    Vxx=   -0.0365    axis=( -0.544962  0.261354  0.796687)
     H    4    Vyy=   -0.5434    axis=( -0.204836 -0.962886  0.175761)
     H    4    Vzz=    0.5798    axis=(  0.813055 -0.067407  0.578271)
     H    4  Q=         1.0000 1e-30 m^2  Cq=         1.3624 MHz  eta= 0.87421

     C    5    Vxx=    0.0348    axis=(  0.876158  0.097398 -0.472081)
     C    5    Vyy=    0.5443    axis=(  0.308211 -0.866206  0.393311)
     C    5    Vzz=   -0.5791    axis=(  0.370612  0.490103  0.788952)
     C    5  Q=         1.0000 1e-30 m^2  Cq=        -1.3607 MHz  eta= 0.87993

     H    6    Vxx=   -0.0447    axis=(  0.972041  0.117384 -0.203365)
     H    6    Vyy=   -0.4882    axis=( -0.227299  0.687703 -0.689492)
     H    6    Vzz=    0.5329    axis=( -0.058919 -0.716439 -0.695157)
     H    6  Q=         1.0000 1e-30 m^2  Cq=         1.2522 MHz  eta= 0.83213

     H    7    Vxx=    0.0397    axis=(  0.736875 -0.071781 -0.672208)
     H    7    Vyy=    0.4993    axis=( -0.320471  0.838431 -0.440831)
     H    7    Vzz=   -0.5390    axis=(  0.595243  0.540261  0.594815)
     H    7  Q=         1.0000 1e-30 m^2  Cq=        -1.2665 MHz  eta= 0.85264

     C    8    Vxx=    0.0285    axis=( -0.024428  0.266986  0.963391)
     C    8    Vyy=    0.8902    axis=( -0.070431  0.960824 -0.268061)
     C    8    Vzz=   -0.9187    axis=( -0.997217 -0.074401 -0.004667)
     C    8  Q=         1.0000 1e-30 m^2  Cq=        -2.1586 MHz  eta= 0.93793

     H    9    Vxx=   -0.0514    axis=(  0.582052  0.332966 -0.741856)
     H    9    Vyy=   -0.6979    axis=(  0.051071  0.895551  0.442018)
     H    9    Vzz=    0.7492    axis=( -0.811546  0.295165 -0.504252)
     H    9  Q=         1.0000 1e-30 m^2  Cq=         1.7604 MHz  eta= 0.86283

     C   10    Vxx=    0.0294    axis=(  0.889357 -0.449485 -0.083714)
     C   10    Vyy=    0.5047    axis=(  0.452144  0.837434  0.307036)
     C   10    Vzz=   -0.5341    axis=( -0.067903 -0.310915  0.948009)
     C   10  Q=         1.0000 1e-30 m^2  Cq=        -1.2548 MHz  eta= 0.88990

     C   11    Vxx=   -0.0986    axis=( -0.247292  0.305983  0.919359)
     C   11    Vyy=   -0.8195    axis=(  0.958459  0.216435  0.185775)
     C   11    Vzz=    0.9180    axis=( -0.142138  0.927109 -0.346795)
     C   11  Q=         1.0000 1e-30 m^2  Cq=         2.1570 MHz  eta= 0.78526

     Cl  12    Vxx=    0.1885    axis=(  0.970886 -0.196269 -0.137328)
     Cl  12    Vyy=    2.2418    axis=(  0.208999  0.974191  0.085272)
     Cl  12    Vzz=   -2.4302    axis=(  0.117048 -0.111491  0.986848)
     Cl  12  Q=        -8.1650 1e-30 m^2  Cq=        46.6231 MHz  eta= 0.84489

     H   13    Vxx=    0.0208    axis=(  0.977720 -0.080979 -0.193666)
     H   13    Vyy=    0.5784    axis=( -0.162457 -0.876170 -0.453800)
     H   13    Vzz=   -0.5992    axis=( -0.132936  0.475152 -0.869804)
     H   13  Q=         1.0000 1e-30 m^2  Cq=        -1.4078 MHz  eta= 0.93062

     C   14    Vxx=   -0.0062    axis=(  0.017557  0.150479  0.988457)
     C   14    Vyy=   -0.6974    axis=( -0.982732  0.184726 -0.010667)
     C   14    Vzz=    0.7037    axis=( -0.184199 -0.971201  0.151124)
     C   14  Q=         1.0000 1e-30 m^2  Cq=         1.6533 MHz  eta= 0.98229

     H   15    Vxx=   -0.0610    axis=( -0.573588  0.252336  0.779310)
     H   15    Vyy=   -0.5656    axis=( -0.281337  0.832814 -0.476730)
     H   15    Vzz=    0.6266    axis=(  0.769316  0.492695  0.406700)
     H   15  Q=         1.0000 1e-30 m^2  Cq=         1.4723 MHz  eta= 0.80529

     C   16    Vxx=   -0.0135    axis=(  0.828280  0.155057 -0.538432)
     C   16    Vyy=   -0.6503    axis=(  0.400231  0.508785  0.762203)
     C   16    Vzz=    0.6638    axis=(  0.392131 -0.846815  0.359358)
     C   16  Q=         1.0000 1e-30 m^2  Cq=         1.5597 MHz  eta= 0.95918

     C   17    Vxx=   -0.0671    axis=( -0.207680 -0.130105  0.969506)
     C   17    Vyy=   -0.5651    axis=( -0.977845  0.001029 -0.209328)
     C   17    Vzz=    0.6322    axis=(  0.026237 -0.991500 -0.127436)
     C   17  Q=         1.0000 1e-30 m^2  Cq=         1.4855 MHz  eta= 0.78779

     Cl  18    Vxx=    0.0480    axis=(  0.973750  0.219661 -0.059663)
     Cl  18    Vyy=    2.8638    axis=(  0.220692 -0.975279  0.011191)
     Cl  18    Vzz=   -2.9118    axis=(  0.055730  0.024064  0.998156)
     Cl  18  Q=        -8.1650 1e-30 m^2  Cq=        55.8607 MHz  eta= 0.96704

     H   19    Vxx=   -0.0507    axis=( -0.928715 -0.318385 -0.190053)
     H   19    Vyy=   -0.1396    axis=(  0.362471 -0.671552 -0.646245)
     H   19    Vzz=    0.1903    axis=(  0.078124 -0.669066  0.739086)
     H   19  Q=         1.0000 1e-30 m^2  Cq=         0.4470 MHz  eta= 0.46726

     C   20    Vxx=   -0.1354    axis=(  0.798076 -0.549725  0.246735)
     C   20    Vyy=   -0.2431    axis=( -0.268826  0.041633  0.962289)
     C   20    Vzz=    0.3785    axis=( -0.539266 -0.834308 -0.114554)
     C   20  Q=         1.0000 1e-30 m^2  Cq=         0.8893 MHz  eta= 0.28443

     H   21    Vxx=   -0.0577    axis=(  0.246201 -0.720467 -0.648315)
     H   21    Vyy=   -0.6121    axis=( -0.222056 -0.693043  0.685845)
     H   21    Vzz=    0.6698    axis=( -0.943439 -0.024893 -0.330611)
     H   21  Q=         1.0000 1e-30 m^2  Cq=         1.5739 MHz  eta= 0.82768

     C   22    Vxx=   -0.0766    axis=( -0.306782  0.572824  0.760104)
     C   22    Vyy=   -0.9866    axis=(  0.951771  0.181190  0.247593)
     C   22    Vzz=    1.0632    axis=(  0.004104  0.799402 -0.600783)
     C   22  Q=         1.0000 1e-30 m^2  Cq=         2.4981 MHz  eta= 0.85586

     C   23    Vxx=   -0.0421    axis=(  0.045499  0.182480  0.982156)
     C   23    Vyy=   -0.6440    axis=(  0.669776 -0.735025  0.105536)
     C   23    Vzz=    0.6861    axis=(  0.741168  0.653023 -0.155664)
     C   23  Q=         1.0000 1e-30 m^2  Cq=         1.6121 MHz  eta= 0.87715

     Cl  24    Vxx=   -1.4889    axis=(  0.247726  0.603980  0.757522)
     Cl  24    Vyy=   -1.7783    axis=( -0.745485  0.618216 -0.249121)
     Cl  24    Vzz=    3.2672    axis=( -0.618776 -0.503008  0.603406)
     Cl  24  Q=        -8.1650 1e-30 m^2  Cq=       -62.6792 MHz  eta= 0.08857

     Initialization:
     gipaw_setup  :      9.20s CPU     11.50s WALL (       1 calls)

     Linear response

     Apply operators

     Induced current

     Other routines
     efg          :      9.32s CPU     11.78s WALL (       1 calls)

     General routines
     calbec       :      3.19s CPU      4.09s WALL (      16 calls)
     fft          :      1.52s CPU      2.37s WALL (      15 calls)
     ffts         :      0.04s CPU      0.05s WALL (       2 calls)
     fftw         :      3.35s CPU      4.16s WALL (     672 calls)
     davcio       :      0.02s CPU      0.32s WALL (      32 calls)

     Parallel routines
     fft_scatter  :      2.22s CPU      3.65s WALL (     689 calls)

     Plugins

     GIPAW        :     61.44s CPU     76.51s WALL (       1 calls)
