
     Program QE v.6.0 (svn rev. 13079) starts on  8Jan2017 at 23:56: 7 

     This program is part of the open-source Quantum ESPRESSO suite
     for quantum simulation of materials; please cite
         "P. Giannozzi et al., J. Phys.:Condens. Matter 21 395502 (2009);
          URL http://www.quantum-espresso.org", 
     in publications or presentations arising from this work. More details at
     http://www.quantum-espresso.org/quote

     Parallel version (MPI), running on     8 processors
     R & G space division:  proc/nbgrp/npool/nimage =       8

     ***** This is GIPAW svn revision unknown      *****

     Parallelizing q-star over 1 images

     Reading data from directory:
     /users/majewski/paradichlorobenzene/pbe/9_constraint/scratch/pbe.ecut100.np8.dt60.pcl2phi-129368.save
     Message from routine read_xml_file:
     file /users/majewski/paradichlorobenzene/pbe/9_constraint/scratch/pbe.ecut100.np8.dt60.pcl2phi-129368.save not guaranteed to be safe for post-processing

   Info: using nr1, nr2, nr3 values from input

   Info: using nr1, nr2, nr3 values from input

     IMPORTANT: XC functional enforced from input :
     Exchange-correlation      =  SLA  PW   PBX  PBC ( 1  4  3  4 0 0)
     Any further DFT definition will be discarded
     Please, verify this is what you really want

               file C.pbe-n-kjpaw_psl.1.0.0.UPF: wavefunction(s)  2S 2P renormalized
               file Cl.pbe-n-kjpaw_psl.1.0.0.UPF: wavefunction(s)  3S 3P renormalized
               file H.pbe-kjpaw_psl.1.0.0.UPF: wavefunction(s)  1S renormalized

     Parallelization info
     --------------------
     sticks:   dense  smooth     PW     G-vecs:    dense   smooth      PW
     Min        3057    1223    332               144436    36536    5170
     Max        3059    1225    333               144437    36537    5171
     Sum       24467    9791   2657              1155489   292295   41363


     Subspace diagonalization in iterative solution of the eigenvalue problem:
     a serial algorithm will be used

     GIPAW projectors -----------------------------------------------
     atom=  C    l=0  rc=    1.2000  rs=    0.8000
     atom=  C    l=0  rc=    1.2000  rs=    0.8000
     atom=  C    l=1  rc=    1.4000  rs=    0.9333
     atom=  C    l=1  rc=    1.4000  rs=    0.9333
     projs nearly linearly dependent: l=1  n1,n2= 1, 2  s=  0.99951561

     atom=  Cl   l=0  rc=    1.6000  rs=    1.0667
     atom=  Cl   l=0  rc=    1.6000  rs=    1.0667
     atom=  Cl   l=1  rc=    1.6000  rs=    1.0667
     atom=  Cl   l=1  rc=    1.6000  rs=    1.0667
     atom=  Cl   l=2  rc=    1.6000  rs=    1.0667
     atom=  Cl   l=2  rc=    1.6000  rs=    1.0667
     projs nearly linearly dependent: l=2  n1,n2= 1, 2  s=  0.99993509

     atom=  H    l=0  rc=    1.0000  rs=    0.6667
     atom=  H    l=0  rc=    1.0000  rs=    0.6667
     projs nearly linearly dependent: l=0  n1,n2= 1, 2  s=  0.99968852
     -----------------------------------------------------------------

     GIPAW integrals: -------------------------------------------
     Atom  i/j   nmr_para   nmr_dia   epr_rmc  epr_para   epr_dia
       C   1 1   0.83E+03  0.17E-01  0.93E+01  0.24E+08  0.24E+03
       C   2 1   0.86E+03 -0.61E-01  0.94E+01  0.25E+08  0.25E+03
       C   2 2   0.90E+03 -0.15E+00  0.97E+01  0.26E+08  0.26E+03
       C   3 3   0.33E+01  0.34E+00  0.18E+01  0.55E+03  0.21E+02
       C   4 3   0.35E+01  0.37E+00  0.20E+01  0.59E+03  0.22E+02
       C   4 4   0.38E+01  0.39E+00  0.22E+01  0.63E+03  0.24E+02
       Cl  1 1   0.14E+04 -0.47E+00  0.84E+01  0.32E+09  0.42E+03
       Cl  2 1   0.21E+04 -0.37E+00  0.12E+02  0.49E+09  0.65E+03
       Cl  2 2   0.33E+04 -0.16E+00  0.21E+02  0.76E+09  0.10E+04
       Cl  3 3   0.21E+02  0.79E-01  0.89E+01  0.23E+05  0.13E+03
       Cl  4 3   0.24E+02  0.67E-01  0.99E+01  0.27E+05  0.15E+03
       Cl  4 4   0.28E+02  0.44E-01  0.11E+02  0.32E+05  0.18E+03
       Cl  5 5   0.77E+00  0.19E+00  0.18E+01  0.12E+03  0.22E+02
       Cl  6 5   0.80E+00  0.19E+00  0.19E+01  0.12E+03  0.23E+02
       Cl  6 6   0.83E+00  0.20E+00  0.19E+01  0.12E+03  0.23E+02
       H   1 1   0.39E+02  0.19E+00  0.29E+00  0.78E+05  0.13E+02
       H   2 1   0.41E+02  0.21E+00  0.32E+00  0.82E+05  0.14E+02
       H   2 2   0.43E+02  0.22E+00  0.36E+00  0.86E+05  0.15E+02
     ------------------------------------------------------------

     alpha_pv=     34.7010 eV

     Number of occupied bands for each k-point:
     k-point:     1    nbnd_occ=  42
     k-point:     2    nbnd_occ=  42
     k-point:     3    nbnd_occ=  42
     k-point:     4    nbnd_occ=  42
     k-point:     5    nbnd_occ=  42
     k-point:     6    nbnd_occ=  42
     k-point:     7    nbnd_occ=  42
     k-point:     8    nbnd_occ=  42
     k-point:     9    nbnd_occ=  42
     k-point:    10    nbnd_occ=  42
     k-point:    11    nbnd_occ=  42
     k-point:    12    nbnd_occ=  42
     k-point:    13    nbnd_occ=  42
     k-point:    14    nbnd_occ=  42
     k-point:    15    nbnd_occ=  42
     k-point:    16    nbnd_occ=  42


     q-space interpolation up to   110.00 Rydberg

     GIPAW job: efg                                                                             


     ELECTRIC FIELD GRADIENTS TENSORS IN Hartree/bohrradius^2:

     ----- bare term -----
     Cl   1       -0.014417        0.014655        0.084396
     Cl   1        0.014655       -0.074538        0.158447
     Cl   1        0.084396        0.158447        0.088956

     C    2       -0.053105        0.118219       -0.240813
     C    2        0.118219        0.026013       -0.685105
     C    2       -0.240813       -0.685105        0.027091

     C    3       -0.350423        0.195497       -0.082293
     C    3        0.195497        0.043871       -0.158160
     C    3       -0.082293       -0.158160        0.306552

     H    4       -0.242250       -0.450215        0.073617
     H    4       -0.450215       -0.052582        0.161288
     H    4        0.073617        0.161288        0.294832

     C    5       -0.083438        0.277554       -0.143500
     C    5        0.277554       -0.066001       -0.448565
     C    5       -0.143500       -0.448565        0.149439

     H    6        0.226751       -0.464385        0.069014
     H    6       -0.464385       -0.599809       -0.039040
     H    6        0.069014       -0.039040        0.373058

     H    7        0.402788        0.147299        0.040503
     H    7        0.147299       -0.564981        0.441385
     H    7        0.040503        0.441385        0.162192

     C    8       -0.683240       -0.325711       -0.485400
     C    8       -0.325711        0.129370       -0.051745
     C    8       -0.485400       -0.051745        0.553871

     H    9       -0.398024        0.022454       -0.553313
     H    9        0.022454        0.301774        0.069682
     H    9       -0.553313        0.069682        0.096250

     C   10        0.021244        0.205688       -0.333841
     C   10        0.205688       -0.111918        0.641026
     C   10       -0.333841        0.641026        0.090674

     C   11       -0.479418       -0.396411       -0.189749
     C   11       -0.396411        0.085313        0.333536
     C   11       -0.189749        0.333536        0.394105

     Cl  12        0.275387       -0.018363       -0.033230
     Cl  12       -0.018363       -0.031492       -0.433683
     Cl  12       -0.033230       -0.433683       -0.243895

     H   13        0.469697       -0.223679        0.083372
     H   13       -0.223679       -0.579577       -0.030360
     H   13        0.083372       -0.030360        0.109879

     C   14       -0.825477        0.262296       -0.400893
     C   14        0.262296        0.164278       -0.038931
     C   14       -0.400893       -0.038931        0.661198

     H   15       -0.412241       -0.386111        0.153760
     H   15       -0.386111        0.310314        0.055180
     H   15        0.153760        0.055180        0.101927

     C   16        0.090432        0.219902       -0.019983
     C   16        0.219902       -0.614319       -0.348418
     C   16       -0.019983       -0.348418        0.523886

     C   17       -0.698670        0.241918       -0.297515
     C   17        0.241918        0.208848       -0.058452
     C   17       -0.297515       -0.058452        0.489822

     Cl  18       -0.104101        0.057720        0.085403
     Cl  18        0.057720       -0.053729        0.135486
     Cl  18        0.085403        0.135486        0.157830

     H   19        0.441807        0.180008        0.016950
     H   19        0.180008       -0.761549       -0.099949
     H   19        0.016950       -0.099949        0.319741

     C   20       -0.131850        0.161762       -0.309743
     C   20        0.161762        0.036460        0.497957
     C   20       -0.309743        0.497957        0.095390

     H   21       -0.036613        0.211345       -0.351183
     H   21        0.211345       -0.315861        0.335791
     H   21       -0.351183        0.335791        0.352473

     C   22       -0.582743       -0.313816       -0.230848
     C   22       -0.313816        0.196355        0.148275
     C   22       -0.230848        0.148275        0.386388

     C   23        0.034658        0.277407       -0.459227
     C   23        0.277407       -0.343427        0.448116
     C   23       -0.459227        0.448116        0.308769

     Cl  24       -0.204699       -0.313195       -0.083370
     Cl  24       -0.313195       -0.070018       -0.025251
     Cl  24       -0.083370       -0.025251        0.274717

     ----- ionic term -----
     Cl   1        0.162965       -0.157806       -0.050518
     Cl   1       -0.157806       -0.024663        0.023810
     Cl   1       -0.050518        0.023810       -0.138301

     C    2        0.357390       -0.004531        0.114447
     C    2       -0.004531        0.134424        0.355047
     C    2        0.114447        0.355047       -0.491814

     C    3        0.249040       -0.167757        0.036224
     C    3       -0.167757        0.238624        0.359437
     C    3        0.036224        0.359437       -0.487664

     H    4        0.754156        0.476632        0.370658
     H    4        0.476632       -0.301434        0.199333
     H    4        0.370658        0.199333       -0.452722

     C    5        0.424924       -0.067022        0.128377
     C    5       -0.067022        0.092139        0.302003
     C    5        0.128377        0.302003       -0.517063

     H    6       -0.481532        0.257413        0.117498
     H    6        0.257413        0.801953        0.576519
     H    6        0.117498        0.576519       -0.320421

     H    7       -0.493156       -0.042670        0.040787
     H    7       -0.042670        0.702145       -0.645477
     H    7        0.040787       -0.645477       -0.208990

     C    8        0.275243        0.143190        0.385985
     C    8        0.143190        0.112102       -0.218662
     C    8        0.385985       -0.218662       -0.387345

     H    9        0.426205       -0.394059        0.684962
     H    9       -0.394059       -0.291282       -0.306108
     H    9        0.684962       -0.306108       -0.134923

     C   10        0.050867        0.162174        0.301220
     C   10        0.162174        0.341075       -0.276785
     C   10        0.301220       -0.276785       -0.391942

     C   11        0.132612        0.165556        0.380642
     C   11        0.165556        0.268381       -0.260267
     C   11        0.380642       -0.260267       -0.400993

     Cl  12        0.129493        0.233083        0.075664
     Cl  12        0.233083        0.038236        0.048216
     Cl  12        0.075664        0.048216       -0.167729

     H   13       -0.497972        0.238405        0.057326
     H   13        0.238405        0.932734        0.448554
     H   13        0.057326        0.448554       -0.434762

     C   14        0.381336       -0.022930        0.119926
     C   14       -0.022930        0.144106        0.276764
     C   14        0.119926        0.276764       -0.525442

     H   15        0.692226        0.540036        0.412277
     H   15        0.540036       -0.220617        0.233600
     H   15        0.412277        0.233600       -0.471608

     C   16        0.179211       -0.113144        0.068105
     C   16       -0.113144        0.304658        0.381614
     C   16        0.068105        0.381614       -0.483869

     C   17        0.328686       -0.073674        0.165752
     C   17       -0.073674        0.201312        0.348999
     C   17        0.165752        0.348999       -0.529998

     Cl  18        0.166818       -0.220909       -0.003797
     Cl  18       -0.220909       -0.001228        0.007604
     Cl  18       -0.003797        0.007604       -0.165590

     H   19       -0.491470       -0.230229        0.099790
     H   19       -0.230229        0.869633       -0.496182
     H   19        0.099790       -0.496182       -0.378163

     C   20        0.224645        0.174116        0.360491
     C   20        0.174116        0.186410       -0.195009
     C   20        0.360491       -0.195009       -0.411055

     H   21        0.574937       -0.402557        0.642327
     H   21       -0.402557       -0.304199       -0.270141
     H   21        0.642327       -0.270141       -0.270737

     C   22        0.107972        0.223825        0.260924
     C   22        0.223825        0.342114       -0.271637
     C   22        0.260924       -0.271637       -0.450086

     C   23        0.218817        0.154771        0.339722
     C   23        0.154771        0.223640       -0.300207
     C   23        0.339722       -0.300207       -0.442456

     Cl  24        0.143968        0.202608        0.039288
     Cl  24        0.202608        0.032405        0.018869
     Cl  24        0.039288        0.018869       -0.176374

     ----- GIPAW term -----
     Cl   1        0.055053        0.379588       -0.957813
     Cl   1        0.379588        0.607686       -1.331805
     Cl   1       -0.957813       -1.331805       -0.662738

     C    2       -0.021730        0.025295       -0.061246
     C    2        0.025295        0.193815       -0.170467
     C    2       -0.061246       -0.170467       -0.172085

     C    3       -0.093912        0.053710       -0.040791
     C    3        0.053710        0.091224       -0.090296
     C    3       -0.040791       -0.090296        0.002687

     H    4       -0.000000        0.000000        0.000000
     H    4        0.000000        0.000000        0.000000
     H    4        0.000000        0.000000        0.000000

     C    5       -0.045849        0.166654       -0.026820
     C    5        0.166654        0.165000       -0.140045
     C    5       -0.026820       -0.140045       -0.119151

     H    6       -0.000000        0.000000        0.000000
     H    6        0.000000        0.000000        0.000000
     H    6        0.000000        0.000000        0.000000

     H    7       -0.000000        0.000000        0.000000
     H    7        0.000000        0.000000        0.000000
     H    7        0.000000        0.000000        0.000000

     C    8       -0.122827        0.041284       -0.175011
     C    8        0.041284       -0.007739       -0.164428
     C    8       -0.175011       -0.164428        0.130566

     H    9       -0.000000        0.000000        0.000000
     H    9        0.000000        0.000000        0.000000
     H    9        0.000000        0.000000        0.000000

     C   10       -0.033454        0.221502       -0.068840
     C   10        0.221502        0.158637        0.076577
     C   10       -0.068840        0.076577       -0.125183

     C   11       -0.126747        0.059546        0.012754
     C   11        0.059546        0.157300        0.169779
     C   11        0.012754        0.169779       -0.030554

     Cl  12       -0.001877        0.686389       -0.311624
     Cl  12        0.686389       -0.092048        0.709250
     Cl  12       -0.311624        0.709250        0.093925

     H   13       -0.000000        0.000000        0.000000
     H   13        0.000000        0.000000        0.000000
     H   13        0.000000        0.000000        0.000000

     C   14       -0.232840        0.047268       -0.016061
     C   14        0.047268       -0.010785        0.149163
     C   14       -0.016061        0.149163        0.243626

     H   15       -0.000000        0.000000        0.000000
     H   15        0.000000        0.000000        0.000000
     H   15        0.000000        0.000000        0.000000

     C   16       -0.084710        0.013529        0.009069
     C   16        0.013529       -0.141904        0.098724
     C   16        0.009069        0.098724        0.226613

     C   17       -0.151597        0.021013        0.052368
     C   17        0.021013        0.060809        0.197749
     C   17        0.052368        0.197749        0.090788

     Cl  18        0.141229       -1.420873        0.808765
     Cl  18       -1.420873       -0.446056        1.463083
     Cl  18        0.808765        1.463083        0.304827

     H   19       -0.000000        0.000000        0.000000
     H   19        0.000000        0.000000        0.000000
     H   19        0.000000        0.000000        0.000000

     C   20       -0.086534        0.089318       -0.014548
     C   20        0.089318        0.193913        0.170601
     C   20       -0.014548        0.170601       -0.107378

     H   21       -0.000000        0.000000        0.000000
     H   21        0.000000        0.000000        0.000000
     H   21        0.000000        0.000000        0.000000

     C   22       -0.120815        0.147084       -0.053300
     C   22        0.147084        0.213604       -0.054684
     C   22       -0.053300       -0.054684       -0.092788

     C   23       -0.005052        0.202472       -0.166020
     C   23        0.202472       -0.068373       -0.094871
     C   23       -0.166020       -0.094871        0.073426

     Cl  24       -0.155268        0.884097       -2.002712
     Cl  24        0.884097       -1.326793       -0.702167
     Cl  24       -2.002712       -0.702167        1.482061

     ----- total EFG -----
     Cl   1        0.203600        0.236437       -0.923935
     Cl   1        0.236437        0.508484       -1.149548
     Cl   1       -0.923935       -1.149548       -0.712084

     C    2        0.282555        0.138982       -0.187612
     C    2        0.138982        0.354252       -0.500524
     C    2       -0.187612       -0.500524       -0.636807

     C    3       -0.195295        0.081450       -0.086859
     C    3        0.081450        0.373719        0.110981
     C    3       -0.086859        0.110981       -0.178425

     H    4        0.511906        0.026416        0.444274
     H    4        0.026416       -0.354016        0.360621
     H    4        0.444274        0.360621       -0.157890

     C    5        0.295637        0.377187       -0.041943
     C    5        0.377187        0.191139       -0.286607
     C    5       -0.041943       -0.286607       -0.486776

     H    6       -0.254781       -0.206971        0.186511
     H    6       -0.206971        0.202144        0.537478
     H    6        0.186511        0.537478        0.052637

     H    7       -0.090368        0.104629        0.081290
     H    7        0.104629        0.137165       -0.204091
     H    7        0.081290       -0.204091       -0.046797

     C    8       -0.530825       -0.141237       -0.274426
     C    8       -0.141237        0.233733       -0.434835
     C    8       -0.274426       -0.434835        0.297092

     H    9        0.028181       -0.371605        0.131649
     H    9       -0.371605        0.010492       -0.236426
     H    9        0.131649       -0.236426       -0.038673

     C   10        0.038658        0.589364       -0.101460
     C   10        0.589364        0.387794        0.440819
     C   10       -0.101460        0.440819       -0.426451

     C   11       -0.473553       -0.171309        0.203648
     C   11       -0.171309        0.510995        0.243048
     C   11        0.203648        0.243048       -0.037442

     Cl  12        0.403003        0.901109       -0.269190
     Cl  12        0.901109       -0.085304        0.323783
     Cl  12       -0.269190        0.323783       -0.317698

     H   13       -0.028274        0.014726        0.140699
     H   13        0.014726        0.353157        0.418194
     H   13        0.140699        0.418194       -0.324882

     C   14       -0.676981        0.286633       -0.297028
     C   14        0.286633        0.297599        0.386995
     C   14       -0.297028        0.386995        0.379382

     H   15        0.279985        0.153925        0.566037
     H   15        0.153925        0.089697        0.288780
     H   15        0.566037        0.288780       -0.369681

     C   16        0.184933        0.120288        0.057192
     C   16        0.120288       -0.451564        0.131921
     C   16        0.057192        0.131921        0.266631

     C   17       -0.521581        0.189257       -0.079395
     C   17        0.189257        0.470969        0.488297
     C   17       -0.079395        0.488297        0.050613

     Cl  18        0.203947       -1.584062        0.890370
     Cl  18       -1.584062       -0.501013        1.606173
     Cl  18        0.890370        1.606173        0.297067

     H   19       -0.049663       -0.050221        0.116740
     H   19       -0.050221        0.108084       -0.596131
     H   19        0.116740       -0.596131       -0.058422

     C   20        0.006260        0.425195        0.036200
     C   20        0.425195        0.416784        0.473548
     C   20        0.036200        0.473548       -0.423044

     H   21        0.538324       -0.191211        0.291145
     H   21       -0.191211       -0.620060        0.065650
     H   21        0.291145        0.065650        0.081736

     C   22       -0.595586        0.057093       -0.023223
     C   22        0.057093        0.752073       -0.178046
     C   22       -0.023223       -0.178046       -0.156487

     C   23        0.248423        0.634650       -0.285525
     C   23        0.634650       -0.188161        0.053037
     C   23       -0.285525        0.053037       -0.060262

     Cl  24       -0.215999        0.773510       -2.046794
     Cl  24        0.773510       -1.364406       -0.708549
     Cl  24       -2.046794       -0.708549        1.580404

     ----- total EFG (symmetrized) -----
     Cl   1        0.203600        0.236437       -0.923935
     Cl   1        0.236437        0.508484       -1.149548
     Cl   1       -0.923935       -1.149548       -0.712084

     C    2        0.282555        0.138982       -0.187612
     C    2        0.138982        0.354252       -0.500524
     C    2       -0.187612       -0.500524       -0.636807

     C    3       -0.195295        0.081450       -0.086859
     C    3        0.081450        0.373719        0.110981
     C    3       -0.086859        0.110981       -0.178425

     H    4        0.511906        0.026416        0.444274
     H    4        0.026416       -0.354016        0.360621
     H    4        0.444274        0.360621       -0.157890

     C    5        0.295637        0.377187       -0.041943
     C    5        0.377187        0.191139       -0.286607
     C    5       -0.041943       -0.286607       -0.486776

     H    6       -0.254781       -0.206971        0.186511
     H    6       -0.206971        0.202144        0.537478
     H    6        0.186511        0.537478        0.052637

     H    7       -0.090368        0.104629        0.081290
     H    7        0.104629        0.137165       -0.204091
     H    7        0.081290       -0.204091       -0.046797

     C    8       -0.530825       -0.141237       -0.274426
     C    8       -0.141237        0.233733       -0.434835
     C    8       -0.274426       -0.434835        0.297092

     H    9        0.028181       -0.371605        0.131649
     H    9       -0.371605        0.010492       -0.236426
     H    9        0.131649       -0.236426       -0.038673

     C   10        0.038658        0.589364       -0.101460
     C   10        0.589364        0.387794        0.440819
     C   10       -0.101460        0.440819       -0.426451

     C   11       -0.473553       -0.171309        0.203648
     C   11       -0.171309        0.510995        0.243048
     C   11        0.203648        0.243048       -0.037442

     Cl  12        0.403003        0.901109       -0.269190
     Cl  12        0.901109       -0.085304        0.323783
     Cl  12       -0.269190        0.323783       -0.317698

     H   13       -0.028274        0.014726        0.140699
     H   13        0.014726        0.353157        0.418194
     H   13        0.140699        0.418194       -0.324882

     C   14       -0.676981        0.286633       -0.297028
     C   14        0.286633        0.297599        0.386995
     C   14       -0.297028        0.386995        0.379382

     H   15        0.279985        0.153925        0.566037
     H   15        0.153925        0.089697        0.288780
     H   15        0.566037        0.288780       -0.369681

     C   16        0.184933        0.120288        0.057192
     C   16        0.120288       -0.451564        0.131921
     C   16        0.057192        0.131921        0.266631

     C   17       -0.521581        0.189257       -0.079395
     C   17        0.189257        0.470969        0.488297
     C   17       -0.079395        0.488297        0.050613

     Cl  18        0.203947       -1.584062        0.890370
     Cl  18       -1.584062       -0.501013        1.606173
     Cl  18        0.890370        1.606173        0.297067

     H   19       -0.049663       -0.050221        0.116740
     H   19       -0.050221        0.108084       -0.596131
     H   19        0.116740       -0.596131       -0.058422

     C   20        0.006260        0.425195        0.036200
     C   20        0.425195        0.416784        0.473548
     C   20        0.036200        0.473548       -0.423044

     H   21        0.538324       -0.191211        0.291145
     H   21       -0.191211       -0.620060        0.065650
     H   21        0.291145        0.065650        0.081736

     C   22       -0.595586        0.057093       -0.023223
     C   22        0.057093        0.752073       -0.178046
     C   22       -0.023223       -0.178046       -0.156487

     C   23        0.248423        0.634650       -0.285525
     C   23        0.634650       -0.188161        0.053037
     C   23       -0.285525        0.053037       -0.060262

     Cl  24       -0.215999        0.773510       -2.046794
     Cl  24        0.773510       -1.364406       -0.708549
     Cl  24       -2.046794       -0.708549        1.580404


     NQR/NMR SPECTROSCOPIC PARAMETERS:
     Cl   1    Vxx=    0.0894    axis=(  0.796781 -0.601715 -0.055488)
     Cl   1    Vyy=    1.5766    axis=( -0.482588 -0.688910  0.540844)
     Cl   1    Vzz=   -1.6660    axis=( -0.363661 -0.404156 -0.839291)
     Cl   1  Q=        -8.1650 1e-30 m^2  Cq=        31.9610 MHz  eta= 0.89269

     C    2    Vxx=    0.1889    axis=(  0.876855 -0.472756  0.087336)
     C    2    Vyy=    0.6695    axis=(  0.468721  0.800290 -0.373948)
     C    2    Vzz=   -0.8585    axis=(  0.106892  0.368834  0.923328)
     C    2  Q=         1.0000 1e-30 m^2  Cq=        -2.0171 MHz  eta= 0.55983

     C    3    Vxx=   -0.1009    axis=(  0.698107  0.047254 -0.714432)
     C    3    Vyy=   -0.3012    axis=(  0.707701 -0.196965  0.678502)
     C    3    Vzz=    0.4021    axis=( -0.108656 -0.979271 -0.170945)
     C    3  Q=         1.0000 1e-30 m^2  Cq=         0.9448 MHz  eta= 0.49822

     H    4    Vxx=   -0.0766    axis=(  0.456158 -0.688908 -0.563316)
     H    4    Vyy=   -0.6896    axis=(  0.232870  0.703362 -0.671606)
     H    4    Vzz=    0.7662    axis=(  0.858890  0.175179  0.481270)
     H    4  Q=         1.0000 1e-30 m^2  Cq=         1.8004 MHz  eta= 0.79999

     C    5    Vxx=   -0.0651    axis=(  0.694870 -0.625011  0.355693)
     C    5    Vyy=   -0.6026    axis=( -0.119840  0.387056  0.914235)
     C    5    Vzz=    0.6677    axis=( -0.709080 -0.677900  0.194052)
     C    5  Q=         1.0000 1e-30 m^2  Cq=         1.5689 MHz  eta= 0.80501

     H    6    Vxx=   -0.0481    axis=( -0.798224  0.366540 -0.478003)
     H    6    Vyy=   -0.6233    axis=( -0.601079 -0.536439  0.592399)
     H    6    Vzz=    0.6714    axis=( -0.039282  0.760185  0.648518)
     H    6  Q=         1.0000 1e-30 m^2  Cq=         1.5774 MHz  eta= 0.85685

     H    7    Vxx=   -0.0065    axis=( -0.802514 -0.209286 -0.558723)
     H    7    Vyy=   -0.2683    axis=(  0.582054 -0.480381 -0.656084)
     H    7    Vzz=    0.2748    axis=( -0.131091 -0.851724  0.507328)
     H    7  Q=         1.0000 1e-30 m^2  Cq=         0.6458 MHz  eta= 0.95280

     C    8    Vxx=   -0.0126    axis=( -0.476741  0.689369  0.545425)
     C    8    Vyy=   -0.6983    axis=(  0.874320  0.307622  0.375412)
     C    8    Vzz=    0.7110    axis=( -0.091013 -0.655850  0.749384)
     C    8  Q=         1.0000 1e-30 m^2  Cq=         1.6705 MHz  eta= 0.96447

     H    9    Vxx=   -0.1380    axis=( -0.514591  0.072510  0.854365)
     H    9    Vyy=   -0.3762    axis=(  0.593199  0.749581  0.293672)
     H    9    Vzz=    0.5142    axis=( -0.619121  0.657929 -0.428740)
     H    9  Q=         1.0000 1e-30 m^2  Cq=         1.2083 MHz  eta= 0.46317

     C   10    Vxx=   -0.1097    axis=(  0.717931 -0.289649 -0.632992)
     C   10    Vyy=   -0.7877    axis=(  0.448964 -0.502255  0.739034)
     C   10    Vzz=    0.8973    axis=( -0.531983 -0.814766 -0.230542)
     C   10  Q=         1.0000 1e-30 m^2  Cq=         2.1084 MHz  eta= 0.75558

     C   11    Vxx=    0.0000    axis=(  0.457787 -0.252070  0.852579)
     C   11    Vyy=    0.6109    axis=(  0.087617 -0.941506 -0.325407)
     C   11    Vzz=   -0.6110    axis=(  0.884734  0.223668 -0.408924)
     C   11  Q=         1.0000 1e-30 m^2  Cq=        -1.4356 MHz  eta= 0.99985

     Cl  12    Vxx=   -0.0676    axis=( -0.300652  0.413731  0.859322)
     Cl  12    Vyy=   -1.0250    axis=( -0.525491  0.680046 -0.511270)
     Cl  12    Vzz=    1.0927    axis=( -0.795907 -0.605280  0.012954)
     Cl  12  Q=        -8.1650 1e-30 m^2  Cq=       -20.9623 MHz  eta= 0.87622

     H   13    Vxx=   -0.0097    axis=(  0.965721 -0.211942  0.149876)
     H   13    Vyy=   -0.5523    axis=( -0.226419 -0.405384  0.885663)
     H   13    Vzz=    0.5619    axis=( -0.126952 -0.889238 -0.439476)
     H   13  Q=         1.0000 1e-30 m^2  Cq=         1.3203 MHz  eta= 0.96558

     C   14    Vxx=    0.1532    axis=(  0.443587  0.680994 -0.582647)
     C   14    Vyy=    0.7284    axis=( -0.024453  0.659062  0.751691)
     C   14    Vzz=   -0.8816    axis=(  0.895898 -0.319193  0.309004)
     C   14  Q=         1.0000 1e-30 m^2  Cq=        -2.0713 MHz  eta= 0.65243

     H   15    Vxx=    0.0043    axis=(  0.462606 -0.886425  0.015700)
     H   15    Vyy=    0.7321    axis=( -0.764326 -0.407734 -0.499559)
     H   15    Vzz=   -0.7363    axis=(  0.449223  0.219099 -0.866138)
     H   15  Q=         1.0000 1e-30 m^2  Cq=        -1.7300 MHz  eta= 0.98845

     C   16    Vxx=    0.1581    axis=(  0.853397  0.056240 -0.518218)
     C   16    Vyy=    0.3344    axis=(  0.496180  0.217027  0.840657)
     C   16    Vzz=   -0.4926    axis=(  0.159746 -0.974544  0.157305)
     C   16  Q=         1.0000 1e-30 m^2  Cq=        -1.1574 MHz  eta= 0.35794

     C   17    Vxx=   -0.1873    axis=( -0.439514 -0.450197  0.777271)
     C   17    Vyy=   -0.6152    axis=( -0.893927  0.303882 -0.329469)
     C   17    Vzz=    0.8025    axis=( -0.087873 -0.839630 -0.536004)
     C   17  Q=         1.0000 1e-30 m^2  Cq=         1.8855 MHz  eta= 0.53317

     Cl  18    Vxx=    1.1375    axis=(  0.741002 -0.060834  0.668742)
     Cl  18    Vyy=    1.6899    axis=(  0.434870 -0.715367 -0.546935)
     Cl  18    Vzz=   -2.8275    axis=(  0.511668  0.696095 -0.503634)
     Cl  18  Q=        -8.1650 1e-30 m^2  Cq=        54.2436 MHz  eta= 0.19537

     H   19    Vxx=   -0.0628    axis=( -0.981023 -0.191911  0.027642)
     H   19    Vyy=   -0.5829    axis=( -0.104901  0.645240  0.756743)
     H   19    Vzz=    0.6457    axis=(  0.163063 -0.739483  0.653127)
     H   19  Q=         1.0000 1e-30 m^2  Cq=         1.5171 MHz  eta= 0.80555

     C   20    Vxx=   -0.1578    axis=(  0.861054 -0.297034 -0.412743)
     C   20    Vyy=   -0.6721    axis=( -0.246638  0.465860 -0.849790)
     C   20    Vzz=    0.8299    axis=(  0.444698  0.833514  0.327871)
     C   20  Q=         1.0000 1e-30 m^2  Cq=         1.9500 MHz  eta= 0.61979

     H   21    Vxx=   -0.0272    axis=( -0.385375  0.223434  0.895301)
     H   21    Vyy=   -0.6687    axis=(  0.191798  0.968448 -0.159130)
     H   21    Vzz=    0.6959    axis=( -0.902607  0.110392 -0.416070)
     H   21  Q=         1.0000 1e-30 m^2  Cq=         1.6351 MHz  eta= 0.92183

     C   22    Vxx=   -0.1898    axis=( -0.029819  0.187413  0.981829)
     C   22    Vyy=   -0.5986    axis=(  0.998603 -0.037276  0.037443)
     C   22    Vzz=    0.7884    axis=(  0.043616  0.981574 -0.186039)
     C   22  Q=         1.0000 1e-30 m^2  Cq=         1.8523 MHz  eta= 0.51857

     C   23    Vxx=   -0.0420    axis=( -0.016575 -0.403910 -0.914649)
     C   23    Vyy=   -0.7112    axis=(  0.586994 -0.744470  0.318122)
     C   23    Vzz=    0.7532    axis=( -0.809421 -0.531621  0.249432)
     C   23  Q=         1.0000 1e-30 m^2  Cq=         1.7698 MHz  eta= 0.88844

     Cl  24    Vxx=   -1.3190    axis=(  0.527951  0.660335  0.534065)
     Cl  24    Vyy=   -1.8280    axis=( -0.652506  0.717901 -0.242598)
     Cl  24    Vzz=    3.1470    axis=( -0.543602 -0.220401  0.809889)
     Cl  24  Q=        -8.1650 1e-30 m^2  Cq=       -60.3745 MHz  eta= 0.16174

     Initialization:
     gipaw_setup  :      9.15s CPU     11.20s WALL (       1 calls)

     Linear response

     Apply operators

     Induced current

     Other routines
     efg          :      9.40s CPU     11.80s WALL (       1 calls)

     General routines
     calbec       :      3.15s CPU      3.94s WALL (      16 calls)
     fft          :      1.70s CPU      2.42s WALL (      15 calls)
     ffts         :      0.06s CPU      0.10s WALL (       2 calls)
     fftw         :      3.41s CPU      4.29s WALL (     672 calls)
     davcio       :      0.02s CPU      0.30s WALL (      32 calls)

     Parallel routines
     fft_scatter  :      2.38s CPU      3.88s WALL (     689 calls)

     Plugins

     GIPAW        :     62.08s CPU     75.08s WALL (       1 calls)
