
     Program QE v.6.0 (svn rev. 13079) starts on 17Jan2017 at 12:22: 3 

     This program is part of the open-source Quantum ESPRESSO suite
     for quantum simulation of materials; please cite
         "P. Giannozzi et al., J. Phys.:Condens. Matter 21 395502 (2009);
          URL http://www.quantum-espresso.org", 
     in publications or presentations arising from this work. More details at
     http://www.quantum-espresso.org/quote

     Parallel version (MPI), running on     8 processors
     R & G space division:  proc/nbgrp/npool/nimage =       8

     ***** This is GIPAW svn revision unknown      *****

     Parallelizing q-star over 1 images

     Reading data from directory:
     /users/majewski/paradichlorobenzene/pbe/9_constraint/scratch/pbe.ecut100.np8.dt60.pcl2phi-129368.save
     Message from routine read_xml_file:
     file /users/majewski/paradichlorobenzene/pbe/9_constraint/scratch/pbe.ecut100.np8.dt60.pcl2phi-129368.save not guaranteed to be safe for post-processing

   Info: using nr1, nr2, nr3 values from input

   Info: using nr1, nr2, nr3 values from input

     IMPORTANT: XC functional enforced from input :
     Exchange-correlation      =  SLA  PW   PBX  PBC ( 1  4  3  4 0 0)
     Any further DFT definition will be discarded
     Please, verify this is what you really want

               file C.pbe-n-kjpaw_psl.1.0.0.UPF: wavefunction(s)  2S 2P renormalized
               file Cl.pbe-n-kjpaw_psl.1.0.0.UPF: wavefunction(s)  3S 3P renormalized
               file H.pbe-kjpaw_psl.1.0.0.UPF: wavefunction(s)  1S renormalized

     Parallelization info
     --------------------
     sticks:   dense  smooth     PW     G-vecs:    dense   smooth      PW
     Min        3057    1223    332               144436    36536    5170
     Max        3059    1225    333               144437    36537    5171
     Sum       24467    9791   2657              1155489   292295   41363


     Subspace diagonalization in iterative solution of the eigenvalue problem:
     a serial algorithm will be used

     GIPAW projectors -----------------------------------------------
     atom=  C    l=0  rc=    1.2000  rs=    0.8000
     atom=  C    l=0  rc=    1.2000  rs=    0.8000
     atom=  C    l=1  rc=    1.4000  rs=    0.9333
     atom=  C    l=1  rc=    1.4000  rs=    0.9333
     projs nearly linearly dependent: l=1  n1,n2= 1, 2  s=  0.99951561

     atom=  Cl   l=0  rc=    1.6000  rs=    1.0667
     atom=  Cl   l=0  rc=    1.6000  rs=    1.0667
     atom=  Cl   l=1  rc=    1.6000  rs=    1.0667
     atom=  Cl   l=1  rc=    1.6000  rs=    1.0667
     atom=  Cl   l=2  rc=    1.6000  rs=    1.0667
     atom=  Cl   l=2  rc=    1.6000  rs=    1.0667
     projs nearly linearly dependent: l=2  n1,n2= 1, 2  s=  0.99993509

     atom=  H    l=0  rc=    1.0000  rs=    0.6667
     atom=  H    l=0  rc=    1.0000  rs=    0.6667
     projs nearly linearly dependent: l=0  n1,n2= 1, 2  s=  0.99968852
     -----------------------------------------------------------------

     GIPAW integrals: -------------------------------------------
     Atom  i/j   nmr_para   nmr_dia   epr_rmc  epr_para   epr_dia
       C   1 1   0.83E+03  0.17E-01  0.93E+01  0.24E+08  0.24E+03
       C   2 1   0.86E+03 -0.61E-01  0.94E+01  0.25E+08  0.25E+03
       C   2 2   0.90E+03 -0.15E+00  0.97E+01  0.26E+08  0.26E+03
       C   3 3   0.33E+01  0.34E+00  0.18E+01  0.55E+03  0.21E+02
       C   4 3   0.35E+01  0.37E+00  0.20E+01  0.59E+03  0.22E+02
       C   4 4   0.38E+01  0.39E+00  0.22E+01  0.63E+03  0.24E+02
       Cl  1 1   0.14E+04 -0.47E+00  0.84E+01  0.32E+09  0.42E+03
       Cl  2 1   0.21E+04 -0.37E+00  0.12E+02  0.49E+09  0.65E+03
       Cl  2 2   0.33E+04 -0.16E+00  0.21E+02  0.76E+09  0.10E+04
       Cl  3 3   0.21E+02  0.79E-01  0.89E+01  0.23E+05  0.13E+03
       Cl  4 3   0.24E+02  0.67E-01  0.99E+01  0.27E+05  0.15E+03
       Cl  4 4   0.28E+02  0.44E-01  0.11E+02  0.32E+05  0.18E+03
       Cl  5 5   0.77E+00  0.19E+00  0.18E+01  0.12E+03  0.22E+02
       Cl  6 5   0.80E+00  0.19E+00  0.19E+01  0.12E+03  0.23E+02
       Cl  6 6   0.83E+00  0.20E+00  0.19E+01  0.12E+03  0.23E+02
       H   1 1   0.39E+02  0.19E+00  0.29E+00  0.78E+05  0.13E+02
       H   2 1   0.41E+02  0.21E+00  0.32E+00  0.82E+05  0.14E+02
       H   2 2   0.43E+02  0.22E+00  0.36E+00  0.86E+05  0.15E+02
     ------------------------------------------------------------

     alpha_pv=     33.8932 eV

     Number of occupied bands for each k-point:
     k-point:     1    nbnd_occ=  42
     k-point:     2    nbnd_occ=  42
     k-point:     3    nbnd_occ=  42
     k-point:     4    nbnd_occ=  42
     k-point:     5    nbnd_occ=  42
     k-point:     6    nbnd_occ=  42
     k-point:     7    nbnd_occ=  42
     k-point:     8    nbnd_occ=  42
     k-point:     9    nbnd_occ=  42
     k-point:    10    nbnd_occ=  42
     k-point:    11    nbnd_occ=  42
     k-point:    12    nbnd_occ=  42
     k-point:    13    nbnd_occ=  42
     k-point:    14    nbnd_occ=  42
     k-point:    15    nbnd_occ=  42
     k-point:    16    nbnd_occ=  42


     q-space interpolation up to   110.00 Rydberg

     GIPAW job: efg                                                                             


     ELECTRIC FIELD GRADIENTS TENSORS IN Hartree/bohrradius^2:

     ----- bare term -----
     Cl   1       -0.044897        0.276279       -0.043236
     Cl   1        0.276279       -0.153079       -0.250300
     Cl   1       -0.043236       -0.250300        0.197976

     C    2        0.155554       -0.036282       -0.261779
     C    2       -0.036282       -0.114239       -0.610914
     C    2       -0.261779       -0.610914       -0.041316

     C    3       -0.621718        0.351184       -0.184842
     C    3        0.351184        0.162339       -0.132892
     C    3       -0.184842       -0.132892        0.459379

     H    4       -0.005552       -0.084139       -0.315644
     H    4       -0.084139       -0.119325       -0.523745
     H    4       -0.315644       -0.523745        0.124877

     C    5       -0.084099       -0.364582       -0.457090
     C    5       -0.364582       -0.013841       -0.531373
     C    5       -0.457090       -0.531373        0.097940

     H    6       -0.011862        0.344319       -0.009270
     H    6        0.344319       -0.316531       -0.258971
     H    6       -0.009270       -0.258971        0.328393

     H    7       -0.031958        0.038652        0.281635
     H    7        0.038652       -0.024950        0.466001
     H    7        0.281635        0.466001        0.056908

     C    8       -0.633920       -0.383053       -0.459770
     C    8       -0.383053        0.419829        0.106875
     C    8       -0.459770        0.106875        0.214091

     H    9       -0.177981        0.186348       -0.459716
     H    9        0.186348        0.358316       -0.014637
     H    9       -0.459716       -0.014637       -0.180335

     C   10        0.090248       -0.511375       -0.106547
     C   10       -0.511375       -0.243790        0.550312
     C   10       -0.106547        0.550312        0.153541

     C   11       -0.374951       -0.341378       -0.372739
     C   11       -0.341378        0.136377        0.192709
     C   11       -0.372739        0.192709        0.238574

     Cl  12        0.056605       -0.021514       -0.075129
     Cl  12       -0.021514       -0.072421       -0.053491
     Cl  12       -0.075129       -0.053491        0.015817

     H   13        0.428459       -0.086339        0.178809
     H   13       -0.086339       -0.207907       -0.370729
     H   13        0.178809       -0.370729       -0.220552

     C   14       -0.688773        0.339860       -0.257320
     C   14        0.339860        0.401778       -0.162073
     C   14       -0.257320       -0.162073        0.286995

     H   15       -0.269847        0.040293       -0.577294
     H   15        0.040293        0.233646        0.032246
     H   15       -0.577294        0.032246        0.036201

     C   16       -0.079572        0.043360       -0.222544
     C   16        0.043360       -0.043125       -0.687724
     C   16       -0.222544       -0.687724        0.122697

     C   17       -0.525421        0.386721       -0.171054
     C   17        0.386721        0.124499       -0.318251
     C   17       -0.171054       -0.318251        0.400922

     Cl  18        0.140759       -0.141745       -0.060047
     Cl  18       -0.141745       -0.024451        0.008218
     Cl  18       -0.060047        0.008218       -0.116308

     H   19        0.461480        0.140711       -0.014296
     H   19        0.140711       -0.823280        0.179679
     H   19       -0.014296        0.179679        0.361799

     C   20       -0.079383       -0.203335       -0.139867
     C   20       -0.203335       -0.025092        0.442125
     C   20       -0.139867        0.442125        0.104475

     H   21       -0.085624        0.314280       -0.493062
     H   21        0.314280        0.131067        0.446474
     H   21       -0.493062        0.446474       -0.045444

     C   22       -0.768487       -0.396676       -0.345278
     C   22       -0.396676        0.332609        0.023125
     C   22       -0.345278        0.023125        0.435878

     C   23        0.084928       -0.222738       -0.068349
     C   23       -0.222738       -0.122703        0.533914
     C   23       -0.068349        0.533914        0.037776

     Cl  24       -0.198068       -0.261218        0.021170
     Cl  24       -0.261218        0.167910       -0.093182
     Cl  24        0.021170       -0.093182        0.030159

     ----- ionic term -----
     Cl   1        0.146571       -0.180758        0.071090
     Cl   1       -0.180758       -0.011529       -0.035928
     Cl   1        0.071090       -0.035928       -0.135043

     C    2        0.130104       -0.194093        0.331971
     C    2       -0.194093        0.070295        0.412765
     C    2        0.331971        0.412765       -0.200399

     C    3        0.172484       -0.322042        0.212144
     C    3       -0.322042        0.099363        0.404653
     C    3        0.212144        0.404653       -0.271847

     H    4        0.451072        0.238342        0.783463
     H    4        0.238342       -0.458751        0.266998
     H    4        0.783463        0.266998        0.007680

     C    5        0.353516       -0.272719        0.275345
     C    5       -0.272719       -0.025899        0.297027
     C    5        0.275345        0.297027       -0.327617

     H    6       -0.430518       -0.244678       -0.111138
     H    6       -0.244678        0.630975        0.679510
     H    6       -0.111138        0.679510       -0.200457

     H    7       -0.476319        0.149628       -0.066327
     H    7        0.149628        0.579420       -0.720917
     H    7       -0.066327       -0.720917       -0.103101

     C    8        0.309929        0.265393        0.316304
     C    8        0.265393       -0.004200       -0.295612
     C    8        0.316304       -0.295612       -0.305728

     H    9        0.529677       -0.373666        0.691774
     H    9       -0.373666       -0.351060       -0.295556
     H    9        0.691774       -0.295556       -0.178617

     C   10        0.217908        0.275630        0.226890
     C   10        0.275630        0.155699       -0.307010
     C   10        0.226890       -0.307010       -0.373607

     C   11        0.170938        0.228007        0.295059
     C   11        0.228007        0.120049       -0.301750
     C   11        0.295059       -0.301750       -0.290987

     Cl  12        0.154014        0.218028        0.041149
     Cl  12        0.218028       -0.016463        0.015603
     Cl  12        0.041149        0.015603       -0.137550

     H   13       -0.534555       -0.048980       -0.014647
     H   13       -0.048980        0.669240        0.719529
     H   13       -0.014647        0.719529       -0.134684

     C   14        0.264902       -0.191690        0.268729
     C   14       -0.191690       -0.012569        0.328117
     C   14        0.268729        0.328117       -0.252333

     H   15        0.586860        0.377412        0.619164
     H   15        0.377412       -0.381217        0.280433
     H   15        0.619164        0.280433       -0.205644

     C   16        0.237052       -0.242721        0.156399
     C   16       -0.242721        0.062765        0.368140
     C   16        0.156399        0.368140       -0.299817

     C   17        0.272582       -0.184870        0.249360
     C   17       -0.184870       -0.021679        0.418508
     C   17        0.249360        0.418508       -0.250903

     Cl  18        0.194253       -0.227150       -0.012187
     Cl  18       -0.227150       -0.058832        0.007386
     Cl  18       -0.012187        0.007386       -0.135422

     H   19       -0.530554        0.014593        0.011177
     H   19        0.014593        0.715977       -0.668839
     H   19        0.011177       -0.668839       -0.185424

     C   20        0.180266        0.254735        0.321821
     C   20        0.254735        0.121859       -0.230717
     C   20        0.321821       -0.230717       -0.302125

     H   21        0.522873       -0.257487        0.723343
     H   21       -0.257487       -0.484911       -0.242962
     H   21        0.723343       -0.242962       -0.037963

     C   22        0.062657        0.287429        0.252938
     C   22        0.287429        0.177806       -0.373156
     C   22        0.252938       -0.373156       -0.240464

     C   23        0.120146        0.194496        0.301640
     C   23        0.194496        0.106988       -0.464083
     C   23        0.301640       -0.464083       -0.227134

     Cl  24        0.116969        0.208970        0.012707
     Cl  24        0.208970        0.038587        0.004434
     Cl  24        0.012707        0.004434       -0.155556

     ----- GIPAW term -----
     Cl   1       -0.830818        0.120892        0.254631
     Cl   1        0.120892        0.788093        1.433623
     Cl   1        0.254631        1.433623        0.042725

     C    2       -0.042155       -0.028510       -0.024623
     C    2       -0.028510        0.196861        0.006247
     C    2       -0.024623        0.006247       -0.154706

     C    3       -0.097146       -0.125568       -0.024694
     C    3       -0.125568        0.171998        0.030576
     C    3       -0.024694        0.030576       -0.074852

     H    4       -0.000000        0.000000        0.000000
     H    4        0.000000        0.000000        0.000000
     H    4        0.000000        0.000000        0.000000

     C    5        0.012864       -0.222650       -0.048461
     C    5       -0.222650        0.111988       -0.089704
     C    5       -0.048461       -0.089704       -0.124851

     H    6       -0.000000        0.000000        0.000000
     H    6        0.000000        0.000000        0.000000
     H    6        0.000000        0.000000        0.000000

     H    7       -0.000000        0.000000        0.000000
     H    7        0.000000        0.000000        0.000000
     H    7        0.000000        0.000000        0.000000

     C    8       -0.074917       -0.196516       -0.052085
     C    8       -0.196516        0.177281       -0.005923
     C    8       -0.052085       -0.005923       -0.102364

     H    9       -0.000000        0.000000        0.000000
     H    9        0.000000        0.000000        0.000000
     H    9        0.000000        0.000000        0.000000

     C   10        0.018435       -0.209557       -0.073579
     C   10       -0.209557        0.050701        0.147666
     C   10       -0.073579        0.147666       -0.069136

     C   11       -0.075882       -0.067951       -0.072165
     C   11       -0.067951        0.140958        0.105614
     C   11       -0.072165        0.105614       -0.065076

     Cl  12       -0.309841        0.796631       -0.704787
     Cl  12        0.796631        0.916404        2.006728
     Cl  12       -0.704787        2.006728       -0.606564

     H   13       -0.000000        0.000000        0.000000
     H   13        0.000000        0.000000        0.000000
     H   13        0.000000        0.000000        0.000000

     C   14       -0.170493        0.061892       -0.026392
     C   14        0.061892        0.218203       -0.085381
     C   14       -0.026392       -0.085381       -0.047710

     H   15       -0.000000        0.000000        0.000000
     H   15        0.000000        0.000000        0.000000
     H   15        0.000000        0.000000        0.000000

     C   16       -0.134751       -0.049754       -0.023233
     C   16       -0.049754        0.163429       -0.241176
     C   16       -0.023233       -0.241176       -0.028678

     C   17       -0.087883       -0.150484        0.026792
     C   17       -0.150484        0.186800       -0.110142
     C   17        0.026792       -0.110142       -0.098917

     Cl  18        2.726747       -3.137834       -0.580917
     Cl  18       -3.137834       -0.393208        0.102147
     Cl  18       -0.580917        0.102147       -2.333538

     H   19       -0.000000        0.000000        0.000000
     H   19        0.000000        0.000000        0.000000
     H   19        0.000000        0.000000        0.000000

     C   20       -0.074571       -0.122266       -0.008683
     C   20       -0.122266        0.215598        0.106219
     C   20       -0.008683        0.106219       -0.141027

     H   21       -0.000000        0.000000        0.000000
     H   21        0.000000        0.000000        0.000000
     H   21        0.000000        0.000000        0.000000

     C   22       -0.257282       -0.090876       -0.042417
     C   22       -0.090876        0.238579       -0.170941
     C   22       -0.042417       -0.170941        0.018704

     C   23       -0.026671       -0.082876        0.042493
     C   23       -0.082876        0.200798       -0.057775
     C   23        0.042493       -0.057775       -0.174127

     Cl  24       -0.220086        0.218205        0.262043
     Cl  24        0.218205        2.032613       -1.125382
     Cl  24        0.262043       -1.125382       -1.812527

     ----- total EFG -----
     Cl   1       -0.729144        0.216414        0.282485
     Cl   1        0.216414        0.623485        1.147395
     Cl   1        0.282485        1.147395        0.105659

     C    2        0.243503       -0.258885        0.045570
     C    2       -0.258885        0.152918       -0.191901
     C    2        0.045570       -0.191901       -0.396421

     C    3       -0.546380       -0.096426        0.002608
     C    3       -0.096426        0.433701        0.302338
     C    3        0.002608        0.302338        0.112680

     H    4        0.445520        0.154203        0.467819
     H    4        0.154203       -0.578076       -0.256747
     H    4        0.467819       -0.256747        0.132556

     C    5        0.282281       -0.859951       -0.230206
     C    5       -0.859951        0.072248       -0.324050
     C    5       -0.230206       -0.324050       -0.354529

     H    6       -0.442380        0.099641       -0.120408
     H    6        0.099641        0.314444        0.420539
     H    6       -0.120408        0.420539        0.127936

     H    7       -0.508276        0.188280        0.215308
     H    7        0.188280        0.554470       -0.254916
     H    7        0.215308       -0.254916       -0.046193

     C    8       -0.398908       -0.314176       -0.195550
     C    8       -0.314176        0.592909       -0.194660
     C    8       -0.195550       -0.194660       -0.194002

     H    9        0.351695       -0.187318        0.232058
     H    9       -0.187318        0.007256       -0.310193
     H    9        0.232058       -0.310193       -0.358951

     C   10        0.326591       -0.445302        0.046764
     C   10       -0.445302       -0.037390        0.390968
     C   10        0.046764        0.390968       -0.289201

     C   11       -0.279895       -0.181322       -0.149845
     C   11       -0.181322        0.397384       -0.003427
     C   11       -0.149845       -0.003427       -0.117489

     Cl  12       -0.099222        0.993146       -0.738767
     Cl  12        0.993146        0.827520        1.968839
     Cl  12       -0.738767        1.968839       -0.728298

     H   13       -0.106096       -0.135319        0.164163
     H   13       -0.135319        0.461332        0.348800
     H   13        0.164163        0.348800       -0.355236

     C   14       -0.594364        0.210062       -0.014982
     C   14        0.210062        0.607412        0.080662
     C   14       -0.014982        0.080662       -0.013049

     H   15        0.317013        0.417705        0.041870
     H   15        0.417705       -0.147571        0.312679
     H   15        0.041870        0.312679       -0.169442

     C   16        0.022729       -0.249115       -0.089378
     C   16       -0.249115        0.183069       -0.560760
     C   16       -0.089378       -0.560760       -0.205798

     C   17       -0.340722        0.051367        0.105097
     C   17        0.051367        0.289620       -0.009884
     C   17        0.105097       -0.009884        0.051103

     Cl  18        3.061759       -3.506729       -0.653151
     Cl  18       -3.506729       -0.476491        0.117751
     Cl  18       -0.653151        0.117751       -2.585267

     H   19       -0.069073        0.155304       -0.003119
     H   19        0.155304       -0.107302       -0.489160
     H   19       -0.003119       -0.489160        0.176375

     C   20        0.026312       -0.070866        0.173270
     C   20       -0.070866        0.312364        0.317627
     C   20        0.173270        0.317627       -0.338677

     H   21        0.437250        0.056792        0.230281
     H   21        0.056792       -0.353844        0.203512
     H   21        0.230281        0.203512       -0.083406

     C   22       -0.963112       -0.200124       -0.134757
     C   22       -0.200124        0.748994       -0.520971
     C   22       -0.134757       -0.520971        0.214118

     C   23        0.178403       -0.111118        0.275784
     C   23       -0.111118        0.185082        0.012056
     C   23        0.275784        0.012056       -0.363485

     Cl  24       -0.301185        0.165957        0.295920
     Cl  24        0.165957        2.239110       -1.214130
     Cl  24        0.295920       -1.214130       -1.937925

     ----- total EFG (symmetrized) -----
     Cl   1       -0.729144        0.216414        0.282485
     Cl   1        0.216414        0.623485        1.147395
     Cl   1        0.282485        1.147395        0.105659

     C    2        0.243503       -0.258885        0.045570
     C    2       -0.258885        0.152918       -0.191901
     C    2        0.045570       -0.191901       -0.396421

     C    3       -0.546380       -0.096426        0.002608
     C    3       -0.096426        0.433701        0.302338
     C    3        0.002608        0.302338        0.112680

     H    4        0.445520        0.154203        0.467819
     H    4        0.154203       -0.578076       -0.256747
     H    4        0.467819       -0.256747        0.132556

     C    5        0.282281       -0.859951       -0.230206
     C    5       -0.859951        0.072248       -0.324050
     C    5       -0.230206       -0.324050       -0.354529

     H    6       -0.442380        0.099641       -0.120408
     H    6        0.099641        0.314444        0.420539
     H    6       -0.120408        0.420539        0.127936

     H    7       -0.508276        0.188280        0.215308
     H    7        0.188280        0.554470       -0.254916
     H    7        0.215308       -0.254916       -0.046193

     C    8       -0.398908       -0.314176       -0.195550
     C    8       -0.314176        0.592909       -0.194660
     C    8       -0.195550       -0.194660       -0.194002

     H    9        0.351695       -0.187318        0.232058
     H    9       -0.187318        0.007256       -0.310193
     H    9        0.232058       -0.310193       -0.358951

     C   10        0.326591       -0.445302        0.046764
     C   10       -0.445302       -0.037390        0.390968
     C   10        0.046764        0.390968       -0.289201

     C   11       -0.279895       -0.181322       -0.149845
     C   11       -0.181322        0.397384       -0.003427
     C   11       -0.149845       -0.003427       -0.117489

     Cl  12       -0.099222        0.993146       -0.738767
     Cl  12        0.993146        0.827520        1.968839
     Cl  12       -0.738767        1.968839       -0.728298

     H   13       -0.106096       -0.135319        0.164163
     H   13       -0.135319        0.461332        0.348800
     H   13        0.164163        0.348800       -0.355236

     C   14       -0.594364        0.210062       -0.014982
     C   14        0.210062        0.607412        0.080662
     C   14       -0.014982        0.080662       -0.013049

     H   15        0.317013        0.417705        0.041870
     H   15        0.417705       -0.147571        0.312679
     H   15        0.041870        0.312679       -0.169442

     C   16        0.022729       -0.249115       -0.089378
     C   16       -0.249115        0.183069       -0.560760
     C   16       -0.089378       -0.560760       -0.205798

     C   17       -0.340722        0.051367        0.105097
     C   17        0.051367        0.289620       -0.009884
     C   17        0.105097       -0.009884        0.051103

     Cl  18        3.061759       -3.506729       -0.653151
     Cl  18       -3.506729       -0.476491        0.117751
     Cl  18       -0.653151        0.117751       -2.585267

     H   19       -0.069073        0.155304       -0.003119
     H   19        0.155304       -0.107302       -0.489160
     H   19       -0.003119       -0.489160        0.176375

     C   20        0.026312       -0.070866        0.173270
     C   20       -0.070866        0.312364        0.317627
     C   20        0.173270        0.317627       -0.338677

     H   21        0.437250        0.056792        0.230281
     H   21        0.056792       -0.353844        0.203512
     H   21        0.230281        0.203512       -0.083406

     C   22       -0.963112       -0.200124       -0.134757
     C   22       -0.200124        0.748994       -0.520971
     C   22       -0.134757       -0.520971        0.214118

     C   23        0.178403       -0.111118        0.275784
     C   23       -0.111118        0.185082        0.012056
     C   23        0.275784        0.012056       -0.363485

     Cl  24       -0.301185        0.165957        0.295920
     Cl  24        0.165957        2.239110       -1.214130
     Cl  24        0.295920       -1.214130       -1.937925


     NQR/NMR SPECTROSCOPIC PARAMETERS:
     Cl   1    Vxx=   -0.7101    axis=(  0.759675 -0.490560  0.426902)
     Cl   1    Vyy=   -0.8821    axis=( -0.633386 -0.409393  0.656673)
     Cl   1    Vzz=    1.5923    axis=(  0.147367  0.769251  0.621719)
     Cl   1  Q=        -8.1650 1e-30 m^2  Cq=       -30.5472 MHz  eta= 0.10801

     C    2    Vxx=   -0.0314    axis=(  0.683404  0.677868 -0.271023)
     C    2    Vyy=   -0.4588    axis=(  0.056867  0.320687  0.945477)
     C    2    Vzz=    0.4901    axis=(  0.727822 -0.661555  0.180610)
     C    2  Q=         1.0000 1e-30 m^2  Cq=         1.1516 MHz  eta= 0.87205

     C    3    Vxx=   -0.0636    axis=(  0.104846 -0.501673  0.858680)
     C    3    Vyy=   -0.5575    axis=( -0.992044 -0.113266  0.054956)
     C    3    Vzz=    0.6212    axis=(  0.069690 -0.857610 -0.509557)
     C    3  Q=         1.0000 1e-30 m^2  Cq=         1.4595 MHz  eta= 0.79510

     H    4    Vxx=   -0.0392    axis=( -0.523132 -0.483930  0.701531)
     H    4    Vyy=   -0.7436    axis=(  0.271291 -0.874888 -0.401214)
     H    4    Vzz=    0.7828    axis=(  0.807920 -0.019569  0.588967)
     H    4  Q=         1.0000 1e-30 m^2  Cq=         1.8393 MHz  eta= 0.89988

     C    5    Vxx=   -0.0937    axis=( -0.389707 -0.393319  0.832724)
     C    5    Vyy=   -0.9512    axis=(  0.543542  0.631696  0.552740)
     C    5    Vzz=    1.0450    axis=( -0.743432  0.668027 -0.032391)
     C    5  Q=         1.0000 1e-30 m^2  Cq=         2.4553 MHz  eta= 0.82060

     H    6    Vxx=   -0.1311    axis=( -0.448668 -0.558320  0.697837)
     H    6    Vyy=   -0.5208    axis=( -0.893696  0.282218 -0.348798)
     H    6    Vzz=    0.6519    axis=( -0.002201 -0.780148 -0.625591)
     H    6  Q=         1.0000 1e-30 m^2  Cq=         1.5318 MHz  eta= 0.59779

     H    7    Vxx=   -0.0030    axis=(  0.454659  0.238790  0.858058)
     H    7    Vyy=   -0.6548    axis=(  0.885611 -0.223688 -0.407008)
     H    7    Vzz=    0.6578    axis=(  0.094748  0.944956 -0.313177)
     H    7  Q=         1.0000 1e-30 m^2  Cq=         1.5456 MHz  eta= 0.99073

     C    8    Vxx=   -0.0757    axis=( -0.520508  0.004006  0.853847)
     C    8    Vyy=   -0.6290    axis=(  0.817891  0.289508  0.497231)
     C    8    Vzz=    0.7047    axis=( -0.245204  0.957167 -0.153968)
     C    8  Q=         1.0000 1e-30 m^2  Cq=         1.6558 MHz  eta= 0.78514

     H    9    Vxx=   -0.0142    axis=(  0.577338  0.760947 -0.296040)
     H    9    Vyy=   -0.5509    axis=(  0.134795 -0.446421 -0.884612)
     H    9    Vzz=    0.5650    axis=( -0.805302  0.470816 -0.360308)
     H    9  Q=         1.0000 1e-30 m^2  Cq=         1.3276 MHz  eta= 0.94979

     C   10    Vxx=    0.0117    axis=(  0.554714  0.464763  0.690136)
     C   10    Vyy=    0.6643    axis=( -0.768216  0.604677  0.210262)
     C   10    Vzz=   -0.6760    axis=( -0.319588 -0.646809  0.692461)
     C   10  Q=         1.0000 1e-30 m^2  Cq=        -1.5883 MHz  eta= 0.96545

     C   11    Vxx=   -0.0439    axis=( -0.431459 -0.170425  0.885888)
     C   11    Vyy=   -0.4011    axis=(  0.865568  0.198534  0.459756)
     C   11    Vzz=    0.4449    axis=( -0.254233  0.965163  0.061855)
     C   11  Q=         1.0000 1e-30 m^2  Cq=         1.0454 MHz  eta= 0.80289

     Cl  12    Vxx=    0.3702    axis=(  0.883477  0.073360 -0.462696)
     Cl  12    Vyy=    2.2477    axis=(  0.195727  0.839532  0.506831)
     Cl  12    Vzz=   -2.6178    axis=(  0.425629 -0.538335  0.727348)
     Cl  12  Q=        -8.1650 1e-30 m^2  Cq=        50.2214 MHz  eta= 0.71720

     H   13    Vxx=   -0.0260    axis=(  0.910854 -0.041023  0.410686)
     H   13    Vyy=   -0.5714    axis=(  0.399240  0.339896 -0.851515)
     H   13    Vzz=    0.5974    axis=( -0.104658  0.939568  0.325974)
     H   13  Q=         1.0000 1e-30 m^2  Cq=         1.4037 MHz  eta= 0.91301

     C   14    Vxx=   -0.0207    axis=( -0.064658 -0.105810  0.992282)
     C   14    Vyy=   -0.6313    axis=( -0.984382  0.169926 -0.046023)
     C   14    Vzz=    0.6520    axis=( -0.163745 -0.979760 -0.115144)
     C   14  Q=         1.0000 1e-30 m^2  Cq=         1.5319 MHz  eta= 0.93658

     H   15    Vxx=   -0.0510    axis=(  0.502653 -0.364275 -0.783992)
     H   15    Vyy=   -0.5640    axis=( -0.331712  0.756195 -0.564035)
     H   15    Vzz=    0.6150    axis=( -0.798315 -0.543574 -0.259270)
     H   15  Q=         1.0000 1e-30 m^2  Cq=         1.4451 MHz  eta= 0.83414

     C   16    Vxx=    0.0516    axis=( -0.916435 -0.036830  0.398486)
     C   16    Vyy=    0.6228    axis=(  0.259585 -0.812556  0.521890)
     C   16    Vzz=   -0.6744    axis=(  0.304571  0.581719  0.754215)
     C   16  Q=         1.0000 1e-30 m^2  Cq=        -1.5846 MHz  eta= 0.84703

     C   17    Vxx=    0.0775    axis=(  0.242158 -0.013433  0.970144)
     C   17    Vyy=    0.2938    axis=( -0.079688 -0.996801  0.006089)
     C   17    Vzz=   -0.3713    axis=(  0.966959 -0.078784 -0.242454)
     C   17  Q=         1.0000 1e-30 m^2  Cq=        -0.8723 MHz  eta= 0.58265

     Cl  18    Vxx=   -2.3931    axis=( -0.321412 -0.631415  0.705698)
     Cl  18    Vyy=   -2.8759    axis=( -0.416912 -0.574767 -0.704150)
     Cl  18    Vzz=    5.2690    axis=( -0.850223  0.520536  0.078507)
     Cl  18  Q=        -8.1650 1e-30 m^2  Cq=      -101.0834 MHz  eta= 0.09162

     H   19    Vxx=   -0.0494    axis=(  0.949708  0.126204  0.286579)
     H   19    Vyy=   -0.5094    axis=( -0.272516  0.783896  0.557891)
     H   19    Vzz=    0.5588    axis=( -0.154240 -0.607931  0.778865)
     H   19  Q=         1.0000 1e-30 m^2  Cq=         1.3130 MHz  eta= 0.82328

     C   20    Vxx=    0.0892    axis=(  0.947926 -0.119292  0.295305)
     C   20    Vyy=    0.4417    axis=(  0.000831 -0.926275 -0.376848)
     C   20    Vzz=   -0.5309    axis=(  0.318489  0.357469 -0.877941)
     C   20  Q=         1.0000 1e-30 m^2  Cq=        -1.2473 MHz  eta= 0.66391

     H   21    Vxx=   -0.0755    axis=( -0.402358  0.485424  0.776190)
     H   21    Vyy=   -0.4673    axis=(  0.073450  0.862232 -0.501159)
     H   21    Vzz=    0.5428    axis=(  0.912531  0.144634  0.382580)
     H   21  Q=         1.0000 1e-30 m^2  Cq=         1.2754 MHz  eta= 0.72180

     C   22    Vxx=   -0.0518    axis=( -0.231749  0.489128  0.840861)
     C   22    Vyy=   -1.0204    axis=( -0.971472 -0.161112 -0.174028)
     C   22    Vzz=    1.0722    axis=(  0.050351 -0.857203  0.512511)
     C   22  Q=         1.0000 1e-30 m^2  Cq=         2.5193 MHz  eta= 0.90340

     C   23    Vxx=    0.1312    axis=( -0.443998 -0.854889 -0.268384)
     C   23    Vyy=    0.3525    axis=( -0.804280  0.512269 -0.301188)
     C   23    Vzz=   -0.4836    axis=( -0.394967 -0.082129  0.915017)
     C   23  Q=         1.0000 1e-30 m^2  Cq=        -1.1363 MHz  eta= 0.45759

     Cl  24    Vxx=   -0.2500    axis=(  0.986521  0.013759  0.163052)
     Cl  24    Vyy=   -2.3188    axis=(  0.161003 -0.259512 -0.952225)
     Cl  24    Vzz=    2.5688    axis=(  0.029213  0.965642 -0.258229)
     Cl  24  Q=        -8.1650 1e-30 m^2  Cq=       -49.2813 MHz  eta= 0.80539

     Initialization:
     gipaw_setup  :      9.13s CPU     11.54s WALL (       1 calls)

     Linear response

     Apply operators

     Induced current

     Other routines
     efg          :      9.42s CPU     11.79s WALL (       1 calls)

     General routines
     calbec       :      3.19s CPU      4.14s WALL (      16 calls)
     fft          :      1.40s CPU      1.65s WALL (      15 calls)
     ffts         :      0.04s CPU      0.06s WALL (       2 calls)
     fftw         :      3.34s CPU      4.12s WALL (     672 calls)
     davcio       :      0.03s CPU      0.34s WALL (      32 calls)

     Parallel routines
     fft_scatter  :      2.16s CPU      2.98s WALL (     689 calls)

     Plugins

     GIPAW        :     61.62s CPU     77.32s WALL (       1 calls)
