
     Program QE v.6.0 (svn rev. 13079) starts on 18Dec2016 at 11:59:40 

     This program is part of the open-source Quantum ESPRESSO suite
     for quantum simulation of materials; please cite
         "P. Giannozzi et al., J. Phys.:Condens. Matter 21 395502 (2009);
          URL http://www.quantum-espresso.org", 
     in publications or presentations arising from this work. More details at
     http://www.quantum-espresso.org/quote

     Parallel version (MPI), running on     8 processors
     R & G space division:  proc/nbgrp/npool/nimage =       8

     ***** This is GIPAW svn revision unknown      *****

     Parallelizing q-star over 1 images

     Reading data from directory:
     /users/majewski/paradichlorobenzene/pbe/9_constraint/scratch/pbe.ecut100.np8.dt60.pcl2phi-129368.save
     Message from routine read_xml_file:
     file /users/majewski/paradichlorobenzene/pbe/9_constraint/scratch/pbe.ecut100.np8.dt60.pcl2phi-129368.save not guaranteed to be safe for post-processing

   Info: using nr1, nr2, nr3 values from input

   Info: using nr1, nr2, nr3 values from input

     IMPORTANT: XC functional enforced from input :
     Exchange-correlation      =  SLA  PW   PBX  PBC ( 1  4  3  4 0 0)
     Any further DFT definition will be discarded
     Please, verify this is what you really want

               file C.pbe-n-kjpaw_psl.1.0.0.UPF: wavefunction(s)  2S 2P renormalized
               file Cl.pbe-n-kjpaw_psl.1.0.0.UPF: wavefunction(s)  3S 3P renormalized
               file H.pbe-kjpaw_psl.1.0.0.UPF: wavefunction(s)  1S renormalized

     Parallelization info
     --------------------
     sticks:   dense  smooth     PW     G-vecs:    dense   smooth      PW
     Min        3057    1223    332               144436    36536    5170
     Max        3059    1225    333               144437    36537    5171
     Sum       24467    9791   2657              1155489   292295   41363


     Subspace diagonalization in iterative solution of the eigenvalue problem:
     a serial algorithm will be used

     GIPAW projectors -----------------------------------------------
     atom=  C    l=0  rc=    1.2000  rs=    0.8000
     atom=  C    l=0  rc=    1.2000  rs=    0.8000
     atom=  C    l=1  rc=    1.4000  rs=    0.9333
     atom=  C    l=1  rc=    1.4000  rs=    0.9333
     projs nearly linearly dependent: l=1  n1,n2= 1, 2  s=  0.99951561

     atom=  Cl   l=0  rc=    1.6000  rs=    1.0667
     atom=  Cl   l=0  rc=    1.6000  rs=    1.0667
     atom=  Cl   l=1  rc=    1.6000  rs=    1.0667
     atom=  Cl   l=1  rc=    1.6000  rs=    1.0667
     atom=  Cl   l=2  rc=    1.6000  rs=    1.0667
     atom=  Cl   l=2  rc=    1.6000  rs=    1.0667
     projs nearly linearly dependent: l=2  n1,n2= 1, 2  s=  0.99993509

     atom=  H    l=0  rc=    1.0000  rs=    0.6667
     atom=  H    l=0  rc=    1.0000  rs=    0.6667
     projs nearly linearly dependent: l=0  n1,n2= 1, 2  s=  0.99968852
     -----------------------------------------------------------------

     GIPAW integrals: -------------------------------------------
     Atom  i/j   nmr_para   nmr_dia   epr_rmc  epr_para   epr_dia
       C   1 1   0.83E+03  0.17E-01  0.93E+01  0.24E+08  0.24E+03
       C   2 1   0.86E+03 -0.61E-01  0.94E+01  0.25E+08  0.25E+03
       C   2 2   0.90E+03 -0.15E+00  0.97E+01  0.26E+08  0.26E+03
       C   3 3   0.33E+01  0.34E+00  0.18E+01  0.55E+03  0.21E+02
       C   4 3   0.35E+01  0.37E+00  0.20E+01  0.59E+03  0.22E+02
       C   4 4   0.38E+01  0.39E+00  0.22E+01  0.63E+03  0.24E+02
       Cl  1 1   0.14E+04 -0.47E+00  0.84E+01  0.32E+09  0.42E+03
       Cl  2 1   0.21E+04 -0.37E+00  0.12E+02  0.49E+09  0.65E+03
       Cl  2 2   0.33E+04 -0.16E+00  0.21E+02  0.76E+09  0.10E+04
       Cl  3 3   0.21E+02  0.79E-01  0.89E+01  0.23E+05  0.13E+03
       Cl  4 3   0.24E+02  0.67E-01  0.99E+01  0.27E+05  0.15E+03
       Cl  4 4   0.28E+02  0.44E-01  0.11E+02  0.32E+05  0.18E+03
       Cl  5 5   0.77E+00  0.19E+00  0.18E+01  0.12E+03  0.22E+02
       Cl  6 5   0.80E+00  0.19E+00  0.19E+01  0.12E+03  0.23E+02
       Cl  6 6   0.83E+00  0.20E+00  0.19E+01  0.12E+03  0.23E+02
       H   1 1   0.39E+02  0.19E+00  0.29E+00  0.78E+05  0.13E+02
       H   2 1   0.41E+02  0.21E+00  0.32E+00  0.82E+05  0.14E+02
       H   2 2   0.43E+02  0.22E+00  0.36E+00  0.86E+05  0.15E+02
     ------------------------------------------------------------

     alpha_pv=     33.8027 eV

     Number of occupied bands for each k-point:
     k-point:     1    nbnd_occ=  42
     k-point:     2    nbnd_occ=  42
     k-point:     3    nbnd_occ=  42
     k-point:     4    nbnd_occ=  42
     k-point:     5    nbnd_occ=  42
     k-point:     6    nbnd_occ=  42
     k-point:     7    nbnd_occ=  42
     k-point:     8    nbnd_occ=  42
     k-point:     9    nbnd_occ=  42
     k-point:    10    nbnd_occ=  42
     k-point:    11    nbnd_occ=  42
     k-point:    12    nbnd_occ=  42
     k-point:    13    nbnd_occ=  42
     k-point:    14    nbnd_occ=  42
     k-point:    15    nbnd_occ=  42
     k-point:    16    nbnd_occ=  42


     q-space interpolation up to   110.00 Rydberg

     GIPAW job: efg                                                                             


     ELECTRIC FIELD GRADIENTS TENSORS IN Hartree/bohrradius^2:

     ----- bare term -----
     Cl   1       -0.003971        0.019717        0.068489
     Cl   1        0.019717       -0.019687        0.089315
     Cl   1        0.068489        0.089315        0.023658

     C    2       -0.113530        0.314442       -0.073377
     C    2        0.314442       -0.339636       -0.479064
     C    2       -0.073377       -0.479064        0.453166

     C    3       -0.330546        0.313365       -0.287390
     C    3        0.313365       -0.119044       -0.404863
     C    3       -0.287390       -0.404863        0.449590

     H    4       -0.227499       -0.257824       -0.482591
     H    4       -0.257824        0.215545       -0.343354
     H    4       -0.482591       -0.343354        0.011954

     C    5       -0.508985        0.136973       -0.371108
     C    5        0.136973        0.024041       -0.324686
     C    5       -0.371108       -0.324686        0.484944

     H    6        0.178930        0.139869       -0.068860
     H    6        0.139869       -0.431546       -0.450490
     H    6       -0.068860       -0.450490        0.252615

     H    7        0.426878        0.115915       -0.031913
     H    7        0.115915       -0.714942        0.310252
     H    7       -0.031913        0.310252        0.288064

     C    8       -0.263227       -0.191210       -0.303129
     C    8       -0.191210       -0.047113        0.521424
     C    8       -0.303129        0.521424        0.310340

     H    9       -0.269879        0.557561       -0.174467
     H    9        0.557561       -0.125341        0.025684
     H    9       -0.174467        0.025684        0.395221

     C   10       -0.588842       -0.411647       -0.319881
     C   10       -0.411647        0.287235        0.217739
     C   10       -0.319881        0.217739        0.301607

     C   11        0.031882       -0.317955       -0.103387
     C   11       -0.317955       -0.096182        0.555014
     C   11       -0.103387        0.555014        0.064300

     Cl  12       -0.010188       -0.178545        0.043592
     Cl  12       -0.178545        0.085922       -0.074110
     Cl  12        0.043592       -0.074110       -0.075735

     H   13        0.251187        0.293533       -0.129558
     H   13        0.293533       -0.613917       -0.082325
     H   13       -0.129558       -0.082325        0.362730

     C   14       -0.169534       -0.326304       -0.377358
     C   14       -0.326304        0.009314       -0.572679
     C   14       -0.377358       -0.572679        0.160220

     H   15       -0.093052       -0.365442       -0.300315
     H   15       -0.365442       -0.338620       -0.086916
     H   15       -0.300315       -0.086916        0.431672

     C   16       -0.612682        0.306537       -0.145256
     C   16        0.306537        0.226329       -0.221270
     C   16       -0.145256       -0.221270        0.386353

     C   17        0.001260       -0.026134       -0.251863
     C   17       -0.026134       -0.141131       -0.480402
     C   17       -0.251863       -0.480402        0.139871

     Cl  18       -0.252204        0.276319        0.008281
     Cl  18        0.276319        0.092266        0.117101
     Cl  18        0.008281        0.117101        0.159937

     H   19        0.222866        0.018512        0.190277
     H   19        0.018512       -0.218608        0.502374
     H   19        0.190277        0.502374       -0.004257

     C   20       -0.452155       -0.300010       -0.469521
     C   20       -0.300010        0.191493        0.283472
     C   20       -0.469521        0.283472        0.260661

     H   21       -0.442430        0.309845       -0.427662
     H   21        0.309845        0.235929        0.143216
     H   21       -0.427662        0.143216        0.206501

     C   22       -0.028726       -0.483162       -0.081533
     C   22       -0.483162       -0.396677        0.499470
     C   22       -0.081533        0.499470        0.425403

     C   23       -0.402000       -0.174474       -0.399465
     C   23       -0.174474        0.099169        0.331054
     C   23       -0.399465        0.331054        0.302830

     Cl  24       -0.003111        0.009814       -0.022292
     Cl  24        0.009814        0.006547        0.005452
     Cl  24       -0.022292        0.005452       -0.003436

     ----- ionic term -----
     Cl   1        0.171982       -0.196865        0.027578
     Cl   1       -0.196865       -0.037264       -0.014318
     Cl   1        0.027578       -0.014318       -0.134718

     C    2        0.220156       -0.134642        0.255199
     C    2       -0.134642        0.122964        0.353611
     C    2        0.255199        0.353611       -0.343120

     C    3        0.178665       -0.238034        0.225738
     C    3       -0.238034        0.166304        0.315303
     C    3        0.225738        0.315303       -0.344969

     H    4        0.462125        0.367946        0.683501
     H    4        0.367946       -0.361250        0.311835
     H    4        0.683501        0.311835       -0.100874

     C    5        0.274335       -0.131398        0.293680
     C    5       -0.131398        0.074868        0.296000
     C    5        0.293680        0.296000       -0.349203

     H    6       -0.512800       -0.061451       -0.025520
     H    6       -0.061451        0.652757        0.694312
     H    6       -0.025520        0.694312       -0.139957

     H    7       -0.501295       -0.040659        0.040101
     H    7       -0.040659        0.673228       -0.702436
     H    7        0.040101       -0.702436       -0.171933

     C    8        0.413941        0.145942        0.279914
     C    8        0.145942       -0.006563       -0.301227
     C    8        0.279914       -0.301227       -0.407378

     H    9        0.658291       -0.436631        0.535458
     H    9       -0.436631       -0.376529       -0.257285
     H    9        0.535458       -0.257285       -0.281763

     C   10        0.236128        0.194595        0.171010
     C   10        0.194595        0.153263       -0.369634
     C   10        0.171010       -0.369634       -0.389391

     C   11        0.164726        0.127264        0.259433
     C   11        0.127264        0.162744       -0.404115
     C   11        0.259433       -0.404115       -0.327471

     Cl  12        0.115982        0.198338        0.012204
     Cl  12        0.198338        0.030605        0.009106
     Cl  12        0.012204        0.009106       -0.146587

     H   13       -0.521501       -0.061439       -0.029037
     H   13       -0.061439        0.809718        0.595616
     H   13       -0.029037        0.595616       -0.288217

     C   14        0.281725       -0.183889        0.249185
     C   14       -0.183889        0.112422        0.275035
     C   14        0.249185        0.275035       -0.394148

     H   15        0.657137        0.419646        0.568197
     H   15        0.419646       -0.325406        0.261729
     H   15        0.568197        0.261729       -0.331732

     C   16        0.213259       -0.249720        0.176587
     C   16       -0.249720        0.225096        0.332889
     C   16        0.176587        0.332889       -0.438356

     C   17        0.206742       -0.153719        0.264949
     C   17       -0.153719        0.193249        0.389010
     C   17        0.264949        0.389010       -0.399991

     Cl  18        0.187274       -0.210161        0.037552
     Cl  18       -0.210161       -0.019810       -0.010224
     Cl  18        0.037552       -0.010224       -0.167464

     H   19       -0.520913        0.001948        0.007854
     H   19        0.001948        0.557399       -0.755378
     H   19        0.007854       -0.755378       -0.036486

     C   20        0.307858        0.175347        0.226239
     C   20        0.175347        0.013528       -0.339893
     C   20        0.226239       -0.339893       -0.321386

     H   21        0.651202       -0.435014        0.559948
     H   21       -0.435014       -0.335882       -0.270222
     H   21        0.559948       -0.270222       -0.315320

     C   22        0.244707        0.223013        0.131507
     C   22        0.223013        0.138848       -0.367175
     C   22        0.131507       -0.367175       -0.383556

     C   23        0.329929        0.161613        0.259200
     C   23        0.161613        0.056997       -0.360338
     C   23        0.259200       -0.360338       -0.386926

     Cl  24        0.178493        0.232065        0.016912
     Cl  24        0.232065       -0.018223        0.003720
     Cl  24        0.016912        0.003720       -0.160270

     ----- GIPAW term -----
     Cl   1        1.799426       -1.201460        1.888563
     Cl   1       -1.201460       -1.027099        0.734283
     Cl   1        1.888563        0.734283       -0.772327

     C    2        0.090047       -0.098196        0.107320
     C    2       -0.098196       -0.113622       -0.107256
     C    2        0.107320       -0.107256        0.023575

     C    3       -0.097796        0.039703       -0.072682
     C    3        0.039703        0.011768       -0.042176
     C    3       -0.072682       -0.042176        0.086029

     H    4       -0.000000        0.000000        0.000000
     H    4        0.000000        0.000000        0.000000
     H    4        0.000000        0.000000        0.000000

     C    5       -0.078690        0.020387        0.009993
     C    5        0.020387       -0.043760       -0.040696
     C    5        0.009993       -0.040696        0.122450

     H    6       -0.000000        0.000000        0.000000
     H    6        0.000000        0.000000        0.000000
     H    6        0.000000        0.000000        0.000000

     H    7       -0.000000        0.000000        0.000000
     H    7        0.000000        0.000000        0.000000
     H    7        0.000000        0.000000        0.000000

     C    8       -0.076567       -0.069237       -0.056403
     C    8       -0.069237        0.089053        0.186190
     C    8       -0.056403        0.186190       -0.012486

     H    9       -0.000000        0.000000        0.000000
     H    9        0.000000        0.000000        0.000000
     H    9        0.000000        0.000000        0.000000

     C   10       -0.175969       -0.177707       -0.073384
     C   10       -0.177707        0.264025        0.023435
     C   10       -0.073384        0.023435       -0.088056

     C   11        0.035715       -0.120008        0.019665
     C   11       -0.120008        0.158605        0.020836
     C   11        0.019665        0.020836       -0.194320

     Cl  12        1.377749        0.406357        0.469623
     Cl  12        0.406357        0.799182       -0.707896
     Cl  12        0.469623       -0.707896       -2.176931

     H   13       -0.000000        0.000000        0.000000
     H   13        0.000000        0.000000        0.000000
     H   13        0.000000        0.000000        0.000000

     C   14       -0.007002       -0.221196        0.013562
     C   14       -0.221196        0.095547       -0.188772
     C   14        0.013562       -0.188772       -0.088546

     H   15       -0.000000        0.000000        0.000000
     H   15        0.000000        0.000000        0.000000
     H   15        0.000000        0.000000        0.000000

     C   16       -0.159038       -0.122299       -0.003861
     C   16       -0.122299        0.255649       -0.022218
     C   16       -0.003861       -0.022218       -0.096611

     C   17       -0.047916       -0.089849       -0.017748
     C   17       -0.089849        0.156167        0.098895
     C   17       -0.017748        0.098895       -0.108251

     Cl  18       -0.968212       -0.375903        0.234729
     Cl  18       -0.375903        1.719337        2.048918
     Cl  18        0.234729        2.048918       -0.751125

     H   19       -0.000000        0.000000        0.000000
     H   19        0.000000        0.000000        0.000000
     H   19        0.000000        0.000000        0.000000

     C   20        0.014165       -0.166624       -0.063154
     C   20       -0.166624        0.046737        0.027769
     C   20       -0.063154        0.027769       -0.060902

     H   21       -0.000000        0.000000        0.000000
     H   21        0.000000        0.000000        0.000000
     H   21        0.000000        0.000000        0.000000

     C   22        0.054959       -0.112910        0.032517
     C   22       -0.112910       -0.093655        0.056010
     C   22        0.032517        0.056010        0.038696

     C   23       -0.034653        0.053196       -0.057610
     C   23        0.053196        0.108462       -0.000826
     C   23       -0.057610       -0.000826       -0.073808

     Cl  24        1.429948        2.385658       -0.167958
     Cl  24        2.385658        0.166176        0.054573
     Cl  24       -0.167958        0.054573       -1.596124

     ----- total EFG -----
     Cl   1        1.967437       -1.378608        1.984630
     Cl   1       -1.378608       -1.084050        0.809281
     Cl   1        1.984630        0.809281       -0.883388

     C    2        0.196673        0.081603        0.289141
     C    2        0.081603       -0.330295       -0.232709
     C    2        0.289141       -0.232709        0.133621

     C    3       -0.249677        0.115034       -0.134334
     C    3        0.115034        0.059028       -0.131736
     C    3       -0.134334       -0.131736        0.190650

     H    4        0.234626        0.110122        0.200909
     H    4        0.110122       -0.145705       -0.031519
     H    4        0.200909       -0.031519       -0.088921

     C    5       -0.313340        0.025962       -0.067434
     C    5        0.025962        0.055149       -0.069383
     C    5       -0.067434       -0.069383        0.258191

     H    6       -0.333870        0.078419       -0.094380
     H    6        0.078419        0.221211        0.243821
     H    6       -0.094380        0.243821        0.112659

     H    7       -0.074417        0.075255        0.008188
     H    7        0.075255       -0.041714       -0.392184
     H    7        0.008188       -0.392184        0.116131

     C    8        0.074148       -0.114505       -0.079618
     C    8       -0.114505        0.035377        0.406386
     C    8       -0.079618        0.406386       -0.109524

     H    9        0.388412        0.120930        0.360990
     H    9        0.120930       -0.501870       -0.231601
     H    9        0.360990       -0.231601        0.113458

     C   10       -0.528683       -0.394759       -0.222256
     C   10       -0.394759        0.704523       -0.128460
     C   10       -0.222256       -0.128460       -0.175840

     C   11        0.232323       -0.310699        0.175711
     C   11       -0.310699        0.225168        0.171735
     C   11        0.175711        0.171735       -0.457490

     Cl  12        1.483544        0.426151        0.525420
     Cl  12        0.426151        0.915709       -0.772900
     Cl  12        0.525420       -0.772900       -2.399253

     H   13       -0.270313        0.232095       -0.158595
     H   13        0.232095        0.195801        0.513291
     H   13       -0.158595        0.513291        0.074513

     C   14        0.105190       -0.731390       -0.114611
     C   14       -0.731390        0.217284       -0.486417
     C   14       -0.114611       -0.486417       -0.322474

     H   15        0.564086        0.054204        0.267882
     H   15        0.054204       -0.664026        0.174813
     H   15        0.267882        0.174813        0.099941

     C   16       -0.558461       -0.065482        0.027470
     C   16       -0.065482        0.707075        0.089401
     C   16        0.027470        0.089401       -0.148614

     C   17        0.160086       -0.269702       -0.004662
     C   17       -0.269702        0.208285        0.007503
     C   17       -0.004662        0.007503       -0.368371

     Cl  18       -1.033142       -0.309746        0.280562
     Cl  18       -0.309746        1.791793        2.155795
     Cl  18        0.280562        2.155795       -0.758651

     H   19       -0.298047        0.020460        0.198131
     H   19        0.020460        0.338790       -0.253005
     H   19        0.198131       -0.253005       -0.040743

     C   20       -0.130132       -0.291286       -0.306436
     C   20       -0.291286        0.251758       -0.028652
     C   20       -0.306436       -0.028652       -0.121626

     H   21        0.208772       -0.125170        0.132286
     H   21       -0.125170       -0.099953       -0.127006
     H   21        0.132286       -0.127006       -0.108819

     C   22        0.270941       -0.373058        0.082491
     C   22       -0.373058       -0.351483        0.188305
     C   22        0.082491        0.188305        0.080543

     C   23       -0.106724        0.040335       -0.197875
     C   23        0.040335        0.264628       -0.030109
     C   23       -0.197875       -0.030109       -0.157904

     Cl  24        1.605331        2.627537       -0.173338
     Cl  24        2.627537        0.154500        0.063745
     Cl  24       -0.173338        0.063745       -1.759831

     ----- total EFG (symmetrized) -----
     Cl   1        1.967437       -1.378608        1.984630
     Cl   1       -1.378608       -1.084050        0.809281
     Cl   1        1.984630        0.809281       -0.883388

     C    2        0.196673        0.081603        0.289141
     C    2        0.081603       -0.330295       -0.232709
     C    2        0.289141       -0.232709        0.133621

     C    3       -0.249677        0.115034       -0.134334
     C    3        0.115034        0.059028       -0.131736
     C    3       -0.134334       -0.131736        0.190650

     H    4        0.234626        0.110122        0.200909
     H    4        0.110122       -0.145705       -0.031519
     H    4        0.200909       -0.031519       -0.088921

     C    5       -0.313340        0.025962       -0.067434
     C    5        0.025962        0.055149       -0.069383
     C    5       -0.067434       -0.069383        0.258191

     H    6       -0.333870        0.078419       -0.094380
     H    6        0.078419        0.221211        0.243821
     H    6       -0.094380        0.243821        0.112659

     H    7       -0.074417        0.075255        0.008188
     H    7        0.075255       -0.041714       -0.392184
     H    7        0.008188       -0.392184        0.116131

     C    8        0.074148       -0.114505       -0.079618
     C    8       -0.114505        0.035377        0.406386
     C    8       -0.079618        0.406386       -0.109524

     H    9        0.388412        0.120930        0.360990
     H    9        0.120930       -0.501870       -0.231601
     H    9        0.360990       -0.231601        0.113458

     C   10       -0.528683       -0.394759       -0.222256
     C   10       -0.394759        0.704523       -0.128460
     C   10       -0.222256       -0.128460       -0.175840

     C   11        0.232323       -0.310699        0.175711
     C   11       -0.310699        0.225168        0.171735
     C   11        0.175711        0.171735       -0.457490

     Cl  12        1.483544        0.426151        0.525420
     Cl  12        0.426151        0.915709       -0.772900
     Cl  12        0.525420       -0.772900       -2.399253

     H   13       -0.270313        0.232095       -0.158595
     H   13        0.232095        0.195801        0.513291
     H   13       -0.158595        0.513291        0.074513

     C   14        0.105190       -0.731390       -0.114611
     C   14       -0.731390        0.217284       -0.486417
     C   14       -0.114611       -0.486417       -0.322474

     H   15        0.564086        0.054204        0.267882
     H   15        0.054204       -0.664026        0.174813
     H   15        0.267882        0.174813        0.099941

     C   16       -0.558461       -0.065482        0.027470
     C   16       -0.065482        0.707075        0.089401
     C   16        0.027470        0.089401       -0.148614

     C   17        0.160086       -0.269702       -0.004662
     C   17       -0.269702        0.208285        0.007503
     C   17       -0.004662        0.007503       -0.368371

     Cl  18       -1.033142       -0.309746        0.280562
     Cl  18       -0.309746        1.791793        2.155795
     Cl  18        0.280562        2.155795       -0.758651

     H   19       -0.298047        0.020460        0.198131
     H   19        0.020460        0.338790       -0.253005
     H   19        0.198131       -0.253005       -0.040743

     C   20       -0.130132       -0.291286       -0.306436
     C   20       -0.291286        0.251758       -0.028652
     C   20       -0.306436       -0.028652       -0.121626

     H   21        0.208772       -0.125170        0.132286
     H   21       -0.125170       -0.099953       -0.127006
     H   21        0.132286       -0.127006       -0.108819

     C   22        0.270941       -0.373058        0.082491
     C   22       -0.373058       -0.351483        0.188305
     C   22        0.082491        0.188305        0.080543

     C   23       -0.106724        0.040335       -0.197875
     C   23        0.040335        0.264628       -0.030109
     C   23       -0.197875       -0.030109       -0.157904

     Cl  24        1.605331        2.627537       -0.173338
     Cl  24        2.627537        0.154500        0.063745
     Cl  24       -0.173338        0.063745       -1.759831


     NQR/NMR SPECTROSCOPIC PARAMETERS:
     Cl   1    Vxx=   -0.2261    axis=(  0.099208 -0.762510 -0.639325)
     Cl   1    Vyy=   -2.9478    axis=(  0.437745  0.610429 -0.660118)
     Cl   1    Vzz=    3.1740    axis=(  0.893609 -0.214372  0.394345)
     Cl   1  Q=        -8.1650 1e-30 m^2  Cq=       -60.8909 MHz  eta= 0.85750

     C    2    Vxx=    0.0158    axis=(  0.647416  0.524458 -0.552989)
     C    2    Vyy=    0.4686    axis=(  0.703326 -0.131646  0.698571)
     C    2    Vzz=   -0.4844    axis=(  0.293572 -0.841197 -0.454095)
     C    2  Q=         1.0000 1e-30 m^2  Cq=        -1.1381 MHz  eta= 0.93473

     C    3    Vxx=   -0.0202    axis=(  0.081085  0.821263  0.564758)
     C    3    Vyy=   -0.3052    axis=( -0.953079  0.229696 -0.197182)
     C    3    Vzz=    0.3254    axis=( -0.291661 -0.522270  0.801353)
     C    3  Q=         1.0000 1e-30 m^2  Cq=         0.7646 MHz  eta= 0.87581

     H    4    Vxx=   -0.0972    axis=(  0.144040  0.747994 -0.647887)
     H    4    Vyy=   -0.2489    axis=( -0.414569  0.640103  0.646839)
     H    4    Vzz=    0.3461    axis=( -0.898546 -0.175423 -0.402296)
     H    4  Q=         1.0000 1e-30 m^2  Cq=         0.8131 MHz  eta= 0.43828

     C    5    Vxx=    0.0338    axis=(  0.013282  0.954166  0.298982)
     C    5    Vyy=    0.2883    axis=( -0.119000 -0.295375  0.947941)
     C    5    Vzz=   -0.3220    axis=(  0.992805 -0.048169  0.109623)
     C    5  Q=         1.0000 1e-30 m^2  Cq=        -0.7567 MHz  eta= 0.79028

     H    6    Vxx=   -0.0329    axis=( -0.377421 -0.577917  0.723578)
     H    6    Vyy=   -0.3839    axis=( -0.926037  0.238039 -0.292904)
     H    6    Vzz=    0.4167    axis=( -0.002965 -0.780609 -0.625013)
     H    6  Q=         1.0000 1e-30 m^2  Cq=         0.9792 MHz  eta= 0.84234

     H    7    Vxx=   -0.0644    axis=(  0.975005  0.109359  0.193404)
     H    7    Vyy=   -0.3763    axis=( -0.206972  0.763586  0.611637)
     H    7    Vzz=    0.4406    axis=( -0.080792 -0.636379  0.767134)
     H    7  Q=         1.0000 1e-30 m^2  Cq=         1.0352 MHz  eta= 0.70789

     C    8    Vxx=    0.0202    axis=(  0.931144  0.263046  0.252543)
     C    8    Vyy=    0.4300    axis=( -0.363800  0.717421  0.594101)
     C    8    Vzz=   -0.4502    axis=( -0.024904 -0.645068  0.763719)
     C    8  Q=         1.0000 1e-30 m^2  Cq=        -1.0577 MHz  eta= 0.91023

     H    9    Vxx=   -0.0014    axis=( -0.522923 -0.458796  0.718372)
     H    9    Vyy=   -0.6368    axis=(  0.242339 -0.888027 -0.390743)
     H    9    Vzz=    0.6382    axis=(  0.817205 -0.030239  0.575554)
     H    9  Q=         1.0000 1e-30 m^2  Cq=         1.4995 MHz  eta= 0.99560

     C   10    Vxx=   -0.0714    axis=( -0.399915 -0.051962  0.915078)
     C   10    Vyy=   -0.7525    axis=(  0.875888  0.272418  0.398257)
     C   10    Vzz=    0.8239    axis=( -0.269978  0.960775 -0.063431)
     C   10  Q=         1.0000 1e-30 m^2  Cq=         1.9359 MHz  eta= 0.82665

     C   11    Vxx=    0.0395    axis=(  0.627566  0.640160  0.443121)
     C   11    Vyy=    0.5395    axis=( -0.712462  0.701695 -0.004696)
     C   11    Vzz=   -0.5789    axis=( -0.313942 -0.312760  0.896449)
     C   11  Q=         1.0000 1e-30 m^2  Cq=        -1.3603 MHz  eta= 0.86369

     Cl  12    Vxx=    0.9449    axis=( -0.424437  0.865296 -0.266675)
     Cl  12    Vyy=    1.7147    axis=(  0.893712  0.447635  0.030044)
     Cl  12    Vzz=   -2.6595    axis=( -0.145370  0.225579  0.963318)
     Cl  12  Q=        -8.1650 1e-30 m^2  Cq=        51.0217 MHz  eta= 0.28944

     H   13    Vxx=   -0.0516    axis=( -0.768795 -0.366319  0.524181)
     H   13    Vyy=   -0.6058    axis=( -0.634561  0.538619 -0.554276)
     H   13    Vzz=    0.6574    axis=( -0.079293 -0.758749 -0.646539)
     H   13  Q=         1.0000 1e-30 m^2  Cq=         1.5447 MHz  eta= 0.84306

     C   14    Vxx=   -0.0648    axis=(  0.602082  0.258331 -0.755488)
     C   14    Vyy=   -0.8964    axis=(  0.510485  0.603003  0.613019)
     C   14    Vzz=    0.9612    axis=( -0.613924  0.754753 -0.231183)
     C   14  Q=         1.0000 1e-30 m^2  Cq=         2.2584 MHz  eta= 0.86515

     H   15    Vxx=    0.0046    axis=( -0.438856  0.193830  0.877403)
     H   15    Vyy=    0.6976    axis=( -0.898551 -0.090894 -0.429354)
     H   15    Vzz=   -0.7021    axis=( -0.003471 -0.976815  0.214055)
     H   15  Q=         1.0000 1e-30 m^2  Cq=        -1.6498 MHz  eta= 0.98698

     C   16    Vxx=   -0.1550    axis=(  0.083202 -0.096538  0.991846)
     C   16    Vyy=   -0.5643    axis=(  0.995339  0.056746 -0.077972)
     C   16    Vzz=    0.7194    axis=( -0.048756  0.993710  0.100809)
     C   16  Q=         1.0000 1e-30 m^2  Cq=         1.6902 MHz  eta= 0.56903

     C   17    Vxx=   -0.0866    axis=(  0.737953  0.674827  0.005761)
     C   17    Vyy=   -0.3685    axis=( -0.002865  0.011669 -0.999928)
     C   17    Vzz=    0.4551    axis=( -0.674846  0.737884  0.010544)
     C   17  Q=         1.0000 1e-30 m^2  Cq=         1.0692 MHz  eta= 0.61947

     Cl  18    Vxx=   -0.8934    axis=(  0.939593 -0.141753  0.311563)
     Cl  18    Vyy=   -2.1321    axis=( -0.340769 -0.473215  0.812369)
     Cl  18    Vzz=    3.0255    axis=( -0.032280  0.869467  0.492934)
     Cl  18  Q=        -8.1650 1e-30 m^2  Cq=       -58.0426 MHz  eta= 0.40943

     H   19    Vxx=   -0.0384    axis=(  0.566993  0.437454  0.697964)
     H   19    Vyy=   -0.4338    axis=(  0.817909 -0.198497 -0.540022)
     H   19    Vzz=    0.4722    axis=(  0.097691 -0.877059  0.470344)
     H   19  Q=         1.0000 1e-30 m^2  Cq=         1.1095 MHz  eta= 0.83751

     C   20    Vxx=    0.0643    axis=( -0.407615 -0.518583  0.751613)
     C   20    Vyy=    0.4411    axis=(  0.544515 -0.798784 -0.255827)
     C   20    Vzz=   -0.5055    axis=(  0.733044  0.304986  0.607973)
     C   20  Q=         1.0000 1e-30 m^2  Cq=        -1.1877 MHz  eta= 0.74547

     H   21    Vxx=   -0.0885    axis=( -0.521200 -0.634307  0.570968)
     H   21    Vyy=   -0.2317    axis=(  0.026431 -0.680700 -0.732085)
     H   21    Vzz=    0.3202    axis=(  0.853025 -0.366472  0.371546)
     H   21  Q=         1.0000 1e-30 m^2  Cq=         0.7523 MHz  eta= 0.44729

     C   22    Vxx=    0.1435    axis=(  0.139024  0.258841  0.955863)
     C   22    Vyy=    0.4456    axis=( -0.904155  0.426909  0.015900)
     C   22    Vzz=   -0.5892    axis=( -0.403951 -0.866459  0.293383)
     C   22  Q=         1.0000 1e-30 m^2  Cq=        -1.3843 MHz  eta= 0.51276

     C   23    Vxx=    0.0552    axis=(  0.728828 -0.232927 -0.643860)
     C   23    Vyy=    0.2767    axis=(  0.179192  0.972470 -0.148968)
     C   23    Vzz=   -0.3319    axis=(  0.660833 -0.006803  0.750502)
     C   23  Q=         1.0000 1e-30 m^2  Cq=        -0.7797 MHz  eta= 0.66739

     Cl  24    Vxx=   -1.6425    axis=(  0.356217 -0.492688 -0.793957)
     Cl  24    Vyy=   -1.9651    axis=(  0.489647 -0.625265  0.607692)
     Cl  24    Vzz=    3.6076    axis=( -0.795836 -0.605229  0.018513)
     Cl  24  Q=        -8.1650 1e-30 m^2  Cq=       -69.2098 MHz  eta= 0.08942

     Initialization:
     gipaw_setup  :      9.46s CPU     11.23s WALL (       1 calls)

     Linear response

     Apply operators

     Induced current

     Other routines
     efg          :      9.12s CPU     11.62s WALL (       1 calls)

     General routines
     calbec       :      3.20s CPU      4.18s WALL (      16 calls)
     fft          :      1.60s CPU      2.58s WALL (      15 calls)
     ffts         :      0.04s CPU      0.05s WALL (       2 calls)
     fftw         :      3.23s CPU      4.08s WALL (     672 calls)
     davcio       :      0.02s CPU      0.34s WALL (      32 calls)

     Parallel routines
     fft_scatter  :      2.19s CPU      3.90s WALL (     689 calls)

     Plugins

     GIPAW        :     67.16s CPU     80.68s WALL (       1 calls)
