
     Program QE v.6.0 (svn rev. 13079) starts on 20Jan2017 at  3:32:11 

     This program is part of the open-source Quantum ESPRESSO suite
     for quantum simulation of materials; please cite
         "P. Giannozzi et al., J. Phys.:Condens. Matter 21 395502 (2009);
          URL http://www.quantum-espresso.org", 
     in publications or presentations arising from this work. More details at
     http://www.quantum-espresso.org/quote

     Parallel version (MPI), running on     8 processors
     R & G space division:  proc/nbgrp/npool/nimage =       8

     ***** This is GIPAW svn revision unknown      *****

     Parallelizing q-star over 1 images

     Reading data from directory:
     /users/majewski/paradichlorobenzene/pbe/9_constraint/scratch/pbe.ecut100.np8.dt60.pcl2phi-129368.save
     Message from routine read_xml_file:
     file /users/majewski/paradichlorobenzene/pbe/9_constraint/scratch/pbe.ecut100.np8.dt60.pcl2phi-129368.save not guaranteed to be safe for post-processing

   Info: using nr1, nr2, nr3 values from input

   Info: using nr1, nr2, nr3 values from input

     IMPORTANT: XC functional enforced from input :
     Exchange-correlation      =  SLA  PW   PBX  PBC ( 1  4  3  4 0 0)
     Any further DFT definition will be discarded
     Please, verify this is what you really want

               file C.pbe-n-kjpaw_psl.1.0.0.UPF: wavefunction(s)  2S 2P renormalized
               file Cl.pbe-n-kjpaw_psl.1.0.0.UPF: wavefunction(s)  3S 3P renormalized
               file H.pbe-kjpaw_psl.1.0.0.UPF: wavefunction(s)  1S renormalized

     Parallelization info
     --------------------
     sticks:   dense  smooth     PW     G-vecs:    dense   smooth      PW
     Min        3057    1223    332               144436    36536    5170
     Max        3059    1225    333               144437    36537    5171
     Sum       24467    9791   2657              1155489   292295   41363


     Subspace diagonalization in iterative solution of the eigenvalue problem:
     a serial algorithm will be used

     GIPAW projectors -----------------------------------------------
     atom=  C    l=0  rc=    1.2000  rs=    0.8000
     atom=  C    l=0  rc=    1.2000  rs=    0.8000
     atom=  C    l=1  rc=    1.4000  rs=    0.9333
     atom=  C    l=1  rc=    1.4000  rs=    0.9333
     projs nearly linearly dependent: l=1  n1,n2= 1, 2  s=  0.99951561

     atom=  Cl   l=0  rc=    1.6000  rs=    1.0667
     atom=  Cl   l=0  rc=    1.6000  rs=    1.0667
     atom=  Cl   l=1  rc=    1.6000  rs=    1.0667
     atom=  Cl   l=1  rc=    1.6000  rs=    1.0667
     atom=  Cl   l=2  rc=    1.6000  rs=    1.0667
     atom=  Cl   l=2  rc=    1.6000  rs=    1.0667
     projs nearly linearly dependent: l=2  n1,n2= 1, 2  s=  0.99993509

     atom=  H    l=0  rc=    1.0000  rs=    0.6667
     atom=  H    l=0  rc=    1.0000  rs=    0.6667
     projs nearly linearly dependent: l=0  n1,n2= 1, 2  s=  0.99968852
     -----------------------------------------------------------------

     GIPAW integrals: -------------------------------------------
     Atom  i/j   nmr_para   nmr_dia   epr_rmc  epr_para   epr_dia
       C   1 1   0.83E+03  0.17E-01  0.93E+01  0.24E+08  0.24E+03
       C   2 1   0.86E+03 -0.61E-01  0.94E+01  0.25E+08  0.25E+03
       C   2 2   0.90E+03 -0.15E+00  0.97E+01  0.26E+08  0.26E+03
       C   3 3   0.33E+01  0.34E+00  0.18E+01  0.55E+03  0.21E+02
       C   4 3   0.35E+01  0.37E+00  0.20E+01  0.59E+03  0.22E+02
       C   4 4   0.38E+01  0.39E+00  0.22E+01  0.63E+03  0.24E+02
       Cl  1 1   0.14E+04 -0.47E+00  0.84E+01  0.32E+09  0.42E+03
       Cl  2 1   0.21E+04 -0.37E+00  0.12E+02  0.49E+09  0.65E+03
       Cl  2 2   0.33E+04 -0.16E+00  0.21E+02  0.76E+09  0.10E+04
       Cl  3 3   0.21E+02  0.79E-01  0.89E+01  0.23E+05  0.13E+03
       Cl  4 3   0.24E+02  0.67E-01  0.99E+01  0.27E+05  0.15E+03
       Cl  4 4   0.28E+02  0.44E-01  0.11E+02  0.32E+05  0.18E+03
       Cl  5 5   0.77E+00  0.19E+00  0.18E+01  0.12E+03  0.22E+02
       Cl  6 5   0.80E+00  0.19E+00  0.19E+01  0.12E+03  0.23E+02
       Cl  6 6   0.83E+00  0.20E+00  0.19E+01  0.12E+03  0.23E+02
       H   1 1   0.39E+02  0.19E+00  0.29E+00  0.78E+05  0.13E+02
       H   2 1   0.41E+02  0.21E+00  0.32E+00  0.82E+05  0.14E+02
       H   2 2   0.43E+02  0.22E+00  0.36E+00  0.86E+05  0.15E+02
     ------------------------------------------------------------

     alpha_pv=     34.2528 eV

     Number of occupied bands for each k-point:
     k-point:     1    nbnd_occ=  42
     k-point:     2    nbnd_occ=  42
     k-point:     3    nbnd_occ=  42
     k-point:     4    nbnd_occ=  42
     k-point:     5    nbnd_occ=  42
     k-point:     6    nbnd_occ=  42
     k-point:     7    nbnd_occ=  42
     k-point:     8    nbnd_occ=  42
     k-point:     9    nbnd_occ=  42
     k-point:    10    nbnd_occ=  42
     k-point:    11    nbnd_occ=  42
     k-point:    12    nbnd_occ=  42
     k-point:    13    nbnd_occ=  42
     k-point:    14    nbnd_occ=  42
     k-point:    15    nbnd_occ=  42
     k-point:    16    nbnd_occ=  42


     q-space interpolation up to   110.00 Rydberg

     GIPAW job: efg                                                                             


     ELECTRIC FIELD GRADIENTS TENSORS IN Hartree/bohrradius^2:

     ----- bare term -----
     Cl   1        0.141915        0.024787        0.024213
     Cl   1        0.024787       -0.189749       -0.101498
     Cl   1        0.024213       -0.101498        0.047834

     C    2       -0.659647        0.443664       -0.311877
     C    2        0.443664        0.296230       -0.172155
     C    2       -0.311877       -0.172155        0.363417

     C    3        0.323669        0.037707       -0.169047
     C    3        0.037707       -0.191303       -0.349874
     C    3       -0.169047       -0.349874       -0.132366

     H    4        0.021296        0.153918       -0.473145
     H    4        0.153918        0.008602        0.205058
     H    4       -0.473145        0.205058       -0.029898

     C    5       -0.438483        0.292997       -0.007476
     C    5        0.292997        0.207941       -0.040032
     C    5       -0.007476       -0.040032        0.230542

     H    6        0.519478        0.031693       -0.058739
     H    6        0.031693        0.051109       -0.139613
     H    6       -0.058739       -0.139613       -0.570588

     H    7        0.400970        0.087496       -0.003635
     H    7        0.087496       -0.716482       -0.039633
     H    7       -0.003635       -0.039633        0.315512

     C    8        0.140892        0.076337       -0.139801
     C    8        0.076337       -0.203613        0.201495
     C    8       -0.139801        0.201495        0.062721

     H    9       -0.157848        0.378933        0.042873
     H    9        0.378933       -0.149210       -0.143550
     H    9        0.042873       -0.143550        0.307058

     C   10       -0.308202       -0.061333        0.038737
     C   10       -0.061333       -0.077893       -0.125174
     C   10        0.038737       -0.125174        0.386095

     C   11        0.166367       -0.044988       -0.101139
     C   11       -0.044988       -0.081607        0.525704
     C   11       -0.101139        0.525704       -0.084760

     Cl  12        0.038353       -0.232404        0.060840
     Cl  12       -0.232404       -0.129498       -0.324833
     Cl  12        0.060840       -0.324833        0.091145

     H   13        0.482041       -0.050935       -0.046695
     H   13       -0.050935       -0.105017       -0.586148
     H   13       -0.046695       -0.586148       -0.377025

     C   14       -0.155322       -0.097707       -0.384585
     C   14       -0.097707       -0.111036       -0.375333
     C   14       -0.384585       -0.375333        0.266359

     H   15       -0.149339       -0.138060       -0.499774
     H   15       -0.138060        0.374180       -0.013436
     H   15       -0.499774       -0.013436       -0.224841

     C   16       -0.367796        0.363622       -0.330752
     C   16        0.363622       -0.087350       -0.217997
     C   16       -0.330752       -0.217997        0.455145

     C   17       -0.090432       -0.279260       -0.340886
     C   17       -0.279260        0.021019       -0.747774
     C   17       -0.340886       -0.747774        0.069413

     Cl  18       -0.220874        0.299641        0.003398
     Cl  18        0.299641        0.038070       -0.028608
     Cl  18        0.003398       -0.028608        0.182804

     H   19        0.132936        0.054441       -0.016026
     H   19        0.054441       -0.473216        0.585981
     H   19       -0.016026        0.585981        0.340280

     C   20       -0.917151       -0.360013       -0.442394
     C   20       -0.360013        0.440636        0.001779
     C   20       -0.442394        0.001779        0.476514

     H   21       -0.504486        0.178913        0.246466
     H   21        0.178913        0.348627        0.146145
     H   21        0.246466        0.146145        0.155858

     C   22        0.198734        0.007943       -0.040062
     C   22        0.007943       -0.513370        0.412951
     C   22       -0.040062        0.412951        0.314637

     C   23       -0.825227       -0.384027       -0.317687
     C   23       -0.384027        0.281797        0.006227
     C   23       -0.317687        0.006227        0.543429

     Cl  24       -0.016819       -0.003945        0.058200
     Cl  24       -0.003945       -0.033559       -0.031638
     Cl  24        0.058200       -0.031638        0.050378

     ----- ionic term -----
     Cl   1        0.110613       -0.228625       -0.028913
     Cl   1       -0.228625        0.023033        0.029702
     Cl   1       -0.028913        0.029702       -0.133647

     C    2        0.075325       -0.266410        0.241816
     C    2       -0.266410        0.025936        0.464665
     C    2        0.241816        0.464665       -0.101261

     C    3        0.061370       -0.242170        0.172851
     C    3       -0.242170        0.093964        0.445746
     C    3        0.172851        0.445746       -0.155334

     H    4        0.560155        0.256474        0.696200
     H    4        0.256474       -0.444641        0.223957
     H    4        0.696200        0.223957       -0.115514

     C    5        0.198112       -0.219458        0.284898
     C    5       -0.219458       -0.037599        0.316440
     C    5        0.284898        0.316440       -0.160513

     H    6       -0.548574        0.081141        0.066157
     H    6        0.081141        0.481291        0.812572
     H    6        0.066157        0.812572        0.067283

     H    7       -0.516714       -0.049479        0.003234
     H    7       -0.049479        0.803958       -0.618447
     H    7        0.003234       -0.618447       -0.287244

     C    8        0.387421        0.045087        0.060500
     C    8        0.045087        0.135668       -0.273330
     C    8        0.060500       -0.273330       -0.523089

     H    9        0.791418       -0.505969        0.339151
     H    9       -0.505969       -0.270672       -0.192819
     H    9        0.339151       -0.192819       -0.520746

     C   10        0.226093        0.131540        0.047146
     C   10        0.131540        0.240937       -0.348583
     C   10        0.047146       -0.348583       -0.467030

     C   11        0.255345        0.140731        0.047284
     C   11        0.140731        0.202974       -0.384369
     C   11        0.047284       -0.384369       -0.458319

     Cl  12        0.137316        0.194951       -0.048691
     Cl  12        0.194951        0.009977       -0.047912
     Cl  12       -0.048691       -0.047912       -0.147294

     H   13       -0.501699        0.110437        0.137978
     H   13        0.110437        0.370796        0.784882
     H   13        0.137978        0.784882        0.130903

     C   14        0.208576       -0.269970        0.310499
     C   14       -0.269970       -0.051069        0.289456
     C   14        0.310499        0.289456       -0.157507

     H   15        0.572050        0.038177        0.720291
     H   15        0.038177       -0.556166        0.127093
     H   15        0.720291        0.127093       -0.015885

     C   16        0.111586       -0.351497        0.181944
     C   16       -0.351497        0.021692        0.385454
     C   16        0.181944        0.385454       -0.133278

     C   17        0.233194       -0.231944        0.310025
     C   17       -0.231944       -0.131537        0.402363
     C   17        0.310025        0.402363       -0.101656

     Cl  18        0.184211       -0.195838        0.007218
     Cl  18       -0.195838       -0.038389        0.011502
     Cl  18        0.007218        0.011502       -0.145821

     H   19       -0.475380       -0.248979        0.099670
     H   19       -0.248979        0.730412       -0.619391
     H   19        0.099670       -0.619391       -0.255032

     C   20        0.363385        0.072874        0.042588
     C   20        0.072874        0.067844       -0.319935
     C   20        0.042588       -0.319935       -0.431228

     H   21        0.814488       -0.502309        0.350912
     H   21       -0.502309       -0.289519       -0.190740
     H   21        0.350912       -0.190740       -0.524970

     C   22        0.213138        0.098240       -0.002904
     C   22        0.098240        0.255073       -0.407686
     C   22       -0.002904       -0.407686       -0.468211

     C   23        0.284407        0.003434        0.091262
     C   23        0.003434        0.249819       -0.367881
     C   23        0.091262       -0.367881       -0.534225

     Cl  24        0.162063        0.233811       -0.009242
     Cl  24        0.233811       -0.001169       -0.009594
     Cl  24       -0.009242       -0.009594       -0.160893

     ----- GIPAW term -----
     Cl   1       -0.104058       -0.482030        0.417305
     Cl   1       -0.482030        1.427386        1.436938
     Cl   1        0.417305        1.436938       -1.323328

     C    2       -0.155912       -0.015013       -0.028597
     C    2       -0.015013        0.268371       -0.038956
     C    2       -0.028597       -0.038956       -0.112459

     C    3       -0.002602       -0.010434       -0.012990
     C    3       -0.010434        0.072014       -0.011184
     C    3       -0.012990       -0.011184       -0.069413

     H    4       -0.000000        0.000000        0.000000
     H    4        0.000000        0.000000        0.000000
     H    4        0.000000        0.000000        0.000000

     C    5       -0.073243       -0.020428        0.033648
     C    5       -0.020428        0.083362       -0.043846
     C    5        0.033648       -0.043846       -0.010119

     H    6       -0.000000        0.000000        0.000000
     H    6        0.000000        0.000000        0.000000
     H    6        0.000000        0.000000        0.000000

     H    7       -0.000000        0.000000        0.000000
     H    7        0.000000        0.000000        0.000000
     H    7        0.000000        0.000000        0.000000

     C    8       -0.001850        0.000157       -0.001262
     C    8        0.000157        0.077819        0.020649
     C    8       -0.001262        0.020649       -0.075969

     H    9       -0.000000        0.000000        0.000000
     H    9        0.000000        0.000000        0.000000
     H    9        0.000000        0.000000        0.000000

     C   10       -0.023752        0.018391        0.009967
     C   10        0.018391        0.015039       -0.019679
     C   10        0.009967       -0.019679        0.008713

     C   11       -0.005272       -0.025575       -0.012690
     C   11       -0.025575        0.139014        0.048474
     C   11       -0.012690        0.048474       -0.133743

     Cl  12       -0.593810       -0.055156       -0.288075
     Cl  12       -0.055156        0.395511        1.128196
     Cl  12       -0.288075        1.128196        0.198299

     H   13       -0.000000        0.000000        0.000000
     H   13        0.000000        0.000000        0.000000
     H   13        0.000000        0.000000        0.000000

     C   14       -0.064688       -0.124558       -0.112298
     C   14       -0.124558        0.058601        0.057526
     C   14       -0.112298        0.057526        0.006087

     H   15       -0.000000        0.000000        0.000000
     H   15        0.000000        0.000000        0.000000
     H   15        0.000000        0.000000        0.000000

     C   16       -0.059557       -0.040292       -0.143601
     C   16       -0.040292        0.006790        0.063268
     C   16       -0.143601        0.063268        0.052767

     C   17       -0.049328       -0.188176       -0.014939
     C   17       -0.188176        0.143494       -0.223582
     C   17       -0.014939       -0.223582       -0.094165

     Cl  18       -1.123133        0.185329       -0.278654
     Cl  18        0.185329        2.628206       -1.130862
     Cl  18       -0.278654       -1.130862       -1.505073

     H   19       -0.000000        0.000000        0.000000
     H   19        0.000000        0.000000        0.000000
     H   19        0.000000        0.000000        0.000000

     C   20       -0.212197        0.040109       -0.072010
     C   20        0.040109        0.240504       -0.153911
     C   20       -0.072010       -0.153911       -0.028307

     H   21       -0.000000        0.000000        0.000000
     H   21        0.000000        0.000000        0.000000
     H   21        0.000000        0.000000        0.000000

     C   22       -0.043131        0.044230       -0.016011
     C   22        0.044230       -0.032027       -0.110006
     C   22       -0.016011       -0.110006        0.075158

     C   23       -0.175145       -0.002401       -0.015478
     C   23       -0.002401        0.096127       -0.188048
     C   23       -0.015478       -0.188048        0.079018

     Cl  24       -0.461918        1.562313        0.115637
     Cl  24        1.562313       -0.111359       -1.992475
     Cl  24        0.115637       -1.992475        0.573277

     ----- total EFG -----
     Cl   1        0.148470       -0.685868        0.412605
     Cl   1       -0.685868        1.260670        1.365142
     Cl   1        0.412605        1.365142       -1.409140

     C    2       -0.740235        0.162241       -0.098658
     C    2        0.162241        0.590537        0.253554
     C    2       -0.098658        0.253554        0.149698

     C    3        0.382438       -0.214897       -0.009185
     C    3       -0.214897       -0.025325        0.084688
     C    3       -0.009185        0.084688       -0.357113

     H    4        0.581451        0.410392        0.223055
     H    4        0.410392       -0.436039        0.429015
     H    4        0.223055        0.429015       -0.145413

     C    5       -0.313614        0.053110        0.311069
     C    5        0.053110        0.253704        0.232562
     C    5        0.311069        0.232562        0.059910

     H    6       -0.029095        0.112834        0.007418
     H    6        0.112834        0.532400        0.672959
     H    6        0.007418        0.672959       -0.503305

     H    7       -0.115744        0.038017       -0.000401
     H    7        0.038017        0.087477       -0.658080
     H    7       -0.000401       -0.658080        0.028268

     C    8        0.526462        0.121581       -0.080563
     C    8        0.121581        0.009874       -0.051186
     C    8       -0.080563       -0.051186       -0.536337

     H    9        0.633570       -0.127037        0.382025
     H    9       -0.127037       -0.419882       -0.336369
     H    9        0.382025       -0.336369       -0.213688

     C   10       -0.105861        0.088598        0.095850
     C   10        0.088598        0.178083       -0.493436
     C   10        0.095850       -0.493436       -0.072222

     C   11        0.416441        0.070167       -0.066545
     C   11        0.070167        0.260380        0.189809
     C   11       -0.066545        0.189809       -0.676822

     Cl  12       -0.418141       -0.092610       -0.275926
     Cl  12       -0.092610        0.275990        0.755451
     Cl  12       -0.275926        0.755451        0.142151

     H   13       -0.019658        0.059502        0.091283
     H   13        0.059502        0.265780        0.198734
     H   13        0.091283        0.198734       -0.246122

     C   14       -0.011435       -0.492235       -0.186383
     C   14       -0.492235       -0.103504       -0.028351
     C   14       -0.186383       -0.028351        0.114939

     H   15        0.422711       -0.099882        0.220518
     H   15       -0.099882       -0.181986        0.113657
     H   15        0.220518        0.113657       -0.240726

     C   16       -0.315767       -0.028167       -0.292408
     C   16       -0.028167       -0.058868        0.230726
     C   16       -0.292408        0.230726        0.374635

     C   17        0.093433       -0.699381       -0.045800
     C   17       -0.699381        0.032975       -0.568994
     C   17       -0.045800       -0.568994       -0.126409

     Cl  18       -1.159797        0.289131       -0.268038
     Cl  18        0.289131        2.627887       -1.147968
     Cl  18       -0.268038       -1.147968       -1.468090

     H   19       -0.342444       -0.194538        0.083644
     H   19       -0.194538        0.257195       -0.033411
     H   19        0.083644       -0.033411        0.085248

     C   20       -0.765963       -0.247030       -0.471816
     C   20       -0.247030        0.748984       -0.472066
     C   20       -0.471816       -0.472066        0.016979

     H   21        0.310003       -0.323396        0.597378
     H   21       -0.323396        0.059109       -0.044595
     H   21        0.597378       -0.044595       -0.369111

     C   22        0.368741        0.150414       -0.058976
     C   22        0.150414       -0.290324       -0.104741
     C   22       -0.058976       -0.104741       -0.078417

     C   23       -0.715965       -0.382995       -0.241903
     C   23       -0.382995        0.627743       -0.549701
     C   23       -0.241903       -0.549701        0.088222

     Cl  24       -0.316674        1.792180        0.164595
     Cl  24        1.792180       -0.146087       -2.033707
     Cl  24        0.164595       -2.033707        0.462761

     ----- total EFG (symmetrized) -----
     Cl   1        0.148470       -0.685868        0.412605
     Cl   1       -0.685868        1.260670        1.365142
     Cl   1        0.412605        1.365142       -1.409140

     C    2       -0.740235        0.162241       -0.098658
     C    2        0.162241        0.590537        0.253554
     C    2       -0.098658        0.253554        0.149698

     C    3        0.382438       -0.214897       -0.009185
     C    3       -0.214897       -0.025325        0.084688
     C    3       -0.009185        0.084688       -0.357113

     H    4        0.581451        0.410392        0.223055
     H    4        0.410392       -0.436039        0.429015
     H    4        0.223055        0.429015       -0.145413

     C    5       -0.313614        0.053110        0.311069
     C    5        0.053110        0.253704        0.232562
     C    5        0.311069        0.232562        0.059910

     H    6       -0.029095        0.112834        0.007418
     H    6        0.112834        0.532400        0.672959
     H    6        0.007418        0.672959       -0.503305

     H    7       -0.115744        0.038017       -0.000401
     H    7        0.038017        0.087477       -0.658080
     H    7       -0.000401       -0.658080        0.028268

     C    8        0.526462        0.121581       -0.080563
     C    8        0.121581        0.009874       -0.051186
     C    8       -0.080563       -0.051186       -0.536337

     H    9        0.633570       -0.127037        0.382025
     H    9       -0.127037       -0.419882       -0.336369
     H    9        0.382025       -0.336369       -0.213688

     C   10       -0.105861        0.088598        0.095850
     C   10        0.088598        0.178083       -0.493436
     C   10        0.095850       -0.493436       -0.072222

     C   11        0.416441        0.070167       -0.066545
     C   11        0.070167        0.260380        0.189809
     C   11       -0.066545        0.189809       -0.676822

     Cl  12       -0.418141       -0.092610       -0.275926
     Cl  12       -0.092610        0.275990        0.755451
     Cl  12       -0.275926        0.755451        0.142151

     H   13       -0.019658        0.059502        0.091283
     H   13        0.059502        0.265780        0.198734
     H   13        0.091283        0.198734       -0.246122

     C   14       -0.011435       -0.492235       -0.186383
     C   14       -0.492235       -0.103504       -0.028351
     C   14       -0.186383       -0.028351        0.114939

     H   15        0.422711       -0.099882        0.220518
     H   15       -0.099882       -0.181986        0.113657
     H   15        0.220518        0.113657       -0.240726

     C   16       -0.315767       -0.028167       -0.292408
     C   16       -0.028167       -0.058868        0.230726
     C   16       -0.292408        0.230726        0.374635

     C   17        0.093433       -0.699381       -0.045800
     C   17       -0.699381        0.032975       -0.568994
     C   17       -0.045800       -0.568994       -0.126409

     Cl  18       -1.159797        0.289131       -0.268038
     Cl  18        0.289131        2.627887       -1.147968
     Cl  18       -0.268038       -1.147968       -1.468090

     H   19       -0.342444       -0.194538        0.083644
     H   19       -0.194538        0.257195       -0.033411
     H   19        0.083644       -0.033411        0.085248

     C   20       -0.765963       -0.247030       -0.471816
     C   20       -0.247030        0.748984       -0.472066
     C   20       -0.471816       -0.472066        0.016979

     H   21        0.310003       -0.323396        0.597378
     H   21       -0.323396        0.059109       -0.044595
     H   21        0.597378       -0.044595       -0.369111

     C   22        0.368741        0.150414       -0.058976
     C   22        0.150414       -0.290324       -0.104741
     C   22       -0.058976       -0.104741       -0.078417

     C   23       -0.715965       -0.382995       -0.241903
     C   23       -0.382995        0.627743       -0.549701
     C   23       -0.241903       -0.549701        0.088222

     Cl  24       -0.316674        1.792180        0.164595
     Cl  24        1.792180       -0.146087       -2.033707
     Cl  24        0.164595       -2.033707        0.462761


     NQR/NMR SPECTROSCOPIC PARAMETERS:
     Cl   1    Vxx=    0.2029    axis=(  0.924083  0.140449  0.355451)
     Cl   1    Vyy=    1.9654    axis=(  0.265737 -0.904546 -0.333436)
     Cl   1    Vzz=   -2.1683    axis=(  0.274691  0.402579 -0.873198)
     Cl   1  Q=        -8.1650 1e-30 m^2  Cq=        41.5982 MHz  eta= 0.81282

     C    2    Vxx=    0.0642    axis=( -0.187549 -0.378748  0.906298)
     C    2    Vyy=    0.7141    axis=(  0.075034  0.914450  0.397682)
     C    2    Vzz=   -0.7783    axis=( -0.979385  0.142588 -0.143085)
     C    2  Q=         1.0000 1e-30 m^2  Cq=        -1.8286 MHz  eta= 0.83514

     C    3    Vxx=   -0.0968    axis=(  0.398183  0.876352  0.271031)
     C    3    Vyy=   -0.3801    axis=( -0.064003 -0.268202  0.961234)
     C    3    Vzz=    0.4769    axis=(  0.915070 -0.400094 -0.050704)
     C    3  Q=         1.0000 1e-30 m^2  Cq=         1.1205 MHz  eta= 0.59416

     H    4    Vxx=   -0.0814    axis=( -0.495580  0.374544  0.783657)
     H    4    Vyy=   -0.7790    axis=( -0.170502  0.842739 -0.510607)
     H    4    Vzz=    0.8604    axis=(  0.851663  0.386661  0.353784)
     H    4  Q=         1.0000 1e-30 m^2  Cq=         2.0217 MHz  eta= 0.81073

     C    5    Vxx=    0.0205    axis=(  0.436515 -0.683159  0.585448)
     C    5    Vyy=    0.4761    axis=(  0.294620  0.723378  0.624438)
     C    5    Vzz=   -0.4966    axis=( -0.850090 -0.100092  0.517038)
     C    5  Q=         1.0000 1e-30 m^2  Cq=        -1.1667 MHz  eta= 0.91756

     H    6    Vxx=   -0.0389    axis=(  0.991923 -0.079274 -0.099021)
     H    6    Vyy=   -0.8369    axis=(  0.053802 -0.443996  0.894412)
     H    6    Vzz=    0.8758    axis=( -0.114869 -0.892515 -0.436144)
     H    6  Q=         1.0000 1e-30 m^2  Cq=         2.0577 MHz  eta= 0.91127

     H    7    Vxx=   -0.1153    axis=( -0.998018 -0.012830 -0.061608)
     H    7    Vyy=   -0.6023    axis=( -0.053390  0.690861  0.721013)
     H    7    Vzz=    0.7175    axis=( -0.033312 -0.722873  0.690177)
     H    7  Q=         1.0000 1e-30 m^2  Cq=         1.6859 MHz  eta= 0.67868

     C    8    Vxx=   -0.0154    axis=(  0.227091 -0.972000  0.060382)
     C    8    Vyy=   -0.5457    axis=( -0.065998 -0.077219 -0.994827)
     C    8    Vzz=    0.5610    axis=(  0.971635  0.221932 -0.081686)
     C    8  Q=         1.0000 1e-30 m^2  Cq=         1.3181 MHz  eta= 0.94527

     H    9    Vxx=   -0.1459    axis=( -0.425242 -0.616461  0.662681)
     H    9    Vyy=   -0.6826    axis=( -0.111481  0.762279  0.637576)
     H    9    Vzz=    0.8286    axis=(  0.898188 -0.197248  0.392876)
     H    9  Q=         1.0000 1e-30 m^2  Cq=         1.9468 MHz  eta= 0.64777

     C   10    Vxx=   -0.0630    axis=(  0.949255  0.179583  0.258194)
     C   10    Vyy=   -0.4991    axis=( -0.314047  0.585579  0.747309)
     C   10    Vzz=    0.5622    axis=( -0.016989 -0.790473  0.612262)
     C   10  Q=         1.0000 1e-30 m^2  Cq=         1.3209 MHz  eta= 0.77577

     C   11    Vxx=    0.2759    axis=( -0.357053  0.910987  0.206436)
     C   11    Vyy=    0.4434    axis=(  0.931506  0.363671  0.006285)
     C   11    Vzz=   -0.7193    axis=(  0.069349 -0.194541  0.978440)
     C   11  Q=         1.0000 1e-30 m^2  Cq=        -1.6900 MHz  eta= 0.23287

     Cl  12    Vxx=   -0.3612    axis=(  0.790907  0.512097 -0.334997)
     Cl  12    Vyy=   -0.6519    axis=( -0.585888  0.475673 -0.656103)
     Cl  12    Vzz=    1.0132    axis=(  0.176639 -0.715187 -0.676244)
     Cl  12  Q=        -8.1650 1e-30 m^2  Cq=       -19.4373 MHz  eta= 0.28693

     H   13    Vxx=   -0.0247    axis=(  0.948721 -0.286191  0.134247)
     H   13    Vyy=   -0.3293    axis=( -0.219123 -0.289291  0.931824)
     H   13    Vzz=    0.3540    axis=( -0.227844 -0.913458 -0.337168)
     H   13  Q=         1.0000 1e-30 m^2  Cq=         0.8317 MHz  eta= 0.86050

     C   14    Vxx=    0.1051    axis=( -0.105387  0.373869 -0.921475)
     C   14    Vyy=    0.4781    axis=(  0.729075 -0.601117 -0.327273)
     C   14    Vzz=   -0.5832    axis=(  0.676272  0.706314  0.209228)
     C   14  Q=         1.0000 1e-30 m^2  Cq=        -1.3703 MHz  eta= 0.63949

     H   15    Vxx=   -0.0981    axis=(  0.073226 -0.832067 -0.549820)
     H   15    Vyy=   -0.3973    axis=(  0.278941  0.546385 -0.789719)
     H   15    Vzz=    0.4953    axis=(  0.957512 -0.095539  0.272107)
     H   15  Q=         1.0000 1e-30 m^2  Cq=         1.1639 MHz  eta= 0.60394

     C   16    Vxx=   -0.1326    axis=(  0.275678  0.924910 -0.261806)
     C   16    Vyy=   -0.4318    axis=( -0.911227  0.164736 -0.377527)
     C   16    Vzz=    0.5644    axis=( -0.306050  0.342641  0.888218)
     C   16  Q=         1.0000 1e-30 m^2  Cq=         1.3261 MHz  eta= 0.53021

     C   17    Vxx=    0.0064    axis=(  0.628793  0.128437 -0.766892)
     C   17    Vyy=    0.9066    axis=( -0.594412  0.715230 -0.367587)
     C   17    Vzz=   -0.9131    axis=(  0.501293  0.686986  0.526076)
     C   17  Q=         1.0000 1e-30 m^2  Cq=        -2.1454 MHz  eta= 0.98590

     Cl  18    Vxx=   -1.1347    axis=(  0.956129 -0.150207 -0.251506)
     Cl  18    Vyy=   -1.8223    axis=(  0.280569  0.222616  0.933661)
     Cl  18    Vzz=    2.9571    axis=( -0.084253 -0.963265  0.254993)
     Cl  18  Q=        -8.1650 1e-30 m^2  Cq=       -56.7298 MHz  eta= 0.23254

     H   19    Vxx=    0.0822    axis=( -0.069826 -0.261482 -0.962679)
     H   19    Vyy=    0.3280    axis=( -0.297572  0.926559 -0.230087)
     H   19    Vzz=   -0.4102    axis=( -0.952142 -0.270400  0.142508)
     H   19  Q=         1.0000 1e-30 m^2  Cq=        -0.9638 MHz  eta= 0.59903

     C   20    Vxx=    0.1094    axis=(  0.519525 -0.368365 -0.770974)
     C   20    Vyy=    0.9804    axis=(  0.009415 -0.899777  0.436249)
     C   20    Vzz=   -1.0898    axis=( -0.854403 -0.233901 -0.463988)
     C   20  Q=         1.0000 1e-30 m^2  Cq=        -2.5606 MHz  eta= 0.79929

     H   21    Vxx=   -0.0472    axis=(  0.251056  0.906141  0.340409)
     H   21    Vyy=   -0.7377    axis=( -0.526766 -0.167142  0.833415)
     H   21    Vzz=    0.7850    axis=(  0.812089 -0.388550  0.435362)
     H   21  Q=         1.0000 1e-30 m^2  Cq=         1.8444 MHz  eta= 0.87963

     C   22    Vxx=   -0.0614    axis=(  0.225522 -0.278882  0.933469)
     C   22    Vyy=   -0.3533    axis=( -0.168201  0.932619  0.319265)
     C   22    Vzz=    0.4147    axis=( -0.959608 -0.229012  0.163418)
     C   22  Q=         1.0000 1e-30 m^2  Cq=         0.9743 MHz  eta= 0.70400

     C   23    Vxx=   -0.0261    axis=(  0.486073 -0.377797 -0.788037)
     C   23    Vyy=   -0.9688    axis=( -0.865096 -0.335814 -0.372609)
     C   23    Vzz=    0.9949    axis=( -0.123863  0.862843 -0.490061)
     C   23  Q=         1.0000 1e-30 m^2  Cq=         2.3377 MHz  eta= 0.94753

     Cl  24    Vxx=    0.1799    axis=( -0.753567 -0.150011 -0.640027)
     Cl  24    Vyy=    2.6521    axis=( -0.383124 -0.690944  0.613036)
     Cl  24    Vzz=   -2.8319    axis=( -0.534185  0.707173  0.463199)
     Cl  24  Q=        -8.1650 1e-30 m^2  Cq=        54.3295 MHz  eta= 0.87296

     Initialization:
     gipaw_setup  :      9.29s CPU     10.97s WALL (       1 calls)

     Linear response

     Apply operators

     Induced current

     Other routines
     efg          :      9.48s CPU     11.84s WALL (       1 calls)

     General routines
     calbec       :      3.36s CPU      4.56s WALL (      16 calls)
     fft          :      1.59s CPU      2.36s WALL (      15 calls)
     ffts         :      0.04s CPU      0.06s WALL (       2 calls)
     fftw         :      3.40s CPU      3.93s WALL (     672 calls)
     davcio       :      0.03s CPU      0.30s WALL (      32 calls)

     Parallel routines
     fft_scatter  :      2.20s CPU      3.38s WALL (     689 calls)

     Plugins

     GIPAW        :     61.63s CPU     70.97s WALL (       1 calls)
