
     Program QE v.6.0 (svn rev. 13079) starts on 21Jan2017 at 14:35:18 

     This program is part of the open-source Quantum ESPRESSO suite
     for quantum simulation of materials; please cite
         "P. Giannozzi et al., J. Phys.:Condens. Matter 21 395502 (2009);
          URL http://www.quantum-espresso.org", 
     in publications or presentations arising from this work. More details at
     http://www.quantum-espresso.org/quote

     Parallel version (MPI), running on     8 processors
     R & G space division:  proc/nbgrp/npool/nimage =       8

     ***** This is GIPAW svn revision unknown      *****

     Parallelizing q-star over 1 images

     Reading data from directory:
     /users/majewski/paradichlorobenzene/pbe/9_constraint/scratch/pbe.ecut100.np8.dt60.pcl2phi-129368.save
     Message from routine read_xml_file:
     file /users/majewski/paradichlorobenzene/pbe/9_constraint/scratch/pbe.ecut100.np8.dt60.pcl2phi-129368.save not guaranteed to be safe for post-processing

   Info: using nr1, nr2, nr3 values from input

   Info: using nr1, nr2, nr3 values from input

     IMPORTANT: XC functional enforced from input :
     Exchange-correlation      =  SLA  PW   PBX  PBC ( 1  4  3  4 0 0)
     Any further DFT definition will be discarded
     Please, verify this is what you really want

               file C.pbe-n-kjpaw_psl.1.0.0.UPF: wavefunction(s)  2S 2P renormalized
               file Cl.pbe-n-kjpaw_psl.1.0.0.UPF: wavefunction(s)  3S 3P renormalized
               file H.pbe-kjpaw_psl.1.0.0.UPF: wavefunction(s)  1S renormalized

     Parallelization info
     --------------------
     sticks:   dense  smooth     PW     G-vecs:    dense   smooth      PW
     Min        3057    1223    332               144436    36536    5170
     Max        3059    1225    333               144437    36537    5171
     Sum       24467    9791   2657              1155489   292295   41363


     Subspace diagonalization in iterative solution of the eigenvalue problem:
     a serial algorithm will be used

     GIPAW projectors -----------------------------------------------
     atom=  C    l=0  rc=    1.2000  rs=    0.8000
     atom=  C    l=0  rc=    1.2000  rs=    0.8000
     atom=  C    l=1  rc=    1.4000  rs=    0.9333
     atom=  C    l=1  rc=    1.4000  rs=    0.9333
     projs nearly linearly dependent: l=1  n1,n2= 1, 2  s=  0.99951561

     atom=  Cl   l=0  rc=    1.6000  rs=    1.0667
     atom=  Cl   l=0  rc=    1.6000  rs=    1.0667
     atom=  Cl   l=1  rc=    1.6000  rs=    1.0667
     atom=  Cl   l=1  rc=    1.6000  rs=    1.0667
     atom=  Cl   l=2  rc=    1.6000  rs=    1.0667
     atom=  Cl   l=2  rc=    1.6000  rs=    1.0667
     projs nearly linearly dependent: l=2  n1,n2= 1, 2  s=  0.99993509

     atom=  H    l=0  rc=    1.0000  rs=    0.6667
     atom=  H    l=0  rc=    1.0000  rs=    0.6667
     projs nearly linearly dependent: l=0  n1,n2= 1, 2  s=  0.99968852
     -----------------------------------------------------------------

     GIPAW integrals: -------------------------------------------
     Atom  i/j   nmr_para   nmr_dia   epr_rmc  epr_para   epr_dia
       C   1 1   0.83E+03  0.17E-01  0.93E+01  0.24E+08  0.24E+03
       C   2 1   0.86E+03 -0.61E-01  0.94E+01  0.25E+08  0.25E+03
       C   2 2   0.90E+03 -0.15E+00  0.97E+01  0.26E+08  0.26E+03
       C   3 3   0.33E+01  0.34E+00  0.18E+01  0.55E+03  0.21E+02
       C   4 3   0.35E+01  0.37E+00  0.20E+01  0.59E+03  0.22E+02
       C   4 4   0.38E+01  0.39E+00  0.22E+01  0.63E+03  0.24E+02
       Cl  1 1   0.14E+04 -0.47E+00  0.84E+01  0.32E+09  0.42E+03
       Cl  2 1   0.21E+04 -0.37E+00  0.12E+02  0.49E+09  0.65E+03
       Cl  2 2   0.33E+04 -0.16E+00  0.21E+02  0.76E+09  0.10E+04
       Cl  3 3   0.21E+02  0.79E-01  0.89E+01  0.23E+05  0.13E+03
       Cl  4 3   0.24E+02  0.67E-01  0.99E+01  0.27E+05  0.15E+03
       Cl  4 4   0.28E+02  0.44E-01  0.11E+02  0.32E+05  0.18E+03
       Cl  5 5   0.77E+00  0.19E+00  0.18E+01  0.12E+03  0.22E+02
       Cl  6 5   0.80E+00  0.19E+00  0.19E+01  0.12E+03  0.23E+02
       Cl  6 6   0.83E+00  0.20E+00  0.19E+01  0.12E+03  0.23E+02
       H   1 1   0.39E+02  0.19E+00  0.29E+00  0.78E+05  0.13E+02
       H   2 1   0.41E+02  0.21E+00  0.32E+00  0.82E+05  0.14E+02
       H   2 2   0.43E+02  0.22E+00  0.36E+00  0.86E+05  0.15E+02
     ------------------------------------------------------------

     alpha_pv=     34.0680 eV

     Number of occupied bands for each k-point:
     k-point:     1    nbnd_occ=  42
     k-point:     2    nbnd_occ=  42
     k-point:     3    nbnd_occ=  42
     k-point:     4    nbnd_occ=  42
     k-point:     5    nbnd_occ=  42
     k-point:     6    nbnd_occ=  42
     k-point:     7    nbnd_occ=  42
     k-point:     8    nbnd_occ=  42
     k-point:     9    nbnd_occ=  42
     k-point:    10    nbnd_occ=  42
     k-point:    11    nbnd_occ=  42
     k-point:    12    nbnd_occ=  42
     k-point:    13    nbnd_occ=  42
     k-point:    14    nbnd_occ=  42
     k-point:    15    nbnd_occ=  42
     k-point:    16    nbnd_occ=  42


     q-space interpolation up to   110.00 Rydberg

     GIPAW job: efg                                                                             


     ELECTRIC FIELD GRADIENTS TENSORS IN Hartree/bohrradius^2:

     ----- bare term -----
     Cl   1       -0.031759        0.011592        0.046355
     Cl   1        0.011592        0.038512        0.118432
     Cl   1        0.046355        0.118432       -0.006753

     C    2       -0.671792        0.433207       -0.398510
     C    2        0.433207        0.165099       -0.087607
     C    2       -0.398510       -0.087607        0.506693

     C    3        0.302170        0.135092       -0.061830
     C    3        0.135092       -0.592639       -0.584279
     C    3       -0.061830       -0.584279        0.290469

     H    4       -0.525959       -0.094947        0.097810
     H    4       -0.094947        0.369350       -0.328247
     H    4        0.097810       -0.328247        0.156609

     C    5       -0.757336        0.388528       -0.422583
     C    5        0.388528        0.325152       -0.136541
     C    5       -0.422583       -0.136541        0.432185

     H    6        0.278644       -0.261363        0.174350
     H    6       -0.261363       -0.496190       -0.086224
     H    6        0.174350       -0.086224        0.217545

     H    7        0.446062       -0.003939        0.021173
     H    7       -0.003939       -0.439579        0.628864
     H    7        0.021173        0.628864       -0.006483

     C    8       -0.161199        0.050775       -0.303835
     C    8        0.050775        0.051159        0.475658
     C    8       -0.303835        0.475658        0.110040

     H    9       -0.295044        0.382004       -0.392667
     H    9        0.382004        0.012528        0.191312
     H    9       -0.392667        0.191312        0.282516

     C   10       -0.578986       -0.340564       -0.136861
     C   10       -0.340564        0.193547        0.368976
     C   10       -0.136861        0.368976        0.385439

     C   11       -0.061387        0.217353       -0.314064
     C   11        0.217353       -0.003260        0.656560
     C   11       -0.314064        0.656560        0.064647

     Cl  12       -0.258997       -0.211738        0.083474
     Cl  12       -0.211738       -0.003057        0.168120
     Cl  12        0.083474        0.168120        0.262054

     H   13        0.267188       -0.322903        0.031946
     H   13       -0.322903       -0.554978       -0.029460
     H   13        0.031946       -0.029460        0.287790

     C   14        0.184754       -0.022989        0.016586
     C   14       -0.022989       -0.331825       -0.296615
     C   14        0.016586       -0.296615        0.147070

     H   15       -0.188802       -0.496317       -0.109349
     H   15       -0.496317       -0.187034        0.006441
     H   15       -0.109349        0.006441        0.375835

     C   16       -0.542995        0.205468       -0.231181
     C   16        0.205468        0.100327       -0.020197
     C   16       -0.231181       -0.020197        0.442668

     C   17        0.187063        0.049677       -0.145916
     C   17        0.049677       -0.314205       -0.576431
     C   17       -0.145916       -0.576431        0.127141

     Cl  18       -0.196872        0.152154       -0.045075
     Cl  18        0.152154        0.080124        0.063175
     Cl  18       -0.045075        0.063175        0.116748

     H   19        0.516580       -0.024238       -0.025726
     H   19       -0.024238        0.070594        0.136119
     H   19       -0.025726        0.136119       -0.587173

     C   20       -0.270976       -0.253832        0.064998
     C   20       -0.253832        0.160472       -0.103499
     C   20        0.064998       -0.103499        0.110504

     H   21        0.148359       -0.033452       -0.347030
     H   21       -0.033452        0.157854       -0.239670
     H   21       -0.347030       -0.239670       -0.306213

     C   22        0.342886       -0.028274       -0.141712
     C   22       -0.028274       -0.175648        0.186865
     C   22       -0.141712        0.186865       -0.167239

     C   23       -0.566611       -0.399129       -0.292289
     C   23       -0.399129        0.226923        0.287583
     C   23       -0.292289        0.287583        0.339688

     Cl  24        0.030912       -0.064974       -0.038283
     Cl  24       -0.064974        0.028003        0.006721
     Cl  24       -0.038283        0.006721       -0.058914

     ----- ionic term -----
     Cl   1        0.199473       -0.208687        0.007635
     Cl   1       -0.208687       -0.036344        0.003001
     Cl   1        0.007635        0.003001       -0.163129

     C    2        0.339720       -0.058589        0.230616
     C    2       -0.058589        0.162106        0.337789
     C    2        0.230616        0.337789       -0.501826

     C    3        0.186394       -0.212041        0.149009
     C    3       -0.212041        0.345636        0.324598
     C    3        0.149009        0.324598       -0.532030

     H    4        0.739193        0.475961        0.461945
     H    4        0.475961       -0.260196        0.224664
     H    4        0.461945        0.224664       -0.478997

     C    5        0.340387       -0.164434        0.206310
     C    5       -0.164434        0.214454        0.223206
     C    5        0.206310        0.223206       -0.554840

     H    6       -0.471225        0.242054        0.092158
     H    6        0.242054        0.923708        0.440200
     H    6        0.092158        0.440200       -0.452483

     H    7       -0.528419       -0.047208        0.049185
     H    7       -0.047208        0.420001       -0.800886
     H    7        0.049185       -0.800886        0.108419

     C    8        0.231927        0.217646        0.222701
     C    8        0.217646       -0.039642       -0.337959
     C    8        0.222701       -0.337959       -0.192285

     H    9        0.601915       -0.201613        0.711336
     H    9       -0.201613       -0.505437       -0.203823
     H    9        0.711336       -0.203823       -0.096477

     C   10        0.147294        0.231900        0.173123
     C   10        0.231900        0.083985       -0.415416
     C   10        0.173123       -0.415416       -0.231279

     C   11        0.119997        0.206910        0.316746
     C   11        0.206910        0.054416       -0.394174
     C   11        0.316746       -0.394174       -0.174413

     Cl  12        0.103549        0.189887        0.009137
     Cl  12        0.189887        0.044231       -0.011924
     Cl  12        0.009137       -0.011924       -0.147780

     H   13       -0.481300        0.276456        0.087228
     H   13        0.276456        0.847120        0.499952
     H   13        0.087228        0.499952       -0.365819

     C   14        0.339354       -0.052914        0.221652
     C   14       -0.052914        0.157786        0.264557
     C   14        0.221652        0.264557       -0.497140

     H   15        0.743748        0.394752        0.535914
     H   15        0.394752       -0.360787        0.206848
     H   15        0.535914        0.206848       -0.382960

     C   16        0.162703       -0.122901        0.160586
     C   16       -0.122901        0.329694        0.338934
     C   16        0.160586        0.338934       -0.492397

     C   17        0.174350       -0.037683        0.198761
     C   17       -0.037683        0.317439        0.350643
     C   17        0.198761        0.350643       -0.491789

     Cl  18        0.074634       -0.162524       -0.011579
     Cl  18       -0.162524        0.068644        0.004718
     Cl  18       -0.011579        0.004718       -0.143278

     H   19       -0.531616       -0.049271        0.061227
     H   19       -0.049271        0.570852       -0.763171
     H   19        0.061227       -0.763171       -0.039236

     C   20        0.207414        0.252895        0.280755
     C   20        0.252895       -0.004899       -0.303397
     C   20        0.280755       -0.303397       -0.202515

     H   21        0.320756       -0.168858        0.800900
     H   21       -0.168858       -0.484769       -0.236316
     H   21        0.800900       -0.236316        0.164013

     C   22        0.023126        0.283091        0.190787
     C   22        0.283091        0.066540       -0.462942
     C   22        0.190787       -0.462942       -0.089667

     C   23        0.094856        0.259434        0.239862
     C   23        0.259434        0.041269       -0.471778
     C   23        0.239862       -0.471778       -0.136125

     Cl  24        0.113883        0.243864       -0.008594
     Cl  24        0.243864        0.030529       -0.015954
     Cl  24       -0.008594       -0.015954       -0.144412

     ----- GIPAW term -----
     Cl   1       -0.162156       -1.498651        0.253415
     Cl   1       -1.498651        1.308511        2.021227
     Cl   1        0.253415        2.021227       -1.146355

     C    2       -0.048543        0.068643        0.009573
     C    2        0.068643        0.049527        0.060580
     C    2        0.009573        0.060580       -0.000984

     C    3       -0.042489        0.001612        0.016425
     C    3        0.001612        0.026840        0.120064
     C    3        0.016425        0.120064        0.015649

     H    4       -0.000000        0.000000        0.000000
     H    4        0.000000        0.000000        0.000000
     H    4        0.000000        0.000000        0.000000

     C    5       -0.085436        0.004924       -0.044045
     C    5        0.004924        0.055376        0.063842
     C    5       -0.044045        0.063842        0.030060

     H    6       -0.000000        0.000000        0.000000
     H    6        0.000000        0.000000        0.000000
     H    6        0.000000        0.000000        0.000000

     H    7       -0.000000        0.000000        0.000000
     H    7        0.000000        0.000000        0.000000
     H    7        0.000000        0.000000        0.000000

     C    8       -0.111551        0.062213       -0.041600
     C    8        0.062213        0.248113        0.056447
     C    8       -0.041600        0.056447       -0.136562

     H    9       -0.000000        0.000000        0.000000
     H    9        0.000000        0.000000        0.000000
     H    9        0.000000        0.000000        0.000000

     C   10       -0.217276       -0.013787       -0.012646
     C   10       -0.013787        0.249701        0.154409
     C   10       -0.012646        0.154409       -0.032425

     C   11       -0.058547        0.112181       -0.020871
     C   11        0.112181        0.106098        0.196218
     C   11       -0.020871        0.196218       -0.047551

     Cl  12       -0.506830        1.559024        0.819330
     Cl  12        1.559024        0.059982        1.887354
     Cl  12        0.819330        1.887354        0.446849

     H   13       -0.000000        0.000000        0.000000
     H   13        0.000000        0.000000        0.000000
     H   13        0.000000        0.000000        0.000000

     C   14       -0.006448        0.008345        0.035526
     C   14        0.008345        0.065134        0.024111
     C   14        0.035526        0.024111       -0.058686

     H   15       -0.000000        0.000000        0.000000
     H   15        0.000000        0.000000        0.000000
     H   15        0.000000        0.000000        0.000000

     C   16       -0.089101        0.049283       -0.030021
     C   16        0.049283        0.110373        0.013540
     C   16       -0.030021        0.013540       -0.021271

     C   17       -0.053007       -0.008705        0.020421
     C   17       -0.008705        0.141885        0.116578
     C   17        0.020421        0.116578       -0.088878

     Cl  18        0.337127       -1.919313       -0.394438
     Cl  18       -1.919313        0.864513        0.603002
     Cl  18       -0.394438        0.603002       -1.201640

     H   19       -0.000000        0.000000        0.000000
     H   19        0.000000        0.000000        0.000000
     H   19        0.000000        0.000000        0.000000

     C   20       -0.018227        0.016102        0.031003
     C   20        0.016102        0.031781       -0.009499
     C   20        0.031003       -0.009499       -0.013554

     H   21       -0.000000        0.000000        0.000000
     H   21        0.000000        0.000000        0.000000
     H   21        0.000000        0.000000        0.000000

     C   22        0.016133        0.008638       -0.009351
     C   22        0.008638        0.027992       -0.007091
     C   22       -0.009351       -0.007091       -0.044125

     C   23       -0.152710        0.024137       -0.026946
     C   23        0.024137        0.242924        0.129399
     C   23       -0.026946        0.129399       -0.090214

     Cl  24        0.078162        0.282936       -0.290635
     Cl  24        0.282936        2.523013        0.523517
     Cl  24       -0.290635        0.523517       -2.601176

     ----- total EFG -----
     Cl   1        0.005557       -1.695745        0.307405
     Cl   1       -1.695745        1.310679        2.142661
     Cl   1        0.307405        2.142661       -1.316236

     C    2       -0.380615        0.443261       -0.158321
     C    2        0.443261        0.376732        0.310762
     C    2       -0.158321        0.310762        0.003883

     C    3        0.446075       -0.075337        0.103604
     C    3       -0.075337       -0.220163       -0.139616
     C    3        0.103604       -0.139616       -0.225912

     H    4        0.213234        0.381013        0.559755
     H    4        0.381013        0.109154       -0.103583
     H    4        0.559755       -0.103583       -0.322388

     C    5       -0.502385        0.229018       -0.260318
     C    5        0.229018        0.594981        0.150507
     C    5       -0.260318        0.150507       -0.092596

     H    6       -0.192581       -0.019309        0.266507
     H    6       -0.019309        0.427519        0.353976
     H    6        0.266507        0.353976       -0.234938

     H    7       -0.082357       -0.051147        0.070357
     H    7       -0.051147       -0.019578       -0.172022
     H    7        0.070357       -0.172022        0.101936

     C    8       -0.040823        0.330634       -0.122734
     C    8        0.330634        0.259630        0.194146
     C    8       -0.122734        0.194146       -0.218807

     H    9        0.306870        0.180391        0.318668
     H    9        0.180391       -0.492909       -0.012511
     H    9        0.318668       -0.012511        0.186039

     C   10       -0.648968       -0.122451        0.023615
     C   10       -0.122451        0.527233        0.107969
     C   10        0.023615        0.107969        0.121735

     C   11        0.000063        0.536444       -0.018188
     C   11        0.536444        0.157254        0.458603
     C   11       -0.018188        0.458603       -0.157317

     Cl  12       -0.662278        1.537172        0.911940
     Cl  12        1.537172        0.101155        2.043550
     Cl  12        0.911940        2.043550        0.561123

     H   13       -0.214112       -0.046448        0.119174
     H   13       -0.046448        0.292142        0.470492
     H   13        0.119174        0.470492       -0.078029

     C   14        0.517660       -0.067559        0.273764
     C   14       -0.067559       -0.108904       -0.007948
     C   14        0.273764       -0.007948       -0.408756

     H   15        0.554946       -0.101564        0.426565
     H   15       -0.101564       -0.547821        0.213289
     H   15        0.426565        0.213289       -0.007125

     C   16       -0.469393        0.131850       -0.100616
     C   16        0.131850        0.540394        0.332277
     C   16       -0.100616        0.332277       -0.071000

     C   17        0.308406        0.003290        0.073267
     C   17        0.003290        0.145119       -0.109209
     C   17        0.073267       -0.109209       -0.453525

     Cl  18        0.214889       -1.929683       -0.451092
     Cl  18       -1.929683        1.013281        0.670896
     Cl  18       -0.451092        0.670896       -1.228170

     H   19       -0.015036       -0.073509        0.035502
     H   19       -0.073509        0.641446       -0.627052
     H   19        0.035502       -0.627052       -0.626409

     C   20       -0.081790        0.015164        0.376756
     C   20        0.015164        0.187355       -0.416395
     C   20        0.376756       -0.416395       -0.105565

     H   21        0.469114       -0.202309        0.453870
     H   21       -0.202309       -0.326914       -0.475986
     H   21        0.453870       -0.475986       -0.142200

     C   22        0.382146        0.263456        0.039724
     C   22        0.263456       -0.081116       -0.283168
     C   22        0.039724       -0.283168       -0.301030

     C   23       -0.624465       -0.115558       -0.079373
     C   23       -0.115558        0.511116       -0.054796
     C   23       -0.079373       -0.054796        0.113349

     Cl  24        0.222957        0.461826       -0.337511
     Cl  24        0.461826        2.581545        0.514284
     Cl  24       -0.337511        0.514284       -2.804502

     ----- total EFG (symmetrized) -----
     Cl   1        0.005557       -1.695745        0.307405
     Cl   1       -1.695745        1.310679        2.142661
     Cl   1        0.307405        2.142661       -1.316236

     C    2       -0.380615        0.443261       -0.158321
     C    2        0.443261        0.376732        0.310762
     C    2       -0.158321        0.310762        0.003883

     C    3        0.446075       -0.075337        0.103604
     C    3       -0.075337       -0.220163       -0.139616
     C    3        0.103604       -0.139616       -0.225912

     H    4        0.213234        0.381013        0.559755
     H    4        0.381013        0.109154       -0.103583
     H    4        0.559755       -0.103583       -0.322388

     C    5       -0.502385        0.229018       -0.260318
     C    5        0.229018        0.594981        0.150507
     C    5       -0.260318        0.150507       -0.092596

     H    6       -0.192581       -0.019309        0.266507
     H    6       -0.019309        0.427519        0.353976
     H    6        0.266507        0.353976       -0.234938

     H    7       -0.082357       -0.051147        0.070357
     H    7       -0.051147       -0.019578       -0.172022
     H    7        0.070357       -0.172022        0.101936

     C    8       -0.040823        0.330634       -0.122734
     C    8        0.330634        0.259630        0.194146
     C    8       -0.122734        0.194146       -0.218807

     H    9        0.306870        0.180391        0.318668
     H    9        0.180391       -0.492909       -0.012511
     H    9        0.318668       -0.012511        0.186039

     C   10       -0.648968       -0.122451        0.023615
     C   10       -0.122451        0.527233        0.107969
     C   10        0.023615        0.107969        0.121735

     C   11        0.000063        0.536444       -0.018188
     C   11        0.536444        0.157254        0.458603
     C   11       -0.018188        0.458603       -0.157317

     Cl  12       -0.662278        1.537172        0.911940
     Cl  12        1.537172        0.101155        2.043550
     Cl  12        0.911940        2.043550        0.561123

     H   13       -0.214112       -0.046448        0.119174
     H   13       -0.046448        0.292142        0.470492
     H   13        0.119174        0.470492       -0.078029

     C   14        0.517660       -0.067559        0.273764
     C   14       -0.067559       -0.108904       -0.007948
     C   14        0.273764       -0.007948       -0.408756

     H   15        0.554946       -0.101564        0.426565
     H   15       -0.101564       -0.547821        0.213289
     H   15        0.426565        0.213289       -0.007125

     C   16       -0.469393        0.131850       -0.100616
     C   16        0.131850        0.540394        0.332277
     C   16       -0.100616        0.332277       -0.071000

     C   17        0.308406        0.003290        0.073267
     C   17        0.003290        0.145119       -0.109209
     C   17        0.073267       -0.109209       -0.453525

     Cl  18        0.214889       -1.929683       -0.451092
     Cl  18       -1.929683        1.013281        0.670896
     Cl  18       -0.451092        0.670896       -1.228170

     H   19       -0.015036       -0.073509        0.035502
     H   19       -0.073509        0.641446       -0.627052
     H   19        0.035502       -0.627052       -0.626409

     C   20       -0.081790        0.015164        0.376756
     C   20        0.015164        0.187355       -0.416395
     C   20        0.376756       -0.416395       -0.105565

     H   21        0.469114       -0.202309        0.453870
     H   21       -0.202309       -0.326914       -0.475986
     H   21        0.453870       -0.475986       -0.142200

     C   22        0.382146        0.263456        0.039724
     C   22        0.263456       -0.081116       -0.283168
     C   22        0.039724       -0.283168       -0.301030

     C   23       -0.624465       -0.115558       -0.079373
     C   23       -0.115558        0.511116       -0.054796
     C   23       -0.079373       -0.054796        0.113349

     Cl  24        0.222957        0.461826       -0.337511
     Cl  24        0.461826        2.581545        0.514284
     Cl  24       -0.337511        0.514284       -2.804502


     NQR/NMR SPECTROSCOPIC PARAMETERS:
     Cl   1    Vxx=   -0.1503    axis=(  0.826319  0.173091  0.535945)
     Cl   1    Vyy=   -2.9694    axis=(  0.380459  0.530095 -0.757793)
     Cl   1    Vzz=    3.1197    axis=( -0.415269  0.830084  0.372173)
     Cl   1  Q=        -8.1650 1e-30 m^2  Cq=       -59.8497 MHz  eta= 0.90366

     C    2    Vxx=    0.0383    axis=( -0.486567 -0.152603  0.860212)
     C    2    Vyy=    0.6594    axis=( -0.324425 -0.882659 -0.340091)
     C    2    Vzz=   -0.6977    axis=(  0.811173 -0.444551  0.379964)
     C    2  Q=         1.0000 1e-30 m^2  Cq=        -1.6393 MHz  eta= 0.89020

     C    3    Vxx=   -0.1119    axis=(  0.220084  0.709780 -0.669161)
     C    3    Vyy=   -0.3633    axis=( -0.028284  0.690335  0.722937)
     C    3    Vzz=    0.4752    axis=(  0.975071 -0.140181  0.172007)
     C    3  Q=         1.0000 1e-30 m^2  Cq=         1.1165 MHz  eta= 0.52904

     H    4    Vxx=    0.0760    axis=( -0.211948  0.831268 -0.513879)
     H    4    Vyy=    0.7006    axis=(  0.802593  0.448075  0.393793)
     H    4    Vzz=   -0.7766    axis=( -0.557604  0.328972  0.762139)
     H    4  Q=         1.0000 1e-30 m^2  Cq=        -1.8248 MHz  eta= 0.80418

     C    5    Vxx=    0.0319    axis=( -0.455416 -0.052328  0.888740)
     C    5    Vyy=    0.6545    axis=( -0.161767 -0.976789 -0.140406)
     C    5    Vzz=   -0.6865    axis=(  0.875459 -0.207712  0.436381)
     C    5  Q=         1.0000 1e-30 m^2  Cq=        -1.6130 MHz  eta= 0.90695

     H    6    Vxx=   -0.0287    axis=(  0.813214 -0.334900  0.475946)
     H    6    Vyy=   -0.5633    axis=(  0.569078  0.286463 -0.770772)
     H    6    Vzz=    0.5919    axis=(  0.121790  0.897653  0.423540)
     H    6  Q=         1.0000 1e-30 m^2  Cq=         1.3908 MHz  eta= 0.90319

     H    7    Vxx=   -0.1053    axis=( -0.966331 -0.122829  0.226093)
     H    7    Vyy=   -0.1413    axis=( -0.029470 -0.820086 -0.571481)
     H    7    Vzz=    0.2466    axis=(  0.255610 -0.558902  0.788855)
     H    7  Q=         1.0000 1e-30 m^2  Cq=         0.5794 MHz  eta= 0.14586

     C    8    Vxx=   -0.0370    axis=(  0.650620 -0.257653 -0.714359)
     C    8    Vyy=   -0.4500    axis=( -0.571474  0.453378 -0.684007)
     C    8    Vzz=    0.4870    axis=( -0.500111 -0.853266 -0.147735)
     C    8  Q=         1.0000 1e-30 m^2  Cq=         1.1443 MHz  eta= 0.84806

     H    9    Vxx=   -0.0452    axis=( -0.574639 -0.253276  0.778229)
     H    9    Vyy=   -0.5418    axis=( -0.251482  0.959547  0.126594)
     H    9    Vzz=    0.5870    axis=( -0.778811 -0.122965 -0.615088)
     H    9  Q=         1.0000 1e-30 m^2  Cq=         1.3793 MHz  eta= 0.84603

     C   10    Vxx=    0.0983    axis=(  0.067640 -0.225362  0.971924)
     C   10    Vyy=    0.5648    axis=( -0.093210  0.968467  0.231047)
     C   10    Vzz=   -0.6631    axis=( -0.993346 -0.106221  0.044501)
     C   10  Q=         1.0000 1e-30 m^2  Cq=        -1.5581 MHz  eta= 0.70339

     C   11    Vxx=   -0.0700    axis=( -0.672799  0.112607  0.731206)
     C   11    Vyy=   -0.6858    axis=( -0.514725  0.638680 -0.571968)
     C   11    Vzz=    0.7557    axis=(  0.531414  0.761189  0.371741)
     C   11  Q=         1.0000 1e-30 m^2  Cq=         1.7757 MHz  eta= 0.81487

     Cl  12    Vxx=   -1.0648    axis=( -0.723936 -0.201808  0.659690)
     Cl  12    Vyy=   -2.0948    axis=( -0.553190  0.741167 -0.380332)
     Cl  12    Vzz=    3.1596    axis=( -0.412186 -0.640270 -0.648195)
     Cl  12  Q=        -8.1650 1e-30 m^2  Cq=       -60.6151 MHz  eta= 0.32600

     H   13    Vxx=   -0.1521    axis=(  0.891824 -0.281656  0.354006)
     H   13    Vyy=   -0.4615    axis=( -0.451002 -0.492476  0.744355)
     H   13    Vzz=    0.6137    axis=(  0.035312  0.823491  0.566230)
     H   13  Q=         1.0000 1e-30 m^2  Cq=         1.4419 MHz  eta= 0.50416

     C   14    Vxx=   -0.1150    axis=(  0.084028  0.995138  0.051388)
     C   14    Vyy=   -0.4839    axis=(  0.265287  0.027368 -0.963781)
     C   14    Vzz=    0.5989    axis=( -0.960501  0.094617 -0.261698)
     C   14  Q=         1.0000 1e-30 m^2  Cq=         1.4072 MHz  eta= 0.61590

     H   15    Vxx=   -0.1098    axis=( -0.423025  0.474137  0.772168)
     H   15    Vyy=   -0.6750    axis=(  0.218647  0.880403 -0.420814)
     H   15    Vzz=    0.7848    axis=( -0.879343 -0.009183 -0.476101)
     H   15  Q=         1.0000 1e-30 m^2  Cq=         1.8441 MHz  eta= 0.72008

     C   16    Vxx=   -0.1520    axis=( -0.407342 -0.330914  0.851216)
     C   16    Vyy=   -0.5398    axis=( -0.910560  0.218986 -0.350609)
     C   16    Vzz=    0.6919    axis=( -0.070383 -0.917900 -0.390519)
     C   16  Q=         1.0000 1e-30 m^2  Cq=         1.6256 MHz  eta= 0.56054

     C   17    Vxx=    0.1638    axis=(  0.062091  0.984049 -0.166708)
     C   17    Vyy=    0.3157    axis=(  0.993829 -0.045576  0.101129)
     C   17    Vzz=   -0.4795    axis=( -0.091918  0.171959  0.980806)
     C   17  Q=         1.0000 1e-30 m^2  Cq=        -1.1267 MHz  eta= 0.31673

     Cl  18    Vxx=   -1.2994    axis=(  0.688211  0.398323  0.606387)
     Cl  18    Vyy=   -1.4483    axis=( -0.383139 -0.510216  0.769989)
     Cl  18    Vzz=    2.7477    axis=( -0.616093  0.762246  0.198523)
     Cl  18  Q=        -8.1650 1e-30 m^2  Cq=       -52.7132 MHz  eta= 0.05417

     H   19    Vxx=   -0.0222    axis=(  0.996096  0.083627 -0.028262)
     H   19    Vyy=   -0.8842    axis=( -0.005651  0.379918  0.925003)
     H   19    Vzz=    0.9064    axis=(  0.088093 -0.921232  0.378908)
     H   19  Q=         1.0000 1e-30 m^2  Cq=         2.1296 MHz  eta= 0.95098

     C   20    Vxx=    0.0457    axis=(  0.761709  0.604424  0.233388)
     C   20    Vyy=    0.5607    axis=(  0.354002 -0.689930  0.631411)
     C   20    Vzz=   -0.6063    axis=(  0.542662 -0.398332 -0.739493)
     C   20  Q=         1.0000 1e-30 m^2  Cq=        -1.4246 MHz  eta= 0.84932

     H   21    Vxx=   -0.1203    axis=(  0.606482  0.602193 -0.519176)
     H   21    Vyy=   -0.7375    axis=( -0.134618  0.721315  0.679399)
     H   21    Vzz=    0.8578    axis=(  0.783618 -0.342153  0.518531)
     H   21  Q=         1.0000 1e-30 m^2  Cq=         2.0154 MHz  eta= 0.71952

     C   22    Vxx=    0.0228    axis=( -0.414151  0.659442 -0.627387)
     C   22    Vyy=    0.5105    axis=( -0.886367 -0.448918  0.113254)
     C   22    Vzz=   -0.5333    axis=( -0.206961  0.602999  0.770428)
     C   22  Q=         1.0000 1e-30 m^2  Cq=        -1.2531 MHz  eta= 0.91439

     C   23    Vxx=    0.1175    axis=( -0.121482  0.101779  0.987362)
     C   23    Vyy=    0.5281    axis=( -0.091399  0.989356 -0.113230)
     C   23    Vzz=   -0.6455    axis=( -0.988377 -0.104000 -0.110886)
     C   23  Q=         1.0000 1e-30 m^2  Cq=        -1.5167 MHz  eta= 0.63606

     Cl  24    Vxx=    0.1950    axis=(  0.977583 -0.159574 -0.137360)
     Cl  24    Vyy=    2.7048    axis=(  0.171664  0.981809  0.081134)
     Cl  24    Vzz=   -2.8998    axis=(  0.121915 -0.102895  0.987193)
     Cl  24  Q=        -8.1650 1e-30 m^2  Cq=        55.6310 MHz  eta= 0.86551

     Initialization:
     gipaw_setup  :      8.96s CPU     10.94s WALL (       1 calls)

     Linear response

     Apply operators

     Induced current

     Other routines
     efg          :      9.28s CPU     11.44s WALL (       1 calls)

     General routines
     calbec       :      3.26s CPU      4.15s WALL (      16 calls)
     fft          :      1.79s CPU      3.02s WALL (      15 calls)
     ffts         :      0.05s CPU      0.05s WALL (       2 calls)
     fftw         :      3.24s CPU      3.92s WALL (     672 calls)
     davcio       :      0.04s CPU      0.33s WALL (      32 calls)

     Parallel routines
     fft_scatter  :      2.24s CPU      3.95s WALL (     689 calls)

     Plugins

     GIPAW        :     60.90s CPU     71.92s WALL (       1 calls)
