
     Program QE v.6.0 (svn rev. 13079) starts on 29Dec2016 at 18:54:24 

     This program is part of the open-source Quantum ESPRESSO suite
     for quantum simulation of materials; please cite
         "P. Giannozzi et al., J. Phys.:Condens. Matter 21 395502 (2009);
          URL http://www.quantum-espresso.org", 
     in publications or presentations arising from this work. More details at
     http://www.quantum-espresso.org/quote

     Parallel version (MPI), running on     8 processors
     R & G space division:  proc/nbgrp/npool/nimage =       8

     ***** This is GIPAW svn revision unknown      *****

     Parallelizing q-star over 1 images

     Reading data from directory:
     /users/majewski/paradichlorobenzene/pbe/9_constraint/scratch/pbe.ecut100.np8.dt60.pcl2phi-129368.save
     Message from routine read_xml_file:
     file /users/majewski/paradichlorobenzene/pbe/9_constraint/scratch/pbe.ecut100.np8.dt60.pcl2phi-129368.save not guaranteed to be safe for post-processing

   Info: using nr1, nr2, nr3 values from input

   Info: using nr1, nr2, nr3 values from input

     IMPORTANT: XC functional enforced from input :
     Exchange-correlation      =  SLA  PW   PBX  PBC ( 1  4  3  4 0 0)
     Any further DFT definition will be discarded
     Please, verify this is what you really want

               file C.pbe-n-kjpaw_psl.1.0.0.UPF: wavefunction(s)  2S 2P renormalized
               file Cl.pbe-n-kjpaw_psl.1.0.0.UPF: wavefunction(s)  3S 3P renormalized
               file H.pbe-kjpaw_psl.1.0.0.UPF: wavefunction(s)  1S renormalized

     Parallelization info
     --------------------
     sticks:   dense  smooth     PW     G-vecs:    dense   smooth      PW
     Min        3057    1223    332               144436    36536    5170
     Max        3059    1225    333               144437    36537    5171
     Sum       24467    9791   2657              1155489   292295   41363


     Subspace diagonalization in iterative solution of the eigenvalue problem:
     a serial algorithm will be used

     GIPAW projectors -----------------------------------------------
     atom=  C    l=0  rc=    1.2000  rs=    0.8000
     atom=  C    l=0  rc=    1.2000  rs=    0.8000
     atom=  C    l=1  rc=    1.4000  rs=    0.9333
     atom=  C    l=1  rc=    1.4000  rs=    0.9333
     projs nearly linearly dependent: l=1  n1,n2= 1, 2  s=  0.99951561

     atom=  Cl   l=0  rc=    1.6000  rs=    1.0667
     atom=  Cl   l=0  rc=    1.6000  rs=    1.0667
     atom=  Cl   l=1  rc=    1.6000  rs=    1.0667
     atom=  Cl   l=1  rc=    1.6000  rs=    1.0667
     atom=  Cl   l=2  rc=    1.6000  rs=    1.0667
     atom=  Cl   l=2  rc=    1.6000  rs=    1.0667
     projs nearly linearly dependent: l=2  n1,n2= 1, 2  s=  0.99993509

     atom=  H    l=0  rc=    1.0000  rs=    0.6667
     atom=  H    l=0  rc=    1.0000  rs=    0.6667
     projs nearly linearly dependent: l=0  n1,n2= 1, 2  s=  0.99968852
     -----------------------------------------------------------------

     GIPAW integrals: -------------------------------------------
     Atom  i/j   nmr_para   nmr_dia   epr_rmc  epr_para   epr_dia
       C   1 1   0.83E+03  0.17E-01  0.93E+01  0.24E+08  0.24E+03
       C   2 1   0.86E+03 -0.61E-01  0.94E+01  0.25E+08  0.25E+03
       C   2 2   0.90E+03 -0.15E+00  0.97E+01  0.26E+08  0.26E+03
       C   3 3   0.33E+01  0.34E+00  0.18E+01  0.55E+03  0.21E+02
       C   4 3   0.35E+01  0.37E+00  0.20E+01  0.59E+03  0.22E+02
       C   4 4   0.38E+01  0.39E+00  0.22E+01  0.63E+03  0.24E+02
       Cl  1 1   0.14E+04 -0.47E+00  0.84E+01  0.32E+09  0.42E+03
       Cl  2 1   0.21E+04 -0.37E+00  0.12E+02  0.49E+09  0.65E+03
       Cl  2 2   0.33E+04 -0.16E+00  0.21E+02  0.76E+09  0.10E+04
       Cl  3 3   0.21E+02  0.79E-01  0.89E+01  0.23E+05  0.13E+03
       Cl  4 3   0.24E+02  0.67E-01  0.99E+01  0.27E+05  0.15E+03
       Cl  4 4   0.28E+02  0.44E-01  0.11E+02  0.32E+05  0.18E+03
       Cl  5 5   0.77E+00  0.19E+00  0.18E+01  0.12E+03  0.22E+02
       Cl  6 5   0.80E+00  0.19E+00  0.19E+01  0.12E+03  0.23E+02
       Cl  6 6   0.83E+00  0.20E+00  0.19E+01  0.12E+03  0.23E+02
       H   1 1   0.39E+02  0.19E+00  0.29E+00  0.78E+05  0.13E+02
       H   2 1   0.41E+02  0.21E+00  0.32E+00  0.82E+05  0.14E+02
       H   2 2   0.43E+02  0.22E+00  0.36E+00  0.86E+05  0.15E+02
     ------------------------------------------------------------

     alpha_pv=     33.9602 eV

     Number of occupied bands for each k-point:
     k-point:     1    nbnd_occ=  42
     k-point:     2    nbnd_occ=  42
     k-point:     3    nbnd_occ=  42
     k-point:     4    nbnd_occ=  42
     k-point:     5    nbnd_occ=  42
     k-point:     6    nbnd_occ=  42
     k-point:     7    nbnd_occ=  42
     k-point:     8    nbnd_occ=  42
     k-point:     9    nbnd_occ=  42
     k-point:    10    nbnd_occ=  42
     k-point:    11    nbnd_occ=  42
     k-point:    12    nbnd_occ=  42
     k-point:    13    nbnd_occ=  42
     k-point:    14    nbnd_occ=  42
     k-point:    15    nbnd_occ=  42
     k-point:    16    nbnd_occ=  42


     q-space interpolation up to   110.00 Rydberg

     GIPAW job: efg                                                                             


     ELECTRIC FIELD GRADIENTS TENSORS IN Hartree/bohrradius^2:

     ----- bare term -----
     Cl   1       -0.208568        0.221668       -0.047707
     Cl   1        0.221668        0.121486       -0.163036
     Cl   1       -0.047707       -0.163036        0.087082

     C    2        0.009189        0.160982       -0.140921
     C    2        0.160982        0.011208       -0.617545
     C    2       -0.140921       -0.617545       -0.020397

     C    3       -0.366563        0.199912       -0.215759
     C    3        0.199912        0.105127       -0.113456
     C    3       -0.215759       -0.113456        0.261436

     H    4       -0.422724       -0.567199       -0.103914
     H    4       -0.567199        0.046075       -0.008495
     H    4       -0.103914       -0.008495        0.376648

     C    5        0.002878        0.189949       -0.045102
     C    5        0.189949       -0.136361       -0.350209
     C    5       -0.045102       -0.350209        0.133483

     H    6        0.295154       -0.416452        0.007814
     H    6       -0.416452       -0.662600       -0.134729
     H    6        0.007814       -0.134729        0.367446

     H    7        0.330489       -0.045035       -0.179216
     H    7       -0.045035       -0.473530        0.571510
     H    7       -0.179216        0.571510        0.143041

     C    8       -0.740287       -0.324940       -0.285474
     C    8       -0.324940        0.332694        0.107037
     C    8       -0.285474        0.107037        0.407594

     H    9       -0.119641       -0.157648       -0.554008
     H    9       -0.157648        0.092769       -0.163406
     H    9       -0.554008       -0.163406        0.026872

     C   10        0.124773        0.128393       -0.321135
     C   10        0.128393       -0.115853        0.613310
     C   10       -0.321135        0.613310       -0.008920

     C   11       -0.679684       -0.463081       -0.278490
     C   11       -0.463081        0.268814        0.150210
     C   11       -0.278490        0.150210        0.410870

     Cl  12        0.046124       -0.060422        0.007578
     Cl  12       -0.060422       -0.011511       -0.025940
     Cl  12        0.007578       -0.025940       -0.034613

     H   13        0.433085       -0.058448       -0.076994
     H   13       -0.058448       -0.596307       -0.610321
     H   13       -0.076994       -0.610321        0.163222

     C   14       -0.870830        0.417499       -0.417131
     C   14        0.417499        0.516081       -0.087144
     C   14       -0.417131       -0.087144        0.354749

     H   15       -0.426478        0.087682       -0.328610
     H   15        0.087682        0.106450       -0.416448
     H   15       -0.328610       -0.416448        0.320028

     C   16        0.128249        0.450100        0.037751
     C   16        0.450100       -0.313845       -0.543585
     C   16        0.037751       -0.543585        0.185596

     C   17       -0.479558        0.385971       -0.433466
     C   17        0.385971        0.232061       -0.082129
     C   17       -0.433466       -0.082129        0.247497

     Cl  18       -0.029407        0.129923       -0.076036
     Cl  18        0.129923        0.116195       -0.082965
     Cl  18       -0.076036       -0.082965       -0.086788

     H   19        0.253107       -0.218610        0.240912
     H   19       -0.218610       -0.236007        0.579106
     H   19        0.240912        0.579106       -0.017100

     C   20       -0.090512        0.327616       -0.468690
     C   20        0.327616       -0.033017        0.465090
     C   20       -0.468690        0.465090        0.123529

     H   21       -0.116669        0.127968       -0.336272
     H   21        0.127968        0.449982        0.297034
     H   21       -0.336272        0.297034       -0.333313

     C   22       -0.308403       -0.388327       -0.354375
     C   22       -0.388327       -0.076088        0.068281
     C   22       -0.354375        0.068281        0.384491

     C   23        0.049215        0.423484       -0.514411
     C   23        0.423484       -0.126288        0.649574
     C   23       -0.514411        0.649574        0.077073

     Cl  24       -0.282288       -0.233147       -0.096584
     Cl  24       -0.233147        0.046638       -0.136835
     Cl  24       -0.096584       -0.136835        0.235649

     ----- ionic term -----
     Cl   1        0.118409       -0.200302       -0.004556
     Cl   1       -0.200302        0.047789        0.011624
     Cl   1       -0.004556        0.011624       -0.166198

     C    2        0.278356       -0.128327        0.223997
     C    2       -0.128327        0.146487        0.370993
     C    2        0.223997        0.370993       -0.424843

     C    3        0.178036       -0.190085        0.179417
     C    3       -0.190085        0.167479        0.370186
     C    3        0.179417        0.370186       -0.345515

     H    4        0.652345        0.247338        0.657526
     H    4        0.247338       -0.465031        0.213912
     H    4        0.657526        0.213912       -0.187313

     C    5        0.310229       -0.124069        0.258647
     C    5       -0.124069        0.051169        0.308352
     C    5        0.258647        0.308352       -0.361397

     H    6       -0.516925        0.154947        0.088137
     H    6        0.154947        0.672060        0.686683
     H    6        0.088137        0.686683       -0.155135

     H    7       -0.534125       -0.072479        0.051026
     H    7       -0.072479        0.672188       -0.714641
     H    7        0.051026       -0.714641       -0.138062

     C    8        0.252813        0.159826        0.373180
     C    8        0.159826        0.038618       -0.294907
     C    8        0.373180       -0.294907       -0.291431

     H    9        0.410663       -0.308671        0.726307
     H    9       -0.308671       -0.391711       -0.286759
     H    9        0.726307       -0.286759       -0.018952

     C   10        0.058004        0.196765        0.255216
     C   10        0.196765        0.195527       -0.373272
     C   10        0.255216       -0.373272       -0.253531

     C   11        0.154647        0.221215        0.343718
     C   11        0.221215        0.078776       -0.404367
     C   11        0.343718       -0.404367       -0.233424

     Cl  12        0.139201        0.239042       -0.013481
     Cl  12        0.239042        0.015468       -0.013418
     Cl  12       -0.013481       -0.013418       -0.154670

     H   13       -0.491342        0.166634        0.064845
     H   13        0.166634        0.875993        0.528054
     H   13        0.064845        0.528054       -0.384651

     C   14        0.348069       -0.183326        0.199031
     C   14       -0.183326        0.158844        0.270791
     C   14        0.199031        0.270791       -0.506913

     H   15        0.796624        0.316230        0.514716
     H   15        0.316230       -0.367476        0.201632
     H   15        0.514716        0.201632       -0.429148

     C   16        0.192470       -0.283597        0.125648
     C   16       -0.283597        0.298274        0.362795
     C   16        0.125648        0.362795       -0.490743

     C   17        0.281861       -0.173811        0.278980
     C   17       -0.173811        0.150319        0.350210
     C   17        0.278980        0.350210       -0.432180

     Cl  18        0.183818       -0.233546        0.026011
     Cl  18       -0.233546       -0.018768       -0.003544
     Cl  18        0.026011       -0.003544       -0.165050

     H   19       -0.520329        0.017134        0.021883
     H   19        0.017134        0.442185       -0.784734
     H   19        0.021883       -0.784734        0.078143

     C   20        0.222211        0.269486        0.370847
     C   20        0.269486       -0.009822       -0.286058
     C   20        0.370847       -0.286058       -0.212389

     H   21        0.585474       -0.144870        0.762457
     H   21       -0.144870       -0.510909       -0.180702
     H   21        0.762457       -0.180702       -0.074565

     C   22        0.096868        0.299055        0.253366
     C   22        0.299055        0.133974       -0.373474
     C   22        0.253366       -0.373474       -0.230843

     C   23        0.199514        0.130849        0.377714
     C   23        0.130849        0.006611       -0.430173
     C   23        0.377714       -0.430173       -0.206125

     Cl  24        0.134016        0.175878        0.027194
     Cl  24        0.175878        0.000013        0.005134
     Cl  24        0.027194        0.005134       -0.134029

     ----- GIPAW term -----
     Cl   1       -0.386342       -0.581072       -0.605254
     Cl   1       -0.581072        1.441064       -1.800628
     Cl   1       -0.605254       -1.800628       -1.054721

     C    2       -0.015522        0.073894       -0.054556
     C    2        0.073894        0.157455       -0.153459
     C    2       -0.054556       -0.153459       -0.141934

     C    3       -0.057569        0.106625       -0.068859
     C    3        0.106625        0.105524       -0.047661
     C    3       -0.068859       -0.047661       -0.047955

     H    4       -0.000000        0.000000        0.000000
     H    4        0.000000        0.000000        0.000000
     H    4        0.000000        0.000000        0.000000

     C    5       -0.026351        0.120102        0.003384
     C    5        0.120102        0.133644       -0.080325
     C    5        0.003384       -0.080325       -0.107293

     H    6       -0.000000        0.000000        0.000000
     H    6        0.000000        0.000000        0.000000
     H    6        0.000000        0.000000        0.000000

     H    7       -0.000000        0.000000        0.000000
     H    7        0.000000        0.000000        0.000000
     H    7        0.000000        0.000000        0.000000

     C    8       -0.130403        0.139922       -0.034238
     C    8        0.139922        0.228573       -0.052527
     C    8       -0.034238       -0.052527       -0.098170

     H    9       -0.000000        0.000000        0.000000
     H    9        0.000000        0.000000        0.000000
     H    9        0.000000        0.000000        0.000000

     C   10       -0.054856        0.125179       -0.036932
     C   10        0.125179        0.173449        0.064118
     C   10       -0.036932        0.064118       -0.118593

     C   11       -0.142107        0.045486       -0.019311
     C   11        0.045486        0.242205        0.025008
     C   11       -0.019311        0.025008       -0.100098

     Cl  12       -0.141440        1.163074        0.029043
     Cl  12        1.163074        2.477863       -0.838996
     Cl  12        0.029043       -0.838996       -2.336424

     H   13       -0.000000        0.000000        0.000000
     H   13        0.000000        0.000000        0.000000
     H   13        0.000000        0.000000        0.000000

     C   14       -0.229285        0.122674       -0.034858
     C   14        0.122674        0.305434        0.071710
     C   14       -0.034858        0.071710       -0.076149

     H   15       -0.000000        0.000000        0.000000
     H   15        0.000000        0.000000        0.000000
     H   15        0.000000        0.000000        0.000000

     C   16       -0.052668        0.169002        0.073322
     C   16        0.169002        0.149995        0.067099
     C   16        0.073322        0.067099       -0.097328

     C   17       -0.055571        0.112568       -0.044510
     C   17        0.112568        0.168208        0.002850
     C   17       -0.044510        0.002850       -0.112637

     Cl  18        0.567239       -0.337203       -0.672999
     Cl  18       -0.337203        1.764150       -1.088975
     Cl  18       -0.672999       -1.088975       -2.331390

     H   19       -0.000000        0.000000        0.000000
     H   19        0.000000        0.000000        0.000000
     H   19        0.000000        0.000000        0.000000

     C   20       -0.002701        0.235888       -0.119998
     C   20        0.235888        0.102520       -0.003991
     C   20       -0.119998       -0.003991       -0.099819

     H   21       -0.000000        0.000000        0.000000
     H   21        0.000000        0.000000        0.000000
     H   21        0.000000        0.000000        0.000000

     C   22        0.037103        0.107746       -0.180424
     C   22        0.107746       -0.024221       -0.118792
     C   22       -0.180424       -0.118792       -0.012883

     C   23        0.067808        0.274656       -0.102896
     C   23        0.274656        0.067203        0.013190
     C   23       -0.102896        0.013190       -0.135011

     Cl  24       -0.378586        1.743912       -0.939146
     Cl  24        1.743912        0.750161       -1.587761
     Cl  24       -0.939146       -1.587761       -0.371575

     ----- total EFG -----
     Cl   1       -0.476502       -0.559706       -0.657517
     Cl   1       -0.559706        1.610339       -1.952039
     Cl   1       -0.657517       -1.952039       -1.133837

     C    2        0.272023        0.106549        0.028519
     C    2        0.106549        0.315151       -0.400010
     C    2        0.028519       -0.400010       -0.587173

     C    3       -0.246097        0.116452       -0.105201
     C    3        0.116452        0.378130        0.209070
     C    3       -0.105201        0.209070       -0.132034

     H    4        0.229621       -0.319861        0.553612
     H    4       -0.319861       -0.418956        0.205416
     H    4        0.553612        0.205416        0.189335

     C    5        0.286756        0.185982        0.216929
     C    5        0.185982        0.048451       -0.122183
     C    5        0.216929       -0.122183       -0.335207

     H    6       -0.221771       -0.261505        0.095951
     H    6       -0.261505        0.009460        0.551955
     H    6        0.095951        0.551955        0.212311

     H    7       -0.203637       -0.117514       -0.128189
     H    7       -0.117514        0.198658       -0.143130
     H    7       -0.128189       -0.143130        0.004979

     C    8       -0.617877       -0.025192        0.053469
     C    8       -0.025192        0.599884       -0.240397
     C    8        0.053469       -0.240397        0.017993

     H    9        0.291021       -0.466318        0.172299
     H    9       -0.466318       -0.298942       -0.450166
     H    9        0.172299       -0.450166        0.007920

     C   10        0.127921        0.450337       -0.102851
     C   10        0.450337        0.253123        0.304156
     C   10       -0.102851        0.304156       -0.381044

     C   11       -0.667144       -0.196380        0.045917
     C   11       -0.196380        0.589795       -0.229149
     C   11        0.045917       -0.229149        0.077348

     Cl  12        0.043886        1.341694        0.023140
     Cl  12        1.341694        2.481821       -0.878354
     Cl  12        0.023140       -0.878354       -2.525707

     H   13       -0.058257        0.108186       -0.012149
     H   13        0.108186        0.279685       -0.082267
     H   13       -0.012149       -0.082267       -0.221428

     C   14       -0.752046        0.356848       -0.252958
     C   14        0.356848        0.980360        0.255356
     C   14       -0.252958        0.255356       -0.228314

     H   15        0.370146        0.403911        0.186106
     H   15        0.403911       -0.261026       -0.214816
     H   15        0.186106       -0.214816       -0.109120

     C   16        0.268050        0.335505        0.236721
     C   16        0.335505        0.134424       -0.113690
     C   16        0.236721       -0.113690       -0.402475

     C   17       -0.253268        0.324728       -0.198996
     C   17        0.324728        0.550588        0.270931
     C   17       -0.198996        0.270931       -0.297320

     Cl  18        0.721651       -0.440826       -0.723024
     Cl  18       -0.440826        1.861577       -1.175483
     Cl  18       -0.723024       -1.175483       -2.583228

     H   19       -0.267222       -0.201476        0.262795
     H   19       -0.201476        0.206178       -0.205629
     H   19        0.262795       -0.205629        0.061043

     C   20        0.128998        0.832989       -0.217840
     C   20        0.832989        0.059681        0.175042
     C   20       -0.217840        0.175042       -0.188680

     H   21        0.468804       -0.016902        0.426185
     H   21       -0.016902       -0.060926        0.116332
     H   21        0.426185        0.116332       -0.407878

     C   22       -0.174431        0.018475       -0.281433
     C   22        0.018475        0.033666       -0.423985
     C   22       -0.281433       -0.423985        0.140765

     C   23        0.316538        0.828990       -0.239593
     C   23        0.828990       -0.052475        0.232590
     C   23       -0.239593        0.232590       -0.264064

     Cl  24       -0.526858        1.686642       -1.008536
     Cl  24        1.686642        0.796812       -1.719462
     Cl  24       -1.008536       -1.719462       -0.269955

     ----- total EFG (symmetrized) -----
     Cl   1       -0.476502       -0.559706       -0.657517
     Cl   1       -0.559706        1.610339       -1.952039
     Cl   1       -0.657517       -1.952039       -1.133837

     C    2        0.272023        0.106549        0.028519
     C    2        0.106549        0.315151       -0.400010
     C    2        0.028519       -0.400010       -0.587173

     C    3       -0.246097        0.116452       -0.105201
     C    3        0.116452        0.378130        0.209070
     C    3       -0.105201        0.209070       -0.132034

     H    4        0.229621       -0.319861        0.553612
     H    4       -0.319861       -0.418956        0.205416
     H    4        0.553612        0.205416        0.189335

     C    5        0.286756        0.185982        0.216929
     C    5        0.185982        0.048451       -0.122183
     C    5        0.216929       -0.122183       -0.335207

     H    6       -0.221771       -0.261505        0.095951
     H    6       -0.261505        0.009460        0.551955
     H    6        0.095951        0.551955        0.212311

     H    7       -0.203637       -0.117514       -0.128189
     H    7       -0.117514        0.198658       -0.143130
     H    7       -0.128189       -0.143130        0.004979

     C    8       -0.617877       -0.025192        0.053469
     C    8       -0.025192        0.599884       -0.240397
     C    8        0.053469       -0.240397        0.017993

     H    9        0.291021       -0.466318        0.172299
     H    9       -0.466318       -0.298942       -0.450166
     H    9        0.172299       -0.450166        0.007920

     C   10        0.127921        0.450337       -0.102851
     C   10        0.450337        0.253123        0.304156
     C   10       -0.102851        0.304156       -0.381044

     C   11       -0.667144       -0.196380        0.045917
     C   11       -0.196380        0.589795       -0.229149
     C   11        0.045917       -0.229149        0.077348

     Cl  12        0.043886        1.341694        0.023140
     Cl  12        1.341694        2.481821       -0.878354
     Cl  12        0.023140       -0.878354       -2.525707

     H   13       -0.058257        0.108186       -0.012149
     H   13        0.108186        0.279685       -0.082267
     H   13       -0.012149       -0.082267       -0.221428

     C   14       -0.752046        0.356848       -0.252958
     C   14        0.356848        0.980360        0.255356
     C   14       -0.252958        0.255356       -0.228314

     H   15        0.370146        0.403911        0.186106
     H   15        0.403911       -0.261026       -0.214816
     H   15        0.186106       -0.214816       -0.109120

     C   16        0.268050        0.335505        0.236721
     C   16        0.335505        0.134424       -0.113690
     C   16        0.236721       -0.113690       -0.402475

     C   17       -0.253268        0.324728       -0.198996
     C   17        0.324728        0.550588        0.270931
     C   17       -0.198996        0.270931       -0.297320

     Cl  18        0.721651       -0.440826       -0.723024
     Cl  18       -0.440826        1.861577       -1.175483
     Cl  18       -0.723024       -1.175483       -2.583228

     H   19       -0.267222       -0.201476        0.262795
     H   19       -0.201476        0.206178       -0.205629
     H   19        0.262795       -0.205629        0.061043

     C   20        0.128998        0.832989       -0.217840
     C   20        0.832989        0.059681        0.175042
     C   20       -0.217840        0.175042       -0.188680

     H   21        0.468804       -0.016902        0.426185
     H   21       -0.016902       -0.060926        0.116332
     H   21        0.426185        0.116332       -0.407878

     C   22       -0.174431        0.018475       -0.281433
     C   22        0.018475        0.033666       -0.423985
     C   22       -0.281433       -0.423985        0.140765

     C   23        0.316538        0.828990       -0.239593
     C   23        0.828990       -0.052475        0.232590
     C   23       -0.239593        0.232590       -0.264064

     Cl  24       -0.526858        1.686642       -1.008536
     Cl  24        1.686642        0.796812       -1.719462
     Cl  24       -1.008536       -1.719462       -0.269955


     NQR/NMR SPECTROSCOPIC PARAMETERS:
     Cl   1    Vxx=   -0.1378    axis=(  0.920502 -0.120375 -0.371734)
     Cl   1    Vyy=   -2.4991    axis=(  0.385269  0.438233  0.812108)
     Cl   1    Vzz=    2.6369    axis=(  0.065149 -0.890765  0.449771)
     Cl   1  Q=        -8.1650 1e-30 m^2  Cq=       -50.5878 MHz  eta= 0.89550

     C    2    Vxx=    0.2408    axis=(  0.928073 -0.321796  0.187425)
     C    2    Vyy=    0.5023    axis=(  0.366894  0.876324 -0.312161)
     C    2    Vzz=   -0.7431    axis=( -0.063793  0.358473  0.931358)
     C    2  Q=         1.0000 1e-30 m^2  Cq=        -1.7460 MHz  eta= 0.35179

     C    3    Vxx=   -0.0910    axis=( -0.639385 -0.174940  0.748721)
     C    3    Vyy=   -0.3699    axis=( -0.761156  0.281752 -0.584173)
     C    3    Vzz=    0.4610    axis=(  0.108758  0.943405  0.313304)
     C    3  Q=         1.0000 1e-30 m^2  Cq=         1.0831 MHz  eta= 0.60500

     H    4    Vxx=   -0.0144    axis=( -0.462556  0.663991  0.587502)
     H    4    Vyy=   -0.7563    axis=(  0.494295  0.743247 -0.450841)
     H    4    Vzz=    0.7707    axis=(  0.736013 -0.081860  0.672000)
     H    4  Q=         1.0000 1e-30 m^2  Cq=         1.8107 MHz  eta= 0.96269

     C    5    Vxx=    0.0492    axis=( -0.279126  0.858429 -0.430335)
     C    5    Vyy=    0.4150    axis=(  0.899261  0.390850  0.196382)
     C    5    Vzz=   -0.4642    axis=( -0.336777  0.332168  0.881048)
     C    5  Q=         1.0000 1e-30 m^2  Cq=        -1.0907 MHz  eta= 0.78790

     H    6    Vxx=   -0.0582    axis=(  0.826430 -0.357059  0.435342)
     H    6    Vyy=   -0.6242    axis=(  0.552129  0.665415 -0.502371)
     H    6    Vzz=    0.6825    axis=( -0.110307  0.655539  0.747061)
     H    6  Q=         1.0000 1e-30 m^2  Cq=         1.6036 MHz  eta= 0.82932

     H    7    Vxx=    0.0411    axis=(  0.551170 -0.297124 -0.779698)
     H    7    Vyy=    0.2794    axis=(  0.107878 -0.901231  0.419696)
     H    7    Vzz=   -0.3204    axis=( -0.827390 -0.315436 -0.464678)
     H    7  Q=         1.0000 1e-30 m^2  Cq=        -0.7529 MHz  eta= 0.74377

     C    8    Vxx=   -0.0653    axis=(  0.075095  0.341426  0.936904)
     C    8    Vyy=   -0.6224    axis=( -0.996661 -0.004507  0.081527)
     C    8    Vzz=    0.6877    axis=(  0.032059 -0.939898  0.339948)
     C    8  Q=         1.0000 1e-30 m^2  Cq=         1.6158 MHz  eta= 0.81001

     H    9    Vxx=   -0.0370    axis=(  0.634420  0.167478 -0.754627)
     H    9    Vyy=   -0.7135    axis=(  0.312004  0.837707  0.448220)
     H    9    Vzz=    0.7505    axis=( -0.707223  0.519806 -0.479204)
     H    9  Q=         1.0000 1e-30 m^2  Cq=         1.7634 MHz  eta= 0.90133

     C   10    Vxx=   -0.0535    axis=( -0.685900  0.413147  0.599041)
     C   10    Vyy=   -0.6187    axis=(  0.396414 -0.478199  0.783697)
     C   10    Vzz=    0.6722    axis=( -0.610243 -0.775006 -0.164220)
     C   10  Q=         1.0000 1e-30 m^2  Cq=         1.5793 MHz  eta= 0.84078

     C   11    Vxx=   -0.0091    axis=( -0.037912  0.346209  0.937391)
     C   11    Vyy=   -0.6973    axis=( -0.988840 -0.148249  0.014760)
     C   11    Vzz=    0.7064    axis=(  0.144077 -0.926370  0.347966)
     C   11  Q=         1.0000 1e-30 m^2  Cq=         1.6598 MHz  eta= 0.97412

     Cl  12    Vxx=   -0.4859    axis=(  0.916004 -0.364582  0.167383)
     Cl  12    Vyy=   -2.7008    axis=( -0.102010  0.191842  0.976110)
     Cl  12    Vzz=    3.1867    axis=( -0.387983 -0.911195  0.138537)
     Cl  12  Q=        -8.1650 1e-30 m^2  Cq=       -61.1343 MHz  eta= 0.69504

     H   13    Vxx=   -0.0890    axis=(  0.961223 -0.264967  0.076445)
     H   13    Vyy=   -0.2348    axis=(  0.033029 -0.164592 -0.985809)
     H   13    Vzz=    0.3238    axis=(  0.273789  0.950106 -0.149458)
     H   13  Q=         1.0000 1e-30 m^2  Cq=         0.7608 MHz  eta= 0.45000

     C   14    Vxx=   -0.1339    axis=( -0.414478 -0.075112  0.906954)
     C   14    Vyy=   -0.9492    axis=( -0.894496  0.217145 -0.390801)
     C   14    Vzz=    1.0830    axis=( -0.167587 -0.973245 -0.157189)
     C   14  Q=         1.0000 1e-30 m^2  Cq=         2.5447 MHz  eta= 0.75281

     H   15    Vxx=    0.0341    axis=(  0.105224 -0.487026  0.867026)
     H   15    Vyy=    0.5759    axis=( -0.905817 -0.406745 -0.118545)
     H   15    Vzz=   -0.6100    axis=(  0.410393 -0.772893 -0.483956)
     H   15  Q=         1.0000 1e-30 m^2  Cq=        -1.4333 MHz  eta= 0.88809

     C   16    Vxx=   -0.0057    axis=( -0.472129  0.731885 -0.491363)
     C   16    Vyy=   -0.5516    axis=( -0.384297  0.330761  0.861924)
     C   16    Vzz=    0.5573    axis=( -0.793353 -0.595769 -0.125099)
     C   16  Q=         1.0000 1e-30 m^2  Cq=         1.3095 MHz  eta= 0.97963

     C   17    Vxx=   -0.0786    axis=(  0.702366 -0.056970 -0.709533)
     C   17    Vyy=   -0.6253    axis=( -0.655516  0.336767 -0.675934)
     C   17    Vzz=    0.7039    axis=( -0.277455 -0.939863 -0.199189)
     C   17  Q=         1.0000 1e-30 m^2  Cq=         1.6538 MHz  eta= 0.77672

     Cl  18    Vxx=    0.8477    axis=(  0.960094  0.130876 -0.247168)
     Cl  18    Vyy=    2.2010    axis=(  0.184516 -0.960541  0.208122)
     Cl  18    Vzz=   -3.0486    axis=(  0.210177  0.245423  0.946358)
     Cl  18  Q=        -8.1650 1e-30 m^2  Cq=        58.4868 MHz  eta= 0.44389

     H   19    Vxx=   -0.0628    axis=(  0.212243  0.688818  0.693168)
     H   19    Vyy=   -0.4244    axis=(  0.894640  0.148416 -0.421417)
     H   19    Vzz=    0.4873    axis=(  0.393157 -0.709579  0.584744)
     H   19  Q=         1.0000 1e-30 m^2  Cq=         1.1449 MHz  eta= 0.74212

     C   20    Vxx=   -0.0745    axis=( -0.242243  0.300429  0.922530)
     C   20    Vyy=   -0.8548    axis=( -0.644632  0.660787 -0.384461)
     C   20    Vzz=    0.9293    axis=( -0.725099 -0.687825  0.033595)
     C   20  Q=         1.0000 1e-30 m^2  Cq=         2.1834 MHz  eta= 0.83971

     H   21    Vxx=   -0.0381    axis=(  0.114791 -0.977799 -0.175307)
     H   21    Vyy=   -0.6049    axis=( -0.363845 -0.205594  0.908487)
     H   21    Vzz=    0.6430    axis=( -0.924359 -0.040502 -0.379368)
     H   21  Q=         1.0000 1e-30 m^2  Cq=         1.5107 MHz  eta= 0.88153

     C   22    Vxx=   -0.1190    axis=(  0.760082 -0.621262 -0.190548)
     C   22    Vyy=   -0.4643    axis=(  0.579660  0.515670  0.630935)
     C   22    Vzz=    0.5833    axis=( -0.293716 -0.590015  0.752072)
     C   22  Q=         1.0000 1e-30 m^2  Cq=         1.3705 MHz  eta= 0.59205

     C   23    Vxx=   -0.0905    axis=( -0.265588  0.385763  0.883544)
     C   23    Vyy=   -0.8923    axis=( -0.561193  0.683328 -0.467038)
     C   23    Vzz=    0.9828    axis=( -0.783917 -0.619879  0.035004)
     C   23  Q=         1.0000 1e-30 m^2  Cq=         2.3091 MHz  eta= 0.81584

     Cl  24    Vxx=   -1.3909    axis=(  0.578380  0.179534  0.795766)
     Cl  24    Vyy=   -1.7253    axis=( -0.664112  0.670119  0.331505)
     Cl  24    Vzz=    3.1162    axis=( -0.473742 -0.720214  0.506814)
     Cl  24  Q=        -8.1650 1e-30 m^2  Cq=       -59.7834 MHz  eta= 0.10731

     Initialization:
     gipaw_setup  :      8.91s CPU     11.32s WALL (       1 calls)

     Linear response

     Apply operators

     Induced current

     Other routines
     efg          :      9.21s CPU     11.38s WALL (       1 calls)

     General routines
     calbec       :      3.16s CPU      4.00s WALL (      16 calls)
     fft          :      1.44s CPU      2.28s WALL (      15 calls)
     ffts         :      0.03s CPU      0.16s WALL (       2 calls)
     fftw         :      3.26s CPU      3.86s WALL (     672 calls)
     davcio       :      0.07s CPU      0.36s WALL (      32 calls)

     Parallel routines
     fft_scatter  :      2.09s CPU      3.39s WALL (     689 calls)

     Plugins

     GIPAW        :     60.63s CPU     75.60s WALL (       1 calls)
