
     Program QE v.6.0 (svn rev. 13079) starts on 16Dec2016 at 20:15:10 

     This program is part of the open-source Quantum ESPRESSO suite
     for quantum simulation of materials; please cite
         "P. Giannozzi et al., J. Phys.:Condens. Matter 21 395502 (2009);
          URL http://www.quantum-espresso.org", 
     in publications or presentations arising from this work. More details at
     http://www.quantum-espresso.org/quote

     Parallel version (MPI), running on     8 processors
     R & G space division:  proc/nbgrp/npool/nimage =       8

     ***** This is GIPAW svn revision unknown      *****

     Parallelizing q-star over 1 images

     Reading data from directory:
     /users/majewski/paradichlorobenzene/pbe/9_constraint/scratch/pbe.ecut100.np8.dt60.pcl2phi-129368.save
     Message from routine read_xml_file:
     file /users/majewski/paradichlorobenzene/pbe/9_constraint/scratch/pbe.ecut100.np8.dt60.pcl2phi-129368.save not guaranteed to be safe for post-processing

   Info: using nr1, nr2, nr3 values from input

   Info: using nr1, nr2, nr3 values from input

     IMPORTANT: XC functional enforced from input :
     Exchange-correlation      =  SLA  PW   PBX  PBC ( 1  4  3  4 0 0)
     Any further DFT definition will be discarded
     Please, verify this is what you really want

               file C.pbe-n-kjpaw_psl.1.0.0.UPF: wavefunction(s)  2S 2P renormalized
               file Cl.pbe-n-kjpaw_psl.1.0.0.UPF: wavefunction(s)  3S 3P renormalized
               file H.pbe-kjpaw_psl.1.0.0.UPF: wavefunction(s)  1S renormalized

     Parallelization info
     --------------------
     sticks:   dense  smooth     PW     G-vecs:    dense   smooth      PW
     Min        3057    1223    332               144436    36536    5170
     Max        3059    1225    333               144437    36537    5171
     Sum       24467    9791   2657              1155489   292295   41363


     Subspace diagonalization in iterative solution of the eigenvalue problem:
     a serial algorithm will be used

     GIPAW projectors -----------------------------------------------
     atom=  C    l=0  rc=    1.2000  rs=    0.8000
     atom=  C    l=0  rc=    1.2000  rs=    0.8000
     atom=  C    l=1  rc=    1.4000  rs=    0.9333
     atom=  C    l=1  rc=    1.4000  rs=    0.9333
     projs nearly linearly dependent: l=1  n1,n2= 1, 2  s=  0.99951561

     atom=  Cl   l=0  rc=    1.6000  rs=    1.0667
     atom=  Cl   l=0  rc=    1.6000  rs=    1.0667
     atom=  Cl   l=1  rc=    1.6000  rs=    1.0667
     atom=  Cl   l=1  rc=    1.6000  rs=    1.0667
     atom=  Cl   l=2  rc=    1.6000  rs=    1.0667
     atom=  Cl   l=2  rc=    1.6000  rs=    1.0667
     projs nearly linearly dependent: l=2  n1,n2= 1, 2  s=  0.99993509

     atom=  H    l=0  rc=    1.0000  rs=    0.6667
     atom=  H    l=0  rc=    1.0000  rs=    0.6667
     projs nearly linearly dependent: l=0  n1,n2= 1, 2  s=  0.99968852
     -----------------------------------------------------------------

     GIPAW integrals: -------------------------------------------
     Atom  i/j   nmr_para   nmr_dia   epr_rmc  epr_para   epr_dia
       C   1 1   0.83E+03  0.17E-01  0.93E+01  0.24E+08  0.24E+03
       C   2 1   0.86E+03 -0.61E-01  0.94E+01  0.25E+08  0.25E+03
       C   2 2   0.90E+03 -0.15E+00  0.97E+01  0.26E+08  0.26E+03
       C   3 3   0.33E+01  0.34E+00  0.18E+01  0.55E+03  0.21E+02
       C   4 3   0.35E+01  0.37E+00  0.20E+01  0.59E+03  0.22E+02
       C   4 4   0.38E+01  0.39E+00  0.22E+01  0.63E+03  0.24E+02
       Cl  1 1   0.14E+04 -0.47E+00  0.84E+01  0.32E+09  0.42E+03
       Cl  2 1   0.21E+04 -0.37E+00  0.12E+02  0.49E+09  0.65E+03
       Cl  2 2   0.33E+04 -0.16E+00  0.21E+02  0.76E+09  0.10E+04
       Cl  3 3   0.21E+02  0.79E-01  0.89E+01  0.23E+05  0.13E+03
       Cl  4 3   0.24E+02  0.67E-01  0.99E+01  0.27E+05  0.15E+03
       Cl  4 4   0.28E+02  0.44E-01  0.11E+02  0.32E+05  0.18E+03
       Cl  5 5   0.77E+00  0.19E+00  0.18E+01  0.12E+03  0.22E+02
       Cl  6 5   0.80E+00  0.19E+00  0.19E+01  0.12E+03  0.23E+02
       Cl  6 6   0.83E+00  0.20E+00  0.19E+01  0.12E+03  0.23E+02
       H   1 1   0.39E+02  0.19E+00  0.29E+00  0.78E+05  0.13E+02
       H   2 1   0.41E+02  0.21E+00  0.32E+00  0.82E+05  0.14E+02
       H   2 2   0.43E+02  0.22E+00  0.36E+00  0.86E+05  0.15E+02
     ------------------------------------------------------------

     alpha_pv=     34.3124 eV

     Number of occupied bands for each k-point:
     k-point:     1    nbnd_occ=  42
     k-point:     2    nbnd_occ=  42
     k-point:     3    nbnd_occ=  42
     k-point:     4    nbnd_occ=  42
     k-point:     5    nbnd_occ=  42
     k-point:     6    nbnd_occ=  42
     k-point:     7    nbnd_occ=  42
     k-point:     8    nbnd_occ=  42
     k-point:     9    nbnd_occ=  42
     k-point:    10    nbnd_occ=  42
     k-point:    11    nbnd_occ=  42
     k-point:    12    nbnd_occ=  42
     k-point:    13    nbnd_occ=  42
     k-point:    14    nbnd_occ=  42
     k-point:    15    nbnd_occ=  42
     k-point:    16    nbnd_occ=  42


     q-space interpolation up to   110.00 Rydberg

     GIPAW job: efg                                                                             


     ELECTRIC FIELD GRADIENTS TENSORS IN Hartree/bohrradius^2:

     ----- bare term -----
     Cl   1       -0.081230       -0.024432        0.028373
     Cl   1       -0.024432       -0.050636        0.099344
     Cl   1        0.028373        0.099344        0.131865

     C    2       -0.748721        0.272235       -0.248723
     C    2        0.272235        0.191257       -0.076433
     C    2       -0.248723       -0.076433        0.557464

     C    3        0.296252       -0.078276        0.265754
     C    3       -0.078276       -0.189618       -0.076229
     C    3        0.265754       -0.076229       -0.106635

     H    4       -0.291715       -0.249710        0.246241
     H    4       -0.249710        0.164506        0.049130
     H    4        0.246241        0.049130        0.127209

     C    5       -0.324403        0.185256       -0.087959
     C    5        0.185256        0.262426        0.064810
     C    5       -0.087959        0.064810        0.061978

     H    6        0.242766       -0.353290        0.199231
     H    6       -0.353290       -0.467654        0.244816
     H    6        0.199231        0.244816        0.224888

     H    7        0.449348        0.181832       -0.003500
     H    7        0.181832       -0.758587        0.124924
     H    7       -0.003500        0.124924        0.309239

     C    8       -0.284192       -0.174023       -0.314444
     C    8       -0.174023       -0.044692        0.526095
     C    8       -0.314444        0.526095        0.328883

     H    9       -0.448260        0.259715       -0.486503
     H    9        0.259715        0.306762        0.203085
     H    9       -0.486503        0.203085        0.141498

     C   10       -0.317220       -0.293980       -0.307893
     C   10       -0.293980       -0.091444        0.425730
     C   10       -0.307893        0.425730        0.408665

     C   11       -0.121136        0.173715       -0.381104
     C   11        0.173715       -0.091058        0.611628
     C   11       -0.381104        0.611628        0.212194

     Cl  12       -0.057078       -0.135983        0.013474
     Cl  12       -0.135983       -0.038937        0.025194
     Cl  12        0.013474        0.025194        0.096015

     H   13        0.442216       -0.205159        0.018552
     H   13       -0.205159       -0.782845        0.044770
     H   13        0.018552        0.044770        0.340629

     C   14       -0.124990        0.183666       -0.183561
     C   14        0.183666       -0.000969       -0.449541
     C   14       -0.183561       -0.449541        0.125959

     H   15       -0.446144       -0.457221        0.133428
     H   15       -0.457221        0.231188        0.102531
     H   15        0.133428        0.102531        0.214956

     C   16       -0.536492        0.308440       -0.133219
     C   16        0.308440        0.176809       -0.284040
     C   16       -0.133219       -0.284040        0.359683

     C   17        0.002246       -0.165651       -0.336365
     C   17       -0.165651       -0.113707       -0.514578
     C   17       -0.336365       -0.514578        0.111461

     Cl  18       -0.279704        0.246745        0.004286
     Cl  18        0.246745        0.123596       -0.165668
     Cl  18        0.004286       -0.165668        0.156108

     H   19        0.523957        0.025521        0.036251
     H   19        0.025521       -0.048268        0.319987
     H   19        0.036251        0.319987       -0.475689

     C   20       -0.469267       -0.316136       -0.261374
     C   20       -0.316136        0.113210        0.408176
     C   20       -0.261374        0.408176        0.356057

     H   21        0.170571       -0.005783       -0.337475
     H   21       -0.005783        0.176042       -0.270137
     H   21       -0.337475       -0.270137       -0.346613

     C   22        0.046245       -0.221677       -0.126675
     C   22       -0.221677       -0.097802        0.478149
     C   22       -0.126675        0.478149        0.051557

     C   23       -0.337916       -0.265373       -0.369376
     C   23       -0.265373       -0.025657        0.482842
     C   23       -0.369376        0.482842        0.363573

     Cl  24        0.110295        0.120357        0.149877
     Cl  24        0.120357       -0.101544       -0.330655
     Cl  24        0.149877       -0.330655       -0.008751

     ----- ionic term -----
     Cl   1        0.158345       -0.215258        0.011039
     Cl   1       -0.215258        0.023465       -0.007638
     Cl   1        0.011039       -0.007638       -0.181810

     C    2        0.324541       -0.039845        0.157154
     C    2       -0.039845        0.281139        0.238514
     C    2        0.157154        0.238514       -0.605679

     C    3        0.235163       -0.075807        0.020909
     C    3       -0.075807        0.350539        0.258365
     C    3        0.020909        0.258365       -0.585703

     H    4        0.863326        0.547088        0.198694
     H    4        0.547088       -0.231854        0.110815
     H    4        0.198694        0.110815       -0.631472

     C    5        0.374202       -0.018446        0.028998
     C    5       -0.018446        0.200389        0.214881
     C    5        0.028998        0.214881       -0.574591

     H    6       -0.468321        0.289229        0.057988
     H    6        0.289229        0.942741        0.392123
     H    6        0.057988        0.392123       -0.474420

     H    7       -0.519099       -0.098992        0.064009
     H    7       -0.098992        0.754430       -0.628976
     H    7        0.064009       -0.628976       -0.235331

     C    8        0.188591        0.183966        0.312494
     C    8        0.183966        0.101244       -0.252500
     C    8        0.312494       -0.252500       -0.289835

     H    9        0.613660       -0.272251        0.676161
     H    9       -0.272251       -0.454124       -0.224600
     H    9        0.676161       -0.224600       -0.159536

     C   10        0.108405        0.188965        0.248655
     C   10        0.188965        0.157844       -0.353572
     C   10        0.248655       -0.353572       -0.266249

     C   11        0.153181        0.208628        0.382765
     C   11        0.208628        0.061497       -0.382257
     C   11        0.382765       -0.382257       -0.214678

     Cl  12        0.146004        0.222755        0.016333
     Cl  12        0.222755        0.028862       -0.003426
     Cl  12        0.016333       -0.003426       -0.174866

     H   13       -0.525386        0.119243        0.043919
     H   13        0.119243        0.978958        0.424978
     H   13        0.043919        0.424978       -0.453572

     C   14        0.395234       -0.119774        0.073522
     C   14       -0.119774        0.173045        0.249602
     C   14        0.073522        0.249602       -0.568280

     H   15        0.916645        0.242496        0.408367
     H   15        0.242496       -0.439227        0.140464
     H   15        0.408367        0.140464       -0.477418

     C   16        0.259948       -0.199792        0.039134
     C   16       -0.199792        0.279770        0.326718
     C   16        0.039134        0.326718       -0.539718

     C   17        0.278551       -0.000543        0.012847
     C   17       -0.000543        0.270002        0.335787
     C   17        0.012847        0.335787       -0.548553

     Cl  18        0.131290       -0.176101       -0.051070
     Cl  18       -0.176101       -0.002315        0.033626
     Cl  18       -0.051070        0.033626       -0.128975

     H   19       -0.522199       -0.097452        0.068262
     H   19       -0.097452        0.567541       -0.736723
     H   19        0.068262       -0.736723       -0.045342

     C   20        0.171418        0.218550        0.357670
     C   20        0.218550        0.029698       -0.292576
     C   20        0.357670       -0.292576       -0.201116

     H   21        0.306947       -0.025329        0.816138
     H   21       -0.025329       -0.482958       -0.121238
     H   21        0.816138       -0.121238        0.176011

     C   22       -0.018863        0.333668        0.227226
     C   22        0.333668        0.200519       -0.405945
     C   22        0.227226       -0.405945       -0.181656

     C   23        0.026740        0.242508        0.309700
     C   23        0.242508        0.191278       -0.409100
     C   23        0.309700       -0.409100       -0.218018

     Cl  24        0.084208        0.224060        0.047112
     Cl  24        0.224060        0.065489        0.028692
     Cl  24        0.047112        0.028692       -0.149697

     ----- GIPAW term -----
     Cl   1       -0.329681       -1.914868       -0.096892
     Cl   1       -1.914868       -0.538896        1.704551
     Cl   1       -0.096892        1.704551        0.868577

     C    2       -0.157900       -0.024860       -0.025658
     C    2       -0.024860       -0.019570        0.127835
     C    2       -0.025658        0.127835        0.177470

     C    3        0.023835       -0.013695        0.034387
     C    3       -0.013695        0.017900        0.030003
     C    3        0.034387        0.030003       -0.041735

     H    4       -0.000000        0.000000        0.000000
     H    4        0.000000        0.000000        0.000000
     H    4        0.000000        0.000000        0.000000

     C    5       -0.005383        0.003956        0.003712
     C    5        0.003956        0.028394        0.021363
     C    5        0.003712        0.021363       -0.023011

     H    6       -0.000000        0.000000        0.000000
     H    6        0.000000        0.000000        0.000000
     H    6        0.000000        0.000000        0.000000

     H    7       -0.000000        0.000000        0.000000
     H    7        0.000000        0.000000        0.000000
     H    7        0.000000        0.000000        0.000000

     C    8       -0.083846       -0.058404       -0.059609
     C    8       -0.058404        0.078132        0.199839
     C    8       -0.059609        0.199839        0.005713

     H    9       -0.000000        0.000000        0.000000
     H    9        0.000000        0.000000        0.000000
     H    9        0.000000        0.000000        0.000000

     C   10       -0.080623       -0.062113       -0.074925
     C   10       -0.062113        0.027997        0.060397
     C   10       -0.074925        0.060397        0.052625

     C   11        0.061170        0.207122       -0.041978
     C   11        0.207122        0.005345        0.129636
     C   11       -0.041978        0.129636       -0.066515

     Cl  12        1.445381        1.946249        0.075231
     Cl  12        1.946249       -0.138376        0.158618
     Cl  12        0.075231        0.158618       -1.307004

     H   13       -0.000000        0.000000        0.000000
     H   13        0.000000        0.000000        0.000000
     H   13        0.000000        0.000000        0.000000

     C   14       -0.099556        0.093170       -0.005451
     C   14        0.093170        0.237963       -0.056876
     C   14       -0.005451       -0.056876       -0.138408

     H   15       -0.000000        0.000000        0.000000
     H   15        0.000000        0.000000        0.000000
     H   15        0.000000        0.000000        0.000000

     C   16       -0.183900        0.057399       -0.034663
     C   16        0.057399        0.209133       -0.140070
     C   16       -0.034663       -0.140070       -0.025232

     C   17       -0.045511       -0.166593       -0.059689
     C   17       -0.166593        0.165311        0.081666
     C   17       -0.059689        0.081666       -0.119801

     Cl  18       -0.890594       -0.930509       -0.096315
     Cl  18       -0.930509        1.625279       -1.972291
     Cl  18       -0.096315       -1.972291       -0.734685

     H   19       -0.000000        0.000000        0.000000
     H   19        0.000000        0.000000        0.000000
     H   19        0.000000        0.000000        0.000000

     C   20       -0.154700       -0.082971       -0.075783
     C   20       -0.082971        0.038848        0.219700
     C   20       -0.075783        0.219700        0.115852

     H   21       -0.000000        0.000000        0.000000
     H   21        0.000000        0.000000        0.000000
     H   21        0.000000        0.000000        0.000000

     C   22       -0.071866       -0.066635       -0.051486
     C   22       -0.066635        0.083997        0.165003
     C   22       -0.051486        0.165003       -0.012132

     C   23       -0.106907        0.009544       -0.086864
     C   23        0.009544        0.077829        0.230042
     C   23       -0.086864        0.230042        0.029078

     Cl  24        0.014826        0.230916       -0.571904
     Cl  24        0.230916        0.331144        0.995053
     Cl  24       -0.571904        0.995053       -0.345970

     ----- total EFG -----
     Cl   1       -0.252566       -2.154558       -0.057480
     Cl   1       -2.154558       -0.566067        1.796257
     Cl   1       -0.057480        1.796257        0.818632

     C    2       -0.582080        0.207531       -0.117226
     C    2        0.207531        0.452825        0.289917
     C    2       -0.117226        0.289917        0.129255

     C    3        0.555250       -0.167778        0.321049
     C    3       -0.167778        0.178822        0.212138
     C    3        0.321049        0.212138       -0.734072

     H    4        0.571610        0.297379        0.444935
     H    4        0.297379       -0.067348        0.159945
     H    4        0.444935        0.159945       -0.504263

     C    5        0.044415        0.170766       -0.055250
     C    5        0.170766        0.491209        0.301054
     C    5       -0.055250        0.301054       -0.535624

     H    6       -0.225554       -0.064061        0.257219
     H    6       -0.064061        0.475087        0.636939
     H    6        0.257219        0.636939       -0.249532

     H    7       -0.069751        0.082839        0.060509
     H    7        0.082839       -0.004157       -0.504052
     H    7        0.060509       -0.504052        0.073909

     C    8       -0.179446       -0.048461       -0.061558
     C    8       -0.048461        0.134684        0.473434
     C    8       -0.061558        0.473434        0.044762

     H    9        0.165401       -0.012536        0.189658
     H    9       -0.012536       -0.147362       -0.021515
     H    9        0.189658       -0.021515       -0.018038

     C   10       -0.289438       -0.167128       -0.134163
     C   10       -0.167128        0.094397        0.132555
     C   10       -0.134163        0.132555        0.195041

     C   11        0.093215        0.589465       -0.040317
     C   11        0.589465       -0.024215        0.359006
     C   11       -0.040317        0.359006       -0.069000

     Cl  12        1.534307        2.033021        0.105038
     Cl  12        2.033021       -0.148452        0.180386
     Cl  12        0.105038        0.180386       -1.385855

     H   13       -0.083170       -0.085916        0.062472
     H   13       -0.085916        0.196113        0.469748
     H   13        0.062472        0.469748       -0.112943

     C   14        0.170689        0.157062       -0.115490
     C   14        0.157062        0.410040       -0.256815
     C   14       -0.115490       -0.256815       -0.580728

     H   15        0.470501       -0.214725        0.541796
     H   15       -0.214725       -0.208039        0.242995
     H   15        0.541796        0.242995       -0.262462

     C   16       -0.460444        0.166047       -0.128748
     C   16        0.166047        0.665711       -0.097392
     C   16       -0.128748       -0.097392       -0.205267

     C   17        0.235287       -0.332787       -0.383207
     C   17       -0.332787        0.321607       -0.097126
     C   17       -0.383207       -0.097126       -0.556894

     Cl  18       -1.039009       -0.859864       -0.143099
     Cl  18       -0.859864        1.746560       -2.104333
     Cl  18       -0.143099       -2.104333       -0.707552

     H   19        0.001758       -0.071930        0.104513
     H   19       -0.071930        0.519273       -0.416736
     H   19        0.104513       -0.416736       -0.521032

     C   20       -0.452549       -0.180557        0.020514
     C   20       -0.180557        0.181756        0.335301
     C   20        0.020514        0.335301        0.270793

     H   21        0.477518       -0.031112        0.478662
     H   21       -0.031112       -0.306915       -0.391375
     H   21        0.478662       -0.391375       -0.170602

     C   22       -0.044484        0.045356        0.049065
     C   22        0.045356        0.186714        0.237207
     C   22        0.049065        0.237207       -0.142230

     C   23       -0.418083       -0.013321       -0.146540
     C   23       -0.013321        0.243450        0.303784
     C   23       -0.146540        0.303784        0.174633

     Cl  24        0.209329        0.575333       -0.374916
     Cl  24        0.575333        0.295089        0.693089
     Cl  24       -0.374916        0.693089       -0.504418

     ----- total EFG (symmetrized) -----
     Cl   1       -0.252566       -2.154558       -0.057480
     Cl   1       -2.154558       -0.566067        1.796257
     Cl   1       -0.057480        1.796257        0.818632

     C    2       -0.582080        0.207531       -0.117226
     C    2        0.207531        0.452825        0.289917
     C    2       -0.117226        0.289917        0.129255

     C    3        0.555250       -0.167778        0.321049
     C    3       -0.167778        0.178822        0.212138
     C    3        0.321049        0.212138       -0.734072

     H    4        0.571610        0.297379        0.444935
     H    4        0.297379       -0.067348        0.159945
     H    4        0.444935        0.159945       -0.504263

     C    5        0.044415        0.170766       -0.055250
     C    5        0.170766        0.491209        0.301054
     C    5       -0.055250        0.301054       -0.535624

     H    6       -0.225554       -0.064061        0.257219
     H    6       -0.064061        0.475087        0.636939
     H    6        0.257219        0.636939       -0.249532

     H    7       -0.069751        0.082839        0.060509
     H    7        0.082839       -0.004157       -0.504052
     H    7        0.060509       -0.504052        0.073909

     C    8       -0.179446       -0.048461       -0.061558
     C    8       -0.048461        0.134684        0.473434
     C    8       -0.061558        0.473434        0.044762

     H    9        0.165401       -0.012536        0.189658
     H    9       -0.012536       -0.147362       -0.021515
     H    9        0.189658       -0.021515       -0.018038

     C   10       -0.289438       -0.167128       -0.134163
     C   10       -0.167128        0.094397        0.132555
     C   10       -0.134163        0.132555        0.195041

     C   11        0.093215        0.589465       -0.040317
     C   11        0.589465       -0.024215        0.359006
     C   11       -0.040317        0.359006       -0.069000

     Cl  12        1.534307        2.033021        0.105038
     Cl  12        2.033021       -0.148452        0.180386
     Cl  12        0.105038        0.180386       -1.385855

     H   13       -0.083170       -0.085916        0.062472
     H   13       -0.085916        0.196113        0.469748
     H   13        0.062472        0.469748       -0.112943

     C   14        0.170689        0.157062       -0.115490
     C   14        0.157062        0.410040       -0.256815
     C   14       -0.115490       -0.256815       -0.580728

     H   15        0.470501       -0.214725        0.541796
     H   15       -0.214725       -0.208039        0.242995
     H   15        0.541796        0.242995       -0.262462

     C   16       -0.460444        0.166047       -0.128748
     C   16        0.166047        0.665711       -0.097392
     C   16       -0.128748       -0.097392       -0.205267

     C   17        0.235287       -0.332787       -0.383207
     C   17       -0.332787        0.321607       -0.097126
     C   17       -0.383207       -0.097126       -0.556894

     Cl  18       -1.039009       -0.859864       -0.143099
     Cl  18       -0.859864        1.746560       -2.104333
     Cl  18       -0.143099       -2.104333       -0.707552

     H   19        0.001758       -0.071930        0.104513
     H   19       -0.071930        0.519273       -0.416736
     H   19        0.104513       -0.416736       -0.521032

     C   20       -0.452549       -0.180557        0.020514
     C   20       -0.180557        0.181756        0.335301
     C   20        0.020514        0.335301        0.270793

     H   21        0.477518       -0.031112        0.478662
     H   21       -0.031112       -0.306915       -0.391375
     H   21        0.478662       -0.391375       -0.170602

     C   22       -0.044484        0.045356        0.049065
     C   22        0.045356        0.186714        0.237207
     C   22        0.049065        0.237207       -0.142230

     C   23       -0.418083       -0.013321       -0.146540
     C   23       -0.013321        0.243450        0.303784
     C   23       -0.146540        0.303784        0.174633

     Cl  24        0.209329        0.575333       -0.374916
     Cl  24        0.575333        0.295089        0.693089
     Cl  24       -0.374916        0.693089       -0.504418


     NQR/NMR SPECTROSCOPIC PARAMETERS:
     Cl   1    Vxx=    0.2912    axis=(  0.672061 -0.188729  0.716042)
     Cl   1    Vyy=    2.7415    axis=( -0.470611  0.637716  0.609790)
     Cl   1    Vzz=   -3.0328    axis=(  0.571716  0.746793 -0.339766)
     Cl   1  Q=        -8.1650 1e-30 m^2  Cq=        58.1818 MHz  eta= 0.80794

     C    2    Vxx=    0.0263    axis=( -0.309393 -0.426968  0.849691)
     C    2    Vyy=    0.6354    axis=( -0.102987 -0.873232 -0.476298)
     C    2    Vzz=   -0.6617    axis=(  0.945341 -0.234870  0.226200)
     C    2  Q=         1.0000 1e-30 m^2  Cq=        -1.5547 MHz  eta= 0.92064

     C    3    Vxx=    0.2068    axis=( -0.195809 -0.940175 -0.278800)
     C    3    Vyy=    0.6606    axis=( -0.950834  0.251586 -0.180608)
     C    3    Vzz=   -0.8674    axis=( -0.239945 -0.229728  0.943213)
     C    3  Q=         1.0000 1e-30 m^2  Cq=        -2.0381 MHz  eta= 0.52321

     H    4    Vxx=   -0.1840    axis=(  0.353664 -0.935055  0.024355)
     H    4    Vyy=   -0.6692    axis=(  0.315803  0.094856 -0.944071)
     H    4    Vzz=    0.8532    axis=(  0.880449  0.341576  0.328841)
     H    4  Q=         1.0000 1e-30 m^2  Cq=         2.0046 MHz  eta= 0.56868

     C    5    Vxx=    0.0188    axis=(  0.954620 -0.211305 -0.209883)
     C    5    Vyy=    0.6132    axis=(  0.258757  0.937373  0.233190)
     C    5    Vzz=   -0.6320    axis=(  0.147465 -0.276917  0.949511)
     C    5  Q=         1.0000 1e-30 m^2  Cq=        -1.4850 MHz  eta= 0.94062

     H    6    Vxx=   -0.1054    axis=(  0.894167 -0.282484  0.347374)
     H    6    Vyy=   -0.7455    axis=(  0.441998  0.433121 -0.785522)
     H    6    Vzz=    0.8508    axis=(  0.071442  0.855926  0.512140)
     H    6  Q=         1.0000 1e-30 m^2  Cq=         1.9992 MHz  eta= 0.75227

     H    7    Vxx=   -0.0456    axis=(  0.972267  0.157661  0.172742)
     H    7    Vyy=   -0.4951    axis=( -0.233037  0.715501  0.658599)
     H    7    Vzz=    0.5407    axis=( -0.019762 -0.680589  0.732399)
     H    7  Q=         1.0000 1e-30 m^2  Cq=         1.2704 MHz  eta= 0.83144

     C    8    Vxx=   -0.1865    axis=( -0.992694 -0.118819 -0.020993)
     C    8    Vyy=   -0.3867    axis=(  0.064221 -0.667597  0.741748)
     C    8    Vzz=    0.5732    axis=(  0.102148 -0.734981 -0.670350)
     C    8  Q=         1.0000 1e-30 m^2  Cq=         1.3468 MHz  eta= 0.34912

     H    9    Vxx=   -0.1298    axis=(  0.475425  0.525811 -0.705333)
     H    9    Vyy=   -0.1556    axis=(  0.243726 -0.849076 -0.468686)
     H    9    Vzz=    0.2855    axis=( -0.845322  0.050917 -0.531826)
     H    9  Q=         1.0000 1e-30 m^2  Cq=         0.6708 MHz  eta= 0.09039

     C   10    Vxx=    0.0112    axis=( -0.133327  0.755128 -0.641876)
     C   10    Vyy=    0.3532    axis=( -0.308592  0.583831  0.750941)
     C   10    Vzz=   -0.3645    axis=( -0.941804 -0.298199 -0.155186)
     C   10  Q=         1.0000 1e-30 m^2  Cq=        -0.8563 MHz  eta= 0.93837

     C   11    Vxx=    0.0101    axis=( -0.510204  0.130068  0.850161)
     C   11    Vyy=    0.6913    axis=( -0.661492 -0.691088 -0.291247)
     C   11    Vzz=   -0.7014    axis=(  0.549655 -0.710971  0.438635)
     C   11  Q=         1.0000 1e-30 m^2  Cq=        -1.6481 MHz  eta= 0.97114

     Cl  12    Vxx=   -1.3431    axis=( -0.302589  0.383171  0.872708)
     Cl  12    Vyy=   -1.5583    axis=( -0.468401  0.737653 -0.486280)
     Cl  12    Vzz=    2.9014    axis=(  0.830085  0.555920  0.043728)
     Cl  12  Q=        -8.1650 1e-30 m^2  Cq=       -55.6616 MHz  eta= 0.07418

     H   13    Vxx=   -0.0591    axis=(  0.967272 -0.102009  0.232334)
     H   13    Vyy=   -0.4788    axis=(  0.247949  0.574505 -0.780041)
     H   13    Vzz=    0.5379    axis=( -0.053906  0.812119  0.580996)
     H   13  Q=         1.0000 1e-30 m^2  Cq=         1.2638 MHz  eta= 0.78023

     C   14    Vxx=    0.0930    axis=(  0.899818 -0.436101  0.011988)
     C   14    Vyy=    0.5574    axis=(  0.425967  0.872310 -0.240056)
     C   14    Vzz=   -0.6504    axis=(  0.094232  0.221113  0.970685)
     C   14  Q=         1.0000 1e-30 m^2  Cq=        -1.5283 MHz  eta= 0.71395

     H   15    Vxx=   -0.0257    axis=(  0.167948 -0.854063 -0.492311)
     H   15    Vyy=   -0.7388    axis=(  0.425151  0.513326 -0.745482)
     H   15    Vzz=    0.7645    axis=(  0.889404 -0.084104  0.449317)
     H   15  Q=         1.0000 1e-30 m^2  Cq=         1.7963 MHz  eta= 0.93265

     C   16    Vxx=   -0.1783    axis=( -0.323958  0.171093  0.930472)
     C   16    Vyy=   -0.5260    axis=(  0.933502 -0.101976  0.343765)
     C   16    Vzz=    0.7043    axis=( -0.153701 -0.979963  0.126679)
     C   16  Q=         1.0000 1e-30 m^2  Cq=         1.6549 MHz  eta= 0.49357

     C   17    Vxx=    0.1118    axis=(  0.568051  0.703163 -0.427644)
     C   17    Vyy=    0.6456    axis=(  0.712484 -0.680253 -0.172109)
     C   17    Vzz=   -0.7574    axis=(  0.411927  0.206922  0.887411)
     C   17  Q=         1.0000 1e-30 m^2  Cq=        -1.7796 MHz  eta= 0.70470

     Cl  18    Vxx=   -0.8671    axis=(  0.874283 -0.095546 -0.475920)
     Cl  18    Vyy=   -2.2007    axis=(  0.456737  0.493933  0.739880)
     Cl  18    Vzz=    3.0679    axis=( -0.164380  0.864235 -0.475476)
     Cl  18  Q=        -8.1650 1e-30 m^2  Cq=       -58.8552 MHz  eta= 0.43469

     H   19    Vxx=   -0.0054    axis=(  0.982430  0.178348  0.054991)
     H   19    Vyy=   -0.6757    axis=(  0.110967 -0.321288 -0.940458)
     H   19    Vzz=    0.6812    axis=( -0.150061  0.930036 -0.335433)
     H   19  Q=         1.0000 1e-30 m^2  Cq=         1.6005 MHz  eta= 0.98400

     C   20    Vxx=   -0.0578    axis=( -0.340260  0.668733 -0.661074)
     C   20    Vyy=   -0.5175    axis=( -0.934625 -0.317848  0.159528)
     C   20    Vzz=    0.5753    axis=( -0.103440  0.672137  0.733166)
     C   20  Q=         1.0000 1e-30 m^2  Cq=         1.3517 MHz  eta= 0.79894

     H   21    Vxx=   -0.0612    axis=(  0.480238  0.725209 -0.493399)
     H   21    Vyy=   -0.7151    axis=( -0.266163  0.656472  0.705834)
     H   21    Vzz=    0.7763    axis=(  0.835780 -0.207644  0.508287)
     H   21  Q=         1.0000 1e-30 m^2  Cq=         1.8241 MHz  eta= 0.84222

     C   22    Vxx=   -0.0530    axis=(  0.980126 -0.197970  0.012664)
     C   22    Vyy=   -0.2687    axis=(  0.102636  0.451437 -0.886381)
     C   22    Vzz=    0.3217    axis=(  0.169760  0.870065  0.462784)
     C   22  Q=         1.0000 1e-30 m^2  Cq=         0.7559 MHz  eta= 0.67046

     C   23    Vxx=   -0.0693    axis=( -0.262577 -0.678007  0.686556)
     C   23    Vyy=   -0.4579    axis=( -0.958038  0.098414 -0.269217)
     C   23    Vzz=    0.5272    axis=(  0.114964 -0.728437 -0.675398)
     C   23  Q=         1.0000 1e-30 m^2  Cq=         1.2387 MHz  eta= 0.73702

     Cl  24    Vxx=    0.2874    axis=( -0.736501  0.296310  0.608084)
     Cl  24    Vyy=    0.8968    axis=( -0.534841 -0.805460 -0.255302)
     Cl  24    Vzz=   -1.1842    axis=(  0.414139 -0.513259  0.751701)
     Cl  24  Q=        -8.1650 1e-30 m^2  Cq=        22.7185 MHz  eta= 0.51460

     Initialization:
     gipaw_setup  :      9.08s CPU     10.93s WALL (       1 calls)

     Linear response

     Apply operators

     Induced current

     Other routines
     efg          :      9.25s CPU     11.38s WALL (       1 calls)

     General routines
     calbec       :      3.31s CPU      4.26s WALL (      16 calls)
     fft          :      1.41s CPU      2.05s WALL (      15 calls)
     ffts         :      0.08s CPU      0.14s WALL (       2 calls)
     fftw         :      3.22s CPU      3.77s WALL (     672 calls)
     davcio       :      0.03s CPU      0.32s WALL (      32 calls)

     Parallel routines
     fft_scatter  :      2.04s CPU      3.08s WALL (     689 calls)

     Plugins

     GIPAW        :     61.28s CPU     72.85s WALL (       1 calls)
