
     Program QE v.6.0 (svn rev. 13079) starts on 20Jan2017 at 11:48:51 

     This program is part of the open-source Quantum ESPRESSO suite
     for quantum simulation of materials; please cite
         "P. Giannozzi et al., J. Phys.:Condens. Matter 21 395502 (2009);
          URL http://www.quantum-espresso.org", 
     in publications or presentations arising from this work. More details at
     http://www.quantum-espresso.org/quote

     Parallel version (MPI), running on     8 processors
     R & G space division:  proc/nbgrp/npool/nimage =       8

     ***** This is GIPAW svn revision unknown      *****

     Parallelizing q-star over 1 images

     Reading data from directory:
     /users/majewski/paradichlorobenzene/pbe/9_constraint/scratch/pbe.ecut100.np8.dt60.pcl2phi-129368.save
     Message from routine read_xml_file:
     file /users/majewski/paradichlorobenzene/pbe/9_constraint/scratch/pbe.ecut100.np8.dt60.pcl2phi-129368.save not guaranteed to be safe for post-processing

   Info: using nr1, nr2, nr3 values from input

   Info: using nr1, nr2, nr3 values from input

     IMPORTANT: XC functional enforced from input :
     Exchange-correlation      =  SLA  PW   PBX  PBC ( 1  4  3  4 0 0)
     Any further DFT definition will be discarded
     Please, verify this is what you really want

               file C.pbe-n-kjpaw_psl.1.0.0.UPF: wavefunction(s)  2S 2P renormalized
               file Cl.pbe-n-kjpaw_psl.1.0.0.UPF: wavefunction(s)  3S 3P renormalized
               file H.pbe-kjpaw_psl.1.0.0.UPF: wavefunction(s)  1S renormalized

     Parallelization info
     --------------------
     sticks:   dense  smooth     PW     G-vecs:    dense   smooth      PW
     Min        3057    1223    332               144436    36536    5170
     Max        3059    1225    333               144437    36537    5171
     Sum       24467    9791   2657              1155489   292295   41363


     Subspace diagonalization in iterative solution of the eigenvalue problem:
     a serial algorithm will be used

     GIPAW projectors -----------------------------------------------
     atom=  C    l=0  rc=    1.2000  rs=    0.8000
     atom=  C    l=0  rc=    1.2000  rs=    0.8000
     atom=  C    l=1  rc=    1.4000  rs=    0.9333
     atom=  C    l=1  rc=    1.4000  rs=    0.9333
     projs nearly linearly dependent: l=1  n1,n2= 1, 2  s=  0.99951561

     atom=  Cl   l=0  rc=    1.6000  rs=    1.0667
     atom=  Cl   l=0  rc=    1.6000  rs=    1.0667
     atom=  Cl   l=1  rc=    1.6000  rs=    1.0667
     atom=  Cl   l=1  rc=    1.6000  rs=    1.0667
     atom=  Cl   l=2  rc=    1.6000  rs=    1.0667
     atom=  Cl   l=2  rc=    1.6000  rs=    1.0667
     projs nearly linearly dependent: l=2  n1,n2= 1, 2  s=  0.99993509

     atom=  H    l=0  rc=    1.0000  rs=    0.6667
     atom=  H    l=0  rc=    1.0000  rs=    0.6667
     projs nearly linearly dependent: l=0  n1,n2= 1, 2  s=  0.99968852
     -----------------------------------------------------------------

     GIPAW integrals: -------------------------------------------
     Atom  i/j   nmr_para   nmr_dia   epr_rmc  epr_para   epr_dia
       C   1 1   0.83E+03  0.17E-01  0.93E+01  0.24E+08  0.24E+03
       C   2 1   0.86E+03 -0.61E-01  0.94E+01  0.25E+08  0.25E+03
       C   2 2   0.90E+03 -0.15E+00  0.97E+01  0.26E+08  0.26E+03
       C   3 3   0.33E+01  0.34E+00  0.18E+01  0.55E+03  0.21E+02
       C   4 3   0.35E+01  0.37E+00  0.20E+01  0.59E+03  0.22E+02
       C   4 4   0.38E+01  0.39E+00  0.22E+01  0.63E+03  0.24E+02
       Cl  1 1   0.14E+04 -0.47E+00  0.84E+01  0.32E+09  0.42E+03
       Cl  2 1   0.21E+04 -0.37E+00  0.12E+02  0.49E+09  0.65E+03
       Cl  2 2   0.33E+04 -0.16E+00  0.21E+02  0.76E+09  0.10E+04
       Cl  3 3   0.21E+02  0.79E-01  0.89E+01  0.23E+05  0.13E+03
       Cl  4 3   0.24E+02  0.67E-01  0.99E+01  0.27E+05  0.15E+03
       Cl  4 4   0.28E+02  0.44E-01  0.11E+02  0.32E+05  0.18E+03
       Cl  5 5   0.77E+00  0.19E+00  0.18E+01  0.12E+03  0.22E+02
       Cl  6 5   0.80E+00  0.19E+00  0.19E+01  0.12E+03  0.23E+02
       Cl  6 6   0.83E+00  0.20E+00  0.19E+01  0.12E+03  0.23E+02
       H   1 1   0.39E+02  0.19E+00  0.29E+00  0.78E+05  0.13E+02
       H   2 1   0.41E+02  0.21E+00  0.32E+00  0.82E+05  0.14E+02
       H   2 2   0.43E+02  0.22E+00  0.36E+00  0.86E+05  0.15E+02
     ------------------------------------------------------------

     alpha_pv=     34.1790 eV

     Number of occupied bands for each k-point:
     k-point:     1    nbnd_occ=  42
     k-point:     2    nbnd_occ=  42
     k-point:     3    nbnd_occ=  42
     k-point:     4    nbnd_occ=  42
     k-point:     5    nbnd_occ=  42
     k-point:     6    nbnd_occ=  42
     k-point:     7    nbnd_occ=  42
     k-point:     8    nbnd_occ=  42
     k-point:     9    nbnd_occ=  42
     k-point:    10    nbnd_occ=  42
     k-point:    11    nbnd_occ=  42
     k-point:    12    nbnd_occ=  42
     k-point:    13    nbnd_occ=  42
     k-point:    14    nbnd_occ=  42
     k-point:    15    nbnd_occ=  42
     k-point:    16    nbnd_occ=  42


     q-space interpolation up to   110.00 Rydberg

     GIPAW job: efg                                                                             


     ELECTRIC FIELD GRADIENTS TENSORS IN Hartree/bohrradius^2:

     ----- bare term -----
     Cl   1        0.060156        0.067346        0.055880
     Cl   1        0.067346       -0.082240       -0.011588
     Cl   1        0.055880       -0.011588        0.022084

     C    2       -0.806784        0.470063       -0.354303
     C    2        0.470063        0.317264       -0.016239
     C    2       -0.354303       -0.016239        0.489520

     C    3        0.364154        0.106496       -0.051606
     C    3        0.106496       -0.376163       -0.565759
     C    3       -0.051606       -0.565759        0.012008

     H    4       -0.074740        0.274336       -0.411547
     H    4        0.274336       -0.177965       -0.053264
     H    4       -0.411547       -0.053264        0.252704

     C    5       -0.540340        0.223600       -0.185402
     C    5        0.223600        0.112607        0.064099
     C    5       -0.185402        0.064099        0.427733

     H    6        0.454154       -0.041820        0.184123
     H    6       -0.041820       -0.011023       -0.199419
     H    6        0.184123       -0.199419       -0.443131

     H    7        0.239678        0.362329        0.093094
     H    7        0.362329       -0.543127       -0.109985
     H    7        0.093094       -0.109985        0.303448

     C    8        0.104560        0.051908       -0.049582
     C    8        0.051908       -0.206226        0.130587
     C    8       -0.049582        0.130587        0.101666

     H    9       -0.242887        0.360360        0.143662
     H    9        0.360360        0.010650       -0.153679
     H    9        0.143662       -0.153679        0.232236

     C   10       -0.119246       -0.001701        0.178174
     C   10       -0.001701       -0.107056       -0.234846
     C   10        0.178174       -0.234846        0.226302

     C   11        0.146615       -0.000941       -0.161419
     C   11       -0.000941       -0.057466        0.537521
     C   11       -0.161419        0.537521       -0.089149

     Cl  12        0.113518       -0.095539        0.126602
     Cl  12       -0.095539       -0.227450       -0.420722
     Cl  12        0.126602       -0.420722        0.113932

     H   13        0.459109       -0.059862       -0.023735
     H   13       -0.059862       -0.378722       -0.635754
     H   13       -0.023735       -0.635754       -0.080387

     C   14       -0.010151        0.071555       -0.161964
     C   14        0.071555       -0.232850       -0.351593
     C   14       -0.161964       -0.351593        0.243000

     H   15       -0.317739       -0.505986       -0.334981
     H   15       -0.505986       -0.010574       -0.183425
     H   15       -0.334981       -0.183425        0.328313

     C   16       -0.772235        0.347957       -0.321012
     C   16        0.347957        0.333869       -0.060036
     C   16       -0.321012       -0.060036        0.438366

     C   17        0.159987        0.008682       -0.196082
     C   17        0.008682       -0.078712       -0.595115
     C   17       -0.196082       -0.595115       -0.081275

     Cl  18       -0.305632        0.322593        0.044038
     Cl  18        0.322593        0.077886       -0.107229
     Cl  18        0.044038       -0.107229        0.227746

     H   19        0.438845        0.051135       -0.086124
     H   19        0.051135       -0.611941        0.643812
     H   19       -0.086124        0.643812        0.173096

     C   20       -0.894288       -0.354524       -0.479417
     C   20       -0.354524        0.344985       -0.041812
     C   20       -0.479417       -0.041812        0.549303

     H   21       -0.512004        0.184973        0.218870
     H   21        0.184973        0.378158        0.170043
     H   21        0.218870        0.170043        0.133847

     C   22        0.202027       -0.066680       -0.061661
     C   22       -0.066680       -0.552628        0.434066
     C   22       -0.061661        0.434066        0.350601

     C   23       -0.809545       -0.507538       -0.345695
     C   23       -0.507538        0.282227        0.038543
     C   23       -0.345695        0.038543        0.527318

     Cl  24       -0.008892       -0.016725        0.055306
     Cl  24       -0.016725       -0.028153       -0.036404
     Cl  24        0.055306       -0.036404        0.037045

     ----- ionic term -----
     Cl   1        0.156054       -0.225898        0.012075
     Cl   1       -0.225898       -0.011780       -0.000809
     Cl   1        0.012075       -0.000809       -0.144275

     C    2        0.150493       -0.197578        0.239208
     C    2       -0.197578       -0.001668        0.484593
     C    2        0.239208        0.484593       -0.148825

     C    3        0.149459       -0.319509        0.109644
     C    3       -0.319509        0.041960        0.482943
     C    3        0.109644        0.482943       -0.191419

     H    4        0.675787        0.128120        0.664030
     H    4        0.128120       -0.487714        0.161125
     H    4        0.664030        0.161125       -0.188073

     C    5        0.282009       -0.274397        0.218669
     C    5       -0.274397       -0.058757        0.344597
     C    5        0.218669        0.344597       -0.223252

     H    6       -0.511429       -0.031461        0.007773
     H    6       -0.031461        0.513990        0.780120
     H    6        0.007773        0.780120       -0.002561

     H    7       -0.459645       -0.313580        0.116098
     H    7       -0.313580        0.824235       -0.529735
     H    7        0.116098       -0.529735       -0.364589

     C    8        0.429254        0.085621        0.045489
     C    8        0.085621        0.111838       -0.267887
     C    8        0.045489       -0.267887       -0.541092

     H    9        0.966878       -0.337670        0.297207
     H    9       -0.337670       -0.390984       -0.149028
     H    9        0.297207       -0.149028       -0.575894

     C   10        0.265875        0.191892       -0.007344
     C   10        0.191892        0.290268       -0.339417
     C   10       -0.007344       -0.339417       -0.556143

     C   11        0.310493        0.020878        0.041195
     C   11        0.020878        0.244394       -0.342781
     C   11        0.041195       -0.342781       -0.554887

     Cl  12        0.156090        0.167877       -0.042400
     Cl  12        0.167877       -0.005741       -0.042709
     Cl  12       -0.042400       -0.042709       -0.150350

     H   13       -0.540780        0.058090        0.045364
     H   13        0.058090        0.568381        0.784338
     H   13        0.045364        0.784338       -0.027601

     C   14        0.296789       -0.218174        0.206512
     C   14       -0.218174       -0.026464        0.350372
     C   14        0.206512        0.350372       -0.270326

     H   15        0.817115        0.184057        0.572250
     H   15        0.184057       -0.530600        0.166579
     H   15        0.572250        0.166579       -0.286515

     C   16        0.237468       -0.288671        0.110478
     C   16       -0.288671        0.039285        0.413847
     C   16        0.110478        0.413847       -0.276754

     C   17        0.165558       -0.246399        0.258236
     C   17       -0.246399        0.030265        0.440514
     C   17        0.258236        0.440514       -0.195823

     Cl  18        0.104686       -0.210516       -0.017117
     Cl  18       -0.210516        0.051276        0.032718
     Cl  18       -0.017117        0.032718       -0.155962

     H   19       -0.510973       -0.033070       -0.009032
     H   19       -0.033070        0.683062       -0.685954
     H   19       -0.009032       -0.685954       -0.172089

     C   20        0.376267        0.103514        0.041254
     C   20        0.103514        0.129259       -0.290622
     C   20        0.041254       -0.290622       -0.505526

     H   21        0.783766       -0.498567        0.371137
     H   21       -0.498567       -0.259540       -0.189885
     H   21        0.371137       -0.189885       -0.524226

     C   22        0.235907        0.169112        0.043988
     C   22        0.169112        0.277471       -0.319308
     C   22        0.043988       -0.319308       -0.513378

     C   23        0.359169        0.111261        0.076852
     C   23        0.111261        0.166000       -0.277189
     C   23        0.076852       -0.277189       -0.525170

     Cl  24        0.180601        0.215828       -0.005766
     Cl  24        0.215828       -0.028568       -0.006218
     Cl  24       -0.005766       -0.006218       -0.152033

     ----- GIPAW term -----
     Cl   1       -0.246405       -1.336893        0.091041
     Cl   1       -1.336893        1.578523        1.665349
     Cl   1        0.091041        1.665349       -1.332119

     C    2       -0.153964        0.029733       -0.015237
     C    2        0.029733        0.171898        0.144308
     C    2       -0.015237        0.144308       -0.017934

     C    3       -0.016166        0.007653        0.019762
     C    3        0.007653        0.100034        0.043560
     C    3        0.019762        0.043560       -0.083867

     H    4       -0.000000        0.000000        0.000000
     H    4        0.000000        0.000000        0.000000
     H    4        0.000000        0.000000        0.000000

     C    5       -0.040295       -0.015074        0.002220
     C    5       -0.015074        0.024294        0.019601
     C    5        0.002220        0.019601        0.016002

     H    6       -0.000000        0.000000        0.000000
     H    6        0.000000        0.000000        0.000000
     H    6        0.000000        0.000000        0.000000

     H    7       -0.000000        0.000000        0.000000
     H    7        0.000000        0.000000        0.000000
     H    7        0.000000        0.000000        0.000000

     C    8        0.001085       -0.012360        0.006009
     C    8       -0.012360        0.052219        0.030156
     C    8        0.006009        0.030156       -0.053304

     H    9       -0.000000        0.000000        0.000000
     H    9        0.000000        0.000000        0.000000
     H    9        0.000000        0.000000        0.000000

     C   10        0.008800        0.022459        0.023169
     C   10        0.022459       -0.005083       -0.040999
     C   10        0.023169       -0.040999       -0.003717

     C   11       -0.014239       -0.008922       -0.025123
     C   11       -0.008922        0.142337        0.069726
     C   11       -0.025123        0.069726       -0.128098

     Cl  12       -0.145447       -0.145785       -0.349515
     Cl  12       -0.145785        0.190061        0.564880
     Cl  12       -0.349515        0.564880       -0.044614

     H   13       -0.000000        0.000000        0.000000
     H   13        0.000000        0.000000        0.000000
     H   13        0.000000        0.000000        0.000000

     C   14       -0.108952        0.008166       -0.002902
     C   14        0.008166        0.109332        0.136313
     C   14       -0.002902        0.136313       -0.000379

     H   15       -0.000000        0.000000        0.000000
     H   15        0.000000        0.000000        0.000000
     H   15        0.000000        0.000000        0.000000

     C   16       -0.213554        0.026652       -0.048152
     C   16        0.026652        0.257999        0.088474
     C   16       -0.048152        0.088474       -0.044444

     C   17       -0.030715        0.001417       -0.017419
     C   17        0.001417        0.195048       -0.026627
     C   17       -0.017419       -0.026627       -0.164333

     Cl  18       -1.227606       -1.031883        0.373785
     Cl  18       -1.031883        1.711212       -2.042158
     Cl  18        0.373785       -2.042158       -0.483607

     H   19       -0.000000        0.000000        0.000000
     H   19        0.000000        0.000000        0.000000
     H   19        0.000000        0.000000        0.000000

     C   20       -0.199364        0.010247       -0.088291
     C   20        0.010247        0.110380       -0.193439
     C   20       -0.088291       -0.193439        0.088984

     H   21       -0.000000        0.000000        0.000000
     H   21        0.000000        0.000000        0.000000
     H   21        0.000000        0.000000        0.000000

     C   22       -0.059201        0.028212       -0.007831
     C   22        0.028212       -0.024656       -0.138756
     C   22       -0.007831       -0.138756        0.083856

     C   23       -0.131353       -0.008913       -0.025404
     C   23       -0.008913        0.145149       -0.110496
     C   23       -0.025404       -0.110496       -0.013795

     Cl  24       -0.197215        2.003306       -0.284060
     Cl  24        2.003306        0.763774       -1.920382
     Cl  24       -0.284060       -1.920382       -0.566559

     ----- total EFG -----
     Cl   1       -0.030195       -1.495445        0.158997
     Cl   1       -1.495445        1.484504        1.652952
     Cl   1        0.158997        1.652952       -1.454309

     C    2       -0.810255        0.302218       -0.130331
     C    2        0.302218        0.487494        0.612661
     C    2       -0.130331        0.612661        0.322761

     C    3        0.497447       -0.205360        0.077801
     C    3       -0.205360       -0.234169       -0.039256
     C    3        0.077801       -0.039256       -0.263278

     H    4        0.601047        0.402456        0.252483
     H    4        0.402456       -0.665678        0.107860
     H    4        0.252483        0.107860        0.064632

     C    5       -0.298626       -0.065871        0.035486
     C    5       -0.065871        0.078144        0.428297
     C    5        0.035486        0.428297        0.220482

     H    6       -0.057275       -0.073282        0.191896
     H    6       -0.073282        0.502967        0.580701
     H    6        0.191896        0.580701       -0.445691

     H    7       -0.219967        0.048749        0.209192
     H    7        0.048749        0.281108       -0.639719
     H    7        0.209192       -0.639719       -0.061141

     C    8        0.534899        0.125169        0.001916
     C    8        0.125169       -0.042169       -0.107144
     C    8        0.001916       -0.107144       -0.492731

     H    9        0.723991        0.022689        0.440868
     H    9        0.022689       -0.380334       -0.302707
     H    9        0.440868       -0.302707       -0.343658

     C   10        0.155429        0.212650        0.193999
     C   10        0.212650        0.178129       -0.615261
     C   10        0.193999       -0.615261       -0.333558

     C   11        0.442869        0.011015       -0.145347
     C   11        0.011015        0.329265        0.264466
     C   11       -0.145347        0.264466       -0.772134

     Cl  12        0.124161       -0.073447       -0.265313
     Cl  12       -0.073447       -0.043129        0.101449
     Cl  12       -0.265313        0.101449       -0.081032

     H   13       -0.081671       -0.001771        0.021628
     H   13       -0.001771        0.189659        0.148584
     H   13        0.021628        0.148584       -0.107988

     C   14        0.177686       -0.138454        0.041646
     C   14       -0.138454       -0.149982        0.135092
     C   14        0.041646        0.135092       -0.027705

     H   15        0.499376       -0.321929        0.237269
     H   15       -0.321929       -0.541175       -0.016847
     H   15        0.237269       -0.016847        0.041798

     C   16       -0.748321        0.085938       -0.258686
     C   16        0.085938        0.631153        0.442285
     C   16       -0.258686        0.442285        0.117168

     C   17        0.294831       -0.236300        0.044736
     C   17       -0.236300        0.146601       -0.181228
     C   17        0.044736       -0.181228       -0.441432

     Cl  18       -1.428552       -0.919807        0.400706
     Cl  18       -0.919807        1.840375       -2.116669
     Cl  18        0.400706       -2.116669       -0.411823

     H   19       -0.072128        0.018064       -0.095156
     H   19        0.018064        0.071121       -0.042143
     H   19       -0.095156       -0.042143        0.001007

     C   20       -0.717385       -0.240762       -0.526454
     C   20       -0.240762        0.584624       -0.525874
     C   20       -0.526454       -0.525874        0.132761

     H   21        0.271761       -0.313594        0.590007
     H   21       -0.313594        0.118618       -0.019842
     H   21        0.590007       -0.019842       -0.390379

     C   22        0.378733        0.130645       -0.025504
     C   22        0.130645       -0.299812       -0.023999
     C   22       -0.025504       -0.023999       -0.078921

     C   23       -0.581728       -0.405191       -0.294248
     C   23       -0.405191        0.593375       -0.349142
     C   23       -0.294248       -0.349142       -0.011647

     Cl  24       -0.025506        2.202409       -0.234521
     Cl  24        2.202409        0.707053       -1.963004
     Cl  24       -0.234521       -1.963004       -0.681548

     ----- total EFG (symmetrized) -----
     Cl   1       -0.030195       -1.495445        0.158997
     Cl   1       -1.495445        1.484504        1.652952
     Cl   1        0.158997        1.652952       -1.454309

     C    2       -0.810255        0.302218       -0.130331
     C    2        0.302218        0.487494        0.612661
     C    2       -0.130331        0.612661        0.322761

     C    3        0.497447       -0.205360        0.077801
     C    3       -0.205360       -0.234169       -0.039256
     C    3        0.077801       -0.039256       -0.263278

     H    4        0.601047        0.402456        0.252483
     H    4        0.402456       -0.665678        0.107860
     H    4        0.252483        0.107860        0.064632

     C    5       -0.298626       -0.065871        0.035486
     C    5       -0.065871        0.078144        0.428297
     C    5        0.035486        0.428297        0.220482

     H    6       -0.057275       -0.073282        0.191896
     H    6       -0.073282        0.502967        0.580701
     H    6        0.191896        0.580701       -0.445691

     H    7       -0.219967        0.048749        0.209192
     H    7        0.048749        0.281108       -0.639719
     H    7        0.209192       -0.639719       -0.061141

     C    8        0.534899        0.125169        0.001916
     C    8        0.125169       -0.042169       -0.107144
     C    8        0.001916       -0.107144       -0.492731

     H    9        0.723991        0.022689        0.440868
     H    9        0.022689       -0.380334       -0.302707
     H    9        0.440868       -0.302707       -0.343658

     C   10        0.155429        0.212650        0.193999
     C   10        0.212650        0.178129       -0.615261
     C   10        0.193999       -0.615261       -0.333558

     C   11        0.442869        0.011015       -0.145347
     C   11        0.011015        0.329265        0.264466
     C   11       -0.145347        0.264466       -0.772134

     Cl  12        0.124161       -0.073447       -0.265313
     Cl  12       -0.073447       -0.043129        0.101449
     Cl  12       -0.265313        0.101449       -0.081032

     H   13       -0.081671       -0.001771        0.021628
     H   13       -0.001771        0.189659        0.148584
     H   13        0.021628        0.148584       -0.107988

     C   14        0.177686       -0.138454        0.041646
     C   14       -0.138454       -0.149982        0.135092
     C   14        0.041646        0.135092       -0.027705

     H   15        0.499376       -0.321929        0.237269
     H   15       -0.321929       -0.541175       -0.016847
     H   15        0.237269       -0.016847        0.041798

     C   16       -0.748321        0.085938       -0.258686
     C   16        0.085938        0.631153        0.442285
     C   16       -0.258686        0.442285        0.117168

     C   17        0.294831       -0.236300        0.044736
     C   17       -0.236300        0.146601       -0.181228
     C   17        0.044736       -0.181228       -0.441432

     Cl  18       -1.428552       -0.919807        0.400706
     Cl  18       -0.919807        1.840375       -2.116669
     Cl  18        0.400706       -2.116669       -0.411823

     H   19       -0.072128        0.018064       -0.095156
     H   19        0.018064        0.071121       -0.042143
     H   19       -0.095156       -0.042143        0.001007

     C   20       -0.717385       -0.240762       -0.526454
     C   20       -0.240762        0.584624       -0.525874
     C   20       -0.526454       -0.525874        0.132761

     H   21        0.271761       -0.313594        0.590007
     H   21       -0.313594        0.118618       -0.019842
     H   21        0.590007       -0.019842       -0.390379

     C   22        0.378733        0.130645       -0.025504
     C   22        0.130645       -0.299812       -0.023999
     C   22       -0.025504       -0.023999       -0.078921

     C   23       -0.581728       -0.405191       -0.294248
     C   23       -0.405191        0.593375       -0.349142
     C   23       -0.294248       -0.349142       -0.011647

     Cl  24       -0.025506        2.202409       -0.234521
     Cl  24        2.202409        0.707053       -1.963004
     Cl  24       -0.234521       -1.963004       -0.681548


     NQR/NMR SPECTROSCOPIC PARAMETERS:
     Cl   1    Vxx=   -0.3671    axis=(  0.838491  0.240855  0.488796)
     Cl   1    Vyy=   -2.4722    axis=(  0.340327  0.469085 -0.814946)
     Cl   1    Vzz=    2.8392    axis=( -0.425570  0.849675  0.311354)
     Cl   1  Q=        -8.1650 1e-30 m^2  Cq=       -54.4690 MHz  eta= 0.74143

     C    2    Vxx=   -0.0930    axis=( -0.374197 -0.573934  0.728406)
     C    2    Vyy=   -0.9416    axis=( -0.923927  0.298155 -0.239714)
     C    2    Vzz=    1.0346    axis=( -0.079598 -0.762695 -0.641842)
     C    2  Q=         1.0000 1e-30 m^2  Cq=         2.4309 MHz  eta= 0.82018

     C    3    Vxx=   -0.2602    axis=( -0.223303 -0.508811  0.831413)
     C    3    Vyy=   -0.2998    axis=(  0.158606  0.822617  0.546027)
     C    3    Vzz=    0.5600    axis=(  0.961759 -0.253796  0.102992)
     C    3  Q=         1.0000 1e-30 m^2  Cq=         1.3157 MHz  eta= 0.07084

     H    4    Vxx=   -0.0328    axis=( -0.338888 -0.055442  0.939192)
     H    4    Vyy=   -0.7841    axis=( -0.271821  0.961460 -0.041325)
     H    4    Vzz=    0.8169    axis=( -0.900704 -0.269297 -0.340898)
     H    4  Q=         1.0000 1e-30 m^2  Cq=         1.9195 MHz  eta= 0.91960

     C    5    Vxx=   -0.2184    axis=( -0.672376  0.556178 -0.488443)
     C    5    Vyy=   -0.3654    axis=( -0.739998 -0.520850  0.425579)
     C    5    Vzz=    0.5838    axis=( -0.017708  0.647596  0.761778)
     C    5  Q=         1.0000 1e-30 m^2  Cq=         1.3716 MHz  eta= 0.25188

     H    6    Vxx=    0.0005    axis=(  0.961828 -0.134893  0.238097)
     H    6    Vyy=    0.7788    axis=(  0.019841  0.902153  0.430960)
     H    6    Vzz=   -0.7793    axis=( -0.272933 -0.409786  0.870393)
     H    6  Q=         1.0000 1e-30 m^2  Cq=        -1.8310 MHz  eta= 0.99870

     H    7    Vxx=   -0.1366    axis=( -0.901298 -0.328081 -0.282887)
     H    7    Vyy=   -0.6437    axis=( -0.423550  0.530324  0.734412)
     H    7    Vzz=    0.7803    axis=(  0.090925 -0.781741  0.616939)
     H    7  Q=         1.0000 1e-30 m^2  Cq=         1.8334 MHz  eta= 0.64997

     C    8    Vxx=   -0.0435    axis=( -0.205222  0.951814 -0.227891)
     C    8    Vyy=   -0.5178    axis=( -0.028750  0.226884  0.973497)
     C    8    Vzz=    0.5613    axis=( -0.978293 -0.206335  0.019197)
     C    8  Q=         1.0000 1e-30 m^2  Cq=         1.3187 MHz  eta= 0.84498

     H    9    Vxx=   -0.1463    axis=( -0.271625 -0.771100  0.575868)
     H    9    Vyy=   -0.7417    axis=(  0.231923 -0.633177 -0.738444)
     H    9    Vzz=    0.8880    axis=(  0.934040 -0.067023  0.350823)
     H    9  Q=         1.0000 1e-30 m^2  Cq=         2.0863 MHz  eta= 0.67053

     C   10    Vxx=    0.2230    axis=(  0.945197  0.002671  0.326490)
     C   10    Vyy=    0.6010    axis=(  0.175735  0.838603 -0.515618)
     C   10    Vzz=   -0.8240    axis=( -0.275172  0.544736  0.792176)
     C   10  Q=         1.0000 1e-30 m^2  Cq=        -1.9361 MHz  eta= 0.45866

     C   11    Vxx=    0.3834    axis=( -0.270583 -0.945277 -0.182306)
     C   11    Vyy=    0.4650    axis=( -0.956278  0.242084  0.164098)
     C   11    Vzz=   -0.8484    axis=(  0.110985 -0.218737  0.969452)
     C   11  Q=         1.0000 1e-30 m^2  Cq=        -1.9935 MHz  eta= 0.09618

     Cl  12    Vxx=   -0.0708    axis=(  0.357024  0.934088  0.003759)
     Cl  12    Vyy=   -0.2716    axis=( -0.519275  0.201818 -0.830436)
     Cl  12    Vzz=    0.3424    axis=( -0.776458  0.294534  0.557102)
     Cl  12  Q=        -8.1650 1e-30 m^2  Cq=        -6.5684 MHz  eta= 0.58647

     H   13    Vxx=   -0.0772    axis=(  0.975650 -0.101726  0.194317)
     H   13    Vyy=   -0.1741    axis=(  0.218422  0.369931 -0.903019)
     H   13    Vzz=    0.2513    axis=(  0.019977  0.923473  0.383142)
     H   13  Q=         1.0000 1e-30 m^2  Cq=         0.5904 MHz  eta= 0.38569

     C   14    Vxx=    0.0511    axis=(  0.201764  0.446597  0.871689)
     C   14    Vyy=    0.2286    axis=( -0.934523  0.354195  0.034841)
     C   14    Vzz=   -0.2798    axis=( -0.293188 -0.821643  0.488819)
     C   14  Q=         1.0000 1e-30 m^2  Cq=        -0.6573 MHz  eta= 0.63434

     H   15    Vxx=   -0.0401    axis=( -0.310948  0.168330  0.935402)
     H   15    Vyy=   -0.6365    axis=( -0.286659 -0.954969  0.076560)
     H   15    Vzz=    0.6766    axis=(  0.906167 -0.244335  0.345199)
     H   15  Q=         1.0000 1e-30 m^2  Cq=         1.5897 MHz  eta= 0.88144

     C   16    Vxx=   -0.0375    axis=( -0.350242 -0.485026  0.801299)
     C   16    Vyy=   -0.8501    axis=( -0.936012  0.149452 -0.318661)
     C   16    Vzz=    0.8876    axis=(  0.034803 -0.861634 -0.506335)
     C   16  Q=         1.0000 1e-30 m^2  Cq=         2.0855 MHz  eta= 0.91555

     C   17    Vxx=    0.0024    axis=(  0.632223  0.737510 -0.237431)
     C   17    Vyy=    0.4911    axis=( -0.774193  0.613338 -0.156341)
     C   17    Vzz=   -0.4934    axis=(  0.030323  0.282659  0.958741)
     C   17  Q=         1.0000 1e-30 m^2  Cq=        -1.1594 MHz  eta= 0.99036

     Cl  18    Vxx=   -1.5307    axis=( -0.750920  0.191876  0.631904)
     Cl  18    Vyy=   -1.7897    axis=(  0.627714  0.504656  0.592703)
     Cl  18    Vzz=    3.3204    axis=( -0.205169  0.841728 -0.499400)
     Cl  18  Q=        -8.1650 1e-30 m^2  Cq=       -63.7002 MHz  eta= 0.07799

     H   19    Vxx=    0.0240    axis=(  0.442997 -0.685735 -0.577512)
     H   19    Vyy=    0.1139    axis=( -0.367488 -0.726457  0.580700)
     H   19    Vzz=   -0.1379    axis=(  0.817744  0.045020  0.573818)
     H   19  Q=         1.0000 1e-30 m^2  Cq=        -0.3240 MHz  eta= 0.65253

     C   20    Vxx=    0.1565    axis=(  0.542239 -0.512736 -0.665642)
     C   20    Vyy=    0.9368    axis=( -0.064486 -0.815278  0.575468)
     C   20    Vzz=   -1.0933    axis=(  0.837746  0.269117  0.475140)
     C   20  Q=         1.0000 1e-30 m^2  Cq=        -2.5689 MHz  eta= 0.71364

     H   21    Vxx=    0.0146    axis=(  0.274037  0.893603  0.355495)
     H   21    Vyy=    0.7456    axis=( -0.804161  0.415651 -0.424922)
     H   21    Vzz=   -0.7602    axis=( -0.527474 -0.169431  0.832505)
     H   21  Q=         1.0000 1e-30 m^2  Cq=        -1.7861 MHz  eta= 0.96170

     C   22    Vxx=   -0.0793    axis=(  0.073833 -0.064551  0.995179)
     C   22    Vyy=   -0.3256    axis=( -0.179153  0.980810  0.076910)
     C   22    Vzz=    0.4048    axis=( -0.981047 -0.183968  0.060851)
     C   22  Q=         1.0000 1e-30 m^2  Cq=         0.9512 MHz  eta= 0.60843

     C   23    Vxx=    0.0812    axis=( -0.492669  0.189265  0.849386)
     C   23    Vyy=    0.8038    axis=( -0.201787  0.924612 -0.323070)
     C   23    Vzz=   -0.8850    axis=( -0.846498 -0.330562 -0.417337)
     C   23  Q=         1.0000 1e-30 m^2  Cq=        -2.0795 MHz  eta= 0.81644

     Cl  24    Vxx=   -0.6094    axis=(  0.696999 -0.109320  0.708690)
     Cl  24    Vyy=   -2.6891    axis=(  0.487933 -0.651922 -0.580447)
     Cl  24    Vzz=    3.2985    axis=( -0.525465 -0.750364  0.401048)
     Cl  24  Q=        -8.1650 1e-30 m^2  Cq=       -63.2805 MHz  eta= 0.63051

     Initialization:
     gipaw_setup  :      9.16s CPU     11.02s WALL (       1 calls)

     Linear response

     Apply operators

     Induced current

     Other routines
     efg          :      9.38s CPU     12.99s WALL (       1 calls)

     General routines
     calbec       :      3.27s CPU      4.69s WALL (      16 calls)
     fft          :      1.40s CPU      1.86s WALL (      15 calls)
     ffts         :      0.04s CPU      0.06s WALL (       2 calls)
     fftw         :      3.45s CPU      4.73s WALL (     672 calls)
     davcio       :      0.04s CPU      0.32s WALL (      32 calls)

     Parallel routines
     fft_scatter  :      2.32s CPU      3.81s WALL (     689 calls)

     Plugins

     GIPAW        :     61.95s CPU     77.93s WALL (       1 calls)
