
     Program QE v.6.0 (svn rev. 13079) starts on 27Dec2016 at 15:30:26 

     This program is part of the open-source Quantum ESPRESSO suite
     for quantum simulation of materials; please cite
         "P. Giannozzi et al., J. Phys.:Condens. Matter 21 395502 (2009);
          URL http://www.quantum-espresso.org", 
     in publications or presentations arising from this work. More details at
     http://www.quantum-espresso.org/quote

     Parallel version (MPI), running on     8 processors
     R & G space division:  proc/nbgrp/npool/nimage =       8

     ***** This is GIPAW svn revision unknown      *****

     Parallelizing q-star over 1 images

     Reading data from directory:
     /users/majewski/paradichlorobenzene/pbe/9_constraint/scratch/pbe.ecut100.np8.dt60.pcl2phi-129368.save
     Message from routine read_xml_file:
     file /users/majewski/paradichlorobenzene/pbe/9_constraint/scratch/pbe.ecut100.np8.dt60.pcl2phi-129368.save not guaranteed to be safe for post-processing

   Info: using nr1, nr2, nr3 values from input

   Info: using nr1, nr2, nr3 values from input

     IMPORTANT: XC functional enforced from input :
     Exchange-correlation      =  SLA  PW   PBX  PBC ( 1  4  3  4 0 0)
     Any further DFT definition will be discarded
     Please, verify this is what you really want

               file C.pbe-n-kjpaw_psl.1.0.0.UPF: wavefunction(s)  2S 2P renormalized
               file Cl.pbe-n-kjpaw_psl.1.0.0.UPF: wavefunction(s)  3S 3P renormalized
               file H.pbe-kjpaw_psl.1.0.0.UPF: wavefunction(s)  1S renormalized

     Parallelization info
     --------------------
     sticks:   dense  smooth     PW     G-vecs:    dense   smooth      PW
     Min        3057    1223    332               144436    36536    5170
     Max        3059    1225    333               144437    36537    5171
     Sum       24467    9791   2657              1155489   292295   41363


     Subspace diagonalization in iterative solution of the eigenvalue problem:
     a serial algorithm will be used

     GIPAW projectors -----------------------------------------------
     atom=  C    l=0  rc=    1.2000  rs=    0.8000
     atom=  C    l=0  rc=    1.2000  rs=    0.8000
     atom=  C    l=1  rc=    1.4000  rs=    0.9333
     atom=  C    l=1  rc=    1.4000  rs=    0.9333
     projs nearly linearly dependent: l=1  n1,n2= 1, 2  s=  0.99951561

     atom=  Cl   l=0  rc=    1.6000  rs=    1.0667
     atom=  Cl   l=0  rc=    1.6000  rs=    1.0667
     atom=  Cl   l=1  rc=    1.6000  rs=    1.0667
     atom=  Cl   l=1  rc=    1.6000  rs=    1.0667
     atom=  Cl   l=2  rc=    1.6000  rs=    1.0667
     atom=  Cl   l=2  rc=    1.6000  rs=    1.0667
     projs nearly linearly dependent: l=2  n1,n2= 1, 2  s=  0.99993509

     atom=  H    l=0  rc=    1.0000  rs=    0.6667
     atom=  H    l=0  rc=    1.0000  rs=    0.6667
     projs nearly linearly dependent: l=0  n1,n2= 1, 2  s=  0.99968852
     -----------------------------------------------------------------

     GIPAW integrals: -------------------------------------------
     Atom  i/j   nmr_para   nmr_dia   epr_rmc  epr_para   epr_dia
       C   1 1   0.83E+03  0.17E-01  0.93E+01  0.24E+08  0.24E+03
       C   2 1   0.86E+03 -0.61E-01  0.94E+01  0.25E+08  0.25E+03
       C   2 2   0.90E+03 -0.15E+00  0.97E+01  0.26E+08  0.26E+03
       C   3 3   0.33E+01  0.34E+00  0.18E+01  0.55E+03  0.21E+02
       C   4 3   0.35E+01  0.37E+00  0.20E+01  0.59E+03  0.22E+02
       C   4 4   0.38E+01  0.39E+00  0.22E+01  0.63E+03  0.24E+02
       Cl  1 1   0.14E+04 -0.47E+00  0.84E+01  0.32E+09  0.42E+03
       Cl  2 1   0.21E+04 -0.37E+00  0.12E+02  0.49E+09  0.65E+03
       Cl  2 2   0.33E+04 -0.16E+00  0.21E+02  0.76E+09  0.10E+04
       Cl  3 3   0.21E+02  0.79E-01  0.89E+01  0.23E+05  0.13E+03
       Cl  4 3   0.24E+02  0.67E-01  0.99E+01  0.27E+05  0.15E+03
       Cl  4 4   0.28E+02  0.44E-01  0.11E+02  0.32E+05  0.18E+03
       Cl  5 5   0.77E+00  0.19E+00  0.18E+01  0.12E+03  0.22E+02
       Cl  6 5   0.80E+00  0.19E+00  0.19E+01  0.12E+03  0.23E+02
       Cl  6 6   0.83E+00  0.20E+00  0.19E+01  0.12E+03  0.23E+02
       H   1 1   0.39E+02  0.19E+00  0.29E+00  0.78E+05  0.13E+02
       H   2 1   0.41E+02  0.21E+00  0.32E+00  0.82E+05  0.14E+02
       H   2 2   0.43E+02  0.22E+00  0.36E+00  0.86E+05  0.15E+02
     ------------------------------------------------------------

     alpha_pv=     34.0867 eV

     Number of occupied bands for each k-point:
     k-point:     1    nbnd_occ=  42
     k-point:     2    nbnd_occ=  42
     k-point:     3    nbnd_occ=  42
     k-point:     4    nbnd_occ=  42
     k-point:     5    nbnd_occ=  42
     k-point:     6    nbnd_occ=  42
     k-point:     7    nbnd_occ=  42
     k-point:     8    nbnd_occ=  42
     k-point:     9    nbnd_occ=  42
     k-point:    10    nbnd_occ=  42
     k-point:    11    nbnd_occ=  42
     k-point:    12    nbnd_occ=  42
     k-point:    13    nbnd_occ=  42
     k-point:    14    nbnd_occ=  42
     k-point:    15    nbnd_occ=  42
     k-point:    16    nbnd_occ=  42


     q-space interpolation up to   110.00 Rydberg

     GIPAW job: efg                                                                             


     ELECTRIC FIELD GRADIENTS TENSORS IN Hartree/bohrradius^2:

     ----- bare term -----
     Cl   1       -0.049615        0.221359       -0.074232
     Cl   1        0.221359        0.007149       -0.059484
     Cl   1       -0.074232       -0.059484        0.042466

     C    2       -0.090117        0.086468       -0.541915
     C    2        0.086468       -0.155709       -0.477006
     C    2       -0.541915       -0.477006        0.245826

     C    3       -0.094741        0.459292       -0.314261
     C    3        0.459292       -0.299686       -0.421981
     C    3       -0.314261       -0.421981        0.394426

     H    4       -0.149085       -0.152249       -0.483819
     H    4       -0.152249        0.377546       -0.010811
     H    4       -0.483819       -0.010811       -0.228460

     C    5       -0.275765        0.140161       -0.496895
     C    5        0.140161       -0.009473       -0.405498
     C    5       -0.496895       -0.405498        0.285238

     H    6        0.326155        0.040699       -0.023303
     H    6        0.040699       -0.500584       -0.480607
     H    6       -0.023303       -0.480607        0.174430

     H    7        0.432870       -0.106004       -0.100373
     H    7       -0.106004       -0.744036        0.045885
     H    7       -0.100373        0.045885        0.311166

     C    8       -0.275998       -0.058510       -0.334031
     C    8       -0.058510       -0.021233        0.527316
     C    8       -0.334031        0.527316        0.297231

     H    9       -0.356213        0.417749       -0.334827
     H    9        0.417749        0.064201        0.110831
     H    9       -0.334827        0.110831        0.292012

     C   10       -0.459585       -0.360556       -0.176393
     C   10       -0.360556        0.028434        0.458117
     C   10       -0.176393        0.458117        0.431150

     C   11       -0.121003        0.302532       -0.352060
     C   11        0.302532       -0.071725        0.677663
     C   11       -0.352060        0.677663        0.192728

     Cl  12       -0.235597       -0.184385        0.090657
     Cl  12       -0.184385       -0.040363        0.154662
     Cl  12        0.090657        0.154662        0.275960

     H   13        0.344564        0.054035       -0.025053
     H   13        0.054035       -0.545239       -0.448078
     H   13       -0.025053       -0.448078        0.200675

     C   14       -0.186494        0.417997       -0.292890
     C   14        0.417997       -0.226805       -0.399526
     C   14       -0.292890       -0.399526        0.413299

     H   15       -0.200688       -0.010433       -0.573375
     H   15       -0.010433        0.250373        0.056841
     H   15       -0.573375        0.056841       -0.049685

     C   16       -0.262401        0.278618       -0.286768
     C   16        0.278618       -0.159848       -0.465167
     C   16       -0.286768       -0.465167        0.422249

     C   17       -0.149888        0.180744       -0.286011
     C   17        0.180744       -0.182791       -0.490291
     C   17       -0.286011       -0.490291        0.332679

     Cl  18       -0.142110        0.057232        0.014560
     Cl  18        0.057232       -0.101756        0.049076
     Cl  18        0.014560        0.049076        0.243867

     H   19        0.135571        0.297019        0.050028
     H   19        0.297019       -0.445859        0.359557
     H   19        0.050028        0.359557        0.310288

     C   20       -0.348834       -0.346130       -0.267165
     C   20       -0.346130       -0.081822        0.257610
     C   20       -0.267165        0.257610        0.430656

     H   21       -0.657658        0.110571        0.036481
     H   21        0.110571        0.426379        0.205702
     H   21        0.036481        0.205702        0.231279

     C   22       -0.010452        0.009661       -0.364702
     C   22        0.009661       -0.400652        0.461594
     C   22       -0.364702        0.461594        0.411104

     C   23       -0.464717       -0.264306       -0.336589
     C   23       -0.264306        0.067095        0.249327
     C   23       -0.336589        0.249327        0.397622

     Cl  24        0.043986        0.003678       -0.136084
     Cl  24        0.003678       -0.031724        0.074163
     Cl  24       -0.136084        0.074163       -0.012262

     ----- ionic term -----
     Cl   1        0.120272       -0.217572        0.010942
     Cl   1       -0.217572        0.031655        0.006277
     Cl   1        0.010942        0.006277       -0.151927

     C    2        0.099366       -0.225323        0.286073
     C    2       -0.225323        0.188663        0.376426
     C    2        0.286073        0.376426       -0.288029

     C    3        0.136852       -0.245607        0.245225
     C    3       -0.245607        0.212227        0.318603
     C    3        0.245225        0.318603       -0.349079

     H    4        0.626983        0.261035        0.693451
     H    4        0.261035       -0.430080        0.209911
     H    4        0.693451        0.209911       -0.196903

     C    5        0.250501       -0.164139        0.373016
     C    5       -0.164139        0.079950        0.261369
     C    5        0.373016        0.261369       -0.330451

     H    6       -0.523960        0.149989        0.072593
     H    6        0.149989        0.784050        0.618928
     H    6        0.072593        0.618928       -0.260090

     H    7       -0.518009       -0.003325        0.002993
     H    7       -0.003325        0.867240       -0.559691
     H    7        0.002993       -0.559691       -0.349231

     C    8        0.336910        0.200506        0.190134
     C    8        0.200506        0.104414       -0.268246
     C    8        0.190134       -0.268246       -0.441324

     H    9        0.638835       -0.303240        0.674778
     H    9       -0.303240       -0.438582       -0.232591
     H    9        0.674778       -0.232591       -0.200253

     C   10        0.208177        0.204571        0.179591
     C   10        0.204571        0.144474       -0.363655
     C   10        0.179591       -0.363655       -0.352651

     C   11        0.308901        0.113561        0.221619
     C   11        0.113561        0.073705       -0.391643
     C   11        0.221619       -0.391643       -0.382606

     Cl  12        0.150258        0.202452       -0.017300
     Cl  12        0.202452       -0.003812       -0.021824
     Cl  12       -0.017300       -0.021824       -0.146446

     H   13       -0.483025       -0.147014       -0.061917
     H   13       -0.147014        0.576143        0.706797
     H   13       -0.061917        0.706797       -0.093118

     C   14        0.208398       -0.340890        0.285966
     C   14       -0.340890        0.101755        0.260922
     C   14        0.285966        0.260922       -0.310153

     H   15        0.477465        0.072844        0.757734
     H   15        0.072844       -0.482325        0.152782
     H   15        0.757734        0.152782        0.004860

     C   16        0.108499       -0.377500        0.246937
     C   16       -0.377500        0.212449        0.318241
     C   16        0.246937        0.318241       -0.320948

     C   17        0.204027       -0.191861        0.408129
     C   17       -0.191861        0.078593        0.334714
     C   17        0.408129        0.334714       -0.282620

     Cl  18        0.134660       -0.225083        0.067109
     Cl  18       -0.225083        0.022213       -0.039432
     Cl  18        0.067109       -0.039432       -0.156873

     H   19       -0.497812       -0.164399        0.080172
     H   19       -0.164399        0.827401       -0.578140
     H   19        0.080172       -0.578140       -0.329589

     C   20        0.357978        0.149323        0.195195
     C   20        0.149323        0.082901       -0.310557
     C   20        0.195195       -0.310557       -0.440879

     H   21        0.729312       -0.338273        0.540681
     H   21       -0.338273       -0.409926       -0.232539
     H   21        0.540681       -0.232539       -0.319386

     C   22        0.203314        0.237309        0.097722
     C   22        0.237309        0.223100       -0.394693
     C   22        0.097722       -0.394693       -0.426414

     C   23        0.290746        0.115984        0.185643
     C   23        0.115984        0.109715       -0.373124
     C   23        0.185643       -0.373124       -0.400461

     Cl  24        0.168119        0.198117       -0.029251
     Cl  24        0.198117       -0.028940       -0.013942
     Cl  24       -0.029251       -0.013942       -0.139179

     ----- GIPAW term -----
     Cl   1        1.257153        0.827473       -1.228402
     Cl   1        0.827473        0.513752       -1.184524
     Cl   1       -1.228402       -1.184524       -1.770904

     C    2        0.025916        0.016079       -0.213438
     C    2        0.016079       -0.057510       -0.172073
     C    2       -0.213438       -0.172073        0.031594

     C    3        0.014575        0.121303       -0.193237
     C    3        0.121303       -0.114535       -0.109962
     C    3       -0.193237       -0.109962        0.099960

     H    4       -0.000000        0.000000        0.000000
     H    4        0.000000        0.000000        0.000000
     H    4        0.000000        0.000000        0.000000

     C    5        0.066116        0.053346       -0.135102
     C    5        0.053346       -0.063153       -0.089911
     C    5       -0.135102       -0.089911       -0.002962

     H    6       -0.000000        0.000000        0.000000
     H    6        0.000000        0.000000        0.000000
     H    6        0.000000        0.000000        0.000000

     H    7       -0.000000        0.000000        0.000000
     H    7        0.000000        0.000000        0.000000
     H    7        0.000000        0.000000        0.000000

     C    8       -0.074983        0.021650       -0.043147
     C    8        0.021650        0.090334        0.168496
     C    8       -0.043147        0.168496       -0.015352

     H    9       -0.000000        0.000000        0.000000
     H    9        0.000000        0.000000        0.000000
     H    9        0.000000        0.000000        0.000000

     C   10       -0.178435       -0.038222       -0.029533
     C   10       -0.038222        0.147738        0.164678
     C   10       -0.029533        0.164678        0.030697

     C   11        0.045154        0.249421        0.013729
     C   11        0.249421        0.005925        0.180340
     C   11        0.013729        0.180340       -0.051079

     Cl  12       -0.319218        1.609027        0.878890
     Cl  12        1.609027       -0.348706        1.633961
     Cl  12        0.878890        1.633961        0.667923

     H   13       -0.000000        0.000000        0.000000
     H   13        0.000000        0.000000        0.000000
     H   13        0.000000        0.000000        0.000000

     C   14        0.061909        0.147662       -0.097895
     C   14        0.147662       -0.083558       -0.114717
     C   14       -0.097895       -0.114717        0.021649

     H   15       -0.000000        0.000000        0.000000
     H   15        0.000000        0.000000        0.000000
     H   15        0.000000        0.000000        0.000000

     C   16       -0.069669        0.037692       -0.068703
     C   16        0.037692       -0.003765       -0.071557
     C   16       -0.068703       -0.071557        0.073433

     C   17        0.088805       -0.098543       -0.049871
     C   17       -0.098543       -0.040139       -0.075823
     C   17       -0.049871       -0.075823       -0.048665

     Cl  18       -0.522051       -1.534575        0.541935
     Cl  18       -1.534575       -1.367385        0.553965
     Cl  18        0.541935        0.553965        1.889436

     H   19       -0.000000        0.000000        0.000000
     H   19        0.000000        0.000000        0.000000
     H   19        0.000000        0.000000        0.000000

     C   20        0.047501        0.045126       -0.049399
     C   20        0.045126       -0.031669        0.014758
     C   20       -0.049399        0.014758       -0.015832

     H   21       -0.000000        0.000000        0.000000
     H   21        0.000000        0.000000        0.000000
     H   21        0.000000        0.000000        0.000000

     C   22       -0.024080        0.097550       -0.186797
     C   22        0.097550       -0.095942       -0.042425
     C   22       -0.186797       -0.042425        0.120023

     C   23       -0.026620        0.165595       -0.092285
     C   23        0.165595        0.098645       -0.037768
     C   23       -0.092285       -0.037768       -0.072025

     Cl  24        2.072026        1.513104       -1.927690
     Cl  24        1.513104       -0.933091        0.604884
     Cl  24       -1.927690        0.604884       -1.138935

     ----- total EFG -----
     Cl   1        1.327809        0.831260       -1.291692
     Cl   1        0.831260        0.552556       -1.237730
     Cl   1       -1.291692       -1.237730       -1.880365

     C    2        0.035165       -0.122775       -0.469280
     C    2       -0.122775       -0.024556       -0.272653
     C    2       -0.469280       -0.272653       -0.010609

     C    3        0.056686        0.334989       -0.262274
     C    3        0.334989       -0.201994       -0.213341
     C    3       -0.262274       -0.213341        0.145308

     H    4        0.477897        0.108786        0.209631
     H    4        0.108786       -0.052534        0.199100
     H    4        0.209631        0.199100       -0.425363

     C    5        0.040852        0.029368       -0.258981
     C    5        0.029368        0.007323       -0.234040
     C    5       -0.258981       -0.234040       -0.048175

     H    6       -0.197806        0.190688        0.049290
     H    6        0.190688        0.283466        0.138321
     H    6        0.049290        0.138321       -0.085660

     H    7       -0.085139       -0.109329       -0.097380
     H    7       -0.109329        0.123204       -0.513807
     H    7       -0.097380       -0.513807       -0.038065

     C    8       -0.014070        0.163647       -0.187044
     C    8        0.163647        0.173515        0.427565
     C    8       -0.187044        0.427565       -0.159445

     H    9        0.282622        0.114509        0.339951
     H    9        0.114509       -0.374381       -0.121760
     H    9        0.339951       -0.121760        0.091759

     C   10       -0.429842       -0.194208       -0.026336
     C   10       -0.194208        0.320646        0.259141
     C   10       -0.026336        0.259141        0.109196

     C   11        0.233052        0.665515       -0.116711
     C   11        0.665515        0.007905        0.466360
     C   11       -0.116711        0.466360       -0.240957

     Cl  12       -0.404556        1.627094        0.952247
     Cl  12        1.627094       -0.392882        1.766799
     Cl  12        0.952247        1.766799        0.797438

     H   13       -0.138461       -0.092979       -0.086971
     H   13       -0.092979        0.030903        0.258719
     H   13       -0.086971        0.258719        0.107558

     C   14        0.083813        0.224769       -0.104818
     C   14        0.224769       -0.208608       -0.253321
     C   14       -0.104818       -0.253321        0.124795

     H   15        0.276777        0.062411        0.184359
     H   15        0.062411       -0.231951        0.209622
     H   15        0.184359        0.209622       -0.044825

     C   16       -0.223571       -0.061190       -0.108534
     C   16       -0.061190        0.048837       -0.218483
     C   16       -0.108534       -0.218483        0.174734

     C   17        0.142943       -0.109660        0.072247
     C   17       -0.109660       -0.144337       -0.231399
     C   17        0.072247       -0.231399        0.001394

     Cl  18       -0.529501       -1.702426        0.623604
     Cl  18       -1.702426       -1.446928        0.563609
     Cl  18        0.623604        0.563609        1.976430

     H   19       -0.362240        0.132619        0.130200
     H   19        0.132619        0.381542       -0.218583
     H   19        0.130200       -0.218583       -0.019301

     C   20        0.056645       -0.151682       -0.121369
     C   20       -0.151682       -0.030590       -0.038189
     C   20       -0.121369       -0.038189       -0.026055

     H   21        0.071654       -0.227701        0.577162
     H   21       -0.227701        0.016453       -0.026838
     H   21        0.577162       -0.026838       -0.088107

     C   22        0.168781        0.344520       -0.453777
     C   22        0.344520       -0.273494        0.024476
     C   22       -0.453777        0.024476        0.104713

     C   23       -0.200590        0.017273       -0.243230
     C   23        0.017273        0.275455       -0.161566
     C   23       -0.243230       -0.161566       -0.074865

     Cl  24        2.284131        1.714899       -2.093026
     Cl  24        1.714899       -0.993755        0.665105
     Cl  24       -2.093026        0.665105       -1.290376

     ----- total EFG (symmetrized) -----
     Cl   1        1.327809        0.831260       -1.291692
     Cl   1        0.831260        0.552556       -1.237730
     Cl   1       -1.291692       -1.237730       -1.880365

     C    2        0.035165       -0.122775       -0.469280
     C    2       -0.122775       -0.024556       -0.272653
     C    2       -0.469280       -0.272653       -0.010609

     C    3        0.056686        0.334989       -0.262274
     C    3        0.334989       -0.201994       -0.213341
     C    3       -0.262274       -0.213341        0.145308

     H    4        0.477897        0.108786        0.209631
     H    4        0.108786       -0.052534        0.199100
     H    4        0.209631        0.199100       -0.425363

     C    5        0.040852        0.029368       -0.258981
     C    5        0.029368        0.007323       -0.234040
     C    5       -0.258981       -0.234040       -0.048175

     H    6       -0.197806        0.190688        0.049290
     H    6        0.190688        0.283466        0.138321
     H    6        0.049290        0.138321       -0.085660

     H    7       -0.085139       -0.109329       -0.097380
     H    7       -0.109329        0.123204       -0.513807
     H    7       -0.097380       -0.513807       -0.038065

     C    8       -0.014070        0.163647       -0.187044
     C    8        0.163647        0.173515        0.427565
     C    8       -0.187044        0.427565       -0.159445

     H    9        0.282622        0.114509        0.339951
     H    9        0.114509       -0.374381       -0.121760
     H    9        0.339951       -0.121760        0.091759

     C   10       -0.429842       -0.194208       -0.026336
     C   10       -0.194208        0.320646        0.259141
     C   10       -0.026336        0.259141        0.109196

     C   11        0.233052        0.665515       -0.116711
     C   11        0.665515        0.007905        0.466360
     C   11       -0.116711        0.466360       -0.240957

     Cl  12       -0.404556        1.627094        0.952247
     Cl  12        1.627094       -0.392882        1.766799
     Cl  12        0.952247        1.766799        0.797438

     H   13       -0.138461       -0.092979       -0.086971
     H   13       -0.092979        0.030903        0.258719
     H   13       -0.086971        0.258719        0.107558

     C   14        0.083813        0.224769       -0.104818
     C   14        0.224769       -0.208608       -0.253321
     C   14       -0.104818       -0.253321        0.124795

     H   15        0.276777        0.062411        0.184359
     H   15        0.062411       -0.231951        0.209622
     H   15        0.184359        0.209622       -0.044825

     C   16       -0.223571       -0.061190       -0.108534
     C   16       -0.061190        0.048837       -0.218483
     C   16       -0.108534       -0.218483        0.174734

     C   17        0.142943       -0.109660        0.072247
     C   17       -0.109660       -0.144337       -0.231399
     C   17        0.072247       -0.231399        0.001394

     Cl  18       -0.529501       -1.702426        0.623604
     Cl  18       -1.702426       -1.446928        0.563609
     Cl  18        0.623604        0.563609        1.976430

     H   19       -0.362240        0.132619        0.130200
     H   19        0.132619        0.381542       -0.218583
     H   19        0.130200       -0.218583       -0.019301

     C   20        0.056645       -0.151682       -0.121369
     C   20       -0.151682       -0.030590       -0.038189
     C   20       -0.121369       -0.038189       -0.026055

     H   21        0.071654       -0.227701        0.577162
     H   21       -0.227701        0.016453       -0.026838
     H   21        0.577162       -0.026838       -0.088107

     C   22        0.168781        0.344520       -0.453777
     C   22        0.344520       -0.273494        0.024476
     C   22       -0.453777        0.024476        0.104713

     C   23       -0.200590        0.017273       -0.243230
     C   23        0.017273        0.275455       -0.161566
     C   23       -0.243230       -0.161566       -0.074865

     Cl  24        2.284131        1.714899       -2.093026
     Cl  24        1.714899       -0.993755        0.665105
     Cl  24       -2.093026        0.665105       -1.290376


     NQR/NMR SPECTROSCOPIC PARAMETERS:
     Cl   1    Vxx=    0.0566    axis=(  0.610686 -0.786141  0.095106)
     Cl   1    Vyy=    2.5584    axis=(  0.754679  0.541414 -0.370581)
     Cl   1    Vzz=   -2.6150    axis=(  0.239837  0.298083  0.923918)
     Cl   1  Q=        -8.1650 1e-30 m^2  Cq=        50.1675 MHz  eta= 0.95674

     C    2    Vxx=    0.0943    axis=(  0.466796 -0.868201  0.168309)
     C    2    Vyy=    0.5042    axis=( -0.661629 -0.216564  0.717877)
     C    2    Vzz=   -0.5985    axis=(  0.586811  0.446461  0.675519)
     C    2  Q=         1.0000 1e-30 m^2  Cq=        -1.4062 MHz  eta= 0.68482

     C    3    Vxx=   -0.1269    axis=(  0.559393  0.298792  0.773177)
     C    3    Vyy=   -0.4336    axis=( -0.538906  0.839827  0.065350)
     C    3    Vzz=    0.5604    axis=( -0.629809 -0.453226  0.630814)
     C    3  Q=         1.0000 1e-30 m^2  Cq=         1.3168 MHz  eta= 0.54718

     H    4    Vxx=   -0.0271    axis=(  0.314099 -0.904942 -0.287091)
     H    4    Vyy=   -0.5350    axis=(  0.154194  0.347006 -0.925101)
     H    4    Vzz=    0.5621    axis=(  0.936785  0.246305  0.248531)
     H    4  Q=         1.0000 1e-30 m^2  Cq=         1.3207 MHz  eta= 0.90348

     C    5    Vxx=   -0.0069    axis=(  0.666600 -0.744423  0.038455)
     C    5    Vyy=   -0.3497    axis=(  0.467284  0.457514  0.756523)
     C    5    Vzz=    0.3566    axis=( -0.580767 -0.486328  0.652836)
     C    5  Q=         1.0000 1e-30 m^2  Cq=         0.8378 MHz  eta= 0.96138

     H    6    Vxx=   -0.1305    axis=( -0.088912 -0.278555  0.956296)
     H    6    Vyy=   -0.2642    axis=( -0.944949  0.327134  0.007433)
     H    6    Vzz=    0.3947    axis=( -0.314907 -0.902990 -0.292306)
     H    6  Q=         1.0000 1e-30 m^2  Cq=         0.9275 MHz  eta= 0.33864

     H    7    Vxx=   -0.0379    axis=(  0.949166 -0.179820 -0.258356)
     H    7    Vyy=   -0.5254    axis=(  0.313196  0.621602  0.717997)
     H    7    Vzz=    0.5633    axis=(  0.031484 -0.762415  0.646322)
     H    7  Q=         1.0000 1e-30 m^2  Cq=         1.3235 MHz  eta= 0.86536

     C    8    Vxx=    0.0950    axis=(  0.909079  0.171873 -0.379521)
     C    8    Vyy=    0.4680    axis=( -0.070785 -0.833979 -0.547237)
     C    8    Vzz=   -0.5629    axis=( -0.410567  0.524346 -0.745987)
     C    8  Q=         1.0000 1e-30 m^2  Cq=        -1.3226 MHz  eta= 0.66263

     H    9    Vxx=   -0.0741    axis=( -0.517546 -0.483556  0.705917)
     H    9    Vyy=   -0.4666    axis=( -0.304461  0.875080  0.376216)
     H    9    Vzz=    0.5406    axis=( -0.799656 -0.020215 -0.600118)
     H    9  Q=         1.0000 1e-30 m^2  Cq=         1.2703 MHz  eta= 0.72599

     C   10    Vxx=   -0.0479    axis=(  0.192910 -0.494308  0.847612)
     C   10    Vyy=   -0.4796    axis=( -0.964009 -0.256545  0.069790)
     C   10    Vzz=    0.5275    axis=(  0.182953 -0.830569 -0.526007)
     C   10  Q=         1.0000 1e-30 m^2  Cq=         1.2395 MHz  eta= 0.81832

     C   11    Vxx=    0.0232    axis=( -0.541235  0.307851  0.782491)
     C   11    Vyy=    0.8427    axis=( -0.700540 -0.679786 -0.217106)
     C   11    Vzz=   -0.8659    axis=(  0.465090 -0.665672  0.583586)
     C   11  Q=         1.0000 1e-30 m^2  Cq=        -2.0346 MHz  eta= 0.94631

     Cl  12    Vxx=   -0.7809    axis=( -0.686551 -0.242366  0.685497)
     Cl  12    Vyy=   -2.1971    axis=( -0.557904  0.780195 -0.282914)
     Cl  12    Vzz=    2.9780    axis=( -0.466253 -0.576676 -0.670860)
     Cl  12  Q=        -8.1650 1e-30 m^2  Cq=       -57.1316 MHz  eta= 0.47553

     H   13    Vxx=   -0.1643    axis=( -0.877113  0.175036 -0.447252)
     H   13    Vyy=   -0.1985    axis=( -0.413085 -0.749996  0.516591)
     H   13    Vzz=    0.3628    axis=( -0.245016  0.637862  0.730137)
     H   13  Q=         1.0000 1e-30 m^2  Cq=         0.8524 MHz  eta= 0.09443

     C   14    Vxx=   -0.0023    axis=(  0.754650  0.016795  0.655912)
     C   14    Vyy=   -0.3973    axis=(  0.330228 -0.873552 -0.357571)
     C   14    Vzz=    0.3996    axis=( -0.566968 -0.486442  0.664772)
     C   14  Q=         1.0000 1e-30 m^2  Cq=         0.9388 MHz  eta= 0.98854

     H   15    Vxx=   -0.0244    axis=( -0.521036  0.523892  0.673839)
     H   15    Vyy=   -0.3720    axis=(  0.083549  0.816982 -0.570578)
     H   15    Vzz=    0.3964    axis=(  0.849436  0.240993  0.469448)
     H   15  Q=         1.0000 1e-30 m^2  Cq=         0.9313 MHz  eta= 0.87687

     C   16    Vxx=   -0.0451    axis=( -0.524038  0.719280  0.456092)
     C   16    Vyy=   -0.2987    axis=(  0.846688  0.381985  0.370415)
     C   16    Vzz=    0.3438    axis=( -0.092211 -0.580279  0.809180)
     C   16  Q=         1.0000 1e-30 m^2  Cq=         0.8077 MHz  eta= 0.73750

     C   17    Vxx=    0.0364    axis=(  0.734816  0.319899 -0.598089)
     C   17    Vyy=    0.2825    axis=(  0.670027 -0.479390  0.566789)
     C   17    Vzz=   -0.3189    axis=(  0.105402  0.817221  0.566604)
     C   17  Q=         1.0000 1e-30 m^2  Cq=        -0.7493 MHz  eta= 0.77173

     Cl  18    Vxx=    0.7585    axis=(  0.773617 -0.624537 -0.107099)
     Cl  18    Vyy=    2.1334    axis=( -0.188036 -0.064863 -0.980018)
     Cl  18    Vzz=   -2.8919    axis=(  0.605111  0.778297 -0.167615)
     Cl  18  Q=        -8.1650 1e-30 m^2  Cq=        55.4798 MHz  eta= 0.47541

     H   19    Vxx=   -0.0286    axis=(  0.448588  0.303035  0.840796)
     H   19    Vyy=   -0.4550    axis=( -0.889563  0.242215  0.387309)
     H   19    Vzz=    0.4837    axis=( -0.086285 -0.921684  0.378224)
     H   19  Q=         1.0000 1e-30 m^2  Cq=         1.1364 MHz  eta= 0.88167

     C   20    Vxx=    0.0095    axis=( -0.028980 -0.629984  0.776068)
     C   20    Vyy=    0.1991    axis=( -0.806311  0.473605  0.354345)
     C   20    Vzz=   -0.2086    axis=( -0.590781 -0.615483 -0.521688)
     C   20  Q=         1.0000 1e-30 m^2  Cq=        -0.4900 MHz  eta= 0.90911

     H   21    Vxx=   -0.0153    axis=(  0.087978  0.931070  0.354075)
     H   21    Vyy=   -0.6185    axis=( -0.666985 -0.208947  0.715173)
     H   21    Vzz=    0.6338    axis=(  0.739859 -0.299082  0.602627)
     H   21  Q=         1.0000 1e-30 m^2  Cq=         1.4892 MHz  eta= 0.95182

     C   22    Vxx=   -0.0834    axis=(  0.317148  0.662144  0.678957)
     C   22    Vyy=   -0.5724    axis=(  0.579645 -0.701968  0.413827)
     C   22    Vzz=    0.6558    axis=( -0.750619 -0.262310  0.606436)
     C   22  Q=         1.0000 1e-30 m^2  Cq=         1.5408 MHz  eta= 0.74571

     C   23    Vxx=    0.0382    axis=(  0.610481 -0.475746 -0.633229)
     C   23    Vyy=    0.3621    axis=(  0.218178  0.869580 -0.442976)
     C   23    Vzz=   -0.4003    axis=(  0.761388  0.132272  0.634659)
     C   23  Q=         1.0000 1e-30 m^2  Cq=        -0.9406 MHz  eta= 0.80894

     Cl  24    Vxx=   -0.4607    axis=( -0.003575  0.775806  0.630961)
     Cl  24    Vyy=   -3.1667    axis=( -0.444638  0.563928 -0.695904)
     Cl  24    Vzz=    3.6274    axis=( -0.895703 -0.283037  0.342937)
     Cl  24  Q=        -8.1650 1e-30 m^2  Cq=       -69.5895 MHz  eta= 0.74597

     Initialization:
     gipaw_setup  :      9.38s CPU     11.26s WALL (       1 calls)

     Linear response

     Apply operators

     Induced current

     Other routines
     efg          :      9.35s CPU     12.67s WALL (       1 calls)

     General routines
     calbec       :      3.25s CPU      4.32s WALL (      16 calls)
     fft          :      1.65s CPU      2.89s WALL (      15 calls)
     ffts         :      0.03s CPU      0.05s WALL (       2 calls)
     fftw         :      3.41s CPU      4.32s WALL (     672 calls)
     davcio       :      0.04s CPU      0.81s WALL (      32 calls)

     Parallel routines
     fft_scatter  :      2.34s CPU      4.40s WALL (     689 calls)

     Plugins

     GIPAW        :     61.76s CPU     75.84s WALL (       1 calls)
