
     Program QE v.6.0 (svn rev. 13079) starts on 20Dec2016 at 18: 7: 2 

     This program is part of the open-source Quantum ESPRESSO suite
     for quantum simulation of materials; please cite
         "P. Giannozzi et al., J. Phys.:Condens. Matter 21 395502 (2009);
          URL http://www.quantum-espresso.org", 
     in publications or presentations arising from this work. More details at
     http://www.quantum-espresso.org/quote

     Parallel version (MPI), running on     8 processors
     R & G space division:  proc/nbgrp/npool/nimage =       8

     ***** This is GIPAW svn revision unknown      *****

     Parallelizing q-star over 1 images

     Reading data from directory:
     /users/majewski/paradichlorobenzene/pbe/9_constraint/scratch/pbe.ecut100.np8.dt60.pcl2phi-129368.save
     Message from routine read_xml_file:
     file /users/majewski/paradichlorobenzene/pbe/9_constraint/scratch/pbe.ecut100.np8.dt60.pcl2phi-129368.save not guaranteed to be safe for post-processing

   Info: using nr1, nr2, nr3 values from input

   Info: using nr1, nr2, nr3 values from input

     IMPORTANT: XC functional enforced from input :
     Exchange-correlation      =  SLA  PW   PBX  PBC ( 1  4  3  4 0 0)
     Any further DFT definition will be discarded
     Please, verify this is what you really want

               file C.pbe-n-kjpaw_psl.1.0.0.UPF: wavefunction(s)  2S 2P renormalized
               file Cl.pbe-n-kjpaw_psl.1.0.0.UPF: wavefunction(s)  3S 3P renormalized
               file H.pbe-kjpaw_psl.1.0.0.UPF: wavefunction(s)  1S renormalized

     Parallelization info
     --------------------
     sticks:   dense  smooth     PW     G-vecs:    dense   smooth      PW
     Min        3057    1223    332               144436    36536    5170
     Max        3059    1225    333               144437    36537    5171
     Sum       24467    9791   2657              1155489   292295   41363


     Subspace diagonalization in iterative solution of the eigenvalue problem:
     a serial algorithm will be used

     GIPAW projectors -----------------------------------------------
     atom=  C    l=0  rc=    1.2000  rs=    0.8000
     atom=  C    l=0  rc=    1.2000  rs=    0.8000
     atom=  C    l=1  rc=    1.4000  rs=    0.9333
     atom=  C    l=1  rc=    1.4000  rs=    0.9333
     projs nearly linearly dependent: l=1  n1,n2= 1, 2  s=  0.99951561

     atom=  Cl   l=0  rc=    1.6000  rs=    1.0667
     atom=  Cl   l=0  rc=    1.6000  rs=    1.0667
     atom=  Cl   l=1  rc=    1.6000  rs=    1.0667
     atom=  Cl   l=1  rc=    1.6000  rs=    1.0667
     atom=  Cl   l=2  rc=    1.6000  rs=    1.0667
     atom=  Cl   l=2  rc=    1.6000  rs=    1.0667
     projs nearly linearly dependent: l=2  n1,n2= 1, 2  s=  0.99993509

     atom=  H    l=0  rc=    1.0000  rs=    0.6667
     atom=  H    l=0  rc=    1.0000  rs=    0.6667
     projs nearly linearly dependent: l=0  n1,n2= 1, 2  s=  0.99968852
     -----------------------------------------------------------------

     GIPAW integrals: -------------------------------------------
     Atom  i/j   nmr_para   nmr_dia   epr_rmc  epr_para   epr_dia
       C   1 1   0.83E+03  0.17E-01  0.93E+01  0.24E+08  0.24E+03
       C   2 1   0.86E+03 -0.61E-01  0.94E+01  0.25E+08  0.25E+03
       C   2 2   0.90E+03 -0.15E+00  0.97E+01  0.26E+08  0.26E+03
       C   3 3   0.33E+01  0.34E+00  0.18E+01  0.55E+03  0.21E+02
       C   4 3   0.35E+01  0.37E+00  0.20E+01  0.59E+03  0.22E+02
       C   4 4   0.38E+01  0.39E+00  0.22E+01  0.63E+03  0.24E+02
       Cl  1 1   0.14E+04 -0.47E+00  0.84E+01  0.32E+09  0.42E+03
       Cl  2 1   0.21E+04 -0.37E+00  0.12E+02  0.49E+09  0.65E+03
       Cl  2 2   0.33E+04 -0.16E+00  0.21E+02  0.76E+09  0.10E+04
       Cl  3 3   0.21E+02  0.79E-01  0.89E+01  0.23E+05  0.13E+03
       Cl  4 3   0.24E+02  0.67E-01  0.99E+01  0.27E+05  0.15E+03
       Cl  4 4   0.28E+02  0.44E-01  0.11E+02  0.32E+05  0.18E+03
       Cl  5 5   0.77E+00  0.19E+00  0.18E+01  0.12E+03  0.22E+02
       Cl  6 5   0.80E+00  0.19E+00  0.19E+01  0.12E+03  0.23E+02
       Cl  6 6   0.83E+00  0.20E+00  0.19E+01  0.12E+03  0.23E+02
       H   1 1   0.39E+02  0.19E+00  0.29E+00  0.78E+05  0.13E+02
       H   2 1   0.41E+02  0.21E+00  0.32E+00  0.82E+05  0.14E+02
       H   2 2   0.43E+02  0.22E+00  0.36E+00  0.86E+05  0.15E+02
     ------------------------------------------------------------

     alpha_pv=     34.3042 eV

     Number of occupied bands for each k-point:
     k-point:     1    nbnd_occ=  42
     k-point:     2    nbnd_occ=  42
     k-point:     3    nbnd_occ=  42
     k-point:     4    nbnd_occ=  42
     k-point:     5    nbnd_occ=  42
     k-point:     6    nbnd_occ=  42
     k-point:     7    nbnd_occ=  42
     k-point:     8    nbnd_occ=  42
     k-point:     9    nbnd_occ=  42
     k-point:    10    nbnd_occ=  42
     k-point:    11    nbnd_occ=  42
     k-point:    12    nbnd_occ=  42
     k-point:    13    nbnd_occ=  42
     k-point:    14    nbnd_occ=  42
     k-point:    15    nbnd_occ=  42
     k-point:    16    nbnd_occ=  42


     q-space interpolation up to   110.00 Rydberg

     GIPAW job: efg                                                                             


     ELECTRIC FIELD GRADIENTS TENSORS IN Hartree/bohrradius^2:

     ----- bare term -----
     Cl   1       -0.265906        0.155834        0.095252
     Cl   1        0.155834        0.003851        0.057291
     Cl   1        0.095252        0.057291        0.262055

     C    2        0.075033       -0.334387       -0.561304
     C    2       -0.334387       -0.289403       -0.516620
     C    2       -0.561304       -0.516620        0.214370

     C    3       -0.480233        0.346209       -0.414672
     C    3        0.346209       -0.004453       -0.040902
     C    3       -0.414672       -0.040902        0.484686

     H    4        0.052072       -0.124450       -0.345835
     H    4       -0.124450        0.494197       -0.223106
     H    4       -0.345835       -0.223106       -0.546269

     C    5       -0.075688        0.173915       -0.132684
     C    5        0.173915       -0.237693       -0.296453
     C    5       -0.132684       -0.296453        0.313381

     H    6        0.450680        0.031651        0.054202
     H    6        0.031651       -0.382801       -0.646815
     H    6        0.054202       -0.646815       -0.067879

     H    7        0.456619       -0.047728       -0.277306
     H    7       -0.047728       -0.080108        0.280614
     H    7       -0.277306        0.280614       -0.376511

     C    8       -0.603953       -0.345762       -0.219924
     C    8       -0.345762        0.247386        0.392628
     C    8       -0.219924        0.392628        0.356567

     H    9       -0.453796        0.013642       -0.421652
     H    9        0.013642        0.184196        0.294441
     H    9       -0.421652        0.294441        0.269600

     C   10        0.063713       -0.344948       -0.078043
     C   10       -0.344948       -0.133958        0.593541
     C   10       -0.078043        0.593541        0.070245

     C   11       -0.595942       -0.410983       -0.419020
     C   11       -0.410983        0.348398        0.113374
     C   11       -0.419020        0.113374        0.247544

     Cl  12       -0.070289       -0.032885        0.059040
     Cl  12       -0.032885       -0.036968       -0.091956
     Cl  12        0.059040       -0.091956        0.107256

     H   13        0.371214        0.142251       -0.341726
     H   13        0.142251       -0.115945       -0.286598
     H   13       -0.341726       -0.286598       -0.255269

     C   14       -0.790995        0.332316       -0.232934
     C   14        0.332316        0.403663       -0.148803
     C   14       -0.232934       -0.148803        0.387332

     H   15        0.108173        0.105008       -0.424747
     H   15        0.105008        0.003877        0.240473
     H   15       -0.424747        0.240473       -0.112050

     C   16        0.315843        0.074160       -0.136324
     C   16        0.074160       -0.228305       -0.482607
     C   16       -0.136324       -0.482607       -0.087537

     C   17       -0.635076        0.448976       -0.408191
     C   17        0.448976        0.297695       -0.056100
     C   17       -0.408191       -0.056100        0.337382

     Cl  18        0.140252        0.011414       -0.033947
     Cl  18        0.011414       -0.218372        0.053120
     Cl  18       -0.033947        0.053120        0.078120

     H   19        0.068715        0.494851       -0.046136
     H   19        0.494851       -0.451826        0.272610
     H   19       -0.046136        0.272610        0.383111

     C   20       -0.003516       -0.336423       -0.049096
     C   20       -0.336423       -0.305769        0.243350
     C   20       -0.049096        0.243350        0.309285

     H   21       -0.437408        0.433016        0.141406
     H   21        0.433016        0.170125       -0.090712
     H   21        0.141406       -0.090712        0.267283

     C   22       -0.125013        0.006641       -0.009337
     C   22        0.006641       -0.035003        0.061249
     C   22       -0.009337        0.061249        0.160016

     C   23       -0.180942       -0.016356       -0.156465
     C   23       -0.016356        0.000520        0.423709
     C   23       -0.156465        0.423709        0.180422

     Cl  24       -0.141037       -0.097283       -0.072429
     Cl  24       -0.097283       -0.039959        0.126699
     Cl  24       -0.072429        0.126699        0.180996

     ----- ionic term -----
     Cl   1        0.033885       -0.176338        0.014136
     Cl   1       -0.176338        0.110348       -0.009930
     Cl   1        0.014136       -0.009930       -0.144233

     C    2       -0.006419       -0.229683        0.370748
     C    2       -0.229683        0.170683        0.332277
     C    2        0.370748        0.332277       -0.164264

     C    3        0.041736       -0.288747        0.263098
     C    3       -0.288747        0.232472        0.331122
     C    3        0.263098        0.331122       -0.274208

     H    4        0.533462        0.163770        0.778339
     H    4        0.163770       -0.492170        0.173441
     H    4        0.778339        0.173441       -0.041292

     C    5        0.130981       -0.284070        0.308813
     C    5       -0.284070        0.127545        0.266067
     C    5        0.308813        0.266067       -0.258526

     H    6       -0.544891       -0.013339       -0.025198
     H    6       -0.013339        0.571439        0.739977
     H    6       -0.025198        0.739977       -0.026548

     H    7       -0.495029       -0.210291        0.163588
     H    7       -0.210291        0.510345       -0.773961
     H    7        0.163588       -0.773961       -0.015316

     C    8        0.321151        0.140378        0.183578
     C    8        0.140378        0.052672       -0.335504
     C    8        0.183578       -0.335504       -0.373823

     H    9        0.736055       -0.390472        0.526476
     H    9       -0.390472       -0.368304       -0.237056
     H    9        0.526476       -0.237056       -0.367751

     C   10        0.146654        0.216587        0.085703
     C   10        0.216587        0.197138       -0.435187
     C   10        0.085703       -0.435187       -0.343792

     C   11        0.268948        0.164391        0.083805
     C   11        0.164391        0.059557       -0.409881
     C   11        0.083805       -0.409881       -0.328505

     Cl  12        0.142036        0.192175       -0.044100
     Cl  12        0.192175       -0.029976       -0.037352
     Cl  12       -0.044100       -0.037352       -0.112060

     H   13       -0.512601        0.150361        0.163513
     H   13        0.150361        0.369283        0.770004
     H   13        0.163513        0.770004        0.143318

     C   14        0.115116       -0.265415        0.388010
     C   14       -0.265415        0.025115        0.253583
     C   14        0.388010        0.253583       -0.140231

     H   15        0.349807        0.127835        0.784946
     H   15        0.127835       -0.467386        0.188487
     H   15        0.784946        0.188487        0.117579

     C   16       -0.021704       -0.272594        0.267097
     C   16       -0.272594        0.185835        0.392659
     C   16        0.267097        0.392659       -0.164131

     C   17        0.085647       -0.186843        0.371249
     C   17       -0.186843        0.065603        0.398675
     C   17        0.371249        0.398675       -0.151250

     Cl  18        0.121395       -0.207493        0.023024
     Cl  18       -0.207493        0.023436       -0.009201
     Cl  18        0.023024       -0.009201       -0.144832

     H   19       -0.505599       -0.087741        0.046924
     H   19       -0.087741        0.499902       -0.775536
     H   19        0.046924       -0.775536        0.005696

     C   20        0.357261        0.203598        0.085702
     C   20        0.203598        0.014634       -0.336044
     C   20        0.085702       -0.336044       -0.371895

     H   21        0.774616       -0.314718        0.544311
     H   21       -0.314718       -0.435140       -0.206522
     H   21        0.544311       -0.206522       -0.339476

     C   22        0.249544        0.187823        0.099098
     C   22        0.187823        0.139623       -0.384058
     C   22        0.099098       -0.384058       -0.389167

     C   23        0.286185        0.100379        0.236485
     C   23        0.100379        0.110253       -0.331160
     C   23        0.236485       -0.331160       -0.396438

     Cl  24        0.104109        0.184959        0.007131
     Cl  24        0.184959        0.052987       -0.004875
     Cl  24        0.007131       -0.004875       -0.157095

     ----- GIPAW term -----
     Cl   1        1.230434        0.979498       -1.124011
     Cl   1        0.979498       -0.373574       -0.724623
     Cl   1       -1.124011       -0.724623       -0.856860

     C    2        0.092346       -0.223606       -0.212044
     C    2       -0.223606       -0.090666        0.027159
     C    2       -0.212044        0.027159       -0.001681

     C    3       -0.129168       -0.034723       -0.198056
     C    3       -0.034723       -0.038621        0.136976
     C    3       -0.198056        0.136976        0.167789

     H    4       -0.000000        0.000000        0.000000
     H    4        0.000000        0.000000        0.000000
     H    4        0.000000        0.000000        0.000000

     C    5       -0.115021        0.055006        0.022437
     C    5        0.055006        0.072634        0.151692
     C    5        0.022437        0.151692        0.042387

     H    6       -0.000000        0.000000        0.000000
     H    6        0.000000        0.000000        0.000000
     H    6        0.000000        0.000000        0.000000

     H    7       -0.000000        0.000000        0.000000
     H    7        0.000000        0.000000        0.000000
     H    7        0.000000        0.000000        0.000000

     C    8       -0.196843       -0.049309       -0.019543
     C    8       -0.049309        0.158096        0.209433
     C    8       -0.019543        0.209433        0.038747

     H    9       -0.000000        0.000000        0.000000
     H    9        0.000000        0.000000        0.000000
     H    9        0.000000        0.000000        0.000000

     C   10       -0.086741       -0.129275        0.009920
     C   10       -0.129275        0.233518        0.040146
     C   10        0.009920        0.040146       -0.146777

     C   11       -0.109184       -0.117282       -0.025148
     C   11       -0.117282        0.255978       -0.072302
     C   11       -0.025148       -0.072302       -0.146794

     Cl  12       -0.383802        1.221697        0.703935
     Cl  12        1.221697       -0.439646       -1.910382
     Cl  12        0.703935       -1.910382        0.823447

     H   13       -0.000000        0.000000        0.000000
     H   13        0.000000        0.000000        0.000000
     H   13        0.000000        0.000000        0.000000

     C   14       -0.180455       -0.084236       -0.000307
     C   14       -0.084236        0.268941       -0.011198
     C   14       -0.000307       -0.011198       -0.088486

     H   15       -0.000000        0.000000        0.000000
     H   15        0.000000        0.000000        0.000000
     H   15        0.000000        0.000000        0.000000

     C   16       -0.020803       -0.002222       -0.005340
     C   16       -0.002222        0.120432        0.000077
     C   16       -0.005340        0.000077       -0.099629

     C   17       -0.105350        0.097702       -0.022480
     C   17        0.097702        0.207680        0.057735
     C   17       -0.022480        0.057735       -0.102330

     Cl  18        0.028013       -0.181346       -0.313037
     Cl  18       -0.181346        2.028835       -0.604548
     Cl  18       -0.313037       -0.604548       -2.056848

     H   19       -0.000000        0.000000        0.000000
     H   19        0.000000        0.000000        0.000000
     H   19        0.000000        0.000000        0.000000

     C   20        0.072240       -0.143845       -0.050774
     C   20       -0.143845       -0.031098        0.081717
     C   20       -0.050774        0.081717       -0.041142

     H   21       -0.000000        0.000000        0.000000
     H   21        0.000000        0.000000        0.000000
     H   21        0.000000        0.000000        0.000000

     C   22       -0.007562       -0.019254       -0.034050
     C   22       -0.019254        0.009286        0.020770
     C   22       -0.034050        0.020770       -0.001724

     C   23       -0.053521        0.009593       -0.069729
     C   23        0.009593       -0.008229        0.143433
     C   23       -0.069729        0.143433        0.061751

     Cl  24       -0.325017        1.076809       -1.090454
     Cl  24        1.076809       -0.645847        1.717531
     Cl  24       -1.090454        1.717531        0.970863

     ----- total EFG -----
     Cl   1        0.998413        0.958994       -1.014623
     Cl   1        0.958994       -0.259375       -0.677261
     Cl   1       -1.014623       -0.677261       -0.739038

     C    2        0.160960       -0.787675       -0.402599
     C    2       -0.787675       -0.209386       -0.157183
     C    2       -0.402599       -0.157183        0.048425

     C    3       -0.567665        0.022739       -0.349630
     C    3        0.022739        0.189398        0.427197
     C    3       -0.349630        0.427197        0.378267

     H    4        0.585534        0.039320        0.432504
     H    4        0.039320        0.002027       -0.049665
     H    4        0.432504       -0.049665       -0.587561

     C    5       -0.059729       -0.055149        0.198566
     C    5       -0.055149       -0.037515        0.121306
     C    5        0.198566        0.121306        0.097243

     H    6       -0.094211        0.018311        0.029004
     H    6        0.018311        0.188639        0.093162
     H    6        0.029004        0.093162       -0.094428

     H    7       -0.038410       -0.258020       -0.113719
     H    7       -0.258020        0.430238       -0.493347
     H    7       -0.113719       -0.493347       -0.391827

     C    8       -0.479645       -0.254693       -0.055889
     C    8       -0.254693        0.458154        0.266557
     C    8       -0.055889        0.266557        0.021491

     H    9        0.282259       -0.376830        0.104824
     H    9       -0.376830       -0.184108        0.057385
     H    9        0.104824        0.057385       -0.098151

     C   10        0.123626       -0.257636        0.017580
     C   10       -0.257636        0.296697        0.198499
     C   10        0.017580        0.198499       -0.420323

     C   11       -0.436178       -0.363873       -0.360363
     C   11       -0.363873        0.663933       -0.368810
     C   11       -0.360363       -0.368810       -0.227755

     Cl  12       -0.312054        1.380987        0.718875
     Cl  12        1.380987       -0.506590       -2.039690
     Cl  12        0.718875       -2.039690        0.818644

     H   13       -0.141387        0.292612       -0.178214
     H   13        0.292612        0.253337        0.483406
     H   13       -0.178214        0.483406       -0.111950

     C   14       -0.856334       -0.017334        0.154769
     C   14       -0.017334        0.697718        0.093582
     C   14        0.154769        0.093582        0.158616

     H   15        0.457980        0.232842        0.360199
     H   15        0.232842       -0.463509        0.428960
     H   15        0.360199        0.428960        0.005529

     C   16        0.273336       -0.200657        0.125433
     C   16       -0.200657        0.077962       -0.089871
     C   16        0.125433       -0.089871       -0.351297

     C   17       -0.654779        0.359835       -0.059421
     C   17        0.359835        0.570977        0.400309
     C   17       -0.059421        0.400309        0.083802

     Cl  18        0.289661       -0.377425       -0.323960
     Cl  18       -0.377425        1.833899       -0.560628
     Cl  18       -0.323960       -0.560628       -2.123560

     H   19       -0.436884        0.407110        0.000788
     H   19        0.407110        0.048077       -0.502927
     H   19        0.000788       -0.502927        0.388807

     C   20        0.425984       -0.276670       -0.014168
     C   20       -0.276670       -0.322233       -0.010977
     C   20       -0.014168       -0.010977       -0.103751

     H   21        0.337208        0.118298        0.685716
     H   21        0.118298       -0.265015       -0.297234
     H   21        0.685716       -0.297234       -0.072193

     C   22        0.116969        0.175209        0.055711
     C   22        0.175209        0.113906       -0.302039
     C   22        0.055711       -0.302039       -0.230874

     C   23        0.051721        0.093616        0.010290
     C   23        0.093616        0.102544        0.235982
     C   23        0.010290        0.235982       -0.154266

     Cl  24       -0.361945        1.164485       -1.155751
     Cl  24        1.164485       -0.632819        1.839355
     Cl  24       -1.155751        1.839355        0.994764

     ----- total EFG (symmetrized) -----
     Cl   1        0.998413        0.958994       -1.014623
     Cl   1        0.958994       -0.259375       -0.677261
     Cl   1       -1.014623       -0.677261       -0.739038

     C    2        0.160960       -0.787675       -0.402599
     C    2       -0.787675       -0.209386       -0.157183
     C    2       -0.402599       -0.157183        0.048425

     C    3       -0.567665        0.022739       -0.349630
     C    3        0.022739        0.189398        0.427197
     C    3       -0.349630        0.427197        0.378267

     H    4        0.585534        0.039320        0.432504
     H    4        0.039320        0.002027       -0.049665
     H    4        0.432504       -0.049665       -0.587561

     C    5       -0.059729       -0.055149        0.198566
     C    5       -0.055149       -0.037515        0.121306
     C    5        0.198566        0.121306        0.097243

     H    6       -0.094211        0.018311        0.029004
     H    6        0.018311        0.188639        0.093162
     H    6        0.029004        0.093162       -0.094428

     H    7       -0.038410       -0.258020       -0.113719
     H    7       -0.258020        0.430238       -0.493347
     H    7       -0.113719       -0.493347       -0.391827

     C    8       -0.479645       -0.254693       -0.055889
     C    8       -0.254693        0.458154        0.266557
     C    8       -0.055889        0.266557        0.021491

     H    9        0.282259       -0.376830        0.104824
     H    9       -0.376830       -0.184108        0.057385
     H    9        0.104824        0.057385       -0.098151

     C   10        0.123626       -0.257636        0.017580
     C   10       -0.257636        0.296697        0.198499
     C   10        0.017580        0.198499       -0.420323

     C   11       -0.436178       -0.363873       -0.360363
     C   11       -0.363873        0.663933       -0.368810
     C   11       -0.360363       -0.368810       -0.227755

     Cl  12       -0.312054        1.380987        0.718875
     Cl  12        1.380987       -0.506590       -2.039690
     Cl  12        0.718875       -2.039690        0.818644

     H   13       -0.141387        0.292612       -0.178214
     H   13        0.292612        0.253337        0.483406
     H   13       -0.178214        0.483406       -0.111950

     C   14       -0.856334       -0.017334        0.154769
     C   14       -0.017334        0.697718        0.093582
     C   14        0.154769        0.093582        0.158616

     H   15        0.457980        0.232842        0.360199
     H   15        0.232842       -0.463509        0.428960
     H   15        0.360199        0.428960        0.005529

     C   16        0.273336       -0.200657        0.125433
     C   16       -0.200657        0.077962       -0.089871
     C   16        0.125433       -0.089871       -0.351297

     C   17       -0.654779        0.359835       -0.059421
     C   17        0.359835        0.570977        0.400309
     C   17       -0.059421        0.400309        0.083802

     Cl  18        0.289661       -0.377425       -0.323960
     Cl  18       -0.377425        1.833899       -0.560628
     Cl  18       -0.323960       -0.560628       -2.123560

     H   19       -0.436884        0.407110        0.000788
     H   19        0.407110        0.048077       -0.502927
     H   19        0.000788       -0.502927        0.388807

     C   20        0.425984       -0.276670       -0.014168
     C   20       -0.276670       -0.322233       -0.010977
     C   20       -0.014168       -0.010977       -0.103751

     H   21        0.337208        0.118298        0.685716
     H   21        0.118298       -0.265015       -0.297234
     H   21        0.685716       -0.297234       -0.072193

     C   22        0.116969        0.175209        0.055711
     C   22        0.175209        0.113906       -0.302039
     C   22        0.055711       -0.302039       -0.230874

     C   23        0.051721        0.093616        0.010290
     C   23        0.093616        0.102544        0.235982
     C   23        0.010290        0.235982       -0.154266

     Cl  24       -0.361945        1.164485       -1.155751
     Cl  24        1.164485       -0.632819        1.839355
     Cl  24       -1.155751        1.839355        0.994764


     NQR/NMR SPECTROSCOPIC PARAMETERS:
     Cl   1    Vxx=   -0.7568    axis=( -0.548591  0.817230 -0.176586)
     Cl   1    Vyy=   -1.2900    axis=(  0.247628  0.360541  0.899272)
     Cl   1    Vzz=    2.0467    axis=( -0.798579 -0.449605  0.400159)
     Cl   1  Q=        -8.1650 1e-30 m^2  Cq=       -39.2658 MHz  eta= 0.26050

     C    2    Vxx=    0.1224    axis=(  0.013754 -0.454543  0.890619)
     C    2    Vyy=    0.8509    axis=( -0.788462  0.542842  0.289225)
     C    2    Vzz=   -0.9734    axis=( -0.614930 -0.706197 -0.350923)
     C    2  Q=         1.0000 1e-30 m^2  Cq=        -2.2870 MHz  eta= 0.74844

     C    3    Vxx=   -0.0594    axis=( -0.367471 -0.795065  0.482532)
     C    3    Vyy=   -0.7141    axis=( -0.908823  0.196800 -0.367846)
     C    3    Vzz=    0.7735    axis=( -0.197499  0.573709  0.794891)
     C    3  Q=         1.0000 1e-30 m^2  Cq=         1.8173 MHz  eta= 0.84650

     H    4    Vxx=    0.0062    axis=( -0.003500  0.996299 -0.085888)
     H    4    Vyy=    0.7284    axis=( -0.949912 -0.030152 -0.311058)
     H    4    Vzz=   -0.7346    axis=( -0.312497  0.080498  0.946502)
     H    4  Q=         1.0000 1e-30 m^2  Cq=        -1.7260 MHz  eta= 0.98320

     C    5    Vxx=    0.0059    axis=(  0.538979 -0.840493 -0.055431)
     C    5    Vyy=    0.2508    axis=( -0.487634 -0.257690 -0.834152)
     C    5    Vzz=   -0.2566    axis=(  0.686815  0.476620 -0.548743)
     C    5  Q=         1.0000 1e-30 m^2  Cq=        -0.6030 MHz  eta= 0.95441

     H    6    Vxx=   -0.0834    axis=(  0.863131 -0.214632  0.457097)
     H    6    Vyy=   -0.1353    axis=(  0.498150  0.213534 -0.840387)
     H    6    Vzz=    0.2187    axis=(  0.082768  0.953067  0.291227)
     H    6  Q=         1.0000 1e-30 m^2  Cq=         0.5138 MHz  eta= 0.23726

     H    7    Vxx=   -0.0150    axis=(  0.913914  0.091408 -0.395481)
     H    7    Vyy=   -0.6945    axis=( -0.318891 -0.441123 -0.838880)
     H    7    Vzz=    0.7095    axis=( -0.251136  0.892780 -0.373999)
     H    7  Q=         1.0000 1e-30 m^2  Cq=         1.6670 MHz  eta= 0.95770

     C    8    Vxx=   -0.0976    axis=(  0.121649 -0.383398  0.915537)
     C    8    Vyy=   -0.5446    axis=( -0.967487 -0.251866  0.023078)
     C    8    Vzz=    0.6422    axis=(  0.221744 -0.888577 -0.401572)
     C    8  Q=         1.0000 1e-30 m^2  Cq=         1.5089 MHz  eta= 0.69616

     H    9    Vxx=   -0.0734    axis=(  0.052385  0.313216  0.948236)
     H    9    Vyy=   -0.4257    axis=(  0.482487  0.823419 -0.298642)
     H    9    Vzz=    0.4991    axis=( -0.874335  0.473156 -0.107988)
     H    9  Q=         1.0000 1e-30 m^2  Cq=         1.1728 MHz  eta= 0.70587

     C   10    Vxx=   -0.0233    axis=(  0.825172  0.489791  0.281419)
     C   10    Vyy=   -0.4840    axis=(  0.150268  0.289910 -0.945184)
     C   10    Vzz=    0.5073    axis=( -0.544528  0.822227  0.165625)
     C   10  Q=         1.0000 1e-30 m^2  Cq=         1.1920 MHz  eta= 0.90813

     C   11    Vxx=    0.0372    axis=( -0.640844  0.077385  0.763761)
     C   11    Vyy=    0.8409    axis=(  0.195963 -0.945455  0.260220)
     C   11    Vzz=   -0.8781    axis=(  0.742238  0.316429  0.590724)
     C   11  Q=         1.0000 1e-30 m^2  Cq=        -2.0632 MHz  eta= 0.91517

     Cl  12    Vxx=    0.5801    axis=(  0.852116  0.346214  0.392471)
     Cl  12    Vyy=    2.3260    axis=(  0.109464  0.615427 -0.780556)
     Cl  12    Vzz=   -2.9062    axis=( -0.511777  0.708086  0.486517)
     Cl  12  Q=        -8.1650 1e-30 m^2  Cq=        55.7532 MHz  eta= 0.60075

     H   13    Vxx=    0.0297    axis=(  0.817797  0.137781 -0.558771)
     H   13    Vyy=    0.6166    axis=( -0.204521 -0.837963 -0.505953)
     H   13    Vzz=   -0.6463    axis=(  0.537940 -0.528047  0.657105)
     H   13  Q=         1.0000 1e-30 m^2  Cq=        -1.5186 MHz  eta= 0.90816

     C   14    Vxx=    0.1665    axis=(  0.150282 -0.166755  0.974478)
     C   14    Vyy=    0.7135    axis=(  0.005660  0.985801  0.167820)
     C   14    Vzz=   -0.8800    axis=( -0.988627 -0.019705  0.149092)
     C   14  Q=         1.0000 1e-30 m^2  Cq=        -2.0677 MHz  eta= 0.62167

     H   15    Vxx=   -0.0808    axis=(  0.622162 -0.385315 -0.681503)
     H   15    Vyy=   -0.7181    axis=( -0.016752  0.863747 -0.503647)
     H   15    Vzz=    0.7989    axis=( -0.782709 -0.324767 -0.530936)
     H   15  Q=         1.0000 1e-30 m^2  Cq=         1.8772 MHz  eta= 0.79779

     C   16    Vxx=   -0.0473    axis=(  0.537945  0.842544 -0.027116)
     C   16    Vyy=   -0.3820    axis=( -0.148939  0.126656  0.980701)
     C   16    Vzz=    0.4292    axis=(  0.829718 -0.523525  0.193622)
     C   16  Q=         1.0000 1e-30 m^2  Cq=         1.0085 MHz  eta= 0.77978

     C   17    Vxx=   -0.0651    axis=( -0.314770 -0.371600  0.873403)
     C   17    Vyy=   -0.7866    axis=( -0.929572  0.306702 -0.204523)
     C   17    Vzz=    0.8517    axis=( -0.191874 -0.876269 -0.441969)
     C   17  Q=         1.0000 1e-30 m^2  Cq=         2.0011 MHz  eta= 0.84713

     Cl  18    Vxx=    0.2793    axis=(  0.969794  0.173679 -0.171274)
     Cl  18    Vyy=    1.9773    axis=( -0.195161  0.973684 -0.117694)
     Cl  18    Vzz=   -2.2566    axis=(  0.146326  0.147565  0.978168)
     Cl  18  Q=        -8.1650 1e-30 m^2  Cq=        43.2917 MHz  eta= 0.75247

     H   19    Vxx=   -0.0640    axis=(  0.591131  0.540221  0.598937)
     H   19    Vyy=   -0.7346    axis=( -0.780512  0.570373  0.255882)
     H   19    Vzz=    0.7987    axis=( -0.203385 -0.618737  0.758814)
     H   19  Q=         1.0000 1e-30 m^2  Cq=         1.8766 MHz  eta= 0.83964

     C   20    Vxx=   -0.1032    axis=(  0.000344 -0.050486  0.998725)
     C   20    Vyy=   -0.4141    axis=(  0.313166  0.948493  0.047839)
     C   20    Vzz=    0.5173    axis=( -0.949698  0.312750  0.016137)
     C   20  Q=         1.0000 1e-30 m^2  Cq=         1.2155 MHz  eta= 0.60103

     H   21    Vxx=   -0.0819    axis=(  0.373203  0.848801 -0.374509)
     H   21    Vyy=   -0.7728    axis=( -0.487640  0.522884  0.699142)
     H   21    Vzz=    0.8546    axis=( -0.789257  0.078296 -0.609051)
     H   21  Q=         1.0000 1e-30 m^2  Cq=         2.0080 MHz  eta= 0.80844

     C   22    Vxx=    0.0815    axis=( -0.835809  0.312624 -0.451320)
     C   22    Vyy=    0.3593    axis=(  0.491010  0.793417 -0.359720)
     C   22    Vzz=   -0.4408    axis=( -0.245628  0.522260  0.816647)
     C   22  Q=         1.0000 1e-30 m^2  Cq=        -1.0357 MHz  eta= 0.63013

     C   23    Vxx=    0.0231    axis=(  0.925571 -0.252388 -0.282169)
     C   23    Vyy=    0.2760    axis=(  0.360739  0.814070  0.455146)
     C   23    Vzz=   -0.2990    axis=(  0.114832 -0.523059  0.844526)
     C   23  Q=         1.0000 1e-30 m^2  Cq=        -0.7026 MHz  eta= 0.84579

     Cl  24    Vxx=    0.6205    axis=(  0.823500  0.547608 -0.148233)
     Cl  24    Vyy=    2.2484    axis=( -0.165783  0.482168  0.860250)
     Cl  24    Vzz=   -2.8689    axis=(  0.542553 -0.683841  0.487849)
     Cl  24  Q=        -8.1650 1e-30 m^2  Cq=        55.0384 MHz  eta= 0.56746

     Initialization:
     gipaw_setup  :      9.72s CPU     11.51s WALL (       1 calls)

     Linear response

     Apply operators

     Induced current

     Other routines
     efg          :      9.52s CPU     12.22s WALL (       1 calls)

     General routines
     calbec       :      3.36s CPU      4.59s WALL (      16 calls)
     fft          :      1.33s CPU      1.56s WALL (      15 calls)
     ffts         :      0.03s CPU      0.05s WALL (       2 calls)
     fftw         :      3.30s CPU      4.01s WALL (     672 calls)
     davcio       :      0.02s CPU      0.34s WALL (      32 calls)

     Parallel routines
     fft_scatter  :      1.83s CPU      2.57s WALL (     689 calls)

     Plugins

     GIPAW        :     62.62s CPU     75.04s WALL (       1 calls)
