
     Program QE v.6.0 (svn rev. 13079) starts on 17Dec2016 at  3:38:25 

     This program is part of the open-source Quantum ESPRESSO suite
     for quantum simulation of materials; please cite
         "P. Giannozzi et al., J. Phys.:Condens. Matter 21 395502 (2009);
          URL http://www.quantum-espresso.org", 
     in publications or presentations arising from this work. More details at
     http://www.quantum-espresso.org/quote

     Parallel version (MPI), running on     8 processors
     R & G space division:  proc/nbgrp/npool/nimage =       8

     ***** This is GIPAW svn revision unknown      *****

     Parallelizing q-star over 1 images

     Reading data from directory:
     /users/majewski/paradichlorobenzene/pbe/9_constraint/scratch/pbe.ecut100.np8.dt60.pcl2phi-129368.save
     Message from routine read_xml_file:
     file /users/majewski/paradichlorobenzene/pbe/9_constraint/scratch/pbe.ecut100.np8.dt60.pcl2phi-129368.save not guaranteed to be safe for post-processing

   Info: using nr1, nr2, nr3 values from input

   Info: using nr1, nr2, nr3 values from input

     IMPORTANT: XC functional enforced from input :
     Exchange-correlation      =  SLA  PW   PBX  PBC ( 1  4  3  4 0 0)
     Any further DFT definition will be discarded
     Please, verify this is what you really want

               file C.pbe-n-kjpaw_psl.1.0.0.UPF: wavefunction(s)  2S 2P renormalized
               file Cl.pbe-n-kjpaw_psl.1.0.0.UPF: wavefunction(s)  3S 3P renormalized
               file H.pbe-kjpaw_psl.1.0.0.UPF: wavefunction(s)  1S renormalized

     Parallelization info
     --------------------
     sticks:   dense  smooth     PW     G-vecs:    dense   smooth      PW
     Min        3057    1223    332               144436    36536    5170
     Max        3059    1225    333               144437    36537    5171
     Sum       24467    9791   2657              1155489   292295   41363


     Subspace diagonalization in iterative solution of the eigenvalue problem:
     a serial algorithm will be used

     GIPAW projectors -----------------------------------------------
     atom=  C    l=0  rc=    1.2000  rs=    0.8000
     atom=  C    l=0  rc=    1.2000  rs=    0.8000
     atom=  C    l=1  rc=    1.4000  rs=    0.9333
     atom=  C    l=1  rc=    1.4000  rs=    0.9333
     projs nearly linearly dependent: l=1  n1,n2= 1, 2  s=  0.99951561

     atom=  Cl   l=0  rc=    1.6000  rs=    1.0667
     atom=  Cl   l=0  rc=    1.6000  rs=    1.0667
     atom=  Cl   l=1  rc=    1.6000  rs=    1.0667
     atom=  Cl   l=1  rc=    1.6000  rs=    1.0667
     atom=  Cl   l=2  rc=    1.6000  rs=    1.0667
     atom=  Cl   l=2  rc=    1.6000  rs=    1.0667
     projs nearly linearly dependent: l=2  n1,n2= 1, 2  s=  0.99993509

     atom=  H    l=0  rc=    1.0000  rs=    0.6667
     atom=  H    l=0  rc=    1.0000  rs=    0.6667
     projs nearly linearly dependent: l=0  n1,n2= 1, 2  s=  0.99968852
     -----------------------------------------------------------------

     GIPAW integrals: -------------------------------------------
     Atom  i/j   nmr_para   nmr_dia   epr_rmc  epr_para   epr_dia
       C   1 1   0.83E+03  0.17E-01  0.93E+01  0.24E+08  0.24E+03
       C   2 1   0.86E+03 -0.61E-01  0.94E+01  0.25E+08  0.25E+03
       C   2 2   0.90E+03 -0.15E+00  0.97E+01  0.26E+08  0.26E+03
       C   3 3   0.33E+01  0.34E+00  0.18E+01  0.55E+03  0.21E+02
       C   4 3   0.35E+01  0.37E+00  0.20E+01  0.59E+03  0.22E+02
       C   4 4   0.38E+01  0.39E+00  0.22E+01  0.63E+03  0.24E+02
       Cl  1 1   0.14E+04 -0.47E+00  0.84E+01  0.32E+09  0.42E+03
       Cl  2 1   0.21E+04 -0.37E+00  0.12E+02  0.49E+09  0.65E+03
       Cl  2 2   0.33E+04 -0.16E+00  0.21E+02  0.76E+09  0.10E+04
       Cl  3 3   0.21E+02  0.79E-01  0.89E+01  0.23E+05  0.13E+03
       Cl  4 3   0.24E+02  0.67E-01  0.99E+01  0.27E+05  0.15E+03
       Cl  4 4   0.28E+02  0.44E-01  0.11E+02  0.32E+05  0.18E+03
       Cl  5 5   0.77E+00  0.19E+00  0.18E+01  0.12E+03  0.22E+02
       Cl  6 5   0.80E+00  0.19E+00  0.19E+01  0.12E+03  0.23E+02
       Cl  6 6   0.83E+00  0.20E+00  0.19E+01  0.12E+03  0.23E+02
       H   1 1   0.39E+02  0.19E+00  0.29E+00  0.78E+05  0.13E+02
       H   2 1   0.41E+02  0.21E+00  0.32E+00  0.82E+05  0.14E+02
       H   2 2   0.43E+02  0.22E+00  0.36E+00  0.86E+05  0.15E+02
     ------------------------------------------------------------

     alpha_pv=     34.0380 eV

     Number of occupied bands for each k-point:
     k-point:     1    nbnd_occ=  42
     k-point:     2    nbnd_occ=  42
     k-point:     3    nbnd_occ=  42
     k-point:     4    nbnd_occ=  42
     k-point:     5    nbnd_occ=  42
     k-point:     6    nbnd_occ=  42
     k-point:     7    nbnd_occ=  42
     k-point:     8    nbnd_occ=  42
     k-point:     9    nbnd_occ=  42
     k-point:    10    nbnd_occ=  42
     k-point:    11    nbnd_occ=  42
     k-point:    12    nbnd_occ=  42
     k-point:    13    nbnd_occ=  42
     k-point:    14    nbnd_occ=  42
     k-point:    15    nbnd_occ=  42
     k-point:    16    nbnd_occ=  42


     q-space interpolation up to   110.00 Rydberg

     GIPAW job: efg                                                                             


     ELECTRIC FIELD GRADIENTS TENSORS IN Hartree/bohrradius^2:

     ----- bare term -----
     Cl   1       -0.010484       -0.130334       -0.083819
     Cl   1       -0.130334       -0.025801        0.081225
     Cl   1       -0.083819        0.081225        0.036284

     C    2       -0.596093        0.226681       -0.213956
     C    2        0.226681        0.105468       -0.148763
     C    2       -0.213956       -0.148763        0.490625

     C    3        0.163021        0.008278        0.065307
     C    3        0.008278       -0.368315       -0.228069
     C    3        0.065307       -0.228069        0.205294

     H    4       -0.428317       -0.362003        0.227695
     H    4       -0.362003        0.287911        0.056568
     H    4        0.227695        0.056568        0.140406

     C    5       -0.702084        0.227725       -0.350139
     C    5        0.227725        0.195738       -0.007355
     C    5       -0.350139       -0.007355        0.506346

     H    6        0.469708       -0.221630        0.071687
     H    6       -0.221630       -0.574728       -0.000944
     H    6        0.071687       -0.000944        0.105020

     H    7        0.389002        0.030108       -0.014530
     H    7        0.030108       -0.373627        0.556951
     H    7       -0.014530        0.556951       -0.015375

     C    8       -0.305682        0.017534       -0.370168
     C    8        0.017534       -0.035864        0.505145
     C    8       -0.370168        0.505145        0.341546

     H    9       -0.018017        0.107442       -0.247044
     H    9        0.107442        0.519172        0.223524
     H    9       -0.247044        0.223524       -0.501156

     C   10       -0.242261       -0.396298       -0.257451
     C   10       -0.396298       -0.199497        0.341952
     C   10       -0.257451        0.341952        0.441758

     C   11       -0.158071        0.049645       -0.324689
     C   11        0.049645       -0.021652        0.705073
     C   11       -0.324689        0.705073        0.179723

     Cl  12       -0.073222       -0.121747       -0.011402
     Cl  12       -0.121747        0.093418       -0.009632
     Cl  12       -0.011402       -0.009632       -0.020196

     H   13        0.450001       -0.049855       -0.019845
     H   13       -0.049855       -0.559751       -0.579863
     H   13       -0.019845       -0.579863        0.109750

     C   14       -0.151599        0.052562       -0.273576
     C   14        0.052562       -0.233325       -0.296509
     C   14       -0.273576       -0.296509        0.384924

     H   15       -0.137131       -0.491353       -0.216124
     H   15       -0.491353       -0.277225       -0.050944
     H   15       -0.216124       -0.050944        0.414355

     C   16       -0.784780        0.361124       -0.332317
     C   16        0.361124        0.367298       -0.052797
     C   16       -0.332317       -0.052797        0.417482

     C   17        0.046681        0.053186       -0.165781
     C   17        0.053186       -0.289906       -0.405217
     C   17       -0.165781       -0.405217        0.243225

     Cl  18       -0.211021        0.283988       -0.001862
     Cl  18        0.283988        0.051732       -0.043462
     Cl  18       -0.001862       -0.043462        0.159289

     H   19        0.423446        0.035817       -0.083138
     H   19        0.035817       -0.312735        0.493170
     H   19       -0.083138        0.493170       -0.110711

     C   20       -0.565099       -0.346487       -0.277616
     C   20       -0.346487        0.179196        0.418656
     C   20       -0.277616        0.418656        0.385903

     H   21        0.020666        0.063462       -0.494102
     H   21        0.063462        0.379040       -0.126704
     H   21       -0.494102       -0.126704       -0.399706

     C   22       -0.110951       -0.160410       -0.206733
     C   22       -0.160410       -0.088850        0.560303
     C   22       -0.206733        0.560303        0.199802

     C   23       -0.188953       -0.241802       -0.276002
     C   23       -0.241802       -0.100539        0.266998
     C   23       -0.276002        0.266998        0.289492

     Cl  24        0.153421        0.092692        0.105681
     Cl  24        0.092692       -0.112497       -0.338542
     Cl  24        0.105681       -0.338542       -0.040924

     ----- ionic term -----
     Cl   1        0.131779       -0.202365        0.042613
     Cl   1       -0.202365        0.021037       -0.024211
     Cl   1        0.042613       -0.024211       -0.152816

     C    2        0.240556       -0.078158        0.231684
     C    2       -0.078158        0.198371        0.329797
     C    2        0.231684        0.329797       -0.438927

     C    3        0.223370       -0.123693        0.110861
     C    3       -0.123693        0.222336        0.381740
     C    3        0.110861        0.381740       -0.445706

     H    4        0.700348        0.497008        0.489477
     H    4        0.497008       -0.288267        0.252660
     H    4        0.489477        0.252660       -0.412081

     C    5        0.384481       -0.072491        0.130853
     C    5       -0.072491        0.077815        0.298831
     C    5        0.130853        0.298831       -0.462296

     H    6       -0.486946        0.127401        0.036702
     H    6        0.127401        0.803024        0.589128
     H    6        0.036702        0.589128       -0.316077

     H    7       -0.529452       -0.058248        0.092214
     H    7       -0.058248        0.449075       -0.771288
     H    7        0.092214       -0.771288        0.080377

     C    8        0.157678        0.293370        0.382800
     C    8        0.293370       -0.014565       -0.257992
     C    8        0.382800       -0.257992       -0.143113

     H    9        0.213185       -0.149624        0.784268
     H    9       -0.149624       -0.508165       -0.235562
     H    9        0.784268       -0.235562        0.294980

     C   10        0.032257        0.347986        0.232680
     C   10        0.347986        0.096403       -0.381141
     C   10        0.232680       -0.381141       -0.128660

     C   11        0.189289        0.202666        0.282933
     C   11        0.202666        0.012274       -0.406737
     C   11        0.282933       -0.406737       -0.201564

     Cl  12        0.147870        0.193109        0.024055
     Cl  12        0.193109        0.003169        0.008774
     Cl  12        0.024055        0.008774       -0.151039

     H   13       -0.523123        0.084347        0.053562
     H   13        0.084347        0.777894        0.650609
     H   13        0.053562        0.650609       -0.254772

     C   14        0.430151       -0.167744        0.149940
     C   14       -0.167744        0.053774        0.299882
     C   14        0.149940        0.299882       -0.483925

     H   15        0.749953        0.460375        0.461016
     H   15        0.460375       -0.338101        0.214611
     H   15        0.461016        0.214611       -0.411852

     C   16        0.289159       -0.222410        0.068411
     C   16       -0.222410        0.173037        0.381952
     C   16        0.068411        0.381952       -0.462196

     C   17        0.283923       -0.100247        0.065391
     C   17       -0.100247        0.132780        0.430229
     C   17        0.065391        0.430229       -0.416702

     Cl  18        0.162157       -0.182522       -0.066556
     Cl  18       -0.182522       -0.039221        0.037761
     Cl  18       -0.066556        0.037761       -0.122936

     H   19       -0.502990       -0.136273        0.063822
     H   19       -0.136273        0.727242       -0.652400
     H   19        0.063822       -0.652400       -0.224253

     C   20        0.248810        0.166045        0.328647
     C   20        0.166045        0.080849       -0.270803
     C   20        0.328647       -0.270803       -0.329659

     H   21        0.495310       -0.329760        0.714824
     H   21       -0.329760       -0.368224       -0.276141
     H   21        0.714824       -0.276141       -0.127085

     C   22        0.082567        0.212233        0.252308
     C   22        0.212233        0.253444       -0.351565
     C   22        0.252308       -0.351565       -0.336011

     C   23        0.028333        0.256067        0.369701
     C   23        0.256067        0.191796       -0.327883
     C   23        0.369701       -0.327883       -0.220129

     Cl  24        0.104880        0.231035        0.038130
     Cl  24        0.231035        0.045866        0.019082
     Cl  24        0.038130        0.019082       -0.150746

     ----- GIPAW term -----
     Cl   1        0.999594       -3.008121       -1.172062
     Cl   1       -3.008121       -0.215448        1.041638
     Cl   1       -1.172062        1.041638       -0.784146

     C    2       -0.114567       -0.034073       -0.075988
     C    2       -0.034073       -0.068678        0.042164
     C    2       -0.075988        0.042164        0.183245

     C    3       -0.010857       -0.017863       -0.010448
     C    3       -0.017863       -0.053267        0.032109
     C    3       -0.010448        0.032109        0.064123

     H    4       -0.000000        0.000000        0.000000
     H    4        0.000000        0.000000        0.000000
     H    4        0.000000        0.000000        0.000000

     C    5       -0.146818        0.009267       -0.054412
     C    5        0.009267       -0.031107        0.084761
     C    5       -0.054412        0.084761        0.177925

     H    6       -0.000000        0.000000        0.000000
     H    6        0.000000        0.000000        0.000000
     H    6        0.000000        0.000000        0.000000

     H    7       -0.000000        0.000000        0.000000
     H    7        0.000000        0.000000        0.000000
     H    7        0.000000        0.000000        0.000000

     C    8       -0.032675        0.075744       -0.026187
     C    8        0.075744        0.010651        0.154081
     C    8       -0.026187        0.154081        0.022024

     H    9       -0.000000        0.000000        0.000000
     H    9        0.000000        0.000000        0.000000
     H    9        0.000000        0.000000        0.000000

     C   10       -0.001996       -0.001652       -0.095133
     C   10       -0.001652       -0.036222        0.010655
     C   10       -0.095133        0.010655        0.038218

     C   11       -0.029820        0.103685       -0.069889
     C   11        0.103685        0.091568        0.219285
     C   11       -0.069889        0.219285       -0.061748

     Cl  12        0.975927        1.473806       -0.107916
     Cl  12        1.473806        0.846886       -0.096291
     Cl  12       -0.107916       -0.096291       -1.822813

     H   13       -0.000000        0.000000        0.000000
     H   13        0.000000        0.000000        0.000000
     H   13        0.000000        0.000000        0.000000

     C   14       -0.104310       -0.037972       -0.065401
     C   14       -0.037972       -0.014126        0.122070
     C   14       -0.065401        0.122070        0.118436

     H   15       -0.000000        0.000000        0.000000
     H   15        0.000000        0.000000        0.000000
     H   15        0.000000        0.000000        0.000000

     C   16       -0.248888        0.016116       -0.061949
     C   16        0.016116        0.291163        0.121454
     C   16       -0.061949        0.121454       -0.042275

     C   17       -0.071171       -0.040385        0.024419
     C   17       -0.040385        0.092124        0.180637
     C   17        0.024419        0.180637       -0.020953

     Cl  18       -1.038306        0.148060       -0.386809
     Cl  18        0.148060        2.365729       -1.500992
     Cl  18       -0.386809       -1.500992       -1.327422

     H   19       -0.000000        0.000000        0.000000
     H   19        0.000000        0.000000        0.000000
     H   19        0.000000        0.000000        0.000000

     C   20       -0.175932       -0.072178       -0.046999
     C   20       -0.072178        0.112259        0.203425
     C   20       -0.046999        0.203425        0.063672

     H   21       -0.000000        0.000000        0.000000
     H   21        0.000000        0.000000        0.000000
     H   21        0.000000        0.000000        0.000000

     C   22       -0.134006       -0.025139       -0.057565
     C   22       -0.025139        0.055809        0.232451
     C   22       -0.057565        0.232451        0.078197

     C   23       -0.067608       -0.012772       -0.065571
     C   23       -0.012772        0.009806        0.141044
     C   23       -0.065571        0.141044        0.057802

     Cl  24       -0.021549        0.342769       -0.574035
     Cl  24        0.342769        0.305039        1.066950
     Cl  24       -0.574035        1.066950       -0.283491

     ----- total EFG -----
     Cl   1        1.120890       -3.340821       -1.213268
     Cl   1       -3.340821       -0.220211        1.098652
     Cl   1       -1.213268        1.098652       -0.900679

     C    2       -0.470104        0.114449       -0.058259
     C    2        0.114449        0.235161        0.223198
     C    2       -0.058259        0.223198        0.234943

     C    3        0.375535       -0.133278        0.165719
     C    3       -0.133278       -0.199246        0.185781
     C    3        0.165719        0.185781       -0.176289

     H    4        0.272031        0.135005        0.717172
     H    4        0.135005       -0.000356        0.309228
     H    4        0.717172        0.309228       -0.271675

     C    5       -0.464422        0.164501       -0.273698
     C    5        0.164501        0.242446        0.376238
     C    5       -0.273698        0.376238        0.221976

     H    6       -0.017239       -0.094229        0.108389
     H    6       -0.094229        0.228296        0.588184
     H    6        0.108389        0.588184       -0.211057

     H    7       -0.140450       -0.028140        0.077683
     H    7       -0.028140        0.075448       -0.214337
     H    7        0.077683       -0.214337        0.065002

     C    8       -0.180678        0.386648       -0.013555
     C    8        0.386648       -0.039779        0.401234
     C    8       -0.013555        0.401234        0.220457

     H    9        0.195168       -0.042182        0.537225
     H    9       -0.042182        0.011007       -0.012039
     H    9        0.537225       -0.012039       -0.206176

     C   10       -0.211999       -0.049963       -0.119904
     C   10       -0.049963       -0.139317       -0.028535
     C   10       -0.119904       -0.028535        0.351316

     C   11        0.001398        0.355997       -0.111645
     C   11        0.355997        0.082190        0.517621
     C   11       -0.111645        0.517621       -0.083589

     Cl  12        1.050574        1.545168       -0.095264
     Cl  12        1.545168        0.943473       -0.097149
     Cl  12       -0.095264       -0.097149       -1.994048

     H   13       -0.073122        0.034491        0.033717
     H   13        0.034491        0.218144        0.070746
     H   13        0.033717        0.070746       -0.145022

     C   14        0.174242       -0.153154       -0.189037
     C   14       -0.153154       -0.193677        0.125443
     C   14       -0.189037        0.125443        0.019435

     H   15        0.612822       -0.030978        0.244892
     H   15       -0.030978       -0.615325        0.163667
     H   15        0.244892        0.163667        0.002504

     C   16       -0.744508        0.154830       -0.325855
     C   16        0.154830        0.831497        0.450609
     C   16       -0.325855        0.450609       -0.086989

     C   17        0.259432       -0.087446       -0.075972
     C   17       -0.087446       -0.065002        0.205648
     C   17       -0.075972        0.205648       -0.194430

     Cl  18       -1.087171        0.249526       -0.455227
     Cl  18        0.249526        2.378240       -1.506693
     Cl  18       -0.455227       -1.506693       -1.291069

     H   19       -0.079544       -0.100456       -0.019317
     H   19       -0.100456        0.414508       -0.159230
     H   19       -0.019317       -0.159230       -0.334964

     C   20       -0.492221       -0.252621        0.004033
     C   20       -0.252621        0.372304        0.351278
     C   20        0.004033        0.351278        0.119917

     H   21        0.515976       -0.266298        0.220721
     H   21       -0.266298        0.010816       -0.402845
     H   21        0.220721       -0.402845       -0.526791

     C   22       -0.162390        0.026684       -0.011990
     C   22        0.026684        0.220403        0.441189
     C   22       -0.011990        0.441189       -0.058012

     C   23       -0.228227        0.001493        0.028129
     C   23        0.001493        0.101063        0.080158
     C   23        0.028129        0.080158        0.127164

     Cl  24        0.236752        0.666496       -0.430223
     Cl  24        0.666496        0.238408        0.747490
     Cl  24       -0.430223        0.747490       -0.475160

     ----- total EFG (symmetrized) -----
     Cl   1        1.120890       -3.340821       -1.213268
     Cl   1       -3.340821       -0.220211        1.098652
     Cl   1       -1.213268        1.098652       -0.900679

     C    2       -0.470104        0.114449       -0.058259
     C    2        0.114449        0.235161        0.223198
     C    2       -0.058259        0.223198        0.234943

     C    3        0.375535       -0.133278        0.165719
     C    3       -0.133278       -0.199246        0.185781
     C    3        0.165719        0.185781       -0.176289

     H    4        0.272031        0.135005        0.717172
     H    4        0.135005       -0.000356        0.309228
     H    4        0.717172        0.309228       -0.271675

     C    5       -0.464422        0.164501       -0.273698
     C    5        0.164501        0.242446        0.376238
     C    5       -0.273698        0.376238        0.221976

     H    6       -0.017239       -0.094229        0.108389
     H    6       -0.094229        0.228296        0.588184
     H    6        0.108389        0.588184       -0.211057

     H    7       -0.140450       -0.028140        0.077683
     H    7       -0.028140        0.075448       -0.214337
     H    7        0.077683       -0.214337        0.065002

     C    8       -0.180678        0.386648       -0.013555
     C    8        0.386648       -0.039779        0.401234
     C    8       -0.013555        0.401234        0.220457

     H    9        0.195168       -0.042182        0.537225
     H    9       -0.042182        0.011007       -0.012039
     H    9        0.537225       -0.012039       -0.206176

     C   10       -0.211999       -0.049963       -0.119904
     C   10       -0.049963       -0.139317       -0.028535
     C   10       -0.119904       -0.028535        0.351316

     C   11        0.001398        0.355997       -0.111645
     C   11        0.355997        0.082190        0.517621
     C   11       -0.111645        0.517621       -0.083589

     Cl  12        1.050574        1.545168       -0.095264
     Cl  12        1.545168        0.943473       -0.097149
     Cl  12       -0.095264       -0.097149       -1.994048

     H   13       -0.073122        0.034491        0.033717
     H   13        0.034491        0.218144        0.070746
     H   13        0.033717        0.070746       -0.145022

     C   14        0.174242       -0.153154       -0.189037
     C   14       -0.153154       -0.193677        0.125443
     C   14       -0.189037        0.125443        0.019435

     H   15        0.612822       -0.030978        0.244892
     H   15       -0.030978       -0.615325        0.163667
     H   15        0.244892        0.163667        0.002504

     C   16       -0.744508        0.154830       -0.325855
     C   16        0.154830        0.831497        0.450609
     C   16       -0.325855        0.450609       -0.086989

     C   17        0.259432       -0.087446       -0.075972
     C   17       -0.087446       -0.065002        0.205648
     C   17       -0.075972        0.205648       -0.194430

     Cl  18       -1.087171        0.249526       -0.455227
     Cl  18        0.249526        2.378240       -1.506693
     Cl  18       -0.455227       -1.506693       -1.291069

     H   19       -0.079544       -0.100456       -0.019317
     H   19       -0.100456        0.414508       -0.159230
     H   19       -0.019317       -0.159230       -0.334964

     C   20       -0.492221       -0.252621        0.004033
     C   20       -0.252621        0.372304        0.351278
     C   20        0.004033        0.351278        0.119917

     H   21        0.515976       -0.266298        0.220721
     H   21       -0.266298        0.010816       -0.402845
     H   21        0.220721       -0.402845       -0.526791

     C   22       -0.162390        0.026684       -0.011990
     C   22        0.026684        0.220403        0.441189
     C   22       -0.011990        0.441189       -0.058012

     C   23       -0.228227        0.001493        0.028129
     C   23        0.001493        0.101063        0.080158
     C   23        0.028129        0.080158        0.127164

     Cl  24        0.236752        0.666496       -0.430223
     Cl  24        0.666496        0.238408        0.747490
     Cl  24       -0.430223        0.747490       -0.475160


     NQR/NMR SPECTROSCOPIC PARAMETERS:
     Cl   1    Vxx=   -1.4043    axis=(  0.260746 -0.149295  0.953794)
     Cl   1    Vyy=   -2.9610    axis=(  0.623943  0.779964 -0.048486)
     Cl   1    Vzz=    4.3654    axis=( -0.736686  0.607756  0.296524)
     Cl   1  Q=        -8.1650 1e-30 m^2  Cq=       -83.7475 MHz  eta= 0.35661

     C    2    Vxx=    0.0408    axis=( -0.230781 -0.672127  0.703552)
     C    2    Vyy=    0.4600    axis=( -0.044289 -0.715065 -0.697654)
     C    2    Vzz=   -0.5008    axis=( -0.971997  0.192165 -0.135256)
     C    2  Q=         1.0000 1e-30 m^2  Cq=        -1.1768 MHz  eta= 0.83697

     C    3    Vxx=   -0.0034    axis=(  0.058928 -0.707786 -0.703964)
     C    3    Vyy=   -0.4292    axis=(  0.253761  0.692646 -0.675164)
     C    3    Vzz=    0.4325    axis=( -0.965470  0.138853 -0.220425)
     C    3  Q=         1.0000 1e-30 m^2  Cq=         1.0163 MHz  eta= 0.98441

     H    4    Vxx=   -0.0558    axis=(  0.394109 -0.919036 -0.007169)
     H    4    Vyy=   -0.8086    axis=(  0.518317  0.228697 -0.824042)
     H    4    Vzz=    0.8644    axis=(  0.758964  0.321047  0.566483)
     H    4  Q=         1.0000 1e-30 m^2  Cq=         2.0311 MHz  eta= 0.87081

     C    5    Vxx=    0.0429    axis=(  0.514394  0.643852 -0.566439)
     C    5    Vyy=    0.6142    axis=(  0.076478 -0.692340 -0.717507)
     C    5    Vzz=   -0.6571    axis=( -0.854137  0.325761 -0.405376)
     C    5  Q=         1.0000 1e-30 m^2  Cq=        -1.5438 MHz  eta= 0.86951

     H    6    Vxx=    0.0145    axis=(  0.975261 -0.105140  0.194451)
     H    6    Vyy=    0.6369    axis=( -0.024474  0.822883  0.567683)
     H    6    Vzz=   -0.6514    axis=( -0.219697 -0.558398  0.799953)
     H    6  Q=         1.0000 1e-30 m^2  Cq=        -1.5305 MHz  eta= 0.95539

     H    7    Vxx=   -0.1130    axis=(  0.650707  0.610621  0.451355)
     H    7    Vyy=   -0.1844    axis=(  0.740372 -0.378220 -0.555696)
     H    7    Vzz=    0.2974    axis=(  0.168609 -0.695767  0.698198)
     H    7  Q=         1.0000 1e-30 m^2  Cq=         0.6987 MHz  eta= 0.24015

     C    8    Vxx=    0.0184    axis=( -0.701480 -0.339270  0.626756)
     C    8    Vyy=    0.5839    axis=(  0.312985  0.643431  0.698597)
     C    8    Vzz=   -0.6024    axis=( -0.640286  0.686216 -0.345167)
     C    8  Q=         1.0000 1e-30 m^2  Cq=        -1.4153 MHz  eta= 0.93879

     H    9    Vxx=    0.0083    axis=(  0.047054  0.996972  0.061911)
     H    9    Vyy=    0.5711    axis=(  0.819828 -0.073954  0.567814)
     H    9    Vzz=   -0.5793    axis=(  0.570673  0.024038 -0.820826)
     H    9  Q=         1.0000 1e-30 m^2  Cq=        -1.3612 MHz  eta= 0.97145

     C   10    Vxx=   -0.1153    axis=(  0.409400 -0.911012  0.049489)
     C   10    Vyy=   -0.2611    axis=(  0.890902  0.410879  0.193575)
     C   10    Vzz=    0.3764    axis=( -0.196683 -0.035160  0.979837)
     C   10  Q=         1.0000 1e-30 m^2  Cq=         0.8844 MHz  eta= 0.38730

     C   11    Vxx=    0.0784    axis=(  0.823942  0.000416 -0.566674)
     C   11    Vyy=    0.6007    axis=( -0.360433 -0.771262 -0.524636)
     C   11    Vzz=   -0.6790    axis=( -0.437272  0.636518 -0.635326)
     C   11  Q=         1.0000 1e-30 m^2  Cq=        -1.5954 MHz  eta= 0.76919

     Cl  12    Vxx=   -0.5491    axis=(  0.694831 -0.719168  0.002543)
     Cl  12    Vyy=   -1.9981    axis=( -0.019764 -0.022629 -0.999549)
     Cl  12    Vzz=    2.5472    axis=(  0.718901  0.694467 -0.029937)
     Cl  12  Q=        -8.1650 1e-30 m^2  Cq=       -48.8666 MHz  eta= 0.56889

     H   13    Vxx=   -0.0703    axis=(  0.949074 -0.177345  0.260396)
     H   13    Vyy=   -0.1664    axis=(  0.287345  0.148335 -0.946271)
     H   13    Vzz=    0.2367    axis=(  0.129191  0.972906  0.191741)
     H   13  Q=         1.0000 1e-30 m^2  Cq=         0.5561 MHz  eta= 0.40578

     C   14    Vxx=   -0.1055    axis=(  0.594638  0.101767  0.797527)
     C   14    Vyy=   -0.2646    axis=(  0.208838  0.938358 -0.275447)
     C   14    Vzz=    0.3701    axis=( -0.776397  0.330345  0.536731)
     C   14  Q=         1.0000 1e-30 m^2  Cq=         0.8696 MHz  eta= 0.42984

     H   15    Vxx=   -0.0368    axis=( -0.327862  0.273389  0.904304)
     H   15    Vyy=   -0.6626    axis=(  0.074029  0.961704 -0.263903)
     H   15    Vzz=    0.6994    axis=( -0.941821 -0.019579 -0.335545)
     H   15  Q=         1.0000 1e-30 m^2  Cq=         1.6434 MHz  eta= 0.89476

     C   16    Vxx=   -0.0769    axis=( -0.474620 -0.324891  0.818035)
     C   16    Vyy=   -0.9390    axis=( -0.880108  0.187931 -0.435996)
     C   16    Vzz=    1.0159    axis=(  0.012083  0.926891  0.375135)
     C   16  Q=         1.0000 1e-30 m^2  Cq=         2.3869 MHz  eta= 0.84862

     C   17    Vxx=    0.0283    axis=( -0.446401 -0.728161 -0.520104)
     C   17    Vyy=    0.3172    axis=( -0.894679  0.352412  0.274508)
     C   17    Vzz=   -0.3455    axis=(  0.016595 -0.587867  0.808788)
     C   17  Q=         1.0000 1e-30 m^2  Cq=        -0.8117 MHz  eta= 0.83629

     Cl  18    Vxx=   -0.9854    axis=(  0.922110 -0.213077 -0.322973)
     Cl  18    Vyy=   -1.9698    axis=(  0.374774  0.284284  0.882455)
     Cl  18    Vzz=    2.9552    axis=( -0.096215 -0.934762  0.341997)
     Cl  18  Q=        -8.1650 1e-30 m^2  Cq=       -56.6934 MHz  eta= 0.33311

     H   19    Vxx=   -0.0907    axis=(  0.975534  0.140748 -0.168892)
     H   19    Vyy=   -0.3728    axis=( -0.136739 -0.213110 -0.967412)
     H   19    Vzz=    0.4635    axis=( -0.172154  0.966837 -0.188650)
     H   19  Q=         1.0000 1e-30 m^2  Cq=         1.0890 MHz  eta= 0.60863

     C   20    Vxx=   -0.0803    axis=(  0.299444 -0.475058  0.827438)
     C   20    Vyy=   -0.5763    axis=( -0.937124 -0.309371  0.161519)
     C   20    Vzz=    0.6566    axis=(  0.179255 -0.823778 -0.537827)
     C   20  Q=         1.0000 1e-30 m^2  Cq=         1.5428 MHz  eta= 0.75540

     H   21    Vxx=    0.0045    axis=(  0.546912  0.760706 -0.349591)
     H   21    Vyy=    0.7420    axis=( -0.835024  0.465638 -0.293115)
     H   21    Vzz=   -0.7464    axis=( -0.060192  0.452224  0.889871)
     H   21  Q=         1.0000 1e-30 m^2  Cq=        -1.7538 MHz  eta= 0.98797

     C   22    Vxx=   -0.1598    axis=( -0.993269 -0.050980  0.104003)
     C   22    Vyy=   -0.3844    axis=(  0.114008 -0.588799  0.800198)
     C   22    Vzz=    0.5441    axis=( -0.020443 -0.806670 -0.590649)
     C   22  Q=         1.0000 1e-30 m^2  Cq=         1.2785 MHz  eta= 0.41276

     C   23    Vxx=    0.0340    axis=( -0.064253  0.765980 -0.639646)
     C   23    Vyy=    0.1965    axis=(  0.052875  0.642683  0.764306)
     C   23    Vzz=   -0.2305    axis=( -0.996532 -0.015288  0.081796)
     C   23  Q=         1.0000 1e-30 m^2  Cq=        -0.5416 MHz  eta= 0.70501

     Cl  24    Vxx=    0.3386    axis=( -0.686210  0.317537  0.654435)
     Cl  24    Vyy=    0.9582    axis=( -0.581859 -0.779535 -0.231873)
     Cl  24    Vzz=   -1.2969    axis=(  0.436527 -0.539903  0.719687)
     Cl  24  Q=        -8.1650 1e-30 m^2  Cq=        24.8799 MHz  eta= 0.47776

     Initialization:
     gipaw_setup  :      9.12s CPU     10.90s WALL (       1 calls)

     Linear response

     Apply operators

     Induced current

     Other routines
     efg          :      9.25s CPU     11.61s WALL (       1 calls)

     General routines
     calbec       :      3.21s CPU      4.14s WALL (      16 calls)
     fft          :      1.46s CPU      1.87s WALL (      15 calls)
     ffts         :      0.03s CPU      0.04s WALL (       2 calls)
     fftw         :      3.27s CPU      4.09s WALL (     672 calls)
     davcio       :      0.02s CPU      0.32s WALL (      32 calls)

     Parallel routines
     fft_scatter  :      2.18s CPU      3.19s WALL (     689 calls)

     Plugins

     GIPAW        :     61.33s CPU     72.35s WALL (       1 calls)
