
     Program QE v.6.0 (svn rev. 13079) starts on 16Jan2017 at 13:29:29 

     This program is part of the open-source Quantum ESPRESSO suite
     for quantum simulation of materials; please cite
         "P. Giannozzi et al., J. Phys.:Condens. Matter 21 395502 (2009);
          URL http://www.quantum-espresso.org", 
     in publications or presentations arising from this work. More details at
     http://www.quantum-espresso.org/quote

     Parallel version (MPI), running on     8 processors
     R & G space division:  proc/nbgrp/npool/nimage =       8

     ***** This is GIPAW svn revision unknown      *****

     Parallelizing q-star over 1 images

     Reading data from directory:
     /users/majewski/paradichlorobenzene/pbe/9_constraint/scratch/pbe.ecut100.np8.dt60.pcl2phi-129368.save
     Message from routine read_xml_file:
     file /users/majewski/paradichlorobenzene/pbe/9_constraint/scratch/pbe.ecut100.np8.dt60.pcl2phi-129368.save not guaranteed to be safe for post-processing

   Info: using nr1, nr2, nr3 values from input

   Info: using nr1, nr2, nr3 values from input

     IMPORTANT: XC functional enforced from input :
     Exchange-correlation      =  SLA  PW   PBX  PBC ( 1  4  3  4 0 0)
     Any further DFT definition will be discarded
     Please, verify this is what you really want

               file C.pbe-n-kjpaw_psl.1.0.0.UPF: wavefunction(s)  2S 2P renormalized
               file Cl.pbe-n-kjpaw_psl.1.0.0.UPF: wavefunction(s)  3S 3P renormalized
               file H.pbe-kjpaw_psl.1.0.0.UPF: wavefunction(s)  1S renormalized

     Parallelization info
     --------------------
     sticks:   dense  smooth     PW     G-vecs:    dense   smooth      PW
     Min        3057    1223    332               144436    36536    5170
     Max        3059    1225    333               144437    36537    5171
     Sum       24467    9791   2657              1155489   292295   41363


     Subspace diagonalization in iterative solution of the eigenvalue problem:
     a serial algorithm will be used

     GIPAW projectors -----------------------------------------------
     atom=  C    l=0  rc=    1.2000  rs=    0.8000
     atom=  C    l=0  rc=    1.2000  rs=    0.8000
     atom=  C    l=1  rc=    1.4000  rs=    0.9333
     atom=  C    l=1  rc=    1.4000  rs=    0.9333
     projs nearly linearly dependent: l=1  n1,n2= 1, 2  s=  0.99951561

     atom=  Cl   l=0  rc=    1.6000  rs=    1.0667
     atom=  Cl   l=0  rc=    1.6000  rs=    1.0667
     atom=  Cl   l=1  rc=    1.6000  rs=    1.0667
     atom=  Cl   l=1  rc=    1.6000  rs=    1.0667
     atom=  Cl   l=2  rc=    1.6000  rs=    1.0667
     atom=  Cl   l=2  rc=    1.6000  rs=    1.0667
     projs nearly linearly dependent: l=2  n1,n2= 1, 2  s=  0.99993509

     atom=  H    l=0  rc=    1.0000  rs=    0.6667
     atom=  H    l=0  rc=    1.0000  rs=    0.6667
     projs nearly linearly dependent: l=0  n1,n2= 1, 2  s=  0.99968852
     -----------------------------------------------------------------

     GIPAW integrals: -------------------------------------------
     Atom  i/j   nmr_para   nmr_dia   epr_rmc  epr_para   epr_dia
       C   1 1   0.83E+03  0.17E-01  0.93E+01  0.24E+08  0.24E+03
       C   2 1   0.86E+03 -0.61E-01  0.94E+01  0.25E+08  0.25E+03
       C   2 2   0.90E+03 -0.15E+00  0.97E+01  0.26E+08  0.26E+03
       C   3 3   0.33E+01  0.34E+00  0.18E+01  0.55E+03  0.21E+02
       C   4 3   0.35E+01  0.37E+00  0.20E+01  0.59E+03  0.22E+02
       C   4 4   0.38E+01  0.39E+00  0.22E+01  0.63E+03  0.24E+02
       Cl  1 1   0.14E+04 -0.47E+00  0.84E+01  0.32E+09  0.42E+03
       Cl  2 1   0.21E+04 -0.37E+00  0.12E+02  0.49E+09  0.65E+03
       Cl  2 2   0.33E+04 -0.16E+00  0.21E+02  0.76E+09  0.10E+04
       Cl  3 3   0.21E+02  0.79E-01  0.89E+01  0.23E+05  0.13E+03
       Cl  4 3   0.24E+02  0.67E-01  0.99E+01  0.27E+05  0.15E+03
       Cl  4 4   0.28E+02  0.44E-01  0.11E+02  0.32E+05  0.18E+03
       Cl  5 5   0.77E+00  0.19E+00  0.18E+01  0.12E+03  0.22E+02
       Cl  6 5   0.80E+00  0.19E+00  0.19E+01  0.12E+03  0.23E+02
       Cl  6 6   0.83E+00  0.20E+00  0.19E+01  0.12E+03  0.23E+02
       H   1 1   0.39E+02  0.19E+00  0.29E+00  0.78E+05  0.13E+02
       H   2 1   0.41E+02  0.21E+00  0.32E+00  0.82E+05  0.14E+02
       H   2 2   0.43E+02  0.22E+00  0.36E+00  0.86E+05  0.15E+02
     ------------------------------------------------------------

     alpha_pv=     34.0729 eV

     Number of occupied bands for each k-point:
     k-point:     1    nbnd_occ=  42
     k-point:     2    nbnd_occ=  42
     k-point:     3    nbnd_occ=  42
     k-point:     4    nbnd_occ=  42
     k-point:     5    nbnd_occ=  42
     k-point:     6    nbnd_occ=  42
     k-point:     7    nbnd_occ=  42
     k-point:     8    nbnd_occ=  42
     k-point:     9    nbnd_occ=  42
     k-point:    10    nbnd_occ=  42
     k-point:    11    nbnd_occ=  42
     k-point:    12    nbnd_occ=  42
     k-point:    13    nbnd_occ=  42
     k-point:    14    nbnd_occ=  42
     k-point:    15    nbnd_occ=  42
     k-point:    16    nbnd_occ=  42


     q-space interpolation up to   110.00 Rydberg

     GIPAW job: efg                                                                             


     ELECTRIC FIELD GRADIENTS TENSORS IN Hartree/bohrradius^2:

     ----- bare term -----
     Cl   1        0.075835        0.145183        0.095712
     Cl   1        0.145183       -0.153628        0.355824
     Cl   1        0.095712        0.355824        0.077793

     C    2        0.119783       -0.087619       -0.282357
     C    2       -0.087619       -0.051906       -0.574271
     C    2       -0.282357       -0.574271       -0.067877

     C    3       -0.323329        0.098423        0.026123
     C    3        0.098423       -0.042018        0.074523
     C    3        0.026123        0.074523        0.365347

     H    4       -0.176104       -0.468060       -0.024733
     H    4       -0.468060       -0.181773        0.120390
     H    4       -0.024733        0.120390        0.357877

     C    5        0.047473        0.055544       -0.119229
     C    5        0.055544       -0.124155       -0.385830
     C    5       -0.119229       -0.385830        0.076682

     H    6        0.390270       -0.271292       -0.014572
     H    6       -0.271292       -0.724120       -0.191744
     H    6       -0.014572       -0.191744        0.333851

     H    7        0.266728       -0.021446       -0.099684
     H    7       -0.021446       -0.532456        0.643706
     H    7       -0.099684        0.643706        0.265728

     C    8       -0.740123       -0.336643       -0.306588
     C    8       -0.336643        0.399235        0.083564
     C    8       -0.306588        0.083564        0.340888

     H    9        0.085674       -0.115736       -0.441008
     H    9       -0.115736        0.004723       -0.233922
     H    9       -0.441008       -0.233922       -0.090397

     C   10        0.273661       -0.082819       -0.114166
     C   10       -0.082819       -0.168939        0.447079
     C   10       -0.114166        0.447079       -0.104721

     C   11       -0.482281       -0.397610       -0.370800
     C   11       -0.397610        0.194063        0.115965
     C   11       -0.370800        0.115965        0.288218

     Cl  12       -0.024637        0.056030       -0.034329
     Cl  12        0.056030        0.152194        0.025369
     Cl  12       -0.034329        0.025369       -0.127557

     H   13        0.353383       -0.284477        0.165918
     H   13       -0.284477       -0.532199       -0.005268
     H   13        0.165918       -0.005268        0.178817

     C   14       -0.784722        0.357264       -0.449573
     C   14        0.357264        0.284576        0.008532
     C   14       -0.449573        0.008532        0.500146

     H   15       -0.438889       -0.159012        0.262548
     H   15       -0.159012        0.255512       -0.130205
     H   15        0.262548       -0.130205        0.183377

     C   16        0.292236       -0.043485        0.099829
     C   16       -0.043485       -0.438374       -0.373035
     C   16        0.099829       -0.373035        0.146138

     C   17       -0.822041        0.450145       -0.322417
     C   17        0.450145        0.280863       -0.027116
     C   17       -0.322417       -0.027116        0.541177

     Cl  18        0.014573        0.031836        0.052788
     Cl  18        0.031836       -0.019947        0.047643
     Cl  18        0.052788        0.047643        0.005374

     H   19        0.442241       -0.016865       -0.001588
     H   19       -0.016865       -0.760035        0.303585
     H   19       -0.001588        0.303585        0.317794

     C   20       -0.028182        0.060035       -0.262558
     C   20        0.060035       -0.040627        0.429100
     C   20       -0.262558        0.429100        0.068808

     H   21        0.006478        0.287854       -0.362468
     H   21        0.287854       -0.223563        0.428188
     H   21       -0.362468        0.428188        0.217085

     C   22       -0.708842       -0.305684       -0.233618
     C   22       -0.305684        0.274946        0.100910
     C   22       -0.233618        0.100910        0.433896

     C   23        0.134425        0.003808       -0.214729
     C   23        0.003808       -0.057484        0.604814
     C   23       -0.214729        0.604814       -0.076942

     Cl  24       -0.343879       -0.325683       -0.004012
     Cl  24       -0.325683        0.184399        0.005915
     Cl  24       -0.004012        0.005915        0.159480

     ----- ionic term -----
     Cl   1        0.125927       -0.148427       -0.042576
     Cl   1       -0.148427       -0.000729        0.034590
     Cl   1       -0.042576        0.034590       -0.125198

     C    2        0.328517        0.064846        0.036680
     C    2        0.064846        0.158718        0.364896
     C    2        0.036680        0.364896       -0.487236

     C    3        0.214808       -0.117363        0.048638
     C    3       -0.117363        0.190519        0.403114
     C    3        0.048638        0.403114       -0.405327

     H    4        0.733892        0.375855        0.532189
     H    4        0.375855       -0.401281        0.238870
     H    4        0.532189        0.238870       -0.332612

     C    5        0.350807       -0.099223        0.070255
     C    5       -0.099223        0.084545        0.320618
     C    5        0.070255        0.320618       -0.435353

     H    6       -0.518193        0.154475        0.083323
     H    6        0.154475        0.742190        0.647988
     H    6        0.083323        0.647988       -0.223997

     H    7       -0.435426       -0.345987        0.134351
     H    7       -0.345987        0.871910       -0.451279
     H    7        0.134351       -0.451279       -0.436484

     C    8        0.266883        0.091005        0.346207
     C    8        0.091005        0.085134       -0.244890
     C    8        0.346207       -0.244890       -0.352016

     H    9        0.459011       -0.160651        0.754084
     H    9       -0.160651       -0.457987       -0.190932
     H    9        0.754084       -0.190932       -0.001025

     C   10        0.072794        0.230757        0.250241
     C   10        0.230757        0.156200       -0.392267
     C   10        0.250241       -0.392267       -0.228994

     C   11        0.145229        0.125765        0.328575
     C   11        0.125765        0.037830       -0.467424
     C   11        0.328575       -0.467424       -0.183059

     Cl  12        0.181474        0.211117        0.001976
     Cl  12        0.211117       -0.047319       -0.003583
     Cl  12        0.001976       -0.003583       -0.134155

     H   13       -0.496060        0.223024        0.020935
     H   13        0.223024        0.962915        0.405798
     H   13        0.020935        0.405798       -0.466854

     C   14        0.394148        0.013677        0.012551
     C   14        0.013677        0.166029        0.248031
     C   14        0.012551        0.248031       -0.560177

     H   15        0.890585        0.444377        0.289897
     H   15        0.444377       -0.308929        0.135803
     H   15        0.289897        0.135803       -0.581657

     C   16        0.224010       -0.114988        0.012952
     C   16       -0.114988        0.310843        0.325085
     C   16        0.012952        0.325085       -0.534853

     C   17        0.250273       -0.123910        0.156124
     C   17       -0.123910        0.303504        0.298271
     C   17        0.156124        0.298271       -0.553777

     Cl  18        0.154234       -0.245973        0.009181
     Cl  18       -0.245973        0.031302       -0.001560
     Cl  18        0.009181       -0.001560       -0.185536

     H   19       -0.529909       -0.041627        0.027285
     H   19       -0.041627        0.705795       -0.684826
     H   19        0.027285       -0.684826       -0.175886

     C   20        0.233401        0.192352        0.289862
     C   20        0.192352        0.010428       -0.326462
     C   20        0.289862       -0.326462       -0.243830

     H   21        0.461339       -0.242325        0.744574
     H   21       -0.242325       -0.460561       -0.258821
     H   21        0.744574       -0.258821       -0.000778

     C   22        0.134754        0.241577        0.196963
     C   22        0.241577        0.128574       -0.406741
     C   22        0.196963       -0.406741       -0.263328

     C   23        0.189544        0.187876        0.315461
     C   23        0.187876        0.104409       -0.407235
     C   23        0.315461       -0.407235       -0.293953

     Cl  24        0.142550        0.209327        0.019371
     Cl  24        0.209327        0.030418       -0.001292
     Cl  24        0.019371       -0.001292       -0.172968

     ----- GIPAW term -----
     Cl   1       -0.368492        0.123121       -0.426927
     Cl   1        0.123121        0.312183       -0.955034
     Cl   1       -0.426927       -0.955034        0.056309

     C    2       -0.028778       -0.034556       -0.035394
     C    2       -0.034556        0.147514       -0.081852
     C    2       -0.035394       -0.081852       -0.118736

     C    3       -0.038408       -0.010611        0.007238
     C    3       -0.010611        0.034642        0.004110
     C    3        0.007238        0.004110        0.003766

     H    4       -0.000000        0.000000        0.000000
     H    4        0.000000        0.000000        0.000000
     H    4        0.000000        0.000000        0.000000

     C    5       -0.061739        0.044504        0.010731
     C    5        0.044504        0.186951       -0.003712
     C    5        0.010731       -0.003712       -0.125212

     H    6       -0.000000        0.000000        0.000000
     H    6        0.000000        0.000000        0.000000
     H    6        0.000000        0.000000        0.000000

     H    7       -0.000000        0.000000        0.000000
     H    7        0.000000        0.000000        0.000000
     H    7        0.000000        0.000000        0.000000

     C    8       -0.154260       -0.055312       -0.023740
     C    8       -0.055312        0.206179        0.023032
     C    8       -0.023740        0.023032       -0.051920

     H    9       -0.000000        0.000000        0.000000
     H    9        0.000000        0.000000        0.000000
     H    9        0.000000        0.000000        0.000000

     C   10       -0.027177       -0.004112       -0.005159
     C   10       -0.004112        0.122362        0.033103
     C   10       -0.005159        0.033103       -0.095185

     C   11       -0.086418       -0.069566       -0.049526
     C   11       -0.069566        0.171203        0.050217
     C   11       -0.049526        0.050217       -0.084784

     Cl  12        0.324781        2.468038       -0.134186
     Cl  12        2.468038        2.257784        0.393849
     Cl  12       -0.134186        0.393849       -2.582565

     H   13       -0.000000        0.000000        0.000000
     H   13        0.000000        0.000000        0.000000
     H   13        0.000000        0.000000        0.000000

     C   14       -0.139378       -0.015288       -0.094788
     C   14       -0.015288        0.050288        0.143147
     C   14       -0.094788        0.143147        0.089090

     H   15       -0.000000        0.000000        0.000000
     H   15        0.000000        0.000000        0.000000
     H   15        0.000000        0.000000        0.000000

     C   16        0.000845       -0.028897        0.025649
     C   16       -0.028897       -0.000262        0.062092
     C   16        0.025649        0.062092       -0.000583

     C   17       -0.148036       -0.007726       -0.033940
     C   17       -0.007726        0.100216        0.151753
     C   17       -0.033940        0.151753        0.047821

     Cl  18       -0.262967       -0.995625        0.478326
     Cl  18       -0.995625        1.179725        2.075681
     Cl  18        0.478326        2.075681       -0.916758

     H   19       -0.000000        0.000000        0.000000
     H   19        0.000000        0.000000        0.000000
     H   19        0.000000        0.000000        0.000000

     C   20       -0.093711        0.039637       -0.029575
     C   20        0.039637        0.227560       -0.009323
     C   20       -0.029575       -0.009323       -0.133848

     H   21       -0.000000        0.000000        0.000000
     H   21        0.000000        0.000000        0.000000
     H   21        0.000000        0.000000        0.000000

     C   22       -0.186106       -0.011903       -0.031535
     C   22       -0.011903        0.244756       -0.010113
     C   22       -0.031535       -0.010113       -0.058650

     C   23       -0.038797        0.006624       -0.020463
     C   23        0.006624        0.209861        0.031011
     C   23       -0.020463        0.031011       -0.171063

     Cl  24       -1.294410        0.803369       -0.104241
     Cl  24        0.803369        3.051117       -0.165461
     Cl  24       -0.104241       -0.165461       -1.756707

     ----- total EFG -----
     Cl   1       -0.166730        0.119877       -0.373791
     Cl   1        0.119877        0.157826       -0.564621
     Cl   1       -0.373791       -0.564621        0.008904

     C    2        0.419523       -0.057329       -0.281071
     C    2       -0.057329        0.254327       -0.291227
     C    2       -0.281071       -0.291227       -0.673849

     C    3       -0.146929       -0.029551        0.081999
     C    3       -0.029551        0.183143        0.481747
     C    3        0.081999        0.481747       -0.036214

     H    4        0.557788       -0.092205        0.507456
     H    4       -0.092205       -0.583054        0.359260
     H    4        0.507456        0.359260        0.025265

     C    5        0.336542        0.000825       -0.038244
     C    5        0.000825        0.147341       -0.068924
     C    5       -0.038244       -0.068924       -0.483883

     H    6       -0.127923       -0.116817        0.068750
     H    6       -0.116817        0.018069        0.456244
     H    6        0.068750        0.456244        0.109854

     H    7       -0.168698       -0.367433        0.034667
     H    7       -0.367433        0.339454        0.192427
     H    7        0.034667        0.192427       -0.170756

     C    8       -0.627500       -0.300951        0.015878
     C    8       -0.300951        0.690548       -0.138294
     C    8        0.015878       -0.138294       -0.063048

     H    9        0.544686       -0.276387        0.313076
     H    9       -0.276387       -0.453264       -0.424854
     H    9        0.313076       -0.424854       -0.091422

     C   10        0.319278        0.143826        0.130916
     C   10        0.143826        0.109622        0.087915
     C   10        0.130916        0.087915       -0.428900

     C   11       -0.423470       -0.341411       -0.091750
     C   11       -0.341411        0.403095       -0.301242
     C   11       -0.091750       -0.301242        0.020375

     Cl  12        0.481618        2.735185       -0.166539
     Cl  12        2.735185        2.362659        0.415635
     Cl  12       -0.166539        0.415635       -2.844277

     H   13       -0.142678       -0.061452        0.186853
     H   13       -0.061452        0.430716        0.400530
     H   13        0.186853        0.400530       -0.288038

     C   14       -0.529952        0.355653       -0.531809
     C   14        0.355653        0.500894        0.399710
     C   14       -0.531809        0.399710        0.029059

     H   15        0.451696        0.285365        0.552445
     H   15        0.285365       -0.053417        0.005598
     H   15        0.552445        0.005598       -0.398280

     C   16        0.517090       -0.187370        0.138430
     C   16       -0.187370       -0.127793        0.014142
     C   16        0.138430        0.014142       -0.389297

     C   17       -0.719804        0.318510       -0.200233
     C   17        0.318510        0.684583        0.422907
     C   17       -0.200233        0.422907        0.035221

     Cl  18       -0.094160       -1.209762        0.540295
     Cl  18       -1.209762        1.191080        2.121763
     Cl  18        0.540295        2.121763       -1.096920

     H   19       -0.087668       -0.058492        0.025697
     H   19       -0.058492       -0.054240       -0.381241
     H   19        0.025697       -0.381241        0.141908

     C   20        0.111508        0.292025       -0.002271
     C   20        0.292025        0.197361        0.093315
     C   20       -0.002271        0.093315       -0.308870

     H   21        0.467817        0.045529        0.382106
     H   21        0.045529       -0.684124        0.169367
     H   21        0.382106        0.169367        0.216307

     C   22       -0.760194       -0.076010       -0.068191
     C   22       -0.076010        0.648275       -0.315944
     C   22       -0.068191       -0.315944        0.111919

     C   23        0.285172        0.198307        0.080269
     C   23        0.198307        0.256786        0.228590
     C   23        0.080269        0.228590       -0.541958

     Cl  24       -1.495739        0.687013       -0.088882
     Cl  24        0.687013        3.265934       -0.160837
     Cl  24       -0.088882       -0.160837       -1.770195

     ----- total EFG (symmetrized) -----
     Cl   1       -0.166730        0.119877       -0.373791
     Cl   1        0.119877        0.157826       -0.564621
     Cl   1       -0.373791       -0.564621        0.008904

     C    2        0.419523       -0.057329       -0.281071
     C    2       -0.057329        0.254327       -0.291227
     C    2       -0.281071       -0.291227       -0.673849

     C    3       -0.146929       -0.029551        0.081999
     C    3       -0.029551        0.183143        0.481747
     C    3        0.081999        0.481747       -0.036214

     H    4        0.557788       -0.092205        0.507456
     H    4       -0.092205       -0.583054        0.359260
     H    4        0.507456        0.359260        0.025265

     C    5        0.336542        0.000825       -0.038244
     C    5        0.000825        0.147341       -0.068924
     C    5       -0.038244       -0.068924       -0.483883

     H    6       -0.127923       -0.116817        0.068750
     H    6       -0.116817        0.018069        0.456244
     H    6        0.068750        0.456244        0.109854

     H    7       -0.168698       -0.367433        0.034667
     H    7       -0.367433        0.339454        0.192427
     H    7        0.034667        0.192427       -0.170756

     C    8       -0.627500       -0.300951        0.015878
     C    8       -0.300951        0.690548       -0.138294
     C    8        0.015878       -0.138294       -0.063048

     H    9        0.544686       -0.276387        0.313076
     H    9       -0.276387       -0.453264       -0.424854
     H    9        0.313076       -0.424854       -0.091422

     C   10        0.319278        0.143826        0.130916
     C   10        0.143826        0.109622        0.087915
     C   10        0.130916        0.087915       -0.428900

     C   11       -0.423470       -0.341411       -0.091750
     C   11       -0.341411        0.403095       -0.301242
     C   11       -0.091750       -0.301242        0.020375

     Cl  12        0.481618        2.735185       -0.166539
     Cl  12        2.735185        2.362659        0.415635
     Cl  12       -0.166539        0.415635       -2.844277

     H   13       -0.142678       -0.061452        0.186853
     H   13       -0.061452        0.430716        0.400530
     H   13        0.186853        0.400530       -0.288038

     C   14       -0.529952        0.355653       -0.531809
     C   14        0.355653        0.500894        0.399710
     C   14       -0.531809        0.399710        0.029059

     H   15        0.451696        0.285365        0.552445
     H   15        0.285365       -0.053417        0.005598
     H   15        0.552445        0.005598       -0.398280

     C   16        0.517090       -0.187370        0.138430
     C   16       -0.187370       -0.127793        0.014142
     C   16        0.138430        0.014142       -0.389297

     C   17       -0.719804        0.318510       -0.200233
     C   17        0.318510        0.684583        0.422907
     C   17       -0.200233        0.422907        0.035221

     Cl  18       -0.094160       -1.209762        0.540295
     Cl  18       -1.209762        1.191080        2.121763
     Cl  18        0.540295        2.121763       -1.096920

     H   19       -0.087668       -0.058492        0.025697
     H   19       -0.058492       -0.054240       -0.381241
     H   19        0.025697       -0.381241        0.141908

     C   20        0.111508        0.292025       -0.002271
     C   20        0.292025        0.197361        0.093315
     C   20       -0.002271        0.093315       -0.308870

     H   21        0.467817        0.045529        0.382106
     H   21        0.045529       -0.684124        0.169367
     H   21        0.382106        0.169367        0.216307

     C   22       -0.760194       -0.076010       -0.068191
     C   22       -0.076010        0.648275       -0.315944
     C   22       -0.068191       -0.315944        0.111919

     C   23        0.285172        0.198307        0.080269
     C   23        0.198307        0.256786        0.228590
     C   23        0.080269        0.228590       -0.541958

     Cl  24       -1.495739        0.687013       -0.088882
     Cl  24        0.687013        3.265934       -0.160837
     Cl  24       -0.088882       -0.160837       -1.770195


     NQR/NMR SPECTROSCOPIC PARAMETERS:
     Cl   1    Vxx=   -0.1733    axis=(  0.794781 -0.581854 -0.172537)
     Cl   1    Vyy=   -0.6038    axis=(  0.498721  0.464166  0.732002)
     Cl   1    Vzz=    0.7771    axis=(  0.345832  0.667829 -0.659094)
     Cl   1  Q=        -8.1650 1e-30 m^2  Cq=       -14.9090 MHz  eta= 0.55389

     C    2    Vxx=    0.3349    axis=( -0.140474  0.960981 -0.238290)
     C    2    Vyy=    0.4885    axis=(  0.964348  0.078282 -0.252795)
     C    2    Vzz=   -0.8235    axis=(  0.224277  0.265306  0.937717)
     C    2  Q=         1.0000 1e-30 m^2  Cq=        -1.9348 MHz  eta= 0.18656

     C    3    Vxx=   -0.1250    axis=(  0.962433 -0.198056  0.185730)
     C    3    Vyy=   -0.4436    axis=( -0.268623 -0.594938  0.757556)
     C    3    Vzz=    0.5686    axis=(  0.039541  0.778988  0.625791)
     C    3  Q=         1.0000 1e-30 m^2  Cq=         1.3361 MHz  eta= 0.56028

     H    4    Vxx=   -0.0502    axis=(  0.487164 -0.544625 -0.682682)
     H    4    Vyy=   -0.8228    axis=(  0.238127  0.834936 -0.496162)
     H    4    Vzz=    0.8731    axis=( -0.840218 -0.079147 -0.536441)
     H    4  Q=         1.0000 1e-30 m^2  Cq=         2.0514 MHz  eta= 0.88489

     C    5    Vxx=    0.1546    axis=( -0.026733  0.994039 -0.105697)
     C    5    Vyy=    0.3384    axis=(  0.998598  0.021724 -0.048265)
     C    5    Vzz=   -0.4931    axis=(  0.045681  0.106839  0.993226)
     C    5  Q=         1.0000 1e-30 m^2  Cq=        -1.1585 MHz  eta= 0.37270

     H    6    Vxx=   -0.0742    axis=(  0.923014 -0.255226  0.287931)
     H    6    Vyy=   -0.4495    axis=(  0.382329  0.692477 -0.611801)
     H    6    Vzz=    0.5237    axis=( -0.043238  0.674785  0.736746)
     H    6  Q=         1.0000 1e-30 m^2  Cq=         1.2305 MHz  eta= 0.71672

     H    7    Vxx=   -0.1408    axis=(  0.506793  0.042751  0.861007)
     H    7    Vyy=   -0.4244    axis=( -0.747255 -0.476228  0.463483)
     H    7    Vzz=    0.5652    axis=( -0.429850  0.878282  0.209403)
     H    7  Q=         1.0000 1e-30 m^2  Cq=         1.3279 MHz  eta= 0.50175

     C    8    Vxx=   -0.0855    axis=( -0.056537  0.153862  0.986474)
     C    8    Vyy=   -0.6933    axis=( -0.976443 -0.214602 -0.022491)
     C    8    Vzz=    0.7788    axis=(  0.208239 -0.964506  0.162370)
     C    8  Q=         1.0000 1e-30 m^2  Cq=         1.8299 MHz  eta= 0.78036

     H    9    Vxx=   -0.0815    axis=( -0.547334 -0.420220  0.723768)
     H    9    Vyy=   -0.7372    axis=(  0.052695  0.845786  0.530914)
     H    9    Vzz=    0.8187    axis=(  0.835253 -0.328727  0.440784)
     H    9  Q=         1.0000 1e-30 m^2  Cq=         1.9236 MHz  eta= 0.80088

     C   10    Vxx=    0.0372    axis=(  0.466925 -0.883583 -0.035516)
     C   10    Vyy=    0.4213    axis=(  0.872484  0.453774  0.181274)
     C   10    Vzz=   -0.4584    axis=( -0.144055 -0.115628  0.982791)
     C   10  Q=         1.0000 1e-30 m^2  Cq=        -1.0771 MHz  eta= 0.83792

     C   11    Vxx=   -0.0267    axis=( -0.428130  0.265396  0.863869)
     C   11    Vyy=   -0.6082    axis=(  0.868246  0.385978  0.311720)
     C   11    Vzz=    0.6349    axis=( -0.250705  0.883508 -0.395677)
     C   11  Q=         1.0000 1e-30 m^2  Cq=         1.4917 MHz  eta= 0.91589

     Cl  12    Vxx=   -1.3742    axis=( -0.794860  0.554344  0.246780)
     Cl  12    Vyy=   -2.9485    axis=(  0.182338 -0.169694  0.968482)
     Cl  12    Vzz=    4.3227    axis=(  0.578749  0.814805  0.033805)
     Cl  12  Q=        -8.1650 1e-30 m^2  Cq=       -82.9285 MHz  eta= 0.36418

     H   13    Vxx=   -0.0512    axis=(  0.904404 -0.198568  0.377656)
     H   13    Vyy=   -0.5589    axis=(  0.425762  0.362072 -0.829235)
     H   13    Vzz=    0.6100    axis=(  0.027921  0.910755  0.412002)
     H   13  Q=         1.0000 1e-30 m^2  Cq=         1.4333 MHz  eta= 0.83227

     C   14    Vxx=    0.2930    axis=(  0.609439  0.337065 -0.717615)
     C   14    Vyy=    0.7316    axis=(  0.054692  0.885098  0.462180)
     C   14    Vzz=   -1.0245    axis=(  0.790944 -0.320919  0.520978)
     C   14  Q=         1.0000 1e-30 m^2  Cq=        -2.4073 MHz  eta= 0.42813

     H   15    Vxx=   -0.1077    axis=(  0.171991 -0.935380  0.309004)
     H   15    Vyy=   -0.6949    axis=(  0.465162 -0.199390 -0.862478)
     H   15    Vzz=    0.8027    axis=(  0.868357  0.292075  0.400810)
     H   15  Q=         1.0000 1e-30 m^2  Cq=         1.8860 MHz  eta= 0.73155

     C   16    Vxx=   -0.1682    axis=( -0.220796 -0.954744 -0.199283)
     C   16    Vyy=   -0.4168    axis=( -0.176394 -0.161867  0.970919)
     C   16    Vzz=    0.5850    axis=( -0.959236  0.249528 -0.132671)
     C   16  Q=         1.0000 1e-30 m^2  Cq=         1.3745 MHz  eta= 0.42503

     C   17    Vxx=   -0.0325    axis=( -0.400779 -0.326778  0.855916)
     C   17    Vyy=   -0.8858    axis=( -0.907390  0.270641 -0.321554)
     C   17    Vzz=    0.9182    axis=( -0.126569 -0.905521 -0.404983)
     C   17  Q=         1.0000 1e-30 m^2  Cq=         2.1575 MHz  eta= 0.92925

     Cl  18    Vxx=    0.1283    axis=( -0.878332 -0.050815 -0.475343)
     Cl  18    Vyy=    2.6855    axis=( -0.286037  0.852567  0.437394)
     Cl  18    Vzz=   -2.8137    axis=( -0.383035 -0.520142  0.763372)
     Cl  18  Q=        -8.1650 1e-30 m^2  Cq=        53.9802 MHz  eta= 0.90884

     H   19    Vxx=   -0.0901    axis=(  0.987683 -0.027187 -0.154091)
     H   19    Vyy=   -0.3534    axis=(  0.115681  0.789996  0.602099)
     H   19    Vzz=    0.4434    axis=(  0.105362 -0.612508  0.783411)
     H   19  Q=         1.0000 1e-30 m^2  Cq=         1.0419 MHz  eta= 0.59378

     C   20    Vxx=   -0.1207    axis=(  0.744546 -0.594439 -0.303799)
     C   20    Vyy=   -0.3352    axis=(  0.176867 -0.263168  0.948399)
     C   20    Vzz=    0.4559    axis=( -0.643715 -0.759859 -0.090804)
     C   20  Q=         1.0000 1e-30 m^2  Cq=         1.0712 MHz  eta= 0.47043

     H   21    Vxx=   -0.0419    axis=( -0.601075  0.163674  0.782253)
     H   21    Vyy=   -0.7155    axis=(  0.022885  0.981928 -0.187868)
     H   21    Vzz=    0.7573    axis=( -0.798865 -0.095021 -0.593958)
     H   21  Q=         1.0000 1e-30 m^2  Cq=         1.7794 MHz  eta= 0.88945

     C   22    Vxx=   -0.0224    axis=( -0.125802  0.411063  0.902885)
     C   22    Vyy=   -0.7731    axis=( -0.991712 -0.076049 -0.103555)
     C   22    Vzz=    0.7956    axis=(  0.026096 -0.908429  0.417223)
     C   22  Q=         1.0000 1e-30 m^2  Cq=         1.8693 MHz  eta= 0.94363

     C   23    Vxx=    0.0890    axis=(  0.732417 -0.664662 -0.147617)
     C   23    Vyy=    0.5146    axis=(  0.680120  0.704139  0.204020)
     C   23    Vzz=   -0.6036    axis=( -0.031662 -0.249825  0.967773)
     C   23  Q=         1.0000 1e-30 m^2  Cq=        -1.4182 MHz  eta= 0.70499

     Cl  24    Vxx=   -1.5719    axis=(  0.941345 -0.143828 -0.305259)
     Cl  24    Vyy=   -1.7969    axis=(  0.306869 -0.011408  0.951683)
     Cl  24    Vzz=    3.3688    axis=( -0.140361 -0.989537  0.033397)
     Cl  24  Q=        -8.1650 1e-30 m^2  Cq=       -64.6289 MHz  eta= 0.06680

     Initialization:
     gipaw_setup  :      9.12s CPU     10.94s WALL (       1 calls)

     Linear response

     Apply operators

     Induced current

     Other routines
     efg          :      9.36s CPU     12.05s WALL (       1 calls)

     General routines
     calbec       :      3.42s CPU      4.92s WALL (      16 calls)
     fft          :      1.66s CPU      2.64s WALL (      15 calls)
     ffts         :      0.04s CPU      0.04s WALL (       2 calls)
     fftw         :      3.23s CPU      3.83s WALL (     672 calls)
     davcio       :      0.02s CPU      0.32s WALL (      32 calls)

     Parallel routines
     fft_scatter  :      2.18s CPU      3.55s WALL (     689 calls)

     Plugins

     GIPAW        :     61.40s CPU     73.15s WALL (       1 calls)
