
     Program QE v.6.0 (svn rev. 13079) starts on 30Dec2016 at 21:57:35 

     This program is part of the open-source Quantum ESPRESSO suite
     for quantum simulation of materials; please cite
         "P. Giannozzi et al., J. Phys.:Condens. Matter 21 395502 (2009);
          URL http://www.quantum-espresso.org", 
     in publications or presentations arising from this work. More details at
     http://www.quantum-espresso.org/quote

     Parallel version (MPI), running on     8 processors
     R & G space division:  proc/nbgrp/npool/nimage =       8

     ***** This is GIPAW svn revision unknown      *****

     Parallelizing q-star over 1 images

     Reading data from directory:
     /users/majewski/paradichlorobenzene/pbe/9_constraint/scratch/pbe.ecut100.np8.dt60.pcl2phi-129368.save
     Message from routine read_xml_file:
     file /users/majewski/paradichlorobenzene/pbe/9_constraint/scratch/pbe.ecut100.np8.dt60.pcl2phi-129368.save not guaranteed to be safe for post-processing

   Info: using nr1, nr2, nr3 values from input

   Info: using nr1, nr2, nr3 values from input

     IMPORTANT: XC functional enforced from input :
     Exchange-correlation      =  SLA  PW   PBX  PBC ( 1  4  3  4 0 0)
     Any further DFT definition will be discarded
     Please, verify this is what you really want

               file C.pbe-n-kjpaw_psl.1.0.0.UPF: wavefunction(s)  2S 2P renormalized
               file Cl.pbe-n-kjpaw_psl.1.0.0.UPF: wavefunction(s)  3S 3P renormalized
               file H.pbe-kjpaw_psl.1.0.0.UPF: wavefunction(s)  1S renormalized

     Parallelization info
     --------------------
     sticks:   dense  smooth     PW     G-vecs:    dense   smooth      PW
     Min        3057    1223    332               144436    36536    5170
     Max        3059    1225    333               144437    36537    5171
     Sum       24467    9791   2657              1155489   292295   41363


     Subspace diagonalization in iterative solution of the eigenvalue problem:
     a serial algorithm will be used

     GIPAW projectors -----------------------------------------------
     atom=  C    l=0  rc=    1.2000  rs=    0.8000
     atom=  C    l=0  rc=    1.2000  rs=    0.8000
     atom=  C    l=1  rc=    1.4000  rs=    0.9333
     atom=  C    l=1  rc=    1.4000  rs=    0.9333
     projs nearly linearly dependent: l=1  n1,n2= 1, 2  s=  0.99951561

     atom=  Cl   l=0  rc=    1.6000  rs=    1.0667
     atom=  Cl   l=0  rc=    1.6000  rs=    1.0667
     atom=  Cl   l=1  rc=    1.6000  rs=    1.0667
     atom=  Cl   l=1  rc=    1.6000  rs=    1.0667
     atom=  Cl   l=2  rc=    1.6000  rs=    1.0667
     atom=  Cl   l=2  rc=    1.6000  rs=    1.0667
     projs nearly linearly dependent: l=2  n1,n2= 1, 2  s=  0.99993509

     atom=  H    l=0  rc=    1.0000  rs=    0.6667
     atom=  H    l=0  rc=    1.0000  rs=    0.6667
     projs nearly linearly dependent: l=0  n1,n2= 1, 2  s=  0.99968852
     -----------------------------------------------------------------

     GIPAW integrals: -------------------------------------------
     Atom  i/j   nmr_para   nmr_dia   epr_rmc  epr_para   epr_dia
       C   1 1   0.83E+03  0.17E-01  0.93E+01  0.24E+08  0.24E+03
       C   2 1   0.86E+03 -0.61E-01  0.94E+01  0.25E+08  0.25E+03
       C   2 2   0.90E+03 -0.15E+00  0.97E+01  0.26E+08  0.26E+03
       C   3 3   0.33E+01  0.34E+00  0.18E+01  0.55E+03  0.21E+02
       C   4 3   0.35E+01  0.37E+00  0.20E+01  0.59E+03  0.22E+02
       C   4 4   0.38E+01  0.39E+00  0.22E+01  0.63E+03  0.24E+02
       Cl  1 1   0.14E+04 -0.47E+00  0.84E+01  0.32E+09  0.42E+03
       Cl  2 1   0.21E+04 -0.37E+00  0.12E+02  0.49E+09  0.65E+03
       Cl  2 2   0.33E+04 -0.16E+00  0.21E+02  0.76E+09  0.10E+04
       Cl  3 3   0.21E+02  0.79E-01  0.89E+01  0.23E+05  0.13E+03
       Cl  4 3   0.24E+02  0.67E-01  0.99E+01  0.27E+05  0.15E+03
       Cl  4 4   0.28E+02  0.44E-01  0.11E+02  0.32E+05  0.18E+03
       Cl  5 5   0.77E+00  0.19E+00  0.18E+01  0.12E+03  0.22E+02
       Cl  6 5   0.80E+00  0.19E+00  0.19E+01  0.12E+03  0.23E+02
       Cl  6 6   0.83E+00  0.20E+00  0.19E+01  0.12E+03  0.23E+02
       H   1 1   0.39E+02  0.19E+00  0.29E+00  0.78E+05  0.13E+02
       H   2 1   0.41E+02  0.21E+00  0.32E+00  0.82E+05  0.14E+02
       H   2 2   0.43E+02  0.22E+00  0.36E+00  0.86E+05  0.15E+02
     ------------------------------------------------------------

     alpha_pv=     34.1146 eV

     Number of occupied bands for each k-point:
     k-point:     1    nbnd_occ=  42
     k-point:     2    nbnd_occ=  42
     k-point:     3    nbnd_occ=  42
     k-point:     4    nbnd_occ=  42
     k-point:     5    nbnd_occ=  42
     k-point:     6    nbnd_occ=  42
     k-point:     7    nbnd_occ=  42
     k-point:     8    nbnd_occ=  42
     k-point:     9    nbnd_occ=  42
     k-point:    10    nbnd_occ=  42
     k-point:    11    nbnd_occ=  42
     k-point:    12    nbnd_occ=  42
     k-point:    13    nbnd_occ=  42
     k-point:    14    nbnd_occ=  42
     k-point:    15    nbnd_occ=  42
     k-point:    16    nbnd_occ=  42


     q-space interpolation up to   110.00 Rydberg

     GIPAW job: efg                                                                             


     ELECTRIC FIELD GRADIENTS TENSORS IN Hartree/bohrradius^2:

     ----- bare term -----
     Cl   1       -0.248658        0.254303        0.094334
     Cl   1        0.254303        0.036350       -0.120668
     Cl   1        0.094334       -0.120668        0.212308

     C    2        0.007644       -0.273843       -0.400115
     C    2       -0.273843       -0.011393       -0.691658
     C    2       -0.400115       -0.691658        0.003749

     C    3       -0.644477        0.314805       -0.242131
     C    3        0.314805        0.241564       -0.127134
     C    3       -0.242131       -0.127134        0.402914

     H    4        0.004298       -0.125903       -0.328795
     H    4       -0.125903       -0.181665       -0.495377
     H    4       -0.328795       -0.495377        0.177367

     C    5       -0.079049       -0.316220       -0.453986
     C    5       -0.316220       -0.041518       -0.481051
     C    5       -0.453986       -0.481051        0.120567

     H    6        0.373119        0.136584        0.177887
     H    6        0.136584       -0.260994       -0.623623
     H    6        0.177887       -0.623623       -0.112124

     H    7        0.319878        0.082622        0.324108
     H    7        0.082622       -0.007784        0.306933
     H    7        0.324108        0.306933       -0.312095

     C    8       -0.491807       -0.297570       -0.379182
     C    8       -0.297570        0.341002        0.139579
     C    8       -0.379182        0.139579        0.150805

     H    9        0.168599        0.044079       -0.326266
     H    9        0.044079        0.228701       -0.275494
     H    9       -0.326266       -0.275494       -0.397300

     C   10        0.190036       -0.237565        0.084216
     C   10       -0.237565       -0.199125        0.283027
     C   10        0.084216        0.283027        0.009089

     C   11       -0.246577       -0.227067       -0.478099
     C   11       -0.227067        0.166102        0.141525
     C   11       -0.478099        0.141525        0.080475

     Cl  12        0.072995        0.334558        0.160545
     Cl  12        0.334558       -0.348719       -0.314816
     Cl  12        0.160545       -0.314816        0.275724

     H   13        0.432466        0.098704       -0.298492
     H   13        0.098704       -0.044869       -0.230390
     H   13       -0.298492       -0.230390       -0.387598

     C   14       -0.491459        0.379628        0.028312
     C   14        0.379628        0.178440       -0.128506
     C   14        0.028312       -0.128506        0.313019

     H   15       -0.085998        0.185097       -0.527599
     H   15        0.185097        0.052467        0.171685
     H   15       -0.527599        0.171685        0.033531

     C   16        0.189212       -0.051305       -0.282803
     C   16       -0.051305       -0.132924       -0.526486
     C   16       -0.282803       -0.526486       -0.056288

     C   17       -0.632569        0.466158       -0.218737
     C   17        0.466158        0.177842       -0.167886
     C   17       -0.218737       -0.167886        0.454726

     Cl  18       -0.059667        0.025848        0.028949
     Cl  18        0.025848       -0.015483       -0.018029
     Cl  18        0.028949       -0.018029        0.075150

     H   19        0.143841        0.428337       -0.207702
     H   19        0.428337       -0.377481        0.445775
     H   19       -0.207702        0.445775        0.233640

     C   20        0.002453       -0.521066        0.017764
     C   20       -0.521066       -0.290621        0.377344
     C   20        0.017764        0.377344        0.288168

     H   21       -0.091266        0.038151       -0.599064
     H   21        0.038151        0.396954       -0.044725
     H   21       -0.599064       -0.044725       -0.305688

     C   22       -0.529758       -0.312028       -0.291744
     C   22       -0.312028        0.057526        0.204415
     C   22       -0.291744        0.204415        0.472232

     C   23        0.011312       -0.261742       -0.124081
     C   23       -0.261742       -0.228470        0.479005
     C   23       -0.124081        0.479005        0.217159

     Cl  24       -0.159332       -0.123389        0.049380
     Cl  24       -0.123389       -0.054566       -0.126842
     Cl  24        0.049380       -0.126842        0.213898

     ----- ionic term -----
     Cl   1        0.108562       -0.189975        0.015121
     Cl   1       -0.189975        0.031281        0.006180
     Cl   1        0.015121        0.006180       -0.139843

     C    2        0.144855       -0.217758        0.257737
     C    2       -0.217758        0.054430        0.374855
     C    2        0.257737        0.374855       -0.199284

     C    3        0.131993       -0.197321        0.189103
     C    3       -0.197321        0.069222        0.393920
     C    3        0.189103        0.393920       -0.201215

     H    4        0.487052        0.319904        0.727140
     H    4        0.319904       -0.411549        0.282068
     H    4        0.727140        0.282068       -0.075503

     C    5        0.263259       -0.149396        0.269137
     C    5       -0.149396       -0.066631        0.329260
     C    5        0.269137        0.329260       -0.196628

     H    6       -0.510737        0.086658        0.082103
     H    6        0.086658        0.370864        0.804973
     H    6        0.082103        0.804973        0.139874

     H    7       -0.537705       -0.006642        0.012538
     H    7       -0.006642        0.543218       -0.755584
     H    7        0.012538       -0.755584       -0.005513

     C    8        0.153391        0.279621        0.342780
     C    8        0.279621        0.024229       -0.263104
     C    8        0.342780       -0.263104       -0.177620

     H    9        0.436224       -0.164734        0.790657
     H    9       -0.164734       -0.468266       -0.199992
     H    9        0.790657       -0.199992        0.032041

     C   10        0.069867        0.296468        0.259600
     C   10        0.296468        0.132553       -0.349122
     C   10        0.259600       -0.349122       -0.202420

     C   11        0.051627        0.219331        0.336688
     C   11        0.219331        0.097377       -0.363963
     C   11        0.336688       -0.363963       -0.149005

     Cl  12        0.095734        0.191543        0.042017
     Cl  12        0.191543        0.037816        0.014576
     Cl  12        0.042017        0.014576       -0.133550

     H   13       -0.518356        0.078098        0.088559
     H   13        0.078098        0.553693        0.767351
     H   13        0.088559        0.767351       -0.035336

     C   14        0.226599       -0.249842        0.236504
     C   14       -0.249842        0.028259        0.314516
     C   14        0.236504        0.314516       -0.254858

     H   15        0.487428        0.304945        0.708091
     H   15        0.304945       -0.429834        0.291074
     H   15        0.708091        0.291074       -0.057594

     C   16        0.087906       -0.290120        0.139502
     C   16       -0.290120        0.110327        0.450147
     C   16        0.139502        0.450147       -0.198233

     C   17        0.174003       -0.187966        0.186695
     C   17       -0.187966       -0.015420        0.472138
     C   17        0.186695        0.472138       -0.158583

     Cl  18        0.147372       -0.219167       -0.044089
     Cl  18       -0.219167       -0.029803        0.018840
     Cl  18       -0.044089        0.018840       -0.117569

     H   19       -0.510611       -0.160215        0.112267
     H   19       -0.160215        0.623627       -0.697411
     H   19        0.112267       -0.697411       -0.113016

     C   20        0.139133        0.250147        0.332649
     C   20        0.250147        0.103816       -0.263931
     C   20        0.332649       -0.263931       -0.242949

     H   21        0.457379       -0.037741        0.761776
     H   21       -0.037741       -0.517120       -0.129876
     H   21        0.761776       -0.129876        0.059741

     C   22        0.041078        0.358082        0.239788
     C   22        0.358082        0.206423       -0.356491
     C   22        0.239788       -0.356491       -0.247500

     C   23        0.086290        0.251752        0.380383
     C   23        0.251752        0.078279       -0.358752
     C   23        0.380383       -0.358752       -0.164569

     Cl  24        0.105564        0.212488        0.044236
     Cl  24        0.212488        0.047147        0.028737
     Cl  24        0.044236        0.028737       -0.152711

     ----- GIPAW term -----
     Cl   1        0.322069       -2.083401        0.877544
     Cl   1       -2.083401        0.644445       -1.140031
     Cl   1        0.877544       -1.140031       -0.966514

     C    2       -0.034935       -0.161198       -0.030530
     C    2       -0.161198        0.166793       -0.124777
     C    2       -0.030530       -0.124777       -0.131858

     C    3       -0.147624       -0.129239       -0.052907
     C    3       -0.129239        0.235034        0.059636
     C    3       -0.052907        0.059636       -0.087410

     H    4       -0.000000        0.000000        0.000000
     H    4        0.000000        0.000000        0.000000
     H    4        0.000000        0.000000        0.000000

     C    5       -0.024746       -0.193293       -0.095234
     C    5       -0.193293        0.118427        0.004429
     C    5       -0.095234        0.004429       -0.093681

     H    6       -0.000000        0.000000        0.000000
     H    6        0.000000        0.000000        0.000000
     H    6        0.000000        0.000000        0.000000

     H    7       -0.000000        0.000000        0.000000
     H    7        0.000000        0.000000        0.000000
     H    7        0.000000        0.000000        0.000000

     C    8       -0.060538       -0.141895       -0.081304
     C    8       -0.141895        0.119839        0.068403
     C    8       -0.081304        0.068403       -0.059301

     H    9       -0.000000        0.000000        0.000000
     H    9        0.000000        0.000000        0.000000
     H    9        0.000000        0.000000        0.000000

     C   10        0.006224       -0.054153        0.000301
     C   10       -0.054153        0.031435        0.039278
     C   10        0.000301        0.039278       -0.037659

     C   11        0.036400       -0.116244       -0.075605
     C   11       -0.116244        0.092507        0.031639
     C   11       -0.075605        0.031639       -0.128907

     Cl  12        0.217504        0.258345       -0.162775
     Cl  12        0.258345        0.414510        0.282088
     Cl  12       -0.162775        0.282088       -0.632014

     H   13       -0.000000        0.000000        0.000000
     H   13        0.000000        0.000000        0.000000
     H   13        0.000000        0.000000        0.000000

     C   14       -0.063485       -0.073500        0.065949
     C   14       -0.073500        0.103698       -0.052191
     C   14        0.065949       -0.052191       -0.040213

     H   15       -0.000000        0.000000        0.000000
     H   15        0.000000        0.000000        0.000000
     H   15        0.000000        0.000000        0.000000

     C   16       -0.041842       -0.067843       -0.025291
     C   16       -0.067843        0.133279       -0.064361
     C   16       -0.025291       -0.064361       -0.091438

     C   17       -0.071576       -0.150121       -0.018851
     C   17       -0.150121        0.181218        0.004104
     C   17       -0.018851        0.004104       -0.109642

     Cl  18        0.766070       -2.514310       -1.278283
     Cl  18       -2.514310       -0.287382        1.064943
     Cl  18       -1.278283        1.064943       -0.478688

     H   19       -0.000000        0.000000        0.000000
     H   19        0.000000        0.000000        0.000000
     H   19        0.000000        0.000000        0.000000

     C   20        0.040309       -0.254813        0.090905
     C   20       -0.254813        0.031303       -0.011006
     C   20        0.090905       -0.011006       -0.071612

     H   21       -0.000000        0.000000        0.000000
     H   21        0.000000        0.000000        0.000000
     H   21        0.000000        0.000000        0.000000

     C   22       -0.167447       -0.092620        0.002289
     C   22       -0.092620        0.041163       -0.082530
     C   22        0.002289       -0.082530        0.126284

     C   23        0.053833       -0.042306        0.049870
     C   23       -0.042306        0.044696       -0.033782
     C   23        0.049870       -0.033782       -0.098529

     Cl  24       -0.399481        1.073938        0.827239
     Cl  24        1.073938       -0.609204       -1.659181
     Cl  24        0.827239       -1.659181        1.008685

     ----- total EFG -----
     Cl   1        0.181973       -2.019073        0.986999
     Cl   1       -2.019073        0.712076       -1.254519
     Cl   1        0.986999       -1.254519       -0.894048

     C    2        0.117563       -0.652799       -0.172909
     C    2       -0.652799        0.209830       -0.441580
     C    2       -0.172909       -0.441580       -0.327393

     C    3       -0.660109       -0.011755       -0.105935
     C    3       -0.011755        0.545819        0.326422
     C    3       -0.105935        0.326422        0.114289

     H    4        0.491350        0.194001        0.398345
     H    4        0.194001       -0.593213       -0.213309
     H    4        0.398345       -0.213309        0.101863

     C    5        0.159463       -0.658909       -0.280083
     C    5       -0.658909        0.010279       -0.147362
     C    5       -0.280083       -0.147362       -0.169742

     H    6       -0.137619        0.223242        0.259990
     H    6        0.223242        0.109870        0.181350
     H    6        0.259990        0.181350        0.027749

     H    7       -0.217826        0.075980        0.336646
     H    7        0.075980        0.535435       -0.448651
     H    7        0.336646       -0.448651       -0.317608

     C    8       -0.398954       -0.159844       -0.117706
     C    8       -0.159844        0.485071       -0.055122
     C    8       -0.117706       -0.055122       -0.086116

     H    9        0.604823       -0.120655        0.464390
     H    9       -0.120655       -0.239565       -0.475487
     H    9        0.464390       -0.475487       -0.365258

     C   10        0.266127        0.004750        0.344118
     C   10        0.004750       -0.035137       -0.026818
     C   10        0.344118       -0.026818       -0.230990

     C   11       -0.158550       -0.123980       -0.217017
     C   11       -0.123980        0.355987       -0.190799
     C   11       -0.217017       -0.190799       -0.197437

     Cl  12        0.386233        0.784446        0.039787
     Cl  12        0.784446        0.103607       -0.018151
     Cl  12        0.039787       -0.018151       -0.489840

     H   13       -0.085890        0.176802       -0.209933
     H   13        0.176802        0.508824        0.536961
     H   13       -0.209933        0.536961       -0.422934

     C   14       -0.328345        0.056286        0.330765
     C   14        0.056286        0.310397        0.133820
     C   14        0.330765        0.133820        0.017948

     H   15        0.401430        0.490042        0.180492
     H   15        0.490042       -0.377367        0.462759
     H   15        0.180492        0.462759       -0.024063

     C   16        0.235276       -0.409268       -0.168592
     C   16       -0.409268        0.110682       -0.140699
     C   16       -0.168592       -0.140699       -0.345958

     C   17       -0.530142        0.128071       -0.050892
     C   17        0.128071        0.343641        0.308356
     C   17       -0.050892        0.308356        0.186502

     Cl  18        0.853776       -2.707630       -1.293423
     Cl  18       -2.707630       -0.332668        1.065755
     Cl  18       -1.293423        1.065755       -0.521108

     H   19       -0.366769        0.268122       -0.095435
     H   19        0.268122        0.246146       -0.251637
     H   19       -0.095435       -0.251637        0.120623

     C   20        0.181895       -0.525731        0.441318
     C   20       -0.525731       -0.155502        0.102408
     C   20        0.441318        0.102408       -0.026393

     H   21        0.366113        0.000410        0.162712
     H   21        0.000410       -0.120166       -0.174600
     H   21        0.162712       -0.174600       -0.245947

     C   22       -0.656127       -0.046566       -0.049667
     C   22       -0.046566        0.305111       -0.234607
     C   22       -0.049667       -0.234607        0.351016

     C   23        0.151434       -0.052296        0.306172
     C   23       -0.052296       -0.105495        0.086471
     C   23        0.306172        0.086471       -0.045940

     Cl  24       -0.453249        1.163037        0.920856
     Cl  24        1.163037       -0.616622       -1.757286
     Cl  24        0.920856       -1.757286        1.069871

     ----- total EFG (symmetrized) -----
     Cl   1        0.181973       -2.019073        0.986999
     Cl   1       -2.019073        0.712076       -1.254519
     Cl   1        0.986999       -1.254519       -0.894048

     C    2        0.117563       -0.652799       -0.172909
     C    2       -0.652799        0.209830       -0.441580
     C    2       -0.172909       -0.441580       -0.327393

     C    3       -0.660109       -0.011755       -0.105935
     C    3       -0.011755        0.545819        0.326422
     C    3       -0.105935        0.326422        0.114289

     H    4        0.491350        0.194001        0.398345
     H    4        0.194001       -0.593213       -0.213309
     H    4        0.398345       -0.213309        0.101863

     C    5        0.159463       -0.658909       -0.280083
     C    5       -0.658909        0.010279       -0.147362
     C    5       -0.280083       -0.147362       -0.169742

     H    6       -0.137619        0.223242        0.259990
     H    6        0.223242        0.109870        0.181350
     H    6        0.259990        0.181350        0.027749

     H    7       -0.217826        0.075980        0.336646
     H    7        0.075980        0.535435       -0.448651
     H    7        0.336646       -0.448651       -0.317608

     C    8       -0.398954       -0.159844       -0.117706
     C    8       -0.159844        0.485071       -0.055122
     C    8       -0.117706       -0.055122       -0.086116

     H    9        0.604823       -0.120655        0.464390
     H    9       -0.120655       -0.239565       -0.475487
     H    9        0.464390       -0.475487       -0.365258

     C   10        0.266127        0.004750        0.344118
     C   10        0.004750       -0.035137       -0.026818
     C   10        0.344118       -0.026818       -0.230990

     C   11       -0.158550       -0.123980       -0.217017
     C   11       -0.123980        0.355987       -0.190799
     C   11       -0.217017       -0.190799       -0.197437

     Cl  12        0.386233        0.784446        0.039787
     Cl  12        0.784446        0.103607       -0.018151
     Cl  12        0.039787       -0.018151       -0.489840

     H   13       -0.085890        0.176802       -0.209933
     H   13        0.176802        0.508824        0.536961
     H   13       -0.209933        0.536961       -0.422934

     C   14       -0.328345        0.056286        0.330765
     C   14        0.056286        0.310397        0.133820
     C   14        0.330765        0.133820        0.017948

     H   15        0.401430        0.490042        0.180492
     H   15        0.490042       -0.377367        0.462759
     H   15        0.180492        0.462759       -0.024063

     C   16        0.235276       -0.409268       -0.168592
     C   16       -0.409268        0.110682       -0.140699
     C   16       -0.168592       -0.140699       -0.345958

     C   17       -0.530142        0.128071       -0.050892
     C   17        0.128071        0.343641        0.308356
     C   17       -0.050892        0.308356        0.186502

     Cl  18        0.853776       -2.707630       -1.293423
     Cl  18       -2.707630       -0.332668        1.065755
     Cl  18       -1.293423        1.065755       -0.521108

     H   19       -0.366769        0.268122       -0.095435
     H   19        0.268122        0.246146       -0.251637
     H   19       -0.095435       -0.251637        0.120623

     C   20        0.181895       -0.525731        0.441318
     C   20       -0.525731       -0.155502        0.102408
     C   20        0.441318        0.102408       -0.026393

     H   21        0.366113        0.000410        0.162712
     H   21        0.000410       -0.120166       -0.174600
     H   21        0.162712       -0.174600       -0.245947

     C   22       -0.656127       -0.046566       -0.049667
     C   22       -0.046566        0.305111       -0.234607
     C   22       -0.049667       -0.234607        0.351016

     C   23        0.151434       -0.052296        0.306172
     C   23       -0.052296       -0.105495        0.086471
     C   23        0.306172        0.086471       -0.045940

     Cl  24       -0.453249        1.163037        0.920856
     Cl  24        1.163037       -0.616622       -1.757286
     Cl  24        0.920856       -1.757286        1.069871


     NQR/NMR SPECTROSCOPIC PARAMETERS:
     Cl   1    Vxx=   -1.4733    axis=(  0.627320  0.139792 -0.766112)
     Cl   1    Vyy=   -1.6437    axis=( -0.486897 -0.697368 -0.525936)
     Cl   1    Vzz=    3.1171    axis=( -0.607784  0.702948 -0.369409)
     Cl   1  Q=        -8.1650 1e-30 m^2  Cq=       -59.7995 MHz  eta= 0.05467

     C    2    Vxx=   -0.0035    axis=(  0.600024  0.306940 -0.738755)
     C    2    Vyy=   -0.8547    axis=(  0.501270  0.575437  0.646220)
     C    2    Vzz=    0.8582    axis=( -0.623458  0.758064 -0.191416)
     C    2  Q=         1.0000 1e-30 m^2  Cq=         2.0165 MHz  eta= 0.99187

     C    3    Vxx=   -0.0487    axis=( -0.140967 -0.478590  0.866649)
     C    3    Vyy=   -0.6753    axis=( -0.989036  0.029177 -0.144762)
     C    3    Vzz=    0.7240    axis=(  0.043996 -0.877553 -0.477456)
     C    3  Q=         1.0000 1e-30 m^2  Cq=         1.7011 MHz  eta= 0.86536

     H    4    Vxx=   -0.0097    axis=( -0.451166 -0.434893  0.779306)
     H    4    Vyy=   -0.7324    axis=(  0.257476 -0.899529 -0.352922)
     H    4    Vzz=    0.7421    axis=(  0.854491  0.041426  0.517811)
     H    4  Q=         1.0000 1e-30 m^2  Cq=         1.7438 MHz  eta= 0.97382

     C    5    Vxx=   -0.0263    axis=( -0.219545 -0.433427  0.874037)
     C    5    Vyy=   -0.7358    axis=(  0.613971  0.634856  0.469039)
     C    5    Vzz=    0.7621    axis=( -0.758182  0.639608  0.126733)
     C    5  Q=         1.0000 1e-30 m^2  Cq=         1.7907 MHz  eta= 0.93095

     H    6    Vxx=   -0.1054    axis=(  0.178277 -0.735510  0.653638)
     H    6    Vyy=   -0.3446    axis=( -0.846924  0.223481  0.482469)
     H    6    Vzz=    0.4500    axis=(  0.500936  0.639595  0.583079)
     H    6  Q=         1.0000 1e-30 m^2  Cq=         1.0574 MHz  eta= 0.53158

     H    7    Vxx=    0.0017    axis=(  0.831298  0.283523  0.478078)
     H    7    Vyy=    0.7326    axis=(  0.073152 -0.908446  0.411552)
     H    7    Vzz=   -0.7343    axis=(  0.550992 -0.307150 -0.775929)
     H    7  Q=         1.0000 1e-30 m^2  Cq=        -1.7252 MHz  eta= 0.99539

     C    8    Vxx=   -0.0468    axis=( -0.318076  0.002663  0.948061)
     C    8    Vyy=   -0.4683    axis=(  0.933646  0.174623  0.312749)
     C    8    Vzz=    0.5151    axis=( -0.164720  0.984632 -0.058030)
     C    8  Q=         1.0000 1e-30 m^2  Cq=         1.2102 MHz  eta= 0.81835

     H    9    Vxx=   -0.0361    axis=(  0.466614  0.764110 -0.445430)
     H    9    Vyy=   -0.8385    axis=( -0.204251  0.583098  0.786306)
     H    9    Vzz=    0.8746    axis=(  0.860554 -0.275922  0.428152)
     H    9  Q=         1.0000 1e-30 m^2  Cq=         2.0549 MHz  eta= 0.91753

     C   10    Vxx=   -0.0335    axis=(  0.046561  0.997438 -0.054304)
     C   10    Vyy=   -0.4087    axis=( -0.453545  0.069546  0.888516)
     C   10    Vzz=    0.4422    axis=(  0.890016 -0.016741  0.455621)
     C   10  Q=         1.0000 1e-30 m^2  Cq=         1.0390 MHz  eta= 0.84869

     C   11    Vxx=    0.0367    axis=(  0.764385 -0.085111 -0.639118)
     C   11    Vyy=    0.4213    axis=( -0.108746  0.960031 -0.257907)
     C   11    Vzz=   -0.4580    axis=(  0.635523  0.266641  0.724578)
     C   11  Q=         1.0000 1e-30 m^2  Cq=        -1.0761 MHz  eta= 0.83971

     Cl  12    Vxx=   -0.4709    axis=(  0.271524 -0.342313  0.899498)
     Cl  12    Vyy=   -0.5713    axis=( -0.580878  0.686898  0.436751)
     Cl  12    Vzz=    1.0422    axis=( -0.767369 -0.641087 -0.012333)
     Cl  12  Q=        -8.1650 1e-30 m^2  Cq=       -19.9946 MHz  eta= 0.09631

     H   13    Vxx=    0.0099    axis=(  0.927705  0.066588 -0.367328)
     H   13    Vyy=    0.7606    axis=(  0.091995  0.912842  0.397815)
     H   13    Vzz=   -0.7706    axis=(  0.361802 -0.402848  0.840722)
     H   13  Q=         1.0000 1e-30 m^2  Cq=        -1.8105 MHz  eta= 0.97424

     C   14    Vxx=    0.1137    axis=(  0.435205 -0.588167  0.681657)
     C   14    Vyy=    0.4154    axis=(  0.289219  0.808320  0.512806)
     C   14    Vzz=   -0.5291    axis=(  0.852613  0.026028 -0.521894)
     C   14  Q=         1.0000 1e-30 m^2  Cq=        -1.2432 MHz  eta= 0.57036

     H   15    Vxx=   -0.0276    axis=(  0.581644 -0.220877 -0.782882)
     H   15    Vyy=   -0.7852    axis=( -0.281958  0.848019 -0.448736)
     H   15    Vzz=    0.8128    axis=( -0.763014 -0.481744 -0.430967)
     H   15  Q=         1.0000 1e-30 m^2  Cq=         1.9097 MHz  eta= 0.93208

     C   16    Vxx=   -0.0714    axis=(  0.487139  0.618847 -0.616217)
     C   16    Vyy=   -0.5171    axis=(  0.421698  0.451208  0.786500)
     C   16    Vzz=    0.5885    axis=( -0.764765  0.642992  0.041165)
     C   16  Q=         1.0000 1e-30 m^2  Cq=         1.3826 MHz  eta= 0.75739

     C   17    Vxx=   -0.0256    axis=( -0.225671 -0.577137  0.784848)
     C   17    Vyy=   -0.5621    axis=( -0.972122  0.186039 -0.142715)
     C   17    Vzz=    0.5877    axis=( -0.063647 -0.795175 -0.603031)
     C   17  Q=         1.0000 1e-30 m^2  Cq=         1.3809 MHz  eta= 0.91284

     Cl  18    Vxx=   -1.1865    axis=(  0.296165 -0.220744  0.929278)
     Cl  18    Vyy=   -2.5116    axis=( -0.623737 -0.781524  0.013142)
     Cl  18    Vzz=    3.6980    axis=(  0.723352 -0.583517 -0.369147)
     Cl  18  Q=        -8.1650 1e-30 m^2  Cq=       -70.9452 MHz  eta= 0.35831

     H   19    Vxx=   -0.0582    axis=(  0.193036  0.518636  0.832919)
     H   19    Vyy=   -0.4675    axis=( -0.936305  0.351183 -0.001676)
     H   19    Vzz=    0.5257    axis=( -0.293376 -0.779543  0.553393)
     H   19  Q=         1.0000 1e-30 m^2  Cq=         1.2352 MHz  eta= 0.77864

     C   20    Vxx=    0.0218    axis=( -0.061911  0.630576  0.773654)
     C   20    Vyy=    0.7035    axis=(  0.795569 -0.436891  0.419757)
     C   20    Vzz=   -0.7252    axis=(  0.602692  0.641483 -0.474618)
     C   20  Q=         1.0000 1e-30 m^2  Cq=        -1.7040 MHz  eta= 0.93999

     H   21    Vxx=   -0.0175    axis=(  0.209212  0.843126 -0.495348)
     H   21    Vyy=   -0.3928    axis=( -0.177930  0.530924  0.828529)
     H   21    Vzz=    0.4103    axis=(  0.961546 -0.085201  0.261093)
     H   21  Q=         1.0000 1e-30 m^2  Cq=         0.9639 MHz  eta= 0.91477

     C   22    Vxx=    0.0984    axis=( -0.089562  0.738467  0.668315)
     C   22    Vyy=    0.5638    axis=( -0.004550 -0.671308  0.741165)
     C   22    Vzz=   -0.6623    axis=( -0.995971 -0.063339 -0.063484)
     C   22  Q=         1.0000 1e-30 m^2  Cq=        -1.5560 MHz  eta= 0.70272

     C   23    Vxx=   -0.0577    axis=(  0.267835 -0.902570 -0.337094)
     C   23    Vyy=   -0.3169    axis=(  0.527134  0.430142 -0.732876)
     C   23    Vzz=    0.3746    axis=( -0.806470 -0.018596 -0.590983)
     C   23  Q=         1.0000 1e-30 m^2  Cq=         0.8801 MHz  eta= 0.69203

     Cl  24    Vxx=    0.5070    axis=(  0.831385  0.507890  0.225492)
     Cl  24    Vyy=    2.1880    axis=( -0.076436  0.506444 -0.858878)
     Cl  24    Vzz=   -2.6950    axis=( -0.550414  0.696823  0.459872)
     Cl  24  Q=        -8.1650 1e-30 m^2  Cq=        51.7027 MHz  eta= 0.62375

     Initialization:
     gipaw_setup  :      9.58s CPU     11.58s WALL (       1 calls)

     Linear response

     Apply operators

     Induced current

     Other routines
     efg          :      9.31s CPU     11.69s WALL (       1 calls)

     General routines
     calbec       :      3.24s CPU      4.27s WALL (      16 calls)
     fft          :      1.35s CPU      1.59s WALL (      15 calls)
     ffts         :      0.04s CPU      0.05s WALL (       2 calls)
     fftw         :      3.27s CPU      4.03s WALL (     672 calls)
     davcio       :      0.04s CPU      0.32s WALL (      32 calls)

     Parallel routines
     fft_scatter  :      2.10s CPU      2.82s WALL (     689 calls)

     Plugins

     GIPAW        :     62.74s CPU     76.25s WALL (       1 calls)
