
     Program QE v.6.0 (svn rev. 13079) starts on 24Jan2017 at  8:27:25 

     This program is part of the open-source Quantum ESPRESSO suite
     for quantum simulation of materials; please cite
         "P. Giannozzi et al., J. Phys.:Condens. Matter 21 395502 (2009);
          URL http://www.quantum-espresso.org", 
     in publications or presentations arising from this work. More details at
     http://www.quantum-espresso.org/quote

     Parallel version (MPI), running on     8 processors
     R & G space division:  proc/nbgrp/npool/nimage =       8

     ***** This is GIPAW svn revision unknown      *****

     Parallelizing q-star over 1 images

     Reading data from directory:
     /users/majewski/paradichlorobenzene/pbe/9_constraint/scratch/pbe.ecut100.np8.dt60.pcl2phi-129368.save
     Message from routine read_xml_file:
     file /users/majewski/paradichlorobenzene/pbe/9_constraint/scratch/pbe.ecut100.np8.dt60.pcl2phi-129368.save not guaranteed to be safe for post-processing

   Info: using nr1, nr2, nr3 values from input

   Info: using nr1, nr2, nr3 values from input

     IMPORTANT: XC functional enforced from input :
     Exchange-correlation      =  SLA  PW   PBX  PBC ( 1  4  3  4 0 0)
     Any further DFT definition will be discarded
     Please, verify this is what you really want

               file C.pbe-n-kjpaw_psl.1.0.0.UPF: wavefunction(s)  2S 2P renormalized
               file Cl.pbe-n-kjpaw_psl.1.0.0.UPF: wavefunction(s)  3S 3P renormalized
               file H.pbe-kjpaw_psl.1.0.0.UPF: wavefunction(s)  1S renormalized

     Parallelization info
     --------------------
     sticks:   dense  smooth     PW     G-vecs:    dense   smooth      PW
     Min        3057    1223    332               144436    36536    5170
     Max        3059    1225    333               144437    36537    5171
     Sum       24467    9791   2657              1155489   292295   41363


     Subspace diagonalization in iterative solution of the eigenvalue problem:
     a serial algorithm will be used

     GIPAW projectors -----------------------------------------------
     atom=  C    l=0  rc=    1.2000  rs=    0.8000
     atom=  C    l=0  rc=    1.2000  rs=    0.8000
     atom=  C    l=1  rc=    1.4000  rs=    0.9333
     atom=  C    l=1  rc=    1.4000  rs=    0.9333
     projs nearly linearly dependent: l=1  n1,n2= 1, 2  s=  0.99951561

     atom=  Cl   l=0  rc=    1.6000  rs=    1.0667
     atom=  Cl   l=0  rc=    1.6000  rs=    1.0667
     atom=  Cl   l=1  rc=    1.6000  rs=    1.0667
     atom=  Cl   l=1  rc=    1.6000  rs=    1.0667
     atom=  Cl   l=2  rc=    1.6000  rs=    1.0667
     atom=  Cl   l=2  rc=    1.6000  rs=    1.0667
     projs nearly linearly dependent: l=2  n1,n2= 1, 2  s=  0.99993509

     atom=  H    l=0  rc=    1.0000  rs=    0.6667
     atom=  H    l=0  rc=    1.0000  rs=    0.6667
     projs nearly linearly dependent: l=0  n1,n2= 1, 2  s=  0.99968852
     -----------------------------------------------------------------

     GIPAW integrals: -------------------------------------------
     Atom  i/j   nmr_para   nmr_dia   epr_rmc  epr_para   epr_dia
       C   1 1   0.83E+03  0.17E-01  0.93E+01  0.24E+08  0.24E+03
       C   2 1   0.86E+03 -0.61E-01  0.94E+01  0.25E+08  0.25E+03
       C   2 2   0.90E+03 -0.15E+00  0.97E+01  0.26E+08  0.26E+03
       C   3 3   0.33E+01  0.34E+00  0.18E+01  0.55E+03  0.21E+02
       C   4 3   0.35E+01  0.37E+00  0.20E+01  0.59E+03  0.22E+02
       C   4 4   0.38E+01  0.39E+00  0.22E+01  0.63E+03  0.24E+02
       Cl  1 1   0.14E+04 -0.47E+00  0.84E+01  0.32E+09  0.42E+03
       Cl  2 1   0.21E+04 -0.37E+00  0.12E+02  0.49E+09  0.65E+03
       Cl  2 2   0.33E+04 -0.16E+00  0.21E+02  0.76E+09  0.10E+04
       Cl  3 3   0.21E+02  0.79E-01  0.89E+01  0.23E+05  0.13E+03
       Cl  4 3   0.24E+02  0.67E-01  0.99E+01  0.27E+05  0.15E+03
       Cl  4 4   0.28E+02  0.44E-01  0.11E+02  0.32E+05  0.18E+03
       Cl  5 5   0.77E+00  0.19E+00  0.18E+01  0.12E+03  0.22E+02
       Cl  6 5   0.80E+00  0.19E+00  0.19E+01  0.12E+03  0.23E+02
       Cl  6 6   0.83E+00  0.20E+00  0.19E+01  0.12E+03  0.23E+02
       H   1 1   0.39E+02  0.19E+00  0.29E+00  0.78E+05  0.13E+02
       H   2 1   0.41E+02  0.21E+00  0.32E+00  0.82E+05  0.14E+02
       H   2 2   0.43E+02  0.22E+00  0.36E+00  0.86E+05  0.15E+02
     ------------------------------------------------------------

     alpha_pv=     34.1184 eV

     Number of occupied bands for each k-point:
     k-point:     1    nbnd_occ=  42
     k-point:     2    nbnd_occ=  42
     k-point:     3    nbnd_occ=  42
     k-point:     4    nbnd_occ=  42
     k-point:     5    nbnd_occ=  42
     k-point:     6    nbnd_occ=  42
     k-point:     7    nbnd_occ=  42
     k-point:     8    nbnd_occ=  42
     k-point:     9    nbnd_occ=  42
     k-point:    10    nbnd_occ=  42
     k-point:    11    nbnd_occ=  42
     k-point:    12    nbnd_occ=  42
     k-point:    13    nbnd_occ=  42
     k-point:    14    nbnd_occ=  42
     k-point:    15    nbnd_occ=  42
     k-point:    16    nbnd_occ=  42


     q-space interpolation up to   110.00 Rydberg

     GIPAW job: efg                                                                             


     ELECTRIC FIELD GRADIENTS TENSORS IN Hartree/bohrradius^2:

     ----- bare term -----
     Cl   1       -0.167498        0.119444        0.020633
     Cl   1        0.119444        0.033154       -0.117965
     Cl   1        0.020633       -0.117965        0.134343

     C    2        0.014993        0.050652       -0.176681
     C    2        0.050652        0.021500       -0.609902
     C    2       -0.176681       -0.609902       -0.036492

     C    3       -0.484647        0.357312       -0.296288
     C    3        0.357312        0.206622       -0.263195
     C    3       -0.296288       -0.263195        0.278025

     H    4       -0.282977       -0.489863       -0.368008
     H    4       -0.489863       -0.021386       -0.231662
     H    4       -0.368008       -0.231662        0.304363

     C    5       -0.055039        0.424427       -0.107659
     C    5        0.424427       -0.151838       -0.438142
     C    5       -0.107659       -0.438142        0.206877

     H    6        0.369014       -0.256990       -0.122676
     H    6       -0.256990       -0.538127       -0.523059
     H    6       -0.122676       -0.523059        0.169113

     H    7        0.153628        0.120917       -0.134243
     H    7        0.120917       -0.379258        0.514795
     H    7       -0.134243        0.514795        0.225629

     C    8       -0.571495       -0.319166       -0.344440
     C    8       -0.319166        0.118191        0.215114
     C    8       -0.344440        0.215114        0.453304

     H    9       -0.672894        0.172391       -0.111958
     H    9        0.172391        0.406711        0.170893
     H    9       -0.111958        0.170893        0.266183

     C   10        0.020889        0.144745       -0.368729
     C   10        0.144745       -0.224470        0.565084
     C   10       -0.368729        0.565084        0.203581

     C   11       -0.494596       -0.302708       -0.310391
     C   11       -0.302708        0.159581        0.375440
     C   11       -0.310391        0.375440        0.335015

     Cl  12       -0.016421        0.094279       -0.029686
     Cl  12        0.094279        0.150581        0.017543
     Cl  12       -0.029686        0.017543       -0.134160

     H   13        0.547954        0.018063       -0.076212
     H   13        0.018063       -0.222838       -0.298173
     H   13       -0.076212       -0.298173       -0.325116

     C   14       -0.710126        0.347773       -0.261851
     C   14        0.347773        0.416367       -0.176930
     C   14       -0.261851       -0.176930        0.293759

     H   15       -0.457160        0.102379       -0.400566
     H   15        0.102379        0.157498       -0.204848
     H   15       -0.400566       -0.204848        0.299662

     C   16        0.025610        0.079928       -0.198637
     C   16        0.079928       -0.036696       -0.641350
     C   16       -0.198637       -0.641350        0.011086

     C   17       -0.629563        0.390524       -0.403550
     C   17        0.390524        0.355219       -0.145367
     C   17       -0.403550       -0.145367        0.274343

     Cl  18       -0.095184        0.007816        0.046303
     Cl  18        0.007816       -0.059819        0.100721
     Cl  18        0.046303        0.100721        0.155003

     H   19        0.472505        0.029982       -0.041177
     H   19        0.029982       -0.798607       -0.040333
     H   19       -0.041177       -0.040333        0.326102

     C   20       -0.203886        0.131577       -0.286968
     C   20        0.131577        0.016531        0.501227
     C   20       -0.286968        0.501227        0.187356

     H   21       -0.062689        0.373096       -0.259688
     H   21        0.373096       -0.379323        0.071269
     H   21       -0.259688        0.071269        0.442012

     C   22       -0.579999       -0.348633       -0.168204
     C   22       -0.348633        0.193866        0.360680
     C   22       -0.168204        0.360680        0.386134

     C   23       -0.031693        0.111632       -0.318573
     C   23        0.111632       -0.022126        0.599932
     C   23       -0.318573        0.599932        0.053819

     Cl  24       -0.237763       -0.242121       -0.008952
     Cl  24       -0.242121        0.212149       -0.006915
     Cl  24       -0.008952       -0.006915        0.025613

     ----- ionic term -----
     Cl   1        0.075029       -0.196080        0.008992
     Cl   1       -0.196080        0.077060       -0.001744
     Cl   1        0.008992       -0.001744       -0.152089

     C    2        0.149163       -0.146994        0.272902
     C    2       -0.146994        0.133441        0.415375
     C    2        0.272902        0.415375       -0.282604

     C    3        0.157902       -0.244159        0.177897
     C    3       -0.244159        0.116147        0.437921
     C    3        0.177897        0.437921       -0.274049

     H    4        0.514089        0.244926        0.735644
     H    4        0.244926       -0.488176        0.241868
     H    4        0.735644        0.241868       -0.025913

     C    5        0.342376       -0.234361        0.174245
     C    5       -0.234361       -0.002428        0.328815
     C    5        0.174245        0.328815       -0.339949

     H    6       -0.510466        0.028137        0.016544
     H    6        0.028137        0.510067        0.780357
     H    6        0.016544        0.780357        0.000399

     H    7       -0.501062       -0.182901        0.101035
     H    7       -0.182901        0.666229       -0.667207
     H    7        0.101035       -0.667207       -0.165167

     C    8        0.251972        0.104547        0.236172
     C    8        0.104547        0.099228       -0.297113
     C    8        0.236172       -0.297113       -0.351200

     H    9        0.665481       -0.451863        0.524093
     H    9       -0.451863       -0.301850       -0.250486
     H    9        0.524093       -0.250486       -0.363631

     C   10        0.143928        0.123821        0.163241
     C   10        0.123821        0.275896       -0.367628
     C   10        0.163241       -0.367628       -0.419824

     C   11        0.254173        0.074740        0.267723
     C   11        0.074740        0.186990       -0.386835
     C   11        0.267723       -0.386835       -0.441162

     Cl  12        0.155767        0.217129        0.000937
     Cl  12        0.217129       -0.001066       -0.007491
     Cl  12        0.000937       -0.007491       -0.154701

     H   13       -0.504835        0.118874        0.106711
     H   13        0.118874        0.580205        0.753634
     H   13        0.106711        0.753634       -0.075369

     C   14        0.332782       -0.159501        0.234987
     C   14       -0.159501       -0.016707        0.328081
     C   14        0.234987        0.328081       -0.316075

     H   15        0.690414        0.417576        0.542460
     H   15        0.417576       -0.378526        0.253212
     H   15        0.542460        0.253212       -0.311888

     C   16        0.193011       -0.165672        0.127618
     C   16       -0.165672        0.105344        0.426776
     C   16        0.127618        0.426776       -0.298355

     C   17        0.252003       -0.158347        0.157270
     C   17       -0.158347        0.027741        0.445229
     C   17        0.157270        0.445229       -0.279743

     Cl  18        0.155080       -0.217930       -0.048183
     Cl  18       -0.217930       -0.025803        0.032646
     Cl  18       -0.048183        0.032646       -0.129277

     H   19       -0.498979       -0.086913        0.058035
     H   19       -0.086913        0.743748       -0.639008
     H   19        0.058035       -0.639008       -0.244769

     C   20        0.327045        0.103908        0.299753
     C   20        0.103908        0.100417       -0.266117
     C   20        0.299753       -0.266117       -0.427462

     H   21        0.528932       -0.506091        0.563241
     H   21       -0.506091       -0.216059       -0.327525
     H   21        0.563241       -0.327525       -0.312873

     C   22        0.095053        0.160921        0.201536
     C   22        0.160921        0.300248       -0.377459
     C   22        0.201536       -0.377459       -0.395301

     C   23        0.185540        0.147486        0.227666
     C   23        0.147486        0.199329       -0.393198
     C   23        0.227666       -0.393198       -0.384870

     Cl  24        0.157669        0.196671        0.011303
     Cl  24        0.196671       -0.001599       -0.003072
     Cl  24        0.011303       -0.003072       -0.156070

     ----- GIPAW term -----
     Cl   1        0.399744       -1.878476        0.117872
     Cl   1       -1.878476        0.404177       -0.956225
     Cl   1        0.117872       -0.956225       -0.803921

     C    2       -0.035193        0.026430       -0.051246
     C    2        0.026430        0.154970       -0.157810
     C    2       -0.051246       -0.157810       -0.119777

     C    3       -0.131864        0.170377       -0.097141
     C    3        0.170377        0.205773       -0.094361
     C    3       -0.097141       -0.094361       -0.073910

     H    4       -0.000000        0.000000        0.000000
     H    4        0.000000        0.000000        0.000000
     H    4        0.000000        0.000000        0.000000

     C    5        0.007090        0.233403        0.002217
     C    5        0.233403        0.108553       -0.090335
     C    5        0.002217       -0.090335       -0.115643

     H    6       -0.000000        0.000000        0.000000
     H    6        0.000000        0.000000        0.000000
     H    6        0.000000        0.000000        0.000000

     H    7       -0.000000        0.000000        0.000000
     H    7        0.000000        0.000000        0.000000
     H    7        0.000000        0.000000        0.000000

     C    8       -0.101051        0.025560       -0.066219
     C    8        0.025560        0.087310       -0.016395
     C    8       -0.066219       -0.016395        0.013741

     H    9       -0.000000        0.000000        0.000000
     H    9        0.000000        0.000000        0.000000
     H    9        0.000000        0.000000        0.000000

     C   10        0.005337        0.191779       -0.127274
     C   10        0.191779        0.052844        0.015803
     C   10       -0.127274        0.015803       -0.058181

     C   11       -0.115738        0.088118       -0.033495
     C   11        0.088118        0.212870        0.120494
     C   11       -0.033495        0.120494       -0.097132

     Cl  12        0.834170        2.656972       -0.163970
     Cl  12        2.656972        1.571624        0.213720
     Cl  12       -0.163970        0.213720       -2.405794

     H   13       -0.000000        0.000000        0.000000
     H   13        0.000000        0.000000        0.000000
     H   13        0.000000        0.000000        0.000000

     C   14       -0.182418        0.060299       -0.025650
     C   14        0.060299        0.234863       -0.088836
     C   14       -0.025650       -0.088836       -0.052446

     H   15       -0.000000        0.000000        0.000000
     H   15        0.000000        0.000000        0.000000
     H   15        0.000000        0.000000        0.000000

     C   16       -0.121381       -0.028268       -0.024000
     C   16       -0.028268        0.274838       -0.087330
     C   16       -0.024000       -0.087330       -0.153458

     C   17       -0.143413        0.064936       -0.038383
     C   17        0.064936        0.285078        0.061511
     C   17       -0.038383        0.061511       -0.141665

     Cl  18       -0.390406       -1.621805        0.323762
     Cl  18       -1.621805       -0.729418        1.623983
     Cl  18        0.323762        1.623983        1.119825

     H   19       -0.000000        0.000000        0.000000
     H   19        0.000000        0.000000        0.000000
     H   19        0.000000        0.000000        0.000000

     C   20       -0.102501        0.069371       -0.004023
     C   20        0.069371        0.138634        0.223454
     C   20       -0.004023        0.223454       -0.036133

     H   21       -0.000000        0.000000        0.000000
     H   21        0.000000        0.000000        0.000000
     H   21        0.000000        0.000000        0.000000

     C   22       -0.213983       -0.002338       -0.017750
     C   22       -0.002338        0.253342        0.121722
     C   22       -0.017750        0.121722       -0.039359

     C   23       -0.028535        0.137480       -0.047604
     C   23        0.137480        0.201717        0.030751
     C   23       -0.047604        0.030751       -0.173182

     Cl  24       -0.283012        0.819914       -0.106092
     Cl  24        0.819914        2.205579       -0.141219
     Cl  24       -0.106092       -0.141219       -1.922566

     ----- total EFG -----
     Cl   1        0.307276       -1.955112        0.147497
     Cl   1       -1.955112        0.514391       -1.075934
     Cl   1        0.147497       -1.075934       -0.821667

     C    2        0.128962       -0.069913        0.044975
     C    2       -0.069913        0.309911       -0.352337
     C    2        0.044975       -0.352337       -0.438873

     C    3       -0.458609        0.283530       -0.215532
     C    3        0.283530        0.528542        0.080365
     C    3       -0.215532        0.080365       -0.069933

     H    4        0.231112       -0.244937        0.367635
     H    4       -0.244937       -0.509562        0.010206
     H    4        0.367635        0.010206        0.278451

     C    5        0.294427        0.423469        0.068804
     C    5        0.423469       -0.045712       -0.199663
     C    5        0.068804       -0.199663       -0.248715

     H    6       -0.141452       -0.228853       -0.106132
     H    6       -0.228853       -0.028060        0.257298
     H    6       -0.106132        0.257298        0.169512

     H    7       -0.347433       -0.061983       -0.033208
     H    7       -0.061983        0.286971       -0.152412
     H    7       -0.033208       -0.152412        0.060462

     C    8       -0.420573       -0.189059       -0.174487
     C    8       -0.189059        0.304729       -0.098394
     C    8       -0.174487       -0.098394        0.115845

     H    9       -0.007413       -0.279472        0.412135
     H    9       -0.279472        0.104861       -0.079593
     H    9        0.412135       -0.079593       -0.097448

     C   10        0.170153        0.460344       -0.332763
     C   10        0.460344        0.104270        0.213259
     C   10       -0.332763        0.213259       -0.274423

     C   11       -0.356162       -0.139849       -0.076163
     C   11       -0.139849        0.559441        0.109099
     C   11       -0.076163        0.109099       -0.203279

     Cl  12        0.973516        2.968380       -0.192719
     Cl  12        2.968380        1.721139        0.223772
     Cl  12       -0.192719        0.223772       -2.694655

     H   13        0.043119        0.136938        0.030499
     H   13        0.136938        0.357366        0.455462
     H   13        0.030499        0.455462       -0.400485

     C   14       -0.559762        0.248571       -0.052514
     C   14        0.248571        0.634523        0.062315
     C   14       -0.052514        0.062315       -0.074762

     H   15        0.233254        0.519955        0.141894
     H   15        0.519955       -0.221028        0.048364
     H   15        0.141894        0.048364       -0.012226

     C   16        0.097241       -0.114011       -0.095019
     C   16       -0.114011        0.343486       -0.301904
     C   16       -0.095019       -0.301904       -0.440727

     C   17       -0.520973        0.297112       -0.284663
     C   17        0.297112        0.668038        0.361372
     C   17       -0.284663        0.361372       -0.147065

     Cl  18       -0.330510       -1.831919        0.321881
     Cl  18       -1.831919       -0.815041        1.757350
     Cl  18        0.321881        1.757350        1.145551

     H   19       -0.026474       -0.056931        0.016858
     H   19       -0.056931       -0.054859       -0.679340
     H   19        0.016858       -0.679340        0.081333

     C   20        0.020658        0.304856        0.008762
     C   20        0.304856        0.255582        0.458563
     C   20        0.008762        0.458563       -0.276239

     H   21        0.466243       -0.132995        0.303554
     H   21       -0.132995       -0.595382       -0.256257
     H   21        0.303554       -0.256257        0.129140

     C   22       -0.698929       -0.190050        0.015582
     C   22       -0.190050        0.747456        0.104944
     C   22        0.015582        0.104944       -0.048526

     C   23        0.125312        0.396597       -0.138511
     C   23        0.396597        0.378920        0.237484
     C   23       -0.138511        0.237484       -0.504233

     Cl  24       -0.363106        0.774464       -0.103741
     Cl  24        0.774464        2.416129       -0.151206
     Cl  24       -0.103741       -0.151206       -2.053023

     ----- total EFG (symmetrized) -----
     Cl   1        0.307276       -1.955112        0.147497
     Cl   1       -1.955112        0.514391       -1.075934
     Cl   1        0.147497       -1.075934       -0.821667

     C    2        0.128962       -0.069913        0.044975
     C    2       -0.069913        0.309911       -0.352337
     C    2        0.044975       -0.352337       -0.438873

     C    3       -0.458609        0.283530       -0.215532
     C    3        0.283530        0.528542        0.080365
     C    3       -0.215532        0.080365       -0.069933

     H    4        0.231112       -0.244937        0.367635
     H    4       -0.244937       -0.509562        0.010206
     H    4        0.367635        0.010206        0.278451

     C    5        0.294427        0.423469        0.068804
     C    5        0.423469       -0.045712       -0.199663
     C    5        0.068804       -0.199663       -0.248715

     H    6       -0.141452       -0.228853       -0.106132
     H    6       -0.228853       -0.028060        0.257298
     H    6       -0.106132        0.257298        0.169512

     H    7       -0.347433       -0.061983       -0.033208
     H    7       -0.061983        0.286971       -0.152412
     H    7       -0.033208       -0.152412        0.060462

     C    8       -0.420573       -0.189059       -0.174487
     C    8       -0.189059        0.304729       -0.098394
     C    8       -0.174487       -0.098394        0.115845

     H    9       -0.007413       -0.279472        0.412135
     H    9       -0.279472        0.104861       -0.079593
     H    9        0.412135       -0.079593       -0.097448

     C   10        0.170153        0.460344       -0.332763
     C   10        0.460344        0.104270        0.213259
     C   10       -0.332763        0.213259       -0.274423

     C   11       -0.356162       -0.139849       -0.076163
     C   11       -0.139849        0.559441        0.109099
     C   11       -0.076163        0.109099       -0.203279

     Cl  12        0.973516        2.968380       -0.192719
     Cl  12        2.968380        1.721139        0.223772
     Cl  12       -0.192719        0.223772       -2.694655

     H   13        0.043119        0.136938        0.030499
     H   13        0.136938        0.357366        0.455462
     H   13        0.030499        0.455462       -0.400485

     C   14       -0.559762        0.248571       -0.052514
     C   14        0.248571        0.634523        0.062315
     C   14       -0.052514        0.062315       -0.074762

     H   15        0.233254        0.519955        0.141894
     H   15        0.519955       -0.221028        0.048364
     H   15        0.141894        0.048364       -0.012226

     C   16        0.097241       -0.114011       -0.095019
     C   16       -0.114011        0.343486       -0.301904
     C   16       -0.095019       -0.301904       -0.440727

     C   17       -0.520973        0.297112       -0.284663
     C   17        0.297112        0.668038        0.361372
     C   17       -0.284663        0.361372       -0.147065

     Cl  18       -0.330510       -1.831919        0.321881
     Cl  18       -1.831919       -0.815041        1.757350
     Cl  18        0.321881        1.757350        1.145551

     H   19       -0.026474       -0.056931        0.016858
     H   19       -0.056931       -0.054859       -0.679340
     H   19        0.016858       -0.679340        0.081333

     C   20        0.020658        0.304856        0.008762
     C   20        0.304856        0.255582        0.458563
     C   20        0.008762        0.458563       -0.276239

     H   21        0.466243       -0.132995        0.303554
     H   21       -0.132995       -0.595382       -0.256257
     H   21        0.303554       -0.256257        0.129140

     C   22       -0.698929       -0.190050        0.015582
     C   22       -0.190050        0.747456        0.104944
     C   22        0.015582        0.104944       -0.048526

     C   23        0.125312        0.396597       -0.138511
     C   23        0.396597        0.378920        0.237484
     C   23       -0.138511        0.237484       -0.504233

     Cl  24       -0.363106        0.774464       -0.103741
     Cl  24        0.774464        2.416129       -0.151206
     Cl  24       -0.103741       -0.151206       -2.053023


     NQR/NMR SPECTROSCOPIC PARAMETERS:
     Cl   1    Vxx=   -0.6387    axis=( -0.564487 -0.212972  0.797494)
     Cl   1    Vyy=   -1.9638    axis=(  0.525802  0.651994  0.546293)
     Cl   1    Vzz=    2.6026    axis=(  0.636307 -0.727699  0.256061)
     Cl   1  Q=        -8.1650 1e-30 m^2  Cq=       -49.9287 MHz  eta= 0.50914

     C    2    Vxx=    0.1098    axis=(  0.972138  0.225230 -0.064951)
     C    2    Vyy=    0.4692    axis=( -0.233291  0.902606 -0.361770)
     C    2    Vzz=   -0.5790    axis=( -0.022856  0.366843  0.930002)
     C    2  Q=         1.0000 1e-30 m^2  Cq=        -1.3603 MHz  eta= 0.62084

     C    3    Vxx=    0.0233    axis=( -0.375899  0.063894  0.924455)
     C    3    Vyy=    0.6050    axis=( -0.250780 -0.967407 -0.035108)
     C    3    Vzz=   -0.6282    axis=(  0.892081 -0.245032  0.379671)
     C    3  Q=         1.0000 1e-30 m^2  Cq=        -1.4761 MHz  eta= 0.92595

     H    4    Vxx=   -0.0451    axis=( -0.625410  0.345169  0.699801)
     H    4    Vyy=   -0.6012    axis=(  0.340633  0.927643 -0.153127)
     H    4    Vzz=    0.6463    axis=( -0.702020  0.142608 -0.697733)
     H    4  Q=         1.0000 1e-30 m^2  Cq=         1.5184 MHz  eta= 0.86052

     C    5    Vxx=   -0.0849    axis=(  0.408310 -0.490798  0.769675)
     C    5    Vyy=   -0.4996    axis=( -0.405752  0.657710  0.634652)
     C    5    Vzz=    0.5845    axis=( -0.817709 -0.571432  0.069407)
     C    5  Q=         1.0000 1e-30 m^2  Cq=         1.3734 MHz  eta= 0.70952

     H    6    Vxx=   -0.0961    axis=( -0.615831  0.428555 -0.661130)
     H    6    Vyy=   -0.3362    axis=( -0.696999 -0.687577  0.203544)
     H    6    Vzz=    0.4324    axis=( -0.367348  0.586156  0.722133)
     H    6  Q=         1.0000 1e-30 m^2  Cq=         1.0159 MHz  eta= 0.55530

     H    7    Vxx=   -0.0066    axis=( -0.164282  0.426981  0.889213)
     H    7    Vyy=   -0.3593    axis=( -0.984747 -0.123374 -0.122690)
     H    7    Vzz=    0.3659    axis=(  0.057319 -0.895805  0.440736)
     H    7  Q=         1.0000 1e-30 m^2  Cq=         0.8598 MHz  eta= 0.96400

     C    8    Vxx=    0.1599    axis=( -0.337861  0.185828  0.922669)
     C    8    Vyy=    0.3653    axis=( -0.172345  0.951525 -0.254748)
     C    8    Vzz=   -0.5252    axis=( -0.925282 -0.245087 -0.289457)
     C    8  Q=         1.0000 1e-30 m^2  Cq=        -1.2341 MHz  eta= 0.39105

     H    9    Vxx=   -0.0313    axis=(  0.242143  0.809493  0.534872)
     H    9    Vyy=   -0.4980    axis=( -0.700332 -0.235708  0.673778)
     H    9    Vzz=    0.5293    axis=(  0.671492 -0.537738  0.509839)
     H    9  Q=         1.0000 1e-30 m^2  Cq=         1.2437 MHz  eta= 0.88163

     C   10    Vxx=    0.0746    axis=( -0.369496  0.593534  0.714976)
     C   10    Vyy=    0.6120    axis=( -0.761401 -0.634450  0.133198)
     C   10    Vzz=   -0.6865    axis=(  0.532674 -0.495167  0.686344)
     C   10  Q=         1.0000 1e-30 m^2  Cq=        -1.6131 MHz  eta= 0.78273

     C   11    Vxx=   -0.2015    axis=(  0.291711  0.188081 -0.937833)
     C   11    Vyy=   -0.3967    axis=(  0.943874  0.102221  0.314090)
     C   11    Vzz=    0.5981    axis=( -0.154941  0.976820  0.147706)
     C   11  Q=         1.0000 1e-30 m^2  Cq=         1.4053 MHz  eta= 0.32633

     Cl  12    Vxx=   -1.5685    axis=( -0.727033  0.638930  0.251379)
     Cl  12    Vyy=   -2.7709    axis=(  0.184901 -0.170400  0.967872)
     Cl  12    Vzz=    4.3394    axis=( -0.661237 -0.750155 -0.005748)
     Cl  12  Q=        -8.1650 1e-30 m^2  Cq=       -83.2489 MHz  eta= 0.27708

     H   13    Vxx=    0.0111    axis=(  0.970272 -0.194781 -0.143642)
     H   13    Vyy=    0.6044    axis=( -0.237326 -0.882057 -0.407004)
     H   13    Vzz=   -0.6155    axis=( -0.047423  0.428995 -0.902061)
     H   13  Q=         1.0000 1e-30 m^2  Cq=        -1.4461 MHz  eta= 0.96389

     C   14    Vxx=   -0.0707    axis=( -0.127962 -0.042456  0.990870)
     C   14    Vyy=   -0.6169    axis=( -0.972959  0.199084 -0.117118)
     C   14    Vzz=    0.6876    axis=( -0.192294 -0.979062 -0.066783)
     C   14  Q=         1.0000 1e-30 m^2  Cq=         1.6156 MHz  eta= 0.79450

     H   15    Vxx=   -0.0437    axis=( -0.152914 -0.183542  0.971046)
     H   15    Vyy=   -0.5639    axis=(  0.553668 -0.829819 -0.069661)
     H   15    Vzz=    0.6076    axis=(  0.818578  0.526985  0.228512)
     H   15  Q=         1.0000 1e-30 m^2  Cq=         1.4276 MHz  eta= 0.85612

     C   16    Vxx=    0.1045    axis=(  0.958087  0.144842 -0.247164)
     C   16    Vyy=    0.4633    axis=( -0.215536  0.932796 -0.288852)
     C   16    Vzz=   -0.5678    axis=(  0.188716  0.330018  0.924919)
     C   16  Q=         1.0000 1e-30 m^2  Cq=        -1.3342 MHz  eta= 0.63188

     C   17    Vxx=   -0.0253    axis=(  0.567482  0.176045 -0.804346)
     C   17    Vyy=   -0.8053    axis=( -0.810987  0.288397 -0.509046)
     C   17    Vzz=    0.8306    axis=( -0.142356 -0.941188 -0.306430)
     C   17  Q=         1.0000 1e-30 m^2  Cq=         1.9517 MHz  eta= 0.93903

     Cl  18    Vxx=    0.6255    axis=(  0.773310 -0.305981  0.555308)
     Cl  18    Vyy=    2.3886    axis=( -0.306363  0.586479  0.749790)
     Cl  18    Vzz=   -3.0141    axis=( -0.555098 -0.749946  0.359789)
     Cl  18  Q=        -8.1650 1e-30 m^2  Cq=        57.8238 MHz  eta= 0.58496

     H   19    Vxx=   -0.0285    axis=(  0.996409  0.011152 -0.083935)
     H   19    Vyy=   -0.6710    axis=(  0.048037  0.741870  0.668821)
     H   19    Vzz=    0.6995    axis=(  0.069727 -0.670451  0.738670)
     H   19  Q=         1.0000 1e-30 m^2  Cq=         1.6436 MHz  eta= 0.91843

     C   20    Vxx=   -0.0602    axis=(  0.875357 -0.219674 -0.430690)
     C   20    Vyy=   -0.5795    axis=( -0.260556  0.536041 -0.802976)
     C   20    Vzz=    0.6397    axis=(  0.407260  0.815110  0.411990)
     C   20  Q=         1.0000 1e-30 m^2  Cq=         1.5030 MHz  eta= 0.81191

     H   21    Vxx=   -0.0145    axis=( -0.563751 -0.221893  0.795581)
     H   21    Vyy=   -0.6780    axis=(  0.033997  0.956187  0.290777)
     H   21    Vzz=    0.6925    axis=( -0.825245  0.190973 -0.531507)
     H   21  Q=         1.0000 1e-30 m^2  Cq=         1.6272 MHz  eta= 0.95816

     C   22    Vxx=   -0.0598    axis=(  0.058419 -0.115160  0.991628)
     C   22    Vyy=   -0.7247    axis=(  0.990452  0.130936 -0.043144)
     C   22    Vzz=    0.7845    axis=( -0.124872  0.984680  0.121709)
     C   22  Q=         1.0000 1e-30 m^2  Cq=         1.8433 MHz  eta= 0.84756

     C   23    Vxx=   -0.0341    axis=( -0.757955  0.464538  0.457939)
     C   23    Vyy=   -0.6454    axis=(  0.329937 -0.332587  0.883474)
     C   23    Vzz=    0.6794    axis=( -0.562712 -0.820725 -0.098818)
     C   23  Q=         1.0000 1e-30 m^2  Cq=         1.5964 MHz  eta= 0.89971

     Cl  24    Vxx=   -0.5618    axis=(  0.966455 -0.253457 -0.041533)
     Cl  24    Vyy=   -2.0620    axis=( -0.049505 -0.025152 -0.998457)
     Cl  24    Vzz=    2.6237    axis=(  0.252021  0.967020 -0.036856)
     Cl  24  Q=        -8.1650 1e-30 m^2  Cq=       -50.3349 MHz  eta= 0.57179

     Initialization:
     gipaw_setup  :      8.98s CPU     10.72s WALL (       1 calls)

     Linear response

     Apply operators

     Induced current

     Other routines
     efg          :      9.08s CPU     11.17s WALL (       1 calls)

     General routines
     calbec       :      3.12s CPU      3.97s WALL (      16 calls)
     fft          :      1.53s CPU      2.38s WALL (      15 calls)
     ffts         :      0.04s CPU      0.05s WALL (       2 calls)
     fftw         :      3.21s CPU      3.84s WALL (     672 calls)
     davcio       :      0.03s CPU      0.34s WALL (      32 calls)

     Parallel routines
     fft_scatter  :      2.20s CPU      3.44s WALL (     689 calls)

     Plugins

     GIPAW        :     60.76s CPU     71.70s WALL (       1 calls)
