
     Program QE v.6.0 (svn rev. 13079) starts on 30Dec2016 at 10: 9:30 

     This program is part of the open-source Quantum ESPRESSO suite
     for quantum simulation of materials; please cite
         "P. Giannozzi et al., J. Phys.:Condens. Matter 21 395502 (2009);
          URL http://www.quantum-espresso.org", 
     in publications or presentations arising from this work. More details at
     http://www.quantum-espresso.org/quote

     Parallel version (MPI), running on     8 processors
     R & G space division:  proc/nbgrp/npool/nimage =       8

     ***** This is GIPAW svn revision unknown      *****

     Parallelizing q-star over 1 images

     Reading data from directory:
     /users/majewski/paradichlorobenzene/pbe/9_constraint/scratch/pbe.ecut100.np8.dt60.pcl2phi-129368.save
     Message from routine read_xml_file:
     file /users/majewski/paradichlorobenzene/pbe/9_constraint/scratch/pbe.ecut100.np8.dt60.pcl2phi-129368.save not guaranteed to be safe for post-processing

   Info: using nr1, nr2, nr3 values from input

   Info: using nr1, nr2, nr3 values from input

     IMPORTANT: XC functional enforced from input :
     Exchange-correlation      =  SLA  PW   PBX  PBC ( 1  4  3  4 0 0)
     Any further DFT definition will be discarded
     Please, verify this is what you really want

               file C.pbe-n-kjpaw_psl.1.0.0.UPF: wavefunction(s)  2S 2P renormalized
               file Cl.pbe-n-kjpaw_psl.1.0.0.UPF: wavefunction(s)  3S 3P renormalized
               file H.pbe-kjpaw_psl.1.0.0.UPF: wavefunction(s)  1S renormalized

     Parallelization info
     --------------------
     sticks:   dense  smooth     PW     G-vecs:    dense   smooth      PW
     Min        3057    1223    332               144436    36536    5170
     Max        3059    1225    333               144437    36537    5171
     Sum       24467    9791   2657              1155489   292295   41363


     Subspace diagonalization in iterative solution of the eigenvalue problem:
     a serial algorithm will be used

     GIPAW projectors -----------------------------------------------
     atom=  C    l=0  rc=    1.2000  rs=    0.8000
     atom=  C    l=0  rc=    1.2000  rs=    0.8000
     atom=  C    l=1  rc=    1.4000  rs=    0.9333
     atom=  C    l=1  rc=    1.4000  rs=    0.9333
     projs nearly linearly dependent: l=1  n1,n2= 1, 2  s=  0.99951561

     atom=  Cl   l=0  rc=    1.6000  rs=    1.0667
     atom=  Cl   l=0  rc=    1.6000  rs=    1.0667
     atom=  Cl   l=1  rc=    1.6000  rs=    1.0667
     atom=  Cl   l=1  rc=    1.6000  rs=    1.0667
     atom=  Cl   l=2  rc=    1.6000  rs=    1.0667
     atom=  Cl   l=2  rc=    1.6000  rs=    1.0667
     projs nearly linearly dependent: l=2  n1,n2= 1, 2  s=  0.99993509

     atom=  H    l=0  rc=    1.0000  rs=    0.6667
     atom=  H    l=0  rc=    1.0000  rs=    0.6667
     projs nearly linearly dependent: l=0  n1,n2= 1, 2  s=  0.99968852
     -----------------------------------------------------------------

     GIPAW integrals: -------------------------------------------
     Atom  i/j   nmr_para   nmr_dia   epr_rmc  epr_para   epr_dia
       C   1 1   0.83E+03  0.17E-01  0.93E+01  0.24E+08  0.24E+03
       C   2 1   0.86E+03 -0.61E-01  0.94E+01  0.25E+08  0.25E+03
       C   2 2   0.90E+03 -0.15E+00  0.97E+01  0.26E+08  0.26E+03
       C   3 3   0.33E+01  0.34E+00  0.18E+01  0.55E+03  0.21E+02
       C   4 3   0.35E+01  0.37E+00  0.20E+01  0.59E+03  0.22E+02
       C   4 4   0.38E+01  0.39E+00  0.22E+01  0.63E+03  0.24E+02
       Cl  1 1   0.14E+04 -0.47E+00  0.84E+01  0.32E+09  0.42E+03
       Cl  2 1   0.21E+04 -0.37E+00  0.12E+02  0.49E+09  0.65E+03
       Cl  2 2   0.33E+04 -0.16E+00  0.21E+02  0.76E+09  0.10E+04
       Cl  3 3   0.21E+02  0.79E-01  0.89E+01  0.23E+05  0.13E+03
       Cl  4 3   0.24E+02  0.67E-01  0.99E+01  0.27E+05  0.15E+03
       Cl  4 4   0.28E+02  0.44E-01  0.11E+02  0.32E+05  0.18E+03
       Cl  5 5   0.77E+00  0.19E+00  0.18E+01  0.12E+03  0.22E+02
       Cl  6 5   0.80E+00  0.19E+00  0.19E+01  0.12E+03  0.23E+02
       Cl  6 6   0.83E+00  0.20E+00  0.19E+01  0.12E+03  0.23E+02
       H   1 1   0.39E+02  0.19E+00  0.29E+00  0.78E+05  0.13E+02
       H   2 1   0.41E+02  0.21E+00  0.32E+00  0.82E+05  0.14E+02
       H   2 2   0.43E+02  0.22E+00  0.36E+00  0.86E+05  0.15E+02
     ------------------------------------------------------------

     alpha_pv=     33.9726 eV

     Number of occupied bands for each k-point:
     k-point:     1    nbnd_occ=  42
     k-point:     2    nbnd_occ=  42
     k-point:     3    nbnd_occ=  42
     k-point:     4    nbnd_occ=  42
     k-point:     5    nbnd_occ=  42
     k-point:     6    nbnd_occ=  42
     k-point:     7    nbnd_occ=  42
     k-point:     8    nbnd_occ=  42
     k-point:     9    nbnd_occ=  42
     k-point:    10    nbnd_occ=  42
     k-point:    11    nbnd_occ=  42
     k-point:    12    nbnd_occ=  42
     k-point:    13    nbnd_occ=  42
     k-point:    14    nbnd_occ=  42
     k-point:    15    nbnd_occ=  42
     k-point:    16    nbnd_occ=  42


     q-space interpolation up to   110.00 Rydberg

     GIPAW job: efg                                                                             


     ELECTRIC FIELD GRADIENTS TENSORS IN Hartree/bohrradius^2:

     ----- bare term -----
     Cl   1       -0.183535        0.305897        0.021301
     Cl   1        0.305897       -0.033022        0.027093
     Cl   1        0.021301        0.027093        0.216557

     C    2       -0.047689       -0.244202       -0.348877
     C    2       -0.244202        0.045136       -0.727910
     C    2       -0.348877       -0.727910        0.002554

     C    3       -0.538129        0.328903       -0.349794
     C    3        0.328903        0.095475       -0.116948
     C    3       -0.349794       -0.116948        0.442653

     H    4       -0.156898       -0.201254       -0.450692
     H    4       -0.201254        0.276532       -0.378915
     H    4       -0.450692       -0.378915       -0.119634

     C    5       -0.084626       -0.242451       -0.498166
     C    5       -0.242451       -0.160160       -0.376994
     C    5       -0.498166       -0.376994        0.244786

     H    6        0.301045        0.093715        0.314129
     H    6        0.093715        0.013807       -0.500608
     H    6        0.314129       -0.500608       -0.314852

     H    7        0.461335        0.060078        0.080129
     H    7        0.060078       -0.317786        0.427067
     H    7        0.080129        0.427067       -0.143549

     C    8       -0.889391       -0.397284       -0.438530
     C    8       -0.397284        0.465792        0.042362
     C    8       -0.438530        0.042362        0.423600

     H    9        0.113976        0.053258       -0.398473
     H    9        0.053258        0.153496       -0.270635
     H    9       -0.398473       -0.270635       -0.267472

     C   10        0.231374       -0.247095        0.051257
     C   10       -0.247095       -0.250905        0.515642
     C   10        0.051257        0.515642        0.019531

     C   11       -0.512028       -0.392482       -0.418917
     C   11       -0.392482        0.184434        0.030426
     C   11       -0.418917        0.030426        0.327594

     Cl  12        0.216238        0.141652        0.028301
     Cl  12        0.141652       -0.409983       -0.243655
     Cl  12        0.028301       -0.243655        0.193745

     H   13        0.545552       -0.012663        0.037549
     H   13       -0.012663       -0.158465       -0.259478
     H   13        0.037549       -0.259478       -0.387087

     C   14       -0.637525        0.324984       -0.096329
     C   14        0.324984        0.279378       -0.102509
     C   14       -0.096329       -0.102509        0.358147

     H   15       -0.112374        0.227253       -0.493013
     H   15        0.227253       -0.040506        0.106667
     H   15       -0.493013        0.106667        0.152881

     C   16        0.152219       -0.006411       -0.227849
     C   16       -0.006411       -0.086770       -0.578243
     C   16       -0.227849       -0.578243       -0.065449

     C   17       -0.643381        0.381171       -0.285791
     C   17        0.381171        0.239881       -0.170249
     C   17       -0.285791       -0.170249        0.403501

     Cl  18       -0.022791       -0.083255       -0.025360
     Cl  18       -0.083255        0.156888        0.027211
     Cl  18       -0.025360        0.027211       -0.134096

     H   19        0.261103        0.386092       -0.169038
     H   19        0.386092       -0.459430        0.456383
     H   19       -0.169038        0.456383        0.198326

     C   20       -0.024352       -0.305060       -0.033172
     C   20       -0.305060       -0.217704        0.359944
     C   20       -0.033172        0.359944        0.242056

     H   21       -0.215785        0.217503       -0.592002
     H   21        0.217503        0.373802        0.249436
     H   21       -0.592002        0.249436       -0.158018

     C   22       -0.720032       -0.384292       -0.335048
     C   22       -0.384292        0.253486        0.046287
     C   22       -0.335048        0.046287        0.466546

     C   23        0.050748       -0.085394       -0.142164
     C   23       -0.085394       -0.340740        0.381182
     C   23       -0.142164        0.381182        0.289991

     Cl  24       -0.202752       -0.168621       -0.129261
     Cl  24       -0.168621       -0.116886       -0.062763
     Cl  24       -0.129261       -0.062763        0.319638

     ----- ionic term -----
     Cl   1        0.175752       -0.189125       -0.015660
     Cl   1       -0.189125       -0.037218        0.018824
     Cl   1       -0.015660        0.018824       -0.138535

     C    2        0.284481       -0.220346        0.261997
     C    2       -0.220346       -0.127722        0.423168
     C    2        0.261997        0.423168       -0.156759

     C    3        0.166385       -0.253428        0.171324
     C    3       -0.253428       -0.027032        0.407499
     C    3        0.171324        0.407499       -0.139353

     H    4        0.596930        0.220981        0.721876
     H    4        0.220981       -0.521230        0.209246
     H    4        0.721876        0.209246       -0.075701

     C    5        0.250880       -0.241868        0.268704
     C    5       -0.241868       -0.108355        0.314073
     C    5        0.268704        0.314073       -0.142525

     H    6       -0.527527       -0.021266        0.006977
     H    6       -0.021266        0.369300        0.796704
     H    6        0.006977        0.796704        0.158227

     H    7       -0.519964       -0.014856        0.036876
     H    7       -0.014856        0.460472       -0.772396
     H    7        0.036876       -0.772396        0.059492

     C    8        0.205367        0.286697        0.367988
     C    8        0.286697        0.039524       -0.260177
     C    8        0.367988       -0.260177       -0.244892

     H    9        0.300304       -0.210896        0.782490
     H    9       -0.210896       -0.416408       -0.265496
     H    9        0.782490       -0.265496        0.116104

     C   10        0.031500        0.314900        0.268952
     C   10        0.314900        0.219125       -0.354100
     C   10        0.268952       -0.354100       -0.250625

     C   11        0.098826        0.240439        0.334857
     C   11        0.240439        0.129602       -0.338203
     C   11        0.334857       -0.338203       -0.228428

     Cl  12        0.130092        0.216112        0.053230
     Cl  12        0.216112        0.013131        0.024508
     Cl  12        0.053230        0.024508       -0.143223

     H   13       -0.508582       -0.037491       -0.006295
     H   13       -0.037491        0.577573        0.763133
     H   13       -0.006295        0.763133       -0.068991

     C   14        0.323802       -0.279167        0.254144
     C   14       -0.279167       -0.049461        0.313662
     C   14        0.254144        0.313662       -0.274341

     H   15        0.590992        0.237971        0.705954
     H   15        0.237971       -0.463894        0.241672
     H   15        0.705954        0.241672       -0.127098

     C   16        0.145401       -0.319346        0.150941
     C   16       -0.319346        0.074445        0.452504
     C   16        0.150941        0.452504       -0.219846

     C   17        0.142259       -0.298743        0.274612
     C   17       -0.298743        0.018190        0.437975
     C   17        0.274612        0.437975       -0.160449

     Cl  18        0.136131       -0.252409        0.007297
     Cl  18       -0.252409        0.007507        0.002129
     Cl  18        0.007297        0.002129       -0.143638

     H   19       -0.504053       -0.206345        0.117442
     H   19       -0.206345        0.641926       -0.678396
     H   19        0.117442       -0.678396       -0.137873

     C   20        0.166377        0.218111        0.314917
     C   20        0.218111        0.104604       -0.274096
     C   20        0.314917       -0.274096       -0.270981

     H   21        0.588552       -0.148448        0.746616
     H   21       -0.148448       -0.497414       -0.177173
     H   21        0.746616       -0.177173       -0.091138

     C   22        0.041087        0.277362        0.232437
     C   22        0.277362        0.290794       -0.407596
     C   22        0.232437       -0.407596       -0.331882

     C   23        0.043838        0.218837        0.344930
     C   23        0.218837        0.232522       -0.410417
     C   23        0.344930       -0.410417       -0.276360

     Cl  24        0.073032        0.207574        0.015838
     Cl  24        0.207574        0.082758        0.011385
     Cl  24        0.015838        0.011385       -0.155790

     ----- GIPAW term -----
     Cl   1       -1.206713       -0.086677       -0.204471
     Cl   1       -0.086677        1.782754       -1.802234
     Cl   1       -0.204471       -1.802234       -0.576041

     C    2       -0.055298       -0.161180       -0.030133
     C    2       -0.161180        0.194969       -0.183581
     C    2       -0.030133       -0.183581       -0.139671

     C    3       -0.143979       -0.074058       -0.134013
     C    3       -0.074058        0.119855        0.123012
     C    3       -0.134013        0.123012        0.024124

     H    4       -0.000000        0.000000        0.000000
     H    4        0.000000        0.000000        0.000000
     H    4        0.000000        0.000000        0.000000

     C    5        0.026173       -0.186887       -0.196921
     C    5       -0.186887       -0.057124        0.052056
     C    5       -0.196921        0.052056        0.030951

     H    6       -0.000000        0.000000        0.000000
     H    6        0.000000        0.000000        0.000000
     H    6        0.000000        0.000000        0.000000

     H    7       -0.000000        0.000000        0.000000
     H    7        0.000000        0.000000        0.000000
     H    7        0.000000        0.000000        0.000000

     C    8       -0.182682       -0.091620       -0.023637
     C    8       -0.091620        0.234265       -0.084359
     C    8       -0.023637       -0.084359       -0.051583

     H    9       -0.000000        0.000000        0.000000
     H    9        0.000000        0.000000        0.000000
     H    9        0.000000        0.000000        0.000000

     C   10       -0.028180       -0.071143        0.032358
     C   10       -0.071143        0.127582        0.010335
     C   10        0.032358        0.010335       -0.099402

     C   11       -0.049220       -0.091818       -0.028287
     C   11       -0.091818        0.126951       -0.026819
     C   11       -0.028287       -0.026819       -0.077731

     Cl  12        0.235127        0.152943       -0.375661
     Cl  12        0.152943        0.872828        0.626815
     Cl  12       -0.375661        0.626815       -1.107956

     H   13       -0.000000        0.000000        0.000000
     H   13        0.000000        0.000000        0.000000
     H   13        0.000000        0.000000        0.000000

     C   14       -0.119965       -0.044930        0.028753
     C   14       -0.044930        0.154806       -0.046832
     C   14        0.028753       -0.046832       -0.034841

     H   15       -0.000000        0.000000        0.000000
     H   15        0.000000        0.000000        0.000000
     H   15        0.000000        0.000000        0.000000

     C   16       -0.072122       -0.053342       -0.021102
     C   16       -0.053342        0.194183       -0.080947
     C   16       -0.021102       -0.080947       -0.122061

     C   17       -0.107571       -0.154900       -0.045616
     C   17       -0.154900        0.229708        0.030722
     C   17       -0.045616        0.030722       -0.122137

     Cl  18        0.481998       -2.695679       -0.183338
     Cl  18       -2.695679        2.080083        0.240402
     Cl  18       -0.183338        0.240402       -2.562080

     H   19       -0.000000        0.000000        0.000000
     H   19        0.000000        0.000000        0.000000
     H   19        0.000000        0.000000        0.000000

     C   20       -0.077596       -0.142112        0.063737
     C   20       -0.142112        0.130747       -0.085807
     C   20        0.063737       -0.085807       -0.053152

     H   21       -0.000000        0.000000        0.000000
     H   21        0.000000        0.000000        0.000000
     H   21        0.000000        0.000000        0.000000

     C   22       -0.251492       -0.094059       -0.035794
     C   22       -0.094059        0.177085       -0.174575
     C   22       -0.035794       -0.174575        0.074407

     C   23       -0.070761        0.027966        0.037992
     C   23        0.027966        0.055536       -0.189789
     C   23        0.037992       -0.189789        0.015226

     Cl  24       -0.162448        1.505532       -1.306006
     Cl  24        1.505532       -1.036969       -0.707890
     Cl  24       -1.306006       -0.707890        1.199417

     ----- total EFG -----
     Cl   1       -1.214495        0.030095       -0.198829
     Cl   1        0.030095        1.712514       -1.756317
     Cl   1       -0.198829       -1.756317       -0.498019

     C    2        0.181493       -0.625729       -0.117012
     C    2       -0.625729        0.112383       -0.488323
     C    2       -0.117012       -0.488323       -0.293876

     C    3       -0.515723        0.001417       -0.312483
     C    3        0.001417        0.188299        0.413563
     C    3       -0.312483        0.413563        0.327425

     H    4        0.440032        0.019727        0.271184
     H    4        0.019727       -0.244698       -0.169669
     H    4        0.271184       -0.169669       -0.195335

     C    5        0.192428       -0.671206       -0.426384
     C    5       -0.671206       -0.325639       -0.010865
     C    5       -0.426384       -0.010865        0.133211

     H    6       -0.226482        0.072449        0.321107
     H    6        0.072449        0.383107        0.296095
     H    6        0.321107        0.296095       -0.156624

     H    7       -0.058629        0.045222        0.117005
     H    7        0.045222        0.142686       -0.345329
     H    7        0.117005       -0.345329       -0.084057

     C    8       -0.866706       -0.202206       -0.094180
     C    8       -0.202206        0.739581       -0.302175
     C    8       -0.094180       -0.302175        0.127125

     H    9        0.414280       -0.157638        0.384017
     H    9       -0.157638       -0.262912       -0.536130
     H    9        0.384017       -0.536130       -0.151368

     C   10        0.234694       -0.003339        0.352567
     C   10       -0.003339        0.095801        0.171877
     C   10        0.352567        0.171877       -0.330495

     C   11       -0.462422       -0.243861       -0.112347
     C   11       -0.243861        0.440986       -0.334596
     C   11       -0.112347       -0.334596        0.021436

     Cl  12        0.581457        0.510706       -0.294130
     Cl  12        0.510706        0.475977        0.407668
     Cl  12       -0.294130        0.407668       -1.057434

     H   13        0.036970       -0.050154        0.031255
     H   13       -0.050154        0.419108        0.503655
     H   13        0.031255        0.503655       -0.456077

     C   14       -0.433688        0.000887        0.186568
     C   14        0.000887        0.384722        0.164320
     C   14        0.186568        0.164320        0.048966

     H   15        0.478617        0.465225        0.212942
     H   15        0.465225       -0.504400        0.348339
     H   15        0.212942        0.348339        0.025783

     C   16        0.225497       -0.379099       -0.098010
     C   16       -0.379099        0.181859       -0.206685
     C   16       -0.098010       -0.206685       -0.407356

     C   17       -0.608693       -0.072472       -0.056794
     C   17       -0.072472        0.487779        0.298449
     C   17       -0.056794        0.298449        0.120914

     Cl  18        0.595338       -3.031343       -0.201401
     Cl  18       -3.031343        2.244477        0.269742
     Cl  18       -0.201401        0.269742       -2.839815

     H   19       -0.242950        0.179747       -0.051596
     H   19        0.179747        0.182496       -0.222013
     H   19       -0.051596       -0.222013        0.060454

     C   20        0.064430       -0.229062        0.345482
     C   20       -0.229062        0.017647        0.000041
     C   20        0.345482        0.000041       -0.082077

     H   21        0.372767        0.069055        0.154614
     H   21        0.069055       -0.123611        0.072263
     H   21        0.154614        0.072263       -0.249156

     C   22       -0.930436       -0.200989       -0.138405
     C   22       -0.200989        0.721365       -0.535883
     C   22       -0.138405       -0.535883        0.209071

     C   23        0.023825        0.161410        0.240758
     C   23        0.161410       -0.052682       -0.219024
     C   23        0.240758       -0.219024        0.028857

     Cl  24       -0.292168        1.544486       -1.419429
     Cl  24        1.544486       -1.071097       -0.759268
     Cl  24       -1.419429       -0.759268        1.363266

     ----- total EFG (symmetrized) -----
     Cl   1       -1.214495        0.030095       -0.198829
     Cl   1        0.030095        1.712514       -1.756317
     Cl   1       -0.198829       -1.756317       -0.498019

     C    2        0.181493       -0.625729       -0.117012
     C    2       -0.625729        0.112383       -0.488323
     C    2       -0.117012       -0.488323       -0.293876

     C    3       -0.515723        0.001417       -0.312483
     C    3        0.001417        0.188299        0.413563
     C    3       -0.312483        0.413563        0.327425

     H    4        0.440032        0.019727        0.271184
     H    4        0.019727       -0.244698       -0.169669
     H    4        0.271184       -0.169669       -0.195335

     C    5        0.192428       -0.671206       -0.426384
     C    5       -0.671206       -0.325639       -0.010865
     C    5       -0.426384       -0.010865        0.133211

     H    6       -0.226482        0.072449        0.321107
     H    6        0.072449        0.383107        0.296095
     H    6        0.321107        0.296095       -0.156624

     H    7       -0.058629        0.045222        0.117005
     H    7        0.045222        0.142686       -0.345329
     H    7        0.117005       -0.345329       -0.084057

     C    8       -0.866706       -0.202206       -0.094180
     C    8       -0.202206        0.739581       -0.302175
     C    8       -0.094180       -0.302175        0.127125

     H    9        0.414280       -0.157638        0.384017
     H    9       -0.157638       -0.262912       -0.536130
     H    9        0.384017       -0.536130       -0.151368

     C   10        0.234694       -0.003339        0.352567
     C   10       -0.003339        0.095801        0.171877
     C   10        0.352567        0.171877       -0.330495

     C   11       -0.462422       -0.243861       -0.112347
     C   11       -0.243861        0.440986       -0.334596
     C   11       -0.112347       -0.334596        0.021436

     Cl  12        0.581457        0.510706       -0.294130
     Cl  12        0.510706        0.475977        0.407668
     Cl  12       -0.294130        0.407668       -1.057434

     H   13        0.036970       -0.050154        0.031255
     H   13       -0.050154        0.419108        0.503655
     H   13        0.031255        0.503655       -0.456077

     C   14       -0.433688        0.000887        0.186568
     C   14        0.000887        0.384722        0.164320
     C   14        0.186568        0.164320        0.048966

     H   15        0.478617        0.465225        0.212942
     H   15        0.465225       -0.504400        0.348339
     H   15        0.212942        0.348339        0.025783

     C   16        0.225497       -0.379099       -0.098010
     C   16       -0.379099        0.181859       -0.206685
     C   16       -0.098010       -0.206685       -0.407356

     C   17       -0.608693       -0.072472       -0.056794
     C   17       -0.072472        0.487779        0.298449
     C   17       -0.056794        0.298449        0.120914

     Cl  18        0.595338       -3.031343       -0.201401
     Cl  18       -3.031343        2.244477        0.269742
     Cl  18       -0.201401        0.269742       -2.839815

     H   19       -0.242950        0.179747       -0.051596
     H   19        0.179747        0.182496       -0.222013
     H   19       -0.051596       -0.222013        0.060454

     C   20        0.064430       -0.229062        0.345482
     C   20       -0.229062        0.017647        0.000041
     C   20        0.345482        0.000041       -0.082077

     H   21        0.372767        0.069055        0.154614
     H   21        0.069055       -0.123611        0.072263
     H   21        0.154614        0.072263       -0.249156

     C   22       -0.930436       -0.200989       -0.138405
     C   22       -0.200989        0.721365       -0.535883
     C   22       -0.138405       -0.535883        0.209071

     C   23        0.023825        0.161410        0.240758
     C   23        0.161410       -0.052682       -0.219024
     C   23        0.240758       -0.219024        0.028857

     Cl  24       -0.292168        1.544486       -1.419429
     Cl  24        1.544486       -1.071097       -0.759268
     Cl  24       -1.419429       -0.759268        1.363266


     NQR/NMR SPECTROSCOPIC PARAMETERS:
     Cl   1    Vxx=   -1.1407    axis=(  0.898528 -0.236917 -0.369482)
     Cl   1    Vyy=   -1.5456    axis=(  0.437789  0.423485  0.793096)
     Cl   1    Vzz=    2.6863    axis=(  0.031428  0.874375 -0.484233)
     Cl   1  Q=        -8.1650 1e-30 m^2  Cq=       -51.5344 MHz  eta= 0.15073

     C    2    Vxx=    0.0102    axis=(  0.616414  0.304510 -0.726160)
     C    2    Vyy=    0.8372    axis=( -0.646004  0.722865 -0.245244)
     C    2    Vzz=   -0.8475    axis=(  0.450236  0.620274  0.642299)
     C    2  Q=         1.0000 1e-30 m^2  Cq=        -1.9912 MHz  eta= 0.97587

     C    3    Vxx=   -0.0807    axis=( -0.367474 -0.779026  0.508017)
     C    3    Vyy=   -0.6438    axis=( -0.909349  0.186401 -0.371939)
     C    3    Vzz=    0.7245    axis=( -0.195055  0.598643  0.776904)
     C    3  Q=         1.0000 1e-30 m^2  Cq=         1.7024 MHz  eta= 0.77717

     H    4    Vxx=   -0.1035    axis=( -0.270435 -0.755287  0.596997)
     H    4    Vyy=   -0.4387    axis=(  0.236638 -0.653228 -0.719233)
     H    4    Vzz=    0.5422    axis=(  0.933203 -0.053234  0.355385)
     H    4  Q=         1.0000 1e-30 m^2  Cq=         1.2739 MHz  eta= 0.61812

     C    5    Vxx=    0.0216    axis=(  0.233740 -0.478277  0.846532)
     C    5    Vyy=    0.8333    axis=( -0.769429  0.441296  0.461776)
     C    5    Vzz=   -0.8549    axis=( -0.594428 -0.759282 -0.264852)
     C    5  Q=         1.0000 1e-30 m^2  Cq=        -2.0087 MHz  eta= 0.94942

     H    6    Vxx=   -0.0279    axis=(  0.678930 -0.504201  0.533700)
     H    6    Vyy=   -0.5399    axis=(  0.684963  0.173252 -0.707679)
     H    6    Vzz=    0.5678    axis=(  0.264348  0.846029  0.462985)
     H    6  Q=         1.0000 1e-30 m^2  Cq=         1.3341 MHz  eta= 0.90184

     H    7    Vxx=   -0.0150    axis=(  0.932252  0.267087  0.244071)
     H    7    Vyy=   -0.3801    axis=( -0.354244  0.536565  0.765904)
     H    7    Vzz=    0.3951    axis=(  0.073603 -0.800476  0.594828)
     H    7  Q=         1.0000 1e-30 m^2  Cq=         0.9284 MHz  eta= 0.92387

     C    8    Vxx=    0.0321    axis=( -0.174120  0.344294  0.922575)
     C    8    Vyy=    0.8769    axis=( -0.087987  0.927699 -0.362812)
     C    8    Vzz=   -0.9091    axis=( -0.980786 -0.144347 -0.131238)
     C    8  Q=         1.0000 1e-30 m^2  Cq=        -2.1359 MHz  eta= 0.92931

     H    9    Vxx=   -0.0082    axis=(  0.651442  0.592992 -0.473269)
     H    9    Vyy=   -0.7650    axis=( -0.133269  0.703529  0.698059)
     H    9    Vzz=    0.7732    axis=(  0.746902 -0.391673  0.537335)
     H    9  Q=         1.0000 1e-30 m^2  Cq=         1.8167 MHz  eta= 0.97879

     C   10    Vxx=    0.1176    axis=(  0.315051 -0.942260 -0.113533)
     C   10    Vyy=    0.4210    axis=(  0.859055  0.232270  0.456152)
     C   10    Vzz=   -0.5386    axis=( -0.403443 -0.241242  0.882630)
     C   10  Q=         1.0000 1e-30 m^2  Cq=        -1.2656 MHz  eta= 0.56323

     C   11    Vxx=   -0.0577    axis=( -0.437649  0.343504  0.830944)
     C   11    Vyy=   -0.5924    axis=(  0.886732  0.317925  0.335605)
     C   11    Vzz=    0.6501    axis=( -0.148896  0.883702 -0.443736)
     C   11  Q=         1.0000 1e-30 m^2  Cq=         1.5274 MHz  eta= 0.82245

     Cl  12    Vxx=    0.2115    axis=( -0.641132  0.674852  0.365410)
     Cl  12    Vyy=    1.0437    axis=(  0.732574  0.680053  0.029395)
     Cl  12    Vzz=   -1.2553    axis=(  0.228661 -0.286536  0.930382)
     Cl  12  Q=        -8.1650 1e-30 m^2  Cq=        24.0818 MHz  eta= 0.66298

     H   13    Vxx=    0.0386    axis=(  0.996276  0.020442  0.083764)
     H   13    Vyy=    0.6505    axis=(  0.053336 -0.909426 -0.412431)
     H   13    Vzz=   -0.6890    axis=(  0.067747  0.415362 -0.907130)
     H   13  Q=         1.0000 1e-30 m^2  Cq=        -1.6189 MHz  eta= 0.88805

     C   14    Vxx=    0.0427    axis=( -0.332047  0.409217 -0.849874)
     C   14    Vyy=    0.4579    axis=(  0.085630  0.910351  0.404882)
     C   14    Vzz=   -0.5006    axis=( -0.939368 -0.061665  0.337321)
     C   14  Q=         1.0000 1e-30 m^2  Cq=        -1.1763 MHz  eta= 0.82926

     H   15    Vxx=   -0.0353    axis=( -0.491261  0.149922  0.858013)
     H   15    Vyy=   -0.7725    axis=( -0.282009  0.904637 -0.319535)
     H   15    Vzz=    0.8077    axis=( -0.824096 -0.398942 -0.402134)
     H   15  Q=         1.0000 1e-30 m^2  Cq=         1.8979 MHz  eta= 0.91266

     C   16    Vxx=   -0.0474    axis=(  0.631305  0.585801 -0.508223)
     C   16    Vyy=   -0.5414    axis=(  0.311594  0.408509  0.857922)
     C   16    Vzz=    0.5887    axis=( -0.710185  0.699970 -0.075362)
     C   16  Q=         1.0000 1e-30 m^2  Cq=         1.3833 MHz  eta= 0.83907

     C   17    Vxx=   -0.0456    axis=( -0.024695 -0.490694  0.870982)
     C   17    Vyy=   -0.6156    axis=( -0.997137 -0.050199 -0.056553)
     C   17    Vzz=    0.6612    axis=(  0.071472 -0.869885 -0.488049)
     C   17  Q=         1.0000 1e-30 m^2  Cq=         1.5535 MHz  eta= 0.86202

     Cl  18    Vxx=   -1.7216    axis=(  0.794609  0.607112  0.003334)
     Cl  18    Vyy=   -2.8551    axis=(  0.024881 -0.038050  0.998966)
     Cl  18    Vzz=    4.5767    axis=(  0.606611 -0.793705 -0.045341)
     Cl  18  Q=        -8.1650 1e-30 m^2  Cq=       -87.8012 MHz  eta= 0.24768

     H   19    Vxx=   -0.0882    axis=(  0.288532  0.485384  0.825320)
     H   19    Vyy=   -0.3115    axis=(  0.920064 -0.379137 -0.098678)
     H   19    Vzz=    0.3996    axis=(  0.265012  0.787819 -0.555977)
     H   19  Q=         1.0000 1e-30 m^2  Cq=         0.9390 MHz  eta= 0.55883

     C   20    Vxx=   -0.0118    axis=( -0.108178 -0.839393 -0.532651)
     C   20    Vyy=   -0.4152    axis=(  0.651485  0.344851 -0.675755)
     C   20    Vzz=    0.4270    axis=(  0.750909 -0.420116  0.509547)
     C   20  Q=         1.0000 1e-30 m^2  Cq=         1.0033 MHz  eta= 0.94451

     H   21    Vxx=   -0.1190    axis=(  0.215492 -0.939653 -0.265737)
     H   21    Vyy=   -0.3030    axis=(  0.182491  0.306088 -0.934348)
     H   21    Vzz=    0.4220    axis=(  0.959302  0.152850  0.237438)
     H   21  Q=         1.0000 1e-30 m^2  Cq=         0.9916 MHz  eta= 0.43602

     C   22    Vxx=   -0.0708    axis=( -0.250138  0.498169  0.830216)
     C   22    Vyy=   -0.9931    axis=( -0.966958 -0.172132 -0.188050)
     C   22    Vzz=    1.0639    axis=(  0.049226 -0.849822  0.524765)
     C   22  Q=         1.0000 1e-30 m^2  Cq=         2.4998 MHz  eta= 0.86694

     C   23    Vxx=    0.1383    axis=( -0.594092 -0.769760  0.233505)
     C   23    Vyy=    0.2768    axis=(  0.593358 -0.223360  0.773328)
     C   23    Vzz=   -0.4152    axis=(  0.543121 -0.597980 -0.589440)
     C   23  Q=         1.0000 1e-30 m^2  Cq=        -0.9755 MHz  eta= 0.33362

     Cl  24    Vxx=   -0.4477    axis=(  0.536690  0.541030  0.647496)
     Cl  24    Vyy=   -2.3004    axis=( -0.647981  0.755782 -0.094419)
     Cl  24    Vzz=    2.7481    axis=( -0.540449 -0.368891  0.756197)
     Cl  24  Q=        -8.1650 1e-30 m^2  Cq=       -52.7211 MHz  eta= 0.67419

     Initialization:
     gipaw_setup  :      9.30s CPU     11.37s WALL (       1 calls)

     Linear response

     Apply operators

     Induced current

     Other routines
     efg          :      9.25s CPU     11.68s WALL (       1 calls)

     General routines
     calbec       :      3.36s CPU      4.35s WALL (      16 calls)
     fft          :      1.36s CPU      1.68s WALL (      15 calls)
     ffts         :      0.03s CPU      0.05s WALL (       2 calls)
     fftw         :      3.16s CPU      3.81s WALL (     672 calls)
     davcio       :      0.02s CPU      0.35s WALL (      32 calls)

     Parallel routines
     fft_scatter  :      1.94s CPU      2.67s WALL (     689 calls)

     Plugins

     GIPAW        :     62.19s CPU     75.76s WALL (       1 calls)
