
     Program QE v.6.0 (svn rev. 13079) starts on 16Dec2016 at  3:25:16 

     This program is part of the open-source Quantum ESPRESSO suite
     for quantum simulation of materials; please cite
         "P. Giannozzi et al., J. Phys.:Condens. Matter 21 395502 (2009);
          URL http://www.quantum-espresso.org", 
     in publications or presentations arising from this work. More details at
     http://www.quantum-espresso.org/quote

     Parallel version (MPI), running on     8 processors
     R & G space division:  proc/nbgrp/npool/nimage =       8

     ***** This is GIPAW svn revision unknown      *****

     Parallelizing q-star over 1 images

     Reading data from directory:
     /users/majewski/paradichlorobenzene/pbe/9_constraint/scratch/pbe.ecut100.np8.dt60.pcl2phi-129368.save
     Message from routine read_xml_file:
     file /users/majewski/paradichlorobenzene/pbe/9_constraint/scratch/pbe.ecut100.np8.dt60.pcl2phi-129368.save not guaranteed to be safe for post-processing

   Info: using nr1, nr2, nr3 values from input

   Info: using nr1, nr2, nr3 values from input

     IMPORTANT: XC functional enforced from input :
     Exchange-correlation      =  SLA  PW   PBX  PBC ( 1  4  3  4 0 0)
     Any further DFT definition will be discarded
     Please, verify this is what you really want

               file C.pbe-n-kjpaw_psl.1.0.0.UPF: wavefunction(s)  2S 2P renormalized
               file Cl.pbe-n-kjpaw_psl.1.0.0.UPF: wavefunction(s)  3S 3P renormalized
               file H.pbe-kjpaw_psl.1.0.0.UPF: wavefunction(s)  1S renormalized

     Parallelization info
     --------------------
     sticks:   dense  smooth     PW     G-vecs:    dense   smooth      PW
     Min        3057    1223    332               144436    36536    5170
     Max        3059    1225    333               144437    36537    5171
     Sum       24467    9791   2657              1155489   292295   41363


     Subspace diagonalization in iterative solution of the eigenvalue problem:
     a serial algorithm will be used

     GIPAW projectors -----------------------------------------------
     atom=  C    l=0  rc=    1.2000  rs=    0.8000
     atom=  C    l=0  rc=    1.2000  rs=    0.8000
     atom=  C    l=1  rc=    1.4000  rs=    0.9333
     atom=  C    l=1  rc=    1.4000  rs=    0.9333
     projs nearly linearly dependent: l=1  n1,n2= 1, 2  s=  0.99951561

     atom=  Cl   l=0  rc=    1.6000  rs=    1.0667
     atom=  Cl   l=0  rc=    1.6000  rs=    1.0667
     atom=  Cl   l=1  rc=    1.6000  rs=    1.0667
     atom=  Cl   l=1  rc=    1.6000  rs=    1.0667
     atom=  Cl   l=2  rc=    1.6000  rs=    1.0667
     atom=  Cl   l=2  rc=    1.6000  rs=    1.0667
     projs nearly linearly dependent: l=2  n1,n2= 1, 2  s=  0.99993509

     atom=  H    l=0  rc=    1.0000  rs=    0.6667
     atom=  H    l=0  rc=    1.0000  rs=    0.6667
     projs nearly linearly dependent: l=0  n1,n2= 1, 2  s=  0.99968852
     -----------------------------------------------------------------

     GIPAW integrals: -------------------------------------------
     Atom  i/j   nmr_para   nmr_dia   epr_rmc  epr_para   epr_dia
       C   1 1   0.83E+03  0.17E-01  0.93E+01  0.24E+08  0.24E+03
       C   2 1   0.86E+03 -0.61E-01  0.94E+01  0.25E+08  0.25E+03
       C   2 2   0.90E+03 -0.15E+00  0.97E+01  0.26E+08  0.26E+03
       C   3 3   0.33E+01  0.34E+00  0.18E+01  0.55E+03  0.21E+02
       C   4 3   0.35E+01  0.37E+00  0.20E+01  0.59E+03  0.22E+02
       C   4 4   0.38E+01  0.39E+00  0.22E+01  0.63E+03  0.24E+02
       Cl  1 1   0.14E+04 -0.47E+00  0.84E+01  0.32E+09  0.42E+03
       Cl  2 1   0.21E+04 -0.37E+00  0.12E+02  0.49E+09  0.65E+03
       Cl  2 2   0.33E+04 -0.16E+00  0.21E+02  0.76E+09  0.10E+04
       Cl  3 3   0.21E+02  0.79E-01  0.89E+01  0.23E+05  0.13E+03
       Cl  4 3   0.24E+02  0.67E-01  0.99E+01  0.27E+05  0.15E+03
       Cl  4 4   0.28E+02  0.44E-01  0.11E+02  0.32E+05  0.18E+03
       Cl  5 5   0.77E+00  0.19E+00  0.18E+01  0.12E+03  0.22E+02
       Cl  6 5   0.80E+00  0.19E+00  0.19E+01  0.12E+03  0.23E+02
       Cl  6 6   0.83E+00  0.20E+00  0.19E+01  0.12E+03  0.23E+02
       H   1 1   0.39E+02  0.19E+00  0.29E+00  0.78E+05  0.13E+02
       H   2 1   0.41E+02  0.21E+00  0.32E+00  0.82E+05  0.14E+02
       H   2 2   0.43E+02  0.22E+00  0.36E+00  0.86E+05  0.15E+02
     ------------------------------------------------------------

     alpha_pv=     34.8969 eV

     Number of occupied bands for each k-point:
     k-point:     1    nbnd_occ=  42
     k-point:     2    nbnd_occ=  42
     k-point:     3    nbnd_occ=  42
     k-point:     4    nbnd_occ=  42
     k-point:     5    nbnd_occ=  42
     k-point:     6    nbnd_occ=  42
     k-point:     7    nbnd_occ=  42
     k-point:     8    nbnd_occ=  42
     k-point:     9    nbnd_occ=  42
     k-point:    10    nbnd_occ=  42
     k-point:    11    nbnd_occ=  42
     k-point:    12    nbnd_occ=  42
     k-point:    13    nbnd_occ=  42
     k-point:    14    nbnd_occ=  42
     k-point:    15    nbnd_occ=  42
     k-point:    16    nbnd_occ=  42


     q-space interpolation up to   110.00 Rydberg

     GIPAW job: efg                                                                             


     ELECTRIC FIELD GRADIENTS TENSORS IN Hartree/bohrradius^2:

     ----- bare term -----
     Cl   1        0.337820        0.037963       -0.208108
     Cl   1        0.037963        0.365722       -0.286560
     Cl   1       -0.208108       -0.286560       -0.703542

     C    2       -0.779948        0.287775       -0.257962
     C    2        0.287775        0.252071       -0.059955
     C    2       -0.257962       -0.059955        0.527877

     C    3        0.081829       -0.112755       -0.203954
     C    3       -0.112755       -0.452132       -0.420073
     C    3       -0.203954       -0.420073        0.370304

     H    4       -0.611690       -0.002829        0.101624
     H    4       -0.002829        0.370399       -0.288052
     H    4        0.101624       -0.288052        0.241291

     C    5       -0.362048        0.333097       -0.359353
     C    5        0.333097       -0.066408       -0.097702
     C    5       -0.359353       -0.097702        0.428456

     H    6       -0.129966       -0.198481       -0.088694
     H    6       -0.198481       -0.263285       -0.442929
     H    6       -0.088694       -0.442929        0.393251

     H    7        0.379135        0.064126       -0.118651
     H    7        0.064126       -0.337035        0.521097
     H    7       -0.118651        0.521097       -0.042099

     C    8       -0.440912       -0.255885       -0.379270
     C    8       -0.255885       -0.069442        0.356994
     C    8       -0.379270        0.356994        0.510354

     H    9       -0.138492        0.165853       -0.449091
     H    9        0.165853        0.397370        0.003606
     H    9       -0.449091        0.003606       -0.258878

     C   10       -0.165469       -0.395738       -0.159141
     C   10       -0.395738       -0.291389        0.483064
     C   10       -0.159141        0.483064        0.456857

     C   11       -0.420061        0.142992       -0.227748
     C   11        0.142992       -0.039826        0.451966
     C   11       -0.227748        0.451966        0.459887

     Cl  12        0.046963       -0.296887       -0.044783
     Cl  12       -0.296887       -0.068000        0.024347
     Cl  12       -0.044783        0.024347        0.021038

     H   13        0.055139       -0.514702        0.028393
     H   13       -0.514702       -0.455189       -0.156094
     H   13        0.028393       -0.156094        0.400051

     C   14        0.014665        0.532055       -0.076774
     C   14        0.532055       -0.285691       -0.409369
     C   14       -0.076774       -0.409369        0.271026

     H   15       -0.444028       -0.390718        0.204481
     H   15       -0.390718        0.265006        0.077542
     H   15        0.204481        0.077542        0.179022

     C   16       -0.240385        0.249588       -0.175752
     C   16        0.249588       -0.205505       -0.444173
     C   16       -0.175752       -0.444173        0.445890

     C   17       -0.189211       -0.179227       -0.338572
     C   17       -0.179227       -0.063870       -0.665189
     C   17       -0.338572       -0.665189        0.253080

     Cl  18       -0.122161        0.201878        0.163982
     Cl  18        0.201878       -0.123210       -0.059317
     Cl  18        0.163982       -0.059317        0.245372

     H   19        0.464563       -0.014163       -0.241934
     H   19       -0.014163        0.053487        0.254485
     H   19       -0.241934        0.254485       -0.518050

     C   20       -0.194790       -0.272477        0.036414
     C   20       -0.272477        0.087900        0.143008
     C   20        0.036414        0.143008        0.106890

     H   21        0.085726       -0.051021       -0.465866
     H   21       -0.051021        0.169702       -0.257846
     H   21       -0.465866       -0.257846       -0.255428

     C   22        0.103567       -0.105909       -0.086724
     C   22       -0.105909       -0.072493        0.242128
     C   22       -0.086724        0.242128       -0.031074

     C   23       -0.182279       -0.215052       -0.328048
     C   23       -0.215052       -0.038777        0.234836
     C   23       -0.328048        0.234836        0.221055

     Cl  24       -0.022100       -0.073869       -0.036206
     Cl  24       -0.073869       -0.009146        0.008212
     Cl  24       -0.036206        0.008212        0.031246

     ----- ionic term -----
     Cl   1        0.097119       -0.206901       -0.089505
     Cl   1       -0.206901        0.013659        0.070193
     Cl   1       -0.089505        0.070193       -0.110778

     C    2        0.320245       -0.104033        0.040852
     C    2       -0.104033        0.076848        0.417609
     C    2        0.040852        0.417609       -0.397093

     C    3        0.162228       -0.138310        0.108048
     C    3       -0.138310        0.181477        0.407368
     C    3        0.108048        0.407368       -0.343704

     H    4        0.750035        0.331589        0.568436
     H    4        0.331589       -0.435155        0.211882
     H    4        0.568436        0.211882       -0.314880

     C    5        0.301587       -0.134171        0.126650
     C    5       -0.134171        0.105005        0.319423
     C    5        0.126650        0.319423       -0.406592

     H    6       -0.513398        0.220081        0.130319
     H    6        0.220081        0.663450        0.719910
     H    6        0.130319        0.719910       -0.150052

     H    7       -0.526107       -0.050963        0.064798
     H    7       -0.050963        0.396829       -0.792805
     H    7        0.064798       -0.792805        0.129278

     C    8        0.223526        0.364321        0.354369
     C    8        0.364321       -0.035419       -0.255080
     C    8        0.354369       -0.255080       -0.188107

     H    9        0.384390       -0.086396        0.793047
     H    9       -0.086396       -0.514658       -0.149777
     H    9        0.793047       -0.149777        0.130268

     C   10        0.118307        0.390470        0.241257
     C   10        0.390470        0.059148       -0.320707
     C   10        0.241257       -0.320707       -0.177455

     C   11        0.132525        0.258876        0.375882
     C   11        0.258876        0.008061       -0.281665
     C   11        0.375882       -0.281665       -0.140586

     Cl  12        0.076898        0.203378        0.059124
     Cl  12        0.203378        0.068178        0.039616
     Cl  12        0.059124        0.039616       -0.145076

     H   13       -0.455415        0.297798        0.092144
     H   13        0.297798        0.761252        0.585115
     H   13        0.092144        0.585115       -0.305837

     C   14        0.386320       -0.145540        0.048262
     C   14       -0.145540        0.107939        0.317641
     C   14        0.048262        0.317641       -0.494260

     H   15        0.907881        0.361605        0.350326
     H   15        0.361605       -0.389201        0.156387
     H   15        0.350326        0.156387       -0.518680

     C   16        0.194503       -0.181698        0.020879
     C   16       -0.181698        0.295551        0.408249
     C   16        0.020879        0.408249       -0.490055

     C   17        0.234539       -0.146888        0.161789
     C   17       -0.146888        0.253711        0.350387
     C   17        0.161789        0.350387       -0.488250

     Cl  18        0.100487       -0.219204       -0.017959
     Cl  18       -0.219204        0.065702        0.019531
     Cl  18       -0.017959        0.019531       -0.166189

     H   19       -0.516227       -0.207339        0.132500
     H   19       -0.207339        0.666716       -0.699939
     H   19        0.132500       -0.699939       -0.150489

     C   20        0.227230        0.256462        0.315684
     C   20        0.256462        0.052231       -0.283407
     C   20        0.315684       -0.283407       -0.279462

     H   21        0.658324       -0.190488        0.698275
     H   21       -0.190488       -0.471414       -0.189101
     H   21        0.698275       -0.189101       -0.186910

     C   22        0.114684        0.305026        0.192829
     C   22        0.305026        0.175675       -0.401680
     C   22        0.192829       -0.401680       -0.290359

     C   23        0.091695        0.293168        0.315354
     C   23        0.293168        0.078814       -0.388394
     C   23        0.315354       -0.388394       -0.170509

     Cl  24        0.112324        0.231047       -0.014349
     Cl  24        0.231047        0.033103       -0.019746
     Cl  24       -0.014349       -0.019746       -0.145427

     ----- GIPAW term -----
     Cl   1        0.326294       -0.402218       -0.247045
     Cl   1       -0.402218        0.213229        0.027690
     Cl   1       -0.247045        0.027690       -0.539524

     C    2       -0.150293        0.020387        0.044204
     C    2        0.020387        0.024992        0.158318
     C    2        0.044204        0.158318        0.125302

     C    3       -0.060896       -0.105155       -0.100554
     C    3       -0.105155       -0.039677        0.127455
     C    3       -0.100554        0.127455        0.100573

     H    4       -0.000000        0.000000        0.000000
     H    4        0.000000        0.000000        0.000000
     H    4        0.000000        0.000000        0.000000

     C    5        0.081076       -0.110674       -0.141244
     C    5       -0.110674       -0.037395        0.081693
     C    5       -0.141244        0.081693       -0.043681

     H    6       -0.000000        0.000000        0.000000
     H    6        0.000000        0.000000        0.000000
     H    6        0.000000        0.000000        0.000000

     H    7       -0.000000        0.000000        0.000000
     H    7        0.000000        0.000000        0.000000
     H    7        0.000000        0.000000        0.000000

     C    8       -0.077948       -0.048005       -0.083966
     C    8       -0.048005       -0.047182        0.080220
     C    8       -0.083966        0.080220        0.125130

     H    9       -0.000000        0.000000        0.000000
     H    9        0.000000        0.000000        0.000000
     H    9        0.000000        0.000000        0.000000

     C   10       -0.015493       -0.053146       -0.011215
     C   10       -0.053146       -0.052675        0.076355
     C   10       -0.011215        0.076355        0.068168

     C   11       -0.124315        0.109182        0.020591
     C   11        0.109182       -0.102156        0.129383
     C   11        0.020591        0.129383        0.226471

     Cl  12        2.324800        0.163052       -0.406348
     Cl  12        0.163052       -0.400385        0.214742
     Cl  12       -0.406348        0.214742       -1.924415

     H   13       -0.000000        0.000000        0.000000
     H   13        0.000000        0.000000        0.000000
     H   13        0.000000        0.000000        0.000000

     C   14        0.103672        0.265121        0.002840
     C   14        0.265121       -0.004092       -0.084979
     C   14        0.002840       -0.084979       -0.099581

     H   15       -0.000000        0.000000        0.000000
     H   15        0.000000        0.000000        0.000000
     H   15        0.000000        0.000000        0.000000

     C   16       -0.118049        0.073986       -0.112734
     C   16        0.073986       -0.037296       -0.183469
     C   16       -0.112734       -0.183469        0.155346

     C   17       -0.006130       -0.191056       -0.021680
     C   17       -0.191056        0.012297       -0.191404
     C   17       -0.021680       -0.191404       -0.006167

     Cl  18        0.931846       -1.457578        1.562669
     Cl  18       -1.457578       -1.049554       -0.497467
     Cl  18        1.562669       -0.497467        0.117708

     H   19       -0.000000        0.000000        0.000000
     H   19        0.000000        0.000000        0.000000
     H   19        0.000000        0.000000        0.000000

     C   20       -0.055885       -0.006715        0.027504
     C   20       -0.006715        0.007190        0.081882
     C   20        0.027504        0.081882        0.048695

     H   21       -0.000000        0.000000        0.000000
     H   21        0.000000        0.000000        0.000000
     H   21        0.000000        0.000000        0.000000

     C   22       -0.037330       -0.011536       -0.022332
     C   22       -0.011536        0.026381        0.078219
     C   22       -0.022332        0.078219        0.010950

     C   23       -0.046399       -0.032551       -0.085822
     C   23       -0.032551        0.029520        0.125570
     C   23       -0.085822        0.125570        0.016879

     Cl  24        0.453133       -0.520997       -0.971807
     Cl  24       -0.520997        1.324927        1.394689
     Cl  24       -0.971807        1.394689       -1.778060

     ----- total EFG -----
     Cl   1        0.761233       -0.571157       -0.544658
     Cl   1       -0.571157        0.592610       -0.188677
     Cl   1       -0.544658       -0.188677       -1.353843

     C    2       -0.609996        0.204128       -0.172907
     C    2        0.204128        0.353910        0.515971
     C    2       -0.172907        0.515971        0.256086

     C    3        0.183160       -0.356221       -0.196460
     C    3       -0.356221       -0.310332        0.114751
     C    3       -0.196460        0.114751        0.127173

     H    4        0.138345        0.328760        0.670061
     H    4        0.328760       -0.064756       -0.076170
     H    4        0.670061       -0.076170       -0.073588

     C    5        0.020615        0.088251       -0.373947
     C    5        0.088251        0.001202        0.303414
     C    5       -0.373947        0.303414       -0.021817

     H    6       -0.643364        0.021600        0.041624
     H    6        0.021600        0.400165        0.276981
     H    6        0.041624        0.276981        0.243199

     H    7       -0.146973        0.013163       -0.053853
     H    7        0.013163        0.059793       -0.271708
     H    7       -0.053853       -0.271708        0.087179

     C    8       -0.295333        0.060431       -0.108867
     C    8        0.060431       -0.152043        0.182134
     C    8       -0.108867        0.182134        0.447376

     H    9        0.245897        0.079457        0.343956
     H    9        0.079457       -0.117288       -0.146171
     H    9        0.343956       -0.146171       -0.128610

     C   10       -0.062654       -0.058414        0.070901
     C   10       -0.058414       -0.284916        0.238712
     C   10        0.070901        0.238712        0.347570

     C   11       -0.411851        0.511050        0.168724
     C   11        0.511050       -0.133921        0.299683
     C   11        0.168724        0.299683        0.545772

     Cl  12        2.448661        0.069543       -0.392008
     Cl  12        0.069543       -0.400207        0.278705
     Cl  12       -0.392008        0.278705       -2.048453

     H   13       -0.400276       -0.216904        0.120536
     H   13       -0.216904        0.306063        0.429021
     H   13        0.120536        0.429021        0.094213

     C   14        0.504658        0.651636       -0.025673
     C   14        0.651636       -0.181843       -0.176706
     C   14       -0.025673       -0.176706       -0.322815

     H   15        0.463853       -0.029113        0.554806
     H   15       -0.029113       -0.124194        0.233929
     H   15        0.554806        0.233929       -0.339658

     C   16       -0.163930        0.141875       -0.267607
     C   16        0.141875        0.052750       -0.219393
     C   16       -0.267607       -0.219393        0.111181

     C   17        0.039199       -0.517170       -0.198463
     C   17       -0.517170        0.202138       -0.506206
     C   17       -0.198463       -0.506206       -0.241337

     Cl  18        0.910172       -1.474903        1.708692
     Cl  18       -1.474903       -1.107062       -0.537254
     Cl  18        1.708692       -0.537254        0.196890

     H   19       -0.051664       -0.221502       -0.109434
     H   19       -0.221502        0.720203       -0.445453
     H   19       -0.109434       -0.445453       -0.668539

     C   20       -0.023445       -0.022729        0.379602
     C   20       -0.022729        0.147321       -0.058518
     C   20        0.379602       -0.058518       -0.123876

     H   21        0.744050       -0.241509        0.232409
     H   21       -0.241509       -0.301713       -0.446946
     H   21        0.232409       -0.446946       -0.442338

     C   22        0.180921        0.187580        0.083773
     C   22        0.187580        0.129562       -0.081334
     C   22        0.083773       -0.081334       -0.310483

     C   23       -0.136982        0.045565       -0.098516
     C   23        0.045565        0.069557       -0.027988
     C   23       -0.098516       -0.027988        0.067425

     Cl  24        0.543357       -0.363819       -1.022362
     Cl  24       -0.363819        1.348884        1.383155
     Cl  24       -1.022362        1.383155       -1.892241

     ----- total EFG (symmetrized) -----
     Cl   1        0.761233       -0.571157       -0.544658
     Cl   1       -0.571157        0.592610       -0.188677
     Cl   1       -0.544658       -0.188677       -1.353843

     C    2       -0.609996        0.204128       -0.172907
     C    2        0.204128        0.353910        0.515971
     C    2       -0.172907        0.515971        0.256086

     C    3        0.183160       -0.356221       -0.196460
     C    3       -0.356221       -0.310332        0.114751
     C    3       -0.196460        0.114751        0.127173

     H    4        0.138345        0.328760        0.670061
     H    4        0.328760       -0.064756       -0.076170
     H    4        0.670061       -0.076170       -0.073588

     C    5        0.020615        0.088251       -0.373947
     C    5        0.088251        0.001202        0.303414
     C    5       -0.373947        0.303414       -0.021817

     H    6       -0.643364        0.021600        0.041624
     H    6        0.021600        0.400165        0.276981
     H    6        0.041624        0.276981        0.243199

     H    7       -0.146973        0.013163       -0.053853
     H    7        0.013163        0.059793       -0.271708
     H    7       -0.053853       -0.271708        0.087179

     C    8       -0.295333        0.060431       -0.108867
     C    8        0.060431       -0.152043        0.182134
     C    8       -0.108867        0.182134        0.447376

     H    9        0.245897        0.079457        0.343956
     H    9        0.079457       -0.117288       -0.146171
     H    9        0.343956       -0.146171       -0.128610

     C   10       -0.062654       -0.058414        0.070901
     C   10       -0.058414       -0.284916        0.238712
     C   10        0.070901        0.238712        0.347570

     C   11       -0.411851        0.511050        0.168724
     C   11        0.511050       -0.133921        0.299683
     C   11        0.168724        0.299683        0.545772

     Cl  12        2.448661        0.069543       -0.392008
     Cl  12        0.069543       -0.400207        0.278705
     Cl  12       -0.392008        0.278705       -2.048453

     H   13       -0.400276       -0.216904        0.120536
     H   13       -0.216904        0.306063        0.429021
     H   13        0.120536        0.429021        0.094213

     C   14        0.504658        0.651636       -0.025673
     C   14        0.651636       -0.181843       -0.176706
     C   14       -0.025673       -0.176706       -0.322815

     H   15        0.463853       -0.029113        0.554806
     H   15       -0.029113       -0.124194        0.233929
     H   15        0.554806        0.233929       -0.339658

     C   16       -0.163930        0.141875       -0.267607
     C   16        0.141875        0.052750       -0.219393
     C   16       -0.267607       -0.219393        0.111181

     C   17        0.039199       -0.517170       -0.198463
     C   17       -0.517170        0.202138       -0.506206
     C   17       -0.198463       -0.506206       -0.241337

     Cl  18        0.910172       -1.474903        1.708692
     Cl  18       -1.474903       -1.107062       -0.537254
     Cl  18        1.708692       -0.537254        0.196890

     H   19       -0.051664       -0.221502       -0.109434
     H   19       -0.221502        0.720203       -0.445453
     H   19       -0.109434       -0.445453       -0.668539

     C   20       -0.023445       -0.022729        0.379602
     C   20       -0.022729        0.147321       -0.058518
     C   20        0.379602       -0.058518       -0.123876

     H   21        0.744050       -0.241509        0.232409
     H   21       -0.241509       -0.301713       -0.446946
     H   21        0.232409       -0.446946       -0.442338

     C   22        0.180921        0.187580        0.083773
     C   22        0.187580        0.129562       -0.081334
     C   22        0.083773       -0.081334       -0.310483

     C   23       -0.136982        0.045565       -0.098516
     C   23        0.045565        0.069557       -0.027988
     C   23       -0.098516       -0.027988        0.067425

     Cl  24        0.543357       -0.363819       -1.022362
     Cl  24       -0.363819        1.348884        1.383155
     Cl  24       -1.022362        1.383155       -1.892241


     NQR/NMR SPECTROSCOPIC PARAMETERS:
     Cl   1    Vxx=    0.2473    axis=(  0.562987  0.776497 -0.283017)
     Cl   1    Vyy=    1.2886    axis=(  0.783063 -0.610684 -0.117800)
     Cl   1    Vzz=   -1.5359    axis=(  0.264305  0.155300  0.951853)
     Cl   1  Q=        -8.1650 1e-30 m^2  Cq=        29.4648 MHz  eta= 0.67800

     C    2    Vxx=   -0.0807    axis=( -0.447071 -0.589135  0.673088)
     C    2    Vyy=   -0.7435    axis=( -0.894139  0.315656 -0.317611)
     C    2    Vzz=    0.8242    axis=( -0.025349 -0.743829 -0.667889)
     C    2  Q=         1.0000 1e-30 m^2  Cq=         1.9365 MHz  eta= 0.80421

     C    3    Vxx=   -0.0090    axis=(  0.464289 -0.222378  0.857312)
     C    3    Vyy=   -0.4971    axis=( -0.459595 -0.887934  0.018579)
     C    3    Vzz=    0.5061    axis=(  0.757105 -0.402643 -0.514462)
     C    3  Q=         1.0000 1e-30 m^2  Cq=         1.1891 MHz  eta= 0.96448

     H    4    Vxx=   -0.0058    axis=(  0.055853  0.891559 -0.449448)
     H    4    Vyy=   -0.7569    axis=( -0.639744  0.377562  0.669459)
     H    4    Vzz=    0.7626    axis=(  0.766556  0.250140  0.591457)
     H    4  Q=         1.0000 1e-30 m^2  Cq=         1.7919 MHz  eta= 0.98489

     C    5    Vxx=    0.0948    axis=( -0.616970 -0.784488 -0.062668)
     C    5    Vyy=    0.4357    axis=( -0.569248  0.389868  0.723850)
     C    5    Vzz=   -0.5305    axis=(  0.543420 -0.482267  0.687105)
     C    5  Q=         1.0000 1e-30 m^2  Cq=        -1.2465 MHz  eta= 0.64245

     H    6    Vxx=    0.0344    axis=(  0.029621 -0.604541  0.796023)
     H    6    Vyy=    0.6110    axis=(  0.033748  0.796524  0.603665)
     H    6    Vzz=   -0.6454    axis=( -0.998991  0.008983  0.043996)
     H    6  Q=         1.0000 1e-30 m^2  Cq=        -1.5164 MHz  eta= 0.89341

     H    7    Vxx=   -0.1390    axis=( -0.903878  0.364943  0.223205)
     H    7    Vyy=   -0.2112    axis=( -0.416751 -0.633427 -0.651988)
     H    7    Vzz=    0.3502    axis=( -0.096555 -0.682339  0.724631)
     H    7  Q=         1.0000 1e-30 m^2  Cq=         0.8228 MHz  eta= 0.20624

     C    8    Vxx=   -0.1533    axis=(  0.492946  0.853405 -0.169424)
     C    8    Vyy=   -0.3550    axis=( -0.862954  0.454723 -0.220313)
     C    8    Vzz=    0.5083    axis=( -0.110975  0.254808  0.960603)
     C    8  Q=         1.0000 1e-30 m^2  Cq=         1.1942 MHz  eta= 0.39679

     H    9    Vxx=   -0.0270    axis=(  0.253933  0.878596 -0.404460)
     H    9    Vyy=   -0.4233    axis=( -0.445847  0.477417  0.757161)
     H    9    Vzz=    0.4503    axis=(  0.858335 -0.011941  0.512951)
     H    9  Q=         1.0000 1e-30 m^2  Cq=         1.0581 MHz  eta= 0.87994

     C   10    Vxx=   -0.0484    axis=(  0.966251 -0.256964 -0.018101)
     C   10    Vyy=   -0.3840    axis=(  0.237672  0.916396 -0.322072)
     C   10    Vzz=    0.4324    axis=(  0.099348  0.306900  0.946542)
     C   10  Q=         1.0000 1e-30 m^2  Cq=         1.0160 MHz  eta= 0.77592

     C   11    Vxx=    0.0321    axis=(  0.531834  0.643707 -0.550268)
     C   11    Vyy=    0.7722    axis=(  0.314462  0.453209  0.834095)
     C   11    Vzz=   -0.8043    axis=( -0.786299  0.616638 -0.038610)
     C   11  Q=         1.0000 1e-30 m^2  Cq=        -1.8899 MHz  eta= 0.92011

     Cl  12    Vxx=   -0.3544    axis=( -0.001722  0.986670  0.162722)
     Cl  12    Vyy=   -2.1289    axis=( -0.086640  0.161963 -0.982986)
     Cl  12    Vzz=    2.4833    axis=( -0.996238 -0.015791  0.085206)
     Cl  12  Q=        -8.1650 1e-30 m^2  Cq=       -47.6407 MHz  eta= 0.71460

     H   13    Vxx=   -0.0833    axis=(  0.568077 -0.445800  0.691774)
     H   13    Vyy=   -0.5681    axis=( -0.817283 -0.404292  0.410605)
     H   13    Vzz=    0.6514    axis=( -0.096631  0.798630  0.594013)
     H   13  Q=         1.0000 1e-30 m^2  Cq=         1.5306 MHz  eta= 0.74432

     C   14    Vxx=   -0.2711    axis=( -0.288043  0.307183 -0.907011)
     C   14    Vyy=   -0.6373    axis=( -0.444872  0.795820  0.410805)
     C   14    Vzz=    0.9085    axis=(  0.848010  0.521833 -0.092573)
     C   14  Q=         1.0000 1e-30 m^2  Cq=         2.1345 MHz  eta= 0.40311

     H   15    Vxx=   -0.0471    axis=(  0.246391 -0.929142 -0.275659)
     H   15    Vyy=   -0.7077    axis=(  0.406982  0.357327 -0.840644)
     H   15    Vzz=    0.7548    axis=(  0.879578  0.094939  0.466186)
     H   15  Q=         1.0000 1e-30 m^2  Cq=         1.7734 MHz  eta= 0.87527

     C   16    Vxx=   -0.1200    axis=( -0.264165  0.833490  0.485295)
     C   16    Vyy=   -0.3274    axis=( -0.858999  0.025476 -0.511343)
     C   16    Vzz=    0.4474    axis=( -0.438563 -0.551947  0.709237)
     C   16  Q=         1.0000 1e-30 m^2  Cq=         1.0512 MHz  eta= 0.46376

     C   17    Vxx=    0.0982    axis=(  0.706248  0.181996 -0.684172)
     C   17    Vyy=    0.7295    axis=( -0.510030  0.801028 -0.313407)
     C   17    Vzz=   -0.8277    axis=(  0.491001  0.570291  0.658548)
     C   17  Q=         1.0000 1e-30 m^2  Cq=        -1.9447 MHz  eta= 0.76274

     Cl  18    Vxx=   -0.8982    axis=( -0.359206  0.484006  0.797941)
     Cl  18    Vyy=   -1.9644    axis=(  0.551317  0.799919 -0.237022)
     Cl  18    Vzz=    2.8626    axis=( -0.753008  0.354779 -0.554176)
     Cl  18  Q=        -8.1650 1e-30 m^2  Cq=       -54.9172 MHz  eta= 0.37246

     H   19    Vxx=   -0.0509    axis=(  0.957542  0.124983 -0.259792)
     H   19    Vyy=   -0.8358    axis=(  0.213756  0.296873  0.930685)
     H   19    Vzz=    0.8866    axis=(  0.193445 -0.946703  0.257552)
     H   19  Q=         1.0000 1e-30 m^2  Cq=         2.0833 MHz  eta= 0.88522

     C   20    Vxx=    0.1313    axis=( -0.255335 -0.953321 -0.161195)
     C   20    Vyy=    0.3266    axis=(  0.710527 -0.298085  0.637415)
     C   20    Vzz=   -0.4580    axis=( -0.655710  0.048221  0.753471)
     C   20  Q=         1.0000 1e-30 m^2  Cq=        -1.0760 MHz  eta= 0.42643

     H   21    Vxx=   -0.0589    axis=(  0.384412  0.708055 -0.592356)
     H   21    Vyy=   -0.8247    axis=( -0.013633  0.645945  0.763263)
     H   21    Vzz=    0.8837    axis=(  0.923061 -0.285331  0.257962)
     H   21  Q=         1.0000 1e-30 m^2  Cq=         2.0762 MHz  eta= 0.86665

     C   22    Vxx=    0.0083    axis=( -0.610181  0.714372 -0.342566)
     C   22    Vyy=    0.3447    axis=( -0.756584 -0.653711 -0.015587)
     C   22    Vzz=   -0.3531    axis=( -0.235074  0.249669  0.939364)
     C   22  Q=         1.0000 1e-30 m^2  Cq=        -0.8296 MHz  eta= 0.95274

     C   23    Vxx=    0.0446    axis=( -0.101402  0.818523  0.565454)
     C   23    Vyy=    0.1363    axis=(  0.362041  0.559772 -0.745374)
     C   23    Vzz=   -0.1809    axis=( -0.926630  0.129135 -0.353101)
     C   23  Q=         1.0000 1e-30 m^2  Cq=        -0.4250 MHz  eta= 0.50708

     Cl  24    Vxx=    0.4455    axis=(  0.867942  0.488321 -0.090656)
     Cl  24    Vyy=    2.1834    axis=( -0.421822  0.821124  0.384477)
     Cl  24    Vzz=   -2.6289    axis=(  0.262188 -0.295463  0.918673)
     Cl  24  Q=        -8.1650 1e-30 m^2  Cq=        50.4336 MHz  eta= 0.66111

     Initialization:
     gipaw_setup  :      9.18s CPU     11.24s WALL (       1 calls)

     Linear response

     Apply operators

     Induced current

     Other routines
     efg          :      9.72s CPU     12.86s WALL (       1 calls)

     General routines
     calbec       :      3.56s CPU      5.25s WALL (      16 calls)
     fft          :      1.46s CPU      2.05s WALL (      15 calls)
     ffts         :      0.03s CPU      0.04s WALL (       2 calls)
     fftw         :      3.28s CPU      3.98s WALL (     672 calls)
     davcio       :      0.01s CPU      0.32s WALL (      32 calls)

     Parallel routines
     fft_scatter  :      2.04s CPU      3.15s WALL (     689 calls)

     Plugins

     GIPAW        :     62.23s CPU     79.78s WALL (       1 calls)
