
     Program QE v.6.0 (svn rev. 13079) starts on 17Dec2016 at  2:41:17 

     This program is part of the open-source Quantum ESPRESSO suite
     for quantum simulation of materials; please cite
         "P. Giannozzi et al., J. Phys.:Condens. Matter 21 395502 (2009);
          URL http://www.quantum-espresso.org", 
     in publications or presentations arising from this work. More details at
     http://www.quantum-espresso.org/quote

     Parallel version (MPI), running on     8 processors
     R & G space division:  proc/nbgrp/npool/nimage =       8

     ***** This is GIPAW svn revision unknown      *****

     Parallelizing q-star over 1 images

     Reading data from directory:
     /users/majewski/paradichlorobenzene/pbe/9_constraint/scratch/pbe.ecut100.np8.dt60.pcl2phi-129368.save
     Message from routine read_xml_file:
     file /users/majewski/paradichlorobenzene/pbe/9_constraint/scratch/pbe.ecut100.np8.dt60.pcl2phi-129368.save not guaranteed to be safe for post-processing

   Info: using nr1, nr2, nr3 values from input

   Info: using nr1, nr2, nr3 values from input

     IMPORTANT: XC functional enforced from input :
     Exchange-correlation      =  SLA  PW   PBX  PBC ( 1  4  3  4 0 0)
     Any further DFT definition will be discarded
     Please, verify this is what you really want

               file C.pbe-n-kjpaw_psl.1.0.0.UPF: wavefunction(s)  2S 2P renormalized
               file Cl.pbe-n-kjpaw_psl.1.0.0.UPF: wavefunction(s)  3S 3P renormalized
               file H.pbe-kjpaw_psl.1.0.0.UPF: wavefunction(s)  1S renormalized

     Parallelization info
     --------------------
     sticks:   dense  smooth     PW     G-vecs:    dense   smooth      PW
     Min        3057    1223    332               144436    36536    5170
     Max        3059    1225    333               144437    36537    5171
     Sum       24467    9791   2657              1155489   292295   41363


     Subspace diagonalization in iterative solution of the eigenvalue problem:
     a serial algorithm will be used

     GIPAW projectors -----------------------------------------------
     atom=  C    l=0  rc=    1.2000  rs=    0.8000
     atom=  C    l=0  rc=    1.2000  rs=    0.8000
     atom=  C    l=1  rc=    1.4000  rs=    0.9333
     atom=  C    l=1  rc=    1.4000  rs=    0.9333
     projs nearly linearly dependent: l=1  n1,n2= 1, 2  s=  0.99951561

     atom=  Cl   l=0  rc=    1.6000  rs=    1.0667
     atom=  Cl   l=0  rc=    1.6000  rs=    1.0667
     atom=  Cl   l=1  rc=    1.6000  rs=    1.0667
     atom=  Cl   l=1  rc=    1.6000  rs=    1.0667
     atom=  Cl   l=2  rc=    1.6000  rs=    1.0667
     atom=  Cl   l=2  rc=    1.6000  rs=    1.0667
     projs nearly linearly dependent: l=2  n1,n2= 1, 2  s=  0.99993509

     atom=  H    l=0  rc=    1.0000  rs=    0.6667
     atom=  H    l=0  rc=    1.0000  rs=    0.6667
     projs nearly linearly dependent: l=0  n1,n2= 1, 2  s=  0.99968852
     -----------------------------------------------------------------

     GIPAW integrals: -------------------------------------------
     Atom  i/j   nmr_para   nmr_dia   epr_rmc  epr_para   epr_dia
       C   1 1   0.83E+03  0.17E-01  0.93E+01  0.24E+08  0.24E+03
       C   2 1   0.86E+03 -0.61E-01  0.94E+01  0.25E+08  0.25E+03
       C   2 2   0.90E+03 -0.15E+00  0.97E+01  0.26E+08  0.26E+03
       C   3 3   0.33E+01  0.34E+00  0.18E+01  0.55E+03  0.21E+02
       C   4 3   0.35E+01  0.37E+00  0.20E+01  0.59E+03  0.22E+02
       C   4 4   0.38E+01  0.39E+00  0.22E+01  0.63E+03  0.24E+02
       Cl  1 1   0.14E+04 -0.47E+00  0.84E+01  0.32E+09  0.42E+03
       Cl  2 1   0.21E+04 -0.37E+00  0.12E+02  0.49E+09  0.65E+03
       Cl  2 2   0.33E+04 -0.16E+00  0.21E+02  0.76E+09  0.10E+04
       Cl  3 3   0.21E+02  0.79E-01  0.89E+01  0.23E+05  0.13E+03
       Cl  4 3   0.24E+02  0.67E-01  0.99E+01  0.27E+05  0.15E+03
       Cl  4 4   0.28E+02  0.44E-01  0.11E+02  0.32E+05  0.18E+03
       Cl  5 5   0.77E+00  0.19E+00  0.18E+01  0.12E+03  0.22E+02
       Cl  6 5   0.80E+00  0.19E+00  0.19E+01  0.12E+03  0.23E+02
       Cl  6 6   0.83E+00  0.20E+00  0.19E+01  0.12E+03  0.23E+02
       H   1 1   0.39E+02  0.19E+00  0.29E+00  0.78E+05  0.13E+02
       H   2 1   0.41E+02  0.21E+00  0.32E+00  0.82E+05  0.14E+02
       H   2 2   0.43E+02  0.22E+00  0.36E+00  0.86E+05  0.15E+02
     ------------------------------------------------------------

     alpha_pv=     34.1374 eV

     Number of occupied bands for each k-point:
     k-point:     1    nbnd_occ=  42
     k-point:     2    nbnd_occ=  42
     k-point:     3    nbnd_occ=  42
     k-point:     4    nbnd_occ=  42
     k-point:     5    nbnd_occ=  42
     k-point:     6    nbnd_occ=  42
     k-point:     7    nbnd_occ=  42
     k-point:     8    nbnd_occ=  42
     k-point:     9    nbnd_occ=  42
     k-point:    10    nbnd_occ=  42
     k-point:    11    nbnd_occ=  42
     k-point:    12    nbnd_occ=  42
     k-point:    13    nbnd_occ=  42
     k-point:    14    nbnd_occ=  42
     k-point:    15    nbnd_occ=  42
     k-point:    16    nbnd_occ=  42


     q-space interpolation up to   110.00 Rydberg

     GIPAW job: efg                                                                             


     ELECTRIC FIELD GRADIENTS TENSORS IN Hartree/bohrradius^2:

     ----- bare term -----
     Cl   1       -0.027597       -0.123472       -0.070493
     Cl   1       -0.123472       -0.022898        0.096292
     Cl   1       -0.070493        0.096292        0.050496

     C    2       -0.597923        0.194224       -0.212382
     C    2        0.194224        0.099822       -0.161473
     C    2       -0.212382       -0.161473        0.498101

     C    3        0.235260        0.025718        0.116066
     C    3        0.025718       -0.344262       -0.188721
     C    3        0.116066       -0.188721        0.109002

     H    4       -0.370147       -0.388362        0.217740
     H    4       -0.388362        0.230950        0.106536
     H    4        0.217740        0.106536        0.139197

     C    5       -0.634504        0.241369       -0.303049
     C    5        0.241369        0.267007       -0.025089
     C    5       -0.303049       -0.025089        0.367497

     H    6        0.497526       -0.156335       -0.011799
     H    6       -0.156335       -0.582084       -0.046015
     H    6       -0.011799       -0.046015        0.084558

     H    7        0.276154       -0.106351        0.062530
     H    7       -0.106351       -0.405419        0.523122
     H    7        0.062530        0.523122        0.129266

     C    8       -0.292207        0.078374       -0.376841
     C    8        0.078374       -0.037559        0.497021
     C    8       -0.376841        0.497021        0.329766

     H    9       -0.073086        0.089099       -0.277215
     H    9        0.089099        0.421700        0.392647
     H    9       -0.277215        0.392647       -0.348614

     C   10       -0.238982       -0.394769       -0.240839
     C   10       -0.394769       -0.206444        0.379313
     C   10       -0.240839        0.379313        0.445426

     C   11       -0.098234       -0.003523       -0.299158
     C   11       -0.003523        0.004679        0.698436
     C   11       -0.299158        0.698436        0.093556

     Cl  12       -0.077123       -0.104823       -0.015255
     Cl  12       -0.104823        0.082349       -0.002621
     Cl  12       -0.015255       -0.002621       -0.005227

     H   13        0.465519       -0.069733       -0.022061
     H   13       -0.069733       -0.815086       -0.235353
     H   13       -0.022061       -0.235353        0.349567

     C   14       -0.143639       -0.033380       -0.322005
     C   14       -0.033380       -0.182614       -0.312604
     C   14       -0.322005       -0.312604        0.326253

     H   15       -0.082235       -0.445322       -0.220722
     H   15       -0.445322       -0.335290       -0.074991
     H   15       -0.220722       -0.074991        0.417524

     C   16       -0.750515        0.380676       -0.311368
     C   16        0.380676        0.369829       -0.109540
     C   16       -0.311368       -0.109540        0.380686

     C   17        0.009445       -0.052662       -0.257519
     C   17       -0.052662       -0.256629       -0.414678
     C   17       -0.257519       -0.414678        0.247184

     Cl  18       -0.227065        0.292045       -0.000020
     Cl  18        0.292045        0.062950       -0.053517
     Cl  18       -0.000020       -0.053517        0.164115

     H   19        0.265683        0.082829       -0.244118
     H   19        0.082829       -0.268345        0.495949
     H   19       -0.244118        0.495949        0.002662

     C   20       -0.476949       -0.325886       -0.207586
     C   20       -0.325886        0.037429        0.454671
     C   20       -0.207586        0.454671        0.439520

     H   21        0.037703        0.120159       -0.388657
     H   21        0.120159        0.490772        0.059027
     H   21       -0.388657        0.059027       -0.528475

     C   22       -0.083546       -0.115016       -0.202576
     C   22       -0.115016       -0.065595        0.601066
     C   22       -0.202576        0.601066        0.149142

     C   23       -0.208881       -0.253763       -0.282194
     C   23       -0.253763       -0.071789        0.256187
     C   23       -0.282194        0.256187        0.280671

     Cl  24        0.132026        0.110880        0.134971
     Cl  24        0.110880       -0.105790       -0.339739
     Cl  24        0.134971       -0.339739       -0.026236

     ----- ionic term -----
     Cl   1        0.132880       -0.201192        0.041669
     Cl   1       -0.201192        0.022654       -0.023852
     Cl   1        0.041669       -0.023852       -0.155534

     C    2        0.216597       -0.051150        0.232973
     C    2       -0.051150        0.262371        0.353195
     C    2        0.232973        0.353195       -0.478968

     C    3        0.216585       -0.138862        0.099422
     C    3       -0.138862        0.281010        0.401280
     C    3        0.099422        0.401280       -0.497596

     H    4        0.654777        0.543953        0.483664
     H    4        0.543953       -0.231218        0.276666
     H    4        0.483664        0.276666       -0.423559

     C    5        0.476374       -0.107782        0.120414
     C    5       -0.107782        0.042491        0.308181
     C    5        0.120414        0.308181       -0.518866

     H    6       -0.490409        0.055503        0.003082
     H    6        0.055503        0.762034        0.637532
     H    6        0.003082        0.637532       -0.271625

     H    7       -0.529569       -0.000979        0.052008
     H    7       -0.000979        0.499089       -0.760061
     H    7        0.052008       -0.760061        0.030480

     C    8        0.173910        0.286637        0.404530
     C    8        0.286637       -0.046381       -0.259198
     C    8        0.404530       -0.259198       -0.127529

     H    9        0.255235       -0.251363        0.759189
     H    9       -0.251363       -0.446959       -0.319983
     H    9        0.759189       -0.319983        0.191724

     C   10        0.013908        0.301587        0.219322
     C   10        0.301587        0.123470       -0.444981
     C   10        0.219322       -0.444981       -0.137378

     C   11        0.089136        0.226806        0.231041
     C   11        0.226806        0.095771       -0.454092
     C   11        0.231041       -0.454092       -0.184907

     Cl  12        0.139141        0.194240        0.020682
     Cl  12        0.194240        0.013100        0.004819
     Cl  12        0.020682        0.004819       -0.152240

     H   13       -0.517960        0.141601        0.054082
     H   13        0.141601        0.959093        0.460343
     H   13        0.054082        0.460343       -0.441132

     C   14        0.386249       -0.073946        0.160136
     C   14       -0.073946        0.113841        0.273548
     C   14        0.160136        0.273548       -0.500091

     H   15        0.630627        0.521914        0.494580
     H   15        0.521914       -0.253264        0.260467
     H   15        0.494580        0.260467       -0.377364

     C   16        0.219220       -0.124084        0.088447
     C   16       -0.124084        0.211209        0.387739
     C   16        0.088447        0.387739       -0.430429

     C   17        0.380075       -0.053947        0.086912
     C   17       -0.053947        0.089777        0.407412
     C   17        0.086912        0.407412       -0.469852

     Cl  18        0.172362       -0.183218       -0.065961
     Cl  18       -0.183218       -0.047463        0.036192
     Cl  18       -0.065961        0.036192       -0.124900

     H   19       -0.472668       -0.259349        0.099697
     H   19       -0.259349        0.767716       -0.577167
     H   19        0.099697       -0.577167       -0.295049

     C   20        0.179994        0.126735        0.278323
     C   20        0.126735        0.128811       -0.269124
     C   20        0.278323       -0.269124       -0.308805

     H   21        0.331877       -0.403387        0.703836
     H   21       -0.403387       -0.273702       -0.375828
     H   21        0.703836       -0.375828       -0.058176

     C   22        0.003909        0.157264        0.230252
     C   22        0.157264        0.305933       -0.407936
     C   22        0.230252       -0.407936       -0.309842

     C   23        0.034599        0.257485        0.410645
     C   23        0.257485        0.181497       -0.329835
     C   23        0.410645       -0.329835       -0.216095

     Cl  24        0.105536        0.240205        0.039279
     Cl  24        0.240205        0.052314        0.022555
     Cl  24        0.039279        0.022555       -0.157850

     ----- GIPAW term -----
     Cl   1        0.773375       -2.923658       -1.030260
     Cl   1       -2.923658       -0.147398        1.178691
     Cl   1       -1.030260        1.178691       -0.625977

     C    2       -0.123349       -0.036637       -0.067683
     C    2       -0.036637       -0.074461        0.036855
     C    2       -0.067683        0.036855        0.197811

     C    3        0.008265       -0.012902        0.011201
     C    3       -0.012902       -0.027333        0.037913
     C    3        0.011201        0.037913        0.019068

     H    4       -0.000000        0.000000        0.000000
     H    4        0.000000        0.000000        0.000000
     H    4        0.000000        0.000000        0.000000

     C    5       -0.094910        0.009321       -0.033338
     C    5        0.009321        0.001250        0.059543
     C    5       -0.033338        0.059543        0.093660

     H    6       -0.000000        0.000000        0.000000
     H    6        0.000000        0.000000        0.000000
     H    6        0.000000        0.000000        0.000000

     H    7       -0.000000        0.000000        0.000000
     H    7        0.000000        0.000000        0.000000
     H    7        0.000000        0.000000        0.000000

     C    8        0.009093        0.105241       -0.000446
     C    8        0.105241       -0.024608        0.146130
     C    8       -0.000446        0.146130        0.015516

     H    9       -0.000000        0.000000        0.000000
     H    9        0.000000        0.000000        0.000000
     H    9        0.000000        0.000000        0.000000

     C   10       -0.014642       -0.018379       -0.076859
     C   10       -0.018379       -0.031997        0.030679
     C   10       -0.076859        0.030679        0.046639

     C   11       -0.022630        0.063018       -0.065323
     C   11        0.063018        0.157462        0.185926
     C   11       -0.065323        0.185926       -0.134832

     Cl  12        0.971735        1.663565       -0.140726
     Cl  12        1.663565        0.754353       -0.039112
     Cl  12       -0.140726       -0.039112       -1.726088

     H   13       -0.000000        0.000000        0.000000
     H   13        0.000000        0.000000        0.000000
     H   13        0.000000        0.000000        0.000000

     C   14       -0.097494       -0.082678       -0.092295
     C   14       -0.082678        0.026596        0.119271
     C   14       -0.092295        0.119271        0.070898

     H   15       -0.000000        0.000000        0.000000
     H   15        0.000000        0.000000        0.000000
     H   15        0.000000        0.000000        0.000000

     C   16       -0.254935        0.062922       -0.055354
     C   16        0.062922        0.318319        0.077298
     C   16       -0.055354        0.077298       -0.063383

     C   17       -0.062118       -0.109235       -0.024905
     C   17       -0.109235        0.077260        0.156472
     C   17       -0.024905        0.156472       -0.015142

     Cl  18       -1.115028        0.012227       -0.338591
     Cl  18        0.012227        2.352873       -1.598244
     Cl  18       -0.338591       -1.598244       -1.237845

     H   19       -0.000000        0.000000        0.000000
     H   19        0.000000        0.000000        0.000000
     H   19        0.000000        0.000000        0.000000

     C   20       -0.163523       -0.050777       -0.023930
     C   20       -0.050777        0.016150        0.225513
     C   20       -0.023930        0.225513        0.147373

     H   21       -0.000000        0.000000        0.000000
     H   21        0.000000        0.000000        0.000000
     H   21        0.000000        0.000000        0.000000

     C   22       -0.133678       -0.002814       -0.039924
     C   22       -0.002814        0.098746        0.238143
     C   22       -0.039924        0.238143        0.034933

     C   23       -0.068104       -0.017681       -0.065576
     C   23       -0.017681        0.024928        0.139848
     C   23       -0.065576        0.139848        0.043176

     Cl  24        0.002576        0.283762       -0.562514
     Cl  24        0.283762        0.311974        1.006755
     Cl  24       -0.562514        1.006755       -0.314550

     ----- total EFG -----
     Cl   1        0.878657       -3.248322       -1.059083
     Cl   1       -3.248322       -0.147642        1.251131
     Cl   1       -1.059083        1.251131       -0.731015

     C    2       -0.504675        0.106437       -0.047093
     C    2        0.106437        0.287732        0.228577
     C    2       -0.047093        0.228577        0.216943

     C    3        0.460110       -0.126045        0.226689
     C    3       -0.126045       -0.090585        0.250471
     C    3        0.226689        0.250471       -0.369525

     H    4        0.284630        0.155590        0.701403
     H    4        0.155590       -0.000268        0.383202
     H    4        0.701403        0.383202       -0.284362

     C    5       -0.253040        0.142908       -0.215973
     C    5        0.142908        0.310748        0.342635
     C    5       -0.215973        0.342635       -0.057708

     H    6        0.007118       -0.100833       -0.008716
     H    6       -0.100833        0.179949        0.591518
     H    6       -0.008716        0.591518       -0.187067

     H    7       -0.253415       -0.107330        0.114538
     H    7       -0.107330        0.093669       -0.236939
     H    7        0.114538       -0.236939        0.159746

     C    8       -0.109204        0.470251        0.027243
     C    8        0.470251       -0.108548        0.383954
     C    8        0.027243        0.383954        0.217752

     H    9        0.182149       -0.162264        0.481974
     H    9       -0.162264       -0.025259        0.072663
     H    9        0.481974        0.072663       -0.156890

     C   10       -0.239717       -0.111560       -0.098376
     C   10       -0.111560       -0.114971       -0.034989
     C   10       -0.098376       -0.034989        0.354688

     C   11       -0.031729        0.286301       -0.133439
     C   11        0.286301        0.257912        0.430269
     C   11       -0.133439        0.430269       -0.226183

     Cl  12        1.033753        1.752982       -0.135299
     Cl  12        1.752982        0.849802       -0.036914
     Cl  12       -0.135299       -0.036914       -1.883555

     H   13       -0.052441        0.071867        0.032021
     H   13        0.071867        0.144006        0.224991
     H   13        0.032021        0.224991       -0.091565

     C   14        0.145116       -0.190005       -0.254164
     C   14       -0.190005       -0.042176        0.080216
     C   14       -0.254164        0.080216       -0.102940

     H   15        0.548393        0.076591        0.273857
     H   15        0.076591       -0.588553        0.185476
     H   15        0.273857        0.185476        0.040161

     C   16       -0.786230        0.319514       -0.278276
     C   16        0.319514        0.899356        0.355497
     C   16       -0.278276        0.355497       -0.113126

     C   17        0.327401       -0.215844       -0.195511
     C   17       -0.215844       -0.089592        0.149206
     C   17       -0.195511        0.149206       -0.237810

     Cl  18       -1.169730        0.121054       -0.404572
     Cl  18        0.121054        2.368361       -1.615569
     Cl  18       -0.404572       -1.615569       -1.198630

     H   19       -0.206985       -0.176520       -0.144422
     H   19       -0.176520        0.499371       -0.081218
     H   19       -0.144422       -0.081218       -0.292387

     C   20       -0.460478       -0.249928        0.046807
     C   20       -0.249928        0.182390        0.411059
     C   20        0.046807        0.411059        0.278088

     H   21        0.369580       -0.283228        0.315180
     H   21       -0.283228        0.217071       -0.316801
     H   21        0.315180       -0.316801       -0.586651

     C   22       -0.213315        0.039433       -0.012248
     C   22        0.039433        0.339084        0.431273
     C   22       -0.012248        0.431273       -0.125768

     C   23       -0.242387       -0.013959        0.062875
     C   23       -0.013959        0.134635        0.066200
     C   23        0.062875        0.066200        0.107752

     Cl  24        0.240137        0.634847       -0.388264
     Cl  24        0.634847        0.258499        0.689572
     Cl  24       -0.388264        0.689572       -0.498636

     ----- total EFG (symmetrized) -----
     Cl   1        0.878657       -3.248322       -1.059083
     Cl   1       -3.248322       -0.147642        1.251131
     Cl   1       -1.059083        1.251131       -0.731015

     C    2       -0.504675        0.106437       -0.047093
     C    2        0.106437        0.287732        0.228577
     C    2       -0.047093        0.228577        0.216943

     C    3        0.460110       -0.126045        0.226689
     C    3       -0.126045       -0.090585        0.250471
     C    3        0.226689        0.250471       -0.369525

     H    4        0.284630        0.155590        0.701403
     H    4        0.155590       -0.000268        0.383202
     H    4        0.701403        0.383202       -0.284362

     C    5       -0.253040        0.142908       -0.215973
     C    5        0.142908        0.310748        0.342635
     C    5       -0.215973        0.342635       -0.057708

     H    6        0.007118       -0.100833       -0.008716
     H    6       -0.100833        0.179949        0.591518
     H    6       -0.008716        0.591518       -0.187067

     H    7       -0.253415       -0.107330        0.114538
     H    7       -0.107330        0.093669       -0.236939
     H    7        0.114538       -0.236939        0.159746

     C    8       -0.109204        0.470251        0.027243
     C    8        0.470251       -0.108548        0.383954
     C    8        0.027243        0.383954        0.217752

     H    9        0.182149       -0.162264        0.481974
     H    9       -0.162264       -0.025259        0.072663
     H    9        0.481974        0.072663       -0.156890

     C   10       -0.239717       -0.111560       -0.098376
     C   10       -0.111560       -0.114971       -0.034989
     C   10       -0.098376       -0.034989        0.354688

     C   11       -0.031729        0.286301       -0.133439
     C   11        0.286301        0.257912        0.430269
     C   11       -0.133439        0.430269       -0.226183

     Cl  12        1.033753        1.752982       -0.135299
     Cl  12        1.752982        0.849802       -0.036914
     Cl  12       -0.135299       -0.036914       -1.883555

     H   13       -0.052441        0.071867        0.032021
     H   13        0.071867        0.144006        0.224991
     H   13        0.032021        0.224991       -0.091565

     C   14        0.145116       -0.190005       -0.254164
     C   14       -0.190005       -0.042176        0.080216
     C   14       -0.254164        0.080216       -0.102940

     H   15        0.548393        0.076591        0.273857
     H   15        0.076591       -0.588553        0.185476
     H   15        0.273857        0.185476        0.040161

     C   16       -0.786230        0.319514       -0.278276
     C   16        0.319514        0.899356        0.355497
     C   16       -0.278276        0.355497       -0.113126

     C   17        0.327401       -0.215844       -0.195511
     C   17       -0.215844       -0.089592        0.149206
     C   17       -0.195511        0.149206       -0.237810

     Cl  18       -1.169730        0.121054       -0.404572
     Cl  18        0.121054        2.368361       -1.615569
     Cl  18       -0.404572       -1.615569       -1.198630

     H   19       -0.206985       -0.176520       -0.144422
     H   19       -0.176520        0.499371       -0.081218
     H   19       -0.144422       -0.081218       -0.292387

     C   20       -0.460478       -0.249928        0.046807
     C   20       -0.249928        0.182390        0.411059
     C   20        0.046807        0.411059        0.278088

     H   21        0.369580       -0.283228        0.315180
     H   21       -0.283228        0.217071       -0.316801
     H   21        0.315180       -0.316801       -0.586651

     C   22       -0.213315        0.039433       -0.012248
     C   22        0.039433        0.339084        0.431273
     C   22       -0.012248        0.431273       -0.125768

     C   23       -0.242387       -0.013959        0.062875
     C   23       -0.013959        0.134635        0.066200
     C   23        0.062875        0.066200        0.107752

     Cl  24        0.240137        0.634847       -0.388264
     Cl  24        0.634847        0.258499        0.689572
     Cl  24       -0.388264        0.689572       -0.498636


     NQR/NMR SPECTROSCOPIC PARAMETERS:
     Cl   1    Vxx=   -1.2265    axis=(  0.331322 -0.091453  0.939075)
     Cl   1    Vyy=   -2.9609    axis=( -0.616224 -0.774669  0.141972)
     Cl   1    Vzz=    4.1874    axis=(  0.714488 -0.625720 -0.313020)
     Cl   1  Q=        -8.1650 1e-30 m^2  Cq=       -80.3330 MHz  eta= 0.41418

     C    2    Vxx=    0.0410    axis=( -0.187058 -0.623024  0.759506)
     C    2    Vyy=    0.4862    axis=( -0.051798 -0.765822 -0.640963)
     C    2    Vzz=   -0.5273    axis=( -0.980982  0.159238 -0.110982)
     C    2  Q=         1.0000 1e-30 m^2  Cq=        -1.2389 MHz  eta= 0.84434

     C    3    Vxx=    0.0566    axis=( -0.011901  0.864772  0.502024)
     C    3    Vyy=    0.5248    axis=(  0.970297 -0.111331  0.214777)
     C    3    Vzz=   -0.5813    axis=( -0.241624 -0.489669  0.837760)
     C    3  Q=         1.0000 1e-30 m^2  Cq=        -1.3658 MHz  eta= 0.80542

     H    4    Vxx=   -0.0661    axis=(  0.469659 -0.881978 -0.039196)
     H    4    Vyy=   -0.8276    axis=(  0.480461  0.292591 -0.826770)
     H    4    Vzz=    0.8937    axis=(  0.740661  0.369467  0.561173)
     H    4  Q=         1.0000 1e-30 m^2  Cq=         2.0998 MHz  eta= 0.85209

     C    5    Vxx=    0.0008    axis=( -0.713261 -0.345385  0.609891)
     C    5    Vyy=    0.5157    axis=( -0.017370 -0.861179 -0.508005)
     C    5    Vzz=   -0.5166    axis=( -0.700683  0.372934 -0.608247)
     C    5  Q=         1.0000 1e-30 m^2  Cq=        -1.2138 MHz  eta= 0.99677

     H    6    Vxx=   -0.0005    axis=(  0.986850  0.061666  0.149411)
     H    6    Vyy=   -0.6273    axis=(  0.083711  0.595758 -0.798790)
     H    6    Vzz=    0.6278    axis=( -0.138271  0.800793  0.582762)
     H    6  Q=         1.0000 1e-30 m^2  Cq=         1.4751 MHz  eta= 0.99840

     H    7    Vxx=   -0.1124    axis=( -0.029980  0.747524  0.663557)
     H    7    Vyy=   -0.2911    axis=( -0.972180 -0.176095  0.154454)
     H    7    Vzz=    0.4034    axis=(  0.232308 -0.640467  0.732008)
     H    7  Q=         1.0000 1e-30 m^2  Cq=         0.9478 MHz  eta= 0.44299

     C    8    Vxx=    0.0486    axis=( -0.661388 -0.262621  0.702564)
     C    8    Vyy=    0.6106    axis=(  0.435094  0.628651  0.644586)
     C    8    Vzz=   -0.6592    axis=( -0.610950  0.732003 -0.301517)
     C    8  Q=         1.0000 1e-30 m^2  Cq=        -1.5488 MHz  eta= 0.85260

     H    9    Vxx=    0.0055    axis=(  0.031368 -0.943732 -0.329219)
     H    9    Vyy=    0.5386    axis=( -0.818692  0.164693 -0.550109)
     H    9    Vzz=   -0.5441    axis=(  0.573375  0.286785 -0.767460)
     H    9  Q=         1.0000 1e-30 m^2  Cq=        -1.2785 MHz  eta= 0.97985

     C   10    Vxx=   -0.0504    axis=(  0.490172 -0.870522  0.043850)
     C   10    Vyy=   -0.3208    axis=(  0.858188  0.490804  0.150415)
     C   10    Vzz=    0.3712    axis=( -0.152462 -0.036098  0.987650)
     C   10  Q=         1.0000 1e-30 m^2  Cq=         0.8721 MHz  eta= 0.72846

     C   11    Vxx=    0.0326    axis=(  0.844858 -0.057917 -0.531846)
     C   11    Vyy=    0.5697    axis=( -0.316452 -0.855660 -0.409517)
     C   11    Vzz=   -0.6024    axis=(  0.431361 -0.514288  0.741239)
     C   11  Q=         1.0000 1e-30 m^2  Cq=        -1.4153 MHz  eta= 0.89161

     Cl  12    Vxx=   -0.8095    axis=(  0.685462 -0.725513 -0.061415)
     Cl  12    Vyy=   -1.8910    axis=(  0.061789 -0.026082  0.997748)
     Cl  12    Vzz=    2.7005    axis=( -0.725482 -0.687714  0.026951)
     Cl  12  Q=        -8.1650 1e-30 m^2  Cq=       -51.8078 MHz  eta= 0.40046

     H   13    Vxx=   -0.0693    axis=(  0.974166 -0.154925 -0.164311)
     H   13    Vyy=   -0.2283    axis=( -0.059789  0.524687 -0.849193)
     H   13    Vzz=    0.2976    axis=(  0.217773  0.837079  0.501870)
     H   13  Q=         1.0000 1e-30 m^2  Cq=         0.6992 MHz  eta= 0.53446

     C   14    Vxx=   -0.1297    axis=( -0.236067 -0.883298  0.405040)
     C   14    Vyy=   -0.2686    axis=(  0.579285  0.206739  0.788472)
     C   14    Vzz=    0.3984    axis=(  0.780193 -0.420766 -0.462877)
     C   14  Q=         1.0000 1e-30 m^2  Cq=         0.9360 MHz  eta= 0.34866

     H   15    Vxx=   -0.0454    axis=( -0.431924  0.236310  0.870402)
     H   15    Vyy=   -0.6392    axis=( -0.001633  0.964858 -0.262765)
     H   15    Vzz=    0.6846    axis=( -0.901909 -0.114916 -0.416359)
     H   15  Q=         1.0000 1e-30 m^2  Cq=         1.6085 MHz  eta= 0.86742

     C   16    Vxx=   -0.0568    axis=( -0.421197 -0.189060  0.887045)
     C   16    Vyy=   -0.9832    axis=( -0.898029  0.223922 -0.378687)
     C   16    Vzz=    1.0400    axis=( -0.127034 -0.956094 -0.264097)
     C   16  Q=         1.0000 1e-30 m^2  Cq=         2.4436 MHz  eta= 0.89085

     C   17    Vxx=   -0.1600    axis=(  0.488788  0.809715  0.324727)
     C   17    Vyy=   -0.3368    axis=( -0.122511  0.432241 -0.893397)
     C   17    Vzz=    0.4969    axis=( -0.863758  0.396899  0.310473)
     C   17  Q=         1.0000 1e-30 m^2  Cq=         1.1674 MHz  eta= 0.35576

     Cl  18    Vxx=   -1.0431    axis=(  0.917434 -0.196424 -0.346024)
     Cl  18    Vyy=   -1.9643    axis=(  0.393011  0.311607  0.865126)
     Cl  18    Vzz=    3.0074    axis=( -0.062108 -0.929687  0.363076)
     Cl  18  Q=        -8.1650 1e-30 m^2  Cq=       -57.6951 MHz  eta= 0.30634

     H   19    Vxx=   -0.1112    axis=(  0.746480  0.128980 -0.652788)
     H   19    Vyy=   -0.4325    axis=(  0.628633  0.184924  0.755396)
     H   19    Vzz=    0.5436    axis=( -0.218148  0.974252 -0.056961)
     H   19  Q=         1.0000 1e-30 m^2  Cq=         1.2773 MHz  eta= 0.59095

     C   20    Vxx=   -0.0694    axis=( -0.462785  0.602408 -0.650334)
     C   20    Vyy=   -0.5909    axis=( -0.877994 -0.412691  0.242513)
     C   20    Vzz=    0.6603    axis=( -0.122295  0.683221  0.719898)
     C   20  Q=         1.0000 1e-30 m^2  Cq=         1.5513 MHz  eta= 0.78987

     H   21    Vxx=    0.0039    axis=(  0.645040  0.761445 -0.064221)
     H   21    Vyy=    0.7355    axis=( -0.736352  0.596916 -0.318556)
     H   21    Vzz=   -0.7394    axis=( -0.204228  0.252771  0.945726)
     H   21  Q=         1.0000 1e-30 m^2  Cq=        -1.7373 MHz  eta= 0.98956

     C   22    Vxx=   -0.2088    axis=( -0.984270 -0.059965  0.166181)
     C   22    Vyy=   -0.3887    axis=(  0.173359 -0.509029  0.843111)
     C   22    Vzz=    0.5975    axis=( -0.034034 -0.858658 -0.511418)
     C   22  Q=         1.0000 1e-30 m^2  Cq=         1.4039 MHz  eta= 0.30095

     C   23    Vxx=    0.0642    axis=(  0.180389 -0.654410  0.734308)
     C   23    Vyy=    0.1908    axis=(  0.070643  0.753246  0.653934)
     C   23    Vzz=   -0.2550    axis=(  0.981055  0.066089 -0.182106)
     C   23  Q=         1.0000 1e-30 m^2  Cq=        -0.5991 MHz  eta= 0.49646

     Cl  24    Vxx=    0.2847    axis=( -0.683930  0.345091  0.642769)
     Cl  24    Vyy=    0.9324    axis=( -0.592563 -0.776714 -0.213505)
     Cl  24    Vzz=   -1.2171    axis=(  0.425569 -0.526904  0.735706)
     Cl  24  Q=        -8.1650 1e-30 m^2  Cq=        23.3493 MHz  eta= 0.53215

     Initialization:
     gipaw_setup  :      8.84s CPU     10.86s WALL (       1 calls)

     Linear response

     Apply operators

     Induced current

     Other routines
     efg          :      9.38s CPU     11.87s WALL (       1 calls)

     General routines
     calbec       :      3.35s CPU      4.76s WALL (      16 calls)
     fft          :      1.85s CPU      3.11s WALL (      15 calls)
     ffts         :      0.03s CPU      0.04s WALL (       2 calls)
     fftw         :      3.31s CPU      3.80s WALL (     672 calls)
     davcio       :      0.02s CPU      0.30s WALL (      32 calls)

     Parallel routines
     fft_scatter  :      2.48s CPU      4.11s WALL (     689 calls)

     Plugins

     GIPAW        :     60.18s CPU     75.13s WALL (       1 calls)
