
     Program QE v.6.0 (svn rev. 13079) starts on 13Jan2017 at  9:36: 5 

     This program is part of the open-source Quantum ESPRESSO suite
     for quantum simulation of materials; please cite
         "P. Giannozzi et al., J. Phys.:Condens. Matter 21 395502 (2009);
          URL http://www.quantum-espresso.org", 
     in publications or presentations arising from this work. More details at
     http://www.quantum-espresso.org/quote

     Parallel version (MPI), running on     8 processors
     R & G space division:  proc/nbgrp/npool/nimage =       8

     ***** This is GIPAW svn revision unknown      *****

     Parallelizing q-star over 1 images

     Reading data from directory:
     /users/majewski/paradichlorobenzene/pbe/9_constraint/scratch/pbe.ecut100.np8.dt60.pcl2phi-129368.save
     Message from routine read_xml_file:
     file /users/majewski/paradichlorobenzene/pbe/9_constraint/scratch/pbe.ecut100.np8.dt60.pcl2phi-129368.save not guaranteed to be safe for post-processing

   Info: using nr1, nr2, nr3 values from input

   Info: using nr1, nr2, nr3 values from input

     IMPORTANT: XC functional enforced from input :
     Exchange-correlation      =  SLA  PW   PBX  PBC ( 1  4  3  4 0 0)
     Any further DFT definition will be discarded
     Please, verify this is what you really want

               file C.pbe-n-kjpaw_psl.1.0.0.UPF: wavefunction(s)  2S 2P renormalized
               file Cl.pbe-n-kjpaw_psl.1.0.0.UPF: wavefunction(s)  3S 3P renormalized
               file H.pbe-kjpaw_psl.1.0.0.UPF: wavefunction(s)  1S renormalized

     Parallelization info
     --------------------
     sticks:   dense  smooth     PW     G-vecs:    dense   smooth      PW
     Min        3057    1223    332               144436    36536    5170
     Max        3059    1225    333               144437    36537    5171
     Sum       24467    9791   2657              1155489   292295   41363


     Subspace diagonalization in iterative solution of the eigenvalue problem:
     a serial algorithm will be used

     GIPAW projectors -----------------------------------------------
     atom=  C    l=0  rc=    1.2000  rs=    0.8000
     atom=  C    l=0  rc=    1.2000  rs=    0.8000
     atom=  C    l=1  rc=    1.4000  rs=    0.9333
     atom=  C    l=1  rc=    1.4000  rs=    0.9333
     projs nearly linearly dependent: l=1  n1,n2= 1, 2  s=  0.99951561

     atom=  Cl   l=0  rc=    1.6000  rs=    1.0667
     atom=  Cl   l=0  rc=    1.6000  rs=    1.0667
     atom=  Cl   l=1  rc=    1.6000  rs=    1.0667
     atom=  Cl   l=1  rc=    1.6000  rs=    1.0667
     atom=  Cl   l=2  rc=    1.6000  rs=    1.0667
     atom=  Cl   l=2  rc=    1.6000  rs=    1.0667
     projs nearly linearly dependent: l=2  n1,n2= 1, 2  s=  0.99993509

     atom=  H    l=0  rc=    1.0000  rs=    0.6667
     atom=  H    l=0  rc=    1.0000  rs=    0.6667
     projs nearly linearly dependent: l=0  n1,n2= 1, 2  s=  0.99968852
     -----------------------------------------------------------------

     GIPAW integrals: -------------------------------------------
     Atom  i/j   nmr_para   nmr_dia   epr_rmc  epr_para   epr_dia
       C   1 1   0.83E+03  0.17E-01  0.93E+01  0.24E+08  0.24E+03
       C   2 1   0.86E+03 -0.61E-01  0.94E+01  0.25E+08  0.25E+03
       C   2 2   0.90E+03 -0.15E+00  0.97E+01  0.26E+08  0.26E+03
       C   3 3   0.33E+01  0.34E+00  0.18E+01  0.55E+03  0.21E+02
       C   4 3   0.35E+01  0.37E+00  0.20E+01  0.59E+03  0.22E+02
       C   4 4   0.38E+01  0.39E+00  0.22E+01  0.63E+03  0.24E+02
       Cl  1 1   0.14E+04 -0.47E+00  0.84E+01  0.32E+09  0.42E+03
       Cl  2 1   0.21E+04 -0.37E+00  0.12E+02  0.49E+09  0.65E+03
       Cl  2 2   0.33E+04 -0.16E+00  0.21E+02  0.76E+09  0.10E+04
       Cl  3 3   0.21E+02  0.79E-01  0.89E+01  0.23E+05  0.13E+03
       Cl  4 3   0.24E+02  0.67E-01  0.99E+01  0.27E+05  0.15E+03
       Cl  4 4   0.28E+02  0.44E-01  0.11E+02  0.32E+05  0.18E+03
       Cl  5 5   0.77E+00  0.19E+00  0.18E+01  0.12E+03  0.22E+02
       Cl  6 5   0.80E+00  0.19E+00  0.19E+01  0.12E+03  0.23E+02
       Cl  6 6   0.83E+00  0.20E+00  0.19E+01  0.12E+03  0.23E+02
       H   1 1   0.39E+02  0.19E+00  0.29E+00  0.78E+05  0.13E+02
       H   2 1   0.41E+02  0.21E+00  0.32E+00  0.82E+05  0.14E+02
       H   2 2   0.43E+02  0.22E+00  0.36E+00  0.86E+05  0.15E+02
     ------------------------------------------------------------

     alpha_pv=     34.2380 eV

     Number of occupied bands for each k-point:
     k-point:     1    nbnd_occ=  42
     k-point:     2    nbnd_occ=  42
     k-point:     3    nbnd_occ=  42
     k-point:     4    nbnd_occ=  42
     k-point:     5    nbnd_occ=  42
     k-point:     6    nbnd_occ=  42
     k-point:     7    nbnd_occ=  42
     k-point:     8    nbnd_occ=  42
     k-point:     9    nbnd_occ=  42
     k-point:    10    nbnd_occ=  42
     k-point:    11    nbnd_occ=  42
     k-point:    12    nbnd_occ=  42
     k-point:    13    nbnd_occ=  42
     k-point:    14    nbnd_occ=  42
     k-point:    15    nbnd_occ=  42
     k-point:    16    nbnd_occ=  42


     q-space interpolation up to   110.00 Rydberg

     GIPAW job: efg                                                                             


     ELECTRIC FIELD GRADIENTS TENSORS IN Hartree/bohrradius^2:

     ----- bare term -----
     Cl   1        0.304753        0.094884       -0.186340
     Cl   1        0.094884        0.385364        0.021672
     Cl   1       -0.186340        0.021672       -0.690116

     C    2       -0.154998        0.300714       -0.077014
     C    2        0.300714       -0.435698       -0.443368
     C    2       -0.077014       -0.443368        0.590697

     C    3       -0.233095        0.404206       -0.362141
     C    3        0.404206       -0.235751       -0.281785
     C    3       -0.362141       -0.281785        0.468847

     H    4       -0.027736       -0.027005       -0.265496
     H    4       -0.027005        0.136527       -0.551975
     H    4       -0.265496       -0.551975       -0.108791

     C    5       -0.553586        0.234881       -0.375943
     C    5        0.234881        0.203283       -0.153783
     C    5       -0.375943       -0.153783        0.350303

     H    6       -0.086663        0.268182       -0.264403
     H    6        0.268182       -0.291663       -0.330007
     H    6       -0.264403       -0.330007        0.378326

     H    7        0.444995        0.174479        0.019329
     H    7        0.174479       -0.708747       -0.189198
     H    7        0.019329       -0.189198        0.263752

     C    8       -0.105324        0.056506       -0.157683
     C    8        0.056506       -0.100778        0.145843
     C    8       -0.157683        0.145843        0.206103

     H    9       -0.202464        0.405667        0.103147
     H    9        0.405667       -0.065420       -0.186263
     H    9        0.103147       -0.186263        0.267884

     C   10       -0.079334       -0.099866        0.172144
     C   10       -0.099866       -0.079294       -0.092953
     C   10        0.172144       -0.092953        0.158628

     C   11       -0.123375        0.014474       -0.290501
     C   11        0.014474        0.032456        0.730189
     C   11       -0.290501        0.730189        0.090918

     Cl  12       -0.210525       -0.264163       -0.016349
     Cl  12       -0.264163        0.209010        0.030573
     Cl  12       -0.016349        0.030573        0.001516

     H   13       -0.149449        0.340187        0.007615
     H   13        0.340187       -0.184392       -0.316306
     H   13        0.007615       -0.316306        0.333841

     C   14       -0.044990       -0.363268       -0.468658
     C   14       -0.363268       -0.076260       -0.537924
     C   14       -0.468658       -0.537924        0.121250

     H   15        0.071888       -0.061374       -0.260144
     H   15       -0.061374       -0.042451       -0.498069
     H   15       -0.260144       -0.498069       -0.029437

     C   16       -0.560368        0.445816       -0.323133
     C   16        0.445816        0.164114       -0.139240
     C   16       -0.323133       -0.139240        0.396254

     C   17        0.184523        0.156559       -0.070569
     C   17        0.156559       -0.406797       -0.518605
     C   17       -0.070569       -0.518605        0.222274

     Cl  18        0.218049        0.055179       -0.216383
     Cl  18        0.055179       -0.138663       -0.608814
     Cl  18       -0.216383       -0.608814       -0.079386

     H   19        0.446540        0.245942        0.090866
     H   19        0.245942       -0.577635       -0.143346
     H   19        0.090866       -0.143346        0.131095

     C   20       -0.676927       -0.299559       -0.471984
     C   20       -0.299559        0.082552       -0.026575
     C   20       -0.471984       -0.026575        0.594375

     H   21       -0.448612        0.339193        0.234071
     H   21        0.339193        0.305337       -0.033226
     H   21        0.234071       -0.033226        0.143275

     C   22       -0.055988       -0.119144       -0.229907
     C   22       -0.119144       -0.512158        0.418723
     C   22       -0.229907        0.418723        0.568146

     C   23       -0.486353       -0.279491       -0.384667
     C   23       -0.279491        0.192842        0.336560
     C   23       -0.384667        0.336560        0.293511

     Cl  24       -0.072603        0.057595        0.007676
     Cl  24        0.057595        0.002877       -0.148367
     Cl  24        0.007676       -0.148367        0.069726

     ----- ionic term -----
     Cl   1        0.166851       -0.219961        0.105667
     Cl   1       -0.219961       -0.036985       -0.056207
     Cl   1        0.105667       -0.056207       -0.129866

     C    2        0.123161       -0.238285        0.422964
     C    2       -0.238285        0.096320        0.303505
     C    2        0.422964        0.303505       -0.219482

     C    3        0.146576       -0.252037        0.273825
     C    3       -0.252037        0.196519        0.303897
     C    3        0.273825        0.303897       -0.343095

     H    4        0.256373        0.474276        0.668119
     H    4        0.474276       -0.182897        0.431035
     H    4        0.668119        0.431035       -0.073476

     C    5        0.261664       -0.197113        0.344864
     C    5       -0.197113        0.078775        0.244083
     C    5        0.344864        0.244083       -0.340439

     H    6       -0.485643       -0.183623       -0.057738
     H    6       -0.183623        0.832965        0.554937
     H    6       -0.057738        0.554937       -0.347322

     H    7       -0.507022       -0.068980        0.028990
     H    7       -0.068980        0.771129       -0.607884
     H    7        0.028990       -0.607884       -0.264107

     C    8        0.432394        0.105123        0.109621
     C    8        0.105123        0.118415       -0.283700
     C    8        0.109621       -0.283700       -0.550810

     H    9        0.727697       -0.480635        0.426295
     H    9       -0.480635       -0.290502       -0.204270
     H    9        0.426295       -0.204270       -0.437195

     C   10        0.268510        0.165681        0.071758
     C   10        0.165681        0.289019       -0.277018
     C   10        0.071758       -0.277018       -0.557528

     C   11        0.344529        0.076107        0.126545
     C   11        0.076107        0.243965       -0.215036
     C   11        0.126545       -0.215036       -0.588495

     Cl  12        0.146243        0.196415        0.016394
     Cl  12        0.196415        0.020560        0.014582
     Cl  12        0.016394        0.014582       -0.166802

     H   13       -0.478724       -0.251324       -0.115031
     H   13       -0.251324        0.615807        0.680697
     H   13       -0.115031        0.680697       -0.137083

     C   14        0.269925       -0.239372        0.408658
     C   14       -0.239372       -0.075004        0.278197
     C   14        0.408658        0.278197       -0.194921

     H   15        0.382121        0.358577        0.710560
     H   15        0.358577       -0.343627        0.347436
     H   15        0.710560        0.347436       -0.038494

     C   16        0.234135       -0.297208        0.270489
     C   16       -0.297208        0.046461        0.312219
     C   16        0.270489        0.312219       -0.280596

     C   17        0.224468       -0.225939        0.309062
     C   17       -0.225939        0.057279        0.359193
     C   17        0.309062        0.359193       -0.281747

     Cl  18        0.209661       -0.192414        0.083963
     Cl  18       -0.192414       -0.056480       -0.036957
     Cl  18        0.083963       -0.036957       -0.153181

     H   19       -0.517461       -0.093684        0.023067
     H   19       -0.093684        1.050812       -0.326632
     H   19        0.023067       -0.326632       -0.533351

     C   20        0.439405        0.164923        0.103433
     C   20        0.164923        0.204655       -0.167401
     C   20        0.103433       -0.167401       -0.644059

     H   21        0.821633       -0.530246        0.244291
     H   21       -0.530246       -0.271993       -0.138380
     H   21        0.244291       -0.138380       -0.549640

     C   22        0.290216        0.170906        0.081312
     C   22        0.170906        0.310673       -0.245107
     C   22        0.081312       -0.245107       -0.600889

     C   23        0.297252        0.001637        0.113652
     C   23        0.001637        0.254867       -0.306538
     C   23        0.113652       -0.306538       -0.552119

     Cl  24        0.136873        0.210287       -0.040017
     Cl  24        0.210287        0.001541       -0.018953
     Cl  24       -0.040017       -0.018953       -0.138414

     ----- GIPAW term -----
     Cl   1        0.207190       -0.537675        0.124837
     Cl   1       -0.537675       -0.087363       -0.046433
     Cl   1        0.124837       -0.046433       -0.119827

     C    2       -0.070770       -0.060316        0.086862
     C    2       -0.060316       -0.152545       -0.140581
     C    2        0.086862       -0.140581        0.223315

     C    3       -0.009789        0.028881       -0.198884
     C    3        0.028881       -0.108378        0.003885
     C    3       -0.198884        0.003885        0.118166

     H    4       -0.000000        0.000000        0.000000
     H    4        0.000000        0.000000        0.000000
     H    4        0.000000        0.000000        0.000000

     C    5        0.009754        0.150914        0.101577
     C    5        0.150914       -0.007733        0.092160
     C    5        0.101577        0.092160       -0.002021

     H    6       -0.000000        0.000000        0.000000
     H    6        0.000000        0.000000        0.000000
     H    6        0.000000        0.000000        0.000000

     H    7       -0.000000        0.000000        0.000000
     H    7        0.000000        0.000000        0.000000
     H    7        0.000000        0.000000        0.000000

     C    8       -0.041829       -0.002643       -0.016164
     C    8       -0.002643        0.018885        0.092951
     C    8       -0.016164        0.092951        0.022944

     H    9       -0.000000        0.000000        0.000000
     H    9        0.000000        0.000000        0.000000
     H    9        0.000000        0.000000        0.000000

     C   10       -0.002862        0.010149        0.024262
     C   10        0.010149        0.010528       -0.015473
     C   10        0.024262       -0.015473       -0.007666

     C   11       -0.057392        0.046718       -0.072523
     C   11        0.046718        0.152469        0.239637
     C   11       -0.072523        0.239637       -0.095077

     Cl  12       -0.223907        0.317416       -0.202210
     Cl  12        0.317416        2.333902        0.251794
     Cl  12       -0.202210        0.251794       -2.109995

     H   13       -0.000000        0.000000        0.000000
     H   13        0.000000        0.000000        0.000000
     H   13        0.000000        0.000000        0.000000

     C   14        0.193090       -0.209505        0.000508
     C   14       -0.209505       -0.076000       -0.101426
     C   14        0.000508       -0.101426       -0.117090

     H   15       -0.000000        0.000000        0.000000
     H   15        0.000000        0.000000        0.000000
     H   15        0.000000        0.000000        0.000000

     C   16       -0.047768       -0.062976       -0.072407
     C   16       -0.062976        0.077490        0.048237
     C   16       -0.072407        0.048237       -0.029722

     C   17       -0.045035        0.022910        0.054273
     C   17        0.022910        0.084217        0.142281
     C   17        0.054273        0.142281       -0.039183

     Cl  18        0.376651       -0.073953        0.110751
     Cl  18       -0.073953       -0.237677       -0.377967
     Cl  18        0.110751       -0.377967       -0.138974

     H   19       -0.000000        0.000000        0.000000
     H   19        0.000000        0.000000        0.000000
     H   19        0.000000        0.000000        0.000000

     C   20       -0.142925        0.013194       -0.168484
     C   20        0.013194       -0.053113       -0.132568
     C   20       -0.168484       -0.132568        0.196038

     H   21       -0.000000        0.000000        0.000000
     H   21        0.000000        0.000000        0.000000
     H   21        0.000000        0.000000        0.000000

     C   22       -0.089872        0.015022       -0.137564
     C   22        0.015022       -0.179200       -0.003984
     C   22       -0.137564       -0.003984        0.269072

     C   23       -0.101401        0.040502       -0.064319
     C   23        0.040502        0.214701        0.062294
     C   23       -0.064319        0.062294       -0.113300

     Cl  24        0.093092        2.278010       -0.207251
     Cl  24        2.278010        0.259779       -1.755855
     Cl  24       -0.207251       -1.755855       -0.352871

     ----- total EFG -----
     Cl   1        0.678794       -0.662752        0.044164
     Cl   1       -0.662752        0.261016       -0.080969
     Cl   1        0.044164       -0.080969       -0.939809

     C    2       -0.102608        0.002113        0.432811
     C    2        0.002113       -0.491923       -0.280444
     C    2        0.432811       -0.280444        0.594530

     C    3       -0.096307        0.181050       -0.287200
     C    3        0.181050       -0.147610        0.025997
     C    3       -0.287200        0.025997        0.243918

     H    4        0.228637        0.447271        0.402623
     H    4        0.447271       -0.046371       -0.120940
     H    4        0.402623       -0.120940       -0.182266

     C    5       -0.282168        0.188683        0.070497
     C    5        0.188683        0.274324        0.182459
     C    5        0.070497        0.182459        0.007844

     H    6       -0.572306        0.084559       -0.322140
     H    6        0.084559        0.541302        0.224930
     H    6       -0.322140        0.224930        0.031004

     H    7       -0.062027        0.105500        0.048319
     H    7        0.105500        0.062382       -0.797082
     H    7        0.048319       -0.797082       -0.000355

     C    8        0.285241        0.158986       -0.064226
     C    8        0.158986        0.036522       -0.044906
     C    8       -0.064226       -0.044906       -0.321763

     H    9        0.525234       -0.074968        0.529442
     H    9       -0.074968       -0.355922       -0.390533
     H    9        0.529442       -0.390533       -0.169311

     C   10        0.186314        0.075964        0.268163
     C   10        0.075964        0.220252       -0.385445
     C   10        0.268163       -0.385445       -0.406567

     C   11        0.163762        0.137299       -0.236479
     C   11        0.137299        0.428891        0.754789
     C   11       -0.236479        0.754789       -0.592653

     Cl  12       -0.288190        0.249668       -0.202165
     Cl  12        0.249668        2.563471        0.296949
     Cl  12       -0.202165        0.296949       -2.275281

     H   13       -0.628172        0.088864       -0.107416
     H   13        0.088864        0.431415        0.364391
     H   13       -0.107416        0.364391        0.196758

     C   14        0.418025       -0.812146       -0.059492
     C   14       -0.812146       -0.227265       -0.361153
     C   14       -0.059492       -0.361153       -0.190760

     H   15        0.454009        0.297203        0.450416
     H   15        0.297203       -0.386078       -0.150633
     H   15        0.450416       -0.150633       -0.067931

     C   16       -0.374000        0.085632       -0.125050
     C   16        0.085632        0.288065        0.221217
     C   16       -0.125050        0.221217        0.085935

     C   17        0.363957       -0.046470        0.292766
     C   17       -0.046470       -0.265302       -0.017131
     C   17        0.292766       -0.017131       -0.098655

     Cl  18        0.804362       -0.211188       -0.021669
     Cl  18       -0.211188       -0.432821       -1.023738
     Cl  18       -0.021669       -1.023738       -0.371541

     H   19       -0.070921        0.152258        0.113934
     H   19        0.152258        0.473177       -0.469978
     H   19        0.113934       -0.469978       -0.402257

     C   20       -0.380448       -0.121442       -0.537034
     C   20       -0.121442        0.234094       -0.326544
     C   20       -0.537034       -0.326544        0.146354

     H   21        0.373021       -0.191053        0.478362
     H   21       -0.191053        0.033343       -0.171607
     H   21        0.478362       -0.171607       -0.406364

     C   22        0.144356        0.066784       -0.286160
     C   22        0.066784       -0.380684        0.169631
     C   22       -0.286160        0.169631        0.236329

     C   23       -0.290502       -0.237353       -0.335335
     C   23       -0.237353        0.662409        0.092315
     C   23       -0.335335        0.092315       -0.371907

     Cl  24        0.157362        2.545893       -0.239593
     Cl  24        2.545893        0.264198       -1.923175
     Cl  24       -0.239593       -1.923175       -0.421560

     ----- total EFG (symmetrized) -----
     Cl   1        0.678794       -0.662752        0.044164
     Cl   1       -0.662752        0.261016       -0.080969
     Cl   1        0.044164       -0.080969       -0.939809

     C    2       -0.102608        0.002113        0.432811
     C    2        0.002113       -0.491923       -0.280444
     C    2        0.432811       -0.280444        0.594530

     C    3       -0.096307        0.181050       -0.287200
     C    3        0.181050       -0.147610        0.025997
     C    3       -0.287200        0.025997        0.243918

     H    4        0.228637        0.447271        0.402623
     H    4        0.447271       -0.046371       -0.120940
     H    4        0.402623       -0.120940       -0.182266

     C    5       -0.282168        0.188683        0.070497
     C    5        0.188683        0.274324        0.182459
     C    5        0.070497        0.182459        0.007844

     H    6       -0.572306        0.084559       -0.322140
     H    6        0.084559        0.541302        0.224930
     H    6       -0.322140        0.224930        0.031004

     H    7       -0.062027        0.105500        0.048319
     H    7        0.105500        0.062382       -0.797082
     H    7        0.048319       -0.797082       -0.000355

     C    8        0.285241        0.158986       -0.064226
     C    8        0.158986        0.036522       -0.044906
     C    8       -0.064226       -0.044906       -0.321763

     H    9        0.525234       -0.074968        0.529442
     H    9       -0.074968       -0.355922       -0.390533
     H    9        0.529442       -0.390533       -0.169311

     C   10        0.186314        0.075964        0.268163
     C   10        0.075964        0.220252       -0.385445
     C   10        0.268163       -0.385445       -0.406567

     C   11        0.163762        0.137299       -0.236479
     C   11        0.137299        0.428891        0.754789
     C   11       -0.236479        0.754789       -0.592653

     Cl  12       -0.288190        0.249668       -0.202165
     Cl  12        0.249668        2.563471        0.296949
     Cl  12       -0.202165        0.296949       -2.275281

     H   13       -0.628172        0.088864       -0.107416
     H   13        0.088864        0.431415        0.364391
     H   13       -0.107416        0.364391        0.196758

     C   14        0.418025       -0.812146       -0.059492
     C   14       -0.812146       -0.227265       -0.361153
     C   14       -0.059492       -0.361153       -0.190760

     H   15        0.454009        0.297203        0.450416
     H   15        0.297203       -0.386078       -0.150633
     H   15        0.450416       -0.150633       -0.067931

     C   16       -0.374000        0.085632       -0.125050
     C   16        0.085632        0.288065        0.221217
     C   16       -0.125050        0.221217        0.085935

     C   17        0.363957       -0.046470        0.292766
     C   17       -0.046470       -0.265302       -0.017131
     C   17        0.292766       -0.017131       -0.098655

     Cl  18        0.804362       -0.211188       -0.021669
     Cl  18       -0.211188       -0.432821       -1.023738
     Cl  18       -0.021669       -1.023738       -0.371541

     H   19       -0.070921        0.152258        0.113934
     H   19        0.152258        0.473177       -0.469978
     H   19        0.113934       -0.469978       -0.402257

     C   20       -0.380448       -0.121442       -0.537034
     C   20       -0.121442        0.234094       -0.326544
     C   20       -0.537034       -0.326544        0.146354

     H   21        0.373021       -0.191053        0.478362
     H   21       -0.191053        0.033343       -0.171607
     H   21        0.478362       -0.171607       -0.406364

     C   22        0.144356        0.066784       -0.286160
     C   22        0.066784       -0.380684        0.169631
     C   22       -0.286160        0.169631        0.236329

     C   23       -0.290502       -0.237353       -0.335335
     C   23       -0.237353        0.662409        0.092315
     C   23       -0.335335        0.092315       -0.371907

     Cl  24        0.157362        2.545893       -0.239593
     Cl  24        2.545893        0.264198       -1.923175
     Cl  24       -0.239593       -1.923175       -0.421560


     NQR/NMR SPECTROSCOPIC PARAMETERS:
     Cl   1    Vxx=   -0.2229    axis=(  0.593109  0.803297 -0.054185)
     Cl   1    Vyy=   -0.9452    axis=( -0.000255 -0.067113 -0.997745)
     Cl   1    Vzz=    1.1681    axis=( -0.805122  0.591786 -0.039600)
     Cl   1  Q=        -8.1650 1e-30 m^2  Cq=       -22.4095 MHz  eta= 0.61842

     C    2    Vxx=   -0.2583    axis=( -0.867983 -0.384711  0.314012)
     C    2    Vyy=   -0.5913    axis=( -0.285621  0.904024  0.318057)
     C    2    Vzz=    0.8495    axis=(  0.406234 -0.186380  0.894559)
     C    2  Q=         1.0000 1e-30 m^2  Cq=         1.9960 MHz  eta= 0.39200

     C    3    Vxx=   -0.0313    axis=(  0.454469  0.796358  0.399089)
     C    3    Vyy=   -0.3850    axis=( -0.724121  0.591213 -0.355127)
     C    3    Vzz=    0.4162    axis=( -0.518755 -0.127594  0.845348)
     C    3  Q=         1.0000 1e-30 m^2  Cq=         0.9780 MHz  eta= 0.84980

     H    4    Vxx=    0.0024    axis=( -0.115705  0.696242 -0.708420)
     H    4    Vyy=    0.6474    axis=( -0.818809 -0.470596 -0.328772)
     H    4    Vzz=   -0.6497    axis=( -0.562285  0.542020  0.624540)
     H    4  Q=         1.0000 1e-30 m^2  Cq=        -1.5266 MHz  eta= 0.99275

     C    5    Vxx=   -0.0831    axis=( -0.078172 -0.420258  0.904031)
     C    5    Vyy=   -0.3408    axis=( -0.958808  0.280091  0.047298)
     C    5    Vzz=    0.4238    axis=( -0.273088 -0.863095 -0.424842)
     C    5  Q=         1.0000 1e-30 m^2  Cq=         0.9958 MHz  eta= 0.60800

     H    6    Vxx=    0.1070    axis=( -0.436894 -0.345132  0.830667)
     H    6    Vyy=    0.6275    axis=( -0.033443  0.929057  0.368422)
     H    6    Vzz=   -0.7344    axis=( -0.898891  0.133182 -0.417441)
     H    6  Q=         1.0000 1e-30 m^2  Cq=        -1.7256 MHz  eta= 0.70868

     H    7    Vxx=   -0.0479    axis=( -0.987772 -0.068237 -0.140178)
     H    7    Vyy=   -0.7829    axis=(  0.148328 -0.688217 -0.710181)
     H    7    Vzz=    0.8308    axis=(  0.048012  0.722289 -0.689923)
     H    7  Q=         1.0000 1e-30 m^2  Cq=         1.9520 MHz  eta= 0.88473

     C    8    Vxx=   -0.0405    axis=(  0.444847 -0.894656  0.041254)
     C    8    Vyy=   -0.3309    axis=( -0.081262 -0.086193 -0.992959)
     C    8    Vzz=    0.3714    axis=(  0.891912  0.438363 -0.111044)
     C    8  Q=         1.0000 1e-30 m^2  Cq=         0.8726 MHz  eta= 0.78211

     H    9    Vxx=   -0.1307    axis=(  0.488468  0.712048 -0.504367)
     H    9    Vyy=   -0.7354    axis=( -0.253661  0.668929  0.698706)
     H    9    Vzz=    0.8661    axis=(  0.834898 -0.213358  0.507369)
     H    9  Q=         1.0000 1e-30 m^2  Cq=         2.0351 MHz  eta= 0.69815

     C   10    Vxx=    0.2600    axis=(  0.909142  0.392730  0.138650)
     C   10    Vyy=    0.4175    axis=( -0.284958  0.829337 -0.480623)
     C   10    Vzz=   -0.6776    axis=( -0.303743  0.397446  0.865897)
     C   10  Q=         1.0000 1e-30 m^2  Cq=        -1.5920 MHz  eta= 0.23246

     C   11    Vxx=    0.2249    axis=(  0.975614  0.087754 -0.201187)
     C   11    Vyy=    0.8297    axis=( -0.016662 -0.884347 -0.466532)
     C   11    Vzz=   -1.0545    axis=( -0.218860  0.458507 -0.861320)
     C   11  Q=         1.0000 1e-30 m^2  Cq=        -2.4777 MHz  eta= 0.57351

     Cl  12    Vxx=   -0.2843    axis=(  0.990877 -0.075210 -0.111832)
     Cl  12    Vyy=   -2.3168    axis=( -0.106971  0.065838 -0.992080)
     Cl  12    Vzz=    2.6011    axis=(  0.081977  0.994992  0.057192)
     Cl  12  Q=        -8.1650 1e-30 m^2  Cq=       -49.9010 MHz  eta= 0.78138

     H   13    Vxx=   -0.0360    axis=( -0.228721 -0.571086  0.788383)
     H   13    Vyy=   -0.6609    axis=( -0.973470  0.139658 -0.181252)
     H   13    Vzz=    0.6970    axis=( -0.006593 -0.808923 -0.587878)
     H   13  Q=         1.0000 1e-30 m^2  Cq=         1.6376 MHz  eta= 0.89659

     C   14    Vxx=   -0.0601    axis=( -0.344637 -0.268759  0.899441)
     C   14    Vyy=   -0.9303    axis=(  0.482731  0.771009  0.415350)
     C   14    Vzz=    0.9904    axis=( -0.805107  0.577333 -0.135980)
     C   14  Q=         1.0000 1e-30 m^2  Cq=         2.3269 MHz  eta= 0.87873

     H   15    Vxx=   -0.0940    axis=(  0.254706  0.635262 -0.729086)
     H   15    Vyy=   -0.6510    axis=( -0.411647  0.753457  0.512688)
     H   15    Vzz=    0.7450    axis=( -0.875027 -0.169541 -0.453414)
     H   15  Q=         1.0000 1e-30 m^2  Cq=         1.7504 MHz  eta= 0.74755

     C   16    Vxx=    0.0044    axis=( -0.371608 -0.498604  0.783136)
     C   16    Vyy=    0.4302    axis=( -0.005867 -0.842264 -0.539033)
     C   16    Vzz=   -0.4347    axis=( -0.928371  0.204904 -0.310067)
     C   16  Q=         1.0000 1e-30 m^2  Cq=        -1.0213 MHz  eta= 0.97962

     C   17    Vxx=   -0.2397    axis=( -0.420090  0.165132  0.892332)
     C   17    Vyy=   -0.2693    axis=(  0.128477  0.984223 -0.121653)
     C   17    Vzz=    0.5089    axis=( -0.898342  0.063539 -0.434678)
     C   17  Q=         1.0000 1e-30 m^2  Cq=         1.1957 MHz  eta= 0.05816

     Cl  18    Vxx=    0.5561    axis=(  0.447923  0.595105 -0.667245)
     Cl  18    Vyy=    0.8827    axis=(  0.890975 -0.359180  0.277767)
     Cl  18    Vzz=   -1.4388    axis=( -0.074360 -0.718916 -0.691108)
     Cl  18  Q=        -8.1650 1e-30 m^2  Cq=        27.6027 MHz  eta= 0.22705

     H   19    Vxx=   -0.0356    axis=(  0.952992 -0.005349  0.302949)
     H   19    Vyy=   -0.6541    axis=( -0.275433  0.401373  0.873519)
     H   19    Vzz=    0.6897    axis=( -0.126268 -0.915899  0.381032)
     H   19  Q=         1.0000 1e-30 m^2  Cq=         1.6205 MHz  eta= 0.89689

     C   20    Vxx=    0.1728    axis=( -0.501331  0.797288  0.336153)
     C   20    Vyy=    0.6192    axis=( -0.346125 -0.540855  0.766599)
     C   20    Vzz=   -0.7920    axis=( -0.793010 -0.267969 -0.547109)
     C   20  Q=         1.0000 1e-30 m^2  Cq=        -1.8609 MHz  eta= 0.56369

     H   21    Vxx=   -0.0506    axis=(  0.367280  0.928985  0.045745)
     H   21    Vyy=   -0.6422    axis=( -0.405494  0.115665  0.906750)
     H   21    Vzz=    0.6928    axis=(  0.837066 -0.351580  0.419179)
     H   21  Q=         1.0000 1e-30 m^2  Cq=         1.6278 MHz  eta= 0.85381

     C   22    Vxx=   -0.0289    axis=(  0.739164  0.401156  0.541027)
     C   22    Vyy=   -0.4602    axis=(  0.255038 -0.910167  0.326423)
     C   22    Vzz=    0.4891    axis=( -0.623371  0.103298  0.775073)
     C   22  Q=         1.0000 1e-30 m^2  Cq=         1.1492 MHz  eta= 0.88201

     C   23    Vxx=   -0.0700    axis=(  0.682267  0.304875 -0.664502)
     C   23    Vyy=   -0.6752    axis=( -0.679716 -0.070223 -0.730106)
     C   23    Vzz=    0.7452    axis=(  0.269255 -0.949800 -0.159318)
     C   23  Q=         1.0000 1e-30 m^2  Cq=         1.7509 MHz  eta= 0.81223

     Cl  24    Vxx=   -0.4384    axis=(  0.613443 -0.069524  0.786673)
     Cl  24    Vyy=   -2.9792    axis=( -0.531813  0.700038  0.476572)
     Cl  24    Vzz=    3.4176    axis=( -0.583835 -0.710713  0.392460)
     Cl  24  Q=        -8.1650 1e-30 m^2  Cq=       -65.5646 MHz  eta= 0.74343

     Initialization:
     gipaw_setup  :      9.18s CPU     10.88s WALL (       1 calls)

     Linear response

     Apply operators

     Induced current

     Other routines
     efg          :      9.34s CPU     11.91s WALL (       1 calls)

     General routines
     calbec       :      3.26s CPU      4.26s WALL (      16 calls)
     fft          :      1.61s CPU      2.52s WALL (      15 calls)
     ffts         :      0.04s CPU      0.04s WALL (       2 calls)
     fftw         :      3.41s CPU      4.08s WALL (     672 calls)
     davcio       :      0.02s CPU      0.32s WALL (      32 calls)

     Parallel routines
     fft_scatter  :      2.38s CPU      3.83s WALL (     689 calls)

     Plugins

     GIPAW        :     61.88s CPU     74.94s WALL (       1 calls)
