
     Program QE v.6.0 (svn rev. 13079) starts on 16Dec2016 at  1:29:27 

     This program is part of the open-source Quantum ESPRESSO suite
     for quantum simulation of materials; please cite
         "P. Giannozzi et al., J. Phys.:Condens. Matter 21 395502 (2009);
          URL http://www.quantum-espresso.org", 
     in publications or presentations arising from this work. More details at
     http://www.quantum-espresso.org/quote

     Parallel version (MPI), running on     8 processors
     R & G space division:  proc/nbgrp/npool/nimage =       8

     ***** This is GIPAW svn revision unknown      *****

     Parallelizing q-star over 1 images

     Reading data from directory:
     /users/majewski/paradichlorobenzene/pbe/9_constraint/scratch/pbe.ecut100.np8.dt60.pcl2phi-129368.save
     Message from routine read_xml_file:
     file /users/majewski/paradichlorobenzene/pbe/9_constraint/scratch/pbe.ecut100.np8.dt60.pcl2phi-129368.save not guaranteed to be safe for post-processing

   Info: using nr1, nr2, nr3 values from input

   Info: using nr1, nr2, nr3 values from input

     IMPORTANT: XC functional enforced from input :
     Exchange-correlation      =  SLA  PW   PBX  PBC ( 1  4  3  4 0 0)
     Any further DFT definition will be discarded
     Please, verify this is what you really want

               file C.pbe-n-kjpaw_psl.1.0.0.UPF: wavefunction(s)  2S 2P renormalized
               file Cl.pbe-n-kjpaw_psl.1.0.0.UPF: wavefunction(s)  3S 3P renormalized
               file H.pbe-kjpaw_psl.1.0.0.UPF: wavefunction(s)  1S renormalized

     Parallelization info
     --------------------
     sticks:   dense  smooth     PW     G-vecs:    dense   smooth      PW
     Min        3057    1223    332               144436    36536    5170
     Max        3059    1225    333               144437    36537    5171
     Sum       24467    9791   2657              1155489   292295   41363


     Subspace diagonalization in iterative solution of the eigenvalue problem:
     a serial algorithm will be used

     GIPAW projectors -----------------------------------------------
     atom=  C    l=0  rc=    1.2000  rs=    0.8000
     atom=  C    l=0  rc=    1.2000  rs=    0.8000
     atom=  C    l=1  rc=    1.4000  rs=    0.9333
     atom=  C    l=1  rc=    1.4000  rs=    0.9333
     projs nearly linearly dependent: l=1  n1,n2= 1, 2  s=  0.99951561

     atom=  Cl   l=0  rc=    1.6000  rs=    1.0667
     atom=  Cl   l=0  rc=    1.6000  rs=    1.0667
     atom=  Cl   l=1  rc=    1.6000  rs=    1.0667
     atom=  Cl   l=1  rc=    1.6000  rs=    1.0667
     atom=  Cl   l=2  rc=    1.6000  rs=    1.0667
     atom=  Cl   l=2  rc=    1.6000  rs=    1.0667
     projs nearly linearly dependent: l=2  n1,n2= 1, 2  s=  0.99993509

     atom=  H    l=0  rc=    1.0000  rs=    0.6667
     atom=  H    l=0  rc=    1.0000  rs=    0.6667
     projs nearly linearly dependent: l=0  n1,n2= 1, 2  s=  0.99968852
     -----------------------------------------------------------------

     GIPAW integrals: -------------------------------------------
     Atom  i/j   nmr_para   nmr_dia   epr_rmc  epr_para   epr_dia
       C   1 1   0.83E+03  0.17E-01  0.93E+01  0.24E+08  0.24E+03
       C   2 1   0.86E+03 -0.61E-01  0.94E+01  0.25E+08  0.25E+03
       C   2 2   0.90E+03 -0.15E+00  0.97E+01  0.26E+08  0.26E+03
       C   3 3   0.33E+01  0.34E+00  0.18E+01  0.55E+03  0.21E+02
       C   4 3   0.35E+01  0.37E+00  0.20E+01  0.59E+03  0.22E+02
       C   4 4   0.38E+01  0.39E+00  0.22E+01  0.63E+03  0.24E+02
       Cl  1 1   0.14E+04 -0.47E+00  0.84E+01  0.32E+09  0.42E+03
       Cl  2 1   0.21E+04 -0.37E+00  0.12E+02  0.49E+09  0.65E+03
       Cl  2 2   0.33E+04 -0.16E+00  0.21E+02  0.76E+09  0.10E+04
       Cl  3 3   0.21E+02  0.79E-01  0.89E+01  0.23E+05  0.13E+03
       Cl  4 3   0.24E+02  0.67E-01  0.99E+01  0.27E+05  0.15E+03
       Cl  4 4   0.28E+02  0.44E-01  0.11E+02  0.32E+05  0.18E+03
       Cl  5 5   0.77E+00  0.19E+00  0.18E+01  0.12E+03  0.22E+02
       Cl  6 5   0.80E+00  0.19E+00  0.19E+01  0.12E+03  0.23E+02
       Cl  6 6   0.83E+00  0.20E+00  0.19E+01  0.12E+03  0.23E+02
       H   1 1   0.39E+02  0.19E+00  0.29E+00  0.78E+05  0.13E+02
       H   2 1   0.41E+02  0.21E+00  0.32E+00  0.82E+05  0.14E+02
       H   2 2   0.43E+02  0.22E+00  0.36E+00  0.86E+05  0.15E+02
     ------------------------------------------------------------

     alpha_pv=     34.2511 eV

     Number of occupied bands for each k-point:
     k-point:     1    nbnd_occ=  42
     k-point:     2    nbnd_occ=  42
     k-point:     3    nbnd_occ=  42
     k-point:     4    nbnd_occ=  42
     k-point:     5    nbnd_occ=  42
     k-point:     6    nbnd_occ=  42
     k-point:     7    nbnd_occ=  42
     k-point:     8    nbnd_occ=  42
     k-point:     9    nbnd_occ=  42
     k-point:    10    nbnd_occ=  42
     k-point:    11    nbnd_occ=  42
     k-point:    12    nbnd_occ=  42
     k-point:    13    nbnd_occ=  42
     k-point:    14    nbnd_occ=  42
     k-point:    15    nbnd_occ=  42
     k-point:    16    nbnd_occ=  42


     q-space interpolation up to   110.00 Rydberg

     GIPAW job: efg                                                                             


     ELECTRIC FIELD GRADIENTS TENSORS IN Hartree/bohrradius^2:

     ----- bare term -----
     Cl   1        0.332703        0.042216       -0.228902
     Cl   1        0.042216        0.379212       -0.273448
     Cl   1       -0.228902       -0.273448       -0.711915

     C    2       -0.741579        0.191068       -0.243158
     C    2        0.191068        0.177851       -0.079073
     C    2       -0.243158       -0.079073        0.563728

     C    3        0.089035       -0.127341       -0.221045
     C    3       -0.127341       -0.407052       -0.475966
     C    3       -0.221045       -0.475966        0.318017

     H    4       -0.520028        0.073253        0.111584
     H    4        0.073253        0.217577       -0.306523
     H    4        0.111584       -0.306523        0.302452

     C    5       -0.503814        0.324698       -0.295387
     C    5        0.324698        0.103085       -0.097078
     C    5       -0.295387       -0.097078        0.400729

     H    6       -0.114990       -0.083505       -0.175095
     H    6       -0.083505       -0.253968       -0.484254
     H    6       -0.175095       -0.484254        0.368958

     H    7        0.444169        0.035648       -0.026050
     H    7        0.035648       -0.212758        0.492391
     H    7       -0.026050        0.492391       -0.231411

     C    8       -0.320546       -0.286406       -0.334808
     C    8       -0.286406       -0.122726        0.424809
     C    8       -0.334808        0.424809        0.443272

     H    9       -0.060384        0.004478       -0.526986
     H    9        0.004478        0.033572       -0.153810
     H    9       -0.526986       -0.153810        0.026811

     C   10       -0.050645       -0.327443       -0.133071
     C   10       -0.327443       -0.371833        0.500399
     C   10       -0.133071        0.500399        0.422477

     C   11       -0.371269        0.147353       -0.278624
     C   11        0.147353       -0.075613        0.551772
     C   11       -0.278624        0.551772        0.446882

     Cl  12        0.051387       -0.289581       -0.031741
     Cl  12       -0.289581       -0.085602        0.017660
     Cl  12       -0.031741        0.017660        0.034215

     H   13        0.011900       -0.479429       -0.113325
     H   13       -0.479429       -0.371753       -0.330605
     H   13       -0.113325       -0.330605        0.359853

     C   14       -0.034053        0.510467       -0.081565
     C   14        0.510467       -0.272787       -0.412264
     C   14       -0.081565       -0.412264        0.306840

     H   15       -0.583629       -0.366431        0.131155
     H   15       -0.366431        0.370635       -0.010369
     H   15        0.131155       -0.010369        0.212994

     C   16       -0.199082        0.228316       -0.283656
     C   16        0.228316       -0.213956       -0.460151
     C   16       -0.283656       -0.460151        0.413038

     C   17       -0.147659       -0.320902       -0.321568
     C   17       -0.320902       -0.086568       -0.664121
     C   17       -0.321568       -0.664121        0.234227

     Cl  18       -0.135859        0.161229        0.146628
     Cl  18        0.161229       -0.126524       -0.025872
     Cl  18        0.146628       -0.025872        0.262383

     H   19        0.503398        0.012299       -0.006152
     H   19        0.012299        0.111430        0.229406
     H   19       -0.006152        0.229406       -0.614828

     C   20       -0.161098       -0.253112        0.015695
     C   20       -0.253112        0.044347        0.167566
     C   20        0.015695        0.167566        0.116751

     H   21        0.139911       -0.009334       -0.373876
     H   21       -0.009334        0.232925       -0.222617
     H   21       -0.373876       -0.222617       -0.372836

     C   22        0.093389       -0.047734       -0.120076
     C   22       -0.047734       -0.058836        0.232315
     C   22       -0.120076        0.232315       -0.034553

     C   23       -0.204131       -0.218095       -0.397563
     C   23       -0.218095       -0.022525        0.317005
     C   23       -0.397563        0.317005        0.226656

     Cl  24       -0.007139       -0.072232       -0.048193
     Cl  24       -0.072232       -0.001424        0.018520
     Cl  24       -0.048193        0.018520        0.008564

     ----- ionic term -----
     Cl   1        0.079426       -0.204804       -0.086798
     Cl   1       -0.204804        0.025882        0.070991
     Cl   1       -0.086798        0.070991       -0.105308

     C    2        0.250844       -0.045829        0.107819
     C    2       -0.045829        0.094286        0.517743
     C    2        0.107819        0.517743       -0.345131

     C    3        0.193480       -0.164879        0.085905
     C    3       -0.164879        0.160330        0.465172
     C    3        0.085905        0.465172       -0.353809

     H    4        0.957486        0.250978        0.396006
     H    4        0.250978       -0.489662        0.145505
     H    4        0.396006        0.145505       -0.467824

     C    5        0.358590       -0.159606        0.163897
     C    5       -0.159606        0.059028        0.337064
     C    5        0.163897        0.337064       -0.417618

     H    6       -0.512282        0.226383        0.135184
     H    6        0.226383        0.677789        0.726146
     H    6        0.135184        0.726146       -0.165507

     H    7       -0.537799        0.004508        0.000928
     H    7        0.004508        0.302487       -0.794243
     H    7        0.000928       -0.794243        0.235312

     C    8        0.129742        0.279246        0.289854
     C    8        0.279246       -0.001751       -0.293198
     C    8        0.289854       -0.293198       -0.127991

     H    9        0.368121        0.012592        0.798209
     H    9        0.012592       -0.511218       -0.086686
     H    9        0.798209       -0.086686        0.143097

     C   10       -0.038372        0.321896        0.231360
     C   10        0.321896        0.172120       -0.435231
     C   10        0.231360       -0.435231       -0.133747

     C   11        0.008078        0.257506        0.372242
     C   11        0.257506        0.108748       -0.414473
     C   11        0.372242       -0.414473       -0.116826

     Cl  12        0.088322        0.226540        0.048183
     Cl  12        0.226540        0.069168        0.022784
     Cl  12        0.048183        0.022784       -0.157490

     H   13       -0.447423        0.293691        0.128334
     H   13        0.293691        0.657383        0.665330
     H   13        0.128334        0.665330       -0.209960

     C   14        0.390034       -0.075096        0.107040
     C   14       -0.075096        0.041184        0.343167
     C   14        0.107040        0.343167       -0.431218

     H   15        0.801421        0.273467        0.557491
     H   15        0.273467       -0.455010        0.182507
     H   15        0.557491        0.182507       -0.346411

     C   16        0.208432       -0.114854        0.107555
     C   16       -0.114854        0.189419        0.404096
     C   16        0.107555        0.404096       -0.397850

     C   17        0.306689       -0.068964        0.242019
     C   17       -0.068964        0.129771        0.354699
     C   17        0.242019        0.354699       -0.436460

     Cl  18        0.087198       -0.187599       -0.012484
     Cl  18       -0.187599        0.051677        0.017433
     Cl  18       -0.012484        0.017433       -0.138875

     H   19       -0.545118       -0.074107        0.067523
     H   19       -0.074107        0.555096       -0.763220
     H   19        0.067523       -0.763220       -0.009978

     C   20        0.145439        0.234217        0.298654
     C   20        0.234217        0.021267       -0.292224
     C   20        0.298654       -0.292224       -0.166707

     H   21        0.443229       -0.126400        0.790653
     H   21       -0.126400       -0.497974       -0.171348
     H   21        0.790653       -0.171348        0.054745

     C   22        0.060719        0.241348        0.234857
     C   22        0.241348        0.114488       -0.382387
     C   22        0.234857       -0.382387       -0.175207

     C   23        0.089543        0.231292        0.325340
     C   23        0.231292        0.050852       -0.390916
     C   23        0.325340       -0.390916       -0.140395

     Cl  24        0.103881        0.211804       -0.005393
     Cl  24        0.211804        0.028880       -0.016023
     Cl  24       -0.005393       -0.016023       -0.132761

     ----- GIPAW term -----
     Cl   1        0.333340       -0.376805       -0.289987
     Cl   1       -0.376805        0.250195        0.020787
     Cl   1       -0.289987        0.020787       -0.583535

     C    2       -0.166427       -0.006968        0.054486
     C    2       -0.006968       -0.019772        0.160998
     C    2        0.054486        0.160998        0.186198

     C    3       -0.069454       -0.117614       -0.086389
     C    3       -0.117614        0.021985        0.133532
     C    3       -0.086389        0.133532        0.047469

     H    4       -0.000000        0.000000        0.000000
     H    4        0.000000        0.000000        0.000000
     H    4        0.000000        0.000000        0.000000

     C    5        0.012144       -0.168280       -0.075660
     C    5       -0.168280        0.084004        0.076342
     C    5       -0.075660        0.076342       -0.096148

     H    6       -0.000000        0.000000        0.000000
     H    6        0.000000        0.000000        0.000000
     H    6        0.000000        0.000000        0.000000

     H    7       -0.000000        0.000000        0.000000
     H    7        0.000000        0.000000        0.000000
     H    7        0.000000        0.000000        0.000000

     C    8       -0.033554       -0.079521       -0.076255
     C    8       -0.079521       -0.035809        0.120491
     C    8       -0.076255        0.120491        0.069362

     H    9       -0.000000        0.000000        0.000000
     H    9        0.000000        0.000000        0.000000
     H    9        0.000000        0.000000        0.000000

     C   10       -0.051474       -0.066306        0.002487
     C   10       -0.066306       -0.026494       -0.006889
     C   10        0.002487       -0.006889        0.077968

     C   11       -0.091402        0.149519        0.018369
     C   11        0.149519       -0.087034        0.158055
     C   11        0.018369        0.158055        0.178436

     Cl  12        2.391471        0.373267       -0.283657
     Cl  12        0.373267       -0.545303        0.138104
     Cl  12       -0.283657        0.138104       -1.846168

     H   13       -0.000000        0.000000        0.000000
     H   13        0.000000        0.000000        0.000000
     H   13        0.000000        0.000000        0.000000

     C   14        0.074204        0.242508        0.041143
     C   14        0.242508       -0.011501       -0.052602
     C   14        0.041143       -0.052602       -0.062703

     H   15       -0.000000        0.000000        0.000000
     H   15        0.000000        0.000000        0.000000
     H   15        0.000000        0.000000        0.000000

     C   16       -0.075007        0.090742       -0.174885
     C   16        0.090742       -0.055468       -0.170355
     C   16       -0.174885       -0.170355        0.130475

     C   17        0.039858       -0.242962        0.053819
     C   17       -0.242962       -0.032734       -0.182092
     C   17        0.053819       -0.182092       -0.007124

     Cl  18        0.555456       -1.444775        1.405196
     Cl  18       -1.444775       -1.126173       -0.213472
     Cl  18        1.405196       -0.213472        0.570717

     H   19       -0.000000        0.000000        0.000000
     H   19        0.000000        0.000000        0.000000
     H   19        0.000000        0.000000        0.000000

     C   20       -0.057021       -0.013099        0.015743
     C   20       -0.013099       -0.016873        0.084987
     C   20        0.015743        0.084987        0.073895

     H   21       -0.000000        0.000000        0.000000
     H   21        0.000000        0.000000        0.000000
     H   21        0.000000        0.000000        0.000000

     C   22       -0.041131        0.009520       -0.012829
     C   22        0.009520        0.022758        0.075064
     C   22       -0.012829        0.075064        0.018373

     C   23       -0.048989       -0.047910       -0.118612
     C   23       -0.047910        0.039141        0.159950
     C   23       -0.118612        0.159950        0.009848

     Cl  24        0.332212       -0.332884       -0.902428
     Cl  24       -0.332884        1.546851        1.429751
     Cl  24       -0.902428        1.429751       -1.879063

     ----- total EFG -----
     Cl   1        0.745469       -0.539393       -0.605687
     Cl   1       -0.539393        0.655289       -0.181671
     Cl   1       -0.605687       -0.181671       -1.400758

     C    2       -0.657161        0.138271       -0.080854
     C    2        0.138271        0.252365        0.599668
     C    2       -0.080854        0.599668        0.404796

     C    3        0.213061       -0.409835       -0.221530
     C    3       -0.409835       -0.224738        0.122739
     C    3       -0.221530        0.122739        0.011677

     H    4        0.437458        0.324232        0.507590
     H    4        0.324232       -0.272085       -0.161018
     H    4        0.507590       -0.161018       -0.165373

     C    5       -0.133081       -0.003188       -0.207151
     C    5       -0.003188        0.246117        0.316328
     C    5       -0.207151        0.316328       -0.113037

     H    6       -0.627272        0.142877       -0.039911
     H    6        0.142877        0.423821        0.241892
     H    6       -0.039911        0.241892        0.203451

     H    7       -0.093630        0.040156       -0.025122
     H    7        0.040156        0.089729       -0.301851
     H    7       -0.025122       -0.301851        0.003902

     C    8       -0.224358       -0.086681       -0.121209
     C    8       -0.086681       -0.160285        0.252101
     C    8       -0.121209        0.252101        0.384643

     H    9        0.307737        0.017070        0.271223
     H    9        0.017070       -0.477645       -0.240496
     H    9        0.271223       -0.240496        0.169908

     C   10       -0.140491       -0.071853        0.100777
     C   10       -0.071853       -0.226207        0.058279
     C   10        0.100777        0.058279        0.366698

     C   11       -0.454592        0.554378        0.111988
     C   11        0.554378       -0.053899        0.295353
     C   11        0.111988        0.295353        0.508491

     Cl  12        2.531179        0.310226       -0.267215
     Cl  12        0.310226       -0.561737        0.178547
     Cl  12       -0.267215        0.178547       -1.969442

     H   13       -0.435522       -0.185738        0.015008
     H   13       -0.185738        0.285629        0.334725
     H   13        0.015008        0.334725        0.149893

     C   14        0.430185        0.677879        0.066618
     C   14        0.677879       -0.243104       -0.121698
     C   14        0.066618       -0.121698       -0.187081

     H   15        0.217792       -0.092965        0.688646
     H   15       -0.092965       -0.084375        0.172138
     H   15        0.688646        0.172138       -0.133417

     C   16       -0.065658        0.204205       -0.350986
     C   16        0.204205       -0.080005       -0.226410
     C   16       -0.350986       -0.226410        0.145663

     C   17        0.198888       -0.632828       -0.025731
     C   17       -0.632828        0.010469       -0.491515
     C   17       -0.025731       -0.491515       -0.209357

     Cl  18        0.506794       -1.471145        1.539341
     Cl  18       -1.471145       -1.201019       -0.221912
     Cl  18        1.539341       -0.221912        0.694225

     H   19       -0.041720       -0.061808        0.061371
     H   19       -0.061808        0.666527       -0.533815
     H   19        0.061371       -0.533815       -0.624806

     C   20       -0.072680       -0.031995        0.330092
     C   20       -0.031995        0.048741       -0.039672
     C   20        0.330092       -0.039672        0.023939

     H   21        0.583140       -0.135734        0.416777
     H   21       -0.135734       -0.265049       -0.393965
     H   21        0.416777       -0.393965       -0.318091

     C   22        0.112976        0.203134        0.101952
     C   22        0.203134        0.078410       -0.075008
     C   22        0.101952       -0.075008       -0.191386

     C   23       -0.163577       -0.034713       -0.190834
     C   23       -0.034713        0.067468        0.086038
     C   23       -0.190834        0.086038        0.096109

     Cl  24        0.428953       -0.193312       -0.956013
     Cl  24       -0.193312        1.574307        1.432248
     Cl  24       -0.956013        1.432248       -2.003260

     ----- total EFG (symmetrized) -----
     Cl   1        0.745469       -0.539393       -0.605687
     Cl   1       -0.539393        0.655289       -0.181671
     Cl   1       -0.605687       -0.181671       -1.400758

     C    2       -0.657161        0.138271       -0.080854
     C    2        0.138271        0.252365        0.599668
     C    2       -0.080854        0.599668        0.404796

     C    3        0.213061       -0.409835       -0.221530
     C    3       -0.409835       -0.224738        0.122739
     C    3       -0.221530        0.122739        0.011677

     H    4        0.437458        0.324232        0.507590
     H    4        0.324232       -0.272085       -0.161018
     H    4        0.507590       -0.161018       -0.165373

     C    5       -0.133081       -0.003188       -0.207151
     C    5       -0.003188        0.246117        0.316328
     C    5       -0.207151        0.316328       -0.113037

     H    6       -0.627272        0.142877       -0.039911
     H    6        0.142877        0.423821        0.241892
     H    6       -0.039911        0.241892        0.203451

     H    7       -0.093630        0.040156       -0.025122
     H    7        0.040156        0.089729       -0.301851
     H    7       -0.025122       -0.301851        0.003902

     C    8       -0.224358       -0.086681       -0.121209
     C    8       -0.086681       -0.160285        0.252101
     C    8       -0.121209        0.252101        0.384643

     H    9        0.307737        0.017070        0.271223
     H    9        0.017070       -0.477645       -0.240496
     H    9        0.271223       -0.240496        0.169908

     C   10       -0.140491       -0.071853        0.100777
     C   10       -0.071853       -0.226207        0.058279
     C   10        0.100777        0.058279        0.366698

     C   11       -0.454592        0.554378        0.111988
     C   11        0.554378       -0.053899        0.295353
     C   11        0.111988        0.295353        0.508491

     Cl  12        2.531179        0.310226       -0.267215
     Cl  12        0.310226       -0.561737        0.178547
     Cl  12       -0.267215        0.178547       -1.969442

     H   13       -0.435522       -0.185738        0.015008
     H   13       -0.185738        0.285629        0.334725
     H   13        0.015008        0.334725        0.149893

     C   14        0.430185        0.677879        0.066618
     C   14        0.677879       -0.243104       -0.121698
     C   14        0.066618       -0.121698       -0.187081

     H   15        0.217792       -0.092965        0.688646
     H   15       -0.092965       -0.084375        0.172138
     H   15        0.688646        0.172138       -0.133417

     C   16       -0.065658        0.204205       -0.350986
     C   16        0.204205       -0.080005       -0.226410
     C   16       -0.350986       -0.226410        0.145663

     C   17        0.198888       -0.632828       -0.025731
     C   17       -0.632828        0.010469       -0.491515
     C   17       -0.025731       -0.491515       -0.209357

     Cl  18        0.506794       -1.471145        1.539341
     Cl  18       -1.471145       -1.201019       -0.221912
     Cl  18        1.539341       -0.221912        0.694225

     H   19       -0.041720       -0.061808        0.061371
     H   19       -0.061808        0.666527       -0.533815
     H   19        0.061371       -0.533815       -0.624806

     C   20       -0.072680       -0.031995        0.330092
     C   20       -0.031995        0.048741       -0.039672
     C   20        0.330092       -0.039672        0.023939

     H   21        0.583140       -0.135734        0.416777
     H   21       -0.135734       -0.265049       -0.393965
     H   21        0.416777       -0.393965       -0.318091

     C   22        0.112976        0.203134        0.101952
     C   22        0.203134        0.078410       -0.075008
     C   22        0.101952       -0.075008       -0.191386

     C   23       -0.163577       -0.034713       -0.190834
     C   23       -0.034713        0.067468        0.086038
     C   23       -0.190834        0.086038        0.096109

     Cl  24        0.428953       -0.193312       -0.956013
     Cl  24       -0.193312        1.574307        1.432248
     Cl  24       -0.956013        1.432248       -2.003260


     NQR/NMR SPECTROSCOPIC PARAMETERS:
     Cl   1    Vxx=    0.3203    axis=(  0.572971  0.769225 -0.282839)
     Cl   1    Vyy=    1.2847    axis=(  0.771149 -0.622864 -0.131793)
     Cl   1    Vzz=   -1.6050    axis=(  0.277549  0.142598  0.950070)
     Cl   1  Q=        -8.1650 1e-30 m^2  Cq=        30.7905 MHz  eta= 0.60085

     C    2    Vxx=   -0.2195    axis=(  0.337496  0.700354 -0.628968)
     C    2    Vyy=   -0.7141    axis=( -0.941124  0.264933 -0.209993)
     C    2    Vzz=    0.9337    axis=(  0.019565  0.662808  0.748533)
     C    2  Q=         1.0000 1e-30 m^2  Cq=         2.1938 MHz  eta= 0.52971

     C    3    Vxx=   -0.1023    axis=(  0.341574 -0.229773  0.911335)
     C    3    Vyy=   -0.4706    axis=( -0.519000 -0.854518 -0.020923)
     C    3    Vzz=    0.5729    axis=(  0.783560 -0.465836 -0.411134)
     C    3  Q=         1.0000 1e-30 m^2  Cq=         1.3462 MHz  eta= 0.64290

     H    4    Vxx=   -0.0810    axis=( -0.138001 -0.764703  0.629432)
     H    4    Vyy=   -0.6876    axis=(  0.465089 -0.611121 -0.640487)
     H    4    Vzz=    0.7686    axis=(  0.874441  0.204354  0.439990)
     H    4  Q=         1.0000 1e-30 m^2  Cq=         1.8060 MHz  eta= 0.78914

     C    5    Vxx=   -0.0367    axis=(  0.812059  0.439064 -0.384425)
     C    5    Vyy=   -0.4146    axis=( -0.550631  0.358282 -0.753949)
     C    5    Vzz=    0.4514    axis=( -0.193300  0.823928  0.532709)
     C    5  Q=         1.0000 1e-30 m^2  Cq=         1.0606 MHz  eta= 0.83721

     H    6    Vxx=    0.0651    axis=( -0.153946 -0.509550  0.846557)
     H    6    Vyy=    0.5876    axis=(  0.082389  0.847167  0.524899)
     H    6    Vzz=   -0.6527    axis=( -0.984638  0.150554 -0.088437)
     H    6  Q=         1.0000 1e-30 m^2  Cq=        -1.5336 MHz  eta= 0.80049

     H    7    Vxx=   -0.0982    axis=( -0.993597  0.048130 -0.102222)
     H    7    Vyy=   -0.2584    axis=( -0.045537  0.657411  0.752155)
     H    7    Vzz=    0.3566    axis=( -0.103403 -0.751994  0.651009)
     H    7  Q=         1.0000 1e-30 m^2  Cq=         0.8378 MHz  eta= 0.44941

     C    8    Vxx=   -0.2199    axis=( -0.722716  0.574383 -0.384403)
     C    8    Vyy=   -0.2919    axis=(  0.663649  0.732044 -0.153891)
     C    8    Vzz=    0.5118    axis=( -0.193007  0.366328  0.910248)
     C    8  Q=         1.0000 1e-30 m^2  Cq=         1.2025 MHz  eta= 0.14054

     H    9    Vxx=    0.0323    axis=( -0.648434 -0.342348  0.679950)
     H    9    Vyy=    0.5377    axis=(  0.750840 -0.140253  0.645421)
     H    9    Vzz=   -0.5700    axis=( -0.125594  0.929046  0.347994)
     H    9  Q=         1.0000 1e-30 m^2  Cq=        -1.3394 MHz  eta= 0.88652

     C   10    Vxx=   -0.1062    axis=(  0.828749 -0.548907 -0.108975)
     C   10    Vyy=   -0.2830    axis=(  0.530907  0.832751 -0.157048)
     C   10    Vzz=    0.3892    axis=(  0.176954  0.072298  0.981560)
     C   10  Q=         1.0000 1e-30 m^2  Cq=         0.9144 MHz  eta= 0.45446

     C   11    Vxx=    0.1061    axis=(  0.499592  0.626172 -0.598596)
     C   11    Vyy=    0.7424    axis=(  0.312780  0.514003  0.798730)
     C   11    Vzz=   -0.8485    axis=( -0.807822  0.586268 -0.060937)
     C   11  Q=         1.0000 1e-30 m^2  Cq=        -1.9936 MHz  eta= 0.74999

     Cl  12    Vxx=   -0.5633    axis=( -0.086624  0.986115  0.141679)
     Cl  12    Vyy=   -2.0123    axis=(  0.067423 -0.136084  0.988400)
     Cl  12    Vzz=    2.5756    axis=(  0.993957  0.095172 -0.054699)
     Cl  12  Q=        -8.1650 1e-30 m^2  Cq=       -49.4114 MHz  eta= 0.56256

     H   13    Vxx=   -0.0803    axis=(  0.318541 -0.546712  0.774363)
     H   13    Vyy=   -0.4973    axis=( -0.938321 -0.297758  0.175765)
     H   13    Vzz=    0.5775    axis=(  0.134479 -0.782589 -0.607840)
     H   13  Q=         1.0000 1e-30 m^2  Cq=         1.3570 MHz  eta= 0.72208

     C   14    Vxx=   -0.1498    axis=(  0.143374 -0.217542  0.965463)
     C   14    Vyy=   -0.7007    axis=( -0.507631  0.821269  0.260437)
     C   14    Vzz=    0.8505    axis=( -0.849561 -0.527439  0.007318)
     C   14  Q=         1.0000 1e-30 m^2  Cq=         1.9983 MHz  eta= 0.64780

     H   15    Vxx=   -0.0276    axis=(  0.207934 -0.956791 -0.203259)
     H   15    Vyy=   -0.7265    axis=(  0.582586  0.288065 -0.760009)
     H   15    Vzz=    0.7541    axis=(  0.785721  0.039615  0.617311)
     H   15  Q=         1.0000 1e-30 m^2  Cq=         1.7719 MHz  eta= 0.92680

     C   16    Vxx=   -0.2194    axis=( -0.064088  0.874527  0.480724)
     C   16    Vyy=   -0.3330    axis=( -0.833353  0.218113 -0.507887)
     C   16    Vzz=    0.5524    axis=( -0.549013 -0.433163  0.714811)
     C   16  Q=         1.0000 1e-30 m^2  Cq=         1.2980 MHz  eta= 0.20561

     C   17    Vxx=   -0.0283    axis=(  0.603729  0.247546 -0.757781)
     C   17    Vyy=   -0.8128    axis=(  0.443514  0.685574  0.577308)
     C   17    Vzz=    0.8411    axis=( -0.662425  0.684624 -0.304110)
     C   17  Q=         1.0000 1e-30 m^2  Cq=         1.9763 MHz  eta= 0.93272

     Cl  18    Vxx=   -0.3421    axis=( -0.420102  0.529062  0.737298)
     Cl  18    Vyy=   -2.1924    axis=( -0.567071 -0.787355  0.241872)
     Cl  18    Vzz=    2.5345    axis=(  0.708480 -0.316489  0.630786)
     Cl  18  Q=        -8.1650 1e-30 m^2  Cq=       -48.6233 MHz  eta= 0.73004

     H   19    Vxx=   -0.0468    axis=(  0.995093  0.097737  0.015394)
     H   19    Vyy=   -0.8187    axis=(  0.047563 -0.336106 -0.940622)
     H   19    Vzz=    0.8655    axis=( -0.086759  0.936739 -0.339106)
     H   19  Q=         1.0000 1e-30 m^2  Cq=         2.0336 MHz  eta= 0.89176

     C   20    Vxx=    0.0391    axis=(  0.124429  0.982669  0.137399)
     C   20    Vyy=    0.3188    axis=(  0.642222 -0.185318  0.743780)
     C   20    Vzz=   -0.3580    axis=( -0.756352  0.004307  0.654151)
     C   20  Q=         1.0000 1e-30 m^2  Cq=        -0.8411 MHz  eta= 0.78132

     H   21    Vxx=   -0.0927    axis=(  0.448995  0.751495 -0.483382)
     H   21    Vyy=   -0.7260    axis=( -0.183266  0.606927  0.773339)
     H   21    Vzz=    0.8188    axis=(  0.874538 -0.258638  0.410231)
     H   21  Q=         1.0000 1e-30 m^2  Cq=         1.9238 MHz  eta= 0.77348

     C   22    Vxx=   -0.0194    axis=( -0.517208  0.628609 -0.580816)
     C   22    Vyy=   -0.2814    axis=( -0.418959  0.405807  0.812277)
     C   22    Vzz=    0.3009    axis=( -0.746304 -0.663454 -0.053474)
     C   22  Q=         1.0000 1e-30 m^2  Cq=         0.7069 MHz  eta= 0.87091

     C   23    Vxx=    0.0198    axis=(  0.242157  0.886666 -0.393933)
     C   23    Vyy=    0.2451    axis=(  0.407261 -0.461407 -0.788189)
     C   23    Vzz=   -0.2648    axis=( -0.880624  0.030432 -0.472837)
     C   23  Q=         1.0000 1e-30 m^2  Cq=        -0.6223 MHz  eta= 0.85076

     Cl  24    Vxx=    0.5040    axis=(  0.921295  0.360726 -0.145229)
     Cl  24    Vyy=    2.2279    axis=( -0.289017  0.885056  0.364892)
     Cl  24    Vzz=   -2.7319    axis=(  0.260161 -0.294199  0.919654)
     Cl  24  Q=        -8.1650 1e-30 m^2  Cq=        52.4099 MHz  eta= 0.63105

     Initialization:
     gipaw_setup  :      9.22s CPU     11.25s WALL (       1 calls)

     Linear response

     Apply operators

     Induced current

     Other routines
     efg          :      9.64s CPU     12.78s WALL (       1 calls)

     General routines
     calbec       :      3.49s CPU      5.03s WALL (      16 calls)
     fft          :      1.51s CPU      2.26s WALL (      15 calls)
     ffts         :      0.04s CPU      0.06s WALL (       2 calls)
     fftw         :      3.40s CPU      4.42s WALL (     672 calls)
     davcio       :      0.04s CPU      0.33s WALL (      32 calls)

     Parallel routines
     fft_scatter  :      2.37s CPU      3.99s WALL (     689 calls)

     Plugins

     GIPAW        :     60.82s CPU     73.07s WALL (       1 calls)
