
     Program QE v.6.0 (svn rev. 13079) starts on 29Dec2016 at 11:28:24 

     This program is part of the open-source Quantum ESPRESSO suite
     for quantum simulation of materials; please cite
         "P. Giannozzi et al., J. Phys.:Condens. Matter 21 395502 (2009);
          URL http://www.quantum-espresso.org", 
     in publications or presentations arising from this work. More details at
     http://www.quantum-espresso.org/quote

     Parallel version (MPI), running on     8 processors
     R & G space division:  proc/nbgrp/npool/nimage =       8

     ***** This is GIPAW svn revision unknown      *****

     Parallelizing q-star over 1 images

     Reading data from directory:
     /users/majewski/paradichlorobenzene/pbe/9_constraint/scratch/pbe.ecut100.np8.dt60.pcl2phi-129368.save
     Message from routine read_xml_file:
     file /users/majewski/paradichlorobenzene/pbe/9_constraint/scratch/pbe.ecut100.np8.dt60.pcl2phi-129368.save not guaranteed to be safe for post-processing

   Info: using nr1, nr2, nr3 values from input

   Info: using nr1, nr2, nr3 values from input

     IMPORTANT: XC functional enforced from input :
     Exchange-correlation      =  SLA  PW   PBX  PBC ( 1  4  3  4 0 0)
     Any further DFT definition will be discarded
     Please, verify this is what you really want

               file C.pbe-n-kjpaw_psl.1.0.0.UPF: wavefunction(s)  2S 2P renormalized
               file Cl.pbe-n-kjpaw_psl.1.0.0.UPF: wavefunction(s)  3S 3P renormalized
               file H.pbe-kjpaw_psl.1.0.0.UPF: wavefunction(s)  1S renormalized

     Parallelization info
     --------------------
     sticks:   dense  smooth     PW     G-vecs:    dense   smooth      PW
     Min        3057    1223    332               144436    36536    5170
     Max        3059    1225    333               144437    36537    5171
     Sum       24467    9791   2657              1155489   292295   41363


     Subspace diagonalization in iterative solution of the eigenvalue problem:
     a serial algorithm will be used

     GIPAW projectors -----------------------------------------------
     atom=  C    l=0  rc=    1.2000  rs=    0.8000
     atom=  C    l=0  rc=    1.2000  rs=    0.8000
     atom=  C    l=1  rc=    1.4000  rs=    0.9333
     atom=  C    l=1  rc=    1.4000  rs=    0.9333
     projs nearly linearly dependent: l=1  n1,n2= 1, 2  s=  0.99951561

     atom=  Cl   l=0  rc=    1.6000  rs=    1.0667
     atom=  Cl   l=0  rc=    1.6000  rs=    1.0667
     atom=  Cl   l=1  rc=    1.6000  rs=    1.0667
     atom=  Cl   l=1  rc=    1.6000  rs=    1.0667
     atom=  Cl   l=2  rc=    1.6000  rs=    1.0667
     atom=  Cl   l=2  rc=    1.6000  rs=    1.0667
     projs nearly linearly dependent: l=2  n1,n2= 1, 2  s=  0.99993509

     atom=  H    l=0  rc=    1.0000  rs=    0.6667
     atom=  H    l=0  rc=    1.0000  rs=    0.6667
     projs nearly linearly dependent: l=0  n1,n2= 1, 2  s=  0.99968852
     -----------------------------------------------------------------

     GIPAW integrals: -------------------------------------------
     Atom  i/j   nmr_para   nmr_dia   epr_rmc  epr_para   epr_dia
       C   1 1   0.83E+03  0.17E-01  0.93E+01  0.24E+08  0.24E+03
       C   2 1   0.86E+03 -0.61E-01  0.94E+01  0.25E+08  0.25E+03
       C   2 2   0.90E+03 -0.15E+00  0.97E+01  0.26E+08  0.26E+03
       C   3 3   0.33E+01  0.34E+00  0.18E+01  0.55E+03  0.21E+02
       C   4 3   0.35E+01  0.37E+00  0.20E+01  0.59E+03  0.22E+02
       C   4 4   0.38E+01  0.39E+00  0.22E+01  0.63E+03  0.24E+02
       Cl  1 1   0.14E+04 -0.47E+00  0.84E+01  0.32E+09  0.42E+03
       Cl  2 1   0.21E+04 -0.37E+00  0.12E+02  0.49E+09  0.65E+03
       Cl  2 2   0.33E+04 -0.16E+00  0.21E+02  0.76E+09  0.10E+04
       Cl  3 3   0.21E+02  0.79E-01  0.89E+01  0.23E+05  0.13E+03
       Cl  4 3   0.24E+02  0.67E-01  0.99E+01  0.27E+05  0.15E+03
       Cl  4 4   0.28E+02  0.44E-01  0.11E+02  0.32E+05  0.18E+03
       Cl  5 5   0.77E+00  0.19E+00  0.18E+01  0.12E+03  0.22E+02
       Cl  6 5   0.80E+00  0.19E+00  0.19E+01  0.12E+03  0.23E+02
       Cl  6 6   0.83E+00  0.20E+00  0.19E+01  0.12E+03  0.23E+02
       H   1 1   0.39E+02  0.19E+00  0.29E+00  0.78E+05  0.13E+02
       H   2 1   0.41E+02  0.21E+00  0.32E+00  0.82E+05  0.14E+02
       H   2 2   0.43E+02  0.22E+00  0.36E+00  0.86E+05  0.15E+02
     ------------------------------------------------------------

     alpha_pv=     33.9381 eV

     Number of occupied bands for each k-point:
     k-point:     1    nbnd_occ=  42
     k-point:     2    nbnd_occ=  42
     k-point:     3    nbnd_occ=  42
     k-point:     4    nbnd_occ=  42
     k-point:     5    nbnd_occ=  42
     k-point:     6    nbnd_occ=  42
     k-point:     7    nbnd_occ=  42
     k-point:     8    nbnd_occ=  42
     k-point:     9    nbnd_occ=  42
     k-point:    10    nbnd_occ=  42
     k-point:    11    nbnd_occ=  42
     k-point:    12    nbnd_occ=  42
     k-point:    13    nbnd_occ=  42
     k-point:    14    nbnd_occ=  42
     k-point:    15    nbnd_occ=  42
     k-point:    16    nbnd_occ=  42


     q-space interpolation up to   110.00 Rydberg

     GIPAW job: efg                                                                             


     ELECTRIC FIELD GRADIENTS TENSORS IN Hartree/bohrradius^2:

     ----- bare term -----
     Cl   1        0.006419        0.039896       -0.080397
     Cl   1        0.039896        0.011282       -0.064773
     Cl   1       -0.080397       -0.064773       -0.017701

     C    2        0.045113        0.388506       -0.018475
     C    2        0.388506       -0.096945       -0.559770
     C    2       -0.018475       -0.559770        0.051832

     C    3       -0.239304        0.041365       -0.047852
     C    3        0.041365       -0.000015        0.011151
     C    3       -0.047852        0.011151        0.239319

     H    4       -0.281784       -0.481919        0.030824
     H    4       -0.481919       -0.045718        0.107927
     H    4        0.030824        0.107927        0.327502

     C    5        0.046275       -0.040372        0.079569
     C    5       -0.040372       -0.229257        0.040835
     C    5        0.079569        0.040835        0.182982

     H    6        0.187440       -0.401479        0.122503
     H    6       -0.401479       -0.498608        0.120703
     H    6        0.122503        0.120703        0.311167

     H    7        0.452267       -0.117170       -0.265983
     H    7       -0.117170       -0.057943        0.220824
     H    7       -0.265983        0.220824       -0.394323

     C    8       -0.753812       -0.318451       -0.239886
     C    8       -0.318451        0.371412        0.156166
     C    8       -0.239886        0.156166        0.382399

     H    9       -0.352926       -0.259005       -0.465643
     H    9       -0.259005        0.081833        0.016581
     H    9       -0.465643        0.016581        0.271094

     C   10        0.084744        0.230253       -0.364650
     C   10        0.230253       -0.142991        0.634615
     C   10       -0.364650        0.634615        0.058247

     C   11       -0.639119       -0.416519       -0.350107
     C   11       -0.416519        0.116913        0.050978
     C   11       -0.350107        0.050978        0.522206

     Cl  12       -0.018034        0.032142       -0.013798
     Cl  12        0.032142        0.052901       -0.048352
     Cl  12       -0.013798       -0.048352       -0.034867

     H   13        0.367114       -0.030584       -0.118803
     H   13       -0.030584       -0.549384       -0.624290
     H   13       -0.118803       -0.624290        0.182270

     C   14       -0.744488        0.422629       -0.452036
     C   14        0.422629        0.438417       -0.070930
     C   14       -0.452036       -0.070930        0.306072

     H   15       -0.495654       -0.184149       -0.530399
     H   15       -0.184149        0.290595       -0.330839
     H   15       -0.530399       -0.330839        0.205059

     C   16        0.139908        0.559163        0.072691
     C   16        0.559163       -0.357007       -0.539635
     C   16        0.072691       -0.539635        0.217099

     C   17       -0.360906        0.306726       -0.448251
     C   17        0.306726        0.181134       -0.084910
     C   17       -0.448251       -0.084910        0.179772

     Cl  18       -0.013060        0.139758       -0.046592
     Cl  18        0.139758        0.088730       -0.032469
     Cl  18       -0.046592       -0.032469       -0.075670

     H   19        0.481670        0.038478       -0.013935
     H   19        0.038478       -0.108510        0.609374
     H   19       -0.013935        0.609374       -0.373160

     C   20       -0.074739        0.277092       -0.430438
     C   20        0.277092       -0.133557        0.384525
     C   20       -0.430438        0.384525        0.208295

     H   21       -0.108776        0.209725       -0.396468
     H   21        0.209725       -0.161842        0.373466
     H   21       -0.396468        0.373466        0.270618

     C   22       -0.480193       -0.338134       -0.333869
     C   22       -0.338134        0.083874        0.076249
     C   22       -0.333869        0.076249        0.396319

     C   23        0.034745        0.373711       -0.484644
     C   23        0.373711       -0.128431        0.587014
     C   23       -0.484644        0.587014        0.093687

     Cl  24       -0.267524       -0.253527       -0.047495
     Cl  24       -0.253527        0.076404       -0.032526
     Cl  24       -0.047495       -0.032526        0.191120

     ----- ionic term -----
     Cl   1        0.085102       -0.180287       -0.003472
     Cl   1       -0.180287        0.080055       -0.001377
     Cl   1       -0.003472       -0.001377       -0.165157

     C    2        0.176497       -0.124565        0.226912
     C    2       -0.124565        0.301120        0.325640
     C    2        0.226912        0.325640       -0.477617

     C    3        0.181928       -0.199111        0.181149
     C    3       -0.199111        0.318483        0.308990
     C    3        0.181149        0.308990       -0.500411

     H    4        0.702594        0.395225        0.540156
     H    4        0.395225       -0.348612        0.241235
     H    4        0.540156        0.241235       -0.353982

     C    5        0.412533       -0.097018        0.253434
     C    5       -0.097018        0.116193        0.242870
     C    5        0.253434        0.242870       -0.528726

     H    6       -0.465413        0.263516        0.107077
     H    6        0.263516        0.775365        0.574368
     H    6        0.107077        0.574368       -0.309952

     H    7       -0.511394       -0.075018        0.102081
     H    7       -0.075018        0.220648       -0.797632
     H    7        0.102081       -0.797632        0.290746

     C    8        0.275622        0.186864        0.307565
     C    8        0.186864       -0.119937       -0.311907
     C    8        0.307565       -0.311907       -0.155685

     H    9        0.513092       -0.284687        0.683789
     H    9       -0.284687       -0.439928       -0.254730
     H    9        0.683789       -0.254730       -0.073163

     C   10        0.117236        0.215916        0.178121
     C   10        0.215916        0.060577       -0.421932
     C   10        0.178121       -0.421932       -0.177812

     C   11        0.187686        0.165156        0.286817
     C   11        0.165156        0.019910       -0.405455
     C   11        0.286817       -0.405455       -0.207596

     Cl  12        0.128540        0.216732        0.013314
     Cl  12        0.216732        0.024444        0.008596
     Cl  12        0.013314        0.008596       -0.152984

     H   13       -0.494143        0.148157        0.082803
     H   13        0.148157        0.812869        0.573118
     H   13        0.082803        0.573118       -0.318726

     C   14        0.330768       -0.168285        0.234231
     C   14       -0.168285        0.146995        0.262853
     C   14        0.234231        0.262853       -0.477763

     H   15        0.675534        0.437476        0.547907
     H   15        0.437476       -0.291176        0.251728
     H   15        0.547907        0.251728       -0.384358

     C   16        0.171353       -0.203834        0.154293
     C   16       -0.203834        0.311465        0.344480
     C   16        0.154293        0.344480       -0.482818

     C   17        0.343070       -0.113797        0.209081
     C   17       -0.113797        0.168054        0.333000
     C   17        0.209081        0.333000       -0.511124

     Cl  18        0.176317       -0.216253        0.009520
     Cl  18       -0.216253       -0.020880        0.004316
     Cl  18        0.009520        0.004316       -0.155437

     H   19       -0.474425       -0.206169        0.183774
     H   19       -0.206169        0.405602       -0.773953
     H   19        0.183774       -0.773953        0.068823

     C   20        0.306961        0.131506        0.285393
     C   20        0.131506       -0.042750       -0.330482
     C   20        0.285393       -0.330482       -0.264211

     H   21        0.680343       -0.370428        0.593592
     H   21       -0.370428       -0.386889       -0.249738
     H   21        0.593592       -0.249738       -0.293454

     C   22        0.179750        0.228613        0.135339
     C   22        0.228613        0.134948       -0.395302
     C   22        0.135339       -0.395302       -0.314697

     C   23        0.241703        0.265097        0.288203
     C   23        0.265097        0.031748       -0.363695
     C   23        0.288203       -0.363695       -0.273451

     Cl  24        0.154117        0.224992        0.008252
     Cl  24        0.224992        0.009370       -0.008435
     Cl  24        0.008252       -0.008435       -0.163487

     ----- GIPAW term -----
     Cl   1        1.461843       -1.817961       -0.691550
     Cl   1       -1.817961        0.108647       -0.515070
     Cl   1       -0.691550       -0.515070       -1.570490

     C    2        0.055926        0.158120       -0.011231
     C    2        0.158120        0.111587       -0.078842
     C    2       -0.011231       -0.078842       -0.167512

     C    3       -0.025261        0.025720       -0.024858
     C    3        0.025720        0.035449       -0.011609
     C    3       -0.024858       -0.011609       -0.010188

     H    4       -0.000000        0.000000        0.000000
     H    4        0.000000        0.000000        0.000000
     H    4        0.000000        0.000000        0.000000

     C    5        0.014008        0.003119        0.013543
     C    5        0.003119       -0.001189       -0.001356
     C    5        0.013543       -0.001356       -0.012819

     H    6       -0.000000        0.000000        0.000000
     H    6        0.000000        0.000000        0.000000
     H    6        0.000000        0.000000        0.000000

     H    7       -0.000000        0.000000        0.000000
     H    7        0.000000        0.000000        0.000000
     H    7        0.000000        0.000000        0.000000

     C    8       -0.161499        0.119254       -0.005588
     C    8        0.119254        0.261092       -0.001512
     C    8       -0.005588       -0.001512       -0.099592

     H    9       -0.000000        0.000000        0.000000
     H    9        0.000000        0.000000        0.000000
     H    9        0.000000        0.000000        0.000000

     C   10       -0.034771        0.195809       -0.069651
     C   10        0.195809        0.158645        0.025309
     C   10       -0.069651        0.025309       -0.123874

     C   11       -0.058274        0.123292       -0.143579
     C   11        0.123292        0.041412       -0.139123
     C   11       -0.143579       -0.139123        0.016862

     Cl  12        0.550580        2.933699       -0.445042
     Cl  12        2.933699        1.519031       -0.869529
     Cl  12       -0.445042       -0.869529       -2.069611

     H   13       -0.000000        0.000000        0.000000
     H   13        0.000000        0.000000        0.000000
     H   13        0.000000        0.000000        0.000000

     C   14       -0.113774        0.214409        0.000651
     C   14        0.214409        0.193108        0.098190
     C   14        0.000651        0.098190       -0.079334

     H   15       -0.000000        0.000000        0.000000
     H   15        0.000000        0.000000        0.000000
     H   15        0.000000        0.000000        0.000000

     C   16       -0.002250        0.221733        0.085780
     C   16        0.221733        0.098298        0.040804
     C   16        0.085780        0.040804       -0.096048

     C   17       -0.011626        0.110363       -0.055821
     C   17        0.110363        0.121277       -0.012472
     C   17       -0.055821       -0.012472       -0.109651

     Cl  18        0.607546        0.280278       -0.469792
     Cl  18        0.280278        1.980011       -0.661475
     Cl  18       -0.469792       -0.661475       -2.587557

     H   19       -0.000000        0.000000        0.000000
     H   19        0.000000        0.000000        0.000000
     H   19        0.000000        0.000000        0.000000

     C   20       -0.017421        0.187175       -0.150901
     C   20        0.187175        0.007641       -0.079541
     C   20       -0.150901       -0.079541        0.009780

     H   21       -0.000000        0.000000        0.000000
     H   21        0.000000        0.000000        0.000000
     H   21        0.000000        0.000000        0.000000

     C   22       -0.059882        0.138759       -0.135091
     C   22        0.138759        0.101377       -0.125249
     C   22       -0.135091       -0.125249       -0.041495

     C   23        0.055221        0.289036       -0.121635
     C   23        0.289036        0.075923       -0.004735
     C   23       -0.121635       -0.004735       -0.131144

     Cl  24        0.233337        2.186562       -0.503250
     Cl  24        2.186562        1.123537       -0.524891
     Cl  24       -0.503250       -0.524891       -1.356873

     ----- total EFG -----
     Cl   1        1.553364       -1.958351       -0.775419
     Cl   1       -1.958351        0.199984       -0.581220
     Cl   1       -0.775419       -0.581220       -1.753348

     C    2        0.277536        0.422061        0.197206
     C    2        0.422061        0.315762       -0.312972
     C    2        0.197206       -0.312972       -0.593298

     C    3       -0.082637       -0.132026        0.108438
     C    3       -0.132026        0.353917        0.308533
     C    3        0.108438        0.308533       -0.271280

     H    4        0.420810       -0.086694        0.570979
     H    4       -0.086694       -0.394330        0.349162
     H    4        0.570979        0.349162       -0.026480

     C    5        0.472816       -0.134272        0.346547
     C    5       -0.134272       -0.114253        0.282348
     C    5        0.346547        0.282348       -0.358563

     H    6       -0.277973       -0.137963        0.229580
     H    6       -0.137963        0.276757        0.695071
     H    6        0.229580        0.695071        0.001216

     H    7       -0.059127       -0.192187       -0.163902
     H    7       -0.192187        0.162705       -0.576808
     H    7       -0.163902       -0.576808       -0.103577

     C    8       -0.639689       -0.012332        0.062091
     C    8       -0.012332        0.512567       -0.157254
     C    8        0.062091       -0.157254        0.127122

     H    9        0.160165       -0.543692        0.218146
     H    9       -0.543692       -0.358095       -0.238149
     H    9        0.218146       -0.238149        0.197930

     C   10        0.167209        0.641978       -0.256180
     C   10        0.641978        0.076231        0.237992
     C   10       -0.256180        0.237992       -0.243440

     C   11       -0.509707       -0.128071       -0.206868
     C   11       -0.128071        0.178235       -0.493600
     C   11       -0.206868       -0.493600        0.331472

     Cl  12        0.661087        3.182573       -0.445525
     Cl  12        3.182573        1.596375       -0.909285
     Cl  12       -0.445525       -0.909285       -2.257462

     H   13       -0.127028        0.117573       -0.036000
     H   13        0.117573        0.263485       -0.051172
     H   13       -0.036000       -0.051172       -0.136456

     C   14       -0.527494        0.468753       -0.217153
     C   14        0.468753        0.778520        0.290113
     C   14       -0.217153        0.290113       -0.251026

     H   15        0.179880        0.253326        0.017508
     H   15        0.253326       -0.000581       -0.079111
     H   15        0.017508       -0.079111       -0.179299

     C   16        0.309011        0.577063        0.312764
     C   16        0.577063        0.052756       -0.154352
     C   16        0.312764       -0.154352       -0.361767

     C   17       -0.029462        0.303292       -0.294990
     C   17        0.303292        0.470465        0.235618
     C   17       -0.294990        0.235618       -0.441003

     Cl  18        0.770803        0.203782       -0.506863
     Cl  18        0.203782        2.047861       -0.689628
     Cl  18       -0.506863       -0.689628       -2.818664

     H   19        0.007245       -0.167691        0.169839
     H   19       -0.167691        0.297093       -0.164579
     H   19        0.169839       -0.164579       -0.304337

     C   20        0.214801        0.595773       -0.295946
     C   20        0.595773       -0.168665       -0.025498
     C   20       -0.295946       -0.025498       -0.046136

     H   21        0.571567       -0.160703        0.197124
     H   21       -0.160703       -0.548732        0.123727
     H   21        0.197124        0.123727       -0.022835

     C   22       -0.360325        0.029237       -0.333620
     C   22        0.029237        0.320199       -0.444302
     C   22       -0.333620       -0.444302        0.040126

     C   23        0.331668        0.927843       -0.318076
     C   23        0.927843       -0.020761        0.218584
     C   23       -0.318076        0.218584       -0.310908

     Cl  24        0.119930        2.158027       -0.542493
     Cl  24        2.158027        1.209310       -0.565852
     Cl  24       -0.542493       -0.565852       -1.329240

     ----- total EFG (symmetrized) -----
     Cl   1        1.553364       -1.958351       -0.775419
     Cl   1       -1.958351        0.199984       -0.581220
     Cl   1       -0.775419       -0.581220       -1.753348

     C    2        0.277536        0.422061        0.197206
     C    2        0.422061        0.315762       -0.312972
     C    2        0.197206       -0.312972       -0.593298

     C    3       -0.082637       -0.132026        0.108438
     C    3       -0.132026        0.353917        0.308533
     C    3        0.108438        0.308533       -0.271280

     H    4        0.420810       -0.086694        0.570979
     H    4       -0.086694       -0.394330        0.349162
     H    4        0.570979        0.349162       -0.026480

     C    5        0.472816       -0.134272        0.346547
     C    5       -0.134272       -0.114253        0.282348
     C    5        0.346547        0.282348       -0.358563

     H    6       -0.277973       -0.137963        0.229580
     H    6       -0.137963        0.276757        0.695071
     H    6        0.229580        0.695071        0.001216

     H    7       -0.059127       -0.192187       -0.163902
     H    7       -0.192187        0.162705       -0.576808
     H    7       -0.163902       -0.576808       -0.103577

     C    8       -0.639689       -0.012332        0.062091
     C    8       -0.012332        0.512567       -0.157254
     C    8        0.062091       -0.157254        0.127122

     H    9        0.160165       -0.543692        0.218146
     H    9       -0.543692       -0.358095       -0.238149
     H    9        0.218146       -0.238149        0.197930

     C   10        0.167209        0.641978       -0.256180
     C   10        0.641978        0.076231        0.237992
     C   10       -0.256180        0.237992       -0.243440

     C   11       -0.509707       -0.128071       -0.206868
     C   11       -0.128071        0.178235       -0.493600
     C   11       -0.206868       -0.493600        0.331472

     Cl  12        0.661087        3.182573       -0.445525
     Cl  12        3.182573        1.596375       -0.909285
     Cl  12       -0.445525       -0.909285       -2.257462

     H   13       -0.127028        0.117573       -0.036000
     H   13        0.117573        0.263485       -0.051172
     H   13       -0.036000       -0.051172       -0.136456

     C   14       -0.527494        0.468753       -0.217153
     C   14        0.468753        0.778520        0.290113
     C   14       -0.217153        0.290113       -0.251026

     H   15        0.179880        0.253326        0.017508
     H   15        0.253326       -0.000581       -0.079111
     H   15        0.017508       -0.079111       -0.179299

     C   16        0.309011        0.577063        0.312764
     C   16        0.577063        0.052756       -0.154352
     C   16        0.312764       -0.154352       -0.361767

     C   17       -0.029462        0.303292       -0.294990
     C   17        0.303292        0.470465        0.235618
     C   17       -0.294990        0.235618       -0.441003

     Cl  18        0.770803        0.203782       -0.506863
     Cl  18        0.203782        2.047861       -0.689628
     Cl  18       -0.506863       -0.689628       -2.818664

     H   19        0.007245       -0.167691        0.169839
     H   19       -0.167691        0.297093       -0.164579
     H   19        0.169839       -0.164579       -0.304337

     C   20        0.214801        0.595773       -0.295946
     C   20        0.595773       -0.168665       -0.025498
     C   20       -0.295946       -0.025498       -0.046136

     H   21        0.571567       -0.160703        0.197124
     H   21       -0.160703       -0.548732        0.123727
     H   21        0.197124        0.123727       -0.022835

     C   22       -0.360325        0.029237       -0.333620
     C   22        0.029237        0.320199       -0.444302
     C   22       -0.333620       -0.444302        0.040126

     C   23        0.331668        0.927843       -0.318076
     C   23        0.927843       -0.020761        0.218584
     C   23       -0.318076        0.218584       -0.310908

     Cl  24        0.119930        2.158027       -0.542493
     Cl  24        2.158027        1.209310       -0.565852
     Cl  24       -0.542493       -0.565852       -1.329240


     NQR/NMR SPECTROSCOPIC PARAMETERS:
     Cl   1    Vxx=   -0.5186    axis=(  0.426618  0.685138 -0.590410)
     Cl   1    Vyy=   -2.4492    axis=(  0.379440  0.456985  0.804481)
     Cl   1    Vzz=    2.9678    axis=( -0.820989  0.567231  0.065010)
     Cl   1  Q=        -8.1650 1e-30 m^2  Cq=       -56.9360 MHz  eta= 0.65054

     C    2    Vxx=    0.0659    axis=( -0.681044  0.561285 -0.470254)
     C    2    Vyy=    0.7261    axis=( -0.665151 -0.742752  0.076771)
     C    2    Vzz=   -0.7919    axis=( -0.306192  0.365074  0.879186)
     C    2  Q=         1.0000 1e-30 m^2  Cq=        -1.8607 MHz  eta= 0.83367

     C    3    Vxx=   -0.0333    axis=(  0.914737 -0.009957  0.403927)
     C    3    Vyy=   -0.4591    axis=(  0.376870  0.381491 -0.844058)
     C    3    Vzz=    0.4925    axis=( -0.145690  0.924319  0.352716)
     C    3  Q=         1.0000 1e-30 m^2  Cq=         1.1571 MHz  eta= 0.86470

     H    4    Vxx=   -0.0767    axis=(  0.477607 -0.705706 -0.523328)
     H    4    Vyy=   -0.7476    axis=(  0.354870  0.699859 -0.619891)
     H    4    Vzz=    0.8243    axis=( -0.803716 -0.110350 -0.584691)
     H    4  Q=         1.0000 1e-30 m^2  Cq=         1.9367 MHz  eta= 0.81382

     C    5    Vxx=    0.0616    axis=(  0.122755 -0.867616 -0.481844)
     C    5    Vyy=    0.5998    axis=( -0.943764  0.048129 -0.327097)
     C    5    Vzz=   -0.6613    axis=( -0.306986 -0.494900  0.812917)
     C    5  Q=         1.0000 1e-30 m^2  Cq=        -1.5538 MHz  eta= 0.81385

     H    6    Vxx=   -0.1225    axis=(  0.859750 -0.350151  0.371784)
     H    6    Vyy=   -0.7265    axis=( -0.509426 -0.536294  0.672959)
     H    6    Vzz=    0.8490    axis=(  0.036251  0.767973  0.639455)
     H    6  Q=         1.0000 1e-30 m^2  Cq=         1.9948 MHz  eta= 0.71141

     H    7    Vxx=    0.0390    axis=(  0.921828 -0.176634 -0.345014)
     H    7    Vyy=    0.6252    axis=(  0.076229 -0.790124  0.608188)
     H    7    Vzz=   -0.6643    axis=( -0.380030 -0.586944 -0.714894)
     H    7  Q=         1.0000 1e-30 m^2  Cq=        -1.5608 MHz  eta= 0.88245

     C    8    Vxx=    0.0752    axis=(  0.075582  0.339278  0.937645)
     C    8    Vyy=    0.5695    axis=( -0.026961  0.940686 -0.338205)
     C    8    Vzz=   -0.6447    axis=( -0.996775  0.000282  0.080247)
     C    8  Q=         1.0000 1e-30 m^2  Cq=        -1.5148 MHz  eta= 0.76663

     H    9    Vxx=    0.0109    axis=( -0.503431  0.199138  0.840774)
     H    9    Vyy=    0.6991    axis=( -0.698481  0.478998 -0.531681)
     H    9    Vzz=   -0.7100    axis=( -0.508607 -0.854930 -0.102048)
     H    9  Q=         1.0000 1e-30 m^2  Cq=        -1.6681 MHz  eta= 0.96928

     C   10    Vxx=   -0.0077    axis=( -0.362768  0.428961  0.827280)
     C   10    Vyy=   -0.7583    axis=( -0.570993  0.599264 -0.561114)
     C   10    Vzz=    0.7660    axis=( -0.736455 -0.675926  0.027540)
     C   10  Q=         1.0000 1e-30 m^2  Cq=         1.7998 MHz  eta= 0.97990

     C   11    Vxx=   -0.1117    axis=( -0.497028  0.685720  0.531743)
     C   11    Vyy=   -0.6471    axis=(  0.865616  0.349018  0.359021)
     C   11    Vzz=    0.7588    axis=( -0.060600 -0.638728  0.767042)
     C   11  Q=         1.0000 1e-30 m^2  Cq=         1.7830 MHz  eta= 0.70561

     Cl  12    Vxx=   -1.9455    axis=(  0.709283 -0.513284  0.483175)
     Cl  12    Vyy=   -2.5424    axis=( -0.289759  0.412555  0.863619)
     Cl  12    Vzz=    4.4879    axis=( -0.642618 -0.752554  0.143890)
     Cl  12  Q=        -8.1650 1e-30 m^2  Cq=       -86.0977 MHz  eta= 0.13298

     H   13    Vxx=   -0.1299    axis=( -0.520643  0.261369  0.812784)
     H   13    Vyy=   -0.1742    axis=(  0.809587 -0.151159  0.567204)
     H   13    Vzz=    0.3041    axis=( -0.271109 -0.953330  0.132901)
     H   13  Q=         1.0000 1e-30 m^2  Cq=         0.7144 MHz  eta= 0.14587

     C   14    Vxx=   -0.1324    axis=( -0.498953 -0.019182  0.866417)
     C   14    Vyy=   -0.8347    axis=( -0.823158  0.323151 -0.466887)
     C   14    Vzz=    0.9671    axis=( -0.271027 -0.946153 -0.177027)
     C   14  Q=         1.0000 1e-30 m^2  Cq=         2.2722 MHz  eta= 0.72620

     H   15    Vxx=   -0.1056    axis=(  0.448657 -0.554052  0.701238)
     H   15    Vyy=   -0.2548    axis=(  0.375463 -0.595184 -0.710482)
     H   15    Vzz=    0.3604    axis=( -0.811009 -0.582051  0.059007)
     H   15  Q=         1.0000 1e-30 m^2  Cq=         0.8468 MHz  eta= 0.41406

     C   16    Vxx=   -0.0824    axis=( -0.334955  0.614374 -0.714387)
     C   16    Vyy=   -0.7099    axis=( -0.506344  0.522037  0.686362)
     C   16    Vzz=    0.7923    axis=( -0.794620 -0.591626 -0.136225)
     C   16  Q=         1.0000 1e-30 m^2  Cq=         1.8615 MHz  eta= 0.79205

     C   17    Vxx=    0.0797    axis=( -0.781724  0.266874  0.563636)
     C   17    Vyy=    0.6220    axis=( -0.383559 -0.918395 -0.097121)
     C   17    Vzz=   -0.7017    axis=(  0.491722 -0.292109  0.820294)
     C   17  Q=         1.0000 1e-30 m^2  Cq=        -1.6488 MHz  eta= 0.77288

     Cl  18    Vxx=    0.7776    axis=(  0.973117 -0.208839 -0.097104)
     Cl  18    Vyy=    2.1971    axis=(  0.192773  0.969281 -0.152750)
     Cl  18    Vzz=   -2.9747    axis=(  0.126021  0.129925  0.983483)
     Cl  18  Q=        -8.1650 1e-30 m^2  Cq=        57.0684 MHz  eta= 0.47716

     H   19    Vxx=   -0.0495    axis=(  0.830877  0.508917  0.225049)
     H   19    Vyy=   -0.3908    axis=( -0.337982  0.140260  0.930642)
     H   19    Vzz=    0.4403    axis=(  0.442054 -0.849312  0.288544)
     H   19  Q=         1.0000 1e-30 m^2  Cq=         1.0345 MHz  eta= 0.77531

     C   20    Vxx=   -0.0880    axis=(  0.093714  0.404317  0.909805)
     C   20    Vyy=   -0.6458    axis=(  0.609044 -0.746174  0.268866)
     C   20    Vzz=    0.7337    axis=(  0.787580  0.528915 -0.316174)
     C   20  Q=         1.0000 1e-30 m^2  Cq=         1.7239 MHz  eta= 0.76026

     H   21    Vxx=   -0.0318    axis=( -0.225685  0.292550  0.929237)
     H   21    Vyy=   -0.6113    axis=(  0.172093  0.950817 -0.257547)
     H   21    Vzz=    0.6431    axis=( -0.958880  0.101790 -0.264931)
     H   21  Q=         1.0000 1e-30 m^2  Cq=         1.5110 MHz  eta= 0.90123

     C   22    Vxx=   -0.0946    axis=(  0.595053 -0.606639 -0.527163)
     C   22    Vyy=   -0.6007    axis=(  0.773779  0.255171  0.579788)
     C   22    Vzz=    0.6952    axis=(  0.217205  0.752912 -0.621245)
     C   22  Q=         1.0000 1e-30 m^2  Cq=         1.6335 MHz  eta= 0.72794

     C   23    Vxx=   -0.1155    axis=( -0.248510  0.419126  0.873256)
     C   23    Vyy=   -0.9927    axis=( -0.577616  0.659582 -0.480949)
     C   23    Vzz=    1.1082    axis=( -0.777562 -0.623927  0.078181)
     C   23  Q=         1.0000 1e-30 m^2  Cq=         2.6037 MHz  eta= 0.79158

     Cl  24    Vxx=   -1.4234    axis=( -0.297704  0.427488  0.853596)
     Cl  24    Vyy=   -1.6064    axis=(  0.736554 -0.465984  0.490253)
     Cl  24    Vzz=    3.0299    axis=(  0.607339  0.774670 -0.176143)
     Cl  24  Q=        -8.1650 1e-30 m^2  Cq=       -58.1263 MHz  eta= 0.06040

     Initialization:
     gipaw_setup  :      9.29s CPU     10.88s WALL (       1 calls)

     Linear response

     Apply operators

     Induced current

     Other routines
     efg          :      9.46s CPU     11.64s WALL (       1 calls)

     General routines
     calbec       :      3.26s CPU      4.23s WALL (      16 calls)
     fft          :      1.38s CPU      1.82s WALL (      15 calls)
     ffts         :      0.07s CPU      0.13s WALL (       2 calls)
     fftw         :      3.32s CPU      4.00s WALL (     672 calls)
     davcio       :      0.02s CPU      0.33s WALL (      32 calls)

     Parallel routines
     fft_scatter  :      2.00s CPU      2.97s WALL (     689 calls)

     Plugins

     GIPAW        :     60.66s CPU     71.83s WALL (       1 calls)
