
     Program QE v.6.0 (svn rev. 13079) starts on 26Dec2016 at 17:53:45 

     This program is part of the open-source Quantum ESPRESSO suite
     for quantum simulation of materials; please cite
         "P. Giannozzi et al., J. Phys.:Condens. Matter 21 395502 (2009);
          URL http://www.quantum-espresso.org", 
     in publications or presentations arising from this work. More details at
     http://www.quantum-espresso.org/quote

     Parallel version (MPI), running on     8 processors
     R & G space division:  proc/nbgrp/npool/nimage =       8

     ***** This is GIPAW svn revision unknown      *****

     Parallelizing q-star over 1 images

     Reading data from directory:
     /users/majewski/paradichlorobenzene/pbe/9_constraint/scratch/pbe.ecut100.np8.dt60.pcl2phi-129368.save
     Message from routine read_xml_file:
     file /users/majewski/paradichlorobenzene/pbe/9_constraint/scratch/pbe.ecut100.np8.dt60.pcl2phi-129368.save not guaranteed to be safe for post-processing

   Info: using nr1, nr2, nr3 values from input

   Info: using nr1, nr2, nr3 values from input

     IMPORTANT: XC functional enforced from input :
     Exchange-correlation      =  SLA  PW   PBX  PBC ( 1  4  3  4 0 0)
     Any further DFT definition will be discarded
     Please, verify this is what you really want

               file C.pbe-n-kjpaw_psl.1.0.0.UPF: wavefunction(s)  2S 2P renormalized
               file Cl.pbe-n-kjpaw_psl.1.0.0.UPF: wavefunction(s)  3S 3P renormalized
               file H.pbe-kjpaw_psl.1.0.0.UPF: wavefunction(s)  1S renormalized

     Parallelization info
     --------------------
     sticks:   dense  smooth     PW     G-vecs:    dense   smooth      PW
     Min        3057    1223    332               144436    36536    5170
     Max        3059    1225    333               144437    36537    5171
     Sum       24467    9791   2657              1155489   292295   41363


     Subspace diagonalization in iterative solution of the eigenvalue problem:
     a serial algorithm will be used

     GIPAW projectors -----------------------------------------------
     atom=  C    l=0  rc=    1.2000  rs=    0.8000
     atom=  C    l=0  rc=    1.2000  rs=    0.8000
     atom=  C    l=1  rc=    1.4000  rs=    0.9333
     atom=  C    l=1  rc=    1.4000  rs=    0.9333
     projs nearly linearly dependent: l=1  n1,n2= 1, 2  s=  0.99951561

     atom=  Cl   l=0  rc=    1.6000  rs=    1.0667
     atom=  Cl   l=0  rc=    1.6000  rs=    1.0667
     atom=  Cl   l=1  rc=    1.6000  rs=    1.0667
     atom=  Cl   l=1  rc=    1.6000  rs=    1.0667
     atom=  Cl   l=2  rc=    1.6000  rs=    1.0667
     atom=  Cl   l=2  rc=    1.6000  rs=    1.0667
     projs nearly linearly dependent: l=2  n1,n2= 1, 2  s=  0.99993509

     atom=  H    l=0  rc=    1.0000  rs=    0.6667
     atom=  H    l=0  rc=    1.0000  rs=    0.6667
     projs nearly linearly dependent: l=0  n1,n2= 1, 2  s=  0.99968852
     -----------------------------------------------------------------

     GIPAW integrals: -------------------------------------------
     Atom  i/j   nmr_para   nmr_dia   epr_rmc  epr_para   epr_dia
       C   1 1   0.83E+03  0.17E-01  0.93E+01  0.24E+08  0.24E+03
       C   2 1   0.86E+03 -0.61E-01  0.94E+01  0.25E+08  0.25E+03
       C   2 2   0.90E+03 -0.15E+00  0.97E+01  0.26E+08  0.26E+03
       C   3 3   0.33E+01  0.34E+00  0.18E+01  0.55E+03  0.21E+02
       C   4 3   0.35E+01  0.37E+00  0.20E+01  0.59E+03  0.22E+02
       C   4 4   0.38E+01  0.39E+00  0.22E+01  0.63E+03  0.24E+02
       Cl  1 1   0.14E+04 -0.47E+00  0.84E+01  0.32E+09  0.42E+03
       Cl  2 1   0.21E+04 -0.37E+00  0.12E+02  0.49E+09  0.65E+03
       Cl  2 2   0.33E+04 -0.16E+00  0.21E+02  0.76E+09  0.10E+04
       Cl  3 3   0.21E+02  0.79E-01  0.89E+01  0.23E+05  0.13E+03
       Cl  4 3   0.24E+02  0.67E-01  0.99E+01  0.27E+05  0.15E+03
       Cl  4 4   0.28E+02  0.44E-01  0.11E+02  0.32E+05  0.18E+03
       Cl  5 5   0.77E+00  0.19E+00  0.18E+01  0.12E+03  0.22E+02
       Cl  6 5   0.80E+00  0.19E+00  0.19E+01  0.12E+03  0.23E+02
       Cl  6 6   0.83E+00  0.20E+00  0.19E+01  0.12E+03  0.23E+02
       H   1 1   0.39E+02  0.19E+00  0.29E+00  0.78E+05  0.13E+02
       H   2 1   0.41E+02  0.21E+00  0.32E+00  0.82E+05  0.14E+02
       H   2 2   0.43E+02  0.22E+00  0.36E+00  0.86E+05  0.15E+02
     ------------------------------------------------------------

     alpha_pv=     33.9524 eV

     Number of occupied bands for each k-point:
     k-point:     1    nbnd_occ=  42
     k-point:     2    nbnd_occ=  42
     k-point:     3    nbnd_occ=  42
     k-point:     4    nbnd_occ=  42
     k-point:     5    nbnd_occ=  42
     k-point:     6    nbnd_occ=  42
     k-point:     7    nbnd_occ=  42
     k-point:     8    nbnd_occ=  42
     k-point:     9    nbnd_occ=  42
     k-point:    10    nbnd_occ=  42
     k-point:    11    nbnd_occ=  42
     k-point:    12    nbnd_occ=  42
     k-point:    13    nbnd_occ=  42
     k-point:    14    nbnd_occ=  42
     k-point:    15    nbnd_occ=  42
     k-point:    16    nbnd_occ=  42


     q-space interpolation up to   110.00 Rydberg

     GIPAW job: efg                                                                             


     ELECTRIC FIELD GRADIENTS TENSORS IN Hartree/bohrradius^2:

     ----- bare term -----
     Cl   1        0.104639       -0.020080        0.051819
     Cl   1       -0.020080       -0.029485        0.228446
     Cl   1        0.051819        0.228446       -0.075154

     C    2       -0.203037        0.204659       -0.424610
     C    2        0.204659       -0.081545       -0.408361
     C    2       -0.424610       -0.408361        0.284581

     C    3       -0.063410        0.398293       -0.239002
     C    3        0.398293       -0.209359       -0.529508
     C    3       -0.239002       -0.529508        0.272769

     H    4       -0.088304       -0.159183       -0.410952
     H    4       -0.159183        0.456337       -0.067934
     H    4       -0.410952       -0.067934       -0.368033

     C    5       -0.707250        0.415842       -0.434805
     C    5        0.415842        0.436229       -0.198152
     C    5       -0.434805       -0.198152        0.271021

     H    6        0.310748       -0.072073        0.094021
     H    6       -0.072073       -0.346779       -0.536193
     H    6        0.094021       -0.536193        0.036030

     H    7        0.457867        0.021266       -0.005516
     H    7        0.021266       -0.679635        0.493967
     H    7       -0.005516        0.493967        0.221768

     C    8       -0.128257        0.040124       -0.287135
     C    8        0.040124       -0.010976        0.408031
     C    8       -0.287135        0.408031        0.139232

     H    9       -0.095213        0.455639       -0.188748
     H    9        0.455639       -0.323028        0.030525
     H    9       -0.188748        0.030525        0.418241

     C   10       -0.775568       -0.366740       -0.315759
     C   10       -0.366740        0.373727        0.078362
     C   10       -0.315759        0.078362        0.401841

     C   11        0.007211        0.242309       -0.416180
     C   11        0.242309       -0.195083        0.493477
     C   11       -0.416180        0.493477        0.187872

     Cl  12       -0.306213       -0.235933        0.030609
     Cl  12       -0.235933        0.161255        0.136374
     Cl  12        0.030609        0.136374        0.144958

     H   13        0.448919        0.024142       -0.032522
     H   13        0.024142       -0.787264       -0.234022
     H   13       -0.032522       -0.234022        0.338345

     C   14       -0.220779       -0.004087       -0.284877
     C   14       -0.004087        0.053207       -0.549585
     C   14       -0.284877       -0.549585        0.167572

     H   15        0.023377       -0.153663       -0.350825
     H   15       -0.153663       -0.021294       -0.541748
     H   15       -0.350825       -0.541748       -0.002083

     C   16       -0.732763        0.348956       -0.277896
     C   16        0.348956        0.350406       -0.145092
     C   16       -0.277896       -0.145092        0.382357

     C   17        0.023878        0.244686       -0.132828
     C   17        0.244686       -0.052462       -0.575957
     C   17       -0.132828       -0.575957        0.028584

     Cl  18       -0.113558        0.239009        0.041099
     Cl  18        0.239009        0.122414        0.092184
     Cl  18        0.041099        0.092184       -0.008856

     H   19        0.098341        0.099930       -0.009147
     H   19        0.099930       -0.433863        0.547240
     H   19       -0.009147        0.547240        0.335522

     C   20       -0.711525       -0.330520       -0.477676
     C   20       -0.330520        0.208881       -0.040794
     C   20       -0.477676       -0.040794        0.502645

     H   21       -0.583363       -0.060992       -0.089331
     H   21       -0.060992        0.314247        0.327114
     H   21       -0.089331        0.327114        0.269116

     C   22        0.076219        0.075330       -0.231811
     C   22        0.075330       -0.374840        0.470328
     C   22       -0.231811        0.470328        0.298621

     C   23       -0.785524       -0.431571       -0.339495
     C   23       -0.431571        0.238525        0.013165
     C   23       -0.339495        0.013165        0.546998

     Cl  24       -0.034704       -0.026279        0.057291
     Cl  24       -0.026279       -0.032148        0.006269
     Cl  24        0.057291        0.006269        0.066852

     ----- ionic term -----
     Cl   1        0.126846       -0.209345        0.057673
     Cl   1       -0.209345        0.014213       -0.024557
     Cl   1        0.057673       -0.024557       -0.141060

     C    2        0.088648       -0.168791        0.358168
     C    2       -0.168791        0.183185        0.381446
     C    2        0.358168        0.381446       -0.271833

     C    3        0.157905       -0.256503        0.269253
     C    3       -0.256503        0.215674        0.336131
     C    3        0.269253        0.336131       -0.373578

     H    4        0.510922        0.382893        0.694583
     H    4        0.382893       -0.339136        0.296689
     H    4        0.694583        0.296689       -0.171786

     C    5        0.306130       -0.234978        0.339943
     C    5       -0.234978        0.057686        0.257738
     C    5        0.339943        0.257738       -0.363815

     H    6       -0.510022        0.017391        0.020227
     H    6        0.017391        0.682777        0.692670
     H    6        0.020227        0.692670       -0.172754

     H    7       -0.510402       -0.081243        0.053677
     H    7       -0.081243        0.666763       -0.707276
     H    7        0.053677       -0.707276       -0.156361

     C    8        0.373860        0.148711        0.215476
     C    8        0.148711        0.041846       -0.287847
     C    8        0.215476       -0.287847       -0.415706

     H    9        0.689870       -0.507379        0.452102
     H    9       -0.507379       -0.278252       -0.212738
     H    9        0.452102       -0.212738       -0.411618

     C   10        0.238303        0.146429        0.135052
     C   10        0.146429        0.172972       -0.310997
     C   10        0.135052       -0.310997       -0.411275

     C   11        0.311675        0.149166        0.193446
     C   11        0.149166        0.064484       -0.342212
     C   11        0.193446       -0.342212       -0.376159

     Cl  12        0.145885        0.190117       -0.037719
     Cl  12        0.190117       -0.007353       -0.029263
     Cl  12       -0.037719       -0.029263       -0.138532

     H   13       -0.529651       -0.012227        0.021211
     H   13       -0.012227        0.631546        0.717366
     H   13        0.021211        0.717366       -0.101894

     C   14        0.230599       -0.231362        0.361207
     C   14       -0.231362        0.049935        0.287669
     C   14        0.361207        0.287669       -0.280534

     H   15        0.345996        0.258952        0.750845
     H   15        0.258952       -0.438632        0.296294
     H   15        0.750845        0.296294        0.092637

     C   16        0.127652       -0.317275        0.250892
     C   16       -0.317275        0.149347        0.339963
     C   16        0.250892        0.339963       -0.276999

     C   17        0.217944       -0.208734        0.278459
     C   17       -0.208734        0.083988        0.365284
     C   17        0.278459        0.365284       -0.301931

     Cl  18        0.152102       -0.188660        0.024680
     Cl  18       -0.188660        0.006800       -0.007251
     Cl  18        0.024680       -0.007251       -0.158902

     H   19       -0.493450       -0.159592        0.107239
     H   19       -0.159592        0.630395       -0.706399
     H   19        0.107239       -0.706399       -0.136945

     C   20        0.313708        0.172672        0.241433
     C   20        0.172672        0.068406       -0.294228
     C   20        0.241433       -0.294228       -0.382113

     H   21        0.615628       -0.373426        0.602952
     H   21       -0.373426       -0.368129       -0.263250
     H   21        0.602952       -0.263250       -0.247499

     C   22        0.128736        0.224693        0.155993
     C   22        0.224693        0.219912       -0.401971
     C   22        0.155993       -0.401971       -0.348648

     C   23        0.261142        0.126438        0.202934
     C   23        0.126438        0.103082       -0.387129
     C   23        0.202934       -0.387129       -0.364225

     Cl  24        0.145512        0.214728       -0.003067
     Cl  24        0.214728       -0.000760       -0.003639
     Cl  24       -0.003067       -0.003639       -0.144752

     ----- GIPAW term -----
     Cl   1       -0.244045       -0.475681       -0.753116
     Cl   1       -0.475681        0.067723       -1.451250
     Cl   1       -0.753116       -1.451250        0.176322

     C    2       -0.058178        0.035528       -0.140709
     C    2        0.035528        0.013059       -0.195015
     C    2       -0.140709       -0.195015        0.045119

     C    3       -0.052189        0.138835       -0.140131
     C    3        0.138835       -0.013850       -0.196305
     C    3       -0.140131       -0.196305        0.066039

     H    4       -0.000000        0.000000        0.000000
     H    4        0.000000        0.000000        0.000000
     H    4        0.000000        0.000000        0.000000

     C    5       -0.158348        0.184753       -0.062378
     C    5        0.184753        0.245914       -0.023855
     C    5       -0.062378       -0.023855       -0.087567

     H    6       -0.000000        0.000000        0.000000
     H    6        0.000000        0.000000        0.000000
     H    6        0.000000        0.000000        0.000000

     H    7       -0.000000        0.000000        0.000000
     H    7        0.000000        0.000000        0.000000
     H    7        0.000000        0.000000        0.000000

     C    8       -0.117705        0.057765       -0.045234
     C    8        0.057765        0.222535       -0.039923
     C    8       -0.045234       -0.039923       -0.104830

     H    9       -0.000000        0.000000        0.000000
     H    9        0.000000        0.000000        0.000000
     H    9        0.000000        0.000000        0.000000

     C   10       -0.248054       -0.038451       -0.054160
     C   10       -0.038451        0.308038       -0.090154
     C   10       -0.054160       -0.090154       -0.059984

     C   11       -0.004290        0.224195       -0.110247
     C   11        0.224195        0.063098       -0.077613
     C   11       -0.110247       -0.077613       -0.058808

     Cl  12       -0.657974        1.493141        0.192307
     Cl  12        1.493141        1.853529        1.339045
     Cl  12        0.192307        1.339045       -1.195555

     H   13       -0.000000        0.000000        0.000000
     H   13        0.000000        0.000000        0.000000
     H   13        0.000000        0.000000        0.000000

     C   14       -0.118067       -0.014581       -0.029724
     C   14       -0.014581        0.198347       -0.221995
     C   14       -0.029724       -0.221995       -0.080280

     H   15       -0.000000        0.000000        0.000000
     H   15        0.000000        0.000000        0.000000
     H   15        0.000000        0.000000        0.000000

     C   16       -0.247675       -0.003324       -0.054043
     C   16       -0.003324        0.322449        0.047567
     C   16       -0.054043        0.047567       -0.074774

     C   17        0.004969        0.088785        0.007766
     C   17        0.088785        0.198617       -0.026999
     C   17        0.007766       -0.026999       -0.203586

     Cl  18        0.386595        0.203626        0.558733
     Cl  18        0.203626        1.583317        1.182286
     Cl  18        0.558733        1.182286       -1.969912

     H   19       -0.000000        0.000000        0.000000
     H   19        0.000000        0.000000        0.000000
     H   19        0.000000        0.000000        0.000000

     C   20       -0.115830        0.090837       -0.160151
     C   20        0.090837        0.081102       -0.180828
     C   20       -0.160151       -0.180828        0.034728

     H   21       -0.000000        0.000000        0.000000
     H   21        0.000000        0.000000        0.000000
     H   21        0.000000        0.000000        0.000000

     C   22       -0.090151        0.111686       -0.079581
     C   22        0.111686        0.062518       -0.152857
     C   22       -0.079581       -0.152857        0.027632

     C   23       -0.138656        0.062387       -0.085430
     C   23        0.062387        0.090324       -0.163050
     C   23       -0.085430       -0.163050        0.048332

     Cl  24        0.135685        2.320722       -0.852049
     Cl  24        2.320722        0.071081       -1.533337
     Cl  24       -0.852049       -1.533337       -0.206766

     ----- total EFG -----
     Cl   1       -0.012560       -0.705106       -0.643624
     Cl   1       -0.705106        0.052452       -1.247360
     Cl   1       -0.643624       -1.247360       -0.039892

     C    2       -0.172567        0.071396       -0.207151
     C    2        0.071396        0.114699       -0.221930
     C    2       -0.207151       -0.221930        0.057868

     C    3        0.042306        0.280625       -0.109881
     C    3        0.280625       -0.007535       -0.389681
     C    3       -0.109881       -0.389681       -0.034771

     H    4        0.422618        0.223710        0.283631
     H    4        0.223710        0.117202        0.228755
     H    4        0.283631        0.228755       -0.539820

     C    5       -0.559468        0.365617       -0.157240
     C    5        0.365617        0.739829        0.035731
     C    5       -0.157240        0.035731       -0.180361

     H    6       -0.199274       -0.054682        0.114249
     H    6       -0.054682        0.335998        0.156477
     H    6        0.114249        0.156477       -0.136724

     H    7       -0.052535       -0.059977        0.048161
     H    7       -0.059977       -0.012872       -0.213309
     H    7        0.048161       -0.213309        0.065407

     C    8        0.127898        0.246600       -0.116894
     C    8        0.246600        0.253405        0.080261
     C    8       -0.116894        0.080261       -0.381304

     H    9        0.594657       -0.051740        0.263355
     H    9       -0.051740       -0.601280       -0.182214
     H    9        0.263355       -0.182214        0.006623

     C   10       -0.785319       -0.258763       -0.234867
     C   10       -0.258763        0.854737       -0.322789
     C   10       -0.234867       -0.322789       -0.069418

     C   11        0.314596        0.615670       -0.332981
     C   11        0.615670       -0.067501        0.073652
     C   11       -0.332981        0.073652       -0.247095

     Cl  12       -0.818303        1.447325        0.185197
     Cl  12        1.447325        2.007431        1.446155
     Cl  12        0.185197        1.446155       -1.189128

     H   13       -0.080732        0.011915       -0.011311
     H   13        0.011915       -0.155718        0.483344
     H   13       -0.011311        0.483344        0.236451

     C   14       -0.108247       -0.250030        0.046607
     C   14       -0.250030        0.301489       -0.483912
     C   14        0.046607       -0.483912       -0.193242

     H   15        0.369373        0.105290        0.400021
     H   15        0.105290       -0.459926       -0.245453
     H   15        0.400021       -0.245453        0.090554

     C   16       -0.852786        0.028357       -0.081048
     C   16        0.028357        0.822202        0.242438
     C   16       -0.081048        0.242438        0.030585

     C   17        0.246791        0.124737        0.153396
     C   17        0.124737        0.230142       -0.237672
     C   17        0.153396       -0.237672       -0.476933

     Cl  18        0.425139        0.253975        0.624513
     Cl  18        0.253975        1.712532        1.267219
     Cl  18        0.624513        1.267219       -2.137670

     H   19       -0.395109       -0.059662        0.098091
     H   19       -0.059662        0.196532       -0.159159
     H   19        0.098091       -0.159159        0.198577

     C   20       -0.513648       -0.067011       -0.396394
     C   20       -0.067011        0.358388       -0.515850
     C   20       -0.396394       -0.515850        0.155260

     H   21        0.032265       -0.434419        0.513621
     H   21       -0.434419       -0.053883        0.063864
     H   21        0.513621        0.063864        0.021617

     C   22        0.114805        0.411709       -0.155399
     C   22        0.411709       -0.092410       -0.084500
     C   22       -0.155399       -0.084500       -0.022395

     C   23       -0.663037       -0.242746       -0.221991
     C   23       -0.242746        0.431932       -0.537014
     C   23       -0.221991       -0.537014        0.231106

     Cl  24        0.246493        2.509170       -0.797825
     Cl  24        2.509170        0.038173       -1.530707
     Cl  24       -0.797825       -1.530707       -0.284666

     ----- total EFG (symmetrized) -----
     Cl   1       -0.012560       -0.705106       -0.643624
     Cl   1       -0.705106        0.052452       -1.247360
     Cl   1       -0.643624       -1.247360       -0.039892

     C    2       -0.172567        0.071396       -0.207151
     C    2        0.071396        0.114699       -0.221930
     C    2       -0.207151       -0.221930        0.057868

     C    3        0.042306        0.280625       -0.109881
     C    3        0.280625       -0.007535       -0.389681
     C    3       -0.109881       -0.389681       -0.034771

     H    4        0.422618        0.223710        0.283631
     H    4        0.223710        0.117202        0.228755
     H    4        0.283631        0.228755       -0.539820

     C    5       -0.559468        0.365617       -0.157240
     C    5        0.365617        0.739829        0.035731
     C    5       -0.157240        0.035731       -0.180361

     H    6       -0.199274       -0.054682        0.114249
     H    6       -0.054682        0.335998        0.156477
     H    6        0.114249        0.156477       -0.136724

     H    7       -0.052535       -0.059977        0.048161
     H    7       -0.059977       -0.012872       -0.213309
     H    7        0.048161       -0.213309        0.065407

     C    8        0.127898        0.246600       -0.116894
     C    8        0.246600        0.253405        0.080261
     C    8       -0.116894        0.080261       -0.381304

     H    9        0.594657       -0.051740        0.263355
     H    9       -0.051740       -0.601280       -0.182214
     H    9        0.263355       -0.182214        0.006623

     C   10       -0.785319       -0.258763       -0.234867
     C   10       -0.258763        0.854737       -0.322789
     C   10       -0.234867       -0.322789       -0.069418

     C   11        0.314596        0.615670       -0.332981
     C   11        0.615670       -0.067501        0.073652
     C   11       -0.332981        0.073652       -0.247095

     Cl  12       -0.818303        1.447325        0.185197
     Cl  12        1.447325        2.007431        1.446155
     Cl  12        0.185197        1.446155       -1.189128

     H   13       -0.080732        0.011915       -0.011311
     H   13        0.011915       -0.155718        0.483344
     H   13       -0.011311        0.483344        0.236451

     C   14       -0.108247       -0.250030        0.046607
     C   14       -0.250030        0.301489       -0.483912
     C   14        0.046607       -0.483912       -0.193242

     H   15        0.369373        0.105290        0.400021
     H   15        0.105290       -0.459926       -0.245453
     H   15        0.400021       -0.245453        0.090554

     C   16       -0.852786        0.028357       -0.081048
     C   16        0.028357        0.822202        0.242438
     C   16       -0.081048        0.242438        0.030585

     C   17        0.246791        0.124737        0.153396
     C   17        0.124737        0.230142       -0.237672
     C   17        0.153396       -0.237672       -0.476933

     Cl  18        0.425139        0.253975        0.624513
     Cl  18        0.253975        1.712532        1.267219
     Cl  18        0.624513        1.267219       -2.137670

     H   19       -0.395109       -0.059662        0.098091
     H   19       -0.059662        0.196532       -0.159159
     H   19        0.098091       -0.159159        0.198577

     C   20       -0.513648       -0.067011       -0.396394
     C   20       -0.067011        0.358388       -0.515850
     C   20       -0.396394       -0.515850        0.155260

     H   21        0.032265       -0.434419        0.513621
     H   21       -0.434419       -0.053883        0.063864
     H   21        0.513621        0.063864        0.021617

     C   22        0.114805        0.411709       -0.155399
     C   22        0.411709       -0.092410       -0.084500
     C   22       -0.155399       -0.084500       -0.022395

     C   23       -0.663037       -0.242746       -0.221991
     C   23       -0.242746        0.431932       -0.537014
     C   23       -0.221991       -0.537014        0.231106

     Cl  24        0.246493        2.509170       -0.797825
     Cl  24        2.509170        0.038173       -1.530707
     Cl  24       -0.797825       -1.530707       -0.284666


     NQR/NMR SPECTROSCOPIC PARAMETERS:
     Cl   1    Vxx=    0.5027    axis=( -0.875440  0.280486  0.393615)
     Cl   1    Vyy=    1.2586    axis=(  0.067114 -0.735951  0.673700)
     Cl   1    Vzz=   -1.7613    axis=( -0.478644 -0.616202 -0.625456)
     Cl   1  Q=        -8.1650 1e-30 m^2  Cq=        33.7905 MHz  eta= 0.42914

     C    2    Vxx=   -0.0759    axis=( -0.479971  0.735886  0.477599)
     C    2    Vyy=   -0.3028    axis=( -0.809484 -0.161635 -0.564456)
     C    2    Vzz=    0.3787    axis=( -0.338178 -0.657530  0.673268)
     C    2  Q=         1.0000 1e-30 m^2  Cq=         0.8897 MHz  eta= 0.59910

     C    3    Vxx=   -0.0864    axis=(  0.816224 -0.156513  0.556132)
     C    3    Vyy=   -0.4453    axis=(  0.281851 -0.732408 -0.619790)
     C    3    Vzz=    0.5317    axis=( -0.504320 -0.662633  0.553695)
     C    3  Q=         1.0000 1e-30 m^2  Cq=         1.2492 MHz  eta= 0.67509

     H    4    Vxx=    0.0053    axis=(  0.516657 -0.851601 -0.088551)
     H    4    Vyy=    0.6490    axis=(  0.831380  0.474275  0.289604)
     H    4    Vzz=   -0.6543    axis=( -0.204630 -0.223245  0.953042)
     H    4  Q=         1.0000 1e-30 m^2  Cq=        -1.5374 MHz  eta= 0.98391

     C    5    Vxx=   -0.1309    axis=( -0.282826  0.079537  0.955868)
     C    5    Vyy=   -0.7048    axis=( -0.924912  0.241347 -0.293749)
     C    5    Vzz=    0.8357    axis=( -0.254060 -0.967174  0.005305)
     C    5  Q=         1.0000 1e-30 m^2  Cq=         1.9635 MHz  eta= 0.68681

     H    6    Vxx=   -0.0665    axis=(  0.683469 -0.181959  0.706938)
     H    6    Vyy=   -0.3172    axis=( -0.729142 -0.216547  0.649199)
     H    6    Vzz=    0.3838    axis=( -0.034957  0.959165  0.280677)
     H    6  Q=         1.0000 1e-30 m^2  Cq=         0.9017 MHz  eta= 0.65322

     H    7    Vxx=   -0.0688    axis=( -0.964897 -0.056420  0.256498)
     H    7    Vyy=   -0.1924    axis=( -0.119329 -0.775835 -0.619548)
     H    7    Vzz=    0.2613    axis=(  0.233955 -0.628408  0.741869)
     H    7  Q=         1.0000 1e-30 m^2  Cq=         0.6139 MHz  eta= 0.47302

     C    8    Vxx=   -0.0099    axis=( -0.733740  0.578709  0.355980)
     C    8    Vyy=   -0.4353    axis=(  0.286541 -0.211493  0.934433)
     C    8    Vzz=    0.4452    axis=( -0.616052 -0.787634  0.010643)
     C    8  Q=         1.0000 1e-30 m^2  Cq=         1.0460 MHz  eta= 0.95559

     H    9    Vxx=   -0.0533    axis=( -0.381331 -0.259090  0.887389)
     H    9    Vyy=   -0.6521    axis=( -0.017788  0.961801  0.273172)
     H    9    Vzz=    0.7054    axis=( -0.924267  0.088384 -0.371373)
     H    9  Q=         1.0000 1e-30 m^2  Cq=         1.6575 MHz  eta= 0.84875

     C   10    Vxx=   -0.0519    axis=( -0.366439  0.217503  0.904663)
     C   10    Vyy=   -0.9229    axis=(  0.924577  0.194113  0.327836)
     C   10    Vzz=    0.9748    axis=(  0.104302 -0.956563  0.272229)
     C   10  Q=         1.0000 1e-30 m^2  Cq=         2.2904 MHz  eta= 0.89354

     C   11    Vxx=   -0.1330    axis=(  0.156814 -0.555618 -0.816515)
     C   11    Vyy=   -0.6847    axis=(  0.565088 -0.627567  0.535570)
     C   11    Vzz=    0.8178    axis=( -0.809991 -0.545388  0.215562)
     C   11  Q=         1.0000 1e-30 m^2  Cq=         1.9214 MHz  eta= 0.67466

     Cl  12    Vxx=   -1.1543    axis=(  0.819277 -0.118420 -0.561036)
     Cl  12    Vyy=   -1.9284    axis=( -0.459284  0.450247 -0.765725)
     Cl  12    Vzz=    3.0827    axis=(  0.343282  0.885016  0.314489)
     Cl  12  Q=        -8.1650 1e-30 m^2  Cq=       -59.1403 MHz  eta= 0.25110

     H   13    Vxx=   -0.0801    axis=(  0.999176  0.035840 -0.019022)
     H   13    Vyy=   -0.4819    axis=( -0.040352  0.828701 -0.558235)
     H   13    Vzz=    0.5620    axis=( -0.004243  0.558543  0.829465)
     H   13  Q=         1.0000 1e-30 m^2  Cq=         1.3204 MHz  eta= 0.71497

     C   14    Vxx=   -0.1581    axis=(  0.922963  0.115560 -0.367131)
     C   14    Vyy=   -0.5126    axis=(  0.248264  0.550157  0.797303)
     C   14    Vzz=    0.6707    axis=(  0.294116 -0.827027  0.479085)
     C   14  Q=         1.0000 1e-30 m^2  Cq=         1.5759 MHz  eta= 0.52860

     H   15    Vxx=   -0.0350    axis=( -0.529099 -0.518906  0.671409)
     H   15    Vyy=   -0.6217    axis=(  0.270672 -0.853107 -0.446033)
     H   15    Vzz=    0.6566    axis=(  0.804233 -0.054264  0.591832)
     H   15  Q=         1.0000 1e-30 m^2  Cq=         1.5428 MHz  eta= 0.89346

     C   16    Vxx=   -0.0288    axis=( -0.103452 -0.269310  0.957481)
     C   16    Vyy=   -0.8617    axis=( -0.994630  0.030967 -0.098756)
     C   16    Vzz=    0.8906    axis=( -0.003055 -0.962556 -0.271067)
     C   16  Q=         1.0000 1e-30 m^2  Cq=         2.0925 MHz  eta= 0.93521

     C   17    Vxx=    0.2216    axis=( -0.724677  0.588054 -0.359216)
     C   17    Vyy=    0.3682    axis=(  0.654587  0.750342 -0.092207)
     C   17    Vzz=   -0.5898    axis=( -0.215312  0.301958  0.928688)
     C   17  Q=         1.0000 1e-30 m^2  Cq=        -1.3857 MHz  eta= 0.24850

     Cl  18    Vxx=    0.4130    axis=(  0.955438 -0.279457  0.095092)
     Cl  18    Vyy=    2.1964    axis=(  0.239429  0.922062  0.304097)
     Cl  18    Vzz=   -2.6094    axis=( -0.172663 -0.267778  0.947883)
     Cl  18  Q=        -8.1650 1e-30 m^2  Cq=        50.0604 MHz  eta= 0.68345

     H   19    Vxx=    0.0399    axis=( -0.056429 -0.722119 -0.689464)
     H   19    Vyy=    0.3730    axis=( -0.144214  0.689217 -0.710058)
     H   19    Vzz=   -0.4129    axis=( -0.987936 -0.059362  0.143032)
     H   19  Q=         1.0000 1e-30 m^2  Cq=        -0.9701 MHz  eta= 0.80669

     C   20    Vxx=   -0.0373    axis=( -0.548258  0.627644  0.552699)
     C   20    Vyy=   -0.7781    axis=(  0.820477  0.275690  0.500811)
     C   20    Vzz=    0.8154    axis=( -0.161958 -0.728050  0.666117)
     C   20  Q=         1.0000 1e-30 m^2  Cq=         1.9160 MHz  eta= 0.90844

     H   21    Vxx=    0.0405    axis=( -0.071059  0.762155  0.643483)
     H   21    Vyy=    0.6562    axis=( -0.732175  0.398253 -0.552552)
     H   21    Vzz=   -0.6967    axis=(  0.677400  0.510406 -0.529731)
     H   21  Q=         1.0000 1e-30 m^2  Cq=        -1.6370 MHz  eta= 0.88363

     C   22    Vxx=   -0.0791    axis=(  0.202197  0.261069  0.943906)
     C   22    Vyy=   -0.4157    axis=(  0.625739 -0.775862  0.080549)
     C   22    Vzz=    0.4947    axis=(  0.753370  0.574352 -0.320239)
     C   22  Q=         1.0000 1e-30 m^2  Cq=         1.1624 MHz  eta= 0.68042

     C   23    Vxx=   -0.0439    axis=( -0.464340  0.548179  0.695621)
     C   23    Vyy=   -0.8353    axis=( -0.885111 -0.314791 -0.342760)
     C   23    Vzz=    0.8792    axis=(  0.031081 -0.774859  0.631370)
     C   23  Q=         1.0000 1e-30 m^2  Cq=         2.0659 MHz  eta= 0.90014

     Cl  24    Vxx=   -0.8480    axis=(  0.506412  0.052776  0.860675)
     Cl  24    Vyy=   -2.5438    axis=( -0.588829  0.750339  0.300451)
     Cl  24    Vzz=    3.3918    axis=( -0.629942 -0.658943  0.411057)
     Cl  24  Q=        -8.1650 1e-30 m^2  Cq=       -65.0697 MHz  eta= 0.49999

     Initialization:
     gipaw_setup  :      8.86s CPU     10.69s WALL (       1 calls)

     Linear response

     Apply operators

     Induced current

     Other routines
     efg          :      9.08s CPU     11.27s WALL (       1 calls)

     General routines
     calbec       :      3.17s CPU      4.10s WALL (      16 calls)
     fft          :      1.39s CPU      1.78s WALL (      15 calls)
     ffts         :      0.04s CPU      0.05s WALL (       2 calls)
     fftw         :      3.21s CPU      3.80s WALL (     672 calls)
     davcio       :      0.01s CPU      0.34s WALL (      32 calls)

     Parallel routines
     fft_scatter  :      1.90s CPU      2.69s WALL (     689 calls)

     Plugins

     GIPAW        :     60.13s CPU     73.96s WALL (       1 calls)
