
     Program QE v.6.0 (svn rev. 13079) starts on 22Dec2016 at 22:45:30 

     This program is part of the open-source Quantum ESPRESSO suite
     for quantum simulation of materials; please cite
         "P. Giannozzi et al., J. Phys.:Condens. Matter 21 395502 (2009);
          URL http://www.quantum-espresso.org", 
     in publications or presentations arising from this work. More details at
     http://www.quantum-espresso.org/quote

     Parallel version (MPI), running on     8 processors
     R & G space division:  proc/nbgrp/npool/nimage =       8

     ***** This is GIPAW svn revision unknown      *****

     Parallelizing q-star over 1 images

     Reading data from directory:
     /users/majewski/paradichlorobenzene/pbe/9_constraint/scratch/pbe.ecut100.np8.dt60.pcl2phi-129368.save
     Message from routine read_xml_file:
     file /users/majewski/paradichlorobenzene/pbe/9_constraint/scratch/pbe.ecut100.np8.dt60.pcl2phi-129368.save not guaranteed to be safe for post-processing

   Info: using nr1, nr2, nr3 values from input

   Info: using nr1, nr2, nr3 values from input

     IMPORTANT: XC functional enforced from input :
     Exchange-correlation      =  SLA  PW   PBX  PBC ( 1  4  3  4 0 0)
     Any further DFT definition will be discarded
     Please, verify this is what you really want

               file C.pbe-n-kjpaw_psl.1.0.0.UPF: wavefunction(s)  2S 2P renormalized
               file Cl.pbe-n-kjpaw_psl.1.0.0.UPF: wavefunction(s)  3S 3P renormalized
               file H.pbe-kjpaw_psl.1.0.0.UPF: wavefunction(s)  1S renormalized

     Parallelization info
     --------------------
     sticks:   dense  smooth     PW     G-vecs:    dense   smooth      PW
     Min        3057    1223    332               144436    36536    5170
     Max        3059    1225    333               144437    36537    5171
     Sum       24467    9791   2657              1155489   292295   41363


     Subspace diagonalization in iterative solution of the eigenvalue problem:
     a serial algorithm will be used

     GIPAW projectors -----------------------------------------------
     atom=  C    l=0  rc=    1.2000  rs=    0.8000
     atom=  C    l=0  rc=    1.2000  rs=    0.8000
     atom=  C    l=1  rc=    1.4000  rs=    0.9333
     atom=  C    l=1  rc=    1.4000  rs=    0.9333
     projs nearly linearly dependent: l=1  n1,n2= 1, 2  s=  0.99951561

     atom=  Cl   l=0  rc=    1.6000  rs=    1.0667
     atom=  Cl   l=0  rc=    1.6000  rs=    1.0667
     atom=  Cl   l=1  rc=    1.6000  rs=    1.0667
     atom=  Cl   l=1  rc=    1.6000  rs=    1.0667
     atom=  Cl   l=2  rc=    1.6000  rs=    1.0667
     atom=  Cl   l=2  rc=    1.6000  rs=    1.0667
     projs nearly linearly dependent: l=2  n1,n2= 1, 2  s=  0.99993509

     atom=  H    l=0  rc=    1.0000  rs=    0.6667
     atom=  H    l=0  rc=    1.0000  rs=    0.6667
     projs nearly linearly dependent: l=0  n1,n2= 1, 2  s=  0.99968852
     -----------------------------------------------------------------

     GIPAW integrals: -------------------------------------------
     Atom  i/j   nmr_para   nmr_dia   epr_rmc  epr_para   epr_dia
       C   1 1   0.83E+03  0.17E-01  0.93E+01  0.24E+08  0.24E+03
       C   2 1   0.86E+03 -0.61E-01  0.94E+01  0.25E+08  0.25E+03
       C   2 2   0.90E+03 -0.15E+00  0.97E+01  0.26E+08  0.26E+03
       C   3 3   0.33E+01  0.34E+00  0.18E+01  0.55E+03  0.21E+02
       C   4 3   0.35E+01  0.37E+00  0.20E+01  0.59E+03  0.22E+02
       C   4 4   0.38E+01  0.39E+00  0.22E+01  0.63E+03  0.24E+02
       Cl  1 1   0.14E+04 -0.47E+00  0.84E+01  0.32E+09  0.42E+03
       Cl  2 1   0.21E+04 -0.37E+00  0.12E+02  0.49E+09  0.65E+03
       Cl  2 2   0.33E+04 -0.16E+00  0.21E+02  0.76E+09  0.10E+04
       Cl  3 3   0.21E+02  0.79E-01  0.89E+01  0.23E+05  0.13E+03
       Cl  4 3   0.24E+02  0.67E-01  0.99E+01  0.27E+05  0.15E+03
       Cl  4 4   0.28E+02  0.44E-01  0.11E+02  0.32E+05  0.18E+03
       Cl  5 5   0.77E+00  0.19E+00  0.18E+01  0.12E+03  0.22E+02
       Cl  6 5   0.80E+00  0.19E+00  0.19E+01  0.12E+03  0.23E+02
       Cl  6 6   0.83E+00  0.20E+00  0.19E+01  0.12E+03  0.23E+02
       H   1 1   0.39E+02  0.19E+00  0.29E+00  0.78E+05  0.13E+02
       H   2 1   0.41E+02  0.21E+00  0.32E+00  0.82E+05  0.14E+02
       H   2 2   0.43E+02  0.22E+00  0.36E+00  0.86E+05  0.15E+02
     ------------------------------------------------------------

     alpha_pv=     33.9670 eV

     Number of occupied bands for each k-point:
     k-point:     1    nbnd_occ=  42
     k-point:     2    nbnd_occ=  42
     k-point:     3    nbnd_occ=  42
     k-point:     4    nbnd_occ=  42
     k-point:     5    nbnd_occ=  42
     k-point:     6    nbnd_occ=  42
     k-point:     7    nbnd_occ=  42
     k-point:     8    nbnd_occ=  42
     k-point:     9    nbnd_occ=  42
     k-point:    10    nbnd_occ=  42
     k-point:    11    nbnd_occ=  42
     k-point:    12    nbnd_occ=  42
     k-point:    13    nbnd_occ=  42
     k-point:    14    nbnd_occ=  42
     k-point:    15    nbnd_occ=  42
     k-point:    16    nbnd_occ=  42


     q-space interpolation up to   110.00 Rydberg

     GIPAW job: efg                                                                             


     ELECTRIC FIELD GRADIENTS TENSORS IN Hartree/bohrradius^2:

     ----- bare term -----
     Cl   1       -0.076919        0.123877       -0.051244
     Cl   1        0.123877        0.034149       -0.071487
     Cl   1       -0.051244       -0.071487        0.042771

     C    2       -0.027276        0.026057       -0.093243
     C    2        0.026057       -0.006531       -0.410726
     C    2       -0.093243       -0.410726        0.033806

     C    3        0.032402        0.018008        0.234513
     C    3        0.018008       -0.078971        0.226886
     C    3        0.234513        0.226886        0.046569

     H    4       -0.124913       -0.322998        0.095946
     H    4       -0.322998       -0.135424        0.174318
     H    4        0.095946        0.174318        0.260337

     C    5       -0.076160       -0.135233       -0.151642
     C    5       -0.135233       -0.089015        0.007622
     C    5       -0.151642        0.007622        0.165175

     H    6        0.422804       -0.104212       -0.024162
     H    6       -0.104212       -0.655177        0.233255
     H    6       -0.024162        0.233255        0.232373

     H    7        0.396684        0.046415       -0.062702
     H    7        0.046415       -0.539974        0.615850
     H    7       -0.062702        0.615850        0.143290

     C    8       -0.833193       -0.386626       -0.424380
     C    8       -0.386626        0.408443        0.071145
     C    8       -0.424380        0.071145        0.424750

     H    9       -0.107232        0.163562       -0.447694
     H    9        0.163562        0.346740       -0.076180
     H    9       -0.447694       -0.076180       -0.239508

     C   10        0.039756       -0.498102       -0.127338
     C   10       -0.498102       -0.224877        0.601738
     C   10       -0.127338        0.601738        0.185121

     C   11       -0.569828       -0.384664       -0.421842
     C   11       -0.384664        0.335195        0.169876
     C   11       -0.421842        0.169876        0.234633

     Cl  12        0.000560        0.118543       -0.025541
     Cl  12        0.118543        0.101960        0.047975
     Cl  12       -0.025541        0.047975       -0.102520

     H   13        0.406838       -0.168761        0.011867
     H   13       -0.168761       -0.593831       -0.284926
     H   13        0.011867       -0.284926        0.186992

     C   14       -0.560837        0.252787       -0.393259
     C   14        0.252787        0.081244       -0.271466
     C   14       -0.393259       -0.271466        0.479592

     H   15       -0.338010       -0.466640        0.109991
     H   15       -0.466640        0.138384        0.166486
     H   15        0.109991        0.166486        0.199626

     C   16       -0.220058        0.299863       -0.179176
     C   16        0.299863       -0.350264       -0.533839
     C   16       -0.179176       -0.533839        0.570322

     C   17       -0.251824        0.166843       -0.337055
     C   17        0.166843       -0.108717       -0.490399
     C   17       -0.337055       -0.490399        0.360541

     Cl  18        0.005746        0.173478       -0.067172
     Cl  18        0.173478        0.088471       -0.064558
     Cl  18       -0.067172       -0.064558       -0.094217

     H   19        0.426674        0.149467       -0.146936
     H   19        0.149467       -0.286111        0.628604
     H   19       -0.146936        0.628604       -0.140563

     C   20       -0.155506       -0.216463       -0.171238
     C   20       -0.216463       -0.288492        0.303575
     C   20       -0.171238        0.303575        0.443998

     H   21        0.045576        0.131410       -0.405501
     H   21        0.131410        0.471054        0.246638
     H   21       -0.405501        0.246638       -0.516630

     C   22       -0.507646       -0.315545       -0.373854
     C   22       -0.315545       -0.068256        0.162154
     C   22       -0.373854        0.162154        0.575902

     C   23       -0.027834       -0.058894       -0.219002
     C   23       -0.058894       -0.498777        0.353394
     C   23       -0.219002        0.353394        0.526611

     Cl  24       -0.160203       -0.101100       -0.076403
     Cl  24       -0.101100       -0.109584        0.026216
     Cl  24       -0.076403        0.026216        0.269787

     ----- ionic term -----
     Cl   1        0.142397       -0.172661        0.017655
     Cl   1       -0.172661        0.017515       -0.006333
     Cl   1        0.017655       -0.006333       -0.159913

     C    2        0.250267       -0.049384        0.108754
     C    2       -0.049384        0.277226        0.281140
     C    2        0.108754        0.281140       -0.527493

     C    3        0.236848       -0.101847        0.040334
     C    3       -0.101847        0.286886        0.318690
     C    3        0.040334        0.318690       -0.523733

     H    4        0.650774        0.603645        0.331796
     H    4        0.603645       -0.117138        0.220367
     H    4        0.331796        0.220367       -0.533636

     C    5        0.406914       -0.008460        0.080841
     C    5       -0.008460        0.116224        0.285851
     C    5        0.080841        0.285851       -0.523138

     H    6       -0.528073        0.057697        0.000657
     H    6        0.057697        0.806214        0.597363
     H    6        0.000657        0.597363       -0.278141

     H    7       -0.519331       -0.057708        0.070109
     H    7       -0.057708        0.681453       -0.690263
     H    7        0.070109       -0.690263       -0.162122

     C    8        0.221963        0.293059        0.369364
     C    8        0.293059        0.060964       -0.238536
     C    8        0.369364       -0.238536       -0.282928

     H    9        0.438218       -0.263897        0.737803
     H    9       -0.263897       -0.429745       -0.262035
     H    9        0.737803       -0.262035       -0.008473

     C   10        0.139054        0.325956        0.261241
     C   10        0.325956        0.138788       -0.301541
     C   10        0.261241       -0.301541       -0.277842

     C   11        0.208193        0.212796        0.326552
     C   11        0.212796        0.000974       -0.324931
     C   11        0.326552       -0.324931       -0.209167

     Cl  12        0.176574        0.202023        0.023036
     Cl  12        0.202023       -0.025472        0.009810
     Cl  12        0.023036        0.009810       -0.151102

     H   13       -0.508628        0.162513        0.065921
     H   13        0.162513        0.866212        0.529523
     H   13        0.065921        0.529523       -0.357584

     C   14        0.393452       -0.060608        0.067998
     C   14       -0.060608        0.142133        0.255202
     C   14        0.067998        0.255202       -0.535586

     H   15        0.740959        0.560661        0.269944
     H   15        0.560661       -0.207576        0.179819
     H   15        0.269944        0.179819       -0.533384

     C   16        0.275141       -0.141736        0.015913
     C   16       -0.141736        0.263959        0.304516
     C   16        0.015913        0.304516       -0.539100

     C   17        0.375114        0.043199        0.090410
     C   17        0.043199        0.169625        0.315041
     C   17        0.090410        0.315041       -0.544739

     Cl  18        0.200974       -0.173218       -0.024395
     Cl  18       -0.173218       -0.067932        0.009845
     Cl  18       -0.024395        0.009845       -0.133042

     H   19       -0.520234       -0.118548        0.082947
     H   19       -0.118548        0.601143       -0.721983
     H   19        0.082947       -0.721983       -0.080909

     C   20        0.186249        0.236943        0.340655
     C   20        0.236943        0.066000       -0.274265
     C   20        0.340655       -0.274265       -0.252249

     H   21        0.454778       -0.257923        0.759226
     H   21       -0.257923       -0.447344       -0.268138
     H   21        0.759226       -0.268138       -0.007434

     C   22        0.032006        0.293117        0.231139
     C   22        0.293117        0.254862       -0.404418
     C   22        0.231139       -0.404418       -0.286868

     C   23        0.062553        0.247883        0.321359
     C   23        0.247883        0.175251       -0.393191
     C   23        0.321359       -0.393191       -0.237805

     Cl  24        0.101702        0.221504        0.021604
     Cl  24        0.221504        0.050167        0.014682
     Cl  24        0.021604        0.014682       -0.151869

     ----- GIPAW term -----
     Cl   1        0.250526        0.117374       -1.456305
     Cl   1        0.117374        0.489752       -1.881879
     Cl   1       -1.456305       -1.881879       -0.740278

     C    2       -0.017651        0.009152       -0.047028
     C    2        0.009152        0.039460       -0.113249
     C    2       -0.047028       -0.113249       -0.021809

     C    3        0.019380       -0.014334        0.024472
     C    3       -0.014334        0.002628        0.040384
     C    3        0.024472        0.040384       -0.022008

     H    4       -0.000000        0.000000        0.000000
     H    4        0.000000        0.000000        0.000000
     H    4        0.000000        0.000000        0.000000

     C    5       -0.012368       -0.018480        0.003716
     C    5       -0.018480       -0.004935       -0.026619
     C    5        0.003716       -0.026619        0.017303

     H    6       -0.000000        0.000000        0.000000
     H    6        0.000000        0.000000        0.000000
     H    6        0.000000        0.000000        0.000000

     H    7       -0.000000        0.000000        0.000000
     H    7        0.000000        0.000000        0.000000
     H    7        0.000000        0.000000        0.000000

     C    8       -0.218168       -0.119528       -0.027145
     C    8       -0.119528        0.223684       -0.124233
     C    8       -0.027145       -0.124233       -0.005515

     H    9       -0.000000        0.000000        0.000000
     H    9        0.000000        0.000000        0.000000
     H    9        0.000000        0.000000        0.000000

     C   10       -0.010023       -0.207466       -0.044739
     C   10       -0.207466        0.093980        0.133670
     C   10       -0.044739        0.133670       -0.083957

     C   11       -0.112425       -0.093921       -0.041862
     C   11       -0.093921        0.267372       -0.040625
     C   11       -0.041862       -0.040625       -0.154947

     Cl  12        1.104793        2.867898       -0.107816
     Cl  12        2.867898        1.027434        0.465907
     Cl  12       -0.107816        0.465907       -2.132227

     H   13       -0.000000        0.000000        0.000000
     H   13        0.000000        0.000000        0.000000
     H   13        0.000000        0.000000        0.000000

     C   14       -0.106957        0.056734       -0.037263
     C   14        0.056734        0.013927       -0.003825
     C   14       -0.037263       -0.003825        0.093030

     H   15       -0.000000        0.000000        0.000000
     H   15        0.000000        0.000000        0.000000
     H   15        0.000000        0.000000        0.000000

     C   16       -0.121563        0.049586       -0.068447
     C   16        0.049586       -0.102449       -0.151280
     C   16       -0.068447       -0.151280        0.224012

     C   17       -0.004878       -0.102277       -0.052994
     C   17       -0.102277        0.019802       -0.129329
     C   17       -0.052994       -0.129329       -0.014924

     Cl  18        1.612868        0.242783       -0.859663
     Cl  18        0.242783        0.797924       -0.765371
     Cl  18       -0.859663       -0.765371       -2.410792

     H   19       -0.000000        0.000000        0.000000
     H   19        0.000000        0.000000        0.000000
     H   19        0.000000        0.000000        0.000000

     C   20       -0.096082       -0.047941        0.007658
     C   20       -0.047941       -0.051989       -0.101227
     C   20        0.007658       -0.101227        0.148070

     H   21       -0.000000        0.000000        0.000000
     H   21        0.000000        0.000000        0.000000
     H   21        0.000000        0.000000        0.000000

     C   22       -0.196384       -0.013155       -0.146762
     C   22       -0.013155       -0.077534       -0.064078
     C   22       -0.146762       -0.064078        0.273918

     C   23       -0.069325        0.084671       -0.008842
     C   23        0.084671       -0.153901       -0.093673
     C   23       -0.008842       -0.093673        0.223226

     Cl  24       -0.591701        1.352077       -0.889490
     Cl  24        1.352077       -1.408991        0.434774
     Cl  24       -0.889490        0.434774        2.000692

     ----- total EFG -----
     Cl   1        0.316004        0.068590       -1.489894
     Cl   1        0.068590        0.541416       -1.959699
     Cl   1       -1.489894       -1.959699       -0.857420

     C    2        0.205340       -0.014175       -0.031518
     C    2       -0.014175        0.310155       -0.242835
     C    2       -0.031518       -0.242835       -0.515495

     C    3        0.288630       -0.098173        0.299319
     C    3       -0.098173        0.210543        0.585959
     C    3        0.299319        0.585959       -0.499173

     H    4        0.525861        0.280647        0.427742
     H    4        0.280647       -0.252562        0.394685
     H    4        0.427742        0.394685       -0.273299

     C    5        0.318386       -0.162174       -0.067085
     C    5       -0.162174        0.022274        0.266854
     C    5       -0.067085        0.266854       -0.340660

     H    6       -0.105269       -0.046515       -0.023505
     H    6       -0.046515        0.151038        0.830618
     H    6       -0.023505        0.830618       -0.045768

     H    7       -0.122646       -0.011293        0.007407
     H    7       -0.011293        0.141479       -0.074413
     H    7        0.007407       -0.074413       -0.018833

     C    8       -0.829398       -0.213095       -0.082161
     C    8       -0.213095        0.693091       -0.291625
     C    8       -0.082161       -0.291625        0.136307

     H    9        0.330986       -0.100335        0.290108
     H    9       -0.100335       -0.083005       -0.338216
     H    9        0.290108       -0.338216       -0.247981

     C   10        0.168787       -0.379613        0.089164
     C   10       -0.379613        0.007892        0.433866
     C   10        0.089164        0.433866       -0.176679

     C   11       -0.474060       -0.265788       -0.137152
     C   11       -0.265788        0.603540       -0.195680
     C   11       -0.137152       -0.195680       -0.129480

     Cl  12        1.281926        3.188464       -0.110321
     Cl  12        3.188464        1.103922        0.523693
     Cl  12       -0.110321        0.523693       -2.385848

     H   13       -0.101789       -0.006248        0.077788
     H   13       -0.006248        0.272381        0.244597
     H   13        0.077788        0.244597       -0.170592

     C   14       -0.274341        0.248913       -0.362524
     C   14        0.248913        0.237304       -0.020089
     C   14       -0.362524       -0.020089        0.037037

     H   15        0.402950        0.094021        0.379935
     H   15        0.094021       -0.069192        0.346305
     H   15        0.379935        0.346305       -0.333758

     C   16       -0.066481        0.207713       -0.231710
     C   16        0.207713       -0.188753       -0.380603
     C   16       -0.231710       -0.380603        0.255234

     C   17        0.118412        0.107764       -0.299638
     C   17        0.107764        0.080709       -0.304687
     C   17       -0.299638       -0.304687       -0.199122

     Cl  18        1.819589        0.243042       -0.951230
     Cl  18        0.243042        0.818464       -0.820083
     Cl  18       -0.951230       -0.820083       -2.638052

     H   19       -0.093560        0.030919       -0.063989
     H   19        0.030919        0.315032       -0.093379
     H   19       -0.063989       -0.093379       -0.221472

     C   20       -0.065338       -0.027462        0.177076
     C   20       -0.027462       -0.274481       -0.071917
     C   20        0.177076       -0.071917        0.339820

     H   21        0.500354       -0.126513        0.353725
     H   21       -0.126513        0.023710       -0.021501
     H   21        0.353725       -0.021501       -0.524065

     C   22       -0.672024       -0.035582       -0.289476
     C   22       -0.035582        0.109072       -0.306342
     C   22       -0.289476       -0.306342        0.562952

     C   23       -0.034606        0.273660        0.093514
     C   23        0.273660       -0.477427       -0.133469
     C   23        0.093514       -0.133469        0.512033

     Cl  24       -0.650203        1.472481       -0.944289
     Cl  24        1.472481       -1.468408        0.475672
     Cl  24       -0.944289        0.475672        2.118610

     ----- total EFG (symmetrized) -----
     Cl   1        0.316004        0.068590       -1.489894
     Cl   1        0.068590        0.541416       -1.959699
     Cl   1       -1.489894       -1.959699       -0.857420

     C    2        0.205340       -0.014175       -0.031518
     C    2       -0.014175        0.310155       -0.242835
     C    2       -0.031518       -0.242835       -0.515495

     C    3        0.288630       -0.098173        0.299319
     C    3       -0.098173        0.210543        0.585959
     C    3        0.299319        0.585959       -0.499173

     H    4        0.525861        0.280647        0.427742
     H    4        0.280647       -0.252562        0.394685
     H    4        0.427742        0.394685       -0.273299

     C    5        0.318386       -0.162174       -0.067085
     C    5       -0.162174        0.022274        0.266854
     C    5       -0.067085        0.266854       -0.340660

     H    6       -0.105269       -0.046515       -0.023505
     H    6       -0.046515        0.151038        0.830618
     H    6       -0.023505        0.830618       -0.045768

     H    7       -0.122646       -0.011293        0.007407
     H    7       -0.011293        0.141479       -0.074413
     H    7        0.007407       -0.074413       -0.018833

     C    8       -0.829398       -0.213095       -0.082161
     C    8       -0.213095        0.693091       -0.291625
     C    8       -0.082161       -0.291625        0.136307

     H    9        0.330986       -0.100335        0.290108
     H    9       -0.100335       -0.083005       -0.338216
     H    9        0.290108       -0.338216       -0.247981

     C   10        0.168787       -0.379613        0.089164
     C   10       -0.379613        0.007892        0.433866
     C   10        0.089164        0.433866       -0.176679

     C   11       -0.474060       -0.265788       -0.137152
     C   11       -0.265788        0.603540       -0.195680
     C   11       -0.137152       -0.195680       -0.129480

     Cl  12        1.281926        3.188464       -0.110321
     Cl  12        3.188464        1.103922        0.523693
     Cl  12       -0.110321        0.523693       -2.385848

     H   13       -0.101789       -0.006248        0.077788
     H   13       -0.006248        0.272381        0.244597
     H   13        0.077788        0.244597       -0.170592

     C   14       -0.274341        0.248913       -0.362524
     C   14        0.248913        0.237304       -0.020089
     C   14       -0.362524       -0.020089        0.037037

     H   15        0.402950        0.094021        0.379935
     H   15        0.094021       -0.069192        0.346305
     H   15        0.379935        0.346305       -0.333758

     C   16       -0.066481        0.207713       -0.231710
     C   16        0.207713       -0.188753       -0.380603
     C   16       -0.231710       -0.380603        0.255234

     C   17        0.118412        0.107764       -0.299638
     C   17        0.107764        0.080709       -0.304687
     C   17       -0.299638       -0.304687       -0.199122

     Cl  18        1.819589        0.243042       -0.951230
     Cl  18        0.243042        0.818464       -0.820083
     Cl  18       -0.951230       -0.820083       -2.638052

     H   19       -0.093560        0.030919       -0.063989
     H   19        0.030919        0.315032       -0.093379
     H   19       -0.063989       -0.093379       -0.221472

     C   20       -0.065338       -0.027462        0.177076
     C   20       -0.027462       -0.274481       -0.071917
     C   20        0.177076       -0.071917        0.339820

     H   21        0.500354       -0.126513        0.353725
     H   21       -0.126513        0.023710       -0.021501
     H   21        0.353725       -0.021501       -0.524065

     C   22       -0.672024       -0.035582       -0.289476
     C   22       -0.035582        0.109072       -0.306342
     C   22       -0.289476       -0.306342        0.562952

     C   23       -0.034606        0.273660        0.093514
     C   23        0.273660       -0.477427       -0.133469
     C   23        0.093514       -0.133469        0.512033

     Cl  24       -0.650203        1.472481       -0.944289
     Cl  24        1.472481       -1.468408        0.475672
     Cl  24       -0.944289        0.475672        2.118610


     NQR/NMR SPECTROSCOPIC PARAMETERS:
     Cl   1    Vxx=    0.3309    axis=(  0.805760 -0.591190 -0.035294)
     Cl   1    Vyy=    2.3932    axis=(  0.454403  0.655346 -0.603357)
     Cl   1    Vzz=   -2.7242    axis=(  0.379829  0.470123  0.796690)
     Cl   1  Q=        -8.1650 1e-30 m^2  Cq=        52.2614 MHz  eta= 0.75703

     C    2    Vxx=    0.2066    axis=(  0.998560  0.019288 -0.050068)
     C    2    Vyy=    0.3765    axis=( -0.031746  0.964677 -0.261515)
     C    2    Vzz=   -0.5831    axis=(  0.043255  0.262727  0.963900)
     C    2  Q=         1.0000 1e-30 m^2  Cq=        -1.3700 MHz  eta= 0.29121

     C    3    Vxx=    0.3498    axis=(  0.923655 -0.377677  0.064975)
     C    3    Vyy=    0.5594    axis=(  0.290232  0.800112  0.524963)
     C    3    Vzz=   -0.9092    axis=( -0.250254 -0.466027  0.848641)
     C    3  Q=         1.0000 1e-30 m^2  Cq=        -2.1363 MHz  eta= 0.23048

     H    4    Vxx=   -0.1998    axis=(  0.548265 -0.683885 -0.481359)
     H    4    Vyy=   -0.6715    axis=(  0.123366  0.635418 -0.762250)
     H    4    Vzz=    0.8713    axis=(  0.827156  0.358532  0.432746)
     H    4  Q=         1.0000 1e-30 m^2  Cq=         2.0472 MHz  eta= 0.54148

     C    5    Vxx=    0.0500    axis=( -0.544753 -0.733088 -0.407218)
     C    5    Vyy=    0.4323    axis=( -0.838308  0.488786  0.241512)
     C    5    Vzz=   -0.4823    axis=( -0.021993 -0.472939  0.880821)
     C    5  Q=         1.0000 1e-30 m^2  Cq=        -1.1331 MHz  eta= 0.79266

     H    6    Vxx=   -0.1076    axis=( -0.998531 -0.024669 -0.048238)
     H    6    Vyy=   -0.7841    axis=( -0.019670 -0.664525  0.747007)
     H    6    Vzz=    0.8916    axis=(  0.050483 -0.746858 -0.663064)
     H    6  Q=         1.0000 1e-30 m^2  Cq=         2.0949 MHz  eta= 0.75874

     H    7    Vxx=   -0.0479    axis=(  0.036630  0.367278  0.929390)
     H    7    Vyy=   -0.1233    axis=( -0.998318 -0.028366  0.050556)
     H    7    Vzz=    0.1713    axis=(  0.044931 -0.929679  0.365621)
     H    7  Q=         1.0000 1e-30 m^2  Cq=         0.4025 MHz  eta= 0.44016

     C    8    Vxx=    0.0396    axis=( -0.173602  0.353589  0.919150)
     C    8    Vyy=    0.8343    axis=(  0.099675 -0.922221  0.373596)
     C    8    Vzz=   -0.8739    axis=(  0.979759  0.156473  0.124855)
     C    8  Q=         1.0000 1e-30 m^2  Cq=        -2.0533 MHz  eta= 0.90928

     H    9    Vxx=    0.0063    axis=(  0.555155  0.748651 -0.362387)
     H    9    Vyy=    0.5423    axis=( -0.805918  0.376441 -0.456933)
     H    9    Vzz=   -0.5486    axis=( -0.205666  0.545723  0.812335)
     H    9  Q=         1.0000 1e-30 m^2  Cq=        -1.2891 MHz  eta= 0.97701

     C   10    Vxx=    0.0999    axis=(  0.691713  0.281724  0.664955)
     C   10    Vyy=    0.5523    axis=( -0.618744  0.706018  0.344521)
     C   10    Vzz=   -0.6522    axis=( -0.372410 -0.649747  0.662677)
     C   10  Q=         1.0000 1e-30 m^2  Cq=        -1.5324 MHz  eta= 0.69367

     C   11    Vxx=   -0.0917    axis=( -0.399016  0.103873  0.911042)
     C   11    Vyy=   -0.6055    axis=(  0.895914  0.255734  0.363233)
     C   11    Vzz=    0.6973    axis=( -0.195254  0.961151 -0.195103)
     C   11  Q=         1.0000 1e-30 m^2  Cq=         1.6383 MHz  eta= 0.73691

     Cl  12    Vxx=   -1.7029    axis=( -0.602804  0.583154  0.544573)
     Cl  12    Vyy=   -2.6918    axis=(  0.355796 -0.414441  0.837644)
     Cl  12    Vzz=    4.3948    axis=( -0.714169 -0.698692 -0.042343)
     Cl  12  Q=        -8.1650 1e-30 m^2  Cq=       -84.3111 MHz  eta= 0.22501

     H   13    Vxx=   -0.0765    axis=(  0.938520 -0.186760  0.290345)
     H   13    Vyy=   -0.3058    axis=(  0.340944  0.369399 -0.864466)
     H   13    Vzz=    0.3823    axis=(  0.054194  0.910311  0.410363)
     H   13  Q=         1.0000 1e-30 m^2  Cq=         0.8982 MHz  eta= 0.59986

     C   14    Vxx=    0.1325    axis=(  0.223915 -0.667836 -0.709829)
     C   14    Vyy=    0.4308    axis=( -0.505563 -0.702260  0.501236)
     C   14    Vzz=   -0.5633    axis=(  0.833228 -0.246628  0.494880)
     C   14  Q=         1.0000 1e-30 m^2  Cq=        -1.3236 MHz  eta= 0.52960

     H   15    Vxx=    0.0032    axis=(  0.481277 -0.822629 -0.302743)
     H   15    Vyy=    0.6405    axis=(  0.835651  0.326289  0.441841)
     H   15    Vzz=   -0.6438    axis=( -0.264690 -0.465635  0.844466)
     H   15  Q=         1.0000 1e-30 m^2  Cq=        -1.5127 MHz  eta= 0.98991

     C   16    Vxx=   -0.1875    axis=(  0.877590  0.022794  0.478870)
     C   16    Vyy=   -0.4238    axis=( -0.245853  0.878922  0.408721)
     C   16    Vzz=    0.6114    axis=( -0.411573 -0.476421  0.776937)
     C   16  Q=         1.0000 1e-30 m^2  Cq=         1.4365 MHz  eta= 0.38655

     C   17    Vxx=   -0.0082    axis=(  0.699982 -0.713072  0.039410)
     C   17    Vyy=   -0.4695    axis=(  0.357700  0.397827  0.844858)
     C   17    Vzz=    0.4777    axis=( -0.618123 -0.577288  0.533537)
     C   17  Q=         1.0000 1e-30 m^2  Cq=         1.1224 MHz  eta= 0.96551

     Cl  18    Vxx=    0.8363    axis=(  0.349189 -0.928859  0.123645)
     Cl  18    Vyy=    2.1474    axis=(  0.919421  0.314147 -0.236593)
     Cl  18    Vzz=   -2.9837    axis=(  0.180919  0.196298  0.963709)
     Cl  18  Q=        -8.1650 1e-30 m^2  Cq=        57.2402 MHz  eta= 0.43944

     H   19    Vxx=   -0.0768    axis=(  0.936353 -0.149576 -0.317599)
     H   19    Vyy=   -0.2580    axis=( -0.337410 -0.133634 -0.931824)
     H   19    Vzz=    0.3348    axis=(  0.096937  0.979678 -0.175597)
     H   19  Q=         1.0000 1e-30 m^2  Cq=         0.7867 MHz  eta= 0.54129

     C   20    Vxx=   -0.1318    axis=( -0.936047  0.002807  0.351864)
     C   20    Vyy=   -0.2831    axis=(  0.041660  0.993819  0.102898)
     C   20    Vzz=    0.4149    axis=(  0.349400 -0.110976  0.930378)
     C   20  Q=         1.0000 1e-30 m^2  Cq=         0.9748 MHz  eta= 0.36457

     H   21    Vxx=   -0.0022    axis=(  0.186027  0.978794  0.085768)
     H   21    Vyy=   -0.6348    axis=(  0.300092  0.026521 -0.953542)
     H   21    Vzz=    0.6370    axis=( -0.935596  0.203122 -0.288794)
     H   21  Q=         1.0000 1e-30 m^2  Cq=         1.4967 MHz  eta= 0.99303

     C   22    Vxx=   -0.0099    axis=(  0.212495 -0.902289 -0.375128)
     C   22    Vyy=   -0.7494    axis=(  0.962130  0.126116  0.241664)
     C   22    Vzz=    0.7593    axis=( -0.170742 -0.412274  0.894917)
     C   22  Q=         1.0000 1e-30 m^2  Cq=         1.7841 MHz  eta= 0.97390

     C   23    Vxx=    0.0944    axis=(  0.895006  0.442120 -0.059111)
     C   23    Vyy=    0.5363    axis=( -0.114329  0.099285 -0.988469)
     C   23    Vzz=   -0.6307    axis=( -0.431153  0.891444  0.139408)
     C   23  Q=         1.0000 1e-30 m^2  Cq=        -1.4818 MHz  eta= 0.70062

     Cl  24    Vxx=    0.3645    axis=(  0.732068  0.645010  0.219177)
     Cl  24    Vyy=    2.4101    axis=(  0.292008 -0.006434 -0.956394)
     Cl  24    Vzz=   -2.7746    axis=( -0.615473  0.764147 -0.193058)
     Cl  24  Q=        -8.1650 1e-30 m^2  Cq=        53.2288 MHz  eta= 0.73729

     Initialization:
     gipaw_setup  :      9.27s CPU     11.84s WALL (       1 calls)

     Linear response

     Apply operators

     Induced current

     Other routines
     efg          :      9.72s CPU     12.85s WALL (       1 calls)

     General routines
     calbec       :      3.28s CPU      4.47s WALL (      16 calls)
     fft          :      1.56s CPU      2.50s WALL (      15 calls)
     ffts         :      0.05s CPU      0.05s WALL (       2 calls)
     fftw         :      3.64s CPU      4.83s WALL (     672 calls)
     davcio       :      0.02s CPU      0.31s WALL (      32 calls)

     Parallel routines
     fft_scatter  :      2.67s CPU      4.55s WALL (     689 calls)

     Plugins

     GIPAW        :     62.44s CPU     75.98s WALL (       1 calls)
