
     Program QE v.6.0 (svn rev. 13079) starts on 20Dec2016 at 10:10:32 

     This program is part of the open-source Quantum ESPRESSO suite
     for quantum simulation of materials; please cite
         "P. Giannozzi et al., J. Phys.:Condens. Matter 21 395502 (2009);
          URL http://www.quantum-espresso.org", 
     in publications or presentations arising from this work. More details at
     http://www.quantum-espresso.org/quote

     Parallel version (MPI), running on     8 processors
     R & G space division:  proc/nbgrp/npool/nimage =       8

     ***** This is GIPAW svn revision unknown      *****

     Parallelizing q-star over 1 images

     Reading data from directory:
     /users/majewski/paradichlorobenzene/pbe/9_constraint/scratch/pbe.ecut100.np8.dt60.pcl2phi-129368.save
     Message from routine read_xml_file:
     file /users/majewski/paradichlorobenzene/pbe/9_constraint/scratch/pbe.ecut100.np8.dt60.pcl2phi-129368.save not guaranteed to be safe for post-processing

   Info: using nr1, nr2, nr3 values from input

   Info: using nr1, nr2, nr3 values from input

     IMPORTANT: XC functional enforced from input :
     Exchange-correlation      =  SLA  PW   PBX  PBC ( 1  4  3  4 0 0)
     Any further DFT definition will be discarded
     Please, verify this is what you really want

               file C.pbe-n-kjpaw_psl.1.0.0.UPF: wavefunction(s)  2S 2P renormalized
               file Cl.pbe-n-kjpaw_psl.1.0.0.UPF: wavefunction(s)  3S 3P renormalized
               file H.pbe-kjpaw_psl.1.0.0.UPF: wavefunction(s)  1S renormalized

     Parallelization info
     --------------------
     sticks:   dense  smooth     PW     G-vecs:    dense   smooth      PW
     Min        3057    1223    332               144436    36536    5170
     Max        3059    1225    333               144437    36537    5171
     Sum       24467    9791   2657              1155489   292295   41363


     Subspace diagonalization in iterative solution of the eigenvalue problem:
     a serial algorithm will be used

     GIPAW projectors -----------------------------------------------
     atom=  C    l=0  rc=    1.2000  rs=    0.8000
     atom=  C    l=0  rc=    1.2000  rs=    0.8000
     atom=  C    l=1  rc=    1.4000  rs=    0.9333
     atom=  C    l=1  rc=    1.4000  rs=    0.9333
     projs nearly linearly dependent: l=1  n1,n2= 1, 2  s=  0.99951561

     atom=  Cl   l=0  rc=    1.6000  rs=    1.0667
     atom=  Cl   l=0  rc=    1.6000  rs=    1.0667
     atom=  Cl   l=1  rc=    1.6000  rs=    1.0667
     atom=  Cl   l=1  rc=    1.6000  rs=    1.0667
     atom=  Cl   l=2  rc=    1.6000  rs=    1.0667
     atom=  Cl   l=2  rc=    1.6000  rs=    1.0667
     projs nearly linearly dependent: l=2  n1,n2= 1, 2  s=  0.99993509

     atom=  H    l=0  rc=    1.0000  rs=    0.6667
     atom=  H    l=0  rc=    1.0000  rs=    0.6667
     projs nearly linearly dependent: l=0  n1,n2= 1, 2  s=  0.99968852
     -----------------------------------------------------------------

     GIPAW integrals: -------------------------------------------
     Atom  i/j   nmr_para   nmr_dia   epr_rmc  epr_para   epr_dia
       C   1 1   0.83E+03  0.17E-01  0.93E+01  0.24E+08  0.24E+03
       C   2 1   0.86E+03 -0.61E-01  0.94E+01  0.25E+08  0.25E+03
       C   2 2   0.90E+03 -0.15E+00  0.97E+01  0.26E+08  0.26E+03
       C   3 3   0.33E+01  0.34E+00  0.18E+01  0.55E+03  0.21E+02
       C   4 3   0.35E+01  0.37E+00  0.20E+01  0.59E+03  0.22E+02
       C   4 4   0.38E+01  0.39E+00  0.22E+01  0.63E+03  0.24E+02
       Cl  1 1   0.14E+04 -0.47E+00  0.84E+01  0.32E+09  0.42E+03
       Cl  2 1   0.21E+04 -0.37E+00  0.12E+02  0.49E+09  0.65E+03
       Cl  2 2   0.33E+04 -0.16E+00  0.21E+02  0.76E+09  0.10E+04
       Cl  3 3   0.21E+02  0.79E-01  0.89E+01  0.23E+05  0.13E+03
       Cl  4 3   0.24E+02  0.67E-01  0.99E+01  0.27E+05  0.15E+03
       Cl  4 4   0.28E+02  0.44E-01  0.11E+02  0.32E+05  0.18E+03
       Cl  5 5   0.77E+00  0.19E+00  0.18E+01  0.12E+03  0.22E+02
       Cl  6 5   0.80E+00  0.19E+00  0.19E+01  0.12E+03  0.23E+02
       Cl  6 6   0.83E+00  0.20E+00  0.19E+01  0.12E+03  0.23E+02
       H   1 1   0.39E+02  0.19E+00  0.29E+00  0.78E+05  0.13E+02
       H   2 1   0.41E+02  0.21E+00  0.32E+00  0.82E+05  0.14E+02
       H   2 2   0.43E+02  0.22E+00  0.36E+00  0.86E+05  0.15E+02
     ------------------------------------------------------------

     alpha_pv=     34.0562 eV

     Number of occupied bands for each k-point:
     k-point:     1    nbnd_occ=  42
     k-point:     2    nbnd_occ=  42
     k-point:     3    nbnd_occ=  42
     k-point:     4    nbnd_occ=  42
     k-point:     5    nbnd_occ=  42
     k-point:     6    nbnd_occ=  42
     k-point:     7    nbnd_occ=  42
     k-point:     8    nbnd_occ=  42
     k-point:     9    nbnd_occ=  42
     k-point:    10    nbnd_occ=  42
     k-point:    11    nbnd_occ=  42
     k-point:    12    nbnd_occ=  42
     k-point:    13    nbnd_occ=  42
     k-point:    14    nbnd_occ=  42
     k-point:    15    nbnd_occ=  42
     k-point:    16    nbnd_occ=  42


     q-space interpolation up to   110.00 Rydberg

     GIPAW job: efg                                                                             


     ELECTRIC FIELD GRADIENTS TENSORS IN Hartree/bohrradius^2:

     ----- bare term -----
     Cl   1       -0.189539        0.321068        0.002934
     Cl   1        0.321068       -0.033437        0.011217
     Cl   1        0.002934        0.011217        0.222976

     C    2        0.131491       -0.201027       -0.589336
     C    2       -0.201027       -0.132753       -0.547331
     C    2       -0.589336       -0.547331        0.001262

     C    3        0.033707        0.450795       -0.152529
     C    3        0.450795       -0.281594       -0.185596
     C    3       -0.152529       -0.185596        0.247887

     H    4        0.141820       -0.077204       -0.328072
     H    4       -0.077204        0.287199        0.248592
     H    4       -0.328072        0.248592       -0.429019

     C    5       -0.181070        0.053505       -0.476852
     C    5        0.053505       -0.195156       -0.389393
     C    5       -0.476852       -0.389393        0.376226

     H    6        0.437683        0.005535        0.199682
     H    6        0.005535        0.014023       -0.452003
     H    6        0.199682       -0.452003       -0.451705

     H    7        0.379764        0.040227       -0.021515
     H    7        0.040227       -0.453093        0.565796
     H    7       -0.021515        0.565796        0.073329

     C    8       -0.671801       -0.383195       -0.361358
     C    8       -0.383195        0.353728        0.318793
     C    8       -0.361358        0.318793        0.318073

     H    9       -0.522440       -0.161782       -0.201445
     H    9       -0.161782        0.185055        0.329547
     H    9       -0.201445        0.329547        0.337385

     C   10       -0.048200       -0.209716       -0.200475
     C   10       -0.209716       -0.269250        0.529234
     C   10       -0.200475        0.529234        0.317451

     C   11       -0.235285       -0.194512       -0.484748
     C   11       -0.194512        0.116480        0.343665
     C   11       -0.484748        0.343665        0.118805

     Cl  12       -0.083827       -0.118155       -0.004139
     Cl  12       -0.118155       -0.000612       -0.012059
     Cl  12       -0.004139       -0.012059        0.084439

     H   13        0.518220        0.009456       -0.119442
     H   13        0.009456        0.053406       -0.216115
     H   13       -0.119442       -0.216115       -0.571626

     C   14       -0.299178        0.362797        0.080411
     C   14        0.362797       -0.122446       -0.445188
     C   14        0.080411       -0.445188        0.421624

     H   15        0.120259        0.053492       -0.398857
     H   15        0.053492        0.154801        0.238023
     H   15       -0.398857        0.238023       -0.275060

     C   16        0.108577       -0.030276       -0.210413
     C   16       -0.030276       -0.081264       -0.465875
     C   16       -0.210413       -0.465875       -0.027313

     C   17       -0.597145        0.383830       -0.263375
     C   17        0.383830        0.238544       -0.288104
     C   17       -0.263375       -0.288104        0.358601

     Cl  18        0.222505       -0.074036       -0.015879
     Cl  18       -0.074036       -0.434903        0.053318
     Cl  18       -0.015879        0.053318        0.212398

     H   19        0.291191        0.307780       -0.088865
     H   19        0.307780       -0.552236        0.420181
     H   19       -0.088865        0.420181        0.261045

     C   20       -0.014690       -0.502541       -0.170272
     C   20       -0.502541       -0.290779        0.392295
     C   20       -0.170272        0.392295        0.305469

     H   21       -0.673354        0.314818        0.010255
     H   21        0.314818        0.394905        0.076583
     H   21        0.010255        0.076583        0.278449

     C   22       -0.298524       -0.299275       -0.310535
     C   22       -0.299275       -0.019315        0.407976
     C   22       -0.310535        0.407976        0.317839

     C   23       -0.210815       -0.063118       -0.223539
     C   23       -0.063118       -0.023548        0.542687
     C   23       -0.223539        0.542687        0.234363

     Cl  24        0.041666       -0.061293        0.082301
     Cl  24       -0.061293        0.075368       -0.145278
     Cl  24        0.082301       -0.145278       -0.117035

     ----- ionic term -----
     Cl   1        0.118299       -0.216882        0.055601
     Cl   1       -0.216882        0.024303       -0.023219
     Cl   1        0.055601       -0.023219       -0.142602

     C    2        0.047594       -0.260385        0.385165
     C    2       -0.260385        0.020460        0.353472
     C    2        0.385165        0.353472       -0.068054

     C    3        0.047785       -0.421010        0.234241
     C    3       -0.421010        0.163665        0.327822
     C    3        0.234241        0.327822       -0.211449

     H    4        0.512415       -0.038524        0.775972
     H    4       -0.038524       -0.502671        0.079857
     H    4        0.775972        0.079857       -0.009743

     C    5        0.097933       -0.385709        0.310037
     C    5       -0.385709        0.092132        0.220462
     C    5        0.310037        0.220462       -0.190065

     H    6       -0.534073        0.056378        0.071280
     H    6        0.056378        0.500546        0.756492
     H    6        0.071280        0.756492        0.033527

     H    7       -0.512286       -0.104851        0.045462
     H    7       -0.104851        0.799365       -0.647403
     H    7        0.045462       -0.647403       -0.287079

     C    8        0.417153        0.133184        0.166513
     C    8        0.133184        0.024399       -0.320288
     C    8        0.166513       -0.320288       -0.441552

     H    9        0.838068       -0.212327        0.566656
     H    9       -0.212327       -0.488029       -0.159873
     H    9        0.566656       -0.159873       -0.350040

     C   10        0.251093        0.169259        0.122766
     C   10        0.169259        0.139025       -0.388797
     C   10        0.122766       -0.388797       -0.390118

     C   11        0.205103        0.087638        0.174963
     C   11        0.087638        0.141590       -0.457370
     C   11        0.174963       -0.457370       -0.346693

     Cl  12        0.109721        0.201258       -0.052259
     Cl  12        0.201258        0.007555       -0.048468
     Cl  12       -0.052259       -0.048468       -0.117276

     H   13       -0.565556       -0.018861       -0.030432
     H   13       -0.018861        0.302966        0.811875
     H   13       -0.030432        0.811875        0.262590

     C   14        0.045099       -0.233533        0.315949
     C   14       -0.233533        0.010328        0.275398
     C   14        0.315949        0.275398       -0.055427

     H   15        0.323180        0.090670        0.781684
     H   15        0.090670       -0.484133        0.139768
     H   15        0.781684        0.139768        0.160953

     C   16       -0.038579       -0.277116        0.238145
     C   16       -0.277116        0.149247        0.334755
     C   16        0.238145        0.334755       -0.110667

     C   17       -0.024100       -0.308736        0.290344
     C   17       -0.308736        0.123691        0.332221
     C   17        0.290344        0.332221       -0.099591

     Cl  18        0.058630       -0.211097        0.005100
     Cl  18       -0.211097        0.082483        0.001929
     Cl  18        0.005100        0.001929       -0.141112

     H   19       -0.513361        0.005140        0.002294
     H   19        0.005140        0.555704       -0.779419
     H   19        0.002294       -0.779419       -0.042343

     C   20        0.339910        0.255013        0.160524
     C   20        0.255013        0.044217       -0.342186
     C   20        0.160524       -0.342186       -0.384127

     H   21        0.748940       -0.143227        0.633548
     H   21       -0.143227       -0.520482       -0.154563
     H   21        0.633548       -0.154563       -0.228457

     C   22        0.242377        0.315144        0.135379
     C   22        0.315144        0.093361       -0.382054
     C   22        0.135379       -0.382054       -0.335738

     C   23        0.332158        0.112859        0.181572
     C   23        0.112859        0.012079       -0.418132
     C   23        0.181572       -0.418132       -0.344237

     Cl  24        0.133068        0.183992       -0.031243
     Cl  24        0.183992        0.002903       -0.032360
     Cl  24       -0.031243       -0.032360       -0.135970

     ----- GIPAW term -----
     Cl   1        0.916999        0.113507       -2.138734
     Cl   1        0.113507       -1.336187       -0.460238
     Cl   1       -2.138734       -0.460238        0.419188

     C    2        0.281111       -0.081285       -0.147826
     C    2       -0.081285       -0.115704       -0.068883
     C    2       -0.147826       -0.068883       -0.165407

     C    3        0.083182        0.074989       -0.135680
     C    3        0.074989       -0.109432       -0.027260
     C    3       -0.135680       -0.027260        0.026249

     H    4       -0.000000        0.000000        0.000000
     H    4        0.000000        0.000000        0.000000
     H    4        0.000000        0.000000        0.000000

     C    5       -0.001275       -0.007789       -0.221253
     C    5       -0.007789       -0.169026       -0.070167
     C    5       -0.221253       -0.070167        0.170301

     H    6       -0.000000        0.000000        0.000000
     H    6        0.000000        0.000000        0.000000
     H    6        0.000000        0.000000        0.000000

     H    7       -0.000000        0.000000        0.000000
     H    7        0.000000        0.000000        0.000000
     H    7        0.000000        0.000000        0.000000

     C    8       -0.189510       -0.118962       -0.067209
     C    8       -0.118962        0.221645        0.129775
     C    8       -0.067209        0.129775       -0.032135

     H    9       -0.000000        0.000000        0.000000
     H    9        0.000000        0.000000        0.000000
     H    9        0.000000        0.000000        0.000000

     C   10       -0.072000       -0.010393       -0.037491
     C   10       -0.010393        0.064391        0.000172
     C   10       -0.037491        0.000172        0.007609

     C   11        0.088482       -0.080585       -0.068833
     C   11       -0.080585        0.085254        0.027736
     C   11       -0.068833        0.027736       -0.173736

     Cl  12       -0.053379        0.291161        1.522452
     Cl  12        0.291161       -0.808254       -1.447712
     Cl  12        1.522452       -1.447712        0.861633

     H   13       -0.000000        0.000000        0.000000
     H   13        0.000000        0.000000        0.000000
     H   13        0.000000        0.000000        0.000000

     C   14       -0.023462       -0.066998        0.168127
     C   14       -0.066998       -0.042368       -0.184293
     C   14        0.168127       -0.184293        0.065831

     H   15       -0.000000        0.000000        0.000000
     H   15        0.000000        0.000000        0.000000
     H   15        0.000000        0.000000        0.000000

     C   16       -0.062049       -0.052410       -0.008137
     C   16       -0.052410        0.095023       -0.128079
     C   16       -0.008137       -0.128079       -0.032974

     C   17       -0.147184       -0.086148       -0.012607
     C   17       -0.086148        0.259118       -0.099162
     C   17       -0.012607       -0.099162       -0.111934

     Cl  18        0.226171       -0.058381       -0.139667
     Cl  18       -0.058381        1.387684       -0.152236
     Cl  18       -0.139667       -0.152236       -1.613856

     H   19       -0.000000        0.000000        0.000000
     H   19        0.000000        0.000000        0.000000
     H   19        0.000000        0.000000        0.000000

     C   20        0.115973       -0.238769       -0.076246
     C   20       -0.238769       -0.047069        0.125318
     C   20       -0.076246        0.125318       -0.068904

     H   21       -0.000000        0.000000        0.000000
     H   21        0.000000        0.000000        0.000000
     H   21        0.000000        0.000000        0.000000

     C   22       -0.077816       -0.146822       -0.160963
     C   22       -0.146822        0.056709        0.171028
     C   22       -0.160963        0.171028        0.021107

     C   23       -0.064334       -0.002223       -0.104954
     C   23       -0.002223       -0.003531        0.200045
     C   23       -0.104954        0.200045        0.067865

     Cl  24       -0.381886        0.487585       -0.939507
     Cl  24        0.487585       -0.624507        1.224562
     Cl  24       -0.939507        1.224562        1.006393

     ----- total EFG -----
     Cl   1        0.845759        0.217693       -2.080199
     Cl   1        0.217693       -1.345321       -0.472240
     Cl   1       -2.080199       -0.472240        0.499562

     C    2        0.460197       -0.542697       -0.351998
     C    2       -0.542697       -0.227998       -0.262742
     C    2       -0.351998       -0.262742       -0.232199

     C    3        0.164674        0.104773       -0.053968
     C    3        0.104773       -0.227361        0.114966
     C    3       -0.053968        0.114966        0.062686

     H    4        0.654235       -0.115728        0.447900
     H    4       -0.115728       -0.215473        0.328449
     H    4        0.447900        0.328449       -0.438762

     C    5       -0.084412       -0.339993       -0.388068
     C    5       -0.339993       -0.272050       -0.239099
     C    5       -0.388068       -0.239099        0.356462

     H    6       -0.096391        0.061912        0.270962
     H    6        0.061912        0.514569        0.304489
     H    6        0.270962        0.304489       -0.418178

     H    7       -0.132522       -0.064624        0.023947
     H    7       -0.064624        0.346272       -0.081607
     H    7        0.023947       -0.081607       -0.213750

     C    8       -0.444158       -0.368973       -0.262054
     C    8       -0.368973        0.599772        0.128280
     C    8       -0.262054        0.128280       -0.155614

     H    9        0.315628       -0.374109        0.365211
     H    9       -0.374109       -0.302973        0.169673
     H    9        0.365211        0.169673       -0.012655

     C   10        0.130893       -0.050851       -0.115200
     C   10       -0.050851       -0.065834        0.140609
     C   10       -0.115200        0.140609       -0.065059

     C   11        0.058300       -0.187459       -0.378618
     C   11       -0.187459        0.343324       -0.085968
     C   11       -0.378618       -0.085968       -0.401624

     Cl  12       -0.027485        0.374264        1.466053
     Cl  12        0.374264       -0.801311       -1.508239
     Cl  12        1.466053       -1.508239        0.828796

     H   13       -0.047335       -0.009405       -0.149875
     H   13       -0.009405        0.356372        0.595760
     H   13       -0.149875        0.595760       -0.309037

     C   14       -0.277542        0.062267        0.564487
     C   14        0.062267       -0.154486       -0.354083
     C   14        0.564487       -0.354083        0.432028

     H   15        0.443439        0.144162        0.382828
     H   15        0.144162       -0.329333        0.377790
     H   15        0.382828        0.377790       -0.114107

     C   16        0.007948       -0.359802        0.019595
     C   16       -0.359802        0.163006       -0.259199
     C   16        0.019595       -0.259199       -0.170954

     C   17       -0.768430       -0.011054        0.014362
     C   17       -0.011054        0.621353       -0.055045
     C   17        0.014362       -0.055045        0.147077

     Cl  18        0.507306       -0.343514       -0.150447
     Cl  18       -0.343514        1.035264       -0.096988
     Cl  18       -0.150447       -0.096988       -1.542570

     H   19       -0.222170        0.312920       -0.086571
     H   19        0.312920        0.003468       -0.359238
     H   19       -0.086571       -0.359238        0.218702

     C   20        0.441193       -0.486297       -0.085994
     C   20       -0.486297       -0.293631        0.175427
     C   20       -0.085994        0.175427       -0.147562

     H   21        0.075586        0.171591        0.643803
     H   21        0.171591       -0.125577       -0.077980
     H   21        0.643803       -0.077980        0.049991

     C   22       -0.133963       -0.130953       -0.336119
     C   22       -0.130953        0.130756        0.196950
     C   22       -0.336119        0.196950        0.003207

     C   23        0.057009        0.047518       -0.146921
     C   23        0.047518       -0.015001        0.324601
     C   23       -0.146921        0.324601       -0.042008

     Cl  24       -0.207152        0.610284       -0.888448
     Cl  24        0.610284       -0.546236        1.046923
     Cl  24       -0.888448        1.046923        0.753388

     ----- total EFG (symmetrized) -----
     Cl   1        0.845759        0.217693       -2.080199
     Cl   1        0.217693       -1.345321       -0.472240
     Cl   1       -2.080199       -0.472240        0.499562

     C    2        0.460197       -0.542697       -0.351998
     C    2       -0.542697       -0.227998       -0.262742
     C    2       -0.351998       -0.262742       -0.232199

     C    3        0.164674        0.104773       -0.053968
     C    3        0.104773       -0.227361        0.114966
     C    3       -0.053968        0.114966        0.062686

     H    4        0.654235       -0.115728        0.447900
     H    4       -0.115728       -0.215473        0.328449
     H    4        0.447900        0.328449       -0.438762

     C    5       -0.084412       -0.339993       -0.388068
     C    5       -0.339993       -0.272050       -0.239099
     C    5       -0.388068       -0.239099        0.356462

     H    6       -0.096391        0.061912        0.270962
     H    6        0.061912        0.514569        0.304489
     H    6        0.270962        0.304489       -0.418178

     H    7       -0.132522       -0.064624        0.023947
     H    7       -0.064624        0.346272       -0.081607
     H    7        0.023947       -0.081607       -0.213750

     C    8       -0.444158       -0.368973       -0.262054
     C    8       -0.368973        0.599772        0.128280
     C    8       -0.262054        0.128280       -0.155614

     H    9        0.315628       -0.374109        0.365211
     H    9       -0.374109       -0.302973        0.169673
     H    9        0.365211        0.169673       -0.012655

     C   10        0.130893       -0.050851       -0.115200
     C   10       -0.050851       -0.065834        0.140609
     C   10       -0.115200        0.140609       -0.065059

     C   11        0.058300       -0.187459       -0.378618
     C   11       -0.187459        0.343324       -0.085968
     C   11       -0.378618       -0.085968       -0.401624

     Cl  12       -0.027485        0.374264        1.466053
     Cl  12        0.374264       -0.801311       -1.508239
     Cl  12        1.466053       -1.508239        0.828796

     H   13       -0.047335       -0.009405       -0.149875
     H   13       -0.009405        0.356372        0.595760
     H   13       -0.149875        0.595760       -0.309037

     C   14       -0.277542        0.062267        0.564487
     C   14        0.062267       -0.154486       -0.354083
     C   14        0.564487       -0.354083        0.432028

     H   15        0.443439        0.144162        0.382828
     H   15        0.144162       -0.329333        0.377790
     H   15        0.382828        0.377790       -0.114107

     C   16        0.007948       -0.359802        0.019595
     C   16       -0.359802        0.163006       -0.259199
     C   16        0.019595       -0.259199       -0.170954

     C   17       -0.768430       -0.011054        0.014362
     C   17       -0.011054        0.621353       -0.055045
     C   17        0.014362       -0.055045        0.147077

     Cl  18        0.507306       -0.343514       -0.150447
     Cl  18       -0.343514        1.035264       -0.096988
     Cl  18       -0.150447       -0.096988       -1.542570

     H   19       -0.222170        0.312920       -0.086571
     H   19        0.312920        0.003468       -0.359238
     H   19       -0.086571       -0.359238        0.218702

     C   20        0.441193       -0.486297       -0.085994
     C   20       -0.486297       -0.293631        0.175427
     C   20       -0.085994        0.175427       -0.147562

     H   21        0.075586        0.171591        0.643803
     H   21        0.171591       -0.125577       -0.077980
     H   21        0.643803       -0.077980        0.049991

     C   22       -0.133963       -0.130953       -0.336119
     C   22       -0.130953        0.130756        0.196950
     C   22       -0.336119        0.196950        0.003207

     C   23        0.057009        0.047518       -0.146921
     C   23        0.047518       -0.015001        0.324601
     C   23       -0.146921        0.324601       -0.042008

     Cl  24       -0.207152        0.610284       -0.888448
     Cl  24        0.610284       -0.546236        1.046923
     Cl  24       -0.888448        1.046923        0.753388


     NQR/NMR SPECTROSCOPIC PARAMETERS:
     Cl   1    Vxx=   -1.2089    axis=(  0.533781 -0.714392  0.452462)
     Cl   1    Vyy=   -1.6067    axis=( -0.431436 -0.690256 -0.580870)
     Cl   1    Vzz=    2.8155    axis=( -0.727283 -0.114849  0.676660)
     Cl   1  Q=        -8.1650 1e-30 m^2  Cq=       -54.0147 MHz  eta= 0.14128

     C    2    Vxx=    0.0173    axis=( -0.110290 -0.602644  0.790352)
     C    2    Vyy=    0.7952    axis=( -0.886205  0.419645  0.196314)
     C    2    Vzz=   -0.8124    axis=( -0.449974 -0.678762 -0.580349)
     C    2  Q=         1.0000 1e-30 m^2  Cq=        -1.9089 MHz  eta= 0.95750

     C    3    Vxx=    0.1000    axis=(  0.160001  0.372228  0.914246)
     C    3    Vyy=    0.1969    axis=( -0.956124 -0.171821  0.237286)
     C    3    Vzz=   -0.2969    axis=(  0.245411 -0.912099  0.328405)
     C    3  Q=         1.0000 1e-30 m^2  Cq=        -0.6977 MHz  eta= 0.32614

     H    4    Vxx=   -0.0097    axis=(  0.172804 -0.860879 -0.478567)
     H    4    Vyy=   -0.8047    axis=(  0.289290  0.508807 -0.810818)
     H    4    Vzz=    0.8143    axis=(  0.941515  0.001668  0.336968)
     H    4  Q=         1.0000 1e-30 m^2  Cq=         1.9134 MHz  eta= 0.97628

     C    5    Vxx=    0.1220    axis=(  0.625037 -0.720954  0.299257)
     C    5    Vyy=    0.5842    axis=( -0.480753 -0.053501  0.875223)
     C    5    Vzz=   -0.7062    axis=( -0.614985 -0.690915 -0.380040)
     C    5  Q=         1.0000 1e-30 m^2  Cq=        -1.6593 MHz  eta= 0.65461

     H    6    Vxx=   -0.0094    axis=(  0.882375 -0.309974  0.354020)
     H    6    Vyy=   -0.6233    axis=(  0.427129  0.211978 -0.878991)
     H    6    Vzz=    0.6327    axis=(  0.197420  0.926812  0.319443)
     H    6  Q=         1.0000 1e-30 m^2  Cq=         1.4866 MHz  eta= 0.97020

     H    7    Vxx=   -0.1392    axis=(  0.977326  0.154450  0.144841)
     H    7    Vyy=   -0.2278    axis=( -0.164165  0.120687  0.979022)
     H    7    Vzz=    0.3670    axis=(  0.133730 -0.980602  0.143305)
     H    7  Q=         1.0000 1e-30 m^2  Cq=         0.8623 MHz  eta= 0.24152

     C    8    Vxx=   -0.1070    axis=(  0.326119  0.330949 -0.885505)
     C    8    Vyy=   -0.6559    axis=(  0.886313  0.218740  0.408169)
     C    8    Vzz=    0.7629    axis=(  0.328779 -0.917946 -0.221989)
     C    8  Q=         1.0000 1e-30 m^2  Cq=         1.7926 MHz  eta= 0.71939

     H    9    Vxx=    0.0304    axis=( -0.191191  0.607132  0.771256)
     H    9    Vyy=    0.6151    axis=(  0.861887 -0.272143  0.427889)
     H    9    Vzz=   -0.6454    axis=(  0.469678  0.746544 -0.471248)
     H    9  Q=         1.0000 1e-30 m^2  Cq=        -1.5165 MHz  eta= 0.90587

     C   10    Vxx=   -0.0137    axis=(  0.597306  0.657227  0.459650)
     C   10    Vyy=   -0.2130    axis=( -0.151121  0.655085 -0.740288)
     C   10    Vzz=    0.2267    axis=( -0.787647  0.372716  0.490607)
     C   10  Q=         1.0000 1e-30 m^2  Cq=         0.5327 MHz  eta= 0.87905

     C   11    Vxx=    0.1922    axis=(  0.670039  0.543256 -0.505885)
     C   11    Vyy=    0.4512    axis=( -0.546205  0.822305  0.159608)
     C   11    Vzz=   -0.6433    axis=(  0.502700  0.169373  0.847706)
     C   11  Q=         1.0000 1e-30 m^2  Cq=        -1.5116 MHz  eta= 0.40257

     Cl  12    Vxx=   -0.0061    axis=(  0.749672  0.643784 -0.153409)
     Cl  12    Vyy=   -2.2837    axis=( -0.473866  0.683974  0.554645)
     Cl  12    Vzz=    2.2897    axis=(  0.461999 -0.343106  0.817823)
     Cl  12  Q=        -8.1650 1e-30 m^2  Cq=       -43.9277 MHz  eta= 0.99468

     H   13    Vxx=   -0.0322    axis=(  0.974776  0.193674 -0.110915)
     H   13    Vyy=   -0.6833    axis=(  0.193597 -0.486471  0.851978)
     H   13    Vzz=    0.7154    axis=(  0.111049 -0.851960 -0.511695)
     H   13  Q=         1.0000 1e-30 m^2  Cq=         1.6809 MHz  eta= 0.91012

     C   14    Vxx=   -0.1323    axis=(  0.505705  0.861996  0.035003)
     C   14    Vyy=   -0.6944    axis=( -0.751467  0.420207  0.508649)
     C   14    Vzz=    0.8268    axis=(  0.423745 -0.283530  0.860262)
     C   14  Q=         1.0000 1e-30 m^2  Cq=         1.9426 MHz  eta= 0.67988

     H   15    Vxx=   -0.0995    axis=(  0.563208 -0.592906 -0.575551)
     H   15    Vyy=   -0.6297    axis=(  0.129857  0.751380 -0.646966)
     H   15    Vzz=    0.7293    axis=(  0.816048  0.289637  0.500176)
     H   15  Q=         1.0000 1e-30 m^2  Cq=         1.7134 MHz  eta= 0.72700

     C   16    Vxx=   -0.1184    axis=( -0.669454 -0.195993  0.716532)
     C   16    Vyy=   -0.4039    axis=(  0.495299  0.601106  0.627177)
     C   16    Vzz=    0.5223    axis=(  0.553634 -0.774763  0.305337)
     C   16  Q=         1.0000 1e-30 m^2  Cq=         1.2271 MHz  eta= 0.54673

     C   17    Vxx=    0.1410    axis=(  0.014301  0.114151  0.993360)
     C   17    Vyy=    0.6278    axis=( -0.009038  0.993436 -0.114029)
     C   17    Vzz=   -0.7687    axis=( -0.999857 -0.007348  0.015239)
     C   17  Q=         1.0000 1e-30 m^2  Cq=        -1.8062 MHz  eta= 0.63327

     Cl  18    Vxx=    0.3547    axis=(  0.894112  0.438019 -0.093290)
     Cl  18    Vyy=    1.2047    axis=(  0.440561 -0.897691  0.007566)
     Cl  18    Vzz=   -1.5594    axis=(  0.080432  0.047865  0.995610)
     Cl  18  Q=        -8.1650 1e-30 m^2  Cq=        29.9160 MHz  eta= 0.54505

     H   19    Vxx=   -0.0969    axis=( -0.618062 -0.429531 -0.658408)
     H   19    Vyy=   -0.4769    axis=( -0.716731  0.651954  0.247491)
     H   19    Vzz=    0.5738    axis=(  0.322947  0.624867 -0.710807)
     H   19  Q=         1.0000 1e-30 m^2  Cq=         1.3483 MHz  eta= 0.66219

     C   20    Vxx=   -0.1411    axis=( -0.285141 -0.174748 -0.942421)
     C   20    Vyy=   -0.5706    axis=(  0.396057  0.873892 -0.281872)
     C   20    Vzz=    0.7117    axis=( -0.872831  0.453626  0.179972)
     C   20  Q=         1.0000 1e-30 m^2  Cq=         1.6721 MHz  eta= 0.60360

     H   21    Vxx=   -0.0709    axis=( -0.168501 -0.942236  0.289479)
     H   21    Vyy=   -0.6415    axis=(  0.673750 -0.324460 -0.663918)
     H   21    Vzz=    0.7124    axis=(  0.719492  0.083166  0.689503)
     H   21  Q=         1.0000 1e-30 m^2  Cq=         1.6738 MHz  eta= 0.80086

     C   22    Vxx=   -0.0414    axis=(  0.414221  0.803705 -0.427175)
     C   22    Vyy=   -0.4096    axis=( -0.762595  0.050253 -0.644922)
     C   22    Vzz=    0.4510    axis=(  0.496860 -0.592902 -0.633717)
     C   22  Q=         1.0000 1e-30 m^2  Cq=         1.0597 MHz  eta= 0.81634

     C   23    Vxx=    0.0804    axis=( -0.912866 -0.408031  0.013654)
     C   23    Vyy=    0.3161    axis=(  0.280487 -0.651120 -0.705245)
     C   23    Vzz=   -0.3966    axis=(  0.296652 -0.639964  0.708832)
     C   23  Q=         1.0000 1e-30 m^2  Cq=        -0.9318 MHz  eta= 0.59428

     Cl  24    Vxx=    0.2540    axis=(  0.770592  0.636247  0.037101)
     Cl  24    Vyy=    1.5052    axis=(  0.330509 -0.349166 -0.876839)
     Cl  24    Vzz=   -1.7591    axis=( -0.544932  0.687948 -0.479350)
     Cl  24  Q=        -8.1650 1e-30 m^2  Cq=        33.7480 MHz  eta= 0.71127

     Initialization:
     gipaw_setup  :      9.10s CPU     10.87s WALL (       1 calls)

     Linear response

     Apply operators

     Induced current

     Other routines
     efg          :      9.24s CPU     12.00s WALL (       1 calls)

     General routines
     calbec       :      3.22s CPU      4.55s WALL (      16 calls)
     fft          :      1.84s CPU      3.26s WALL (      15 calls)
     ffts         :      0.05s CPU      0.05s WALL (       2 calls)
     fftw         :      3.32s CPU      4.15s WALL (     672 calls)
     davcio       :      0.03s CPU      0.32s WALL (      32 calls)

     Parallel routines
     fft_scatter  :      2.52s CPU      4.60s WALL (     689 calls)

     Plugins

     GIPAW        :     61.29s CPU     73.81s WALL (       1 calls)
