
     Program QE v.6.0 (svn rev. 13079) starts on  4Jan2017 at 14:33:51 

     This program is part of the open-source Quantum ESPRESSO suite
     for quantum simulation of materials; please cite
         "P. Giannozzi et al., J. Phys.:Condens. Matter 21 395502 (2009);
          URL http://www.quantum-espresso.org", 
     in publications or presentations arising from this work. More details at
     http://www.quantum-espresso.org/quote

     Parallel version (MPI), running on     8 processors
     R & G space division:  proc/nbgrp/npool/nimage =       8

     ***** This is GIPAW svn revision unknown      *****

     Parallelizing q-star over 1 images

     Reading data from directory:
     /users/majewski/paradichlorobenzene/pbe/9_constraint/scratch/pbe.ecut100.np8.dt60.pcl2phi-129368.save
     Message from routine read_xml_file:
     file /users/majewski/paradichlorobenzene/pbe/9_constraint/scratch/pbe.ecut100.np8.dt60.pcl2phi-129368.save not guaranteed to be safe for post-processing

   Info: using nr1, nr2, nr3 values from input

   Info: using nr1, nr2, nr3 values from input

     IMPORTANT: XC functional enforced from input :
     Exchange-correlation      =  SLA  PW   PBX  PBC ( 1  4  3  4 0 0)
     Any further DFT definition will be discarded
     Please, verify this is what you really want

               file C.pbe-n-kjpaw_psl.1.0.0.UPF: wavefunction(s)  2S 2P renormalized
               file Cl.pbe-n-kjpaw_psl.1.0.0.UPF: wavefunction(s)  3S 3P renormalized
               file H.pbe-kjpaw_psl.1.0.0.UPF: wavefunction(s)  1S renormalized

     Parallelization info
     --------------------
     sticks:   dense  smooth     PW     G-vecs:    dense   smooth      PW
     Min        3057    1223    332               144436    36536    5170
     Max        3059    1225    333               144437    36537    5171
     Sum       24467    9791   2657              1155489   292295   41363


     Subspace diagonalization in iterative solution of the eigenvalue problem:
     a serial algorithm will be used

     GIPAW projectors -----------------------------------------------
     atom=  C    l=0  rc=    1.2000  rs=    0.8000
     atom=  C    l=0  rc=    1.2000  rs=    0.8000
     atom=  C    l=1  rc=    1.4000  rs=    0.9333
     atom=  C    l=1  rc=    1.4000  rs=    0.9333
     projs nearly linearly dependent: l=1  n1,n2= 1, 2  s=  0.99951561

     atom=  Cl   l=0  rc=    1.6000  rs=    1.0667
     atom=  Cl   l=0  rc=    1.6000  rs=    1.0667
     atom=  Cl   l=1  rc=    1.6000  rs=    1.0667
     atom=  Cl   l=1  rc=    1.6000  rs=    1.0667
     atom=  Cl   l=2  rc=    1.6000  rs=    1.0667
     atom=  Cl   l=2  rc=    1.6000  rs=    1.0667
     projs nearly linearly dependent: l=2  n1,n2= 1, 2  s=  0.99993509

     atom=  H    l=0  rc=    1.0000  rs=    0.6667
     atom=  H    l=0  rc=    1.0000  rs=    0.6667
     projs nearly linearly dependent: l=0  n1,n2= 1, 2  s=  0.99968852
     -----------------------------------------------------------------

     GIPAW integrals: -------------------------------------------
     Atom  i/j   nmr_para   nmr_dia   epr_rmc  epr_para   epr_dia
       C   1 1   0.83E+03  0.17E-01  0.93E+01  0.24E+08  0.24E+03
       C   2 1   0.86E+03 -0.61E-01  0.94E+01  0.25E+08  0.25E+03
       C   2 2   0.90E+03 -0.15E+00  0.97E+01  0.26E+08  0.26E+03
       C   3 3   0.33E+01  0.34E+00  0.18E+01  0.55E+03  0.21E+02
       C   4 3   0.35E+01  0.37E+00  0.20E+01  0.59E+03  0.22E+02
       C   4 4   0.38E+01  0.39E+00  0.22E+01  0.63E+03  0.24E+02
       Cl  1 1   0.14E+04 -0.47E+00  0.84E+01  0.32E+09  0.42E+03
       Cl  2 1   0.21E+04 -0.37E+00  0.12E+02  0.49E+09  0.65E+03
       Cl  2 2   0.33E+04 -0.16E+00  0.21E+02  0.76E+09  0.10E+04
       Cl  3 3   0.21E+02  0.79E-01  0.89E+01  0.23E+05  0.13E+03
       Cl  4 3   0.24E+02  0.67E-01  0.99E+01  0.27E+05  0.15E+03
       Cl  4 4   0.28E+02  0.44E-01  0.11E+02  0.32E+05  0.18E+03
       Cl  5 5   0.77E+00  0.19E+00  0.18E+01  0.12E+03  0.22E+02
       Cl  6 5   0.80E+00  0.19E+00  0.19E+01  0.12E+03  0.23E+02
       Cl  6 6   0.83E+00  0.20E+00  0.19E+01  0.12E+03  0.23E+02
       H   1 1   0.39E+02  0.19E+00  0.29E+00  0.78E+05  0.13E+02
       H   2 1   0.41E+02  0.21E+00  0.32E+00  0.82E+05  0.14E+02
       H   2 2   0.43E+02  0.22E+00  0.36E+00  0.86E+05  0.15E+02
     ------------------------------------------------------------

     alpha_pv=     34.0166 eV

     Number of occupied bands for each k-point:
     k-point:     1    nbnd_occ=  42
     k-point:     2    nbnd_occ=  42
     k-point:     3    nbnd_occ=  42
     k-point:     4    nbnd_occ=  42
     k-point:     5    nbnd_occ=  42
     k-point:     6    nbnd_occ=  42
     k-point:     7    nbnd_occ=  42
     k-point:     8    nbnd_occ=  42
     k-point:     9    nbnd_occ=  42
     k-point:    10    nbnd_occ=  42
     k-point:    11    nbnd_occ=  42
     k-point:    12    nbnd_occ=  42
     k-point:    13    nbnd_occ=  42
     k-point:    14    nbnd_occ=  42
     k-point:    15    nbnd_occ=  42
     k-point:    16    nbnd_occ=  42


     q-space interpolation up to   110.00 Rydberg

     GIPAW job: efg                                                                             


     ELECTRIC FIELD GRADIENTS TENSORS IN Hartree/bohrradius^2:

     ----- bare term -----
     Cl   1        0.042259        0.058296       -0.030392
     Cl   1        0.058296        0.013147        0.003973
     Cl   1       -0.030392        0.003973       -0.055405

     C    2       -0.752488        0.466300       -0.374865
     C    2        0.466300        0.351301       -0.039269
     C    2       -0.374865       -0.039269        0.401188

     C    3        0.119700        0.185704       -0.111477
     C    3        0.185704       -0.083125       -0.596314
     C    3       -0.111477       -0.596314       -0.036575

     H    4        0.041646        0.052924       -0.490684
     H    4        0.052924        0.026655        0.234989
     H    4       -0.490684        0.234989       -0.068301

     C    5       -0.920919        0.375414       -0.429702
     C    5        0.375414        0.436788       -0.040787
     C    5       -0.429702       -0.040787        0.484131

     H    6        0.454169       -0.038171       -0.041881
     H    6       -0.038171       -0.507731       -0.586618
     H    6       -0.041881       -0.586618        0.053562

     H    7        0.208856        0.428044        0.124061
     H    7        0.428044       -0.540212       -0.092105
     H    7        0.124061       -0.092105        0.331356

     C    8       -0.002161       -0.035430       -0.007270
     C    8       -0.035430       -0.194811        0.066152
     C    8       -0.007270        0.066152        0.196972

     H    9       -0.358427        0.396452        0.190889
     H    9        0.396452        0.152992       -0.126781
     H    9        0.190889       -0.126781        0.205435

     C   10        0.037159       -0.000299        0.178342
     C   10       -0.000299       -0.101904       -0.032728
     C   10        0.178342       -0.032728        0.064745

     C   11       -0.200698        0.080324       -0.183562
     C   11        0.080324        0.002832        0.422705
     C   11       -0.183562        0.422705        0.197866

     Cl  12        0.028151       -0.125705        0.034667
     Cl  12       -0.125705        0.060887       -0.144556
     Cl  12        0.034667       -0.144556       -0.089038

     H   13        0.459459       -0.060212       -0.020859
     H   13       -0.060212       -0.461586       -0.618083
     H   13       -0.020859       -0.618083        0.002126

     C   14       -0.025766       -0.027220       -0.216880
     C   14       -0.027220       -0.239396       -0.329703
     C   14       -0.216880       -0.329703        0.265163

     H   15        0.114503       -0.096994       -0.293095
     H   15       -0.096994        0.221948       -0.447974
     H   15       -0.293095       -0.447974       -0.336451

     C   16       -0.479349        0.354510       -0.295683
     C   16        0.354510        0.262806       -0.070877
     C   16       -0.295683       -0.070877        0.216543

     C   17        0.152006       -0.120998       -0.155051
     C   17       -0.120998       -0.445178       -0.461533
     C   17       -0.155051       -0.461533        0.293172

     Cl  18       -0.156055        0.357319        0.108582
     Cl  18        0.357319        0.071801       -0.024204
     Cl  18        0.108582       -0.024204        0.084254

     H   19        0.251596       -0.059152       -0.426414
     H   19       -0.059152       -0.011381        0.303740
     H   19       -0.426414        0.303740       -0.240215

     C   20       -0.476915       -0.332737        0.000846
     C   20       -0.332737        0.141981        0.359692
     C   20        0.000846        0.359692        0.334934

     H   21       -0.534093       -0.226397       -0.214390
     H   21       -0.226397        0.167469        0.258879
     H   21       -0.214390        0.258879        0.366624

     C   22        0.018456        0.092232       -0.276619
     C   22        0.092232       -0.044557        0.646173
     C   22       -0.276619        0.646173        0.026102

     C   23       -0.512434       -0.394728       -0.448870
     C   23       -0.394728        0.320462        0.177876
     C   23       -0.448870        0.177876        0.191972

     Cl  24       -0.007534       -0.096279        0.031675
     Cl  24       -0.096279        0.052175       -0.067162
     Cl  24        0.031675       -0.067162       -0.044640

     ----- ionic term -----
     Cl   1        0.150504       -0.213713        0.032647
     Cl   1       -0.213713        0.002130       -0.015011
     Cl   1        0.032647       -0.015011       -0.152634

     C    2        0.137950       -0.221478        0.332610
     C    2       -0.221478        0.037847        0.355214
     C    2        0.332610        0.355214       -0.175798

     C    3        0.117590       -0.342247        0.284708
     C    3       -0.342247        0.109089        0.287283
     C    3        0.284708        0.287283       -0.226679

     H    4        0.445471        0.184705        0.759974
     H    4        0.184705       -0.464865        0.199010
     H    4        0.759974        0.199010        0.019394

     C    5        0.172424       -0.334471        0.367584
     C    5       -0.334471        0.040778        0.229524
     C    5        0.367584        0.229524       -0.213202

     H    6       -0.528367       -0.045720        0.003750
     H    6       -0.045720        0.551020        0.745376
     H    6        0.003750        0.745376       -0.022653

     H    7       -0.477740       -0.249903        0.110135
     H    7       -0.249903        0.709846       -0.641771
     H    7        0.110135       -0.641771       -0.232107

     C    8        0.342752        0.063927        0.114498
     C    8        0.063927        0.110697       -0.313444
     C    8        0.114498       -0.313444       -0.453450

     H    9        0.801329       -0.343201        0.509384
     H    9       -0.343201       -0.401704       -0.214785
     H    9        0.509384       -0.214785       -0.399625

     C   10        0.157613        0.132589        0.097733
     C   10        0.132589        0.281221       -0.398766
     C   10        0.097733       -0.398766       -0.438834

     C   11        0.244258        0.101559        0.194828
     C   11        0.101559        0.192022       -0.362961
     C   11        0.194828       -0.362961       -0.436280

     Cl  12        0.124348        0.183686       -0.019802
     Cl  12        0.183686        0.029635       -0.027196
     Cl  12       -0.019802       -0.027196       -0.153984

     H   13       -0.515155        0.123852        0.073715
     H   13        0.123852        0.678059        0.678709
     H   13        0.073715        0.678709       -0.162904

     C   14        0.175440       -0.214118        0.372313
     C   14       -0.214118        0.084335        0.243497
     C   14        0.372313        0.243497       -0.259776

     H   15        0.434950        0.354869        0.745788
     H   15        0.354869       -0.367650        0.308011
     H   15        0.745788        0.308011       -0.067300

     C   16        0.029711       -0.226552        0.276274
     C   16       -0.226552        0.221827        0.373910
     C   16        0.276274        0.373910       -0.251538

     C   17        0.012438       -0.248439        0.342623
     C   17       -0.248439        0.168968        0.381573
     C   17        0.342623        0.381573       -0.181405

     Cl  18        0.084919       -0.207763        0.033551
     Cl  18       -0.207763        0.065479       -0.017807
     Cl  18        0.033551       -0.017807       -0.150397

     H   19       -0.462051       -0.275695        0.179249
     H   19       -0.275695        0.545821       -0.722518
     H   19        0.179249       -0.722518       -0.083770

     C   20        0.311681        0.100441        0.173792
     C   20        0.100441        0.037166       -0.329871
     C   20        0.173792       -0.329871       -0.348847

     H   21        0.795487       -0.330547        0.514401
     H   21       -0.330547       -0.412720       -0.198706
     H   21        0.514401       -0.198706       -0.382767

     C   22        0.189913        0.127112        0.106479
     C   22        0.127112        0.165792       -0.414849
     C   22        0.106479       -0.414849       -0.355706

     C   23        0.291734        0.044135        0.158703
     C   23        0.044135        0.120980       -0.392763
     C   23        0.158703       -0.392763       -0.412714

     Cl  24        0.107998        0.206508       -0.020187
     Cl  24        0.206508        0.021905       -0.027588
     Cl  24       -0.020187       -0.027588       -0.129902

     ----- GIPAW term -----
     Cl   1       -0.103255       -0.981016       -0.149776
     Cl   1       -0.981016        2.686668       -0.175373
     Cl   1       -0.149776       -0.175373       -2.583414

     C    2       -0.158509        0.047638       -0.022307
     C    2        0.047638        0.244003        0.106221
     C    2       -0.022307        0.106221       -0.085494

     C    3       -0.088701        0.049958       -0.006381
     C    3        0.049958        0.234895       -0.077313
     C    3       -0.006381       -0.077313       -0.146194

     H    4       -0.000000        0.000000        0.000000
     H    4        0.000000        0.000000        0.000000
     H    4        0.000000        0.000000        0.000000

     C    5       -0.194986       -0.009806       -0.047002
     C    5       -0.009806        0.229537        0.112708
     C    5       -0.047002        0.112708       -0.034551

     H    6       -0.000000        0.000000        0.000000
     H    6        0.000000        0.000000        0.000000
     H    6        0.000000        0.000000        0.000000

     H    7       -0.000000        0.000000        0.000000
     H    7        0.000000        0.000000        0.000000
     H    7        0.000000        0.000000        0.000000

     C    8        0.002375       -0.032832       -0.011358
     C    8       -0.032832        0.009674        0.044406
     C    8       -0.011358        0.044406       -0.012049

     H    9       -0.000000        0.000000        0.000000
     H    9        0.000000        0.000000        0.000000
     H    9        0.000000        0.000000        0.000000

     C   10        0.005044        0.009148        0.017005
     C   10        0.009148        0.001963       -0.015753
     C   10        0.017005       -0.015753       -0.007006

     C   11       -0.068461        0.043256       -0.042627
     C   11        0.043256       -0.016622        0.141826
     C   11       -0.042627        0.141826        0.085083

     Cl  12       -0.637610        0.518267       -0.616811
     Cl  12        0.518267       -0.659596        1.276164
     Cl  12       -0.616811        1.276164        1.297207

     H   13       -0.000000        0.000000        0.000000
     H   13        0.000000        0.000000        0.000000
     H   13        0.000000        0.000000        0.000000

     C   14       -0.105090       -0.049697       -0.040022
     C   14       -0.049697        0.063223        0.147958
     C   14       -0.040022        0.147958        0.041866

     H   15       -0.000000        0.000000        0.000000
     H   15        0.000000        0.000000        0.000000
     H   15        0.000000        0.000000        0.000000

     C   16       -0.092447       -0.001337       -0.060430
     C   16       -0.001337        0.030184        0.068793
     C   16       -0.060430        0.068793        0.062263

     C   17       -0.053524       -0.081713       -0.010050
     C   17       -0.081713       -0.016346        0.111130
     C   17       -0.010050        0.111130        0.069870

     Cl  18       -0.350270       -0.371537       -1.469576
     Cl  18       -0.371537       -1.100200        0.327990
     Cl  18       -1.469576        0.327990        1.450469

     H   19       -0.000000        0.000000        0.000000
     H   19        0.000000        0.000000        0.000000
     H   19        0.000000        0.000000        0.000000

     C   20       -0.138718        0.038823        0.081458
     C   20        0.038823        0.091900        0.194377
     C   20        0.081458        0.194377        0.046817

     H   21       -0.000000        0.000000        0.000000
     H   21        0.000000        0.000000        0.000000
     H   21        0.000000        0.000000        0.000000

     C   22       -0.099600        0.139162       -0.042141
     C   22        0.139162        0.247255        0.079341
     C   22       -0.042141        0.079341       -0.147655

     C   23       -0.079688       -0.131435       -0.052249
     C   23       -0.131435        0.247824       -0.009079
     C   23       -0.052249       -0.009079       -0.168136

     Cl  24        0.317483       -0.033647        0.590527
     Cl  24       -0.033647        1.854575       -1.306298
     Cl  24        0.590527       -1.306298       -2.172058

     ----- total EFG -----
     Cl   1        0.089508       -1.136433       -0.147521
     Cl   1       -1.136433        2.701944       -0.186410
     Cl   1       -0.147521       -0.186410       -2.791453

     C    2       -0.773047        0.292460       -0.064562
     C    2        0.292460        0.633150        0.422165
     C    2       -0.064562        0.422165        0.139896

     C    3        0.148589       -0.106585        0.166850
     C    3       -0.106585        0.260859       -0.386343
     C    3        0.166850       -0.386343       -0.409447

     H    4        0.487116        0.237629        0.269290
     H    4        0.237629       -0.438210        0.433999
     H    4        0.269290        0.433999       -0.048907

     C    5       -0.943480        0.031137       -0.109120
     C    5        0.031137        0.707102        0.301445
     C    5       -0.109120        0.301445        0.236378

     H    6       -0.074198       -0.083891       -0.038131
     H    6       -0.083891        0.043289        0.158758
     H    6       -0.038131        0.158758        0.030909

     H    7       -0.268884        0.178142        0.234196
     H    7        0.178142        0.169635       -0.733876
     H    7        0.234196       -0.733876        0.099249

     C    8        0.342967       -0.004335        0.095870
     C    8       -0.004335       -0.074439       -0.202886
     C    8        0.095870       -0.202886       -0.268527

     H    9        0.442902        0.053251        0.700272
     H    9        0.053251       -0.248713       -0.341566
     H    9        0.700272       -0.341566       -0.194190

     C   10        0.199816        0.141438        0.293080
     C   10        0.141438        0.181279       -0.447248
     C   10        0.293080       -0.447248       -0.381095

     C   11       -0.024901        0.225139       -0.031361
     C   11        0.225139        0.178232        0.201570
     C   11       -0.031361        0.201570       -0.153331

     Cl  12       -0.485111        0.576247       -0.601946
     Cl  12        0.576247       -0.569074        1.104412
     Cl  12       -0.601946        1.104412        1.054185

     H   13       -0.055695        0.063640        0.052856
     H   13        0.063640        0.216473        0.060626
     H   13        0.052856        0.060626       -0.160778

     C   14        0.044585       -0.291034        0.115412
     C   14       -0.291034       -0.091838        0.061751
     C   14        0.115412        0.061751        0.047253

     H   15        0.549453        0.257875        0.452693
     H   15        0.257875       -0.145703       -0.139963
     H   15        0.452693       -0.139963       -0.403751

     C   16       -0.542085        0.126621       -0.079840
     C   16        0.126621        0.514817        0.371826
     C   16       -0.079840        0.371826        0.027268

     C   17        0.110920       -0.451150        0.177522
     C   17       -0.451150       -0.292557        0.031170
     C   17        0.177522        0.031170        0.181637

     Cl  18       -0.421406       -0.221981       -1.327443
     Cl  18       -0.221981       -0.962920        0.285979
     Cl  18       -1.327443        0.285979        1.384326

     H   19       -0.210455       -0.334847       -0.247165
     H   19       -0.334847        0.534441       -0.418779
     H   19       -0.247165       -0.418779       -0.323986

     C   20       -0.303951       -0.193474        0.256096
     C   20       -0.193474        0.271047        0.224198
     C   20        0.256096        0.224198        0.032904

     H   21        0.261394       -0.556944        0.300011
     H   21       -0.556944       -0.245250        0.060173
     H   21        0.300011        0.060173       -0.016143

     C   22        0.108770        0.358506       -0.212281
     C   22        0.358506        0.368490        0.310665
     C   22       -0.212281        0.310665       -0.477259

     C   23       -0.300389       -0.482027       -0.342416
     C   23       -0.482027        0.689266       -0.223965
     C   23       -0.342416       -0.223965       -0.388877

     Cl  24        0.417946        0.076581        0.602015
     Cl  24        0.076581        1.928654       -1.401048
     Cl  24        0.602015       -1.401048       -2.346600

     ----- total EFG (symmetrized) -----
     Cl   1        0.089508       -1.136433       -0.147521
     Cl   1       -1.136433        2.701944       -0.186410
     Cl   1       -0.147521       -0.186410       -2.791453

     C    2       -0.773047        0.292460       -0.064562
     C    2        0.292460        0.633150        0.422165
     C    2       -0.064562        0.422165        0.139896

     C    3        0.148589       -0.106585        0.166850
     C    3       -0.106585        0.260859       -0.386343
     C    3        0.166850       -0.386343       -0.409447

     H    4        0.487116        0.237629        0.269290
     H    4        0.237629       -0.438210        0.433999
     H    4        0.269290        0.433999       -0.048907

     C    5       -0.943480        0.031137       -0.109120
     C    5        0.031137        0.707102        0.301445
     C    5       -0.109120        0.301445        0.236378

     H    6       -0.074198       -0.083891       -0.038131
     H    6       -0.083891        0.043289        0.158758
     H    6       -0.038131        0.158758        0.030909

     H    7       -0.268884        0.178142        0.234196
     H    7        0.178142        0.169635       -0.733876
     H    7        0.234196       -0.733876        0.099249

     C    8        0.342967       -0.004335        0.095870
     C    8       -0.004335       -0.074439       -0.202886
     C    8        0.095870       -0.202886       -0.268527

     H    9        0.442902        0.053251        0.700272
     H    9        0.053251       -0.248713       -0.341566
     H    9        0.700272       -0.341566       -0.194190

     C   10        0.199816        0.141438        0.293080
     C   10        0.141438        0.181279       -0.447248
     C   10        0.293080       -0.447248       -0.381095

     C   11       -0.024901        0.225139       -0.031361
     C   11        0.225139        0.178232        0.201570
     C   11       -0.031361        0.201570       -0.153331

     Cl  12       -0.485111        0.576247       -0.601946
     Cl  12        0.576247       -0.569074        1.104412
     Cl  12       -0.601946        1.104412        1.054185

     H   13       -0.055695        0.063640        0.052856
     H   13        0.063640        0.216473        0.060626
     H   13        0.052856        0.060626       -0.160778

     C   14        0.044585       -0.291034        0.115412
     C   14       -0.291034       -0.091838        0.061751
     C   14        0.115412        0.061751        0.047253

     H   15        0.549453        0.257875        0.452693
     H   15        0.257875       -0.145703       -0.139963
     H   15        0.452693       -0.139963       -0.403751

     C   16       -0.542085        0.126621       -0.079840
     C   16        0.126621        0.514817        0.371826
     C   16       -0.079840        0.371826        0.027268

     C   17        0.110920       -0.451150        0.177522
     C   17       -0.451150       -0.292557        0.031170
     C   17        0.177522        0.031170        0.181637

     Cl  18       -0.421406       -0.221981       -1.327443
     Cl  18       -0.221981       -0.962920        0.285979
     Cl  18       -1.327443        0.285979        1.384326

     H   19       -0.210455       -0.334847       -0.247165
     H   19       -0.334847        0.534441       -0.418779
     H   19       -0.247165       -0.418779       -0.323986

     C   20       -0.303951       -0.193474        0.256096
     C   20       -0.193474        0.271047        0.224198
     C   20        0.256096        0.224198        0.032904

     H   21        0.261394       -0.556944        0.300011
     H   21       -0.556944       -0.245250        0.060173
     H   21        0.300011        0.060173       -0.016143

     C   22        0.108770        0.358506       -0.212281
     C   22        0.358506        0.368490        0.310665
     C   22       -0.212281        0.310665       -0.477259

     C   23       -0.300389       -0.482027       -0.342416
     C   23       -0.482027        0.689266       -0.223965
     C   23       -0.342416       -0.223965       -0.388877

     Cl  24        0.417946        0.076581        0.602015
     Cl  24        0.076581        1.928654       -1.401048
     Cl  24        0.602015       -1.401048       -2.346600


     NQR/NMR SPECTROSCOPIC PARAMETERS:
     Cl   1    Vxx=   -0.3189    axis=(  0.934474  0.346489 -0.081878)
     Cl   1    Vyy=   -2.8107    axis=(  0.069500  0.048021  0.996425)
     Cl   1    Vzz=    3.1297    axis=(  0.349183 -0.936824  0.020794)
     Cl   1  Q=        -8.1650 1e-30 m^2  Cq=       -60.0410 MHz  eta= 0.79618

     C    2    Vxx=   -0.0500    axis=( -0.250958 -0.428827  0.867829)
     C    2    Vyy=   -0.8554    axis=(  0.958684 -0.234170  0.161520)
     C    2    Vzz=    0.9054    axis=(  0.133956  0.872509  0.469877)
     C    2  Q=         1.0000 1e-30 m^2  Cq=         2.1273 MHz  eta= 0.88946

     C    3    Vxx=    0.0869    axis=(  0.894144  0.445399 -0.046116)
     C    3    Vyy=    0.5148    axis=( -0.422983  0.806342 -0.413398)
     C    3    Vzz=   -0.6017    axis=( -0.146941  0.389144  0.909382)
     C    3  Q=         1.0000 1e-30 m^2  Cq=        -1.4138 MHz  eta= 0.71120

     H    4    Vxx=   -0.0165    axis=( -0.572797  0.408539  0.710633)
     H    4    Vyy=   -0.7218    axis=( -0.049261  0.848222 -0.527345)
     H    4    Vzz=    0.7383    axis=(  0.818216  0.337067  0.465734)
     H    4  Q=         1.0000 1e-30 m^2  Cq=         1.7347 MHz  eta= 0.95541

     C    5    Vxx=    0.1012    axis=( -0.106281 -0.438547  0.892402)
     C    5    Vyy=    0.8544    axis=( -0.011150  0.897954  0.439948)
     C    5    Vzz=   -0.9556    axis=( -0.994274  0.036808 -0.100326)
     C    5  Q=         1.0000 1e-30 m^2  Cq=        -2.2454 MHz  eta= 0.78813

     H    6    Vxx=   -0.0794    axis=(  0.784792 -0.215350  0.581142)
     H    6    Vyy=   -0.1423    axis=( -0.550822 -0.672159  0.494770)
     H    6    Vzz=    0.2217    axis=( -0.284071  0.708397  0.646125)
     H    6  Q=         1.0000 1e-30 m^2  Cq=         0.5210 MHz  eta= 0.28369

     H    7    Vxx=   -0.0993    axis=( -0.863272 -0.368733 -0.344670)
     H    7    Vyy=   -0.7709    axis=( -0.503836  0.588692  0.632132)
     H    7    Vzz=    0.8701    axis=( -0.030183  0.719359 -0.693982)
     H    7  Q=         1.0000 1e-30 m^2  Cq=         2.0445 MHz  eta= 0.77179

     C    8    Vxx=    0.0438    axis=(  0.172191  0.849407 -0.498857)
     C    8    Vyy=    0.3609    axis=(  0.979375 -0.093275  0.179231)
     C    8    Vzz=   -0.4048    axis=( -0.105709  0.519430  0.847949)
     C    8  Q=         1.0000 1e-30 m^2  Cq=        -0.9510 MHz  eta= 0.78339

     H    9    Vxx=   -0.0890    axis=(  0.368886  0.862748 -0.345816)
     H    9    Vyy=   -0.8225    axis=( -0.437893  0.489492  0.754087)
     H    9    Vzz=    0.9116    axis=(  0.819862 -0.126742  0.558358)
     H    9  Q=         1.0000 1e-30 m^2  Cq=         2.1419 MHz  eta= 0.80466

     C   10    Vxx=    0.3097    axis=(  0.935415  0.280433  0.215307)
     C   10    Vyy=    0.4308    axis=( -0.135204  0.846428 -0.515053)
     C   10    Vzz=   -0.7405    axis=( -0.326680  0.452678  0.829677)
     C   10  Q=         1.0000 1e-30 m^2  Cq=        -1.7399 MHz  eta= 0.16362

     C   11    Vxx=   -0.0550    axis=( -0.756127  0.188246  0.626765)
     C   11    Vyy=   -0.3160    axis=(  0.470932 -0.508512  0.720860)
     C   11    Vzz=    0.3710    axis=(  0.454417  0.840226  0.295848)
     C   11  Q=         1.0000 1e-30 m^2  Cq=         0.8716 MHz  eta= 0.70372

     Cl  12    Vxx=    0.0099    axis=(  0.814632  0.565552 -0.128549)
     Cl  12    Vyy=    1.6531    axis=(  0.142892 -0.410526 -0.900583)
     Cl  12    Vzz=   -1.6631    axis=( -0.562100  0.715276 -0.415241)
     Cl  12  Q=        -8.1650 1e-30 m^2  Cq=        31.9051 MHz  eta= 0.98806

     H   13    Vxx=   -0.0576    axis=(  0.911321 -0.278668  0.303048)
     H   13    Vyy=   -0.1855    axis=( -0.338383 -0.087724  0.936911)
     H   13    Vzz=    0.2431    axis=( -0.234502 -0.956373 -0.174241)
     H   13  Q=         1.0000 1e-30 m^2  Cq=         0.5712 MHz  eta= 0.52634

     C   14    Vxx=    0.0707    axis=( -0.009051  0.369316  0.929260)
     C   14    Vyy=    0.2878    axis=(  0.789689 -0.567452  0.233214)
     C   14    Vzz=   -0.3585    axis=(  0.613440  0.735938 -0.286509)
     C   14  Q=         1.0000 1e-30 m^2  Cq=        -0.8423 MHz  eta= 0.60571

     H   15    Vxx=   -0.0866    axis=( -0.040409  0.891559 -0.451099)
     H   15    Vyy=   -0.6837    axis=( -0.388457  0.401934  0.829187)
     H   15    Vzz=    0.7702    axis=(  0.920581  0.208739  0.330090)
     H   15  Q=         1.0000 1e-30 m^2  Cq=         1.8098 MHz  eta= 0.77520

     C   16    Vxx=   -0.1327    axis=( -0.299199 -0.430509  0.851553)
     C   16    Vyy=   -0.5873    axis=( -0.952365  0.189911 -0.238609)
     C   16    Vzz=    0.7200    axis=( -0.058995 -0.882381 -0.466823)
     C   16  Q=         1.0000 1e-30 m^2  Cq=         1.6917 MHz  eta= 0.63150

     C   17    Vxx=    0.1371    axis=( -0.286517  0.365141  0.885765)
     C   17    Vyy=    0.4675    axis=(  0.781401 -0.445891  0.436570)
     C   17    Vzz=   -0.6046    axis=(  0.554364  0.817223 -0.157566)
     C   17  Q=         1.0000 1e-30 m^2  Cq=        -1.4206 MHz  eta= 0.54660

     Cl  18    Vxx=   -0.9778    axis=( -0.295399  0.914422 -0.276718)
     Cl  18    Vyy=   -1.1503    axis=( -0.833669 -0.388186 -0.392821)
     Cl  18    Vzz=    2.1280    axis=( -0.466622  0.114653  0.876994)
     Cl  18  Q=        -8.1650 1e-30 m^2  Cq=       -40.8247 MHz  eta= 0.08106

     H   19    Vxx=   -0.0136    axis=(  0.781630  0.000944 -0.623741)
     H   19    Vyy=   -0.7454    axis=(  0.575012  0.386396  0.721151)
     H   19    Vzz=    0.7591    axis=(  0.241692 -0.922332  0.301476)
     H   19  Q=         1.0000 1e-30 m^2  Cq=         1.7835 MHz  eta= 0.96411

     C   20    Vxx=    0.1304    axis=(  0.586925 -0.353649  0.728321)
     C   20    Vyy=    0.4081    axis=( -0.065909  0.875705  0.478327)
     C   20    Vzz=   -0.5385    axis=(  0.806955  0.328745 -0.490664)
     C   20  Q=         1.0000 1e-30 m^2  Cq=        -1.2652 MHz  eta= 0.51561

     H   21    Vxx=   -0.0151    axis=( -0.085009  0.439489  0.894216)
     H   21    Vyy=   -0.6766    axis=(  0.557437  0.764847 -0.322914)
     H   21    Vzz=    0.6917    axis=(  0.825856 -0.471019  0.310006)
     H   21  Q=         1.0000 1e-30 m^2  Cq=         1.6251 MHz  eta= 0.95637

     C   22    Vxx=    0.0711    axis=( -0.765811  0.385363  0.514810)
     C   22    Vyy=    0.6383    axis=( -0.517161 -0.844873 -0.136876)
     C   22    Vzz=   -0.7093    axis=(  0.382202 -0.371061  0.846307)
     C   22  Q=         1.0000 1e-30 m^2  Cq=        -1.6667 MHz  eta= 0.79961

     C   23    Vxx=   -0.0412    axis=( -0.635534 -0.189924  0.748348)
     C   23    Vyy=   -0.8493    axis=(  0.684246  0.310429  0.659880)
     C   23    Vzz=    0.8905    axis=( -0.357636  0.931430 -0.067333)
     C   23  Q=         1.0000 1e-30 m^2  Cq=         2.0924 MHz  eta= 0.90738

     Cl  24    Vxx=    0.5217    axis=(  0.982413  0.102163  0.156293)
     Cl  24    Vyy=    2.3521    axis=( -0.052935  0.955085 -0.291566)
     Cl  24    Vzz=   -2.8738    axis=( -0.179060  0.278165  0.943696)
     Cl  24  Q=        -8.1650 1e-30 m^2  Cq=        55.1325 MHz  eta= 0.63694

     Initialization:
     gipaw_setup  :      9.16s CPU     10.86s WALL (       1 calls)

     Linear response

     Apply operators

     Induced current

     Other routines
     efg          :      9.26s CPU     11.89s WALL (       1 calls)

     General routines
     calbec       :      3.16s CPU      4.21s WALL (      16 calls)
     fft          :      1.45s CPU      2.04s WALL (      15 calls)
     ffts         :      0.04s CPU      0.04s WALL (       2 calls)
     fftw         :      3.29s CPU      4.28s WALL (     672 calls)
     davcio       :      0.03s CPU      0.32s WALL (      32 calls)

     Parallel routines
     fft_scatter  :      2.23s CPU      3.57s WALL (     689 calls)

     Plugins

     GIPAW        :     61.10s CPU     76.28s WALL (       1 calls)
