
     Program QE v.6.0 (svn rev. 13079) starts on 22Jan2017 at 20:39:27 

     This program is part of the open-source Quantum ESPRESSO suite
     for quantum simulation of materials; please cite
         "P. Giannozzi et al., J. Phys.:Condens. Matter 21 395502 (2009);
          URL http://www.quantum-espresso.org", 
     in publications or presentations arising from this work. More details at
     http://www.quantum-espresso.org/quote

     Parallel version (MPI), running on     8 processors
     R & G space division:  proc/nbgrp/npool/nimage =       8

     ***** This is GIPAW svn revision unknown      *****

     Parallelizing q-star over 1 images

     Reading data from directory:
     /users/majewski/paradichlorobenzene/pbe/9_constraint/scratch/pbe.ecut100.np8.dt60.pcl2phi-129368.save
     Message from routine read_xml_file:
     file /users/majewski/paradichlorobenzene/pbe/9_constraint/scratch/pbe.ecut100.np8.dt60.pcl2phi-129368.save not guaranteed to be safe for post-processing

   Info: using nr1, nr2, nr3 values from input

   Info: using nr1, nr2, nr3 values from input

     IMPORTANT: XC functional enforced from input :
     Exchange-correlation      =  SLA  PW   PBX  PBC ( 1  4  3  4 0 0)
     Any further DFT definition will be discarded
     Please, verify this is what you really want

               file C.pbe-n-kjpaw_psl.1.0.0.UPF: wavefunction(s)  2S 2P renormalized
               file Cl.pbe-n-kjpaw_psl.1.0.0.UPF: wavefunction(s)  3S 3P renormalized
               file H.pbe-kjpaw_psl.1.0.0.UPF: wavefunction(s)  1S renormalized

     Parallelization info
     --------------------
     sticks:   dense  smooth     PW     G-vecs:    dense   smooth      PW
     Min        3057    1223    332               144436    36536    5170
     Max        3059    1225    333               144437    36537    5171
     Sum       24467    9791   2657              1155489   292295   41363


     Subspace diagonalization in iterative solution of the eigenvalue problem:
     a serial algorithm will be used

     GIPAW projectors -----------------------------------------------
     atom=  C    l=0  rc=    1.2000  rs=    0.8000
     atom=  C    l=0  rc=    1.2000  rs=    0.8000
     atom=  C    l=1  rc=    1.4000  rs=    0.9333
     atom=  C    l=1  rc=    1.4000  rs=    0.9333
     projs nearly linearly dependent: l=1  n1,n2= 1, 2  s=  0.99951561

     atom=  Cl   l=0  rc=    1.6000  rs=    1.0667
     atom=  Cl   l=0  rc=    1.6000  rs=    1.0667
     atom=  Cl   l=1  rc=    1.6000  rs=    1.0667
     atom=  Cl   l=1  rc=    1.6000  rs=    1.0667
     atom=  Cl   l=2  rc=    1.6000  rs=    1.0667
     atom=  Cl   l=2  rc=    1.6000  rs=    1.0667
     projs nearly linearly dependent: l=2  n1,n2= 1, 2  s=  0.99993509

     atom=  H    l=0  rc=    1.0000  rs=    0.6667
     atom=  H    l=0  rc=    1.0000  rs=    0.6667
     projs nearly linearly dependent: l=0  n1,n2= 1, 2  s=  0.99968852
     -----------------------------------------------------------------

     GIPAW integrals: -------------------------------------------
     Atom  i/j   nmr_para   nmr_dia   epr_rmc  epr_para   epr_dia
       C   1 1   0.83E+03  0.17E-01  0.93E+01  0.24E+08  0.24E+03
       C   2 1   0.86E+03 -0.61E-01  0.94E+01  0.25E+08  0.25E+03
       C   2 2   0.90E+03 -0.15E+00  0.97E+01  0.26E+08  0.26E+03
       C   3 3   0.33E+01  0.34E+00  0.18E+01  0.55E+03  0.21E+02
       C   4 3   0.35E+01  0.37E+00  0.20E+01  0.59E+03  0.22E+02
       C   4 4   0.38E+01  0.39E+00  0.22E+01  0.63E+03  0.24E+02
       Cl  1 1   0.14E+04 -0.47E+00  0.84E+01  0.32E+09  0.42E+03
       Cl  2 1   0.21E+04 -0.37E+00  0.12E+02  0.49E+09  0.65E+03
       Cl  2 2   0.33E+04 -0.16E+00  0.21E+02  0.76E+09  0.10E+04
       Cl  3 3   0.21E+02  0.79E-01  0.89E+01  0.23E+05  0.13E+03
       Cl  4 3   0.24E+02  0.67E-01  0.99E+01  0.27E+05  0.15E+03
       Cl  4 4   0.28E+02  0.44E-01  0.11E+02  0.32E+05  0.18E+03
       Cl  5 5   0.77E+00  0.19E+00  0.18E+01  0.12E+03  0.22E+02
       Cl  6 5   0.80E+00  0.19E+00  0.19E+01  0.12E+03  0.23E+02
       Cl  6 6   0.83E+00  0.20E+00  0.19E+01  0.12E+03  0.23E+02
       H   1 1   0.39E+02  0.19E+00  0.29E+00  0.78E+05  0.13E+02
       H   2 1   0.41E+02  0.21E+00  0.32E+00  0.82E+05  0.14E+02
       H   2 2   0.43E+02  0.22E+00  0.36E+00  0.86E+05  0.15E+02
     ------------------------------------------------------------

     alpha_pv=     34.1014 eV

     Number of occupied bands for each k-point:
     k-point:     1    nbnd_occ=  42
     k-point:     2    nbnd_occ=  42
     k-point:     3    nbnd_occ=  42
     k-point:     4    nbnd_occ=  42
     k-point:     5    nbnd_occ=  42
     k-point:     6    nbnd_occ=  42
     k-point:     7    nbnd_occ=  42
     k-point:     8    nbnd_occ=  42
     k-point:     9    nbnd_occ=  42
     k-point:    10    nbnd_occ=  42
     k-point:    11    nbnd_occ=  42
     k-point:    12    nbnd_occ=  42
     k-point:    13    nbnd_occ=  42
     k-point:    14    nbnd_occ=  42
     k-point:    15    nbnd_occ=  42
     k-point:    16    nbnd_occ=  42


     q-space interpolation up to   110.00 Rydberg

     GIPAW job: efg                                                                             


     ELECTRIC FIELD GRADIENTS TENSORS IN Hartree/bohrradius^2:

     ----- bare term -----
     Cl   1        0.088516        0.077735       -0.110052
     Cl   1        0.077735        0.013647       -0.073253
     Cl   1       -0.110052       -0.073253       -0.102163

     C    2       -0.410074        0.221464       -0.392163
     C    2        0.221464       -0.106569       -0.327057
     C    2       -0.392163       -0.327057        0.516643

     C    3       -0.054477        0.025262       -0.274345
     C    3        0.025262       -0.155698       -0.612039
     C    3       -0.274345       -0.612039        0.210175

     H    4       -0.232270        0.135167       -0.542054
     H    4        0.135167        0.077425        0.053492
     H    4       -0.542054        0.053492        0.154844

     C    5       -0.822279        0.353892       -0.317848
     C    5        0.353892        0.475362       -0.185052
     C    5       -0.317848       -0.185052        0.346917

     H    6        0.406691       -0.093594        0.224053
     H    6       -0.093594       -0.135396       -0.334500
     H    6        0.224053       -0.334500       -0.271295

     H    7        0.324210        0.131762       -0.141668
     H    7        0.131762       -0.372948        0.529236
     H    7       -0.141668        0.529236        0.048739

     C    8       -0.265061       -0.366848       -0.322885
     C    8       -0.366848       -0.182841        0.388932
     C    8       -0.322885        0.388932        0.447903

     H    9        0.074216        0.029443       -0.467698
     H    9        0.029443        0.281858       -0.228769
     H    9       -0.467698       -0.228769       -0.356073

     C   10       -0.180843       -0.207774       -0.250637
     C   10       -0.207774       -0.135557        0.626542
     C   10       -0.250637        0.626542        0.316401

     C   11       -0.217384       -0.069064       -0.391882
     C   11       -0.069064       -0.081020        0.475638
     C   11       -0.391882        0.475638        0.298404

     Cl  12       -0.016564       -0.067202       -0.073020
     Cl  12       -0.067202        0.002115        0.047722
     Cl  12       -0.073020        0.047722        0.014449

     H   13        0.092862        0.145328        0.372803
     H   13        0.145328        0.034629       -0.454155
     H   13        0.372803       -0.454155       -0.127492

     C   14       -0.109169       -0.024115       -0.417259
     C   14       -0.024115       -0.189541       -0.329363
     C   14       -0.417259       -0.329363        0.298710

     H   15        0.004976       -0.136068       -0.433895
     H   15       -0.136068        0.479070       -0.169864
     H   15       -0.433895       -0.169864       -0.484046

     C   16       -0.464211        0.340288       -0.402087
     C   16        0.340288       -0.067943       -0.108739
     C   16       -0.402087       -0.108739        0.532153

     C   17        0.005953       -0.234708       -0.425065
     C   17       -0.234708       -0.191360       -0.517516
     C   17       -0.425065       -0.517516        0.185407

     Cl  18       -0.122447        0.102645       -0.041448
     Cl  18        0.102645        0.025172        0.043570
     Cl  18       -0.041448        0.043570        0.097276

     H   19        0.371391        0.021365        0.313324
     H   19        0.021365        0.091594        0.312794
     H   19        0.313324        0.312794       -0.462985

     C   20       -0.308238       -0.225823       -0.370730
     C   20       -0.225823        0.006008        0.376468
     C   20       -0.370730        0.376468        0.302231

     H   21        0.173639        0.063700       -0.217969
     H   21        0.063700        0.371870       -0.138883
     H   21       -0.217969       -0.138883       -0.545510

     C   22        0.119480       -0.186439        0.036977
     C   22       -0.186439       -0.072918        0.058735
     C   22        0.036977        0.058735       -0.046562

     C   23       -0.065355       -0.066178       -0.311402
     C   23       -0.066178       -0.010955        0.146324
     C   23       -0.311402        0.146324        0.076310

     Cl  24       -0.116554        0.168386        0.283785
     Cl  24        0.168386       -0.021917       -0.289954
     Cl  24        0.283785       -0.289954        0.138472

     ----- ionic term -----
     Cl   1        0.173368       -0.202638        0.019457
     Cl   1       -0.202638       -0.039583       -0.005915
     Cl   1        0.019457       -0.005915       -0.133786

     C    2        0.216779       -0.186276        0.297309
     C    2       -0.186276       -0.083275        0.451423
     C    2        0.297309        0.451423       -0.133504

     C    3        0.222503       -0.334195        0.168915
     C    3       -0.334195       -0.036620        0.419624
     C    3        0.168915        0.419624       -0.185883

     H    4        0.540725        0.151335        0.747822
     H    4        0.151335       -0.535566        0.200887
     H    4        0.747822        0.200887       -0.005159

     C    5        0.340141       -0.318763        0.255661
     C    5       -0.318763       -0.139700        0.316046
     C    5        0.255661        0.316046       -0.200441

     H    6       -0.492647       -0.150325       -0.086052
     H    6       -0.150325        0.399557        0.779471
     H    6       -0.086052        0.779471        0.093090

     H    7       -0.530709       -0.047740        0.048940
     H    7       -0.047740        0.465929       -0.752248
     H    7        0.048940       -0.752248        0.064780

     C    8        0.057854        0.256595        0.398699
     C    8        0.256595        0.061697       -0.206604
     C    8        0.398699       -0.206604       -0.119551

     H    9        0.380591       -0.140315        0.784609
     H    9       -0.140315       -0.486254       -0.178257
     H    9        0.784609       -0.178257        0.105662

     C   10       -0.059507        0.265733        0.286160
     C   10        0.265733        0.180830       -0.328269
     C   10        0.286160       -0.328269       -0.121323

     C   11       -0.047741        0.218739        0.388906
     C   11        0.218739        0.097929       -0.367391
     C   11        0.388906       -0.367391       -0.050188

     Cl  12        0.059349        0.195132        0.038606
     Cl  12        0.195132        0.074269        0.031455
     Cl  12        0.038606        0.031455       -0.133619

     H   13       -0.502852       -0.129569       -0.064753
     H   13       -0.129569        0.616697        0.732673
     H   13       -0.064753        0.732673       -0.113845

     C   14        0.284670       -0.219870        0.249736
     C   14       -0.219870       -0.047578        0.326264
     C   14        0.249736        0.326264       -0.237092

     H   15        0.603560        0.214436        0.762591
     H   15        0.214436       -0.514779        0.206083
     H   15        0.762591        0.206083       -0.088781

     C   16        0.189620       -0.246364        0.195145
     C   16       -0.246364        0.005730        0.401534
     C   16        0.195145        0.401534       -0.195350

     C   17        0.167668       -0.219349        0.312002
     C   17       -0.219349       -0.035838        0.417709
     C   17        0.312002        0.417709       -0.131830

     Cl  18        0.125154       -0.199391        0.018647
     Cl  18       -0.199391       -0.000366       -0.000188
     Cl  18        0.018647       -0.000188       -0.124788

     H   19       -0.549624        0.036270       -0.015155
     H   19        0.036270        0.484351       -0.760942
     H   19       -0.015155       -0.760942        0.065273

     C   20        0.069446        0.286101        0.373753
     C   20        0.286101        0.051008       -0.233286
     C   20        0.373753       -0.233286       -0.120454

     H   21        0.304782       -0.199792        0.817791
     H   21       -0.199792       -0.458908       -0.248882
     H   21        0.817791       -0.248882        0.154126

     C   22       -0.023706        0.280838        0.278292
     C   22        0.280838        0.198118       -0.324201
     C   22        0.278292       -0.324201       -0.174412

     C   23        0.038431        0.314901        0.352844
     C   23        0.314901        0.120247       -0.331823
     C   23        0.352844       -0.331823       -0.158678

     Cl  24        0.104467        0.241007        0.032491
     Cl  24        0.241007        0.053019        0.009340
     Cl  24        0.032491        0.009340       -0.157486

     ----- GIPAW term -----
     Cl   1        2.422028       -0.779058       -1.270569
     Cl   1       -0.779058       -0.268030       -0.697836
     Cl   1       -1.270569       -0.697836       -2.153998

     C    2       -0.027448       -0.079620       -0.194514
     C    2       -0.079620       -0.106073       -0.006837
     C    2       -0.194514       -0.006837        0.133521

     C    3       -0.065873       -0.092534       -0.060139
     C    3       -0.092534        0.119342       -0.087144
     C    3       -0.060139       -0.087144       -0.053469

     H    4       -0.000000        0.000000        0.000000
     H    4        0.000000        0.000000        0.000000
     H    4        0.000000        0.000000        0.000000

     C    5       -0.236528        0.009096       -0.025934
     C    5        0.009096        0.320502       -0.025404
     C    5       -0.025934       -0.025404       -0.083974

     H    6       -0.000000        0.000000        0.000000
     H    6        0.000000        0.000000        0.000000
     H    6        0.000000        0.000000        0.000000

     H    7       -0.000000        0.000000        0.000000
     H    7        0.000000        0.000000        0.000000
     H    7        0.000000        0.000000        0.000000

     C    8        0.020629       -0.109106       -0.096507
     C    8       -0.109106       -0.075126        0.103239
     C    8       -0.096507        0.103239        0.054497

     H    9       -0.000000        0.000000        0.000000
     H    9        0.000000        0.000000        0.000000
     H    9        0.000000        0.000000        0.000000

     C   10       -0.138834       -0.031627       -0.071577
     C   10       -0.031627        0.040988        0.239842
     C   10       -0.071577        0.239842        0.097846

     C   11        0.041401        0.117545       -0.075219
     C   11        0.117545        0.008942        0.076081
     C   11       -0.075219        0.076081       -0.050343

     Cl  12        0.049887        0.169939       -1.078343
     Cl  12        0.169939        1.167819        1.930693
     Cl  12       -1.078343        1.930693       -1.217707

     H   13       -0.000000        0.000000        0.000000
     H   13        0.000000        0.000000        0.000000
     H   13        0.000000        0.000000        0.000000

     C   14        0.005733       -0.035381       -0.209079
     C   14       -0.035381       -0.167506       -0.028168
     C   14       -0.209079       -0.028168        0.161772

     H   15       -0.000000        0.000000        0.000000
     H   15        0.000000        0.000000        0.000000
     H   15        0.000000        0.000000        0.000000

     C   16       -0.153699       -0.002352       -0.190657
     C   16       -0.002352       -0.081013        0.088962
     C   16       -0.190657        0.088962        0.234713

     C   17        0.022298       -0.229391       -0.112552
     C   17       -0.229391        0.044610        0.040964
     C   17       -0.112552        0.040964       -0.066908

     Cl  18        0.791735       -2.019983       -0.342798
     Cl  18       -2.019983        0.362349        0.381987
     Cl  18       -0.342798        0.381987       -1.154084

     H   19       -0.000000        0.000000        0.000000
     H   19        0.000000        0.000000        0.000000
     H   19        0.000000        0.000000        0.000000

     C   20       -0.068843       -0.088638       -0.163293
     C   20       -0.088638       -0.063918        0.169164
     C   20       -0.163293        0.169164        0.132761

     H   21       -0.000000        0.000000        0.000000
     H   21        0.000000        0.000000        0.000000
     H   21        0.000000        0.000000        0.000000

     C   22        0.005213       -0.018914       -0.014508
     C   22       -0.018914       -0.004190        0.013458
     C   22       -0.014508        0.013458       -0.001023

     C   23        0.010889       -0.020764       -0.073887
     C   23       -0.020764        0.008078        0.059986
     C   23       -0.073887        0.059986       -0.018967

     Cl  24        0.077047       -0.073634       -0.421277
     Cl  24       -0.073634        0.276571        0.637234
     Cl  24       -0.421277        0.637234       -0.353618

     ----- total EFG -----
     Cl   1        2.683913       -0.903961       -1.361165
     Cl   1       -0.903961       -0.293966       -0.777004
     Cl   1       -1.361165       -0.777004       -2.389947

     C    2       -0.220743       -0.044433       -0.289369
     C    2       -0.044433       -0.295917        0.117529
     C    2       -0.289369        0.117529        0.516660

     C    3        0.102153       -0.401467       -0.165569
     C    3       -0.401467       -0.072977       -0.279559
     C    3       -0.165569       -0.279559       -0.029176

     H    4        0.308455        0.286503        0.205768
     H    4        0.286503       -0.458141        0.254379
     H    4        0.205768        0.254379        0.149686

     C    5       -0.718666        0.044225       -0.088120
     C    5        0.044225        0.656163        0.105590
     C    5       -0.088120        0.105590        0.062503

     H    6       -0.085955       -0.243918        0.138001
     H    6       -0.243918        0.264161        0.444971
     H    6        0.138001        0.444971       -0.178206

     H    7       -0.206499        0.084022       -0.092729
     H    7        0.084022        0.092981       -0.223013
     H    7       -0.092729       -0.223013        0.113518

     C    8       -0.186578       -0.219359       -0.020693
     C    8       -0.219359       -0.196271        0.285567
     C    8       -0.020693        0.285567        0.382849

     H    9        0.454807       -0.110871        0.316911
     H    9       -0.110871       -0.204396       -0.407026
     H    9        0.316911       -0.407026       -0.250411

     C   10       -0.379185        0.026332       -0.036054
     C   10        0.026332        0.086261        0.538116
     C   10       -0.036054        0.538116        0.292924

     C   11       -0.223725        0.267219       -0.078195
     C   11        0.267219        0.025851        0.184327
     C   11       -0.078195        0.184327        0.197873

     Cl  12        0.092673        0.297869       -1.112757
     Cl  12        0.297869        1.244204        2.009870
     Cl  12       -1.112757        2.009870       -1.336877

     H   13       -0.409990        0.015758        0.308050
     H   13        0.015758        0.651326        0.278518
     H   13        0.308050        0.278518       -0.241337

     C   14        0.181234       -0.279365       -0.376602
     C   14       -0.279365       -0.404625       -0.031267
     C   14       -0.376602       -0.031267        0.223391

     H   15        0.608536        0.078368        0.328696
     H   15        0.078368       -0.035709        0.036220
     H   15        0.328696        0.036220       -0.572827

     C   16       -0.428290        0.091571       -0.397598
     C   16        0.091571       -0.143226        0.381756
     C   16       -0.397598        0.381756        0.571516

     C   17        0.195918       -0.683448       -0.225616
     C   17       -0.683448       -0.182588       -0.058843
     C   17       -0.225616       -0.058843       -0.013331

     Cl  18        0.794442       -2.116729       -0.365599
     Cl  18       -2.116729        0.387155        0.425369
     Cl  18       -0.365599        0.425369       -1.181596

     H   19       -0.178233        0.057634        0.298169
     H   19        0.057634        0.575944       -0.448147
     H   19        0.298169       -0.448147       -0.397711

     C   20       -0.307636       -0.028360       -0.160271
     C   20       -0.028360       -0.006901        0.312345
     C   20       -0.160271        0.312345        0.314537

     H   21        0.478421       -0.136092        0.599822
     H   21       -0.136092       -0.087038       -0.387765
     H   21        0.599822       -0.387765       -0.391384

     C   22        0.100987        0.075485        0.300761
     C   22        0.075485        0.121010       -0.252008
     C   22        0.300761       -0.252008       -0.221997

     C   23       -0.016035        0.227958       -0.032445
     C   23        0.227958        0.117369       -0.125513
     C   23       -0.032445       -0.125513       -0.101334

     Cl  24        0.064959        0.335759       -0.105001
     Cl  24        0.335759        0.307674        0.356620
     Cl  24       -0.105001        0.356620       -0.372633

     ----- total EFG (symmetrized) -----
     Cl   1        2.683913       -0.903961       -1.361165
     Cl   1       -0.903961       -0.293966       -0.777004
     Cl   1       -1.361165       -0.777004       -2.389947

     C    2       -0.220743       -0.044433       -0.289369
     C    2       -0.044433       -0.295917        0.117529
     C    2       -0.289369        0.117529        0.516660

     C    3        0.102153       -0.401467       -0.165569
     C    3       -0.401467       -0.072977       -0.279559
     C    3       -0.165569       -0.279559       -0.029176

     H    4        0.308455        0.286503        0.205768
     H    4        0.286503       -0.458141        0.254379
     H    4        0.205768        0.254379        0.149686

     C    5       -0.718666        0.044225       -0.088120
     C    5        0.044225        0.656163        0.105590
     C    5       -0.088120        0.105590        0.062503

     H    6       -0.085955       -0.243918        0.138001
     H    6       -0.243918        0.264161        0.444971
     H    6        0.138001        0.444971       -0.178206

     H    7       -0.206499        0.084022       -0.092729
     H    7        0.084022        0.092981       -0.223013
     H    7       -0.092729       -0.223013        0.113518

     C    8       -0.186578       -0.219359       -0.020693
     C    8       -0.219359       -0.196271        0.285567
     C    8       -0.020693        0.285567        0.382849

     H    9        0.454807       -0.110871        0.316911
     H    9       -0.110871       -0.204396       -0.407026
     H    9        0.316911       -0.407026       -0.250411

     C   10       -0.379185        0.026332       -0.036054
     C   10        0.026332        0.086261        0.538116
     C   10       -0.036054        0.538116        0.292924

     C   11       -0.223725        0.267219       -0.078195
     C   11        0.267219        0.025851        0.184327
     C   11       -0.078195        0.184327        0.197873

     Cl  12        0.092673        0.297869       -1.112757
     Cl  12        0.297869        1.244204        2.009870
     Cl  12       -1.112757        2.009870       -1.336877

     H   13       -0.409990        0.015758        0.308050
     H   13        0.015758        0.651326        0.278518
     H   13        0.308050        0.278518       -0.241337

     C   14        0.181234       -0.279365       -0.376602
     C   14       -0.279365       -0.404625       -0.031267
     C   14       -0.376602       -0.031267        0.223391

     H   15        0.608536        0.078368        0.328696
     H   15        0.078368       -0.035709        0.036220
     H   15        0.328696        0.036220       -0.572827

     C   16       -0.428290        0.091571       -0.397598
     C   16        0.091571       -0.143226        0.381756
     C   16       -0.397598        0.381756        0.571516

     C   17        0.195918       -0.683448       -0.225616
     C   17       -0.683448       -0.182588       -0.058843
     C   17       -0.225616       -0.058843       -0.013331

     Cl  18        0.794442       -2.116729       -0.365599
     Cl  18       -2.116729        0.387155        0.425369
     Cl  18       -0.365599        0.425369       -1.181596

     H   19       -0.178233        0.057634        0.298169
     H   19        0.057634        0.575944       -0.448147
     H   19        0.298169       -0.448147       -0.397711

     C   20       -0.307636       -0.028360       -0.160271
     C   20       -0.028360       -0.006901        0.312345
     C   20       -0.160271        0.312345        0.314537

     H   21        0.478421       -0.136092        0.599822
     H   21       -0.136092       -0.087038       -0.387765
     H   21        0.599822       -0.387765       -0.391384

     C   22        0.100987        0.075485        0.300761
     C   22        0.075485        0.121010       -0.252008
     C   22        0.300761       -0.252008       -0.221997

     C   23       -0.016035        0.227958       -0.032445
     C   23        0.227958        0.117369       -0.125513
     C   23       -0.032445       -0.125513       -0.101334

     Cl  24        0.064959        0.335759       -0.105001
     Cl  24        0.335759        0.307674        0.356620
     Cl  24       -0.105001        0.356620       -0.372633


     NQR/NMR SPECTROSCOPIC PARAMETERS:
     Cl   1    Vxx=   -0.0871    axis=(  0.114282  0.918892 -0.377593)
     Cl   1    Vyy=   -3.0820    axis=(  0.266096  0.337882  0.902789)
     Cl   1    Vzz=    3.1691    axis=(  0.957148 -0.203648 -0.205900)
     Cl   1  Q=        -8.1650 1e-30 m^2  Cq=       -60.7968 MHz  eta= 0.94503

     C    2    Vxx=   -0.3115    axis=( -0.300567  0.924060 -0.236161)
     C    2    Vyy=   -0.3221    axis=( -0.896989 -0.358026 -0.259283)
     C    2    Vzz=    0.6336    axis=( -0.324145  0.133902  0.936483)
     C    2  Q=         1.0000 1e-30 m^2  Cq=         1.4888 MHz  eta= 0.01676

     C    3    Vxx=    0.1517    axis=( -0.426773 -0.299308  0.853393)
     C    3    Vyy=    0.4319    axis=(  0.737159 -0.661780  0.136542)
     C    3    Vzz=   -0.5836    axis=(  0.523890  0.687359  0.503067)
     C    3  Q=         1.0000 1e-30 m^2  Cq=        -1.3712 MHz  eta= 0.48019

     H    4    Vxx=    0.0114    axis=( -0.606497  0.059474  0.792858)
     H    4    Vyy=    0.5883    axis=( -0.758457 -0.342464 -0.554493)
     H    4    Vzz=   -0.5996    axis=( -0.238547  0.937647 -0.252812)
     H    4  Q=         1.0000 1e-30 m^2  Cq=        -1.4089 MHz  eta= 0.96209

     C    5    Vxx=    0.0558    axis=( -0.120743 -0.163305  0.979159)
     C    5    Vyy=    0.6750    axis=( -0.020724 -0.985746 -0.166960)
     C    5    Vzz=   -0.7307    axis=(  0.992467 -0.040451  0.115637)
     C    5  Q=         1.0000 1e-30 m^2  Cq=        -1.7169 MHz  eta= 0.84739

     H    6    Vxx=    0.0100    axis=(  0.862193 -0.054334  0.503657)
     H    6    Vyy=    0.5702    axis=(  0.219635 -0.855830 -0.468312)
     H    6    Vzz=   -0.5803    axis=(  0.456490  0.514396 -0.725957)
     H    6  Q=         1.0000 1e-30 m^2  Cq=        -1.3634 MHz  eta= 0.96543

     H    7    Vxx=   -0.1199    axis=( -0.026953  0.728119  0.684920)
     H    7    Vyy=   -0.2345    axis=( -0.975648  0.130040 -0.176636)
     H    7    Vzz=    0.3544    axis=( -0.217678 -0.673002  0.706883)
     H    7  Q=         1.0000 1e-30 m^2  Cq=         0.8327 MHz  eta= 0.32330

     C    8    Vxx=   -0.0570    axis=(  0.787464 -0.499372  0.361288)
     C    8    Vyy=   -0.4590    axis=( -0.596821 -0.764195  0.244563)
     C    8    Vzz=    0.5159    axis=( -0.153966  0.408208  0.899811)
     C    8  Q=         1.0000 1e-30 m^2  Cq=         1.2123 MHz  eta= 0.77918

     H    9    Vxx=   -0.0003    axis=(  0.513901  0.702571 -0.492239)
     H    9    Vyy=   -0.6587    axis=( -0.151054  0.638951  0.754271)
     H    9    Vzz=    0.6590    axis=(  0.844446 -0.313266  0.434483)
     H    9  Q=         1.0000 1e-30 m^2  Cq=         1.5484 MHz  eta= 0.99902

     C   10    Vxx=   -0.3243    axis=(  0.618347  0.609924 -0.495621)
     C   10    Vyy=   -0.4133    axis=( -0.785843  0.471917 -0.399681)
     C   10    Vzz=    0.7376    axis=( -0.009884  0.636622  0.771113)
     C   10  Q=         1.0000 1e-30 m^2  Cq=         1.7332 MHz  eta= 0.12068

     C   11    Vxx=    0.1072    axis=(  0.582241  0.544228 -0.603996)
     C   11    Vyy=    0.3309    axis=( -0.195867 -0.627131 -0.753885)
     C   11    Vzz=   -0.4381    axis=( -0.789070  0.557246 -0.258545)
     C   11  Q=         1.0000 1e-30 m^2  Cq=        -1.0293 MHz  eta= 0.51073

     Cl  12    Vxx=    0.4824    axis=(  0.925043  0.288926 -0.246611)
     Cl  12    Vyy=    2.3787    axis=(  0.133048 -0.854525 -0.502080)
     Cl  12    Vzz=   -2.8611    axis=( -0.355800  0.431635 -0.828914)
     Cl  12  Q=        -8.1650 1e-30 m^2  Cq=        54.8887 MHz  eta= 0.66281

     H   13    Vxx=   -0.0756    axis=( -0.641789  0.286477 -0.711364)
     H   13    Vyy=   -0.6649    axis=( -0.761225 -0.125518  0.636225)
     H   13    Vzz=    0.7404    axis=(  0.092975  0.949830  0.298629)
     H   13  Q=         1.0000 1e-30 m^2  Cq=         1.7397 MHz  eta= 0.79585

     C   14    Vxx=   -0.0492    axis=( -0.539030  0.484323 -0.689114)
     C   14    Vyy=   -0.5604    axis=(  0.450035  0.857180  0.250422)
     C   14    Vzz=    0.6096    axis=(  0.711979 -0.175141 -0.680008)
     C   14  Q=         1.0000 1e-30 m^2  Cq=         1.4324 MHz  eta= 0.83855

     H   15    Vxx=   -0.0451    axis=(  0.116777 -0.993148  0.004572)
     H   15    Vyy=   -0.6585    axis=(  0.249587  0.024891 -0.968032)
     H   15    Vzz=    0.7036    axis=(  0.961285  0.114185  0.250784)
     H   15  Q=         1.0000 1e-30 m^2  Cq=         1.6532 MHz  eta= 0.87183

     C   16    Vxx=   -0.1585    axis=(  0.517765  0.840857 -0.157733)
     C   16    Vyy=   -0.6682    axis=( -0.814150  0.427637 -0.392793)
     C   16    Vzz=    0.8267    axis=( -0.262831  0.331793  0.905999)
     C   16  Q=         1.0000 1e-30 m^2  Cq=         1.9423 MHz  eta= 0.61665

     C   17    Vxx=    0.0051    axis=(  0.004009 -0.312463  0.949922)
     C   17    Vyy=    0.7441    axis=(  0.795550 -0.574546 -0.192346)
     C   17    Vzz=   -0.7491    axis=(  0.605875  0.756481  0.246276)
     C   17  Q=         1.0000 1e-30 m^2  Cq=        -1.7601 MHz  eta= 0.98646

     Cl  18    Vxx=   -1.2435    axis=(  0.253467  0.077493  0.964235)
     Cl  18    Vyy=   -1.5517    axis=(  0.632917  0.740534 -0.225889)
     Cl  18    Vzz=    2.7952    axis=( -0.731553  0.667536  0.138654)
     Cl  18  Q=        -8.1650 1e-30 m^2  Cq=       -53.6251 MHz  eta= 0.11026

     H   19    Vxx=   -0.0205    axis=(  0.877806  0.230637  0.419838)
     H   19    Vyy=   -0.7338    axis=( -0.474845  0.303548  0.826063)
     H   19    Vzz=    0.7543    axis=(  0.063080 -0.924481  0.375973)
     H   19  Q=         1.0000 1e-30 m^2  Cq=         1.7722 MHz  eta= 0.94569

     C   20    Vxx=   -0.1762    axis=( -0.336740 -0.840296  0.424863)
     C   20    Vyy=   -0.3564    axis=( -0.924520  0.209515 -0.318381)
     C   20    Vzz=    0.5326    axis=( -0.178519  0.500006  0.847422)
     C   20  Q=         1.0000 1e-30 m^2  Cq=         1.2514 MHz  eta= 0.33836

     H   21    Vxx=   -0.0643    axis=(  0.448303  0.869254 -0.208380)
     H   21    Vyy=   -0.8166    axis=( -0.353827  0.386641  0.851654)
     H   21    Vzz=    0.8809    axis=(  0.820872 -0.308069  0.480898)
     H   21  Q=         1.0000 1e-30 m^2  Cq=         2.0697 MHz  eta= 0.85408

     C   22    Vxx=    0.1870    axis=(  0.630648  0.775937 -0.014346)
     C   22    Vyy=    0.3194    axis=( -0.633686  0.504185 -0.586719)
     C   22    Vzz=   -0.5064    axis=( -0.448024  0.379104  0.809663)
     C   22  Q=         1.0000 1e-30 m^2  Cq=        -1.1899 MHz  eta= 0.26140

     C   23    Vxx=   -0.1072    axis=(  0.557515 -0.105730  0.823406)
     C   23    Vyy=   -0.2153    axis=( -0.617361  0.610311  0.496373)
     C   23    Vzz=    0.3225    axis=( -0.555015 -0.785074  0.274984)
     C   23  Q=         1.0000 1e-30 m^2  Cq=         0.7577 MHz  eta= 0.33526

     Cl  24    Vxx=    0.0061    axis=(  0.808061 -0.300269 -0.506830)
     Cl  24    Vyy=    0.6051    axis=( -0.473862 -0.842447 -0.256395)
     Cl  24    Vzz=   -0.6111    axis=(  0.349990 -0.447350  0.823034)
     Cl  24  Q=        -8.1650 1e-30 m^2  Cq=        11.7240 MHz  eta= 0.98019

     Initialization:
     gipaw_setup  :      9.12s CPU     10.74s WALL (       1 calls)

     Linear response

     Apply operators

     Induced current

     Other routines
     efg          :      9.45s CPU     12.34s WALL (       1 calls)

     General routines
     calbec       :      3.42s CPU      4.91s WALL (      16 calls)
     fft          :      1.54s CPU      2.23s WALL (      15 calls)
     ffts         :      0.04s CPU      0.05s WALL (       2 calls)
     fftw         :      3.33s CPU      3.97s WALL (     672 calls)
     davcio       :      0.03s CPU      0.30s WALL (      32 calls)

     Parallel routines
     fft_scatter  :      2.18s CPU      3.34s WALL (     689 calls)

     Plugins

     GIPAW        :     61.21s CPU     72.79s WALL (       1 calls)
