
     Program QE v.6.0 (svn rev. 13079) starts on  4Jan2017 at  1:57:47 

     This program is part of the open-source Quantum ESPRESSO suite
     for quantum simulation of materials; please cite
         "P. Giannozzi et al., J. Phys.:Condens. Matter 21 395502 (2009);
          URL http://www.quantum-espresso.org", 
     in publications or presentations arising from this work. More details at
     http://www.quantum-espresso.org/quote

     Parallel version (MPI), running on     8 processors
     R & G space division:  proc/nbgrp/npool/nimage =       8

     ***** This is GIPAW svn revision unknown      *****

     Parallelizing q-star over 1 images

     Reading data from directory:
     /users/majewski/paradichlorobenzene/pbe/9_constraint/scratch/pbe.ecut100.np8.dt60.pcl2phi-129368.save
     Message from routine read_xml_file:
     file /users/majewski/paradichlorobenzene/pbe/9_constraint/scratch/pbe.ecut100.np8.dt60.pcl2phi-129368.save not guaranteed to be safe for post-processing

   Info: using nr1, nr2, nr3 values from input

   Info: using nr1, nr2, nr3 values from input

     IMPORTANT: XC functional enforced from input :
     Exchange-correlation      =  SLA  PW   PBX  PBC ( 1  4  3  4 0 0)
     Any further DFT definition will be discarded
     Please, verify this is what you really want

               file C.pbe-n-kjpaw_psl.1.0.0.UPF: wavefunction(s)  2S 2P renormalized
               file Cl.pbe-n-kjpaw_psl.1.0.0.UPF: wavefunction(s)  3S 3P renormalized
               file H.pbe-kjpaw_psl.1.0.0.UPF: wavefunction(s)  1S renormalized

     Parallelization info
     --------------------
     sticks:   dense  smooth     PW     G-vecs:    dense   smooth      PW
     Min        3057    1223    332               144436    36536    5170
     Max        3059    1225    333               144437    36537    5171
     Sum       24467    9791   2657              1155489   292295   41363


     Subspace diagonalization in iterative solution of the eigenvalue problem:
     a serial algorithm will be used

     GIPAW projectors -----------------------------------------------
     atom=  C    l=0  rc=    1.2000  rs=    0.8000
     atom=  C    l=0  rc=    1.2000  rs=    0.8000
     atom=  C    l=1  rc=    1.4000  rs=    0.9333
     atom=  C    l=1  rc=    1.4000  rs=    0.9333
     projs nearly linearly dependent: l=1  n1,n2= 1, 2  s=  0.99951561

     atom=  Cl   l=0  rc=    1.6000  rs=    1.0667
     atom=  Cl   l=0  rc=    1.6000  rs=    1.0667
     atom=  Cl   l=1  rc=    1.6000  rs=    1.0667
     atom=  Cl   l=1  rc=    1.6000  rs=    1.0667
     atom=  Cl   l=2  rc=    1.6000  rs=    1.0667
     atom=  Cl   l=2  rc=    1.6000  rs=    1.0667
     projs nearly linearly dependent: l=2  n1,n2= 1, 2  s=  0.99993509

     atom=  H    l=0  rc=    1.0000  rs=    0.6667
     atom=  H    l=0  rc=    1.0000  rs=    0.6667
     projs nearly linearly dependent: l=0  n1,n2= 1, 2  s=  0.99968852
     -----------------------------------------------------------------

     GIPAW integrals: -------------------------------------------
     Atom  i/j   nmr_para   nmr_dia   epr_rmc  epr_para   epr_dia
       C   1 1   0.83E+03  0.17E-01  0.93E+01  0.24E+08  0.24E+03
       C   2 1   0.86E+03 -0.61E-01  0.94E+01  0.25E+08  0.25E+03
       C   2 2   0.90E+03 -0.15E+00  0.97E+01  0.26E+08  0.26E+03
       C   3 3   0.33E+01  0.34E+00  0.18E+01  0.55E+03  0.21E+02
       C   4 3   0.35E+01  0.37E+00  0.20E+01  0.59E+03  0.22E+02
       C   4 4   0.38E+01  0.39E+00  0.22E+01  0.63E+03  0.24E+02
       Cl  1 1   0.14E+04 -0.47E+00  0.84E+01  0.32E+09  0.42E+03
       Cl  2 1   0.21E+04 -0.37E+00  0.12E+02  0.49E+09  0.65E+03
       Cl  2 2   0.33E+04 -0.16E+00  0.21E+02  0.76E+09  0.10E+04
       Cl  3 3   0.21E+02  0.79E-01  0.89E+01  0.23E+05  0.13E+03
       Cl  4 3   0.24E+02  0.67E-01  0.99E+01  0.27E+05  0.15E+03
       Cl  4 4   0.28E+02  0.44E-01  0.11E+02  0.32E+05  0.18E+03
       Cl  5 5   0.77E+00  0.19E+00  0.18E+01  0.12E+03  0.22E+02
       Cl  6 5   0.80E+00  0.19E+00  0.19E+01  0.12E+03  0.23E+02
       Cl  6 6   0.83E+00  0.20E+00  0.19E+01  0.12E+03  0.23E+02
       H   1 1   0.39E+02  0.19E+00  0.29E+00  0.78E+05  0.13E+02
       H   2 1   0.41E+02  0.21E+00  0.32E+00  0.82E+05  0.14E+02
       H   2 2   0.43E+02  0.22E+00  0.36E+00  0.86E+05  0.15E+02
     ------------------------------------------------------------

     alpha_pv=     34.0110 eV

     Number of occupied bands for each k-point:
     k-point:     1    nbnd_occ=  42
     k-point:     2    nbnd_occ=  42
     k-point:     3    nbnd_occ=  42
     k-point:     4    nbnd_occ=  42
     k-point:     5    nbnd_occ=  42
     k-point:     6    nbnd_occ=  42
     k-point:     7    nbnd_occ=  42
     k-point:     8    nbnd_occ=  42
     k-point:     9    nbnd_occ=  42
     k-point:    10    nbnd_occ=  42
     k-point:    11    nbnd_occ=  42
     k-point:    12    nbnd_occ=  42
     k-point:    13    nbnd_occ=  42
     k-point:    14    nbnd_occ=  42
     k-point:    15    nbnd_occ=  42
     k-point:    16    nbnd_occ=  42


     q-space interpolation up to   110.00 Rydberg

     GIPAW job: efg                                                                             


     ELECTRIC FIELD GRADIENTS TENSORS IN Hartree/bohrradius^2:

     ----- bare term -----
     Cl   1        0.087669       -0.014186       -0.017003
     Cl   1       -0.014186       -0.156287        0.012969
     Cl   1       -0.017003        0.012969        0.068618

     C    2       -0.809945        0.358637       -0.291950
     C    2        0.358637        0.268816       -0.028215
     C    2       -0.291950       -0.028215        0.541129

     C    3        0.094325        0.307776       -0.017916
     C    3        0.307776       -0.505725       -0.420487
     C    3       -0.017916       -0.420487        0.411400

     H    4       -0.438541       -0.118536       -0.522433
     H    4       -0.118536        0.190132       -0.299584
     H    4       -0.522433       -0.299584        0.248408

     C    5       -0.921099        0.316928       -0.417719
     C    5        0.316928        0.342117        0.006402
     C    5       -0.417719        0.006402        0.578982

     H    6        0.367320       -0.045296       -0.141063
     H    6       -0.045296       -0.563017       -0.670226
     H    6       -0.141063       -0.670226        0.195697

     H    7        0.305025        0.226418        0.061139
     H    7        0.226418       -0.532790       -0.264038
     H    7        0.061139       -0.264038        0.227765

     C    8        0.050892        0.130770       -0.002717
     C    8        0.130770       -0.125027       -0.199358
     C    8       -0.002717       -0.199358        0.074135

     H    9       -0.287020        0.375026        0.189895
     H    9        0.375026        0.091998       -0.152240
     H    9        0.189895       -0.152240        0.195023

     C   10        0.094921       -0.020596        0.253394
     C   10       -0.020596       -0.067239       -0.217501
     C   10        0.253394       -0.217501       -0.027682

     C   11       -0.024027        0.200756       -0.270405
     C   11        0.200756       -0.059376        0.343038
     C   11       -0.270405        0.343038        0.083403

     Cl  12        0.000733       -0.286915       -0.023746
     Cl  12       -0.286915        0.052420       -0.212501
     Cl  12       -0.023746       -0.212501       -0.053152

     H   13        0.400419        0.032070        0.112094
     H   13        0.032070       -0.074990       -0.535974
     H   13        0.112094       -0.535974       -0.325430

     C   14        0.172953       -0.023602       -0.014715
     C   14       -0.023602       -0.216020       -0.255708
     C   14       -0.014715       -0.255708        0.043067

     H   15        0.126876       -0.107172       -0.328462
     H   15       -0.107172        0.386455       -0.339522
     H   15       -0.328462       -0.339522       -0.513331

     C   16       -0.362726        0.315163       -0.224849
     C   16        0.315163        0.255014       -0.052433
     C   16       -0.224849       -0.052433        0.107712

     C   17        0.227304        0.073716       -0.100860
     C   17        0.073716       -0.534951       -0.353073
     C   17       -0.100860       -0.353073        0.307647

     Cl  18       -0.049849        0.204058       -0.022804
     Cl  18        0.204058       -0.006703       -0.114857
     Cl  18       -0.022804       -0.114857        0.056551

     H   19        0.215092        0.105694       -0.128910
     H   19        0.105694       -0.404918        0.525465
     H   19       -0.128910        0.525465        0.189825

     C   20       -0.409883       -0.334689        0.017437
     C   20       -0.334689        0.043785        0.371874
     C   20        0.017437        0.371874        0.366098

     H   21       -0.604089       -0.144906       -0.092232
     H   21       -0.144906        0.273360        0.295340
     H   21       -0.092232        0.295340        0.330728

     C   22       -0.008548        0.082134       -0.309311
     C   22        0.082134       -0.151073        0.577260
     C   22       -0.309311        0.577260        0.159621

     C   23       -0.504707       -0.366331       -0.277300
     C   23       -0.366331        0.153315        0.364575
     C   23       -0.277300        0.364575        0.351392

     Cl  24       -0.040900        0.074959       -0.043479
     Cl  24        0.074959        0.109370        0.117672
     Cl  24       -0.043479        0.117672       -0.068471

     ----- ionic term -----
     Cl   1        0.105818       -0.208097        0.066664
     Cl   1       -0.208097        0.051623       -0.043994
     Cl   1        0.066664       -0.043994       -0.157441

     C    2        0.045359       -0.233573        0.371818
     C    2       -0.233573        0.146805        0.329019
     C    2        0.371818        0.329019       -0.192165

     C    3        0.110998       -0.267209        0.221514
     C    3       -0.267209        0.178392        0.365187
     C    3        0.221514        0.365187       -0.289391

     H    4        0.474393        0.301960        0.722108
     H    4        0.301960       -0.386329        0.270150
     H    4        0.722108        0.270150       -0.088064

     C    5        0.234938       -0.221609        0.289223
     C    5       -0.221609        0.027371        0.303120
     C    5        0.289223        0.303120       -0.262309

     H    6       -0.517597       -0.002106       -0.013197
     H    6       -0.002106        0.533429        0.759942
     H    6       -0.013197        0.759942       -0.015832

     H    7       -0.512615       -0.154125        0.032426
     H    7       -0.154125        0.946716       -0.450375
     H    7        0.032426       -0.450375       -0.434101

     C    8        0.368064        0.131113        0.079383
     C    8        0.131113        0.189951       -0.242468
     C    8        0.079383       -0.242468       -0.558015

     H    9        0.866591       -0.292130        0.503131
     H    9       -0.292130       -0.419338       -0.167321
     H    9        0.503131       -0.167321       -0.447253

     C   10        0.249623        0.152972        0.113253
     C   10        0.152972        0.282651       -0.323458
     C   10        0.113253       -0.323458       -0.532274

     C   11        0.268935        0.006810        0.179517
     C   11        0.006810        0.252551       -0.348307
     C   11        0.179517       -0.348307       -0.521487

     Cl  12        0.139239        0.175354       -0.014369
     Cl  12        0.175354        0.020328       -0.024326
     Cl  12       -0.014369       -0.024326       -0.159567

     H   13       -0.536937        0.024710        0.047488
     H   13        0.024710        0.638225        0.716914
     H   13        0.047488        0.716914       -0.101288

     C   14        0.166264       -0.241172        0.314995
     C   14       -0.241172        0.036745        0.297653
     C   14        0.314995        0.297653       -0.203009

     H   15        0.514303        0.291944        0.760419
     H   15        0.291944       -0.458355        0.279409
     H   15        0.760419        0.279409       -0.055948

     C   16        0.085089       -0.296058        0.181681
     C   16       -0.296058        0.154052        0.433481
     C   16        0.181681        0.433481       -0.239141

     C   17        0.170525       -0.236361        0.259312
     C   17       -0.236361        0.056354        0.438565
     C   17        0.259312        0.438565       -0.226878

     Cl  18        0.150169       -0.207908        0.007009
     Cl  18       -0.207908       -0.009574       -0.002851
     Cl  18        0.007009       -0.002851       -0.140595

     H   19       -0.513137       -0.080183        0.030069
     H   19       -0.080183        0.890528       -0.515519
     H   19        0.030069       -0.515519       -0.377391

     C   20        0.342028        0.168697        0.099047
     C   20        0.168697        0.177406       -0.309490
     C   20        0.099047       -0.309490       -0.519434

     H   21        0.798336       -0.314088        0.489235
     H   21       -0.314088       -0.382006       -0.198129
     H   21        0.489235       -0.198129       -0.416330

     C   22        0.221147        0.239354        0.057640
     C   22        0.239354        0.297819       -0.380935
     C   22        0.057640       -0.380935       -0.518966

     C   23        0.290732        0.094474        0.116616
     C   23        0.094474        0.238044       -0.323228
     C   23        0.116616       -0.323228       -0.528776

     Cl  24        0.142074        0.228174        0.001114
     Cl  24        0.228174        0.001918       -0.004492
     Cl  24        0.001114       -0.004492       -0.143992

     ----- GIPAW term -----
     Cl   1        0.208921        0.235901       -0.079751
     Cl   1        0.235901        2.063546       -0.014048
     Cl   1       -0.079751       -0.014048       -2.272467

     C    2       -0.163936        0.014446        0.008306
     C    2        0.014446        0.063718        0.174602
     C    2        0.008306        0.174602        0.100218

     C    3       -0.098346        0.069569        0.059160
     C    3        0.069569        0.014511        0.183676
     C    3        0.059160        0.183676        0.083835

     H    4       -0.000000        0.000000        0.000000
     H    4        0.000000        0.000000        0.000000
     H    4        0.000000        0.000000        0.000000

     C    5       -0.205542        0.056829        0.004104
     C    5        0.056829        0.061473        0.179315
     C    5        0.004104        0.179315        0.144069

     H    6       -0.000000        0.000000        0.000000
     H    6        0.000000        0.000000        0.000000
     H    6        0.000000        0.000000        0.000000

     H    7       -0.000000        0.000000        0.000000
     H    7        0.000000        0.000000        0.000000
     H    7        0.000000        0.000000        0.000000

     C    8        0.019913        0.014417        0.013206
     C    8        0.014417       -0.004915       -0.027247
     C    8        0.013206       -0.027247       -0.014998

     H    9       -0.000000        0.000000        0.000000
     H    9        0.000000        0.000000        0.000000
     H    9        0.000000        0.000000        0.000000

     C   10        0.022517        0.011401        0.023520
     C   10        0.011401        0.006010       -0.038350
     C   10        0.023520       -0.038350       -0.028527

     C   11       -0.014781        0.057717       -0.010954
     C   11        0.057717       -0.005531        0.073289
     C   11       -0.010954        0.073289        0.020312

     Cl  12       -0.772338        0.368274        0.075011
     Cl  12        0.368274       -0.390468        1.222634
     Cl  12        0.075011        1.222634        1.162807

     H   13       -0.000000        0.000000        0.000000
     H   13        0.000000        0.000000        0.000000
     H   13        0.000000        0.000000        0.000000

     C   14       -0.006199       -0.030278        0.004841
     C   14       -0.030278       -0.027312        0.066337
     C   14        0.004841        0.066337        0.033511

     H   15       -0.000000        0.000000        0.000000
     H   15        0.000000        0.000000        0.000000
     H   15        0.000000        0.000000        0.000000

     C   16       -0.067996        0.002152       -0.045299
     C   16        0.002152        0.013857        0.044045
     C   16       -0.045299        0.044045        0.054139

     C   17       -0.032984       -0.032797        0.024129
     C   17       -0.032797       -0.052987        0.123568
     C   17        0.024129        0.123568        0.085970

     Cl  18       -0.855717       -0.347179        0.499823
     Cl  18       -0.347179       -0.262602        1.676118
     Cl  18        0.499823        1.676118        1.118320

     H   19       -0.000000        0.000000        0.000000
     H   19        0.000000        0.000000        0.000000
     H   19        0.000000        0.000000        0.000000

     C   20       -0.033352        0.125079        0.126513
     C   20        0.125079        0.066342        0.149039
     C   20        0.126513        0.149039       -0.032990

     H   21       -0.000000        0.000000        0.000000
     H   21        0.000000        0.000000        0.000000
     H   21        0.000000        0.000000        0.000000

     C   22       -0.065253        0.156104       -0.084759
     C   22        0.156104        0.152605        0.011720
     C   22       -0.084759        0.011720       -0.087353

     C   23       -0.146672        0.036541       -0.023238
     C   23        0.036541        0.204130        0.178676
     C   23       -0.023238        0.178676       -0.057458

     Cl  24        0.422360        2.498191       -0.093890
     Cl  24        2.498191        1.446162        1.334254
     Cl  24       -0.093890        1.334254       -1.868522

     ----- total EFG -----
     Cl   1        0.402408        0.013619       -0.030090
     Cl   1        0.013619        1.958882       -0.045073
     Cl   1       -0.030090       -0.045073       -2.361290

     C    2       -0.928522        0.139509        0.088175
     C    2        0.139509        0.479339        0.475406
     C    2        0.088175        0.475406        0.449183

     C    3        0.106977        0.110136        0.262759
     C    3        0.110136       -0.312822        0.128376
     C    3        0.262759        0.128376        0.205845

     H    4        0.035852        0.183425        0.199675
     H    4        0.183425       -0.196196       -0.029434
     H    4        0.199675       -0.029434        0.160344

     C    5       -0.891704        0.152148       -0.124392
     C    5        0.152148        0.430961        0.488837
     C    5       -0.124392        0.488837        0.460742

     H    6       -0.150277       -0.047402       -0.154260
     H    6       -0.047402       -0.029588        0.089716
     H    6       -0.154260        0.089716        0.179865

     H    7       -0.207590        0.072294        0.093565
     H    7        0.072294        0.413926       -0.714413
     H    7        0.093565       -0.714413       -0.206336

     C    8        0.438869        0.276301        0.089873
     C    8        0.276301        0.060009       -0.469074
     C    8        0.089873       -0.469074       -0.498879

     H    9        0.579570        0.082895        0.693026
     H    9        0.082895       -0.327340       -0.319561
     H    9        0.693026       -0.319561       -0.252230

     C   10        0.367060        0.143776        0.390168
     C   10        0.143776        0.221422       -0.579310
     C   10        0.390168       -0.579310       -0.588483

     C   11        0.230128        0.265283       -0.101842
     C   11        0.265283        0.187645        0.068021
     C   11       -0.101842        0.068021       -0.417772

     Cl  12       -0.632367        0.256713        0.036896
     Cl  12        0.256713       -0.317721        0.985807
     Cl  12        0.036896        0.985807        0.950088

     H   13       -0.136518        0.056780        0.159582
     H   13        0.056780        0.563235        0.180940
     H   13        0.159582        0.180940       -0.426717

     C   14        0.333018       -0.295051        0.305121
     C   14       -0.295051       -0.206588        0.108282
     C   14        0.305121        0.108282       -0.126430

     H   15        0.641179        0.184772        0.431957
     H   15        0.184772       -0.071900       -0.060113
     H   15        0.431957       -0.060113       -0.569279

     C   16       -0.345633        0.021257       -0.088467
     C   16        0.021257        0.422923        0.425093
     C   16       -0.088467        0.425093       -0.077290

     C   17        0.364845       -0.195442        0.182581
     C   17       -0.195442       -0.531584        0.209060
     C   17        0.182581        0.209060        0.166739

     Cl  18       -0.755397       -0.351029        0.484028
     Cl  18       -0.351029       -0.278879        1.558410
     Cl  18        0.484028        1.558410        1.034276

     H   19       -0.298045        0.025511       -0.098841
     H   19        0.025511        0.485611        0.009946
     H   19       -0.098841        0.009946       -0.187566

     C   20       -0.101207       -0.040913        0.242996
     C   20       -0.040913        0.287533        0.211424
     C   20        0.242996        0.211424       -0.186326

     H   21        0.194247       -0.458995        0.397003
     H   21       -0.458995       -0.108646        0.097211
     H   21        0.397003        0.097211       -0.085601

     C   22        0.147346        0.477592       -0.336430
     C   22        0.477592        0.299351        0.208045
     C   22       -0.336430        0.208045       -0.446697

     C   23       -0.360647       -0.235316       -0.183922
     C   23       -0.235316        0.595489        0.220024
     C   23       -0.183922        0.220024       -0.234842

     Cl  24        0.523534        2.801324       -0.136255
     Cl  24        2.801324        1.557451        1.447434
     Cl  24       -0.136255        1.447434       -2.080985

     ----- total EFG (symmetrized) -----
     Cl   1        0.402408        0.013619       -0.030090
     Cl   1        0.013619        1.958882       -0.045073
     Cl   1       -0.030090       -0.045073       -2.361290

     C    2       -0.928522        0.139509        0.088175
     C    2        0.139509        0.479339        0.475406
     C    2        0.088175        0.475406        0.449183

     C    3        0.106977        0.110136        0.262759
     C    3        0.110136       -0.312822        0.128376
     C    3        0.262759        0.128376        0.205845

     H    4        0.035852        0.183425        0.199675
     H    4        0.183425       -0.196196       -0.029434
     H    4        0.199675       -0.029434        0.160344

     C    5       -0.891704        0.152148       -0.124392
     C    5        0.152148        0.430961        0.488837
     C    5       -0.124392        0.488837        0.460742

     H    6       -0.150277       -0.047402       -0.154260
     H    6       -0.047402       -0.029588        0.089716
     H    6       -0.154260        0.089716        0.179865

     H    7       -0.207590        0.072294        0.093565
     H    7        0.072294        0.413926       -0.714413
     H    7        0.093565       -0.714413       -0.206336

     C    8        0.438869        0.276301        0.089873
     C    8        0.276301        0.060009       -0.469074
     C    8        0.089873       -0.469074       -0.498879

     H    9        0.579570        0.082895        0.693026
     H    9        0.082895       -0.327340       -0.319561
     H    9        0.693026       -0.319561       -0.252230

     C   10        0.367060        0.143776        0.390168
     C   10        0.143776        0.221422       -0.579310
     C   10        0.390168       -0.579310       -0.588483

     C   11        0.230128        0.265283       -0.101842
     C   11        0.265283        0.187645        0.068021
     C   11       -0.101842        0.068021       -0.417772

     Cl  12       -0.632367        0.256713        0.036896
     Cl  12        0.256713       -0.317721        0.985807
     Cl  12        0.036896        0.985807        0.950088

     H   13       -0.136518        0.056780        0.159582
     H   13        0.056780        0.563235        0.180940
     H   13        0.159582        0.180940       -0.426717

     C   14        0.333018       -0.295051        0.305121
     C   14       -0.295051       -0.206588        0.108282
     C   14        0.305121        0.108282       -0.126430

     H   15        0.641179        0.184772        0.431957
     H   15        0.184772       -0.071900       -0.060113
     H   15        0.431957       -0.060113       -0.569279

     C   16       -0.345633        0.021257       -0.088467
     C   16        0.021257        0.422923        0.425093
     C   16       -0.088467        0.425093       -0.077290

     C   17        0.364845       -0.195442        0.182581
     C   17       -0.195442       -0.531584        0.209060
     C   17        0.182581        0.209060        0.166739

     Cl  18       -0.755397       -0.351029        0.484028
     Cl  18       -0.351029       -0.278879        1.558410
     Cl  18        0.484028        1.558410        1.034276

     H   19       -0.298045        0.025511       -0.098841
     H   19        0.025511        0.485611        0.009946
     H   19       -0.098841        0.009946       -0.187566

     C   20       -0.101207       -0.040913        0.242996
     C   20       -0.040913        0.287533        0.211424
     C   20        0.242996        0.211424       -0.186326

     H   21        0.194247       -0.458995        0.397003
     H   21       -0.458995       -0.108646        0.097211
     H   21        0.397003        0.097211       -0.085601

     C   22        0.147346        0.477592       -0.336430
     C   22        0.477592        0.299351        0.208045
     C   22       -0.336430        0.208045       -0.446697

     C   23       -0.360647       -0.235316       -0.183922
     C   23       -0.235316        0.595489        0.220024
     C   23       -0.183922        0.220024       -0.234842

     Cl  24        0.523534        2.801324       -0.136255
     Cl  24        2.801324        1.557451        1.447434
     Cl  24       -0.136255        1.447434       -2.080985


     NQR/NMR SPECTROSCOPIC PARAMETERS:
     Cl   1    Vxx=    0.4026    axis=(  0.999901 -0.009061 -0.010738)
     Cl   1    Vyy=    1.9595    axis=(  0.008948  0.999905 -0.010493)
     Cl   1    Vzz=   -2.3621    axis=(  0.010832  0.010396  0.999887)
     Cl   1  Q=        -8.1650 1e-30 m^2  Cq=        45.3154 MHz  eta= 0.65911

     C    2    Vxx=   -0.0102    axis=( -0.035652 -0.691000  0.721975)
     C    2    Vyy=   -0.9436    axis=( -0.995694  0.086415  0.033539)
     C    2    Vzz=    0.9538    axis=( -0.085565 -0.717671 -0.691105)
     C    2  Q=         1.0000 1e-30 m^2  Cq=         2.2410 MHz  eta= 0.97865

     C    3    Vxx=   -0.1109    axis=(  0.767426  0.011029 -0.641043)
     C    3    Vyy=   -0.3498    axis=( -0.145202  0.976863 -0.157023)
     C    3    Vzz=    0.4608    axis=(  0.624479  0.213584  0.751271)
     C    3  Q=         1.0000 1e-30 m^2  Cq=         1.0826 MHz  eta= 0.51850

     H    4    Vxx=    0.0083    axis=( -0.546728 -0.577667  0.606126)
     H    4    Vyy=    0.3231    axis=(  0.637166  0.182626  0.748777)
     H    4    Vzz=   -0.3314    axis=( -0.543238  0.795581  0.268223)
     H    4  Q=         1.0000 1e-30 m^2  Cq=        -0.7786 MHz  eta= 0.94997

     C    5    Vxx=   -0.0002    axis=( -0.214470 -0.698424  0.682793)
     C    5    Vyy=   -0.9349    axis=( -0.976686  0.160018 -0.143103)
     C    5    Vzz=    0.9351    axis=( -0.009312 -0.697566 -0.716460)
     C    5  Q=         1.0000 1e-30 m^2  Cq=         2.1970 MHz  eta= 0.99954

     H    6    Vxx=   -0.0623    axis=( -0.049523 -0.946437  0.319067)
     H    6    Vyy=   -0.2119    axis=( -0.933547 -0.069689 -0.351615)
     H    6    Vzz=    0.2742    axis=( -0.355017  0.315278  0.880092)
     H    6  Q=         1.0000 1e-30 m^2  Cq=         0.6443 MHz  eta= 0.54554

     H    7    Vxx=   -0.1796    axis=(  0.972802  0.119995  0.198134)
     H    7    Vyy=   -0.7031    axis=( -0.231484  0.534756  0.812682)
     H    7    Vzz=    0.8827    axis=( -0.008436 -0.836443  0.547988)
     H    7  Q=         1.0000 1e-30 m^2  Cq=         2.0740 MHz  eta= 0.59303

     C    8    Vxx=    0.1951    axis=( -0.553071  0.655271 -0.514521)
     C    8    Vyy=    0.6084    axis=( -0.814591 -0.554888  0.168943)
     C    8    Vzz=   -0.8036    axis=( -0.174798  0.512561  0.840670)
     C    8  Q=         1.0000 1e-30 m^2  Cq=        -1.8881 MHz  eta= 0.51436

     H    9    Vxx=   -0.1345    axis=(  0.317395  0.846093 -0.428238)
     H    9    Vyy=   -0.8433    axis=( -0.396403  0.528618  0.750618)
     H    9    Vzz=    0.9778    axis=(  0.861467 -0.068487  0.503174)
     H    9  Q=         1.0000 1e-30 m^2  Cq=         2.2974 MHz  eta= 0.72488

     C   10    Vxx=    0.4536    axis=(  0.774155  0.630105 -0.060431)
     C   10    Vyy=    0.5601    axis=( -0.564425  0.643923 -0.516515)
     C   10    Vzz=   -1.0137    axis=( -0.286546  0.433971  0.854143)
     C   10  Q=         1.0000 1e-30 m^2  Cq=        -2.3818 MHz  eta= 0.10502

     C   11    Vxx=   -0.0216    axis=( -0.637563  0.715073  0.286678)
     C   11    Vyy=   -0.4544    axis=(  0.216434 -0.190877  0.957456)
     C   11    Vzz=    0.4760    axis=( -0.739371 -0.672486  0.033070)
     C   11  Q=         1.0000 1e-30 m^2  Cq=         1.1183 MHz  eta= 0.90918

     Cl  12    Vxx=   -0.5171    axis=(  0.850702  0.426157 -0.307726)
     Cl  12    Vyy=   -0.9825    axis=( -0.520510  0.764598 -0.380078)
     Cl  12    Vzz=    1.4996    axis=(  0.073314  0.483508  0.872265)
     Cl  12  Q=        -8.1650 1e-30 m^2  Cq=       -28.7697 MHz  eta= 0.31035

     H   13    Vxx=   -0.0883    axis=(  0.923339 -0.175348  0.341612)
     H   13    Vyy=   -0.5167    axis=( -0.366260 -0.134994  0.920668)
     H   13    Vzz=    0.6050    axis=( -0.115321 -0.975208 -0.188868)
     H   13  Q=         1.0000 1e-30 m^2  Cq=         1.4215 MHz  eta= 0.70823

     C   14    Vxx=   -0.0568    axis=( -0.069771  0.671090  0.738086)
     C   14    Vyy=   -0.4953    axis=(  0.454241  0.680105 -0.575432)
     C   14    Vzz=    0.5521    axis=(  0.888142 -0.295121  0.352288)
     C   14  Q=         1.0000 1e-30 m^2  Cq=         1.2972 MHz  eta= 0.79416

     H   15    Vxx=   -0.0802    axis=( -0.115609  0.968365 -0.221143)
     H   15    Vyy=   -0.7278    axis=(  0.317662 -0.174899 -0.931934)
     H   15    Vzz=    0.8080    axis=( -0.941130 -0.177989 -0.287392)
     H   15  Q=         1.0000 1e-30 m^2  Cq=         1.8985 MHz  eta= 0.80141

     C   16    Vxx=   -0.2451    axis=(  0.652988  0.391722 -0.648198)
     C   16    Vyy=   -0.4216    axis=( -0.756944  0.308908 -0.575857)
     C   16    Vzz=    0.6667    axis=(  0.025342 -0.866678 -0.498225)
     C   16  Q=         1.0000 1e-30 m^2  Cq=         1.5664 MHz  eta= 0.26482

     C   17    Vxx=    0.1679    axis=( -0.412173  0.364695  0.834932)
     C   17    Vyy=    0.4780    axis=( -0.881069  0.073817 -0.467192)
     C   17    Vzz=   -0.6460    axis=( -0.232015 -0.928196  0.290897)
     C   17  Q=         1.0000 1e-30 m^2  Cq=        -1.5177 MHz  eta= 0.48008

     Cl  18    Vxx=   -0.4213    axis=(  0.844765 -0.481150  0.234238)
     Cl  18    Vyy=   -1.6634    axis=(  0.529731  0.689796 -0.493525)
     Cl  18    Vzz=    2.0847    axis=(  0.075883  0.540995  0.837595)
     Cl  18  Q=        -8.1650 1e-30 m^2  Cq=       -39.9937 MHz  eta= 0.59586

     H   19    Vxx=   -0.1296    axis=( -0.505304  0.007002  0.862913)
     H   19    Vyy=   -0.3569    axis=( -0.862377  0.032077 -0.505250)
     H   19    Vzz=    0.4865    axis=( -0.031217 -0.999461 -0.010170)
     H   19  Q=         1.0000 1e-30 m^2  Cq=         1.1431 MHz  eta= 0.46720

     C   20    Vxx=    0.0663    axis=( -0.802833  0.327557 -0.498162)
     C   20    Vyy=    0.3742    axis=(  0.124659  0.909313  0.397002)
     C   20    Vzz=   -0.4405    axis=( -0.583026 -0.256626  0.770859)
     C   20  Q=         1.0000 1e-30 m^2  Cq=        -1.0350 MHz  eta= 0.69913

     H   21    Vxx=    0.0007    axis=( -0.003892 -0.655118 -0.755517)
     H   21    Vyy=    0.6369    axis=( -0.807884  0.447314 -0.383710)
     H   21    Vzz=   -0.6377    axis=(  0.589329  0.608877 -0.531000)
     H   21  Q=         1.0000 1e-30 m^2  Cq=        -1.4983 MHz  eta= 0.99769

     C   22    Vxx=    0.0464    axis=( -0.561176  0.552690  0.616129)
     C   22    Vyy=    0.7106    axis=( -0.666198 -0.743354  0.060036)
     C   22    Vzz=   -0.7569    axis=(  0.491183 -0.376773  0.785354)
     C   22  Q=         1.0000 1e-30 m^2  Cq=        -1.7785 MHz  eta= 0.87753

     C   23    Vxx=   -0.2230    axis=( -0.474158 -0.353111  0.806528)
     C   23    Vyy=   -0.4969    axis=( -0.844858 -0.075310 -0.529664)
     C   23    Vzz=    0.7200    axis=( -0.247770  0.932546  0.262619)
     C   23  Q=         1.0000 1e-30 m^2  Cq=         1.6916 MHz  eta= 0.38041

     Cl  24    Vxx=   -0.9930    axis=(  0.680448 -0.398292 -0.615105)
     Cl  24    Vyy=   -3.0723    axis=(  0.409983 -0.488812  0.770050)
     Cl  24    Vzz=    4.0653    axis=( -0.607375 -0.776161 -0.169318)
     Cl  24  Q=        -8.1650 1e-30 m^2  Cq=       -77.9916 MHz  eta= 0.51147

     Initialization:
     gipaw_setup  :      9.17s CPU     11.04s WALL (       1 calls)

     Linear response

     Apply operators

     Induced current

     Other routines
     efg          :      9.19s CPU     12.00s WALL (       1 calls)

     General routines
     calbec       :      3.20s CPU      4.50s WALL (      16 calls)
     fft          :      1.56s CPU      2.59s WALL (      15 calls)
     ffts         :      0.05s CPU      0.05s WALL (       2 calls)
     fftw         :      3.18s CPU      4.01s WALL (     672 calls)
     davcio       :      0.02s CPU      0.33s WALL (      32 calls)

     Parallel routines
     fft_scatter  :      2.20s CPU      3.65s WALL (     689 calls)

     Plugins

     GIPAW        :     61.23s CPU     72.70s WALL (       1 calls)
