
     Program QE v.6.0 (svn rev. 13079) starts on 29Dec2016 at 12:28:42 

     This program is part of the open-source Quantum ESPRESSO suite
     for quantum simulation of materials; please cite
         "P. Giannozzi et al., J. Phys.:Condens. Matter 21 395502 (2009);
          URL http://www.quantum-espresso.org", 
     in publications or presentations arising from this work. More details at
     http://www.quantum-espresso.org/quote

     Parallel version (MPI), running on     8 processors
     R & G space division:  proc/nbgrp/npool/nimage =       8

     ***** This is GIPAW svn revision unknown      *****

     Parallelizing q-star over 1 images

     Reading data from directory:
     /users/majewski/paradichlorobenzene/pbe/9_constraint/scratch/pbe.ecut100.np8.dt60.pcl2phi-129368.save
     Message from routine read_xml_file:
     file /users/majewski/paradichlorobenzene/pbe/9_constraint/scratch/pbe.ecut100.np8.dt60.pcl2phi-129368.save not guaranteed to be safe for post-processing

   Info: using nr1, nr2, nr3 values from input

   Info: using nr1, nr2, nr3 values from input

     IMPORTANT: XC functional enforced from input :
     Exchange-correlation      =  SLA  PW   PBX  PBC ( 1  4  3  4 0 0)
     Any further DFT definition will be discarded
     Please, verify this is what you really want

               file C.pbe-n-kjpaw_psl.1.0.0.UPF: wavefunction(s)  2S 2P renormalized
               file Cl.pbe-n-kjpaw_psl.1.0.0.UPF: wavefunction(s)  3S 3P renormalized
               file H.pbe-kjpaw_psl.1.0.0.UPF: wavefunction(s)  1S renormalized

     Parallelization info
     --------------------
     sticks:   dense  smooth     PW     G-vecs:    dense   smooth      PW
     Min        3057    1223    332               144436    36536    5170
     Max        3059    1225    333               144437    36537    5171
     Sum       24467    9791   2657              1155489   292295   41363


     Subspace diagonalization in iterative solution of the eigenvalue problem:
     a serial algorithm will be used

     GIPAW projectors -----------------------------------------------
     atom=  C    l=0  rc=    1.2000  rs=    0.8000
     atom=  C    l=0  rc=    1.2000  rs=    0.8000
     atom=  C    l=1  rc=    1.4000  rs=    0.9333
     atom=  C    l=1  rc=    1.4000  rs=    0.9333
     projs nearly linearly dependent: l=1  n1,n2= 1, 2  s=  0.99951561

     atom=  Cl   l=0  rc=    1.6000  rs=    1.0667
     atom=  Cl   l=0  rc=    1.6000  rs=    1.0667
     atom=  Cl   l=1  rc=    1.6000  rs=    1.0667
     atom=  Cl   l=1  rc=    1.6000  rs=    1.0667
     atom=  Cl   l=2  rc=    1.6000  rs=    1.0667
     atom=  Cl   l=2  rc=    1.6000  rs=    1.0667
     projs nearly linearly dependent: l=2  n1,n2= 1, 2  s=  0.99993509

     atom=  H    l=0  rc=    1.0000  rs=    0.6667
     atom=  H    l=0  rc=    1.0000  rs=    0.6667
     projs nearly linearly dependent: l=0  n1,n2= 1, 2  s=  0.99968852
     -----------------------------------------------------------------

     GIPAW integrals: -------------------------------------------
     Atom  i/j   nmr_para   nmr_dia   epr_rmc  epr_para   epr_dia
       C   1 1   0.83E+03  0.17E-01  0.93E+01  0.24E+08  0.24E+03
       C   2 1   0.86E+03 -0.61E-01  0.94E+01  0.25E+08  0.25E+03
       C   2 2   0.90E+03 -0.15E+00  0.97E+01  0.26E+08  0.26E+03
       C   3 3   0.33E+01  0.34E+00  0.18E+01  0.55E+03  0.21E+02
       C   4 3   0.35E+01  0.37E+00  0.20E+01  0.59E+03  0.22E+02
       C   4 4   0.38E+01  0.39E+00  0.22E+01  0.63E+03  0.24E+02
       Cl  1 1   0.14E+04 -0.47E+00  0.84E+01  0.32E+09  0.42E+03
       Cl  2 1   0.21E+04 -0.37E+00  0.12E+02  0.49E+09  0.65E+03
       Cl  2 2   0.33E+04 -0.16E+00  0.21E+02  0.76E+09  0.10E+04
       Cl  3 3   0.21E+02  0.79E-01  0.89E+01  0.23E+05  0.13E+03
       Cl  4 3   0.24E+02  0.67E-01  0.99E+01  0.27E+05  0.15E+03
       Cl  4 4   0.28E+02  0.44E-01  0.11E+02  0.32E+05  0.18E+03
       Cl  5 5   0.77E+00  0.19E+00  0.18E+01  0.12E+03  0.22E+02
       Cl  6 5   0.80E+00  0.19E+00  0.19E+01  0.12E+03  0.23E+02
       Cl  6 6   0.83E+00  0.20E+00  0.19E+01  0.12E+03  0.23E+02
       H   1 1   0.39E+02  0.19E+00  0.29E+00  0.78E+05  0.13E+02
       H   2 1   0.41E+02  0.21E+00  0.32E+00  0.82E+05  0.14E+02
       H   2 2   0.43E+02  0.22E+00  0.36E+00  0.86E+05  0.15E+02
     ------------------------------------------------------------

     alpha_pv=     33.9077 eV

     Number of occupied bands for each k-point:
     k-point:     1    nbnd_occ=  42
     k-point:     2    nbnd_occ=  42
     k-point:     3    nbnd_occ=  42
     k-point:     4    nbnd_occ=  42
     k-point:     5    nbnd_occ=  42
     k-point:     6    nbnd_occ=  42
     k-point:     7    nbnd_occ=  42
     k-point:     8    nbnd_occ=  42
     k-point:     9    nbnd_occ=  42
     k-point:    10    nbnd_occ=  42
     k-point:    11    nbnd_occ=  42
     k-point:    12    nbnd_occ=  42
     k-point:    13    nbnd_occ=  42
     k-point:    14    nbnd_occ=  42
     k-point:    15    nbnd_occ=  42
     k-point:    16    nbnd_occ=  42


     q-space interpolation up to   110.00 Rydberg

     GIPAW job: efg                                                                             


     ELECTRIC FIELD GRADIENTS TENSORS IN Hartree/bohrradius^2:

     ----- bare term -----
     Cl   1       -0.019024        0.042558       -0.083730
     Cl   1        0.042558        0.005489       -0.077744
     Cl   1       -0.083730       -0.077744        0.013535

     C    2        0.062431        0.352948       -0.007407
     C    2        0.352948       -0.091944       -0.559914
     C    2       -0.007407       -0.559914        0.029513

     C    3       -0.240190       -0.002744       -0.032647
     C    3       -0.002744       -0.017127        0.076086
     C    3       -0.032647        0.076086        0.257317

     H    4       -0.252339       -0.475020        0.000789
     H    4       -0.475020       -0.085962        0.087267
     H    4        0.000789        0.087267        0.338302

     C    5        0.023509       -0.003404        0.085226
     C    5       -0.003404       -0.236323        0.019153
     C    5        0.085226        0.019153        0.212814

     H    6        0.187971       -0.385860        0.127875
     H    6       -0.385860       -0.487475        0.146789
     H    6        0.127875        0.146789        0.299504

     H    7        0.553365       -0.029735       -0.054834
     H    7       -0.029735       -0.145381        0.240052
     H    7       -0.054834        0.240052       -0.407984

     C    8       -0.734239       -0.327168       -0.207304
     C    8       -0.327168        0.345131        0.158584
     C    8       -0.207304        0.158584        0.389108

     H    9       -0.182078       -0.218508       -0.519717
     H    9       -0.218508        0.021719       -0.094904
     H    9       -0.519717       -0.094904        0.160360

     C   10        0.072251        0.218754       -0.350264
     C   10        0.218754       -0.132644        0.623733
     C   10       -0.350264        0.623733        0.060393

     C   11       -0.635813       -0.435763       -0.337214
     C   11       -0.435763        0.126040        0.056669
     C   11       -0.337214        0.056669        0.509773

     Cl  12       -0.017279       -0.015404       -0.003370
     Cl  12       -0.015404        0.029048       -0.035408
     Cl  12       -0.003370       -0.035408       -0.011769

     H   13        0.406138       -0.044291       -0.097677
     H   13       -0.044291       -0.577498       -0.642685
     H   13       -0.097677       -0.642685        0.171359

     C   14       -0.718738        0.416729       -0.458051
     C   14        0.416729        0.429747       -0.075017
     C   14       -0.458051       -0.075017        0.288991

     H   15       -0.512649       -0.227965       -0.583666
     H   15       -0.227965        0.317277       -0.300780
     H   15       -0.583666       -0.300780        0.195372

     C   16        0.140381        0.522979        0.070961
     C   16        0.522979       -0.349691       -0.544963
     C   16        0.070961       -0.544963        0.209310

     C   17       -0.407005        0.324110       -0.451178
     C   17        0.324110        0.189897       -0.057258
     C   17       -0.451178       -0.057258        0.217108

     Cl  18       -0.017074        0.133977       -0.056979
     Cl  18        0.133977        0.103036       -0.048686
     Cl  18       -0.056979       -0.048686       -0.085963

     H   19        0.471215        0.073908       -0.064563
     H   19        0.073908       -0.202371        0.639456
     H   19       -0.064563        0.639456       -0.268844

     C   20       -0.083967        0.262692       -0.441769
     C   20        0.262692       -0.135967        0.372901
     C   20       -0.441769        0.372901        0.219933

     H   21       -0.307456        0.271480       -0.460491
     H   21        0.271480        0.084889        0.250862
     H   21       -0.460491        0.250862        0.222567

     C   22       -0.360638       -0.352050       -0.322427
     C   22       -0.352050       -0.035919        0.123021
     C   22       -0.322427        0.123021        0.396557

     C   23        0.044702        0.404999       -0.497147
     C   23        0.404999       -0.121731        0.607929
     C   23       -0.497147        0.607929        0.077029

     Cl  24       -0.278683       -0.249607       -0.063327
     Cl  24       -0.249607        0.085350       -0.057768
     Cl  24       -0.063327       -0.057768        0.193333

     ----- ionic term -----
     Cl   1        0.079204       -0.171418       -0.008615
     Cl   1       -0.171418        0.081664        0.002370
     Cl   1       -0.008615        0.002370       -0.160868

     C    2        0.158827       -0.096985        0.236838
     C    2       -0.096985        0.305994        0.332932
     C    2        0.236838        0.332932       -0.464822

     C    3        0.223595       -0.215937        0.186857
     C    3       -0.215937        0.299168        0.298760
     C    3        0.186857        0.298760       -0.522764

     H    4        0.676807        0.391581        0.565149
     H    4        0.391581       -0.353873        0.248476
     H    4        0.565149        0.248476       -0.322934

     C    5        0.466841       -0.147581        0.237387
     C    5       -0.147581        0.110206        0.221662
     C    5        0.237387        0.221662       -0.577048

     H    6       -0.467932        0.254112        0.084076
     H    6        0.254112        0.867480        0.505846
     H    6        0.084076        0.505846       -0.399548

     H    7       -0.515259        0.059998       -0.034128
     H    7        0.059998        0.321421       -0.804852
     H    7       -0.034128       -0.804852        0.193839

     C    8        0.291932        0.252740        0.266348
     C    8        0.252740       -0.099786       -0.323738
     C    8        0.266348       -0.323738       -0.192146

     H    9        0.423078       -0.199815        0.745534
     H    9       -0.199815       -0.477071       -0.225963
     H    9        0.745534       -0.225963        0.053993

     C   10        0.127288        0.272548        0.175724
     C   10        0.272548        0.064803       -0.412818
     C   10        0.175724       -0.412818       -0.192091

     C   11        0.179445        0.200865        0.261058
     C   11        0.200865        0.047640       -0.389243
     C   11        0.261058       -0.389243       -0.227084

     Cl  12        0.126957        0.214514        0.010873
     Cl  12        0.214514        0.025077        0.007748
     Cl  12        0.010873        0.007748       -0.152034

     H   13       -0.479073        0.199951        0.109426
     H   13        0.199951        0.793410        0.571843
     H   13        0.109426        0.571843       -0.314337

     C   14        0.312901       -0.130824        0.251871
     C   14       -0.130824        0.138627        0.274930
     C   14        0.251871        0.274930       -0.451528

     H   15        0.601932        0.468579        0.565129
     H   15        0.468579       -0.252906        0.288240
     H   15        0.565129        0.288240       -0.349026

     C   16        0.148490       -0.178943        0.157898
     C   16       -0.178943        0.302536        0.362790
     C   16        0.157898        0.362790       -0.451026

     C   17        0.374056       -0.125542        0.209983
     C   17       -0.125542        0.130854        0.317576
     C   17        0.209983        0.317576       -0.504910

     Cl  18        0.181176       -0.216753        0.017237
     Cl  18       -0.216753       -0.025942       -0.002086
     Cl  18        0.017237       -0.002086       -0.155234

     H   19       -0.471207       -0.228426        0.182831
     H   19       -0.228426        0.477425       -0.751217
     H   19        0.182831       -0.751217       -0.006218

     C   20        0.278768        0.153231        0.271608
     C   20        0.153231        0.001526       -0.319561
     C   20        0.271608       -0.319561       -0.280294

     H   21        0.773501       -0.294399        0.566189
     H   21       -0.294399       -0.437383       -0.211677
     H   21        0.566189       -0.211677       -0.336119

     C   22        0.162580        0.251259        0.137996
     C   22        0.251259        0.154312       -0.420331
     C   22        0.137996       -0.420331       -0.316892

     C   23        0.211490        0.237725        0.313207
     C   23        0.237725        0.036802       -0.400792
     C   23        0.313207       -0.400792       -0.248292

     Cl  24        0.149520        0.214940        0.013903
     Cl  24        0.214940        0.007109       -0.005967
     Cl  24        0.013903       -0.005967       -0.156629

     ----- GIPAW term -----
     Cl   1        1.266297       -1.827156       -0.728683
     Cl   1       -1.827156        0.069581       -0.622267
     Cl   1       -0.728683       -0.622267       -1.335878

     C    2        0.034388        0.146861        0.011051
     C    2        0.146861        0.143108       -0.049762
     C    2        0.011051       -0.049762       -0.177496

     C    3       -0.015699        0.009670       -0.012125
     C    3        0.009670        0.023641        0.010558
     C    3       -0.012125        0.010558       -0.007942

     H    4       -0.000000        0.000000        0.000000
     H    4        0.000000        0.000000        0.000000
     H    4        0.000000        0.000000        0.000000

     C    5        0.014208        0.010454        0.010256
     C    5        0.010454       -0.003899       -0.006864
     C    5        0.010256       -0.006864       -0.010309

     H    6       -0.000000        0.000000        0.000000
     H    6        0.000000        0.000000        0.000000
     H    6        0.000000        0.000000        0.000000

     H    7       -0.000000        0.000000        0.000000
     H    7        0.000000        0.000000        0.000000
     H    7        0.000000        0.000000        0.000000

     C    8       -0.144058        0.125251        0.006284
     C    8        0.125251        0.241263        0.008363
     C    8        0.006284        0.008363       -0.097205

     H    9       -0.000000        0.000000        0.000000
     H    9        0.000000        0.000000        0.000000
     H    9        0.000000        0.000000        0.000000

     C   10       -0.048639        0.199360       -0.074554
     C   10        0.199360        0.179025        0.012575
     C   10       -0.074554        0.012575       -0.130386

     C   11       -0.048236        0.133990       -0.130630
     C   11        0.133990        0.062448       -0.129564
     C   11       -0.130630       -0.129564       -0.014212

     Cl  12        0.382477        2.704908       -0.376530
     Cl  12        2.704908        1.649559       -0.843503
     Cl  12       -0.376530       -0.843503       -2.032036

     H   13       -0.000000        0.000000        0.000000
     H   13        0.000000        0.000000        0.000000
     H   13        0.000000        0.000000        0.000000

     C   14       -0.093963        0.219118       -0.000045
     C   14        0.219118        0.180463        0.090943
     C   14       -0.000045        0.090943       -0.086501

     H   15       -0.000000        0.000000        0.000000
     H   15        0.000000        0.000000        0.000000
     H   15        0.000000        0.000000        0.000000

     C   16       -0.018835        0.201770        0.083456
     C   16        0.201770        0.113216        0.049114
     C   16        0.083456        0.049114       -0.094382

     C   17       -0.013912        0.112129       -0.040183
     C   17        0.112129        0.119360        0.014126
     C   17       -0.040183        0.014126       -0.105448

     Cl  18        0.539904        0.043217       -0.544450
     Cl  18        0.043217        1.995153       -0.831611
     Cl  18       -0.544450       -0.831611       -2.535057

     H   19       -0.000000        0.000000        0.000000
     H   19        0.000000        0.000000        0.000000
     H   19        0.000000        0.000000        0.000000

     C   20       -0.022092        0.191453       -0.158365
     C   20        0.191453        0.011036       -0.084685
     C   20       -0.158365       -0.084685        0.011056

     H   21       -0.000000        0.000000        0.000000
     H   21        0.000000        0.000000        0.000000
     H   21        0.000000        0.000000        0.000000

     C   22        0.000335        0.124741       -0.145291
     C   22        0.124741        0.031711       -0.102927
     C   22       -0.145291       -0.102927       -0.032045

     C   23        0.065506        0.297655       -0.118446
     C   23        0.297655        0.075825        0.004909
     C   23       -0.118446        0.004909       -0.141331

     Cl  24        0.043822        2.106703       -0.645928
     Cl  24        2.106703        1.201238       -0.784618
     Cl  24       -0.645928       -0.784618       -1.245060

     ----- total EFG -----
     Cl   1        1.326477       -1.956016       -0.821028
     Cl   1       -1.956016        0.156734       -0.697642
     Cl   1       -0.821028       -0.697642       -1.483211

     C    2        0.255647        0.402824        0.240482
     C    2        0.402824        0.357158       -0.276744
     C    2        0.240482       -0.276744       -0.612805

     C    3       -0.032293       -0.209011        0.142085
     C    3       -0.209011        0.305682        0.385403
     C    3        0.142085        0.385403       -0.273389

     H    4        0.424467       -0.083439        0.565938
     H    4       -0.083439       -0.439835        0.335743
     H    4        0.565938        0.335743        0.015368

     C    5        0.504558       -0.140530        0.332869
     C    5       -0.140530       -0.130015        0.233950
     C    5        0.332869        0.233950       -0.374543

     H    6       -0.279961       -0.131748        0.211951
     H    6       -0.131748        0.380004        0.652634
     H    6        0.211951        0.652634       -0.100044

     H    7        0.038105        0.030264       -0.088962
     H    7        0.030264        0.176040       -0.564800
     H    7       -0.088962       -0.564800       -0.214145

     C    8       -0.586365        0.050823        0.065328
     C    8        0.050823        0.486608       -0.156791
     C    8        0.065328       -0.156791        0.099756

     H    9        0.241000       -0.418323        0.225817
     H    9       -0.418323       -0.455352       -0.320867
     H    9        0.225817       -0.320867        0.214352

     C   10        0.150900        0.690662       -0.249094
     C   10        0.690662        0.111185        0.223490
     C   10       -0.249094        0.223490       -0.262085

     C   11       -0.504604       -0.100909       -0.206785
     C   11       -0.100909        0.236128       -0.462138
     C   11       -0.206785       -0.462138        0.268476

     Cl  12        0.492155        2.904018       -0.369027
     Cl  12        2.904018        1.703684       -0.871163
     Cl  12       -0.369027       -0.871163       -2.195839

     H   13       -0.072935        0.155661        0.011748
     H   13        0.155661        0.215913       -0.070842
     H   13        0.011748       -0.070842       -0.142978

     C   14       -0.499799        0.505023       -0.206225
     C   14        0.505023        0.748838        0.290857
     C   14       -0.206225        0.290857       -0.249038

     H   15        0.089283        0.240614       -0.018536
     H   15        0.240614        0.064371       -0.012540
     H   15       -0.018536       -0.012540       -0.153654

     C   16        0.270037        0.545806        0.312315
     C   16        0.545806        0.066062       -0.133059
     C   16        0.312315       -0.133059       -0.336098

     C   17       -0.046861        0.310698       -0.281378
     C   17        0.310698        0.440111        0.274445
     C   17       -0.281378        0.274445       -0.393250

     Cl  18        0.704006       -0.039558       -0.584192
     Cl  18       -0.039558        2.072247       -0.882383
     Cl  18       -0.584192       -0.882383       -2.776253

     H   19        0.000008       -0.154518        0.118267
     H   19       -0.154518        0.275054       -0.111761
     H   19        0.118267       -0.111761       -0.275062

     C   20        0.172710        0.607376       -0.328526
     C   20        0.607376       -0.123405       -0.031345
     C   20       -0.328526       -0.031345       -0.049305

     H   21        0.466046       -0.022919        0.105698
     H   21       -0.022919       -0.352494        0.039185
     H   21        0.105698        0.039185       -0.113552

     C   22       -0.197723        0.023950       -0.329723
     C   22        0.023950        0.150104       -0.400237
     C   22       -0.329723       -0.400237        0.047619

     C   23        0.321698        0.940379       -0.302387
     C   23        0.940379       -0.009104        0.212047
     C   23       -0.302387        0.212047       -0.312594

     Cl  24       -0.085341        2.072037       -0.695353
     Cl  24        2.072037        1.293698       -0.848353
     Cl  24       -0.695353       -0.848353       -1.208357

     ----- total EFG (symmetrized) -----
     Cl   1        1.326477       -1.956016       -0.821028
     Cl   1       -1.956016        0.156734       -0.697642
     Cl   1       -0.821028       -0.697642       -1.483211

     C    2        0.255647        0.402824        0.240482
     C    2        0.402824        0.357158       -0.276744
     C    2        0.240482       -0.276744       -0.612805

     C    3       -0.032293       -0.209011        0.142085
     C    3       -0.209011        0.305682        0.385403
     C    3        0.142085        0.385403       -0.273389

     H    4        0.424467       -0.083439        0.565938
     H    4       -0.083439       -0.439835        0.335743
     H    4        0.565938        0.335743        0.015368

     C    5        0.504558       -0.140530        0.332869
     C    5       -0.140530       -0.130015        0.233950
     C    5        0.332869        0.233950       -0.374543

     H    6       -0.279961       -0.131748        0.211951
     H    6       -0.131748        0.380004        0.652634
     H    6        0.211951        0.652634       -0.100044

     H    7        0.038105        0.030264       -0.088962
     H    7        0.030264        0.176040       -0.564800
     H    7       -0.088962       -0.564800       -0.214145

     C    8       -0.586365        0.050823        0.065328
     C    8        0.050823        0.486608       -0.156791
     C    8        0.065328       -0.156791        0.099756

     H    9        0.241000       -0.418323        0.225817
     H    9       -0.418323       -0.455352       -0.320867
     H    9        0.225817       -0.320867        0.214352

     C   10        0.150900        0.690662       -0.249094
     C   10        0.690662        0.111185        0.223490
     C   10       -0.249094        0.223490       -0.262085

     C   11       -0.504604       -0.100909       -0.206785
     C   11       -0.100909        0.236128       -0.462138
     C   11       -0.206785       -0.462138        0.268476

     Cl  12        0.492155        2.904018       -0.369027
     Cl  12        2.904018        1.703684       -0.871163
     Cl  12       -0.369027       -0.871163       -2.195839

     H   13       -0.072935        0.155661        0.011748
     H   13        0.155661        0.215913       -0.070842
     H   13        0.011748       -0.070842       -0.142978

     C   14       -0.499799        0.505023       -0.206225
     C   14        0.505023        0.748838        0.290857
     C   14       -0.206225        0.290857       -0.249038

     H   15        0.089283        0.240614       -0.018536
     H   15        0.240614        0.064371       -0.012540
     H   15       -0.018536       -0.012540       -0.153654

     C   16        0.270037        0.545806        0.312315
     C   16        0.545806        0.066062       -0.133059
     C   16        0.312315       -0.133059       -0.336098

     C   17       -0.046861        0.310698       -0.281378
     C   17        0.310698        0.440111        0.274445
     C   17       -0.281378        0.274445       -0.393250

     Cl  18        0.704006       -0.039558       -0.584192
     Cl  18       -0.039558        2.072247       -0.882383
     Cl  18       -0.584192       -0.882383       -2.776253

     H   19        0.000008       -0.154518        0.118267
     H   19       -0.154518        0.275054       -0.111761
     H   19        0.118267       -0.111761       -0.275062

     C   20        0.172710        0.607376       -0.328526
     C   20        0.607376       -0.123405       -0.031345
     C   20       -0.328526       -0.031345       -0.049305

     H   21        0.466046       -0.022919        0.105698
     H   21       -0.022919       -0.352494        0.039185
     H   21        0.105698        0.039185       -0.113552

     C   22       -0.197723        0.023950       -0.329723
     C   22        0.023950        0.150104       -0.400237
     C   22       -0.329723       -0.400237        0.047619

     C   23        0.321698        0.940379       -0.302387
     C   23        0.940379       -0.009104        0.212047
     C   23       -0.302387        0.212047       -0.312594

     Cl  24       -0.085341        2.072037       -0.695353
     Cl  24        2.072037        1.293698       -0.848353
     Cl  24       -0.695353       -0.848353       -1.208357


     NQR/NMR SPECTROSCOPIC PARAMETERS:
     Cl   1    Vxx=   -0.3462    axis=(  0.399895  0.623826 -0.671510)
     Cl   1    Vyy=   -2.4516    axis=(  0.429538  0.519655  0.738550)
     Cl   1    Vzz=    2.7978    axis=( -0.809680  0.583781  0.060150)
     Cl   1  Q=        -8.1650 1e-30 m^2  Cq=       -53.6737 MHz  eta= 0.75253

     C    2    Vxx=    0.0879    axis=( -0.689646  0.560766 -0.458181)
     C    2    Vyy=    0.7144    axis=( -0.646824 -0.761505  0.041584)
     C    2    Vzz=   -0.8023    axis=( -0.325588  0.325041  0.887886)
     C    2  Q=         1.0000 1e-30 m^2  Cq=        -1.8851 MHz  eta= 0.78095

     C    3    Vxx=    0.0325    axis=( -0.888736 -0.035141 -0.457070)
     C    3    Vyy=    0.5280    axis=( -0.234419  0.891673  0.387255)
     C    3    Vzz=   -0.5605    axis=( -0.393948 -0.451314  0.800700)
     C    3  Q=         1.0000 1e-30 m^2  Cq=        -1.3170 MHz  eta= 0.88398

     H    4    Vxx=   -0.0944    axis=(  0.500999 -0.662388 -0.556993)
     H    4    Vyy=   -0.7403    axis=(  0.335280  0.741882 -0.580688)
     H    4    Vzz=    0.8347    axis=( -0.797864 -0.104176 -0.593768)
     H    4  Q=         1.0000 1e-30 m^2  Cq=         1.9613 MHz  eta= 0.77381

     C    5    Vxx=    0.0080    axis=(  0.070325 -0.877070 -0.475187)
     C    5    Vyy=    0.6214    axis=( -0.950827  0.085106 -0.297801)
     C    5    Vzz=   -0.6294    axis=( -0.301634 -0.472764  0.827956)
     C    5  Q=         1.0000 1e-30 m^2  Cq=        -1.4788 MHz  eta= 0.97456

     H    6    Vxx=   -0.1331    axis=(  0.861169 -0.300431  0.410036)
     H    6    Vyy=   -0.7024    axis=( -0.508169 -0.489220  0.708821)
     H    6    Vzz=    0.8355    axis=(  0.012354  0.818783  0.573971)
     H    6  Q=         1.0000 1e-30 m^2  Cq=         1.9631 MHz  eta= 0.68144

     H    7    Vxx=    0.0321    axis=(  0.986938 -0.160659  0.011940)
     H    7    Vyy=    0.5891    axis=( -0.137729 -0.802983  0.579870)
     H    7    Vzz=   -0.6212    axis=( -0.083574 -0.573941 -0.814621)
     H    7  Q=         1.0000 1e-30 m^2  Cq=        -1.4596 MHz  eta= 0.89664

     C    8    Vxx=    0.0538    axis=(  0.121528  0.325438  0.937721)
     C    8    Vyy=    0.5428    axis=( -0.023348 -0.943525  0.330478)
     C    8    Vzz=   -0.5966    axis=(  0.992313 -0.062056 -0.107067)
     C    8  Q=         1.0000 1e-30 m^2  Cq=        -1.4018 MHz  eta= 0.81961

     H    9    Vxx=    0.0041    axis=( -0.641713  0.049784  0.765327)
     H    9    Vyy=    0.6941    axis=(  0.683263 -0.416152  0.599974)
     H    9    Vzz=   -0.6982    axis=( -0.348361 -0.907931 -0.233035)
     H    9  Q=         1.0000 1e-30 m^2  Cq=        -1.6405 MHz  eta= 0.98815

     C   10    Vxx=   -0.0458    axis=( -0.363610  0.405970  0.838437)
     C   10    Vyy=   -0.7767    axis=( -0.590069  0.596083 -0.544522)
     C   10    Vzz=    0.8225    axis=( -0.720837 -0.692729  0.022808)
     C   10  Q=         1.0000 1e-30 m^2  Cq=         1.9326 MHz  eta= 0.88852

     C   11    Vxx=   -0.0974    axis=( -0.461773  0.668333  0.583178)
     C   11    Vyy=   -0.6226    axis=( -0.884477 -0.297414 -0.359507)
     C   11    Vzz=    0.7200    axis=( -0.066825 -0.681818  0.728463)
     C   11  Q=         1.0000 1e-30 m^2  Cq=         1.6917 MHz  eta= 0.72942

     Cl  12    Vxx=   -1.7507    axis=(  0.746879 -0.524958  0.408155)
     Cl  12    Vyy=   -2.4433    axis=( -0.241068  0.358290  0.901950)
     Cl  12    Vzz=    4.1939    axis=( -0.619724 -0.772041  0.141049)
     Cl  12  Q=        -8.1650 1e-30 m^2  Cq=       -80.4582 MHz  eta= 0.16515

     H   13    Vxx=   -0.1070    axis=(  0.729915 -0.209056  0.650784)
     H   13    Vyy=   -0.1852    axis=( -0.565070  0.351154  0.746583)
     H   13    Vzz=    0.2922    axis=( -0.384603 -0.912681  0.138181)
     H   13  Q=         1.0000 1e-30 m^2  Cq=         0.6866 MHz  eta= 0.26741

     C   14    Vxx=   -0.1331    axis=( -0.494115 -0.003773  0.869388)
     C   14    Vyy=   -0.8308    axis=( -0.816298  0.346132 -0.462439)
     C   14    Vzz=    0.9639    axis=( -0.299178 -0.938178 -0.174109)
     C   14  Q=         1.0000 1e-30 m^2  Cq=         2.2647 MHz  eta= 0.72383

     H   15    Vxx=   -0.1534    axis=( -0.191436  0.265890  0.944804)
     H   15    Vyy=   -0.1654    axis=(  0.662038 -0.675677  0.324293)
     H   15    Vzz=    0.3188    axis=( -0.724609 -0.687578  0.046680)
     H   15  Q=         1.0000 1e-30 m^2  Cq=         0.7490 MHz  eta= 0.03745

     C   16    Vxx=   -0.0747    axis=( -0.332972  0.617875 -0.712292)
     C   16    Vyy=   -0.6727    axis=( -0.521485  0.508695  0.685042)
     C   16    Vzz=    0.7473    axis=( -0.785610 -0.599549 -0.152831)
     C   16  Q=         1.0000 1e-30 m^2  Cq=         1.7559 MHz  eta= 0.80014

     C   17    Vxx=    0.0791    axis=( -0.776700  0.219697  0.590314)
     C   17    Vyy=    0.6098    axis=( -0.370968 -0.916964 -0.146832)
     C   17    Vzz=   -0.6889    axis=(  0.509038 -0.333032  0.793707)
     C   17  Q=         1.0000 1e-30 m^2  Cq=        -1.6186 MHz  eta= 0.77032

     Cl  18    Vxx=    0.7923    axis=(  0.987088 -0.069112 -0.144503)
     Cl  18    Vyy=    2.2305    axis=(  0.042737  0.983059 -0.178239)
     Cl  18    Vzz=   -3.0228    axis=(  0.154373  0.169762  0.973319)
     Cl  18  Q=        -8.1650 1e-30 m^2  Cq=        57.9911 MHz  eta= 0.47579

     H   19    Vxx=   -0.0553    axis=(  0.853422  0.473110  0.218720)
     H   19    Vyy=   -0.3241    axis=(  0.298684 -0.100014 -0.949097)
     H   19    Vzz=    0.3794    axis=( -0.427152  0.875308 -0.226664)
     H   19  Q=         1.0000 1e-30 m^2  Cq=         0.8914 MHz  eta= 0.70827

     C   20    Vxx=   -0.0910    axis=(  0.069964  0.450919  0.889819)
     C   20    Vyy=   -0.6583    axis=(  0.637740 -0.706127  0.307689)
     C   20    Vzz=    0.7493    axis=(  0.767067  0.545946 -0.336973)
     C   20  Q=         1.0000 1e-30 m^2  Cq=         1.7606 MHz  eta= 0.75706

     H   21    Vxx=   -0.1243    axis=( -0.166372  0.183090  0.968916)
     H   21    Vyy=   -0.3607    axis=(  0.049897  0.982915 -0.177167)
     H   21    Vzz=    0.4850    axis=( -0.984800  0.018871 -0.172665)
     H   21  Q=         1.0000 1e-30 m^2  Cq=         1.1396 MHz  eta= 0.48745

     C   22    Vxx=   -0.0682    axis=( -0.685048  0.656013  0.316791)
     C   22    Vyy=   -0.5117    axis=( -0.658587 -0.371801 -0.654238)
     C   22    Vzz=    0.5799    axis=( -0.311406 -0.656819  0.686743)
     C   22  Q=         1.0000 1e-30 m^2  Cq=         1.3626 MHz  eta= 0.76486

     C   23    Vxx=   -0.1296    axis=( -0.250140  0.403106  0.880304)
     C   23    Vyy=   -0.9882    axis=( -0.583907  0.662451 -0.469266)
     C   23    Vzz=    1.1178    axis=( -0.772323 -0.631398  0.069671)
     C   23  Q=         1.0000 1e-30 m^2  Cq=         2.6263 MHz  eta= 0.76816

     Cl  24    Vxx=   -1.4542    axis=( -0.246798  0.450908  0.857772)
     Cl  24    Vyy=   -1.6140    axis=(  0.784020 -0.427336  0.450218)
     Cl  24    Vzz=    3.0683    axis=(  0.569564  0.783623 -0.248055)
     Cl  24  Q=        -8.1650 1e-30 m^2  Cq=       -58.8632 MHz  eta= 0.05207

     Initialization:
     gipaw_setup  :      9.11s CPU     10.96s WALL (       1 calls)

     Linear response

     Apply operators

     Induced current

     Other routines
     efg          :      9.48s CPU     12.07s WALL (       1 calls)

     General routines
     calbec       :      3.39s CPU      4.59s WALL (      16 calls)
     fft          :      1.30s CPU      1.57s WALL (      15 calls)
     ffts         :      0.05s CPU      0.06s WALL (       2 calls)
     fftw         :      3.34s CPU      4.00s WALL (     672 calls)
     davcio       :      0.03s CPU      0.33s WALL (      32 calls)

     Parallel routines
     fft_scatter  :      1.90s CPU      2.71s WALL (     689 calls)

     Plugins

     GIPAW        :     62.13s CPU     75.98s WALL (       1 calls)
