
     Program QE v.6.0 (svn rev. 13079) starts on 19Jan2017 at 21:46:24 

     This program is part of the open-source Quantum ESPRESSO suite
     for quantum simulation of materials; please cite
         "P. Giannozzi et al., J. Phys.:Condens. Matter 21 395502 (2009);
          URL http://www.quantum-espresso.org", 
     in publications or presentations arising from this work. More details at
     http://www.quantum-espresso.org/quote

     Parallel version (MPI), running on     8 processors
     R & G space division:  proc/nbgrp/npool/nimage =       8

     ***** This is GIPAW svn revision unknown      *****

     Parallelizing q-star over 1 images

     Reading data from directory:
     /users/majewski/paradichlorobenzene/pbe/9_constraint/scratch/pbe.ecut100.np8.dt60.pcl2phi-129368.save
     Message from routine read_xml_file:
     file /users/majewski/paradichlorobenzene/pbe/9_constraint/scratch/pbe.ecut100.np8.dt60.pcl2phi-129368.save not guaranteed to be safe for post-processing

   Info: using nr1, nr2, nr3 values from input

   Info: using nr1, nr2, nr3 values from input

     IMPORTANT: XC functional enforced from input :
     Exchange-correlation      =  SLA  PW   PBX  PBC ( 1  4  3  4 0 0)
     Any further DFT definition will be discarded
     Please, verify this is what you really want

               file C.pbe-n-kjpaw_psl.1.0.0.UPF: wavefunction(s)  2S 2P renormalized
               file Cl.pbe-n-kjpaw_psl.1.0.0.UPF: wavefunction(s)  3S 3P renormalized
               file H.pbe-kjpaw_psl.1.0.0.UPF: wavefunction(s)  1S renormalized

     Parallelization info
     --------------------
     sticks:   dense  smooth     PW     G-vecs:    dense   smooth      PW
     Min        3057    1223    332               144436    36536    5170
     Max        3059    1225    333               144437    36537    5171
     Sum       24467    9791   2657              1155489   292295   41363


     Subspace diagonalization in iterative solution of the eigenvalue problem:
     a serial algorithm will be used

     GIPAW projectors -----------------------------------------------
     atom=  C    l=0  rc=    1.2000  rs=    0.8000
     atom=  C    l=0  rc=    1.2000  rs=    0.8000
     atom=  C    l=1  rc=    1.4000  rs=    0.9333
     atom=  C    l=1  rc=    1.4000  rs=    0.9333
     projs nearly linearly dependent: l=1  n1,n2= 1, 2  s=  0.99951561

     atom=  Cl   l=0  rc=    1.6000  rs=    1.0667
     atom=  Cl   l=0  rc=    1.6000  rs=    1.0667
     atom=  Cl   l=1  rc=    1.6000  rs=    1.0667
     atom=  Cl   l=1  rc=    1.6000  rs=    1.0667
     atom=  Cl   l=2  rc=    1.6000  rs=    1.0667
     atom=  Cl   l=2  rc=    1.6000  rs=    1.0667
     projs nearly linearly dependent: l=2  n1,n2= 1, 2  s=  0.99993509

     atom=  H    l=0  rc=    1.0000  rs=    0.6667
     atom=  H    l=0  rc=    1.0000  rs=    0.6667
     projs nearly linearly dependent: l=0  n1,n2= 1, 2  s=  0.99968852
     -----------------------------------------------------------------

     GIPAW integrals: -------------------------------------------
     Atom  i/j   nmr_para   nmr_dia   epr_rmc  epr_para   epr_dia
       C   1 1   0.83E+03  0.17E-01  0.93E+01  0.24E+08  0.24E+03
       C   2 1   0.86E+03 -0.61E-01  0.94E+01  0.25E+08  0.25E+03
       C   2 2   0.90E+03 -0.15E+00  0.97E+01  0.26E+08  0.26E+03
       C   3 3   0.33E+01  0.34E+00  0.18E+01  0.55E+03  0.21E+02
       C   4 3   0.35E+01  0.37E+00  0.20E+01  0.59E+03  0.22E+02
       C   4 4   0.38E+01  0.39E+00  0.22E+01  0.63E+03  0.24E+02
       Cl  1 1   0.14E+04 -0.47E+00  0.84E+01  0.32E+09  0.42E+03
       Cl  2 1   0.21E+04 -0.37E+00  0.12E+02  0.49E+09  0.65E+03
       Cl  2 2   0.33E+04 -0.16E+00  0.21E+02  0.76E+09  0.10E+04
       Cl  3 3   0.21E+02  0.79E-01  0.89E+01  0.23E+05  0.13E+03
       Cl  4 3   0.24E+02  0.67E-01  0.99E+01  0.27E+05  0.15E+03
       Cl  4 4   0.28E+02  0.44E-01  0.11E+02  0.32E+05  0.18E+03
       Cl  5 5   0.77E+00  0.19E+00  0.18E+01  0.12E+03  0.22E+02
       Cl  6 5   0.80E+00  0.19E+00  0.19E+01  0.12E+03  0.23E+02
       Cl  6 6   0.83E+00  0.20E+00  0.19E+01  0.12E+03  0.23E+02
       H   1 1   0.39E+02  0.19E+00  0.29E+00  0.78E+05  0.13E+02
       H   2 1   0.41E+02  0.21E+00  0.32E+00  0.82E+05  0.14E+02
       H   2 2   0.43E+02  0.22E+00  0.36E+00  0.86E+05  0.15E+02
     ------------------------------------------------------------

     alpha_pv=     34.3746 eV

     Number of occupied bands for each k-point:
     k-point:     1    nbnd_occ=  42
     k-point:     2    nbnd_occ=  42
     k-point:     3    nbnd_occ=  42
     k-point:     4    nbnd_occ=  42
     k-point:     5    nbnd_occ=  42
     k-point:     6    nbnd_occ=  42
     k-point:     7    nbnd_occ=  42
     k-point:     8    nbnd_occ=  42
     k-point:     9    nbnd_occ=  42
     k-point:    10    nbnd_occ=  42
     k-point:    11    nbnd_occ=  42
     k-point:    12    nbnd_occ=  42
     k-point:    13    nbnd_occ=  42
     k-point:    14    nbnd_occ=  42
     k-point:    15    nbnd_occ=  42
     k-point:    16    nbnd_occ=  42


     q-space interpolation up to   110.00 Rydberg

     GIPAW job: efg                                                                             


     ELECTRIC FIELD GRADIENTS TENSORS IN Hartree/bohrradius^2:

     ----- bare term -----
     Cl   1        0.038472        0.062096       -0.009846
     Cl   1        0.062096        0.021839        0.019350
     Cl   1       -0.009846        0.019350       -0.060311

     C    2       -0.707281        0.433812       -0.360897
     C    2        0.433812        0.363388       -0.126134
     C    2       -0.360897       -0.126134        0.343893

     C    3        0.260960        0.064872       -0.132470
     C    3        0.064872       -0.147887       -0.431795
     C    3       -0.132470       -0.431795       -0.113073

     H    4        0.013314        0.182674       -0.455851
     H    4        0.182674       -0.048944        0.167685
     H    4       -0.455851        0.167685        0.035630

     C    5       -0.582828        0.284936       -0.130167
     C    5        0.284936        0.261872       -0.037008
     C    5       -0.130167       -0.037008        0.320956

     H    6        0.484676       -0.050785        0.176497
     H    6       -0.050785       -0.029861       -0.212885
     H    6        0.176497       -0.212885       -0.454815

     H    7        0.436999        0.182955       -0.088629
     H    7        0.182955       -0.554469        0.571594
     H    7       -0.088629        0.571594        0.117469

     C    8       -0.030449       -0.185753       -0.097723
     C    8       -0.185753       -0.071257        0.408258
     C    8       -0.097723        0.408258        0.101706

     H    9       -0.242289        0.488142        0.022740
     H    9        0.488142       -0.086670       -0.144885
     H    9        0.022740       -0.144885        0.328959

     C   10       -0.427488       -0.215795       -0.085979
     C   10       -0.215795        0.088672        0.132686
     C   10       -0.085979        0.132686        0.338816

     C   11       -0.026833        0.033678       -0.221543
     C   11        0.033678        0.020726        0.616171
     C   11       -0.221543        0.616171        0.006107

     Cl  12       -0.044731       -0.209625        0.034994
     Cl  12       -0.209625       -0.060800       -0.159730
     Cl  12        0.034994       -0.159730        0.105531

     H   13        0.331271        0.158687        0.199005
     H   13        0.158687       -0.261760       -0.608341
     H   13        0.199005       -0.608341       -0.069511

     C   14       -0.165139        0.051579       -0.293915
     C   14        0.051579       -0.209880       -0.320840
     C   14       -0.293915       -0.320840        0.375018

     H   15       -0.180631       -0.184117       -0.518615
     H   15       -0.184117        0.381196       -0.232361
     H   15       -0.518615       -0.232361       -0.200565

     C   16       -0.575684        0.343244       -0.362838
     C   16        0.343244        0.095013       -0.117795
     C   16       -0.362838       -0.117795        0.480671

     C   17       -0.010411       -0.142421       -0.316417
     C   17       -0.142421        0.053541       -0.677047
     C   17       -0.316417       -0.677047       -0.043130

     Cl  18       -0.269433        0.252198       -0.010710
     Cl  18        0.252198        0.146233       -0.153736
     Cl  18       -0.010710       -0.153736        0.123199

     H   19        0.206840        0.056853       -0.031836
     H   19        0.056853       -0.495582        0.598035
     H   19       -0.031836        0.598035        0.288743

     C   20       -0.797407       -0.326709       -0.397059
     C   20       -0.326709        0.355735        0.028037
     C   20       -0.397059        0.028037        0.441672

     H   21       -0.552347       -0.095051        0.071127
     H   21       -0.095051        0.265771        0.341763
     H   21        0.071127        0.341763        0.286577

     C   22        0.110749        0.052748       -0.181563
     C   22        0.052748       -0.431360        0.476263
     C   22       -0.181563        0.476263        0.320610

     C   23       -0.828178       -0.443880       -0.349790
     C   23       -0.443880        0.318304        0.001820
     C   23       -0.349790        0.001820        0.509874

     Cl  24        0.078121       -0.044270        0.113563
     Cl  24       -0.044270       -0.007430        0.142566
     Cl  24        0.113563        0.142566       -0.070691

     ----- ionic term -----
     Cl   1        0.128645       -0.245368        0.010374
     Cl   1       -0.245368        0.023436        0.002660
     Cl   1        0.010374        0.002660       -0.152082

     C    2        0.129501       -0.287655        0.290356
     C    2       -0.287655        0.007317        0.408988
     C    2        0.290356        0.408988       -0.136818

     C    3        0.138186       -0.301470        0.186917
     C    3       -0.301470        0.046395        0.399354
     C    3        0.186917        0.399354       -0.184581

     H    4        0.611694        0.162374        0.699183
     H    4        0.162374       -0.479343        0.171886
     H    4        0.699183        0.171886       -0.132350

     C    5        0.231722       -0.288316        0.267339
     C    5       -0.288316       -0.030354        0.300621
     C    5        0.267339        0.300621       -0.201368

     H    6       -0.518252       -0.060372       -0.022529
     H    6       -0.060372        0.528752        0.772737
     H    6       -0.022529        0.772737       -0.010500

     H    7       -0.519273       -0.045091        0.027183
     H    7       -0.045091        0.445980       -0.796163
     H    7        0.027183       -0.796163        0.073292

     C    8        0.339026        0.163205        0.087003
     C    8        0.163205        0.005089       -0.348166
     C    8        0.087003       -0.348166       -0.344116

     H    9        0.784986       -0.413779        0.452841
     H    9       -0.413779       -0.371116       -0.222632
     H    9        0.452841       -0.222632       -0.413870

     C   10        0.225601        0.171889        0.047275
     C   10        0.171889        0.155158       -0.403489
     C   10        0.047275       -0.403489       -0.380759

     C   11        0.333304        0.128106        0.092606
     C   11        0.128106        0.089421       -0.362386
     C   11        0.092606       -0.362386       -0.422725

     Cl  12        0.145183        0.192306       -0.028877
     Cl  12        0.192306        0.007852       -0.031607
     Cl  12       -0.028877       -0.031607       -0.153035

     H   13       -0.516046       -0.077714       -0.012241
     H   13       -0.077714        0.568488        0.755220
     H   13       -0.012241        0.755220       -0.052442

     C   14        0.246770       -0.334807        0.254720
     C   14       -0.334807       -0.013507        0.291365
     C   14        0.254720        0.291365       -0.233263

     H   15        0.625318        0.155246        0.708380
     H   15        0.155246       -0.537974        0.178662
     H   15        0.708380        0.178662       -0.087345

     C   16        0.132082       -0.324799        0.179132
     C   16       -0.324799        0.056515        0.435745
     C   16        0.179132        0.435745       -0.188597

     C   17        0.123192       -0.233014        0.272961
     C   17       -0.233014       -0.016131        0.466171
     C   17        0.272961        0.466171       -0.107061

     Cl  18        0.130658       -0.195662       -0.008771
     Cl  18       -0.195662        0.006165        0.020166
     Cl  18       -0.008771        0.020166       -0.136824

     H   19       -0.502346       -0.157444        0.066252
     H   19       -0.157444        0.758769       -0.649590
     H   19        0.066252       -0.649590       -0.256423

     C   20        0.363980        0.137096        0.078193
     C   20        0.137096        0.097428       -0.302171
     C   20        0.078193       -0.302171       -0.461409

     H   21        0.829111       -0.319824        0.483449
     H   21       -0.319824       -0.407761       -0.182743
     H   21        0.483449       -0.182743       -0.421350

     C   22        0.208003        0.196816        0.071318
     C   22        0.196816        0.211944       -0.397527
     C   22        0.071318       -0.397527       -0.419947

     C   23        0.258924        0.106553        0.124947
     C   23        0.106553        0.137743       -0.397354
     C   23        0.124947       -0.397354       -0.396667

     Cl  24        0.147931        0.214941       -0.033156
     Cl  24        0.214941       -0.016123       -0.026068
     Cl  24       -0.033156       -0.026068       -0.131809

     ----- GIPAW term -----
     Cl   1        0.018749       -0.454236        0.010683
     Cl   1       -0.454236        2.603350        0.344790
     Cl   1        0.010683        0.344790       -2.622099

     C    2       -0.173166        0.004688       -0.039137
     C    2        0.004688        0.301815        0.034728
     C    2       -0.039137        0.034728       -0.128649

     C    3       -0.028402       -0.002041       -0.009027
     C    3       -0.002041        0.116575       -0.044242
     C    3       -0.009027       -0.044242       -0.088173

     H    4       -0.000000        0.000000        0.000000
     H    4        0.000000        0.000000        0.000000
     H    4        0.000000        0.000000        0.000000

     C    5       -0.101175       -0.007941        0.010451
     C    5       -0.007941        0.118412       -0.032084
     C    5        0.010451       -0.032084       -0.017237

     H    6       -0.000000        0.000000        0.000000
     H    6        0.000000        0.000000        0.000000
     H    6        0.000000        0.000000        0.000000

     H    7       -0.000000        0.000000        0.000000
     H    7        0.000000        0.000000        0.000000
     H    7        0.000000        0.000000        0.000000

     C    8       -0.074324       -0.109406        0.016103
     C    8       -0.109406        0.215274        0.032187
     C    8        0.016103        0.032187       -0.140950

     H    9       -0.000000        0.000000        0.000000
     H    9        0.000000        0.000000        0.000000
     H    9        0.000000        0.000000        0.000000

     C   10       -0.109958       -0.045494       -0.029252
     C   10       -0.045494        0.121966        0.078617
     C   10       -0.029252        0.078617       -0.012008

     C   11       -0.051525        0.013883       -0.053610
     C   11        0.013883        0.128545        0.183762
     C   11       -0.053610        0.183762       -0.077019

     Cl  12       -0.798654        0.014348       -0.508745
     Cl  12        0.014348        0.592030        1.747591
     Cl  12       -0.508745        1.747591        0.206624

     H   13       -0.000000        0.000000        0.000000
     H   13        0.000000        0.000000        0.000000
     H   13        0.000000        0.000000        0.000000

     C   14       -0.093617       -0.040946       -0.071724
     C   14       -0.040946       -0.007418        0.095753
     C   14       -0.071724        0.095753        0.101034

     H   15       -0.000000        0.000000        0.000000
     H   15        0.000000        0.000000        0.000000
     H   15        0.000000        0.000000        0.000000

     C   16       -0.186486       -0.025783       -0.128233
     C   16       -0.025783        0.106628        0.131029
     C   16       -0.128233        0.131029        0.079857

     C   17       -0.060858       -0.117467       -0.041654
     C   17       -0.117467        0.263668       -0.092181
     C   17       -0.041654       -0.092181       -0.202810

     Cl  18       -0.824155       -0.732660       -0.252433
     Cl  18       -0.732660        1.884774       -1.802534
     Cl  18       -0.252433       -1.802534       -1.060619

     H   19       -0.000000        0.000000        0.000000
     H   19        0.000000        0.000000        0.000000
     H   19        0.000000        0.000000        0.000000

     C   20       -0.157530        0.113005       -0.086877
     C   20        0.113005        0.217131       -0.130225
     C   20       -0.086877       -0.130225       -0.059601

     H   21       -0.000000        0.000000        0.000000
     H   21        0.000000        0.000000        0.000000
     H   21        0.000000        0.000000        0.000000

     C   22       -0.084240        0.088366       -0.057854
     C   22        0.088366        0.037738       -0.150805
     C   22       -0.057854       -0.150805        0.046502

     C   23       -0.171632        0.008461       -0.036387
     C   23        0.008461        0.167705       -0.170570
     C   23       -0.036387       -0.170570        0.003927

     Cl  24       -0.406155        1.384531       -0.123686
     Cl  24        1.384531       -0.452867       -1.395386
     Cl  24       -0.123686       -1.395386        0.859021

     ----- total EFG -----
     Cl   1        0.185866       -0.637508        0.011211
     Cl   1       -0.637508        2.648626        0.366801
     Cl   1        0.011211        0.366801       -2.834492

     C    2       -0.750946        0.150845       -0.109677
     C    2        0.150845        0.672520        0.317582
     C    2       -0.109677        0.317582        0.078426

     C    3        0.370744       -0.238639        0.045420
     C    3       -0.238639        0.015084       -0.076682
     C    3        0.045420       -0.076682       -0.385828

     H    4        0.625008        0.345047        0.243333
     H    4        0.345047       -0.528288        0.339571
     H    4        0.243333        0.339571       -0.096720

     C    5       -0.452281       -0.011320        0.147623
     C    5       -0.011320        0.349930        0.231529
     C    5        0.147623        0.231529        0.102351

     H    6       -0.033576       -0.111157        0.153968
     H    6       -0.111157        0.498891        0.559852
     H    6        0.153968        0.559852       -0.465315

     H    7       -0.082273        0.137865       -0.061446
     H    7        0.137865       -0.108489       -0.224568
     H    7       -0.061446       -0.224568        0.190762

     C    8        0.234253       -0.131955        0.005384
     C    8       -0.131955        0.149106        0.092279
     C    8        0.005384        0.092279       -0.383360

     H    9        0.542697        0.074363        0.475581
     H    9        0.074363       -0.457786       -0.367517
     H    9        0.475581       -0.367517       -0.084911

     C   10       -0.311844       -0.089401       -0.067955
     C   10       -0.089401        0.365795       -0.192187
     C   10       -0.067955       -0.192187       -0.053951

     C   11        0.254946        0.175667       -0.182547
     C   11        0.175667        0.238692        0.437547
     C   11       -0.182547        0.437547       -0.493637

     Cl  12       -0.698203       -0.002971       -0.502628
     Cl  12       -0.002971        0.539082        1.556253
     Cl  12       -0.502628        1.556253        0.159121

     H   13       -0.184775        0.080972        0.186764
     H   13        0.080972        0.306729        0.146879
     H   13        0.186764        0.146879       -0.121953

     C   14       -0.011985       -0.324174       -0.110918
     C   14       -0.324174       -0.230804        0.066278
     C   14       -0.110918        0.066278        0.242790

     H   15        0.444688       -0.028871        0.189765
     H   15       -0.028871       -0.156777       -0.053698
     H   15        0.189765       -0.053698       -0.287910

     C   16       -0.630088       -0.007338       -0.311940
     C   16       -0.007338        0.258157        0.448979
     C   16       -0.311940        0.448979        0.371931

     C   17        0.051923       -0.492902       -0.085110
     C   17       -0.492902        0.301078       -0.303057
     C   17       -0.085110       -0.303057       -0.353001

     Cl  18       -0.962929       -0.676124       -0.271914
     Cl  18       -0.676124        2.037173       -1.936104
     Cl  18       -0.271914       -1.936104       -1.074243

     H   19       -0.295506       -0.100591        0.034416
     H   19       -0.100591        0.263187       -0.051555
     H   19        0.034416       -0.051555        0.032319

     C   20       -0.590957       -0.076607       -0.405742
     C   20       -0.076607        0.670295       -0.404359
     C   20       -0.405742       -0.404359       -0.079338

     H   21        0.276764       -0.414875        0.554576
     H   21       -0.414875       -0.141990        0.159020
     H   21        0.554576        0.159020       -0.134773

     C   22        0.234512        0.337930       -0.168099
     C   22        0.337930       -0.181678       -0.072069
     C   22       -0.168099       -0.072069       -0.052834

     C   23       -0.740886       -0.328865       -0.261231
     C   23       -0.328865        0.623752       -0.566103
     C   23       -0.261231       -0.566103        0.117133

     Cl  24       -0.180103        1.555202       -0.043280
     Cl  24        1.555202       -0.476419       -1.278888
     Cl  24       -0.043280       -1.278888        0.656522

     ----- total EFG (symmetrized) -----
     Cl   1        0.185866       -0.637508        0.011211
     Cl   1       -0.637508        2.648626        0.366801
     Cl   1        0.011211        0.366801       -2.834492

     C    2       -0.750946        0.150845       -0.109677
     C    2        0.150845        0.672520        0.317582
     C    2       -0.109677        0.317582        0.078426

     C    3        0.370744       -0.238639        0.045420
     C    3       -0.238639        0.015084       -0.076682
     C    3        0.045420       -0.076682       -0.385828

     H    4        0.625008        0.345047        0.243333
     H    4        0.345047       -0.528288        0.339571
     H    4        0.243333        0.339571       -0.096720

     C    5       -0.452281       -0.011320        0.147623
     C    5       -0.011320        0.349930        0.231529
     C    5        0.147623        0.231529        0.102351

     H    6       -0.033576       -0.111157        0.153968
     H    6       -0.111157        0.498891        0.559852
     H    6        0.153968        0.559852       -0.465315

     H    7       -0.082273        0.137865       -0.061446
     H    7        0.137865       -0.108489       -0.224568
     H    7       -0.061446       -0.224568        0.190762

     C    8        0.234253       -0.131955        0.005384
     C    8       -0.131955        0.149106        0.092279
     C    8        0.005384        0.092279       -0.383360

     H    9        0.542697        0.074363        0.475581
     H    9        0.074363       -0.457786       -0.367517
     H    9        0.475581       -0.367517       -0.084911

     C   10       -0.311844       -0.089401       -0.067955
     C   10       -0.089401        0.365795       -0.192187
     C   10       -0.067955       -0.192187       -0.053951

     C   11        0.254946        0.175667       -0.182547
     C   11        0.175667        0.238692        0.437547
     C   11       -0.182547        0.437547       -0.493637

     Cl  12       -0.698203       -0.002971       -0.502628
     Cl  12       -0.002971        0.539082        1.556253
     Cl  12       -0.502628        1.556253        0.159121

     H   13       -0.184775        0.080972        0.186764
     H   13        0.080972        0.306729        0.146879
     H   13        0.186764        0.146879       -0.121953

     C   14       -0.011985       -0.324174       -0.110918
     C   14       -0.324174       -0.230804        0.066278
     C   14       -0.110918        0.066278        0.242790

     H   15        0.444688       -0.028871        0.189765
     H   15       -0.028871       -0.156777       -0.053698
     H   15        0.189765       -0.053698       -0.287910

     C   16       -0.630088       -0.007338       -0.311940
     C   16       -0.007338        0.258157        0.448979
     C   16       -0.311940        0.448979        0.371931

     C   17        0.051923       -0.492902       -0.085110
     C   17       -0.492902        0.301078       -0.303057
     C   17       -0.085110       -0.303057       -0.353001

     Cl  18       -0.962929       -0.676124       -0.271914
     Cl  18       -0.676124        2.037173       -1.936104
     Cl  18       -0.271914       -1.936104       -1.074243

     H   19       -0.295506       -0.100591        0.034416
     H   19       -0.100591        0.263187       -0.051555
     H   19        0.034416       -0.051555        0.032319

     C   20       -0.590957       -0.076607       -0.405742
     C   20       -0.076607        0.670295       -0.404359
     C   20       -0.405742       -0.404359       -0.079338

     H   21        0.276764       -0.414875        0.554576
     H   21       -0.414875       -0.141990        0.159020
     H   21        0.554576        0.159020       -0.134773

     C   22        0.234512        0.337930       -0.168099
     C   22        0.337930       -0.181678       -0.072069
     C   22       -0.168099       -0.072069       -0.052834

     C   23       -0.740886       -0.328865       -0.261231
     C   23       -0.328865        0.623752       -0.566103
     C   23       -0.261231       -0.566103        0.117133

     Cl  24       -0.180103        1.555202       -0.043280
     Cl  24        1.555202       -0.476419       -1.278888
     Cl  24       -0.043280       -1.278888        0.656522


     NQR/NMR SPECTROSCOPIC PARAMETERS:
     Cl   1    Vxx=    0.0339    axis=(  0.972066  0.232304  0.033506)
     Cl   1    Vyy=    2.8260    axis=( -0.234015  0.970228  0.062408)
     Cl   1    Vzz=   -2.8599    axis=( -0.018011 -0.068505  0.997488)
     Cl   1  Q=        -8.1650 1e-30 m^2  Cq=        54.8655 MHz  eta= 0.97629

     C    2    Vxx=   -0.0244    axis=( -0.212837 -0.366661  0.905682)
     C    2    Vyy=   -0.7918    axis=( -0.975152  0.138036 -0.173279)
     C    2    Vzz=    0.8162    axis=( -0.061482 -0.920057 -0.386929)
     C    2  Q=         1.0000 1e-30 m^2  Cq=         1.9176 MHz  eta= 0.94028

     C    3    Vxx=   -0.0969    axis=(  0.460945  0.873022 -0.159256)
     C    3    Vyy=   -0.4000    axis=( -0.002070  0.180515  0.983570)
     C    3    Vzz=    0.4969    axis=(  0.887426 -0.453042  0.085015)
     C    3  Q=         1.0000 1e-30 m^2  Cq=         1.1676 MHz  eta= 0.60989

     H    4    Vxx=   -0.0957    axis=( -0.435454  0.314692  0.843415)
     H    4    Vyy=   -0.7435    axis=( -0.152723  0.897501 -0.413724)
     H    4    Vzz=    0.8392    axis=(  0.887162  0.308966  0.342759)
     H    4  Q=         1.0000 1e-30 m^2  Cq=         1.9718 MHz  eta= 0.77203

     C    5    Vxx=    0.0015    axis=(  0.274959 -0.525903  0.804875)
     C    5    Vyy=    0.4935    axis=( -0.072307 -0.846082 -0.528126)
     C    5    Vzz=   -0.4950    axis=(  0.958733  0.087015 -0.270664)
     C    5  Q=         1.0000 1e-30 m^2  Cq=        -1.1630 MHz  eta= 0.99393

     H    6    Vxx=    0.0119    axis=(  0.968147 -0.058809  0.243380)
     H    6    Vyy=    0.7574    axis=( -0.047975  0.910446  0.410837)
     H    6    Vzz=   -0.7693    axis=( -0.245745 -0.409427  0.878624)
     H    6  Q=         1.0000 1e-30 m^2  Cq=        -1.8075 MHz  eta= 0.96911

     H    7    Vxx=   -0.0670    axis=(  0.837170  0.297573  0.458907)
     H    7    Vyy=   -0.2785    axis=(  0.471468 -0.817931 -0.329706)
     H    7    Vzz=    0.3454    axis=( -0.277243 -0.492380  0.825044)
     H    7  Q=         1.0000 1e-30 m^2  Cq=         0.8116 MHz  eta= 0.61236

     C    8    Vxx=    0.0662    axis=(  0.605593  0.778062  0.166961)
     C    8    Vyy=    0.3339    axis=(  0.794503 -0.603022 -0.071616)
     C    8    Vzz=   -0.4001    axis=( -0.044960 -0.176021  0.983359)
     C    8  Q=         1.0000 1e-30 m^2  Cq=        -0.9401 MHz  eta= 0.66909

     H    9    Vxx=   -0.0416    axis=( -0.435443 -0.638319  0.634774)
     H    9    Vyy=   -0.7673    axis=( -0.258035  0.764050  0.591309)
     H    9    Vzz=    0.8089    axis=(  0.862442 -0.093687  0.497409)
     H    9  Q=         1.0000 1e-30 m^2  Cq=         1.9006 MHz  eta= 0.89719

     C   10    Vxx=   -0.0887    axis=( -0.384454  0.294334  0.874964)
     C   10    Vyy=   -0.3564    axis=(  0.919760  0.203211  0.335778)
     C   10    Vzz=    0.4451    axis=( -0.078972  0.933848 -0.348842)
     C   10  Q=         1.0000 1e-30 m^2  Cq=         1.0459 MHz  eta= 0.60129

     C   11    Vxx=    0.2743    axis=(  0.878305 -0.294540 -0.376599)
     C   11    Vyy=    0.4809    axis=( -0.417985 -0.855447 -0.305775)
     C   11    Vzz=   -0.7552    axis=(  0.232097 -0.425976  0.874457)
     C   11  Q=         1.0000 1e-30 m^2  Cq=        -1.7745 MHz  eta= 0.27358

     Cl  12    Vxx=   -0.5381    axis=(  0.869987  0.406204 -0.279502)
     Cl  12    Vyy=   -1.4218    axis=( -0.476372  0.546140 -0.689058)
     Cl  12    Vzz=    1.9599    axis=(  0.127251 -0.732618 -0.668639)
     Cl  12  Q=        -8.1650 1e-30 m^2  Cq=       -37.6005 MHz  eta= 0.45089

     H   13    Vxx=   -0.0409    axis=(  0.619666 -0.423485  0.660814)
     H   13    Vyy=   -0.3446    axis=( -0.746184 -0.056814  0.663311)
     H   13    Vzz=    0.3856    axis=(  0.243359  0.904120  0.351203)
     H   13  Q=         1.0000 1e-30 m^2  Cq=         0.9060 MHz  eta= 0.78761

     C   14    Vxx=    0.1026    axis=( -0.591023  0.440245 -0.675926)
     C   14    Vyy=    0.3611    axis=( -0.554826  0.386389  0.736798)
     C   14    Vzz=   -0.4637    axis=( -0.585542 -0.810486 -0.015895)
     C   14  Q=         1.0000 1e-30 m^2  Cq=        -1.0895 MHz  eta= 0.55733

     H   15    Vxx=   -0.1483    axis=(  0.116075  0.969646 -0.215204)
     H   15    Vyy=   -0.3452    axis=( -0.218812  0.236310  0.946720)
     H   15    Vzz=    0.4935    axis=(  0.968838 -0.062802  0.239600)
     H   15  Q=         1.0000 1e-30 m^2  Cq=         1.1595 MHz  eta= 0.39891

     C   16    Vxx=   -0.0730    axis=( -0.304684 -0.768847  0.562176)
     C   16    Vyy=   -0.7354    axis=( -0.937420  0.137610 -0.319856)
     C   16    Vzz=    0.8085    axis=( -0.168560  0.624450  0.762660)
     C   16  Q=         1.0000 1e-30 m^2  Cq=         1.8996 MHz  eta= 0.81931

     C   17    Vxx=   -0.1090    axis=(  0.679707  0.334620 -0.652708)
     C   17    Vyy=   -0.6104    axis=(  0.462746  0.494800  0.735554)
     C   17    Vzz=    0.7194    axis=(  0.569091 -0.801999  0.181475)
     C   17  Q=         1.0000 1e-30 m^2  Cq=         1.6903 MHz  eta= 0.69696

     Cl  18    Vxx=   -0.7893    axis=(  0.907772 -0.066541 -0.414153)
     Cl  18    Vyy=   -2.2374    axis=(  0.400661  0.429854  0.809133)
     Cl  18    Vzz=    3.0268    axis=(  0.124185 -0.900443  0.416870)
     Cl  18  Q=        -8.1650 1e-30 m^2  Cq=       -58.0669 MHz  eta= 0.47844

     H   19    Vxx=    0.0218    axis=(  0.035081  0.222678  0.974261)
     H   19    Vyy=    0.2931    axis=( -0.176675  0.960888 -0.213260)
     H   19    Vzz=   -0.3149    axis=( -0.983644 -0.164646  0.073051)
     H   19  Q=         1.0000 1e-30 m^2  Cq=        -0.7399 MHz  eta= 0.86170

     C   20    Vxx=    0.0095    axis=(  0.549389 -0.388852 -0.739572)
     C   20    Vyy=    0.8534    axis=(  0.070768  0.903587 -0.422518)
     C   20    Vzz=   -0.8628    axis=(  0.832564  0.179789  0.523939)
     C   20  Q=         1.0000 1e-30 m^2  Cq=        -2.0273 MHz  eta= 0.97807

     H   21    Vxx=    0.0142    axis=(  0.059738 -0.785532 -0.615930)
     H   21    Vyy=    0.7427    axis=( -0.829133  0.304544 -0.468820)
     H   21    Vzz=   -0.7570    axis=( -0.555851 -0.538695  0.633118)
     H   21  Q=         1.0000 1e-30 m^2  Cq=        -1.7786 MHz  eta= 0.96236

     C   22    Vxx=   -0.1131    axis=(  0.245570  0.217319  0.944705)
     C   22    Vyy=   -0.3718    axis=(  0.500160 -0.863215  0.068560)
     C   22    Vzz=    0.4849    axis=(  0.830383  0.455668 -0.320674)
     C   22  Q=         1.0000 1e-30 m^2  Cq=         1.1392 MHz  eta= 0.53344

     C   23    Vxx=   -0.0317    axis=(  0.479465 -0.423345 -0.768695)
     C   23    Vyy=   -0.9700    axis=( -0.873670 -0.312671 -0.372743)
     C   23    Vzz=    1.0017    axis=( -0.082550  0.850303 -0.519779)
     C   23  Q=         1.0000 1e-30 m^2  Cq=         2.3537 MHz  eta= 0.93671

     Cl  24    Vxx=    0.2451    axis=(  0.676607  0.204664  0.707330)
     Cl  24    Vyy=    1.9646    axis=(  0.465827  0.624974 -0.626429)
     Cl  24    Vzz=   -2.2097    axis=(  0.570270 -0.753340 -0.327523)
     Cl  24  Q=        -8.1650 1e-30 m^2  Cq=        42.3920 MHz  eta= 0.77818

     Initialization:
     gipaw_setup  :      9.02s CPU     10.86s WALL (       1 calls)

     Linear response

     Apply operators

     Induced current

     Other routines
     efg          :      9.20s CPU     11.45s WALL (       1 calls)

     General routines
     calbec       :      3.22s CPU      4.23s WALL (      16 calls)
     fft          :      1.42s CPU      1.94s WALL (      15 calls)
     ffts         :      0.04s CPU      0.06s WALL (       2 calls)
     fftw         :      3.19s CPU      3.90s WALL (     672 calls)
     davcio       :      0.02s CPU      0.31s WALL (      32 calls)

     Parallel routines
     fft_scatter  :      1.98s CPU      3.07s WALL (     689 calls)

     Plugins

     GIPAW        :     61.37s CPU     72.87s WALL (       1 calls)
