
     Program QE v.6.0 (svn rev. 13079) starts on  2Jan2017 at 22:19:15 

     This program is part of the open-source Quantum ESPRESSO suite
     for quantum simulation of materials; please cite
         "P. Giannozzi et al., J. Phys.:Condens. Matter 21 395502 (2009);
          URL http://www.quantum-espresso.org", 
     in publications or presentations arising from this work. More details at
     http://www.quantum-espresso.org/quote

     Parallel version (MPI), running on     8 processors
     R & G space division:  proc/nbgrp/npool/nimage =       8

     ***** This is GIPAW svn revision unknown      *****

     Parallelizing q-star over 1 images

     Reading data from directory:
     /users/majewski/paradichlorobenzene/pbe/9_constraint/scratch/pbe.ecut100.np8.dt60.pcl2phi-129368.save
     Message from routine read_xml_file:
     file /users/majewski/paradichlorobenzene/pbe/9_constraint/scratch/pbe.ecut100.np8.dt60.pcl2phi-129368.save not guaranteed to be safe for post-processing

   Info: using nr1, nr2, nr3 values from input

   Info: using nr1, nr2, nr3 values from input

     IMPORTANT: XC functional enforced from input :
     Exchange-correlation      =  SLA  PW   PBX  PBC ( 1  4  3  4 0 0)
     Any further DFT definition will be discarded
     Please, verify this is what you really want

               file C.pbe-n-kjpaw_psl.1.0.0.UPF: wavefunction(s)  2S 2P renormalized
               file Cl.pbe-n-kjpaw_psl.1.0.0.UPF: wavefunction(s)  3S 3P renormalized
               file H.pbe-kjpaw_psl.1.0.0.UPF: wavefunction(s)  1S renormalized

     Parallelization info
     --------------------
     sticks:   dense  smooth     PW     G-vecs:    dense   smooth      PW
     Min        3057    1223    332               144436    36536    5170
     Max        3059    1225    333               144437    36537    5171
     Sum       24467    9791   2657              1155489   292295   41363


     Subspace diagonalization in iterative solution of the eigenvalue problem:
     a serial algorithm will be used

     GIPAW projectors -----------------------------------------------
     atom=  C    l=0  rc=    1.2000  rs=    0.8000
     atom=  C    l=0  rc=    1.2000  rs=    0.8000
     atom=  C    l=1  rc=    1.4000  rs=    0.9333
     atom=  C    l=1  rc=    1.4000  rs=    0.9333
     projs nearly linearly dependent: l=1  n1,n2= 1, 2  s=  0.99951561

     atom=  Cl   l=0  rc=    1.6000  rs=    1.0667
     atom=  Cl   l=0  rc=    1.6000  rs=    1.0667
     atom=  Cl   l=1  rc=    1.6000  rs=    1.0667
     atom=  Cl   l=1  rc=    1.6000  rs=    1.0667
     atom=  Cl   l=2  rc=    1.6000  rs=    1.0667
     atom=  Cl   l=2  rc=    1.6000  rs=    1.0667
     projs nearly linearly dependent: l=2  n1,n2= 1, 2  s=  0.99993509

     atom=  H    l=0  rc=    1.0000  rs=    0.6667
     atom=  H    l=0  rc=    1.0000  rs=    0.6667
     projs nearly linearly dependent: l=0  n1,n2= 1, 2  s=  0.99968852
     -----------------------------------------------------------------

     GIPAW integrals: -------------------------------------------
     Atom  i/j   nmr_para   nmr_dia   epr_rmc  epr_para   epr_dia
       C   1 1   0.83E+03  0.17E-01  0.93E+01  0.24E+08  0.24E+03
       C   2 1   0.86E+03 -0.61E-01  0.94E+01  0.25E+08  0.25E+03
       C   2 2   0.90E+03 -0.15E+00  0.97E+01  0.26E+08  0.26E+03
       C   3 3   0.33E+01  0.34E+00  0.18E+01  0.55E+03  0.21E+02
       C   4 3   0.35E+01  0.37E+00  0.20E+01  0.59E+03  0.22E+02
       C   4 4   0.38E+01  0.39E+00  0.22E+01  0.63E+03  0.24E+02
       Cl  1 1   0.14E+04 -0.47E+00  0.84E+01  0.32E+09  0.42E+03
       Cl  2 1   0.21E+04 -0.37E+00  0.12E+02  0.49E+09  0.65E+03
       Cl  2 2   0.33E+04 -0.16E+00  0.21E+02  0.76E+09  0.10E+04
       Cl  3 3   0.21E+02  0.79E-01  0.89E+01  0.23E+05  0.13E+03
       Cl  4 3   0.24E+02  0.67E-01  0.99E+01  0.27E+05  0.15E+03
       Cl  4 4   0.28E+02  0.44E-01  0.11E+02  0.32E+05  0.18E+03
       Cl  5 5   0.77E+00  0.19E+00  0.18E+01  0.12E+03  0.22E+02
       Cl  6 5   0.80E+00  0.19E+00  0.19E+01  0.12E+03  0.23E+02
       Cl  6 6   0.83E+00  0.20E+00  0.19E+01  0.12E+03  0.23E+02
       H   1 1   0.39E+02  0.19E+00  0.29E+00  0.78E+05  0.13E+02
       H   2 1   0.41E+02  0.21E+00  0.32E+00  0.82E+05  0.14E+02
       H   2 2   0.43E+02  0.22E+00  0.36E+00  0.86E+05  0.15E+02
     ------------------------------------------------------------

     alpha_pv=     34.3689 eV

     Number of occupied bands for each k-point:
     k-point:     1    nbnd_occ=  42
     k-point:     2    nbnd_occ=  42
     k-point:     3    nbnd_occ=  42
     k-point:     4    nbnd_occ=  42
     k-point:     5    nbnd_occ=  42
     k-point:     6    nbnd_occ=  42
     k-point:     7    nbnd_occ=  42
     k-point:     8    nbnd_occ=  42
     k-point:     9    nbnd_occ=  42
     k-point:    10    nbnd_occ=  42
     k-point:    11    nbnd_occ=  42
     k-point:    12    nbnd_occ=  42
     k-point:    13    nbnd_occ=  42
     k-point:    14    nbnd_occ=  42
     k-point:    15    nbnd_occ=  42
     k-point:    16    nbnd_occ=  42


     q-space interpolation up to   110.00 Rydberg

     GIPAW job: efg                                                                             


     ELECTRIC FIELD GRADIENTS TENSORS IN Hartree/bohrradius^2:

     ----- bare term -----
     Cl   1       -0.044666       -0.038886       -0.124654
     Cl   1       -0.038886       -0.084394       -0.045221
     Cl   1       -0.124654       -0.045221        0.129060

     C    2       -0.590153        0.328056       -0.349546
     C    2        0.328056        0.268225       -0.256258
     C    2       -0.349546       -0.256258        0.321928

     C    3       -0.023259        0.145686       -0.194290
     C    3        0.145686       -0.382849       -0.442071
     C    3       -0.194290       -0.442071        0.406108

     H    4       -0.550728       -0.258251        0.025420
     H    4       -0.258251        0.433820       -0.147005
     H    4        0.025420       -0.147005        0.116909

     C    5       -0.808152        0.326623       -0.430848
     C    5        0.326623        0.286015       -0.053604
     C    5       -0.430848       -0.053604        0.522136

     H    6        0.467802       -0.028483       -0.138861
     H    6       -0.028483       -0.577288       -0.294856
     H    6       -0.138861       -0.294856        0.109486

     H    7        0.373048       -0.072047        0.199769
     H    7       -0.072047       -0.135946        0.572468
     H    7        0.199769        0.572468       -0.237102

     C    8       -0.191363       -0.184456       -0.250461
     C    8       -0.184456       -0.063765        0.454721
     C    8       -0.250461        0.454721        0.255129

     H    9       -0.287772        0.487360       -0.348289
     H    9        0.487360       -0.035230        0.197653
     H    9       -0.348289        0.197653        0.323002

     C   10       -0.506674       -0.389640       -0.304890
     C   10       -0.389640        0.202439        0.321744
     C   10       -0.304890        0.321744        0.304235

     C   11       -0.001558       -0.113805       -0.086584
     C   11       -0.113805       -0.016586        0.500131
     C   11       -0.086584        0.500131        0.018144

     Cl  12        0.085034       -0.103269        0.056331
     Cl  12       -0.103269        0.116680       -0.172798
     Cl  12        0.056331       -0.172798       -0.201715

     H   13        0.436905       -0.192489        0.021297
     H   13       -0.192489       -0.756703        0.101154
     H   13        0.021297        0.101154        0.319798

     C   14       -0.042553       -0.044869       -0.177265
     C   14       -0.044869       -0.088913       -0.273625
     C   14       -0.177265       -0.273625        0.131466

     H   15       -0.324901       -0.493353        0.076385
     H   15       -0.493353        0.073723        0.168445
     H   15        0.076385        0.168445        0.251178

     C   16       -0.360339        0.243359        0.024924
     C   16        0.243359        0.012507       -0.210826
     C   16        0.024924       -0.210826        0.347832

     C   17       -0.033314        0.069919       -0.231420
     C   17        0.069919        0.053222       -0.693495
     C   17       -0.231420       -0.693495       -0.019908

     Cl  18       -0.254577        0.251357        0.008327
     Cl  18        0.251357        0.145911        0.135173
     Cl  18        0.008327        0.135173        0.108667

     H   19        0.540111        0.004195       -0.039355
     H   19        0.004195       -0.225780        0.320377
     H   19       -0.039355        0.320377       -0.314330

     C   20       -0.748875       -0.353762       -0.247968
     C   20       -0.353762        0.425219        0.262441
     C   20       -0.247968        0.262441        0.323656

     H   21       -0.567290        0.104885        0.025798
     H   21        0.104885        0.417317        0.280242
     H   21        0.025798        0.280242        0.149973

     C   22        0.000561       -0.204294       -0.151685
     C   22       -0.204294       -0.196659        0.520513
     C   22       -0.151685        0.520513        0.196099

     C   23       -0.714510       -0.361251       -0.373123
     C   23       -0.361251        0.336534        0.098633
     C   23       -0.373123        0.098633        0.377976

     Cl  24       -0.110212        0.029019       -0.021971
     Cl  24        0.029019       -0.097411       -0.045312
     Cl  24       -0.021971       -0.045312        0.207623

     ----- ionic term -----
     Cl   1        0.200888       -0.199220       -0.041499
     Cl   1       -0.199220       -0.068478        0.023269
     Cl   1       -0.041499        0.023269       -0.132410

     C    2        0.323783       -0.066393        0.103990
     C    2       -0.066393        0.142472        0.382034
     C    2        0.103990        0.382034       -0.466255

     C    3        0.200706       -0.172795        0.107417
     C    3       -0.172795        0.271278        0.347786
     C    3        0.107417        0.347786       -0.471984

     H    4        0.755651        0.493851        0.429789
     H    4        0.493851       -0.282068        0.228565
     H    4        0.429789        0.228565       -0.473583

     C    5        0.345718       -0.116065        0.190277
     C    5       -0.116065        0.155473        0.254544
     C    5        0.190277        0.254544       -0.501190

     H    6       -0.527000        0.044464        0.029583
     H    6        0.044464        0.918343        0.502585
     H    6        0.029583        0.502585       -0.391343

     H    7       -0.498709        0.072543       -0.057643
     H    7        0.072543        0.312191       -0.818229
     H    7       -0.057643       -0.818229        0.186518

     C    8        0.369079        0.205716        0.182076
     C    8        0.205716       -0.112835       -0.335576
     C    8        0.182076       -0.335576       -0.256244

     H    9        0.571125       -0.308835        0.672970
     H    9       -0.308835       -0.484264       -0.258200
     H    9        0.672970       -0.258200       -0.086860

     C   10        0.173870        0.209517        0.128823
     C   10        0.209517        0.028513       -0.432806
     C   10        0.128823       -0.432806       -0.202384

     C   11        0.163044        0.183117        0.086791
     C   11        0.183117        0.074589       -0.453526
     C   11        0.086791       -0.453526       -0.237632

     Cl  12        0.088446        0.196425       -0.039070
     Cl  12        0.196425        0.043013       -0.039012
     Cl  12       -0.039070       -0.039012       -0.131459

     H   13       -0.513460        0.122135        0.034723
     H   13        0.122135        0.751501        0.627206
     H   13        0.034723        0.627206       -0.238041

     C   14        0.325672       -0.101385        0.156975
     C   14       -0.101385        0.152472        0.283163
     C   14        0.156975        0.283163       -0.478144

     H   15        0.840956        0.319618        0.503828
     H   15        0.319618       -0.384810        0.192154
     H   15        0.503828        0.192154       -0.456146

     C   16        0.193786       -0.234247        0.128755
     C   16       -0.234247        0.313395        0.346370
     C   16        0.128755        0.346370       -0.507181

     C   17        0.248446       -0.107080        0.252578
     C   17       -0.107080        0.262547        0.322146
     C   17        0.252578        0.322146       -0.510993

     Cl  18        0.147496       -0.207584        0.051287
     Cl  18       -0.207584        0.029834       -0.026194
     Cl  18        0.051287       -0.026194       -0.177331

     H   19       -0.501488       -0.050783        0.040151
     H   19       -0.050783        0.555282       -0.768457
     H   19        0.040151       -0.768457       -0.053794

     C   20        0.335766        0.222181        0.087447
     C   20        0.222181        0.014095       -0.345129
     C   20        0.087447       -0.345129       -0.349861

     H   21        0.818005       -0.477089        0.319612
     H   21       -0.477089       -0.329458       -0.198550
     H   21        0.319612       -0.198550       -0.488547

     C   22        0.231194        0.224878        0.008372
     C   22        0.224878        0.154918       -0.428502
     C   22        0.008372       -0.428502       -0.386112

     C   23        0.307946        0.204433        0.168727
     C   23        0.204433        0.020699       -0.421270
     C   23        0.168727       -0.421270       -0.328645

     Cl  24        0.190818        0.235528       -0.043599
     Cl  24        0.235528       -0.037078       -0.029332
     Cl  24       -0.043599       -0.029332       -0.153741

     ----- GIPAW term -----
     Cl   1        0.753984       -2.006648       -1.694677
     Cl   1       -2.006648       -1.151124       -0.292958
     Cl   1       -1.694677       -0.292958        0.397140

     C    2       -0.141662       -0.068570       -0.050549
     C    2       -0.068570        0.268906       -0.018280
     C    2       -0.050549       -0.018280       -0.127244

     C    3       -0.097382       -0.023248       -0.050795
     C    3       -0.023248        0.003580        0.108384
     C    3       -0.050795        0.108384        0.093802

     H    4       -0.000000        0.000000        0.000000
     H    4        0.000000        0.000000        0.000000
     H    4        0.000000        0.000000        0.000000

     C    5       -0.221265        0.050861       -0.055690
     C    5        0.050861        0.136018        0.150505
     C    5       -0.055690        0.150505        0.085247

     H    6       -0.000000        0.000000        0.000000
     H    6        0.000000        0.000000        0.000000
     H    6        0.000000        0.000000        0.000000

     H    7       -0.000000        0.000000        0.000000
     H    7        0.000000        0.000000        0.000000
     H    7        0.000000        0.000000        0.000000

     C    8       -0.075128       -0.060988       -0.024138
     C    8       -0.060988        0.129209        0.061858
     C    8       -0.024138        0.061858       -0.054080

     H    9       -0.000000        0.000000        0.000000
     H    9        0.000000        0.000000        0.000000
     H    9        0.000000        0.000000        0.000000

     C   10       -0.157720       -0.167844       -0.100350
     C   10       -0.167844        0.220217        0.109391
     C   10       -0.100350        0.109391       -0.062497

     C   11       -0.008263       -0.046635       -0.053626
     C   11       -0.046635        0.077993        0.131128
     C   11       -0.053626        0.131128       -0.069730

     Cl  12       -0.500138        0.564591       -0.575233
     Cl  12        0.564591       -0.751983        0.901285
     Cl  12       -0.575233        0.901285        1.252121

     H   13       -0.000000        0.000000        0.000000
     H   13        0.000000        0.000000        0.000000
     H   13        0.000000        0.000000        0.000000

     C   14       -0.047134        0.008584       -0.015730
     C   14        0.008584        0.089329       -0.118655
     C   14       -0.015730       -0.118655       -0.042195

     H   15       -0.000000        0.000000        0.000000
     H   15        0.000000        0.000000        0.000000
     H   15        0.000000        0.000000        0.000000

     C   16       -0.114464        0.012353        0.007865
     C   16        0.012353        0.090411       -0.115087
     C   16        0.007865       -0.115087        0.024053

     C   17       -0.044306        0.016367       -0.055105
     C   17        0.016367        0.218516       -0.174480
     C   17       -0.055105       -0.174480       -0.174210

     Cl  18       -0.608550       -0.698345        0.128603
     Cl  18       -0.698345        1.798773        1.608199
     Cl  18        0.128603        1.608199       -1.190223

     H   19       -0.000000        0.000000        0.000000
     H   19        0.000000        0.000000        0.000000
     H   19        0.000000        0.000000        0.000000

     C   20       -0.221761       -0.023030       -0.011415
     C   20       -0.023030        0.278817        0.118018
     C   20       -0.011415        0.118018       -0.057056

     H   21       -0.000000        0.000000        0.000000
     H   21        0.000000        0.000000        0.000000
     H   21        0.000000        0.000000        0.000000

     C   22       -0.112812       -0.025134       -0.008716
     C   22       -0.025134        0.187031       -0.060534
     C   22       -0.008716       -0.060534       -0.074220

     C   23       -0.175505        0.043105       -0.054411
     C   23        0.043105        0.267935       -0.115354
     C   23       -0.054411       -0.115354       -0.092430

     Cl  24       -0.198049        2.041289       -0.556303
     Cl  24        2.041289       -1.187256       -0.693952
     Cl  24       -0.556303       -0.693952        1.385305

     ----- total EFG -----
     Cl   1        0.910206       -2.244754       -1.860830
     Cl   1       -2.244754       -1.303996       -0.314910
     Cl   1       -1.860830       -0.314910        0.393790

     C    2       -0.408032        0.193092       -0.296105
     C    2        0.193092        0.679603        0.107496
     C    2       -0.296105        0.107496       -0.271570

     C    3        0.080065       -0.050356       -0.137668
     C    3       -0.050356       -0.107991        0.014098
     C    3       -0.137668        0.014098        0.027926

     H    4        0.204922        0.235600        0.455209
     H    4        0.235600        0.151752        0.081559
     H    4        0.455209        0.081559       -0.356674

     C    5       -0.683699        0.261419       -0.296261
     C    5        0.261419        0.577506        0.351446
     C    5       -0.296261        0.351446        0.106193

     H    6       -0.059198        0.015981       -0.109278
     H    6        0.015981        0.341055        0.207729
     H    6       -0.109278        0.207729       -0.281857

     H    7       -0.125661        0.000496        0.142126
     H    7        0.000496        0.176245       -0.245762
     H    7        0.142126       -0.245762       -0.050584

     C    8        0.102588       -0.039728       -0.092522
     C    8       -0.039728       -0.047392        0.181003
     C    8       -0.092522        0.181003       -0.055195

     H    9        0.283353        0.178525        0.324682
     H    9        0.178525       -0.519494       -0.060546
     H    9        0.324682       -0.060546        0.236141

     C   10       -0.490524       -0.347967       -0.276417
     C   10       -0.347967        0.451170       -0.001670
     C   10       -0.276417       -0.001670        0.039354

     C   11        0.153223        0.022677       -0.053419
     C   11        0.022677        0.135996        0.177732
     C   11       -0.053419        0.177732       -0.289218

     Cl  12       -0.326658        0.657747       -0.557972
     Cl  12        0.657747       -0.592290        0.689475
     Cl  12       -0.557972        0.689475        0.918948

     H   13       -0.076555       -0.070354        0.056020
     H   13       -0.070354       -0.005202        0.728360
     H   13        0.056020        0.728360        0.081756

     C   14        0.235984       -0.137670       -0.036021
     C   14       -0.137670        0.152888       -0.109117
     C   14       -0.036021       -0.109117       -0.388872

     H   15        0.516055       -0.173735        0.580213
     H   15       -0.173735       -0.311087        0.360599
     H   15        0.580213        0.360599       -0.204968

     C   16       -0.281017        0.021465        0.161544
     C   16        0.021465        0.416314        0.020457
     C   16        0.161544        0.020457       -0.135296

     C   17        0.170826       -0.020794       -0.033947
     C   17       -0.020794        0.534285       -0.545829
     C   17       -0.033947       -0.545829       -0.705111

     Cl  18       -0.715630       -0.654571        0.188217
     Cl  18       -0.654571        1.974518        1.717178
     Cl  18        0.188217        1.717178       -1.258887

     H   19        0.038622       -0.046588        0.000796
     H   19       -0.046588        0.329502       -0.448081
     H   19        0.000796       -0.448081       -0.368124

     C   20       -0.634871       -0.154611       -0.171936
     C   20       -0.154611        0.718132        0.035331
     C   20       -0.171936        0.035331       -0.083261

     H   21        0.250716       -0.372204        0.345410
     H   21       -0.372204        0.087858        0.081692
     H   21        0.345410        0.081692       -0.338574

     C   22        0.118943       -0.004551       -0.152029
     C   22       -0.004551        0.145290        0.031476
     C   22       -0.152029        0.031476       -0.264233

     C   23       -0.582069       -0.113714       -0.258807
     C   23       -0.113714        0.625168       -0.437990
     C   23       -0.258807       -0.437990       -0.043099

     Cl  24       -0.117442        2.305835       -0.621873
     Cl  24        2.305835       -1.321745       -0.768596
     Cl  24       -0.621873       -0.768596        1.439187

     ----- total EFG (symmetrized) -----
     Cl   1        0.910206       -2.244754       -1.860830
     Cl   1       -2.244754       -1.303996       -0.314910
     Cl   1       -1.860830       -0.314910        0.393790

     C    2       -0.408032        0.193092       -0.296105
     C    2        0.193092        0.679603        0.107496
     C    2       -0.296105        0.107496       -0.271570

     C    3        0.080065       -0.050356       -0.137668
     C    3       -0.050356       -0.107991        0.014098
     C    3       -0.137668        0.014098        0.027926

     H    4        0.204922        0.235600        0.455209
     H    4        0.235600        0.151752        0.081559
     H    4        0.455209        0.081559       -0.356674

     C    5       -0.683699        0.261419       -0.296261
     C    5        0.261419        0.577506        0.351446
     C    5       -0.296261        0.351446        0.106193

     H    6       -0.059198        0.015981       -0.109278
     H    6        0.015981        0.341055        0.207729
     H    6       -0.109278        0.207729       -0.281857

     H    7       -0.125661        0.000496        0.142126
     H    7        0.000496        0.176245       -0.245762
     H    7        0.142126       -0.245762       -0.050584

     C    8        0.102588       -0.039728       -0.092522
     C    8       -0.039728       -0.047392        0.181003
     C    8       -0.092522        0.181003       -0.055195

     H    9        0.283353        0.178525        0.324682
     H    9        0.178525       -0.519494       -0.060546
     H    9        0.324682       -0.060546        0.236141

     C   10       -0.490524       -0.347967       -0.276417
     C   10       -0.347967        0.451170       -0.001670
     C   10       -0.276417       -0.001670        0.039354

     C   11        0.153223        0.022677       -0.053419
     C   11        0.022677        0.135996        0.177732
     C   11       -0.053419        0.177732       -0.289218

     Cl  12       -0.326658        0.657747       -0.557972
     Cl  12        0.657747       -0.592290        0.689475
     Cl  12       -0.557972        0.689475        0.918948

     H   13       -0.076555       -0.070354        0.056020
     H   13       -0.070354       -0.005202        0.728360
     H   13        0.056020        0.728360        0.081756

     C   14        0.235984       -0.137670       -0.036021
     C   14       -0.137670        0.152888       -0.109117
     C   14       -0.036021       -0.109117       -0.388872

     H   15        0.516055       -0.173735        0.580213
     H   15       -0.173735       -0.311087        0.360599
     H   15        0.580213        0.360599       -0.204968

     C   16       -0.281017        0.021465        0.161544
     C   16        0.021465        0.416314        0.020457
     C   16        0.161544        0.020457       -0.135296

     C   17        0.170826       -0.020794       -0.033947
     C   17       -0.020794        0.534285       -0.545829
     C   17       -0.033947       -0.545829       -0.705111

     Cl  18       -0.715630       -0.654571        0.188217
     Cl  18       -0.654571        1.974518        1.717178
     Cl  18        0.188217        1.717178       -1.258887

     H   19        0.038622       -0.046588        0.000796
     H   19       -0.046588        0.329502       -0.448081
     H   19        0.000796       -0.448081       -0.368124

     C   20       -0.634871       -0.154611       -0.171936
     C   20       -0.154611        0.718132        0.035331
     C   20       -0.171936        0.035331       -0.083261

     H   21        0.250716       -0.372204        0.345410
     H   21       -0.372204        0.087858        0.081692
     H   21        0.345410        0.081692       -0.338574

     C   22        0.118943       -0.004551       -0.152029
     C   22       -0.004551        0.145290        0.031476
     C   22       -0.152029        0.031476       -0.264233

     C   23       -0.582069       -0.113714       -0.258807
     C   23       -0.113714        0.625168       -0.437990
     C   23       -0.258807       -0.437990       -0.043099

     Cl  24       -0.117442        2.305835       -0.621873
     Cl  24        2.305835       -1.321745       -0.768596
     Cl  24       -0.621873       -0.768596        1.439187


     NQR/NMR SPECTROSCOPIC PARAMETERS:
     Cl   1    Vxx=    0.0662    axis=( -0.234940  0.566456 -0.789893)
     Cl   1    Vyy=    3.1196    axis=(  0.788119 -0.364627 -0.495898)
     Cl   1    Vzz=   -3.1858    axis=(  0.568921  0.739036  0.360769)
     Cl   1  Q=        -8.1650 1e-30 m^2  Cq=        61.1173 MHz  eta= 0.95847

     C    2    Vxx=   -0.0376    axis=( -0.609190  0.045348  0.791727)
     C    2    Vyy=   -0.6787    axis=( -0.778083  0.158708 -0.607782)
     C    2    Vzz=    0.7163    axis=( -0.153215 -0.986284 -0.061399)
     C    2  Q=         1.0000 1e-30 m^2  Cq=         1.6830 MHz  eta= 0.89508

     C    3    Vxx=   -0.0752    axis=(  0.502956 -0.456315  0.734038)
     C    3    Vyy=   -0.1264    axis=(  0.396183  0.876515  0.273424)
     C    3    Vzz=    0.2015    axis=( -0.768163  0.153293  0.621633)
     C    3  Q=         1.0000 1e-30 m^2  Cq=         0.4735 MHz  eta= 0.25401

     H    4    Vxx=    0.0181    axis=(  0.394546 -0.872100  0.289439)
     H    4    Vyy=    0.5953    axis=(  0.771812  0.485464  0.410647)
     H    4    Vzz=   -0.6134    axis=( -0.498638  0.061373  0.864635)
     H    4  Q=         1.0000 1e-30 m^2  Cq=        -1.4413 MHz  eta= 0.94100

     C    5    Vxx=    0.1035    axis=(  0.432459  0.370850 -0.821857)
     C    5    Vyy=    0.7715    axis=( -0.070936 -0.894681 -0.441037)
     C    5    Vzz=   -0.8750    axis=(  0.898859 -0.249030  0.360606)
     C    5  Q=         1.0000 1e-30 m^2  Cq=        -2.0559 MHz  eta= 0.76342

     H    6    Vxx=   -0.0228    axis=(  0.946380  0.127826 -0.296691)
     H    6    Vyy=   -0.3818    axis=( -0.320981  0.268131 -0.908338)
     H    6    Vzz=    0.4046    axis=( -0.036557  0.954865  0.294783)
     H    6  Q=         1.0000 1e-30 m^2  Cq=         0.9506 MHz  eta= 0.88738

     H    7    Vxx=   -0.0497    axis=(  0.786766  0.453564  0.418663)
     H    7    Vyy=   -0.2968    axis=( -0.593894  0.371429  0.713674)
     H    7    Vzz=    0.3465    axis=(  0.168193 -0.810136  0.561597)
     H    7  Q=         1.0000 1e-30 m^2  Cq=         0.8142 MHz  eta= 0.71287

     C    8    Vxx=    0.0253    axis=(  0.741922  0.549865  0.383668)
     C    8    Vyy=    0.2117    axis=(  0.659588 -0.495801 -0.564912)
     C    8    Vzz=   -0.2370    axis=( -0.120402  0.672183 -0.730530)
     C    8  Q=         1.0000 1e-30 m^2  Cq=        -0.5568 MHz  eta= 0.78650

     H    9    Vxx=   -0.0129    axis=( -0.614828 -0.303634  0.727869)
     H    9    Vyy=   -0.5799    axis=(  0.261973 -0.949140 -0.174652)
     H    9    Vzz=    0.5928    axis=(  0.743880  0.083301  0.663102)
     H    9  Q=         1.0000 1e-30 m^2  Cq=         1.3928 MHz  eta= 0.95661

     C   10    Vxx=    0.1188    axis=( -0.264337 -0.272105  0.925249)
     C   10    Vyy=    0.5807    axis=(  0.344373 -0.922758 -0.172988)
     C   10    Vzz=   -0.6995    axis=(  0.900851  0.272903  0.337625)
     C   10  Q=         1.0000 1e-30 m^2  Cq=        -1.6436 MHz  eta= 0.66030

     C   11    Vxx=    0.1595    axis=(  0.990903 -0.032141 -0.130687)
     C   11    Vyy=    0.2007    axis=(  0.074394  0.940027  0.332889)
     C   11    Vzz=   -0.3603    axis=(  0.112150 -0.339583  0.933866)
     C   11  Q=         1.0000 1e-30 m^2  Cq=        -0.8465 MHz  eta= 0.11435

     Cl  12    Vxx=    0.2115    axis=(  0.775472  0.631371 -0.003707)
     Cl  12    Vyy=    1.2495    axis=(  0.217791 -0.273000 -0.937037)
     Cl  12    Vzz=   -1.4610    axis=( -0.592630  0.725839 -0.349211)
     Cl  12  Q=        -8.1650 1e-30 m^2  Cq=        28.0293 MHz  eta= 0.71044

     H   13    Vxx=   -0.0638    axis=(  0.989917 -0.096806  0.103410)
     H   13    Vyy=   -0.7042    axis=(  0.141371  0.721051 -0.678307)
     H   13    Vzz=    0.7680    axis=( -0.008900  0.686086  0.727466)
     H   13  Q=         1.0000 1e-30 m^2  Cq=         1.8045 MHz  eta= 0.83380

     C   14    Vxx=    0.0760    axis=(  0.605548  0.763031 -0.226043)
     C   14    Vyy=    0.3401    axis=(  0.789736 -0.611200  0.052462)
     C   14    Vzz=   -0.4161    axis=(  0.098128  0.210283  0.972704)
     C   14  Q=         1.0000 1e-30 m^2  Cq=        -0.9777 MHz  eta= 0.63491

     H   15    Vxx=   -0.0057    axis=(  0.314568 -0.793757 -0.520574)
     H   15    Vyy=   -0.8334    axis=(  0.378410  0.607814 -0.698117)
     H   15    Vzz=    0.8392    axis=(  0.870548  0.022615  0.491564)
     H   15  Q=         1.0000 1e-30 m^2  Cq=         1.9717 MHz  eta= 0.98632

     C   16    Vxx=   -0.0328    axis=(  0.540442 -0.064045  0.838940)
     C   16    Vyy=   -0.3854    axis=(  0.840333 -0.008668 -0.542001)
     C   16    Vzz=    0.4182    axis=(  0.041985  0.997909  0.049135)
     C   16  Q=         1.0000 1e-30 m^2  Cq=         0.9827 MHz  eta= 0.84318

     C   17    Vxx=    0.1721    axis=(  0.999263 -0.000467 -0.038378)
     C   17    Vyy=    0.7405    axis=( -0.013118  0.935555 -0.352938)
     C   17    Vzz=   -0.9126    axis=(  0.036069  0.353181  0.934859)
     C   17  Q=         1.0000 1e-30 m^2  Cq=        -2.1443 MHz  eta= 0.62276

     Cl  18    Vxx=   -0.6584    axis=(  0.941522  0.014517  0.336640)
     Cl  18    Vyy=   -2.1376    axis=(  0.301814  0.407881 -0.861708)
     Cl  18    Vzz=    2.7960    axis=( -0.149819  0.912919  0.379648)
     Cl  18  Q=        -8.1650 1e-30 m^2  Cq=       -53.6407 MHz  eta= 0.52903

     H   19    Vxx=    0.0358    axis=(  0.996133  0.059796 -0.064373)
     H   19    Vyy=    0.5520    axis=(  0.081988 -0.896007  0.436405)
     H   19    Vzz=   -0.5878    axis=( -0.031583 -0.439995 -0.897445)
     H   19  Q=         1.0000 1e-30 m^2  Cq=        -1.3810 MHz  eta= 0.87827

     C   20    Vxx=   -0.0415    axis=( -0.253747 -0.096414  0.962454)
     C   20    Vyy=   -0.6978    axis=( -0.959810 -0.098246 -0.262892)
     C   20    Vzz=    0.7393    axis=(  0.119904 -0.990481 -0.067610)
     C   20  Q=         1.0000 1e-30 m^2  Cq=         1.7370 MHz  eta= 0.88781

     H   21    Vxx=   -0.0176    axis=( -0.337310 -0.759437 -0.556306)
     H   21    Vyy=   -0.5886    axis=( -0.487984 -0.364294  0.793197)
     H   21    Vzz=    0.6062    axis=( -0.805042  0.539022 -0.247713)
     H   21  Q=         1.0000 1e-30 m^2  Cq=         1.4244 MHz  eta= 0.94188

     C   22    Vxx=    0.1403    axis=(  0.414249  0.906169 -0.085183)
     C   22    Vyy=    0.1787    axis=( -0.849464  0.418531  0.321313)
     C   22    Vzz=   -0.3189    axis=(  0.326815 -0.060744  0.943134)
     C   22  Q=         1.0000 1e-30 m^2  Cq=        -0.7494 MHz  eta= 0.12053

     C   23    Vxx=   -0.0959    axis=(  0.502115 -0.389747 -0.771996)
     C   23    Vyy=   -0.7462    axis=( -0.864749 -0.216445 -0.453168)
     C   23    Vzz=    0.8420    axis=(  0.009526  0.895125 -0.445713)
     C   23  Q=         1.0000 1e-30 m^2  Cq=         1.9785 MHz  eta= 0.77225

     Cl  24    Vxx=    0.5907    axis=( -0.555862 -0.371296 -0.743745)
     Cl  24    Vyy=    2.5240    axis=(  0.573156  0.476843 -0.666419)
     Cl  24    Vzz=   -3.1147    axis=( -0.602088  0.796718  0.052248)
     Cl  24  Q=        -8.1650 1e-30 m^2  Cq=        59.7538 MHz  eta= 0.62070

     Initialization:
     gipaw_setup  :      9.36s CPU     11.13s WALL (       1 calls)

     Linear response

     Apply operators

     Induced current

     Other routines
     efg          :      9.36s CPU     12.06s WALL (       1 calls)

     General routines
     calbec       :      3.36s CPU      4.60s WALL (      16 calls)
     fft          :      1.77s CPU      2.84s WALL (      15 calls)
     ffts         :      0.04s CPU      0.05s WALL (       2 calls)
     fftw         :      3.27s CPU      4.00s WALL (     672 calls)
     davcio       :      0.04s CPU      0.31s WALL (      32 calls)

     Parallel routines
     fft_scatter  :      2.48s CPU      3.96s WALL (     689 calls)

     Plugins

     GIPAW        :     61.52s CPU     74.00s WALL (       1 calls)
