
     Program QE v.6.0 (svn rev. 13079) starts on 15Jan2017 at 16:31:18 

     This program is part of the open-source Quantum ESPRESSO suite
     for quantum simulation of materials; please cite
         "P. Giannozzi et al., J. Phys.:Condens. Matter 21 395502 (2009);
          URL http://www.quantum-espresso.org", 
     in publications or presentations arising from this work. More details at
     http://www.quantum-espresso.org/quote

     Parallel version (MPI), running on     8 processors
     R & G space division:  proc/nbgrp/npool/nimage =       8

     ***** This is GIPAW svn revision unknown      *****

     Parallelizing q-star over 1 images

     Reading data from directory:
     /users/majewski/paradichlorobenzene/pbe/9_constraint/scratch/pbe.ecut100.np8.dt60.pcl2phi-129368.save
     Message from routine read_xml_file:
     file /users/majewski/paradichlorobenzene/pbe/9_constraint/scratch/pbe.ecut100.np8.dt60.pcl2phi-129368.save not guaranteed to be safe for post-processing

   Info: using nr1, nr2, nr3 values from input

   Info: using nr1, nr2, nr3 values from input

     IMPORTANT: XC functional enforced from input :
     Exchange-correlation      =  SLA  PW   PBX  PBC ( 1  4  3  4 0 0)
     Any further DFT definition will be discarded
     Please, verify this is what you really want

               file C.pbe-n-kjpaw_psl.1.0.0.UPF: wavefunction(s)  2S 2P renormalized
               file Cl.pbe-n-kjpaw_psl.1.0.0.UPF: wavefunction(s)  3S 3P renormalized
               file H.pbe-kjpaw_psl.1.0.0.UPF: wavefunction(s)  1S renormalized

     Parallelization info
     --------------------
     sticks:   dense  smooth     PW     G-vecs:    dense   smooth      PW
     Min        3057    1223    332               144436    36536    5170
     Max        3059    1225    333               144437    36537    5171
     Sum       24467    9791   2657              1155489   292295   41363


     Subspace diagonalization in iterative solution of the eigenvalue problem:
     a serial algorithm will be used

     GIPAW projectors -----------------------------------------------
     atom=  C    l=0  rc=    1.2000  rs=    0.8000
     atom=  C    l=0  rc=    1.2000  rs=    0.8000
     atom=  C    l=1  rc=    1.4000  rs=    0.9333
     atom=  C    l=1  rc=    1.4000  rs=    0.9333
     projs nearly linearly dependent: l=1  n1,n2= 1, 2  s=  0.99951561

     atom=  Cl   l=0  rc=    1.6000  rs=    1.0667
     atom=  Cl   l=0  rc=    1.6000  rs=    1.0667
     atom=  Cl   l=1  rc=    1.6000  rs=    1.0667
     atom=  Cl   l=1  rc=    1.6000  rs=    1.0667
     atom=  Cl   l=2  rc=    1.6000  rs=    1.0667
     atom=  Cl   l=2  rc=    1.6000  rs=    1.0667
     projs nearly linearly dependent: l=2  n1,n2= 1, 2  s=  0.99993509

     atom=  H    l=0  rc=    1.0000  rs=    0.6667
     atom=  H    l=0  rc=    1.0000  rs=    0.6667
     projs nearly linearly dependent: l=0  n1,n2= 1, 2  s=  0.99968852
     -----------------------------------------------------------------

     GIPAW integrals: -------------------------------------------
     Atom  i/j   nmr_para   nmr_dia   epr_rmc  epr_para   epr_dia
       C   1 1   0.83E+03  0.17E-01  0.93E+01  0.24E+08  0.24E+03
       C   2 1   0.86E+03 -0.61E-01  0.94E+01  0.25E+08  0.25E+03
       C   2 2   0.90E+03 -0.15E+00  0.97E+01  0.26E+08  0.26E+03
       C   3 3   0.33E+01  0.34E+00  0.18E+01  0.55E+03  0.21E+02
       C   4 3   0.35E+01  0.37E+00  0.20E+01  0.59E+03  0.22E+02
       C   4 4   0.38E+01  0.39E+00  0.22E+01  0.63E+03  0.24E+02
       Cl  1 1   0.14E+04 -0.47E+00  0.84E+01  0.32E+09  0.42E+03
       Cl  2 1   0.21E+04 -0.37E+00  0.12E+02  0.49E+09  0.65E+03
       Cl  2 2   0.33E+04 -0.16E+00  0.21E+02  0.76E+09  0.10E+04
       Cl  3 3   0.21E+02  0.79E-01  0.89E+01  0.23E+05  0.13E+03
       Cl  4 3   0.24E+02  0.67E-01  0.99E+01  0.27E+05  0.15E+03
       Cl  4 4   0.28E+02  0.44E-01  0.11E+02  0.32E+05  0.18E+03
       Cl  5 5   0.77E+00  0.19E+00  0.18E+01  0.12E+03  0.22E+02
       Cl  6 5   0.80E+00  0.19E+00  0.19E+01  0.12E+03  0.23E+02
       Cl  6 6   0.83E+00  0.20E+00  0.19E+01  0.12E+03  0.23E+02
       H   1 1   0.39E+02  0.19E+00  0.29E+00  0.78E+05  0.13E+02
       H   2 1   0.41E+02  0.21E+00  0.32E+00  0.82E+05  0.14E+02
       H   2 2   0.43E+02  0.22E+00  0.36E+00  0.86E+05  0.15E+02
     ------------------------------------------------------------

     alpha_pv=     34.6542 eV

     Number of occupied bands for each k-point:
     k-point:     1    nbnd_occ=  42
     k-point:     2    nbnd_occ=  42
     k-point:     3    nbnd_occ=  42
     k-point:     4    nbnd_occ=  42
     k-point:     5    nbnd_occ=  42
     k-point:     6    nbnd_occ=  42
     k-point:     7    nbnd_occ=  42
     k-point:     8    nbnd_occ=  42
     k-point:     9    nbnd_occ=  42
     k-point:    10    nbnd_occ=  42
     k-point:    11    nbnd_occ=  42
     k-point:    12    nbnd_occ=  42
     k-point:    13    nbnd_occ=  42
     k-point:    14    nbnd_occ=  42
     k-point:    15    nbnd_occ=  42
     k-point:    16    nbnd_occ=  42


     q-space interpolation up to   110.00 Rydberg

     GIPAW job: efg                                                                             


     ELECTRIC FIELD GRADIENTS TENSORS IN Hartree/bohrradius^2:

     ----- bare term -----
     Cl   1       -0.043308        0.214340       -0.088790
     Cl   1        0.214340        0.105231        0.040917
     Cl   1       -0.088790        0.040917       -0.061923

     C    2       -0.115009       -0.126772       -0.199397
     C    2       -0.126772       -0.006132       -0.425202
     C    2       -0.199397       -0.425202        0.121142

     C    3       -0.173843        0.218053       -0.352526
     C    3        0.218053       -0.084243       -0.394714
     C    3       -0.352526       -0.394714        0.258086

     H    4       -0.727702       -0.149274        0.073614
     H    4       -0.149274        0.432400       -0.147702
     H    4        0.073614       -0.147702        0.295301

     C    5        0.082764        0.573663        0.018817
     C    5        0.573663       -0.401113       -0.381840
     C    5        0.018817       -0.381840        0.318349

     H    6        0.098958       -0.220702       -0.417488
     H    6       -0.220702       -0.040097       -0.455946
     H    6       -0.417488       -0.455946       -0.058861

     H    7        0.025942       -0.044015       -0.335966
     H    7       -0.044015       -0.218964        0.465474
     H    7       -0.335966        0.465474        0.193023

     C    8       -0.595761       -0.303562       -0.357790
     C    8       -0.303562        0.173455        0.078873
     C    8       -0.357790        0.078873        0.422306

     H    9       -0.592297        0.014186        0.142031
     H    9        0.014186        0.357414        0.275980
     H    9        0.142031        0.275980        0.234883

     C   10        0.081384        0.138326       -0.298489
     C   10        0.138326       -0.223998        0.569444
     C   10       -0.298489        0.569444        0.142614

     C   11       -0.663358       -0.417337       -0.389014
     C   11       -0.417337        0.367475        0.147606
     C   11       -0.389014        0.147606        0.295883

     Cl  12        0.035264       -0.060288       -0.032624
     Cl  12       -0.060288        0.030690       -0.000469
     Cl  12       -0.032624       -0.000469       -0.065954

     H   13        0.439128        0.101964       -0.207464
     H   13        0.101964        0.068751       -0.142958
     H   13       -0.207464       -0.142958       -0.507879

     C   14       -0.413831        0.312296        0.032925
     C   14        0.312296        0.136525        0.062224
     C   14        0.032925        0.062224        0.277307

     H   15       -0.286993        0.298223       -0.358000
     H   15        0.298223       -0.079986       -0.173389
     H   15       -0.358000       -0.173389        0.366978

     C   16        0.327197        0.054898       -0.220379
     C   16        0.054898       -0.366592       -0.600857
     C   16       -0.220379       -0.600857        0.039395

     C   17       -0.705662        0.390818       -0.370622
     C   17        0.390818        0.284391       -0.042002
     C   17       -0.370622       -0.042002        0.421271

     Cl  18        0.248134       -0.042983       -0.321954
     Cl  18       -0.042983        0.243858       -0.408880
     Cl  18       -0.321954       -0.408880       -0.491992

     H   19        0.418372        0.234719       -0.053735
     H   19        0.234719       -0.715710        0.387581
     H   19       -0.053735        0.387581        0.297338

     C   20       -0.147528       -0.120487       -0.220724
     C   20       -0.120487        0.039722        0.488337
     C   20       -0.220724        0.488337        0.107805

     H   21       -0.371354        0.375125       -0.417453
     H   21        0.375125        0.141278        0.211669
     H   21       -0.417453        0.211669        0.230076

     C   22       -0.504893       -0.355141       -0.309427
     C   22       -0.355141        0.055551        0.259096
     C   22       -0.309427        0.259096        0.449342

     C   23       -0.026071        0.322253       -0.418486
     C   23        0.322253       -0.071115        0.660192
     C   23       -0.418486        0.660192        0.097186

     Cl  24       -0.140853       -0.185501        0.044696
     Cl  24       -0.185501       -0.004685        0.059772
     Cl  24        0.044696        0.059772        0.145539

     ----- ionic term -----
     Cl   1        0.040886       -0.191248       -0.028595
     Cl   1       -0.191248        0.101873        0.041682
     Cl   1       -0.028595        0.041682       -0.142760

     C    2        0.182299       -0.182391        0.248690
     C    2       -0.182391        0.059194        0.408184
     C    2        0.248690        0.408184       -0.241493

     C    3        0.201140       -0.240998        0.126667
     C    3       -0.240998        0.048741        0.430326
     C    3        0.126667        0.430326       -0.249881

     H    4        0.812850        0.079970        0.605323
     H    4        0.079970       -0.561260        0.114419
     H    4        0.605323        0.114419       -0.251589

     C    5        0.358122       -0.217081        0.133203
     C    5       -0.217081       -0.079327        0.360129
     C    5        0.133203        0.360129       -0.278794

     H    6       -0.508914        0.138833        0.127329
     H    6        0.138833        0.287638        0.838471
     H    6        0.127329        0.838471        0.221275

     H    7       -0.476280       -0.223138        0.154933
     H    7       -0.223138        0.464567       -0.745880
     H    7        0.154933       -0.745880        0.011712

     C    8        0.302116        0.123058        0.272340
     C    8        0.123058        0.043537       -0.305763
     C    8        0.272340       -0.305763       -0.345653

     H    9        0.847485       -0.490574        0.306460
     H    9       -0.490574       -0.274908       -0.154806
     H    9        0.306460       -0.154806       -0.572577

     C   10        0.119892        0.097607        0.135648
     C   10        0.097607        0.335548       -0.392791
     C   10        0.135648       -0.392791       -0.455441

     C   11        0.176477        0.074785        0.330821
     C   11        0.074785        0.222586       -0.398939
     C   11        0.330821       -0.398939       -0.399064

     Cl  12        0.127182        0.205252        0.016310
     Cl  12        0.205252        0.028160        0.001619
     Cl  12        0.016310        0.001619       -0.155342

     H   13       -0.513523        0.159916        0.149079
     H   13        0.159916        0.455801        0.809699
     H   13        0.149079        0.809699        0.057722

     C   14        0.293483       -0.203526        0.170414
     C   14       -0.203526       -0.056035        0.349543
     C   14        0.170414        0.349543       -0.237448

     H   15        0.691951        0.353873        0.597274
     H   15        0.353873       -0.439767        0.243697
     H   15        0.597274        0.243697       -0.252185

     C   16        0.099496       -0.111459        0.119446
     C   16       -0.111459        0.055430        0.524677
     C   16        0.119446        0.524677       -0.154925

     C   17        0.235067       -0.149877        0.125459
     C   17       -0.149877       -0.037013        0.523918
     C   17        0.125459        0.523918       -0.198054

     Cl  18        0.087764       -0.218859       -0.095731
     Cl  18       -0.218859        0.012253        0.070495
     Cl  18       -0.095731        0.070495       -0.100017

     H   19       -0.518056       -0.123208        0.087550
     H   19       -0.123208        0.598285       -0.724618
     H   19        0.087550       -0.724618       -0.080229

     C   20        0.242124        0.131521        0.317668
     C   20        0.131521        0.102841       -0.275606
     C   20        0.317668       -0.275606       -0.344965

     H   21        0.713657       -0.318474        0.615651
     H   21       -0.318474       -0.411677       -0.223925
     H   21        0.615651       -0.223925       -0.301980

     C   22        0.106475        0.189088        0.226798
     C   22        0.189088        0.200029       -0.353917
     C   22        0.226798       -0.353917       -0.306504

     C   23        0.281095        0.181705        0.267523
     C   23        0.181705        0.076966       -0.383281
     C   23        0.267523       -0.383281       -0.358062

     Cl  24        0.138940        0.222396        0.001486
     Cl  24        0.222396        0.022718       -0.013264
     Cl  24        0.001486       -0.013264       -0.161659

     ----- GIPAW term -----
     Cl   1       -0.626170       -0.616739        0.782785
     Cl   1       -0.616739       -1.221024       -0.194374
     Cl   1        0.782785       -0.194374        1.847194

     C    2       -0.051118       -0.049201       -0.030180
     C    2       -0.049201        0.007111       -0.133452
     C    2       -0.030180       -0.133452        0.044007

     C    3        0.001214        0.135392       -0.191459
     C    3        0.135392       -0.004595       -0.140827
     C    3       -0.191459       -0.140827        0.003381

     H    4       -0.000000        0.000000        0.000000
     H    4        0.000000        0.000000        0.000000
     H    4        0.000000        0.000000        0.000000

     C    5        0.157624        0.255841        0.064273
     C    5        0.255841       -0.071311       -0.038267
     C    5        0.064273       -0.038267       -0.086313

     H    6       -0.000000        0.000000        0.000000
     H    6        0.000000        0.000000        0.000000
     H    6        0.000000        0.000000        0.000000

     H    7       -0.000000        0.000000        0.000000
     H    7        0.000000        0.000000        0.000000
     H    7        0.000000        0.000000        0.000000

     C    8       -0.058602        0.140675       -0.099100
     C    8        0.140675        0.120731       -0.099035
     C    8       -0.099100       -0.099035       -0.062129

     H    9       -0.000000        0.000000        0.000000
     H    9        0.000000        0.000000        0.000000
     H    9        0.000000        0.000000        0.000000

     C   10       -0.079646        0.147413       -0.077320
     C   10        0.147413        0.163828       -0.078370
     C   10       -0.077320       -0.078370       -0.084182

     C   11       -0.162955       -0.041249       -0.043709
     C   11       -0.041249        0.305013       -0.030008
     C   11       -0.043709       -0.030008       -0.142058

     Cl  12       -0.014417        0.616069       -0.193108
     Cl  12        0.616069        2.654623        0.274660
     Cl  12       -0.193108        0.274660       -2.640206

     H   13       -0.000000        0.000000        0.000000
     H   13        0.000000        0.000000        0.000000
     H   13        0.000000        0.000000        0.000000

     C   14       -0.030946       -0.035171        0.036429
     C   14       -0.035171        0.042794        0.010095
     C   14        0.036429        0.010095       -0.011848

     H   15       -0.000000        0.000000        0.000000
     H   15        0.000000        0.000000        0.000000
     H   15        0.000000        0.000000        0.000000

     C   16       -0.025750       -0.015137       -0.021787
     C   16       -0.015137        0.102599        0.042912
     C   16       -0.021787        0.042912       -0.076849

     C   17       -0.093063        0.098666        0.040119
     C   17        0.098666        0.112845        0.140969
     C   17        0.040119        0.140969       -0.019782

     Cl  18        0.214910       -0.437018       -0.235134
     Cl  18       -0.437018        0.174208        0.041429
     Cl  18       -0.235134        0.041429       -0.389118

     H   19       -0.000000        0.000000        0.000000
     H   19        0.000000        0.000000        0.000000
     H   19        0.000000        0.000000        0.000000

     C   20       -0.106976       -0.060693       -0.021442
     C   20       -0.060693        0.249279        0.118446
     C   20       -0.021442        0.118446       -0.142303

     H   21       -0.000000        0.000000        0.000000
     H   21        0.000000        0.000000        0.000000
     H   21        0.000000        0.000000        0.000000

     C   22       -0.168194       -0.031664       -0.080218
     C   22       -0.031664        0.114271       -0.035983
     C   22       -0.080218       -0.035983        0.053923

     C   23        0.069145        0.274459       -0.057239
     C   23        0.274459        0.070897        0.115365
     C   23       -0.057239        0.115365       -0.140042

     Cl  24        1.080319        2.096480        0.346795
     Cl  24        2.096480        0.187628        0.433585
     Cl  24        0.346795        0.433585       -1.267947

     ----- total EFG -----
     Cl   1       -0.628592       -0.593647        0.665400
     Cl   1       -0.593647       -1.013919       -0.111775
     Cl   1        0.665400       -0.111775        1.642511

     C    2        0.016172       -0.358364        0.019112
     C    2       -0.358364        0.060172       -0.150470
     C    2        0.019112       -0.150470       -0.076344

     C    3        0.028512        0.112447       -0.417318
     C    3        0.112447       -0.040097       -0.105215
     C    3       -0.417318       -0.105215        0.011586

     H    4        0.085148       -0.069305        0.678936
     H    4       -0.069305       -0.128860       -0.033283
     H    4        0.678936       -0.033283        0.043712

     C    5        0.598510        0.612424        0.216294
     C    5        0.612424       -0.551751       -0.059978
     C    5        0.216294       -0.059978       -0.046759

     H    6       -0.409956       -0.081868       -0.290159
     H    6       -0.081868        0.247542        0.382525
     H    6       -0.290159        0.382525        0.162414

     H    7       -0.450338       -0.267153       -0.181033
     H    7       -0.267153        0.245603       -0.280406
     H    7       -0.181033       -0.280406        0.204735

     C    8       -0.352248       -0.039829       -0.184550
     C    8       -0.039829        0.337723       -0.325925
     C    8       -0.184550       -0.325925        0.014524

     H    9        0.255188       -0.476388        0.448491
     H    9       -0.476388        0.082505        0.121174
     H    9        0.448491        0.121174       -0.337694

     C   10        0.121630        0.383345       -0.240161
     C   10        0.383345        0.275379        0.098282
     C   10       -0.240161        0.098282       -0.397009

     C   11       -0.649836       -0.383801       -0.101902
     C   11       -0.383801        0.895074       -0.281341
     C   11       -0.101902       -0.281341       -0.245238

     Cl  12        0.148029        0.761034       -0.209422
     Cl  12        0.761034        2.713473        0.275810
     Cl  12       -0.209422        0.275810       -2.861502

     H   13       -0.074395        0.261880       -0.058385
     H   13        0.261880        0.524552        0.666740
     H   13       -0.058385        0.666740       -0.450157

     C   14       -0.151294        0.073599        0.239768
     C   14        0.073599        0.123284        0.421862
     C   14        0.239768        0.421862        0.028011

     H   15        0.404959        0.652096        0.239275
     H   15        0.652096       -0.519753        0.070308
     H   15        0.239275        0.070308        0.114794

     C   16        0.400942       -0.071697       -0.122720
     C   16       -0.071697       -0.208564       -0.033268
     C   16       -0.122720       -0.033268       -0.192379

     C   17       -0.563658        0.339607       -0.205044
     C   17        0.339607        0.360223        0.622885
     C   17       -0.205044        0.622885        0.203435

     Cl  18        0.550808       -0.698860       -0.652819
     Cl  18       -0.698860        0.430319       -0.296957
     Cl  18       -0.652819       -0.296957       -0.981127

     H   19       -0.099685        0.111511        0.033814
     H   19        0.111511       -0.117425       -0.337037
     H   19        0.033814       -0.337037        0.217109

     C   20       -0.012380       -0.049659        0.075502
     C   20       -0.049659        0.391843        0.331177
     C   20        0.075502        0.331177       -0.379463

     H   21        0.342303        0.056650        0.198198
     H   21        0.056650       -0.270399       -0.012256
     H   21        0.198198       -0.012256       -0.071904

     C   22       -0.566612       -0.197717       -0.162847
     C   22       -0.197717        0.369851       -0.130804
     C   22       -0.162847       -0.130804        0.196761

     C   23        0.324169        0.778417       -0.208202
     C   23        0.778417        0.076748        0.392276
     C   23       -0.208202        0.392276       -0.400917

     Cl  24        1.078406        2.133375        0.392977
     Cl  24        2.133375        0.205662        0.480093
     Cl  24        0.392977        0.480093       -1.284067

     ----- total EFG (symmetrized) -----
     Cl   1       -0.628592       -0.593647        0.665400
     Cl   1       -0.593647       -1.013919       -0.111775
     Cl   1        0.665400       -0.111775        1.642511

     C    2        0.016172       -0.358364        0.019112
     C    2       -0.358364        0.060172       -0.150470
     C    2        0.019112       -0.150470       -0.076344

     C    3        0.028512        0.112447       -0.417318
     C    3        0.112447       -0.040097       -0.105215
     C    3       -0.417318       -0.105215        0.011586

     H    4        0.085148       -0.069305        0.678936
     H    4       -0.069305       -0.128860       -0.033283
     H    4        0.678936       -0.033283        0.043712

     C    5        0.598510        0.612424        0.216294
     C    5        0.612424       -0.551751       -0.059978
     C    5        0.216294       -0.059978       -0.046759

     H    6       -0.409956       -0.081868       -0.290159
     H    6       -0.081868        0.247542        0.382525
     H    6       -0.290159        0.382525        0.162414

     H    7       -0.450338       -0.267153       -0.181033
     H    7       -0.267153        0.245603       -0.280406
     H    7       -0.181033       -0.280406        0.204735

     C    8       -0.352248       -0.039829       -0.184550
     C    8       -0.039829        0.337723       -0.325925
     C    8       -0.184550       -0.325925        0.014524

     H    9        0.255188       -0.476388        0.448491
     H    9       -0.476388        0.082505        0.121174
     H    9        0.448491        0.121174       -0.337694

     C   10        0.121630        0.383345       -0.240161
     C   10        0.383345        0.275379        0.098282
     C   10       -0.240161        0.098282       -0.397009

     C   11       -0.649836       -0.383801       -0.101902
     C   11       -0.383801        0.895074       -0.281341
     C   11       -0.101902       -0.281341       -0.245238

     Cl  12        0.148029        0.761034       -0.209422
     Cl  12        0.761034        2.713473        0.275810
     Cl  12       -0.209422        0.275810       -2.861502

     H   13       -0.074395        0.261880       -0.058385
     H   13        0.261880        0.524552        0.666740
     H   13       -0.058385        0.666740       -0.450157

     C   14       -0.151294        0.073599        0.239768
     C   14        0.073599        0.123284        0.421862
     C   14        0.239768        0.421862        0.028011

     H   15        0.404959        0.652096        0.239275
     H   15        0.652096       -0.519753        0.070308
     H   15        0.239275        0.070308        0.114794

     C   16        0.400942       -0.071697       -0.122720
     C   16       -0.071697       -0.208564       -0.033268
     C   16       -0.122720       -0.033268       -0.192379

     C   17       -0.563658        0.339607       -0.205044
     C   17        0.339607        0.360223        0.622885
     C   17       -0.205044        0.622885        0.203435

     Cl  18        0.550808       -0.698860       -0.652819
     Cl  18       -0.698860        0.430319       -0.296957
     Cl  18       -0.652819       -0.296957       -0.981127

     H   19       -0.099685        0.111511        0.033814
     H   19        0.111511       -0.117425       -0.337037
     H   19        0.033814       -0.337037        0.217109

     C   20       -0.012380       -0.049659        0.075502
     C   20       -0.049659        0.391843        0.331177
     C   20        0.075502        0.331177       -0.379463

     H   21        0.342303        0.056650        0.198198
     H   21        0.056650       -0.270399       -0.012256
     H   21        0.198198       -0.012256       -0.071904

     C   22       -0.566612       -0.197717       -0.162847
     C   22       -0.197717        0.369851       -0.130804
     C   22       -0.162847       -0.130804        0.196761

     C   23        0.324169        0.778417       -0.208202
     C   23        0.778417        0.076748        0.392276
     C   23       -0.208202        0.392276       -0.400917

     Cl  24        1.078406        2.133375        0.392977
     Cl  24        2.133375        0.205662        0.480093
     Cl  24        0.392977        0.480093       -1.284067


     NQR/NMR SPECTROSCOPIC PARAMETERS:
     Cl   1    Vxx=   -0.3710    axis=( -0.729613  0.625757  0.275848)
     Cl   1    Vyy=   -1.4773    axis=(  0.624135  0.774177 -0.105380)
     Cl   1    Vzz=    1.8483    axis=(  0.279498 -0.095280  0.955407)
     Cl   1  Q=        -8.1650 1e-30 m^2  Cq=       -35.4590 MHz  eta= 0.59853

     C    2    Vxx=   -0.0757    axis=( -0.404209 -0.054982  0.913013)
     C    2    Vyy=   -0.3520    axis=(  0.649870  0.685162  0.328971)
     C    2    Vzz=    0.4277    axis=(  0.643649 -0.726313  0.241217)
     C    2  Q=         1.0000 1e-30 m^2  Cq=         1.0050 MHz  eta= 0.64583

     C    3    Vxx=   -0.0854    axis=(  0.194089 -0.959220 -0.205489)
     C    3    Vyy=   -0.3974    axis=(  0.701282 -0.010802  0.712802)
     C    3    Vzz=    0.4828    axis=(  0.685954  0.282453 -0.670587)
     C    3  Q=         1.0000 1e-30 m^2  Cq=         1.1343 MHz  eta= 0.64626

     H    4    Vxx=   -0.1337    axis=( -0.024291 -0.995298 -0.093769)
     H    4    Vyy=   -0.6161    axis=( -0.697292 -0.050345  0.715017)
     H    4    Vzz=    0.7497    axis=(  0.716375 -0.082753  0.692790)
     H    4  Q=         1.0000 1e-30 m^2  Cq=         1.7616 MHz  eta= 0.64338

     C    5    Vxx=   -0.0540    axis=( -0.097966 -0.236992  0.966560)
     C    5    Vyy=   -0.8423    axis=( -0.407464  0.895645  0.178306)
     C    5    Vzz=    0.8963    axis=( -0.907951 -0.376370 -0.184308)
     C    5  Q=         1.0000 1e-30 m^2  Cq=         2.1059 MHz  eta= 0.87956

     H    6    Vxx=   -0.1128    axis=( -0.379772 -0.712544  0.589961)
     H    6    Vyy=   -0.5399    axis=( -0.893581  0.117559 -0.433234)
     H    6    Vzz=    0.6527    axis=(  0.239343 -0.691709 -0.681362)
     H    6  Q=         1.0000 1e-30 m^2  Cq=         1.5335 MHz  eta= 0.65432

     H    7    Vxx=    0.1149    axis=( -0.475663  0.531535  0.700867)
     H    7    Vyy=    0.5130    axis=(  0.091186 -0.762688  0.640306)
     H    7    Vzz=   -0.6279    axis=( -0.874888 -0.368479 -0.314314)
     H    7  Q=         1.0000 1e-30 m^2  Cq=        -1.4753 MHz  eta= 0.63389

     C    8    Vxx=   -0.0759    axis=(  0.531377 -0.492158 -0.689506)
     C    8    Vyy=   -0.4687    axis=(  0.843889  0.236337  0.481661)
     C    8    Vzz=    0.5446    axis=(  0.074098  0.837810 -0.540911)
     C    8  Q=         1.0000 1e-30 m^2  Cq=         1.2797 MHz  eta= 0.72131

     H    9    Vxx=    0.0048    axis=( -0.277617 -0.731826 -0.622382)
     H    9    Vyy=    0.7295    axis=( -0.798159  0.536258 -0.274534)
     H    9    Vzz=   -0.7344    axis=( -0.534668 -0.420545  0.732988)
     H    9  Q=         1.0000 1e-30 m^2  Cq=        -1.7255 MHz  eta= 0.98682

     C   10    Vxx=   -0.0293    axis=( -0.601959  0.580513  0.548316)
     C   10    Vyy=   -0.5665    axis=(  0.461611 -0.307328  0.832145)
     C   10    Vzz=    0.5958    axis=( -0.651583 -0.754026  0.082972)
     C   10  Q=         1.0000 1e-30 m^2  Cq=         1.4000 MHz  eta= 0.90166

     C   11    Vxx=   -0.2426    axis=( -0.342008  0.115246  0.932603)
     C   11    Vyy=   -0.7922    axis=(  0.916680  0.259230  0.304135)
     C   11    Vzz=    1.0348    axis=(  0.206709 -0.958915  0.194303)
     C   11  Q=         1.0000 1e-30 m^2  Cq=         2.4314 MHz  eta= 0.53106

     Cl  12    Vxx=   -0.0341    axis=( -0.961684  0.256702  0.096273)
     Cl  12    Vyy=   -2.8958    axis=(  0.083498 -0.060238  0.994686)
     Cl  12    Vzz=    2.9299    axis=(  0.261137  0.964612  0.036495)
     Cl  12  Q=        -8.1650 1e-30 m^2  Cq=       -56.2093 MHz  eta= 0.97669

     H   13    Vxx=   -0.0789    axis=(  0.950825 -0.082906 -0.298425)
     H   13    Vyy=   -0.8286    axis=( -0.227833  0.465488 -0.855227)
     H   13    Vzz=    0.9075    axis=(  0.209817  0.881163  0.423709)
     H   13  Q=         1.0000 1e-30 m^2  Cq=         2.1323 MHz  eta= 0.82611

     C   14    Vxx=   -0.1418    axis=(  0.815342 -0.543603  0.199284)
     C   14    Vyy=   -0.4243    axis=( -0.499204 -0.485690  0.717566)
     C   14    Vzz=    0.5661    axis=(  0.293280  0.684545  0.667372)
     C   14  Q=         1.0000 1e-30 m^2  Cq=         1.3301 MHz  eta= 0.49916

     H   15    Vxx=    0.0328    axis=( -0.266450 -0.194332  0.944055)
     H   15    Vyy=    0.8264    axis=(  0.844043  0.425893  0.325893)
     H   15    Vzz=   -0.8592    axis=( -0.465398  0.883657  0.050545)
     H   15  Q=         1.0000 1e-30 m^2  Cq=        -2.0187 MHz  eta= 0.92368

     C   16    Vxx=   -0.1695    axis=(  0.061640 -0.710116  0.701381)
     C   16    Vyy=   -0.2622    axis=( -0.202638 -0.696986 -0.687858)
     C   16    Vzz=    0.4317    axis=( -0.977312  0.099727  0.186858)
     C   16  Q=         1.0000 1e-30 m^2  Cq=         1.0144 MHz  eta= 0.21486

     C   17    Vxx=   -0.0662    axis=( -0.592865 -0.476299  0.649346)
     C   17    Vyy=   -0.8537    axis=( -0.800641  0.435250 -0.411742)
     C   17    Vzz=    0.9200    axis=( -0.086516 -0.764000 -0.639389)
     C   17  Q=         1.0000 1e-30 m^2  Cq=         2.1616 MHz  eta= 0.85598

     Cl  18    Vxx=    0.1502    axis=(  0.493877  0.727691 -0.475975)
     Cl  18    Vyy=    1.2331    axis=(  0.772182 -0.618710 -0.144686)
     Cl  18    Vzz=   -1.3833    axis=(  0.399776  0.296082  0.867476)
     Cl  18  Q=        -8.1650 1e-30 m^2  Cq=        26.5386 MHz  eta= 0.78278

     H   19    Vxx=   -0.0549    axis=(  0.922211  0.294628  0.250441)
     H   19    Vyy=   -0.3730    axis=( -0.382207  0.792817  0.474720)
     H   19    Vzz=    0.4279    axis=( -0.058689 -0.533512  0.843754)
     H   19  Q=         1.0000 1e-30 m^2  Cq=         1.0053 MHz  eta= 0.74349

     C   20    Vxx=    0.0022    axis=(  0.984347 -0.023056  0.174726)
     C   20    Vyy=    0.5153    axis=( -0.039076  0.938178  0.343941)
     C   20    Vzz=   -0.5175    axis=( -0.171854 -0.345384  0.922592)
     C   20  Q=         1.0000 1e-30 m^2  Cq=        -1.2159 MHz  eta= 0.99155

     H   21    Vxx=   -0.1434    axis=( -0.342548 -0.240469  0.908204)
     H   21    Vyy=   -0.2818    axis=(  0.151193 -0.968199 -0.199329)
     H   21    Vzz=    0.4252    axis=(  0.927255  0.069034  0.368012)
     H   21  Q=         1.0000 1e-30 m^2  Cq=         0.9990 MHz  eta= 0.32540

     C   22    Vxx=    0.1965    axis=(  0.281706 -0.352231 -0.892510)
     C   22    Vyy=    0.4513    axis=(  0.113738 -0.911365  0.395572)
     C   22    Vzz=   -0.6478    axis=(  0.952736  0.212947  0.216675)
     C   22  Q=         1.0000 1e-30 m^2  Cq=        -1.5222 MHz  eta= 0.39325

     C   23    Vxx=   -0.0562    axis=( -0.463516  0.433235  0.772955)
     C   23    Vyy=   -0.9397    axis=( -0.479854  0.610611 -0.629995)
     C   23    Vzz=    0.9959    axis=( -0.744911 -0.662919 -0.075139)
     C   23  Q=         1.0000 1e-30 m^2  Cq=         2.3400 MHz  eta= 0.88714

     Cl  24    Vxx=   -1.3070    axis=( -0.397622  0.283863  0.872536)
     Cl  24    Vyy=   -1.6009    axis=( -0.507896  0.723877 -0.466952)
     Cl  24    Vzz=    2.9078    axis=( -0.764159 -0.628828 -0.143656)
     Cl  24  Q=        -8.1650 1e-30 m^2  Cq=       -55.7855 MHz  eta= 0.10108

     Initialization:
     gipaw_setup  :      9.40s CPU     11.28s WALL (       1 calls)

     Linear response

     Apply operators

     Induced current

     Other routines
     efg          :      9.34s CPU     12.28s WALL (       1 calls)

     General routines
     calbec       :      3.47s CPU      4.97s WALL (      16 calls)
     fft          :      1.41s CPU      1.85s WALL (      15 calls)
     ffts         :      0.02s CPU      0.04s WALL (       2 calls)
     fftw         :      3.20s CPU      4.07s WALL (     672 calls)
     davcio       :      0.04s CPU      0.31s WALL (      32 calls)

     Parallel routines
     fft_scatter  :      2.03s CPU      3.23s WALL (     689 calls)

     Plugins

     GIPAW        :     61.32s CPU     73.02s WALL (       1 calls)
