
     Program QE v.6.0 (svn rev. 13079) starts on 15Jan2017 at  5:37:20 

     This program is part of the open-source Quantum ESPRESSO suite
     for quantum simulation of materials; please cite
         "P. Giannozzi et al., J. Phys.:Condens. Matter 21 395502 (2009);
          URL http://www.quantum-espresso.org", 
     in publications or presentations arising from this work. More details at
     http://www.quantum-espresso.org/quote

     Parallel version (MPI), running on     8 processors
     R & G space division:  proc/nbgrp/npool/nimage =       8

     ***** This is GIPAW svn revision unknown      *****

     Parallelizing q-star over 1 images

     Reading data from directory:
     /users/majewski/paradichlorobenzene/pbe/9_constraint/scratch/pbe.ecut100.np8.dt60.pcl2phi-129368.save
     Message from routine read_xml_file:
     file /users/majewski/paradichlorobenzene/pbe/9_constraint/scratch/pbe.ecut100.np8.dt60.pcl2phi-129368.save not guaranteed to be safe for post-processing

   Info: using nr1, nr2, nr3 values from input

   Info: using nr1, nr2, nr3 values from input

     IMPORTANT: XC functional enforced from input :
     Exchange-correlation      =  SLA  PW   PBX  PBC ( 1  4  3  4 0 0)
     Any further DFT definition will be discarded
     Please, verify this is what you really want

               file C.pbe-n-kjpaw_psl.1.0.0.UPF: wavefunction(s)  2S 2P renormalized
               file Cl.pbe-n-kjpaw_psl.1.0.0.UPF: wavefunction(s)  3S 3P renormalized
               file H.pbe-kjpaw_psl.1.0.0.UPF: wavefunction(s)  1S renormalized

     Parallelization info
     --------------------
     sticks:   dense  smooth     PW     G-vecs:    dense   smooth      PW
     Min        3057    1223    332               144436    36536    5170
     Max        3059    1225    333               144437    36537    5171
     Sum       24467    9791   2657              1155489   292295   41363


     Subspace diagonalization in iterative solution of the eigenvalue problem:
     a serial algorithm will be used

     GIPAW projectors -----------------------------------------------
     atom=  C    l=0  rc=    1.2000  rs=    0.8000
     atom=  C    l=0  rc=    1.2000  rs=    0.8000
     atom=  C    l=1  rc=    1.4000  rs=    0.9333
     atom=  C    l=1  rc=    1.4000  rs=    0.9333
     projs nearly linearly dependent: l=1  n1,n2= 1, 2  s=  0.99951561

     atom=  Cl   l=0  rc=    1.6000  rs=    1.0667
     atom=  Cl   l=0  rc=    1.6000  rs=    1.0667
     atom=  Cl   l=1  rc=    1.6000  rs=    1.0667
     atom=  Cl   l=1  rc=    1.6000  rs=    1.0667
     atom=  Cl   l=2  rc=    1.6000  rs=    1.0667
     atom=  Cl   l=2  rc=    1.6000  rs=    1.0667
     projs nearly linearly dependent: l=2  n1,n2= 1, 2  s=  0.99993509

     atom=  H    l=0  rc=    1.0000  rs=    0.6667
     atom=  H    l=0  rc=    1.0000  rs=    0.6667
     projs nearly linearly dependent: l=0  n1,n2= 1, 2  s=  0.99968852
     -----------------------------------------------------------------

     GIPAW integrals: -------------------------------------------
     Atom  i/j   nmr_para   nmr_dia   epr_rmc  epr_para   epr_dia
       C   1 1   0.83E+03  0.17E-01  0.93E+01  0.24E+08  0.24E+03
       C   2 1   0.86E+03 -0.61E-01  0.94E+01  0.25E+08  0.25E+03
       C   2 2   0.90E+03 -0.15E+00  0.97E+01  0.26E+08  0.26E+03
       C   3 3   0.33E+01  0.34E+00  0.18E+01  0.55E+03  0.21E+02
       C   4 3   0.35E+01  0.37E+00  0.20E+01  0.59E+03  0.22E+02
       C   4 4   0.38E+01  0.39E+00  0.22E+01  0.63E+03  0.24E+02
       Cl  1 1   0.14E+04 -0.47E+00  0.84E+01  0.32E+09  0.42E+03
       Cl  2 1   0.21E+04 -0.37E+00  0.12E+02  0.49E+09  0.65E+03
       Cl  2 2   0.33E+04 -0.16E+00  0.21E+02  0.76E+09  0.10E+04
       Cl  3 3   0.21E+02  0.79E-01  0.89E+01  0.23E+05  0.13E+03
       Cl  4 3   0.24E+02  0.67E-01  0.99E+01  0.27E+05  0.15E+03
       Cl  4 4   0.28E+02  0.44E-01  0.11E+02  0.32E+05  0.18E+03
       Cl  5 5   0.77E+00  0.19E+00  0.18E+01  0.12E+03  0.22E+02
       Cl  6 5   0.80E+00  0.19E+00  0.19E+01  0.12E+03  0.23E+02
       Cl  6 6   0.83E+00  0.20E+00  0.19E+01  0.12E+03  0.23E+02
       H   1 1   0.39E+02  0.19E+00  0.29E+00  0.78E+05  0.13E+02
       H   2 1   0.41E+02  0.21E+00  0.32E+00  0.82E+05  0.14E+02
       H   2 2   0.43E+02  0.22E+00  0.36E+00  0.86E+05  0.15E+02
     ------------------------------------------------------------

     alpha_pv=     33.6546 eV

     Number of occupied bands for each k-point:
     k-point:     1    nbnd_occ=  42
     k-point:     2    nbnd_occ=  42
     k-point:     3    nbnd_occ=  42
     k-point:     4    nbnd_occ=  42
     k-point:     5    nbnd_occ=  42
     k-point:     6    nbnd_occ=  42
     k-point:     7    nbnd_occ=  42
     k-point:     8    nbnd_occ=  42
     k-point:     9    nbnd_occ=  42
     k-point:    10    nbnd_occ=  42
     k-point:    11    nbnd_occ=  42
     k-point:    12    nbnd_occ=  42
     k-point:    13    nbnd_occ=  42
     k-point:    14    nbnd_occ=  42
     k-point:    15    nbnd_occ=  42
     k-point:    16    nbnd_occ=  42


     q-space interpolation up to   110.00 Rydberg

     GIPAW job: efg                                                                             


     ELECTRIC FIELD GRADIENTS TENSORS IN Hartree/bohrradius^2:

     ----- bare term -----
     Cl   1       -0.122301        0.099276        0.046114
     Cl   1        0.099276       -0.067685        0.031221
     Cl   1        0.046114        0.031221        0.189987

     C    2       -0.320173       -0.188101       -0.283078
     C    2       -0.188101       -0.077246       -0.584538
     C    2       -0.283078       -0.584538        0.397418

     C    3       -0.050134        0.054676       -0.369128
     C    3        0.054676       -0.289686       -0.532310
     C    3       -0.369128       -0.532310        0.339820

     H    4       -0.687625       -0.117991       -0.107588
     H    4       -0.117991        0.405876       -0.190162
     H    4       -0.107588       -0.190162        0.281749

     C    5        0.011768        0.538934        0.035293
     C    5        0.538934       -0.422482       -0.381074
     C    5        0.035293       -0.381074        0.410713

     H    6       -0.092789       -0.287335       -0.355636
     H    6       -0.287335       -0.077431       -0.403367
     H    6       -0.355636       -0.403367        0.170219

     H    7        0.408717       -0.065895       -0.319557
     H    7       -0.065895       -0.122109        0.307345
     H    7       -0.319557        0.307345       -0.286608

     C    8       -0.514953       -0.315844       -0.271341
     C    8       -0.315844        0.094582        0.249611
     C    8       -0.271341        0.249611        0.420371

     H    9       -0.381845       -0.089143       -0.503802
     H    9       -0.089143        0.161943        0.074385
     H    9       -0.503802        0.074385        0.219902

     C   10        0.005993        0.077234       -0.281005
     C   10        0.077234       -0.097241        0.604114
     C   10       -0.281005        0.604114        0.091247

     C   11       -0.582385       -0.316276       -0.395709
     C   11       -0.316276        0.284666        0.183028
     C   11       -0.395709        0.183028        0.297719

     Cl  12       -0.010843       -0.074059       -0.016589
     Cl  12       -0.074059        0.134119       -0.018471
     Cl  12       -0.016589       -0.018471       -0.123277

     H   13        0.223505        0.083550       -0.427403
     H   13        0.083550        0.012526       -0.280736
     H   13       -0.427403       -0.280736       -0.236031

     C   14       -0.455986        0.355290        0.034343
     C   14        0.355290        0.121842       -0.309041
     C   14        0.034343       -0.309041        0.334144

     H   15       -0.306883        0.243562       -0.428299
     H   15        0.243562       -0.027013       -0.115540
     H   15       -0.428299       -0.115540        0.333896

     C   16        0.076602       -0.007079       -0.229891
     C   16       -0.007079       -0.111398       -0.597565
     C   16       -0.229891       -0.597565        0.034796

     C   17       -0.654828        0.330534       -0.342882
     C   17        0.330534        0.287627       -0.044103
     C   17       -0.342882       -0.044103        0.367201

     Cl  18        0.049801       -0.037393       -0.069026
     Cl  18       -0.037393       -0.074055       -0.143430
     Cl  18       -0.069026       -0.143430        0.024254

     H   19        0.445115        0.042152       -0.019120
     H   19        0.042152       -0.333103        0.629274
     H   19       -0.019120        0.629274       -0.112012

     C   20       -0.186471       -0.117474       -0.275693
     C   20       -0.117474       -0.129708        0.389293
     C   20       -0.275693        0.389293        0.316178

     H   21       -0.137733        0.167270       -0.551346
     H   21        0.167270        0.408366        0.203130
     H   21       -0.551346        0.203130       -0.270633

     C   22       -0.434061       -0.271856       -0.305752
     C   22       -0.271856       -0.084171        0.329324
     C   22       -0.305752        0.329324        0.518232

     C   23       -0.037037        0.161223       -0.415471
     C   23        0.161223       -0.159964        0.562922
     C   23       -0.415471        0.562922        0.197001

     Cl  24       -0.014624       -0.164422        0.025434
     Cl  24       -0.164422       -0.072308        0.017534
     Cl  24        0.025434        0.017534        0.086932

     ----- ionic term -----
     Cl   1        0.070874       -0.180216       -0.030907
     Cl   1       -0.180216        0.050831        0.034499
     Cl   1       -0.030907        0.034499       -0.121705

     C    2        0.169887       -0.154609        0.244504
     C    2       -0.154609        0.053121        0.426287
     C    2        0.244504        0.426287       -0.223008

     C    3        0.106896       -0.160042        0.163575
     C    3       -0.160042        0.137361        0.460355
     C    3        0.163575        0.460355       -0.244257

     H    4        0.769420        0.288913        0.564542
     H    4        0.288913       -0.466875        0.202049
     H    4        0.564542        0.202049       -0.302545

     C    5        0.288565       -0.132461        0.263405
     C    5       -0.132461        0.011666        0.323322
     C    5        0.263405        0.323322       -0.300231

     H    6       -0.427514        0.330229        0.240497
     H    6        0.330229        0.485270        0.735917
     H    6        0.240497        0.735917       -0.057757

     H    7       -0.513778       -0.098425        0.099899
     H    7       -0.098425        0.290846       -0.797205
     H    7        0.099899       -0.797205        0.222933

     C    8        0.223439        0.184366        0.264911
     C    8        0.184366        0.007036       -0.308036
     C    8        0.264911       -0.308036       -0.230475

     H    9        0.556891       -0.314669        0.682197
     H    9       -0.314669       -0.396797       -0.261912
     H    9        0.682197       -0.261912       -0.160094

     C   10        0.063869        0.172177        0.216791
     C   10        0.172177        0.224300       -0.422628
     C   10        0.216791       -0.422628       -0.288169

     C   11        0.141511        0.118520        0.352898
     C   11        0.118520        0.125872       -0.417904
     C   11        0.352898       -0.417904       -0.267383

     Cl  12        0.111230        0.201324        0.018159
     Cl  12        0.201324        0.031367        0.000382
     Cl  12        0.018159        0.000382       -0.142597

     H   13       -0.496648        0.210466        0.176286
     H   13        0.210466        0.424762        0.800673
     H   13        0.176286        0.800673        0.071886

     C   14        0.262245       -0.242553        0.189363
     C   14       -0.242553        0.022186        0.349295
     C   14        0.189363        0.349295       -0.284431

     H   15        0.663663        0.244609        0.668737
     H   15        0.244609       -0.464949        0.214356
     H   15        0.668737        0.214356       -0.198714

     C   16        0.108012       -0.225571        0.147537
     C   16       -0.225571        0.151163        0.477252
     C   16        0.147537        0.477252       -0.259175

     C   17        0.202464       -0.158137        0.263322
     C   17       -0.158137        0.055994        0.427487
     C   17        0.263322        0.427487       -0.258458

     Cl  18        0.078521       -0.210852       -0.026248
     Cl  18       -0.210852        0.052917        0.031349
     Cl  18       -0.026248        0.031349       -0.131437

     H   19       -0.526738       -0.064161        0.063347
     H   19       -0.064161        0.523854       -0.766712
     H   19        0.063347       -0.766712        0.002884

     C   20        0.227117        0.150332        0.329385
     C   20        0.150332        0.024142       -0.301906
     C   20        0.329385       -0.301906       -0.251259

     H   21        0.530587       -0.249078        0.730487
     H   21       -0.249078       -0.457288       -0.233733
     H   21        0.730487       -0.233733       -0.073299

     C   22        0.072992        0.188884        0.237330
     C   22        0.188884        0.147437       -0.385667
     C   22        0.237330       -0.385667       -0.220430

     C   23        0.165022        0.199985        0.258605
     C   23        0.199985        0.100887       -0.412413
     C   23        0.258605       -0.412413       -0.265909

     Cl  24        0.117409        0.213163       -0.002944
     Cl  24        0.213163        0.031343       -0.017996
     Cl  24       -0.002944       -0.017996       -0.148752

     ----- GIPAW term -----
     Cl   1       -0.565026       -1.146371        0.945800
     Cl   1       -1.146371       -1.471671        0.608815
     Cl   1        0.945800        0.608815        2.036697

     C    2       -0.062502       -0.171866        0.034833
     C    2       -0.171866       -0.073091       -0.169797
     C    2        0.034833       -0.169797        0.135593

     C    3        0.022029       -0.061010       -0.148623
     C    3       -0.061010       -0.061663       -0.056537
     C    3       -0.148623       -0.056537        0.039634

     H    4       -0.000000        0.000000        0.000000
     H    4        0.000000        0.000000        0.000000
     H    4        0.000000        0.000000        0.000000

     C    5        0.122151        0.202858        0.142382
     C    5        0.202858       -0.143217       -0.010588
     C    5        0.142382       -0.010588        0.021066

     H    6       -0.000000        0.000000        0.000000
     H    6        0.000000        0.000000        0.000000
     H    6        0.000000        0.000000        0.000000

     H    7       -0.000000        0.000000        0.000000
     H    7        0.000000        0.000000        0.000000
     H    7        0.000000        0.000000        0.000000

     C    8       -0.062815        0.067761       -0.029780
     C    8        0.067761        0.087636        0.019148
     C    8       -0.029780        0.019148       -0.024821

     H    9       -0.000000        0.000000        0.000000
     H    9        0.000000        0.000000        0.000000
     H    9        0.000000        0.000000        0.000000

     C   10       -0.094257        0.141758       -0.060693
     C   10        0.141758        0.222447        0.022939
     C   10       -0.060693        0.022939       -0.128190

     C   11       -0.123312       -0.017759       -0.041406
     C   11       -0.017759        0.235139       -0.071909
     C   11       -0.041406       -0.071909       -0.111827

     Cl  12        0.206467        0.704069       -0.068334
     Cl  12        0.704069        2.556586       -0.157319
     Cl  12       -0.068334       -0.157319       -2.763053

     H   13       -0.000000        0.000000        0.000000
     H   13        0.000000        0.000000        0.000000
     H   13        0.000000        0.000000        0.000000

     C   14       -0.056433       -0.121480        0.110921
     C   14       -0.121480        0.105923       -0.126631
     C   14        0.110921       -0.126631       -0.049491

     H   15       -0.000000        0.000000        0.000000
     H   15        0.000000        0.000000        0.000000
     H   15        0.000000        0.000000        0.000000

     C   16       -0.109001       -0.078771       -0.034936
     C   16       -0.078771        0.254190        0.017183
     C   16       -0.034936        0.017183       -0.145189

     C   17       -0.103199        0.099426        0.058807
     C   17        0.099426        0.133867        0.181799
     C   17        0.058807        0.181799       -0.030668

     Cl  18        0.021528       -0.061647        0.858912
     Cl  18       -0.061647        0.553058        1.548657
     Cl  18        0.858912        1.548657       -0.574585

     H   19       -0.000000        0.000000        0.000000
     H   19        0.000000        0.000000        0.000000
     H   19        0.000000        0.000000        0.000000

     C   20       -0.079262       -0.001530       -0.041129
     C   20       -0.001530        0.061331       -0.022074
     C   20       -0.041129       -0.022074        0.017931

     H   21       -0.000000        0.000000        0.000000
     H   21        0.000000        0.000000        0.000000
     H   21        0.000000        0.000000        0.000000

     C   22       -0.160932       -0.031736       -0.054629
     C   22       -0.031736       -0.028824        0.008172
     C   22       -0.054629        0.008172        0.189756

     C   23        0.067686        0.207317       -0.094034
     C   23        0.207317        0.012689        0.051856
     C   23       -0.094034        0.051856       -0.080375

     Cl  24        1.760771        1.674008        0.188517
     Cl  24        1.674008       -0.397346        0.108222
     Cl  24        0.188517        0.108222       -1.363424

     ----- total EFG -----
     Cl   1       -0.616453       -1.227310        0.961008
     Cl   1       -1.227310       -1.488526        0.674535
     Cl   1        0.961008        0.674535        2.104979

     C    2       -0.212788       -0.514576       -0.003741
     C    2       -0.514576       -0.097216       -0.328048
     C    2       -0.003741       -0.328048        0.310003

     C    3        0.078792       -0.166376       -0.354176
     C    3       -0.166376       -0.213988       -0.128492
     C    3       -0.354176       -0.128492        0.135196

     H    4        0.081795        0.170922        0.456955
     H    4        0.170922       -0.061000        0.011887
     H    4        0.456955        0.011887       -0.020796

     C    5        0.422484        0.609330        0.441080
     C    5        0.609330       -0.554033       -0.068340
     C    5        0.441080       -0.068340        0.131548

     H    6       -0.520302        0.042895       -0.115139
     H    6        0.042895        0.407840        0.332550
     H    6       -0.115139        0.332550        0.112463

     H    7       -0.105062       -0.164320       -0.219659
     H    7       -0.164320        0.168737       -0.489859
     H    7       -0.219659       -0.489859       -0.063675

     C    8       -0.354329       -0.063717       -0.036210
     C    8       -0.063717        0.189254       -0.039277
     C    8       -0.036210       -0.039277        0.165075

     H    9        0.175046       -0.403812        0.178395
     H    9       -0.403812       -0.234854       -0.187527
     H    9        0.178395       -0.187527        0.059808

     C   10       -0.024395        0.391168       -0.124908
     C   10        0.391168        0.349507        0.204425
     C   10       -0.124908        0.204425       -0.325112

     C   11       -0.564186       -0.215515       -0.084217
     C   11       -0.215515        0.645676       -0.306784
     C   11       -0.084217       -0.306784       -0.081491

     Cl  12        0.306854        0.831334       -0.066763
     Cl  12        0.831334        2.722072       -0.175408
     Cl  12       -0.066763       -0.175408       -3.028926

     H   13       -0.273143        0.294016       -0.251117
     H   13        0.294016        0.437288        0.519936
     H   13       -0.251117        0.519936       -0.164146

     C   14       -0.250173       -0.008743        0.334627
     C   14       -0.008743        0.249952       -0.086377
     C   14        0.334627       -0.086377        0.000222

     H   15        0.356781        0.488171        0.240438
     H   15        0.488171       -0.491963        0.098815
     H   15        0.240438        0.098815        0.135182

     C   16        0.075612       -0.311421       -0.117290
     C   16       -0.311421        0.293955       -0.103129
     C   16       -0.117290       -0.103129       -0.369567

     C   17       -0.555563        0.271823       -0.020753
     C   17        0.271823        0.477487        0.565183
     C   17       -0.020753        0.565183        0.078075

     Cl  18        0.149850       -0.309891        0.763639
     Cl  18       -0.309891        0.531919        1.436575
     Cl  18        0.763639        1.436575       -0.681768

     H   19       -0.081622       -0.022009        0.044226
     H   19       -0.022009        0.190750       -0.137438
     H   19        0.044226       -0.137438       -0.109128

     C   20       -0.038616        0.031328        0.012563
     C   20        0.031328       -0.044235        0.065313
     C   20        0.012563        0.065313        0.082851

     H   21        0.392854       -0.081807        0.179141
     H   21       -0.081807       -0.048922       -0.030603
     H   21        0.179141       -0.030603       -0.343932

     C   22       -0.522000       -0.114708       -0.123050
     C   22       -0.114708        0.034442       -0.048172
     C   22       -0.123050       -0.048172        0.487558

     C   23        0.195672        0.568524       -0.250900
     C   23        0.568524       -0.046389        0.202365
     C   23       -0.250900        0.202365       -0.149283

     Cl  24        1.863556        1.722748        0.211007
     Cl  24        1.722748       -0.438312        0.107760
     Cl  24        0.211007        0.107760       -1.425245

     ----- total EFG (symmetrized) -----
     Cl   1       -0.616453       -1.227310        0.961008
     Cl   1       -1.227310       -1.488526        0.674535
     Cl   1        0.961008        0.674535        2.104979

     C    2       -0.212788       -0.514576       -0.003741
     C    2       -0.514576       -0.097216       -0.328048
     C    2       -0.003741       -0.328048        0.310003

     C    3        0.078792       -0.166376       -0.354176
     C    3       -0.166376       -0.213988       -0.128492
     C    3       -0.354176       -0.128492        0.135196

     H    4        0.081795        0.170922        0.456955
     H    4        0.170922       -0.061000        0.011887
     H    4        0.456955        0.011887       -0.020796

     C    5        0.422484        0.609330        0.441080
     C    5        0.609330       -0.554033       -0.068340
     C    5        0.441080       -0.068340        0.131548

     H    6       -0.520302        0.042895       -0.115139
     H    6        0.042895        0.407840        0.332550
     H    6       -0.115139        0.332550        0.112463

     H    7       -0.105062       -0.164320       -0.219659
     H    7       -0.164320        0.168737       -0.489859
     H    7       -0.219659       -0.489859       -0.063675

     C    8       -0.354329       -0.063717       -0.036210
     C    8       -0.063717        0.189254       -0.039277
     C    8       -0.036210       -0.039277        0.165075

     H    9        0.175046       -0.403812        0.178395
     H    9       -0.403812       -0.234854       -0.187527
     H    9        0.178395       -0.187527        0.059808

     C   10       -0.024395        0.391168       -0.124908
     C   10        0.391168        0.349507        0.204425
     C   10       -0.124908        0.204425       -0.325112

     C   11       -0.564186       -0.215515       -0.084217
     C   11       -0.215515        0.645676       -0.306784
     C   11       -0.084217       -0.306784       -0.081491

     Cl  12        0.306854        0.831334       -0.066763
     Cl  12        0.831334        2.722072       -0.175408
     Cl  12       -0.066763       -0.175408       -3.028926

     H   13       -0.273143        0.294016       -0.251117
     H   13        0.294016        0.437288        0.519936
     H   13       -0.251117        0.519936       -0.164146

     C   14       -0.250173       -0.008743        0.334627
     C   14       -0.008743        0.249952       -0.086377
     C   14        0.334627       -0.086377        0.000222

     H   15        0.356781        0.488171        0.240438
     H   15        0.488171       -0.491963        0.098815
     H   15        0.240438        0.098815        0.135182

     C   16        0.075612       -0.311421       -0.117290
     C   16       -0.311421        0.293955       -0.103129
     C   16       -0.117290       -0.103129       -0.369567

     C   17       -0.555563        0.271823       -0.020753
     C   17        0.271823        0.477487        0.565183
     C   17       -0.020753        0.565183        0.078075

     Cl  18        0.149850       -0.309891        0.763639
     Cl  18       -0.309891        0.531919        1.436575
     Cl  18        0.763639        1.436575       -0.681768

     H   19       -0.081622       -0.022009        0.044226
     H   19       -0.022009        0.190750       -0.137438
     H   19        0.044226       -0.137438       -0.109128

     C   20       -0.038616        0.031328        0.012563
     C   20        0.031328       -0.044235        0.065313
     C   20        0.012563        0.065313        0.082851

     H   21        0.392854       -0.081807        0.179141
     H   21       -0.081807       -0.048922       -0.030603
     H   21        0.179141       -0.030603       -0.343932

     C   22       -0.522000       -0.114708       -0.123050
     C   22       -0.114708        0.034442       -0.048172
     C   22       -0.123050       -0.048172        0.487558

     C   23        0.195672        0.568524       -0.250900
     C   23        0.568524       -0.046389        0.202365
     C   23       -0.250900        0.202365       -0.149283

     Cl  24        1.863556        1.722748        0.211007
     Cl  24        1.722748       -0.438312        0.107760
     Cl  24        0.211007        0.107760       -1.425245


     NQR/NMR SPECTROSCOPIC PARAMETERS:
     Cl   1    Vxx=    0.1847    axis=(  0.763290 -0.625330 -0.162327)
     Cl   1    Vyy=    2.4321    axis=( -0.270036 -0.080544 -0.959476)
     Cl   1    Vzz=   -2.6167    axis=(  0.586914  0.776193 -0.230340)
     Cl   1  Q=        -8.1650 1e-30 m^2  Cq=        50.2005 MHz  eta= 0.85887

     C    2    Vxx=    0.1250    axis=( -0.609048  0.394828  0.687875)
     C    2    Vyy=    0.5979    axis=(  0.384815 -0.611265  0.691572)
     C    2    Vzz=   -0.7229    axis=(  0.693526  0.685905  0.220355)
     C    2  Q=         1.0000 1e-30 m^2  Cq=        -1.6985 MHz  eta= 0.65411

     C    3    Vxx=   -0.0214    axis=( -0.479014  0.734555 -0.480597)
     C    3    Vyy=   -0.4414    axis=( -0.549392 -0.677884 -0.488510)
     C    3    Vzz=    0.4628    axis=( -0.684627  0.030033  0.728275)
     C    3  Q=         1.0000 1e-30 m^2  Cq=         1.0875 MHz  eta= 0.90743

     H    4    Vxx=   -0.0639    axis=( -0.008906 -0.935651  0.352815)
     H    4    Vyy=   -0.4585    axis=( -0.670159  0.267453  0.692356)
     H    4    Vzz=    0.5224    axis=(  0.742165  0.230276  0.629416)
     H    4  Q=         1.0000 1e-30 m^2  Cq=         1.2273 MHz  eta= 0.75551

     C    5    Vxx=    0.0128    axis=( -0.295990 -0.421494  0.857166)
     C    5    Vyy=    0.9001    axis=(  0.831766  0.327474  0.448248)
     C    5    Vzz=   -0.9129    axis=( -0.469633  0.845638  0.253655)
     C    5  Q=         1.0000 1e-30 m^2  Cq=        -2.1450 MHz  eta= 0.97186

     H    6    Vxx=   -0.0717    axis=( -0.257691 -0.534915  0.804649)
     H    6    Vyy=   -0.5529    axis=( -0.965934  0.122103 -0.228171)
     H    6    Vzz=    0.6247    axis=(  0.023802 -0.836036 -0.548158)
     H    6  Q=         1.0000 1e-30 m^2  Cq=         1.4677 MHz  eta= 0.77032

     H    7    Vxx=    0.0461    axis=(  0.875516 -0.309407 -0.371132)
     H    7    Vyy=    0.5561    axis=( -0.012475 -0.782308  0.622767)
     H    7    Vzz=   -0.6022    axis=( -0.483028 -0.540613 -0.688783)
     H    7  Q=         1.0000 1e-30 m^2  Cq=        -1.4149 MHz  eta= 0.84682

     C    8    Vxx=    0.1448    axis=( -0.129729  0.545931  0.827726)
     C    8    Vyy=    0.2200    axis=(  0.056960 -0.829299  0.555895)
     C    8    Vzz=   -0.3648    axis=( -0.989912 -0.119264 -0.076488)
     C    8  Q=         1.0000 1e-30 m^2  Cq=        -0.8571 MHz  eta= 0.20591

     H    9    Vxx=   -0.0595    axis=( -0.460796  0.120833  0.879242)
     H    9    Vyy=   -0.4919    axis=( -0.486197 -0.863172 -0.136183)
     H    9    Vzz=    0.5514    axis=(  0.742482 -0.490238  0.456495)
     H    9  Q=         1.0000 1e-30 m^2  Cq=         1.2955 MHz  eta= 0.78432

     C   10    Vxx=   -0.0887    axis=(  0.694967 -0.319939 -0.643941)
     C   10    Vyy=   -0.5202    axis=( -0.512323  0.408052 -0.755658)
     C   10    Vzz=    0.6089    axis=( -0.504526 -0.855063 -0.119671)
     C   10  Q=         1.0000 1e-30 m^2  Cq=         1.4307 MHz  eta= 0.70854

     C   11    Vxx=   -0.1422    axis=( -0.317998  0.267226  0.909652)
     C   11    Vyy=   -0.6384    axis=(  0.939105  0.220564  0.263500)
     C   11    Vzz=    0.7806    axis=( -0.130223  0.938052 -0.321092)
     C   11  Q=         1.0000 1e-30 m^2  Cq=         1.8341 MHz  eta= 0.63574

     Cl  12    Vxx=    0.0484    axis=(  0.954827 -0.297137 -0.003778)
     Cl  12    Vyy=    2.9864    axis=(  0.296883  0.954407 -0.031126)
     Cl  12    Vzz=   -3.0348    axis=(  0.012855  0.028598  0.999508)
     Cl  12  Q=        -8.1650 1e-30 m^2  Cq=        58.2212 MHz  eta= 0.96810

     H   13    Vxx=   -0.0058    axis=(  0.775532  0.191343 -0.601613)
     H   13    Vyy=   -0.7496    axis=(  0.615812 -0.439133  0.654170)
     H   13    Vzz=    0.7554    axis=( -0.139017 -0.877810 -0.458393)
     H   13  Q=         1.0000 1e-30 m^2  Cq=         1.7748 MHz  eta= 0.98464

     C   14    Vxx=    0.1659    axis=(  0.463604  0.657839  0.593565)
     C   14    Vyy=    0.3188    axis=( -0.343293  0.750940 -0.564126)
     C   14    Vzz=   -0.4847    axis=(  0.816836 -0.057765 -0.573971)
     C   14  Q=         1.0000 1e-30 m^2  Cq=        -1.1388 MHz  eta= 0.31563

     H   15    Vxx=    0.0156    axis=( -0.375791 -0.184635  0.908125)
     H   15    Vyy=    0.6990    axis=(  0.827634  0.373983  0.418519)
     H   15    Vzz=   -0.7146    axis=( -0.416897  0.908871  0.012271)
     H   15  Q=         1.0000 1e-30 m^2  Cq=        -1.6789 MHz  eta= 0.95635

     C   16    Vxx=   -0.0659    axis=(  0.733781  0.504697 -0.454803)
     C   16    Vyy=   -0.4492    axis=(  0.362424  0.275431  0.890385)
     C   16    Vzz=    0.5151    axis=( -0.574642  0.818180 -0.019192)
     C   16  Q=         1.0000 1e-30 m^2  Cq=         1.2103 MHz  eta= 0.74418

     C   17    Vxx=   -0.2372    axis=( -0.435507 -0.450638  0.779268)
     C   17    Vyy=   -0.6707    axis=( -0.888535  0.354019 -0.291850)
     C   17    Vzz=    0.9078    axis=( -0.144357 -0.819510 -0.554585)
     C   17  Q=         1.0000 1e-30 m^2  Cq=         2.1331 MHz  eta= 0.47753

     Cl  18    Vxx=    0.4389    axis=(  0.922024 -0.318855  0.219551)
     Cl  18    Vyy=    1.5079    axis=( -0.140842 -0.804539 -0.576958)
     Cl  18    Vzz=   -1.9467    axis=(  0.360604  0.501047 -0.786713)
     Cl  18  Q=        -8.1650 1e-30 m^2  Cq=        37.3471 MHz  eta= 0.54914

     H   19    Vxx=   -0.0734    axis=(  0.931597  0.225801  0.284853)
     H   19    Vyy=   -0.1749    axis=( -0.346135  0.311797  0.884858)
     H   19    Vzz=    0.2483    axis=(  0.110986 -0.922928  0.368626)
     H   19  Q=         1.0000 1e-30 m^2  Cq=         0.5834 MHz  eta= 0.40848

     C   20    Vxx=   -0.0292    axis=( -0.862220 -0.389537  0.323786)
     C   20    Vyy=   -0.0850    axis=( -0.481687  0.828289 -0.286209)
     C   20    Vzz=    0.1142    axis=(  0.156700  0.402739  0.901802)
     C   20  Q=         1.0000 1e-30 m^2  Cq=         0.2683 MHz  eta= 0.48898

     H   21    Vxx=   -0.0636    axis=(  0.174812  0.984593  0.004226)
     H   21    Vyy=   -0.3856    axis=( -0.220637  0.034989  0.974728)
     H   21    Vzz=    0.4492    axis=(  0.959563 -0.171327  0.223354)
     H   21  Q=         1.0000 1e-30 m^2  Cq=         1.0553 MHz  eta= 0.71690

     C   22    Vxx=    0.0560    axis=(  0.204795 -0.977490 -0.050714)
     C   22    Vyy=    0.5049    axis=(  0.110431  0.074556 -0.991083)
     C   22    Vzz=   -0.5609    axis=(  0.972555  0.197368  0.123214)
     C   22  Q=         1.0000 1e-30 m^2  Cq=        -1.3178 MHz  eta= 0.80040

     C   23    Vxx=    0.0289    axis=( -0.245762  0.450805  0.858123)
     C   23    Vyy=    0.6622    axis=( -0.789384 -0.606856  0.092730)
     C   23    Vzz=   -0.6911    axis=(  0.562561 -0.654599  0.505000)
     C   23  Q=         1.0000 1e-30 m^2  Cq=        -1.6238 MHz  eta= 0.91641

     Cl  24    Vxx=   -1.3590    axis=(  0.467896 -0.882036  0.055540)
     Cl  24    Vyy=   -1.4388    axis=(  0.075539 -0.022700 -0.996884)
     Cl  24    Vzz=    2.7977    axis=(  0.880549  0.470634  0.056007)
     Cl  24  Q=        -8.1650 1e-30 m^2  Cq=       -53.6734 MHz  eta= 0.02853

     Initialization:
     gipaw_setup  :      8.98s CPU     10.86s WALL (       1 calls)

     Linear response

     Apply operators

     Induced current

     Other routines
     efg          :      9.28s CPU     11.97s WALL (       1 calls)

     General routines
     calbec       :      3.17s CPU      4.13s WALL (      16 calls)
     fft          :      1.54s CPU      2.07s WALL (      15 calls)
     ffts         :      0.06s CPU      0.09s WALL (       2 calls)
     fftw         :      3.29s CPU      4.16s WALL (     672 calls)
     davcio       :      0.01s CPU      0.34s WALL (      32 calls)

     Parallel routines
     fft_scatter  :      2.20s CPU      3.49s WALL (     689 calls)

     Plugins

     GIPAW        :     60.76s CPU     71.03s WALL (       1 calls)
