
     Program QE v.6.0 (svn rev. 13079) starts on  6Jan2017 at 19:59:56 

     This program is part of the open-source Quantum ESPRESSO suite
     for quantum simulation of materials; please cite
         "P. Giannozzi et al., J. Phys.:Condens. Matter 21 395502 (2009);
          URL http://www.quantum-espresso.org", 
     in publications or presentations arising from this work. More details at
     http://www.quantum-espresso.org/quote

     Parallel version (MPI), running on     8 processors
     R & G space division:  proc/nbgrp/npool/nimage =       8

     ***** This is GIPAW svn revision unknown      *****

     Parallelizing q-star over 1 images

     Reading data from directory:
     /users/majewski/paradichlorobenzene/pbe/9_constraint/scratch/pbe.ecut100.np8.dt60.pcl2phi-129368.save
     Message from routine read_xml_file:
     file /users/majewski/paradichlorobenzene/pbe/9_constraint/scratch/pbe.ecut100.np8.dt60.pcl2phi-129368.save not guaranteed to be safe for post-processing

   Info: using nr1, nr2, nr3 values from input

   Info: using nr1, nr2, nr3 values from input

     IMPORTANT: XC functional enforced from input :
     Exchange-correlation      =  SLA  PW   PBX  PBC ( 1  4  3  4 0 0)
     Any further DFT definition will be discarded
     Please, verify this is what you really want

               file C.pbe-n-kjpaw_psl.1.0.0.UPF: wavefunction(s)  2S 2P renormalized
               file Cl.pbe-n-kjpaw_psl.1.0.0.UPF: wavefunction(s)  3S 3P renormalized
               file H.pbe-kjpaw_psl.1.0.0.UPF: wavefunction(s)  1S renormalized

     Parallelization info
     --------------------
     sticks:   dense  smooth     PW     G-vecs:    dense   smooth      PW
     Min        3057    1223    332               144436    36536    5170
     Max        3059    1225    333               144437    36537    5171
     Sum       24467    9791   2657              1155489   292295   41363


     Subspace diagonalization in iterative solution of the eigenvalue problem:
     a serial algorithm will be used

     GIPAW projectors -----------------------------------------------
     atom=  C    l=0  rc=    1.2000  rs=    0.8000
     atom=  C    l=0  rc=    1.2000  rs=    0.8000
     atom=  C    l=1  rc=    1.4000  rs=    0.9333
     atom=  C    l=1  rc=    1.4000  rs=    0.9333
     projs nearly linearly dependent: l=1  n1,n2= 1, 2  s=  0.99951561

     atom=  Cl   l=0  rc=    1.6000  rs=    1.0667
     atom=  Cl   l=0  rc=    1.6000  rs=    1.0667
     atom=  Cl   l=1  rc=    1.6000  rs=    1.0667
     atom=  Cl   l=1  rc=    1.6000  rs=    1.0667
     atom=  Cl   l=2  rc=    1.6000  rs=    1.0667
     atom=  Cl   l=2  rc=    1.6000  rs=    1.0667
     projs nearly linearly dependent: l=2  n1,n2= 1, 2  s=  0.99993509

     atom=  H    l=0  rc=    1.0000  rs=    0.6667
     atom=  H    l=0  rc=    1.0000  rs=    0.6667
     projs nearly linearly dependent: l=0  n1,n2= 1, 2  s=  0.99968852
     -----------------------------------------------------------------

     GIPAW integrals: -------------------------------------------
     Atom  i/j   nmr_para   nmr_dia   epr_rmc  epr_para   epr_dia
       C   1 1   0.83E+03  0.17E-01  0.93E+01  0.24E+08  0.24E+03
       C   2 1   0.86E+03 -0.61E-01  0.94E+01  0.25E+08  0.25E+03
       C   2 2   0.90E+03 -0.15E+00  0.97E+01  0.26E+08  0.26E+03
       C   3 3   0.33E+01  0.34E+00  0.18E+01  0.55E+03  0.21E+02
       C   4 3   0.35E+01  0.37E+00  0.20E+01  0.59E+03  0.22E+02
       C   4 4   0.38E+01  0.39E+00  0.22E+01  0.63E+03  0.24E+02
       Cl  1 1   0.14E+04 -0.47E+00  0.84E+01  0.32E+09  0.42E+03
       Cl  2 1   0.21E+04 -0.37E+00  0.12E+02  0.49E+09  0.65E+03
       Cl  2 2   0.33E+04 -0.16E+00  0.21E+02  0.76E+09  0.10E+04
       Cl  3 3   0.21E+02  0.79E-01  0.89E+01  0.23E+05  0.13E+03
       Cl  4 3   0.24E+02  0.67E-01  0.99E+01  0.27E+05  0.15E+03
       Cl  4 4   0.28E+02  0.44E-01  0.11E+02  0.32E+05  0.18E+03
       Cl  5 5   0.77E+00  0.19E+00  0.18E+01  0.12E+03  0.22E+02
       Cl  6 5   0.80E+00  0.19E+00  0.19E+01  0.12E+03  0.23E+02
       Cl  6 6   0.83E+00  0.20E+00  0.19E+01  0.12E+03  0.23E+02
       H   1 1   0.39E+02  0.19E+00  0.29E+00  0.78E+05  0.13E+02
       H   2 1   0.41E+02  0.21E+00  0.32E+00  0.82E+05  0.14E+02
       H   2 2   0.43E+02  0.22E+00  0.36E+00  0.86E+05  0.15E+02
     ------------------------------------------------------------

     alpha_pv=     34.1574 eV

     Number of occupied bands for each k-point:
     k-point:     1    nbnd_occ=  42
     k-point:     2    nbnd_occ=  42
     k-point:     3    nbnd_occ=  42
     k-point:     4    nbnd_occ=  42
     k-point:     5    nbnd_occ=  42
     k-point:     6    nbnd_occ=  42
     k-point:     7    nbnd_occ=  42
     k-point:     8    nbnd_occ=  42
     k-point:     9    nbnd_occ=  42
     k-point:    10    nbnd_occ=  42
     k-point:    11    nbnd_occ=  42
     k-point:    12    nbnd_occ=  42
     k-point:    13    nbnd_occ=  42
     k-point:    14    nbnd_occ=  42
     k-point:    15    nbnd_occ=  42
     k-point:    16    nbnd_occ=  42


     q-space interpolation up to   110.00 Rydberg

     GIPAW job: efg                                                                             


     ELECTRIC FIELD GRADIENTS TENSORS IN Hartree/bohrradius^2:

     ----- bare term -----
     Cl   1       -0.206792        0.141056        0.061746
     Cl   1        0.141056       -0.027209       -0.149500
     Cl   1        0.061746       -0.149500        0.234001

     C    2       -0.008508        0.025274       -0.593455
     C    2        0.025274       -0.081152       -0.488732
     C    2       -0.593455       -0.488732        0.089660

     C    3        0.033641        0.528904       -0.152533
     C    3        0.528904       -0.407794       -0.460359
     C    3       -0.152533       -0.460359        0.374153

     H    4       -0.430178       -0.267081       -0.502136
     H    4       -0.267081        0.236462       -0.216708
     H    4       -0.502136       -0.216708        0.193716

     C    5       -0.271596        0.133377       -0.466971
     C    5        0.133377       -0.089732       -0.425944
     C    5       -0.466971       -0.425944        0.361328

     H    6        0.371435       -0.016531       -0.005395
     H    6       -0.016531       -0.414265       -0.544637
     H    6       -0.005395       -0.544637        0.042830

     H    7        0.389282       -0.161316       -0.185135
     H    7       -0.161316       -0.650401       -0.041799
     H    7       -0.185135       -0.041799        0.261120

     C    8       -0.302667        0.072824       -0.370899
     C    8        0.072824       -0.035169        0.502013
     C    8       -0.370899        0.502013        0.337836

     H    9       -0.253147        0.285090       -0.434057
     H    9        0.285090       -0.023647        0.244204
     H    9       -0.434057        0.244204        0.276795

     C   10       -0.269465       -0.381160       -0.149691
     C   10       -0.381160       -0.185504        0.444232
     C   10       -0.149691        0.444232        0.454968

     C   11       -0.050853        0.113877       -0.460998
     C   11        0.113877       -0.175370        0.543249
     C   11       -0.460998        0.543249        0.226224

     Cl  12       -0.160364       -0.155654       -0.143710
     Cl  12       -0.155654       -0.127278        0.036025
     Cl  12       -0.143710        0.036025        0.287643

     H   13        0.035601       -0.468892        0.090973
     H   13       -0.468892       -0.429687       -0.190869
     H   13        0.090973       -0.190869        0.394086

     C   14       -0.067006        0.379388       -0.199447
     C   14        0.379388       -0.324657       -0.144970
     C   14       -0.199447       -0.144970        0.391663

     H   15       -0.670070       -0.400340       -0.029683
     H   15       -0.400340        0.343514       -0.050895
     H   15       -0.029683       -0.050895        0.326556

     C   16       -0.036698        0.086216       -0.368281
     C   16        0.086216       -0.176653       -0.396922
     C   16       -0.368281       -0.396922        0.213350

     C   17       -0.213695        0.247949       -0.338142
     C   17        0.247949       -0.144319       -0.545295
     C   17       -0.338142       -0.545295        0.358014

     Cl  18       -0.033274       -0.078743       -0.032910
     Cl  18       -0.078743       -0.011923        0.079633
     Cl  18       -0.032910        0.079633        0.045197

     H   19        0.267994        0.427197        0.164797
     H   19        0.427197       -0.572866       -0.030013
     H   19        0.164797       -0.030013        0.304872

     C   20       -0.273887       -0.356263       -0.364414
     C   20       -0.356263       -0.183295        0.392806
     C   20       -0.364414        0.392806        0.457183

     H   21       -0.480937        0.489855       -0.182856
     H   21        0.489855        0.158489        0.046301
     H   21       -0.182856        0.046301        0.322448

     C   22       -0.068223       -0.140776       -0.434132
     C   22       -0.140776       -0.260822        0.496030
     C   22       -0.434132        0.496030        0.329045

     C   23       -0.107145       -0.240047       -0.192702
     C   23       -0.240047       -0.267489        0.483952
     C   23       -0.192702        0.483952        0.374634

     Cl  24        0.063161       -0.031520        0.079066
     Cl  24       -0.031520       -0.022445       -0.066427
     Cl  24        0.079066       -0.066427       -0.040716

     ----- ionic term -----
     Cl   1        0.172323       -0.182484       -0.048695
     Cl   1       -0.182484       -0.051307        0.029969
     Cl   1       -0.048695        0.029969       -0.121016

     C    2        0.293997       -0.107193        0.136455
     C    2       -0.107193        0.080798        0.396604
     C    2        0.136455        0.396604       -0.374795

     C    3        0.182574       -0.229563        0.135456
     C    3       -0.229563        0.230054        0.387747
     C    3        0.135456        0.387747       -0.412628

     H    4        0.686382        0.411662        0.568484
     H    4        0.411662       -0.362243        0.259073
     H    4        0.568484        0.259073       -0.324139

     C    5        0.304707       -0.185369        0.226686
     C    5       -0.185369        0.115669        0.307119
     C    5        0.226686        0.307119       -0.420377

     H    6       -0.510791        0.134203        0.096295
     H    6        0.134203        0.731691        0.663965
     H    6        0.096295        0.663965       -0.220900

     H    7       -0.504901       -0.023759        0.020050
     H    7       -0.023759        0.948922       -0.428777
     H    7        0.020050       -0.428777       -0.444021

     C    8        0.290504        0.161850        0.270295
     C    8        0.161850        0.144668       -0.238842
     C    8        0.270295       -0.238842       -0.435172

     H    9        0.546847       -0.412236        0.649148
     H    9       -0.412236       -0.315347       -0.297547
     H    9        0.649148       -0.297547       -0.231500

     C   10        0.145395        0.192118        0.205946
     C   10        0.192118        0.256486       -0.358594
     C   10        0.205946       -0.358594       -0.401881

     C   11        0.199939        0.130260        0.282419
     C   11        0.130260        0.217490       -0.329950
     C   11        0.282419       -0.329950       -0.417429

     Cl  12        0.141783        0.212636        0.059486
     Cl  12        0.212636        0.019926        0.030263
     Cl  12        0.059486        0.030263       -0.161709

     H   13       -0.514941        0.091742        0.039132
     H   13        0.091742        0.618932        0.718582
     H   13        0.039132        0.718582       -0.103991

     C   14        0.323758       -0.191064        0.199979
     C   14       -0.191064        0.096083        0.291065
     C   14        0.199979        0.291065       -0.419841

     H   15        0.595198        0.302602        0.663776
     H   15        0.302602       -0.449450        0.234528
     H   15        0.663776        0.234528       -0.145748

     C   16        0.168277       -0.210969        0.207901
     C   16       -0.210969        0.218214        0.367276
     C   16        0.207901        0.367276       -0.386492

     C   17        0.167599       -0.096334        0.266798
     C   17       -0.096334        0.215522        0.381371
     C   17        0.266798        0.381371       -0.383121

     Cl  18        0.089202       -0.206109        0.000735
     Cl  18       -0.206109        0.071211       -0.003729
     Cl  18        0.000735       -0.003729       -0.160413

     H   19       -0.489888       -0.225143        0.094027
     H   19       -0.225143        0.869075       -0.491027
     H   19        0.094027       -0.491027       -0.379187

     C   20        0.277759        0.081178        0.252858
     C   20        0.081178        0.158403       -0.246857
     C   20        0.252858       -0.246857       -0.436163

     H   21        0.539252       -0.412995        0.616278
     H   21       -0.412995       -0.309295       -0.303321
     H   21        0.616278       -0.303321       -0.229957

     C   22        0.106980        0.144848        0.197737
     C   22        0.144848        0.322219       -0.360619
     C   22        0.197737       -0.360619       -0.429199

     C   23        0.221536        0.090795        0.292147
     C   23        0.090795        0.211089       -0.363331
     C   23        0.292147       -0.363331       -0.432625

     Cl  24        0.173183        0.203868        0.011248
     Cl  24        0.203868       -0.011279        0.003251
     Cl  24        0.011248        0.003251       -0.161904

     ----- GIPAW term -----
     Cl   1       -0.018364       -1.752119        0.502321
     Cl   1       -1.752119       -0.145015       -1.361892
     Cl   1        0.502321       -1.361892        0.163379

     C    2        0.180285        0.008308       -0.188791
     C    2        0.008308       -0.047547       -0.111449
     C    2       -0.188791       -0.111449       -0.132738

     C    3        0.141166        0.122948       -0.051139
     C    3        0.122948       -0.128356       -0.062786
     C    3       -0.051139       -0.062786       -0.012810

     H    4       -0.000000        0.000000        0.000000
     H    4        0.000000        0.000000        0.000000
     H    4        0.000000        0.000000        0.000000

     C    5        0.013022        0.024118       -0.152931
     C    5        0.024118       -0.087678       -0.097852
     C    5       -0.152931       -0.097852        0.074656

     H    6       -0.000000        0.000000        0.000000
     H    6        0.000000        0.000000        0.000000
     H    6        0.000000        0.000000        0.000000

     H    7       -0.000000        0.000000        0.000000
     H    7        0.000000        0.000000        0.000000
     H    7        0.000000        0.000000        0.000000

     C    8       -0.005042        0.102625        0.000535
     C    8        0.102625       -0.017218        0.153547
     C    8        0.000535        0.153547        0.022260

     H    9       -0.000000        0.000000        0.000000
     H    9        0.000000        0.000000        0.000000
     H    9        0.000000        0.000000        0.000000

     C   10       -0.049379       -0.005068       -0.003125
     C   10       -0.005068        0.006262        0.085656
     C   10       -0.003125        0.085656        0.043117

     C   11        0.103311        0.177509       -0.117658
     C   11        0.177509       -0.041073        0.075187
     C   11       -0.117658        0.075187       -0.062238

     Cl  12       -0.006277        1.201829       -1.573004
     Cl  12        1.201829       -1.271633        0.420037
     Cl  12       -1.573004        0.420037        1.277910

     H   13       -0.000000        0.000000        0.000000
     H   13        0.000000        0.000000        0.000000
     H   13        0.000000        0.000000        0.000000

     C   14        0.112773        0.099666       -0.136177
     C   14        0.099666       -0.122829       -0.047858
     C   14       -0.136177       -0.047858        0.010056

     H   15       -0.000000        0.000000        0.000000
     H   15        0.000000        0.000000        0.000000
     H   15        0.000000        0.000000        0.000000

     C   16        0.076746        0.075793       -0.211438
     C   16        0.075793       -0.077364       -0.099018
     C   16       -0.211438       -0.099018        0.000618

     C   17        0.029839        0.015993       -0.188057
     C   17        0.015993       -0.077595       -0.161599
     C   17       -0.188057       -0.161599        0.047756

     Cl  18        0.953891       -2.602692       -0.349264
     Cl  18       -2.602692       -0.012168        0.680570
     Cl  18       -0.349264        0.680570       -0.941723

     H   19       -0.000000        0.000000        0.000000
     H   19        0.000000        0.000000        0.000000
     H   19        0.000000        0.000000        0.000000

     C   20       -0.014448       -0.135984       -0.158802
     C   20       -0.135984       -0.075279        0.158431
     C   20       -0.158802        0.158431        0.089727

     H   21       -0.000000        0.000000        0.000000
     H   21        0.000000        0.000000        0.000000
     H   21        0.000000        0.000000        0.000000

     C   22        0.054670       -0.044056       -0.227936
     C   22       -0.044056       -0.101266        0.104589
     C   22       -0.227936        0.104589        0.046596

     C   23        0.100804        0.087386        0.022419
     C   23        0.087386       -0.077185        0.077248
     C   23        0.022419        0.077248       -0.023619

     Cl  24        1.908341        1.664610        0.787979
     Cl  24        1.664610       -0.241613       -0.502136
     Cl  24        0.787979       -0.502136       -1.666728

     ----- total EFG -----
     Cl   1       -0.052833       -1.793547        0.515372
     Cl   1       -1.793547       -0.223531       -1.481424
     Cl   1        0.515372       -1.481424        0.276364

     C    2        0.465775       -0.073612       -0.645791
     C    2       -0.073612       -0.047901       -0.203577
     C    2       -0.645791       -0.203577       -0.417873

     C    3        0.357381        0.422289       -0.068215
     C    3        0.422289       -0.306096       -0.135398
     C    3       -0.068215       -0.135398       -0.051285

     H    4        0.256204        0.144581        0.066348
     H    4        0.144581       -0.125782        0.042366
     H    4        0.066348        0.042366       -0.130422

     C    5        0.046133       -0.027875       -0.393217
     C    5       -0.027875       -0.061740       -0.216677
     C    5       -0.393217       -0.216677        0.015607

     H    6       -0.139356        0.117672        0.090901
     H    6        0.117672        0.317426        0.119327
     H    6        0.090901        0.119327       -0.178070

     H    7       -0.115619       -0.185074       -0.165085
     H    7       -0.185074        0.298521       -0.470575
     H    7       -0.165085       -0.470575       -0.182901

     C    8       -0.017204        0.337299       -0.100069
     C    8        0.337299        0.092281        0.416718
     C    8       -0.100069        0.416718       -0.075076

     H    9        0.293700       -0.127146        0.215091
     H    9       -0.127146       -0.338994       -0.053342
     H    9        0.215091       -0.053342        0.045294

     C   10       -0.173449       -0.194110        0.053130
     C   10       -0.194110        0.077245        0.171294
     C   10        0.053130        0.171294        0.096204

     C   11        0.252397        0.421646       -0.296237
     C   11        0.421646        0.001047        0.288486
     C   11       -0.296237        0.288486       -0.253444

     Cl  12       -0.024858        1.258812       -1.657229
     Cl  12        1.258812       -1.378986        0.486326
     Cl  12       -1.657229        0.486326        1.403844

     H   13       -0.479339       -0.377149        0.130105
     H   13       -0.377149        0.189244        0.527713
     H   13        0.130105        0.527713        0.290095

     C   14        0.369525        0.287990       -0.135644
     C   14        0.287990       -0.351403        0.098238
     C   14       -0.135644        0.098238       -0.018122

     H   15       -0.074872       -0.097738        0.634093
     H   15       -0.097738       -0.105936        0.183633
     H   15        0.634093        0.183633        0.180808

     C   16        0.208326       -0.048960       -0.371818
     C   16       -0.048960       -0.035802       -0.128665
     C   16       -0.371818       -0.128665       -0.172524

     C   17       -0.016256        0.167608       -0.259401
     C   17        0.167608       -0.006392       -0.325522
     C   17       -0.259401       -0.325522        0.022649

     Cl  18        1.009820       -2.887545       -0.381439
     Cl  18       -2.887545        0.047119        0.756474
     Cl  18       -0.381439        0.756474       -1.056939

     H   19       -0.221894        0.202054        0.258824
     H   19        0.202054        0.296209       -0.521040
     H   19        0.258824       -0.521040       -0.074315

     C   20       -0.010577       -0.411069       -0.270358
     C   20       -0.411069       -0.100171        0.304380
     C   20       -0.270358        0.304380        0.110748

     H   21        0.058315        0.076860        0.433421
     H   21        0.076860       -0.150806       -0.257020
     H   21        0.433421       -0.257020        0.092491

     C   22        0.093426       -0.039984       -0.464331
     C   22       -0.039984       -0.039868        0.240000
     C   22       -0.464331        0.240000       -0.053558

     C   23        0.215195       -0.061866        0.121864
     C   23       -0.061866       -0.133585        0.197869
     C   23        0.121864        0.197869       -0.081610

     Cl  24        2.144685        1.836958        0.878293
     Cl  24        1.836958       -0.275337       -0.565312
     Cl  24        0.878293       -0.565312       -1.869348

     ----- total EFG (symmetrized) -----
     Cl   1       -0.052833       -1.793547        0.515372
     Cl   1       -1.793547       -0.223531       -1.481424
     Cl   1        0.515372       -1.481424        0.276364

     C    2        0.465775       -0.073612       -0.645791
     C    2       -0.073612       -0.047901       -0.203577
     C    2       -0.645791       -0.203577       -0.417873

     C    3        0.357381        0.422289       -0.068215
     C    3        0.422289       -0.306096       -0.135398
     C    3       -0.068215       -0.135398       -0.051285

     H    4        0.256204        0.144581        0.066348
     H    4        0.144581       -0.125782        0.042366
     H    4        0.066348        0.042366       -0.130422

     C    5        0.046133       -0.027875       -0.393217
     C    5       -0.027875       -0.061740       -0.216677
     C    5       -0.393217       -0.216677        0.015607

     H    6       -0.139356        0.117672        0.090901
     H    6        0.117672        0.317426        0.119327
     H    6        0.090901        0.119327       -0.178070

     H    7       -0.115619       -0.185074       -0.165085
     H    7       -0.185074        0.298521       -0.470575
     H    7       -0.165085       -0.470575       -0.182901

     C    8       -0.017204        0.337299       -0.100069
     C    8        0.337299        0.092281        0.416718
     C    8       -0.100069        0.416718       -0.075076

     H    9        0.293700       -0.127146        0.215091
     H    9       -0.127146       -0.338994       -0.053342
     H    9        0.215091       -0.053342        0.045294

     C   10       -0.173449       -0.194110        0.053130
     C   10       -0.194110        0.077245        0.171294
     C   10        0.053130        0.171294        0.096204

     C   11        0.252397        0.421646       -0.296237
     C   11        0.421646        0.001047        0.288486
     C   11       -0.296237        0.288486       -0.253444

     Cl  12       -0.024858        1.258812       -1.657229
     Cl  12        1.258812       -1.378986        0.486326
     Cl  12       -1.657229        0.486326        1.403844

     H   13       -0.479339       -0.377149        0.130105
     H   13       -0.377149        0.189244        0.527713
     H   13        0.130105        0.527713        0.290095

     C   14        0.369525        0.287990       -0.135644
     C   14        0.287990       -0.351403        0.098238
     C   14       -0.135644        0.098238       -0.018122

     H   15       -0.074872       -0.097738        0.634093
     H   15       -0.097738       -0.105936        0.183633
     H   15        0.634093        0.183633        0.180808

     C   16        0.208326       -0.048960       -0.371818
     C   16       -0.048960       -0.035802       -0.128665
     C   16       -0.371818       -0.128665       -0.172524

     C   17       -0.016256        0.167608       -0.259401
     C   17        0.167608       -0.006392       -0.325522
     C   17       -0.259401       -0.325522        0.022649

     Cl  18        1.009820       -2.887545       -0.381439
     Cl  18       -2.887545        0.047119        0.756474
     Cl  18       -0.381439        0.756474       -1.056939

     H   19       -0.221894        0.202054        0.258824
     H   19        0.202054        0.296209       -0.521040
     H   19        0.258824       -0.521040       -0.074315

     C   20       -0.010577       -0.411069       -0.270358
     C   20       -0.411069       -0.100171        0.304380
     C   20       -0.270358        0.304380        0.110748

     H   21        0.058315        0.076860        0.433421
     H   21        0.076860       -0.150806       -0.257020
     H   21        0.433421       -0.257020        0.092491

     C   22        0.093426       -0.039984       -0.464331
     C   22       -0.039984       -0.039868        0.240000
     C   22       -0.464331        0.240000       -0.053558

     C   23        0.215195       -0.061866        0.121864
     C   23       -0.061866       -0.133585        0.197869
     C   23        0.121864        0.197869       -0.081610

     Cl  24        2.144685        1.836958        0.878293
     Cl  24        1.836958       -0.275337       -0.565312
     Cl  24        0.878293       -0.565312       -1.869348


     NQR/NMR SPECTROSCOPIC PARAMETERS:
     Cl   1    Vxx=   -0.3615    axis=( -0.627528  0.113353  0.770298)
     Cl   1    Vyy=   -2.1949    axis=(  0.554369  0.759735  0.339821)
     Cl   1    Vzz=    2.5564    axis=( -0.546703  0.640277 -0.539594)
     Cl   1  Q=        -8.1650 1e-30 m^2  Cq=       -49.0426 MHz  eta= 0.71719

     C    2    Vxx=    0.0107    axis=(  0.157146 -0.962654  0.220458)
     C    2    Vyy=    0.8075    axis=(  0.881596  0.036137 -0.470619)
     C    2    Vzz=   -0.8182    axis=(  0.445077  0.268311  0.854351)
     C    2  Q=         1.0000 1e-30 m^2  Cq=        -1.9225 MHz  eta= 0.97376

     C    3    Vxx=   -0.0562    axis=(  0.253705 -0.092938  0.962807)
     C    3    Vyy=   -0.5296    axis=( -0.409520  0.891444  0.193961)
     C    3    Vzz=    0.5857    axis=( -0.876315 -0.443497  0.188103)
     C    3  Q=         1.0000 1e-30 m^2  Cq=         1.3763 MHz  eta= 0.80814

     H    4    Vxx=   -0.1346    axis=( -0.282707  0.355251  0.890995)
     H    4    Vyy=   -0.1832    axis=( -0.225318  0.878303 -0.421683)
     H    4    Vzz=    0.3178    axis=( -0.932367 -0.319970 -0.168258)
     H    4  Q=         1.0000 1e-30 m^2  Cq=         0.7467 MHz  eta= 0.15302

     C    5    Vxx=   -0.0125    axis=(  0.485607 -0.863893  0.133696)
     C    5    Vyy=   -0.4469    axis=(  0.577244  0.431742  0.693100)
     C    5    Vzz=    0.4594    axis=( -0.656487 -0.259399  0.708334)
     C    5  Q=         1.0000 1e-30 m^2  Cq=         1.0794 MHz  eta= 0.94542

     H    6    Vxx=   -0.1277    axis=(  0.760587 -0.348001  0.548090)
     H    6    Vyy=   -0.2525    axis=(  0.597330  0.044331 -0.800770)
     H    6    Vzz=    0.3802    axis=(  0.254371  0.936445  0.241589)
     H    6  Q=         1.0000 1e-30 m^2  Cq=         0.8933 MHz  eta= 0.32825

     H    7    Vxx=   -0.0037    axis=(  0.886270 -0.143149 -0.440493)
     H    7    Vyy=   -0.5905    axis=(  0.450276  0.489121  0.747002)
     H    7    Vzz=    0.5942    axis=(  0.108522 -0.860389  0.497950)
     H    7  Q=         1.0000 1e-30 m^2  Cq=         1.3962 MHz  eta= 0.98763

     C    8    Vxx=    0.0578    axis=(  0.777763 -0.013560 -0.628411)
     C    8    Vyy=    0.5208    axis=( -0.400609 -0.781092 -0.478965)
     C    8    Vzz=   -0.5786    axis=( -0.484352  0.624269 -0.612937)
     C    8  Q=         1.0000 1e-30 m^2  Cq=        -1.3594 MHz  eta= 0.80031

     H    9    Vxx=   -0.0779    axis=( -0.485198  0.058021  0.872477)
     H    9    Vyy=   -0.3640    axis=( -0.178932 -0.983270 -0.034117)
     H    9    Vzz=    0.4419    axis=(  0.855901 -0.172667  0.487462)
     H    9  Q=         1.0000 1e-30 m^2  Cq=         1.0382 MHz  eta= 0.64754

     C   10    Vxx=    0.0393    axis=(  0.556239 -0.412182  0.721598)
     C   10    Vyy=    0.2826    axis=( -0.246326  0.747525  0.616871)
     C   10    Vzz=   -0.3219    axis=(  0.793676  0.520876 -0.314272)
     C   10  Q=         1.0000 1e-30 m^2  Cq=        -0.7563 MHz  eta= 0.75572

     C   11    Vxx=    0.1210    axis=( -0.322268  0.609382  0.724428)
     C   11    Vyy=    0.5733    axis=( -0.824640 -0.556516  0.101287)
     C   11    Vzz=   -0.6943    axis=(  0.464878 -0.564751  0.681868)
     C   11  Q=         1.0000 1e-30 m^2  Cq=        -1.6314 MHz  eta= 0.65144

     Cl  12    Vxx=    0.0634    axis=(  0.578145  0.664289  0.473781)
     Cl  12    Vyy=    2.5180    axis=(  0.572697  0.083219 -0.815532)
     Cl  12    Vzz=   -2.5814    axis=( -0.581176  0.742829 -0.332323)
     Cl  12  Q=        -8.1650 1e-30 m^2  Cq=        49.5234 MHz  eta= 0.95085

     H   13    Vxx=   -0.0178    axis=(  0.592533 -0.509952  0.623581)
     H   13    Vyy=   -0.7736    axis=( -0.794004 -0.500301  0.345335)
     H   13    Vzz=    0.7914    axis=( -0.135874  0.699748  0.701349)
     H   13  Q=         1.0000 1e-30 m^2  Cq=         1.8595 MHz  eta= 0.95494

     C   14    Vxx=    0.0038    axis=(  0.087805  0.331021  0.939529)
     C   14    Vyy=    0.4892    axis=( -0.935029 -0.297873  0.192333)
     C   14    Vzz=   -0.4930    axis=(  0.343527 -0.895375  0.283360)
     C   14  Q=         1.0000 1e-30 m^2  Cq=        -1.1583 MHz  eta= 0.98453

     H   15    Vxx=   -0.0472    axis=(  0.318867 -0.938736 -0.130759)
     H   15    Vyy=   -0.6608    axis=(  0.718213  0.329340 -0.612948)
     H   15    Vzz=    0.7080    axis=(  0.618461  0.101536  0.779228)
     H   15  Q=         1.0000 1e-30 m^2  Cq=         1.6635 MHz  eta= 0.86679

     C   16    Vxx=    0.0076    axis=(  0.211993 -0.947546  0.239197)
     C   16    Vyy=    0.4371    axis=(  0.847072  0.056098 -0.528508)
     C   16    Vzz=   -0.4447    axis=(  0.487367  0.314658  0.814533)
     C   16  Q=         1.0000 1e-30 m^2  Cq=        -1.0449 MHz  eta= 0.96568

     C   17    Vxx=   -0.1739    axis=( -0.811050  0.571818 -0.123378)
     C   17    Vyy=   -0.3362    axis=(  0.300519  0.588238  0.750776)
     C   17    Vzz=    0.5101    axis=( -0.501883 -0.571839  0.648933)
     C   17  Q=         1.0000 1e-30 m^2  Cq=         1.1986 MHz  eta= 0.31825

     Cl  18    Vxx=   -1.1058    axis=(  0.282678  0.080847  0.955802)
     Cl  18    Vyy=   -2.4816    axis=(  0.602426  0.760448 -0.242491)
     Cl  18    Vzz=    3.5874    axis=( -0.746442  0.644347  0.166258)
     Cl  18  Q=        -8.1650 1e-30 m^2  Cq=       -68.8220 MHz  eta= 0.38353

     H   19    Vxx=    0.0137    axis=( -0.811534 -0.320582 -0.488509)
     H   19    Vyy=    0.6643    axis=(  0.020070  0.820263 -0.571634)
     H   19    Vzz=   -0.6780    axis=(  0.583961 -0.473705 -0.659237)
     H   19  Q=         1.0000 1e-30 m^2  Cq=        -1.5930 MHz  eta= 0.95951

     C   20    Vxx=   -0.1838    axis=(  0.527355 -0.300520  0.794723)
     C   20    Vyy=   -0.4743    axis=(  0.619460  0.776177 -0.117549)
     C   20    Vzz=    0.6581    axis=( -0.581520  0.554290  0.595481)
     C   20  Q=         1.0000 1e-30 m^2  Cq=         1.5463 MHz  eta= 0.44156

     H   21    Vxx=   -0.0217    axis=(  0.541305  0.805054 -0.242644)
     H   21    Vyy=   -0.5153    axis=( -0.547102  0.556363  0.625412)
     H   21    Vzz=    0.5370    axis=(  0.638488 -0.205788  0.741609)
     H   21  Q=         1.0000 1e-30 m^2  Cq=         1.2617 MHz  eta= 0.91932

     C   22    Vxx=   -0.0444    axis=(  0.457430  0.887260  0.059392)
     C   22    Vyy=   -0.5069    axis=( -0.561159  0.339829 -0.754730)
     C   22    Vzz=    0.5513    axis=( -0.689825  0.311908  0.653342)
     C   22  Q=         1.0000 1e-30 m^2  Cq=         1.2953 MHz  eta= 0.83886

     C   23    Vxx=    0.0776    axis=( -0.271352  0.699235  0.661391)
     C   23    Vyy=    0.2591    axis=(  0.935493  0.030022  0.352068)
     C   23    Vzz=   -0.3367    axis=(  0.226322  0.714261 -0.662276)
     C   23  Q=         1.0000 1e-30 m^2  Cq=        -0.7910 MHz  eta= 0.53909

     Cl  24    Vxx=   -0.6270    axis=( -0.320359  0.756182 -0.570578)
     Cl  24    Vyy=   -2.5597    axis=( -0.336492  0.472205  0.814737)
     Cl  24    Vzz=    3.1867    axis=( -0.885519 -0.453003 -0.103174)
     Cl  24  Q=        -8.1650 1e-30 m^2  Cq=       -61.1361 MHz  eta= 0.60649

     Initialization:
     gipaw_setup  :      9.06s CPU     10.59s WALL (       1 calls)

     Linear response

     Apply operators

     Induced current

     Other routines
     efg          :      9.14s CPU     12.13s WALL (       1 calls)

     General routines
     calbec       :      3.16s CPU      4.50s WALL (      16 calls)
     fft          :      1.74s CPU      3.72s WALL (      15 calls)
     ffts         :      0.04s CPU      0.09s WALL (       2 calls)
     fftw         :      3.24s CPU      4.08s WALL (     672 calls)
     davcio       :      0.03s CPU      0.32s WALL (      32 calls)

     Parallel routines
     fft_scatter  :      2.23s CPU      5.01s WALL (     689 calls)

     Plugins

     GIPAW        :     64.91s CPU     79.93s WALL (       1 calls)
