
     Program QE v.6.0 (svn rev. 13079) starts on 24Jan2017 at 10:24:26 

     This program is part of the open-source Quantum ESPRESSO suite
     for quantum simulation of materials; please cite
         "P. Giannozzi et al., J. Phys.:Condens. Matter 21 395502 (2009);
          URL http://www.quantum-espresso.org", 
     in publications or presentations arising from this work. More details at
     http://www.quantum-espresso.org/quote

     Parallel version (MPI), running on     8 processors
     R & G space division:  proc/nbgrp/npool/nimage =       8

     ***** This is GIPAW svn revision unknown      *****

     Parallelizing q-star over 1 images

     Reading data from directory:
     /users/majewski/paradichlorobenzene/pbe/9_constraint/scratch/pbe.ecut100.np8.dt60.pcl2phi-129368.save
     Message from routine read_xml_file:
     file /users/majewski/paradichlorobenzene/pbe/9_constraint/scratch/pbe.ecut100.np8.dt60.pcl2phi-129368.save not guaranteed to be safe for post-processing

   Info: using nr1, nr2, nr3 values from input

   Info: using nr1, nr2, nr3 values from input

     IMPORTANT: XC functional enforced from input :
     Exchange-correlation      =  SLA  PW   PBX  PBC ( 1  4  3  4 0 0)
     Any further DFT definition will be discarded
     Please, verify this is what you really want

               file C.pbe-n-kjpaw_psl.1.0.0.UPF: wavefunction(s)  2S 2P renormalized
               file Cl.pbe-n-kjpaw_psl.1.0.0.UPF: wavefunction(s)  3S 3P renormalized
               file H.pbe-kjpaw_psl.1.0.0.UPF: wavefunction(s)  1S renormalized

     Parallelization info
     --------------------
     sticks:   dense  smooth     PW     G-vecs:    dense   smooth      PW
     Min        3057    1223    332               144436    36536    5170
     Max        3059    1225    333               144437    36537    5171
     Sum       24467    9791   2657              1155489   292295   41363


     Subspace diagonalization in iterative solution of the eigenvalue problem:
     a serial algorithm will be used

     GIPAW projectors -----------------------------------------------
     atom=  C    l=0  rc=    1.2000  rs=    0.8000
     atom=  C    l=0  rc=    1.2000  rs=    0.8000
     atom=  C    l=1  rc=    1.4000  rs=    0.9333
     atom=  C    l=1  rc=    1.4000  rs=    0.9333
     projs nearly linearly dependent: l=1  n1,n2= 1, 2  s=  0.99951561

     atom=  Cl   l=0  rc=    1.6000  rs=    1.0667
     atom=  Cl   l=0  rc=    1.6000  rs=    1.0667
     atom=  Cl   l=1  rc=    1.6000  rs=    1.0667
     atom=  Cl   l=1  rc=    1.6000  rs=    1.0667
     atom=  Cl   l=2  rc=    1.6000  rs=    1.0667
     atom=  Cl   l=2  rc=    1.6000  rs=    1.0667
     projs nearly linearly dependent: l=2  n1,n2= 1, 2  s=  0.99993509

     atom=  H    l=0  rc=    1.0000  rs=    0.6667
     atom=  H    l=0  rc=    1.0000  rs=    0.6667
     projs nearly linearly dependent: l=0  n1,n2= 1, 2  s=  0.99968852
     -----------------------------------------------------------------

     GIPAW integrals: -------------------------------------------
     Atom  i/j   nmr_para   nmr_dia   epr_rmc  epr_para   epr_dia
       C   1 1   0.83E+03  0.17E-01  0.93E+01  0.24E+08  0.24E+03
       C   2 1   0.86E+03 -0.61E-01  0.94E+01  0.25E+08  0.25E+03
       C   2 2   0.90E+03 -0.15E+00  0.97E+01  0.26E+08  0.26E+03
       C   3 3   0.33E+01  0.34E+00  0.18E+01  0.55E+03  0.21E+02
       C   4 3   0.35E+01  0.37E+00  0.20E+01  0.59E+03  0.22E+02
       C   4 4   0.38E+01  0.39E+00  0.22E+01  0.63E+03  0.24E+02
       Cl  1 1   0.14E+04 -0.47E+00  0.84E+01  0.32E+09  0.42E+03
       Cl  2 1   0.21E+04 -0.37E+00  0.12E+02  0.49E+09  0.65E+03
       Cl  2 2   0.33E+04 -0.16E+00  0.21E+02  0.76E+09  0.10E+04
       Cl  3 3   0.21E+02  0.79E-01  0.89E+01  0.23E+05  0.13E+03
       Cl  4 3   0.24E+02  0.67E-01  0.99E+01  0.27E+05  0.15E+03
       Cl  4 4   0.28E+02  0.44E-01  0.11E+02  0.32E+05  0.18E+03
       Cl  5 5   0.77E+00  0.19E+00  0.18E+01  0.12E+03  0.22E+02
       Cl  6 5   0.80E+00  0.19E+00  0.19E+01  0.12E+03  0.23E+02
       Cl  6 6   0.83E+00  0.20E+00  0.19E+01  0.12E+03  0.23E+02
       H   1 1   0.39E+02  0.19E+00  0.29E+00  0.78E+05  0.13E+02
       H   2 1   0.41E+02  0.21E+00  0.32E+00  0.82E+05  0.14E+02
       H   2 2   0.43E+02  0.22E+00  0.36E+00  0.86E+05  0.15E+02
     ------------------------------------------------------------

     alpha_pv=     34.1391 eV

     Number of occupied bands for each k-point:
     k-point:     1    nbnd_occ=  42
     k-point:     2    nbnd_occ=  42
     k-point:     3    nbnd_occ=  42
     k-point:     4    nbnd_occ=  42
     k-point:     5    nbnd_occ=  42
     k-point:     6    nbnd_occ=  42
     k-point:     7    nbnd_occ=  42
     k-point:     8    nbnd_occ=  42
     k-point:     9    nbnd_occ=  42
     k-point:    10    nbnd_occ=  42
     k-point:    11    nbnd_occ=  42
     k-point:    12    nbnd_occ=  42
     k-point:    13    nbnd_occ=  42
     k-point:    14    nbnd_occ=  42
     k-point:    15    nbnd_occ=  42
     k-point:    16    nbnd_occ=  42


     q-space interpolation up to   110.00 Rydberg

     GIPAW job: efg                                                                             


     ELECTRIC FIELD GRADIENTS TENSORS IN Hartree/bohrradius^2:

     ----- bare term -----
     Cl   1       -0.183260        0.125075        0.037919
     Cl   1        0.125075        0.005059       -0.135772
     Cl   1        0.037919       -0.135772        0.178202

     C    2       -0.044819        0.006558       -0.233927
     C    2        0.006558        0.044387       -0.671352
     C    2       -0.233927       -0.671352        0.000432

     C    3       -0.608972        0.405604       -0.314170
     C    3        0.405604        0.292489       -0.228253
     C    3       -0.314170       -0.228253        0.316483

     H    4       -0.479578       -0.348274       -0.444103
     H    4       -0.348274        0.273990       -0.208437
     H    4       -0.444103       -0.208437        0.205588

     C    5       -0.145431        0.063613       -0.245495
     C    5        0.063613       -0.011478       -0.415563
     C    5       -0.245495       -0.415563        0.156908

     H    6        0.432064        0.057793        0.096538
     H    6        0.057793       -0.296553       -0.644853
     H    6        0.096538       -0.644853       -0.135512

     H    7        0.387119        0.096216       -0.031682
     H    7        0.096216       -0.562226        0.534873
     H    7       -0.031682        0.534873        0.175107

     C    8       -0.750544       -0.317273       -0.426224
     C    8       -0.317273        0.264730        0.058217
     C    8       -0.426224        0.058217        0.485814

     H    9       -0.626287        0.188081        0.075717
     H    9        0.188081        0.439446        0.169796
     H    9        0.075717        0.169796        0.186841

     C   10       -0.022103       -0.008863       -0.323458
     C   10       -0.008863       -0.312341        0.502637
     C   10       -0.323458        0.502637        0.334444

     C   11       -0.456335       -0.286241       -0.327334
     C   11       -0.286241        0.124564        0.406422
     C   11       -0.327334        0.406422        0.331771

     Cl  12       -0.021947        0.042689       -0.030834
     Cl  12        0.042689        0.146370        0.016245
     Cl  12       -0.030834        0.016245       -0.124423

     H   13        0.523119       -0.009853        0.092455
     H   13       -0.009853        0.022094       -0.158096
     H   13        0.092455       -0.158096       -0.545214

     C   14       -0.603080        0.305883       -0.114578
     C   14        0.305883        0.301136       -0.110134
     C   14       -0.114578       -0.110134        0.301943

     H   15       -0.278199        0.244839       -0.449689
     H   15        0.244839       -0.032866       -0.070511
     H   15       -0.449689       -0.070511        0.311065

     C   16        0.067943        0.049201       -0.201373
     C   16        0.049201       -0.040258       -0.634072
     C   16       -0.201373       -0.634072       -0.027685

     C   17       -0.681645        0.401302       -0.389454
     C   17        0.401302        0.369974       -0.117258
     C   17       -0.389454       -0.117258        0.311670

     Cl  18       -0.080562        0.004190        0.045346
     Cl  18        0.004190       -0.051642        0.088654
     Cl  18        0.045346        0.088654        0.132203

     H   19        0.472042        0.117635       -0.009993
     H   19        0.117635       -0.807556       -0.032664
     H   19       -0.009993       -0.032664        0.335514

     C   20       -0.168323        0.001097       -0.243507
     C   20        0.001097        0.008350        0.469859
     C   20       -0.243507        0.469859        0.159972

     H   21       -0.370178        0.510689       -0.112110
     H   21        0.510689        0.069324       -0.067457
     H   21       -0.112110       -0.067457        0.300854

     C   22       -0.633961       -0.338358       -0.164675
     C   22       -0.338358        0.261266        0.303654
     C   22       -0.164675        0.303654        0.372695

     C   23       -0.093347        0.167895       -0.327726
     C   23        0.167895        0.047799        0.734726
     C   23       -0.327726        0.734726        0.045548

     Cl  24       -0.221433       -0.271250       -0.010541
     Cl  24       -0.271250        0.211850        0.010278
     Cl  24       -0.010541        0.010278        0.009582

     ----- ionic term -----
     Cl   1        0.083523       -0.197611        0.006837
     Cl   1       -0.197611        0.063886        0.005623
     Cl   1        0.006837        0.005623       -0.147409

     C    2        0.161677       -0.204696        0.264989
     C    2       -0.204696        0.059328        0.375076
     C    2        0.264989        0.375076       -0.221005

     C    3        0.171039       -0.221570        0.181274
     C    3       -0.221570        0.037048        0.375726
     C    3        0.181274        0.375726       -0.208086

     H    4        0.629503        0.143049        0.706017
     H    4        0.143049       -0.532183        0.157998
     H    4        0.706017        0.157998       -0.097320

     C    5        0.296552       -0.151289        0.240466
     C    5       -0.151289       -0.072434        0.345635
     C    5        0.240466        0.345635       -0.224119

     H    6       -0.512142       -0.006247       -0.001500
     H    6       -0.006247        0.384945        0.811172
     H    6       -0.001500        0.811172        0.127197

     H    7       -0.516283       -0.072324        0.031596
     H    7       -0.072324        0.780648       -0.630517
     H    7        0.031596       -0.630517       -0.264365

     C    8        0.399212        0.145292        0.221909
     C    8        0.145292        0.085949       -0.286823
     C    8        0.221909       -0.286823       -0.485161

     H    9        0.798633       -0.444743        0.431773
     H    9       -0.444743       -0.322446       -0.196003
     H    9        0.431773       -0.196003       -0.476187

     C   10        0.232892        0.186857        0.134075
     C   10        0.186857        0.276620       -0.337040
     C   10        0.134075       -0.337040       -0.509512

     C   11        0.214540        0.119092        0.221252
     C   11        0.119092        0.249705       -0.370258
     C   11        0.221252       -0.370258       -0.464245

     Cl  12        0.154938        0.223238        0.001651
     Cl  12        0.223238        0.004940       -0.007526
     Cl  12        0.001651       -0.007526       -0.159878

     H   13       -0.523353       -0.029377        0.003422
     H   13       -0.029377        0.432590        0.800964
     H   13        0.003422        0.800964        0.090764

     C   14        0.309071       -0.268478        0.179513
     C   14       -0.268478       -0.056753        0.332528
     C   14        0.179513        0.332528       -0.252318

     H   15        0.701676        0.290930        0.602364
     H   15        0.290930       -0.455810        0.217591
     H   15        0.602364        0.217591       -0.245866

     C   16        0.194869       -0.232863        0.113161
     C   16       -0.232863        0.071808        0.440589
     C   16        0.113161        0.440589       -0.266677

     C   17        0.229000       -0.149179        0.212640
     C   17       -0.149179       -0.007782        0.487050
     C   17        0.212640        0.487050       -0.221219

     Cl  18        0.161364       -0.228359       -0.047854
     Cl  18       -0.228359       -0.027048        0.032860
     Cl  18       -0.047854        0.032860       -0.134316

     H   19       -0.513070       -0.064816        0.042229
     H   19       -0.064816        0.753305       -0.637844
     H   19        0.042229       -0.637844       -0.240236

     C   20        0.297816        0.171301        0.254764
     C   20        0.171301        0.145715       -0.258604
     C   20        0.254764       -0.258604       -0.443532

     H   21        0.828336       -0.270430        0.532244
     H   21       -0.270430       -0.436220       -0.185274
     H   21        0.532244       -0.185274       -0.392116

     C   22        0.232516        0.262168        0.197489
     C   22        0.262168        0.175093       -0.308378
     C   22        0.197489       -0.308378       -0.407609

     C   23        0.337041        0.083504        0.257088
     C   23        0.083504        0.072802       -0.355173
     C   23        0.257088       -0.355173       -0.409843

     Cl  24        0.157704        0.187152        0.024106
     Cl  24        0.187152       -0.003996        0.004221
     Cl  24        0.024106        0.004221       -0.153708

     ----- GIPAW term -----
     Cl   1        0.240391       -1.841615        0.266934
     Cl   1       -1.841615        0.162728       -1.146665
     Cl   1        0.266934       -1.146665       -0.403119

     C    2       -0.056119       -0.003270       -0.060883
     C    2       -0.003270        0.166477       -0.202040
     C    2       -0.060883       -0.202040       -0.110357

     C    3       -0.197063        0.157294       -0.070070
     C    3        0.157294        0.276816       -0.018835
     C    3       -0.070070       -0.018835       -0.079753

     H    4       -0.000000        0.000000        0.000000
     H    4        0.000000        0.000000        0.000000
     H    4        0.000000        0.000000        0.000000

     C    5       -0.115651        0.006946       -0.023910
     C    5        0.006946        0.219708        0.013496
     C    5       -0.023910        0.013496       -0.104056

     H    6       -0.000000        0.000000        0.000000
     H    6        0.000000        0.000000        0.000000
     H    6        0.000000        0.000000        0.000000

     H    7       -0.000000        0.000000        0.000000
     H    7        0.000000        0.000000        0.000000
     H    7        0.000000        0.000000        0.000000

     C    8       -0.180849        0.039223       -0.102283
     C    8        0.039223        0.156716       -0.132936
     C    8       -0.102283       -0.132936        0.024133

     H    9       -0.000000        0.000000        0.000000
     H    9        0.000000        0.000000        0.000000
     H    9        0.000000        0.000000        0.000000

     C   10       -0.038444        0.104277       -0.128082
     C   10        0.104277       -0.001139       -0.029129
     C   10       -0.128082       -0.029129        0.039583

     C   11       -0.105885        0.073848       -0.042491
     C   11        0.073848        0.188299        0.138734
     C   11       -0.042491        0.138734       -0.082414

     Cl  12        0.867822        2.249747       -0.190540
     Cl  12        2.249747        1.474197        0.190097
     Cl  12       -0.190540        0.190097       -2.342019

     H   13       -0.000000        0.000000        0.000000
     H   13        0.000000        0.000000        0.000000
     H   13        0.000000        0.000000        0.000000

     C   14       -0.129664       -0.007117        0.015205
     C   14       -0.007117        0.153588       -0.069678
     C   14        0.015205       -0.069678       -0.023924

     H   15       -0.000000        0.000000        0.000000
     H   15        0.000000        0.000000        0.000000
     H   15        0.000000        0.000000        0.000000

     C   16       -0.110580       -0.037517       -0.021563
     C   16       -0.037517        0.263550       -0.089343
     C   16       -0.021563       -0.089343       -0.152969

     C   17       -0.165422        0.038660       -0.037693
     C   17        0.038660        0.294534        0.079287
     C   17       -0.037693        0.079287       -0.129112

     Cl  18       -0.446924       -1.601749        0.268266
     Cl  18       -1.601749       -0.672011        1.712717
     Cl  18        0.268266        1.712717        1.118935

     H   19       -0.000000        0.000000        0.000000
     H   19        0.000000        0.000000        0.000000
     H   19        0.000000        0.000000        0.000000

     C   20       -0.102507       -0.011095       -0.028416
     C   20       -0.011095        0.160900        0.208546
     C   20       -0.028416        0.208546       -0.058392

     H   21       -0.000000        0.000000        0.000000
     H   21        0.000000        0.000000        0.000000
     H   21        0.000000        0.000000        0.000000

     C   22       -0.226251       -0.003501       -0.018246
     C   22       -0.003501        0.288120        0.106232
     C   22       -0.018246        0.106232       -0.061869

     C   23       -0.051585        0.143917       -0.044484
     C   23        0.143917        0.192286        0.201934
     C   23       -0.044484        0.201934       -0.140701

     Cl  24       -0.325033        0.291186       -0.131148
     Cl  24        0.291186        2.434808        0.033227
     Cl  24       -0.131148        0.033227       -2.109775

     ----- total EFG -----
     Cl   1        0.140654       -1.914152        0.311690
     Cl   1       -1.914152        0.231672       -1.276814
     Cl   1        0.311690       -1.276814       -0.372326

     C    2        0.060739       -0.201408       -0.029821
     C    2       -0.201408        0.270191       -0.498316
     C    2       -0.029821       -0.498316       -0.330930

     C    3       -0.634997        0.341329       -0.202966
     C    3        0.341329        0.606353        0.128638
     C    3       -0.202966        0.128638        0.028644

     H    4        0.149925       -0.205225        0.261914
     H    4       -0.205225       -0.258193       -0.050439
     H    4        0.261914       -0.050439        0.108268

     C    5        0.035470       -0.080729       -0.028939
     C    5       -0.080729        0.135796       -0.056432
     C    5       -0.028939       -0.056432       -0.171267

     H    6       -0.080077        0.051546        0.095038
     H    6        0.051546        0.088392        0.166319
     H    6        0.095038        0.166319       -0.008315

     H    7       -0.129164        0.023891       -0.000086
     H    7        0.023891        0.218422       -0.095644
     H    7       -0.000086       -0.095644       -0.089258

     C    8       -0.532181       -0.132758       -0.306598
     C    8       -0.132758        0.507395       -0.361542
     C    8       -0.306598       -0.361542        0.024786

     H    9        0.172346       -0.256661        0.507489
     H    9       -0.256661        0.117000       -0.026207
     H    9        0.507489       -0.026207       -0.289346

     C   10        0.172345        0.282271       -0.317465
     C   10        0.282271       -0.036860        0.136467
     C   10       -0.317465        0.136467       -0.135485

     C   11       -0.347680       -0.093301       -0.148573
     C   11       -0.093301        0.562569        0.174897
     C   11       -0.148573        0.174897       -0.214888

     Cl  12        1.000813        2.515673       -0.219724
     Cl  12        2.515673        1.625507        0.198816
     Cl  12       -0.219724        0.198816       -2.626320

     H   13       -0.000234       -0.039230        0.095877
     H   13       -0.039230        0.454684        0.642868
     H   13        0.095877        0.642868       -0.454450

     C   14       -0.423673        0.030289        0.080140
     C   14        0.030289        0.397971        0.152716
     C   14        0.080140        0.152716        0.025701

     H   15        0.423477        0.535769        0.152675
     H   15        0.535769       -0.488676        0.147079
     H   15        0.152675        0.147079        0.065199

     C   16        0.152231       -0.221178       -0.109774
     C   16       -0.221178        0.295100       -0.282827
     C   16       -0.109774       -0.282827       -0.447331

     C   17       -0.618066        0.290783       -0.214507
     C   17        0.290783        0.656727        0.449080
     C   17       -0.214507        0.449080       -0.038661

     Cl  18       -0.366122       -1.825918        0.265759
     Cl  18       -1.825918       -0.750701        1.834230
     Cl  18        0.265759        1.834230        1.116822

     H   19       -0.041028        0.052819        0.032237
     H   19        0.052819       -0.054251       -0.670508
     H   19        0.032237       -0.670508        0.095279

     C   20        0.026986        0.161303       -0.017158
     C   20        0.161303        0.314965        0.419801
     C   20       -0.017158        0.419801       -0.341952

     H   21        0.458158        0.240259        0.420135
     H   21        0.240259       -0.366896       -0.252731
     H   21        0.420135       -0.252731       -0.091262

     C   22       -0.627696       -0.079691        0.014567
     C   22       -0.079691        0.724478        0.101508
     C   22        0.014567        0.101508       -0.096783

     C   23        0.192109        0.395316       -0.115123
     C   23        0.395316        0.312888        0.581487
     C   23       -0.115123        0.581487       -0.504997

     Cl  24       -0.388762        0.207088       -0.117583
     Cl  24        0.207088        2.642663        0.047726
     Cl  24       -0.117583        0.047726       -2.253901

     ----- total EFG (symmetrized) -----
     Cl   1        0.140654       -1.914152        0.311690
     Cl   1       -1.914152        0.231672       -1.276814
     Cl   1        0.311690       -1.276814       -0.372326

     C    2        0.060739       -0.201408       -0.029821
     C    2       -0.201408        0.270191       -0.498316
     C    2       -0.029821       -0.498316       -0.330930

     C    3       -0.634997        0.341329       -0.202966
     C    3        0.341329        0.606353        0.128638
     C    3       -0.202966        0.128638        0.028644

     H    4        0.149925       -0.205225        0.261914
     H    4       -0.205225       -0.258193       -0.050439
     H    4        0.261914       -0.050439        0.108268

     C    5        0.035470       -0.080729       -0.028939
     C    5       -0.080729        0.135796       -0.056432
     C    5       -0.028939       -0.056432       -0.171267

     H    6       -0.080077        0.051546        0.095038
     H    6        0.051546        0.088392        0.166319
     H    6        0.095038        0.166319       -0.008315

     H    7       -0.129164        0.023891       -0.000086
     H    7        0.023891        0.218422       -0.095644
     H    7       -0.000086       -0.095644       -0.089258

     C    8       -0.532181       -0.132758       -0.306598
     C    8       -0.132758        0.507395       -0.361542
     C    8       -0.306598       -0.361542        0.024786

     H    9        0.172346       -0.256661        0.507489
     H    9       -0.256661        0.117000       -0.026207
     H    9        0.507489       -0.026207       -0.289346

     C   10        0.172345        0.282271       -0.317465
     C   10        0.282271       -0.036860        0.136467
     C   10       -0.317465        0.136467       -0.135485

     C   11       -0.347680       -0.093301       -0.148573
     C   11       -0.093301        0.562569        0.174897
     C   11       -0.148573        0.174897       -0.214888

     Cl  12        1.000813        2.515673       -0.219724
     Cl  12        2.515673        1.625507        0.198816
     Cl  12       -0.219724        0.198816       -2.626320

     H   13       -0.000234       -0.039230        0.095877
     H   13       -0.039230        0.454684        0.642868
     H   13        0.095877        0.642868       -0.454450

     C   14       -0.423673        0.030289        0.080140
     C   14        0.030289        0.397971        0.152716
     C   14        0.080140        0.152716        0.025701

     H   15        0.423477        0.535769        0.152675
     H   15        0.535769       -0.488676        0.147079
     H   15        0.152675        0.147079        0.065199

     C   16        0.152231       -0.221178       -0.109774
     C   16       -0.221178        0.295100       -0.282827
     C   16       -0.109774       -0.282827       -0.447331

     C   17       -0.618066        0.290783       -0.214507
     C   17        0.290783        0.656727        0.449080
     C   17       -0.214507        0.449080       -0.038661

     Cl  18       -0.366122       -1.825918        0.265759
     Cl  18       -1.825918       -0.750701        1.834230
     Cl  18        0.265759        1.834230        1.116822

     H   19       -0.041028        0.052819        0.032237
     H   19        0.052819       -0.054251       -0.670508
     H   19        0.032237       -0.670508        0.095279

     C   20        0.026986        0.161303       -0.017158
     C   20        0.161303        0.314965        0.419801
     C   20       -0.017158        0.419801       -0.341952

     H   21        0.458158        0.240259        0.420135
     H   21        0.240259       -0.366896       -0.252731
     H   21        0.420135       -0.252731       -0.091262

     C   22       -0.627696       -0.079691        0.014567
     C   22       -0.079691        0.724478        0.101508
     C   22        0.014567        0.101508       -0.096783

     C   23        0.192109        0.395316       -0.115123
     C   23        0.395316        0.312888        0.581487
     C   23       -0.115123        0.581487       -0.504997

     Cl  24       -0.388762        0.207088       -0.117583
     Cl  24        0.207088        2.642663        0.047726
     Cl  24       -0.117583        0.047726       -2.253901


     NQR/NMR SPECTROSCOPIC PARAMETERS:
     Cl   1    Vxx=   -0.5000    axis=(  0.568965  0.056846 -0.820395)
     Cl   1    Vyy=   -2.0543    axis=( -0.556043 -0.708405 -0.434716)
     Cl   1    Vzz=    2.5543    axis=( -0.605883  0.703514 -0.371449)
     Cl   1  Q=        -8.1650 1e-30 m^2  Cq=       -49.0036 MHz  eta= 0.60849

     C    2    Vxx=    0.0349    axis=(  0.939037  0.165171 -0.301544)
     C    2    Vyy=    0.6006    axis=(  0.291588 -0.847294  0.443925)
     C    2    Vzz=   -0.6355    axis=( -0.182173 -0.504789 -0.843802)
     C    2  Q=         1.0000 1e-30 m^2  Cq=        -1.4931 MHz  eta= 0.89020

     C    3    Vxx=    0.0844    axis=( -0.291062 -0.045181  0.955637)
     C    3    Vyy=    0.7026    axis=( -0.229111 -0.966526 -0.115477)
     C    3    Vzz=   -0.7870    axis=(  0.928866 -0.252558  0.270968)
     C    3  Q=         1.0000 1e-30 m^2  Cq=        -1.8492 MHz  eta= 0.78557

     H    4    Vxx=   -0.0900    axis=( -0.507422  0.388452  0.769174)
     H    4    Vyy=   -0.3520    axis=(  0.441973  0.883594 -0.154668)
     H    4    Vzz=    0.4420    axis=( -0.739718  0.261472 -0.620040)
     H    4  Q=         1.0000 1e-30 m^2  Cq=         1.0385 MHz  eta= 0.59282

     C    5    Vxx=    0.0057    axis=(  0.865854  0.417998 -0.274907)
     C    5    Vyy=    0.1843    axis=(  0.458714 -0.882624  0.102741)
     C    5    Vzz=   -0.1900    axis=(  0.199694  0.215063  0.955966)
     C    5  Q=         1.0000 1e-30 m^2  Cq=        -0.4464 MHz  eta= 0.94015

     H    6    Vxx=   -0.0771    axis=(  0.753594 -0.567700  0.331381)
     H    6    Vyy=   -0.1665    axis=( -0.587502 -0.355554  0.726927)
     H    6    Vzz=    0.2436    axis=(  0.294853  0.742495  0.601468)
     H    6  Q=         1.0000 1e-30 m^2  Cq=         0.5723 MHz  eta= 0.36683

     H    7    Vxx=   -0.1140    axis=(  0.363434  0.233351  0.901922)
     H    7    Vyy=   -0.1331    axis=( -0.929620  0.154246  0.334687)
     H    7    Vzz=    0.2471    axis=( -0.061018 -0.960081  0.272986)
     H    7  Q=         1.0000 1e-30 m^2  Cq=         0.5807 MHz  eta= 0.07712

     C    8    Vxx=    0.0287    axis=(  0.509614 -0.424078 -0.748633)
     C    8    Vyy=    0.7014    axis=( -0.024881 -0.876995  0.479854)
     C    8    Vzz=   -0.7301    axis=(  0.860043  0.225913  0.457481)
     C    8  Q=         1.0000 1e-30 m^2  Cq=        -1.7155 MHz  eta= 0.92141

     H    9    Vxx=    0.0264    axis=(  0.275680  0.887398  0.369492)
     H    9    Vyy=    0.6090    axis=( -0.780173  0.431110 -0.453292)
     H    9    Vzz=   -0.6354    axis=( -0.561543 -0.163304  0.811173)
     H    9  Q=         1.0000 1e-30 m^2  Cq=        -1.4929 MHz  eta= 0.91705

     C   10    Vxx=    0.0557    axis=( -0.065537  0.757543  0.649487)
     C   10    Vyy=    0.4427    axis=( -0.842724 -0.390564  0.370507)
     C   10    Vzz=   -0.4985    axis=(  0.534341 -0.523056  0.663997)
     C   10  Q=         1.0000 1e-30 m^2  Cq=        -1.1712 MHz  eta= 0.77643

     C   11    Vxx=   -0.1716    axis=( -0.538840 -0.259406  0.801473)
     C   11    Vyy=   -0.4443    axis=( -0.832570  0.019011 -0.553594)
     C   11    Vzz=    0.6159    axis=( -0.128368  0.965581  0.226217)
     C   11  Q=         1.0000 1e-30 m^2  Cq=         1.4472 MHz  eta= 0.44278

     Cl  12    Vxx=   -1.1619    axis=( -0.734613  0.648858  0.198311)
     Cl  12    Vyy=   -2.6863    axis=(  0.148267 -0.131699  0.980139)
     Cl  12    Vzz=    3.8482    axis=( -0.662088 -0.749425 -0.000544)
     Cl  12  Q=        -8.1650 1e-30 m^2  Cq=       -73.8248 MHz  eta= 0.39614

     H   13    Vxx=    0.0130    axis=(  0.991720 -0.069288  0.108127)
     H   13    Vyy=    0.7876    axis=( -0.011824 -0.887653 -0.460361)
     H   13    Vzz=   -0.8005    axis=(  0.127877  0.455270 -0.881122)
     H   13  Q=         1.0000 1e-30 m^2  Cq=        -1.8809 MHz  eta= 0.96762

     C   14    Vxx=   -0.0186    axis=(  0.156548 -0.349982  0.923583)
     C   14    Vyy=   -0.4376    axis=( -0.985620  0.004858  0.168904)
     C   14    Vzz=    0.4561    axis=( -0.063600 -0.936744 -0.344189)
     C   14  Q=         1.0000 1e-30 m^2  Cq=         1.0717 MHz  eta= 0.91851

     H   15    Vxx=    0.0109    axis=( -0.299715 -0.040811  0.953156)
     H   15    Vyy=    0.7315    axis=(  0.863193  0.413873  0.289147)
     H   15    Vzz=   -0.7424    axis=( -0.406286  0.909419 -0.088816)
     H   15  Q=         1.0000 1e-30 m^2  Cq=        -1.7443 MHz  eta= 0.97065

     C   16    Vxx=    0.0965    axis=(  0.837221  0.397406 -0.375672)
     C   16    Vyy=    0.4895    axis=(  0.491530 -0.847959  0.198405)
     C   16    Vzz=   -0.5860    axis=(  0.239707  0.350762  0.905266)
     C   16  Q=         1.0000 1e-30 m^2  Cq=        -1.3768 MHz  eta= 0.67064

     C   17    Vxx=   -0.0782    axis=( -0.489188 -0.305603  0.816885)
     C   17    Vyy=   -0.8182    axis=( -0.864426  0.294484 -0.407489)
     C   17    Vzz=    0.8965    axis=( -0.116029 -0.905475 -0.408230)
     C   17  Q=         1.0000 1e-30 m^2  Cq=         2.1063 MHz  eta= 0.82552

     Cl  18    Vxx=    0.5239    axis=(  0.771727 -0.294092  0.563868)
     Cl  18    Vyy=    2.4832    axis=( -0.313048  0.596114  0.739357)
     Cl  18    Vzz=   -3.0070    axis=( -0.553569 -0.747100  0.367972)
     Cl  18  Q=        -8.1650 1e-30 m^2  Cq=        57.6887 MHz  eta= 0.65156

     H   19    Vxx=   -0.0352    axis=(  0.995085  0.062751  0.076606)
     H   19    Vyy=   -0.6601    axis=( -0.097843  0.742220  0.662975)
     H   19    Vzz=    0.6953    axis=( -0.015256 -0.667212  0.744712)
     H   19  Q=         1.0000 1e-30 m^2  Cq=         1.6338 MHz  eta= 0.89871

     C   20    Vxx=    0.0038    axis=(  0.955403 -0.163491 -0.245918)
     C   20    Vyy=    0.5557    axis=(  0.254633  0.877844  0.405651)
     C   20    Vzz=   -0.5595    axis=(  0.149557 -0.450179  0.880325)
     C   20  Q=         1.0000 1e-30 m^2  Cq=        -1.3147 MHz  eta= 0.98642

     H   21    Vxx=   -0.0107    axis=(  0.272397  0.672222 -0.688417)
     H   21    Vyy=   -0.6834    axis=( -0.365169  0.734169  0.572405)
     H   21    Vzz=    0.6942    axis=(  0.890197  0.095467  0.445460)
     H   21  Q=         1.0000 1e-30 m^2  Cq=         1.6310 MHz  eta= 0.96912

     C   22    Vxx=   -0.1080    axis=(  0.045692 -0.116595  0.992128)
     C   22    Vyy=   -0.6332    axis=( -0.997360 -0.061437  0.038713)
     C   22    Vzz=    0.7412    axis=(  0.056440 -0.991277 -0.119095)
     C   22  Q=         1.0000 1e-30 m^2  Cq=         1.7416 MHz  eta= 0.70847

     C   23    Vxx=    0.1063    axis=(  0.833386 -0.313499 -0.455176)
     C   23    Vyy=    0.7800    axis=( -0.483187 -0.813097 -0.324658)
     C   23    Vzz=   -0.8863    axis=(  0.268322 -0.490501  0.829103)
     C   23  Q=         1.0000 1e-30 m^2  Cq=        -2.0824 MHz  eta= 0.76017

     Cl  24    Vxx=   -0.3950    axis=( -0.995663  0.066861  0.064697)
     Cl  24    Vyy=   -2.2620    axis=(  0.064007 -0.012413  0.997872)
     Cl  24    Vzz=    2.6571    axis=( -0.067521 -0.997685 -0.008079)
     Cl  24  Q=        -8.1650 1e-30 m^2  Cq=       -50.9744 MHz  eta= 0.70266

     Initialization:
     gipaw_setup  :      8.97s CPU     10.83s WALL (       1 calls)

     Linear response

     Apply operators

     Induced current

     Other routines
     efg          :      9.30s CPU     11.44s WALL (       1 calls)

     General routines
     calbec       :      3.23s CPU      3.98s WALL (      16 calls)
     fft          :      1.45s CPU      2.27s WALL (      15 calls)
     ffts         :      0.04s CPU      0.05s WALL (       2 calls)
     fftw         :      3.28s CPU      4.00s WALL (     672 calls)
     davcio       :      0.02s CPU      0.32s WALL (      32 calls)

     Parallel routines
     fft_scatter  :      2.14s CPU      3.52s WALL (     689 calls)

     Plugins

     GIPAW        :     60.97s CPU     70.69s WALL (       1 calls)
