
     Program QE v.6.0 (svn rev. 13079) starts on 10Jan2017 at 12:28:13 

     This program is part of the open-source Quantum ESPRESSO suite
     for quantum simulation of materials; please cite
         "P. Giannozzi et al., J. Phys.:Condens. Matter 21 395502 (2009);
          URL http://www.quantum-espresso.org", 
     in publications or presentations arising from this work. More details at
     http://www.quantum-espresso.org/quote

     Parallel version (MPI), running on     8 processors
     R & G space division:  proc/nbgrp/npool/nimage =       8

     ***** This is GIPAW svn revision unknown      *****

     Parallelizing q-star over 1 images

     Reading data from directory:
     /users/majewski/paradichlorobenzene/pbe/9_constraint/scratch/pbe.ecut100.np8.dt60.pcl2phi-129368.save
     Message from routine read_xml_file:
     file /users/majewski/paradichlorobenzene/pbe/9_constraint/scratch/pbe.ecut100.np8.dt60.pcl2phi-129368.save not guaranteed to be safe for post-processing

   Info: using nr1, nr2, nr3 values from input

   Info: using nr1, nr2, nr3 values from input

     IMPORTANT: XC functional enforced from input :
     Exchange-correlation      =  SLA  PW   PBX  PBC ( 1  4  3  4 0 0)
     Any further DFT definition will be discarded
     Please, verify this is what you really want

               file C.pbe-n-kjpaw_psl.1.0.0.UPF: wavefunction(s)  2S 2P renormalized
               file Cl.pbe-n-kjpaw_psl.1.0.0.UPF: wavefunction(s)  3S 3P renormalized
               file H.pbe-kjpaw_psl.1.0.0.UPF: wavefunction(s)  1S renormalized

     Parallelization info
     --------------------
     sticks:   dense  smooth     PW     G-vecs:    dense   smooth      PW
     Min        3057    1223    332               144436    36536    5170
     Max        3059    1225    333               144437    36537    5171
     Sum       24467    9791   2657              1155489   292295   41363


     Subspace diagonalization in iterative solution of the eigenvalue problem:
     a serial algorithm will be used

     GIPAW projectors -----------------------------------------------
     atom=  C    l=0  rc=    1.2000  rs=    0.8000
     atom=  C    l=0  rc=    1.2000  rs=    0.8000
     atom=  C    l=1  rc=    1.4000  rs=    0.9333
     atom=  C    l=1  rc=    1.4000  rs=    0.9333
     projs nearly linearly dependent: l=1  n1,n2= 1, 2  s=  0.99951561

     atom=  Cl   l=0  rc=    1.6000  rs=    1.0667
     atom=  Cl   l=0  rc=    1.6000  rs=    1.0667
     atom=  Cl   l=1  rc=    1.6000  rs=    1.0667
     atom=  Cl   l=1  rc=    1.6000  rs=    1.0667
     atom=  Cl   l=2  rc=    1.6000  rs=    1.0667
     atom=  Cl   l=2  rc=    1.6000  rs=    1.0667
     projs nearly linearly dependent: l=2  n1,n2= 1, 2  s=  0.99993509

     atom=  H    l=0  rc=    1.0000  rs=    0.6667
     atom=  H    l=0  rc=    1.0000  rs=    0.6667
     projs nearly linearly dependent: l=0  n1,n2= 1, 2  s=  0.99968852
     -----------------------------------------------------------------

     GIPAW integrals: -------------------------------------------
     Atom  i/j   nmr_para   nmr_dia   epr_rmc  epr_para   epr_dia
       C   1 1   0.83E+03  0.17E-01  0.93E+01  0.24E+08  0.24E+03
       C   2 1   0.86E+03 -0.61E-01  0.94E+01  0.25E+08  0.25E+03
       C   2 2   0.90E+03 -0.15E+00  0.97E+01  0.26E+08  0.26E+03
       C   3 3   0.33E+01  0.34E+00  0.18E+01  0.55E+03  0.21E+02
       C   4 3   0.35E+01  0.37E+00  0.20E+01  0.59E+03  0.22E+02
       C   4 4   0.38E+01  0.39E+00  0.22E+01  0.63E+03  0.24E+02
       Cl  1 1   0.14E+04 -0.47E+00  0.84E+01  0.32E+09  0.42E+03
       Cl  2 1   0.21E+04 -0.37E+00  0.12E+02  0.49E+09  0.65E+03
       Cl  2 2   0.33E+04 -0.16E+00  0.21E+02  0.76E+09  0.10E+04
       Cl  3 3   0.21E+02  0.79E-01  0.89E+01  0.23E+05  0.13E+03
       Cl  4 3   0.24E+02  0.67E-01  0.99E+01  0.27E+05  0.15E+03
       Cl  4 4   0.28E+02  0.44E-01  0.11E+02  0.32E+05  0.18E+03
       Cl  5 5   0.77E+00  0.19E+00  0.18E+01  0.12E+03  0.22E+02
       Cl  6 5   0.80E+00  0.19E+00  0.19E+01  0.12E+03  0.23E+02
       Cl  6 6   0.83E+00  0.20E+00  0.19E+01  0.12E+03  0.23E+02
       H   1 1   0.39E+02  0.19E+00  0.29E+00  0.78E+05  0.13E+02
       H   2 1   0.41E+02  0.21E+00  0.32E+00  0.82E+05  0.14E+02
       H   2 2   0.43E+02  0.22E+00  0.36E+00  0.86E+05  0.15E+02
     ------------------------------------------------------------

     alpha_pv=     33.9459 eV

     Number of occupied bands for each k-point:
     k-point:     1    nbnd_occ=  42
     k-point:     2    nbnd_occ=  42
     k-point:     3    nbnd_occ=  42
     k-point:     4    nbnd_occ=  42
     k-point:     5    nbnd_occ=  42
     k-point:     6    nbnd_occ=  42
     k-point:     7    nbnd_occ=  42
     k-point:     8    nbnd_occ=  42
     k-point:     9    nbnd_occ=  42
     k-point:    10    nbnd_occ=  42
     k-point:    11    nbnd_occ=  42
     k-point:    12    nbnd_occ=  42
     k-point:    13    nbnd_occ=  42
     k-point:    14    nbnd_occ=  42
     k-point:    15    nbnd_occ=  42
     k-point:    16    nbnd_occ=  42


     q-space interpolation up to   110.00 Rydberg

     GIPAW job: efg                                                                             


     ELECTRIC FIELD GRADIENTS TENSORS IN Hartree/bohrradius^2:

     ----- bare term -----
     Cl   1       -0.052628        0.216978        0.125346
     Cl   1        0.216978       -0.037825        0.106491
     Cl   1        0.125346        0.106491        0.090453

     C    2       -0.154177        0.124528       -0.470726
     C    2        0.124528        0.075227       -0.343071
     C    2       -0.470726       -0.343071        0.078950

     C    3        0.139499        0.274763       -0.039613
     C    3        0.274763       -0.138321       -0.469413
     C    3       -0.039613       -0.469413       -0.001178

     H    4        0.118914        0.078787       -0.425565
     H    4        0.078787        0.015636        0.253563
     H    4       -0.425565        0.253563       -0.134551

     C    5       -0.473396        0.312351       -0.247449
     C    5        0.312351        0.107038       -0.415870
     C    5       -0.247449       -0.415870        0.366358

     H    6        0.537777       -0.013294       -0.057240
     H    6       -0.013294       -0.012367       -0.271375
     H    6       -0.057240       -0.271375       -0.525410

     H    7        0.426393        0.017103        0.203814
     H    7        0.017103       -0.037341        0.413300
     H    7        0.203814        0.413300       -0.389052

     C    8       -0.310015       -0.173657       -0.369915
     C    8       -0.173657       -0.100596        0.426109
     C    8       -0.369915        0.426109        0.410611

     H    9       -0.320922        0.213032       -0.530912
     H    9        0.213032        0.328035        0.220408
     H    9       -0.530912        0.220408       -0.007114

     C   10       -0.193126       -0.230727       -0.281457
     C   10       -0.230727       -0.205064        0.515295
     C   10       -0.281457        0.515295        0.398190

     C   11       -0.321268       -0.039022       -0.366870
     C   11       -0.039022       -0.048003        0.433924
     C   11       -0.366870        0.433924        0.369271

     Cl  12       -0.103601       -0.050646        0.073037
     Cl  12       -0.050646       -0.080714       -0.080108
     Cl  12        0.073037       -0.080108        0.184314

     H   13        0.455208       -0.044654       -0.240815
     H   13       -0.044654        0.026002       -0.389886
     H   13       -0.240815       -0.389886       -0.481210

     C   14       -0.218560        0.375768        0.037894
     C   14        0.375768       -0.337674       -0.435207
     C   14        0.037894       -0.435207        0.556233

     H   15        0.044264        0.080930       -0.498502
     H   15        0.080930        0.111417        0.249335
     H   15       -0.498502        0.249335       -0.155681

     C   16       -0.142203        0.088671       -0.235196
     C   16        0.088671       -0.085727       -0.680309
     C   16       -0.235196       -0.680309        0.227930

     C   17       -0.327983        0.137069       -0.409009
     C   17        0.137069        0.047493       -0.384901
     C   17       -0.409009       -0.384901        0.280490

     Cl  18       -0.069019        0.061163        0.009607
     Cl  18        0.061163       -0.022901        0.030499
     Cl  18        0.009607        0.030499        0.091919

     H   19        0.412432        0.004214        0.118474
     H   19        0.004214       -0.156130        0.498344
     H   19        0.118474        0.498344       -0.256302

     C   20       -0.380298       -0.272750       -0.329683
     C   20       -0.272750       -0.084952        0.447575
     C   20       -0.329683        0.447575        0.465250

     H   21       -0.079548        0.139205       -0.502595
     H   21        0.139205        0.440025        0.133417
     H   21       -0.502595        0.133417       -0.360477

     C   22       -0.245804       -0.194310       -0.264522
     C   22       -0.194310       -0.144337        0.575931
     C   22       -0.264522        0.575931        0.390141

     C   23       -0.127856       -0.095556       -0.315642
     C   23       -0.095556       -0.244770        0.506633
     C   23       -0.315642        0.506633        0.372626

     Cl  24       -0.020375       -0.017259       -0.015049
     Cl  24       -0.017259        0.013639       -0.006517
     Cl  24       -0.015049       -0.006517        0.006736

     ----- ionic term -----
     Cl   1        0.114063       -0.210568       -0.019921
     Cl   1       -0.210568        0.008229        0.024666
     Cl   1       -0.019921        0.024666       -0.122292

     C    2        0.065048       -0.226687        0.306305
     C    2       -0.226687       -0.040755        0.483287
     C    2        0.306305        0.483287       -0.024293

     C    3        0.000301       -0.311495        0.218468
     C    3       -0.311495        0.089386        0.423597
     C    3        0.218468        0.423597       -0.089687

     H    4        0.547394        0.032035        0.752267
     H    4        0.032035       -0.533346        0.103481
     H    4        0.752267        0.103481       -0.014048

     C    5        0.103564       -0.288263        0.338129
     C    5       -0.288263        0.034319        0.260942
     C    5        0.338129        0.260942       -0.137883

     H    6       -0.548438        0.121062        0.122449
     H    6        0.121062        0.512367        0.777183
     H    6        0.122449        0.777183        0.036072

     H    7       -0.528800        0.028949       -0.025729
     H    7        0.028949        0.314238       -0.809200
     H    7       -0.025729       -0.809200        0.214562

     C    8        0.205494        0.180835        0.239709
     C    8        0.180835       -0.039685       -0.329318
     C    8        0.239709       -0.329318       -0.165809

     H    9        0.514921       -0.321927        0.703117
     H    9       -0.321927       -0.424365       -0.275748
     H    9        0.703117       -0.275748       -0.090556

     C   10        0.117038        0.180467        0.196987
     C   10        0.180467        0.105564       -0.387139
     C   10        0.196987       -0.387139       -0.222602

     C   11        0.194218        0.202417        0.306345
     C   11        0.202417        0.028224       -0.398148
     C   11        0.306345       -0.398148       -0.222442

     Cl  12        0.124788        0.215474       -0.001007
     Cl  12        0.215474        0.018753       -0.015482
     Cl  12       -0.001007       -0.015482       -0.143541

     H   13       -0.530019        0.097937        0.062419
     H   13        0.097937        0.469163        0.774083
     H   13        0.062419        0.774083        0.060855

     C   14        0.132461       -0.235437        0.293683
     C   14       -0.235437        0.011213        0.311774
     C   14        0.293683        0.311774       -0.143674

     H   15        0.454607        0.045504        0.792057
     H   15        0.045504       -0.502049        0.125521
     H   15        0.792057        0.125521        0.047442

     C   16        0.030591       -0.293330        0.219425
     C   16       -0.293330        0.137379        0.387969
     C   16        0.219425        0.387969       -0.167970

     C   17        0.018056       -0.291962        0.401790
     C   17       -0.291962        0.101001        0.304536
     C   17        0.401790        0.304536       -0.119057

     Cl  18        0.039552       -0.221921        0.042825
     Cl  18       -0.221921        0.108272       -0.031830
     Cl  18        0.042825       -0.031830       -0.147824

     H   19       -0.507534       -0.019885        0.048343
     H   19       -0.019885        0.635540       -0.726580
     H   19        0.048343       -0.726580       -0.128007

     C   20        0.270900        0.226148        0.323549
     C   20        0.226148       -0.008003       -0.289481
     C   20        0.323549       -0.289481       -0.262897

     H   21        0.490945       -0.356759        0.718102
     H   21       -0.356759       -0.396829       -0.311491
     H   21        0.718102       -0.311491       -0.094116

     C   22        0.073588        0.230335        0.194670
     C   22        0.230335        0.132706       -0.454882
     C   22        0.194670       -0.454882       -0.206294

     C   23        0.134437        0.208764        0.242913
     C   23        0.208764        0.055224       -0.475982
     C   23        0.242913       -0.475982       -0.189660

     Cl  24        0.152646        0.216001        0.001928
     Cl  24        0.216001       -0.016476       -0.008336
     Cl  24        0.001928       -0.008336       -0.136170

     ----- GIPAW term -----
     Cl   1        1.100522       -0.105614        1.523826
     Cl   1       -0.105614       -0.273237        1.282286
     Cl   1        1.523826        1.282286       -0.827285

     C    2        0.165320        0.075037       -0.028202
     C    2        0.075037        0.020780       -0.004071
     C    2       -0.028202       -0.004071       -0.186100

     C    3       -0.035225        0.094480       -0.026400
     C    3        0.094480        0.104008       -0.112322
     C    3       -0.026400       -0.112322       -0.068783

     H    4       -0.000000        0.000000        0.000000
     H    4        0.000000        0.000000        0.000000
     H    4        0.000000        0.000000        0.000000

     C    5       -0.160463        0.074654       -0.063292
     C    5        0.074654        0.041598       -0.223210
     C    5       -0.063292       -0.223210        0.118865

     H    6       -0.000000        0.000000        0.000000
     H    6        0.000000        0.000000        0.000000
     H    6        0.000000        0.000000        0.000000

     H    7       -0.000000        0.000000        0.000000
     H    7        0.000000        0.000000        0.000000
     H    7        0.000000        0.000000        0.000000

     C    8       -0.026393       -0.015879       -0.073347
     C    8       -0.015879       -0.047006        0.085051
     C    8       -0.073347        0.085051        0.073399

     H    9       -0.000000        0.000000        0.000000
     H    9        0.000000        0.000000        0.000000
     H    9        0.000000        0.000000        0.000000

     C   10       -0.051065       -0.014458       -0.066823
     C   10       -0.014458       -0.013866        0.089749
     C   10       -0.066823        0.089749        0.064931

     C   11       -0.005220        0.124566       -0.054711
     C   11        0.124566       -0.017530        0.041242
     C   11       -0.054711        0.041242        0.022749

     Cl  12        0.468178        1.759865        0.607538
     Cl  12        1.759865       -0.645576       -0.734208
     Cl  12        0.607538       -0.734208        0.177398

     H   13       -0.000000        0.000000        0.000000
     H   13        0.000000        0.000000        0.000000
     H   13        0.000000        0.000000        0.000000

     C   14       -0.062487        0.033786        0.142719
     C   14        0.033786       -0.182612       -0.128009
     C   14        0.142719       -0.128009        0.245099

     H   15       -0.000000        0.000000        0.000000
     H   15        0.000000        0.000000        0.000000
     H   15        0.000000        0.000000        0.000000

     C   16       -0.138221       -0.034276       -0.032074
     C   16       -0.034276        0.105982       -0.249870
     C   16       -0.032074       -0.249870        0.032239

     C   17        0.000789       -0.060342       -0.063916
     C   17       -0.060342        0.077605       -0.030390
     C   17       -0.063916       -0.030390       -0.078394

     Cl  18        0.571878        0.694438       -1.161145
     Cl  18        0.694438        0.713980       -1.382750
     Cl  18       -1.161145       -1.382750       -1.285858

     H   19       -0.000000        0.000000        0.000000
     H   19        0.000000        0.000000        0.000000
     H   19        0.000000        0.000000        0.000000

     C   20       -0.105544       -0.064923       -0.098973
     C   20       -0.064923       -0.074310        0.170177
     C   20       -0.098973        0.170177        0.179854

     H   21       -0.000000        0.000000        0.000000
     H   21        0.000000        0.000000        0.000000
     H   21        0.000000        0.000000        0.000000

     C   22       -0.155302       -0.016814       -0.068966
     C   22       -0.016814       -0.008138        0.220163
     C   22       -0.068966        0.220163        0.163440

     C   23        0.036247        0.116880       -0.044240
     C   23        0.116880       -0.061898        0.083785
     C   23       -0.044240        0.083785        0.025651

     Cl  24        1.340477        2.236864       -0.115009
     Cl  24        2.236864        0.207525       -0.044782
     Cl  24       -0.115009       -0.044782       -1.548003

     ----- total EFG -----
     Cl   1        1.161957       -0.099205        1.629251
     Cl   1       -0.099205       -0.302832        1.413443
     Cl   1        1.629251        1.413443       -0.859124

     C    2        0.076190       -0.027122       -0.192623
     C    2       -0.027122        0.055253        0.136144
     C    2       -0.192623        0.136144       -0.131443

     C    3        0.104575        0.057748        0.152454
     C    3        0.057748        0.055073       -0.158138
     C    3        0.152454       -0.158138       -0.159648

     H    4        0.666308        0.110822        0.326702
     H    4        0.110822       -0.517709        0.357044
     H    4        0.326702        0.357044       -0.148599

     C    5       -0.530295        0.098741        0.027387
     C    5        0.098741        0.182955       -0.378139
     C    5        0.027387       -0.378139        0.347340

     H    6       -0.010662        0.107768        0.065209
     H    6        0.107768        0.500000        0.505808
     H    6        0.065209        0.505808       -0.489338

     H    7       -0.102407        0.046052        0.178085
     H    7        0.046052        0.276897       -0.395900
     H    7        0.178085       -0.395900       -0.174490

     C    8       -0.130914       -0.008702       -0.203553
     C    8       -0.008702       -0.187287        0.181841
     C    8       -0.203553        0.181841        0.318202

     H    9        0.194000       -0.108895        0.172205
     H    9       -0.108895       -0.096330       -0.055341
     H    9        0.172205       -0.055341       -0.097670

     C   10       -0.127152       -0.064718       -0.151294
     C   10       -0.064718       -0.113366        0.217905
     C   10       -0.151294        0.217905        0.240518

     C   11       -0.132270        0.287961       -0.115236
     C   11        0.287961       -0.037309        0.077018
     C   11       -0.115236        0.077018        0.169579

     Cl  12        0.489365        1.924693        0.679567
     Cl  12        1.924693       -0.707537       -0.829798
     Cl  12        0.679567       -0.829798        0.218171

     H   13       -0.074810        0.053283       -0.178396
     H   13        0.053283        0.495166        0.384197
     H   13       -0.178396        0.384197       -0.420355

     C   14       -0.148586        0.174117        0.474296
     C   14        0.174117       -0.509073       -0.251443
     C   14        0.474296       -0.251443        0.657659

     H   15        0.498871        0.126434        0.293554
     H   15        0.126434       -0.390632        0.374856
     H   15        0.293554        0.374856       -0.108239

     C   16       -0.249832       -0.238935       -0.047845
     C   16       -0.238935        0.157634       -0.542210
     C   16       -0.047845       -0.542210        0.092199

     C   17       -0.309137       -0.215235       -0.071135
     C   17       -0.215235        0.226099       -0.110755
     C   17       -0.071135       -0.110755        0.083039

     Cl  18        0.542411        0.533679       -1.108713
     Cl  18        0.533679        0.799352       -1.384080
     Cl  18       -1.108713       -1.384080       -1.341763

     H   19       -0.095102       -0.015671        0.166817
     H   19       -0.015671        0.479411       -0.228237
     H   19        0.166817       -0.228237       -0.384309

     C   20       -0.214942       -0.111525       -0.105107
     C   20       -0.111525       -0.167264        0.328271
     C   20       -0.105107        0.328271        0.382206

     H   21        0.411397       -0.217554        0.215507
     H   21       -0.217554        0.043196       -0.178074
     H   21        0.215507       -0.178074       -0.454593

     C   22       -0.327518        0.019211       -0.138819
     C   22        0.019211       -0.019769        0.341211
     C   22       -0.138819        0.341211        0.347287

     C   23        0.042828        0.230088       -0.116969
     C   23        0.230088       -0.251444        0.114436
     C   23       -0.116969        0.114436        0.208616

     Cl  24        1.472749        2.435606       -0.128130
     Cl  24        2.435606        0.204688       -0.059635
     Cl  24       -0.128130       -0.059635       -1.677436

     ----- total EFG (symmetrized) -----
     Cl   1        1.161957       -0.099205        1.629251
     Cl   1       -0.099205       -0.302832        1.413443
     Cl   1        1.629251        1.413443       -0.859124

     C    2        0.076190       -0.027122       -0.192623
     C    2       -0.027122        0.055253        0.136144
     C    2       -0.192623        0.136144       -0.131443

     C    3        0.104575        0.057748        0.152454
     C    3        0.057748        0.055073       -0.158138
     C    3        0.152454       -0.158138       -0.159648

     H    4        0.666308        0.110822        0.326702
     H    4        0.110822       -0.517709        0.357044
     H    4        0.326702        0.357044       -0.148599

     C    5       -0.530295        0.098741        0.027387
     C    5        0.098741        0.182955       -0.378139
     C    5        0.027387       -0.378139        0.347340

     H    6       -0.010662        0.107768        0.065209
     H    6        0.107768        0.500000        0.505808
     H    6        0.065209        0.505808       -0.489338

     H    7       -0.102407        0.046052        0.178085
     H    7        0.046052        0.276897       -0.395900
     H    7        0.178085       -0.395900       -0.174490

     C    8       -0.130914       -0.008702       -0.203553
     C    8       -0.008702       -0.187287        0.181841
     C    8       -0.203553        0.181841        0.318202

     H    9        0.194000       -0.108895        0.172205
     H    9       -0.108895       -0.096330       -0.055341
     H    9        0.172205       -0.055341       -0.097670

     C   10       -0.127152       -0.064718       -0.151294
     C   10       -0.064718       -0.113366        0.217905
     C   10       -0.151294        0.217905        0.240518

     C   11       -0.132270        0.287961       -0.115236
     C   11        0.287961       -0.037309        0.077018
     C   11       -0.115236        0.077018        0.169579

     Cl  12        0.489365        1.924693        0.679567
     Cl  12        1.924693       -0.707537       -0.829798
     Cl  12        0.679567       -0.829798        0.218171

     H   13       -0.074810        0.053283       -0.178396
     H   13        0.053283        0.495166        0.384197
     H   13       -0.178396        0.384197       -0.420355

     C   14       -0.148586        0.174117        0.474296
     C   14        0.174117       -0.509073       -0.251443
     C   14        0.474296       -0.251443        0.657659

     H   15        0.498871        0.126434        0.293554
     H   15        0.126434       -0.390632        0.374856
     H   15        0.293554        0.374856       -0.108239

     C   16       -0.249832       -0.238935       -0.047845
     C   16       -0.238935        0.157634       -0.542210
     C   16       -0.047845       -0.542210        0.092199

     C   17       -0.309137       -0.215235       -0.071135
     C   17       -0.215235        0.226099       -0.110755
     C   17       -0.071135       -0.110755        0.083039

     Cl  18        0.542411        0.533679       -1.108713
     Cl  18        0.533679        0.799352       -1.384080
     Cl  18       -1.108713       -1.384080       -1.341763

     H   19       -0.095102       -0.015671        0.166817
     H   19       -0.015671        0.479411       -0.228237
     H   19        0.166817       -0.228237       -0.384309

     C   20       -0.214942       -0.111525       -0.105107
     C   20       -0.111525       -0.167264        0.328271
     C   20       -0.105107        0.328271        0.382206

     H   21        0.411397       -0.217554        0.215507
     H   21       -0.217554        0.043196       -0.178074
     H   21        0.215507       -0.178074       -0.454593

     C   22       -0.327518        0.019211       -0.138819
     C   22        0.019211       -0.019769        0.341211
     C   22       -0.138819        0.341211        0.347287

     C   23        0.042828        0.230088       -0.116969
     C   23        0.230088       -0.251444        0.114436
     C   23       -0.116969        0.114436        0.208616

     Cl  24        1.472749        2.435606       -0.128130
     Cl  24        2.435606        0.204688       -0.059635
     Cl  24       -0.128130       -0.059635       -1.677436


     NQR/NMR SPECTROSCOPIC PARAMETERS:
     Cl   1    Vxx=    0.2936    axis=(  0.488376 -0.815731 -0.309955)
     Cl   1    Vyy=    2.2380    axis=( -0.795685 -0.270434 -0.541988)
     Cl   1    Vzz=   -2.5316    axis=(  0.358294  0.511320 -0.781138)
     Cl   1  Q=        -8.1650 1e-30 m^2  Cq=        48.5684 MHz  eta= 0.76803

     C    2    Vxx=    0.0367    axis=(  0.575460  0.817824  0.002946)
     C    2    Vyy=    0.2433    axis=(  0.693019 -0.485722 -0.532727)
     C    2    Vzz=   -0.2799    axis=( -0.434246  0.308605 -0.846282)
     C    2  Q=         1.0000 1e-30 m^2  Cq=        -0.6577 MHz  eta= 0.73809

     C    3    Vxx=    0.1297    axis=(  0.405210  0.875043 -0.264771)
     C    3    Vyy=    0.1775    axis=( -0.837614  0.239291 -0.491063)
     C    3    Vzz=   -0.3071    axis=( -0.366344  0.420760  0.829912)
     C    3  Q=         1.0000 1e-30 m^2  Cq=        -0.7216 MHz  eta= 0.15561

     H    4    Vxx=   -0.0812    axis=( -0.406333  0.514451  0.755139)
     H    4    Vyy=   -0.7395    axis=(  0.059317  0.839548 -0.540038)
     H    4    Vzz=    0.8207    axis=(  0.911798  0.174642  0.371651)
     H    4  Q=         1.0000 1e-30 m^2  Cq=         1.9283 MHz  eta= 0.80224

     C    5    Vxx=   -0.1013    axis=(  0.213127  0.753433  0.622025)
     C    5    Vyy=   -0.5522    axis=( -0.976410  0.186824  0.108259)
     C    5    Vzz=    0.6535    axis=( -0.034643 -0.630424  0.775477)
     C    5  Q=         1.0000 1e-30 m^2  Cq=         1.5355 MHz  eta= 0.68999

     H    6    Vxx=   -0.0310    axis=(  0.985898 -0.162677 -0.039264)
     H    6    Vyy=   -0.7026    axis=( -0.026877 -0.385498  0.922317)
     H    6    Vzz=    0.7337    axis=( -0.165176 -0.908255 -0.384434)
     H    6  Q=         1.0000 1e-30 m^2  Cq=         1.7239 MHz  eta= 0.91538

     H    7    Vxx=   -0.0245    axis=(  0.903155  0.284422  0.321582)
     H    7    Vyy=   -0.4867    axis=( -0.420741  0.437439  0.794748)
     H    7    Vzz=    0.5112    axis=(  0.085371 -0.853083  0.514743)
     H    7  Q=         1.0000 1e-30 m^2  Cq=         1.2010 MHz  eta= 0.90416

     C    8    Vxx=   -0.1655    axis=(  0.794204  0.597701  0.109515)
     C    8    Vyy=   -0.2788    axis=( -0.513346  0.756395 -0.405393)
     C    8    Vzz=    0.4444    axis=( -0.325141  0.265746  0.907559)
     C    8  Q=         1.0000 1e-30 m^2  Cq=         1.0441 MHz  eta= 0.25498

     H    9    Vxx=   -0.1326    axis=( -0.299230 -0.953520 -0.035515)
     H    9    Vyy=   -0.1779    axis=( -0.396544  0.090415  0.913552)
     H    9    Vzz=    0.3105    axis=(  0.867879 -0.287445  0.405168)
     H    9  Q=         1.0000 1e-30 m^2  Cq=         0.7295 MHz  eta= 0.14601

     C   10    Vxx=   -0.1778    axis=(  0.941779  0.270508  0.199695)
     C   10    Vyy=   -0.2181    axis=( -0.152053  0.872363 -0.464611)
     C   10    Vzz=    0.3960    axis=( -0.299887  0.407196  0.862704)
     C   10  Q=         1.0000 1e-30 m^2  Cq=         0.9303 MHz  eta= 0.10182

     C   11    Vxx=    0.1891    axis=(  0.284312  0.612477  0.737590)
     C   11    Vyy=    0.2203    axis=(  0.602727  0.484107 -0.634319)
     C   11    Vzz=   -0.4094    axis=( -0.745578  0.624910 -0.231518)
     C   11  Q=         1.0000 1e-30 m^2  Cq=        -0.9619 MHz  eta= 0.07616

     Cl  12    Vxx=    0.6320    axis=(  0.182063 -0.315348  0.931348)
     Cl  12    Vyy=    1.9087    axis=( -0.810784 -0.584028 -0.039253)
     Cl  12    Vzz=   -2.5406    axis=(  0.556311 -0.747975 -0.362009)
     Cl  12  Q=        -8.1650 1e-30 m^2  Cq=        48.7411 MHz  eta= 0.50251

     H   13    Vxx=   -0.0120    axis=(  0.946934  0.124882 -0.296176)
     H   13    Vyy=   -0.6232    axis=( -0.321026  0.321341 -0.890889)
     H   13    Vzz=    0.6352    axis=( -0.016083  0.938693  0.344379)
     H   13  Q=         1.0000 1e-30 m^2  Cq=         1.4925 MHz  eta= 0.96226

     C   14    Vxx=   -0.1739    axis=(  0.764765  0.590562 -0.257626)
     C   14    Vyy=   -0.7209    axis=( -0.508840  0.798868  0.320768)
     C   14    Vzz=    0.8948    axis=(  0.395243 -0.114222  0.911448)
     C   14  Q=         1.0000 1e-30 m^2  Cq=         2.1025 MHz  eta= 0.61132

     H   15    Vxx=   -0.0317    axis=( -0.503313  0.533014  0.680126)
     H   15    Vyy=   -0.6539    axis=(  0.061045  0.807055 -0.587312)
     H   15    Vzz=    0.6856    axis=(  0.861945  0.254083  0.438740)
     H   15  Q=         1.0000 1e-30 m^2  Cq=         1.6108 MHz  eta= 0.90751

     C   16    Vxx=   -0.1353    axis=(  0.810211 -0.286094 -0.511575)
     C   16    Vyy=   -0.5549    axis=(  0.565500  0.611102  0.553863)
     C   16    Vzz=    0.6901    axis=( -0.154167  0.738041 -0.656907)
     C   16  Q=         1.0000 1e-30 m^2  Cq=         1.6216 MHz  eta= 0.60805

     C   17    Vxx=    0.0773    axis=(  0.305207 -0.243729 -0.920568)
     C   17    Vyy=    0.3301    axis=(  0.268322 -0.905515  0.328704)
     C   17    Vzz=   -0.4074    axis=(  0.913702  0.347331  0.210972)
     C   17  Q=         1.0000 1e-30 m^2  Cq=        -0.9572 MHz  eta= 0.62051

     Cl  18    Vxx=    0.1220    axis=(  0.782175 -0.623050 -0.003317)
     Cl  18    Vyy=    2.1265    axis=( -0.553562 -0.697363  0.455251)
     Cl  18    Vzz=   -2.2485    axis=( -0.285958 -0.354250 -0.890357)
     Cl  18  Q=        -8.1650 1e-30 m^2  Cq=        43.1371 MHz  eta= 0.89148

     H   19    Vxx=   -0.0383    axis=(  0.927044  0.174389  0.331932)
     H   19    Vyy=   -0.5027    axis=( -0.363922  0.205325  0.908517)
     H   19    Vzz=    0.5410    axis=(  0.090282 -0.963032  0.253809)
     H   19  Q=         1.0000 1e-30 m^2  Cq=         1.2712 MHz  eta= 0.85834

     C   20    Vxx=   -0.2125    axis=(  0.873728 -0.343724  0.344170)
     C   20    Vyy=   -0.3493    axis=( -0.451416 -0.836534  0.310538)
     C   20    Vzz=    0.5618    axis=( -0.181170  0.426690  0.886066)
     C   20  Q=         1.0000 1e-30 m^2  Cq=         1.3200 MHz  eta= 0.24358

     H   21    Vxx=   -0.0483    axis=(  0.473454  0.871073 -0.130663)
     H   21    Vyy=   -0.5350    axis=( -0.164629  0.233240  0.958382)
     H   21    Vzz=    0.5833    axis=(  0.865297 -0.432239  0.253832)
     H   21  Q=         1.0000 1e-30 m^2  Cq=         1.3705 MHz  eta= 0.83425

     C   22    Vxx=   -0.1775    axis=( -0.465020 -0.793362  0.392852)
     C   22    Vyy=   -0.3873    axis=( -0.876727  0.351084 -0.328771)
     C   22    Vzz=    0.5647    axis=( -0.122910  0.497309  0.858823)
     C   22  Q=         1.0000 1e-30 m^2  Cq=         1.3269 MHz  eta= 0.37150

     C   23    Vxx=    0.1477    axis=(  0.738683  0.541062  0.401994)
     C   23    Vyy=    0.2691    axis=(  0.470141  0.013804 -0.882484)
     C   23    Vzz=   -0.4168    axis=( -0.483028  0.840869 -0.244179)
     C   23  Q=         1.0000 1e-30 m^2  Cq=        -0.9794 MHz  eta= 0.29132

     Cl  24    Vxx=   -1.6484    axis=(  0.428222 -0.584991 -0.688775)
     Cl  24    Vyy=   -1.7108    axis=(  0.437001 -0.533095  0.724458)
     Cl  24    Vzz=    3.3593    axis=( -0.790984 -0.611225  0.027359)
     Cl  24  Q=        -8.1650 1e-30 m^2  Cq=       -64.4459 MHz  eta= 0.01858

     Initialization:
     gipaw_setup  :      9.23s CPU     10.65s WALL (       1 calls)

     Linear response

     Apply operators

     Induced current

     Other routines
     efg          :      9.47s CPU     11.52s WALL (       1 calls)

     General routines
     calbec       :      3.32s CPU      4.28s WALL (      16 calls)
     fft          :      1.47s CPU      2.13s WALL (      15 calls)
     ffts         :      0.03s CPU      0.05s WALL (       2 calls)
     fftw         :      3.30s CPU      3.94s WALL (     672 calls)
     davcio       :      0.03s CPU      0.33s WALL (      32 calls)

     Parallel routines
     fft_scatter  :      2.04s CPU      3.09s WALL (     689 calls)

     Plugins

     GIPAW        :     61.39s CPU     71.24s WALL (       1 calls)
