
     Program QE v.6.0 (svn rev. 13079) starts on 26Dec2016 at 22:21:29 

     This program is part of the open-source Quantum ESPRESSO suite
     for quantum simulation of materials; please cite
         "P. Giannozzi et al., J. Phys.:Condens. Matter 21 395502 (2009);
          URL http://www.quantum-espresso.org", 
     in publications or presentations arising from this work. More details at
     http://www.quantum-espresso.org/quote

     Parallel version (MPI), running on     8 processors
     R & G space division:  proc/nbgrp/npool/nimage =       8

     ***** This is GIPAW svn revision unknown      *****

     Parallelizing q-star over 1 images

     Reading data from directory:
     /users/majewski/paradichlorobenzene/pbe/9_constraint/scratch/pbe.ecut100.np8.dt60.pcl2phi-129368.save
     Message from routine read_xml_file:
     file /users/majewski/paradichlorobenzene/pbe/9_constraint/scratch/pbe.ecut100.np8.dt60.pcl2phi-129368.save not guaranteed to be safe for post-processing

   Info: using nr1, nr2, nr3 values from input

   Info: using nr1, nr2, nr3 values from input

     IMPORTANT: XC functional enforced from input :
     Exchange-correlation      =  SLA  PW   PBX  PBC ( 1  4  3  4 0 0)
     Any further DFT definition will be discarded
     Please, verify this is what you really want

               file C.pbe-n-kjpaw_psl.1.0.0.UPF: wavefunction(s)  2S 2P renormalized
               file Cl.pbe-n-kjpaw_psl.1.0.0.UPF: wavefunction(s)  3S 3P renormalized
               file H.pbe-kjpaw_psl.1.0.0.UPF: wavefunction(s)  1S renormalized

     Parallelization info
     --------------------
     sticks:   dense  smooth     PW     G-vecs:    dense   smooth      PW
     Min        3057    1223    332               144436    36536    5170
     Max        3059    1225    333               144437    36537    5171
     Sum       24467    9791   2657              1155489   292295   41363


     Subspace diagonalization in iterative solution of the eigenvalue problem:
     a serial algorithm will be used

     GIPAW projectors -----------------------------------------------
     atom=  C    l=0  rc=    1.2000  rs=    0.8000
     atom=  C    l=0  rc=    1.2000  rs=    0.8000
     atom=  C    l=1  rc=    1.4000  rs=    0.9333
     atom=  C    l=1  rc=    1.4000  rs=    0.9333
     projs nearly linearly dependent: l=1  n1,n2= 1, 2  s=  0.99951561

     atom=  Cl   l=0  rc=    1.6000  rs=    1.0667
     atom=  Cl   l=0  rc=    1.6000  rs=    1.0667
     atom=  Cl   l=1  rc=    1.6000  rs=    1.0667
     atom=  Cl   l=1  rc=    1.6000  rs=    1.0667
     atom=  Cl   l=2  rc=    1.6000  rs=    1.0667
     atom=  Cl   l=2  rc=    1.6000  rs=    1.0667
     projs nearly linearly dependent: l=2  n1,n2= 1, 2  s=  0.99993509

     atom=  H    l=0  rc=    1.0000  rs=    0.6667
     atom=  H    l=0  rc=    1.0000  rs=    0.6667
     projs nearly linearly dependent: l=0  n1,n2= 1, 2  s=  0.99968852
     -----------------------------------------------------------------

     GIPAW integrals: -------------------------------------------
     Atom  i/j   nmr_para   nmr_dia   epr_rmc  epr_para   epr_dia
       C   1 1   0.83E+03  0.17E-01  0.93E+01  0.24E+08  0.24E+03
       C   2 1   0.86E+03 -0.61E-01  0.94E+01  0.25E+08  0.25E+03
       C   2 2   0.90E+03 -0.15E+00  0.97E+01  0.26E+08  0.26E+03
       C   3 3   0.33E+01  0.34E+00  0.18E+01  0.55E+03  0.21E+02
       C   4 3   0.35E+01  0.37E+00  0.20E+01  0.59E+03  0.22E+02
       C   4 4   0.38E+01  0.39E+00  0.22E+01  0.63E+03  0.24E+02
       Cl  1 1   0.14E+04 -0.47E+00  0.84E+01  0.32E+09  0.42E+03
       Cl  2 1   0.21E+04 -0.37E+00  0.12E+02  0.49E+09  0.65E+03
       Cl  2 2   0.33E+04 -0.16E+00  0.21E+02  0.76E+09  0.10E+04
       Cl  3 3   0.21E+02  0.79E-01  0.89E+01  0.23E+05  0.13E+03
       Cl  4 3   0.24E+02  0.67E-01  0.99E+01  0.27E+05  0.15E+03
       Cl  4 4   0.28E+02  0.44E-01  0.11E+02  0.32E+05  0.18E+03
       Cl  5 5   0.77E+00  0.19E+00  0.18E+01  0.12E+03  0.22E+02
       Cl  6 5   0.80E+00  0.19E+00  0.19E+01  0.12E+03  0.23E+02
       Cl  6 6   0.83E+00  0.20E+00  0.19E+01  0.12E+03  0.23E+02
       H   1 1   0.39E+02  0.19E+00  0.29E+00  0.78E+05  0.13E+02
       H   2 1   0.41E+02  0.21E+00  0.32E+00  0.82E+05  0.14E+02
       H   2 2   0.43E+02  0.22E+00  0.36E+00  0.86E+05  0.15E+02
     ------------------------------------------------------------

     alpha_pv=     34.5916 eV

     Number of occupied bands for each k-point:
     k-point:     1    nbnd_occ=  42
     k-point:     2    nbnd_occ=  42
     k-point:     3    nbnd_occ=  42
     k-point:     4    nbnd_occ=  42
     k-point:     5    nbnd_occ=  42
     k-point:     6    nbnd_occ=  42
     k-point:     7    nbnd_occ=  42
     k-point:     8    nbnd_occ=  42
     k-point:     9    nbnd_occ=  42
     k-point:    10    nbnd_occ=  42
     k-point:    11    nbnd_occ=  42
     k-point:    12    nbnd_occ=  42
     k-point:    13    nbnd_occ=  42
     k-point:    14    nbnd_occ=  42
     k-point:    15    nbnd_occ=  42
     k-point:    16    nbnd_occ=  42


     q-space interpolation up to   110.00 Rydberg

     GIPAW job: efg                                                                             


     ELECTRIC FIELD GRADIENTS TENSORS IN Hartree/bohrradius^2:

     ----- bare term -----
     Cl   1        0.044707        0.022775        0.043820
     Cl   1        0.022775        0.017143        0.141944
     Cl   1        0.043820        0.141944       -0.061850

     C    2       -0.203930        0.234028       -0.508347
     C    2        0.234028        0.118381       -0.286921
     C    2       -0.508347       -0.286921        0.085549

     C    3        0.160806        0.624639       -0.033193
     C    3        0.624639       -0.358866       -0.537433
     C    3       -0.033193       -0.537433        0.198060

     H    4       -0.200452       -0.212196       -0.460130
     H    4       -0.212196        0.341050        0.017910
     H    4       -0.460130        0.017910       -0.140598

     C    5       -0.672988        0.407337       -0.458970
     C    5        0.407337        0.407566       -0.106284
     C    5       -0.458970       -0.106284        0.265422

     H    6        0.158272       -0.061154        0.096960
     H    6       -0.061154       -0.300289       -0.565755
     H    6        0.096960       -0.565755        0.142016

     H    7        0.407097       -0.127611        0.030324
     H    7       -0.127611       -0.665638        0.454235
     H    7        0.030324        0.454235        0.258541

     C    8       -0.142489        0.189779       -0.394919
     C    8        0.189779       -0.014491        0.433349
     C    8       -0.394919        0.433349        0.156981

     H    9       -0.052012        0.223920       -0.362040
     H    9        0.223920       -0.289307        0.340161
     H    9       -0.362040        0.340161        0.341318

     C   10       -0.618524       -0.308384       -0.166057
     C   10       -0.308384        0.231655        0.208342
     C   10       -0.166057        0.208342        0.386869

     C   11        0.026485        0.409122       -0.460072
     C   11        0.409122       -0.081540        0.667523
     C   11       -0.460072        0.667523        0.055056

     Cl  12       -0.320124       -0.263005        0.019536
     Cl  12       -0.263005        0.181564        0.123208
     Cl  12        0.019536        0.123208        0.138560

     H   13        0.296211       -0.396230        0.098458
     H   13       -0.396230       -0.630395        0.081229
     H   13        0.098458        0.081229        0.334183

     C   14       -0.055093        0.208208       -0.110422
     C   14        0.208208       -0.138571       -0.331758
     C   14       -0.110422       -0.331758        0.193664

     H   15       -0.194260       -0.529876       -0.181925
     H   15       -0.529876       -0.200998       -0.054590
     H   15       -0.181925       -0.054590        0.395257

     C   16       -0.581400        0.355910       -0.296012
     C   16        0.355910        0.270032       -0.136414
     C   16       -0.296012       -0.136414        0.311368

     C   17        0.062310        0.389729       -0.013580
     C   17        0.389729       -0.216957       -0.471617
     C   17       -0.013580       -0.471617        0.154646

     Cl  18       -0.170425        0.140563        0.009790
     Cl  18        0.140563        0.041086        0.134648
     Cl  18        0.009790        0.134648        0.129339

     H   19       -0.184214        0.201974       -0.061188
     H   19        0.201974       -0.253271        0.424766
     H   19       -0.061188        0.424766        0.437485

     C   20       -0.378683       -0.376164       -0.268288
     C   20       -0.376164       -0.026564        0.089652
     C   20       -0.268288        0.089652        0.405247

     H   21       -0.643386       -0.128846       -0.042203
     H   21       -0.128846        0.306892        0.268310
     H   21       -0.042203        0.268310        0.336493

     C   22        0.063490        0.230449       -0.321017
     C   22        0.230449       -0.315278        0.525662
     C   22       -0.321017        0.525662        0.251787

     C   23       -0.668413       -0.377905       -0.366552
     C   23       -0.377905        0.157755        0.047701
     C   23       -0.366552        0.047701        0.510658

     Cl  24       -0.057566        0.050446       -0.000413
     Cl  24        0.050446       -0.046935       -0.048288
     Cl  24       -0.000413       -0.048288        0.104500

     ----- ionic term -----
     Cl   1        0.157587       -0.203676        0.073557
     Cl   1       -0.203676       -0.014548       -0.029657
     Cl   1        0.073557       -0.029657       -0.143039

     C    2        0.206351       -0.116697        0.359746
     C    2       -0.116697        0.165795        0.349132
     C    2        0.359746        0.349132       -0.372146

     C    3        0.152939       -0.293144        0.255242
     C    3       -0.293144        0.256782        0.339284
     C    3        0.255242        0.339284       -0.409721

     H    4        0.512304        0.294245        0.731522
     H    4        0.294245       -0.377917        0.270570
     H    4        0.731522        0.270570       -0.134387

     C    5        0.299660       -0.265034        0.328585
     C    5       -0.265034        0.075879        0.270941
     C    5        0.328585        0.270941       -0.375539

     H    6       -0.507780        0.001231        0.027339
     H    6        0.001231        0.634455        0.704158
     H    6        0.027339        0.704158       -0.126675

     H    7       -0.503145       -0.064431        0.049017
     H    7       -0.064431        0.703150       -0.690875
     H    7        0.049017       -0.690875       -0.200005

     C    8        0.389731        0.208612        0.201653
     C    8        0.208612        0.035007       -0.312147
     C    8        0.201653       -0.312147       -0.424738

     H    9        0.569594       -0.337729        0.703842
     H    9       -0.337729       -0.413280       -0.269583
     H    9        0.703842       -0.269583       -0.156314

     C   10        0.238917        0.252845        0.149893
     C   10        0.252845        0.128768       -0.357361
     C   10        0.149893       -0.357361       -0.367686

     C   11        0.310158        0.161481        0.183428
     C   11        0.161481        0.049263       -0.324950
     C   11        0.183428       -0.324950       -0.359421

     Cl  12        0.157919        0.179641       -0.013259
     Cl  12        0.179641       -0.019186       -0.014166
     Cl  12       -0.013259       -0.014166       -0.138733

     H   13       -0.507448        0.179326        0.076379
     H   13        0.179326        0.845586        0.558444
     H   13        0.076379        0.558444       -0.338138

     C   14        0.310662       -0.151654        0.355551
     C   14       -0.151654        0.124943        0.247144
     C   14        0.355551        0.247144       -0.435605

     H   15        0.655469        0.414516        0.574591
     H   15        0.414516       -0.339057        0.259780
     H   15        0.574591        0.259780       -0.316412

     C   16        0.188607       -0.239006        0.234300
     C   16       -0.239006        0.261563        0.295766
     C   16        0.234300        0.295766       -0.450171

     C   17        0.172511       -0.217068        0.305043
     C   17       -0.217068        0.223646        0.330623
     C   17        0.305043        0.330623       -0.396157

     Cl  18        0.119341       -0.222110        0.017813
     Cl  18       -0.222110        0.060958       -0.011098
     Cl  18        0.017813       -0.011098       -0.180299

     H   19       -0.501681       -0.210891        0.106278
     H   19       -0.210891        0.733759       -0.644339
     H   19        0.106278       -0.644339       -0.232079

     C   20        0.283128        0.169527        0.177466
     C   20        0.169527        0.109732       -0.303068
     C   20        0.177466       -0.303068       -0.392860

     H   21        0.633900       -0.330453        0.618860
     H   21       -0.330453       -0.405660       -0.250186
     H   21        0.618860       -0.250186       -0.228240

     C   22        0.111871        0.206397        0.137526
     C   22        0.206397        0.247604       -0.451630
     C   22        0.137526       -0.451630       -0.359475

     C   23        0.249981        0.148303        0.206386
     C   23        0.148303        0.137088       -0.440904
     C   23        0.206386       -0.440904       -0.387069

     Cl  24        0.156664        0.238056       -0.034438
     Cl  24        0.238056        0.005407       -0.024279
     Cl  24       -0.034438       -0.024279       -0.162071

     ----- GIPAW term -----
     Cl   1       -0.376018       -0.521881       -0.900478
     Cl   1       -0.521881       -0.282368       -1.525529
     Cl   1       -0.900478       -1.525529        0.658386

     C    2        0.028951        0.118470       -0.132734
     C    2        0.118470        0.090240       -0.108224
     C    2       -0.132734       -0.108224       -0.119191

     C    3        0.100441        0.256077       -0.021227
     C    3        0.256077        0.001446       -0.086308
     C    3       -0.021227       -0.086308       -0.101887

     H    4       -0.000000        0.000000        0.000000
     H    4        0.000000        0.000000        0.000000
     H    4        0.000000        0.000000        0.000000

     C    5       -0.079521        0.225977       -0.008850
     C    5        0.225977        0.172691        0.073569
     C    5       -0.008850        0.073569       -0.093170

     H    6       -0.000000        0.000000        0.000000
     H    6        0.000000        0.000000        0.000000
     H    6        0.000000        0.000000        0.000000

     H    7       -0.000000        0.000000        0.000000
     H    7        0.000000        0.000000        0.000000
     H    7        0.000000        0.000000        0.000000

     C    8       -0.070064        0.165454       -0.094485
     C    8        0.165454        0.158619       -0.016045
     C    8       -0.094485       -0.016045       -0.088556

     H    9       -0.000000        0.000000        0.000000
     H    9        0.000000        0.000000        0.000000
     H    9        0.000000        0.000000        0.000000

     C   10       -0.160288        0.122609       -0.013466
     C   10        0.122609        0.257331        0.008781
     C   10       -0.013466        0.008781       -0.097043

     C   11        0.089029        0.308208       -0.069190
     C   11        0.308208        0.074371        0.088619
     C   11       -0.069190        0.088619       -0.163400

     Cl  12       -0.897654        1.227035        0.079999
     Cl  12        1.227035        2.242945        1.304429
     Cl  12        0.079999        1.304429       -1.345290

     H   13       -0.000000        0.000000        0.000000
     H   13        0.000000        0.000000        0.000000
     H   13        0.000000        0.000000        0.000000

     C   14       -0.021442        0.123374       -0.043354
     C   14        0.123374        0.079584       -0.136852
     C   14       -0.043354       -0.136852       -0.058142

     H   15       -0.000000        0.000000        0.000000
     H   15        0.000000        0.000000        0.000000
     H   15        0.000000        0.000000        0.000000

     C   16       -0.146082        0.154323       -0.060705
     C   16        0.154323        0.231348       -0.011757
     C   16       -0.060705       -0.011757       -0.085265

     C   17        0.040990        0.138922        0.086738
     C   17        0.138922        0.100233        0.069896
     C   17        0.086738        0.069896       -0.141223

     Cl  18        0.191922       -1.472800        0.109621
     Cl  18       -1.472800        0.504897        1.223689
     Cl  18        0.109621        1.223689       -0.696820

     H   19       -0.000000        0.000000        0.000000
     H   19        0.000000        0.000000        0.000000
     H   19        0.000000        0.000000        0.000000

     C   20        0.095001        0.154527       -0.081824
     C   20        0.154527        0.004717       -0.073278
     C   20       -0.081824       -0.073278       -0.099719

     H   21       -0.000000        0.000000        0.000000
     H   21        0.000000        0.000000        0.000000
     H   21        0.000000        0.000000        0.000000

     C   22       -0.023507        0.168706       -0.127364
     C   22        0.168706        0.025457       -0.082936
     C   22       -0.127364       -0.082936       -0.001951

     C   23       -0.088212        0.135371       -0.135599
     C   23        0.135371        0.085307       -0.153433
     C   23       -0.135599       -0.153433        0.002905

     Cl  24        0.005885        2.336678       -0.957217
     Cl  24        2.336678       -0.637201       -1.402983
     Cl  24       -0.957217       -1.402983        0.631316

     ----- total EFG -----
     Cl   1       -0.173724       -0.702782       -0.783100
     Cl   1       -0.702782       -0.279773       -1.413242
     Cl   1       -0.783100       -1.413242        0.453497

     C    2        0.031371        0.235801       -0.281334
     C    2        0.235801        0.374416       -0.046013
     C    2       -0.281334       -0.046013       -0.405787

     C    3        0.414186        0.587572        0.200823
     C    3        0.587572       -0.100639       -0.284458
     C    3        0.200823       -0.284458       -0.313547

     H    4        0.311853        0.082049        0.271392
     H    4        0.082049       -0.036867        0.288480
     H    4        0.271392        0.288480       -0.274985

     C    5       -0.452849        0.368280       -0.139234
     C    5        0.368280        0.656136        0.238226
     C    5       -0.139234        0.238226       -0.203287

     H    6       -0.349507       -0.059922        0.124299
     H    6       -0.059922        0.334166        0.138403
     H    6        0.124299        0.138403        0.015341

     H    7       -0.096048       -0.192042        0.079341
     H    7       -0.192042        0.037512       -0.236640
     H    7        0.079341       -0.236640        0.058536

     C    8        0.177177        0.563846       -0.287750
     C    8        0.563846        0.179136        0.105156
     C    8       -0.287750        0.105156       -0.356313

     H    9        0.517583       -0.113809        0.341802
     H    9       -0.113809       -0.702587        0.070578
     H    9        0.341802        0.070578        0.185004

     C   10       -0.539894        0.067070       -0.029630
     C   10        0.067070        0.617754       -0.140238
     C   10       -0.029630       -0.140238       -0.077860

     C   11        0.425672        0.878811       -0.345835
     C   11        0.878811        0.042093        0.431193
     C   11       -0.345835        0.431193       -0.467765

     Cl  12       -1.059859        1.143670        0.086275
     Cl  12        1.143670        2.405323        1.413470
     Cl  12        0.086275        1.413470       -1.345464

     H   13       -0.211236       -0.216904        0.174837
     H   13       -0.216904        0.215191        0.639674
     H   13        0.174837        0.639674       -0.003955

     C   14        0.234126        0.179928        0.201775
     C   14        0.179928        0.065956       -0.221466
     C   14        0.201775       -0.221466       -0.300082

     H   15        0.461209       -0.115359        0.392666
     H   15       -0.115359       -0.540055        0.205190
     H   15        0.392666        0.205190        0.078846

     C   16       -0.538875        0.271228       -0.122416
     C   16        0.271228        0.762943        0.147595
     C   16       -0.122416        0.147595       -0.224068

     C   17        0.275811        0.311584        0.378202
     C   17        0.311584        0.106922       -0.071098
     C   17        0.378202       -0.071098       -0.382734

     Cl  18        0.140839       -1.554348        0.137224
     Cl  18       -1.554348        0.606940        1.347238
     Cl  18        0.137224        1.347238       -0.747779

     H   19       -0.685895       -0.008918        0.045090
     H   19       -0.008918        0.480488       -0.219573
     H   19        0.045090       -0.219573        0.205406

     C   20       -0.000554       -0.052110       -0.172645
     C   20       -0.052110        0.087885       -0.286694
     C   20       -0.172645       -0.286694       -0.087331

     H   21       -0.009485       -0.459299        0.576657
     H   21       -0.459299       -0.098768        0.018123
     H   21        0.576657        0.018123        0.108254

     C   22        0.151855        0.605552       -0.310855
     C   22        0.605552       -0.042217       -0.008904
     C   22       -0.310855       -0.008904       -0.109638

     C   23       -0.506643       -0.094231       -0.295765
     C   23       -0.094231        0.380149       -0.546635
     C   23       -0.295765       -0.546635        0.126494

     Cl  24        0.104983        2.625179       -0.992068
     Cl  24        2.625179       -0.678728       -1.475550
     Cl  24       -0.992068       -1.475550        0.573745

     ----- total EFG (symmetrized) -----
     Cl   1       -0.173724       -0.702782       -0.783100
     Cl   1       -0.702782       -0.279773       -1.413242
     Cl   1       -0.783100       -1.413242        0.453497

     C    2        0.031371        0.235801       -0.281334
     C    2        0.235801        0.374416       -0.046013
     C    2       -0.281334       -0.046013       -0.405787

     C    3        0.414186        0.587572        0.200823
     C    3        0.587572       -0.100639       -0.284458
     C    3        0.200823       -0.284458       -0.313547

     H    4        0.311853        0.082049        0.271392
     H    4        0.082049       -0.036867        0.288480
     H    4        0.271392        0.288480       -0.274985

     C    5       -0.452849        0.368280       -0.139234
     C    5        0.368280        0.656136        0.238226
     C    5       -0.139234        0.238226       -0.203287

     H    6       -0.349507       -0.059922        0.124299
     H    6       -0.059922        0.334166        0.138403
     H    6        0.124299        0.138403        0.015341

     H    7       -0.096048       -0.192042        0.079341
     H    7       -0.192042        0.037512       -0.236640
     H    7        0.079341       -0.236640        0.058536

     C    8        0.177177        0.563846       -0.287750
     C    8        0.563846        0.179136        0.105156
     C    8       -0.287750        0.105156       -0.356313

     H    9        0.517583       -0.113809        0.341802
     H    9       -0.113809       -0.702587        0.070578
     H    9        0.341802        0.070578        0.185004

     C   10       -0.539894        0.067070       -0.029630
     C   10        0.067070        0.617754       -0.140238
     C   10       -0.029630       -0.140238       -0.077860

     C   11        0.425672        0.878811       -0.345835
     C   11        0.878811        0.042093        0.431193
     C   11       -0.345835        0.431193       -0.467765

     Cl  12       -1.059859        1.143670        0.086275
     Cl  12        1.143670        2.405323        1.413470
     Cl  12        0.086275        1.413470       -1.345464

     H   13       -0.211236       -0.216904        0.174837
     H   13       -0.216904        0.215191        0.639674
     H   13        0.174837        0.639674       -0.003955

     C   14        0.234126        0.179928        0.201775
     C   14        0.179928        0.065956       -0.221466
     C   14        0.201775       -0.221466       -0.300082

     H   15        0.461209       -0.115359        0.392666
     H   15       -0.115359       -0.540055        0.205190
     H   15        0.392666        0.205190        0.078846

     C   16       -0.538875        0.271228       -0.122416
     C   16        0.271228        0.762943        0.147595
     C   16       -0.122416        0.147595       -0.224068

     C   17        0.275811        0.311584        0.378202
     C   17        0.311584        0.106922       -0.071098
     C   17        0.378202       -0.071098       -0.382734

     Cl  18        0.140839       -1.554348        0.137224
     Cl  18       -1.554348        0.606940        1.347238
     Cl  18        0.137224        1.347238       -0.747779

     H   19       -0.685895       -0.008918        0.045090
     H   19       -0.008918        0.480488       -0.219573
     H   19        0.045090       -0.219573        0.205406

     C   20       -0.000554       -0.052110       -0.172645
     C   20       -0.052110        0.087885       -0.286694
     C   20       -0.172645       -0.286694       -0.087331

     H   21       -0.009485       -0.459299        0.576657
     H   21       -0.459299       -0.098768        0.018123
     H   21        0.576657        0.018123        0.108254

     C   22        0.151855        0.605552       -0.310855
     C   22        0.605552       -0.042217       -0.008904
     C   22       -0.310855       -0.008904       -0.109638

     C   23       -0.506643       -0.094231       -0.295765
     C   23       -0.094231        0.380149       -0.546635
     C   23       -0.295765       -0.546635        0.126494

     Cl  24        0.104983        2.625179       -0.992068
     Cl  24        2.625179       -0.678728       -1.475550
     Cl  24       -0.992068       -1.475550        0.573745


     NQR/NMR SPECTROSCOPIC PARAMETERS:
     Cl   1    Vxx=    0.3994    axis=(  0.854925 -0.481148 -0.193906)
     Cl   1    Vyy=    1.5728    axis=(  0.135489  0.567924 -0.811853)
     Cl   1    Vzz=   -1.9722    axis=(  0.500746  0.667801  0.550723)
     Cl   1  Q=        -8.1650 1e-30 m^2  Cq=        37.8361 MHz  eta= 0.59496

     C    2    Vxx=    0.0200    axis=(  0.728184 -0.539432 -0.422802)
     C    2    Vyy=    0.5280    axis=( -0.508455 -0.838830  0.194520)
     C    2    Vzz=   -0.5481    axis=(  0.459589 -0.073330  0.885099)
     C    2  Q=         1.0000 1e-30 m^2  Cq=        -1.2877 MHz  eta= 0.92686

     C    3    Vxx=   -0.0409    axis=(  0.327793 -0.522827  0.786895)
     C    3    Vyy=   -0.7575    axis=( -0.434721  0.656027  0.616965)
     C    3    Vzz=    0.7984    axis=( -0.838791 -0.544316 -0.012242)
     C    3  Q=         1.0000 1e-30 m^2  Cq=         1.8759 MHz  eta= 0.89756

     H    4    Vxx=    0.0215    axis=(  0.514185 -0.800411 -0.308149)
     H    4    Vyy=    0.4896    axis=(  0.825619  0.364601  0.430603)
     H    4    Vzz=   -0.5111    axis=( -0.232308 -0.475823  0.848307)
     H    4  Q=         1.0000 1e-30 m^2  Cq=        -1.2009 MHz  eta= 0.91593

     C    5    Vxx=   -0.1446    axis=(  0.461353  0.051326 -0.885731)
     C    5    Vyy=   -0.6588    axis=(  0.849198 -0.314660  0.424090)
     C    5    Vzz=    0.8034    axis=( -0.256937 -0.947816 -0.188755)
     C    5  Q=         1.0000 1e-30 m^2  Cq=         1.8877 MHz  eta= 0.64012

     H    6    Vxx=    0.0153    axis=( -0.352068  0.316238 -0.880932)
     H    6    Vyy=    0.3861    axis=( -0.018290  0.938688  0.344281)
     H    6    Vzz=   -0.4014    axis=( -0.935796 -0.137323  0.324698)
     H    6  Q=         1.0000 1e-30 m^2  Cq=        -0.9432 MHz  eta= 0.92361

     H    7    Vxx=   -0.1049    axis=(  0.668659 -0.257488 -0.697564)
     H    7    Vyy=   -0.2605    axis=( -0.633482 -0.688496 -0.353092)
     H    7    Vzz=    0.3654    axis=( -0.389353  0.677992 -0.623483)
     H    7  Q=         1.0000 1e-30 m^2  Cq=         0.8586 MHz  eta= 0.42603

     C    8    Vxx=   -0.1028    axis=( -0.416715  0.568823  0.709076)
     C    8    Vyy=   -0.6550    axis=(  0.552458 -0.460979  0.694470)
     C    8    Vzz=    0.7579    axis=( -0.721900 -0.681131  0.122154)
     C    8  Q=         1.0000 1e-30 m^2  Cq=         1.7807 MHz  eta= 0.72858

     H    9    Vxx=   -0.0082    axis=( -0.511155  0.169411  0.842627)
     H    9    Vyy=   -0.7257    axis=(  0.123897  0.984666 -0.122809)
     H    9    Vzz=    0.7339    axis=( -0.850512  0.041625 -0.524307)
     H    9  Q=         1.0000 1e-30 m^2  Cq=         1.7243 MHz  eta= 0.97779

     C   10    Vxx=   -0.1045    axis=( -0.036862  0.193784  0.980351)
     C   10    Vyy=   -0.5448    axis=(  0.997516 -0.051790  0.047745)
     C   10    Vzz=    0.6493    axis=(  0.060024  0.979676 -0.191393)
     C   10  Q=         1.0000 1e-30 m^2  Cq=         1.5255 MHz  eta= 0.67820

     C   11    Vxx=   -0.0052    axis=( -0.403121  0.499410  0.766866)
     C   11    Vyy=   -1.1282    axis=( -0.480744  0.597470 -0.641807)
     C   11    Vzz=    1.1334    axis=( -0.778704 -0.627391 -0.000764)
     C   11  Q=         1.0000 1e-30 m^2  Cq=         2.6630 MHz  eta= 0.99089

     Cl  12    Vxx=   -1.2273    axis=(  0.877228 -0.092913 -0.470996)
     Cl  12    Vyy=   -1.9443    axis=( -0.406740  0.377311 -0.831985)
     Cl  12    Vzz=    3.1716    axis=(  0.255015  0.921414  0.293196)
     Cl  12  Q=        -8.1650 1e-30 m^2  Cq=       -60.8459 MHz  eta= 0.22606

     H   13    Vxx=   -0.0600    axis=(  0.868964 -0.273618  0.412353)
     H   13    Vyy=   -0.6977    axis=( -0.491445 -0.575055  0.654059)
     H   13    Vzz=    0.7577    axis=( -0.058164  0.771003  0.634170)
     H   13  Q=         1.0000 1e-30 m^2  Cq=         1.7803 MHz  eta= 0.84170

     C   14    Vxx=    0.1427    axis=( -0.333303  0.773657 -0.538854)
     C   14    Vyy=    0.3546    axis=( -0.880390 -0.459907 -0.115753)
     C   14    Vzz=   -0.4973    axis=( -0.337376  0.435821  0.834409)
     C   14  Q=         1.0000 1e-30 m^2  Cq=        -1.1686 MHz  eta= 0.42618

     H   15    Vxx=   -0.0532    axis=( -0.482794  0.434771  0.760187)
     H   15    Vyy=   -0.6537    axis=(  0.224376  0.900493 -0.372515)
     H   15    Vzz=    0.7069    axis=( -0.846502 -0.009280 -0.532304)
     H   15  Q=         1.0000 1e-30 m^2  Cq=         1.6608 MHz  eta= 0.84953

     C   16    Vxx=   -0.1843    axis=( -0.355702 -0.043616  0.933581)
     C   16    Vyy=   -0.6469    axis=( -0.916513  0.211844 -0.339302)
     C   16    Vzz=    0.8312    axis=( -0.182974 -0.976330 -0.115328)
     C   16  Q=         1.0000 1e-30 m^2  Cq=         1.9530 MHz  eta= 0.55650

     C   17    Vxx=    0.0209    axis=( -0.331955  0.825528 -0.456409)
     C   17    Vyy=    0.5911    axis=(  0.824612  0.488914  0.284565)
     C   17    Vzz=   -0.6120    axis=( -0.458061  0.281897  0.843038)
     C   17  Q=         1.0000 1e-30 m^2  Cq=        -1.4380 MHz  eta= 0.93157

     Cl  18    Vxx=   -0.1922    axis=( -0.699814 -0.210231 -0.682688)
     Cl  18    Vyy=   -2.0709    axis=( -0.460681 -0.597576  0.656259)
     Cl  18    Vzz=    2.2631    axis=( -0.545924  0.773761  0.321343)
     Cl  18  Q=        -8.1650 1e-30 m^2  Cq=       -43.4166 MHz  eta= 0.83011

     H   19    Vxx=    0.0854    axis=(  0.045396  0.486105  0.872720)
     H   19    Vyy=    0.6027    axis=( -0.023038  0.873898 -0.485563)
     H   19    Vzz=   -0.6882    axis=( -0.998703  0.001937  0.050870)
     H   19  Q=         1.0000 1e-30 m^2  Cq=        -1.6169 MHz  eta= 0.75166

     C   20    Vxx=    0.0633    axis=(  0.882171 -0.427717 -0.197059)
     C   20    Vyy=    0.3139    axis=( -0.221314 -0.745896  0.628219)
     C   20    Vzz=   -0.3772    axis=( -0.415686 -0.510585 -0.752668)
     C   20  Q=         1.0000 1e-30 m^2  Cq=        -0.8862 MHz  eta= 0.66446

     H   21    Vxx=   -0.0009    axis=( -0.140904  0.775423  0.615521)
     H   21    Vyy=   -0.7443    axis=(  0.704793  0.515193 -0.487692)
     H   21    Vzz=    0.7452    axis=(  0.695279 -0.365097  0.619105)
     H   21  Q=         1.0000 1e-30 m^2  Cq=         1.7509 MHz  eta= 0.99753

     C   22    Vxx=   -0.1025    axis=( -0.033582  0.467555  0.883326)
     C   22    Vyy=   -0.6372    axis=(  0.652882 -0.658918  0.373594)
     C   22    Vzz=    0.7397    axis=( -0.756715 -0.589254  0.283130)
     C   22  Q=         1.0000 1e-30 m^2  Cq=         1.7380 MHz  eta= 0.72277

     C   23    Vxx=   -0.1049    axis=( -0.571741  0.562262  0.597473)
     C   23    Vyy=   -0.7192    axis=( -0.815769 -0.312052 -0.486975)
     C   23    Vzz=    0.8241    axis=( -0.087365 -0.765823  0.637089)
     C   23  Q=         1.0000 1e-30 m^2  Cq=         1.9364 MHz  eta= 0.74543

     Cl  24    Vxx=   -0.4013    axis=(  0.495483  0.221816  0.839818)
     Cl  24    Vyy=   -3.0138    axis=(  0.607570 -0.779472 -0.152583)
     Cl  24    Vzz=    3.4151    axis=(  0.620769  0.585851 -0.520984)
     Cl  24  Q=        -8.1650 1e-30 m^2  Cq=       -65.5168 MHz  eta= 0.76499

     Initialization:
     gipaw_setup  :      9.01s CPU     10.76s WALL (       1 calls)

     Linear response

     Apply operators

     Induced current

     Other routines
     efg          :      8.95s CPU     11.56s WALL (       1 calls)

     General routines
     calbec       :      3.16s CPU      4.24s WALL (      16 calls)
     fft          :      1.40s CPU      1.92s WALL (      15 calls)
     ffts         :      0.03s CPU      0.05s WALL (       2 calls)
     fftw         :      3.13s CPU      3.84s WALL (     672 calls)
     davcio       :      0.02s CPU      0.33s WALL (      32 calls)

     Parallel routines
     fft_scatter  :      1.91s CPU      2.90s WALL (     689 calls)

     Plugins

     GIPAW        :     60.22s CPU     72.12s WALL (       1 calls)
