
     Program QE v.6.0 (svn rev. 13079) starts on 10Jan2017 at  2:44:38 

     This program is part of the open-source Quantum ESPRESSO suite
     for quantum simulation of materials; please cite
         "P. Giannozzi et al., J. Phys.:Condens. Matter 21 395502 (2009);
          URL http://www.quantum-espresso.org", 
     in publications or presentations arising from this work. More details at
     http://www.quantum-espresso.org/quote

     Parallel version (MPI), running on     8 processors
     R & G space division:  proc/nbgrp/npool/nimage =       8

     ***** This is GIPAW svn revision unknown      *****

     Parallelizing q-star over 1 images

     Reading data from directory:
     /users/majewski/paradichlorobenzene/pbe/9_constraint/scratch/pbe.ecut100.np8.dt60.pcl2phi-129368.save
     Message from routine read_xml_file:
     file /users/majewski/paradichlorobenzene/pbe/9_constraint/scratch/pbe.ecut100.np8.dt60.pcl2phi-129368.save not guaranteed to be safe for post-processing

   Info: using nr1, nr2, nr3 values from input

   Info: using nr1, nr2, nr3 values from input

     IMPORTANT: XC functional enforced from input :
     Exchange-correlation      =  SLA  PW   PBX  PBC ( 1  4  3  4 0 0)
     Any further DFT definition will be discarded
     Please, verify this is what you really want

               file C.pbe-n-kjpaw_psl.1.0.0.UPF: wavefunction(s)  2S 2P renormalized
               file Cl.pbe-n-kjpaw_psl.1.0.0.UPF: wavefunction(s)  3S 3P renormalized
               file H.pbe-kjpaw_psl.1.0.0.UPF: wavefunction(s)  1S renormalized

     Parallelization info
     --------------------
     sticks:   dense  smooth     PW     G-vecs:    dense   smooth      PW
     Min        3057    1223    332               144436    36536    5170
     Max        3059    1225    333               144437    36537    5171
     Sum       24467    9791   2657              1155489   292295   41363


     Subspace diagonalization in iterative solution of the eigenvalue problem:
     a serial algorithm will be used

     GIPAW projectors -----------------------------------------------
     atom=  C    l=0  rc=    1.2000  rs=    0.8000
     atom=  C    l=0  rc=    1.2000  rs=    0.8000
     atom=  C    l=1  rc=    1.4000  rs=    0.9333
     atom=  C    l=1  rc=    1.4000  rs=    0.9333
     projs nearly linearly dependent: l=1  n1,n2= 1, 2  s=  0.99951561

     atom=  Cl   l=0  rc=    1.6000  rs=    1.0667
     atom=  Cl   l=0  rc=    1.6000  rs=    1.0667
     atom=  Cl   l=1  rc=    1.6000  rs=    1.0667
     atom=  Cl   l=1  rc=    1.6000  rs=    1.0667
     atom=  Cl   l=2  rc=    1.6000  rs=    1.0667
     atom=  Cl   l=2  rc=    1.6000  rs=    1.0667
     projs nearly linearly dependent: l=2  n1,n2= 1, 2  s=  0.99993509

     atom=  H    l=0  rc=    1.0000  rs=    0.6667
     atom=  H    l=0  rc=    1.0000  rs=    0.6667
     projs nearly linearly dependent: l=0  n1,n2= 1, 2  s=  0.99968852
     -----------------------------------------------------------------

     GIPAW integrals: -------------------------------------------
     Atom  i/j   nmr_para   nmr_dia   epr_rmc  epr_para   epr_dia
       C   1 1   0.83E+03  0.17E-01  0.93E+01  0.24E+08  0.24E+03
       C   2 1   0.86E+03 -0.61E-01  0.94E+01  0.25E+08  0.25E+03
       C   2 2   0.90E+03 -0.15E+00  0.97E+01  0.26E+08  0.26E+03
       C   3 3   0.33E+01  0.34E+00  0.18E+01  0.55E+03  0.21E+02
       C   4 3   0.35E+01  0.37E+00  0.20E+01  0.59E+03  0.22E+02
       C   4 4   0.38E+01  0.39E+00  0.22E+01  0.63E+03  0.24E+02
       Cl  1 1   0.14E+04 -0.47E+00  0.84E+01  0.32E+09  0.42E+03
       Cl  2 1   0.21E+04 -0.37E+00  0.12E+02  0.49E+09  0.65E+03
       Cl  2 2   0.33E+04 -0.16E+00  0.21E+02  0.76E+09  0.10E+04
       Cl  3 3   0.21E+02  0.79E-01  0.89E+01  0.23E+05  0.13E+03
       Cl  4 3   0.24E+02  0.67E-01  0.99E+01  0.27E+05  0.15E+03
       Cl  4 4   0.28E+02  0.44E-01  0.11E+02  0.32E+05  0.18E+03
       Cl  5 5   0.77E+00  0.19E+00  0.18E+01  0.12E+03  0.22E+02
       Cl  6 5   0.80E+00  0.19E+00  0.19E+01  0.12E+03  0.23E+02
       Cl  6 6   0.83E+00  0.20E+00  0.19E+01  0.12E+03  0.23E+02
       H   1 1   0.39E+02  0.19E+00  0.29E+00  0.78E+05  0.13E+02
       H   2 1   0.41E+02  0.21E+00  0.32E+00  0.82E+05  0.14E+02
       H   2 2   0.43E+02  0.22E+00  0.36E+00  0.86E+05  0.15E+02
     ------------------------------------------------------------

     alpha_pv=     33.7412 eV

     Number of occupied bands for each k-point:
     k-point:     1    nbnd_occ=  42
     k-point:     2    nbnd_occ=  42
     k-point:     3    nbnd_occ=  42
     k-point:     4    nbnd_occ=  42
     k-point:     5    nbnd_occ=  42
     k-point:     6    nbnd_occ=  42
     k-point:     7    nbnd_occ=  42
     k-point:     8    nbnd_occ=  42
     k-point:     9    nbnd_occ=  42
     k-point:    10    nbnd_occ=  42
     k-point:    11    nbnd_occ=  42
     k-point:    12    nbnd_occ=  42
     k-point:    13    nbnd_occ=  42
     k-point:    14    nbnd_occ=  42
     k-point:    15    nbnd_occ=  42
     k-point:    16    nbnd_occ=  42


     q-space interpolation up to   110.00 Rydberg

     GIPAW job: efg                                                                             


     ELECTRIC FIELD GRADIENTS TENSORS IN Hartree/bohrradius^2:

     ----- bare term -----
     Cl   1       -0.065553        0.148102        0.111574
     Cl   1        0.148102       -0.009379        0.137619
     Cl   1        0.111574        0.137619        0.074932

     C    2       -0.384322        0.049519       -0.355910
     C    2        0.049519       -0.051037       -0.409127
     C    2       -0.355910       -0.409127        0.435359

     C    3       -0.122180        0.178534       -0.244037
     C    3        0.178534       -0.149685       -0.636738
     C    3       -0.244037       -0.636738        0.271864

     H    4       -0.029012        0.149948       -0.506930
     H    4        0.149948       -0.027868        0.176771
     H    4       -0.506930        0.176771        0.056879

     C    5       -0.219189        0.383078       -0.057159
     C    5        0.383078       -0.267175       -0.424355
     C    5       -0.057159       -0.424355        0.486364

     H    6        0.504951       -0.031143       -0.019463
     H    6       -0.031143       -0.055367       -0.398037
     H    6       -0.019463       -0.398037       -0.449584

     H    7        0.292317        0.074369        0.210988
     H    7        0.074369       -0.207997        0.456744
     H    7        0.210988        0.456744       -0.084319

     C    8       -0.588675       -0.345739       -0.302921
     C    8       -0.345739        0.342593        0.262783
     C    8       -0.302921        0.262783        0.246083

     H    9        0.144159        0.050495       -0.359631
     H    9        0.050495        0.240802       -0.268174
     H    9       -0.359631       -0.268174       -0.384961

     C   10        0.072862       -0.375628       -0.099920
     C   10       -0.375628       -0.149032        0.554582
     C   10       -0.099920        0.554582        0.076170

     C   11       -0.533114       -0.291818       -0.402092
     C   11       -0.291818        0.251746        0.215730
     C   11       -0.402092        0.215730        0.281367

     Cl  12        0.053532        0.114919       -0.016624
     Cl  12        0.114919        0.013711        0.010877
     Cl  12       -0.016624        0.010877       -0.067242

     H   13        0.496251       -0.028501        0.023189
     H   13       -0.028501       -0.098966       -0.397322
     H   13        0.023189       -0.397322       -0.397285

     C   14       -0.454333        0.326432       -0.159005
     C   14        0.326432       -0.008280       -0.462878
     C   14       -0.159005       -0.462878        0.462614

     H   15       -0.082242        0.038819       -0.551717
     H   15        0.038819        0.145579        0.168363
     H   15       -0.551717        0.168363       -0.063337

     C   16       -0.056884        0.227965       -0.195005
     C   16        0.227965       -0.084967       -0.624546
     C   16       -0.195005       -0.624546        0.141851

     C   17       -0.250831        0.240232       -0.521283
     C   17        0.240232        0.114473       -0.396253
     C   17       -0.521283       -0.396253        0.136358

     Cl  18        0.010170        0.088053       -0.001764
     Cl  18        0.088053        0.031499        0.024568
     Cl  18       -0.001764        0.024568       -0.041668

     H   19        0.339679        0.008735        0.273336
     H   19        0.008735        0.152419        0.239663
     H   19        0.273336        0.239663       -0.492097

     C   20       -0.154900       -0.110168       -0.261897
     C   20       -0.110168       -0.159182        0.299894
     C   20       -0.261897        0.299894        0.314083

     H   21        0.163199        0.067185       -0.275761
     H   21        0.067185        0.393460       -0.120725
     H   21       -0.275761       -0.120725       -0.556659

     C   22       -0.296614       -0.293661       -0.300394
     C   22       -0.293661       -0.120920        0.240439
     C   22       -0.300394        0.240439        0.417534

     C   23       -0.028620        0.076417       -0.334962
     C   23        0.076417       -0.202538        0.498545
     C   23       -0.334962        0.498545        0.231158

     Cl  24       -0.074227       -0.063038       -0.083630
     Cl  24       -0.063038       -0.058980        0.021625
     Cl  24       -0.083630        0.021625        0.133207

     ----- ionic term -----
     Cl   1        0.073642       -0.220718       -0.005449
     Cl   1       -0.220718        0.070781        0.016017
     Cl   1       -0.005449        0.016017       -0.144423

     C    2        0.117722       -0.246349        0.272656
     C    2       -0.246349        0.055723        0.418556
     C    2        0.272656        0.418556       -0.173444

     C    3        0.061181       -0.356280        0.197397
     C    3       -0.356280        0.113238        0.375425
     C    3        0.197397        0.375425       -0.174418

     H    4        0.516719       -0.036136        0.759694
     H    4       -0.036136       -0.529915        0.062073
     H    4        0.759694        0.062073        0.013196

     C    5        0.149225       -0.327428        0.247451
     C    5       -0.327428        0.034531        0.294074
     C    5        0.247451        0.294074       -0.183756

     H    6       -0.541840       -0.055661       -0.020322
     H    6       -0.055661        0.407191        0.803019
     H    6       -0.020322        0.803019        0.134649

     H    7       -0.527243        0.037167        0.021441
     H    7        0.037167        0.749941       -0.661545
     H    7        0.021441       -0.661545       -0.222698

     C    8        0.180590        0.342201        0.276025
     C    8        0.342201        0.021165       -0.259473
     C    8        0.276025       -0.259473       -0.201755

     H    9        0.346839       -0.109648        0.787580
     H    9       -0.109648       -0.525320       -0.178631
     H    9        0.787580       -0.178631        0.178482

     C   10        0.105022        0.386221        0.184861
     C   10        0.386221        0.024083       -0.379037
     C   10        0.184861       -0.379037       -0.129104

     C   11        0.122975        0.296227        0.327536
     C   11        0.296227       -0.114300       -0.353923
     C   11        0.327536       -0.353923       -0.008675

     Cl  12        0.167269        0.210350        0.027900
     Cl  12        0.210350       -0.041796        0.012122
     Cl  12        0.027900        0.012122       -0.125473

     H   13       -0.518944        0.032584        0.049710
     H   13        0.032584        0.583642        0.753864
     H   13        0.049710        0.753864       -0.064698

     C   14        0.224556       -0.267539        0.279015
     C   14       -0.267539        0.052842        0.283608
     C   14        0.279015        0.283608       -0.277397

     H   15        0.641618        0.256221        0.689903
     H   15        0.256221       -0.463835        0.213609
     H   15        0.689903        0.213609       -0.177783

     C   16        0.097323       -0.237651        0.214057
     C   16       -0.237651        0.151965        0.391064
     C   16        0.214057        0.391064       -0.249288

     C   17        0.057194       -0.201828        0.298889
     C   17       -0.201828        0.083428        0.394284
     C   17        0.298889        0.394284       -0.140622

     Cl  18        0.076976       -0.188096        0.002000
     Cl  18       -0.188096        0.039443        0.011524
     Cl  18        0.002000        0.011524       -0.116419

     H   19       -0.532775        0.093417       -0.090486
     H   19        0.093417        0.268736       -0.789311
     H   19       -0.090486       -0.789311        0.264039

     C   20        0.159891        0.324934        0.278998
     C   20        0.324934       -0.144776       -0.277295
     C   20        0.278998       -0.277295       -0.015115

     H   21        0.274997       -0.034511        0.821007
     H   21       -0.034511       -0.569662       -0.105025
     H   21        0.821007       -0.105025        0.294665

     C   22        0.054671        0.347202        0.192097
     C   22        0.347202       -0.023381       -0.396703
     C   22        0.192097       -0.396703       -0.031289

     C   23        0.035413        0.277477        0.295922
     C   23        0.277477       -0.033367       -0.417271
     C   23        0.295922       -0.417271       -0.002045

     Cl  24        0.097199        0.200170        0.024915
     Cl  24        0.200170        0.027257        0.007656
     Cl  24        0.024915        0.007656       -0.124456

     ----- GIPAW term -----
     Cl   1        0.630372       -0.552250        1.242431
     Cl   1       -0.552250        0.070778        1.563584
     Cl   1        1.242431        1.563584       -0.701151

     C    2       -0.044570       -0.118917       -0.060912
     C    2       -0.118917       -0.043533       -0.031222
     C    2       -0.060912       -0.031222        0.088103

     C    3       -0.092648        0.004235       -0.051153
     C    3        0.004235        0.086540       -0.171528
     C    3       -0.051153       -0.171528        0.006108

     H    4       -0.000000        0.000000        0.000000
     H    4        0.000000        0.000000        0.000000
     H    4        0.000000        0.000000        0.000000

     C    5        0.027007        0.035807        0.107838
     C    5        0.035807       -0.129413       -0.111078
     C    5        0.107838       -0.111078        0.102406

     H    6       -0.000000        0.000000        0.000000
     H    6        0.000000        0.000000        0.000000
     H    6        0.000000        0.000000        0.000000

     H    7       -0.000000        0.000000        0.000000
     H    7        0.000000        0.000000        0.000000
     H    7        0.000000        0.000000        0.000000

     C    8       -0.155021       -0.112427       -0.068809
     C    8       -0.112427        0.172506        0.149384
     C    8       -0.068809        0.149384       -0.017485

     H    9       -0.000000        0.000000        0.000000
     H    9        0.000000        0.000000        0.000000
     H    9        0.000000        0.000000        0.000000

     C   10       -0.043202       -0.147218       -0.056216
     C   10       -0.147218        0.111168        0.160772
     C   10       -0.056216        0.160772       -0.067966

     C   11       -0.098180       -0.020611       -0.042289
     C   11       -0.020611        0.211406       -0.054862
     C   11       -0.042289       -0.054862       -0.113226

     Cl  12        1.708112        2.908384       -0.096501
     Cl  12        2.908384        0.182875        0.118418
     Cl  12       -0.096501        0.118418       -1.890987

     H   13       -0.000000        0.000000        0.000000
     H   13        0.000000        0.000000        0.000000
     H   13        0.000000        0.000000        0.000000

     C   14       -0.155630        0.033231        0.008828
     C   14        0.033231       -0.004514       -0.222726
     C   14        0.008828       -0.222726        0.160144

     H   15       -0.000000        0.000000        0.000000
     H   15        0.000000        0.000000        0.000000
     H   15        0.000000        0.000000        0.000000

     C   16       -0.118072        0.064794       -0.064617
     C   16        0.064794        0.116549       -0.234629
     C   16       -0.064617       -0.234629        0.001524

     C   17        0.033272        0.091502       -0.132492
     C   17        0.091502        0.116413       -0.109783
     C   17       -0.132492       -0.109783       -0.149686

     Cl  18        0.404244        0.337441        0.178449
     Cl  18        0.337441        2.168593        0.496853
     Cl  18        0.178449        0.496853       -2.572837

     H   19       -0.000000        0.000000        0.000000
     H   19        0.000000        0.000000        0.000000
     H   19        0.000000        0.000000        0.000000

     C   20       -0.058759       -0.015559       -0.129765
     C   20       -0.015559       -0.144953        0.075059
     C   20       -0.129765        0.075059        0.203713

     H   21       -0.000000        0.000000        0.000000
     H   21        0.000000        0.000000        0.000000
     H   21        0.000000        0.000000        0.000000

     C   22       -0.129973       -0.036855       -0.146202
     C   22       -0.036855       -0.104807        0.062544
     C   22       -0.146202        0.062544        0.234780

     C   23        0.010412        0.153903       -0.060910
     C   23        0.153903        0.038309       -0.030731
     C   23       -0.060910       -0.030731       -0.048720

     Cl  24        0.950772        1.981886       -0.640529
     Cl  24        1.981886       -0.320151        0.182293
     Cl  24       -0.640529        0.182293       -0.630622

     ----- total EFG -----
     Cl   1        0.638462       -0.624866        1.348555
     Cl   1       -0.624866        0.132180        1.717221
     Cl   1        1.348555        1.717221       -0.770642

     C    2       -0.311171       -0.315748       -0.144166
     C    2       -0.315748       -0.038847       -0.021793
     C    2       -0.144166       -0.021793        0.350018

     C    3       -0.153646       -0.173511       -0.097793
     C    3       -0.173511        0.050092       -0.432840
     C    3       -0.097793       -0.432840        0.103554

     H    4        0.487707        0.113813        0.252764
     H    4        0.113813       -0.557783        0.238844
     H    4        0.252764        0.238844        0.070076

     C    5       -0.042957        0.091457        0.298130
     C    5        0.091457       -0.362057       -0.241359
     C    5        0.298130       -0.241359        0.405013

     H    6       -0.036889       -0.086805       -0.039785
     H    6       -0.086805        0.351824        0.404982
     H    6       -0.039785        0.404982       -0.314935

     H    7       -0.234926        0.111537        0.232429
     H    7        0.111537        0.541944       -0.204802
     H    7        0.232429       -0.204802       -0.307017

     C    8       -0.563107       -0.115964       -0.095705
     C    8       -0.115964        0.536264        0.152693
     C    8       -0.095705        0.152693        0.026843

     H    9        0.490997       -0.059153        0.427948
     H    9       -0.059153       -0.284518       -0.446805
     H    9        0.427948       -0.446805       -0.206479

     C   10        0.134682       -0.136624        0.028725
     C   10       -0.136624       -0.013782        0.336317
     C   10        0.028725        0.336317       -0.120900

     C   11       -0.508318       -0.016203       -0.116844
     C   11       -0.016203        0.348852       -0.193056
     C   11       -0.116844       -0.193056        0.159467

     Cl  12        1.928913        3.233653       -0.085225
     Cl  12        3.233653        0.154790        0.141418
     Cl  12       -0.085225        0.141418       -2.083702

     H   13       -0.022693        0.004083        0.072899
     H   13        0.004083        0.484676        0.356542
     H   13        0.072899        0.356542       -0.461983

     C   14       -0.385408        0.092124        0.128838
     C   14        0.092124        0.040048       -0.401996
     C   14        0.128838       -0.401996        0.345360

     H   15        0.559376        0.295040        0.138186
     H   15        0.295040       -0.318256        0.381972
     H   15        0.138186        0.381972       -0.241120

     C   16       -0.077633        0.055108       -0.045565
     C   16        0.055108        0.183546       -0.468111
     C   16       -0.045565       -0.468111       -0.105913

     C   17       -0.160365        0.129906       -0.354886
     C   17        0.129906        0.314314       -0.111752
     C   17       -0.354886       -0.111752       -0.153950

     Cl  18        0.491389        0.237398        0.178685
     Cl  18        0.237398        2.239535        0.532945
     Cl  18        0.178685        0.532945       -2.730925

     H   19       -0.193096        0.102152        0.182850
     H   19        0.102152        0.421155       -0.549647
     H   19        0.182850       -0.549647       -0.228059

     C   20       -0.053768        0.199208       -0.112664
     C   20        0.199208       -0.448911        0.097658
     C   20       -0.112664        0.097658        0.502680

     H   21        0.438196        0.032675        0.545245
     H   21        0.032675       -0.176202       -0.225751
     H   21        0.545245       -0.225751       -0.261994

     C   22       -0.371916        0.016686       -0.254499
     C   22        0.016686       -0.249108       -0.093720
     C   22       -0.254499       -0.093720        0.621025

     C   23        0.017204        0.507796       -0.099951
     C   23        0.507796       -0.197596        0.050543
     C   23       -0.099951        0.050543        0.180392

     Cl  24        0.973745        2.119018       -0.699245
     Cl  24        2.119018       -0.351874        0.211574
     Cl  24       -0.699245        0.211574       -0.621871

     ----- total EFG (symmetrized) -----
     Cl   1        0.638462       -0.624866        1.348555
     Cl   1       -0.624866        0.132180        1.717221
     Cl   1        1.348555        1.717221       -0.770642

     C    2       -0.311171       -0.315748       -0.144166
     C    2       -0.315748       -0.038847       -0.021793
     C    2       -0.144166       -0.021793        0.350018

     C    3       -0.153646       -0.173511       -0.097793
     C    3       -0.173511        0.050092       -0.432840
     C    3       -0.097793       -0.432840        0.103554

     H    4        0.487707        0.113813        0.252764
     H    4        0.113813       -0.557783        0.238844
     H    4        0.252764        0.238844        0.070076

     C    5       -0.042957        0.091457        0.298130
     C    5        0.091457       -0.362057       -0.241359
     C    5        0.298130       -0.241359        0.405013

     H    6       -0.036889       -0.086805       -0.039785
     H    6       -0.086805        0.351824        0.404982
     H    6       -0.039785        0.404982       -0.314935

     H    7       -0.234926        0.111537        0.232429
     H    7        0.111537        0.541944       -0.204802
     H    7        0.232429       -0.204802       -0.307017

     C    8       -0.563107       -0.115964       -0.095705
     C    8       -0.115964        0.536264        0.152693
     C    8       -0.095705        0.152693        0.026843

     H    9        0.490997       -0.059153        0.427948
     H    9       -0.059153       -0.284518       -0.446805
     H    9        0.427948       -0.446805       -0.206479

     C   10        0.134682       -0.136624        0.028725
     C   10       -0.136624       -0.013782        0.336317
     C   10        0.028725        0.336317       -0.120900

     C   11       -0.508318       -0.016203       -0.116844
     C   11       -0.016203        0.348852       -0.193056
     C   11       -0.116844       -0.193056        0.159467

     Cl  12        1.928913        3.233653       -0.085225
     Cl  12        3.233653        0.154790        0.141418
     Cl  12       -0.085225        0.141418       -2.083702

     H   13       -0.022693        0.004083        0.072899
     H   13        0.004083        0.484676        0.356542
     H   13        0.072899        0.356542       -0.461983

     C   14       -0.385408        0.092124        0.128838
     C   14        0.092124        0.040048       -0.401996
     C   14        0.128838       -0.401996        0.345360

     H   15        0.559376        0.295040        0.138186
     H   15        0.295040       -0.318256        0.381972
     H   15        0.138186        0.381972       -0.241120

     C   16       -0.077633        0.055108       -0.045565
     C   16        0.055108        0.183546       -0.468111
     C   16       -0.045565       -0.468111       -0.105913

     C   17       -0.160365        0.129906       -0.354886
     C   17        0.129906        0.314314       -0.111752
     C   17       -0.354886       -0.111752       -0.153950

     Cl  18        0.491389        0.237398        0.178685
     Cl  18        0.237398        2.239535        0.532945
     Cl  18        0.178685        0.532945       -2.730925

     H   19       -0.193096        0.102152        0.182850
     H   19        0.102152        0.421155       -0.549647
     H   19        0.182850       -0.549647       -0.228059

     C   20       -0.053768        0.199208       -0.112664
     C   20        0.199208       -0.448911        0.097658
     C   20       -0.112664        0.097658        0.502680

     H   21        0.438196        0.032675        0.545245
     H   21        0.032675       -0.176202       -0.225751
     H   21        0.545245       -0.225751       -0.261994

     C   22       -0.371916        0.016686       -0.254499
     C   22        0.016686       -0.249108       -0.093720
     C   22       -0.254499       -0.093720        0.621025

     C   23        0.017204        0.507796       -0.099951
     C   23        0.507796       -0.197596        0.050543
     C   23       -0.099951        0.050543        0.180392

     Cl  24        0.973745        2.119018       -0.699245
     Cl  24        2.119018       -0.351874        0.211574
     Cl  24       -0.699245        0.211574       -0.621871


     NQR/NMR SPECTROSCOPIC PARAMETERS:
     Cl   1    Vxx=    1.0450    axis=( -0.734902  0.672188  0.089906)
     Cl   1    Vyy=    1.6794    axis=( -0.548951 -0.511777 -0.660861)
     Cl   1    Vzz=   -2.7244    axis=( -0.398211 -0.535022  0.745104)
     Cl   1  Q=        -8.1650 1e-30 m^2  Cq=        52.2664 MHz  eta= 0.23284

     C    2    Vxx=    0.1522    axis=(  0.486223 -0.833458  0.262557)
     C    2    Vyy=    0.3865    axis=( -0.263414  0.146691  0.953465)
     C    2    Vzz=   -0.5387    axis=( -0.833187 -0.532757 -0.148220)
     C    2  Q=         1.0000 1e-30 m^2  Cq=        -1.2658 MHz  eta= 0.43488

     C    3    Vxx=   -0.0398    axis=(  0.851386 -0.327934 -0.409390)
     C    3    Vyy=   -0.4743    axis=(  0.519011  0.639676  0.566959)
     C    3    Vzz=    0.5141    axis=(  0.075952 -0.695179  0.714813)
     C    3  Q=         1.0000 1e-30 m^2  Cq=         1.2080 MHz  eta= 0.84521

     H    4    Vxx=   -0.0039    axis=( -0.488434  0.258948  0.833294)
     H    4    Vyy=   -0.6390    axis=( -0.026283  0.950155 -0.310669)
     H    4    Vzz=    0.6429    axis=( -0.872205 -0.173643 -0.457282)
     H    4  Q=         1.0000 1e-30 m^2  Cq=         1.5105 MHz  eta= 0.98799

     C    5    Vxx=   -0.0822    axis=(  0.828203  0.495871 -0.261136)
     C    5    Vyy=   -0.5056    axis=( -0.395686  0.847364  0.354128)
     C    5    Vzz=    0.5878    axis=(  0.396879 -0.189962  0.897998)
     C    5  Q=         1.0000 1e-30 m^2  Cq=         1.3812 MHz  eta= 0.72033

     H    6    Vxx=   -0.0522    axis=(  0.987373  0.142238  0.069734)
     H    6    Vyy=   -0.5061    axis=(  0.002339  0.427067 -0.904217)
     H    6    Vzz=    0.5583    axis=( -0.158395  0.892962  0.421342)
     H    6  Q=         1.0000 1e-30 m^2  Cq=         1.3118 MHz  eta= 0.81299

     H    7    Vxx=   -0.0392    axis=(  0.779274  0.069913  0.622772)
     H    7    Vyy=   -0.5539    axis=(  0.622232 -0.204560 -0.755634)
     H    7    Vzz=    0.5930    axis=( -0.074566 -0.976354  0.202910)
     H    7  Q=         1.0000 1e-30 m^2  Cq=         1.3934 MHz  eta= 0.86790

     C    8    Vxx=   -0.0090    axis=( -0.103985 -0.288641  0.951774)
     C    8    Vyy=   -0.5859    axis=( -0.987513 -0.083908 -0.133336)
     C    8    Vzz=    0.5949    axis=(  0.118347 -0.953754 -0.276312)
     C    8  Q=         1.0000 1e-30 m^2  Cq=         1.3978 MHz  eta= 0.96972

     H    9    Vxx=   -0.0110    axis=(  0.507208  0.703537 -0.497770)
     H    9    Vyy=   -0.7485    axis=( -0.215892  0.662885  0.716920)
     H    9    Vzz=    0.7595    axis=(  0.834344 -0.256163  0.488109)
     H    9  Q=         1.0000 1e-30 m^2  Cq=         1.7846 MHz  eta= 0.97093

     C   10    Vxx=    0.1128    axis=(  0.867853  0.231389  0.439648)
     C   10    Vyy=    0.3171    axis=( -0.456732  0.719829  0.522725)
     C   10    Vzz=   -0.4299    axis=( -0.195519 -0.654450  0.730389)
     C   10  Q=         1.0000 1e-30 m^2  Cq=        -1.0102 MHz  eta= 0.47524

     C   11    Vxx=    0.0594    axis=( -0.184627  0.538128  0.822394)
     C   11    Vyy=    0.4716    axis=( -0.050355 -0.840860  0.538906)
     C   11    Vzz=   -0.5310    axis=( -0.981518 -0.058085 -0.182342)
     C   11  Q=         1.0000 1e-30 m^2  Cq=        -1.2476 MHz  eta= 0.77636

     Cl  12    Vxx=   -1.9978    axis=( -0.283276  0.367340  0.885898)
     Cl  12    Vyy=   -2.3972    axis=( -0.536238  0.705176 -0.463871)
     Cl  12    Vzz=    4.3950    axis=( -0.795112 -0.606456 -0.002778)
     Cl  12  Q=        -8.1650 1e-30 m^2  Cq=       -84.3162 MHz  eta= 0.09087

     H   13    Vxx=   -0.0157    axis=(  0.991954 -0.078731  0.099140)
     H   13    Vyy=   -0.5894    axis=( -0.118989 -0.312409  0.942466)
     H   13    Vzz=    0.6051    axis=( -0.043229 -0.946680 -0.319263)
     H   13  Q=         1.0000 1e-30 m^2  Cq=         1.4218 MHz  eta= 0.94801

     C   14    Vxx=   -0.1460    axis=(  0.522116  0.722089  0.453853)
     C   14    Vyy=   -0.4796    axis=(  0.851135 -0.407177 -0.331326)
     C   14    Vzz=    0.6256    axis=(  0.054448 -0.559281  0.827188)
     C   14  Q=         1.0000 1e-30 m^2  Cq=         1.4700 MHz  eta= 0.53326

     H   15    Vxx=   -0.0401    axis=(  0.431492 -0.537387 -0.724590)
     H   15    Vyy=   -0.6778    axis=( -0.111672  0.765214 -0.634016)
     H   15    Vzz=    0.7179    axis=( -0.895178 -0.354489 -0.270173)
     H   15  Q=         1.0000 1e-30 m^2  Cq=         1.6868 MHz  eta= 0.88823

     C   16    Vxx=   -0.0859    axis=(  0.993264 -0.099242  0.059811)
     C   16    Vyy=   -0.4512    axis=(  0.010752  0.592891  0.805211)
     C   16    Vzz=    0.5371    axis=( -0.115372 -0.799144  0.589965)
     C   16  Q=         1.0000 1e-30 m^2  Cq=         1.2619 MHz  eta= 0.68019

     C   17    Vxx=    0.0756    axis=(  0.563043 -0.581448 -0.587283)
     C   17    Vyy=    0.4366    axis=(  0.417671  0.813399 -0.404886)
     C   17    Vzz=   -0.5123    axis=(  0.713116 -0.017322  0.700832)
     C   17  Q=         1.0000 1e-30 m^2  Cq=        -1.2037 MHz  eta= 0.70468

     Cl  18    Vxx=    0.4631    axis=(  0.989397 -0.141732  0.031701)
     Cl  18    Vyy=    2.3314    axis=(  0.137558  0.984533  0.108503)
     Cl  18    Vzz=   -2.7945    axis=( -0.046589 -0.102992  0.993591)
     Cl  18  Q=        -8.1650 1e-30 m^2  Cq=        53.6120 MHz  eta= 0.66856

     H   19    Vxx=   -0.0949    axis=(  0.905476  0.212207  0.367535)
     H   19    Vyy=   -0.6400    axis=( -0.424392  0.448351  0.786684)
     H   19    Vzz=    0.7349    axis=(  0.002155 -0.868303  0.496030)
     H   19  Q=         1.0000 1e-30 m^2  Cq=         1.7267 MHz  eta= 0.74163

     C   20    Vxx=    0.0206    axis=(  0.903144  0.409792  0.128065)
     C   20    Vyy=    0.5283    axis=(  0.168494 -0.063949 -0.983626)
     C   20    Vzz=   -0.5490    axis=( -0.394892  0.909935 -0.126803)
     C   20  Q=         1.0000 1e-30 m^2  Cq=        -1.2899 MHz  eta= 0.92479

     H   21    Vxx=   -0.0872    axis=(  0.273780  0.907629 -0.318205)
     H   21    Vyy=   -0.6560    axis=( -0.416544  0.410103  0.811361)
     H   21    Vzz=    0.7432    axis=(  0.866911 -0.089588  0.490346)
     H   21  Q=         1.0000 1e-30 m^2  Cq=         1.7463 MHz  eta= 0.76535

     C   22    Vxx=   -0.2585    axis=(  0.055463 -0.994404 -0.089911)
     C   22    Vyy=   -0.4335    axis=(  0.970906  0.032704  0.237217)
     C   22    Vzz=    0.6920    axis=( -0.232949 -0.100452  0.967287)
     C   22  Q=         1.0000 1e-30 m^2  Cq=         1.6260 MHz  eta= 0.25291

     C   23    Vxx=    0.1849    axis=(  0.063273  0.212820  0.975041)
     C   23    Vyy=    0.4373    axis=(  0.774890  0.605213 -0.182384)
     C   23    Vzz=   -0.6223    axis=( -0.628922  0.767089 -0.126618)
     C   23  Q=         1.0000 1e-30 m^2  Cq=        -1.4621 MHz  eta= 0.40560

     Cl  24    Vxx=   -0.4518    axis=( -0.109600  0.377193  0.919627)
     Cl  24    Vyy=   -2.1406    axis=( -0.578154  0.728397 -0.367662)
     Cl  24    Vzz=    2.5924    axis=( -0.808533 -0.571981  0.138243)
     Cl  24  Q=        -8.1650 1e-30 m^2  Cq=       -49.7331 MHz  eta= 0.65147

     Initialization:
     gipaw_setup  :      8.84s CPU     11.11s WALL (       1 calls)

     Linear response

     Apply operators

     Induced current

     Other routines
     efg          :      9.64s CPU     12.14s WALL (       1 calls)

     General routines
     calbec       :      3.39s CPU      4.48s WALL (      16 calls)
     fft          :      1.85s CPU      3.46s WALL (      15 calls)
     ffts         :      0.02s CPU      0.03s WALL (       2 calls)
     fftw         :      3.60s CPU      4.24s WALL (     672 calls)
     davcio       :      0.02s CPU      0.32s WALL (      32 calls)

     Parallel routines
     fft_scatter  :      2.58s CPU      4.67s WALL (     689 calls)

     Plugins

     GIPAW        :     60.57s CPU     78.10s WALL (       1 calls)
