
     Program QE v.6.0 (svn rev. 13079) starts on 29Dec2016 at  7: 2:57 

     This program is part of the open-source Quantum ESPRESSO suite
     for quantum simulation of materials; please cite
         "P. Giannozzi et al., J. Phys.:Condens. Matter 21 395502 (2009);
          URL http://www.quantum-espresso.org", 
     in publications or presentations arising from this work. More details at
     http://www.quantum-espresso.org/quote

     Parallel version (MPI), running on     8 processors
     R & G space division:  proc/nbgrp/npool/nimage =       8

     ***** This is GIPAW svn revision unknown      *****

     Parallelizing q-star over 1 images

     Reading data from directory:
     /users/majewski/paradichlorobenzene/pbe/9_constraint/scratch/pbe.ecut100.np8.dt60.pcl2phi-129368.save
     Message from routine read_xml_file:
     file /users/majewski/paradichlorobenzene/pbe/9_constraint/scratch/pbe.ecut100.np8.dt60.pcl2phi-129368.save not guaranteed to be safe for post-processing

   Info: using nr1, nr2, nr3 values from input

   Info: using nr1, nr2, nr3 values from input

     IMPORTANT: XC functional enforced from input :
     Exchange-correlation      =  SLA  PW   PBX  PBC ( 1  4  3  4 0 0)
     Any further DFT definition will be discarded
     Please, verify this is what you really want

               file C.pbe-n-kjpaw_psl.1.0.0.UPF: wavefunction(s)  2S 2P renormalized
               file Cl.pbe-n-kjpaw_psl.1.0.0.UPF: wavefunction(s)  3S 3P renormalized
               file H.pbe-kjpaw_psl.1.0.0.UPF: wavefunction(s)  1S renormalized

     Parallelization info
     --------------------
     sticks:   dense  smooth     PW     G-vecs:    dense   smooth      PW
     Min        3057    1223    332               144436    36536    5170
     Max        3059    1225    333               144437    36537    5171
     Sum       24467    9791   2657              1155489   292295   41363


     Subspace diagonalization in iterative solution of the eigenvalue problem:
     a serial algorithm will be used

     GIPAW projectors -----------------------------------------------
     atom=  C    l=0  rc=    1.2000  rs=    0.8000
     atom=  C    l=0  rc=    1.2000  rs=    0.8000
     atom=  C    l=1  rc=    1.4000  rs=    0.9333
     atom=  C    l=1  rc=    1.4000  rs=    0.9333
     projs nearly linearly dependent: l=1  n1,n2= 1, 2  s=  0.99951561

     atom=  Cl   l=0  rc=    1.6000  rs=    1.0667
     atom=  Cl   l=0  rc=    1.6000  rs=    1.0667
     atom=  Cl   l=1  rc=    1.6000  rs=    1.0667
     atom=  Cl   l=1  rc=    1.6000  rs=    1.0667
     atom=  Cl   l=2  rc=    1.6000  rs=    1.0667
     atom=  Cl   l=2  rc=    1.6000  rs=    1.0667
     projs nearly linearly dependent: l=2  n1,n2= 1, 2  s=  0.99993509

     atom=  H    l=0  rc=    1.0000  rs=    0.6667
     atom=  H    l=0  rc=    1.0000  rs=    0.6667
     projs nearly linearly dependent: l=0  n1,n2= 1, 2  s=  0.99968852
     -----------------------------------------------------------------

     GIPAW integrals: -------------------------------------------
     Atom  i/j   nmr_para   nmr_dia   epr_rmc  epr_para   epr_dia
       C   1 1   0.83E+03  0.17E-01  0.93E+01  0.24E+08  0.24E+03
       C   2 1   0.86E+03 -0.61E-01  0.94E+01  0.25E+08  0.25E+03
       C   2 2   0.90E+03 -0.15E+00  0.97E+01  0.26E+08  0.26E+03
       C   3 3   0.33E+01  0.34E+00  0.18E+01  0.55E+03  0.21E+02
       C   4 3   0.35E+01  0.37E+00  0.20E+01  0.59E+03  0.22E+02
       C   4 4   0.38E+01  0.39E+00  0.22E+01  0.63E+03  0.24E+02
       Cl  1 1   0.14E+04 -0.47E+00  0.84E+01  0.32E+09  0.42E+03
       Cl  2 1   0.21E+04 -0.37E+00  0.12E+02  0.49E+09  0.65E+03
       Cl  2 2   0.33E+04 -0.16E+00  0.21E+02  0.76E+09  0.10E+04
       Cl  3 3   0.21E+02  0.79E-01  0.89E+01  0.23E+05  0.13E+03
       Cl  4 3   0.24E+02  0.67E-01  0.99E+01  0.27E+05  0.15E+03
       Cl  4 4   0.28E+02  0.44E-01  0.11E+02  0.32E+05  0.18E+03
       Cl  5 5   0.77E+00  0.19E+00  0.18E+01  0.12E+03  0.22E+02
       Cl  6 5   0.80E+00  0.19E+00  0.19E+01  0.12E+03  0.23E+02
       Cl  6 6   0.83E+00  0.20E+00  0.19E+01  0.12E+03  0.23E+02
       H   1 1   0.39E+02  0.19E+00  0.29E+00  0.78E+05  0.13E+02
       H   2 1   0.41E+02  0.21E+00  0.32E+00  0.82E+05  0.14E+02
       H   2 2   0.43E+02  0.22E+00  0.36E+00  0.86E+05  0.15E+02
     ------------------------------------------------------------

     alpha_pv=     34.4138 eV

     Number of occupied bands for each k-point:
     k-point:     1    nbnd_occ=  42
     k-point:     2    nbnd_occ=  42
     k-point:     3    nbnd_occ=  42
     k-point:     4    nbnd_occ=  42
     k-point:     5    nbnd_occ=  42
     k-point:     6    nbnd_occ=  42
     k-point:     7    nbnd_occ=  42
     k-point:     8    nbnd_occ=  42
     k-point:     9    nbnd_occ=  42
     k-point:    10    nbnd_occ=  42
     k-point:    11    nbnd_occ=  42
     k-point:    12    nbnd_occ=  42
     k-point:    13    nbnd_occ=  42
     k-point:    14    nbnd_occ=  42
     k-point:    15    nbnd_occ=  42
     k-point:    16    nbnd_occ=  42


     q-space interpolation up to   110.00 Rydberg

     GIPAW job: efg                                                                             


     ELECTRIC FIELD GRADIENTS TENSORS IN Hartree/bohrradius^2:

     ----- bare term -----
     Cl   1        0.014056        0.149598       -0.009525
     Cl   1        0.149598        0.082646        0.007194
     Cl   1       -0.009525        0.007194       -0.096702

     C    2       -0.072254        0.171893       -0.212513
     C    2        0.171893        0.002556       -0.661546
     C    2       -0.212513       -0.661546        0.069698

     C    3       -0.138852        0.025643       -0.095820
     C    3        0.025643       -0.030513       -0.128915
     C    3       -0.095820       -0.128915        0.169365

     H    4       -0.363159       -0.545925       -0.011326
     H    4       -0.545925        0.010991        0.075406
     H    4       -0.011326        0.075406        0.352168

     C    5       -0.064730        0.150697       -0.040720
     C    5        0.150697       -0.212068       -0.065796
     C    5       -0.040720       -0.065796        0.276799

     H    6        0.106115       -0.469196        0.152163
     H    6       -0.469196       -0.460492        0.055093
     H    6        0.152163        0.055093        0.354377

     H    7        0.201100       -0.003662       -0.114957
     H    7       -0.003662       -0.473742        0.605840
     H    7       -0.114957        0.605840        0.272642

     C    8       -0.720751       -0.344660       -0.347428
     C    8       -0.344660        0.283794        0.055882
     C    8       -0.347428        0.055882        0.436957

     H    9       -0.464074       -0.254805       -0.409671
     H    9       -0.254805        0.147742        0.077134
     H    9       -0.409671        0.077134        0.316332

     C   10        0.084273        0.303257       -0.397982
     C   10        0.303257       -0.186526        0.618318
     C   10       -0.397982        0.618318        0.102253

     C   11       -0.615330       -0.397148       -0.312180
     C   11       -0.397148        0.161299        0.107814
     C   11       -0.312180        0.107814        0.454031

     Cl  12        0.020319        0.160875       -0.069622
     Cl  12        0.160875        0.032022       -0.082061
     Cl  12       -0.069622       -0.082061       -0.052342

     H   13        0.409582       -0.076605       -0.052980
     H   13       -0.076605       -0.575225       -0.424934
     H   13       -0.052980       -0.424934        0.165643

     C   14       -0.601548        0.352200       -0.408230
     C   14        0.352200        0.244781       -0.296474
     C   14       -0.408230       -0.296474        0.356767

     H   15       -0.495496       -0.085258       -0.407980
     H   15       -0.085258        0.270421       -0.277612
     H   15       -0.407980       -0.277612        0.225075

     C   16        0.025714        0.456481       -0.109732
     C   16        0.456481       -0.213150       -0.596222
     C   16       -0.109732       -0.596222        0.187435

     C   17       -0.166923        0.182798       -0.463438
     C   17        0.182798        0.077260       -0.248176
     C   17       -0.463438       -0.248176        0.089663

     Cl  18       -0.022844        0.094550       -0.015305
     Cl  18        0.094550        0.004956        0.005848
     Cl  18       -0.015305        0.005848        0.017888

     H   19        0.372617       -0.102652        0.200488
     H   19       -0.102652       -0.114838        0.580309
     H   19        0.200488        0.580309       -0.257778

     C   20       -0.059282        0.231593       -0.335669
     C   20        0.231593       -0.161947        0.372891
     C   20       -0.335669        0.372891        0.221230

     H   21       -0.031637        0.086251       -0.321912
     H   21        0.086251        0.137733        0.533858
     H   21       -0.321912        0.533858       -0.106096

     C   22       -0.501558       -0.392435       -0.340037
     C   22       -0.392435        0.119397        0.042643
     C   22       -0.340037        0.042643        0.382162

     C   23        0.041601        0.242879       -0.412729
     C   23        0.242879       -0.088575        0.639405
     C   23       -0.412729        0.639405        0.046975

     Cl  24       -0.222725       -0.247685        0.039470
     Cl  24       -0.247685        0.037084        0.060534
     Cl  24        0.039470        0.060534        0.185641

     ----- ionic term -----
     Cl   1        0.105860       -0.179931        0.021965
     Cl   1       -0.179931        0.052897       -0.017324
     Cl   1        0.021965       -0.017324       -0.158757

     C    2        0.195674       -0.024320        0.283547
     C    2       -0.024320        0.252124        0.355745
     C    2        0.283547        0.355745       -0.447798

     C    3        0.153624       -0.146353        0.218667
     C    3       -0.146353        0.281022        0.377412
     C    3        0.218667        0.377412       -0.434646

     H    4        0.548788        0.367259        0.646456
     H    4        0.367259       -0.373457        0.299019
     H    4        0.646456        0.299019       -0.175331

     C    5        0.372226       -0.142022        0.270009
     C    5       -0.142022        0.082953        0.268863
     C    5        0.270009        0.268863       -0.455179

     H    6       -0.446665        0.249447        0.135508
     H    6        0.249447        0.718517        0.605706
     H    6        0.135508        0.605706       -0.271853

     H    7       -0.498491       -0.081095        0.062464
     H    7       -0.081095        0.700079       -0.684505
     H    7        0.062464       -0.684505       -0.201589

     C    8        0.321090        0.166484        0.258069
     C    8        0.166484        0.041635       -0.296963
     C    8        0.258069       -0.296963       -0.362725

     H    9        0.518055       -0.275470        0.691315
     H    9       -0.275470       -0.440426       -0.246530
     H    9        0.691315       -0.246530       -0.077629

     C   10        0.159993        0.231596        0.204978
     C   10        0.231596        0.129875       -0.381393
     C   10        0.204978       -0.381393       -0.289868

     C   11        0.178761        0.234543        0.259179
     C   11        0.234543        0.086603       -0.402968
     C   11        0.259179       -0.402968       -0.265364

     Cl  12        0.171112        0.250283       -0.007456
     Cl  12        0.250283        0.000406       -0.007305
     Cl  12       -0.007456       -0.007305       -0.171518

     H   13       -0.510446        0.177539        0.061014
     H   13        0.177539        0.904241        0.486193
     H   13        0.061014        0.486193       -0.393795

     C   14        0.282039       -0.118087        0.221336
     C   14       -0.118087        0.199383        0.252111
     C   14        0.221336        0.252111       -0.481422

     H   15        0.765851        0.390017        0.523241
     H   15        0.390017       -0.350767        0.201416
     H   15        0.523241        0.201416       -0.415084

     C   16        0.171587       -0.154392        0.171912
     C   16       -0.154392        0.314085        0.331134
     C   16        0.171912        0.331134       -0.485673

     C   17        0.222472       -0.091364        0.230841
     C   17       -0.091364        0.225210        0.364059
     C   17        0.230841        0.364059       -0.447682

     Cl  18        0.124864       -0.197156       -0.014355
     Cl  18       -0.197156        0.013597        0.020169
     Cl  18       -0.014355        0.020169       -0.138461

     H   19       -0.536770       -0.055580        0.051995
     H   19       -0.055580        0.483722       -0.793903
     H   19        0.051995       -0.793903        0.053048

     C   20        0.237271        0.245428        0.229426
     C   20        0.245428       -0.005360       -0.333642
     C   20        0.229426       -0.333642       -0.231911

     H   21        0.612306       -0.243629        0.721397
     H   21       -0.243629       -0.479943       -0.222524
     H   21        0.721397       -0.222524       -0.132363

     C   22        0.159731        0.293325        0.153617
     C   22        0.293325        0.086195       -0.433810
     C   22        0.153617       -0.433810       -0.245926

     C   23        0.158418        0.166557        0.209679
     C   23        0.166557        0.082154       -0.456837
     C   23        0.209679       -0.456837       -0.240572

     Cl  24        0.110651        0.190273       -0.000771
     Cl  24        0.190273        0.025561       -0.016038
     Cl  24       -0.000771       -0.016038       -0.136212

     ----- GIPAW term -----
     Cl   1        1.568632       -0.813679       -0.078507
     Cl   1       -0.813679        0.718735        0.063985
     Cl   1       -0.078507        0.063985       -2.287367

     C    2       -0.019086        0.066502       -0.094805
     C    2        0.066502        0.117741       -0.211580
     C    2       -0.094805       -0.211580       -0.098655

     C    3       -0.002838        0.042710       -0.065055
     C    3        0.042710        0.009963       -0.041583
     C    3       -0.065055       -0.041583       -0.007125

     H    4       -0.000000        0.000000        0.000000
     H    4        0.000000        0.000000        0.000000
     H    4        0.000000        0.000000        0.000000

     C    5        0.018457        0.054245       -0.044514
     C    5        0.054245       -0.028247       -0.046576
     C    5       -0.044514       -0.046576        0.009789

     H    6       -0.000000        0.000000        0.000000
     H    6        0.000000        0.000000        0.000000
     H    6        0.000000        0.000000        0.000000

     H    7       -0.000000        0.000000        0.000000
     H    7        0.000000        0.000000        0.000000
     H    7        0.000000        0.000000        0.000000

     C    8       -0.099555        0.141592       -0.073936
     C    8        0.141592        0.179686       -0.101052
     C    8       -0.073936       -0.101052       -0.080131

     H    9       -0.000000        0.000000        0.000000
     H    9        0.000000        0.000000        0.000000
     H    9        0.000000        0.000000        0.000000

     C   10        0.018135        0.242382       -0.105678
     C   10        0.242382        0.095155        0.009576
     C   10       -0.105678        0.009576       -0.113289

     C   11       -0.053069        0.173161       -0.093820
     C   11        0.173161        0.137978       -0.094385
     C   11       -0.093820       -0.094385       -0.084909

     Cl  12        1.285152        3.322132       -0.835924
     Cl  12        3.322132        0.427461       -0.894370
     Cl  12       -0.835924       -0.894370       -1.712613

     H   13       -0.000000        0.000000        0.000000
     H   13        0.000000        0.000000        0.000000
     H   13        0.000000        0.000000        0.000000

     C   14       -0.128608        0.123295       -0.068545
     C   14        0.123295        0.139921       -0.058738
     C   14       -0.068545       -0.058738       -0.011313

     H   15       -0.000000        0.000000        0.000000
     H   15        0.000000        0.000000        0.000000
     H   15        0.000000        0.000000        0.000000

     C   16       -0.034557        0.182188       -0.011868
     C   16        0.182188        0.127022       -0.088281
     C   16       -0.011868       -0.088281       -0.092465

     C   17        0.020415        0.088411       -0.121485
     C   17        0.088411        0.060945       -0.101992
     C   17       -0.121485       -0.101992       -0.081360

     Cl  18        0.772694        0.892499       -0.145612
     Cl  18        0.892499        1.694710       -0.131170
     Cl  18       -0.145612       -0.131170       -2.467404

     H   19       -0.000000        0.000000        0.000000
     H   19        0.000000        0.000000        0.000000
     H   19        0.000000        0.000000        0.000000

     C   20       -0.042104        0.142229       -0.112190
     C   20        0.142229       -0.000001       -0.089095
     C   20       -0.112190       -0.089095        0.042105

     H   21       -0.000000        0.000000        0.000000
     H   21        0.000000        0.000000        0.000000
     H   21        0.000000        0.000000        0.000000

     C   22       -0.044227        0.121126       -0.126984
     C   22        0.121126        0.084558       -0.121970
     C   22       -0.126984       -0.121970       -0.040330

     C   23       -0.046753        0.160127       -0.062834
     C   23        0.160127        0.184932       -0.017473
     C   23       -0.062834       -0.017473       -0.138179

     Cl  24        0.699558        2.231828        0.330425
     Cl  24        2.231828        0.680872        0.454638
     Cl  24        0.330425        0.454638       -1.380430

     ----- total EFG -----
     Cl   1        1.688548       -0.844012       -0.066067
     Cl   1       -0.844012        0.854278        0.053855
     Cl   1       -0.066067        0.053855       -2.542826

     C    2        0.104333        0.214075       -0.023771
     C    2        0.214075        0.372422       -0.517381
     C    2       -0.023771       -0.517381       -0.476755

     C    3        0.011934       -0.077999        0.057791
     C    3       -0.077999        0.260473        0.206914
     C    3        0.057791        0.206914       -0.272406

     H    4        0.185628       -0.178666        0.635129
     H    4       -0.178666       -0.362466        0.374425
     H    4        0.635129        0.374425        0.176838

     C    5        0.325953        0.062921        0.184775
     C    5        0.062921       -0.157362        0.156491
     C    5        0.184775        0.156491       -0.168591

     H    6       -0.340550       -0.219749        0.287671
     H    6       -0.219749        0.258026        0.660799
     H    6        0.287671        0.660799        0.082524

     H    7       -0.297390       -0.084757       -0.052494
     H    7       -0.084757        0.226337       -0.078665
     H    7       -0.052494       -0.078665        0.071053

     C    8       -0.499216       -0.036584       -0.163295
     C    8       -0.036584        0.505115       -0.342133
     C    8       -0.163295       -0.342133       -0.005899

     H    9        0.053981       -0.530275        0.281644
     H    9       -0.530275       -0.292685       -0.169395
     H    9        0.281644       -0.169395        0.238703

     C   10        0.262400        0.777235       -0.298682
     C   10        0.777235        0.038505        0.246501
     C   10       -0.298682        0.246501       -0.300904

     C   11       -0.489638        0.010556       -0.146821
     C   11        0.010556        0.385880       -0.389539
     C   11       -0.146821       -0.389539        0.103758

     Cl  12        1.476583        3.733290       -0.913002
     Cl  12        3.733290        0.459889       -0.983736
     Cl  12       -0.913002       -0.983736       -1.936472

     H   13       -0.100864        0.100934        0.008034
     H   13        0.100934        0.329016        0.061259
     H   13        0.008034        0.061259       -0.228152

     C   14       -0.448117        0.357408       -0.255439
     C   14        0.357408        0.584085       -0.103101
     C   14       -0.255439       -0.103101       -0.135967

     H   15        0.270356        0.304759        0.115260
     H   15        0.304759       -0.080346       -0.076195
     H   15        0.115260       -0.076195       -0.190010

     C   16        0.162744        0.484276        0.050312
     C   16        0.484276        0.227958       -0.353369
     C   16        0.050312       -0.353369       -0.390702

     C   17        0.075964        0.179845       -0.354082
     C   17        0.179845        0.363415        0.013891
     C   17       -0.354082        0.013891       -0.439379

     Cl  18        0.874713        0.789892       -0.175272
     Cl  18        0.789892        1.713264       -0.105152
     Cl  18       -0.175272       -0.105152       -2.587977

     H   19       -0.164154       -0.158232        0.252483
     H   19       -0.158232        0.368883       -0.213594
     H   19        0.252483       -0.213594       -0.204730

     C   20        0.135884        0.619250       -0.218433
     C   20        0.619250       -0.167308       -0.049846
     C   20       -0.218433       -0.049846        0.031424

     H   21        0.580669       -0.157378        0.399485
     H   21       -0.157378       -0.342210        0.311334
     H   21        0.399485        0.311334       -0.238459

     C   22       -0.386055        0.022017       -0.313403
     C   22        0.022017        0.290149       -0.513137
     C   22       -0.313403       -0.513137        0.095906

     C   23        0.153266        0.569563       -0.265885
     C   23        0.569563        0.178511        0.165095
     C   23       -0.265885        0.165095       -0.331777

     Cl  24        0.587484        2.174416        0.369124
     Cl  24        2.174416        0.743517        0.499135
     Cl  24        0.369124        0.499135       -1.331000

     ----- total EFG (symmetrized) -----
     Cl   1        1.688548       -0.844012       -0.066067
     Cl   1       -0.844012        0.854278        0.053855
     Cl   1       -0.066067        0.053855       -2.542826

     C    2        0.104333        0.214075       -0.023771
     C    2        0.214075        0.372422       -0.517381
     C    2       -0.023771       -0.517381       -0.476755

     C    3        0.011934       -0.077999        0.057791
     C    3       -0.077999        0.260473        0.206914
     C    3        0.057791        0.206914       -0.272406

     H    4        0.185628       -0.178666        0.635129
     H    4       -0.178666       -0.362466        0.374425
     H    4        0.635129        0.374425        0.176838

     C    5        0.325953        0.062921        0.184775
     C    5        0.062921       -0.157362        0.156491
     C    5        0.184775        0.156491       -0.168591

     H    6       -0.340550       -0.219749        0.287671
     H    6       -0.219749        0.258026        0.660799
     H    6        0.287671        0.660799        0.082524

     H    7       -0.297390       -0.084757       -0.052494
     H    7       -0.084757        0.226337       -0.078665
     H    7       -0.052494       -0.078665        0.071053

     C    8       -0.499216       -0.036584       -0.163295
     C    8       -0.036584        0.505115       -0.342133
     C    8       -0.163295       -0.342133       -0.005899

     H    9        0.053981       -0.530275        0.281644
     H    9       -0.530275       -0.292685       -0.169395
     H    9        0.281644       -0.169395        0.238703

     C   10        0.262400        0.777235       -0.298682
     C   10        0.777235        0.038505        0.246501
     C   10       -0.298682        0.246501       -0.300904

     C   11       -0.489638        0.010556       -0.146821
     C   11        0.010556        0.385880       -0.389539
     C   11       -0.146821       -0.389539        0.103758

     Cl  12        1.476583        3.733290       -0.913002
     Cl  12        3.733290        0.459889       -0.983736
     Cl  12       -0.913002       -0.983736       -1.936472

     H   13       -0.100864        0.100934        0.008034
     H   13        0.100934        0.329016        0.061259
     H   13        0.008034        0.061259       -0.228152

     C   14       -0.448117        0.357408       -0.255439
     C   14        0.357408        0.584085       -0.103101
     C   14       -0.255439       -0.103101       -0.135967

     H   15        0.270356        0.304759        0.115260
     H   15        0.304759       -0.080346       -0.076195
     H   15        0.115260       -0.076195       -0.190010

     C   16        0.162744        0.484276        0.050312
     C   16        0.484276        0.227958       -0.353369
     C   16        0.050312       -0.353369       -0.390702

     C   17        0.075964        0.179845       -0.354082
     C   17        0.179845        0.363415        0.013891
     C   17       -0.354082        0.013891       -0.439379

     Cl  18        0.874713        0.789892       -0.175272
     Cl  18        0.789892        1.713264       -0.105152
     Cl  18       -0.175272       -0.105152       -2.587977

     H   19       -0.164154       -0.158232        0.252483
     H   19       -0.158232        0.368883       -0.213594
     H   19        0.252483       -0.213594       -0.204730

     C   20        0.135884        0.619250       -0.218433
     C   20        0.619250       -0.167308       -0.049846
     C   20       -0.218433       -0.049846        0.031424

     H   21        0.580669       -0.157378        0.399485
     H   21       -0.157378       -0.342210        0.311334
     H   21        0.399485        0.311334       -0.238459

     C   22       -0.386055        0.022017       -0.313403
     C   22        0.022017        0.290149       -0.513137
     C   22       -0.313403       -0.513137        0.095906

     C   23        0.153266        0.569563       -0.265885
     C   23        0.569563        0.178511        0.165095
     C   23       -0.265885        0.165095       -0.331777

     Cl  24        0.587484        2.174416        0.369124
     Cl  24        2.174416        0.743517        0.499135
     Cl  24        0.369124        0.499135       -1.331000


     NQR/NMR SPECTROSCOPIC PARAMETERS:
     Cl   1    Vxx=    0.3300    axis=(  0.527839  0.849336  0.003783)
     Cl   1    Vyy=    2.2144    axis=( -0.849244  0.527702  0.017768)
     Cl   1    Vzz=   -2.5444    axis=(  0.013095 -0.012592  0.999835)
     Cl   1  Q=        -8.1650 1e-30 m^2  Cq=        48.8124 MHz  eta= 0.74061

     C    2    Vxx=    0.0390    axis=(  0.939633 -0.262270  0.219782)
     C    2    Vyy=    0.6886    axis=( -0.330914 -0.859955  0.388554)
     C    2    Vzz=   -0.7276    axis=(  0.087096 -0.437827 -0.894831)
     C    2  Q=         1.0000 1e-30 m^2  Cq=        -1.7095 MHz  eta= 0.89274

     C    3    Vxx=    0.0198    axis=(  0.962383  0.092164  0.255588)
     C    3    Vyy=    0.3409    axis=( -0.169725  0.938510  0.300655)
     C    3    Vzz=   -0.3607    axis=( -0.212162 -0.332724  0.918848)
     C    3  Q=         1.0000 1e-30 m^2  Cq=        -0.8474 MHz  eta= 0.89014

     H    4    Vxx=   -0.0262    axis=(  0.556985 -0.732296 -0.391803)
     H    4    Vyy=   -0.8076    axis=(  0.482023  0.669203 -0.565528)
     H    4    Vzz=    0.8338    axis=(  0.676330  0.126132  0.725720)
     H    4  Q=         1.0000 1e-30 m^2  Cq=         1.9591 MHz  eta= 0.93705

     C    5    Vxx=   -0.0757    axis=(  0.367675 -0.755694 -0.541979)
     C    5    Vyy=   -0.3336    axis=(  0.154901  0.624427 -0.765569)
     C    5    Vzz=    0.4094    axis=(  0.916963  0.197528  0.346644)
     C    5  Q=         1.0000 1e-30 m^2  Cq=         0.9618 MHz  eta= 0.62995

     H    6    Vxx=   -0.0493    axis=( -0.777622  0.430058 -0.458644)
     H    6    Vyy=   -0.7881    axis=( -0.628331 -0.505515  0.591316)
     H    6    Vzz=    0.8374    axis=(  0.022449  0.748001  0.663318)
     H    6  Q=         1.0000 1e-30 m^2  Cq=         1.9676 MHz  eta= 0.88214

     H    7    Vxx=    0.0560    axis=( -0.213837  0.319801  0.923039)
     H    7    Vyy=    0.2655    axis=(  0.107819 -0.931395  0.347674)
     H    7    Vzz=   -0.3215    axis=(  0.970901  0.173867  0.164686)
     H    7  Q=         1.0000 1e-30 m^2  Cq=        -0.7553 MHz  eta= 0.65185

     C    8    Vxx=   -0.1100    axis=( -0.383218  0.431450  0.816698)
     C    8    Vyy=   -0.5680    axis=(  0.922984  0.145102  0.356436)
     C    8    Vzz=    0.6780    axis=(  0.035280  0.890391 -0.453827)
     C    8  Q=         1.0000 1e-30 m^2  Cq=         1.5931 MHz  eta= 0.67548

     H    9    Vxx=   -0.0030    axis=( -0.462253  0.376716  0.802750)
     H    9    Vyy=   -0.6782    axis=( -0.594847 -0.803105  0.034347)
     H    9    Vzz=    0.6812    axis=(  0.657631 -0.461637  0.595326)
     H    9  Q=         1.0000 1e-30 m^2  Cq=         1.6005 MHz  eta= 0.99127

     C   10    Vxx=   -0.0540    axis=( -0.318187  0.450155  0.834337)
     C   10    Vyy=   -0.8853    axis=( -0.562025  0.619177 -0.548405)
     C   10    Vzz=    0.9393    axis=( -0.763469 -0.643414  0.055984)
     C   10  Q=         1.0000 1e-30 m^2  Cq=         2.2070 MHz  eta= 0.88502

     C   11    Vxx=   -0.1339    axis=( -0.297090  0.576461  0.761203)
     C   11    Vyy=   -0.5327    axis=(  0.951390  0.110907  0.287328)
     C   11    Vzz=    0.6667    axis=(  0.081210  0.809563 -0.581388)
     C   11  Q=         1.0000 1e-30 m^2  Cq=         1.5664 MHz  eta= 0.59820

     Cl  12    Vxx=   -2.1636    axis=(  0.279326 -0.037718  0.959455)
     Cl  12    Vyy=   -2.8296    axis=( -0.614942  0.760394  0.208920)
     Cl  12    Vzz=    4.9932    axis=( -0.737444 -0.648366  0.189203)
     Cl  12  Q=        -8.1650 1e-30 m^2  Cq=       -95.7913 MHz  eta= 0.13337

     H   13    Vxx=   -0.1231    axis=(  0.976203 -0.211344 -0.048588)
     H   13    Vyy=   -0.2349    axis=(  0.025106 -0.112406  0.993345)
     H   13    Vzz=    0.3580    axis=( -0.215399 -0.970927 -0.104425)
     H   13  Q=         1.0000 1e-30 m^2  Cq=         0.8411 MHz  eta= 0.31220

     C   14    Vxx=   -0.0805    axis=(  0.319764 -0.310817 -0.895066)
     C   14    Vyy=   -0.6518    axis=( -0.890383  0.224448 -0.396032)
     C   14    Vzz=    0.7323    axis=(  0.323989  0.923589 -0.204976)
     C   14  Q=         1.0000 1e-30 m^2  Cq=         1.7207 MHz  eta= 0.78012

     H   15    Vxx=   -0.0996    axis=( -0.232102  0.577700 -0.782555)
     H   15    Vyy=   -0.3531    axis=( -0.435177  0.657843  0.614706)
     H   15    Vzz=    0.4527    axis=( -0.869914 -0.483224 -0.098715)
     H   15  Q=         1.0000 1e-30 m^2  Cq=         1.0637 MHz  eta= 0.56011

     C   16    Vxx=   -0.0829    axis=( -0.694812  0.413574 -0.588382)
     C   16    Vyy=   -0.6458    axis=( -0.355944  0.513142  0.781018)
     C   16    Vzz=    0.7287    axis=(  0.624932  0.752092 -0.209328)
     C   16  Q=         1.0000 1e-30 m^2  Cq=         1.7122 MHz  eta= 0.77246

     C   17    Vxx=    0.1505    axis=( -0.701785  0.564522  0.434525)
     C   17    Vyy=    0.4782    axis=(  0.538427  0.819715 -0.195355)
     C   17    Vzz=   -0.6288    axis=(  0.466469 -0.096863  0.879218)
     C   17  Q=         1.0000 1e-30 m^2  Cq=        -1.4774 MHz  eta= 0.52118

     Cl  18    Vxx=    0.4028    axis=(  0.854883 -0.517839 -0.031893)
     Cl  18    Vyy=    2.1951    axis=(  0.516703  0.855333 -0.037738)
     Cl  18    Vzz=   -2.5979    axis=(  0.046822  0.015782  0.998779)
     Cl  18  Q=        -8.1650 1e-30 m^2  Cq=        49.8385 MHz  eta= 0.68991

     H   19    Vxx=   -0.0806    axis=(  0.683036  0.495479  0.536621)
     H   19    Vyy=   -0.4414    axis=( -0.648397  0.073137  0.757781)
     H   19    Vzz=    0.5220    axis=(  0.336218 -0.865535  0.371222)
     H   19  Q=         1.0000 1e-30 m^2  Cq=         1.2264 MHz  eta= 0.69126

     C   20    Vxx=   -0.0183    axis=(  0.147239  0.296218  0.943703)
     C   20    Vyy=   -0.6670    axis=( -0.628490  0.764748 -0.141988)
     C   20    Vzz=    0.6853    axis=( -0.763755 -0.572201  0.298771)
     C   20  Q=         1.0000 1e-30 m^2  Cq=         1.6101 MHz  eta= 0.94658

     H   21    Vxx=   -0.0233    axis=(  0.229897 -0.735517 -0.637308)
     H   21    Vyy=   -0.7208    axis=( -0.289575 -0.676887  0.676736)
     H   21    Vzz=    0.7441    axis=( -0.929136  0.028969 -0.368602)
     H   21  Q=         1.0000 1e-30 m^2  Cq=         1.7482 MHz  eta= 0.93749

     C   22    Vxx=   -0.1508    axis=(  0.610194 -0.613623 -0.501129)
     C   22    Vyy=   -0.6074    axis=(  0.768170  0.303474  0.563755)
     C   22    Vzz=    0.7582    axis=(  0.193854  0.728952 -0.656544)
     C   22  Q=         1.0000 1e-30 m^2  Cq=         1.7814 MHz  eta= 0.60218

     C   23    Vxx=   -0.0634    axis=( -0.432397  0.511204  0.742768)
     C   23    Vyy=   -0.6769    axis=( -0.555141  0.498194 -0.666049)
     C   23    Vzz=    0.7402    axis=( -0.710530 -0.700338  0.068372)
     C   23  Q=         1.0000 1e-30 m^2  Cq=         1.7393 MHz  eta= 0.82879

     Cl  24    Vxx=   -1.3732    axis=( -0.449456  0.260200  0.854567)
     Cl  24    Vyy=   -1.5571    axis=( -0.573021  0.649910 -0.499264)
     Cl  24    Vzz=    2.9302    axis=( -0.685300 -0.714082 -0.143006)
     Cl  24  Q=        -8.1650 1e-30 m^2  Cq=       -56.2154 MHz  eta= 0.06277

     Initialization:
     gipaw_setup  :      9.33s CPU     10.91s WALL (       1 calls)

     Linear response

     Apply operators

     Induced current

     Other routines
     efg          :      9.10s CPU     11.21s WALL (       1 calls)

     General routines
     calbec       :      3.18s CPU      3.98s WALL (      16 calls)
     fft          :      1.42s CPU      1.85s WALL (      15 calls)
     ffts         :      0.04s CPU      0.04s WALL (       2 calls)
     fftw         :      3.13s CPU      3.80s WALL (     672 calls)
     davcio       :      0.03s CPU      0.32s WALL (      32 calls)

     Parallel routines
     fft_scatter  :      1.96s CPU      2.87s WALL (     689 calls)

     Plugins

     GIPAW        :     60.17s CPU     71.09s WALL (       1 calls)
