
     Program QE v.6.0 (svn rev. 13079) starts on 24Jan2017 at  5:48:22 

     This program is part of the open-source Quantum ESPRESSO suite
     for quantum simulation of materials; please cite
         "P. Giannozzi et al., J. Phys.:Condens. Matter 21 395502 (2009);
          URL http://www.quantum-espresso.org", 
     in publications or presentations arising from this work. More details at
     http://www.quantum-espresso.org/quote

     Parallel version (MPI), running on     8 processors
     R & G space division:  proc/nbgrp/npool/nimage =       8

     ***** This is GIPAW svn revision unknown      *****

     Parallelizing q-star over 1 images

     Reading data from directory:
     /users/majewski/paradichlorobenzene/pbe/9_constraint/scratch/pbe.ecut100.np8.dt60.pcl2phi-129368.save
     Message from routine read_xml_file:
     file /users/majewski/paradichlorobenzene/pbe/9_constraint/scratch/pbe.ecut100.np8.dt60.pcl2phi-129368.save not guaranteed to be safe for post-processing

   Info: using nr1, nr2, nr3 values from input

   Info: using nr1, nr2, nr3 values from input

     IMPORTANT: XC functional enforced from input :
     Exchange-correlation      =  SLA  PW   PBX  PBC ( 1  4  3  4 0 0)
     Any further DFT definition will be discarded
     Please, verify this is what you really want

               file C.pbe-n-kjpaw_psl.1.0.0.UPF: wavefunction(s)  2S 2P renormalized
               file Cl.pbe-n-kjpaw_psl.1.0.0.UPF: wavefunction(s)  3S 3P renormalized
               file H.pbe-kjpaw_psl.1.0.0.UPF: wavefunction(s)  1S renormalized

     Parallelization info
     --------------------
     sticks:   dense  smooth     PW     G-vecs:    dense   smooth      PW
     Min        3057    1223    332               144436    36536    5170
     Max        3059    1225    333               144437    36537    5171
     Sum       24467    9791   2657              1155489   292295   41363


     Subspace diagonalization in iterative solution of the eigenvalue problem:
     a serial algorithm will be used

     GIPAW projectors -----------------------------------------------
     atom=  C    l=0  rc=    1.2000  rs=    0.8000
     atom=  C    l=0  rc=    1.2000  rs=    0.8000
     atom=  C    l=1  rc=    1.4000  rs=    0.9333
     atom=  C    l=1  rc=    1.4000  rs=    0.9333
     projs nearly linearly dependent: l=1  n1,n2= 1, 2  s=  0.99951561

     atom=  Cl   l=0  rc=    1.6000  rs=    1.0667
     atom=  Cl   l=0  rc=    1.6000  rs=    1.0667
     atom=  Cl   l=1  rc=    1.6000  rs=    1.0667
     atom=  Cl   l=1  rc=    1.6000  rs=    1.0667
     atom=  Cl   l=2  rc=    1.6000  rs=    1.0667
     atom=  Cl   l=2  rc=    1.6000  rs=    1.0667
     projs nearly linearly dependent: l=2  n1,n2= 1, 2  s=  0.99993509

     atom=  H    l=0  rc=    1.0000  rs=    0.6667
     atom=  H    l=0  rc=    1.0000  rs=    0.6667
     projs nearly linearly dependent: l=0  n1,n2= 1, 2  s=  0.99968852
     -----------------------------------------------------------------

     GIPAW integrals: -------------------------------------------
     Atom  i/j   nmr_para   nmr_dia   epr_rmc  epr_para   epr_dia
       C   1 1   0.83E+03  0.17E-01  0.93E+01  0.24E+08  0.24E+03
       C   2 1   0.86E+03 -0.61E-01  0.94E+01  0.25E+08  0.25E+03
       C   2 2   0.90E+03 -0.15E+00  0.97E+01  0.26E+08  0.26E+03
       C   3 3   0.33E+01  0.34E+00  0.18E+01  0.55E+03  0.21E+02
       C   4 3   0.35E+01  0.37E+00  0.20E+01  0.59E+03  0.22E+02
       C   4 4   0.38E+01  0.39E+00  0.22E+01  0.63E+03  0.24E+02
       Cl  1 1   0.14E+04 -0.47E+00  0.84E+01  0.32E+09  0.42E+03
       Cl  2 1   0.21E+04 -0.37E+00  0.12E+02  0.49E+09  0.65E+03
       Cl  2 2   0.33E+04 -0.16E+00  0.21E+02  0.76E+09  0.10E+04
       Cl  3 3   0.21E+02  0.79E-01  0.89E+01  0.23E+05  0.13E+03
       Cl  4 3   0.24E+02  0.67E-01  0.99E+01  0.27E+05  0.15E+03
       Cl  4 4   0.28E+02  0.44E-01  0.11E+02  0.32E+05  0.18E+03
       Cl  5 5   0.77E+00  0.19E+00  0.18E+01  0.12E+03  0.22E+02
       Cl  6 5   0.80E+00  0.19E+00  0.19E+01  0.12E+03  0.23E+02
       Cl  6 6   0.83E+00  0.20E+00  0.19E+01  0.12E+03  0.23E+02
       H   1 1   0.39E+02  0.19E+00  0.29E+00  0.78E+05  0.13E+02
       H   2 1   0.41E+02  0.21E+00  0.32E+00  0.82E+05  0.14E+02
       H   2 2   0.43E+02  0.22E+00  0.36E+00  0.86E+05  0.15E+02
     ------------------------------------------------------------

     alpha_pv=     34.2356 eV

     Number of occupied bands for each k-point:
     k-point:     1    nbnd_occ=  42
     k-point:     2    nbnd_occ=  42
     k-point:     3    nbnd_occ=  42
     k-point:     4    nbnd_occ=  42
     k-point:     5    nbnd_occ=  42
     k-point:     6    nbnd_occ=  42
     k-point:     7    nbnd_occ=  42
     k-point:     8    nbnd_occ=  42
     k-point:     9    nbnd_occ=  42
     k-point:    10    nbnd_occ=  42
     k-point:    11    nbnd_occ=  42
     k-point:    12    nbnd_occ=  42
     k-point:    13    nbnd_occ=  42
     k-point:    14    nbnd_occ=  42
     k-point:    15    nbnd_occ=  42
     k-point:    16    nbnd_occ=  42


     q-space interpolation up to   110.00 Rydberg

     GIPAW job: efg                                                                             


     ELECTRIC FIELD GRADIENTS TENSORS IN Hartree/bohrradius^2:

     ----- bare term -----
     Cl   1       -0.173931        0.134329       -0.000631
     Cl   1        0.134329        0.087791       -0.098041
     Cl   1       -0.000631       -0.098041        0.086140

     C    2       -0.068220        0.172808       -0.210485
     C    2        0.172808        0.004314       -0.662329
     C    2       -0.210485       -0.662329        0.063906

     C    3       -0.248405        0.190849       -0.235394
     C    3        0.190849        0.019300       -0.243608
     C    3       -0.235394       -0.243608        0.229105

     H    4       -0.450760       -0.498143        0.083917
     H    4       -0.498143        0.147588        0.086612
     H    4        0.083917        0.086612        0.303172

     C    5       -0.046888        0.309704       -0.107443
     C    5        0.309704       -0.135107       -0.401946
     C    5       -0.107443       -0.401946        0.181994

     H    6        0.285122       -0.435578        0.053399
     H    6       -0.435578       -0.658658       -0.056040
     H    6        0.053399       -0.056040        0.373535

     H    7        0.391753        0.054444       -0.064522
     H    7        0.054444       -0.537050        0.584786
     H    7       -0.064522        0.584786        0.145296

     C    8       -0.738593       -0.326645       -0.382021
     C    8       -0.326645        0.300009        0.131548
     C    8       -0.382021        0.131548        0.438585

     H    9       -0.316861       -0.002839       -0.570992
     H    9       -0.002839        0.267331        0.014801
     H    9       -0.570992        0.014801        0.049530

     C   10       -0.070575       -0.010445       -0.294558
     C   10       -0.010445       -0.173270        0.611471
     C   10       -0.294558        0.611471        0.243845

     C   11       -0.408715       -0.321108       -0.174360
     C   11       -0.321108        0.017438        0.378656
     C   11       -0.174360        0.378656        0.391277

     Cl  12       -0.000564        0.140972       -0.025939
     Cl  12        0.140972        0.131048        0.023249
     Cl  12       -0.025939        0.023249       -0.130484

     H   13        0.403940       -0.044937       -0.056645
     H   13       -0.044937       -0.523211       -0.603298
     H   13       -0.056645       -0.603298        0.119271

     C   14       -0.699509        0.406842       -0.394320
     C   14        0.406842        0.433093       -0.239861
     C   14       -0.394320       -0.239861        0.266416

     H   15       -0.354253        0.040402       -0.483976
     H   15        0.040402        0.057686       -0.227125
     H   15       -0.483976       -0.227125        0.296567

     C   16        0.066549        0.438696       -0.038212
     C   16        0.438696       -0.219114       -0.557354
     C   16       -0.038212       -0.557354        0.152565

     C   17       -0.532864        0.354648       -0.414716
     C   17        0.354648        0.306307       -0.145686
     C   17       -0.414716       -0.145686        0.226557

     Cl  18       -0.102622        0.010603        0.050990
     Cl  18        0.010603       -0.059226        0.118657
     Cl  18        0.050990        0.118657        0.161849

     H   19        0.476844        0.073149       -0.031152
     H   19        0.073149       -0.769560       -0.110482
     H   19       -0.031152       -0.110482        0.292716

     C   20       -0.257766        0.076494       -0.315028
     C   20        0.076494        0.049742        0.575762
     C   20       -0.315028        0.575762        0.208024

     H   21       -0.369088        0.315847       -0.440662
     H   21        0.315847        0.147885        0.197153
     H   21       -0.440662        0.197153        0.221203

     C   22       -0.565570       -0.320132       -0.078661
     C   22       -0.320132        0.174714        0.351905
     C   22       -0.078661        0.351905        0.390857

     C   23        0.013193        0.296694       -0.459951
     C   23        0.296694       -0.147477        0.567438
     C   23       -0.459951        0.567438        0.134284

     Cl  24       -0.238258       -0.190143       -0.016902
     Cl  24       -0.190143        0.168941       -0.030690
     Cl  24       -0.016902       -0.030690        0.069318

     ----- ionic term -----
     Cl   1        0.099646       -0.221274        0.014508
     Cl   1       -0.221274        0.078396       -0.006590
     Cl   1        0.014508       -0.006590       -0.178042

     C    2        0.220900       -0.146952        0.296190
     C    2       -0.146952        0.192985        0.373739
     C    2        0.296190        0.373739       -0.413885

     C    3        0.174226       -0.138632        0.142546
     C    3       -0.138632        0.214689        0.400692
     C    3        0.142546        0.400692       -0.388915

     H    4        0.762103        0.358382        0.520476
     H    4        0.358382       -0.411912        0.218575
     H    4        0.520476        0.218575       -0.350191

     C    5        0.326157       -0.082258        0.180445
     C    5       -0.082258        0.083162        0.310125
     C    5        0.180445        0.310125       -0.409320

     H    6       -0.500154        0.174264        0.059939
     H    6        0.174264        0.743982        0.632945
     H    6        0.059939        0.632945       -0.243828

     H    7       -0.515878       -0.024499        0.033053
     H    7       -0.024499        0.717917       -0.672169
     H    7        0.033053       -0.672169       -0.202038

     C    8        0.342782        0.197679        0.335979
     C    8        0.197679        0.028081       -0.286574
     C    8        0.335979       -0.286574       -0.370863

     H    9        0.500358       -0.264657        0.725830
     H    9       -0.264657       -0.425497       -0.245472
     H    9        0.725830       -0.245472       -0.074861

     C   10        0.179062        0.276248        0.215999
     C   10        0.276248        0.178833       -0.332140
     C   10        0.215999       -0.332140       -0.357895

     C   11        0.204197        0.211177        0.198938
     C   11        0.211177        0.172487       -0.355007
     C   11        0.198938       -0.355007       -0.376684

     Cl  12        0.152520        0.219827       -0.004456
     Cl  12        0.219827        0.002461       -0.004611
     Cl  12       -0.004456       -0.004611       -0.154981

     H   13       -0.503624        0.161714        0.095337
     H   13        0.161714        0.824960        0.592457
     H   13        0.095337        0.592457       -0.321336

     C   14        0.343954       -0.169271        0.231451
     C   14       -0.169271        0.073670        0.299263
     C   14        0.231451        0.299263       -0.417624

     H   15        0.699544        0.292111        0.616198
     H   15        0.292111       -0.435965        0.223177
     H   15        0.616198        0.223177       -0.263578

     C   16        0.179101       -0.241380        0.126576
     C   16       -0.241380        0.163591        0.425926
     C   16        0.126576        0.425926       -0.342692

     C   17        0.264995       -0.097427        0.151575
     C   17       -0.097427        0.079378        0.447854
     C   17        0.151575        0.447854       -0.344373

     Cl  18        0.156885       -0.200891       -0.035496
     Cl  18       -0.200891       -0.031781        0.024750
     Cl  18       -0.035496        0.024750       -0.125104

     H   19       -0.504073       -0.106851        0.046880
     H   19       -0.106851        0.899730       -0.507403
     H   19        0.046880       -0.507403       -0.395656

     C   20        0.319565        0.233163        0.225188
     C   20        0.233163        0.142888       -0.239879
     C   20        0.225188       -0.239879       -0.462453

     H   21        0.632712       -0.143181        0.720553
     H   21       -0.143181       -0.475952       -0.165370
     H   21        0.720553       -0.165370       -0.156760

     C   22        0.217513        0.298129        0.211178
     C   22        0.298129        0.218540       -0.294221
     C   22        0.211178       -0.294221       -0.436053

     C   23        0.262515        0.124176        0.327305
     C   23        0.124176        0.115820       -0.347537
     C   23        0.327305       -0.347537       -0.378335

     Cl  24        0.163564        0.192342        0.012371
     Cl  24        0.192342       -0.008041       -0.004828
     Cl  24        0.012371       -0.004828       -0.155523

     ----- GIPAW term -----
     Cl   1        0.366636       -1.774737       -0.055495
     Cl   1       -1.774737        0.864693       -0.778959
     Cl   1       -0.055495       -0.778959       -1.231329

     C    2       -0.018611        0.067569       -0.092742
     C    2        0.067569        0.122229       -0.209564
     C    2       -0.092742       -0.209564       -0.103618

     C    3       -0.034088        0.116226       -0.116945
     C    3        0.116226        0.054605       -0.101774
     C    3       -0.116945       -0.101774       -0.020518

     H    4       -0.000000        0.000000        0.000000
     H    4        0.000000        0.000000        0.000000
     H    4        0.000000        0.000000        0.000000

     C    5       -0.009175        0.179952       -0.033104
     C    5        0.179952        0.108093       -0.133185
     C    5       -0.033104       -0.133185       -0.098918

     H    6       -0.000000        0.000000        0.000000
     H    6        0.000000        0.000000        0.000000
     H    6        0.000000        0.000000        0.000000

     H    7       -0.000000        0.000000        0.000000
     H    7        0.000000        0.000000        0.000000
     H    7        0.000000        0.000000        0.000000

     C    8       -0.186870        0.020605       -0.068119
     C    8        0.020605        0.199851       -0.071635
     C    8       -0.068119       -0.071635       -0.012981

     H    9       -0.000000        0.000000        0.000000
     H    9        0.000000        0.000000        0.000000
     H    9        0.000000        0.000000        0.000000

     C   10       -0.040644        0.105868       -0.062609
     C   10        0.105868        0.070274        0.109113
     C   10       -0.062609        0.109113       -0.029630

     C   11       -0.024889        0.179459        0.029704
     C   11        0.179459        0.117707        0.113128
     C   11        0.029704        0.113128       -0.092818

     Cl  12        0.910923        3.161319       -0.086934
     Cl  12        3.161319        1.539439        0.301607
     Cl  12       -0.086934        0.301607       -2.450362

     H   13       -0.000000        0.000000        0.000000
     H   13        0.000000        0.000000        0.000000
     H   13        0.000000        0.000000        0.000000

     C   14       -0.175107        0.158348       -0.070941
     C   14        0.158348        0.250021       -0.085765
     C   14       -0.070941       -0.085765       -0.074914

     H   15       -0.000000        0.000000        0.000000
     H   15        0.000000        0.000000        0.000000
     H   15        0.000000        0.000000        0.000000

     C   16       -0.060866        0.174469        0.037351
     C   16        0.174469        0.179294        0.007319
     C   16        0.037351        0.007319       -0.118428

     C   17       -0.073173        0.116712       -0.012376
     C   17        0.116712        0.217644        0.085713
     C   17       -0.012376        0.085713       -0.144471

     Cl  18       -0.273118       -1.643141        0.392654
     Cl  18       -1.643141       -0.621321        1.628587
     Cl  18        0.392654        1.628587        0.894439

     H   19       -0.000000        0.000000        0.000000
     H   19        0.000000        0.000000        0.000000
     H   19        0.000000        0.000000        0.000000

     C   20       -0.111252        0.072900       -0.018425
     C   20        0.072900        0.165974        0.234607
     C   20       -0.018425        0.234607       -0.054723

     H   21       -0.000000        0.000000        0.000000
     H   21        0.000000        0.000000        0.000000
     H   21        0.000000        0.000000        0.000000

     C   22       -0.188338        0.062173        0.027152
     C   22        0.062173        0.238980        0.132420
     C   22        0.027152        0.132420       -0.050642

     C   23        0.058991        0.263425       -0.117426
     C   23        0.263425        0.050394        0.007982
     C   23       -0.117426        0.007982       -0.109385

     Cl  24       -0.076230        1.532665       -0.167589
     Cl  24        1.532665        1.664907       -0.344151
     Cl  24       -0.167589       -0.344151       -1.588677

     ----- total EFG -----
     Cl   1        0.292351       -1.861682       -0.041619
     Cl   1       -1.861682        1.030880       -0.883591
     Cl   1       -0.041619       -0.883591       -1.323231

     C    2        0.134069        0.093426       -0.007037
     C    2        0.093426        0.319528       -0.498155
     C    2       -0.007037       -0.498155       -0.453597

     C    3       -0.108267        0.168443       -0.209793
     C    3        0.168443        0.288594        0.055310
     C    3       -0.209793        0.055310       -0.180327

     H    4        0.311343       -0.139761        0.604393
     H    4       -0.139761       -0.264324        0.305187
     H    4        0.604393        0.305187       -0.047019

     C    5        0.270094        0.407398        0.039899
     C    5        0.407398        0.056149       -0.225007
     C    5        0.039899       -0.225007       -0.326243

     H    6       -0.215031       -0.261314        0.113338
     H    6       -0.261314        0.085324        0.576905
     H    6        0.113338        0.576905        0.129707

     H    7       -0.124125        0.029945       -0.031468
     H    7        0.029945        0.180867       -0.087383
     H    7       -0.031468       -0.087383       -0.056742

     C    8       -0.582682       -0.108361       -0.114161
     C    8       -0.108361        0.527940       -0.226660
     C    8       -0.114161       -0.226660        0.054741

     H    9        0.183497       -0.267495        0.154838
     H    9       -0.267495       -0.158166       -0.230672
     H    9        0.154838       -0.230672       -0.025331

     C   10        0.067842        0.371670       -0.141168
     C   10        0.371670        0.075837        0.388444
     C   10       -0.141168        0.388444       -0.143679

     C   11       -0.229407        0.069527        0.054281
     C   11        0.069527        0.307632        0.136777
     C   11        0.054281        0.136777       -0.078225

     Cl  12        1.062878        3.522118       -0.117329
     Cl  12        3.522118        1.672949        0.320245
     Cl  12       -0.117329        0.320245       -2.735827

     H   13       -0.099684        0.116777        0.038692
     H   13        0.116777        0.301749       -0.010842
     H   13        0.038692       -0.010842       -0.202065

     C   14       -0.530662        0.395919       -0.233810
     C   14        0.395919        0.756783       -0.026363
     C   14       -0.233810       -0.026363       -0.226121

     H   15        0.345291        0.332513        0.132222
     H   15        0.332513       -0.378279       -0.003949
     H   15        0.132222       -0.003949        0.032988

     C   16        0.184785        0.371784        0.125715
     C   16        0.371784        0.123771       -0.124110
     C   16        0.125715       -0.124110       -0.308555

     C   17       -0.341041        0.373933       -0.275517
     C   17        0.373933        0.603328        0.387881
     C   17       -0.275517        0.387881       -0.262287

     Cl  18       -0.218856       -1.833429        0.408148
     Cl  18       -1.833429       -0.712328        1.771994
     Cl  18        0.408148        1.771994        0.931184

     H   19       -0.027229       -0.033702        0.015729
     H   19       -0.033702        0.130169       -0.617884
     H   19        0.015729       -0.617884       -0.102940

     C   20       -0.049452        0.382557       -0.108265
     C   20        0.382557        0.358604        0.570491
     C   20       -0.108265        0.570491       -0.309152

     H   21        0.263624        0.172666        0.279891
     H   21        0.172666       -0.328067        0.031783
     H   21        0.279891        0.031783        0.064443

     C   22       -0.536395        0.040171        0.159669
     C   22        0.040171        0.632233        0.190104
     C   22        0.159669        0.190104       -0.095838

     C   23        0.334699        0.684294       -0.250073
     C   23        0.684294        0.018737        0.227882
     C   23       -0.250073        0.227882       -0.353436

     Cl  24       -0.150925        1.534864       -0.172120
     Cl  24        1.534864        1.825807       -0.379669
     Cl  24       -0.172120       -0.379669       -1.674883

     ----- total EFG (symmetrized) -----
     Cl   1        0.292351       -1.861682       -0.041619
     Cl   1       -1.861682        1.030880       -0.883591
     Cl   1       -0.041619       -0.883591       -1.323231

     C    2        0.134069        0.093426       -0.007037
     C    2        0.093426        0.319528       -0.498155
     C    2       -0.007037       -0.498155       -0.453597

     C    3       -0.108267        0.168443       -0.209793
     C    3        0.168443        0.288594        0.055310
     C    3       -0.209793        0.055310       -0.180327

     H    4        0.311343       -0.139761        0.604393
     H    4       -0.139761       -0.264324        0.305187
     H    4        0.604393        0.305187       -0.047019

     C    5        0.270094        0.407398        0.039899
     C    5        0.407398        0.056149       -0.225007
     C    5        0.039899       -0.225007       -0.326243

     H    6       -0.215031       -0.261314        0.113338
     H    6       -0.261314        0.085324        0.576905
     H    6        0.113338        0.576905        0.129707

     H    7       -0.124125        0.029945       -0.031468
     H    7        0.029945        0.180867       -0.087383
     H    7       -0.031468       -0.087383       -0.056742

     C    8       -0.582682       -0.108361       -0.114161
     C    8       -0.108361        0.527940       -0.226660
     C    8       -0.114161       -0.226660        0.054741

     H    9        0.183497       -0.267495        0.154838
     H    9       -0.267495       -0.158166       -0.230672
     H    9        0.154838       -0.230672       -0.025331

     C   10        0.067842        0.371670       -0.141168
     C   10        0.371670        0.075837        0.388444
     C   10       -0.141168        0.388444       -0.143679

     C   11       -0.229407        0.069527        0.054281
     C   11        0.069527        0.307632        0.136777
     C   11        0.054281        0.136777       -0.078225

     Cl  12        1.062878        3.522118       -0.117329
     Cl  12        3.522118        1.672949        0.320245
     Cl  12       -0.117329        0.320245       -2.735827

     H   13       -0.099684        0.116777        0.038692
     H   13        0.116777        0.301749       -0.010842
     H   13        0.038692       -0.010842       -0.202065

     C   14       -0.530662        0.395919       -0.233810
     C   14        0.395919        0.756783       -0.026363
     C   14       -0.233810       -0.026363       -0.226121

     H   15        0.345291        0.332513        0.132222
     H   15        0.332513       -0.378279       -0.003949
     H   15        0.132222       -0.003949        0.032988

     C   16        0.184785        0.371784        0.125715
     C   16        0.371784        0.123771       -0.124110
     C   16        0.125715       -0.124110       -0.308555

     C   17       -0.341041        0.373933       -0.275517
     C   17        0.373933        0.603328        0.387881
     C   17       -0.275517        0.387881       -0.262287

     Cl  18       -0.218856       -1.833429        0.408148
     Cl  18       -1.833429       -0.712328        1.771994
     Cl  18        0.408148        1.771994        0.931184

     H   19       -0.027229       -0.033702        0.015729
     H   19       -0.033702        0.130169       -0.617884
     H   19        0.015729       -0.617884       -0.102940

     C   20       -0.049452        0.382557       -0.108265
     C   20        0.382557        0.358604        0.570491
     C   20       -0.108265        0.570491       -0.309152

     H   21        0.263624        0.172666        0.279891
     H   21        0.172666       -0.328067        0.031783
     H   21        0.279891        0.031783        0.064443

     C   22       -0.536395        0.040171        0.159669
     C   22        0.040171        0.632233        0.190104
     C   22        0.159669        0.190104       -0.095838

     C   23        0.334699        0.684294       -0.250073
     C   23        0.684294        0.018737        0.227882
     C   23       -0.250073        0.227882       -0.353436

     Cl  24       -0.150925        1.534864       -0.172120
     Cl  24        1.534864        1.825807       -0.379669
     Cl  24       -0.172120       -0.379669       -1.674883


     NQR/NMR SPECTROSCOPIC PARAMETERS:
     Cl   1    Vxx=   -0.7423    axis=( -0.669089 -0.386038  0.635055)
     Cl   1    Vyy=   -1.9277    axis=( -0.429980 -0.495886 -0.754463)
     Cl   1    Vzz=    2.6700    axis=(  0.606166 -0.777864  0.165803)
     Cl   1  Q=        -8.1650 1e-30 m^2  Cq=       -51.2221 MHz  eta= 0.44399

     C    2    Vxx=    0.1185    axis=(  0.980561 -0.153795  0.121848)
     C    2    Vyy=    0.5805    axis=(  0.191664  0.883702 -0.427008)
     C    2    Vzz=   -0.6990    axis=( -0.042005  0.442062  0.896001)
     C    2  Q=         1.0000 1e-30 m^2  Cq=        -1.6425 MHz  eta= 0.66085

     C    3    Vxx=    0.0402    axis=( -0.656083  0.289718  0.696863)
     C    3    Vyy=    0.3514    axis=( -0.362181 -0.930969  0.046060)
     C    3    Vzz=   -0.3916    axis=(  0.662102 -0.222171  0.715724)
     C    3  Q=         1.0000 1e-30 m^2  Cq=        -0.9200 MHz  eta= 0.79476

     H    4    Vxx=   -0.0370    axis=(  0.403424 -0.812683 -0.420471)
     H    4    Vyy=   -0.7308    axis=(  0.466039  0.577950 -0.669912)
     H    4    Vzz=    0.7678    axis=(  0.787437  0.074303  0.611900)
     H    4  Q=         1.0000 1e-30 m^2  Cq=         1.8041 MHz  eta= 0.90350

     C    5    Vxx=   -0.0935    axis=( -0.549302  0.551724 -0.627590)
     C    5    Vyy=   -0.5036    axis=( -0.328305  0.548158  0.769245)
     C    5    Vzz=    0.5971    axis=( -0.768429 -0.628589  0.119970)
     C    5  Q=         1.0000 1e-30 m^2  Cq=         1.4030 MHz  eta= 0.68678

     H    6    Vxx=   -0.0562    axis=(  0.834969 -0.310452  0.454364)
     H    6    Vyy=   -0.6403    axis=(  0.537892  0.634763 -0.554751)
     H    6    Vzz=    0.6965    axis=( -0.116189  0.707599  0.696997)
     H    6  Q=         1.0000 1e-30 m^2  Cq=         1.6365 MHz  eta= 0.83863

     H    7    Vxx=   -0.0773    axis=( -0.367587  0.336158  0.867109)
     H    7    Vyy=   -0.1366    axis=(  0.923105  0.018651  0.384095)
     H    7    Vzz=    0.2139    axis=(  0.112944  0.941621 -0.317165)
     H    7  Q=         1.0000 1e-30 m^2  Cq=         0.5026 MHz  eta= 0.27741

     C    8    Vxx=    0.0001    axis=( -0.241346  0.340648  0.908686)
     C    8    Vyy=    0.6219    axis=(  0.049422 -0.930837  0.362078)
     C    8    Vzz=   -0.6220    axis=(  0.969180  0.132295  0.207818)
     C    8  Q=         1.0000 1e-30 m^2  Cq=        -1.4613 MHz  eta= 0.99970

     H    9    Vxx=   -0.0923    axis=(  0.614020  0.189640 -0.766170)
     H    9    Vyy=   -0.3686    axis=( -0.288058 -0.849910 -0.441221)
     H    9    Vzz=    0.4609    axis=( -0.734849  0.491619 -0.467234)
     H    9  Q=         1.0000 1e-30 m^2  Cq=         1.0829 MHz  eta= 0.59937

     C   10    Vxx=    0.1067    axis=( -0.702245  0.187467  0.686810)
     C   10    Vyy=    0.5087    axis=(  0.539467  0.769637  0.341516)
     C   10    Vzz=   -0.6154    axis=( -0.464572  0.610340 -0.641606)
     C   10  Q=         1.0000 1e-30 m^2  Cq=        -1.4460 MHz  eta= 0.65328

     C   11    Vxx=   -0.1146    axis=(  0.229836 -0.334002  0.914121)
     C   11    Vyy=   -0.2482    axis=(  0.963283 -0.055868 -0.262610)
     C   11    Vzz=    0.3628    axis=(  0.138783  0.940915  0.308899)
     C   11  Q=         1.0000 1e-30 m^2  Cq=         0.8524 MHz  eta= 0.36849

     Cl  12    Vxx=   -2.0368    axis=( -0.682772  0.614066  0.395911)
     Cl  12    Vyy=   -2.8697    axis=(  0.279342 -0.281310  0.918059)
     Cl  12    Vzz=    4.9064    axis=( -0.675122 -0.737420 -0.020536)
     Cl  12  Q=        -8.1650 1e-30 m^2  Cq=       -94.1275 MHz  eta= 0.16975

     H   13    Vxx=   -0.1130    axis=( -0.880096  0.237020 -0.411403)
     H   13    Vyy=   -0.2202    axis=( -0.397039  0.107763  0.911453)
     H   13    Vzz=    0.3332    axis=( -0.260366 -0.965510  0.000736)
     H   13  Q=         1.0000 1e-30 m^2  Cq=         0.7830 MHz  eta= 0.32154

     C   14    Vxx=   -0.1397    axis=( -0.359121  0.185505  0.914669)
     C   14    Vyy=   -0.7365    axis=(  0.889446 -0.228834  0.395628)
     C   14    Vzz=    0.8762    axis=(  0.282698  0.955627 -0.082817)
     C   14  Q=         1.0000 1e-30 m^2  Cq=         2.0587 MHz  eta= 0.68119

     H   15    Vxx=    0.0065    axis=( -0.198183 -0.181135  0.963283)
     H   15    Vyy=    0.5064    axis=( -0.906611 -0.339647 -0.250391)
     H   15    Vzz=   -0.5129    axis=(  0.372531 -0.922946 -0.096907)
     H   15  Q=         1.0000 1e-30 m^2  Cq=        -1.2051 MHz  eta= 0.97455

     C   16    Vxx=   -0.0816    axis=( -0.528786  0.586392 -0.613620)
     C   16    Vyy=   -0.4458    axis=( -0.420801  0.446729  0.789531)
     C   16    Vzz=    0.5274    axis=( -0.737097 -0.675705 -0.010530)
     C   16  Q=         1.0000 1e-30 m^2  Cq=         1.2392 MHz  eta= 0.69049

     C   17    Vxx=   -0.0254    axis=(  0.684610  0.041781 -0.727711)
     C   17    Vyy=   -0.7875    axis=( -0.689598  0.360562 -0.628053)
     C   17    Vzz=    0.8128    axis=( -0.236144 -0.931799 -0.275656)
     C   17  Q=         1.0000 1e-30 m^2  Cq=         1.9099 MHz  eta= 0.93761

     Cl  18    Vxx=    0.7015    axis=(  0.766120 -0.253050  0.590784)
     Cl  18    Vyy=    2.2969    axis=(  0.338833 -0.622072 -0.705846)
     Cl  18    Vzz=   -2.9984    axis=(  0.546125  0.740940 -0.390840)
     Cl  18  Q=        -8.1650 1e-30 m^2  Cq=        57.5229 MHz  eta= 0.53211

     H   19    Vxx=   -0.0290    axis=(  0.998439  0.030977 -0.046478)
     H   19    Vyy=   -0.6153    axis=(  0.016010  0.638485  0.769468)
     H   19    Vzz=    0.6443    axis=(  0.053512 -0.769011  0.636992)
     H   19  Q=         1.0000 1e-30 m^2  Cq=         1.5139 MHz  eta= 0.90996

     C   20    Vxx=   -0.0258    axis=(  0.854544 -0.091766 -0.511209)
     C   20    Vyy=   -0.7593    axis=( -0.396187  0.521281 -0.755845)
     C   20    Vzz=    0.7851    axis=(  0.335844  0.848437  0.409101)
     C   20  Q=         1.0000 1e-30 m^2  Cq=         1.8447 MHz  eta= 0.93436

     H   21    Vxx=   -0.1122    axis=( -0.491538 -0.271379  0.827493)
     H   21    Vyy=   -0.3802    axis=(  0.307858 -0.943000 -0.126390)
     H   21    Vzz=    0.4924    axis=(  0.814625  0.192625  0.547066)
     H   21  Q=         1.0000 1e-30 m^2  Cq=         1.1570 MHz  eta= 0.54413

     C   22    Vxx=   -0.0953    axis=(  0.308271 -0.256391  0.916096)
     C   22    Vyy=   -0.5885    axis=( -0.949118 -0.017731  0.314421)
     C   22    Vzz=    0.6839    axis=(  0.064372  0.966410  0.248812)
     C   22  Q=         1.0000 1e-30 m^2  Cq=         1.6068 MHz  eta= 0.72125

     C   23    Vxx=   -0.0964    axis=( -0.347934  0.507327  0.788392)
     C   23    Vyy=   -0.7851    axis=( -0.507019  0.605524 -0.613410)
     C   23    Vzz=    0.8815    axis=( -0.788589 -0.613156  0.046542)
     C   23  Q=         1.0000 1e-30 m^2  Cq=         2.0712 MHz  eta= 0.78121

     Cl  24    Vxx=   -0.9868    axis=(  0.879397 -0.474258  0.041711)
     Cl  24    Vyy=   -1.7156    axis=( -0.008373 -0.103004 -0.994646)
     Cl  24    Vzz=    2.7025    axis=(  0.476015  0.874340 -0.094552)
     Cl  24  Q=        -8.1650 1e-30 m^2  Cq=       -51.8459 MHz  eta= 0.26968

     Initialization:
     gipaw_setup  :      9.31s CPU     11.11s WALL (       1 calls)

     Linear response

     Apply operators

     Induced current

     Other routines
     efg          :      9.22s CPU     11.54s WALL (       1 calls)

     General routines
     calbec       :      3.22s CPU      4.18s WALL (      16 calls)
     fft          :      1.56s CPU      2.24s WALL (      15 calls)
     ffts         :      0.04s CPU      0.04s WALL (       2 calls)
     fftw         :      3.15s CPU      3.82s WALL (     672 calls)
     davcio       :      0.01s CPU      0.33s WALL (      32 calls)

     Parallel routines
     fft_scatter  :      2.15s CPU      3.36s WALL (     689 calls)

     Plugins

     GIPAW        :     61.10s CPU     72.94s WALL (       1 calls)
