
     Program QE v.6.0 (svn rev. 13079) starts on 14Jan2017 at 20:55:23 

     This program is part of the open-source Quantum ESPRESSO suite
     for quantum simulation of materials; please cite
         "P. Giannozzi et al., J. Phys.:Condens. Matter 21 395502 (2009);
          URL http://www.quantum-espresso.org", 
     in publications or presentations arising from this work. More details at
     http://www.quantum-espresso.org/quote

     Parallel version (MPI), running on     8 processors
     R & G space division:  proc/nbgrp/npool/nimage =       8

     ***** This is GIPAW svn revision unknown      *****

     Parallelizing q-star over 1 images

     Reading data from directory:
     /users/majewski/paradichlorobenzene/pbe/9_constraint/scratch/pbe.ecut100.np8.dt60.pcl2phi-129368.save
     Message from routine read_xml_file:
     file /users/majewski/paradichlorobenzene/pbe/9_constraint/scratch/pbe.ecut100.np8.dt60.pcl2phi-129368.save not guaranteed to be safe for post-processing

   Info: using nr1, nr2, nr3 values from input

   Info: using nr1, nr2, nr3 values from input

     IMPORTANT: XC functional enforced from input :
     Exchange-correlation      =  SLA  PW   PBX  PBC ( 1  4  3  4 0 0)
     Any further DFT definition will be discarded
     Please, verify this is what you really want

               file C.pbe-n-kjpaw_psl.1.0.0.UPF: wavefunction(s)  2S 2P renormalized
               file Cl.pbe-n-kjpaw_psl.1.0.0.UPF: wavefunction(s)  3S 3P renormalized
               file H.pbe-kjpaw_psl.1.0.0.UPF: wavefunction(s)  1S renormalized

     Parallelization info
     --------------------
     sticks:   dense  smooth     PW     G-vecs:    dense   smooth      PW
     Min        3057    1223    332               144436    36536    5170
     Max        3059    1225    333               144437    36537    5171
     Sum       24467    9791   2657              1155489   292295   41363


     Subspace diagonalization in iterative solution of the eigenvalue problem:
     a serial algorithm will be used

     GIPAW projectors -----------------------------------------------
     atom=  C    l=0  rc=    1.2000  rs=    0.8000
     atom=  C    l=0  rc=    1.2000  rs=    0.8000
     atom=  C    l=1  rc=    1.4000  rs=    0.9333
     atom=  C    l=1  rc=    1.4000  rs=    0.9333
     projs nearly linearly dependent: l=1  n1,n2= 1, 2  s=  0.99951561

     atom=  Cl   l=0  rc=    1.6000  rs=    1.0667
     atom=  Cl   l=0  rc=    1.6000  rs=    1.0667
     atom=  Cl   l=1  rc=    1.6000  rs=    1.0667
     atom=  Cl   l=1  rc=    1.6000  rs=    1.0667
     atom=  Cl   l=2  rc=    1.6000  rs=    1.0667
     atom=  Cl   l=2  rc=    1.6000  rs=    1.0667
     projs nearly linearly dependent: l=2  n1,n2= 1, 2  s=  0.99993509

     atom=  H    l=0  rc=    1.0000  rs=    0.6667
     atom=  H    l=0  rc=    1.0000  rs=    0.6667
     projs nearly linearly dependent: l=0  n1,n2= 1, 2  s=  0.99968852
     -----------------------------------------------------------------

     GIPAW integrals: -------------------------------------------
     Atom  i/j   nmr_para   nmr_dia   epr_rmc  epr_para   epr_dia
       C   1 1   0.83E+03  0.17E-01  0.93E+01  0.24E+08  0.24E+03
       C   2 1   0.86E+03 -0.61E-01  0.94E+01  0.25E+08  0.25E+03
       C   2 2   0.90E+03 -0.15E+00  0.97E+01  0.26E+08  0.26E+03
       C   3 3   0.33E+01  0.34E+00  0.18E+01  0.55E+03  0.21E+02
       C   4 3   0.35E+01  0.37E+00  0.20E+01  0.59E+03  0.22E+02
       C   4 4   0.38E+01  0.39E+00  0.22E+01  0.63E+03  0.24E+02
       Cl  1 1   0.14E+04 -0.47E+00  0.84E+01  0.32E+09  0.42E+03
       Cl  2 1   0.21E+04 -0.37E+00  0.12E+02  0.49E+09  0.65E+03
       Cl  2 2   0.33E+04 -0.16E+00  0.21E+02  0.76E+09  0.10E+04
       Cl  3 3   0.21E+02  0.79E-01  0.89E+01  0.23E+05  0.13E+03
       Cl  4 3   0.24E+02  0.67E-01  0.99E+01  0.27E+05  0.15E+03
       Cl  4 4   0.28E+02  0.44E-01  0.11E+02  0.32E+05  0.18E+03
       Cl  5 5   0.77E+00  0.19E+00  0.18E+01  0.12E+03  0.22E+02
       Cl  6 5   0.80E+00  0.19E+00  0.19E+01  0.12E+03  0.23E+02
       Cl  6 6   0.83E+00  0.20E+00  0.19E+01  0.12E+03  0.23E+02
       H   1 1   0.39E+02  0.19E+00  0.29E+00  0.78E+05  0.13E+02
       H   2 1   0.41E+02  0.21E+00  0.32E+00  0.82E+05  0.14E+02
       H   2 2   0.43E+02  0.22E+00  0.36E+00  0.86E+05  0.15E+02
     ------------------------------------------------------------

     alpha_pv=     34.0454 eV

     Number of occupied bands for each k-point:
     k-point:     1    nbnd_occ=  42
     k-point:     2    nbnd_occ=  42
     k-point:     3    nbnd_occ=  42
     k-point:     4    nbnd_occ=  42
     k-point:     5    nbnd_occ=  42
     k-point:     6    nbnd_occ=  42
     k-point:     7    nbnd_occ=  42
     k-point:     8    nbnd_occ=  42
     k-point:     9    nbnd_occ=  42
     k-point:    10    nbnd_occ=  42
     k-point:    11    nbnd_occ=  42
     k-point:    12    nbnd_occ=  42
     k-point:    13    nbnd_occ=  42
     k-point:    14    nbnd_occ=  42
     k-point:    15    nbnd_occ=  42
     k-point:    16    nbnd_occ=  42


     q-space interpolation up to   110.00 Rydberg

     GIPAW job: efg                                                                             


     ELECTRIC FIELD GRADIENTS TENSORS IN Hartree/bohrradius^2:

     ----- bare term -----
     Cl   1       -0.100242        0.100994        0.107157
     Cl   1        0.100994       -0.098095        0.041264
     Cl   1        0.107157        0.041264        0.198337

     C    2       -0.109309        0.012529       -0.484478
     C    2        0.012529       -0.158925       -0.519047
     C    2       -0.484478       -0.519047        0.268235

     C    3       -0.287620        0.270824       -0.289441
     C    3        0.270824       -0.161649       -0.453130
     C    3       -0.289441       -0.453130        0.449269

     H    4       -0.489297       -0.145687       -0.485258
     H    4       -0.145687        0.331896       -0.159182
     H    4       -0.485258       -0.159182        0.157401

     C    5       -0.230750        0.310695       -0.206703
     C    5        0.310695       -0.228150       -0.413079
     C    5       -0.206703       -0.413079        0.458900

     H    6        0.179432       -0.326187       -0.134152
     H    6       -0.326187       -0.427350       -0.443866
     H    6       -0.134152       -0.443866        0.247918

     H    7        0.461553        0.045939        0.146837
     H    7        0.045939       -0.114791        0.369179
     H    7        0.146837        0.369179       -0.346762

     C    8       -0.536702       -0.334030       -0.184682
     C    8       -0.334030        0.110647        0.423846
     C    8       -0.184682        0.423846        0.426055

     H    9        0.152533        0.012410       -0.373186
     H    9        0.012410        0.206000       -0.271462
     H    9       -0.373186       -0.271462       -0.358534

     C   10       -0.112169       -0.291141       -0.233006
     C   10       -0.291141       -0.139047        0.621055
     C   10       -0.233006        0.621055        0.251216

     C   11       -0.373001       -0.159848       -0.399169
     C   11       -0.159848        0.071656        0.354829
     C   11       -0.399169        0.354829        0.301345

     Cl  12       -0.041757       -0.053272        0.030378
     Cl  12       -0.053272        0.127985       -0.114595
     Cl  12        0.030378       -0.114595       -0.086227

     H   13        0.202201       -0.180815       -0.125579
     H   13       -0.180815       -0.398892       -0.491690
     H   13       -0.125579       -0.491690        0.196690

     C   14       -0.300867        0.370597       -0.303598
     C   14        0.370597       -0.153515       -0.280890
     C   14       -0.303598       -0.280890        0.454382

     H   15       -0.452354       -0.044167       -0.527727
     H   15       -0.044167        0.317034       -0.102518
     H   15       -0.527727       -0.102518        0.135320

     C   16       -0.059800        0.003495       -0.325571
     C   16        0.003495       -0.209999       -0.583799
     C   16       -0.325571       -0.583799        0.269799

     C   17       -0.474616        0.181394       -0.379025
     C   17        0.181394        0.109487       -0.269234
     C   17       -0.379025       -0.269234        0.365129

     Cl  18       -0.025401        0.152799       -0.059416
     Cl  18        0.152799        0.050576       -0.047845
     Cl  18       -0.059416       -0.047845       -0.025175

     H   19        0.453731        0.018091        0.051013
     H   19        0.018091       -0.133802        0.497158
     H   19        0.051013        0.497158       -0.319929

     C   20       -0.342475       -0.286907       -0.243136
     C   20       -0.286907       -0.174485        0.441035
     C   20       -0.243136        0.441035        0.516960

     H   21       -0.219380        0.082730       -0.559042
     H   21        0.082730        0.316842        0.011401
     H   21       -0.559042        0.011401       -0.097462

     C   22       -0.241264       -0.348453       -0.299563
     C   22       -0.348453       -0.211116        0.463134
     C   22       -0.299563        0.463134        0.452380

     C   23       -0.068145        0.074609       -0.484339
     C   23        0.074609       -0.154558        0.530030
     C   23       -0.484339        0.530030        0.222703

     Cl  24       -0.039292       -0.072474       -0.065930
     Cl  24       -0.072474       -0.034610        0.015098
     Cl  24       -0.065930        0.015098        0.073902

     ----- ionic term -----
     Cl   1        0.118734       -0.194563       -0.036718
     Cl   1       -0.194563        0.008571        0.033695
     Cl   1       -0.036718        0.033695       -0.127306

     C    2        0.184119       -0.165210        0.212457
     C    2       -0.165210        0.112192        0.400876
     C    2        0.212457        0.400876       -0.296311

     C    3        0.165679       -0.234967        0.189281
     C    3       -0.234967        0.194778        0.351912
     C    3        0.189281        0.351912       -0.360457

     H    4        0.720740        0.275127        0.621088
     H    4        0.275127       -0.456692        0.200129
     H    4        0.621088        0.200129       -0.264048

     C    5        0.283466       -0.198756        0.297683
     C    5       -0.198756        0.087839        0.262004
     C    5        0.297683        0.262004       -0.371305

     H    6       -0.492206        0.223912        0.136250
     H    6        0.223912        0.732008        0.635871
     H    6        0.136250        0.635871       -0.239802

     H    7       -0.533157        0.076282       -0.028507
     H    7        0.076282        0.519562       -0.780338
     H    7       -0.028507       -0.780338        0.013595

     C    8        0.205968        0.352337        0.300356
     C    8        0.352337        0.030259       -0.277722
     C    8        0.300356       -0.277722       -0.236227

     H    9        0.297838        0.010111        0.811006
     H    9        0.010111       -0.534730       -0.056124
     H    9        0.811006       -0.056124        0.236892

     C   10        0.074076        0.398328        0.236721
     C   10        0.398328        0.083850       -0.325842
     C   10        0.236721       -0.325842       -0.157926

     C   11        0.134004        0.242135        0.284518
     C   11        0.242135        0.003536       -0.393797
     C   11        0.284518       -0.393797       -0.137541

     Cl  12        0.104496        0.201710        0.001441
     Cl  12        0.201710        0.021885       -0.006357
     Cl  12        0.001441       -0.006357       -0.126382

     H   13       -0.496959        0.103173        0.054017
     H   13        0.103173        0.614619        0.703422
     H   13        0.054017        0.703422       -0.117660

     C   14        0.263390       -0.221002        0.270086
     C   14       -0.221002        0.076060        0.271668
     C   14        0.270086        0.271668       -0.339450

     H   15        0.550416        0.277741        0.719314
     H   15        0.277741       -0.433728        0.236419
     H   15        0.719314        0.236419       -0.116689

     C   16        0.130771       -0.223930        0.233644
     C   16       -0.223930        0.180158        0.344894
     C   16        0.233644        0.344894       -0.310929

     C   17        0.159707       -0.190363        0.333203
     C   17       -0.190363        0.156028        0.312004
     C   17        0.333203        0.312004       -0.315736

     Cl  18        0.076741       -0.215484        0.038043
     Cl  18       -0.215484        0.082571       -0.026192
     Cl  18        0.038043       -0.026192       -0.159312

     H   19       -0.522149       -0.008955        0.029223
     H   19       -0.008955        0.574802       -0.756515
     H   19        0.029223       -0.756515       -0.052653

     C   20        0.260902        0.313744        0.270653
     C   20        0.313744        0.002141       -0.305967
     C   20        0.270653       -0.305967       -0.263043

     H   21        0.623186       -0.183245        0.728131
     H   21       -0.183245       -0.491518       -0.195921
     H   21        0.728131       -0.195921       -0.131668

     C   22        0.168160        0.313347        0.196099
     C   22        0.313347        0.132171       -0.396995
     C   22        0.196099       -0.396995       -0.300331

     C   23        0.138797        0.228336        0.333389
     C   23        0.228336        0.053601       -0.382948
     C   23        0.333389       -0.382948       -0.192398

     Cl  24        0.131015        0.205104        0.015665
     Cl  24        0.205104        0.006708       -0.000913
     Cl  24        0.015665       -0.000913       -0.137723

     ----- GIPAW term -----
     Cl   1        0.674826       -1.593878        0.926908
     Cl   1       -1.593878       -0.769379        0.379048
     Cl   1        0.926908        0.379048        0.094553

     C    2        0.073405       -0.099695       -0.143490
     C    2       -0.099695       -0.041951       -0.110629
     C    2       -0.143490       -0.110629       -0.031454

     C    3       -0.093436        0.029893       -0.070396
     C    3        0.029893       -0.020819       -0.073106
     C    3       -0.070396       -0.073106        0.114255

     H    4       -0.000000        0.000000        0.000000
     H    4        0.000000        0.000000        0.000000
     H    4        0.000000        0.000000        0.000000

     C    5       -0.015967        0.074143        0.011269
     C    5        0.074143       -0.087735       -0.063820
     C    5        0.011269       -0.063820        0.103701

     H    6       -0.000000        0.000000        0.000000
     H    6        0.000000        0.000000        0.000000
     H    6        0.000000        0.000000        0.000000

     H    7       -0.000000        0.000000        0.000000
     H    7        0.000000        0.000000        0.000000
     H    7        0.000000        0.000000        0.000000

     C    8       -0.155023       -0.006794        0.020801
     C    8       -0.006794        0.092199        0.188256
     C    8        0.020801        0.188256        0.062823

     H    9       -0.000000        0.000000        0.000000
     H    9        0.000000        0.000000        0.000000
     H    9        0.000000        0.000000        0.000000

     C   10       -0.112659       -0.088160       -0.092814
     C   10       -0.088160        0.062265        0.236970
     C   10       -0.092814        0.236970        0.050394

     C   11       -0.021863        0.063218       -0.061017
     C   11        0.063218        0.092971        0.013033
     C   11       -0.061017        0.013033       -0.071107

     Cl  12        0.568598        1.319017        0.268398
     Cl  12        1.319017        1.511736       -1.101700
     Cl  12        0.268398       -1.101700       -2.080334

     H   13       -0.000000        0.000000        0.000000
     H   13        0.000000        0.000000        0.000000
     H   13        0.000000        0.000000        0.000000

     C   14        0.060177        0.017075       -0.083159
     C   14        0.017075       -0.080948       -0.026162
     C   14       -0.083159       -0.026162        0.020771

     H   15       -0.000000        0.000000        0.000000
     H   15        0.000000        0.000000        0.000000
     H   15        0.000000        0.000000        0.000000

     C   16        0.001620       -0.106790       -0.083159
     C   16       -0.106790        0.011677       -0.091844
     C   16       -0.083159       -0.091844       -0.013297

     C   17       -0.069895       -0.068791       -0.051858
     C   17       -0.068791        0.098063        0.055621
     C   17       -0.051858        0.055621       -0.028168

     Cl  18        0.757563        0.573384       -0.812159
     Cl  18        0.573384        1.490091       -1.071785
     Cl  18       -0.812159       -1.071785       -2.247654

     H   19       -0.000000        0.000000        0.000000
     H   19        0.000000        0.000000        0.000000
     H   19        0.000000        0.000000        0.000000

     C   20       -0.094406       -0.045864       -0.030401
     C   20       -0.045864       -0.106586        0.135824
     C   20       -0.030401        0.135824        0.200991

     H   21       -0.000000        0.000000        0.000000
     H   21        0.000000        0.000000        0.000000
     H   21        0.000000        0.000000        0.000000

     C   22       -0.077390       -0.062588       -0.112953
     C   22       -0.062588       -0.049693        0.098980
     C   22       -0.112953        0.098980        0.127083

     C   23        0.112171        0.144234       -0.128684
     C   23        0.144234       -0.045273        0.086634
     C   23       -0.128684        0.086634       -0.066897

     Cl  24        1.291690        1.995686       -0.503506
     Cl  24        1.995686       -0.114966        0.117774
     Cl  24       -0.503506        0.117774       -1.176724

     ----- total EFG -----
     Cl   1        0.693318       -1.687447        0.997346
     Cl   1       -1.687447       -0.858903        0.454007
     Cl   1        0.997346        0.454007        0.165585

     C    2        0.148215       -0.252376       -0.415511
     C    2       -0.252376       -0.088685       -0.228800
     C    2       -0.415511       -0.228800       -0.059530

     C    3       -0.215377        0.065749       -0.170556
     C    3        0.065749        0.012311       -0.174324
     C    3       -0.170556       -0.174324        0.203066

     H    4        0.231443        0.129439        0.135830
     H    4        0.129439       -0.124797        0.040947
     H    4        0.135830        0.040947       -0.106647

     C    5        0.036749        0.186082        0.102249
     C    5        0.186082       -0.228045       -0.214895
     C    5        0.102249       -0.214895        0.191296

     H    6       -0.312774       -0.102275        0.002098
     H    6       -0.102275        0.304658        0.192005
     H    6        0.002098        0.192005        0.008116

     H    7       -0.071604        0.122222        0.118330
     H    7        0.122222        0.404771       -0.411159
     H    7        0.118330       -0.411159       -0.333167

     C    8       -0.485756        0.011513        0.136475
     C    8        0.011513        0.233105        0.334379
     C    8        0.136475        0.334379        0.252651

     H    9        0.450371        0.022521        0.437820
     H    9        0.022521       -0.328730       -0.327585
     H    9        0.437820       -0.327585       -0.121641

     C   10       -0.150753        0.019028       -0.089099
     C   10        0.019028        0.007068        0.532183
     C   10       -0.089099        0.532183        0.143684

     C   11       -0.260860        0.145505       -0.175668
     C   11        0.145505        0.168163       -0.025935
     C   11       -0.175668       -0.025935        0.092697

     Cl  12        0.631337        1.467455        0.300216
     Cl  12        1.467455        1.661606       -1.222652
     Cl  12        0.300216       -1.222652       -2.292943

     H   13       -0.294758       -0.077643       -0.071563
     H   13       -0.077643        0.215727        0.211731
     H   13       -0.071563        0.211731        0.079031

     C   14        0.022700        0.166670       -0.116672
     C   14        0.166670       -0.158403       -0.035384
     C   14       -0.116672       -0.035384        0.135703

     H   15        0.098062        0.233574        0.191587
     H   15        0.233574       -0.116693        0.133901
     H   15        0.191587        0.133901        0.018631

     C   16        0.072592       -0.327226       -0.175086
     C   16       -0.327226       -0.018164       -0.330750
     C   16       -0.175086       -0.330750       -0.054428

     C   17       -0.384803       -0.077760       -0.097680
     C   17       -0.077760        0.363577        0.098392
     C   17       -0.097680        0.098392        0.021226

     Cl  18        0.808903        0.510699       -0.833532
     Cl  18        0.510699        1.623237       -1.145822
     Cl  18       -0.833532       -1.145822       -2.432140

     H   19       -0.068418        0.009136        0.080237
     H   19        0.009136        0.441000       -0.259358
     H   19        0.080237       -0.259358       -0.372582

     C   20       -0.175979       -0.019027       -0.002884
     C   20       -0.019027       -0.278929        0.270892
     C   20       -0.002884        0.270892        0.454908

     H   21        0.403806       -0.100515        0.169088
     H   21       -0.100515       -0.174676       -0.184520
     H   21        0.169088       -0.184520       -0.229130

     C   22       -0.150494       -0.097694       -0.216417
     C   22       -0.097694       -0.128638        0.165119
     C   22       -0.216417        0.165119        0.279132

     C   23        0.182823        0.447179       -0.279634
     C   23        0.447179       -0.146231        0.233716
     C   23       -0.279634        0.233716       -0.036592

     Cl  24        1.383414        2.128316       -0.553771
     Cl  24        2.128316       -0.142868        0.131960
     Cl  24       -0.553771        0.131960       -1.240545

     ----- total EFG (symmetrized) -----
     Cl   1        0.693318       -1.687447        0.997346
     Cl   1       -1.687447       -0.858903        0.454007
     Cl   1        0.997346        0.454007        0.165585

     C    2        0.148215       -0.252376       -0.415511
     C    2       -0.252376       -0.088685       -0.228800
     C    2       -0.415511       -0.228800       -0.059530

     C    3       -0.215377        0.065749       -0.170556
     C    3        0.065749        0.012311       -0.174324
     C    3       -0.170556       -0.174324        0.203066

     H    4        0.231443        0.129439        0.135830
     H    4        0.129439       -0.124797        0.040947
     H    4        0.135830        0.040947       -0.106647

     C    5        0.036749        0.186082        0.102249
     C    5        0.186082       -0.228045       -0.214895
     C    5        0.102249       -0.214895        0.191296

     H    6       -0.312774       -0.102275        0.002098
     H    6       -0.102275        0.304658        0.192005
     H    6        0.002098        0.192005        0.008116

     H    7       -0.071604        0.122222        0.118330
     H    7        0.122222        0.404771       -0.411159
     H    7        0.118330       -0.411159       -0.333167

     C    8       -0.485756        0.011513        0.136475
     C    8        0.011513        0.233105        0.334379
     C    8        0.136475        0.334379        0.252651

     H    9        0.450371        0.022521        0.437820
     H    9        0.022521       -0.328730       -0.327585
     H    9        0.437820       -0.327585       -0.121641

     C   10       -0.150753        0.019028       -0.089099
     C   10        0.019028        0.007068        0.532183
     C   10       -0.089099        0.532183        0.143684

     C   11       -0.260860        0.145505       -0.175668
     C   11        0.145505        0.168163       -0.025935
     C   11       -0.175668       -0.025935        0.092697

     Cl  12        0.631337        1.467455        0.300216
     Cl  12        1.467455        1.661606       -1.222652
     Cl  12        0.300216       -1.222652       -2.292943

     H   13       -0.294758       -0.077643       -0.071563
     H   13       -0.077643        0.215727        0.211731
     H   13       -0.071563        0.211731        0.079031

     C   14        0.022700        0.166670       -0.116672
     C   14        0.166670       -0.158403       -0.035384
     C   14       -0.116672       -0.035384        0.135703

     H   15        0.098062        0.233574        0.191587
     H   15        0.233574       -0.116693        0.133901
     H   15        0.191587        0.133901        0.018631

     C   16        0.072592       -0.327226       -0.175086
     C   16       -0.327226       -0.018164       -0.330750
     C   16       -0.175086       -0.330750       -0.054428

     C   17       -0.384803       -0.077760       -0.097680
     C   17       -0.077760        0.363577        0.098392
     C   17       -0.097680        0.098392        0.021226

     Cl  18        0.808903        0.510699       -0.833532
     Cl  18        0.510699        1.623237       -1.145822
     Cl  18       -0.833532       -1.145822       -2.432140

     H   19       -0.068418        0.009136        0.080237
     H   19        0.009136        0.441000       -0.259358
     H   19        0.080237       -0.259358       -0.372582

     C   20       -0.175979       -0.019027       -0.002884
     C   20       -0.019027       -0.278929        0.270892
     C   20       -0.002884        0.270892        0.454908

     H   21        0.403806       -0.100515        0.169088
     H   21       -0.100515       -0.174676       -0.184520
     H   21        0.169088       -0.184520       -0.229130

     C   22       -0.150494       -0.097694       -0.216417
     C   22       -0.097694       -0.128638        0.165119
     C   22       -0.216417        0.165119        0.279132

     C   23        0.182823        0.447179       -0.279634
     C   23        0.447179       -0.146231        0.233716
     C   23       -0.279634        0.233716       -0.036592

     Cl  24        1.383414        2.128316       -0.553771
     Cl  24        2.128316       -0.142868        0.131960
     Cl  24       -0.553771        0.131960       -1.240545


     NQR/NMR SPECTROSCOPIC PARAMETERS:
     Cl   1    Vxx=    0.3028    axis=( -0.103043  0.488324  0.866557)
     Cl   1    Vyy=    1.9939    axis=(  0.830930 -0.436617  0.344850)
     Cl   1    Vzz=   -2.2967    axis=(  0.546752  0.755583 -0.360773)
     Cl   1  Q=        -8.1650 1e-30 m^2  Cq=        44.0619 MHz  eta= 0.73629

     C    2    Vxx=    0.1236    axis=(  0.227809 -0.826178  0.515299)
     C    2    Vyy=    0.4803    axis=(  0.811709 -0.131164 -0.569144)
     C    2    Vzz=   -0.6039    axis=( -0.537803 -0.547929 -0.640735)
     C    2  Q=         1.0000 1e-30 m^2  Cq=        -1.4190 MHz  eta= 0.59066

     C    3    Vxx=   -0.0866    axis=( -0.142085  0.882878  0.447591)
     C    3    Vyy=   -0.2761    axis=(  0.943767 -0.015540  0.330246)
     C    3    Vzz=    0.3628    axis=( -0.298522 -0.469345  0.831023)
     C    3  Q=         1.0000 1e-30 m^2  Cq=         0.8524 MHz  eta= 0.52233

     H    4    Vxx=   -0.1531    axis=( -0.230138 -0.290796  0.928695)
     H    4    Vyy=   -0.1675    axis=( -0.362297  0.911313  0.195573)
     H    4    Vzz=    0.3206    axis=( -0.903204 -0.291455 -0.315082)
     H    4  Q=         1.0000 1e-30 m^2  Cq=         0.7533 MHz  eta= 0.04473

     C    5    Vxx=    0.1324    axis=(  0.897725  0.438576  0.041713)
     C    5    Vyy=    0.2846    axis=( -0.125108  0.344573 -0.930386)
     C    5    Vzz=   -0.4170    axis=( -0.422418  0.830012  0.364201)
     C    5  Q=         1.0000 1e-30 m^2  Cq=        -0.9799 MHz  eta= 0.36501

     H    6    Vxx=   -0.0775    axis=(  0.182703 -0.401939  0.897254)
     H    6    Vyy=   -0.3330    axis=(  0.975136  0.190498 -0.113226)
     H    6    Vzz=    0.4105    axis=( -0.125415  0.895632  0.426750)
     H    6  Q=         1.0000 1e-30 m^2  Cq=         0.9644 MHz  eta= 0.62253

     H    7    Vxx=   -0.0272    axis=(  0.947176  0.035402  0.318753)
     H    7    Vyy=   -0.5673    axis=( -0.305372  0.403273  0.862623)
     H    7    Vzz=    0.5945    axis=( -0.098006 -0.914395  0.392782)
     H    7  Q=         1.0000 1e-30 m^2  Cq=         1.3968 MHz  eta= 0.90844

     C    8    Vxx=   -0.0741    axis=( -0.198301  0.725198 -0.659367)
     C    8    Vyy=   -0.5139    axis=( -0.975110 -0.077895  0.207588)
     C    8    Vzz=    0.5880    axis=(  0.099181  0.684120  0.722595)
     C    8  Q=         1.0000 1e-30 m^2  Cq=         1.3815 MHz  eta= 0.74805

     H    9    Vxx=   -0.0573    axis=( -0.445574 -0.704141  0.552856)
     H    9    Vyy=   -0.6495    axis=(  0.277874 -0.695824 -0.662280)
     H    9    Vzz=    0.7068    axis=(  0.851029 -0.141470  0.505703)
     H    9  Q=         1.0000 1e-30 m^2  Cq=         1.6607 MHz  eta= 0.83793

     C   10    Vxx=   -0.1381    axis=(  0.972890  0.211920 -0.092603)
     C   10    Vyy=   -0.4777    axis=( -0.220053  0.725073 -0.652568)
     C   10    Vzz=    0.6158    axis=( -0.071148  0.655255  0.752050)
     C   10  Q=         1.0000 1e-30 m^2  Cq=         1.4469 MHz  eta= 0.55139

     C   11    Vxx=    0.1027    axis=(  0.134367 -0.608496 -0.782099)
     C   11    Vyy=    0.2605    axis=(  0.388076  0.758526 -0.523484)
     C   11    Vzz=   -0.3632    axis=(  0.911780 -0.233175  0.338063)
     C   11  Q=         1.0000 1e-30 m^2  Cq=        -0.8534 MHz  eta= 0.43448

     Cl  12    Vxx=   -0.0455    axis=( -0.819395  0.450458 -0.354513)
     Cl  12    Vyy=   -2.7960    axis=( -0.219579  0.324627  0.920001)
     Cl  12    Vzz=    2.8415    axis=(  0.529506  0.831688 -0.167087)
     Cl  12  Q=        -8.1650 1e-30 m^2  Cq=       -54.5130 MHz  eta= 0.96798

     H   13    Vxx=   -0.0745    axis=( -0.049557 -0.597252  0.800521)
     H   13    Vyy=   -0.3115    axis=( -0.987085 -0.092965 -0.130466)
     H   13    Vzz=    0.3860    axis=(  0.152341 -0.796648 -0.584931)
     H   13  Q=         1.0000 1e-30 m^2  Cq=         0.9070 MHz  eta= 0.61399

     C   14    Vxx=    0.0117    axis=(  0.589768  0.436592  0.679383)
     C   14    Vyy=    0.2482    axis=( -0.608490 -0.312868  0.729284)
     C   14    Vzz=   -0.2599    axis=( -0.530956  0.843506 -0.081142)
     C   14  Q=         1.0000 1e-30 m^2  Cq=        -0.6107 MHz  eta= 0.91011

     H   15    Vxx=   -0.1265    axis=( -0.475592 -0.237510  0.846995)
     H   15    Vyy=   -0.2669    axis=( -0.518820  0.853298 -0.052043)
     H   15    Vzz=    0.3934    axis=( -0.710379 -0.464189 -0.529047)
     H   15  Q=         1.0000 1e-30 m^2  Cq=         0.9243 MHz  eta= 0.35687

     C   16    Vxx=    0.1798    axis=( -0.638857 -0.189705  0.745570)
     C   16    Vyy=    0.3868    axis=( -0.592388  0.739633 -0.319405)
     C   16    Vzz=   -0.5665    axis=( -0.490855 -0.645721 -0.584898)
     C   16  Q=         1.0000 1e-30 m^2  Cq=        -1.3311 MHz  eta= 0.36539

     C   17    Vxx=    0.0081    axis=( -0.174347 -0.297941  0.938528)
     C   17    Vyy=    0.4028    axis=( -0.128486  0.951860  0.278305)
     C   17    Vzz=   -0.4110    axis=( -0.976266 -0.072066 -0.204235)
     C   17  Q=         1.0000 1e-30 m^2  Cq=        -0.9656 MHz  eta= 0.96040

     Cl  18    Vxx=    0.5772    axis=(  0.871644 -0.486927 -0.056030)
     Cl  18    Vyy=    2.2845    axis=(  0.453388  0.844432 -0.285262)
     Cl  18    Vzz=   -2.8617    axis=(  0.186215  0.223244  0.956811)
     Cl  18  Q=        -8.1650 1e-30 m^2  Cq=        54.9004 MHz  eta= 0.59661

     H   19    Vxx=   -0.0527    axis=(  0.980076  0.077852  0.182730)
     H   19    Vyy=   -0.4642    axis=(  0.197210 -0.271856 -0.941914)
     H   19    Vzz=    0.5170    axis=( -0.023654  0.959184 -0.281793)
     H   19  Q=         1.0000 1e-30 m^2  Cq=         1.2147 MHz  eta= 0.79600

     C   20    Vxx=   -0.1746    axis=(  0.996015 -0.080179  0.039068)
     C   20    Vyy=   -0.3696    axis=(  0.088371  0.946415 -0.310629)
     C   20    Vzz=    0.5442    axis=( -0.012069  0.312843  0.949728)
     C   20  Q=         1.0000 1e-30 m^2  Cq=         1.2786 MHz  eta= 0.35844

     H   21    Vxx=   -0.0848    axis=(  0.347857  0.754277 -0.556831)
     H   21    Vyy=   -0.3939    axis=( -0.087863  0.617537  0.781619)
     H   21    Vzz=    0.4787    axis=(  0.933421 -0.222967  0.281088)
     H   21  Q=         1.0000 1e-30 m^2  Cq=         1.1248 MHz  eta= 0.64568

     C   22    Vxx=   -0.1820    axis=( -0.250061  0.868334 -0.428329)
     C   22    Vyy=   -0.2516    axis=(  0.892325  0.378383  0.246135)
     C   22    Vzz=    0.4336    axis=( -0.375800  0.320659  0.869455)
     C   22  Q=         1.0000 1e-30 m^2  Cq=         1.0187 MHz  eta= 0.16067

     C   23    Vxx=    0.1431    axis=( -0.093819  0.533839  0.840365)
     C   23    Vyy=    0.5162    axis=(  0.842833  0.491880 -0.218371)
     C   23    Vzz=   -0.6593    axis=( -0.529934  0.687800 -0.496085)
     C   23  Q=         1.0000 1e-30 m^2  Cq=        -1.5492 MHz  eta= 0.56595

     Cl  24    Vxx=   -0.9952    axis=( -0.250181  0.495961  0.831524)
     Cl  24    Vyy=   -1.9206    axis=(  0.515975 -0.658419  0.547955)
     Cl  24    Vzz=    2.9158    axis=(  0.819256  0.566133 -0.091180)
     Cl  24  Q=        -8.1650 1e-30 m^2  Cq=       -55.9378 MHz  eta= 0.31735

     Initialization:
     gipaw_setup  :      9.18s CPU     10.99s WALL (       1 calls)

     Linear response

     Apply operators

     Induced current

     Other routines
     efg          :      9.34s CPU     12.06s WALL (       1 calls)

     General routines
     calbec       :      3.26s CPU      4.43s WALL (      16 calls)
     fft          :      1.55s CPU      2.31s WALL (      15 calls)
     ffts         :      0.04s CPU      0.05s WALL (       2 calls)
     fftw         :      3.20s CPU      3.90s WALL (     672 calls)
     davcio       :      0.04s CPU      0.33s WALL (      32 calls)

     Parallel routines
     fft_scatter  :      2.18s CPU      3.42s WALL (     689 calls)

     Plugins

     GIPAW        :     61.46s CPU     73.73s WALL (       1 calls)
