
     Program QE v.6.0 (svn rev. 13079) starts on 14Jan2017 at  5: 9:43 

     This program is part of the open-source Quantum ESPRESSO suite
     for quantum simulation of materials; please cite
         "P. Giannozzi et al., J. Phys.:Condens. Matter 21 395502 (2009);
          URL http://www.quantum-espresso.org", 
     in publications or presentations arising from this work. More details at
     http://www.quantum-espresso.org/quote

     Parallel version (MPI), running on     8 processors
     R & G space division:  proc/nbgrp/npool/nimage =       8

     ***** This is GIPAW svn revision unknown      *****

     Parallelizing q-star over 1 images

     Reading data from directory:
     /users/majewski/paradichlorobenzene/pbe/9_constraint/scratch/pbe.ecut100.np8.dt60.pcl2phi-129368.save
     Message from routine read_xml_file:
     file /users/majewski/paradichlorobenzene/pbe/9_constraint/scratch/pbe.ecut100.np8.dt60.pcl2phi-129368.save not guaranteed to be safe for post-processing

   Info: using nr1, nr2, nr3 values from input

   Info: using nr1, nr2, nr3 values from input

     IMPORTANT: XC functional enforced from input :
     Exchange-correlation      =  SLA  PW   PBX  PBC ( 1  4  3  4 0 0)
     Any further DFT definition will be discarded
     Please, verify this is what you really want

               file C.pbe-n-kjpaw_psl.1.0.0.UPF: wavefunction(s)  2S 2P renormalized
               file Cl.pbe-n-kjpaw_psl.1.0.0.UPF: wavefunction(s)  3S 3P renormalized
               file H.pbe-kjpaw_psl.1.0.0.UPF: wavefunction(s)  1S renormalized

     Parallelization info
     --------------------
     sticks:   dense  smooth     PW     G-vecs:    dense   smooth      PW
     Min        3057    1223    332               144436    36536    5170
     Max        3059    1225    333               144437    36537    5171
     Sum       24467    9791   2657              1155489   292295   41363


     Subspace diagonalization in iterative solution of the eigenvalue problem:
     a serial algorithm will be used

     GIPAW projectors -----------------------------------------------
     atom=  C    l=0  rc=    1.2000  rs=    0.8000
     atom=  C    l=0  rc=    1.2000  rs=    0.8000
     atom=  C    l=1  rc=    1.4000  rs=    0.9333
     atom=  C    l=1  rc=    1.4000  rs=    0.9333
     projs nearly linearly dependent: l=1  n1,n2= 1, 2  s=  0.99951561

     atom=  Cl   l=0  rc=    1.6000  rs=    1.0667
     atom=  Cl   l=0  rc=    1.6000  rs=    1.0667
     atom=  Cl   l=1  rc=    1.6000  rs=    1.0667
     atom=  Cl   l=1  rc=    1.6000  rs=    1.0667
     atom=  Cl   l=2  rc=    1.6000  rs=    1.0667
     atom=  Cl   l=2  rc=    1.6000  rs=    1.0667
     projs nearly linearly dependent: l=2  n1,n2= 1, 2  s=  0.99993509

     atom=  H    l=0  rc=    1.0000  rs=    0.6667
     atom=  H    l=0  rc=    1.0000  rs=    0.6667
     projs nearly linearly dependent: l=0  n1,n2= 1, 2  s=  0.99968852
     -----------------------------------------------------------------

     GIPAW integrals: -------------------------------------------
     Atom  i/j   nmr_para   nmr_dia   epr_rmc  epr_para   epr_dia
       C   1 1   0.83E+03  0.17E-01  0.93E+01  0.24E+08  0.24E+03
       C   2 1   0.86E+03 -0.61E-01  0.94E+01  0.25E+08  0.25E+03
       C   2 2   0.90E+03 -0.15E+00  0.97E+01  0.26E+08  0.26E+03
       C   3 3   0.33E+01  0.34E+00  0.18E+01  0.55E+03  0.21E+02
       C   4 3   0.35E+01  0.37E+00  0.20E+01  0.59E+03  0.22E+02
       C   4 4   0.38E+01  0.39E+00  0.22E+01  0.63E+03  0.24E+02
       Cl  1 1   0.14E+04 -0.47E+00  0.84E+01  0.32E+09  0.42E+03
       Cl  2 1   0.21E+04 -0.37E+00  0.12E+02  0.49E+09  0.65E+03
       Cl  2 2   0.33E+04 -0.16E+00  0.21E+02  0.76E+09  0.10E+04
       Cl  3 3   0.21E+02  0.79E-01  0.89E+01  0.23E+05  0.13E+03
       Cl  4 3   0.24E+02  0.67E-01  0.99E+01  0.27E+05  0.15E+03
       Cl  4 4   0.28E+02  0.44E-01  0.11E+02  0.32E+05  0.18E+03
       Cl  5 5   0.77E+00  0.19E+00  0.18E+01  0.12E+03  0.22E+02
       Cl  6 5   0.80E+00  0.19E+00  0.19E+01  0.12E+03  0.23E+02
       Cl  6 6   0.83E+00  0.20E+00  0.19E+01  0.12E+03  0.23E+02
       H   1 1   0.39E+02  0.19E+00  0.29E+00  0.78E+05  0.13E+02
       H   2 1   0.41E+02  0.21E+00  0.32E+00  0.82E+05  0.14E+02
       H   2 2   0.43E+02  0.22E+00  0.36E+00  0.86E+05  0.15E+02
     ------------------------------------------------------------

     alpha_pv=     33.7702 eV

     Number of occupied bands for each k-point:
     k-point:     1    nbnd_occ=  42
     k-point:     2    nbnd_occ=  42
     k-point:     3    nbnd_occ=  42
     k-point:     4    nbnd_occ=  42
     k-point:     5    nbnd_occ=  42
     k-point:     6    nbnd_occ=  42
     k-point:     7    nbnd_occ=  42
     k-point:     8    nbnd_occ=  42
     k-point:     9    nbnd_occ=  42
     k-point:    10    nbnd_occ=  42
     k-point:    11    nbnd_occ=  42
     k-point:    12    nbnd_occ=  42
     k-point:    13    nbnd_occ=  42
     k-point:    14    nbnd_occ=  42
     k-point:    15    nbnd_occ=  42
     k-point:    16    nbnd_occ=  42


     q-space interpolation up to   110.00 Rydberg

     GIPAW job: efg                                                                             


     ELECTRIC FIELD GRADIENTS TENSORS IN Hartree/bohrradius^2:

     ----- bare term -----
     Cl   1       -0.041420        0.087924       -0.018347
     Cl   1        0.087924        0.010380        0.011808
     Cl   1       -0.018347        0.011808        0.031040

     C    2       -0.090617        0.122185       -0.240792
     C    2        0.122185       -0.385577       -0.468724
     C    2       -0.240792       -0.468724        0.476194

     C    3       -0.337805        0.344880       -0.321610
     C    3        0.344880       -0.152999       -0.342711
     C    3       -0.321610       -0.342711        0.490804

     H    4       -0.021212       -0.105224       -0.310871
     H    4       -0.105224        0.347400       -0.450825
     H    4       -0.310871       -0.450825       -0.326188

     C    5       -0.492595        0.083870       -0.333202
     C    5        0.083870        0.046350       -0.284235
     C    5       -0.333202       -0.284235        0.446246

     H    6        0.019671        0.152699       -0.031899
     H    6        0.152699       -0.306618       -0.485208
     H    6       -0.031899       -0.485208        0.286947

     H    7        0.368126        0.088652       -0.152121
     H    7        0.088652       -0.294004        0.526203
     H    7       -0.152121        0.526203       -0.074122

     C    8       -0.348377       -0.164420       -0.383225
     C    8       -0.164420       -0.058163        0.418475
     C    8       -0.383225        0.418475        0.406540

     H    9       -0.377028        0.235435       -0.505162
     H    9        0.235435        0.289944        0.232131
     H    9       -0.505162        0.232131        0.087084

     C   10       -0.152550       -0.394319       -0.289482
     C   10       -0.394319       -0.242734        0.520710
     C   10       -0.289482        0.520710        0.395284

     C   11       -0.057712        0.116138       -0.468160
     C   11        0.116138       -0.144084        0.541191
     C   11       -0.468160        0.541191        0.201795

     Cl  12       -0.079150       -0.071653       -0.017401
     Cl  12       -0.071653        0.031284        0.011786
     Cl  12       -0.017401        0.011786        0.047865

     H   13        0.263866        0.208890        0.023655
     H   13        0.208890       -0.520603       -0.437060
     H   13        0.023655       -0.437060        0.256737

     C   14       -0.171799       -0.116758       -0.456601
     C   14       -0.116758       -0.079025       -0.474215
     C   14       -0.456601       -0.474215        0.250825

     H   15        0.086817       -0.087100       -0.288080
     H   15       -0.087100        0.223835       -0.511847
     H   15       -0.288080       -0.511847       -0.310652

     C   16       -0.609599        0.338090       -0.405147
     C   16        0.338090        0.089643       -0.012631
     C   16       -0.405147       -0.012631        0.519956

     C   17       -0.002312        0.209054       -0.083954
     C   17        0.209054       -0.547732       -0.328322
     C   17       -0.083954       -0.328322        0.550043

     Cl  18       -0.050102        0.113535       -0.018712
     Cl  18        0.113535        0.013910       -0.009242
     Cl  18       -0.018712       -0.009242        0.036192

     H   19        0.519744        0.023508       -0.038142
     H   19        0.023508       -0.005447        0.360274
     H   19       -0.038142        0.360274       -0.514297

     C   20       -0.341139       -0.278097       -0.269524
     C   20       -0.278097       -0.160314        0.435925
     C   20       -0.269524        0.435925        0.501453

     H   21       -0.349742        0.090748       -0.559284
     H   21        0.090748        0.320559        0.091506
     H   21       -0.559284        0.091506        0.029183

     C   22       -0.183903       -0.193506       -0.260092
     C   22       -0.193506       -0.147395        0.618993
     C   22       -0.260092        0.618993        0.331298

     C   23       -0.165611       -0.070259       -0.401756
     C   23       -0.070259       -0.163179        0.510687
     C   23       -0.401756        0.510687        0.328790

     Cl  24       -0.022210        0.038484       -0.043335
     Cl  24        0.038484        0.045496        0.075364
     Cl  24       -0.043335        0.075364       -0.023286

     ----- ionic term -----
     Cl   1        0.128237       -0.221344        0.083160
     Cl   1       -0.221344        0.015206       -0.044798
     Cl   1        0.083160       -0.044798       -0.143443

     C    2        0.061730       -0.209868        0.343817
     C    2       -0.209868        0.200899        0.362409
     C    2        0.343817        0.362409       -0.262629

     C    3        0.068215       -0.215471        0.276423
     C    3       -0.215471        0.203304        0.360751
     C    3        0.276423        0.360751       -0.271519

     H    4        0.284140        0.357632        0.747232
     H    4        0.357632       -0.341831        0.368448
     H    4        0.747232        0.368448        0.057691

     C    5        0.233875       -0.188285        0.353262
     C    5       -0.188285        0.012748        0.269735
     C    5        0.353262        0.269735       -0.246623

     H    6       -0.500876       -0.082729       -0.033521
     H    6       -0.082729        0.572227        0.722688
     H    6       -0.033521        0.722688       -0.071350

     H    7       -0.504122       -0.146383        0.137654
     H    7       -0.146383        0.517666       -0.754607
     H    7        0.137654       -0.754607       -0.013544

     C    8        0.213763        0.167353        0.379715
     C    8        0.167353        0.036083       -0.290935
     C    8        0.379715       -0.290935       -0.249846

     H    9        0.647328       -0.430509        0.598570
     H    9       -0.430509       -0.365583       -0.277883
     H    9        0.598570       -0.277883       -0.281745

     C   10        0.081726        0.217982        0.219167
     C   10        0.217982        0.171785       -0.403023
     C   10        0.219167       -0.403023       -0.253511

     C   11        0.138039        0.183436        0.312488
     C   11        0.183436        0.026502       -0.462952
     C   11        0.312488       -0.462952       -0.164541

     Cl  12        0.146395        0.208680        0.002634
     Cl  12        0.208680       -0.011006       -0.004890
     Cl  12        0.002634       -0.004890       -0.135389

     H   13       -0.520610       -0.001355        0.022626
     H   13       -0.001355        0.725798        0.653911
     H   13        0.022626        0.653911       -0.205189

     C   14        0.203249       -0.197717        0.357883
     C   14       -0.197717        0.063745        0.255297
     C   14        0.357883        0.255297       -0.266994

     H   15        0.325973        0.364992        0.751384
     H   15        0.364992       -0.348520        0.355709
     H   15        0.751384        0.355709        0.022548

     C   16        0.108468       -0.261656        0.264112
     C   16       -0.261656        0.170639        0.332803
     C   16        0.264112        0.332803       -0.279107

     C   17        0.146754       -0.235657        0.315370
     C   17       -0.235657        0.131885        0.351658
     C   17        0.315370        0.351658       -0.278639

     Cl  18        0.144779       -0.220000        0.061495
     Cl  18       -0.220000        0.001239       -0.033033
     Cl  18        0.061495       -0.033033       -0.146019

     H   19       -0.527660       -0.054565        0.055984
     H   19       -0.054565        0.384551       -0.796363
     H   19        0.055984       -0.796363        0.143108

     C   20        0.180763        0.181131        0.306681
     C   20        0.181131       -0.020252       -0.341804
     C   20        0.306681       -0.341804       -0.160511

     H   21        0.604666       -0.348580        0.680581
     H   21       -0.348580       -0.423178       -0.278575
     H   21        0.680581       -0.278575       -0.181488

     C   22        0.084989        0.196725        0.205244
     C   22        0.196725        0.182981       -0.448010
     C   22        0.205244       -0.448010       -0.267970

     C   23        0.121122        0.147336        0.335517
     C   23        0.147336        0.104316       -0.455520
     C   23        0.335517       -0.455520       -0.225438

     Cl  24        0.108027        0.208049        0.013011
     Cl  24        0.208049        0.021865        0.000015
     Cl  24        0.013011        0.000015       -0.129892

     ----- GIPAW term -----
     Cl   1       -0.826850       -1.105323       -0.337045
     Cl   1       -1.105323       -1.346618       -0.504733
     Cl   1       -0.337045       -0.504733        2.173468

     C    2       -0.004092       -0.096207       -0.002560
     C    2       -0.096207       -0.131600       -0.042254
     C    2       -0.002560       -0.042254        0.135692

     C    3       -0.096396        0.029885       -0.122189
     C    3        0.029885       -0.036667       -0.013086
     C    3       -0.122189       -0.013086        0.133063

     H    4       -0.000000        0.000000        0.000000
     H    4        0.000000        0.000000        0.000000
     H    4        0.000000        0.000000        0.000000

     C    5       -0.018064        0.027570        0.098550
     C    5        0.027570       -0.078132       -0.004052
     C    5        0.098550       -0.004052        0.096196

     H    6       -0.000000        0.000000        0.000000
     H    6        0.000000        0.000000        0.000000
     H    6        0.000000        0.000000        0.000000

     H    7       -0.000000        0.000000        0.000000
     H    7        0.000000        0.000000        0.000000
     H    7        0.000000        0.000000        0.000000

     C    8       -0.027917       -0.014684       -0.063493
     C    8       -0.014684       -0.032115        0.089037
     C    8       -0.063493        0.089037        0.060033

     H    9       -0.000000        0.000000        0.000000
     H    9        0.000000        0.000000        0.000000
     H    9        0.000000        0.000000        0.000000

     C   10       -0.056044       -0.109206       -0.139304
     C   10       -0.109206       -0.048835        0.157452
     C   10       -0.139304        0.157452        0.104879

     C   11        0.124157        0.168669       -0.107193
     C   11        0.168669       -0.039656        0.082461
     C   11       -0.107193        0.082461       -0.084500

     Cl  12        1.060348        2.102812       -0.160409
     Cl  12        2.102812        0.368468        0.070449
     Cl  12       -0.160409        0.070449       -1.428816

     H   13       -0.000000        0.000000        0.000000
     H   13        0.000000        0.000000        0.000000
     H   13        0.000000        0.000000        0.000000

     C   14        0.062787       -0.136025       -0.101284
     C   14       -0.136025       -0.031048       -0.082435
     C   14       -0.101284       -0.082435       -0.031739

     H   15       -0.000000        0.000000        0.000000
     H   15        0.000000        0.000000        0.000000
     H   15        0.000000        0.000000        0.000000

     C   16       -0.201621       -0.021633       -0.154066
     C   16       -0.021633        0.013486        0.172055
     C   16       -0.154066        0.172055        0.188135

     C   17       -0.055458       -0.025226        0.083507
     C   17       -0.025226       -0.161427        0.107358
     C   17        0.083507        0.107358        0.216885

     Cl  18       -0.832709       -0.985718        0.398331
     Cl  18       -0.985718       -1.274166        0.724773
     Cl  18        0.398331        0.724773        2.106875

     H   19       -0.000000        0.000000        0.000000
     H   19        0.000000        0.000000        0.000000
     H   19        0.000000        0.000000        0.000000

     C   20       -0.082776       -0.046316       -0.041733
     C   20       -0.046316       -0.096163        0.125132
     C   20       -0.041733        0.125132        0.178939

     H   21       -0.000000        0.000000        0.000000
     H   21        0.000000        0.000000        0.000000
     H   21        0.000000        0.000000        0.000000

     C   22       -0.113957       -0.009480       -0.057839
     C   22       -0.009480        0.043980        0.197831
     C   22       -0.057839        0.197831        0.069978

     C   23        0.033606        0.110804       -0.093257
     C   23        0.110804       -0.027488        0.109625
     C   23       -0.093257        0.109625       -0.006118

     Cl  24        1.074009        2.363424       -0.264161
     Cl  24        2.363424        0.521742        0.661332
     Cl  24       -0.264161        0.661332       -1.595751

     ----- total EFG -----
     Cl   1       -0.740033       -1.238744       -0.272232
     Cl   1       -1.238744       -1.321032       -0.537724
     Cl   1       -0.272232       -0.537724        2.061066

     C    2       -0.032979       -0.183890        0.100465
     C    2       -0.183890       -0.316278       -0.148569
     C    2        0.100465       -0.148569        0.349257

     C    3       -0.365985        0.159295       -0.167376
     C    3        0.159295        0.013638        0.004954
     C    3       -0.167376        0.004954        0.352348

     H    4        0.262928        0.252408        0.436362
     H    4        0.252408        0.005569       -0.082376
     H    4        0.436362       -0.082376       -0.268497

     C    5       -0.276784       -0.076845        0.118611
     C    5       -0.076845       -0.019034       -0.018552
     C    5        0.118611       -0.018552        0.295818

     H    6       -0.481205        0.069970       -0.065420
     H    6        0.069970        0.265609        0.237479
     H    6       -0.065420        0.237479        0.215597

     H    7       -0.135996       -0.057730       -0.014467
     H    7       -0.057730        0.223662       -0.228404
     H    7       -0.014467       -0.228404       -0.087666

     C    8       -0.162531       -0.011751       -0.067004
     C    8       -0.011751       -0.054196        0.216577
     C    8       -0.067004        0.216577        0.216727

     H    9        0.270300       -0.195074        0.093408
     H    9       -0.195074       -0.075639       -0.045752
     H    9        0.093408       -0.045752       -0.194661

     C   10       -0.126868       -0.285543       -0.209619
     C   10       -0.285543       -0.119784        0.275140
     C   10       -0.209619        0.275140        0.246651

     C   11        0.204484        0.468242       -0.262866
     C   11        0.468242       -0.157238        0.160700
     C   11       -0.262866        0.160700       -0.047246

     Cl  12        1.127593        2.239840       -0.175176
     Cl  12        2.239840        0.388747        0.077345
     Cl  12       -0.175176        0.077345       -1.516340

     H   13       -0.256743        0.207535        0.046281
     H   13        0.207535        0.205196        0.216851
     H   13        0.046281        0.216851        0.051548

     C   14        0.094237       -0.450499       -0.200002
     C   14       -0.450499       -0.046329       -0.301353
     C   14       -0.200002       -0.301353       -0.047909

     H   15        0.412790        0.277892        0.463304
     H   15        0.277892       -0.124686       -0.156139
     H   15        0.463304       -0.156139       -0.288104

     C   16       -0.702753        0.054801       -0.295101
     C   16        0.054801        0.273768        0.492228
     C   16       -0.295101        0.492228        0.428984

     C   17        0.088984       -0.051829        0.314923
     C   17       -0.051829       -0.577273        0.130694
     C   17        0.314923        0.130694        0.488290

     Cl  18       -0.738032       -1.092182        0.441114
     Cl  18       -1.092182       -1.259016        0.682498
     Cl  18        0.441114        0.682498        1.997049

     H   19       -0.007916       -0.031057        0.017843
     H   19       -0.031057        0.379105       -0.436089
     H   19        0.017843       -0.436089       -0.371188

     C   20       -0.243152       -0.143281       -0.004576
     C   20       -0.143281       -0.276730        0.219253
     C   20       -0.004576        0.219253        0.519882

     H   21        0.254924       -0.257832        0.121297
     H   21       -0.257832       -0.102619       -0.187069
     H   21        0.121297       -0.187069       -0.152306

     C   22       -0.212871       -0.006260       -0.112687
     C   22       -0.006260        0.079566        0.368814
     C   22       -0.112687        0.368814        0.133305

     C   23       -0.010884        0.187881       -0.159496
     C   23        0.187881       -0.086351        0.164792
     C   23       -0.159496        0.164792        0.097235

     Cl  24        1.159826        2.609957       -0.294486
     Cl  24        2.609957        0.589103        0.736711
     Cl  24       -0.294486        0.736711       -1.748929

     ----- total EFG (symmetrized) -----
     Cl   1       -0.740033       -1.238744       -0.272232
     Cl   1       -1.238744       -1.321032       -0.537724
     Cl   1       -0.272232       -0.537724        2.061066

     C    2       -0.032979       -0.183890        0.100465
     C    2       -0.183890       -0.316278       -0.148569
     C    2        0.100465       -0.148569        0.349257

     C    3       -0.365985        0.159295       -0.167376
     C    3        0.159295        0.013638        0.004954
     C    3       -0.167376        0.004954        0.352348

     H    4        0.262928        0.252408        0.436362
     H    4        0.252408        0.005569       -0.082376
     H    4        0.436362       -0.082376       -0.268497

     C    5       -0.276784       -0.076845        0.118611
     C    5       -0.076845       -0.019034       -0.018552
     C    5        0.118611       -0.018552        0.295818

     H    6       -0.481205        0.069970       -0.065420
     H    6        0.069970        0.265609        0.237479
     H    6       -0.065420        0.237479        0.215597

     H    7       -0.135996       -0.057730       -0.014467
     H    7       -0.057730        0.223662       -0.228404
     H    7       -0.014467       -0.228404       -0.087666

     C    8       -0.162531       -0.011751       -0.067004
     C    8       -0.011751       -0.054196        0.216577
     C    8       -0.067004        0.216577        0.216727

     H    9        0.270300       -0.195074        0.093408
     H    9       -0.195074       -0.075639       -0.045752
     H    9        0.093408       -0.045752       -0.194661

     C   10       -0.126868       -0.285543       -0.209619
     C   10       -0.285543       -0.119784        0.275140
     C   10       -0.209619        0.275140        0.246651

     C   11        0.204484        0.468242       -0.262866
     C   11        0.468242       -0.157238        0.160700
     C   11       -0.262866        0.160700       -0.047246

     Cl  12        1.127593        2.239840       -0.175176
     Cl  12        2.239840        0.388747        0.077345
     Cl  12       -0.175176        0.077345       -1.516340

     H   13       -0.256743        0.207535        0.046281
     H   13        0.207535        0.205196        0.216851
     H   13        0.046281        0.216851        0.051548

     C   14        0.094237       -0.450499       -0.200002
     C   14       -0.450499       -0.046329       -0.301353
     C   14       -0.200002       -0.301353       -0.047909

     H   15        0.412790        0.277892        0.463304
     H   15        0.277892       -0.124686       -0.156139
     H   15        0.463304       -0.156139       -0.288104

     C   16       -0.702753        0.054801       -0.295101
     C   16        0.054801        0.273768        0.492228
     C   16       -0.295101        0.492228        0.428984

     C   17        0.088984       -0.051829        0.314923
     C   17       -0.051829       -0.577273        0.130694
     C   17        0.314923        0.130694        0.488290

     Cl  18       -0.738032       -1.092182        0.441114
     Cl  18       -1.092182       -1.259016        0.682498
     Cl  18        0.441114        0.682498        1.997049

     H   19       -0.007916       -0.031057        0.017843
     H   19       -0.031057        0.379105       -0.436089
     H   19        0.017843       -0.436089       -0.371188

     C   20       -0.243152       -0.143281       -0.004576
     C   20       -0.143281       -0.276730        0.219253
     C   20       -0.004576        0.219253        0.519882

     H   21        0.254924       -0.257832        0.121297
     H   21       -0.257832       -0.102619       -0.187069
     H   21        0.121297       -0.187069       -0.152306

     C   22       -0.212871       -0.006260       -0.112687
     C   22       -0.006260        0.079566        0.368814
     C   22       -0.112687        0.368814        0.133305

     C   23       -0.010884        0.187881       -0.159496
     C   23        0.187881       -0.086351        0.164792
     C   23       -0.159496        0.164792        0.097235

     Cl  24        1.159826        2.609957       -0.294486
     Cl  24        2.609957        0.589103        0.736711
     Cl  24       -0.294486        0.736711       -1.748929


     NQR/NMR SPECTROSCOPIC PARAMETERS:
     Cl   1    Vxx=    0.2344    axis=(  0.790992 -0.608746 -0.061316)
     Cl   1    Vyy=    2.1471    axis=(  0.032444  0.141811 -0.989362)
     Cl   1    Vzz=   -2.3815    axis=(  0.610965  0.780588  0.131921)
     Cl   1  Q=        -8.1650 1e-30 m^2  Cq=        45.6873 MHz  eta= 0.80314

     C    2    Vxx=   -0.0070    axis=( -0.863473  0.330267  0.381232)
     C    2    Vyy=   -0.4178    axis=(  0.401509  0.907532  0.123190)
     C    2    Vzz=    0.4248    axis=(  0.305295 -0.259439  0.916235)
     C    2  Q=         1.0000 1e-30 m^2  Cq=         0.9981 MHz  eta= 0.96704

     C    3    Vxx=    0.0635    axis=(  0.290934  0.944529  0.152386)
     C    3    Vyy=    0.3920    axis=(  0.231841  0.084928 -0.969039)
     C    3    Vzz=   -0.4555    axis=( -0.928228  0.317256 -0.194272)
     C    3  Q=         1.0000 1e-30 m^2  Cq=        -1.0702 MHz  eta= 0.72115

     H    4    Vxx=    0.0129    axis=( -0.119409  0.887547 -0.444973)
     H    4    Vyy=    0.5692    axis=(  0.852409  0.321440  0.412403)
     H    4    Vzz=   -0.5821    axis=(  0.509059 -0.330054 -0.794936)
     H    4  Q=         1.0000 1e-30 m^2  Cq=        -1.3678 MHz  eta= 0.95565

     C    5    Vxx=   -0.0050    axis=( -0.211062  0.966977  0.142856)
     C    5    Vyy=   -0.3177    axis=( -0.955663 -0.234837  0.177651)
     C    5    Vzz=    0.3227    axis=(  0.205332 -0.099027  0.973670)
     C    5  Q=         1.0000 1e-30 m^2  Cq=         0.7583 MHz  eta= 0.96900

     H    6    Vxx=    0.0200    axis=( -0.187004 -0.654763  0.732336)
     H    6    Vyy=    0.4795    axis=( -0.008742 -0.744348 -0.667735)
     H    6    Vzz=   -0.4994    axis=( -0.982320  0.131271 -0.133472)
     H    6  Q=         1.0000 1e-30 m^2  Cq=        -1.1735 MHz  eta= 0.92000

     H    7    Vxx=   -0.1219    axis=(  0.905194 -0.118534 -0.408135)
     H    7    Vyy=   -0.2266    axis=(  0.415023  0.453384  0.788796)
     H    7    Vzz=    0.3485    axis=( -0.091543  0.883398 -0.459595)
     H    7  Q=         1.0000 1e-30 m^2  Cq=         0.8188 MHz  eta= 0.30030

     C    8    Vxx=   -0.1504    axis=(  0.728429  0.639963 -0.244617)
     C    8    Vyy=   -0.1945    axis=( -0.673443  0.603181 -0.427372)
     C    8    Vzz=    0.3449    axis=( -0.125954  0.476046  0.870354)
     C    8  Q=         1.0000 1e-30 m^2  Cq=         0.8103 MHz  eta= 0.12808

     H    9    Vxx=   -0.1632    axis=(  0.421154  0.904650 -0.065099)
     H    9    Vyy=   -0.2138    axis=( -0.135532  0.133740  0.981705)
     H    9    Vzz=    0.3770    axis=(  0.896806 -0.404626  0.178934)
     H    9  Q=         1.0000 1e-30 m^2  Cq=         0.8857 MHz  eta= 0.13431

     C   10    Vxx=   -0.1380    axis=( -0.601768  0.457181 -0.654874)
     C   10    Vyy=   -0.4132    axis=( -0.666562 -0.739181  0.096470)
     C   10    Vzz=    0.5512    axis=( -0.439966  0.494567  0.749556)
     C   10  Q=         1.0000 1e-30 m^2  Cq=         1.2952 MHz  eta= 0.49912

     C   11    Vxx=    0.0642    axis=( -0.058773  0.502013  0.862861)
     C   11    Vyy=    0.5557    axis=( -0.836198 -0.496880  0.232128)
     C   11    Vzz=   -0.6198    axis=(  0.545269 -0.707879  0.448986)
     C   11  Q=         1.0000 1e-30 m^2  Cq=        -1.4564 MHz  eta= 0.79300

     Cl  12    Vxx=   -1.3426    axis=( -0.451226  0.552444  0.700857)
     Cl  12    Vyy=   -1.6872    axis=(  0.463180 -0.526311  0.713064)
     Cl  12    Vzz=    3.0298    axis=( -0.762797 -0.646377  0.018396)
     Cl  12  Q=        -8.1650 1e-30 m^2  Cq=       -58.1253 MHz  eta= 0.11374

     H   13    Vxx=   -0.0767    axis=( -0.289439 -0.440639  0.849743)
     H   13    Vyy=   -0.3400    axis=(  0.913951 -0.391043  0.108532)
     H   13    Vzz=    0.4167    axis=(  0.284462  0.808036  0.515906)
     H   13  Q=         1.0000 1e-30 m^2  Cq=         0.9791 MHz  eta= 0.63204

     C   14    Vxx=    0.1627    axis=( -0.423413 -0.313081  0.850119)
     C   14    Vyy=    0.4849    axis=(  0.725796 -0.678814  0.111499)
     C   14    Vzz=   -0.6475    axis=(  0.542164  0.664223  0.514652)
     C   14  Q=         1.0000 1e-30 m^2  Cq=        -1.5215 MHz  eta= 0.49752

     H   15    Vxx=   -0.0302    axis=(  0.001726  0.856837 -0.515585)
     H   15    Vyy=   -0.6558    axis=( -0.451201  0.460787  0.764260)
     H   15    Vzz=    0.6859    axis=(  0.892421  0.231313  0.387401)
     H   15  Q=         1.0000 1e-30 m^2  Cq=         1.6117 MHz  eta= 0.91203

     C   16    Vxx=   -0.0663    axis=( -0.325888 -0.760490  0.561651)
     C   16    Vyy=   -0.8068    axis=( -0.937377  0.182644 -0.296591)
     C   16    Vzz=    0.8731    axis=( -0.122972  0.623134  0.772387)
     C   16  Q=         1.0000 1e-30 m^2  Cq=         2.0514 MHz  eta= 0.84817

     C   17    Vxx=   -0.0619    axis=(  0.869950 -0.201621 -0.450041)
     C   17    Vyy=   -0.6061    axis=( -0.144521 -0.976768  0.158233)
     C   17    Vzz=    0.6680    axis=(  0.471488  0.072614  0.878878)
     C   17  Q=         1.0000 1e-30 m^2  Cq=         1.5696 MHz  eta= 0.81462

     Cl  18    Vxx=    0.1216    axis=(  0.792208 -0.609226  0.035373)
     Cl  18    Vyy=    2.1531    axis=( -0.086019 -0.168865 -0.981879)
     Cl  18    Vzz=   -2.2746    axis=(  0.604159  0.774809 -0.186181)
     Cl  18  Q=        -8.1650 1e-30 m^2  Cq=        43.6380 MHz  eta= 0.89310

     H   19    Vxx=   -0.0101    axis=(  0.998156  0.057335 -0.019920)
     H   19    Vyy=   -0.5713    axis=( -0.005806  0.416873  0.908946)
     H   19    Vzz=    0.5814    axis=(  0.060418 -0.907155  0.416437)
     H   19  Q=         1.0000 1e-30 m^2  Cq=         1.3660 MHz  eta= 0.96541

     C   20    Vxx=   -0.1448    axis=(  0.806525 -0.559768  0.190203)
     C   20    Vyy=   -0.4335    axis=(  0.589080  0.788129 -0.178429)
     C   20    Vzz=    0.5782    axis=( -0.050025  0.255952  0.965394)
     C   20  Q=         1.0000 1e-30 m^2  Cq=         1.3587 MHz  eta= 0.49922

     H   21    Vxx=   -0.1222    axis=( -0.542792 -0.464710  0.699587)
     H   21    Vyy=   -0.3318    axis=(  0.193084  0.741616  0.642437)
     H   21    Vzz=    0.4540    axis=(  0.817371 -0.483788  0.312815)
     H   21  Q=         1.0000 1e-30 m^2  Cq=         1.0666 MHz  eta= 0.46182

     C   22    Vxx=   -0.1692    axis=( -0.789170 -0.515279  0.334212)
     C   22    Vyy=   -0.3179    axis=(  0.601475 -0.538319  0.590289)
     C   22    Vzz=    0.4871    axis=( -0.124251  0.666859  0.734753)
     C   22  Q=         1.0000 1e-30 m^2  Cq=         1.1445 MHz  eta= 0.30512

     C   23    Vxx=    0.1393    axis=(  0.679948  0.707355  0.193183)
     C   23    Vyy=    0.2165    axis=( -0.450255  0.194829  0.871385)
     C   23    Vzz=   -0.3557    axis=( -0.578741  0.679478 -0.450964)
     C   23  Q=         1.0000 1e-30 m^2  Cq=        -0.8359 MHz  eta= 0.21712

     Cl  24    Vxx=   -1.0131    axis=(  0.505498 -0.500177 -0.703061)
     Cl  24    Vyy=   -2.5013    axis=( -0.446195  0.545884 -0.709169)
     Cl  24    Vzz=    3.5144    axis=( -0.738500 -0.672186 -0.052767)
     Cl  24  Q=        -8.1650 1e-30 m^2  Cq=       -67.4216 MHz  eta= 0.42347

     Initialization:
     gipaw_setup  :      8.99s CPU     10.66s WALL (       1 calls)

     Linear response

     Apply operators

     Induced current

     Other routines
     efg          :      9.14s CPU     11.17s WALL (       1 calls)

     General routines
     calbec       :      3.08s CPU      3.91s WALL (      16 calls)
     fft          :      1.51s CPU      2.07s WALL (      15 calls)
     ffts         :      0.06s CPU      0.08s WALL (       2 calls)
     fftw         :      3.31s CPU      3.96s WALL (     672 calls)
     davcio       :      0.04s CPU      0.33s WALL (      32 calls)

     Parallel routines
     fft_scatter  :      2.19s CPU      3.21s WALL (     689 calls)

     Plugins

     GIPAW        :     60.65s CPU     72.80s WALL (       1 calls)
