
     Program QE v.6.0 (svn rev. 13079) starts on  8Jan2017 at  1:39:59 

     This program is part of the open-source Quantum ESPRESSO suite
     for quantum simulation of materials; please cite
         "P. Giannozzi et al., J. Phys.:Condens. Matter 21 395502 (2009);
          URL http://www.quantum-espresso.org", 
     in publications or presentations arising from this work. More details at
     http://www.quantum-espresso.org/quote

     Parallel version (MPI), running on     8 processors
     R & G space division:  proc/nbgrp/npool/nimage =       8

     ***** This is GIPAW svn revision unknown      *****

     Parallelizing q-star over 1 images

     Reading data from directory:
     /users/majewski/paradichlorobenzene/pbe/9_constraint/scratch/pbe.ecut100.np8.dt60.pcl2phi-129368.save
     Message from routine read_xml_file:
     file /users/majewski/paradichlorobenzene/pbe/9_constraint/scratch/pbe.ecut100.np8.dt60.pcl2phi-129368.save not guaranteed to be safe for post-processing

   Info: using nr1, nr2, nr3 values from input

   Info: using nr1, nr2, nr3 values from input

     IMPORTANT: XC functional enforced from input :
     Exchange-correlation      =  SLA  PW   PBX  PBC ( 1  4  3  4 0 0)
     Any further DFT definition will be discarded
     Please, verify this is what you really want

               file C.pbe-n-kjpaw_psl.1.0.0.UPF: wavefunction(s)  2S 2P renormalized
               file Cl.pbe-n-kjpaw_psl.1.0.0.UPF: wavefunction(s)  3S 3P renormalized
               file H.pbe-kjpaw_psl.1.0.0.UPF: wavefunction(s)  1S renormalized

     Parallelization info
     --------------------
     sticks:   dense  smooth     PW     G-vecs:    dense   smooth      PW
     Min        3057    1223    332               144436    36536    5170
     Max        3059    1225    333               144437    36537    5171
     Sum       24467    9791   2657              1155489   292295   41363


     Subspace diagonalization in iterative solution of the eigenvalue problem:
     a serial algorithm will be used

     GIPAW projectors -----------------------------------------------
     atom=  C    l=0  rc=    1.2000  rs=    0.8000
     atom=  C    l=0  rc=    1.2000  rs=    0.8000
     atom=  C    l=1  rc=    1.4000  rs=    0.9333
     atom=  C    l=1  rc=    1.4000  rs=    0.9333
     projs nearly linearly dependent: l=1  n1,n2= 1, 2  s=  0.99951561

     atom=  Cl   l=0  rc=    1.6000  rs=    1.0667
     atom=  Cl   l=0  rc=    1.6000  rs=    1.0667
     atom=  Cl   l=1  rc=    1.6000  rs=    1.0667
     atom=  Cl   l=1  rc=    1.6000  rs=    1.0667
     atom=  Cl   l=2  rc=    1.6000  rs=    1.0667
     atom=  Cl   l=2  rc=    1.6000  rs=    1.0667
     projs nearly linearly dependent: l=2  n1,n2= 1, 2  s=  0.99993509

     atom=  H    l=0  rc=    1.0000  rs=    0.6667
     atom=  H    l=0  rc=    1.0000  rs=    0.6667
     projs nearly linearly dependent: l=0  n1,n2= 1, 2  s=  0.99968852
     -----------------------------------------------------------------

     GIPAW integrals: -------------------------------------------
     Atom  i/j   nmr_para   nmr_dia   epr_rmc  epr_para   epr_dia
       C   1 1   0.83E+03  0.17E-01  0.93E+01  0.24E+08  0.24E+03
       C   2 1   0.86E+03 -0.61E-01  0.94E+01  0.25E+08  0.25E+03
       C   2 2   0.90E+03 -0.15E+00  0.97E+01  0.26E+08  0.26E+03
       C   3 3   0.33E+01  0.34E+00  0.18E+01  0.55E+03  0.21E+02
       C   4 3   0.35E+01  0.37E+00  0.20E+01  0.59E+03  0.22E+02
       C   4 4   0.38E+01  0.39E+00  0.22E+01  0.63E+03  0.24E+02
       Cl  1 1   0.14E+04 -0.47E+00  0.84E+01  0.32E+09  0.42E+03
       Cl  2 1   0.21E+04 -0.37E+00  0.12E+02  0.49E+09  0.65E+03
       Cl  2 2   0.33E+04 -0.16E+00  0.21E+02  0.76E+09  0.10E+04
       Cl  3 3   0.21E+02  0.79E-01  0.89E+01  0.23E+05  0.13E+03
       Cl  4 3   0.24E+02  0.67E-01  0.99E+01  0.27E+05  0.15E+03
       Cl  4 4   0.28E+02  0.44E-01  0.11E+02  0.32E+05  0.18E+03
       Cl  5 5   0.77E+00  0.19E+00  0.18E+01  0.12E+03  0.22E+02
       Cl  6 5   0.80E+00  0.19E+00  0.19E+01  0.12E+03  0.23E+02
       Cl  6 6   0.83E+00  0.20E+00  0.19E+01  0.12E+03  0.23E+02
       H   1 1   0.39E+02  0.19E+00  0.29E+00  0.78E+05  0.13E+02
       H   2 1   0.41E+02  0.21E+00  0.32E+00  0.82E+05  0.14E+02
       H   2 2   0.43E+02  0.22E+00  0.36E+00  0.86E+05  0.15E+02
     ------------------------------------------------------------

     alpha_pv=     34.3586 eV

     Number of occupied bands for each k-point:
     k-point:     1    nbnd_occ=  42
     k-point:     2    nbnd_occ=  42
     k-point:     3    nbnd_occ=  42
     k-point:     4    nbnd_occ=  42
     k-point:     5    nbnd_occ=  42
     k-point:     6    nbnd_occ=  42
     k-point:     7    nbnd_occ=  42
     k-point:     8    nbnd_occ=  42
     k-point:     9    nbnd_occ=  42
     k-point:    10    nbnd_occ=  42
     k-point:    11    nbnd_occ=  42
     k-point:    12    nbnd_occ=  42
     k-point:    13    nbnd_occ=  42
     k-point:    14    nbnd_occ=  42
     k-point:    15    nbnd_occ=  42
     k-point:    16    nbnd_occ=  42


     q-space interpolation up to   110.00 Rydberg

     GIPAW job: efg                                                                             


     ELECTRIC FIELD GRADIENTS TENSORS IN Hartree/bohrradius^2:

     ----- bare term -----
     Cl   1       -0.091924        0.223075        0.031580
     Cl   1        0.223075       -0.109563        0.101182
     Cl   1        0.031580        0.101182        0.201487

     C    2        0.091252       -0.120260       -0.280327
     C    2       -0.120260       -0.056709       -0.514954
     C    2       -0.280327       -0.514954       -0.034544

     C    3       -0.299034        0.206021        0.109961
     C    3        0.206021       -0.040369        0.017962
     C    3        0.109961        0.017962        0.339403

     H    4       -0.146812       -0.445891       -0.016039
     H    4       -0.445891       -0.206067        0.172573
     H    4       -0.016039        0.172573        0.352879

     C    5       -0.170638       -0.338353       -0.364959
     C    5       -0.338353       -0.014031       -0.553489
     C    5       -0.364959       -0.553489        0.184669

     H    6        0.367431        0.186483       -0.056856
     H    6        0.186483       -0.712023       -0.227619
     H    6       -0.056856       -0.227619        0.344592

     H    7       -0.006702        0.027273        0.354893
     H    7        0.027273        0.049940        0.406689
     H    7        0.354893        0.406689       -0.043238

     C    8       -0.339211       -0.104848       -0.327660
     C    8       -0.104848        0.294104       -0.006192
     C    8       -0.327660       -0.006192        0.045107

     H    9        0.176126        0.065836       -0.183040
     H    9        0.065836        0.386696       -0.143637
     H    9       -0.183040       -0.143637       -0.562822

     C   10        0.130762       -0.243764        0.083256
     C   10       -0.243764       -0.158193        0.111853
     C   10        0.083256        0.111853        0.027431

     C   11       -0.256352       -0.268963       -0.340659
     C   11       -0.268963       -0.001976        0.277953
     C   11       -0.340659        0.277953        0.258327

     Cl  12       -0.068310       -0.018833       -0.057232
     Cl  12       -0.018833       -0.054621        0.022674
     Cl  12       -0.057232        0.022674        0.122931

     H   13        0.396555       -0.018630       -0.124071
     H   13       -0.018630       -0.557560       -0.518807
     H   13       -0.124071       -0.518807        0.161005

     C   14       -0.699194        0.310525       -0.320946
     C   14        0.310525        0.297177       -0.157229
     C   14       -0.320946       -0.157229        0.402017

     H   15       -0.398495       -0.475506        0.117676
     H   15       -0.475506        0.172203        0.132316
     H   15        0.117676        0.132316        0.226292

     C   16        0.021691       -0.027879       -0.425926
     C   16       -0.027879       -0.394914       -0.472867
     C   16       -0.425926       -0.472867        0.373224

     C   17       -0.265953        0.364463       -0.332010
     C   17        0.364463       -0.162819       -0.262315
     C   17       -0.332010       -0.262315        0.428772

     Cl  18       -0.048149       -0.005395        0.067736
     Cl  18       -0.005395        0.065006       -0.039087
     Cl  18        0.067736       -0.039087       -0.016857

     H   19        0.185222       -0.278201        0.179980
     H   19       -0.278201       -0.341161        0.527120
     H   19        0.179980        0.527120        0.155939

     C   20       -0.144854        0.185276       -0.433021
     C   20        0.185276       -0.058718        0.437454
     C   20       -0.433021        0.437454        0.203572

     H   21        0.119421        0.078762       -0.233971
     H   21        0.078762        0.486753        0.154294
     H   21       -0.233971        0.154294       -0.606174

     C   22       -0.603284       -0.349422       -0.417875
     C   22       -0.349422        0.136914       -0.009528
     C   22       -0.417875       -0.009528        0.466370

     C   23        0.072546       -0.483645        0.051321
     C   23       -0.483645       -0.333409        0.425348
     C   23        0.051321        0.425348        0.260863

     Cl  24        0.025450       -0.055050       -0.130013
     Cl  24       -0.055050        0.051442        0.156277
     Cl  24       -0.130013        0.156277       -0.076892

     ----- ionic term -----
     Cl   1        0.154430       -0.173106        0.004889
     Cl   1       -0.173106       -0.005019        0.004574
     Cl   1        0.004889        0.004574       -0.149411

     C    2        0.274529       -0.030859        0.156664
     C    2       -0.030859        0.156645        0.392665
     C    2        0.156664        0.392665       -0.431174

     C    3        0.276768       -0.114338        0.068052
     C    3       -0.114338        0.127663        0.394733
     C    3        0.068052        0.394733       -0.404432

     H    4        0.721583        0.437835        0.502085
     H    4        0.437835       -0.358263        0.238092
     H    4        0.502085        0.238092       -0.363320

     C    5        0.444511       -0.031217        0.104333
     C    5       -0.031217       -0.024926        0.339936
     C    5        0.104333        0.339936       -0.419585

     H    6       -0.495929        0.094723        0.044644
     H    6        0.094723        0.609353        0.728840
     H    6        0.044644        0.728840       -0.113424

     H    7       -0.530325        0.064467       -0.001855
     H    7        0.064467        0.721364       -0.672107
     H    7       -0.001855       -0.672107       -0.191040

     C    8        0.181836        0.311550        0.341396
     C    8        0.311550       -0.012451       -0.218577
     C    8        0.341396       -0.218577       -0.169385

     H    9        0.242745       -0.193401        0.774318
     H    9       -0.193401       -0.452877       -0.267467
     H    9        0.774318       -0.267467        0.210132

     C   10        0.108668        0.357062        0.232277
     C   10        0.357062        0.061849       -0.323968
     C   10        0.232277       -0.323968       -0.170517

     C   11        0.129702        0.303244        0.315868
     C   11        0.303244       -0.040337       -0.346198
     C   11        0.315868       -0.346198       -0.089365

     Cl  12        0.203148        0.231223        0.047698
     Cl  12        0.231223       -0.062574        0.019131
     Cl  12        0.047698        0.019131       -0.140574

     H   13       -0.497442       -0.092440       -0.038852
     H   13       -0.092440        0.879008        0.543402
     H   13       -0.038852        0.543402       -0.381566

     C   14        0.415188       -0.116292        0.069679
     C   14       -0.116292        0.066236        0.305798
     C   14        0.069679        0.305798       -0.481424

     H   15        0.599111        0.644090        0.337182
     H   15        0.644090       -0.169110        0.263552
     H   15        0.337182        0.263552       -0.430001

     C   16        0.236555       -0.114305        0.006678
     C   16       -0.114305        0.189914        0.416998
     C   16        0.006678        0.416998       -0.426470

     C   17        0.306533       -0.087936        0.066326
     C   17       -0.087936        0.128764        0.431420
     C   17        0.066326        0.431420       -0.435297

     Cl  18        0.162059       -0.231035       -0.058783
     Cl  18       -0.231035       -0.020885        0.026839
     Cl  18       -0.058783        0.026839       -0.141174

     H   19       -0.522891        0.108219       -0.049326
     H   19        0.108219        0.591356       -0.729242
     H   19       -0.049326       -0.729242       -0.068464

     C   20        0.144818        0.312071        0.340291
     C   20        0.312071       -0.026072       -0.247377
     C   20        0.340291       -0.247377       -0.118746

     H   21        0.184348       -0.039713        0.777313
     H   21       -0.039713       -0.531883       -0.138294
     H   21        0.777313       -0.138294        0.347535

     C   22        0.096195        0.424841        0.220065
     C   22        0.424841        0.046668       -0.278307
     C   22        0.220065       -0.278307       -0.142863

     C   23        0.126657        0.351308        0.331713
     C   23        0.351308       -0.016891       -0.279271
     C   23        0.331713       -0.279271       -0.109766

     Cl  24        0.142515        0.225250        0.069374
     Cl  24        0.225250       -0.000530        0.045448
     Cl  24        0.069374        0.045448       -0.141985

     ----- GIPAW term -----
     Cl   1       -0.824835        0.303368       -0.474479
     Cl   1        0.303368        1.492053       -1.520068
     Cl   1       -0.474479       -1.520068       -0.667218

     C    2       -0.022483       -0.039982       -0.033835
     C    2       -0.039982        0.094981       -0.098037
     C    2       -0.033835       -0.098037       -0.072499

     C    3       -0.038554       -0.024703        0.032451
     C    3       -0.024703        0.042724       -0.009483
     C    3        0.032451       -0.009483       -0.004170

     H    4       -0.000000        0.000000        0.000000
     H    4        0.000000        0.000000        0.000000
     H    4        0.000000        0.000000        0.000000

     C    5       -0.009651       -0.205356        0.034048
     C    5       -0.205356        0.071900       -0.193717
     C    5        0.034048       -0.193717       -0.062249

     H    6       -0.000000        0.000000        0.000000
     H    6        0.000000        0.000000        0.000000
     H    6        0.000000        0.000000        0.000000

     H    7       -0.000000        0.000000        0.000000
     H    7        0.000000        0.000000        0.000000
     H    7        0.000000        0.000000        0.000000

     C    8        0.017474       -0.066890       -0.036533
     C    8       -0.066890        0.034556       -0.006858
     C    8       -0.036533       -0.006858       -0.052030

     H    9       -0.000000        0.000000        0.000000
     H    9        0.000000        0.000000        0.000000
     H    9        0.000000        0.000000        0.000000

     C   10        0.018344       -0.032601       -0.012506
     C   10       -0.032601       -0.011049        0.015661
     C   10       -0.012506        0.015661       -0.007295

     C   11       -0.071430       -0.038817       -0.085693
     C   11       -0.038817        0.063175        0.153672
     C   11       -0.085693        0.153672        0.008255

     Cl  12       -0.639561        1.558325       -0.154963
     Cl  12        1.558325       -1.060835        1.340654
     Cl  12       -0.154963        1.340654        1.700396

     H   13       -0.000000        0.000000        0.000000
     H   13        0.000000        0.000000        0.000000
     H   13        0.000000        0.000000        0.000000

     C   14       -0.155081       -0.083263       -0.048136
     C   14       -0.083263        0.214418        0.038008
     C   14       -0.048136        0.038008       -0.059337

     H   15       -0.000000        0.000000        0.000000
     H   15        0.000000        0.000000        0.000000
     H   15        0.000000        0.000000        0.000000

     C   16        0.043503       -0.063915       -0.249354
     C   16       -0.063915       -0.149737       -0.021839
     C   16       -0.249354       -0.021839        0.106234

     C   17        0.135072       -0.118485       -0.177296
     C   17       -0.118485       -0.096333        0.030509
     C   17       -0.177296        0.030509       -0.038739

     Cl  18        0.262722       -1.129538       -1.706059
     Cl  18       -1.129538       -1.169453       -0.726409
     Cl  18       -1.706059       -0.726409        0.906731

     H   19       -0.000000        0.000000        0.000000
     H   19        0.000000        0.000000        0.000000
     H   19        0.000000        0.000000        0.000000

     C   20       -0.022809        0.177770       -0.118427
     C   20        0.177770        0.075399        0.001983
     C   20       -0.118427        0.001983       -0.052590

     H   21       -0.000000        0.000000        0.000000
     H   21        0.000000        0.000000        0.000000
     H   21        0.000000        0.000000        0.000000

     C   22       -0.166642        0.056018       -0.165157
     C   22        0.056018        0.060610       -0.182519
     C   22       -0.165157       -0.182519        0.106032

     C   23        0.076277       -0.154332        0.133013
     C   23       -0.154332        0.009151       -0.088302
     C   23        0.133013       -0.088302       -0.085428

     Cl  24       -0.181839        0.322247        1.008186
     Cl  24        0.322247       -0.456351       -1.220401
     Cl  24        1.008186       -1.220401        0.638191

     ----- total EFG -----
     Cl   1       -0.762329        0.353337       -0.438010
     Cl   1        0.353337        1.377471       -1.414312
     Cl   1       -0.438010       -1.414312       -0.615142

     C    2        0.343298       -0.191101       -0.157498
     C    2       -0.191101        0.194918       -0.220327
     C    2       -0.157498       -0.220327       -0.538216

     C    3       -0.060819        0.066979        0.210464
     C    3        0.066979        0.130018        0.403212
     C    3        0.210464        0.403212       -0.069199

     H    4        0.574770       -0.008056        0.486046
     H    4       -0.008056       -0.564329        0.410666
     H    4        0.486046        0.410666       -0.010441

     C    5        0.264223       -0.574926       -0.226579
     C    5       -0.574926        0.032942       -0.407270
     C    5       -0.226579       -0.407270       -0.297165

     H    6       -0.128498        0.281206       -0.012212
     H    6        0.281206       -0.102670        0.501221
     H    6       -0.012212        0.501221        0.231168

     H    7       -0.537026        0.091740        0.353038
     H    7        0.091740        0.771304       -0.265418
     H    7        0.353038       -0.265418       -0.234278

     C    8       -0.139901        0.139812       -0.022796
     C    8        0.139812        0.316210       -0.231626
     C    8       -0.022796       -0.231626       -0.176309

     H    9        0.418871       -0.127565        0.591279
     H    9       -0.127565       -0.066182       -0.411103
     H    9        0.591279       -0.411103       -0.352690

     C   10        0.257774        0.080698        0.303027
     C   10        0.080698       -0.107393       -0.196454
     C   10        0.303027       -0.196454       -0.150382

     C   11       -0.198080       -0.004536       -0.110484
     C   11       -0.004536        0.020863        0.085427
     C   11       -0.110484        0.085427        0.177217

     Cl  12       -0.504722        1.770715       -0.164497
     Cl  12        1.770715       -1.178030        1.382459
     Cl  12       -0.164497        1.382459        1.682752

     H   13       -0.100886       -0.111070       -0.162923
     H   13       -0.111070        0.321448        0.024595
     H   13       -0.162923        0.024595       -0.220562

     C   14       -0.439087        0.110970       -0.299403
     C   14        0.110970        0.577831        0.186577
     C   14       -0.299403        0.186577       -0.138744

     H   15        0.200616        0.168584        0.454859
     H   15        0.168584        0.003093        0.395868
     H   15        0.454859        0.395868       -0.203709

     C   16        0.301749       -0.206099       -0.668602
     C   16       -0.206099       -0.354737       -0.077709
     C   16       -0.668602       -0.077709        0.052988

     C   17        0.175652        0.158042       -0.442980
     C   17        0.158042       -0.130388        0.199614
     C   17       -0.442980        0.199614       -0.045264

     Cl  18        0.376632       -1.365968       -1.697105
     Cl  18       -1.365968       -1.125332       -0.738657
     Cl  18       -1.697105       -0.738657        0.748700

     H   19       -0.337669       -0.169982        0.130654
     H   19       -0.169982        0.250195       -0.202122
     H   19        0.130654       -0.202122        0.087474

     C   20       -0.022844        0.675117       -0.211157
     C   20        0.675117       -0.009391        0.192060
     C   20       -0.211157        0.192060        0.032235

     H   21        0.303769        0.039049        0.543342
     H   21        0.039049       -0.045130        0.015999
     H   21        0.543342        0.015999       -0.258639

     C   22       -0.673731        0.131437       -0.362968
     C   22        0.131437        0.244192       -0.470354
     C   22       -0.362968       -0.470354        0.429539

     C   23        0.275480       -0.286670        0.516047
     C   23       -0.286670       -0.341149        0.057775
     C   23        0.516047        0.057775        0.065669

     Cl  24       -0.013874        0.492448        0.947546
     Cl  24        0.492448       -0.405439       -1.018676
     Cl  24        0.947546       -1.018676        0.419313

     ----- total EFG (symmetrized) -----
     Cl   1       -0.762329        0.353337       -0.438010
     Cl   1        0.353337        1.377471       -1.414312
     Cl   1       -0.438010       -1.414312       -0.615142

     C    2        0.343298       -0.191101       -0.157498
     C    2       -0.191101        0.194918       -0.220327
     C    2       -0.157498       -0.220327       -0.538216

     C    3       -0.060819        0.066979        0.210464
     C    3        0.066979        0.130018        0.403212
     C    3        0.210464        0.403212       -0.069199

     H    4        0.574770       -0.008056        0.486046
     H    4       -0.008056       -0.564329        0.410666
     H    4        0.486046        0.410666       -0.010441

     C    5        0.264223       -0.574926       -0.226579
     C    5       -0.574926        0.032942       -0.407270
     C    5       -0.226579       -0.407270       -0.297165

     H    6       -0.128498        0.281206       -0.012212
     H    6        0.281206       -0.102670        0.501221
     H    6       -0.012212        0.501221        0.231168

     H    7       -0.537026        0.091740        0.353038
     H    7        0.091740        0.771304       -0.265418
     H    7        0.353038       -0.265418       -0.234278

     C    8       -0.139901        0.139812       -0.022796
     C    8        0.139812        0.316210       -0.231626
     C    8       -0.022796       -0.231626       -0.176309

     H    9        0.418871       -0.127565        0.591279
     H    9       -0.127565       -0.066182       -0.411103
     H    9        0.591279       -0.411103       -0.352690

     C   10        0.257774        0.080698        0.303027
     C   10        0.080698       -0.107393       -0.196454
     C   10        0.303027       -0.196454       -0.150382

     C   11       -0.198080       -0.004536       -0.110484
     C   11       -0.004536        0.020863        0.085427
     C   11       -0.110484        0.085427        0.177217

     Cl  12       -0.504722        1.770715       -0.164497
     Cl  12        1.770715       -1.178030        1.382459
     Cl  12       -0.164497        1.382459        1.682752

     H   13       -0.100886       -0.111070       -0.162923
     H   13       -0.111070        0.321448        0.024595
     H   13       -0.162923        0.024595       -0.220562

     C   14       -0.439087        0.110970       -0.299403
     C   14        0.110970        0.577831        0.186577
     C   14       -0.299403        0.186577       -0.138744

     H   15        0.200616        0.168584        0.454859
     H   15        0.168584        0.003093        0.395868
     H   15        0.454859        0.395868       -0.203709

     C   16        0.301749       -0.206099       -0.668602
     C   16       -0.206099       -0.354737       -0.077709
     C   16       -0.668602       -0.077709        0.052988

     C   17        0.175652        0.158042       -0.442980
     C   17        0.158042       -0.130388        0.199614
     C   17       -0.442980        0.199614       -0.045264

     Cl  18        0.376632       -1.365968       -1.697105
     Cl  18       -1.365968       -1.125332       -0.738657
     Cl  18       -1.697105       -0.738657        0.748700

     H   19       -0.337669       -0.169982        0.130654
     H   19       -0.169982        0.250195       -0.202122
     H   19        0.130654       -0.202122        0.087474

     C   20       -0.022844        0.675117       -0.211157
     C   20        0.675117       -0.009391        0.192060
     C   20       -0.211157        0.192060        0.032235

     H   21        0.303769        0.039049        0.543342
     H   21        0.039049       -0.045130        0.015999
     H   21        0.543342        0.015999       -0.258639

     C   22       -0.673731        0.131437       -0.362968
     C   22        0.131437        0.244192       -0.470354
     C   22       -0.362968       -0.470354        0.429539

     C   23        0.275480       -0.286670        0.516047
     C   23       -0.286670       -0.341149        0.057775
     C   23        0.516047        0.057775        0.065669

     Cl  24       -0.013874        0.492448        0.947546
     Cl  24        0.492448       -0.405439       -1.018676
     Cl  24        0.947546       -1.018676        0.419313


     NQR/NMR SPECTROSCOPIC PARAMETERS:
     Cl   1    Vxx=   -0.7668    axis=(  0.919423 -0.310606 -0.241214)
     Cl   1    Vyy=   -1.4344    axis=(  0.353601  0.384468  0.852731)
     Cl   1    Vzz=    2.2012    axis=(  0.172125  0.869315 -0.463320)
     Cl   1  Q=        -8.1650 1e-30 m^2  Cq=       -42.2293 MHz  eta= 0.30331

     C    2    Vxx=    0.1679    axis=(  0.522071  0.774137 -0.357985)
     C    2    Vyy=    0.4741    axis=(  0.827643 -0.561216 -0.006620)
     C    2    Vzz=   -0.6421    axis=(  0.206032  0.292828  0.933704)
     C    2  Q=         1.0000 1e-30 m^2  Cq=        -1.5086 MHz  eta= 0.47692

     C    3    Vxx=   -0.0749    axis=( -0.882547  0.461898 -0.088099)
     C    3    Vyy=   -0.4315    axis=( -0.349365 -0.518697  0.780319)
     C    3    Vzz=    0.5063    axis=( -0.314731 -0.719447 -0.619145)
     C    3  Q=         1.0000 1e-30 m^2  Cq=         1.1896 MHz  eta= 0.70428

     H    4    Vxx=   -0.0503    axis=(  0.511873 -0.541084 -0.667244)
     H    4    Vyy=   -0.8278    axis=(  0.187659  0.828383 -0.527794)
     H    4    Vzz=    0.8781    axis=( -0.838314 -0.144949 -0.525566)
     H    4  Q=         1.0000 1e-30 m^2  Cq=         2.0632 MHz  eta= 0.88545

     C    5    Vxx=    0.0904    axis=( -0.488056 -0.443744  0.751594)
     C    5    Vyy=    0.7430    axis=( -0.746126  0.658925 -0.095473)
     C    5    Vzz=   -0.8334    axis=( -0.452878 -0.607379 -0.652681)
     C    5  Q=         1.0000 1e-30 m^2  Cq=        -1.9581 MHz  eta= 0.78300

     H    6    Vxx=   -0.0369    axis=(  0.856360  0.259594 -0.446384)
     H    6    Vyy=   -0.5896    axis=( -0.469886  0.750225 -0.465155)
     H    6    Vzz=    0.6265    axis=(  0.214137  0.608090  0.764442)
     H    6  Q=         1.0000 1e-30 m^2  Cq=         1.4719 MHz  eta= 0.88223

     H    7    Vxx=   -0.0350    axis=(  0.587788  0.191830  0.785943)
     H    7    Vyy=   -0.8020    axis=(  0.809009 -0.143338 -0.570052)
     H    7    Vzz=    0.8371    axis=( -0.003302 -0.970904  0.239445)
     H    7  Q=         1.0000 1e-30 m^2  Cq=         1.9668 MHz  eta= 0.91630

     C    8    Vxx=   -0.1645    axis=(  0.934933 -0.109266  0.337581)
     C    8    Vyy=   -0.2766    axis=( -0.268315  0.404839  0.874135)
     C    8    Vzz=    0.4411    axis=( -0.232179 -0.907836  0.349180)
     C    8  Q=         1.0000 1e-30 m^2  Cq=         1.0363 MHz  eta= 0.25419

     H    9    Vxx=   -0.0436    axis=(  0.487675  0.850275 -0.198005)
     H    9    Vyy=   -0.8062    axis=( -0.363202  0.403843  0.839640)
     H    9    Vzz=    0.8498    axis=(  0.793887 -0.337555  0.505766)
     H    9  Q=         1.0000 1e-30 m^2  Cq=         1.9967 MHz  eta= 0.89736

     C   10    Vxx=    0.0244    axis=(  0.289674  0.845647 -0.448296)
     C   10    Vyy=    0.4200    axis=(  0.875686 -0.045097  0.480770)
     C   10    Vzz=   -0.4444    axis=(  0.386345 -0.531833 -0.753585)
     C   10  Q=         1.0000 1e-30 m^2  Cq=        -1.0441 MHz  eta= 0.89021

     C   11    Vxx=   -0.0098    axis=(  0.168548  0.930440 -0.325381)
     C   11    Vyy=   -0.2296    axis=( -0.957981  0.076902 -0.276329)
     C   11    Vzz=    0.2394    axis=( -0.232085  0.358284  0.904306)
     C   11  Q=         1.0000 1e-30 m^2  Cq=         0.5625 MHz  eta= 0.91786

     Cl  12    Vxx=    0.5863    axis=(  0.782565  0.441367 -0.439074)
     Cl  12    Vyy=    2.3626    axis=( -0.229274 -0.451380 -0.862374)
     Cl  12    Vzz=   -2.9489    axis=( -0.578813  0.775533 -0.252040)
     Cl  12  Q=        -8.1650 1e-30 m^2  Cq=        56.5727 MHz  eta= 0.60239

     H   13    Vxx=   -0.0191    axis=( -0.761153 -0.290166  0.580042)
     H   13    Vyy=   -0.3373    axis=(  0.587893  0.069032  0.805988)
     H   13    Vzz=    0.3564    axis=(  0.273912 -0.954483 -0.118043)
     H   13  Q=         1.0000 1e-30 m^2  Cq=         0.8373 MHz  eta= 0.89296

     C   14    Vxx=    0.0294    axis=( -0.558518 -0.163623  0.813195)
     C   14    Vyy=    0.6249    axis=(  0.038919  0.974103  0.222730)
     C   14    Vzz=   -0.6543    axis=( -0.828579  0.156048 -0.537685)
     C   14  Q=         1.0000 1e-30 m^2  Cq=        -1.5373 MHz  eta= 0.91028

     H   15    Vxx=   -0.0804    axis=(  0.635522 -0.764293 -0.109397)
     H   15    Vyy=   -0.6140    axis=(  0.371800  0.427131 -0.824211)
     H   15    Vzz=    0.6945    axis=(  0.676665  0.483130  0.555616)
     H   15  Q=         1.0000 1e-30 m^2  Cq=         1.6317 MHz  eta= 0.76838

     C   16    Vxx=   -0.2308    axis=(  0.304119 -0.814895  0.493414)
     C   16    Vyy=   -0.6366    axis=( -0.555473 -0.572473 -0.603096)
     C   16    Vzz=    0.8674    axis=( -0.773926  0.090665  0.626752)
     C   16  Q=         1.0000 1e-30 m^2  Cq=         2.0379 MHz  eta= 0.46788

     C   17    Vxx=    0.0252    axis=(  0.318830  0.853250  0.412690)
     C   17    Vyy=    0.5217    axis=(  0.788501  0.002834 -0.615027)
     C   17    Vzz=   -0.5470    axis=( -0.525941  0.521495 -0.671885)
     C   17  Q=         1.0000 1e-30 m^2  Cq=        -1.2851 MHz  eta= 0.90781

     Cl  18    Vxx=    0.3415    axis=( -0.439158  0.695407 -0.568814)
     Cl  18    Vyy=    2.3169    axis=( -0.702660  0.128666  0.699795)
     Cl  18    Vzz=   -2.6584    axis=(  0.559829  0.707004  0.432130)
     Cl  18  Q=        -8.1650 1e-30 m^2  Cq=        51.0006 MHz  eta= 0.74309

     H   19    Vxx=   -0.0486    axis=(  0.033273  0.572895  0.818953)
     H   19    Vyy=   -0.3966    axis=(  0.964014  0.197851 -0.177572)
     H   19    Vzz=    0.4452    axis=( -0.263761  0.795391 -0.545695)
     H   19  Q=         1.0000 1e-30 m^2  Cq=         1.0461 MHz  eta= 0.78164

     C   20    Vxx=    0.1309    axis=( -0.217625  0.245876  0.944555)
     C   20    Vyy=    0.6593    axis=( -0.706606 -0.707286  0.021312)
     C   20    Vzz=   -0.7902    axis=(  0.673311 -0.662791  0.327661)
     C   20  Q=         1.0000 1e-30 m^2  Cq=        -1.8566 MHz  eta= 0.66873

     H   21    Vxx=   -0.0476    axis=(  0.045757 -0.998063  0.042140)
     H   21    Vyy=   -0.5893    axis=(  0.520107 -0.012213 -0.854014)
     H   21    Vzz=    0.6369    axis=(  0.852874  0.060995  0.518541)
     H   21  Q=         1.0000 1e-30 m^2  Cq=         1.4965 MHz  eta= 0.85054

     C   22    Vxx=   -0.1186    axis=( -0.181602  0.802512  0.568326)
     C   22    Vyy=   -0.7825    axis=( -0.956768 -0.010671 -0.290656)
     C   22    Vzz=    0.9012    axis=( -0.227190 -0.596540  0.769756)
     C   22  Q=         1.0000 1e-30 m^2  Cq=         2.1174 MHz  eta= 0.73668

     C   23    Vxx=   -0.1426    axis=(  0.338880 -0.678711 -0.651546)
     C   23    Vyy=   -0.5882    axis=(  0.518780  0.712529 -0.472409)
     C   23    Vzz=    0.7307    axis=( -0.784874  0.177919 -0.593563)
     C   23  Q=         1.0000 1e-30 m^2  Cq=         1.7169 MHz  eta= 0.60983

     Cl  24    Vxx=    0.2972    axis=(  0.734365  0.670226 -0.107263)
     Cl  24    Vyy=    1.3621    axis=( -0.442013  0.352291 -0.824934)
     Cl  24    Vzz=   -1.6592    axis=( -0.515104  0.653214  0.554959)
     Cl  24  Q=        -8.1650 1e-30 m^2  Cq=        31.8312 MHz  eta= 0.64180

     Initialization:
     gipaw_setup  :      9.06s CPU     10.96s WALL (       1 calls)

     Linear response

     Apply operators

     Induced current

     Other routines
     efg          :      9.14s CPU     11.90s WALL (       1 calls)

     General routines
     calbec       :      3.28s CPU      4.57s WALL (      16 calls)
     fft          :      1.58s CPU      2.46s WALL (      15 calls)
     ffts         :      0.05s CPU      0.06s WALL (       2 calls)
     fftw         :      3.20s CPU      3.93s WALL (     672 calls)
     davcio       :      0.02s CPU      0.35s WALL (      32 calls)

     Parallel routines
     fft_scatter  :      2.24s CPU      3.59s WALL (     689 calls)

     Plugins

     GIPAW        :     60.86s CPU     75.52s WALL (       1 calls)
