
     Program QE v.6.0 (svn rev. 13079) starts on 28Dec2016 at 23:56:23 

     This program is part of the open-source Quantum ESPRESSO suite
     for quantum simulation of materials; please cite
         "P. Giannozzi et al., J. Phys.:Condens. Matter 21 395502 (2009);
          URL http://www.quantum-espresso.org", 
     in publications or presentations arising from this work. More details at
     http://www.quantum-espresso.org/quote

     Parallel version (MPI), running on     8 processors
     R & G space division:  proc/nbgrp/npool/nimage =       8

     ***** This is GIPAW svn revision unknown      *****

     Parallelizing q-star over 1 images

     Reading data from directory:
     /users/majewski/paradichlorobenzene/pbe/9_constraint/scratch/pbe.ecut100.np8.dt60.pcl2phi-129368.save
     Message from routine read_xml_file:
     file /users/majewski/paradichlorobenzene/pbe/9_constraint/scratch/pbe.ecut100.np8.dt60.pcl2phi-129368.save not guaranteed to be safe for post-processing

   Info: using nr1, nr2, nr3 values from input

   Info: using nr1, nr2, nr3 values from input

     IMPORTANT: XC functional enforced from input :
     Exchange-correlation      =  SLA  PW   PBX  PBC ( 1  4  3  4 0 0)
     Any further DFT definition will be discarded
     Please, verify this is what you really want

               file C.pbe-n-kjpaw_psl.1.0.0.UPF: wavefunction(s)  2S 2P renormalized
               file Cl.pbe-n-kjpaw_psl.1.0.0.UPF: wavefunction(s)  3S 3P renormalized
               file H.pbe-kjpaw_psl.1.0.0.UPF: wavefunction(s)  1S renormalized

     Parallelization info
     --------------------
     sticks:   dense  smooth     PW     G-vecs:    dense   smooth      PW
     Min        3057    1223    332               144436    36536    5170
     Max        3059    1225    333               144437    36537    5171
     Sum       24467    9791   2657              1155489   292295   41363


     Subspace diagonalization in iterative solution of the eigenvalue problem:
     a serial algorithm will be used

     GIPAW projectors -----------------------------------------------
     atom=  C    l=0  rc=    1.2000  rs=    0.8000
     atom=  C    l=0  rc=    1.2000  rs=    0.8000
     atom=  C    l=1  rc=    1.4000  rs=    0.9333
     atom=  C    l=1  rc=    1.4000  rs=    0.9333
     projs nearly linearly dependent: l=1  n1,n2= 1, 2  s=  0.99951561

     atom=  Cl   l=0  rc=    1.6000  rs=    1.0667
     atom=  Cl   l=0  rc=    1.6000  rs=    1.0667
     atom=  Cl   l=1  rc=    1.6000  rs=    1.0667
     atom=  Cl   l=1  rc=    1.6000  rs=    1.0667
     atom=  Cl   l=2  rc=    1.6000  rs=    1.0667
     atom=  Cl   l=2  rc=    1.6000  rs=    1.0667
     projs nearly linearly dependent: l=2  n1,n2= 1, 2  s=  0.99993509

     atom=  H    l=0  rc=    1.0000  rs=    0.6667
     atom=  H    l=0  rc=    1.0000  rs=    0.6667
     projs nearly linearly dependent: l=0  n1,n2= 1, 2  s=  0.99968852
     -----------------------------------------------------------------

     GIPAW integrals: -------------------------------------------
     Atom  i/j   nmr_para   nmr_dia   epr_rmc  epr_para   epr_dia
       C   1 1   0.83E+03  0.17E-01  0.93E+01  0.24E+08  0.24E+03
       C   2 1   0.86E+03 -0.61E-01  0.94E+01  0.25E+08  0.25E+03
       C   2 2   0.90E+03 -0.15E+00  0.97E+01  0.26E+08  0.26E+03
       C   3 3   0.33E+01  0.34E+00  0.18E+01  0.55E+03  0.21E+02
       C   4 3   0.35E+01  0.37E+00  0.20E+01  0.59E+03  0.22E+02
       C   4 4   0.38E+01  0.39E+00  0.22E+01  0.63E+03  0.24E+02
       Cl  1 1   0.14E+04 -0.47E+00  0.84E+01  0.32E+09  0.42E+03
       Cl  2 1   0.21E+04 -0.37E+00  0.12E+02  0.49E+09  0.65E+03
       Cl  2 2   0.33E+04 -0.16E+00  0.21E+02  0.76E+09  0.10E+04
       Cl  3 3   0.21E+02  0.79E-01  0.89E+01  0.23E+05  0.13E+03
       Cl  4 3   0.24E+02  0.67E-01  0.99E+01  0.27E+05  0.15E+03
       Cl  4 4   0.28E+02  0.44E-01  0.11E+02  0.32E+05  0.18E+03
       Cl  5 5   0.77E+00  0.19E+00  0.18E+01  0.12E+03  0.22E+02
       Cl  6 5   0.80E+00  0.19E+00  0.19E+01  0.12E+03  0.23E+02
       Cl  6 6   0.83E+00  0.20E+00  0.19E+01  0.12E+03  0.23E+02
       H   1 1   0.39E+02  0.19E+00  0.29E+00  0.78E+05  0.13E+02
       H   2 1   0.41E+02  0.21E+00  0.32E+00  0.82E+05  0.14E+02
       H   2 2   0.43E+02  0.22E+00  0.36E+00  0.86E+05  0.15E+02
     ------------------------------------------------------------

     alpha_pv=     33.6691 eV

     Number of occupied bands for each k-point:
     k-point:     1    nbnd_occ=  42
     k-point:     2    nbnd_occ=  42
     k-point:     3    nbnd_occ=  42
     k-point:     4    nbnd_occ=  42
     k-point:     5    nbnd_occ=  42
     k-point:     6    nbnd_occ=  42
     k-point:     7    nbnd_occ=  42
     k-point:     8    nbnd_occ=  42
     k-point:     9    nbnd_occ=  42
     k-point:    10    nbnd_occ=  42
     k-point:    11    nbnd_occ=  42
     k-point:    12    nbnd_occ=  42
     k-point:    13    nbnd_occ=  42
     k-point:    14    nbnd_occ=  42
     k-point:    15    nbnd_occ=  42
     k-point:    16    nbnd_occ=  42


     q-space interpolation up to   110.00 Rydberg

     GIPAW job: efg                                                                             


     ELECTRIC FIELD GRADIENTS TENSORS IN Hartree/bohrradius^2:

     ----- bare term -----
     Cl   1        0.013560        0.151342        0.008379
     Cl   1        0.151342        0.079912        0.028555
     Cl   1        0.008379        0.028555       -0.093472

     C    2       -0.158834        0.204229       -0.315748
     C    2        0.204229       -0.109579       -0.620035
     C    2       -0.315748       -0.620035        0.268413

     C    3       -0.172617        0.231812       -0.380283
     C    3        0.231812       -0.150583       -0.461360
     C    3       -0.380283       -0.461360        0.323200

     H    4       -0.680770       -0.315767       -0.080412
     H    4       -0.315767        0.383274       -0.099847
     H    4       -0.080412       -0.099847        0.297496

     C    5       -0.115414        0.352090       -0.226170
     C    5        0.352090       -0.187117       -0.391781
     C    5       -0.226170       -0.391781        0.302531

     H    6        0.453599       -0.230960        0.023323
     H    6       -0.230960       -0.764860       -0.011161
     H    6        0.023323       -0.011161        0.311260

     H    7        0.331385       -0.092973       -0.315433
     H    7       -0.092973       -0.269231        0.406608
     H    7       -0.315433        0.406608       -0.062154

     C    8       -0.422925       -0.341536       -0.340090
     C    8       -0.341536        0.005184        0.065059
     C    8       -0.340090        0.065059        0.417741

     H    9       -0.549572       -0.255671       -0.204410
     H    9       -0.255671        0.167178        0.224229
     H    9       -0.204410        0.224229        0.382394

     C   10        0.074795        0.267456       -0.403749
     C   10        0.267456       -0.264920        0.539477
     C   10       -0.403749        0.539477        0.190125

     C   11       -0.541482       -0.331492       -0.385485
     C   11       -0.331492        0.025076        0.113816
     C   11       -0.385485        0.113816        0.516406

     Cl  12        0.014184        0.108604       -0.077025
     Cl  12        0.108604       -0.015367       -0.045226
     Cl  12       -0.077025       -0.045226        0.001183

     H   13        0.454526       -0.030592        0.001603
     H   13       -0.030592       -0.184412       -0.474968
     H   13        0.001603       -0.474968       -0.270114

     C   14       -0.379373        0.268708       -0.404162
     C   14        0.268708       -0.001197       -0.432808
     C   14       -0.404162       -0.432808        0.380570

     H   15       -0.188357       -0.114677       -0.538330
     H   15       -0.114677        0.346118       -0.019861
     H   15       -0.538330       -0.019861       -0.157761

     C   16       -0.106892        0.278204       -0.228458
     C   16        0.278204       -0.125894       -0.647746
     C   16       -0.228458       -0.647746        0.232786

     C   17       -0.161277        0.194723       -0.556746
     C   17        0.194723        0.031834       -0.430112
     C   17       -0.556746       -0.430112        0.129443

     Cl  18       -0.048020        0.152957       -0.020279
     Cl  18        0.152957        0.017982       -0.004973
     Cl  18       -0.020279       -0.004973        0.030038

     H   19        0.284665       -0.274142        0.070504
     H   19       -0.274142       -0.562489        0.431938
     H   19        0.070504        0.431938        0.277824

     C   20       -0.120355        0.230808       -0.433233
     C   20        0.230808       -0.063142        0.409148
     C   20       -0.433233        0.409148        0.183497

     H   21       -0.325688        0.337222       -0.411683
     H   21        0.337222        0.046057        0.139856
     H   21       -0.411683        0.139856        0.279631

     C   22       -0.352934       -0.353439       -0.322726
     C   22       -0.353439       -0.051868        0.141695
     C   22       -0.322726        0.141695        0.404802

     C   23        0.061803        0.350344       -0.539161
     C   23        0.350344       -0.230138        0.539372
     C   23       -0.539161        0.539372        0.168335

     Cl  24       -0.283442       -0.210305        0.032365
     Cl  24       -0.210305        0.147624        0.110053
     Cl  24        0.032365        0.110053        0.135818

     ----- ionic term -----
     Cl   1        0.137317       -0.201091        0.026939
     Cl   1       -0.201091        0.025947       -0.010796
     Cl   1        0.026939       -0.010796       -0.163264

     C    2        0.191769       -0.135069        0.317668
     C    2       -0.135069        0.137859        0.367175
     C    2        0.317668        0.367175       -0.329629

     C    3        0.142001       -0.228541        0.201916
     C    3       -0.228541        0.215812        0.366451
     C    3        0.201916        0.366451       -0.357813

     H    4        0.666413        0.228578        0.639862
     H    4        0.228578       -0.466283        0.207623
     H    4        0.639862        0.207623       -0.200129

     C    5        0.272164       -0.195773        0.246510
     C    5       -0.195773        0.100835        0.287765
     C    5        0.246510        0.287765       -0.373000

     H    6       -0.487912       -0.023675        0.006681
     H    6       -0.023675        0.703960        0.656607
     H    6        0.006681        0.656607       -0.216048

     H    7       -0.518486       -0.001850        0.012841
     H    7       -0.001850        0.324912       -0.804769
     H    7        0.012841       -0.804769        0.193574

     C    8        0.273589        0.242832        0.220148
     C    8        0.242832       -0.001487       -0.316868
     C    8        0.220148       -0.316868       -0.272102

     H    9        0.659351       -0.208316        0.643466
     H    9       -0.208316       -0.468422       -0.190478
     H    9        0.643466       -0.190478       -0.190928

     C   10        0.149446        0.273570        0.177700
     C   10        0.273570        0.164200       -0.410378
     C   10        0.177700       -0.410378       -0.313646

     C   11        0.194976        0.116196        0.245011
     C   11        0.116196        0.110356       -0.434232
     C   11        0.245011       -0.434232       -0.305332

     Cl  12        0.140262        0.215591       -0.002474
     Cl  12        0.215591        0.010027       -0.002436
     Cl  12       -0.002474       -0.002436       -0.150289

     H   13       -0.522410        0.151031        0.083472
     H   13        0.151031        0.651932        0.696614
     H   13        0.083472        0.696614       -0.129522

     C   14        0.221538       -0.120612        0.268110
     C   14       -0.120612        0.074476        0.301729
     C   14        0.268110        0.301729       -0.296014

     H   15        0.568818        0.367797        0.667437
     H   15        0.367797       -0.375362        0.274088
     H   15        0.667437        0.274088       -0.193456

     C   16        0.098143       -0.129761        0.205626
     C   16       -0.129761        0.205024        0.402132
     C   16        0.205626        0.402132       -0.303167

     C   17        0.159694       -0.120722        0.268560
     C   17       -0.120722        0.173496        0.424995
     C   17        0.268560        0.424995       -0.333190

     Cl  18        0.110018       -0.216786       -0.001015
     Cl  18       -0.216786        0.038213        0.015050
     Cl  18       -0.001015        0.015050       -0.148232

     H   19       -0.518831        0.005347        0.006986
     H   19        0.005347        0.756774       -0.659799
     H   19        0.006986       -0.659799       -0.237943

     C   20        0.267644        0.193563        0.220655
     C   20        0.193563        0.128958       -0.291086
     C   20        0.220655       -0.291086       -0.396602

     H   21        0.815064       -0.344416        0.492500
     H   21       -0.344416       -0.402923       -0.196901
     H   21        0.492500       -0.196901       -0.412141

     C   22        0.183392        0.244463        0.145061
     C   22        0.244463        0.200775       -0.366122
     C   22        0.145061       -0.366122       -0.384167

     C   23        0.232390        0.181895        0.200017
     C   23        0.181895        0.076495       -0.403021
     C   23        0.200017       -0.403021       -0.308886

     Cl  24        0.160289        0.189626       -0.020463
     Cl  24        0.189626       -0.029972       -0.023905
     Cl  24       -0.020463       -0.023905       -0.130318

     ----- GIPAW term -----
     Cl   1        1.564937       -0.782060        0.091490
     Cl   1       -0.782060        0.700016        0.250236
     Cl   1        0.091490        0.250236       -2.264952

     C    2        0.029972        0.014637       -0.143189
     C    2        0.014637       -0.009234       -0.190748
     C    2       -0.143189       -0.190748       -0.020738

     C    3       -0.011782        0.121825       -0.209647
     C    3        0.121825       -0.032816       -0.156060
     C    3       -0.209647       -0.156060        0.044597

     H    4       -0.000000        0.000000        0.000000
     H    4        0.000000        0.000000        0.000000
     H    4        0.000000        0.000000        0.000000

     C    5        0.012485        0.180846       -0.112588
     C    5        0.180846        0.002519       -0.175214
     C    5       -0.112588       -0.175214       -0.015003

     H    6       -0.000000        0.000000        0.000000
     H    6        0.000000        0.000000        0.000000
     H    6        0.000000        0.000000        0.000000

     H    7       -0.000000        0.000000        0.000000
     H    7        0.000000        0.000000        0.000000
     H    7        0.000000        0.000000        0.000000

     C    8        0.060060        0.145115       -0.121777
     C    8        0.145115        0.012088       -0.097343
     C    8       -0.121777       -0.097343       -0.072148

     H    9       -0.000000        0.000000        0.000000
     H    9        0.000000        0.000000        0.000000
     H    9        0.000000        0.000000        0.000000

     C   10        0.018008        0.229029       -0.160077
     C   10        0.229029        0.038008       -0.050486
     C   10       -0.160077       -0.050486       -0.056016

     C   11       -0.031976        0.136247       -0.182730
     C   11        0.136247       -0.010872       -0.124004
     C   11       -0.182730       -0.124004        0.042848

     Cl  12        1.514921        3.124993       -1.308365
     Cl  12        3.124993       -0.216704       -0.846420
     Cl  12       -1.308365       -0.846420       -1.298217

     H   13       -0.000000        0.000000        0.000000
     H   13        0.000000        0.000000        0.000000
     H   13        0.000000        0.000000        0.000000

     C   14       -0.082797        0.096974       -0.153182
     C   14        0.096974       -0.043950       -0.180899
     C   14       -0.153182       -0.180899        0.126747

     H   15       -0.000000        0.000000        0.000000
     H   15        0.000000        0.000000        0.000000
     H   15        0.000000        0.000000        0.000000

     C   16       -0.113767        0.080375       -0.079895
     C   16        0.080375        0.090362       -0.234247
     C   16       -0.079895       -0.234247        0.023405

     C   17        0.050289        0.089896       -0.180336
     C   17        0.089896        0.052680       -0.154628
     C   17       -0.180336       -0.154628       -0.102969

     Cl  18        1.127900        1.112064       -0.349755
     Cl  18        1.112064        1.248821       -0.373063
     Cl  18       -0.349755       -0.373063       -2.376721

     H   19       -0.000000        0.000000        0.000000
     H   19        0.000000        0.000000        0.000000
     H   19        0.000000        0.000000        0.000000

     C   20       -0.041636        0.193168       -0.127675
     C   20        0.193168        0.095117       -0.046101
     C   20       -0.127675       -0.046101       -0.053481

     H   21       -0.000000        0.000000        0.000000
     H   21        0.000000        0.000000        0.000000
     H   21        0.000000        0.000000        0.000000

     C   22       -0.004141        0.111867       -0.145789
     C   22        0.111867        0.024495       -0.095482
     C   22       -0.145789       -0.095482       -0.020354

     C   23        0.093532        0.268545       -0.178467
     C   23        0.268545       -0.030745       -0.022371
     C   23       -0.178467       -0.022371       -0.062787

     Cl  24       -0.310952        1.780668        0.221886
     Cl  24        1.780668        1.609821        0.969783
     Cl  24        0.221886        0.969783       -1.298869

     ----- total EFG -----
     Cl   1        1.715814       -0.831809        0.126809
     Cl   1       -0.831809        0.805875        0.267995
     Cl   1        0.126809        0.267995       -2.521689

     C    2        0.062907        0.083797       -0.141269
     C    2        0.083797        0.019046       -0.443608
     C    2       -0.141269       -0.443608       -0.081954

     C    3       -0.042398        0.125096       -0.388014
     C    3        0.125096        0.032414       -0.250968
     C    3       -0.388014       -0.250968        0.009984

     H    4       -0.014357       -0.087188        0.559450
     H    4       -0.087188       -0.083010        0.107776
     H    4        0.559450        0.107776        0.097367

     C    5        0.169235        0.337163       -0.092248
     C    5        0.337163       -0.083763       -0.279230
     C    5       -0.092248       -0.279230       -0.085472

     H    6       -0.034313       -0.254634        0.030004
     H    6       -0.254634       -0.060900        0.645447
     H    6        0.030004        0.645447        0.095212

     H    7       -0.187101       -0.094824       -0.302593
     H    7       -0.094824        0.055681       -0.398161
     H    7       -0.302593       -0.398161        0.131420

     C    8       -0.089277        0.046410       -0.241719
     C    8        0.046410        0.015785       -0.349153
     C    8       -0.241719       -0.349153        0.073491

     H    9        0.109779       -0.463986        0.439056
     H    9       -0.463986       -0.301244        0.033751
     H    9        0.439056        0.033751        0.191465

     C   10        0.242249        0.770054       -0.386126
     C   10        0.770054       -0.062712        0.078613
     C   10       -0.386126        0.078613       -0.179537

     C   11       -0.378483       -0.079049       -0.323204
     C   11       -0.079049        0.124561       -0.444419
     C   11       -0.323204       -0.444419        0.253922

     Cl  12        1.669366        3.449188       -1.387864
     Cl  12        3.449188       -0.222044       -0.894082
     Cl  12       -1.387864       -0.894082       -1.447323

     H   13       -0.067884        0.120439        0.085075
     H   13        0.120439        0.467520        0.221645
     H   13        0.085075        0.221645       -0.399637

     C   14       -0.240632        0.245070       -0.289233
     C   14        0.245070        0.029329       -0.311978
     C   14       -0.289233       -0.311978        0.211303

     H   15        0.380461        0.253121        0.129107
     H   15        0.253121       -0.029243        0.254227
     H   15        0.129107        0.254227       -0.351217

     C   16       -0.122516        0.228818       -0.102727
     C   16        0.228818        0.169492       -0.479862
     C   16       -0.102727       -0.479862       -0.046976

     C   17        0.048707        0.163897       -0.468522
     C   17        0.163897        0.258009       -0.159746
     C   17       -0.468522       -0.159746       -0.306716

     Cl  18        1.189898        1.048235       -0.371049
     Cl  18        1.048235        1.305017       -0.362985
     Cl  18       -0.371049       -0.362985       -2.494915

     H   19       -0.234166       -0.268794        0.077491
     H   19       -0.268794        0.194285       -0.227860
     H   19        0.077491       -0.227860        0.039881

     C   20        0.105654        0.617540       -0.340253
     C   20        0.617540        0.160932        0.071961
     C   20       -0.340253        0.071961       -0.266586

     H   21        0.489375       -0.007195        0.080817
     H   21       -0.007195       -0.356866       -0.057045
     H   21        0.080817       -0.057045       -0.132509

     C   22       -0.173684        0.002892       -0.323454
     C   22        0.002892        0.173402       -0.319908
     C   22       -0.323454       -0.319908        0.000282

     C   23        0.387725        0.800784       -0.517610
     C   23        0.800784       -0.184388        0.113979
     C   23       -0.517610        0.113979       -0.203337

     Cl  24       -0.434104        1.759988        0.233787
     Cl  24        1.759988        1.727473        1.055931
     Cl  24        0.233787        1.055931       -1.293369

     ----- total EFG (symmetrized) -----
     Cl   1        1.715814       -0.831809        0.126809
     Cl   1       -0.831809        0.805875        0.267995
     Cl   1        0.126809        0.267995       -2.521689

     C    2        0.062907        0.083797       -0.141269
     C    2        0.083797        0.019046       -0.443608
     C    2       -0.141269       -0.443608       -0.081954

     C    3       -0.042398        0.125096       -0.388014
     C    3        0.125096        0.032414       -0.250968
     C    3       -0.388014       -0.250968        0.009984

     H    4       -0.014357       -0.087188        0.559450
     H    4       -0.087188       -0.083010        0.107776
     H    4        0.559450        0.107776        0.097367

     C    5        0.169235        0.337163       -0.092248
     C    5        0.337163       -0.083763       -0.279230
     C    5       -0.092248       -0.279230       -0.085472

     H    6       -0.034313       -0.254634        0.030004
     H    6       -0.254634       -0.060900        0.645447
     H    6        0.030004        0.645447        0.095212

     H    7       -0.187101       -0.094824       -0.302593
     H    7       -0.094824        0.055681       -0.398161
     H    7       -0.302593       -0.398161        0.131420

     C    8       -0.089277        0.046410       -0.241719
     C    8        0.046410        0.015785       -0.349153
     C    8       -0.241719       -0.349153        0.073491

     H    9        0.109779       -0.463986        0.439056
     H    9       -0.463986       -0.301244        0.033751
     H    9        0.439056        0.033751        0.191465

     C   10        0.242249        0.770054       -0.386126
     C   10        0.770054       -0.062712        0.078613
     C   10       -0.386126        0.078613       -0.179537

     C   11       -0.378483       -0.079049       -0.323204
     C   11       -0.079049        0.124561       -0.444419
     C   11       -0.323204       -0.444419        0.253922

     Cl  12        1.669366        3.449188       -1.387864
     Cl  12        3.449188       -0.222044       -0.894082
     Cl  12       -1.387864       -0.894082       -1.447323

     H   13       -0.067884        0.120439        0.085075
     H   13        0.120439        0.467520        0.221645
     H   13        0.085075        0.221645       -0.399637

     C   14       -0.240632        0.245070       -0.289233
     C   14        0.245070        0.029329       -0.311978
     C   14       -0.289233       -0.311978        0.211303

     H   15        0.380461        0.253121        0.129107
     H   15        0.253121       -0.029243        0.254227
     H   15        0.129107        0.254227       -0.351217

     C   16       -0.122516        0.228818       -0.102727
     C   16        0.228818        0.169492       -0.479862
     C   16       -0.102727       -0.479862       -0.046976

     C   17        0.048707        0.163897       -0.468522
     C   17        0.163897        0.258009       -0.159746
     C   17       -0.468522       -0.159746       -0.306716

     Cl  18        1.189898        1.048235       -0.371049
     Cl  18        1.048235        1.305017       -0.362985
     Cl  18       -0.371049       -0.362985       -2.494915

     H   19       -0.234166       -0.268794        0.077491
     H   19       -0.268794        0.194285       -0.227860
     H   19        0.077491       -0.227860        0.039881

     C   20        0.105654        0.617540       -0.340253
     C   20        0.617540        0.160932        0.071961
     C   20       -0.340253        0.071961       -0.266586

     H   21        0.489375       -0.007195        0.080817
     H   21       -0.007195       -0.356866       -0.057045
     H   21        0.080817       -0.057045       -0.132509

     C   22       -0.173684        0.002892       -0.323454
     C   22        0.002892        0.173402       -0.319908
     C   22       -0.323454       -0.319908        0.000282

     C   23        0.387725        0.800784       -0.517610
     C   23        0.800784       -0.184388        0.113979
     C   23       -0.517610        0.113979       -0.203337

     Cl  24       -0.434104        1.759988        0.233787
     Cl  24        1.759988        1.727473        1.055931
     Cl  24        0.233787        1.055931       -1.293369


     NQR/NMR SPECTROSCOPIC PARAMETERS:
     Cl   1    Vxx=    0.3432    axis=(  0.508582  0.854892  0.102484)
     Cl   1    Vyy=    2.2091    axis=(  0.859713 -0.510744 -0.005888)
     Cl   1    Vzz=   -2.5523    axis=( -0.047309 -0.091101  0.994717)
     Cl   1  Q=        -8.1650 1e-30 m^2  Cq=        48.9639 MHz  eta= 0.73110

     C    2    Vxx=    0.0078    axis=(  0.929174 -0.329701  0.167133)
     C    2    Vyy=    0.4749    axis=(  0.357165  0.684303 -0.635738)
     C    2    Vzz=   -0.4827    axis=(  0.095234  0.650405  0.753594)
     C    2  Q=         1.0000 1e-30 m^2  Cq=        -1.1341 MHz  eta= 0.96783

     C    3    Vxx=   -0.0996    axis=(  0.491434 -0.847454 -0.200783)
     C    3    Vyy=   -0.4227    axis=(  0.662292  0.213935  0.718053)
     C    3    Vzz=    0.5223    axis=(  0.565563  0.485853 -0.666397)
     C    3  Q=         1.0000 1e-30 m^2  Cq=         1.2271 MHz  eta= 0.61862

     H    4    Vxx=   -0.0443    axis=(  0.226040 -0.960584 -0.161817)
     H    4    Vyy=   -0.5601    axis=(  0.709155  0.276156 -0.648719)
     H    4    Vzz=    0.6044    axis=(  0.667836  0.031883  0.743625)
     H    4  Q=         1.0000 1e-30 m^2  Cq=         1.4201 MHz  eta= 0.85329

     C    5    Vxx=   -0.0731    axis=(  0.615297 -0.236539  0.751970)
     C    5    Vyy=   -0.4299    axis=(  0.352136 -0.770979 -0.530652)
     C    5    Vzz=    0.5031    axis=( -0.705273 -0.591304  0.391087)
     C    5  Q=         1.0000 1e-30 m^2  Cq=         1.1820 MHz  eta= 0.70931

     H    6    Vxx=    0.0030    axis=(  0.929241 -0.094215  0.357261)
     H    6    Vyy=    0.6980    axis=( -0.204943  0.673119  0.710570)
     H    6    Vzz=   -0.7010    axis=( -0.307425 -0.733508  0.606181)
     H    6  Q=         1.0000 1e-30 m^2  Cq=        -1.6471 MHz  eta= 0.99133

     H    7    Vxx=    0.0029    axis=(  0.727470 -0.635976 -0.257529)
     H    7    Vyy=    0.5340    axis=(  0.244742  0.591156 -0.768528)
     H    7    Vzz=   -0.5370    axis=(  0.641006  0.496054  0.585698)
     H    7  Q=         1.0000 1e-30 m^2  Cq=        -1.2617 MHz  eta= 0.98914

     C    8    Vxx=   -0.0975    axis=( -0.798594  0.595533  0.087109)
     C    8    Vyy=   -0.3781    axis=( -0.483263 -0.548200 -0.682593)
     C    8    Vzz=    0.4756    axis=( -0.358754 -0.587211  0.725588)
     C    8  Q=         1.0000 1e-30 m^2  Cq=         1.1174 MHz  eta= 0.58988

     H    9    Vxx=    0.0070    axis=( -0.348051  0.602527  0.718208)
     H    9    Vyy=    0.6885    axis=( -0.721360  0.317171 -0.615664)
     H    9    Vzz=   -0.6955    axis=(  0.598749  0.732369 -0.324247)
     H    9  Q=         1.0000 1e-30 m^2  Cq=        -1.6342 MHz  eta= 0.97985

     C   10    Vxx=   -0.0892    axis=(  0.105408 -0.481624 -0.870016)
     C   10    Vyy=   -0.8440    axis=(  0.618394 -0.653405  0.436635)
     C   10    Vzz=    0.9333    axis=( -0.778767 -0.584038  0.228959)
     C   10  Q=         1.0000 1e-30 m^2  Cq=         2.1928 MHz  eta= 0.80877

     C   11    Vxx=   -0.0612    axis=( -0.583172  0.707362  0.399437)
     C   11    Vyy=   -0.6152    axis=( -0.788999 -0.376165 -0.485778)
     C   11    Vzz=    0.6764    axis=( -0.193367 -0.598447  0.777477)
     C   11  Q=         1.0000 1e-30 m^2  Cq=         1.5892 MHz  eta= 0.81896

     Cl  12    Vxx=   -1.8690    axis=(  0.126022  0.256331  0.958339)
     Cl  12    Vyy=   -2.8692    axis=( -0.624184  0.771337 -0.124233)
     Cl  12    Vzz=    4.7382    axis=( -0.771047 -0.582523  0.257203)
     Cl  12  Q=        -8.1650 1e-30 m^2  Cq=       -90.8995 MHz  eta= 0.21110

     H   13    Vxx=   -0.0904    axis=(  0.965457 -0.244355  0.090465)
     H   13    Vyy=   -0.4610    axis=( -0.144233 -0.212028  0.966561)
     H   13    Vzz=    0.5513    axis=( -0.217003 -0.946221 -0.239948)
     H   13  Q=         1.0000 1e-30 m^2  Cq=         1.2954 MHz  eta= 0.67209

     C   14    Vxx=   -0.2027    axis=(  0.086505  0.765658  0.637405)
     C   14    Vyy=   -0.4104    axis=( -0.910020  0.321105 -0.262213)
     C   14    Vzz=    0.6131    axis=( -0.405439 -0.557368  0.724541)
     C   14  Q=         1.0000 1e-30 m^2  Cq=         1.4407 MHz  eta= 0.33882

     H   15    Vxx=   -0.0688    axis=(  0.534162 -0.735093 -0.417504)
     H   15    Vyy=   -0.4913    axis=( -0.012123  0.487152 -0.873233)
     H   15    Vzz=    0.5600    axis=(  0.845295  0.471509  0.251307)
     H   15  Q=         1.0000 1e-30 m^2  Cq=         1.3159 MHz  eta= 0.75436

     C   16    Vxx=   -0.1862    axis=(  0.923079 -0.089033  0.374163)
     C   16    Vyy=   -0.4455    axis=(  0.230608 -0.650447 -0.723698)
     C   16    Vzz=    0.6318    axis=( -0.307806 -0.754315  0.579883)
     C   16  Q=         1.0000 1e-30 m^2  Cq=         1.4844 MHz  eta= 0.41045

     C   17    Vxx=    0.0836    axis=(  0.530602 -0.786987 -0.314821)
     C   17    Vyy=    0.5482    axis=(  0.637187  0.615277 -0.464141)
     C   17    Vzz=   -0.6319    axis=(  0.558975  0.045674  0.827925)
     C   17  Q=         1.0000 1e-30 m^2  Cq=        -1.4846 MHz  eta= 0.73537

     Cl  18    Vxx=    0.1978    axis=(  0.725013 -0.688699 -0.007066)
     Cl  18    Vyy=    2.3528    axis=(  0.684261  0.721434 -0.106394)
     Cl  18    Vzz=   -2.5506    axis=(  0.078371  0.072302  0.994299)
     Cl  18  Q=        -8.1650 1e-30 m^2  Cq=        48.9311 MHz  eta= 0.84491

     H   19    Vxx=   -0.0937    axis=( -0.298510  0.405116  0.864160)
     H   19    Vyy=   -0.3663    axis=(  0.883402  0.459987  0.089516)
     H   19    Vzz=    0.4600    axis=( -0.361238  0.790122 -0.495191)
     H   19  Q=         1.0000 1e-30 m^2  Cq=         1.0808 MHz  eta= 0.59256

     C   20    Vxx=   -0.0869    axis=( -0.305186  0.530805  0.790637)
     C   20    Vyy=   -0.6986    axis=(  0.635097 -0.505197  0.584318)
     C   20    Vzz=    0.7856    axis=( -0.709586 -0.680458  0.182933)
     C   20  Q=         1.0000 1e-30 m^2  Cq=         1.8458 MHz  eta= 0.77866

     H   21    Vxx=   -0.1292    axis=( -0.128554 -0.237253  0.962904)
     H   21    Vyy=   -0.3707    axis=( -0.014185  0.971301  0.237428)
     H   21    Vzz=    0.4999    axis=(  0.991601 -0.016864  0.128230)
     H   21  Q=         1.0000 1e-30 m^2  Cq=         1.1747 MHz  eta= 0.48297

     C   22    Vxx=   -0.0009    axis=(  0.656325 -0.664962 -0.356458)
     C   22    Vyy=   -0.4864    axis=(  0.680314  0.317323  0.660665)
     C   22    Vzz=    0.4874    axis=(  0.326205  0.676115 -0.660650)
     C   22  Q=         1.0000 1e-30 m^2  Cq=         1.1452 MHz  eta= 0.99614

     C   23    Vxx=   -0.0924    axis=(  0.052462 -0.564096 -0.824041)
     C   23    Vyy=   -0.9680    axis=(  0.574504 -0.657901  0.486940)
     C   23    Vzz=    1.0604    axis=( -0.816819 -0.498961  0.289560)
     C   23  Q=         1.0000 1e-30 m^2  Cq=         2.4915 MHz  eta= 0.82580

     Cl  24    Vxx=   -1.1736    axis=(  0.756122 -0.236636 -0.610150)
     Cl  24    Vyy=   -1.7917    axis=( -0.466026  0.459871 -0.755870)
     Cl  24    Vzz=    2.9652    axis=(  0.459456  0.855875  0.237440)
     Cl  24  Q=        -8.1650 1e-30 m^2  Cq=       -56.8863 MHz  eta= 0.20845

     Initialization:
     gipaw_setup  :      9.05s CPU     10.77s WALL (       1 calls)

     Linear response

     Apply operators

     Induced current

     Other routines
     efg          :      9.37s CPU     11.87s WALL (       1 calls)

     General routines
     calbec       :      3.31s CPU      4.42s WALL (      16 calls)
     fft          :      1.64s CPU      2.54s WALL (      15 calls)
     ffts         :      0.04s CPU      0.05s WALL (       2 calls)
     fftw         :      3.29s CPU      4.02s WALL (     672 calls)
     davcio       :      0.03s CPU      0.32s WALL (      32 calls)

     Parallel routines
     fft_scatter  :      2.34s CPU      3.70s WALL (     689 calls)

     Plugins

     GIPAW        :     60.52s CPU     72.22s WALL (       1 calls)
