
     Program QE v.6.0 (svn rev. 13079) starts on 15Dec2016 at 17:15:43 

     This program is part of the open-source Quantum ESPRESSO suite
     for quantum simulation of materials; please cite
         "P. Giannozzi et al., J. Phys.:Condens. Matter 21 395502 (2009);
          URL http://www.quantum-espresso.org", 
     in publications or presentations arising from this work. More details at
     http://www.quantum-espresso.org/quote

     Parallel version (MPI), running on     8 processors
     R & G space division:  proc/nbgrp/npool/nimage =       8

     ***** This is GIPAW svn revision unknown      *****

     Parallelizing q-star over 1 images

     Reading data from directory:
     /users/majewski/paradichlorobenzene/pbe/9_constraint/scratch/pbe.ecut100.np8.dt60.pcl2phi-129368.save
     Message from routine read_xml_file:
     file /users/majewski/paradichlorobenzene/pbe/9_constraint/scratch/pbe.ecut100.np8.dt60.pcl2phi-129368.save not guaranteed to be safe for post-processing

   Info: using nr1, nr2, nr3 values from input

   Info: using nr1, nr2, nr3 values from input

     IMPORTANT: XC functional enforced from input :
     Exchange-correlation      =  SLA  PW   PBX  PBC ( 1  4  3  4 0 0)
     Any further DFT definition will be discarded
     Please, verify this is what you really want

               file C.pbe-n-kjpaw_psl.1.0.0.UPF: wavefunction(s)  2S 2P renormalized
               file Cl.pbe-n-kjpaw_psl.1.0.0.UPF: wavefunction(s)  3S 3P renormalized
               file H.pbe-kjpaw_psl.1.0.0.UPF: wavefunction(s)  1S renormalized

     Parallelization info
     --------------------
     sticks:   dense  smooth     PW     G-vecs:    dense   smooth      PW
     Min        3057    1223    332               144436    36536    5170
     Max        3059    1225    333               144437    36537    5171
     Sum       24467    9791   2657              1155489   292295   41363


     Subspace diagonalization in iterative solution of the eigenvalue problem:
     a serial algorithm will be used

     GIPAW projectors -----------------------------------------------
     atom=  C    l=0  rc=    1.2000  rs=    0.8000
     atom=  C    l=0  rc=    1.2000  rs=    0.8000
     atom=  C    l=1  rc=    1.4000  rs=    0.9333
     atom=  C    l=1  rc=    1.4000  rs=    0.9333
     projs nearly linearly dependent: l=1  n1,n2= 1, 2  s=  0.99951561

     atom=  Cl   l=0  rc=    1.6000  rs=    1.0667
     atom=  Cl   l=0  rc=    1.6000  rs=    1.0667
     atom=  Cl   l=1  rc=    1.6000  rs=    1.0667
     atom=  Cl   l=1  rc=    1.6000  rs=    1.0667
     atom=  Cl   l=2  rc=    1.6000  rs=    1.0667
     atom=  Cl   l=2  rc=    1.6000  rs=    1.0667
     projs nearly linearly dependent: l=2  n1,n2= 1, 2  s=  0.99993509

     atom=  H    l=0  rc=    1.0000  rs=    0.6667
     atom=  H    l=0  rc=    1.0000  rs=    0.6667
     projs nearly linearly dependent: l=0  n1,n2= 1, 2  s=  0.99968852
     -----------------------------------------------------------------

     GIPAW integrals: -------------------------------------------
     Atom  i/j   nmr_para   nmr_dia   epr_rmc  epr_para   epr_dia
       C   1 1   0.83E+03  0.17E-01  0.93E+01  0.24E+08  0.24E+03
       C   2 1   0.86E+03 -0.61E-01  0.94E+01  0.25E+08  0.25E+03
       C   2 2   0.90E+03 -0.15E+00  0.97E+01  0.26E+08  0.26E+03
       C   3 3   0.33E+01  0.34E+00  0.18E+01  0.55E+03  0.21E+02
       C   4 3   0.35E+01  0.37E+00  0.20E+01  0.59E+03  0.22E+02
       C   4 4   0.38E+01  0.39E+00  0.22E+01  0.63E+03  0.24E+02
       Cl  1 1   0.14E+04 -0.47E+00  0.84E+01  0.32E+09  0.42E+03
       Cl  2 1   0.21E+04 -0.37E+00  0.12E+02  0.49E+09  0.65E+03
       Cl  2 2   0.33E+04 -0.16E+00  0.21E+02  0.76E+09  0.10E+04
       Cl  3 3   0.21E+02  0.79E-01  0.89E+01  0.23E+05  0.13E+03
       Cl  4 3   0.24E+02  0.67E-01  0.99E+01  0.27E+05  0.15E+03
       Cl  4 4   0.28E+02  0.44E-01  0.11E+02  0.32E+05  0.18E+03
       Cl  5 5   0.77E+00  0.19E+00  0.18E+01  0.12E+03  0.22E+02
       Cl  6 5   0.80E+00  0.19E+00  0.19E+01  0.12E+03  0.23E+02
       Cl  6 6   0.83E+00  0.20E+00  0.19E+01  0.12E+03  0.23E+02
       H   1 1   0.39E+02  0.19E+00  0.29E+00  0.78E+05  0.13E+02
       H   2 1   0.41E+02  0.21E+00  0.32E+00  0.82E+05  0.14E+02
       H   2 2   0.43E+02  0.22E+00  0.36E+00  0.86E+05  0.15E+02
     ------------------------------------------------------------

     alpha_pv=     34.2643 eV

     Number of occupied bands for each k-point:
     k-point:     1    nbnd_occ=  42
     k-point:     2    nbnd_occ=  42
     k-point:     3    nbnd_occ=  42
     k-point:     4    nbnd_occ=  42
     k-point:     5    nbnd_occ=  42
     k-point:     6    nbnd_occ=  42
     k-point:     7    nbnd_occ=  42
     k-point:     8    nbnd_occ=  42
     k-point:     9    nbnd_occ=  42
     k-point:    10    nbnd_occ=  42
     k-point:    11    nbnd_occ=  42
     k-point:    12    nbnd_occ=  42
     k-point:    13    nbnd_occ=  42
     k-point:    14    nbnd_occ=  42
     k-point:    15    nbnd_occ=  42
     k-point:    16    nbnd_occ=  42


     q-space interpolation up to   110.00 Rydberg

     GIPAW job: efg                                                                             


     ELECTRIC FIELD GRADIENTS TENSORS IN Hartree/bohrradius^2:

     ----- bare term -----
     Cl   1        0.311069        0.038413       -0.065833
     Cl   1        0.038413        0.272615       -0.284571
     Cl   1       -0.065833       -0.284571       -0.583684

     C    2       -0.720419        0.176670       -0.200607
     C    2        0.176670        0.219858       -0.115399
     C    2       -0.200607       -0.115399        0.500561

     C    3        0.072756        0.010944       -0.192672
     C    3        0.010944       -0.352574       -0.466963
     C    3       -0.192672       -0.466963        0.279818

     H    4       -0.469337        0.224119       -0.184534
     H    4        0.224119        0.097218       -0.352545
     H    4       -0.184534       -0.352545        0.372119

     C    5       -0.687792        0.306169       -0.209151
     C    5        0.306169        0.328169       -0.248617
     C    5       -0.209151       -0.248617        0.359622

     H    6        0.336040        0.071206       -0.318261
     H    6        0.071206       -0.243937       -0.393700
     H    6       -0.318261       -0.393700       -0.092103

     H    7        0.494998        0.033294        0.087125
     H    7        0.033294       -0.079662        0.365380
     H    7        0.087125        0.365380       -0.415336

     C    8       -0.384571       -0.223710       -0.365471
     C    8       -0.223710       -0.049704        0.396478
     C    8       -0.365471        0.396478        0.434276

     H    9        0.070328        0.122115       -0.330052
     H    9        0.122115        0.452633       -0.094117
     H    9       -0.330052       -0.094117       -0.522961

     C   10       -0.205159       -0.399604       -0.300992
     C   10       -0.399604       -0.248268        0.421978
     C   10       -0.300992        0.421978        0.453427

     C   11       -0.231382        0.074684       -0.360184
     C   11        0.074684       -0.080442        0.540714
     C   11       -0.360184        0.540714        0.311824

     Cl  12       -0.026736       -0.147166        0.079184
     Cl  12       -0.147166        0.020066       -0.102071
     Cl  12        0.079184       -0.102071        0.006670

     H   13        0.240826       -0.049705       -0.350949
     H   13       -0.049705        0.088440       -0.300412
     H   13       -0.350949       -0.300412       -0.329266

     C   14       -0.005185        0.487429        0.136850
     C   14        0.487429       -0.485344       -0.365450
     C   14        0.136850       -0.365450        0.490529

     H   15       -0.673635        0.061843       -0.347479
     H   15        0.061843        0.356437       -0.130188
     H   15       -0.347479       -0.130188        0.317198

     C   16       -0.138011        0.035017       -0.286745
     C   16        0.035017       -0.162146       -0.501969
     C   16       -0.286745       -0.501969        0.300158

     C   17       -0.204742       -0.002687       -0.354466
     C   17       -0.002687       -0.099470       -0.565308
     C   17       -0.354466       -0.565308        0.304212

     Cl  18       -0.117472        0.124049        0.029040
     Cl  18        0.124049       -0.045241        0.017040
     Cl  18        0.029040        0.017040        0.162712

     H   19        0.529920        0.002291       -0.023240
     H   19        0.002291        0.062436        0.203099
     H   19       -0.023240        0.203099       -0.592356

     C   20       -0.467975       -0.330512       -0.062806
     C   20       -0.330512        0.067268        0.429343
     C   20       -0.062806        0.429343        0.400707

     H   21        0.102535       -0.022769       -0.450049
     H   21       -0.022769        0.208000       -0.257686
     H   21       -0.450049       -0.257686       -0.310535

     C   22       -0.022245       -0.167356       -0.150012
     C   22       -0.167356       -0.086970        0.381842
     C   22       -0.150012        0.381842        0.109216

     C   23       -0.312052       -0.296643       -0.392686
     C   23       -0.296643        0.069479        0.307851
     C   23       -0.392686        0.307851        0.242573

     Cl  24       -0.023749       -0.063652       -0.089246
     Cl  24       -0.063652        0.046186        0.090853
     Cl  24       -0.089246        0.090853       -0.022436

     ----- ionic term -----
     Cl   1        0.092839       -0.198066       -0.040661
     Cl   1       -0.198066        0.023616        0.042143
     Cl   1       -0.040661        0.042143       -0.116455

     C    2        0.197162       -0.176242        0.152698
     C    2       -0.176242        0.005691        0.439915
     C    2        0.152698        0.439915       -0.202853

     C    3        0.146486       -0.217311        0.105966
     C    3       -0.217311        0.050397        0.460309
     C    3        0.105966        0.460309       -0.196883

     H    4        0.744781        0.220990        0.615688
     H    4        0.220990       -0.503178        0.181313
     H    4        0.615688        0.181313       -0.241603

     C    5        0.289319       -0.226467        0.170103
     C    5       -0.226467       -0.022976        0.334434
     C    5        0.170103        0.334434       -0.266344

     H    6       -0.502689        0.162231        0.131665
     H    6        0.162231        0.537836        0.787315
     H    6        0.131665        0.787315       -0.035147

     H    7       -0.542333        0.018436        0.014961
     H    7        0.018436        0.260292       -0.810941
     H    7        0.014961       -0.810941        0.282041

     C    8        0.202163        0.362339        0.373638
     C    8        0.362339       -0.078998       -0.236935
     C    8        0.373638       -0.236935       -0.123165

     H    9        0.292360       -0.072308        0.795659
     H    9       -0.072308       -0.527813       -0.130975
     H    9        0.795659       -0.130975        0.235453

     C   10        0.074818        0.367489        0.248786
     C   10        0.367489        0.080927       -0.316444
     C   10        0.248786       -0.316444       -0.155744

     C   11        0.102124        0.263325        0.272420
     C   11        0.263325        0.053993       -0.359177
     C   11        0.272420       -0.359177       -0.156117

     Cl  12        0.094484        0.196804        0.011552
     Cl  12        0.196804        0.042205       -0.003591
     Cl  12        0.011552       -0.003591       -0.136689

     H   13       -0.485551        0.199455        0.213995
     H   13        0.199455        0.257211        0.811703
     H   13        0.213995        0.811703        0.228339

     C   14        0.288852       -0.181441        0.171755
     C   14       -0.181441       -0.051871        0.339023
     C   14        0.171755        0.339023       -0.236981

     H   15        0.782102        0.197902        0.593180
     H   15        0.197902       -0.530542        0.166083
     H   15        0.593180        0.166083       -0.251560

     C   16        0.166047       -0.211098        0.116596
     C   16       -0.211098        0.071510        0.425639
     C   16        0.116596        0.425639       -0.237557

     C   17        0.193402       -0.200946        0.186471
     C   17       -0.200946        0.026038        0.423813
     C   17        0.186471        0.423813       -0.219440

     Cl  18        0.064157       -0.201324       -0.057655
     Cl  18       -0.201324        0.056489        0.054762
     Cl  18       -0.057655        0.054762       -0.120646

     H   19       -0.534045       -0.002955        0.025251
     H   19       -0.002955        0.384889       -0.800877
     H   19        0.025251       -0.800877        0.149156

     C   20        0.194950        0.331459        0.308660
     C   20        0.331459        0.035982       -0.257521
     C   20        0.308660       -0.257521       -0.230932

     H   21        0.578773       -0.130297        0.733829
     H   21       -0.130297       -0.478835       -0.158085
     H   21        0.733829       -0.158085       -0.099938

     C   22        0.123905        0.350272        0.243118
     C   22        0.350272        0.155999       -0.299675
     C   22        0.243118       -0.299675       -0.279904

     C   23        0.134492        0.282313        0.354709
     C   23        0.282313        0.006984       -0.305797
     C   23        0.354709       -0.305797       -0.141477

     Cl  24        0.125992        0.211714        0.014326
     Cl  24        0.211714        0.003095       -0.001071
     Cl  24        0.014326       -0.001071       -0.129086

     ----- GIPAW term -----
     Cl   1        0.101818       -0.592687        0.023392
     Cl   1       -0.592687       -0.154492        0.270787
     Cl   1        0.023392        0.270787        0.052674

     C    2       -0.137577       -0.009334        0.047862
     C    2       -0.009334       -0.029204        0.104550
     C    2        0.047862        0.104550        0.166782

     C    3       -0.110172       -0.072849       -0.047448
     C    3       -0.072849        0.103652        0.164555
     C    3       -0.047448        0.164555        0.006519

     H    4       -0.000000        0.000000        0.000000
     H    4        0.000000        0.000000        0.000000
     H    4        0.000000        0.000000        0.000000

     C    5       -0.166347       -0.095170        0.013714
     C    5       -0.095170        0.246075       -0.064292
     C    5        0.013714       -0.064292       -0.079728

     H    6       -0.000000        0.000000        0.000000
     H    6        0.000000        0.000000        0.000000
     H    6        0.000000        0.000000        0.000000

     H    7       -0.000000        0.000000        0.000000
     H    7        0.000000        0.000000        0.000000
     H    7        0.000000        0.000000        0.000000

     C    8       -0.045667       -0.036469       -0.058730
     C    8       -0.036469       -0.026162        0.082045
     C    8       -0.058730        0.082045        0.071830

     H    9       -0.000000        0.000000        0.000000
     H    9        0.000000        0.000000        0.000000
     H    9        0.000000        0.000000        0.000000

     C   10       -0.031684       -0.069572       -0.133249
     C   10       -0.069572       -0.073980        0.069895
     C   10       -0.133249        0.069895        0.105664

     C   11        0.022549        0.161350       -0.035880
     C   11        0.161350       -0.026705        0.105514
     C   11       -0.035880        0.105514        0.004157

     Cl  12        1.167384        0.919376        0.708958
     Cl  12        0.919376        0.334666       -0.914088
     Cl  12        0.708958       -0.914088       -1.502050

     H   13       -0.000000        0.000000        0.000000
     H   13        0.000000        0.000000        0.000000
     H   13        0.000000        0.000000        0.000000

     C   14        0.021228        0.093114        0.193321
     C   14        0.093114       -0.204302       -0.011067
     C   14        0.193321       -0.011067        0.183073

     H   15       -0.000000        0.000000        0.000000
     H   15        0.000000        0.000000        0.000000
     H   15        0.000000        0.000000        0.000000

     C   16        0.051171       -0.047799        0.014530
     C   16       -0.047799       -0.070951       -0.091783
     C   16        0.014530       -0.091783        0.019780

     C   17        0.023352       -0.134295       -0.070964
     C   17       -0.134295       -0.012026       -0.121817
     C   17       -0.070964       -0.121817       -0.011326

     Cl  18       -0.620506       -1.037898        0.997059
     Cl  18       -1.037898       -1.533261        0.341740
     Cl  18        0.997059        0.341740        2.153768

     H   19       -0.000000        0.000000        0.000000
     H   19        0.000000        0.000000        0.000000
     H   19        0.000000        0.000000        0.000000

     C   20       -0.160475        0.000593        0.053816
     C   20        0.000593        0.043206        0.228763
     C   20        0.053816        0.228763        0.117269

     H   21       -0.000000        0.000000        0.000000
     H   21        0.000000        0.000000        0.000000
     H   21        0.000000        0.000000        0.000000

     C   22       -0.084358       -0.033042       -0.053810
     C   22       -0.033042        0.021934        0.152095
     C   22       -0.053810        0.152095        0.062424

     C   23       -0.078348       -0.059542       -0.100249
     C   23       -0.059542        0.107364        0.164468
     C   23       -0.100249        0.164468       -0.029016

     Cl  24        0.000183        0.631727       -0.831138
     Cl  24        0.631727        1.578114        1.878123
     Cl  24       -0.831138        1.878123       -1.578297

     ----- total EFG -----
     Cl   1        0.505726       -0.752340       -0.083102
     Cl   1       -0.752340        0.141740        0.028358
     Cl   1       -0.083102        0.028358       -0.647465

     C    2       -0.660834       -0.008906       -0.000048
     C    2       -0.008906        0.196345        0.429067
     C    2       -0.000048        0.429067        0.464490

     C    3        0.109070       -0.279216       -0.134154
     C    3       -0.279216       -0.198525        0.157900
     C    3       -0.134154        0.157900        0.089454

     H    4        0.275444        0.445109        0.431154
     H    4        0.445109       -0.405960       -0.171232
     H    4        0.431154       -0.171232        0.130515

     C    5       -0.564820       -0.015467       -0.025334
     C    5       -0.015467        0.551269        0.021525
     C    5       -0.025334        0.021525        0.013551

     H    6       -0.166650        0.233436       -0.186596
     H    6        0.233436        0.293899        0.393615
     H    6       -0.186596        0.393615       -0.127249

     H    7       -0.047336        0.051729        0.102085
     H    7        0.051729        0.180630       -0.445561
     H    7        0.102085       -0.445561       -0.133294

     C    8       -0.228076        0.102160       -0.050562
     C    8        0.102160       -0.154865        0.241588
     C    8       -0.050562        0.241588        0.382941

     H    9        0.362687        0.049807        0.465608
     H    9        0.049807       -0.075179       -0.225092
     H    9        0.465608       -0.225092       -0.287508

     C   10       -0.162025       -0.101687       -0.185455
     C   10       -0.101687       -0.241321        0.175428
     C   10       -0.185455        0.175428        0.403347

     C   11       -0.106710        0.499359       -0.123644
     C   11        0.499359       -0.053154        0.287050
     C   11       -0.123644        0.287050        0.159864

     Cl  12        1.235132        0.969014        0.799694
     Cl  12        0.969014        0.396937       -1.019750
     Cl  12        0.799694       -1.019750       -1.632069

     H   13       -0.244724        0.149750       -0.136954
     H   13        0.149750        0.345651        0.511291
     H   13       -0.136954        0.511291       -0.100927

     C   14        0.304896        0.399103        0.501927
     C   14        0.399103       -0.741517       -0.037493
     C   14        0.501927       -0.037493        0.436621

     H   15        0.108467        0.259745        0.245701
     H   15        0.259745       -0.174104        0.035896
     H   15        0.245701        0.035896        0.065638

     C   16        0.079207       -0.223880       -0.155619
     C   16       -0.223880       -0.161587       -0.168113
     C   16       -0.155619       -0.168113        0.082381

     C   17        0.012013       -0.337929       -0.238959
     C   17       -0.337929       -0.085457       -0.263312
     C   17       -0.238959       -0.263312        0.073445

     Cl  18       -0.673821       -1.115173        0.968443
     Cl  18       -1.115173       -1.522013        0.413541
     Cl  18        0.968443        0.413541        2.195834

     H   19       -0.004125       -0.000663        0.002012
     H   19       -0.000663        0.447325       -0.597779
     H   19        0.002012       -0.597779       -0.443200

     C   20       -0.433500        0.001540        0.299669
     C   20        0.001540        0.146456        0.400586
     C   20        0.299669        0.400586        0.287044

     H   21        0.681308       -0.153066        0.283779
     H   21       -0.153066       -0.270835       -0.415771
     H   21        0.283779       -0.415771       -0.410473

     C   22        0.017301        0.149874        0.039297
     C   22        0.149874        0.090963        0.234262
     C   22        0.039297        0.234262       -0.108264

     C   23       -0.255908       -0.073872       -0.138226
     C   23       -0.073872        0.183827        0.166522
     C   23       -0.138226        0.166522        0.072081

     Cl  24        0.102425        0.779790       -0.906058
     Cl  24        0.779790        1.627395        1.967906
     Cl  24       -0.906058        1.967906       -1.729820

     ----- total EFG (symmetrized) -----
     Cl   1        0.505726       -0.752340       -0.083102
     Cl   1       -0.752340        0.141740        0.028358
     Cl   1       -0.083102        0.028358       -0.647465

     C    2       -0.660834       -0.008906       -0.000048
     C    2       -0.008906        0.196345        0.429067
     C    2       -0.000048        0.429067        0.464490

     C    3        0.109070       -0.279216       -0.134154
     C    3       -0.279216       -0.198525        0.157900
     C    3       -0.134154        0.157900        0.089454

     H    4        0.275444        0.445109        0.431154
     H    4        0.445109       -0.405960       -0.171232
     H    4        0.431154       -0.171232        0.130515

     C    5       -0.564820       -0.015467       -0.025334
     C    5       -0.015467        0.551269        0.021525
     C    5       -0.025334        0.021525        0.013551

     H    6       -0.166650        0.233436       -0.186596
     H    6        0.233436        0.293899        0.393615
     H    6       -0.186596        0.393615       -0.127249

     H    7       -0.047336        0.051729        0.102085
     H    7        0.051729        0.180630       -0.445561
     H    7        0.102085       -0.445561       -0.133294

     C    8       -0.228076        0.102160       -0.050562
     C    8        0.102160       -0.154865        0.241588
     C    8       -0.050562        0.241588        0.382941

     H    9        0.362687        0.049807        0.465608
     H    9        0.049807       -0.075179       -0.225092
     H    9        0.465608       -0.225092       -0.287508

     C   10       -0.162025       -0.101687       -0.185455
     C   10       -0.101687       -0.241321        0.175428
     C   10       -0.185455        0.175428        0.403347

     C   11       -0.106710        0.499359       -0.123644
     C   11        0.499359       -0.053154        0.287050
     C   11       -0.123644        0.287050        0.159864

     Cl  12        1.235132        0.969014        0.799694
     Cl  12        0.969014        0.396937       -1.019750
     Cl  12        0.799694       -1.019750       -1.632069

     H   13       -0.244724        0.149750       -0.136954
     H   13        0.149750        0.345651        0.511291
     H   13       -0.136954        0.511291       -0.100927

     C   14        0.304896        0.399103        0.501927
     C   14        0.399103       -0.741517       -0.037493
     C   14        0.501927       -0.037493        0.436621

     H   15        0.108467        0.259745        0.245701
     H   15        0.259745       -0.174104        0.035896
     H   15        0.245701        0.035896        0.065638

     C   16        0.079207       -0.223880       -0.155619
     C   16       -0.223880       -0.161587       -0.168113
     C   16       -0.155619       -0.168113        0.082381

     C   17        0.012013       -0.337929       -0.238959
     C   17       -0.337929       -0.085457       -0.263312
     C   17       -0.238959       -0.263312        0.073445

     Cl  18       -0.673821       -1.115173        0.968443
     Cl  18       -1.115173       -1.522013        0.413541
     Cl  18        0.968443        0.413541        2.195834

     H   19       -0.004125       -0.000663        0.002012
     H   19       -0.000663        0.447325       -0.597779
     H   19        0.002012       -0.597779       -0.443200

     C   20       -0.433500        0.001540        0.299669
     C   20        0.001540        0.146456        0.400586
     C   20        0.299669        0.400586        0.287044

     H   21        0.681308       -0.153066        0.283779
     H   21       -0.153066       -0.270835       -0.415771
     H   21        0.283779       -0.415771       -0.410473

     C   22        0.017301        0.149874        0.039297
     C   22        0.149874        0.090963        0.234262
     C   22        0.039297        0.234262       -0.108264

     C   23       -0.255908       -0.073872       -0.138226
     C   23       -0.073872        0.183827        0.166522
     C   23       -0.138226        0.166522        0.072081

     Cl  24        0.102425        0.779790       -0.906058
     Cl  24        0.779790        1.627395        1.967906
     Cl  24       -0.906058        1.967906       -1.729820


     NQR/NMR SPECTROSCOPIC PARAMETERS:
     Cl   1    Vxx=   -0.4462    axis=(  0.606395  0.782727 -0.140085)
     Cl   1    Vyy=   -0.6555    axis=(  0.123477  0.081343  0.989008)
     Cl   1    Vzz=    1.1017    axis=(  0.785518 -0.617026 -0.047323)
     Cl   1  Q=        -8.1650 1e-30 m^2  Cq=       -21.1355 MHz  eta= 0.19000

     C    2    Vxx=   -0.1190    axis=( -0.013189  0.805568 -0.592357)
     C    2    Vyy=   -0.6609    axis=( -0.999906 -0.012811  0.004841)
     C    2    Vzz=    0.7800    axis=( -0.003688  0.592365  0.805661)
     C    2  Q=         1.0000 1e-30 m^2  Cq=         1.8326 MHz  eta= 0.69482

     C    3    Vxx=   -0.0252    axis=(  0.549000 -0.132575  0.825241)
     C    3    Vyy=   -0.3748    axis=(  0.458344  0.873399 -0.164607)
     C    3    Vzz=    0.4000    axis=( -0.698942  0.468614  0.540261)
     C    3  Q=         1.0000 1e-30 m^2  Cq=         0.9398 MHz  eta= 0.87419

     H    4    Vxx=    0.0722    axis=( -0.329574 -0.574938  0.748884)
     H    4    Vyy=    0.6976    axis=(  0.806225  0.241383  0.540125)
     H    4    Vzz=   -0.7698    axis=(  0.491307 -0.781780 -0.383976)
     H    4  Q=         1.0000 1e-30 m^2  Cq=        -1.8087 MHz  eta= 0.81234

     C    5    Vxx=    0.0137    axis=( -0.042609 -0.041201  0.998242)
     C    5    Vyy=    0.5524    axis=(  0.014752 -0.999066 -0.040605)
     C    5    Vzz=   -0.5661    axis=(  0.998983  0.012996  0.043177)
     C    5  Q=         1.0000 1e-30 m^2  Cq=        -1.3301 MHz  eta= 0.95145

     H    6    Vxx=    0.0179    axis=(  0.795096  0.161308 -0.584639)
     H    6    Vyy=    0.5471    axis=( -0.163812 -0.871033 -0.463107)
     H    6    Vzz=   -0.5650    axis=(  0.583942 -0.463985  0.666130)
     H    6  Q=         1.0000 1e-30 m^2  Cq=        -1.3275 MHz  eta= 0.93658

     H    7    Vxx=   -0.0181    axis=(  0.966655  0.172568  0.189205)
     H    7    Vyy=   -0.4785    axis=( -0.254126  0.555270  0.791894)
     H    7    Vzz=    0.4966    axis=(  0.031596 -0.813570  0.580608)
     H    7  Q=         1.0000 1e-30 m^2  Cq=         1.1668 MHz  eta= 0.92703

     C    8    Vxx=   -0.1240    axis=(  0.736218  0.636493 -0.229914)
     C    8    Vyy=   -0.3517    axis=( -0.676566  0.684449 -0.271638)
     C    8    Vzz=    0.4757    axis=( -0.015531  0.355536  0.934533)
     C    8  Q=         1.0000 1e-30 m^2  Cq=         1.1177 MHz  eta= 0.47880

     H    9    Vxx=    0.0104    axis=(  0.257449  0.920717 -0.293258)
     H    9    Vyy=    0.6110    axis=( -0.874366  0.092776 -0.476316)
     H    9    Vzz=   -0.6215    axis=( -0.411344  0.379042  0.828929)
     H    9  Q=         1.0000 1e-30 m^2  Cq=        -1.4602 MHz  eta= 0.96640

     C   10    Vxx=   -0.1961    axis=( -0.831465  0.408341 -0.376728)
     C   10    Vyy=   -0.3146    axis=(  0.472288  0.876609 -0.092204)
     C   10    Vzz=    0.5107    axis=( -0.292593  0.254589  0.921723)
     C   10  Q=         1.0000 1e-30 m^2  Cq=         1.1999 MHz  eta= 0.23194

     C   11    Vxx=    0.1976    axis=( -0.540363 -0.123237  0.832358)
     C   11    Vyy=    0.4822    axis=( -0.522233 -0.726515 -0.446597)
     C   11    Vzz=   -0.6799    axis=(  0.659758 -0.676009  0.328223)
     C   11  Q=         1.0000 1e-30 m^2  Cq=        -1.5974 MHz  eta= 0.41862

     Cl  12    Vxx=    0.5289    axis=( -0.436981  0.740210 -0.511016)
     Cl  12    Vyy=    1.8761    axis=( -0.848184 -0.528205 -0.039807)
     Cl  12    Vzz=   -2.4050    axis=( -0.299386  0.416040  0.858649)
     Cl  12  Q=        -8.1650 1e-30 m^2  Cq=        46.1387 MHz  eta= 0.56018

     H   13    Vxx=   -0.1239    axis=(  0.844625  0.247538 -0.474693)
     H   13    Vyy=   -0.5592    axis=( -0.532398  0.481487 -0.696220)
     H   13    Vzz=    0.6831    axis=( -0.056217 -0.840771 -0.538465)
     H   13  Q=         1.0000 1e-30 m^2  Cq=         1.6050 MHz  eta= 0.63735

     C   14    Vxx=   -0.0037    axis=( -0.627261 -0.374034  0.683112)
     C   14    Vyy=   -0.9088    axis=(  0.368356 -0.915297 -0.162926)
     C   14    Vzz=    0.9125    axis=(  0.686191  0.149431  0.711908)
     C   14  Q=         1.0000 1e-30 m^2  Cq=         2.1441 MHz  eta= 0.99180

     H   15    Vxx=   -0.0626    axis=( -0.332999 -0.522943  0.784629)
     H   15    Vyy=   -0.3552    axis=(  0.575536 -0.771858 -0.270172)
     H   15    Vzz=    0.4178    axis=(  0.746907  0.361615  0.558000)
     H   15  Q=         1.0000 1e-30 m^2  Cq=         0.9816 MHz  eta= 0.70050

     C   16    Vxx=    0.1552    axis=( -0.322932  0.611598 -0.722262)
     C   16    Vyy=    0.2451    axis=(  0.808197 -0.218903 -0.546717)
     C   16    Vzz=   -0.4003    axis=( -0.492477 -0.760282 -0.423601)
     C   16  Q=         1.0000 1e-30 m^2  Cq=        -0.9405 MHz  eta= 0.22475

     C   17    Vxx=    0.2674    axis=( -0.166585 -0.482270  0.860038)
     C   17    Vyy=    0.3061    axis=(  0.799448 -0.576622 -0.168494)
     C   17    Vzz=   -0.5735    axis=(  0.577176  0.659487  0.481606)
     C   17  Q=         1.0000 1e-30 m^2  Cq=        -1.3475 MHz  eta= 0.06754

     Cl  18    Vxx=   -0.0278    axis=(  0.753929 -0.621548 -0.212765)
     Cl  18    Vyy=   -2.4656    axis=(  0.591353  0.783141 -0.192332)
     Cl  18    Vzz=    2.4934    axis=(  0.286168  0.019186  0.957987)
     Cl  18  Q=        -8.1650 1e-30 m^2  Cq=       -47.8348 MHz  eta= 0.97773

     H   19    Vxx=   -0.0041    axis=(  0.999996  0.002689  0.000921)
     H   19    Vyy=   -0.7433    axis=(  0.002030 -0.448685 -0.893688)
     H   19    Vzz=    0.7475    axis=( -0.001990  0.893686 -0.448688)
     H   19  Q=         1.0000 1e-30 m^2  Cq=         1.7562 MHz  eta= 0.98896

     C   20    Vxx=   -0.0998    axis=(  0.421866 -0.773075  0.473692)
     C   20    Vyy=   -0.5735    axis=( -0.881669 -0.227979  0.413140)
     C   20    Vzz=    0.6734    axis=(  0.211396  0.591929  0.777773)
     C   20  Q=         1.0000 1e-30 m^2  Cq=         1.5821 MHz  eta= 0.70346

     H   21    Vxx=   -0.0406    axis=(  0.374663  0.745764 -0.550875)
     H   21    Vyy=   -0.7725    axis=( -0.086980  0.619804  0.779922)
     H   21    Vzz=    0.8131    axis=(  0.923072 -0.244293  0.297084)
     H   21  Q=         1.0000 1e-30 m^2  Cq=         1.9106 MHz  eta= 0.90010

     C   22    Vxx=   -0.0452    axis=(  0.874939 -0.257233 -0.410259)
     C   22    Vyy=   -0.2732    axis=( -0.196163  0.586319 -0.785971)
     C   22    Vzz=    0.3184    axis=(  0.442721  0.768154  0.462534)
     C   22  Q=         1.0000 1e-30 m^2  Cq=         0.7481 MHz  eta= 0.71616

     C   23    Vxx=   -0.0309    axis=( -0.235053 -0.644861  0.727258)
     C   23    Vyy=   -0.3068    axis=( -0.943131 -0.029630 -0.331097)
     C   23    Vzz=    0.3377    axis=(  0.235061 -0.763725 -0.601224)
     C   23  Q=         1.0000 1e-30 m^2  Cq=         0.7934 MHz  eta= 0.81698

     Cl  24    Vxx=    0.4746    axis=(  0.927761  0.009271 -0.373060)
     Cl  24    Vyy=    2.5838    axis=( -0.145754 -0.911283 -0.385121)
     Cl  24    Vzz=   -3.0583    axis=(  0.343533 -0.411675  0.844102)
     Cl  24  Q=        -8.1650 1e-30 m^2  Cq=        58.6725 MHz  eta= 0.68967

     Initialization:
     gipaw_setup  :      9.26s CPU     11.07s WALL (       1 calls)

     Linear response

     Apply operators

     Induced current

     Other routines
     efg          :      9.57s CPU     12.34s WALL (       1 calls)

     General routines
     calbec       :      3.53s CPU      5.02s WALL (      16 calls)
     fft          :      1.53s CPU      1.97s WALL (      15 calls)
     ffts         :      0.03s CPU      0.04s WALL (       2 calls)
     fftw         :      3.29s CPU      3.96s WALL (     672 calls)
     davcio       :      0.03s CPU      0.33s WALL (      32 calls)

     Parallel routines
     fft_scatter  :      2.08s CPU      2.99s WALL (     689 calls)

     Plugins

     GIPAW        :     61.17s CPU     75.93s WALL (       1 calls)
