
     Program QE v.6.0 (svn rev. 13079) starts on 15Jan2017 at 10:13:32 

     This program is part of the open-source Quantum ESPRESSO suite
     for quantum simulation of materials; please cite
         "P. Giannozzi et al., J. Phys.:Condens. Matter 21 395502 (2009);
          URL http://www.quantum-espresso.org", 
     in publications or presentations arising from this work. More details at
     http://www.quantum-espresso.org/quote

     Parallel version (MPI), running on     8 processors
     R & G space division:  proc/nbgrp/npool/nimage =       8

     ***** This is GIPAW svn revision unknown      *****

     Parallelizing q-star over 1 images

     Reading data from directory:
     /users/majewski/paradichlorobenzene/pbe/9_constraint/scratch/pbe.ecut100.np8.dt60.pcl2phi-129368.save
     Message from routine read_xml_file:
     file /users/majewski/paradichlorobenzene/pbe/9_constraint/scratch/pbe.ecut100.np8.dt60.pcl2phi-129368.save not guaranteed to be safe for post-processing

   Info: using nr1, nr2, nr3 values from input

   Info: using nr1, nr2, nr3 values from input

     IMPORTANT: XC functional enforced from input :
     Exchange-correlation      =  SLA  PW   PBX  PBC ( 1  4  3  4 0 0)
     Any further DFT definition will be discarded
     Please, verify this is what you really want

               file C.pbe-n-kjpaw_psl.1.0.0.UPF: wavefunction(s)  2S 2P renormalized
               file Cl.pbe-n-kjpaw_psl.1.0.0.UPF: wavefunction(s)  3S 3P renormalized
               file H.pbe-kjpaw_psl.1.0.0.UPF: wavefunction(s)  1S renormalized

     Parallelization info
     --------------------
     sticks:   dense  smooth     PW     G-vecs:    dense   smooth      PW
     Min        3057    1223    332               144436    36536    5170
     Max        3059    1225    333               144437    36537    5171
     Sum       24467    9791   2657              1155489   292295   41363


     Subspace diagonalization in iterative solution of the eigenvalue problem:
     a serial algorithm will be used

     GIPAW projectors -----------------------------------------------
     atom=  C    l=0  rc=    1.2000  rs=    0.8000
     atom=  C    l=0  rc=    1.2000  rs=    0.8000
     atom=  C    l=1  rc=    1.4000  rs=    0.9333
     atom=  C    l=1  rc=    1.4000  rs=    0.9333
     projs nearly linearly dependent: l=1  n1,n2= 1, 2  s=  0.99951561

     atom=  Cl   l=0  rc=    1.6000  rs=    1.0667
     atom=  Cl   l=0  rc=    1.6000  rs=    1.0667
     atom=  Cl   l=1  rc=    1.6000  rs=    1.0667
     atom=  Cl   l=1  rc=    1.6000  rs=    1.0667
     atom=  Cl   l=2  rc=    1.6000  rs=    1.0667
     atom=  Cl   l=2  rc=    1.6000  rs=    1.0667
     projs nearly linearly dependent: l=2  n1,n2= 1, 2  s=  0.99993509

     atom=  H    l=0  rc=    1.0000  rs=    0.6667
     atom=  H    l=0  rc=    1.0000  rs=    0.6667
     projs nearly linearly dependent: l=0  n1,n2= 1, 2  s=  0.99968852
     -----------------------------------------------------------------

     GIPAW integrals: -------------------------------------------
     Atom  i/j   nmr_para   nmr_dia   epr_rmc  epr_para   epr_dia
       C   1 1   0.83E+03  0.17E-01  0.93E+01  0.24E+08  0.24E+03
       C   2 1   0.86E+03 -0.61E-01  0.94E+01  0.25E+08  0.25E+03
       C   2 2   0.90E+03 -0.15E+00  0.97E+01  0.26E+08  0.26E+03
       C   3 3   0.33E+01  0.34E+00  0.18E+01  0.55E+03  0.21E+02
       C   4 3   0.35E+01  0.37E+00  0.20E+01  0.59E+03  0.22E+02
       C   4 4   0.38E+01  0.39E+00  0.22E+01  0.63E+03  0.24E+02
       Cl  1 1   0.14E+04 -0.47E+00  0.84E+01  0.32E+09  0.42E+03
       Cl  2 1   0.21E+04 -0.37E+00  0.12E+02  0.49E+09  0.65E+03
       Cl  2 2   0.33E+04 -0.16E+00  0.21E+02  0.76E+09  0.10E+04
       Cl  3 3   0.21E+02  0.79E-01  0.89E+01  0.23E+05  0.13E+03
       Cl  4 3   0.24E+02  0.67E-01  0.99E+01  0.27E+05  0.15E+03
       Cl  4 4   0.28E+02  0.44E-01  0.11E+02  0.32E+05  0.18E+03
       Cl  5 5   0.77E+00  0.19E+00  0.18E+01  0.12E+03  0.22E+02
       Cl  6 5   0.80E+00  0.19E+00  0.19E+01  0.12E+03  0.23E+02
       Cl  6 6   0.83E+00  0.20E+00  0.19E+01  0.12E+03  0.23E+02
       H   1 1   0.39E+02  0.19E+00  0.29E+00  0.78E+05  0.13E+02
       H   2 1   0.41E+02  0.21E+00  0.32E+00  0.82E+05  0.14E+02
       H   2 2   0.43E+02  0.22E+00  0.36E+00  0.86E+05  0.15E+02
     ------------------------------------------------------------

     alpha_pv=     34.0284 eV

     Number of occupied bands for each k-point:
     k-point:     1    nbnd_occ=  42
     k-point:     2    nbnd_occ=  42
     k-point:     3    nbnd_occ=  42
     k-point:     4    nbnd_occ=  42
     k-point:     5    nbnd_occ=  42
     k-point:     6    nbnd_occ=  42
     k-point:     7    nbnd_occ=  42
     k-point:     8    nbnd_occ=  42
     k-point:     9    nbnd_occ=  42
     k-point:    10    nbnd_occ=  42
     k-point:    11    nbnd_occ=  42
     k-point:    12    nbnd_occ=  42
     k-point:    13    nbnd_occ=  42
     k-point:    14    nbnd_occ=  42
     k-point:    15    nbnd_occ=  42
     k-point:    16    nbnd_occ=  42


     q-space interpolation up to   110.00 Rydberg

     GIPAW job: efg                                                                             


     ELECTRIC FIELD GRADIENTS TENSORS IN Hartree/bohrradius^2:

     ----- bare term -----
     Cl   1       -0.096238        0.179769       -0.026769
     Cl   1        0.179769        0.022636        0.011945
     Cl   1       -0.026769        0.011945        0.073603

     C    2       -0.320683       -0.185649       -0.282093
     C    2       -0.185649       -0.069522       -0.608804
     C    2       -0.282093       -0.608804        0.390205

     C    3       -0.014251        0.057119       -0.443439
     C    3        0.057119       -0.322738       -0.504629
     C    3       -0.443439       -0.504629        0.336989

     H    4       -0.712664       -0.194264       -0.070321
     H    4       -0.194264        0.418320       -0.147821
     H    4       -0.070321       -0.147821        0.294344

     C    5        0.107307        0.582738       -0.015585
     C    5        0.582738       -0.457340       -0.375697
     C    5       -0.015585       -0.375697        0.350033

     H    6       -0.066198       -0.257440       -0.382987
     H    6       -0.257440       -0.065402       -0.418013
     H    6       -0.382987       -0.418013        0.131599

     H    7        0.293936       -0.071937       -0.277735
     H    7       -0.071937       -0.337108        0.471653
     H    7       -0.277735        0.471653        0.043172

     C    8       -0.703656       -0.307527       -0.424753
     C    8       -0.307527        0.232431        0.037820
     C    8       -0.424753        0.037820        0.471225

     H    9       -0.446389       -0.119533       -0.435667
     H    9       -0.119533        0.160090        0.145198
     H    9       -0.435667        0.145198        0.286299

     C   10        0.015513        0.066650       -0.271629
     C   10        0.066650       -0.091164        0.602816
     C   10       -0.271629        0.602816        0.075650

     C   11       -0.774643       -0.381111       -0.367303
     C   11       -0.381111        0.316240        0.028531
     C   11       -0.367303        0.028531        0.458403

     Cl  12        0.026282       -0.061051       -0.034309
     Cl  12       -0.061051        0.050250        0.003166
     Cl  12       -0.034309        0.003166       -0.076532

     H   13        0.276767        0.107854       -0.385921
     H   13        0.107854        0.036005       -0.240303
     H   13       -0.385921       -0.240303       -0.312772

     C   14       -0.496670        0.355776        0.024959
     C   14        0.355776        0.200246       -0.183640
     C   14        0.024959       -0.183640        0.296424

     H   15       -0.109364        0.261228       -0.439582
     H   15        0.261228       -0.146161       -0.011667
     H   15       -0.439582       -0.011667        0.255525

     C   16        0.189827        0.142001       -0.108211
     C   16        0.142001       -0.138085       -0.570397
     C   16       -0.108211       -0.570397       -0.051742

     C   17       -0.632940        0.365471       -0.389400
     C   17        0.365471        0.287995       -0.045172
     C   17       -0.389400       -0.045172        0.344945

     Cl  18        0.209273       -0.073819       -0.210753
     Cl  18       -0.073819        0.055784       -0.403833
     Cl  18       -0.210753       -0.403833       -0.265057

     H   19        0.450882        0.059451       -0.029480
     H   19        0.059451       -0.438907        0.629137
     H   19       -0.029480        0.629137       -0.011975

     C   20       -0.164313       -0.018410       -0.301575
     C   20       -0.018410       -0.111797        0.360632
     C   20       -0.301575        0.360632        0.276109

     H   21       -0.301579        0.525781       -0.183116
     H   21        0.525781       -0.060221       -0.015978
     H   21       -0.183116       -0.015978        0.361799

     C   22       -0.581920       -0.373643       -0.309804
     C   22       -0.373643        0.170412        0.230904
     C   22       -0.309804        0.230904        0.411508

     C   23       -0.037042        0.093089       -0.358623
     C   23        0.093089       -0.179069        0.530998
     C   23       -0.358623        0.530998        0.216112

     Cl  24       -0.014716       -0.172629        0.073256
     Cl  24       -0.172629       -0.084874        0.010814
     Cl  24        0.073256        0.010814        0.099590

     ----- ionic term -----
     Cl   1        0.066802       -0.199285       -0.045569
     Cl   1       -0.199285        0.068797        0.048096
     Cl   1       -0.045569        0.048096       -0.135599

     C    2        0.175713       -0.192333        0.261020
     C    2       -0.192333        0.082058        0.421917
     C    2        0.261020        0.421917       -0.257771

     C    3        0.117239       -0.171311        0.177044
     C    3       -0.171311        0.157177        0.458795
     C    3        0.177044        0.458795       -0.274416

     H    4        0.713987        0.263651        0.628742
     H    4        0.263651       -0.488780        0.209245
     H    4        0.628742        0.209245       -0.225207

     C    5        0.321511       -0.206039        0.214853
     C    5       -0.206039       -0.011326        0.335388
     C    5        0.214853        0.335388       -0.310185

     H    6       -0.484920        0.214680        0.181715
     H    6        0.214680        0.406991        0.802147
     H    6        0.181715        0.802147        0.077929

     H    7       -0.494440       -0.111916        0.102435
     H    7       -0.111916        0.408129       -0.777351
     H    7        0.102435       -0.777351        0.086310

     C    8        0.279312        0.197277        0.281733
     C    8        0.197277        0.035023       -0.270337
     C    8        0.281733       -0.270337       -0.314336

     H    9        0.603084       -0.335680        0.648242
     H    9       -0.335680       -0.374483       -0.248947
     H    9        0.648242       -0.248947       -0.228601

     C   10        0.110145        0.228523        0.210913
     C   10        0.228523        0.188034       -0.358238
     C   10        0.210913       -0.358238       -0.298179

     C   11        0.195263        0.198243        0.316566
     C   11        0.198243        0.098138       -0.340034
     C   11        0.316566       -0.340034       -0.293401

     Cl  12        0.117179        0.216901        0.037638
     Cl  12        0.216901        0.036637        0.018594
     Cl  12        0.037638        0.018594       -0.153816

     H   13       -0.488805        0.243355        0.219304
     H   13        0.243355        0.451464        0.807055
     H   13        0.219304        0.807055        0.037341

     C   14        0.265691       -0.301663        0.230496
     C   14       -0.301663        0.033510        0.337196
     C   14        0.230496        0.337196       -0.299201

     H   15        0.746050        0.110656        0.650809
     H   15        0.110656       -0.520178        0.131982
     H   15        0.650809        0.131982       -0.225871

     C   16        0.140010       -0.328675        0.132597
     C   16       -0.328675        0.109291        0.431824
     C   16        0.132597        0.431824       -0.249301

     C   17        0.252626       -0.183420        0.173061
     C   17       -0.183420       -0.039054        0.432437
     C   17        0.173061        0.432437       -0.213571

     Cl  18        0.082718       -0.192000       -0.063921
     Cl  18       -0.192000        0.020754        0.050175
     Cl  18       -0.063921        0.050175       -0.103472

     H   19       -0.518406       -0.105202        0.079708
     H   19       -0.105202        0.569243       -0.749336
     H   19        0.079708       -0.749336       -0.050837

     C   20        0.297670        0.163752        0.265594
     C   20        0.163752        0.007369       -0.306990
     C   20        0.265594       -0.306990       -0.305039

     H   21        0.778068       -0.451312        0.449720
     H   21       -0.451312       -0.326649       -0.210526
     H   21        0.449720       -0.210526       -0.451419

     C   22        0.179111        0.151453        0.123357
     C   22        0.151453        0.200292       -0.367472
     C   22        0.123357       -0.367472       -0.379404

     C   23        0.188948        0.198490        0.218646
     C   23        0.198490        0.164908       -0.372346
     C   23        0.218646       -0.372346       -0.353856

     Cl  24        0.104240        0.207345       -0.008626
     Cl  24        0.207345        0.044481       -0.023020
     Cl  24       -0.008626       -0.023020       -0.148721

     ----- GIPAW term -----
     Cl   1       -0.597761       -0.768169        1.107341
     Cl   1       -0.768169       -1.452863        0.064066
     Cl   1        1.107341        0.064066        2.050623

     C    2       -0.081537       -0.162345        0.018288
     C    2       -0.162345       -0.060935       -0.196523
     C    2        0.018288       -0.196523        0.142472

     C    3        0.067166       -0.009309       -0.239241
     C    3       -0.009309       -0.127718       -0.077323
     C    3       -0.239241       -0.077323        0.060552

     H    4       -0.000000        0.000000        0.000000
     H    4        0.000000        0.000000        0.000000
     H    4        0.000000        0.000000        0.000000

     C    5        0.233631        0.218908        0.056601
     C    5        0.218908       -0.156181       -0.050045
     C    5        0.056601       -0.050045       -0.077450

     H    6       -0.000000        0.000000        0.000000
     H    6        0.000000        0.000000        0.000000
     H    6        0.000000        0.000000        0.000000

     H    7       -0.000000        0.000000        0.000000
     H    7        0.000000        0.000000        0.000000
     H    7        0.000000        0.000000        0.000000

     C    8       -0.136403        0.089187       -0.121676
     C    8        0.089187        0.138885       -0.140065
     C    8       -0.121676       -0.140065       -0.002481

     H    9       -0.000000        0.000000        0.000000
     H    9        0.000000        0.000000        0.000000
     H    9        0.000000        0.000000        0.000000

     C   10       -0.101580        0.130946       -0.055489
     C   10        0.130946        0.237123        0.014863
     C   10       -0.055489        0.014863       -0.135543

     C   11       -0.180148        0.061630       -0.066200
     C   11        0.061630        0.215748       -0.170399
     C   11       -0.066200       -0.170399       -0.035600

     Cl  12        0.001715        0.650977       -0.207748
     Cl  12        0.650977        2.660842        0.317828
     Cl  12       -0.207748        0.317828       -2.662557

     H   13       -0.000000        0.000000        0.000000
     H   13        0.000000        0.000000        0.000000
     H   13        0.000000        0.000000        0.000000

     C   14       -0.087764       -0.069270        0.072080
     C   14       -0.069270        0.119299       -0.088589
     C   14        0.072080       -0.088589       -0.031535

     H   15       -0.000000        0.000000        0.000000
     H   15        0.000000        0.000000        0.000000
     H   15        0.000000        0.000000        0.000000

     C   16       -0.069675        0.025537       -0.000001
     C   16        0.025537        0.208265       -0.034150
     C   16       -0.000001       -0.034150       -0.138590

     C   17       -0.066827        0.124254        0.045450
     C   17        0.124254        0.126676        0.141378
     C   17        0.045450        0.141378       -0.059849

     Cl  18        0.064722       -0.473885        0.231216
     Cl  18       -0.473885       -0.007044        0.562957
     Cl  18        0.231216        0.562957       -0.057679

     H   19       -0.000000        0.000000        0.000000
     H   19        0.000000        0.000000        0.000000
     H   19        0.000000        0.000000        0.000000

     C   20       -0.098411        0.051743       -0.063068
     C   20        0.051743        0.095022       -0.071598
     C   20       -0.063068       -0.071598        0.003388

     H   21       -0.000000        0.000000        0.000000
     H   21        0.000000        0.000000        0.000000
     H   21        0.000000        0.000000        0.000000

     C   22       -0.203831       -0.063365       -0.068295
     C   22       -0.063365        0.196241       -0.038868
     C   22       -0.068295       -0.038868        0.007589

     C   23        0.031947        0.168640       -0.071103
     C   23        0.168640        0.034118        0.010535
     C   23       -0.071103        0.010535       -0.066065

     Cl  24        1.723973        1.515853        0.588638
     Cl  24        1.515853       -0.524740        0.057746
     Cl  24        0.588638        0.057746       -1.199233

     ----- total EFG -----
     Cl   1       -0.627197       -0.787685        1.035003
     Cl   1       -0.787685       -1.361430        0.124107
     Cl   1        1.035003        0.124107        1.988627

     C    2       -0.226507       -0.540328       -0.002786
     C    2       -0.540328       -0.048399       -0.383410
     C    2       -0.002786       -0.383410        0.274905

     C    3        0.170153       -0.123502       -0.505636
     C    3       -0.123502       -0.293278       -0.123156
     C    3       -0.505636       -0.123156        0.123125

     H    4        0.001323        0.069387        0.558421
     H    4        0.069387       -0.070460        0.061424
     H    4        0.558421        0.061424        0.069138

     C    5        0.662450        0.595607        0.255868
     C    5        0.595607       -0.624847       -0.090354
     C    5        0.255868       -0.090354       -0.037602

     H    6       -0.551117       -0.042760       -0.201272
     H    6       -0.042760        0.341589        0.384135
     H    6       -0.201272        0.384135        0.209528

     H    7       -0.200504       -0.183853       -0.175300
     H    7       -0.183853        0.071022       -0.305698
     H    7       -0.175300       -0.305698        0.129483

     C    8       -0.560747       -0.021064       -0.264695
     C    8       -0.021064        0.406339       -0.372582
     C    8       -0.264695       -0.372582        0.154408

     H    9        0.156695       -0.455213        0.212575
     H    9       -0.455213       -0.214393       -0.103750
     H    9        0.212575       -0.103750        0.057698

     C   10        0.024078        0.426118       -0.116205
     C   10        0.426118        0.333994        0.259441
     C   10       -0.116205        0.259441       -0.358072

     C   11       -0.759528       -0.121238       -0.116938
     C   11       -0.121238        0.630126       -0.481903
     C   11       -0.116938       -0.481903        0.129402

     Cl  12        0.145176        0.806827       -0.204420
     Cl  12        0.806827        2.747730        0.339588
     Cl  12       -0.204420        0.339588       -2.892905

     H   13       -0.212038        0.351210       -0.166617
     H   13        0.351210        0.487469        0.566752
     H   13       -0.166617        0.566752       -0.275431

     C   14       -0.318743       -0.015157        0.327535
     C   14       -0.015157        0.353055        0.064966
     C   14        0.327535        0.064966       -0.034312

     H   15        0.636685        0.371883        0.211227
     H   15        0.371883       -0.666339        0.120314
     H   15        0.211227        0.120314        0.029654

     C   16        0.260162       -0.161138        0.024385
     C   16       -0.161138        0.179471       -0.172723
     C   16        0.024385       -0.172723       -0.439633

     C   17       -0.447142        0.306305       -0.170889
     C   17        0.306305        0.375616        0.528643
     C   17       -0.170889        0.528643        0.071525

     Cl  18        0.356713       -0.739704       -0.043458
     Cl  18       -0.739704        0.069494        0.209299
     Cl  18       -0.043458        0.209299       -0.426207

     H   19       -0.067523       -0.045751        0.050227
     H   19       -0.045751        0.130335       -0.120199
     H   19        0.050227       -0.120199       -0.062812

     C   20        0.034947        0.197085       -0.099049
     C   20        0.197085       -0.009405       -0.017956
     C   20       -0.099049       -0.017956       -0.025542

     H   21        0.476489        0.074468        0.266605
     H   21        0.074468       -0.386870       -0.226504
     H   21        0.266605       -0.226504       -0.089620

     C   22       -0.606639       -0.285556       -0.254741
     C   22       -0.285556        0.566946       -0.175437
     C   22       -0.254741       -0.175437        0.039694

     C   23        0.183853        0.460219       -0.211079
     C   23        0.460219        0.019957        0.169188
     C   23       -0.211079        0.169188       -0.203810

     Cl  24        1.813497        1.550568        0.653268
     Cl  24        1.550568       -0.565133        0.045540
     Cl  24        0.653268        0.045540       -1.248364

     ----- total EFG (symmetrized) -----
     Cl   1       -0.627197       -0.787685        1.035003
     Cl   1       -0.787685       -1.361430        0.124107
     Cl   1        1.035003        0.124107        1.988627

     C    2       -0.226507       -0.540328       -0.002786
     C    2       -0.540328       -0.048399       -0.383410
     C    2       -0.002786       -0.383410        0.274905

     C    3        0.170153       -0.123502       -0.505636
     C    3       -0.123502       -0.293278       -0.123156
     C    3       -0.505636       -0.123156        0.123125

     H    4        0.001323        0.069387        0.558421
     H    4        0.069387       -0.070460        0.061424
     H    4        0.558421        0.061424        0.069138

     C    5        0.662450        0.595607        0.255868
     C    5        0.595607       -0.624847       -0.090354
     C    5        0.255868       -0.090354       -0.037602

     H    6       -0.551117       -0.042760       -0.201272
     H    6       -0.042760        0.341589        0.384135
     H    6       -0.201272        0.384135        0.209528

     H    7       -0.200504       -0.183853       -0.175300
     H    7       -0.183853        0.071022       -0.305698
     H    7       -0.175300       -0.305698        0.129483

     C    8       -0.560747       -0.021064       -0.264695
     C    8       -0.021064        0.406339       -0.372582
     C    8       -0.264695       -0.372582        0.154408

     H    9        0.156695       -0.455213        0.212575
     H    9       -0.455213       -0.214393       -0.103750
     H    9        0.212575       -0.103750        0.057698

     C   10        0.024078        0.426118       -0.116205
     C   10        0.426118        0.333994        0.259441
     C   10       -0.116205        0.259441       -0.358072

     C   11       -0.759528       -0.121238       -0.116938
     C   11       -0.121238        0.630126       -0.481903
     C   11       -0.116938       -0.481903        0.129402

     Cl  12        0.145176        0.806827       -0.204420
     Cl  12        0.806827        2.747730        0.339588
     Cl  12       -0.204420        0.339588       -2.892905

     H   13       -0.212038        0.351210       -0.166617
     H   13        0.351210        0.487469        0.566752
     H   13       -0.166617        0.566752       -0.275431

     C   14       -0.318743       -0.015157        0.327535
     C   14       -0.015157        0.353055        0.064966
     C   14        0.327535        0.064966       -0.034312

     H   15        0.636685        0.371883        0.211227
     H   15        0.371883       -0.666339        0.120314
     H   15        0.211227        0.120314        0.029654

     C   16        0.260162       -0.161138        0.024385
     C   16       -0.161138        0.179471       -0.172723
     C   16        0.024385       -0.172723       -0.439633

     C   17       -0.447142        0.306305       -0.170889
     C   17        0.306305        0.375616        0.528643
     C   17       -0.170889        0.528643        0.071525

     Cl  18        0.356713       -0.739704       -0.043458
     Cl  18       -0.739704        0.069494        0.209299
     Cl  18       -0.043458        0.209299       -0.426207

     H   19       -0.067523       -0.045751        0.050227
     H   19       -0.045751        0.130335       -0.120199
     H   19        0.050227       -0.120199       -0.062812

     C   20        0.034947        0.197085       -0.099049
     C   20        0.197085       -0.009405       -0.017956
     C   20       -0.099049       -0.017956       -0.025542

     H   21        0.476489        0.074468        0.266605
     H   21        0.074468       -0.386870       -0.226504
     H   21        0.266605       -0.226504       -0.089620

     C   22       -0.606639       -0.285556       -0.254741
     C   22       -0.285556        0.566946       -0.175437
     C   22       -0.254741       -0.175437        0.039694

     C   23        0.183853        0.460219       -0.211079
     C   23        0.460219        0.019957        0.169188
     C   23       -0.211079        0.169188       -0.203810

     Cl  24        1.813497        1.550568        0.653268
     Cl  24        1.550568       -0.565133        0.045540
     Cl  24        0.653268        0.045540       -1.248364


     NQR/NMR SPECTROSCOPIC PARAMETERS:
     Cl   1    Vxx=   -0.3704    axis=( -0.731636  0.617634  0.288508)
     Cl   1    Vyy=   -1.9839    axis=(  0.592509  0.785445 -0.178911)
     Cl   1    Vzz=    2.3543    axis=(  0.337109 -0.040046  0.940614)
     Cl   1  Q=        -8.1650 1e-30 m^2  Cq=       -45.1657 MHz  eta= 0.68535

     C    2    Vxx=    0.0911    axis=( -0.600541  0.349253  0.719286)
     C    2    Vyy=    0.6597    axis=(  0.395525 -0.652048  0.646834)
     C    2    Vzz=   -0.7508    axis=(  0.694917  0.672946  0.253443)
     C    2  Q=         1.0000 1e-30 m^2  Cq=        -1.7640 MHz  eta= 0.75741

     C    3    Vxx=   -0.1489    axis=( -0.437350  0.770260 -0.464139)
     C    3    Vyy=   -0.5039    axis=(  0.533575  0.637713  0.555535)
     C    3    Vzz=    0.6528    axis=(  0.723894 -0.004690 -0.689896)
     C    3  Q=         1.0000 1e-30 m^2  Cq=         1.5339 MHz  eta= 0.54371

     H    4    Vxx=   -0.0829    axis=( -0.078692  0.990674 -0.111232)
     H    4    Vyy=   -0.5244    axis=( -0.729157  0.018890  0.684086)
     H    4    Vzz=    0.6072    axis=(  0.679807  0.134937  0.720870)
     H    4  Q=         1.0000 1e-30 m^2  Cq=         1.4268 MHz  eta= 0.72707

     C    5    Vxx=   -0.0438    axis=( -0.118467 -0.270020  0.955539)
     C    5    Vyy=   -0.8959    axis=( -0.378820  0.901822  0.207875)
     C    5    Vzz=    0.9397    axis=( -0.917857 -0.337351 -0.209125)
     C    5  Q=         1.0000 1e-30 m^2  Cq=         2.2078 MHz  eta= 0.90679

     H    6    Vxx=   -0.0825    axis=( -0.242893 -0.664544  0.706671)
     H    6    Vyy=   -0.6045    axis=( -0.961014  0.065627 -0.268600)
     H    6    Vzz=    0.6870    axis=(  0.132120 -0.744362 -0.654576)
     H    6  Q=         1.0000 1e-30 m^2  Cq=         1.6141 MHz  eta= 0.75974

     H    7    Vxx=    0.0503    axis=(  0.711380 -0.528116 -0.463715)
     H    7    Vyy=    0.4074    axis=(  0.012047  0.668870 -0.743282)
     H    7    Vzz=   -0.4577    axis=(  0.702704  0.523170  0.482183)
     H    7  Q=         1.0000 1e-30 m^2  Cq=        -1.0753 MHz  eta= 0.78039

     C    8    Vxx=   -0.0216    axis=( -0.371617  0.599112  0.709200)
     C    8    Vyy=   -0.6679    axis=( -0.921253 -0.143458 -0.361542)
     C    8    Vzz=    0.6895    axis=( -0.114864 -0.787708  0.605245)
     C    8  Q=         1.0000 1e-30 m^2  Cq=         1.6202 MHz  eta= 0.93723

     H    9    Vxx=   -0.0476    axis=( -0.310790  0.284066  0.907037)
     H    9    Vyy=   -0.5224    axis=( -0.568999 -0.820009  0.061846)
     H    9    Vzz=    0.5701    axis=(  0.761347 -0.496882  0.416484)
     H    9  Q=         1.0000 1e-30 m^2  Cq=         1.3394 MHz  eta= 0.83289

     C   10    Vxx=   -0.0806    axis=( -0.708685  0.342338  0.616904)
     C   10    Vyy=   -0.5743    axis=(  0.461171 -0.436958  0.772262)
     C   10    Vzz=    0.6549    axis=( -0.533936 -0.831789 -0.151789)
     C   10  Q=         1.0000 1e-30 m^2  Cq=         1.5387 MHz  eta= 0.75382

     C   11    Vxx=   -0.1218    axis=( -0.246817  0.494368  0.833476)
     C   11    Vyy=   -0.8021    axis=(  0.968717  0.148821  0.198595)
     C   11    Vzz=    0.9239    axis=( -0.025860  0.856419 -0.515634)
     C   11  Q=         1.0000 1e-30 m^2  Cq=         2.1709 MHz  eta= 0.73633

     Cl  12    Vxx=   -0.0553    axis=( -0.959276  0.263916  0.100691)
     Cl  12    Vyy=   -2.9347    axis=(  0.084672 -0.071415  0.993846)
     Cl  12    Vzz=    2.9901    axis=(  0.269483  0.961898  0.046161)
     Cl  12  Q=        -8.1650 1e-30 m^2  Cq=       -57.3629 MHz  eta= 0.96298

     H   13    Vxx=   -0.0785    axis=(  0.826712  0.048307 -0.560548)
     H   13    Vyy=   -0.7650    axis=( -0.514242  0.469084 -0.717994)
     H   13    Vzz=    0.8436    axis=(  0.228260  0.881832  0.412639)
     H   13  Q=         1.0000 1e-30 m^2  Cq=         1.9821 MHz  eta= 0.81379

     C   14    Vxx=    0.1692    axis=(  0.546295 -0.238707  0.802858)
     C   14    Vyy=    0.3670    axis=(  0.087742  0.969566  0.228569)
     C   14    Vzz=   -0.5362    axis=( -0.832985 -0.054421  0.550613)
     C   14  Q=         1.0000 1e-30 m^2  Cq=        -1.2599 MHz  eta= 0.36879

     H   15    Vxx=   -0.0366    axis=( -0.301430  0.004161  0.953479)
     H   15    Vyy=   -0.7701    axis=( -0.243329  0.966544 -0.081143)
     H   15    Vzz=    0.8067    axis=( -0.921917 -0.256468 -0.290333)
     H   15  Q=         1.0000 1e-30 m^2  Cq=         1.8953 MHz  eta= 0.90926

     C   16    Vxx=    0.0794    axis=(  0.666498  0.716191 -0.207005)
     C   16    Vyy=    0.4055    axis=( -0.745122  0.648879 -0.154108)
     C   16    Vzz=   -0.4850    axis=(  0.023950  0.256957  0.966126)
     C   16  Q=         1.0000 1e-30 m^2  Cq=        -1.1395 MHz  eta= 0.67240

     C   17    Vxx=   -0.0700    axis=(  0.621178  0.383685 -0.683318)
     C   17    Vyy=   -0.7213    axis=( -0.773991  0.436989 -0.458234)
     C   17    Vzz=    0.7912    axis=( -0.122785 -0.813527 -0.568417)
     C   17  Q=         1.0000 1e-30 m^2  Cq=         1.8590 MHz  eta= 0.82316

     Cl  18    Vxx=   -0.3521    axis=(  0.445709  0.379483  0.810762)
     Cl  18    Vyy=   -0.6343    axis=( -0.473786 -0.668445  0.573330)
     Cl  18    Vzz=    0.9865    axis=( -0.759520  0.639666  0.118138)
     Cl  18  Q=        -8.1650 1e-30 m^2  Cq=       -18.9245 MHz  eta= 0.28606

     H   19    Vxx=   -0.0700    axis=( -0.871872 -0.382575 -0.305737)
     H   19    Vyy=   -0.1327    axis=( -0.433164  0.311154  0.845903)
     H   19    Vzz=    0.2027    axis=(  0.228490 -0.869954  0.437004)
     H   19  Q=         1.0000 1e-30 m^2  Cq=         0.4763 MHz  eta= 0.30957

     C   20    Vxx=   -0.0367    axis=(  0.020369  0.443037  0.896272)
     C   20    Vyy=   -0.2029    axis=(  0.679851 -0.663438  0.312494)
     C   20    Vzz=    0.2396    axis=(  0.733068  0.602965 -0.314713)
     C   20  Q=         1.0000 1e-30 m^2  Cq=         0.5629 MHz  eta= 0.69389

     H   21    Vxx=   -0.0347    axis=(  0.317715  0.559537 -0.765491)
     H   21    Vyy=   -0.5478    axis=( -0.196655  0.828652  0.524083)
     H   21    Vzz=    0.5825    axis=(  0.927569 -0.015971  0.373311)
     H   21  Q=         1.0000 1e-30 m^2  Cq=         1.3687 MHz  eta= 0.88083

     C   22    Vxx=    0.1190    axis=( -0.371604  0.123489  0.920142)
     C   22    Vyy=    0.6561    axis=(  0.177337 -0.963423  0.200916)
     C   22    Vzz=   -0.7751    axis=(  0.911297  0.237836  0.336113)
     C   22  Q=         1.0000 1e-30 m^2  Cq=        -1.8212 MHz  eta= 0.69288

     C   23    Vxx=   -0.0105    axis=( -0.327141  0.504615  0.798963)
     C   23    Vyy=   -0.5629    axis=( -0.536495  0.596835 -0.596625)
     C   23    Vzz=    0.5734    axis=( -0.777915 -0.623820  0.075475)
     C   23  Q=         1.0000 1e-30 m^2  Cq=         1.3472 MHz  eta= 0.96329

     Cl  24    Vxx=   -1.0909    axis=(  0.214399 -0.692009  0.689316)
     Cl  24    Vyy=   -1.5815    axis=( -0.401548  0.580885  0.708048)
     Cl  24    Vzz=    2.6724    axis=(  0.890389  0.428598  0.153333)
     Cl  24  Q=        -8.1650 1e-30 m^2  Cq=       -51.2682 MHz  eta= 0.18358

     Initialization:
     gipaw_setup  :      8.90s CPU     10.76s WALL (       1 calls)

     Linear response

     Apply operators

     Induced current

     Other routines
     efg          :      9.10s CPU     11.51s WALL (       1 calls)

     General routines
     calbec       :      3.10s CPU      4.21s WALL (      16 calls)
     fft          :      1.80s CPU      3.00s WALL (      15 calls)
     ffts         :      0.04s CPU      0.06s WALL (       2 calls)
     fftw         :      3.19s CPU      3.90s WALL (     672 calls)
     davcio       :      0.02s CPU      0.33s WALL (      32 calls)

     Parallel routines
     fft_scatter  :      2.38s CPU      4.12s WALL (     689 calls)

     Plugins

     GIPAW        :     60.24s CPU     73.89s WALL (       1 calls)
