
     Program QE v.6.0 (svn rev. 13079) starts on 13Jan2017 at 21:18:15 

     This program is part of the open-source Quantum ESPRESSO suite
     for quantum simulation of materials; please cite
         "P. Giannozzi et al., J. Phys.:Condens. Matter 21 395502 (2009);
          URL http://www.quantum-espresso.org", 
     in publications or presentations arising from this work. More details at
     http://www.quantum-espresso.org/quote

     Parallel version (MPI), running on     8 processors
     R & G space division:  proc/nbgrp/npool/nimage =       8

     ***** This is GIPAW svn revision unknown      *****

     Parallelizing q-star over 1 images

     Reading data from directory:
     /users/majewski/paradichlorobenzene/pbe/9_constraint/scratch/pbe.ecut100.np8.dt60.pcl2phi-129368.save
     Message from routine read_xml_file:
     file /users/majewski/paradichlorobenzene/pbe/9_constraint/scratch/pbe.ecut100.np8.dt60.pcl2phi-129368.save not guaranteed to be safe for post-processing

   Info: using nr1, nr2, nr3 values from input

   Info: using nr1, nr2, nr3 values from input

     IMPORTANT: XC functional enforced from input :
     Exchange-correlation      =  SLA  PW   PBX  PBC ( 1  4  3  4 0 0)
     Any further DFT definition will be discarded
     Please, verify this is what you really want

               file C.pbe-n-kjpaw_psl.1.0.0.UPF: wavefunction(s)  2S 2P renormalized
               file Cl.pbe-n-kjpaw_psl.1.0.0.UPF: wavefunction(s)  3S 3P renormalized
               file H.pbe-kjpaw_psl.1.0.0.UPF: wavefunction(s)  1S renormalized

     Parallelization info
     --------------------
     sticks:   dense  smooth     PW     G-vecs:    dense   smooth      PW
     Min        3057    1223    332               144436    36536    5170
     Max        3059    1225    333               144437    36537    5171
     Sum       24467    9791   2657              1155489   292295   41363


     Subspace diagonalization in iterative solution of the eigenvalue problem:
     a serial algorithm will be used

     GIPAW projectors -----------------------------------------------
     atom=  C    l=0  rc=    1.2000  rs=    0.8000
     atom=  C    l=0  rc=    1.2000  rs=    0.8000
     atom=  C    l=1  rc=    1.4000  rs=    0.9333
     atom=  C    l=1  rc=    1.4000  rs=    0.9333
     projs nearly linearly dependent: l=1  n1,n2= 1, 2  s=  0.99951561

     atom=  Cl   l=0  rc=    1.6000  rs=    1.0667
     atom=  Cl   l=0  rc=    1.6000  rs=    1.0667
     atom=  Cl   l=1  rc=    1.6000  rs=    1.0667
     atom=  Cl   l=1  rc=    1.6000  rs=    1.0667
     atom=  Cl   l=2  rc=    1.6000  rs=    1.0667
     atom=  Cl   l=2  rc=    1.6000  rs=    1.0667
     projs nearly linearly dependent: l=2  n1,n2= 1, 2  s=  0.99993509

     atom=  H    l=0  rc=    1.0000  rs=    0.6667
     atom=  H    l=0  rc=    1.0000  rs=    0.6667
     projs nearly linearly dependent: l=0  n1,n2= 1, 2  s=  0.99968852
     -----------------------------------------------------------------

     GIPAW integrals: -------------------------------------------
     Atom  i/j   nmr_para   nmr_dia   epr_rmc  epr_para   epr_dia
       C   1 1   0.83E+03  0.17E-01  0.93E+01  0.24E+08  0.24E+03
       C   2 1   0.86E+03 -0.61E-01  0.94E+01  0.25E+08  0.25E+03
       C   2 2   0.90E+03 -0.15E+00  0.97E+01  0.26E+08  0.26E+03
       C   3 3   0.33E+01  0.34E+00  0.18E+01  0.55E+03  0.21E+02
       C   4 3   0.35E+01  0.37E+00  0.20E+01  0.59E+03  0.22E+02
       C   4 4   0.38E+01  0.39E+00  0.22E+01  0.63E+03  0.24E+02
       Cl  1 1   0.14E+04 -0.47E+00  0.84E+01  0.32E+09  0.42E+03
       Cl  2 1   0.21E+04 -0.37E+00  0.12E+02  0.49E+09  0.65E+03
       Cl  2 2   0.33E+04 -0.16E+00  0.21E+02  0.76E+09  0.10E+04
       Cl  3 3   0.21E+02  0.79E-01  0.89E+01  0.23E+05  0.13E+03
       Cl  4 3   0.24E+02  0.67E-01  0.99E+01  0.27E+05  0.15E+03
       Cl  4 4   0.28E+02  0.44E-01  0.11E+02  0.32E+05  0.18E+03
       Cl  5 5   0.77E+00  0.19E+00  0.18E+01  0.12E+03  0.22E+02
       Cl  6 5   0.80E+00  0.19E+00  0.19E+01  0.12E+03  0.23E+02
       Cl  6 6   0.83E+00  0.20E+00  0.19E+01  0.12E+03  0.23E+02
       H   1 1   0.39E+02  0.19E+00  0.29E+00  0.78E+05  0.13E+02
       H   2 1   0.41E+02  0.21E+00  0.32E+00  0.82E+05  0.14E+02
       H   2 2   0.43E+02  0.22E+00  0.36E+00  0.86E+05  0.15E+02
     ------------------------------------------------------------

     alpha_pv=     33.9350 eV

     Number of occupied bands for each k-point:
     k-point:     1    nbnd_occ=  42
     k-point:     2    nbnd_occ=  42
     k-point:     3    nbnd_occ=  42
     k-point:     4    nbnd_occ=  42
     k-point:     5    nbnd_occ=  42
     k-point:     6    nbnd_occ=  42
     k-point:     7    nbnd_occ=  42
     k-point:     8    nbnd_occ=  42
     k-point:     9    nbnd_occ=  42
     k-point:    10    nbnd_occ=  42
     k-point:    11    nbnd_occ=  42
     k-point:    12    nbnd_occ=  42
     k-point:    13    nbnd_occ=  42
     k-point:    14    nbnd_occ=  42
     k-point:    15    nbnd_occ=  42
     k-point:    16    nbnd_occ=  42


     q-space interpolation up to   110.00 Rydberg

     GIPAW job: efg                                                                             


     ELECTRIC FIELD GRADIENTS TENSORS IN Hartree/bohrradius^2:

     ----- bare term -----
     Cl   1        0.288493        0.106376       -0.055727
     Cl   1        0.106376        0.347522        0.065989
     Cl   1       -0.055727        0.065989       -0.636015

     C    2       -0.145762        0.132743       -0.296192
     C    2        0.132743       -0.393808       -0.484219
     C    2       -0.296192       -0.484219        0.539570

     C    3       -0.059984        0.474591       -0.232018
     C    3        0.474591       -0.342479       -0.418196
     C    3       -0.232018       -0.418196        0.402463

     H    4       -0.101268       -0.031503       -0.249208
     H    4       -0.031503        0.317242       -0.488803
     H    4       -0.249208       -0.488803       -0.215974

     C    5       -0.566713        0.011853       -0.279448
     C    5        0.011853        0.018125       -0.275480
     C    5       -0.279448       -0.275480        0.548589

     H    6        0.080239        0.271751       -0.269799
     H    6        0.271751       -0.408506       -0.245152
     H    6       -0.269799       -0.245152        0.328267

     H    7        0.460794        0.111773       -0.023105
     H    7        0.111773       -0.803945        0.231026
     H    7       -0.023105        0.231026        0.343150

     C    8       -0.190375        0.108514       -0.352767
     C    8        0.108514        0.035882        0.503849
     C    8       -0.352767        0.503849        0.154493

     H    9       -0.305646        0.542232       -0.059073
     H    9        0.542232       -0.035936       -0.107697
     H    9       -0.059073       -0.107697        0.341582

     C   10       -0.509735       -0.381319       -0.270033
     C   10       -0.381319        0.155895        0.386603
     C   10       -0.270033        0.386603        0.353841

     C   11       -0.056716       -0.094352       -0.255257
     C   11       -0.094352        0.004743        0.669513
     C   11       -0.255257        0.669513        0.051973

     Cl  12       -0.047921       -0.042164       -0.020357
     Cl  12       -0.042164        0.019792       -0.003202
     Cl  12       -0.020357       -0.003202        0.028128

     H   13       -0.093586        0.283248        0.216691
     H   13        0.283248       -0.115810       -0.454852
     H   13        0.216691       -0.454852        0.209396

     C   14       -0.036441       -0.247348       -0.534839
     C   14       -0.247348       -0.100982       -0.477750
     C   14       -0.534839       -0.477750        0.137423

     H   15        0.110216       -0.052069       -0.214721
     H   15       -0.052069        0.392481       -0.327194
     H   15       -0.214721       -0.327194       -0.502697

     C   16       -0.358702        0.391294       -0.312141
     C   16        0.391294        0.100802       -0.007240
     C   16       -0.312141       -0.007240        0.257900

     C   17        0.071621       -0.012236       -0.192227
     C   17       -0.012236       -0.502992       -0.330395
     C   17       -0.192227       -0.330395        0.431372

     Cl  18        0.088530        0.104507       -0.132387
     Cl  18        0.104507       -0.030800       -0.338419
     Cl  18       -0.132387       -0.338419       -0.057730

     H   19        0.427442        0.119342       -0.015778
     H   19        0.119342       -0.581834        0.358123
     H   19       -0.015778        0.358123        0.154392

     C   20       -0.697971       -0.311705       -0.420612
     C   20       -0.311705        0.175375        0.134599
     C   20       -0.420612        0.134599        0.522596

     H   21       -0.516239        0.356795       -0.189982
     H   21        0.356795        0.307270        0.077860
     H   21       -0.189982        0.077860        0.208968

     C   22       -0.060442       -0.120448       -0.267045
     C   22       -0.120448       -0.266174        0.530871
     C   22       -0.267045        0.530871        0.326615

     C   23       -0.453456       -0.261672       -0.342439
     C   23       -0.261672        0.125119        0.375009
     C   23       -0.342439        0.375009        0.328337

     Cl  24        0.012432        0.118617       -0.021555
     Cl  24        0.118617        0.072732        0.040728
     Cl  24       -0.021555        0.040728       -0.085165

     ----- ionic term -----
     Cl   1        0.137206       -0.200334        0.108836
     Cl   1       -0.200334       -0.021200       -0.056905
     Cl   1        0.108836       -0.056905       -0.116007

     C    2        0.012032       -0.218078        0.422060
     C    2       -0.218078        0.188162        0.335282
     C    2        0.422060        0.335282       -0.200194

     C    3        0.012015       -0.261864        0.294482
     C    3       -0.261864        0.305498        0.338638
     C    3        0.294482        0.338638       -0.317512

     H    4        0.209214        0.382012        0.731332
     H    4        0.382012       -0.262381        0.417863
     H    4        0.731332        0.417863        0.053167

     C    5        0.180203       -0.168597        0.376090
     C    5       -0.168597        0.108931        0.279092
     C    5        0.376090        0.279092       -0.289134

     H    6       -0.507187       -0.117952       -0.057890
     H    6       -0.117952        0.743246        0.648848
     H    6       -0.057890        0.648848       -0.236060

     H    7       -0.499594       -0.155677        0.081387
     H    7       -0.155677        0.739402       -0.620040
     H    7        0.081387       -0.620040       -0.239808

     C    8        0.260029        0.081103        0.260527
     C    8        0.081103        0.050876       -0.310455
     C    8        0.260527       -0.310455       -0.310905

     H    9        0.688467       -0.460383        0.518184
     H    9       -0.460383       -0.350817       -0.232459
     H    9        0.518184       -0.232459       -0.337649

     C   10        0.155236        0.112149        0.137470
     C   10        0.112149        0.202514       -0.405989
     C   10        0.137470       -0.405989       -0.357750

     C   11        0.175892        0.098937        0.225182
     C   11        0.098937        0.209403       -0.389513
     C   11        0.225182       -0.389513       -0.385294

     Cl  12        0.096636        0.193686        0.014170
     Cl  12        0.193686        0.047616        0.007371
     Cl  12        0.014170        0.007371       -0.144252

     H   13       -0.524208       -0.182615       -0.093875
     H   13       -0.182615        0.589607        0.712213
     H   13       -0.093875        0.712213       -0.065400

     C   14        0.130718       -0.262322        0.404490
     C   14       -0.262322        0.011544        0.261164
     C   14        0.404490        0.261164       -0.142262

     H   15        0.311529        0.257895        0.800824
     H   15        0.257895       -0.456181        0.306370
     H   15        0.800824        0.306370        0.144652

     C   16        0.087358       -0.317320        0.300276
     C   16       -0.317320        0.101270        0.328999
     C   16        0.300276        0.328999       -0.188629

     C   17        0.188619       -0.159256        0.321936
     C   17       -0.159256        0.039542        0.449002
     C   17        0.321936        0.449002       -0.228161

     Cl  18        0.197795       -0.186438        0.044018
     Cl  18       -0.186438       -0.060230       -0.018431
     Cl  18        0.044018       -0.018431       -0.137566

     H   19       -0.492588       -0.096443        0.053301
     H   19       -0.096443        0.821172       -0.570045
     H   19        0.053301       -0.570045       -0.328584

     C   20        0.329290        0.138025        0.226799
     C   20        0.138025        0.122877       -0.256518
     C   20        0.226799       -0.256518       -0.452167

     H   21        0.599845       -0.520388        0.523757
     H   21       -0.520388       -0.258212       -0.292524
     H   21        0.523757       -0.292524       -0.341633

     C   22        0.151305        0.165184        0.164349
     C   22        0.165184        0.269878       -0.367621
     C   22        0.164349       -0.367621       -0.421183

     C   23        0.190628        0.145971        0.275789
     C   23        0.145971        0.171609       -0.384190
     C   23        0.275789       -0.384190       -0.362237

     Cl  24        0.150111        0.233897        0.015850
     Cl  24        0.233897        0.000661        0.004586
     Cl  24        0.015850        0.004586       -0.150772

     ----- GIPAW term -----
     Cl   1        0.034567       -0.559872        0.142221
     Cl   1       -0.559872       -0.226532       -0.126738
     Cl   1        0.142221       -0.126738        0.191965

     C    2       -0.068583       -0.076757       -0.055599
     C    2       -0.076757       -0.151600       -0.130199
     C    2       -0.055599       -0.130199        0.220182

     C    3        0.091024        0.083012       -0.105845
     C    3        0.083012       -0.114376       -0.053653
     C    3       -0.105845       -0.053653        0.023352

     H    4       -0.000000        0.000000        0.000000
     H    4        0.000000        0.000000        0.000000
     H    4        0.000000        0.000000        0.000000

     C    5       -0.082953       -0.012146        0.140039
     C    5       -0.012146       -0.111777       -0.021681
     C    5        0.140039       -0.021681        0.194730

     H    6       -0.000000        0.000000        0.000000
     H    6        0.000000        0.000000        0.000000
     H    6        0.000000        0.000000        0.000000

     H    7       -0.000000        0.000000        0.000000
     H    7        0.000000        0.000000        0.000000
     H    7        0.000000        0.000000        0.000000

     C    8       -0.082826        0.114853       -0.054654
     C    8        0.114853        0.191963        0.089042
     C    8       -0.054654        0.089042       -0.109137

     H    9       -0.000000        0.000000        0.000000
     H    9        0.000000        0.000000        0.000000
     H    9        0.000000        0.000000        0.000000

     C   10       -0.184048       -0.124413       -0.087441
     C   10       -0.124413        0.209672        0.141889
     C   10       -0.087441        0.141889       -0.025625

     C   11       -0.012397        0.002617       -0.054350
     C   11        0.002617        0.185755        0.146355
     C   11       -0.054350        0.146355       -0.173357

     Cl  12        1.210626        2.176752       -0.170821
     Cl  12        2.176752        0.265273       -0.033303
     Cl  12       -0.170821       -0.033303       -1.475899

     H   13       -0.000000        0.000000        0.000000
     H   13        0.000000        0.000000        0.000000
     H   13        0.000000        0.000000        0.000000

     C   14        0.192992       -0.182268       -0.137401
     C   14       -0.182268       -0.097855       -0.064003
     C   14       -0.137401       -0.064003       -0.095137

     H   15       -0.000000        0.000000        0.000000
     H   15        0.000000        0.000000        0.000000
     H   15        0.000000        0.000000        0.000000

     C   16       -0.049163       -0.023363       -0.131267
     C   16       -0.023363       -0.017116        0.088530
     C   16       -0.131267        0.088530        0.066279

     C   17       -0.075856       -0.081278       -0.013132
     C   17       -0.081278       -0.089938        0.157161
     C   17       -0.013132        0.157161        0.165793

     Cl  18       -0.228067       -0.062368        0.591004
     Cl  18       -0.062368       -0.094741        0.931855
     Cl  18        0.591004        0.931855        0.322809

     H   19       -0.000000        0.000000        0.000000
     H   19        0.000000        0.000000        0.000000
     H   19        0.000000        0.000000        0.000000

     C   20       -0.173813       -0.031442       -0.076757
     C   20       -0.031442        0.078916       -0.088108
     C   20       -0.076757       -0.088108        0.094898

     H   21       -0.000000        0.000000        0.000000
     H   21        0.000000        0.000000        0.000000
     H   21        0.000000        0.000000        0.000000

     C   22       -0.055308        0.045325       -0.077826
     C   22        0.045325        0.031569        0.013562
     C   22       -0.077826        0.013562        0.023739

     C   23       -0.085740        0.089570       -0.050301
     C   23        0.089570        0.178416        0.088890
     C   23       -0.050301        0.088890       -0.092676

     Cl  24        1.273086        2.892718       -0.090694
     Cl  24        2.892718        0.731629        0.386816
     Cl  24       -0.090694        0.386816       -2.004715

     ----- total EFG -----
     Cl   1        0.460267       -0.653830        0.195331
     Cl   1       -0.653830        0.099790       -0.117654
     Cl   1        0.195331       -0.117654       -0.560057

     C    2       -0.202313       -0.162093        0.070269
     C    2       -0.162093       -0.357246       -0.279137
     C    2        0.070269       -0.279137        0.559559

     C    3        0.043055        0.295740       -0.043381
     C    3        0.295740       -0.151358       -0.133211
     C    3       -0.043381       -0.133211        0.108303

     H    4        0.107946        0.350509        0.482124
     H    4        0.350509        0.054861       -0.070939
     H    4        0.482124       -0.070939       -0.162807

     C    5       -0.469464       -0.168890        0.236682
     C    5       -0.168890        0.015279       -0.018069
     C    5        0.236682       -0.018069        0.454185

     H    6       -0.426947        0.153800       -0.327689
     H    6        0.153800        0.334740        0.403696
     H    6       -0.327689        0.403696        0.092207

     H    7       -0.038799       -0.043904        0.058282
     H    7       -0.043904       -0.064543       -0.389015
     H    7        0.058282       -0.389015        0.103342

     C    8       -0.013171        0.304469       -0.146894
     C    8        0.304469        0.278720        0.282436
     C    8       -0.146894        0.282436       -0.265549

     H    9        0.382821        0.081850        0.459110
     H    9        0.081850       -0.386754       -0.340156
     H    9        0.459110       -0.340156        0.003933

     C   10       -0.538547       -0.393583       -0.220004
     C   10       -0.393583        0.568081        0.122503
     C   10       -0.220004        0.122503       -0.029534

     C   11        0.106778        0.007201       -0.084426
     C   11        0.007201        0.399900        0.426356
     C   11       -0.084426        0.426356       -0.506678

     Cl  12        1.259341        2.328274       -0.177008
     Cl  12        2.328274        0.332681       -0.029134
     Cl  12       -0.177008       -0.029134       -1.592022

     H   13       -0.617794        0.100634        0.122816
     H   13        0.100634        0.473798        0.257360
     H   13        0.122816        0.257360        0.143997

     C   14        0.287269       -0.691937       -0.267751
     C   14       -0.691937       -0.187293       -0.280589
     C   14       -0.267751       -0.280589       -0.099976

     H   15        0.421745        0.205826        0.586103
     H   15        0.205826       -0.063700       -0.020824
     H   15        0.586103       -0.020824       -0.358045

     C   16       -0.320507        0.050611       -0.143131
     C   16        0.050611        0.184956        0.410289
     C   16       -0.143131        0.410289        0.135551

     C   17        0.184384       -0.252771        0.116577
     C   17       -0.252771       -0.553388        0.275769
     C   17        0.116577        0.275769        0.369004

     Cl  18        0.058258       -0.144299        0.502636
     Cl  18       -0.144299       -0.185771        0.575005
     Cl  18        0.502636        0.575005        0.127513

     H   19       -0.065146        0.022899        0.037523
     H   19        0.022899        0.239338       -0.211921
     H   19        0.037523       -0.211921       -0.174192

     C   20       -0.542494       -0.205122       -0.270570
     C   20       -0.205122        0.377168       -0.210027
     C   20       -0.270570       -0.210027        0.165326

     H   21        0.083607       -0.163593        0.333775
     H   21       -0.163593        0.049058       -0.214664
     H   21        0.333775       -0.214664       -0.132665

     C   22        0.035555        0.090061       -0.180522
     C   22        0.090061        0.035273        0.176813
     C   22       -0.180522        0.176813       -0.070829

     C   23       -0.348568       -0.026131       -0.116952
     C   23       -0.026131        0.475144        0.079708
     C   23       -0.116952        0.079708       -0.126576

     Cl  24        1.435630        3.245232       -0.096398
     Cl  24        3.245232        0.805022        0.432130
     Cl  24       -0.096398        0.432130       -2.240652

     ----- total EFG (symmetrized) -----
     Cl   1        0.460267       -0.653830        0.195331
     Cl   1       -0.653830        0.099790       -0.117654
     Cl   1        0.195331       -0.117654       -0.560057

     C    2       -0.202313       -0.162093        0.070269
     C    2       -0.162093       -0.357246       -0.279137
     C    2        0.070269       -0.279137        0.559559

     C    3        0.043055        0.295740       -0.043381
     C    3        0.295740       -0.151358       -0.133211
     C    3       -0.043381       -0.133211        0.108303

     H    4        0.107946        0.350509        0.482124
     H    4        0.350509        0.054861       -0.070939
     H    4        0.482124       -0.070939       -0.162807

     C    5       -0.469464       -0.168890        0.236682
     C    5       -0.168890        0.015279       -0.018069
     C    5        0.236682       -0.018069        0.454185

     H    6       -0.426947        0.153800       -0.327689
     H    6        0.153800        0.334740        0.403696
     H    6       -0.327689        0.403696        0.092207

     H    7       -0.038799       -0.043904        0.058282
     H    7       -0.043904       -0.064543       -0.389015
     H    7        0.058282       -0.389015        0.103342

     C    8       -0.013171        0.304469       -0.146894
     C    8        0.304469        0.278720        0.282436
     C    8       -0.146894        0.282436       -0.265549

     H    9        0.382821        0.081850        0.459110
     H    9        0.081850       -0.386754       -0.340156
     H    9        0.459110       -0.340156        0.003933

     C   10       -0.538547       -0.393583       -0.220004
     C   10       -0.393583        0.568081        0.122503
     C   10       -0.220004        0.122503       -0.029534

     C   11        0.106778        0.007201       -0.084426
     C   11        0.007201        0.399900        0.426356
     C   11       -0.084426        0.426356       -0.506678

     Cl  12        1.259341        2.328274       -0.177008
     Cl  12        2.328274        0.332681       -0.029134
     Cl  12       -0.177008       -0.029134       -1.592022

     H   13       -0.617794        0.100634        0.122816
     H   13        0.100634        0.473798        0.257360
     H   13        0.122816        0.257360        0.143997

     C   14        0.287269       -0.691937       -0.267751
     C   14       -0.691937       -0.187293       -0.280589
     C   14       -0.267751       -0.280589       -0.099976

     H   15        0.421745        0.205826        0.586103
     H   15        0.205826       -0.063700       -0.020824
     H   15        0.586103       -0.020824       -0.358045

     C   16       -0.320507        0.050611       -0.143131
     C   16        0.050611        0.184956        0.410289
     C   16       -0.143131        0.410289        0.135551

     C   17        0.184384       -0.252771        0.116577
     C   17       -0.252771       -0.553388        0.275769
     C   17        0.116577        0.275769        0.369004

     Cl  18        0.058258       -0.144299        0.502636
     Cl  18       -0.144299       -0.185771        0.575005
     Cl  18        0.502636        0.575005        0.127513

     H   19       -0.065146        0.022899        0.037523
     H   19        0.022899        0.239338       -0.211921
     H   19        0.037523       -0.211921       -0.174192

     C   20       -0.542494       -0.205122       -0.270570
     C   20       -0.205122        0.377168       -0.210027
     C   20       -0.270570       -0.210027        0.165326

     H   21        0.083607       -0.163593        0.333775
     H   21       -0.163593        0.049058       -0.214664
     H   21        0.333775       -0.214664       -0.132665

     C   22        0.035555        0.090061       -0.180522
     C   22        0.090061        0.035273        0.176813
     C   22       -0.180522        0.176813       -0.070829

     C   23       -0.348568       -0.026131       -0.116952
     C   23       -0.026131        0.475144        0.079708
     C   23       -0.116952        0.079708       -0.126576

     Cl  24        1.435630        3.245232       -0.096398
     Cl  24        3.245232        0.805022        0.432130
     Cl  24       -0.096398        0.432130       -2.240652


     NQR/NMR SPECTROSCOPIC PARAMETERS:
     Cl   1    Vxx=   -0.3952    axis=(  0.585185  0.801805  0.121106)
     Cl   1    Vyy=   -0.5962    axis=( -0.188312 -0.010894  0.982049)
     Cl   1    Vzz=    0.9914    axis=(  0.788731 -0.597486  0.144615)
     Cl   1  Q=        -8.1650 1e-30 m^2  Cq=       -19.0190 MHz  eta= 0.20279

     C    2    Vxx=   -0.1518    axis=( -0.893232  0.381481  0.237927)
     C    2    Vyy=   -0.5009    axis=(  0.429831  0.879771  0.203098)
     C    2    Vzz=    0.6527    axis=(  0.131843 -0.283682  0.949812)
     C    2  Q=         1.0000 1e-30 m^2  Cq=         1.5335 MHz  eta= 0.53483

     C    3    Vxx=    0.0594    axis=(  0.494406  0.152897  0.855678)
     C    3    Vyy=    0.3205    axis=(  0.671234  0.558297 -0.487595)
     C    3    Vzz=   -0.3800    axis=( -0.552274  0.815431  0.173395)
     C    3  Q=         1.0000 1e-30 m^2  Cq=        -0.8928 MHz  eta= 0.68717

     H    4    Vxx=    0.0482    axis=( -0.131291  0.809508 -0.572240)
     H    4    Vyy=    0.5917    axis=(  0.773029  0.444981  0.452126)
     H    4    Vzz=   -0.6399    axis=( -0.620636  0.382998  0.684195)
     H    4  Q=         1.0000 1e-30 m^2  Cq=        -1.5034 MHz  eta= 0.84946

     C    5    Vxx=    0.0523    axis=( -0.229045  0.957015  0.177936)
     C    5    Vyy=    0.5181    axis=( -0.250553  0.118675 -0.960801)
     C    5    Vzz=   -0.5705    axis=( -0.940618 -0.264649  0.212601)
     C    5  Q=         1.0000 1e-30 m^2  Cq=        -1.3404 MHz  eta= 0.81650

     H    6    Vxx=    0.0506    axis=(  0.587625  0.539151 -0.603335)
     H    6    Vyy=    0.6407    axis=(  0.078200 -0.780007 -0.620865)
     H    6    Vzz=   -0.6913    axis=( -0.805345  0.317656 -0.500513)
     H    6  Q=         1.0000 1e-30 m^2  Cq=        -1.6242 MHz  eta= 0.85356

     H    7    Vxx=   -0.0502    axis=(  0.988025  0.102530 -0.115300)
     H    7    Vyy=   -0.3786    axis=( -0.007342  0.777672  0.628628)
     H    7    Vzz=    0.4287    axis=(  0.154118 -0.620253  0.769112)
     H    7  Q=         1.0000 1e-30 m^2  Cq=         1.0074 MHz  eta= 0.76603

     C    8    Vxx=    0.0173    axis=( -0.758270  0.220166  0.613640)
     C    8    Vyy=    0.5090    axis=( -0.440155 -0.867234 -0.232743)
     C    8    Vzz=   -0.5263    axis=(  0.480927 -0.446578  0.754504)
     C    8  Q=         1.0000 1e-30 m^2  Cq=        -1.2367 MHz  eta= 0.93426

     H    9    Vxx=   -0.0230    axis=(  0.511504  0.645484 -0.567199)
     H    9    Vyy=   -0.6819    axis=( -0.308117  0.753968  0.580169)
     H    9    Vzz=    0.7049    axis=( -0.802140  0.121995 -0.584542)
     H    9  Q=         1.0000 1e-30 m^2  Cq=         1.6563 MHz  eta= 0.93477

     C   10    Vxx=   -0.0294    axis=( -0.169932 -0.304130  0.937352)
     C   10    Vyy=   -0.7095    axis=( -0.930939 -0.262443 -0.253921)
     C   10    Vzz=    0.7389    axis=( -0.323227  0.915767  0.238529)
     C   10  Q=         1.0000 1e-30 m^2  Cq=         1.7361 MHz  eta= 0.92043

     C   11    Vxx=    0.1138    axis=(  0.993347  0.087163 -0.075266)
     C   11    Vyy=    0.5702    axis=( -0.053219  0.927028  0.371197)
     C   11    Vzz=   -0.6840    axis=(  0.102128 -0.364722  0.925499)
     C   11  Q=         1.0000 1e-30 m^2  Cq=        -1.6072 MHz  eta= 0.66724

     Cl  12    Vxx=   -1.4973    axis=(  0.454590 -0.589018 -0.668136)
     Cl  12    Vyy=   -1.6777    axis=(  0.442484 -0.501672  0.743326)
     Cl  12    Vzz=    3.1750    axis=( -0.773018 -0.633548  0.032576)
     Cl  12  Q=        -8.1650 1e-30 m^2  Cq=       -60.9108 MHz  eta= 0.05684

     H   13    Vxx=    0.0086    axis=(  0.089424 -0.496872  0.863204)
     H   13    Vyy=    0.6320    axis=(  0.117506  0.865887  0.486243)
     H   13    Vzz=   -0.6406    axis=( -0.989038  0.057950  0.135817)
     H   13  Q=         1.0000 1e-30 m^2  Cq=        -1.5051 MHz  eta= 0.97321

     C   14    Vxx=    0.0874    axis=( -0.201666 -0.403584  0.892441)
     C   14    Vyy=    0.7853    axis=( -0.822235  0.564871  0.069647)
     C   14    Vzz=   -0.8727    axis=( -0.532222 -0.719751 -0.445756)
     C   14  Q=         1.0000 1e-30 m^2  Cq=        -2.0506 MHz  eta= 0.79967

     H   15    Vxx=   -0.0774    axis=( -0.090540  0.961233 -0.260450)
     H   15    Vyy=   -0.6940    axis=( -0.483612  0.186182  0.855252)
     H   15    Vzz=    0.7714    axis=(  0.870587  0.203391  0.448007)
     H   15  Q=         1.0000 1e-30 m^2  Cq=         1.8126 MHz  eta= 0.79922

     C   16    Vxx=   -0.1444    axis=( -0.607224 -0.581356  0.541576)
     C   16    Vyy=   -0.4312    axis=( -0.791439  0.382496 -0.476783)
     C   16    Vzz=    0.5756    axis=(  0.070030 -0.718138 -0.692368)
     C   16  Q=         1.0000 1e-30 m^2  Cq=         1.3524 MHz  eta= 0.49827

     C   17    Vxx=    0.2585    axis=(  0.930891 -0.337395 -0.140019)
     C   17    Vyy=    0.4553    axis=( -0.218186 -0.206121 -0.953892)
     C   17    Vzz=   -0.7137    axis=(  0.292978  0.918520 -0.265491)
     C   17  Q=         1.0000 1e-30 m^2  Cq=        -1.6770 MHz  eta= 0.27573

     Cl  18    Vxx=    0.0961    axis=(  0.750036 -0.648553 -0.129710)
     Cl  18    Vyy=    0.7420    axis=( -0.484436 -0.405171 -0.775344)
     Cl  18    Vzz=   -0.8381    axis=(  0.450297  0.644372 -0.618076)
     Cl  18  Q=        -8.1650 1e-30 m^2  Cq=        16.0795 MHz  eta= 0.77067

     H   19    Vxx=   -0.0561    axis=(  0.978590  0.064372  0.195493)
     H   19    Vyy=   -0.2726    axis=( -0.205139  0.382158  0.901040)
     H   19    Vzz=    0.3288    axis=( -0.016708 -0.921852  0.387181)
     H   19  Q=         1.0000 1e-30 m^2  Cq=         0.7725 MHz  eta= 0.65845

     C   20    Vxx=    0.1910    axis=(  0.416460 -0.439196 -0.796033)
     C   20    Vyy=    0.5078    axis=( -0.040561  0.865728 -0.498869)
     C   20    Vzz=   -0.6988    axis=(  0.908249  0.240047  0.342727)
     C   20  Q=         1.0000 1e-30 m^2  Cq=        -1.6419 MHz  eta= 0.45335

     H   21    Vxx=   -0.0904    axis=(  0.547739  0.827953  0.120314)
     H   21    Vyy=   -0.3926    axis=( -0.509561  0.216077  0.832861)
     H   21    Vzz=    0.4829    axis=(  0.663573 -0.517498  0.540247)
     H   21  Q=         1.0000 1e-30 m^2  Cq=         1.1347 MHz  eta= 0.62578

     C   22    Vxx=    0.1254    axis=( -0.689671 -0.723904 -0.017809)
     C   22    Vyy=    0.1901    axis=(  0.528718 -0.486605 -0.695466)
     C   22    Vzz=   -0.3155    axis=(  0.494785 -0.489059  0.718338)
     C   22  Q=         1.0000 1e-30 m^2  Cq=        -0.7414 MHz  eta= 0.20503

     C   23    Vxx=   -0.0887    axis=( -0.393692 -0.146531  0.907489)
     C   23    Vyy=   -0.3989    axis=( -0.917870  0.008744 -0.396784)
     C   23    Vzz=    0.4876    axis=(  0.050206 -0.989167 -0.137939)
     C   23  Q=         1.0000 1e-30 m^2  Cq=         1.1456 MHz  eta= 0.63613

     Cl  24    Vxx=   -1.8057    axis=(  0.524277 -0.543133 -0.655851)
     Cl  24    Vyy=   -2.5824    axis=( -0.423471  0.501907 -0.754163)
     Cl  24    Vzz=    4.3881    axis=( -0.738787 -0.673124 -0.033137)
     Cl  24  Q=        -8.1650 1e-30 m^2  Cq=       -84.1835 MHz  eta= 0.17699

     Initialization:
     gipaw_setup  :      9.02s CPU     10.93s WALL (       1 calls)

     Linear response

     Apply operators

     Induced current

     Other routines
     efg          :      9.45s CPU     11.96s WALL (       1 calls)

     General routines
     calbec       :      3.31s CPU      4.57s WALL (      16 calls)
     fft          :      1.65s CPU      2.51s WALL (      15 calls)
     ffts         :      0.06s CPU      0.07s WALL (       2 calls)
     fftw         :      3.22s CPU      3.96s WALL (     672 calls)
     davcio       :      0.02s CPU      0.33s WALL (      32 calls)

     Parallel routines
     fft_scatter  :      2.26s CPU      3.67s WALL (     689 calls)

     Plugins

     GIPAW        :     61.36s CPU     73.97s WALL (       1 calls)
