
     Program QE v.6.0 (svn rev. 13079) starts on 26Dec2016 at 15:54:42 

     This program is part of the open-source Quantum ESPRESSO suite
     for quantum simulation of materials; please cite
         "P. Giannozzi et al., J. Phys.:Condens. Matter 21 395502 (2009);
          URL http://www.quantum-espresso.org", 
     in publications or presentations arising from this work. More details at
     http://www.quantum-espresso.org/quote

     Parallel version (MPI), running on     8 processors
     R & G space division:  proc/nbgrp/npool/nimage =       8

     ***** This is GIPAW svn revision unknown      *****

     Parallelizing q-star over 1 images

     Reading data from directory:
     /users/majewski/paradichlorobenzene/pbe/9_constraint/scratch/pbe.ecut100.np8.dt60.pcl2phi-129368.save
     Message from routine read_xml_file:
     file /users/majewski/paradichlorobenzene/pbe/9_constraint/scratch/pbe.ecut100.np8.dt60.pcl2phi-129368.save not guaranteed to be safe for post-processing

   Info: using nr1, nr2, nr3 values from input

   Info: using nr1, nr2, nr3 values from input

     IMPORTANT: XC functional enforced from input :
     Exchange-correlation      =  SLA  PW   PBX  PBC ( 1  4  3  4 0 0)
     Any further DFT definition will be discarded
     Please, verify this is what you really want

               file C.pbe-n-kjpaw_psl.1.0.0.UPF: wavefunction(s)  2S 2P renormalized
               file Cl.pbe-n-kjpaw_psl.1.0.0.UPF: wavefunction(s)  3S 3P renormalized
               file H.pbe-kjpaw_psl.1.0.0.UPF: wavefunction(s)  1S renormalized

     Parallelization info
     --------------------
     sticks:   dense  smooth     PW     G-vecs:    dense   smooth      PW
     Min        3057    1223    332               144436    36536    5170
     Max        3059    1225    333               144437    36537    5171
     Sum       24467    9791   2657              1155489   292295   41363


     Subspace diagonalization in iterative solution of the eigenvalue problem:
     a serial algorithm will be used

     GIPAW projectors -----------------------------------------------
     atom=  C    l=0  rc=    1.2000  rs=    0.8000
     atom=  C    l=0  rc=    1.2000  rs=    0.8000
     atom=  C    l=1  rc=    1.4000  rs=    0.9333
     atom=  C    l=1  rc=    1.4000  rs=    0.9333
     projs nearly linearly dependent: l=1  n1,n2= 1, 2  s=  0.99951561

     atom=  Cl   l=0  rc=    1.6000  rs=    1.0667
     atom=  Cl   l=0  rc=    1.6000  rs=    1.0667
     atom=  Cl   l=1  rc=    1.6000  rs=    1.0667
     atom=  Cl   l=1  rc=    1.6000  rs=    1.0667
     atom=  Cl   l=2  rc=    1.6000  rs=    1.0667
     atom=  Cl   l=2  rc=    1.6000  rs=    1.0667
     projs nearly linearly dependent: l=2  n1,n2= 1, 2  s=  0.99993509

     atom=  H    l=0  rc=    1.0000  rs=    0.6667
     atom=  H    l=0  rc=    1.0000  rs=    0.6667
     projs nearly linearly dependent: l=0  n1,n2= 1, 2  s=  0.99968852
     -----------------------------------------------------------------

     GIPAW integrals: -------------------------------------------
     Atom  i/j   nmr_para   nmr_dia   epr_rmc  epr_para   epr_dia
       C   1 1   0.83E+03  0.17E-01  0.93E+01  0.24E+08  0.24E+03
       C   2 1   0.86E+03 -0.61E-01  0.94E+01  0.25E+08  0.25E+03
       C   2 2   0.90E+03 -0.15E+00  0.97E+01  0.26E+08  0.26E+03
       C   3 3   0.33E+01  0.34E+00  0.18E+01  0.55E+03  0.21E+02
       C   4 3   0.35E+01  0.37E+00  0.20E+01  0.59E+03  0.22E+02
       C   4 4   0.38E+01  0.39E+00  0.22E+01  0.63E+03  0.24E+02
       Cl  1 1   0.14E+04 -0.47E+00  0.84E+01  0.32E+09  0.42E+03
       Cl  2 1   0.21E+04 -0.37E+00  0.12E+02  0.49E+09  0.65E+03
       Cl  2 2   0.33E+04 -0.16E+00  0.21E+02  0.76E+09  0.10E+04
       Cl  3 3   0.21E+02  0.79E-01  0.89E+01  0.23E+05  0.13E+03
       Cl  4 3   0.24E+02  0.67E-01  0.99E+01  0.27E+05  0.15E+03
       Cl  4 4   0.28E+02  0.44E-01  0.11E+02  0.32E+05  0.18E+03
       Cl  5 5   0.77E+00  0.19E+00  0.18E+01  0.12E+03  0.22E+02
       Cl  6 5   0.80E+00  0.19E+00  0.19E+01  0.12E+03  0.23E+02
       Cl  6 6   0.83E+00  0.20E+00  0.19E+01  0.12E+03  0.23E+02
       H   1 1   0.39E+02  0.19E+00  0.29E+00  0.78E+05  0.13E+02
       H   2 1   0.41E+02  0.21E+00  0.32E+00  0.82E+05  0.14E+02
       H   2 2   0.43E+02  0.22E+00  0.36E+00  0.86E+05  0.15E+02
     ------------------------------------------------------------

     alpha_pv=     34.2760 eV

     Number of occupied bands for each k-point:
     k-point:     1    nbnd_occ=  42
     k-point:     2    nbnd_occ=  42
     k-point:     3    nbnd_occ=  42
     k-point:     4    nbnd_occ=  42
     k-point:     5    nbnd_occ=  42
     k-point:     6    nbnd_occ=  42
     k-point:     7    nbnd_occ=  42
     k-point:     8    nbnd_occ=  42
     k-point:     9    nbnd_occ=  42
     k-point:    10    nbnd_occ=  42
     k-point:    11    nbnd_occ=  42
     k-point:    12    nbnd_occ=  42
     k-point:    13    nbnd_occ=  42
     k-point:    14    nbnd_occ=  42
     k-point:    15    nbnd_occ=  42
     k-point:    16    nbnd_occ=  42


     q-space interpolation up to   110.00 Rydberg

     GIPAW job: efg                                                                             


     ELECTRIC FIELD GRADIENTS TENSORS IN Hartree/bohrradius^2:

     ----- bare term -----
     Cl   1        0.111237       -0.025550        0.046832
     Cl   1       -0.025550       -0.045358        0.234955
     Cl   1        0.046832        0.234955       -0.065879

     C    2       -0.253885        0.299466       -0.235319
     C    2        0.299466       -0.099938       -0.310135
     C    2       -0.235319       -0.310135        0.353823

     C    3       -0.091661        0.190938       -0.203087
     C    3        0.190938       -0.097859       -0.576354
     C    3       -0.203087       -0.576354        0.189519

     H    4        0.074568       -0.062647       -0.451365
     H    4       -0.062647        0.349987        0.185752
     H    4       -0.451365        0.185752       -0.424555

     C    5       -0.609394        0.392673       -0.440556
     C    5        0.392673        0.355231       -0.278883
     C    5       -0.440556       -0.278883        0.254164

     H    6        0.159192       -0.037562        0.183682
     H    6       -0.037562       -0.218745       -0.513520
     H    6        0.183682       -0.513520        0.059553

     H    7        0.453897        0.142965       -0.038978
     H    7        0.142965       -0.716929        0.436498
     H    7       -0.038978        0.436498        0.263032

     C    8       -0.107313        0.007422       -0.257184
     C    8        0.007422       -0.066078        0.373599
     C    8       -0.257184        0.373599        0.173391

     H    9       -0.070629        0.311464       -0.414410
     H    9        0.311464       -0.091460        0.431034
     H    9       -0.414410        0.431034        0.162089

     C   10       -0.742755       -0.364378       -0.289580
     C   10       -0.364378        0.363240        0.137233
     C   10       -0.289580        0.137233        0.379515

     C   11        0.050526        0.045153       -0.240113
     C   11        0.045153       -0.142019        0.509334
     C   11       -0.240113        0.509334        0.091492

     Cl  12       -0.297013       -0.222939        0.039066
     Cl  12       -0.222939        0.148767        0.125599
     Cl  12        0.039066        0.125599        0.148246

     H   13        0.150464        0.330129       -0.050428
     H   13        0.330129       -0.504325       -0.306246
     H   13       -0.050428       -0.306246        0.353861

     C   14       -0.267929       -0.168101       -0.345437
     C   14       -0.168101        0.013049       -0.575007
     C   14       -0.345437       -0.575007        0.254880

     H   15       -0.040341       -0.178827       -0.387419
     H   15       -0.178827        0.041085       -0.507364
     H   15       -0.387419       -0.507364       -0.000744

     C   16       -0.630780        0.340370       -0.309715
     C   16        0.340370        0.215677       -0.149048
     C   16       -0.309715       -0.149048        0.415103

     C   17        0.000204        0.157484       -0.187053
     C   17        0.157484        0.006633       -0.627158
     C   17       -0.187053       -0.627158       -0.006837

     Cl  18       -0.087967        0.205479        0.020402
     Cl  18        0.205479        0.077402        0.045289
     Cl  18        0.020402        0.045289        0.010566

     H   19        0.291625        0.202781        0.130557
     H   19        0.202781       -0.524114        0.380027
     H   19        0.130557        0.380027        0.232489

     C   20       -0.866486       -0.349485       -0.485753
     C   20       -0.349485        0.333400       -0.049962
     C   20       -0.485753       -0.049962        0.533086

     H   21       -0.578142       -0.032951        0.010497
     H   21       -0.032951        0.342682        0.340567
     H   21        0.010497        0.340567        0.235460

     C   22        0.093916        0.014264       -0.170178
     C   22        0.014264       -0.465905        0.426047
     C   22       -0.170178        0.426047        0.371989

     C   23       -0.810211       -0.421856       -0.348912
     C   23       -0.421856        0.274386        0.002047
     C   23       -0.348912        0.002047        0.535825

     Cl  24       -0.024794       -0.032855        0.059675
     Cl  24       -0.032855       -0.035384       -0.000867
     Cl  24        0.059675       -0.000867        0.060178

     ----- ionic term -----
     Cl   1        0.132016       -0.247221        0.055265
     Cl   1       -0.247221        0.025673       -0.020460
     Cl   1        0.055265       -0.020460       -0.157690

     C    2        0.088458       -0.274396        0.361030
     C    2       -0.274396        0.176255        0.347394
     C    2        0.361030        0.347394       -0.264713

     C    3        0.079967       -0.213959        0.261836
     C    3       -0.213959        0.213983        0.342702
     C    3        0.261836        0.342702       -0.293950

     H    4        0.433914        0.280834        0.755686
     H    4        0.280834       -0.397099        0.273018
     H    4        0.755686        0.273018       -0.036815

     C    5        0.236036       -0.153782        0.315999
     C    5       -0.153782        0.062299        0.279982
     C    5        0.315999        0.279982       -0.298335

     H    6       -0.510751       -0.030685       -0.019644
     H    6       -0.030685        0.691518        0.683025
     H    6       -0.019644        0.683025       -0.180767

     H    7       -0.514429       -0.144908        0.079751
     H    7       -0.144908        0.738318       -0.656629
     H    7        0.079751       -0.656629       -0.223889

     C    8        0.323689        0.146325        0.214049
     C    8        0.146325        0.076932       -0.302760
     C    8        0.214049       -0.302760       -0.400621

     H    9        0.523083       -0.277789        0.769703
     H    9       -0.277789       -0.460598       -0.254398
     H    9        0.769703       -0.254398       -0.062485

     C   10        0.102825        0.202475        0.176668
     C   10        0.202475        0.242024       -0.439732
     C   10        0.176668       -0.439732       -0.344849

     C   11        0.170126        0.135880        0.172961
     C   11        0.135880        0.222450       -0.464753
     C   11        0.172961       -0.464753       -0.392577

     Cl  12        0.112297        0.199306       -0.035233
     Cl  12        0.199306        0.026816       -0.030920
     Cl  12       -0.035233       -0.030920       -0.139114

     H   13       -0.502155       -0.135766       -0.032868
     H   13       -0.135766        0.599064        0.710800
     H   13       -0.032868        0.710800       -0.096909

     C   14        0.232473       -0.297538        0.360959
     C   14       -0.297538       -0.012238        0.250337
     C   14        0.360959        0.250337       -0.220235

     H   15        0.447094        0.298477        0.714238
     H   15        0.298477       -0.431607        0.295923
     H   15        0.714238        0.295923       -0.015487

     C   16        0.127794       -0.293618        0.235024
     C   16       -0.293618        0.099393        0.375340
     C   16        0.235024        0.375340       -0.227187

     C   17        0.198437       -0.174663        0.281762
     C   17       -0.174663        0.036494        0.423640
     C   17        0.281762        0.423640       -0.234931

     Cl  18        0.166294       -0.175626        0.028797
     Cl  18       -0.175626       -0.014379       -0.006013
     Cl  18        0.028797       -0.006013       -0.151915

     H   19       -0.479197       -0.184861        0.084332
     H   19       -0.184861        0.815852       -0.569714
     H   19        0.084332       -0.569714       -0.336656

     C   20        0.342599        0.143582        0.206109
     C   20        0.143582        0.100002       -0.287346
     C   20        0.206109       -0.287346       -0.442601

     H   21        0.683604       -0.363096        0.575594
     H   21       -0.363096       -0.380195       -0.233115
     H   21        0.575594       -0.233115       -0.303409

     C   22        0.191227        0.215686        0.143772
     C   22        0.215686        0.215760       -0.382112
     C   22        0.143772       -0.382112       -0.406987

     C   23        0.236989        0.125000        0.222170
     C   23        0.125000        0.142905       -0.375522
     C   23        0.222170       -0.375522       -0.379893

     Cl  24        0.144300        0.215631       -0.000636
     Cl  24        0.215631        0.000950       -0.000575
     Cl  24       -0.000636       -0.000575       -0.145250

     ----- GIPAW term -----
     Cl   1       -0.222952       -0.466072       -0.744920
     Cl   1       -0.466072        0.141040       -1.458117
     Cl   1       -0.744920       -1.458117        0.081912

     C    2       -0.092556       -0.001003       -0.038847
     C    2       -0.001003        0.025578       -0.167102
     C    2       -0.038847       -0.167102        0.066978

     C    3       -0.126203        0.044265       -0.067382
     C    3        0.044265        0.063377       -0.234317
     C    3       -0.067382       -0.234317        0.062825

     H    4       -0.000000        0.000000        0.000000
     H    4        0.000000        0.000000        0.000000
     H    4        0.000000        0.000000        0.000000

     C    5       -0.123951        0.185243       -0.093588
     C    5        0.185243        0.190261       -0.090489
     C    5       -0.093588       -0.090489       -0.066310

     H    6       -0.000000        0.000000        0.000000
     H    6        0.000000        0.000000        0.000000
     H    6        0.000000        0.000000        0.000000

     H    7       -0.000000        0.000000        0.000000
     H    7        0.000000        0.000000        0.000000
     H    7        0.000000        0.000000        0.000000

     C    8       -0.121879        0.038225       -0.037219
     C    8        0.038225        0.194287       -0.085541
     C    8       -0.037219       -0.085541       -0.072408

     H    9       -0.000000        0.000000        0.000000
     H    9        0.000000        0.000000        0.000000
     H    9        0.000000        0.000000        0.000000

     C   10       -0.252456       -0.031225       -0.054104
     C   10       -0.031225        0.326328       -0.048482
     C   10       -0.054104       -0.048482       -0.073872

     C   11       -0.074437        0.073208       -0.013572
     C   11        0.073208        0.199977       -0.118060
     C   11       -0.013572       -0.118060       -0.125540

     Cl  12       -0.452079        1.717079        0.274638
     Cl  12        1.717079        1.670965        1.163902
     Cl  12        0.274638        1.163902       -1.218886

     H   13       -0.000000        0.000000        0.000000
     H   13        0.000000        0.000000        0.000000
     H   13        0.000000        0.000000        0.000000

     C   14       -0.057521       -0.147438        0.005907
     C   14       -0.147438        0.084405       -0.217151
     C   14        0.005907       -0.217151       -0.026885

     H   15       -0.000000        0.000000        0.000000
     H   15        0.000000        0.000000        0.000000
     H   15        0.000000        0.000000        0.000000

     C   16       -0.206486       -0.040272       -0.086359
     C   16       -0.040272        0.226363        0.089518
     C   16       -0.086359        0.089518       -0.019877

     C   17       -0.018753        0.048661       -0.021710
     C   17        0.048661        0.228873       -0.078637
     C   17       -0.021710       -0.078637       -0.210120

     Cl  18        0.492703        0.760952        0.539047
     Cl  18        0.760952        1.652335        1.001215
     Cl  18        0.539047        1.001215       -2.145038

     H   19       -0.000000        0.000000        0.000000
     H   19        0.000000        0.000000        0.000000
     H   19        0.000000        0.000000        0.000000

     C   20       -0.190803        0.039587       -0.112395
     C   20        0.039587        0.128394       -0.197916
     C   20       -0.112395       -0.197916        0.062409

     H   21       -0.000000        0.000000        0.000000
     H   21        0.000000        0.000000        0.000000
     H   21        0.000000        0.000000        0.000000

     C   22       -0.090652        0.076392       -0.060448
     C   22        0.076392        0.001540       -0.165270
     C   22       -0.060448       -0.165270        0.089112

     C   23       -0.161602        0.052488       -0.070800
     C   23        0.052488        0.129100       -0.177360
     C   23       -0.070800       -0.177360        0.032502

     Cl  24        0.042235        2.265437       -0.683247
     Cl  24        2.265437        0.348281       -1.640978
     Cl  24       -0.683247       -1.640978       -0.390517

     ----- total EFG -----
     Cl   1        0.020302       -0.738843       -0.642822
     Cl   1       -0.738843        0.121355       -1.243622
     Cl   1       -0.642822       -1.243622       -0.141657

     C    2       -0.257984        0.024067        0.086863
     C    2        0.024067        0.101895       -0.129842
     C    2        0.086863       -0.129842        0.156089

     C    3       -0.137897        0.021244       -0.008632
     C    3        0.021244        0.179502       -0.467968
     C    3       -0.008632       -0.467968       -0.041605

     H    4        0.508483        0.218188        0.304322
     H    4        0.218188       -0.047113        0.458769
     H    4        0.304322        0.458769       -0.461370

     C    5       -0.497309        0.424135       -0.218145
     C    5        0.424135        0.607791       -0.089390
     C    5       -0.218145       -0.089390       -0.110482

     H    6       -0.351559       -0.068247        0.164038
     H    6       -0.068247        0.472774        0.169505
     H    6        0.164038        0.169505       -0.121215

     H    7       -0.060533       -0.001943        0.040773
     H    7       -0.001943        0.021389       -0.220131
     H    7        0.040773       -0.220131        0.039144

     C    8        0.094497        0.191972       -0.080353
     C    8        0.191972        0.205140       -0.014702
     C    8       -0.080353       -0.014702       -0.299638

     H    9        0.452454        0.033675        0.355293
     H    9        0.033675       -0.552058        0.176636
     H    9        0.355293        0.176636        0.099604

     C   10       -0.892385       -0.193128       -0.167017
     C   10       -0.193128        0.931592       -0.350981
     C   10       -0.167017       -0.350981       -0.039207

     C   11        0.146216        0.254240       -0.080724
     C   11        0.254240        0.280408       -0.073479
     C   11       -0.080724       -0.073479       -0.426624

     Cl  12       -0.636795        1.693446        0.278472
     Cl  12        1.693446        1.846549        1.258582
     Cl  12        0.278472        1.258582       -1.209754

     H   13       -0.351691        0.194362       -0.083296
     H   13        0.194362        0.094739        0.404555
     H   13       -0.083296        0.404555        0.256952

     C   14       -0.092977       -0.613077        0.021429
     C   14       -0.613077        0.085216       -0.541821
     C   14        0.021429       -0.541821        0.007761

     H   15        0.406753        0.119650        0.326819
     H   15        0.119650       -0.390521       -0.211441
     H   15        0.326819       -0.211441       -0.016231

     C   16       -0.709472        0.006480       -0.161050
     C   16        0.006480        0.541433        0.315809
     C   16       -0.161050        0.315809        0.168039

     C   17        0.179887        0.031482        0.072999
     C   17        0.031482        0.272001       -0.282155
     C   17        0.072999       -0.282155       -0.451888

     Cl  18        0.571030        0.790805        0.588247
     Cl  18        0.790805        1.715357        1.040492
     Cl  18        0.588247        1.040492       -2.286387

     H   19       -0.187572        0.017920        0.214889
     H   19        0.017920        0.291738       -0.189688
     H   19        0.214889       -0.189688       -0.104167

     C   20       -0.714690       -0.166317       -0.392039
     C   20       -0.166317        0.561796       -0.535224
     C   20       -0.392039       -0.535224        0.152894

     H   21        0.105462       -0.396047        0.586091
     H   21       -0.396047       -0.037513        0.107452
     H   21        0.586091        0.107452       -0.067949

     C   22        0.194491        0.306342       -0.086853
     C   22        0.306342       -0.248605       -0.121336
     C   22       -0.086853       -0.121336        0.054115

     C   23       -0.734825       -0.244368       -0.197543
     C   23       -0.244368        0.546392       -0.550835
     C   23       -0.197543       -0.550835        0.188433

     Cl  24        0.161741        2.448213       -0.624207
     Cl  24        2.448213        0.313848       -1.642419
     Cl  24       -0.624207       -1.642419       -0.475589

     ----- total EFG (symmetrized) -----
     Cl   1        0.020302       -0.738843       -0.642822
     Cl   1       -0.738843        0.121355       -1.243622
     Cl   1       -0.642822       -1.243622       -0.141657

     C    2       -0.257984        0.024067        0.086863
     C    2        0.024067        0.101895       -0.129842
     C    2        0.086863       -0.129842        0.156089

     C    3       -0.137897        0.021244       -0.008632
     C    3        0.021244        0.179502       -0.467968
     C    3       -0.008632       -0.467968       -0.041605

     H    4        0.508483        0.218188        0.304322
     H    4        0.218188       -0.047113        0.458769
     H    4        0.304322        0.458769       -0.461370

     C    5       -0.497309        0.424135       -0.218145
     C    5        0.424135        0.607791       -0.089390
     C    5       -0.218145       -0.089390       -0.110482

     H    6       -0.351559       -0.068247        0.164038
     H    6       -0.068247        0.472774        0.169505
     H    6        0.164038        0.169505       -0.121215

     H    7       -0.060533       -0.001943        0.040773
     H    7       -0.001943        0.021389       -0.220131
     H    7        0.040773       -0.220131        0.039144

     C    8        0.094497        0.191972       -0.080353
     C    8        0.191972        0.205140       -0.014702
     C    8       -0.080353       -0.014702       -0.299638

     H    9        0.452454        0.033675        0.355293
     H    9        0.033675       -0.552058        0.176636
     H    9        0.355293        0.176636        0.099604

     C   10       -0.892385       -0.193128       -0.167017
     C   10       -0.193128        0.931592       -0.350981
     C   10       -0.167017       -0.350981       -0.039207

     C   11        0.146216        0.254240       -0.080724
     C   11        0.254240        0.280408       -0.073479
     C   11       -0.080724       -0.073479       -0.426624

     Cl  12       -0.636795        1.693446        0.278472
     Cl  12        1.693446        1.846549        1.258582
     Cl  12        0.278472        1.258582       -1.209754

     H   13       -0.351691        0.194362       -0.083296
     H   13        0.194362        0.094739        0.404555
     H   13       -0.083296        0.404555        0.256952

     C   14       -0.092977       -0.613077        0.021429
     C   14       -0.613077        0.085216       -0.541821
     C   14        0.021429       -0.541821        0.007761

     H   15        0.406753        0.119650        0.326819
     H   15        0.119650       -0.390521       -0.211441
     H   15        0.326819       -0.211441       -0.016231

     C   16       -0.709472        0.006480       -0.161050
     C   16        0.006480        0.541433        0.315809
     C   16       -0.161050        0.315809        0.168039

     C   17        0.179887        0.031482        0.072999
     C   17        0.031482        0.272001       -0.282155
     C   17        0.072999       -0.282155       -0.451888

     Cl  18        0.571030        0.790805        0.588247
     Cl  18        0.790805        1.715357        1.040492
     Cl  18        0.588247        1.040492       -2.286387

     H   19       -0.187572        0.017920        0.214889
     H   19        0.017920        0.291738       -0.189688
     H   19        0.214889       -0.189688       -0.104167

     C   20       -0.714690       -0.166317       -0.392039
     C   20       -0.166317        0.561796       -0.535224
     C   20       -0.392039       -0.535224        0.152894

     H   21        0.105462       -0.396047        0.586091
     H   21       -0.396047       -0.037513        0.107452
     H   21        0.586091        0.107452       -0.067949

     C   22        0.194491        0.306342       -0.086853
     C   22        0.306342       -0.248605       -0.121336
     C   22       -0.086853       -0.121336        0.054115

     C   23       -0.734825       -0.244368       -0.197543
     C   23       -0.244368        0.546392       -0.550835
     C   23       -0.197543       -0.550835        0.188433

     Cl  24        0.161741        2.448213       -0.624207
     Cl  24        2.448213        0.313848       -1.642419
     Cl  24       -0.624207       -1.642419       -0.475589


     NQR/NMR SPECTROSCOPIC PARAMETERS:
     Cl   1    Vxx=    0.5285    axis=(  0.869325 -0.207691 -0.448484)
     Cl   1    Vyy=    1.2569    axis=(  0.136945 -0.770671  0.622344)
     Cl   1    Vzz=   -1.7854    axis=(  0.474889  0.602437  0.641521)
     Cl   1  Q=        -8.1650 1e-30 m^2  Cq=        34.2513 MHz  eta= 0.40802

     C    2    Vxx=    0.0153    axis=(  0.249767  0.783665  0.568758)
     C    2    Vyy=    0.2670    axis=(  0.102809 -0.605516  0.789164)
     C    2    Vzz=   -0.2824    axis=(  0.962833 -0.138634 -0.231806)
     C    2  Q=         1.0000 1e-30 m^2  Cq=        -0.6634 MHz  eta= 0.89141

     C    3    Vxx=   -0.1385    axis=( -0.999214  0.010525 -0.038209)
     C    3    Vyy=   -0.4121    axis=( -0.023427  0.620769  0.783643)
     C    3    Vzz=    0.5505    axis=( -0.031967 -0.783923  0.620035)
     C    3  Q=         1.0000 1e-30 m^2  Cq=         1.2935 MHz  eta= 0.49700

     H    4    Vxx=    0.0148    axis=(  0.555312 -0.747256 -0.365016)
     H    4    Vyy=    0.7590    axis=(  0.823359  0.432201  0.367808)
     H    4    Vzz=   -0.7738    axis=( -0.117086 -0.504787  0.855267)
     H    4  Q=         1.0000 1e-30 m^2  Cq=        -1.8181 MHz  eta= 0.96164

     C    5    Vxx=   -0.0826    axis=( -0.226822  0.260842  0.938357)
     C    5    Vyy=   -0.6968    axis=(  0.913680 -0.276640  0.297757)
     C    5    Vzz=    0.7794    axis=(  0.337254  0.924896 -0.175578)
     C    5  Q=         1.0000 1e-30 m^2  Cq=         1.8313 MHz  eta= 0.78805

     H    6    Vxx=   -0.0602    axis=( -0.515729  0.198997 -0.833321)
     H    6    Vyy=   -0.4583    axis=( -0.856262 -0.152610  0.493484)
     H    6    Vzz=    0.5184    axis=( -0.028971  0.968045  0.249099)
     H    6  Q=         1.0000 1e-30 m^2  Cq=         1.2181 MHz  eta= 0.76787

     H    7    Vxx=   -0.0581    axis=( -0.975282 -0.210432 -0.067409)
     H    7    Vyy=   -0.1955    axis=(  0.198079 -0.697394 -0.688772)
     H    7    Vzz=    0.2536    axis=(  0.097928 -0.685099  0.721838)
     H    7  Q=         1.0000 1e-30 m^2  Cq=         0.5959 MHz  eta= 0.54154

     C    8    Vxx=   -0.0386    axis=(  0.763747 -0.613568 -0.200561)
     C    8    Vyy=   -0.3166    axis=( -0.214723  0.051528 -0.975315)
     C    8    Vzz=    0.3552    axis=(  0.608756  0.787959 -0.092393)
     C    8  Q=         1.0000 1e-30 m^2  Cq=         0.8345 MHz  eta= 0.78250

     H    9    Vxx=   -0.0847    axis=( -0.543790  0.262111  0.797239)
     H    9    Vyy=   -0.6002    axis=(  0.061620  0.959881 -0.273553)
     H    9    Vzz=    0.6849    axis=( -0.836956 -0.099629 -0.538125)
     H    9  Q=         1.0000 1e-30 m^2  Cq=         1.6092 MHz  eta= 0.75277

     C   10    Vxx=   -0.0942    axis=( -0.259122  0.268645  0.927731)
     C   10    Vyy=   -0.9602    axis=(  0.963362  0.140710  0.228328)
     C   10    Vzz=    1.0544    axis=( -0.069202  0.952906 -0.295264)
     C   10  Q=         1.0000 1e-30 m^2  Cq=         2.4774 MHz  eta= 0.82133

     C   11    Vxx=   -0.0487    axis=(  0.785300 -0.617273 -0.047727)
     C   11    Vyy=   -0.4402    axis=( -0.109451 -0.062542 -0.992023)
     C   11    Vzz=    0.4889    axis=(  0.609364  0.784259 -0.116675)
     C   11  Q=         1.0000 1e-30 m^2  Cq=         1.1487 MHz  eta= 0.80069

     Cl  12    Vxx=   -1.2254    axis=(  0.759319 -0.160189 -0.630694)
     Cl  12    Vyy=   -1.8455    axis=( -0.500309  0.476028 -0.723249)
     Cl  12    Vzz=    3.0708    axis=( -0.416084 -0.864718 -0.281312)
     Cl  12  Q=        -8.1650 1e-30 m^2  Cq=       -58.9126 MHz  eta= 0.20195

     H   13    Vxx=   -0.0850    axis=( -0.597765 -0.585712  0.547375)
     H   13    Vyy=   -0.5073    axis=( -0.798986  0.491110 -0.347032)
     H   13    Vzz=    0.5923    axis=(  0.065560  0.644788  0.761544)
     H   13  Q=         1.0000 1e-30 m^2  Cq=         1.3917 MHz  eta= 0.71308

     C   14    Vxx=   -0.0571    axis=(  0.652379 -0.064581 -0.755136)
     C   14    Vyy=   -0.7933    axis=(  0.582202  0.680602  0.444771)
     C   14    Vzz=    0.8504    axis=( -0.485224  0.729801 -0.481610)
     C   14  Q=         1.0000 1e-30 m^2  Cq=         1.9981 MHz  eta= 0.86573

     H   15    Vxx=   -0.0302    axis=(  0.392977  0.559012 -0.730119)
     H   15    Vyy=   -0.5543    axis=( -0.269737  0.829147  0.489650)
     H   15    Vzz=    0.5846    axis=( -0.879097 -0.004519 -0.476622)
     H   15  Q=         1.0000 1e-30 m^2  Cq=         1.3735 MHz  eta= 0.89651

     C   16    Vxx=    0.0158    axis=( -0.191547 -0.503740  0.842351)
     C   16    Vyy=    0.7255    axis=( -0.052636  0.862280  0.503689)
     C   16    Vzz=   -0.7413    axis=( -0.980071  0.052143 -0.191682)
     C   16  Q=         1.0000 1e-30 m^2  Cq=        -1.7418 MHz  eta= 0.95737

     C   17    Vxx=    0.1882    axis=(  0.993718  0.003322  0.111863)
     C   17    Vyy=    0.3692    axis=(  0.033104  0.946101 -0.322177)
     C   17    Vzz=   -0.5574    axis=( -0.106904  0.323856  0.940047)
     C   17  Q=         1.0000 1e-30 m^2  Cq=        -1.3097 MHz  eta= 0.32468

     Cl  18    Vxx=    0.1679    axis=(  0.885983 -0.463446  0.015876)
     Cl  18    Vyy=    2.4222    axis=(  0.445811  0.860692  0.245888)
     Cl  18    Vzz=   -2.5901    axis=( -0.127620 -0.210775  0.969168)
     Cl  18  Q=        -8.1650 1e-30 m^2  Cq=        49.6904 MHz  eta= 0.87035

     H   19    Vxx=    0.0166    axis=( -0.685607 -0.382384 -0.619456)
     H   19    Vyy=    0.3762    axis=( -0.128991  0.901281 -0.413586)
     H   19    Vzz=   -0.3928    axis=( -0.716452  0.203653  0.667249)
     H   19  Q=         1.0000 1e-30 m^2  Cq=        -0.9229 MHz  eta= 0.91559

     C   20    Vxx=    0.0191    axis=( -0.489730  0.531510  0.691131)
     C   20    Vyy=    0.9351    axis=( -0.056836 -0.810471  0.583015)
     C   20    Vzz=   -0.9542    axis=(  0.870020  0.246239  0.427121)
     C   20  Q=         1.0000 1e-30 m^2  Cq=        -2.2421 MHz  eta= 0.96001

     H   21    Vxx=    0.0527    axis=(  0.035884 -0.826528 -0.561750)
     H   21    Vyy=    0.6936    axis=( -0.768652  0.336403 -0.544065)
     H   21    Vzz=   -0.7463    axis=(  0.638660  0.451314 -0.623242)
     H   21  Q=         1.0000 1e-30 m^2  Cq=        -1.7536 MHz  eta= 0.85875

     C   22    Vxx=    0.0133    axis=(  0.390228  0.030110  0.920226)
     C   22    Vyy=    0.4023    axis=(  0.816126  0.451358 -0.360853)
     C   22    Vzz=   -0.4156    axis=( -0.426216  0.891835  0.151559)
     C   22  Q=         1.0000 1e-30 m^2  Cq=        -0.9766 MHz  eta= 0.93593

     C   23    Vxx=   -0.0738    axis=( -0.413612  0.508043  0.755525)
     C   23    Vyy=   -0.8769    axis=(  0.909039  0.276670  0.311610)
     C   23    Vzz=    0.9507    axis=( -0.050720  0.815688 -0.576265)
     C   23  Q=         1.0000 1e-30 m^2  Cq=         2.2339 MHz  eta= 0.84470

     Cl  24    Vxx=   -0.8548    axis=(  0.564909 -0.024265  0.824796)
     Cl  24    Vyy=   -2.5236    axis=( -0.562247  0.720289  0.406278)
     Cl  24    Vzz=    3.3784    axis=( -0.603950 -0.693249  0.393255)
     Cl  24  Q=        -8.1650 1e-30 m^2  Cq=       -64.8126 MHz  eta= 0.49396

     Initialization:
     gipaw_setup  :      9.17s CPU     10.66s WALL (       1 calls)

     Linear response

     Apply operators

     Induced current

     Other routines
     efg          :      9.32s CPU     12.04s WALL (       1 calls)

     General routines
     calbec       :      3.49s CPU      4.81s WALL (      16 calls)
     fft          :      1.35s CPU      1.57s WALL (      15 calls)
     ffts         :      0.04s CPU      0.04s WALL (       2 calls)
     fftw         :      3.12s CPU      3.79s WALL (     672 calls)
     davcio       :      0.02s CPU      0.32s WALL (      32 calls)

     Parallel routines
     fft_scatter  :      1.88s CPU      2.55s WALL (     689 calls)

     Plugins

     GIPAW        :     60.95s CPU     71.38s WALL (       1 calls)
