
     Program QE v.6.0 (svn rev. 13079) starts on 24Dec2016 at 17:18:50 

     This program is part of the open-source Quantum ESPRESSO suite
     for quantum simulation of materials; please cite
         "P. Giannozzi et al., J. Phys.:Condens. Matter 21 395502 (2009);
          URL http://www.quantum-espresso.org", 
     in publications or presentations arising from this work. More details at
     http://www.quantum-espresso.org/quote

     Parallel version (MPI), running on     8 processors
     R & G space division:  proc/nbgrp/npool/nimage =       8

     ***** This is GIPAW svn revision unknown      *****

     Parallelizing q-star over 1 images

     Reading data from directory:
     /users/majewski/paradichlorobenzene/pbe/9_constraint/scratch/pbe.ecut100.np8.dt60.pcl2phi-129368.save
     Message from routine read_xml_file:
     file /users/majewski/paradichlorobenzene/pbe/9_constraint/scratch/pbe.ecut100.np8.dt60.pcl2phi-129368.save not guaranteed to be safe for post-processing

   Info: using nr1, nr2, nr3 values from input

   Info: using nr1, nr2, nr3 values from input

     IMPORTANT: XC functional enforced from input :
     Exchange-correlation      =  SLA  PW   PBX  PBC ( 1  4  3  4 0 0)
     Any further DFT definition will be discarded
     Please, verify this is what you really want

               file C.pbe-n-kjpaw_psl.1.0.0.UPF: wavefunction(s)  2S 2P renormalized
               file Cl.pbe-n-kjpaw_psl.1.0.0.UPF: wavefunction(s)  3S 3P renormalized
               file H.pbe-kjpaw_psl.1.0.0.UPF: wavefunction(s)  1S renormalized

     Parallelization info
     --------------------
     sticks:   dense  smooth     PW     G-vecs:    dense   smooth      PW
     Min        3057    1223    332               144436    36536    5170
     Max        3059    1225    333               144437    36537    5171
     Sum       24467    9791   2657              1155489   292295   41363


     Subspace diagonalization in iterative solution of the eigenvalue problem:
     a serial algorithm will be used

     GIPAW projectors -----------------------------------------------
     atom=  C    l=0  rc=    1.2000  rs=    0.8000
     atom=  C    l=0  rc=    1.2000  rs=    0.8000
     atom=  C    l=1  rc=    1.4000  rs=    0.9333
     atom=  C    l=1  rc=    1.4000  rs=    0.9333
     projs nearly linearly dependent: l=1  n1,n2= 1, 2  s=  0.99951561

     atom=  Cl   l=0  rc=    1.6000  rs=    1.0667
     atom=  Cl   l=0  rc=    1.6000  rs=    1.0667
     atom=  Cl   l=1  rc=    1.6000  rs=    1.0667
     atom=  Cl   l=1  rc=    1.6000  rs=    1.0667
     atom=  Cl   l=2  rc=    1.6000  rs=    1.0667
     atom=  Cl   l=2  rc=    1.6000  rs=    1.0667
     projs nearly linearly dependent: l=2  n1,n2= 1, 2  s=  0.99993509

     atom=  H    l=0  rc=    1.0000  rs=    0.6667
     atom=  H    l=0  rc=    1.0000  rs=    0.6667
     projs nearly linearly dependent: l=0  n1,n2= 1, 2  s=  0.99968852
     -----------------------------------------------------------------

     GIPAW integrals: -------------------------------------------
     Atom  i/j   nmr_para   nmr_dia   epr_rmc  epr_para   epr_dia
       C   1 1   0.83E+03  0.17E-01  0.93E+01  0.24E+08  0.24E+03
       C   2 1   0.86E+03 -0.61E-01  0.94E+01  0.25E+08  0.25E+03
       C   2 2   0.90E+03 -0.15E+00  0.97E+01  0.26E+08  0.26E+03
       C   3 3   0.33E+01  0.34E+00  0.18E+01  0.55E+03  0.21E+02
       C   4 3   0.35E+01  0.37E+00  0.20E+01  0.59E+03  0.22E+02
       C   4 4   0.38E+01  0.39E+00  0.22E+01  0.63E+03  0.24E+02
       Cl  1 1   0.14E+04 -0.47E+00  0.84E+01  0.32E+09  0.42E+03
       Cl  2 1   0.21E+04 -0.37E+00  0.12E+02  0.49E+09  0.65E+03
       Cl  2 2   0.33E+04 -0.16E+00  0.21E+02  0.76E+09  0.10E+04
       Cl  3 3   0.21E+02  0.79E-01  0.89E+01  0.23E+05  0.13E+03
       Cl  4 3   0.24E+02  0.67E-01  0.99E+01  0.27E+05  0.15E+03
       Cl  4 4   0.28E+02  0.44E-01  0.11E+02  0.32E+05  0.18E+03
       Cl  5 5   0.77E+00  0.19E+00  0.18E+01  0.12E+03  0.22E+02
       Cl  6 5   0.80E+00  0.19E+00  0.19E+01  0.12E+03  0.23E+02
       Cl  6 6   0.83E+00  0.20E+00  0.19E+01  0.12E+03  0.23E+02
       H   1 1   0.39E+02  0.19E+00  0.29E+00  0.78E+05  0.13E+02
       H   2 1   0.41E+02  0.21E+00  0.32E+00  0.82E+05  0.14E+02
       H   2 2   0.43E+02  0.22E+00  0.36E+00  0.86E+05  0.15E+02
     ------------------------------------------------------------

     alpha_pv=     34.4903 eV

     Number of occupied bands for each k-point:
     k-point:     1    nbnd_occ=  42
     k-point:     2    nbnd_occ=  42
     k-point:     3    nbnd_occ=  42
     k-point:     4    nbnd_occ=  42
     k-point:     5    nbnd_occ=  42
     k-point:     6    nbnd_occ=  42
     k-point:     7    nbnd_occ=  42
     k-point:     8    nbnd_occ=  42
     k-point:     9    nbnd_occ=  42
     k-point:    10    nbnd_occ=  42
     k-point:    11    nbnd_occ=  42
     k-point:    12    nbnd_occ=  42
     k-point:    13    nbnd_occ=  42
     k-point:    14    nbnd_occ=  42
     k-point:    15    nbnd_occ=  42
     k-point:    16    nbnd_occ=  42


     q-space interpolation up to   110.00 Rydberg

     GIPAW job: efg                                                                             


     ELECTRIC FIELD GRADIENTS TENSORS IN Hartree/bohrradius^2:

     ----- bare term -----
     Cl   1        0.002727        0.063226        0.033646
     Cl   1        0.063226        0.049990        0.073591
     Cl   1        0.033646        0.073591       -0.052717

     C    2       -0.806376        0.357491       -0.335954
     C    2        0.357491        0.275764        0.002981
     C    2       -0.335954        0.002981        0.530612

     C    3        0.235814       -0.007487        0.066142
     C    3       -0.007487       -0.429400       -0.289657
     C    3        0.066142       -0.289657        0.193586

     H    4       -0.397749       -0.279103        0.275909
     H    4       -0.279103        0.265247        0.002555
     H    4        0.275909        0.002555        0.132502

     C    5       -0.535626        0.303777       -0.330944
     C    5        0.303777        0.149274        0.028349
     C    5       -0.330944        0.028349        0.386352

     H    6        0.344174       -0.329876        0.185970
     H    6       -0.329876       -0.530884        0.076883
     H    6        0.185970        0.076883        0.186710

     H    7        0.446436        0.047890       -0.023384
     H    7        0.047890       -0.376927        0.630828
     H    7       -0.023384        0.630828       -0.069509

     C    8       -0.178693       -0.111242       -0.270469
     C    8       -0.111242       -0.186469        0.351916
     C    8       -0.270469        0.351916        0.365161

     H    9       -0.101272        0.211729       -0.423511
     H    9        0.211729        0.102278        0.459121
     H    9       -0.423511        0.459121       -0.001006

     C   10       -0.527147       -0.346869       -0.336036
     C   10       -0.346869        0.061513        0.179066
     C   10       -0.336036        0.179066        0.465634

     C   11       -0.095804        0.040562       -0.317411
     C   11        0.040562       -0.021238        0.676521
     C   11       -0.317411        0.676521        0.117042

     Cl  12       -0.184699       -0.172884       -0.039563
     Cl  12       -0.172884        0.112069        0.147296
     Cl  12       -0.039563        0.147296        0.072630

     H   13        0.197220       -0.480877        0.015982
     H   13       -0.480877       -0.583900       -0.177102
     H   13        0.015982       -0.177102        0.386680

     C   14       -0.093341        0.391090       -0.164814
     C   14        0.391090       -0.122496       -0.461866
     C   14       -0.164814       -0.461866        0.215837

     H   15       -0.419030       -0.517308        0.058703
     H   15       -0.517308        0.118545        0.103141
     H   15        0.058703        0.103141        0.300485

     C   16       -0.414934        0.341878       -0.288117
     C   16        0.341878        0.124035       -0.336096
     C   16       -0.288117       -0.336096        0.290899

     C   17       -0.063697       -0.144300       -0.351471
     C   17       -0.144300       -0.048020       -0.649026
     C   17       -0.351471       -0.649026        0.111717

     Cl  18       -0.229862        0.249629        0.120166
     Cl  18        0.249629       -0.062203       -0.119218
     Cl  18        0.120166       -0.119218        0.292065

     H   19        0.554535        0.000219       -0.010105
     H   19        0.000219       -0.140716        0.252600
     H   19       -0.010105        0.252600       -0.413819

     C   20       -0.734151       -0.345790       -0.223150
     C   20       -0.345790        0.417313        0.230917
     C   20       -0.223150        0.230917        0.316838

     H   21       -0.067315        0.072509       -0.511382
     H   21        0.072509        0.281698       -0.132443
     H   21       -0.511382       -0.132443       -0.214383

     C   22       -0.024006       -0.186347       -0.186628
     C   22       -0.186347       -0.039850        0.664805
     C   22       -0.186628        0.664805        0.063855

     C   23       -0.516729       -0.280494       -0.403001
     C   23       -0.280494        0.232639        0.258624
     C   23       -0.403001        0.258624        0.284090

     Cl  24       -0.035313       -0.085921       -0.066862
     Cl  24       -0.085921        0.144008        0.081283
     Cl  24       -0.066862        0.081283       -0.108695

     ----- ionic term -----
     Cl   1        0.119428       -0.216278        0.020596
     Cl   1       -0.216278        0.056582       -0.014557
     Cl   1        0.020596       -0.014557       -0.176010

     C    2        0.255347       -0.121044        0.187051
     C    2       -0.121044        0.305643        0.244291
     C    2        0.187051        0.244291       -0.560990

     C    3        0.213330       -0.129024        0.051305
     C    3       -0.129024        0.369835        0.296564
     C    3        0.051305        0.296564       -0.583165

     H    4        0.838097        0.545051        0.284702
     H    4        0.545051       -0.237851        0.146293
     H    4        0.284702        0.146293       -0.600246

     C    5        0.428957       -0.129953        0.059695
     C    5       -0.129953        0.156220        0.247261
     C    5        0.059695        0.247261       -0.585177

     H    6       -0.460593        0.182429        0.028988
     H    6        0.182429        0.874695        0.501604
     H    6        0.028988        0.501604       -0.414103

     H    7       -0.532352       -0.063671        0.063811
     H    7       -0.063671        0.605625       -0.753370
     H    7        0.063811       -0.753370       -0.073272

     C    8        0.247883        0.241924        0.284052
     C    8        0.241924        0.023443       -0.321313
     C    8        0.284052       -0.321313       -0.271326

     H    9        0.536894       -0.315253        0.691373
     H    9       -0.315253       -0.425925       -0.277220
     H    9        0.691373       -0.277220       -0.110970

     C   10        0.149940        0.298066        0.169812
     C   10        0.298066        0.098661       -0.401590
     C   10        0.169812       -0.401590       -0.248601

     C   11        0.234083        0.260317        0.256495
     C   11        0.260317       -0.020130       -0.374432
     C   11        0.256495       -0.374432       -0.213953

     Cl  12        0.154718        0.198935       -0.003984
     Cl  12        0.198935       -0.003263       -0.013249
     Cl  12       -0.003984       -0.013249       -0.151455

     H   13       -0.499340        0.202849        0.109581
     H   13        0.202849        0.730435        0.638394
     H   13        0.109581        0.638394       -0.231096

     C   14        0.393939       -0.149296        0.149592
     C   14       -0.149296        0.110162        0.264540
     C   14        0.149592        0.264540       -0.504101

     H   15        0.819115        0.377829        0.468252
     H   15        0.377829       -0.403070        0.189969
     H   15        0.468252        0.189969       -0.416044

     C   16        0.243009       -0.154062        0.110064
     C   16       -0.154062        0.228580        0.336411
     C   16        0.110064        0.336411       -0.471589

     C   17        0.338986       -0.097852        0.043680
     C   17       -0.097852        0.193411        0.364011
     C   17        0.043680        0.364011       -0.532396

     Cl  18        0.115707       -0.219153       -0.064502
     Cl  18       -0.219153        0.039305        0.049537
     Cl  18       -0.064502        0.049537       -0.155012

     H   19       -0.516295       -0.026223        0.037814
     H   19       -0.026223        0.492458       -0.787239
     H   19        0.037814       -0.787239        0.023837

     C   20        0.328338        0.304626        0.271233
     C   20        0.304626       -0.048659       -0.305741
     C   20        0.271233       -0.305741       -0.279679

     H   21        0.469412       -0.308507        0.726400
     H   21       -0.308507       -0.409651       -0.294405
     H   21        0.726400       -0.294405       -0.059762

     C   22        0.147253        0.292413        0.191037
     C   22        0.292413        0.103608       -0.439881
     C   22        0.191037       -0.439881       -0.250861

     C   23        0.136517        0.211630        0.317393
     C   23        0.211630        0.058575       -0.418604
     C   23        0.317393       -0.418604       -0.195092

     Cl  24        0.129451        0.225589        0.028463
     Cl  24        0.225589        0.017062        0.010231
     Cl  24        0.028463        0.010231       -0.146513

     ----- GIPAW term -----
     Cl   1        0.033298       -0.543606        0.442733
     Cl   1       -0.543606        2.042681        1.480279
     Cl   1        0.442733        1.480279       -2.075979

     C    2       -0.190045       -0.011849       -0.027352
     C    2       -0.011849        0.120397        0.209596
     C    2       -0.027352        0.209596        0.069648

     C    3       -0.006283       -0.025260        0.003947
     C    3       -0.025260       -0.035432        0.060608
     C    3        0.003947        0.060608        0.041715

     H    4       -0.000000        0.000000        0.000000
     H    4        0.000000        0.000000        0.000000
     H    4        0.000000        0.000000        0.000000

     C    5       -0.064794       -0.003459       -0.098175
     C    5       -0.003459       -0.021308        0.074082
     C    5       -0.098175        0.074082        0.086103

     H    6       -0.000000        0.000000        0.000000
     H    6        0.000000        0.000000        0.000000
     H    6        0.000000        0.000000        0.000000

     H    7       -0.000000        0.000000        0.000000
     H    7        0.000000        0.000000        0.000000
     H    7        0.000000        0.000000        0.000000

     C    8       -0.085760        0.005319       -0.045865
     C    8        0.005319        0.013798       -0.060959
     C    8       -0.045865       -0.060959        0.071962

     H    9       -0.000000        0.000000        0.000000
     H    9        0.000000        0.000000        0.000000
     H    9        0.000000        0.000000        0.000000

     C   10       -0.164038        0.020168       -0.113755
     C   10        0.020168        0.105573       -0.089486
     C   10       -0.113755       -0.089486        0.058465

     C   11       -0.006666        0.104880       -0.060159
     C   11        0.104880        0.136079        0.160739
     C   11       -0.060159        0.160739       -0.129413

     Cl  12        0.073779        1.180809       -0.417256
     Cl  12        1.180809        1.103978        1.315047
     Cl  12       -0.417256        1.315047       -1.177757

     H   13       -0.000000        0.000000        0.000000
     H   13        0.000000        0.000000        0.000000
     H   13        0.000000        0.000000        0.000000

     C   14       -0.007132        0.214136       -0.038826
     C   14        0.214136        0.107189       -0.144964
     C   14       -0.038826       -0.144964       -0.100057

     H   15       -0.000000        0.000000        0.000000
     H   15        0.000000        0.000000        0.000000
     H   15        0.000000        0.000000        0.000000

     C   16       -0.117583        0.162909       -0.120219
     C   16        0.162909        0.155550       -0.142763
     C   16       -0.120219       -0.142763       -0.037967

     C   17        0.013246       -0.176317       -0.057341
     C   17       -0.176317        0.123878       -0.113731
     C   17       -0.057341       -0.113731       -0.137125

     Cl  18       -0.220575       -1.445764        1.501546
     Cl  18       -1.445764       -0.755162       -1.527422
     Cl  18        1.501546       -1.527422        0.975736

     H   19       -0.000000        0.000000        0.000000
     H   19        0.000000        0.000000        0.000000
     H   19        0.000000        0.000000        0.000000

     C   20       -0.207348       -0.018544       -0.006021
     C   20       -0.018544        0.260707        0.112372
     C   20       -0.006021        0.112372       -0.053359

     H   21       -0.000000        0.000000        0.000000
     H   21        0.000000        0.000000        0.000000
     H   21        0.000000        0.000000        0.000000

     C   22       -0.121944       -0.038650       -0.036031
     C   22       -0.038650        0.220601        0.185648
     C   22       -0.036031        0.185648       -0.098657

     C   23       -0.098549        0.006020       -0.056739
     C   23        0.006020        0.214516       -0.016992
     C   23       -0.056739       -0.016992       -0.115967

     Cl  24        0.503912        0.906814       -0.503716
     Cl  24        0.906814        1.882113        0.958696
     Cl  24       -0.503716        0.958696       -2.386025

     ----- total EFG -----
     Cl   1        0.155453       -0.696659        0.496975
     Cl   1       -0.696659        2.149254        1.539314
     Cl   1        0.496975        1.539314       -2.304706

     C    2       -0.741074        0.224598       -0.176255
     C    2        0.224598        0.701803        0.456867
     C    2       -0.176255        0.456867        0.039271

     C    3        0.442862       -0.161770        0.121394
     C    3       -0.161770       -0.094997        0.067516
     C    3        0.121394        0.067516       -0.347865

     H    4        0.440348        0.265947        0.560611
     H    4        0.265947        0.027396        0.148848
     H    4        0.560611        0.148848       -0.467744

     C    5       -0.171464        0.170365       -0.369424
     C    5        0.170365        0.284186        0.349692
     C    5       -0.369424        0.349692       -0.112722

     H    6       -0.116418       -0.147447        0.214957
     H    6       -0.147447        0.343811        0.578487
     H    6        0.214957        0.578487       -0.227393

     H    7       -0.085917       -0.015781        0.040428
     H    7       -0.015781        0.228698       -0.122542
     H    7        0.040428       -0.122542       -0.142781

     C    8       -0.016570        0.136001       -0.032281
     C    8        0.136001       -0.149228       -0.030355
     C    8       -0.032281       -0.030355        0.165797

     H    9        0.435623       -0.103524        0.267863
     H    9       -0.103524       -0.323647        0.181901
     H    9        0.267863        0.181901       -0.111976

     C   10       -0.541246       -0.028635       -0.279979
     C   10       -0.028635        0.265747       -0.312010
     C   10       -0.279979       -0.312010        0.275499

     C   11        0.131613        0.405759       -0.121075
     C   11        0.405759        0.094711        0.462829
     C   11       -0.121075        0.462829       -0.226323

     Cl  12        0.043798        1.206860       -0.460804
     Cl  12        1.206860        1.212784        1.449094
     Cl  12       -0.460804        1.449094       -1.256581

     H   13       -0.302119       -0.278029        0.125563
     H   13       -0.278029        0.146535        0.461291
     H   13        0.125563        0.461291        0.155584

     C   14        0.293466        0.455930       -0.054048
     C   14        0.455930        0.094855       -0.342289
     C   14       -0.054048       -0.342289       -0.388321

     H   15        0.400085       -0.139479        0.526955
     H   15       -0.139479       -0.284525        0.293110
     H   15        0.526955        0.293110       -0.115560

     C   16       -0.289508        0.350725       -0.298272
     C   16        0.350725        0.508165       -0.142447
     C   16       -0.298272       -0.142447       -0.218657

     C   17        0.288535       -0.418469       -0.365133
     C   17       -0.418469        0.269269       -0.398746
     C   17       -0.365133       -0.398746       -0.557804

     Cl  18       -0.334729       -1.415289        1.557210
     Cl  18       -1.415289       -0.778060       -1.597104
     Cl  18        1.557210       -1.597104        1.112789

     H   19        0.038240       -0.026004        0.027710
     H   19       -0.026004        0.351742       -0.534639
     H   19        0.027710       -0.534639       -0.389982

     C   20       -0.613161       -0.059707        0.042062
     C   20       -0.059707        0.629361        0.037548
     C   20        0.042062        0.037548       -0.016200

     H   21        0.402098       -0.235998        0.215018
     H   21       -0.235998       -0.127953       -0.426847
     H   21        0.215018       -0.426847       -0.274145

     C   22        0.001303        0.067416       -0.031621
     C   22        0.067416        0.284359        0.410572
     C   22       -0.031621        0.410572       -0.285662

     C   23       -0.478761       -0.062843       -0.142348
     C   23       -0.062843        0.505730       -0.176972
     C   23       -0.142348       -0.176972       -0.026969

     Cl  24        0.598050        1.046481       -0.542114
     Cl  24        1.046481        2.043183        1.050211
     Cl  24       -0.542114        1.050211       -2.641233

     ----- total EFG (symmetrized) -----
     Cl   1        0.155453       -0.696659        0.496975
     Cl   1       -0.696659        2.149254        1.539314
     Cl   1        0.496975        1.539314       -2.304706

     C    2       -0.741074        0.224598       -0.176255
     C    2        0.224598        0.701803        0.456867
     C    2       -0.176255        0.456867        0.039271

     C    3        0.442862       -0.161770        0.121394
     C    3       -0.161770       -0.094997        0.067516
     C    3        0.121394        0.067516       -0.347865

     H    4        0.440348        0.265947        0.560611
     H    4        0.265947        0.027396        0.148848
     H    4        0.560611        0.148848       -0.467744

     C    5       -0.171464        0.170365       -0.369424
     C    5        0.170365        0.284186        0.349692
     C    5       -0.369424        0.349692       -0.112722

     H    6       -0.116418       -0.147447        0.214957
     H    6       -0.147447        0.343811        0.578487
     H    6        0.214957        0.578487       -0.227393

     H    7       -0.085917       -0.015781        0.040428
     H    7       -0.015781        0.228698       -0.122542
     H    7        0.040428       -0.122542       -0.142781

     C    8       -0.016570        0.136001       -0.032281
     C    8        0.136001       -0.149228       -0.030355
     C    8       -0.032281       -0.030355        0.165797

     H    9        0.435623       -0.103524        0.267863
     H    9       -0.103524       -0.323647        0.181901
     H    9        0.267863        0.181901       -0.111976

     C   10       -0.541246       -0.028635       -0.279979
     C   10       -0.028635        0.265747       -0.312010
     C   10       -0.279979       -0.312010        0.275499

     C   11        0.131613        0.405759       -0.121075
     C   11        0.405759        0.094711        0.462829
     C   11       -0.121075        0.462829       -0.226323

     Cl  12        0.043798        1.206860       -0.460804
     Cl  12        1.206860        1.212784        1.449094
     Cl  12       -0.460804        1.449094       -1.256581

     H   13       -0.302119       -0.278029        0.125563
     H   13       -0.278029        0.146535        0.461291
     H   13        0.125563        0.461291        0.155584

     C   14        0.293466        0.455930       -0.054048
     C   14        0.455930        0.094855       -0.342289
     C   14       -0.054048       -0.342289       -0.388321

     H   15        0.400085       -0.139479        0.526955
     H   15       -0.139479       -0.284525        0.293110
     H   15        0.526955        0.293110       -0.115560

     C   16       -0.289508        0.350725       -0.298272
     C   16        0.350725        0.508165       -0.142447
     C   16       -0.298272       -0.142447       -0.218657

     C   17        0.288535       -0.418469       -0.365133
     C   17       -0.418469        0.269269       -0.398746
     C   17       -0.365133       -0.398746       -0.557804

     Cl  18       -0.334729       -1.415289        1.557210
     Cl  18       -1.415289       -0.778060       -1.597104
     Cl  18        1.557210       -1.597104        1.112789

     H   19        0.038240       -0.026004        0.027710
     H   19       -0.026004        0.351742       -0.534639
     H   19        0.027710       -0.534639       -0.389982

     C   20       -0.613161       -0.059707        0.042062
     C   20       -0.059707        0.629361        0.037548
     C   20        0.042062        0.037548       -0.016200

     H   21        0.402098       -0.235998        0.215018
     H   21       -0.235998       -0.127953       -0.426847
     H   21        0.215018       -0.426847       -0.274145

     C   22        0.001303        0.067416       -0.031621
     C   22        0.067416        0.284359        0.410572
     C   22       -0.031621        0.410572       -0.285662

     C   23       -0.478761       -0.062843       -0.142348
     C   23       -0.062843        0.505730       -0.176972
     C   23       -0.142348       -0.176972       -0.026969

     Cl  24        0.598050        1.046481       -0.542114
     Cl  24        1.046481        2.043183        1.050211
     Cl  24       -0.542114        1.050211       -2.641233


     NQR/NMR SPECTROSCOPIC PARAMETERS:
     Cl   1    Vxx=    0.2011    axis=(  0.954555  0.129098  0.268622)
     Cl   1    Vyy=    2.7365    axis=( -0.202710  0.941955  0.267637)
     Cl   1    Vzz=   -2.9376    axis=( -0.218479 -0.309927  0.925318)
     Cl   1  Q=        -8.1650 1e-30 m^2  Cq=        56.3569 MHz  eta= 0.86309

     C    2    Vxx=   -0.0925    axis=( -0.363819 -0.384988  0.848187)
     C    2    Vyy=   -0.8512    axis=( -0.928559  0.221836 -0.297603)
     C    2    Vzz=    0.9437    axis=( -0.073585 -0.895864 -0.438192)
     C    2  Q=         1.0000 1e-30 m^2  Cq=         2.2174 MHz  eta= 0.80397

     C    3    Vxx=   -0.1035    axis=( -0.193785 -0.916687 -0.349475)
     C    3    Vyy=   -0.3961    axis=( -0.194885 -0.313158  0.929490)
     C    3    Vzz=    0.4995    axis=( -0.961492  0.248229 -0.117963)
     C    3  Q=         1.0000 1e-30 m^2  Cq=         1.1737 MHz  eta= 0.58578

     H    4    Vxx=   -0.0882    axis=(  0.334379 -0.933746  0.127705)
     H    4    Vyy=   -0.7357    axis=(  0.424892  0.028410 -0.904798)
     H    4    Vzz=    0.8239    axis=(  0.841224  0.356806  0.406241)
     H    4  Q=         1.0000 1e-30 m^2  Cq=         1.9358 MHz  eta= 0.78589

     C    5    Vxx=    0.1648    axis=(  0.761869  0.401513 -0.508275)
     C    5    Vyy=    0.4911    axis=(  0.083807 -0.839208 -0.537314)
     C    5    Vzz=   -0.6558    axis=(  0.642287 -0.366766  0.673016)
     C    5  Q=         1.0000 1e-30 m^2  Cq=        -1.5410 MHz  eta= 0.49751

     H    6    Vxx=   -0.0009    axis=(  0.913738 -0.201369  0.352892)
     H    6    Vyy=   -0.7026    axis=( -0.406014 -0.485290  0.774368)
     H    6    Vzz=    0.7035    axis=(  0.015321 -0.850849 -0.525187)
     H    6  Q=         1.0000 1e-30 m^2  Cq=         1.6530 MHz  eta= 0.99742

     H    7    Vxx=   -0.0767    axis=(  0.946415  0.161217  0.279837)
     H    7    Vyy=   -0.1909    axis=( -0.313886  0.255290  0.914496)
     H    7    Vzz=    0.2675    axis=(  0.075992 -0.953329  0.292214)
     H    7  Q=         1.0000 1e-30 m^2  Cq=         0.6286 MHz  eta= 0.42694

     C    8    Vxx=    0.0519    axis=(  0.798216  0.486129  0.355710)
     C    8    Vyy=    0.1825    axis=( -0.291523 -0.204998  0.934339)
     C    8    Vzz=   -0.2344    axis=( -0.527130  0.849502  0.021915)
     C    8  Q=         1.0000 1e-30 m^2  Cq=        -0.5508 MHz  eta= 0.55741

     H    9    Vxx=   -0.0591    axis=( -0.271867  0.615272  0.739952)
     H    9    Vyy=   -0.4866    axis=(  0.251757  0.787608 -0.562399)
     H    9    Vzz=    0.5458    axis=(  0.928820 -0.033390  0.369023)
     H    9  Q=         1.0000 1e-30 m^2  Cq=         1.2823 MHz  eta= 0.78327

     C   10    Vxx=    0.0329    axis=( -0.322399  0.744195  0.585006)
     C   10    Vyy=    0.6124    axis=( -0.163388 -0.652478  0.739984)
     C   10    Vzz=   -0.6453    axis=(  0.932396  0.142988  0.331951)
     C   10  Q=         1.0000 1e-30 m^2  Cq=        -1.5162 MHz  eta= 0.89808

     C   11    Vxx=    0.0960    axis=(  0.726902 -0.254155 -0.637981)
     C   11    Vyy=    0.6042    axis=( -0.561402 -0.754972 -0.338889)
     C   11    Vzz=   -0.7002    axis=( -0.395527  0.604502 -0.691473)
     C   11  Q=         1.0000 1e-30 m^2  Cq=        -1.6452 MHz  eta= 0.72577

     Cl  12    Vxx=    0.0374    axis=(  0.827290 -0.204232 -0.523337)
     Cl  12    Vyy=    2.2821    axis=( -0.403780 -0.863861 -0.301173)
     Cl  12    Vzz=   -2.3195    axis=(  0.390581 -0.460470  0.797128)
     Cl  12  Q=        -8.1650 1e-30 m^2  Cq=        44.4976 MHz  eta= 0.96778

     H   13    Vxx=   -0.0291    axis=(  0.696502 -0.421917  0.580406)
     H   13    Vyy=   -0.5968    axis=( -0.706497 -0.544682  0.451866)
     H   13    Vzz=    0.6258    axis=( -0.125487  0.724781  0.677455)
     H   13  Q=         1.0000 1e-30 m^2  Cq=         1.4705 MHz  eta= 0.90712

     C   14    Vxx=   -0.1194    axis=(  0.654368 -0.528379  0.540942)
     C   14    Vyy=   -0.6038    axis=( -0.227927  0.544272  0.807352)
     C   14    Vzz=    0.7232    axis=( -0.721008 -0.651600  0.235722)
     C   14  Q=         1.0000 1e-30 m^2  Cq=         1.6992 MHz  eta= 0.66990

     H   15    Vxx=   -0.0333    axis=(  0.358765 -0.786208 -0.503156)
     H   15    Vyy=   -0.6971    axis=(  0.403143  0.616684 -0.676149)
     H   15    Vzz=    0.7304    axis=(  0.841881  0.039734  0.538198)
     H   15  Q=         1.0000 1e-30 m^2  Cq=         1.7161 MHz  eta= 0.90883

     C   16    Vxx=   -0.1200    axis=( -0.462858  0.433739  0.773067)
     C   16    Vyy=   -0.5853    axis=(  0.796126 -0.180097  0.577710)
     C   16    Vzz=    0.7053    axis=( -0.389803 -0.882856  0.261951)
     C   16  Q=         1.0000 1e-30 m^2  Cq=         1.6571 MHz  eta= 0.65973

     C   17    Vxx=    0.2305    axis=(  0.591680  0.575079 -0.564977)
     C   17    Vyy=    0.6978    axis=( -0.706283  0.707665 -0.019346)
     C   17    Vzz=   -0.9283    axis=(  0.388689  0.410481  0.824880)
     C   17  Q=         1.0000 1e-30 m^2  Cq=        -2.1811 MHz  eta= 0.50347

     Cl  18    Vxx=   -1.2059    axis=( -0.658559  0.335687  0.673509)
     Cl  18    Vyy=   -2.0174    axis=( -0.558910 -0.817486 -0.139057)
     Cl  18    Vzz=    3.2232    axis=(  0.503904 -0.468008  0.725981)
     Cl  18  Q=        -8.1650 1e-30 m^2  Cq=       -61.8361 MHz  eta= 0.25176

     H   19    Vxx=    0.0363    axis=(  0.998032  0.061499 -0.012257)
     H   19    Vyy=    0.6337    axis=(  0.060171 -0.884120  0.463370)
     H   19    Vzz=   -0.6700    axis=(  0.017661 -0.463196 -0.886080)
     H   19  Q=         1.0000 1e-30 m^2  Cq=        -1.5743 MHz  eta= 0.89165

     C   20    Vxx=   -0.0150    axis=(  0.075121 -0.051074  0.995866)
     C   20    Vyy=   -0.6192    axis=(  0.996117  0.049818 -0.072585)
     C   20    Vzz=    0.6342    axis=( -0.045905  0.997452  0.054618)
     C   20  Q=         1.0000 1e-30 m^2  Cq=         1.4900 MHz  eta= 0.95284

     H   21    Vxx=   -0.0130    axis=(  0.609089  0.613955 -0.502066)
     H   21    Vyy=   -0.6343    axis=( -0.013308  0.640863  0.767540)
     H   21    Vzz=    0.6473    axis=(  0.792991 -0.460818  0.398513)
     H   21  Q=         1.0000 1e-30 m^2  Cq=         1.5209 MHz  eta= 0.95976

     C   22    Vxx=    0.0042    axis=(  0.989135 -0.025961 -0.144698)
     C   22    Vyy=    0.5032    axis=( -0.090071 -0.884924 -0.456943)
     C   22    Vzz=   -0.5074    axis=( -0.116184  0.465012 -0.877648)
     C   22  Q=         1.0000 1e-30 m^2  Cq=        -1.1922 MHz  eta= 0.98360

     C   23    Vxx=   -0.0276    axis=( -0.323453  0.263455  0.908829)
     C   23    Vyy=   -0.5319    axis=(  0.946054  0.109316  0.305012)
     C   23    Vzz=    0.5595    axis=( -0.018993  0.958458 -0.284601)
     C   23  Q=         1.0000 1e-30 m^2  Cq=         1.3147 MHz  eta= 0.90131

     Cl  24    Vxx=    0.3428    axis=( -0.884605  0.365677  0.289404)
     Cl  24    Vyy=    2.6848    axis=(  0.415926  0.899323  0.134997)
     Cl  24    Vzz=   -3.0276    axis=(  0.210902 -0.239789  0.947640)
     Cl  24  Q=        -8.1650 1e-30 m^2  Cq=        58.0835 MHz  eta= 0.77354

     Initialization:
     gipaw_setup  :      9.73s CPU     11.93s WALL (       1 calls)

     Linear response

     Apply operators

     Induced current

     Other routines
     efg          :      9.75s CPU     12.70s WALL (       1 calls)

     General routines
     calbec       :      3.21s CPU      4.10s WALL (      16 calls)
     fft          :      1.50s CPU      2.02s WALL (      15 calls)
     ffts         :      0.04s CPU      0.04s WALL (       2 calls)
     fftw         :      3.74s CPU      4.74s WALL (     672 calls)
     davcio       :      0.01s CPU      0.70s WALL (      32 calls)

     Parallel routines
     fft_scatter  :      2.52s CPU      3.97s WALL (     689 calls)

     Plugins

     GIPAW        :     62.38s CPU     80.12s WALL (       1 calls)
