
     Program QE v.6.0 (svn rev. 13079) starts on 25Dec2016 at  1:33:52 

     This program is part of the open-source Quantum ESPRESSO suite
     for quantum simulation of materials; please cite
         "P. Giannozzi et al., J. Phys.:Condens. Matter 21 395502 (2009);
          URL http://www.quantum-espresso.org", 
     in publications or presentations arising from this work. More details at
     http://www.quantum-espresso.org/quote

     Parallel version (MPI), running on     8 processors
     R & G space division:  proc/nbgrp/npool/nimage =       8

     ***** This is GIPAW svn revision unknown      *****

     Parallelizing q-star over 1 images

     Reading data from directory:
     /users/majewski/paradichlorobenzene/pbe/9_constraint/scratch/pbe.ecut100.np8.dt60.pcl2phi-129368.save
     Message from routine read_xml_file:
     file /users/majewski/paradichlorobenzene/pbe/9_constraint/scratch/pbe.ecut100.np8.dt60.pcl2phi-129368.save not guaranteed to be safe for post-processing

   Info: using nr1, nr2, nr3 values from input

   Info: using nr1, nr2, nr3 values from input

     IMPORTANT: XC functional enforced from input :
     Exchange-correlation      =  SLA  PW   PBX  PBC ( 1  4  3  4 0 0)
     Any further DFT definition will be discarded
     Please, verify this is what you really want

               file C.pbe-n-kjpaw_psl.1.0.0.UPF: wavefunction(s)  2S 2P renormalized
               file Cl.pbe-n-kjpaw_psl.1.0.0.UPF: wavefunction(s)  3S 3P renormalized
               file H.pbe-kjpaw_psl.1.0.0.UPF: wavefunction(s)  1S renormalized

     Parallelization info
     --------------------
     sticks:   dense  smooth     PW     G-vecs:    dense   smooth      PW
     Min        3057    1223    332               144436    36536    5170
     Max        3059    1225    333               144437    36537    5171
     Sum       24467    9791   2657              1155489   292295   41363


     Subspace diagonalization in iterative solution of the eigenvalue problem:
     a serial algorithm will be used

     GIPAW projectors -----------------------------------------------
     atom=  C    l=0  rc=    1.2000  rs=    0.8000
     atom=  C    l=0  rc=    1.2000  rs=    0.8000
     atom=  C    l=1  rc=    1.4000  rs=    0.9333
     atom=  C    l=1  rc=    1.4000  rs=    0.9333
     projs nearly linearly dependent: l=1  n1,n2= 1, 2  s=  0.99951561

     atom=  Cl   l=0  rc=    1.6000  rs=    1.0667
     atom=  Cl   l=0  rc=    1.6000  rs=    1.0667
     atom=  Cl   l=1  rc=    1.6000  rs=    1.0667
     atom=  Cl   l=1  rc=    1.6000  rs=    1.0667
     atom=  Cl   l=2  rc=    1.6000  rs=    1.0667
     atom=  Cl   l=2  rc=    1.6000  rs=    1.0667
     projs nearly linearly dependent: l=2  n1,n2= 1, 2  s=  0.99993509

     atom=  H    l=0  rc=    1.0000  rs=    0.6667
     atom=  H    l=0  rc=    1.0000  rs=    0.6667
     projs nearly linearly dependent: l=0  n1,n2= 1, 2  s=  0.99968852
     -----------------------------------------------------------------

     GIPAW integrals: -------------------------------------------
     Atom  i/j   nmr_para   nmr_dia   epr_rmc  epr_para   epr_dia
       C   1 1   0.83E+03  0.17E-01  0.93E+01  0.24E+08  0.24E+03
       C   2 1   0.86E+03 -0.61E-01  0.94E+01  0.25E+08  0.25E+03
       C   2 2   0.90E+03 -0.15E+00  0.97E+01  0.26E+08  0.26E+03
       C   3 3   0.33E+01  0.34E+00  0.18E+01  0.55E+03  0.21E+02
       C   4 3   0.35E+01  0.37E+00  0.20E+01  0.59E+03  0.22E+02
       C   4 4   0.38E+01  0.39E+00  0.22E+01  0.63E+03  0.24E+02
       Cl  1 1   0.14E+04 -0.47E+00  0.84E+01  0.32E+09  0.42E+03
       Cl  2 1   0.21E+04 -0.37E+00  0.12E+02  0.49E+09  0.65E+03
       Cl  2 2   0.33E+04 -0.16E+00  0.21E+02  0.76E+09  0.10E+04
       Cl  3 3   0.21E+02  0.79E-01  0.89E+01  0.23E+05  0.13E+03
       Cl  4 3   0.24E+02  0.67E-01  0.99E+01  0.27E+05  0.15E+03
       Cl  4 4   0.28E+02  0.44E-01  0.11E+02  0.32E+05  0.18E+03
       Cl  5 5   0.77E+00  0.19E+00  0.18E+01  0.12E+03  0.22E+02
       Cl  6 5   0.80E+00  0.19E+00  0.19E+01  0.12E+03  0.23E+02
       Cl  6 6   0.83E+00  0.20E+00  0.19E+01  0.12E+03  0.23E+02
       H   1 1   0.39E+02  0.19E+00  0.29E+00  0.78E+05  0.13E+02
       H   2 1   0.41E+02  0.21E+00  0.32E+00  0.82E+05  0.14E+02
       H   2 2   0.43E+02  0.22E+00  0.36E+00  0.86E+05  0.15E+02
     ------------------------------------------------------------

     alpha_pv=     33.8238 eV

     Number of occupied bands for each k-point:
     k-point:     1    nbnd_occ=  42
     k-point:     2    nbnd_occ=  42
     k-point:     3    nbnd_occ=  42
     k-point:     4    nbnd_occ=  42
     k-point:     5    nbnd_occ=  42
     k-point:     6    nbnd_occ=  42
     k-point:     7    nbnd_occ=  42
     k-point:     8    nbnd_occ=  42
     k-point:     9    nbnd_occ=  42
     k-point:    10    nbnd_occ=  42
     k-point:    11    nbnd_occ=  42
     k-point:    12    nbnd_occ=  42
     k-point:    13    nbnd_occ=  42
     k-point:    14    nbnd_occ=  42
     k-point:    15    nbnd_occ=  42
     k-point:    16    nbnd_occ=  42


     q-space interpolation up to   110.00 Rydberg

     GIPAW job: efg                                                                             


     ELECTRIC FIELD GRADIENTS TENSORS IN Hartree/bohrradius^2:

     ----- bare term -----
     Cl   1        0.058544        0.064125        0.020749
     Cl   1        0.064125       -0.045596        0.018176
     Cl   1        0.020749        0.018176       -0.012949

     C    2       -0.734674        0.445333       -0.351241
     C    2        0.445333        0.357992       -0.100898
     C    2       -0.351241       -0.100898        0.376682

     C    3        0.084986       -0.136638       -0.245355
     C    3       -0.136638       -0.372302       -0.498592
     C    3       -0.245355       -0.498592        0.287316

     H    4       -0.592779        0.000423        0.135747
     H    4        0.000423        0.346335       -0.282420
     H    4        0.135747       -0.282420        0.246445

     C    5       -0.601084        0.341958       -0.432275
     C    5        0.341958        0.140109        0.011611
     C    5       -0.432275        0.011611        0.460975

     H    6        0.168246       -0.342890        0.224014
     H    6       -0.342890       -0.461040       -0.161011
     H    6        0.224014       -0.161011        0.292793

     H    7        0.455679        0.018684        0.013252
     H    7        0.018684       -0.249906        0.629040
     H    7        0.013252        0.629040       -0.205773

     C    8       -0.180076       -0.134240       -0.255946
     C    8       -0.134240       -0.103322        0.399831
     C    8       -0.255946        0.399831        0.283398

     H    9       -0.197074        0.335380       -0.482842
     H    9        0.335380        0.119360        0.372265
     H    9       -0.482842        0.372265        0.077714

     C   10       -0.565822       -0.379902       -0.318923
     C   10       -0.379902        0.168239        0.234183
     C   10       -0.318923        0.234183        0.397582

     C   11       -0.039877        0.046980       -0.272652
     C   11        0.046980        0.067797        0.707516
     C   11       -0.272652        0.707516       -0.027920

     Cl  12       -0.143920       -0.237717       -0.031383
     Cl  12       -0.237717        0.178573        0.050437
     Cl  12       -0.031383        0.050437       -0.034653

     H   13        0.281909       -0.353258        0.114589
     H   13       -0.353258       -0.571616        0.170962
     H   13        0.114589        0.170962        0.289707

     C   14       -0.034385       -0.008143       -0.105504
     C   14       -0.008143       -0.135246       -0.146726
     C   14       -0.105504       -0.146726        0.169631

     H   15       -0.417640       -0.441831        0.157387
     H   15       -0.441831        0.222470        0.114465
     H   15        0.157387        0.114465        0.195170

     C   16       -0.158782        0.175766        0.018600
     C   16        0.175766       -0.144184       -0.224390
     C   16        0.018600       -0.224390        0.302966

     C   17       -0.102309       -0.324302       -0.354828
     C   17       -0.324302       -0.045953       -0.718028
     C   17       -0.354828       -0.718028        0.148263

     Cl  18       -0.070660        0.176435        0.070100
     Cl  18        0.176435       -0.065338       -0.052672
     Cl  18        0.070100       -0.052672        0.135998

     H   19        0.398894        0.044195       -0.012103
     H   19        0.044195       -0.448654        0.563814
     H   19       -0.012103        0.563814        0.049760

     C   20       -0.756415       -0.379701       -0.347375
     C   20       -0.379701        0.419689        0.252406
     C   20       -0.347375        0.252406        0.336726

     H   21       -0.329626        0.020766       -0.534995
     H   21        0.020766        0.148803        0.091186
     H   21       -0.534995        0.091186        0.180823

     C   22        0.044968       -0.212495       -0.138963
     C   22       -0.212495       -0.066985        0.617790
     C   22       -0.138963        0.617790        0.022017

     C   23       -0.590551       -0.408690       -0.381659
     C   23       -0.408690        0.313315        0.232223
     C   23       -0.381659        0.232223        0.277236

     Cl  24       -0.019979       -0.095359        0.037345
     Cl  24       -0.095359        0.091950       -0.091430
     Cl  24        0.037345       -0.091430       -0.071971

     ----- ionic term -----
     Cl   1        0.124830       -0.209104       -0.014100
     Cl   1       -0.209104        0.027389        0.007969
     Cl   1       -0.014100        0.007969       -0.152220

     C    2        0.266472       -0.062467        0.145657
     C    2       -0.062467        0.267842        0.326135
     C    2        0.145657        0.326135       -0.534314

     C    3        0.169408       -0.136962        0.119983
     C    3       -0.136962        0.352501        0.340111
     C    3        0.119983        0.340111       -0.521909

     H    4        0.808832        0.434948        0.425285
     H    4        0.434948       -0.324832        0.182036
     H    4        0.425285        0.182036       -0.484000

     C    5        0.404122       -0.123942        0.188928
     C    5       -0.123942        0.160236        0.220938
     C    5        0.188928        0.220938       -0.564358

     H    6       -0.468452        0.236541        0.074008
     H    6        0.236541        0.943731        0.405416
     H    6        0.074008        0.405416       -0.475279

     H    7       -0.514223       -0.011633        0.041146
     H    7       -0.011633        0.428105       -0.786861
     H    7        0.041146       -0.786861        0.086118

     C    8        0.249391        0.247913        0.280619
     C    8        0.247913       -0.044984       -0.308207
     C    8        0.280619       -0.308207       -0.204407

     H    9        0.532318       -0.284517        0.702154
     H    9       -0.284517       -0.456478       -0.264579
     H    9        0.702154       -0.264579       -0.075841

     C   10        0.114917        0.221120        0.200206
     C   10        0.221120        0.078685       -0.447977
     C   10        0.200206       -0.447977       -0.193601

     C   11        0.198374        0.091461        0.286580
     C   11        0.091461        0.027264       -0.460160
     C   11        0.286580       -0.460160       -0.225638

     Cl  12        0.133695        0.173310        0.011598
     Cl  12        0.173310        0.009173       -0.004110
     Cl  12        0.011598       -0.004110       -0.142868

     H   13       -0.447127        0.309632        0.097749
     H   13        0.309632        0.831116        0.490806
     H   13        0.097749        0.490806       -0.383989

     C   14        0.350065       -0.060915        0.148224
     C   14       -0.060915        0.179956        0.231852
     C   14        0.148224        0.231852       -0.530021

     H   15        0.807735        0.295504        0.550364
     H   15        0.295504       -0.402919        0.177296
     H   15        0.550364        0.177296       -0.404816

     C   16        0.167605       -0.108092        0.158461
     C   16       -0.108092        0.343091        0.299946
     C   16        0.158461        0.299946       -0.510696

     C   17        0.332522       -0.057260        0.236885
     C   17       -0.057260        0.243635        0.276661
     C   17        0.236885        0.276661       -0.576157

     Cl  18        0.120790       -0.192791        0.007648
     Cl  18       -0.192791        0.053911       -0.001965
     Cl  18        0.007648       -0.001965       -0.174701

     H   19       -0.528261       -0.054548        0.028323
     H   19       -0.054548        0.737619       -0.680309
     H   19        0.028323       -0.680309       -0.209358

     C   20        0.261203        0.139920        0.253078
     C   20        0.139920        0.099583       -0.314204
     C   20        0.253078       -0.314204       -0.360785

     H   21        0.586638       -0.392558        0.635897
     H   21       -0.392558       -0.353019       -0.283497
     H   21        0.635897       -0.283497       -0.233618

     C   22        0.092322        0.205713        0.177180
     C   22        0.205713        0.237120       -0.415248
     C   22        0.177180       -0.415248       -0.329443

     C   23        0.140436        0.261646        0.247556
     C   23        0.261646        0.132759       -0.419656
     C   23        0.247556       -0.419656       -0.273194

     Cl  24        0.145894        0.234987       -0.021488
     Cl  24        0.234987        0.009293       -0.024898
     Cl  24       -0.021488       -0.024898       -0.155187

     ----- GIPAW term -----
     Cl   1       -0.173521       -1.111951        0.089757
     Cl   1       -1.111951        2.292084        1.104143
     Cl   1        0.089757        1.104143       -2.118562

     C    2       -0.172683       -0.010477       -0.037351
     C    2       -0.010477        0.289245        0.052738
     C    2       -0.037351        0.052738       -0.116561

     C    3       -0.072190       -0.127954       -0.088239
     C    3       -0.127954        0.051699        0.130401
     C    3       -0.088239        0.130401        0.020491

     H    4       -0.000000        0.000000        0.000000
     H    4        0.000000        0.000000        0.000000
     H    4        0.000000        0.000000        0.000000

     C    5       -0.043446       -0.118362       -0.154385
     C    5       -0.118362        0.058733        0.150675
     C    5       -0.154385        0.150675       -0.015287

     H    6       -0.000000        0.000000        0.000000
     H    6        0.000000        0.000000        0.000000
     H    6        0.000000        0.000000        0.000000

     H    7       -0.000000        0.000000        0.000000
     H    7        0.000000        0.000000        0.000000
     H    7        0.000000        0.000000        0.000000

     C    8       -0.085914       -0.021406       -0.028483
     C    8       -0.021406        0.101595       -0.013656
     C    8       -0.028483       -0.013656       -0.015681

     H    9       -0.000000        0.000000        0.000000
     H    9        0.000000        0.000000        0.000000
     H    9        0.000000        0.000000        0.000000

     C   10       -0.190466       -0.105814       -0.060350
     C   10       -0.105814        0.184725       -0.039938
     C   10       -0.060350       -0.039938        0.005742

     C   11       -0.062904        0.046444       -0.048870
     C   11        0.046444        0.229865        0.178521
     C   11       -0.048870        0.178521       -0.166961

     Cl  12        0.308351        0.329607       -0.335453
     Cl  12        0.329607        1.843848        0.458173
     Cl  12       -0.335453        0.458173       -2.152199

     H   13       -0.000000        0.000000        0.000000
     H   13        0.000000        0.000000        0.000000
     H   13        0.000000        0.000000        0.000000

     C   14       -0.024295        0.024129       -0.018211
     C   14        0.024129        0.034762       -0.082245
     C   14       -0.018211       -0.082245       -0.010467

     H   15       -0.000000        0.000000        0.000000
     H   15        0.000000        0.000000        0.000000
     H   15        0.000000        0.000000        0.000000

     C   16       -0.071820        0.028022       -0.025765
     C   16        0.028022       -0.005386       -0.095034
     C   16       -0.025765       -0.095034        0.077205

     C   17        0.021730       -0.254244        0.003343
     C   17       -0.254244        0.053753       -0.199964
     C   17        0.003343       -0.199964       -0.075483

     Cl  18        1.489236       -1.860089        0.550241
     Cl  18       -1.860089       -0.350878       -0.373961
     Cl  18        0.550241       -0.373961       -1.138358

     H   19       -0.000000        0.000000        0.000000
     H   19        0.000000        0.000000        0.000000
     H   19        0.000000        0.000000        0.000000

     C   20       -0.220586       -0.076435       -0.043390
     C   20       -0.076435        0.278805        0.069017
     C   20       -0.043390        0.069017       -0.058220

     H   21       -0.000000        0.000000        0.000000
     H   21        0.000000        0.000000        0.000000
     H   21        0.000000        0.000000        0.000000

     C   22       -0.111865       -0.054148       -0.010166
     C   22       -0.054148        0.265567        0.069250
     C   22       -0.010166        0.069250       -0.153702

     C   23       -0.151387       -0.041116       -0.054914
     C   23       -0.041116        0.285340        0.069355
     C   23       -0.054914        0.069355       -0.133952

     Cl  24        0.280713        0.363261        0.496756
     Cl  24        0.363261        1.935885       -1.318383
     Cl  24        0.496756       -1.318383       -2.216598

     ----- total EFG -----
     Cl   1        0.009853       -1.256930        0.096406
     Cl   1       -1.256930        2.273877        1.130288
     Cl   1        0.096406        1.130288       -2.283731

     C    2       -0.640886        0.372390       -0.242935
     C    2        0.372390        0.915079        0.277975
     C    2       -0.242935        0.277975       -0.274193

     C    3        0.182204       -0.401554       -0.213610
     C    3       -0.401554        0.031899       -0.028079
     C    3       -0.213610       -0.028079       -0.214103

     H    4        0.216053        0.435371        0.561032
     H    4        0.435371        0.021503       -0.100385
     H    4        0.561032       -0.100385       -0.237556

     C    5       -0.240408        0.099654       -0.397732
     C    5        0.099654        0.359079        0.383225
     C    5       -0.397732        0.383225       -0.118670

     H    6       -0.300206       -0.106349        0.298023
     H    6       -0.106349        0.482691        0.244405
     H    6        0.298023        0.244405       -0.182486

     H    7       -0.058545        0.007050        0.054398
     H    7        0.007050        0.178199       -0.157821
     H    7        0.054398       -0.157821       -0.119654

     C    8       -0.016599        0.092267       -0.003810
     C    8        0.092267       -0.046711        0.077968
     C    8       -0.003810        0.077968        0.063310

     H    9        0.335244        0.050863        0.219312
     H    9        0.050863       -0.337117        0.107686
     H    9        0.219312        0.107686        0.001873

     C   10       -0.641371       -0.264596       -0.179068
     C   10       -0.264596        0.431649       -0.253732
     C   10       -0.179068       -0.253732        0.209722

     C   11        0.095592        0.184885       -0.034942
     C   11        0.184885        0.324926        0.425877
     C   11       -0.034942        0.425877       -0.420519

     Cl  12        0.298126        0.265200       -0.355239
     Cl  12        0.265200        2.031594        0.504500
     Cl  12       -0.355239        0.504500       -2.329720

     H   13       -0.165219       -0.043626        0.212338
     H   13       -0.043626        0.259500        0.661768
     H   13        0.212338        0.661768       -0.094281

     C   14        0.291385       -0.044929        0.024510
     C   14       -0.044929        0.079472        0.002881
     C   14        0.024510        0.002881       -0.370857

     H   15        0.390095       -0.146327        0.707751
     H   15       -0.146327       -0.180449        0.291761
     H   15        0.707751        0.291761       -0.209646

     C   16       -0.062997        0.095696        0.151297
     C   16        0.095696        0.193522       -0.019478
     C   16        0.151297       -0.019478       -0.130525

     C   17        0.251943       -0.635807       -0.114600
     C   17       -0.635807        0.251434       -0.641332
     C   17       -0.114600       -0.641332       -0.503377

     Cl  18        1.539366       -1.876445        0.627989
     Cl  18       -1.876445       -0.362304       -0.428598
     Cl  18        0.627989       -0.428598       -1.177062

     H   19       -0.129367       -0.010353        0.016220
     H   19       -0.010353        0.288965       -0.116495
     H   19        0.016220       -0.116495       -0.159598

     C   20       -0.715798       -0.316216       -0.137687
     C   20       -0.316216        0.798077        0.007219
     C   20       -0.137687        0.007219       -0.082279

     H   21        0.257012       -0.371792        0.100902
     H   21       -0.371792       -0.204217       -0.192312
     H   21        0.100902       -0.192312       -0.052795

     C   22        0.025425       -0.060931        0.028050
     C   22       -0.060931        0.435703        0.271792
     C   22        0.028050        0.271792       -0.461128

     C   23       -0.601503       -0.188160       -0.189017
     C   23       -0.188160        0.731413       -0.118078
     C   23       -0.189017       -0.118078       -0.129910

     Cl  24        0.406628        0.502888        0.512614
     Cl  24        0.502888        2.037128       -1.434711
     Cl  24        0.512614       -1.434711       -2.443756

     ----- total EFG (symmetrized) -----
     Cl   1        0.009853       -1.256930        0.096406
     Cl   1       -1.256930        2.273877        1.130288
     Cl   1        0.096406        1.130288       -2.283731

     C    2       -0.640886        0.372390       -0.242935
     C    2        0.372390        0.915079        0.277975
     C    2       -0.242935        0.277975       -0.274193

     C    3        0.182204       -0.401554       -0.213610
     C    3       -0.401554        0.031899       -0.028079
     C    3       -0.213610       -0.028079       -0.214103

     H    4        0.216053        0.435371        0.561032
     H    4        0.435371        0.021503       -0.100385
     H    4        0.561032       -0.100385       -0.237556

     C    5       -0.240408        0.099654       -0.397732
     C    5        0.099654        0.359079        0.383225
     C    5       -0.397732        0.383225       -0.118670

     H    6       -0.300206       -0.106349        0.298023
     H    6       -0.106349        0.482691        0.244405
     H    6        0.298023        0.244405       -0.182486

     H    7       -0.058545        0.007050        0.054398
     H    7        0.007050        0.178199       -0.157821
     H    7        0.054398       -0.157821       -0.119654

     C    8       -0.016599        0.092267       -0.003810
     C    8        0.092267       -0.046711        0.077968
     C    8       -0.003810        0.077968        0.063310

     H    9        0.335244        0.050863        0.219312
     H    9        0.050863       -0.337117        0.107686
     H    9        0.219312        0.107686        0.001873

     C   10       -0.641371       -0.264596       -0.179068
     C   10       -0.264596        0.431649       -0.253732
     C   10       -0.179068       -0.253732        0.209722

     C   11        0.095592        0.184885       -0.034942
     C   11        0.184885        0.324926        0.425877
     C   11       -0.034942        0.425877       -0.420519

     Cl  12        0.298126        0.265200       -0.355239
     Cl  12        0.265200        2.031594        0.504500
     Cl  12       -0.355239        0.504500       -2.329720

     H   13       -0.165219       -0.043626        0.212338
     H   13       -0.043626        0.259500        0.661768
     H   13        0.212338        0.661768       -0.094281

     C   14        0.291385       -0.044929        0.024510
     C   14       -0.044929        0.079472        0.002881
     C   14        0.024510        0.002881       -0.370857

     H   15        0.390095       -0.146327        0.707751
     H   15       -0.146327       -0.180449        0.291761
     H   15        0.707751        0.291761       -0.209646

     C   16       -0.062997        0.095696        0.151297
     C   16        0.095696        0.193522       -0.019478
     C   16        0.151297       -0.019478       -0.130525

     C   17        0.251943       -0.635807       -0.114600
     C   17       -0.635807        0.251434       -0.641332
     C   17       -0.114600       -0.641332       -0.503377

     Cl  18        1.539366       -1.876445        0.627989
     Cl  18       -1.876445       -0.362304       -0.428598
     Cl  18        0.627989       -0.428598       -1.177062

     H   19       -0.129367       -0.010353        0.016220
     H   19       -0.010353        0.288965       -0.116495
     H   19        0.016220       -0.116495       -0.159598

     C   20       -0.715798       -0.316216       -0.137687
     C   20       -0.316216        0.798077        0.007219
     C   20       -0.137687        0.007219       -0.082279

     H   21        0.257012       -0.371792        0.100902
     H   21       -0.371792       -0.204217       -0.192312
     H   21        0.100902       -0.192312       -0.052795

     C   22        0.025425       -0.060931        0.028050
     C   22       -0.060931        0.435703        0.271792
     C   22        0.028050        0.271792       -0.461128

     C   23       -0.601503       -0.188160       -0.189017
     C   23       -0.188160        0.731413       -0.118078
     C   23       -0.189017       -0.118078       -0.129910

     Cl  24        0.406628        0.502888        0.512614
     Cl  24        0.502888        2.037128       -1.434711
     Cl  24        0.512614       -1.434711       -2.443756


     NQR/NMR SPECTROSCOPIC PARAMETERS:
     Cl   1    Vxx=   -0.4118    axis=(  0.913774  0.325210  0.243425)
     Cl   1    Vyy=   -2.6106    axis=( -0.160465 -0.261535  0.951762)
     Cl   1    Vzz=    3.0224    axis=(  0.373186 -0.908756 -0.186799)
     Cl   1  Q=        -8.1650 1e-30 m^2  Cq=       -57.9828 MHz  eta= 0.72750

     C    2    Vxx=   -0.1580    axis=( -0.484103 -0.058167  0.873076)
     C    2    Vyy=   -0.8791    axis=( -0.854129  0.248099 -0.457068)
     C    2    Vzz=    1.0371    axis=( -0.190023 -0.966987 -0.169787)
     C    2  Q=         1.0000 1e-30 m^2  Cq=         2.4367 MHz  eta= 0.69527

     C    3    Vxx=   -0.1145    axis=(  0.271602  0.600691 -0.751933)
     C    3    Vyy=   -0.4304    axis=(  0.567476  0.531074  0.629231)
     C    3    Vzz=    0.5450    axis=(  0.777306 -0.597604 -0.196637)
     C    3  Q=         1.0000 1e-30 m^2  Cq=         1.2804 MHz  eta= 0.57974

     H    4    Vxx=    0.0249    axis=( -0.127654  0.804162 -0.580541)
     H    4    Vyy=    0.7397    axis=(  0.802084  0.428005  0.416501)
     H    4    Vzz=   -0.7646    axis=( -0.583409  0.412475  0.699642)
     H    4  Q=         1.0000 1e-30 m^2  Cq=        -1.7964 MHz  eta= 0.93497

     C    5    Vxx=    0.0998    axis=(  0.726541  0.466446 -0.504545)
     C    5    Vyy=    0.5888    axis=(  0.158345 -0.828180 -0.537629)
     C    5    Vzz=   -0.6886    axis=( -0.668629  0.310717 -0.675566)
     C    5  Q=         1.0000 1e-30 m^2  Cq=        -1.6179 MHz  eta= 0.71020

     H    6    Vxx=    0.0354    axis=(  0.685713 -0.216655  0.694880)
     H    6    Vyy=    0.5629    axis=( -0.011042  0.951467  0.307551)
     H    6    Vzz=   -0.5983    axis=( -0.727788 -0.218565  0.650041)
     H    6  Q=         1.0000 1e-30 m^2  Cq=        -1.4058 MHz  eta= 0.88166

     H    7    Vxx=   -0.0404    axis=(  0.940298  0.178743  0.289640)
     H    7    Vyy=   -0.2066    axis=( -0.336615  0.362610  0.869025)
     H    7    Vzz=    0.2470    axis=(  0.050306 -0.914639  0.401128)
     H    7  Q=         1.0000 1e-30 m^2  Cq=         0.5804 MHz  eta= 0.67252

     C    8    Vxx=    0.0258    axis=(  0.745254  0.318283 -0.585912)
     C    8    Vyy=    0.1188    axis=(  0.355862  0.553249  0.753179)
     C    8    Vzz=   -0.1446    axis=(  0.563879 -0.769813  0.299046)
     C    8  Q=         1.0000 1e-30 m^2  Cq=        -0.3397 MHz  eta= 0.64309

     H    9    Vxx=   -0.0865    axis=( -0.469808  0.266272  0.841653)
     H    9    Vyy=   -0.3687    axis=(  0.021439  0.956584 -0.290666)
     H    9    Vzz=    0.4552    axis=( -0.882508 -0.118513 -0.455119)
     H    9  Q=         1.0000 1e-30 m^2  Cq=         1.0695 MHz  eta= 0.62003

     C   10    Vxx=    0.1491    axis=( -0.335168  0.436097  0.835154)
     C   10    Vyy=    0.6115    axis=(  0.111316 -0.861888  0.494731)
     C   10    Vzz=   -0.7606    axis=( -0.935559 -0.258784 -0.240333)
     C   10  Q=         1.0000 1e-30 m^2  Cq=        -1.7870 MHz  eta= 0.60794

     C   11    Vxx=    0.0611    axis=(  0.936939 -0.225288 -0.267189)
     C   11    Vyy=    0.5692    axis=( -0.314892 -0.875830 -0.365738)
     C   11    Vzz=   -0.6303    axis=( -0.151616  0.426810 -0.891541)
     C   11  Q=         1.0000 1e-30 m^2  Cq=        -1.4811 MHz  eta= 0.80613

     Cl  12    Vxx=    0.3240    axis=(  0.982498 -0.107683 -0.151992)
     Cl  12    Vyy=    2.1171    axis=(  0.123970  0.987022  0.102076)
     Cl  12    Vzz=   -2.4411    axis=(  0.139028 -0.119133  0.983096)
     Cl  12  Q=        -8.1650 1e-30 m^2  Cq=        46.8311 MHz  eta= 0.73453

     H   13    Vxx=   -0.0999    axis=(  0.927480 -0.299495  0.223794)
     H   13    Vyy=   -0.6775    axis=( -0.359422 -0.549440  0.754275)
     H   13    Vzz=    0.7774    axis=(  0.102940  0.780012  0.617240)
     H   13  Q=         1.0000 1e-30 m^2  Cq=         1.8266 MHz  eta= 0.74300

     C   14    Vxx=    0.0705    axis=( -0.197418 -0.980166 -0.017362)
     C   14    Vyy=    0.3013    axis=(  0.979598 -0.197921  0.034870)
     C   14    Vzz=   -0.3718    axis=( -0.037615 -0.010124  0.999241)
     C   14  Q=         1.0000 1e-30 m^2  Cq=        -0.8736 MHz  eta= 0.62092

     H   15    Vxx=   -0.0222    axis=(  0.277463 -0.895937 -0.346859)
     H   15    Vyy=   -0.8383    axis=(  0.486712  0.442360 -0.753279)
     H   15    Vzz=    0.8605    axis=(  0.828327  0.040186  0.558802)
     H   15  Q=         1.0000 1e-30 m^2  Cq=         2.0217 MHz  eta= 0.94845

     C   16    Vxx=    0.0362    axis=( -0.678919  0.331848 -0.654940)
     C   16    Vyy=    0.2282    axis=( -0.357215 -0.928629 -0.100229)
     C   16    Vzz=   -0.2644    axis=( -0.641457  0.165906  0.749005)
     C   16  Q=         1.0000 1e-30 m^2  Cq=        -0.6213 MHz  eta= 0.72633

     C   17    Vxx=    0.0283    axis=(  0.722103  0.360450 -0.590460)
     C   17    Vyy=    0.9949    axis=(  0.600146 -0.750937  0.275534)
     C   17    Vzz=   -1.0232    axis=(  0.344082  0.553326  0.758576)
     C   17  Q=         1.0000 1e-30 m^2  Cq=        -2.4040 MHz  eta= 0.94473

     Cl  18    Vxx=   -1.3144    axis=( -0.248217 -0.053799  0.967209)
     Cl  18    Vyy=   -1.5215    axis=(  0.488733  0.855111  0.172988)
     Cl  18    Vzz=    2.8359    axis=( -0.836378  0.515645 -0.185959)
     Cl  18  Q=        -8.1650 1e-30 m^2  Cq=       -54.4046 MHz  eta= 0.07303

     H   19    Vxx=   -0.1269    axis=(  0.976689  0.080102  0.199156)
     H   19    Vyy=   -0.1909    axis=( -0.212396  0.226183  0.950647)
     H   19    Vzz=    0.3178    axis=(  0.031103 -0.970786  0.237924)
     H   19  Q=         1.0000 1e-30 m^2  Cq=         0.7468 MHz  eta= 0.20145

     C   20    Vxx=   -0.0588    axis=( -0.171472 -0.071559  0.982587)
     C   20    Vyy=   -0.8039    axis=( -0.964809 -0.189618 -0.182179)
     C   20    Vzz=    0.8627    axis=(  0.199353 -0.979247 -0.036526)
     C   20  Q=         1.0000 1e-30 m^2  Cq=         2.0270 MHz  eta= 0.86374

     H   21    Vxx=   -0.0725    axis=( -0.419527 -0.127945  0.898681)
     H   21    Vyy=   -0.4503    axis=(  0.406774  0.858553  0.312124)
     H   21    Vzz=    0.5228    axis=( -0.811500  0.496505 -0.308141)
     H   21  Q=         1.0000 1e-30 m^2  Cq=         1.2284 MHz  eta= 0.72257

     C   22    Vxx=    0.0234    axis=(  0.991622  0.079365  0.101919)
     C   22    Vyy=    0.5170    axis=( -0.103843  0.959049  0.263518)
     C   22    Vzz=   -0.5404    axis=( -0.076831 -0.271894  0.959255)
     C   22  Q=         1.0000 1e-30 m^2  Cq=        -1.2698 MHz  eta= 0.91328

     C   23    Vxx=   -0.0662    axis=( -0.349875  0.055895  0.935128)
     C   23    Vyy=   -0.7008    axis=(  0.928910  0.149955  0.338585)
     C   23    Vzz=    0.7670    axis=( -0.121301  0.987112 -0.104387)
     C   23  Q=         1.0000 1e-30 m^2  Cq=         1.8022 MHz  eta= 0.82726

     Cl  24    Vxx=    0.4693    axis=(  0.968952 -0.106680  0.223051)
     Cl  24    Vyy=    2.5135    axis=(  0.164315  0.951931 -0.258511)
     Cl  24    Vzz=   -2.9828    axis=( -0.184752  0.287135  0.939904)
     Cl  24  Q=        -8.1650 1e-30 m^2  Cq=        57.2238 MHz  eta= 0.68535

     Initialization:
     gipaw_setup  :     10.03s CPU     11.86s WALL (       1 calls)

     Linear response

     Apply operators

     Induced current

     Other routines
     efg          :      9.63s CPU     13.24s WALL (       1 calls)

     General routines
     calbec       :      3.34s CPU      4.33s WALL (      16 calls)
     fft          :      1.53s CPU      2.13s WALL (      15 calls)
     ffts         :      0.04s CPU      0.05s WALL (       2 calls)
     fftw         :      3.58s CPU      5.00s WALL (     672 calls)
     davcio       :      0.02s CPU      0.70s WALL (      32 calls)

     Parallel routines
     fft_scatter  :      2.40s CPU      4.26s WALL (     689 calls)

     Plugins

     GIPAW        :     62.32s CPU     76.73s WALL (       1 calls)
