
     Program QE v.6.0 (svn rev. 13079) starts on  9Jan2017 at 17:32:52 

     This program is part of the open-source Quantum ESPRESSO suite
     for quantum simulation of materials; please cite
         "P. Giannozzi et al., J. Phys.:Condens. Matter 21 395502 (2009);
          URL http://www.quantum-espresso.org", 
     in publications or presentations arising from this work. More details at
     http://www.quantum-espresso.org/quote

     Parallel version (MPI), running on     8 processors
     R & G space division:  proc/nbgrp/npool/nimage =       8

     ***** This is GIPAW svn revision unknown      *****

     Parallelizing q-star over 1 images

     Reading data from directory:
     /users/majewski/paradichlorobenzene/pbe/9_constraint/scratch/pbe.ecut100.np8.dt60.pcl2phi-129368.save
     Message from routine read_xml_file:
     file /users/majewski/paradichlorobenzene/pbe/9_constraint/scratch/pbe.ecut100.np8.dt60.pcl2phi-129368.save not guaranteed to be safe for post-processing

   Info: using nr1, nr2, nr3 values from input

   Info: using nr1, nr2, nr3 values from input

     IMPORTANT: XC functional enforced from input :
     Exchange-correlation      =  SLA  PW   PBX  PBC ( 1  4  3  4 0 0)
     Any further DFT definition will be discarded
     Please, verify this is what you really want

               file C.pbe-n-kjpaw_psl.1.0.0.UPF: wavefunction(s)  2S 2P renormalized
               file Cl.pbe-n-kjpaw_psl.1.0.0.UPF: wavefunction(s)  3S 3P renormalized
               file H.pbe-kjpaw_psl.1.0.0.UPF: wavefunction(s)  1S renormalized

     Parallelization info
     --------------------
     sticks:   dense  smooth     PW     G-vecs:    dense   smooth      PW
     Min        3057    1223    332               144436    36536    5170
     Max        3059    1225    333               144437    36537    5171
     Sum       24467    9791   2657              1155489   292295   41363


     Subspace diagonalization in iterative solution of the eigenvalue problem:
     a serial algorithm will be used

     GIPAW projectors -----------------------------------------------
     atom=  C    l=0  rc=    1.2000  rs=    0.8000
     atom=  C    l=0  rc=    1.2000  rs=    0.8000
     atom=  C    l=1  rc=    1.4000  rs=    0.9333
     atom=  C    l=1  rc=    1.4000  rs=    0.9333
     projs nearly linearly dependent: l=1  n1,n2= 1, 2  s=  0.99951561

     atom=  Cl   l=0  rc=    1.6000  rs=    1.0667
     atom=  Cl   l=0  rc=    1.6000  rs=    1.0667
     atom=  Cl   l=1  rc=    1.6000  rs=    1.0667
     atom=  Cl   l=1  rc=    1.6000  rs=    1.0667
     atom=  Cl   l=2  rc=    1.6000  rs=    1.0667
     atom=  Cl   l=2  rc=    1.6000  rs=    1.0667
     projs nearly linearly dependent: l=2  n1,n2= 1, 2  s=  0.99993509

     atom=  H    l=0  rc=    1.0000  rs=    0.6667
     atom=  H    l=0  rc=    1.0000  rs=    0.6667
     projs nearly linearly dependent: l=0  n1,n2= 1, 2  s=  0.99968852
     -----------------------------------------------------------------

     GIPAW integrals: -------------------------------------------
     Atom  i/j   nmr_para   nmr_dia   epr_rmc  epr_para   epr_dia
       C   1 1   0.83E+03  0.17E-01  0.93E+01  0.24E+08  0.24E+03
       C   2 1   0.86E+03 -0.61E-01  0.94E+01  0.25E+08  0.25E+03
       C   2 2   0.90E+03 -0.15E+00  0.97E+01  0.26E+08  0.26E+03
       C   3 3   0.33E+01  0.34E+00  0.18E+01  0.55E+03  0.21E+02
       C   4 3   0.35E+01  0.37E+00  0.20E+01  0.59E+03  0.22E+02
       C   4 4   0.38E+01  0.39E+00  0.22E+01  0.63E+03  0.24E+02
       Cl  1 1   0.14E+04 -0.47E+00  0.84E+01  0.32E+09  0.42E+03
       Cl  2 1   0.21E+04 -0.37E+00  0.12E+02  0.49E+09  0.65E+03
       Cl  2 2   0.33E+04 -0.16E+00  0.21E+02  0.76E+09  0.10E+04
       Cl  3 3   0.21E+02  0.79E-01  0.89E+01  0.23E+05  0.13E+03
       Cl  4 3   0.24E+02  0.67E-01  0.99E+01  0.27E+05  0.15E+03
       Cl  4 4   0.28E+02  0.44E-01  0.11E+02  0.32E+05  0.18E+03
       Cl  5 5   0.77E+00  0.19E+00  0.18E+01  0.12E+03  0.22E+02
       Cl  6 5   0.80E+00  0.19E+00  0.19E+01  0.12E+03  0.23E+02
       Cl  6 6   0.83E+00  0.20E+00  0.19E+01  0.12E+03  0.23E+02
       H   1 1   0.39E+02  0.19E+00  0.29E+00  0.78E+05  0.13E+02
       H   2 1   0.41E+02  0.21E+00  0.32E+00  0.82E+05  0.14E+02
       H   2 2   0.43E+02  0.22E+00  0.36E+00  0.86E+05  0.15E+02
     ------------------------------------------------------------

     alpha_pv=     34.2788 eV

     Number of occupied bands for each k-point:
     k-point:     1    nbnd_occ=  42
     k-point:     2    nbnd_occ=  42
     k-point:     3    nbnd_occ=  42
     k-point:     4    nbnd_occ=  42
     k-point:     5    nbnd_occ=  42
     k-point:     6    nbnd_occ=  42
     k-point:     7    nbnd_occ=  42
     k-point:     8    nbnd_occ=  42
     k-point:     9    nbnd_occ=  42
     k-point:    10    nbnd_occ=  42
     k-point:    11    nbnd_occ=  42
     k-point:    12    nbnd_occ=  42
     k-point:    13    nbnd_occ=  42
     k-point:    14    nbnd_occ=  42
     k-point:    15    nbnd_occ=  42
     k-point:    16    nbnd_occ=  42


     q-space interpolation up to   110.00 Rydberg

     GIPAW job: efg                                                                             


     ELECTRIC FIELD GRADIENTS TENSORS IN Hartree/bohrradius^2:

     ----- bare term -----
     Cl   1       -0.031948        0.134615        0.082595
     Cl   1        0.134615       -0.070362        0.011237
     Cl   1        0.082595        0.011237        0.102311

     C    2       -0.410022       -0.008548       -0.281920
     C    2       -0.008548       -0.061140       -0.495962
     C    2       -0.281920       -0.495962        0.471162

     C    3       -0.001382        0.069826       -0.429657
     C    3        0.069826       -0.235328       -0.452291
     C    3       -0.429657       -0.452291        0.236711

     H    4       -0.758531       -0.128682       -0.099883
     H    4       -0.128682        0.424267       -0.152973
     H    4       -0.099883       -0.152973        0.334264

     C    5        0.055786        0.529452       -0.105397
     C    5        0.529452       -0.369682       -0.363723
     C    5       -0.105397       -0.363723        0.313896

     H    6        0.176320       -0.383259       -0.141540
     H    6       -0.383259       -0.447729       -0.428939
     H    6       -0.141540       -0.428939        0.271409

     H    7        0.381023        0.074945        0.298392
     H    7        0.074945        0.017218        0.258472
     H    7        0.298392        0.258472       -0.398241

     C    8       -0.703741       -0.372783       -0.300709
     C    8       -0.372783        0.406259        0.283187
     C    8       -0.300709        0.283187        0.297482

     H    9        0.083928        0.065092       -0.436879
     H    9        0.065092        0.355358       -0.187431
     H    9       -0.436879       -0.187431       -0.439286

     C   10        0.036008       -0.172258       -0.123092
     C   10       -0.172258       -0.093552        0.381427
     C   10       -0.123092        0.381427        0.057544

     C   11       -0.371902       -0.282550       -0.257146
     C   11       -0.282550       -0.041342        0.488028
     C   11       -0.257146        0.488028        0.413244

     Cl  12       -0.040912        0.090565       -0.034446
     Cl  12        0.090565        0.073685        0.127419
     Cl  12       -0.034446        0.127419       -0.032773

     H   13        0.487537        0.007465       -0.204174
     H   13        0.007465       -0.085194       -0.321139
     H   13       -0.204174       -0.321139       -0.402343

     C   14       -0.511464        0.329561       -0.180683
     C   14        0.329561        0.131586       -0.420559
     C   14       -0.180683       -0.420559        0.379878

     H   15       -0.080522        0.220606       -0.472353
     H   15        0.220606       -0.139085        0.038398
     H   15       -0.472353        0.038398        0.219607

     C   16        0.054493        0.317846       -0.112698
     C   16        0.317846       -0.088404       -0.622816
     C   16       -0.112698       -0.622816        0.033911

     C   17       -0.289568        0.296123       -0.506673
     C   17        0.296123        0.219448       -0.228146
     C   17       -0.506673       -0.228146        0.070119

     Cl  18       -0.072131        0.116810        0.078311
     Cl  18        0.116810       -0.017540        0.100880
     Cl  18        0.078311        0.100880        0.089671

     H   19        0.115811       -0.097604        0.392311
     H   19       -0.097604        0.076367        0.419881
     H   19        0.392311        0.419881       -0.192178

     C   20       -0.091036        0.150410       -0.537020
     C   20        0.150410       -0.163965        0.411666
     C   20       -0.537020        0.411666        0.255001

     H   21        0.086428        0.102724       -0.243582
     H   21        0.102724        0.506119        0.018929
     H   21       -0.243582        0.018929       -0.592548

     C   22       -0.149631       -0.437875       -0.344898
     C   22       -0.437875       -0.215323        0.112019
     C   22       -0.344898        0.112019        0.364954

     C   23        0.029595        0.301046       -0.493071
     C   23        0.301046       -0.184071        0.559620
     C   23       -0.493071        0.559620        0.154476

     Cl  24       -0.186722       -0.189510       -0.139410
     Cl  24       -0.189510       -0.127064       -0.016270
     Cl  24       -0.139410       -0.016270        0.313786

     ----- ionic term -----
     Cl   1        0.074647       -0.222437        0.030233
     Cl   1       -0.222437        0.092362       -0.017369
     Cl   1        0.030233       -0.017369       -0.167009

     C    2        0.249794       -0.167303        0.361645
     C    2       -0.167303        0.081071        0.323402
     C    2        0.361645        0.323402       -0.330865

     C    3        0.143380       -0.188781        0.199006
     C    3       -0.188781        0.131425        0.380455
     C    3        0.199006        0.380455       -0.274804

     H    4        0.626491        0.186684        0.690696
     H    4        0.186684       -0.503247        0.182007
     H    4        0.690696        0.182007       -0.123244

     C    5        0.264924       -0.185050        0.210380
     C    5       -0.185050        0.031495        0.326083
     C    5        0.210380        0.326083       -0.296419

     H    6       -0.513562        0.043442        0.017750
     H    6        0.043442        0.526907        0.760135
     H    6        0.017750        0.760135       -0.013345

     H    7       -0.523629        0.138042       -0.082224
     H    7        0.138042        0.400469       -0.786378
     H    7       -0.082224       -0.786378        0.123160

     C    8        0.196224        0.327532        0.398524
     C    8        0.327532       -0.069716       -0.256187
     C    8        0.398524       -0.256187       -0.126508

     H    9        0.507887       -0.321399        0.712472
     H    9       -0.321399       -0.417276       -0.282122
     H    9        0.712472       -0.282122       -0.090612

     C   10        0.096713        0.328192        0.233627
     C   10        0.328192        0.090666       -0.359954
     C   10        0.233627       -0.359954       -0.187379

     C   11        0.062753        0.296475        0.270863
     C   11        0.296475        0.014558       -0.420203
     C   11        0.270863       -0.420203       -0.077311

     Cl  12        0.145081        0.221915        0.011928
     Cl  12        0.221915       -0.013599        0.002564
     Cl  12        0.011928        0.002564       -0.131483

     H   13       -0.516446        0.179629        0.141733
     H   13        0.179629        0.596117        0.753867
     H   13        0.141733        0.753867       -0.079671

     C   14        0.291683       -0.190864        0.271120
     C   14       -0.190864        0.048217        0.318653
     C   14        0.271120        0.318653       -0.339899

     H   15        0.728847        0.052252        0.663891
     H   15        0.052252       -0.506722        0.124767
     H   15        0.663891        0.124767       -0.222125

     C   16        0.132713       -0.272891        0.167138
     C   16       -0.272891        0.164932        0.400371
     C   16        0.167138        0.400371       -0.297645

     C   17        0.212700       -0.121555        0.218323
     C   17       -0.121555        0.043774        0.449904
     C   17        0.218323        0.449904       -0.256474

     Cl  18        0.117951       -0.193769       -0.044842
     Cl  18       -0.193769       -0.008742        0.038733
     Cl  18       -0.044842        0.038733       -0.109209

     H   19       -0.504776        0.159234       -0.130068
     H   19        0.159234        0.329921       -0.774771
     H   19       -0.130068       -0.774771        0.174855

     C   20        0.139144        0.341894        0.291307
     C   20        0.341894       -0.016080       -0.269499
     C   20        0.291307       -0.269499       -0.123063

     H   21        0.407744       -0.094292        0.801103
     H   21       -0.094292       -0.520085       -0.161545
     H   21        0.801103       -0.161545        0.112341

     C   22        0.071616        0.378871        0.241760
     C   22        0.378871        0.082479       -0.338624
     C   22        0.241760       -0.338624       -0.154095

     C   23        0.095927        0.270185        0.399286
     C   23        0.270185       -0.030601       -0.365593
     C   23        0.399286       -0.365593       -0.065326

     Cl  24        0.117775        0.207186        0.058488
     Cl  24        0.207186        0.017369        0.029124
     Cl  24        0.058488        0.029124       -0.135143

     ----- GIPAW term -----
     Cl   1        1.428621       -1.589021        0.655896
     Cl   1       -1.589021       -0.427275        0.108560
     Cl   1        0.655896        0.108560       -1.001346

     C    2       -0.125437       -0.072688       -0.079393
     C    2       -0.072688       -0.093966       -0.159414
     C    2       -0.079393       -0.159414        0.219403

     C    3        0.102527        0.054185       -0.241265
     C    3        0.054185       -0.108099       -0.098473
     C    3       -0.241265       -0.098473        0.005572

     H    4       -0.000000        0.000000        0.000000
     H    4        0.000000        0.000000        0.000000
     H    4        0.000000        0.000000        0.000000

     C    5        0.171422        0.233889       -0.043018
     C    5        0.233889       -0.087314       -0.090627
     C    5       -0.043018       -0.090627       -0.084108

     H    6       -0.000000        0.000000        0.000000
     H    6        0.000000        0.000000        0.000000
     H    6        0.000000        0.000000        0.000000

     H    7       -0.000000        0.000000        0.000000
     H    7        0.000000        0.000000        0.000000
     H    7        0.000000        0.000000        0.000000

     C    8       -0.206993       -0.088785       -0.044776
     C    8       -0.088785        0.249461        0.139217
     C    8       -0.044776        0.139217       -0.042468

     H    9       -0.000000        0.000000        0.000000
     H    9        0.000000        0.000000        0.000000
     H    9        0.000000        0.000000        0.000000

     C   10       -0.067616       -0.039010       -0.047204
     C   10       -0.039010        0.039647        0.140787
     C   10       -0.047204        0.140787        0.027969

     C   11       -0.104917        0.077540       -0.009974
     C   11        0.077540        0.084444        0.219146
     C   11       -0.009974        0.219146        0.020473

     Cl  12        0.582236        2.622163       -0.035177
     Cl  12        2.622163        0.948768        1.335880
     Cl  12       -0.035177        1.335880       -1.531004

     H   13       -0.000000        0.000000        0.000000
     H   13        0.000000        0.000000        0.000000
     H   13        0.000000        0.000000        0.000000

     C   14       -0.176672        0.048415       -0.018229
     C   14        0.048415        0.071619       -0.229442
     C   14       -0.018229       -0.229442        0.105053

     H   15       -0.000000        0.000000        0.000000
     H   15        0.000000        0.000000        0.000000
     H   15        0.000000        0.000000        0.000000

     C   16       -0.083700        0.120892       -0.027293
     C   16        0.120892        0.206347       -0.142071
     C   16       -0.027293       -0.142071       -0.122647

     C   17        0.051477        0.163778       -0.072209
     C   17        0.163778        0.138316       -0.020252
     C   17       -0.072209       -0.020252       -0.189793

     Cl  18        0.179985       -0.341618        1.397355
     Cl  18       -0.341618       -0.097874        1.872711
     Cl  18        1.397355        1.872711       -0.082112

     H   19       -0.000000        0.000000        0.000000
     H   19        0.000000        0.000000        0.000000
     H   19        0.000000        0.000000        0.000000

     C   20        0.086009        0.139241       -0.213258
     C   20        0.139241       -0.112784        0.012460
     C   20       -0.213258        0.012460        0.026775

     H   21       -0.000000        0.000000        0.000000
     H   21        0.000000        0.000000        0.000000
     H   21        0.000000        0.000000        0.000000

     C   22        0.054887       -0.008192       -0.217588
     C   22       -0.008192       -0.130799       -0.045673
     C   22       -0.217588       -0.045673        0.075912

     C   23        0.090545        0.264133       -0.139869
     C   23        0.264133        0.001017        0.013148
     C   23       -0.139869        0.013148       -0.091562

     Cl  24       -0.157212        1.231150       -1.644795
     Cl  24        1.231150       -1.345410       -0.225276
     Cl  24       -1.644795       -0.225276        1.502622

     ----- total EFG -----
     Cl   1        1.471320       -1.676844        0.768724
     Cl   1       -1.676844       -0.405276        0.102428
     Cl   1        0.768724        0.102428       -1.066045

     C    2       -0.285665       -0.248539        0.000332
     C    2       -0.248539       -0.074035       -0.331974
     C    2        0.000332       -0.331974        0.359700

     C    3        0.244524       -0.064770       -0.471917
     C    3       -0.064770       -0.212003       -0.170309
     C    3       -0.471917       -0.170309       -0.032522

     H    4       -0.132040        0.058002        0.590813
     H    4        0.058002       -0.078980        0.029034
     H    4        0.590813        0.029034        0.211019

     C    5        0.492132        0.578291        0.061965
     C    5        0.578291       -0.425502       -0.128267
     C    5        0.061965       -0.128267       -0.066630

     H    6       -0.337242       -0.339817       -0.123790
     H    6       -0.339817        0.079178        0.331196
     H    6       -0.123790        0.331196        0.258064

     H    7       -0.142606        0.212987        0.216168
     H    7        0.212987        0.417687       -0.527906
     H    7        0.216168       -0.527906       -0.275081

     C    8       -0.714510       -0.134036        0.053038
     C    8       -0.134036        0.586004        0.166217
     C    8        0.053038        0.166217        0.128506

     H    9        0.591816       -0.256307        0.275593
     H    9       -0.256307       -0.061918       -0.469553
     H    9        0.275593       -0.469553       -0.529898

     C   10        0.065105        0.116924        0.063331
     C   10        0.116924        0.036761        0.162260
     C   10        0.063331        0.162260       -0.101866

     C   11       -0.414066        0.091465        0.003742
     C   11        0.091465        0.057660        0.286972
     C   11        0.003742        0.286972        0.356405

     Cl  12        0.686405        2.934644       -0.057695
     Cl  12        2.934644        1.008854        1.465863
     Cl  12       -0.057695        1.465863       -1.695259

     H   13       -0.028909        0.187094       -0.062441
     H   13        0.187094        0.510923        0.432729
     H   13       -0.062441        0.432729       -0.482015

     C   14       -0.396454        0.187111        0.072207
     C   14        0.187111        0.251422       -0.331348
     C   14        0.072207       -0.331348        0.145031

     H   15        0.648325        0.272858        0.191538
     H   15        0.272858       -0.645807        0.163164
     H   15        0.191538        0.163164       -0.002518

     C   16        0.103505        0.165847        0.027147
     C   16        0.165847        0.282876       -0.364516
     C   16        0.027147       -0.364516       -0.386381

     C   17       -0.025391        0.338347       -0.360559
     C   17        0.338347        0.401539        0.201506
     C   17       -0.360559        0.201506       -0.376148

     Cl  18        0.225806       -0.418578        1.430825
     Cl  18       -0.418578       -0.124156        2.012324
     Cl  18        1.430825        2.012324       -0.101650

     H   19       -0.388965        0.061630        0.262243
     H   19        0.061630        0.406288       -0.354890
     H   19        0.262243       -0.354890       -0.017323

     C   20        0.134117        0.631544       -0.458971
     C   20        0.631544       -0.292830        0.154627
     C   20       -0.458971        0.154627        0.158712

     H   21        0.494173        0.008433        0.557521
     H   21        0.008433       -0.013966       -0.142616
     H   21        0.557521       -0.142616       -0.480207

     C   22       -0.023128       -0.067196       -0.320726
     C   22       -0.067196       -0.263643       -0.272278
     C   22       -0.320726       -0.272278        0.286771

     C   23        0.216067        0.835364       -0.233654
     C   23        0.835364       -0.213655        0.207174
     C   23       -0.233654        0.207174       -0.002412

     Cl  24       -0.226159        1.248826       -1.725717
     Cl  24        1.248826       -1.455105       -0.212422
     Cl  24       -1.725717       -0.212422        1.681264

     ----- total EFG (symmetrized) -----
     Cl   1        1.471320       -1.676844        0.768724
     Cl   1       -1.676844       -0.405276        0.102428
     Cl   1        0.768724        0.102428       -1.066045

     C    2       -0.285665       -0.248539        0.000332
     C    2       -0.248539       -0.074035       -0.331974
     C    2        0.000332       -0.331974        0.359700

     C    3        0.244524       -0.064770       -0.471917
     C    3       -0.064770       -0.212003       -0.170309
     C    3       -0.471917       -0.170309       -0.032522

     H    4       -0.132040        0.058002        0.590813
     H    4        0.058002       -0.078980        0.029034
     H    4        0.590813        0.029034        0.211019

     C    5        0.492132        0.578291        0.061965
     C    5        0.578291       -0.425502       -0.128267
     C    5        0.061965       -0.128267       -0.066630

     H    6       -0.337242       -0.339817       -0.123790
     H    6       -0.339817        0.079178        0.331196
     H    6       -0.123790        0.331196        0.258064

     H    7       -0.142606        0.212987        0.216168
     H    7        0.212987        0.417687       -0.527906
     H    7        0.216168       -0.527906       -0.275081

     C    8       -0.714510       -0.134036        0.053038
     C    8       -0.134036        0.586004        0.166217
     C    8        0.053038        0.166217        0.128506

     H    9        0.591816       -0.256307        0.275593
     H    9       -0.256307       -0.061918       -0.469553
     H    9        0.275593       -0.469553       -0.529898

     C   10        0.065105        0.116924        0.063331
     C   10        0.116924        0.036761        0.162260
     C   10        0.063331        0.162260       -0.101866

     C   11       -0.414066        0.091465        0.003742
     C   11        0.091465        0.057660        0.286972
     C   11        0.003742        0.286972        0.356405

     Cl  12        0.686405        2.934644       -0.057695
     Cl  12        2.934644        1.008854        1.465863
     Cl  12       -0.057695        1.465863       -1.695259

     H   13       -0.028909        0.187094       -0.062441
     H   13        0.187094        0.510923        0.432729
     H   13       -0.062441        0.432729       -0.482015

     C   14       -0.396454        0.187111        0.072207
     C   14        0.187111        0.251422       -0.331348
     C   14        0.072207       -0.331348        0.145031

     H   15        0.648325        0.272858        0.191538
     H   15        0.272858       -0.645807        0.163164
     H   15        0.191538        0.163164       -0.002518

     C   16        0.103505        0.165847        0.027147
     C   16        0.165847        0.282876       -0.364516
     C   16        0.027147       -0.364516       -0.386381

     C   17       -0.025391        0.338347       -0.360559
     C   17        0.338347        0.401539        0.201506
     C   17       -0.360559        0.201506       -0.376148

     Cl  18        0.225806       -0.418578        1.430825
     Cl  18       -0.418578       -0.124156        2.012324
     Cl  18        1.430825        2.012324       -0.101650

     H   19       -0.388965        0.061630        0.262243
     H   19        0.061630        0.406288       -0.354890
     H   19        0.262243       -0.354890       -0.017323

     C   20        0.134117        0.631544       -0.458971
     C   20        0.631544       -0.292830        0.154627
     C   20       -0.458971        0.154627        0.158712

     H   21        0.494173        0.008433        0.557521
     H   21        0.008433       -0.013966       -0.142616
     H   21        0.557521       -0.142616       -0.480207

     C   22       -0.023128       -0.067196       -0.320726
     C   22       -0.067196       -0.263643       -0.272278
     C   22       -0.320726       -0.272278        0.286771

     C   23        0.216067        0.835364       -0.233654
     C   23        0.835364       -0.213655        0.207174
     C   23       -0.233654        0.207174       -0.002412

     Cl  24       -0.226159        1.248826       -1.725717
     Cl  24        1.248826       -1.455105       -0.212422
     Cl  24       -1.725717       -0.212422        1.681264


     NQR/NMR SPECTROSCOPIC PARAMETERS:
     Cl   1    Vxx=   -0.7964    axis=(  0.189086  0.608890  0.770389)
     Cl   1    Vyy=   -1.7629    axis=(  0.473243  0.630914 -0.614808)
     Cl   1    Vzz=    2.5593    axis=(  0.860399 -0.480833  0.168856)
     Cl   1  Q=        -8.1650 1e-30 m^2  Cq=       -49.0986 MHz  eta= 0.37763

     C    2    Vxx=   -0.0612    axis=( -0.655586  0.592657  0.467938)
     C    2    Vyy=   -0.4961    axis=(  0.740192  0.626978  0.242930)
     C    2    Vzz=    0.5573    axis=(  0.149412 -0.505625  0.849717)
     C    2  Q=         1.0000 1e-30 m^2  Cq=         1.3094 MHz  eta= 0.78030

     C    3    Vxx=   -0.1060    axis=(  0.365699 -0.846125  0.387732)
     C    3    Vyy=   -0.4951    axis=( -0.488874 -0.529117 -0.693568)
     C    3    Vzz=    0.6011    axis=( -0.792002 -0.064085  0.607146)
     C    3  Q=         1.0000 1e-30 m^2  Cq=         1.4122 MHz  eta= 0.64740

     H    4    Vxx=   -0.0819    axis=(  0.000455 -0.995212  0.097741)
     H    4    Vyy=   -0.5774    axis=(  0.799916 -0.058293 -0.597274)
     H    4    Vzz=    0.6593    axis=(  0.600112  0.078456  0.796059)
     H    4  Q=         1.0000 1e-30 m^2  Cq=         1.5490 MHz  eta= 0.75167

     C    5    Vxx=   -0.0363    axis=(  0.090649 -0.187630  0.978048)
     C    5    Vyy=   -0.7352    axis=( -0.425457  0.880661  0.208380)
     C    5    Vzz=    0.7715    axis=( -0.900427 -0.435007  0.000002)
     C    5  Q=         1.0000 1e-30 m^2  Cq=         1.8127 MHz  eta= 0.90595

     H    6    Vxx=   -0.0824    axis=( -0.417647  0.570727 -0.706995)
     H    6    Vyy=   -0.5321    axis=( -0.850901 -0.518559  0.084047)
     H    6    Vzz=    0.6145    axis=( -0.318651  0.636685  0.702207)
     H    6  Q=         1.0000 1e-30 m^2  Cq=         1.4439 MHz  eta= 0.73175

     H    7    Vxx=   -0.0009    axis=(  0.881788  0.124898  0.454808)
     H    7    Vyy=   -0.7109    axis=( -0.459369  0.446011  0.768149)
     H    7    Vzz=    0.7118    axis=( -0.106909 -0.886270  0.450662)
     H    7  Q=         1.0000 1e-30 m^2  Cq=         1.6725 MHz  eta= 0.99735

     C    8    Vxx=    0.0848    axis=(  0.111106 -0.285916  0.951792)
     C    8    Vyy=    0.6492    axis=( -0.082061  0.951812  0.295501)
     C    8    Vzz=   -0.7339    axis=( -0.990415 -0.110937  0.082289)
     C    8  Q=         1.0000 1e-30 m^2  Cq=        -1.7244 MHz  eta= 0.76901

     H    9    Vxx=    0.0077    axis=(  0.519096  0.757631 -0.395644)
     H    9    Vyy=    0.8205    axis=( -0.851284  0.416845 -0.318678)
     H    9    Vzz=   -0.8282    axis=( -0.076518  0.502230  0.861342)
     H    9  Q=         1.0000 1e-30 m^2  Cq=        -1.9459 MHz  eta= 0.98146

     C   10    Vxx=   -0.0332    axis=(  0.799672 -0.470136 -0.373492)
     C   10    Vyy=   -0.2096    axis=( -0.051346  0.566213 -0.822658)
     C   10    Vzz=    0.2428    axis=(  0.598237  0.677034  0.428645)
     C   10  Q=         1.0000 1e-30 m^2  Cq=         0.5705 MHz  eta= 0.72641

     C   11    Vxx=   -0.0983    axis=(  0.231869  0.821760 -0.520526)
     C   11    Vyy=   -0.4350    axis=( -0.971253  0.225226 -0.077078)
     C   11    Vzz=    0.5333    axis=(  0.053896  0.523434  0.850360)
     C   11  Q=         1.0000 1e-30 m^2  Cq=         1.2530 MHz  eta= 0.63131

     Cl  12    Vxx=   -0.9510    axis=(  0.593755 -0.345576 -0.726658)
     Cl  12    Vyy=   -3.0270    axis=(  0.470985 -0.582949  0.662075)
     Cl  12    Vzz=    3.9780    axis=( -0.652402 -0.735356 -0.183368)
     Cl  12  Q=        -8.1650 1e-30 m^2  Cq=       -76.3154 MHz  eta= 0.52187

     H   13    Vxx=   -0.0367    axis=(  0.958531 -0.125179 -0.256024)
     H   13    Vyy=   -0.6689    axis=( -0.195490  0.364882 -0.910299)
     H   13    Vzz=    0.7055    axis=(  0.207369  0.922600  0.325279)
     H   13  Q=         1.0000 1e-30 m^2  Cq=         1.6577 MHz  eta= 0.89607

     C   14    Vxx=   -0.0512    axis=( -0.437895 -0.526857 -0.728471)
     C   14    Vyy=   -0.4928    axis=( -0.892737  0.350504  0.283140)
     C   14    Vzz=    0.5440    axis=(  0.106158  0.774318 -0.623828)
     C   14  Q=         1.0000 1e-30 m^2  Cq=         1.2782 MHz  eta= 0.81175

     H   15    Vxx=   -0.0446    axis=( -0.307115  0.116937  0.944461)
     H   15    Vyy=   -0.7227    axis=( -0.168620  0.970034 -0.174934)
     H   15    Vzz=    0.7673    axis=( -0.936615 -0.212979 -0.278194)
     H   15  Q=         1.0000 1e-30 m^2  Cq=         1.8028 MHz  eta= 0.88374

     C   16    Vxx=    0.0647    axis=(  0.928011 -0.260501  0.266336)
     C   16    Vyy=    0.4949    axis=(  0.344878  0.871079 -0.349685)
     C   16    Vzz=   -0.5596    axis=( -0.140906  0.416365  0.898212)
     C   16  Q=         1.0000 1e-30 m^2  Cq=        -1.3149 MHz  eta= 0.76862

     C   17    Vxx=    0.1270    axis=( -0.678401  0.370461  0.634454)
     C   17    Vyy=    0.5881    axis=( -0.481509 -0.876436 -0.003106)
     C   17    Vzz=   -0.7152    axis=(  0.554907 -0.307602  0.772955)
     C   17  Q=         1.0000 1e-30 m^2  Cq=        -1.6804 MHz  eta= 0.64472

     Cl  18    Vxx=    0.5036    axis=( -0.813162  0.581905  0.012376)
     Cl  18    Vyy=    2.2221    axis=(  0.406156  0.552081  0.728178)
     Cl  18    Vzz=   -2.7257    axis=( -0.416899 -0.597154  0.685276)
     Cl  18  Q=        -8.1650 1e-30 m^2  Cq=        52.2905 MHz  eta= 0.63050

     H   19    Vxx=   -0.0348    axis=(  0.578564  0.460691  0.673073)
     H   19    Vyy=   -0.5792    axis=(  0.811512 -0.242244 -0.531758)
     H   19    Vzz=    0.6140    axis=(  0.081928 -0.853863  0.514010)
     H   19  Q=         1.0000 1e-30 m^2  Cq=         1.4427 MHz  eta= 0.88661

     C   20    Vxx=    0.1490    axis=(  0.211310  0.577878  0.788293)
     C   20    Vyy=    0.7508    axis=( -0.773316 -0.394399  0.496420)
     C   20    Vzz=   -0.8999    axis=( -0.597772  0.714497 -0.363541)
     C   20  Q=         1.0000 1e-30 m^2  Cq=        -2.1143 MHz  eta= 0.66877

     H   21    Vxx=    0.0065    axis=(  0.135065  0.981871 -0.132991)
     H   21    Vyy=    0.7509    axis=(  0.905850 -0.067976  0.418109)
     H   21    Vzz=   -0.7574    axis=(  0.401489 -0.176942 -0.898609)
     H   21  Q=         1.0000 1e-30 m^2  Cq=        -1.7795 MHz  eta= 0.98281

     C   22    Vxx=   -0.0694    axis=(  0.767656 -0.595960  0.235661)
     C   22    Vyy=   -0.4693    axis=(  0.449283  0.762691  0.465239)
     C   22    Vzz=    0.5387    axis=( -0.457000 -0.251265  0.853239)
     C   22  Q=         1.0000 1e-30 m^2  Cq=         1.2658 MHz  eta= 0.74228

     C   23    Vxx=    0.0921    axis=( -0.131162  0.285048  0.949497)
     C   23    Vyy=    0.8678    axis=( -0.795926 -0.601269  0.070558)
     C   23    Vzz=   -0.9599    axis=(  0.591015 -0.746474  0.305740)
     C   23  Q=         1.0000 1e-30 m^2  Cq=        -2.2554 MHz  eta= 0.80819

     Cl  24    Vxx=   -0.4648    axis=(  0.580881  0.619174  0.528394)
     Cl  24    Vyy=   -2.3979    axis=( -0.611341  0.760452 -0.219033)
     Cl  24    Vzz=    2.8627    axis=( -0.537437 -0.195797  0.820259)
     Cl  24  Q=        -8.1650 1e-30 m^2  Cq=       -54.9188 MHz  eta= 0.67527

     Initialization:
     gipaw_setup  :      9.30s CPU     11.55s WALL (       1 calls)

     Linear response

     Apply operators

     Induced current

     Other routines
     efg          :      9.32s CPU     11.75s WALL (       1 calls)

     General routines
     calbec       :      3.29s CPU      4.19s WALL (      16 calls)
     fft          :      1.89s CPU      3.79s WALL (      15 calls)
     ffts         :      0.03s CPU      0.04s WALL (       2 calls)
     fftw         :      3.22s CPU      4.07s WALL (     672 calls)
     davcio       :      0.02s CPU      0.32s WALL (      32 calls)

     Parallel routines
     fft_scatter  :      2.56s CPU      4.98s WALL (     689 calls)

     Plugins

     GIPAW        :     61.62s CPU     77.07s WALL (       1 calls)
