
     Program QE v.6.0 (svn rev. 13079) starts on 19Jan2017 at  3: 5:51 

     This program is part of the open-source Quantum ESPRESSO suite
     for quantum simulation of materials; please cite
         "P. Giannozzi et al., J. Phys.:Condens. Matter 21 395502 (2009);
          URL http://www.quantum-espresso.org", 
     in publications or presentations arising from this work. More details at
     http://www.quantum-espresso.org/quote

     Parallel version (MPI), running on     8 processors
     R & G space division:  proc/nbgrp/npool/nimage =       8

     ***** This is GIPAW svn revision unknown      *****

     Parallelizing q-star over 1 images

     Reading data from directory:
     /users/majewski/paradichlorobenzene/pbe/9_constraint/scratch/pbe.ecut100.np8.dt60.pcl2phi-129368.save
     Message from routine read_xml_file:
     file /users/majewski/paradichlorobenzene/pbe/9_constraint/scratch/pbe.ecut100.np8.dt60.pcl2phi-129368.save not guaranteed to be safe for post-processing

   Info: using nr1, nr2, nr3 values from input

   Info: using nr1, nr2, nr3 values from input

     IMPORTANT: XC functional enforced from input :
     Exchange-correlation      =  SLA  PW   PBX  PBC ( 1  4  3  4 0 0)
     Any further DFT definition will be discarded
     Please, verify this is what you really want

               file C.pbe-n-kjpaw_psl.1.0.0.UPF: wavefunction(s)  2S 2P renormalized
               file Cl.pbe-n-kjpaw_psl.1.0.0.UPF: wavefunction(s)  3S 3P renormalized
               file H.pbe-kjpaw_psl.1.0.0.UPF: wavefunction(s)  1S renormalized

     Parallelization info
     --------------------
     sticks:   dense  smooth     PW     G-vecs:    dense   smooth      PW
     Min        3057    1223    332               144436    36536    5170
     Max        3059    1225    333               144437    36537    5171
     Sum       24467    9791   2657              1155489   292295   41363


     Subspace diagonalization in iterative solution of the eigenvalue problem:
     a serial algorithm will be used

     GIPAW projectors -----------------------------------------------
     atom=  C    l=0  rc=    1.2000  rs=    0.8000
     atom=  C    l=0  rc=    1.2000  rs=    0.8000
     atom=  C    l=1  rc=    1.4000  rs=    0.9333
     atom=  C    l=1  rc=    1.4000  rs=    0.9333
     projs nearly linearly dependent: l=1  n1,n2= 1, 2  s=  0.99951561

     atom=  Cl   l=0  rc=    1.6000  rs=    1.0667
     atom=  Cl   l=0  rc=    1.6000  rs=    1.0667
     atom=  Cl   l=1  rc=    1.6000  rs=    1.0667
     atom=  Cl   l=1  rc=    1.6000  rs=    1.0667
     atom=  Cl   l=2  rc=    1.6000  rs=    1.0667
     atom=  Cl   l=2  rc=    1.6000  rs=    1.0667
     projs nearly linearly dependent: l=2  n1,n2= 1, 2  s=  0.99993509

     atom=  H    l=0  rc=    1.0000  rs=    0.6667
     atom=  H    l=0  rc=    1.0000  rs=    0.6667
     projs nearly linearly dependent: l=0  n1,n2= 1, 2  s=  0.99968852
     -----------------------------------------------------------------

     GIPAW integrals: -------------------------------------------
     Atom  i/j   nmr_para   nmr_dia   epr_rmc  epr_para   epr_dia
       C   1 1   0.83E+03  0.17E-01  0.93E+01  0.24E+08  0.24E+03
       C   2 1   0.86E+03 -0.61E-01  0.94E+01  0.25E+08  0.25E+03
       C   2 2   0.90E+03 -0.15E+00  0.97E+01  0.26E+08  0.26E+03
       C   3 3   0.33E+01  0.34E+00  0.18E+01  0.55E+03  0.21E+02
       C   4 3   0.35E+01  0.37E+00  0.20E+01  0.59E+03  0.22E+02
       C   4 4   0.38E+01  0.39E+00  0.22E+01  0.63E+03  0.24E+02
       Cl  1 1   0.14E+04 -0.47E+00  0.84E+01  0.32E+09  0.42E+03
       Cl  2 1   0.21E+04 -0.37E+00  0.12E+02  0.49E+09  0.65E+03
       Cl  2 2   0.33E+04 -0.16E+00  0.21E+02  0.76E+09  0.10E+04
       Cl  3 3   0.21E+02  0.79E-01  0.89E+01  0.23E+05  0.13E+03
       Cl  4 3   0.24E+02  0.67E-01  0.99E+01  0.27E+05  0.15E+03
       Cl  4 4   0.28E+02  0.44E-01  0.11E+02  0.32E+05  0.18E+03
       Cl  5 5   0.77E+00  0.19E+00  0.18E+01  0.12E+03  0.22E+02
       Cl  6 5   0.80E+00  0.19E+00  0.19E+01  0.12E+03  0.23E+02
       Cl  6 6   0.83E+00  0.20E+00  0.19E+01  0.12E+03  0.23E+02
       H   1 1   0.39E+02  0.19E+00  0.29E+00  0.78E+05  0.13E+02
       H   2 1   0.41E+02  0.21E+00  0.32E+00  0.82E+05  0.14E+02
       H   2 2   0.43E+02  0.22E+00  0.36E+00  0.86E+05  0.15E+02
     ------------------------------------------------------------

     alpha_pv=     33.7295 eV

     Number of occupied bands for each k-point:
     k-point:     1    nbnd_occ=  42
     k-point:     2    nbnd_occ=  42
     k-point:     3    nbnd_occ=  42
     k-point:     4    nbnd_occ=  42
     k-point:     5    nbnd_occ=  42
     k-point:     6    nbnd_occ=  42
     k-point:     7    nbnd_occ=  42
     k-point:     8    nbnd_occ=  42
     k-point:     9    nbnd_occ=  42
     k-point:    10    nbnd_occ=  42
     k-point:    11    nbnd_occ=  42
     k-point:    12    nbnd_occ=  42
     k-point:    13    nbnd_occ=  42
     k-point:    14    nbnd_occ=  42
     k-point:    15    nbnd_occ=  42
     k-point:    16    nbnd_occ=  42


     q-space interpolation up to   110.00 Rydberg

     GIPAW job: efg                                                                             


     ELECTRIC FIELD GRADIENTS TENSORS IN Hartree/bohrradius^2:

     ----- bare term -----
     Cl   1        0.013284       -0.005355        0.008142
     Cl   1       -0.005355       -0.066025        0.082244
     Cl   1        0.008142        0.082244        0.052741

     C    2       -0.191281        0.202856       -0.292304
     C    2        0.202856       -0.279019       -0.449153
     C    2       -0.292304       -0.449153        0.470299

     C    3       -0.360775        0.134485       -0.245856
     C    3        0.134485       -0.141146       -0.455595
     C    3       -0.245856       -0.455595        0.501920

     H    4        0.007368       -0.081613       -0.534312
     H    4       -0.081613        0.448758        0.017871
     H    4       -0.534312        0.017871       -0.456126

     C    5       -0.372676        0.274607       -0.307648
     C    5        0.274607       -0.083759       -0.414203
     C    5       -0.307648       -0.414203        0.456436

     H    6        0.333444        0.026600        0.016501
     H    6        0.026600       -0.429505       -0.528927
     H    6        0.016501       -0.528927        0.096062

     H    7        0.457632        0.083353       -0.110405
     H    7        0.083353       -0.157370        0.587544
     H    7       -0.110405        0.587544       -0.300262

     C    8       -0.160814       -0.351949       -0.026581
     C    8       -0.351949       -0.419268        0.353359
     C    8       -0.026581        0.353359        0.580083

     H    9       -0.543540        0.068093       -0.452292
     H    9        0.068093        0.331745        0.144901
     H    9       -0.452292        0.144901        0.211795

     C   10       -0.310766       -0.258269       -0.295507
     C   10       -0.258269       -0.132388        0.433719
     C   10       -0.295507        0.433719        0.443154

     C   11       -0.028467        0.223726       -0.438072
     C   11        0.223726       -0.133810        0.593791
     C   11       -0.438072        0.593791        0.162277

     Cl  12       -0.102497       -0.129649        0.101685
     Cl  12       -0.129649       -0.079930        0.053688
     Cl  12        0.101685        0.053688        0.182427

     H   13        0.498211       -0.041206       -0.084131
     H   13       -0.041206       -0.667516        0.136024
     H   13       -0.084131        0.136024        0.169305

     C   14       -0.482682        0.142996       -0.348514
     C   14        0.142996       -0.087605       -0.315286
     C   14       -0.348514       -0.315286        0.570287

     H   15       -0.548444       -0.289313       -0.318912
     H   15       -0.289313        0.315218       -0.153848
     H   15       -0.318912       -0.153848        0.233226

     C   16       -0.189822        0.247228       -0.307083
     C   16        0.247228       -0.296766       -0.521569
     C   16       -0.307083       -0.521569        0.486588

     C   17       -0.190572        0.024386       -0.364969
     C   17        0.024386       -0.109177       -0.518656
     C   17       -0.364969       -0.518656        0.299749

     Cl  18       -0.179369        0.090655       -0.066450
     Cl  18        0.090655       -0.116941        0.042774
     Cl  18       -0.066450        0.042774        0.296310

     H   19        0.358818       -0.066207       -0.310355
     H   19       -0.066207       -0.222365        0.382704
     H   19       -0.310355        0.382704       -0.136453

     C   20       -0.660331       -0.310467       -0.216576
     C   20       -0.310467        0.289824        0.262960
     C   20       -0.216576        0.262960        0.370507

     H   21       -0.028783       -0.115501       -0.509858
     H   21       -0.115501       -0.060129       -0.153992
     H   21       -0.509858       -0.153992        0.088912

     C   22        0.029678       -0.102898       -0.183197
     C   22       -0.102898       -0.140705        0.551522
     C   22       -0.183197        0.551522        0.111027

     C   23       -0.763814       -0.258728       -0.311796
     C   23       -0.258728        0.195829        0.038026
     C   23       -0.311796        0.038026        0.567985

     Cl  24       -0.040349        0.019068        0.043187
     Cl  24        0.019068       -0.038512       -0.037677
     Cl  24        0.043187       -0.037677        0.078861

     ----- ionic term -----
     Cl   1        0.092494       -0.207431        0.017238
     Cl   1       -0.207431        0.059788       -0.001852
     Cl   1        0.017238       -0.001852       -0.152282

     C    2        0.128256       -0.176195        0.285077
     C    2       -0.176195        0.229829        0.346669
     C    2        0.285077        0.346669       -0.358085

     C    3        0.108154       -0.193403        0.274774
     C    3       -0.193403        0.210637        0.297489
     C    3        0.274774        0.297489       -0.318791

     H    4        0.483000        0.260403        0.757119
     H    4        0.260403       -0.430616        0.232286
     H    4        0.757119        0.232286       -0.052384

     C    5        0.251603       -0.171183        0.336379
     C    5       -0.171183        0.089325        0.242208
     C    5        0.336379        0.242208       -0.340928

     H    6       -0.519737        0.017222        0.010578
     H    6        0.017222        0.716198        0.647865
     H    6        0.010578        0.647865       -0.196461

     H    7       -0.527322       -0.057281        0.043171
     H    7       -0.057281        0.633609       -0.746289
     H    7        0.043171       -0.746289       -0.106286

     C    8        0.280589        0.245479        0.193423
     C    8        0.245479        0.027823       -0.331746
     C    8        0.193423       -0.331746       -0.308413

     H    9        0.746217       -0.210939        0.644811
     H    9       -0.210939       -0.500815       -0.184146
     H    9        0.644811       -0.184146       -0.245402

     C   10        0.162387        0.232462        0.153164
     C   10        0.232462        0.134795       -0.446364
     C   10        0.153164       -0.446364       -0.297181

     C   11        0.179385        0.179324        0.287982
     C   11        0.179324        0.060624       -0.436715
     C   11        0.287982       -0.436715       -0.240008

     Cl  12        0.106580        0.203144       -0.020220
     Cl  12        0.203144        0.024734       -0.026048
     Cl  12       -0.020220       -0.026048       -0.131314

     H   13       -0.472579       -0.018595        0.026015
     H   13       -0.018595        0.808736        0.558239
     H   13        0.026015        0.558239       -0.336157

     C   14        0.275193       -0.225847        0.302223
     C   14       -0.225847        0.117965        0.221623
     C   14        0.302223        0.221623       -0.393158

     H   15        0.557589        0.265614        0.707958
     H   15        0.265614       -0.416024        0.240163
     H   15        0.707958        0.240163       -0.141565

     C   16        0.117634       -0.196561        0.263183
     C   16       -0.196561        0.266692        0.320671
     C   16        0.263183        0.320671       -0.384326

     C   17        0.194558       -0.143315        0.386749
     C   17       -0.143315        0.186833        0.312938
     C   17        0.386749        0.312938       -0.381391

     Cl  18        0.143887       -0.214691        0.071614
     Cl  18       -0.214691        0.027622       -0.035049
     Cl  18        0.071614       -0.035049       -0.171509

     H   19       -0.512706       -0.132051        0.123588
     H   19       -0.132051        0.506581       -0.785286
     H   19        0.123588       -0.785286        0.006125

     C   20        0.255581        0.242708        0.268982
     C   20        0.242708        0.004154       -0.330363
     C   20        0.268982       -0.330363       -0.259734

     H   21        0.389951       -0.079084        0.798163
     H   21       -0.079084       -0.525917       -0.148512
     H   21        0.798163       -0.148512        0.135966

     C   22        0.069389        0.315142        0.184141
     C   22        0.315142        0.087714       -0.426297
     C   22        0.184141       -0.426297       -0.157103

     C   23        0.202918        0.179955        0.239201
     C   23        0.179955       -0.014443       -0.416349
     C   23        0.239201       -0.416349       -0.188474

     Cl  24        0.121388        0.194256       -0.015819
     Cl  24        0.194256        0.003514       -0.011778
     Cl  24       -0.015819       -0.011778       -0.124902

     ----- GIPAW term -----
     Cl   1        0.100278        0.154735       -1.017059
     Cl   1        0.154735        0.916486       -1.616992
     Cl   1       -1.017059       -1.616992       -1.016764

     C    2       -0.098490       -0.029284       -0.068348
     C    2       -0.029284       -0.080985       -0.192854
     C    2       -0.068348       -0.192854        0.179475

     C    3       -0.186611       -0.016371       -0.019949
     C    3       -0.016371       -0.081064       -0.145546
     C    3       -0.019949       -0.145546        0.267675

     H    4       -0.000000        0.000000        0.000000
     H    4        0.000000        0.000000        0.000000
     H    4        0.000000        0.000000        0.000000

     C    5       -0.061196        0.046211       -0.043243
     C    5        0.046211       -0.041507       -0.106222
     C    5       -0.043243       -0.106222        0.102703

     H    6       -0.000000        0.000000        0.000000
     H    6        0.000000        0.000000        0.000000
     H    6        0.000000        0.000000        0.000000

     H    7       -0.000000        0.000000        0.000000
     H    7        0.000000        0.000000        0.000000
     H    7        0.000000        0.000000        0.000000

     C    8       -0.070977       -0.074655        0.102023
     C    8       -0.074655       -0.202842        0.003336
     C    8        0.102023        0.003336        0.273820

     H    9       -0.000000        0.000000        0.000000
     H    9        0.000000        0.000000        0.000000
     H    9        0.000000        0.000000        0.000000

     C   10       -0.093817       -0.030060       -0.058467
     C   10       -0.030060       -0.010689        0.059873
     C   10       -0.058467        0.059873        0.104506

     C   11        0.100541        0.234419       -0.087037
     C   11        0.234419        0.004532        0.083345
     C   11       -0.087037        0.083345       -0.105073

     Cl  12        0.964412        1.814759        0.819075
     Cl  12        1.814759       -0.546646        0.420095
     Cl  12        0.819075        0.420095       -0.417767

     H   13       -0.000000        0.000000        0.000000
     H   13        0.000000        0.000000        0.000000
     H   13        0.000000        0.000000        0.000000

     C   14       -0.156229        0.035588       -0.095533
     C   14        0.035588       -0.086668       -0.152530
     C   14       -0.095533       -0.152530        0.242897

     H   15       -0.000000        0.000000        0.000000
     H   15        0.000000        0.000000        0.000000
     H   15        0.000000        0.000000        0.000000

     C   16       -0.074958        0.059369       -0.156136
     C   16        0.059369       -0.087501       -0.139957
     C   16       -0.156136       -0.139957        0.162459

     C   17        0.047459       -0.137026       -0.068554
     C   17       -0.137026       -0.011580       -0.085861
     C   17       -0.068554       -0.085861       -0.035880

     Cl  18       -0.133864       -1.733858       -0.560289
     Cl  18       -1.733858       -0.980182        0.414846
     Cl  18       -0.560289        0.414846        1.114046

     H   19       -0.000000        0.000000        0.000000
     H   19        0.000000        0.000000        0.000000
     H   19        0.000000        0.000000        0.000000

     C   20       -0.154189        0.088605        0.010787
     C   20        0.088605        0.221775        0.065975
     C   20        0.010787        0.065975       -0.067587

     H   21       -0.000000        0.000000        0.000000
     H   21        0.000000        0.000000        0.000000
     H   21        0.000000        0.000000        0.000000

     C   22       -0.122540        0.025735       -0.022137
     C   22        0.025735        0.241067       -0.052242
     C   22       -0.022137       -0.052242       -0.118528

     C   23       -0.189563        0.024017       -0.010245
     C   23        0.024017        0.043530       -0.200255
     C   23       -0.010245       -0.200255        0.146032

     Cl  24       -0.327107        1.993459       -0.446675
     Cl  24        1.993459       -0.418374       -1.730180
     Cl  24       -0.446675       -1.730180        0.745482

     ----- total EFG -----
     Cl   1        0.206056       -0.058051       -0.991679
     Cl   1       -0.058051        0.910249       -1.536600
     Cl   1       -0.991679       -1.536600       -1.116305

     C    2       -0.161515       -0.002623       -0.075574
     C    2       -0.002623       -0.130174       -0.295339
     C    2       -0.075574       -0.295339        0.291689

     C    3       -0.439232       -0.075288        0.008969
     C    3       -0.075288       -0.011572       -0.303652
     C    3        0.008969       -0.303652        0.450804

     H    4        0.490368        0.178789        0.222806
     H    4        0.178789        0.018142        0.250157
     H    4        0.222806        0.250157       -0.508510

     C    5       -0.182270        0.149635       -0.014512
     C    5        0.149635       -0.035941       -0.278217
     C    5       -0.014512       -0.278217        0.218211

     H    6       -0.186293        0.043822        0.027079
     H    6        0.043822        0.286692        0.118938
     H    6        0.027079        0.118938       -0.100399

     H    7       -0.069690        0.026071       -0.067235
     H    7        0.026071        0.476239       -0.158745
     H    7       -0.067235       -0.158745       -0.406549

     C    8        0.048798       -0.181125        0.268865
     C    8       -0.181125       -0.594287        0.024949
     C    8        0.268865        0.024949        0.545489

     H    9        0.202677       -0.142846        0.192520
     H    9       -0.142846       -0.169070       -0.039244
     H    9        0.192520       -0.039244       -0.033607

     C   10       -0.242196       -0.055867       -0.200810
     C   10       -0.055867       -0.008282        0.047228
     C   10       -0.200810        0.047228        0.250478

     C   11        0.251458        0.637469       -0.237126
     C   11        0.637469       -0.068654        0.240421
     C   11       -0.237126        0.240421       -0.182804

     Cl  12        0.968495        1.888255        0.900540
     Cl  12        1.888255       -0.601842        0.447735
     Cl  12        0.900540        0.447735       -0.366653

     H   13        0.025632       -0.059801       -0.058116
     H   13       -0.059801        0.141220        0.694263
     H   13       -0.058116        0.694263       -0.166852

     C   14       -0.363718       -0.047264       -0.141824
     C   14       -0.047264       -0.056308       -0.246193
     C   14       -0.141824       -0.246193        0.420026

     H   15        0.009145       -0.023699        0.389046
     H   15       -0.023699       -0.100806        0.086314
     H   15        0.389046        0.086314        0.091661

     C   16       -0.147146        0.110036       -0.200036
     C   16        0.110036       -0.117576       -0.340855
     C   16       -0.200036       -0.340855        0.264722

     C   17        0.051445       -0.255955       -0.046774
     C   17       -0.255955        0.066076       -0.291579
     C   17       -0.046774       -0.291579       -0.117521

     Cl  18       -0.169346       -1.857894       -0.555126
     Cl  18       -1.857894       -1.069501        0.422571
     Cl  18       -0.555126        0.422571        1.238847

     H   19       -0.153888       -0.198258       -0.186767
     H   19       -0.198258        0.284216       -0.402582
     H   19       -0.186767       -0.402582       -0.130328

     C   20       -0.558939        0.020846        0.063193
     C   20        0.020846        0.515753       -0.001428
     C   20        0.063193       -0.001428        0.043187

     H   21        0.361168       -0.194586        0.288305
     H   21       -0.194586       -0.586045       -0.302504
     H   21        0.288305       -0.302504        0.224877

     C   22       -0.023473        0.237979       -0.021194
     C   22        0.237979        0.188076        0.072983
     C   22       -0.021194        0.072983       -0.164603

     C   23       -0.750459       -0.054756       -0.082841
     C   23       -0.054756        0.224916       -0.578579
     C   23       -0.082841       -0.578579        0.525544

     Cl  24       -0.246069        2.206783       -0.419307
     Cl  24        2.206783       -0.453372       -1.779634
     Cl  24       -0.419307       -1.779634        0.699441

     ----- total EFG (symmetrized) -----
     Cl   1        0.206056       -0.058051       -0.991679
     Cl   1       -0.058051        0.910249       -1.536600
     Cl   1       -0.991679       -1.536600       -1.116305

     C    2       -0.161515       -0.002623       -0.075574
     C    2       -0.002623       -0.130174       -0.295339
     C    2       -0.075574       -0.295339        0.291689

     C    3       -0.439232       -0.075288        0.008969
     C    3       -0.075288       -0.011572       -0.303652
     C    3        0.008969       -0.303652        0.450804

     H    4        0.490368        0.178789        0.222806
     H    4        0.178789        0.018142        0.250157
     H    4        0.222806        0.250157       -0.508510

     C    5       -0.182270        0.149635       -0.014512
     C    5        0.149635       -0.035941       -0.278217
     C    5       -0.014512       -0.278217        0.218211

     H    6       -0.186293        0.043822        0.027079
     H    6        0.043822        0.286692        0.118938
     H    6        0.027079        0.118938       -0.100399

     H    7       -0.069690        0.026071       -0.067235
     H    7        0.026071        0.476239       -0.158745
     H    7       -0.067235       -0.158745       -0.406549

     C    8        0.048798       -0.181125        0.268865
     C    8       -0.181125       -0.594287        0.024949
     C    8        0.268865        0.024949        0.545489

     H    9        0.202677       -0.142846        0.192520
     H    9       -0.142846       -0.169070       -0.039244
     H    9        0.192520       -0.039244       -0.033607

     C   10       -0.242196       -0.055867       -0.200810
     C   10       -0.055867       -0.008282        0.047228
     C   10       -0.200810        0.047228        0.250478

     C   11        0.251458        0.637469       -0.237126
     C   11        0.637469       -0.068654        0.240421
     C   11       -0.237126        0.240421       -0.182804

     Cl  12        0.968495        1.888255        0.900540
     Cl  12        1.888255       -0.601842        0.447735
     Cl  12        0.900540        0.447735       -0.366653

     H   13        0.025632       -0.059801       -0.058116
     H   13       -0.059801        0.141220        0.694263
     H   13       -0.058116        0.694263       -0.166852

     C   14       -0.363718       -0.047264       -0.141824
     C   14       -0.047264       -0.056308       -0.246193
     C   14       -0.141824       -0.246193        0.420026

     H   15        0.009145       -0.023699        0.389046
     H   15       -0.023699       -0.100806        0.086314
     H   15        0.389046        0.086314        0.091661

     C   16       -0.147146        0.110036       -0.200036
     C   16        0.110036       -0.117576       -0.340855
     C   16       -0.200036       -0.340855        0.264722

     C   17        0.051445       -0.255955       -0.046774
     C   17       -0.255955        0.066076       -0.291579
     C   17       -0.046774       -0.291579       -0.117521

     Cl  18       -0.169346       -1.857894       -0.555126
     Cl  18       -1.857894       -1.069501        0.422571
     Cl  18       -0.555126        0.422571        1.238847

     H   19       -0.153888       -0.198258       -0.186767
     H   19       -0.198258        0.284216       -0.402582
     H   19       -0.186767       -0.402582       -0.130328

     C   20       -0.558939        0.020846        0.063193
     C   20        0.020846        0.515753       -0.001428
     C   20        0.063193       -0.001428        0.043187

     H   21        0.361168       -0.194586        0.288305
     H   21       -0.194586       -0.586045       -0.302504
     H   21        0.288305       -0.302504        0.224877

     C   22       -0.023473        0.237979       -0.021194
     C   22        0.237979        0.188076        0.072983
     C   22       -0.021194        0.072983       -0.164603

     C   23       -0.750459       -0.054756       -0.082841
     C   23       -0.054756        0.224916       -0.578579
     C   23       -0.082841       -0.578579        0.525544

     Cl  24       -0.246069        2.206783       -0.419307
     Cl  24        2.206783       -0.453372       -1.779634
     Cl  24       -0.419307       -1.779634        0.699441


     NQR/NMR SPECTROSCOPIC PARAMETERS:
     Cl   1    Vxx=    0.4168    axis=(  0.895775 -0.412256 -0.166230)
     Cl   1    Vyy=    1.8595    axis=( -0.278759 -0.812287  0.512331)
     Cl   1    Vzz=   -2.2763    axis=( -0.346238 -0.412595 -0.842546)
     Cl   1  Q=        -8.1650 1e-30 m^2  Cq=        43.6697 MHz  eta= 0.63379

     C    2    Vxx=   -0.1578    axis=(  0.953402 -0.299488 -0.036481)
     C    2    Vyy=   -0.2930    axis=(  0.281908  0.841240  0.461349)
     C    2    Vzz=    0.4508    axis=( -0.107480 -0.450136  0.886468)
     C    2  Q=         1.0000 1e-30 m^2  Cq=         1.0592 MHz  eta= 0.29994

     C    3    Vxx=   -0.1483    axis=( -0.211561  0.870497  0.444383)
     C    3    Vyy=   -0.4546    axis=(  0.976548  0.206859  0.059700)
     C    3    Vzz=    0.6029    axis=(  0.039956 -0.446591  0.893846)
     C    3  Q=         1.0000 1e-30 m^2  Cq=         1.4166 MHz  eta= 0.50810

     H    4    Vxx=   -0.0002    axis=(  0.427243 -0.871284 -0.241511)
     H    4    Vyy=   -0.6275    axis=(  0.134507  0.325396 -0.935962)
     H    4    Vzz=    0.6277    axis=(  0.894076  0.367399  0.256217)
     H    4  Q=         1.0000 1e-30 m^2  Cq=         1.4748 MHz  eta= 0.99940

     C    5    Vxx=   -0.0892    axis=(  0.721652  0.495932  0.482980)
     C    5    Vyy=   -0.3230    axis=(  0.673386 -0.664689 -0.323637)
     C    5    Vzz=    0.4121    axis=( -0.160529 -0.558785  0.813628)
     C    5  Q=         1.0000 1e-30 m^2  Cq=         0.9684 MHz  eta= 0.56739

     H    6    Vxx=   -0.1307    axis=(  0.225740 -0.288791  0.930398)
     H    6    Vyy=   -0.1944    axis=(  0.969397 -0.028006 -0.243895)
     H    6    Vzz=    0.3251    axis=(  0.096492  0.956983  0.273631)
     H    6  Q=         1.0000 1e-30 m^2  Cq=         0.7639 MHz  eta= 0.19570

     H    7    Vxx=   -0.0619    axis=(  0.984449 -0.091864 -0.149734)
     H    7    Vyy=   -0.4444    axis=(  0.163217  0.163145  0.973008)
     H    7    Vzz=    0.5063    axis=( -0.064956 -0.982316  0.175602)
     H    7  Q=         1.0000 1e-30 m^2  Cq=         1.1897 MHz  eta= 0.75551

     C    8    Vxx=   -0.0157    axis=(  0.868254 -0.289189 -0.403119)
     C    8    Vyy=   -0.6495    axis=(  0.280025  0.956400 -0.082973)
     C    8    Vzz=    0.6652    axis=(  0.409538 -0.040842  0.911379)
     C    8  Q=         1.0000 1e-30 m^2  Cq=         1.5629 MHz  eta= 0.95278

     H    9    Vxx=   -0.1272    axis=( -0.344988  0.367390  0.863717)
     H    9    Vyy=   -0.2232    axis=(  0.398077  0.890622 -0.219834)
     H    9    Vzz=    0.3504    axis=( -0.850011  0.267986 -0.453504)
     H    9  Q=         1.0000 1e-30 m^2  Cq=         0.8234 MHz  eta= 0.27405

     C   10    Vxx=   -0.0156    axis=( -0.052175  0.975749 -0.212582)
     C   10    Vyy=   -0.3181    axis=( -0.939173 -0.120303 -0.321685)
     C   10    Vzz=    0.3337    axis=( -0.339458  0.182867  0.922674)
     C   10  Q=         1.0000 1e-30 m^2  Cq=         0.7841 MHz  eta= 0.90660

     C   11    Vxx=    0.0104    axis=( -0.273001  0.424397  0.863341)
     C   11    Vyy=    0.7505    axis=( -0.794848 -0.605055  0.046087)
     C   11    Vzz=   -0.7608    axis=(  0.541928 -0.673643  0.502512)
     C   11  Q=         1.0000 1e-30 m^2  Cq=        -1.7876 MHz  eta= 0.97276

     Cl  12    Vxx=   -0.6934    axis=( -0.210423 -0.263752  0.941359)
     Cl  12    Vyy=   -1.8745    axis=( -0.572298  0.813911  0.100118)
     Cl  12    Vzz=    2.5679    axis=( -0.792589 -0.517671 -0.322210)
     Cl  12  Q=        -8.1650 1e-30 m^2  Cq=       -49.2636 MHz  eta= 0.45995

     H   13    Vxx=    0.0156    axis=(  0.992633  0.100773  0.067271)
     H   13    Vyy=    0.7084    axis=(  0.120698 -0.773818 -0.621802)
     H   13    Vzz=   -0.7240    axis=( -0.010605  0.625341 -0.780280)
     H   13  Q=         1.0000 1e-30 m^2  Cq=        -1.7012 MHz  eta= 0.95685

     C   14    Vxx=   -0.1231    axis=( -0.354720  0.882925  0.307600)
     C   14    Vyy=   -0.4155    axis=(  0.926550  0.287896  0.242116)
     C   14    Vzz=    0.5386    axis=( -0.125213 -0.370890  0.920197)
     C   14  Q=         1.0000 1e-30 m^2  Cq=         1.2654 MHz  eta= 0.54289

     H   15    Vxx=   -0.0832    axis=(  0.266761 -0.956064 -0.121571)
     H   15    Vyy=   -0.3627    axis=(  0.702552  0.279257 -0.654551)
     H   15    Vzz=    0.4460    axis=(  0.659742  0.089198  0.746179)
     H   15  Q=         1.0000 1e-30 m^2  Cq=         1.0478 MHz  eta= 0.62679

     C   16    Vxx=   -0.2226    axis=(  0.947197 -0.212162  0.240427)
     C   16    Vyy=   -0.3176    axis=(  0.059132  0.852521  0.519338)
     C   16    Vzz=    0.5402    axis=( -0.315152 -0.477699  0.820051)
     C   16  Q=         1.0000 1e-30 m^2  Cq=         1.2691 MHz  eta= 0.17591

     C   17    Vxx=    0.0259    axis=(  0.750629  0.190658 -0.632619)
     C   17    Vyy=    0.3903    axis=( -0.520575  0.760282 -0.388552)
     C   17    Vzz=   -0.4162    axis=(  0.406888  0.620984  0.669941)
     C   17  Q=         1.0000 1e-30 m^2  Cq=        -0.9779 MHz  eta= 0.87576

     Cl  18    Vxx=    0.5675    axis=(  0.543437 -0.430794  0.720481)
     Cl  18    Vyy=    1.9636    axis=( -0.567327  0.444120  0.693468)
     Cl  18    Vzz=   -2.5311    axis=( -0.618722 -0.785604 -0.003049)
     Cl  18  Q=        -8.1650 1e-30 m^2  Cq=        48.5577 MHz  eta= 0.55160

     H   19    Vxx=    0.0134    axis=(  0.823405 -0.191328 -0.534227)
     H   19    Vyy=    0.5382    axis=(  0.115945 -0.864857  0.488446)
     H   19    Vzz=   -0.5515    axis=(  0.555483  0.464130  0.689944)
     H   19  Q=         1.0000 1e-30 m^2  Cq=        -1.2958 MHz  eta= 0.95157

     C   20    Vxx=    0.0497    axis=(  0.103210 -0.001570  0.994658)
     C   20    Vyy=    0.5162    axis=( -0.019361 -0.999812  0.000431)
     C   20    Vzz=   -0.5659    axis=(  0.994471 -0.019302 -0.103221)
     C   20  Q=         1.0000 1e-30 m^2  Cq=        -1.3296 MHz  eta= 0.82419

     H   21    Vxx=    0.0137    axis=( -0.678298 -0.143414  0.720656)
     H   21    Vyy=    0.6820    axis=(  0.728147 -0.262750  0.633060)
     H   21    Vzz=   -0.6958    axis=( -0.098563 -0.954146 -0.282649)
     H   21  Q=         1.0000 1e-30 m^2  Cq=        -1.6348 MHz  eta= 0.96057

     C   22    Vxx=   -0.1164    axis=( -0.612773  0.304146  0.729386)
     C   22    Vyy=   -0.2312    axis=(  0.583176 -0.448830  0.677095)
     C   22    Vzz=    0.3476    axis=(  0.533306  0.840266  0.097661)
     C   22  Q=         1.0000 1e-30 m^2  Cq=         0.8167 MHz  eta= 0.33047

     C   23    Vxx=   -0.2063    axis=( -0.169960  0.782335  0.599221)
     C   23    Vyy=   -0.7673    axis=( -0.985274 -0.123393 -0.118357)
     C   23    Vzz=    0.9736    axis=( -0.018655 -0.610513  0.791787)
     C   23  Q=         1.0000 1e-30 m^2  Cq=         2.2876 MHz  eta= 0.57613

     Cl  24    Vxx=   -0.0961    axis=( -0.634872 -0.185658 -0.749979)
     Cl  24    Vyy=   -2.8817    axis=( -0.582021  0.753318  0.306208)
     Cl  24    Vzz=    2.9778    axis=(  0.508123  0.630906 -0.586318)
     Cl  24  Q=        -8.1650 1e-30 m^2  Cq=       -57.1276 MHz  eta= 0.93548

     Initialization:
     gipaw_setup  :      9.02s CPU     10.71s WALL (       1 calls)

     Linear response

     Apply operators

     Induced current

     Other routines
     efg          :      9.26s CPU     11.70s WALL (       1 calls)

     General routines
     calbec       :      3.35s CPU      4.34s WALL (      16 calls)
     fft          :      1.42s CPU      1.83s WALL (      15 calls)
     ffts         :      0.04s CPU      0.05s WALL (       2 calls)
     fftw         :      3.34s CPU      3.94s WALL (     672 calls)
     davcio       :      0.05s CPU      0.35s WALL (      32 calls)

     Parallel routines
     fft_scatter  :      2.13s CPU      2.92s WALL (     689 calls)

     Plugins

     GIPAW        :     60.90s CPU     74.69s WALL (       1 calls)
