
     Program QE v.6.0 (svn rev. 13079) starts on  9Jan2017 at  5:16:16 

     This program is part of the open-source Quantum ESPRESSO suite
     for quantum simulation of materials; please cite
         "P. Giannozzi et al., J. Phys.:Condens. Matter 21 395502 (2009);
          URL http://www.quantum-espresso.org", 
     in publications or presentations arising from this work. More details at
     http://www.quantum-espresso.org/quote

     Parallel version (MPI), running on     8 processors
     R & G space division:  proc/nbgrp/npool/nimage =       8

     ***** This is GIPAW svn revision unknown      *****

     Parallelizing q-star over 1 images

     Reading data from directory:
     /users/majewski/paradichlorobenzene/pbe/9_constraint/scratch/pbe.ecut100.np8.dt60.pcl2phi-129368.save
     Message from routine read_xml_file:
     file /users/majewski/paradichlorobenzene/pbe/9_constraint/scratch/pbe.ecut100.np8.dt60.pcl2phi-129368.save not guaranteed to be safe for post-processing

   Info: using nr1, nr2, nr3 values from input

   Info: using nr1, nr2, nr3 values from input

     IMPORTANT: XC functional enforced from input :
     Exchange-correlation      =  SLA  PW   PBX  PBC ( 1  4  3  4 0 0)
     Any further DFT definition will be discarded
     Please, verify this is what you really want

               file C.pbe-n-kjpaw_psl.1.0.0.UPF: wavefunction(s)  2S 2P renormalized
               file Cl.pbe-n-kjpaw_psl.1.0.0.UPF: wavefunction(s)  3S 3P renormalized
               file H.pbe-kjpaw_psl.1.0.0.UPF: wavefunction(s)  1S renormalized

     Parallelization info
     --------------------
     sticks:   dense  smooth     PW     G-vecs:    dense   smooth      PW
     Min        3057    1223    332               144436    36536    5170
     Max        3059    1225    333               144437    36537    5171
     Sum       24467    9791   2657              1155489   292295   41363


     Subspace diagonalization in iterative solution of the eigenvalue problem:
     a serial algorithm will be used

     GIPAW projectors -----------------------------------------------
     atom=  C    l=0  rc=    1.2000  rs=    0.8000
     atom=  C    l=0  rc=    1.2000  rs=    0.8000
     atom=  C    l=1  rc=    1.4000  rs=    0.9333
     atom=  C    l=1  rc=    1.4000  rs=    0.9333
     projs nearly linearly dependent: l=1  n1,n2= 1, 2  s=  0.99951561

     atom=  Cl   l=0  rc=    1.6000  rs=    1.0667
     atom=  Cl   l=0  rc=    1.6000  rs=    1.0667
     atom=  Cl   l=1  rc=    1.6000  rs=    1.0667
     atom=  Cl   l=1  rc=    1.6000  rs=    1.0667
     atom=  Cl   l=2  rc=    1.6000  rs=    1.0667
     atom=  Cl   l=2  rc=    1.6000  rs=    1.0667
     projs nearly linearly dependent: l=2  n1,n2= 1, 2  s=  0.99993509

     atom=  H    l=0  rc=    1.0000  rs=    0.6667
     atom=  H    l=0  rc=    1.0000  rs=    0.6667
     projs nearly linearly dependent: l=0  n1,n2= 1, 2  s=  0.99968852
     -----------------------------------------------------------------

     GIPAW integrals: -------------------------------------------
     Atom  i/j   nmr_para   nmr_dia   epr_rmc  epr_para   epr_dia
       C   1 1   0.83E+03  0.17E-01  0.93E+01  0.24E+08  0.24E+03
       C   2 1   0.86E+03 -0.61E-01  0.94E+01  0.25E+08  0.25E+03
       C   2 2   0.90E+03 -0.15E+00  0.97E+01  0.26E+08  0.26E+03
       C   3 3   0.33E+01  0.34E+00  0.18E+01  0.55E+03  0.21E+02
       C   4 3   0.35E+01  0.37E+00  0.20E+01  0.59E+03  0.22E+02
       C   4 4   0.38E+01  0.39E+00  0.22E+01  0.63E+03  0.24E+02
       Cl  1 1   0.14E+04 -0.47E+00  0.84E+01  0.32E+09  0.42E+03
       Cl  2 1   0.21E+04 -0.37E+00  0.12E+02  0.49E+09  0.65E+03
       Cl  2 2   0.33E+04 -0.16E+00  0.21E+02  0.76E+09  0.10E+04
       Cl  3 3   0.21E+02  0.79E-01  0.89E+01  0.23E+05  0.13E+03
       Cl  4 3   0.24E+02  0.67E-01  0.99E+01  0.27E+05  0.15E+03
       Cl  4 4   0.28E+02  0.44E-01  0.11E+02  0.32E+05  0.18E+03
       Cl  5 5   0.77E+00  0.19E+00  0.18E+01  0.12E+03  0.22E+02
       Cl  6 5   0.80E+00  0.19E+00  0.19E+01  0.12E+03  0.23E+02
       Cl  6 6   0.83E+00  0.20E+00  0.19E+01  0.12E+03  0.23E+02
       H   1 1   0.39E+02  0.19E+00  0.29E+00  0.78E+05  0.13E+02
       H   2 1   0.41E+02  0.21E+00  0.32E+00  0.82E+05  0.14E+02
       H   2 2   0.43E+02  0.22E+00  0.36E+00  0.86E+05  0.15E+02
     ------------------------------------------------------------

     alpha_pv=     34.0221 eV

     Number of occupied bands for each k-point:
     k-point:     1    nbnd_occ=  42
     k-point:     2    nbnd_occ=  42
     k-point:     3    nbnd_occ=  42
     k-point:     4    nbnd_occ=  42
     k-point:     5    nbnd_occ=  42
     k-point:     6    nbnd_occ=  42
     k-point:     7    nbnd_occ=  42
     k-point:     8    nbnd_occ=  42
     k-point:     9    nbnd_occ=  42
     k-point:    10    nbnd_occ=  42
     k-point:    11    nbnd_occ=  42
     k-point:    12    nbnd_occ=  42
     k-point:    13    nbnd_occ=  42
     k-point:    14    nbnd_occ=  42
     k-point:    15    nbnd_occ=  42
     k-point:    16    nbnd_occ=  42


     q-space interpolation up to   110.00 Rydberg

     GIPAW job: efg                                                                             


     ELECTRIC FIELD GRADIENTS TENSORS IN Hartree/bohrradius^2:

     ----- bare term -----
     Cl   1       -0.102965        0.155483       -0.094025
     Cl   1        0.155483        0.043708       -0.140053
     Cl   1       -0.094025       -0.140053        0.059257

     C    2       -0.054620        0.268792       -0.212125
     C    2        0.268792       -0.040844       -0.653324
     C    2       -0.212125       -0.653324        0.095464

     C    3       -0.214557        0.152514       -0.213288
     C    3        0.152514       -0.001595       -0.224844
     C    3       -0.213288       -0.224844        0.216152

     H    4       -0.343218       -0.526770        0.019644
     H    4       -0.526770        0.005969        0.098639
     H    4        0.019644        0.098639        0.337249

     C    5       -0.032448        0.345255       -0.117512
     C    5        0.345255       -0.242456       -0.314623
     C    5       -0.117512       -0.314623        0.274904

     H    6        0.044889       -0.510934        0.072581
     H    6       -0.510934       -0.441384       -0.092471
     H    6        0.072581       -0.092471        0.396495

     H    7        0.454124        0.060982       -0.084775
     H    7        0.060982       -0.581693        0.402956
     H    7       -0.084775        0.402956        0.127569

     C    8       -0.609887       -0.309819       -0.442863
     C    8       -0.309819        0.114114        0.042683
     C    8       -0.442863        0.042683        0.495773

     H    9       -0.629376        0.222744       -0.310217
     H    9        0.222744        0.362049        0.157789
     H    9       -0.310217        0.157789        0.267327

     C   10       -0.091805        0.101769       -0.264130
     C   10        0.101769       -0.117381        0.675955
     C   10       -0.264130        0.675955        0.209186

     C   11       -0.426562       -0.350397       -0.188490
     C   11       -0.350397        0.011542        0.423821
     C   11       -0.188490        0.423821        0.415021

     Cl  12        0.133690       -0.013850       -0.055702
     Cl  12       -0.013850       -0.079101       -0.212401
     Cl  12       -0.055702       -0.212401       -0.054588

     H   13        0.449150       -0.106748       -0.023005
     H   13       -0.106748       -0.581474       -0.438083
     H   13       -0.023005       -0.438083        0.132324

     C   14       -0.867520        0.371524       -0.428127
     C   14        0.371524        0.399238       -0.033385
     C   14       -0.428127       -0.033385        0.468283

     H   15       -0.522399       -0.239688       -0.102958
     H   15       -0.239688        0.429738       -0.204707
     H   15       -0.102958       -0.204707        0.092661

     C   16        0.015606        0.362164       -0.024523
     C   16        0.362164       -0.476750       -0.419553
     C   16       -0.024523       -0.419553        0.461144

     C   17       -0.528988        0.341318       -0.415520
     C   17        0.341318        0.297312       -0.172191
     C   17       -0.415520       -0.172191        0.231676

     Cl  18       -0.074790        0.024374        0.057957
     Cl  18        0.024374       -0.040162        0.097993
     Cl  18        0.057957        0.097993        0.114952

     H   19        0.399954       -0.159805       -0.052065
     H   19       -0.159805       -0.757936        0.178649
     H   19       -0.052065        0.178649        0.357982

     C   20       -0.187126        0.228893       -0.339848
     C   20        0.228893        0.047143        0.558540
     C   20       -0.339848        0.558540        0.139983

     H   21       -0.045603        0.065272       -0.325063
     H   21        0.065272       -0.038529        0.528347
     H   21       -0.325063        0.528347        0.084131

     C   22       -0.444529       -0.332421       -0.271595
     C   22       -0.332421        0.063291        0.129498
     C   22       -0.271595        0.129498        0.381238

     C   23        0.035612        0.333237       -0.486939
     C   23        0.333237       -0.229182        0.506417
     C   23       -0.486939        0.506417        0.193570

     Cl  24       -0.202350       -0.342055       -0.050459
     Cl  24       -0.342055       -0.049249       -0.014326
     Cl  24       -0.050459       -0.014326        0.251599

     ----- ionic term -----
     Cl   1        0.132170       -0.193134       -0.030191
     Cl   1       -0.193134        0.023947        0.017454
     Cl   1       -0.030191        0.017454       -0.156117

     C    2        0.293808       -0.106083        0.174922
     C    2       -0.106083        0.170003        0.368462
     C    2        0.174922        0.368462       -0.463811

     C    3        0.175101       -0.165030        0.143127
     C    3       -0.165030        0.253690        0.393070
     C    3        0.143127        0.393070       -0.428791

     H    4        0.620677        0.417389        0.574947
     H    4        0.417389       -0.347337        0.267274
     H    4        0.574947        0.267274       -0.273340

     C    5        0.370316       -0.131659        0.172239
     C    5       -0.131659        0.085356        0.285770
     C    5        0.172239        0.285770       -0.455672

     H    6       -0.465459        0.248588        0.135896
     H    6        0.248588        0.683486        0.649342
     H    6        0.135896        0.649342       -0.218027

     H    7       -0.488602        0.067533       -0.008603
     H    7        0.067533        0.810932       -0.565243
     H    7       -0.008603       -0.565243       -0.322330

     C    8        0.266163        0.222872        0.353039
     C    8        0.222872        0.134372       -0.211556
     C    8        0.353039       -0.211556       -0.400536

     H    9        0.666414       -0.504343        0.487316
     H    9       -0.504343       -0.256204       -0.232422
     H    9        0.487316       -0.232422       -0.410210

     C   10        0.153272        0.188102        0.247426
     C   10        0.188102        0.274292       -0.270441
     C   10        0.247426       -0.270441       -0.427563

     C   11        0.137990        0.182312        0.358031
     C   11        0.182312        0.219241       -0.302388
     C   11        0.358031       -0.302388       -0.357231

     Cl  12        0.121979        0.227072        0.053037
     Cl  12        0.227072        0.042195        0.033380
     Cl  12        0.053037        0.033380       -0.164174

     H   13       -0.497792        0.156807        0.068369
     H   13        0.156807        0.876174        0.543534
     H   13        0.068369        0.543534       -0.378382

     C   14        0.406298       -0.177311        0.161502
     C   14       -0.177311        0.113216        0.268892
     C   14        0.161502        0.268892       -0.519514

     H   15        0.736427        0.449384        0.500722
     H   15        0.449384       -0.330692        0.232742
     H   15        0.500722        0.232742       -0.405735

     C   16        0.218810       -0.203259        0.109246
     C   16       -0.203259        0.258155        0.377446
     C   16        0.109246        0.377446       -0.476965

     C   17        0.252437       -0.112269        0.117487
     C   17       -0.112269        0.175532        0.381855
     C   17        0.117487        0.381855       -0.427969

     Cl  18        0.138561       -0.191735       -0.038882
     Cl  18       -0.191735       -0.015956        0.028855
     Cl  18       -0.038882        0.028855       -0.122606

     H   19       -0.523750       -0.033559        0.028683
     H   19       -0.033559        0.672940       -0.676108
     H   19        0.028683       -0.676108       -0.149190

     C   20        0.212257        0.223476        0.363839
     C   20        0.223476        0.134595       -0.233556
     C   20        0.363839       -0.233556       -0.346852

     H   21        0.461948       -0.343954        0.722499
     H   21       -0.343954       -0.350715       -0.300055
     H   21        0.722499       -0.300055       -0.111233

     C   22        0.063971        0.264871        0.279866
     C   22        0.264871        0.295208       -0.324564
     C   22        0.279866       -0.324564       -0.359180

     C   23        0.143500        0.189567        0.340245
     C   23        0.189567        0.222015       -0.345511
     C   23        0.340245       -0.345511       -0.365515

     Cl  24        0.128107        0.208582        0.059938
     Cl  24        0.208582        0.041255        0.030138
     Cl  24        0.059938        0.030138       -0.169362

     ----- GIPAW term -----
     Cl   1        0.233310       -0.273587       -1.368403
     Cl   1       -0.273587        0.473586       -1.899683
     Cl   1       -1.368403       -1.899683       -0.706896

     C    2        0.025880        0.101363       -0.100818
     C    2        0.101363        0.097323       -0.192870
     C    2       -0.100818       -0.192870       -0.123202

     C    3       -0.021794        0.100067       -0.111028
     C    3        0.100067        0.036973       -0.090278
     C    3       -0.111028       -0.090278       -0.015179

     H    4       -0.000000        0.000000        0.000000
     H    4        0.000000        0.000000        0.000000
     H    4        0.000000        0.000000        0.000000

     C    5        0.048236        0.170989       -0.072929
     C    5        0.170989       -0.002895       -0.122664
     C    5       -0.072929       -0.122664       -0.045340

     H    6       -0.000000        0.000000        0.000000
     H    6        0.000000        0.000000        0.000000
     H    6        0.000000        0.000000        0.000000

     H    7       -0.000000        0.000000        0.000000
     H    7        0.000000        0.000000        0.000000
     H    7        0.000000        0.000000        0.000000

     C    8       -0.084059        0.082541       -0.155184
     C    8        0.082541        0.053180       -0.134516
     C    8       -0.155184       -0.134516        0.030879

     H    9       -0.000000        0.000000        0.000000
     H    9        0.000000        0.000000        0.000000
     H    9        0.000000        0.000000        0.000000

     C   10       -0.057975        0.159870        0.000704
     C   10        0.159870        0.073182        0.202651
     C   10        0.000704        0.202651       -0.015207

     C   11       -0.123238        0.077237        0.021144
     C   11        0.077237        0.120197        0.210964
     C   11        0.021144        0.210964        0.003041

     Cl  12       -0.322955        0.833333       -0.550110
     Cl  12        0.833333        0.175894        1.623529
     Cl  12       -0.550110        1.623529        0.147061

     H   13       -0.000000        0.000000        0.000000
     H   13        0.000000        0.000000        0.000000
     H   13        0.000000        0.000000        0.000000

     C   14       -0.238700        0.079589       -0.038812
     C   14        0.079589        0.215643        0.156538
     C   14       -0.038812        0.156538        0.023057

     H   15       -0.000000        0.000000        0.000000
     H   15        0.000000        0.000000        0.000000
     H   15        0.000000        0.000000        0.000000

     C   16       -0.088309        0.091686        0.065052
     C   16        0.091686       -0.028275        0.137335
     C   16        0.065052        0.137335        0.116584

     C   17       -0.080792        0.096042       -0.024291
     C   17        0.096042        0.224236        0.070616
     C   17       -0.024291        0.070616       -0.143444

     Cl  18       -0.395251       -1.347352        0.586943
     Cl  18       -1.347352       -0.449110        1.890238
     Cl  18        0.586943        1.890238        0.844361

     H   19       -0.000000        0.000000        0.000000
     H   19        0.000000        0.000000        0.000000
     H   19        0.000000        0.000000        0.000000

     C   20       -0.076831        0.150261       -0.002215
     C   20        0.150261        0.168332        0.203518
     C   20       -0.002215        0.203518       -0.091501

     H   21       -0.000000        0.000000        0.000000
     H   21        0.000000        0.000000        0.000000
     H   21        0.000000        0.000000        0.000000

     C   22       -0.035004        0.157273       -0.096833
     C   22        0.157273        0.111393       -0.087086
     C   22       -0.096833       -0.087086       -0.076389

     C   23        0.022866        0.254406       -0.153861
     C   23        0.254406        0.017273       -0.077263
     C   23       -0.153861       -0.077263       -0.040139

     Cl  24       -0.016512        0.713630       -2.062621
     Cl  24        0.713630       -1.349838       -0.567092
     Cl  24       -2.062621       -0.567092        1.366350

     ----- total EFG -----
     Cl   1        0.262515       -0.311238       -1.492620
     Cl   1       -0.311238        0.541240       -2.022283
     Cl   1       -1.492620       -2.022283       -0.803755

     C    2        0.265068        0.264072       -0.138021
     C    2        0.264072        0.226482       -0.477732
     C    2       -0.138021       -0.477732       -0.491549

     C    3       -0.061250        0.087551       -0.181189
     C    3        0.087551        0.289068        0.077947
     C    3       -0.181189        0.077947       -0.227818

     H    4        0.277459       -0.109380        0.594592
     H    4       -0.109380       -0.341368        0.365913
     H    4        0.594592        0.365913        0.063909

     C    5        0.386104        0.384586       -0.018202
     C    5        0.384586       -0.159995       -0.151517
     C    5       -0.018202       -0.151517       -0.226109

     H    6       -0.420570       -0.262346        0.208476
     H    6       -0.262346        0.242102        0.556871
     H    6        0.208476        0.556871        0.178468

     H    7       -0.034478        0.128515       -0.093378
     H    7        0.128515        0.229239       -0.162287
     H    7       -0.093378       -0.162287       -0.194762

     C    8       -0.427783       -0.004407       -0.245008
     C    8       -0.004407        0.301666       -0.303389
     C    8       -0.245008       -0.303389        0.126116

     H    9        0.037038       -0.281599        0.177099
     H    9       -0.281599        0.105845       -0.074634
     H    9        0.177099       -0.074634       -0.142883

     C   10        0.003492        0.449741       -0.015999
     C   10        0.449741        0.230093        0.608164
     C   10       -0.015999        0.608164       -0.233584

     C   11       -0.411810       -0.090848        0.190685
     C   11       -0.090848        0.350979        0.332397
     C   11        0.190685        0.332397        0.060831

     Cl  12       -0.067286        1.046555       -0.552774
     Cl  12        1.046555        0.138988        1.444507
     Cl  12       -0.552774        1.444507       -0.071702

     H   13       -0.048642        0.050059        0.045363
     H   13        0.050059        0.294700        0.105451
     H   13        0.045363        0.105451       -0.246058

     C   14       -0.699923        0.273802       -0.305436
     C   14        0.273802        0.728097        0.392045
     C   14       -0.305436        0.392045       -0.028174

     H   15        0.214028        0.209696        0.397764
     H   15        0.209696        0.099046        0.028035
     H   15        0.397764        0.028035       -0.313074

     C   16        0.146108        0.250591        0.149775
     C   16        0.250591       -0.246870        0.095227
     C   16        0.149775        0.095227        0.100763

     C   17       -0.357342        0.325090       -0.322324
     C   17        0.325090        0.697080        0.280281
     C   17       -0.322324        0.280281       -0.339738

     Cl  18       -0.331479       -1.514713        0.606018
     Cl  18       -1.514713       -0.505228        2.017085
     Cl  18        0.606018        2.017085        0.836707

     H   19       -0.123797       -0.193364       -0.023382
     H   19       -0.193364       -0.084996       -0.497459
     H   19       -0.023382       -0.497459        0.208793

     C   20       -0.051701        0.602630        0.021776
     C   20        0.602630        0.350071        0.528502
     C   20        0.021776        0.528502       -0.298370

     H   21        0.416345       -0.278682        0.397436
     H   21       -0.278682       -0.389243        0.228293
     H   21        0.397436        0.228293       -0.027102

     C   22       -0.415561        0.089723       -0.088563
     C   22        0.089723        0.469892       -0.282152
     C   22       -0.088563       -0.282152       -0.054331

     C   23        0.201977        0.777210       -0.300554
     C   23        0.777210        0.010107        0.083643
     C   23       -0.300554        0.083643       -0.212084

     Cl  24       -0.090755        0.580158       -2.053142
     Cl  24        0.580158       -1.357832       -0.551281
     Cl  24       -2.053142       -0.551281        1.448587

     ----- total EFG (symmetrized) -----
     Cl   1        0.262515       -0.311238       -1.492620
     Cl   1       -0.311238        0.541240       -2.022283
     Cl   1       -1.492620       -2.022283       -0.803755

     C    2        0.265068        0.264072       -0.138021
     C    2        0.264072        0.226482       -0.477732
     C    2       -0.138021       -0.477732       -0.491549

     C    3       -0.061250        0.087551       -0.181189
     C    3        0.087551        0.289068        0.077947
     C    3       -0.181189        0.077947       -0.227818

     H    4        0.277459       -0.109380        0.594592
     H    4       -0.109380       -0.341368        0.365913
     H    4        0.594592        0.365913        0.063909

     C    5        0.386104        0.384586       -0.018202
     C    5        0.384586       -0.159995       -0.151517
     C    5       -0.018202       -0.151517       -0.226109

     H    6       -0.420570       -0.262346        0.208476
     H    6       -0.262346        0.242102        0.556871
     H    6        0.208476        0.556871        0.178468

     H    7       -0.034478        0.128515       -0.093378
     H    7        0.128515        0.229239       -0.162287
     H    7       -0.093378       -0.162287       -0.194762

     C    8       -0.427783       -0.004407       -0.245008
     C    8       -0.004407        0.301666       -0.303389
     C    8       -0.245008       -0.303389        0.126116

     H    9        0.037038       -0.281599        0.177099
     H    9       -0.281599        0.105845       -0.074634
     H    9        0.177099       -0.074634       -0.142883

     C   10        0.003492        0.449741       -0.015999
     C   10        0.449741        0.230093        0.608164
     C   10       -0.015999        0.608164       -0.233584

     C   11       -0.411810       -0.090848        0.190685
     C   11       -0.090848        0.350979        0.332397
     C   11        0.190685        0.332397        0.060831

     Cl  12       -0.067286        1.046555       -0.552774
     Cl  12        1.046555        0.138988        1.444507
     Cl  12       -0.552774        1.444507       -0.071702

     H   13       -0.048642        0.050059        0.045363
     H   13        0.050059        0.294700        0.105451
     H   13        0.045363        0.105451       -0.246058

     C   14       -0.699923        0.273802       -0.305436
     C   14        0.273802        0.728097        0.392045
     C   14       -0.305436        0.392045       -0.028174

     H   15        0.214028        0.209696        0.397764
     H   15        0.209696        0.099046        0.028035
     H   15        0.397764        0.028035       -0.313074

     C   16        0.146108        0.250591        0.149775
     C   16        0.250591       -0.246870        0.095227
     C   16        0.149775        0.095227        0.100763

     C   17       -0.357342        0.325090       -0.322324
     C   17        0.325090        0.697080        0.280281
     C   17       -0.322324        0.280281       -0.339738

     Cl  18       -0.331479       -1.514713        0.606018
     Cl  18       -1.514713       -0.505228        2.017085
     Cl  18        0.606018        2.017085        0.836707

     H   19       -0.123797       -0.193364       -0.023382
     H   19       -0.193364       -0.084996       -0.497459
     H   19       -0.023382       -0.497459        0.208793

     C   20       -0.051701        0.602630        0.021776
     C   20        0.602630        0.350071        0.528502
     C   20        0.021776        0.528502       -0.298370

     H   21        0.416345       -0.278682        0.397436
     H   21       -0.278682       -0.389243        0.228293
     H   21        0.397436        0.228293       -0.027102

     C   22       -0.415561        0.089723       -0.088563
     C   22        0.089723        0.469892       -0.282152
     C   22       -0.088563       -0.282152       -0.054331

     C   23        0.201977        0.777210       -0.300554
     C   23        0.777210        0.010107        0.083643
     C   23       -0.300554        0.083643       -0.212084

     Cl  24       -0.090755        0.580158       -2.053142
     Cl  24        0.580158       -1.357832       -0.551281
     Cl  24       -2.053142       -0.551281        1.448587


     NQR/NMR SPECTROSCOPIC PARAMETERS:
     Cl   1    Vxx=    0.6451    axis=(  0.833519 -0.543296 -0.100373)
     Cl   1    Vyy=    2.2477    axis=( -0.368313 -0.681827  0.632027)
     Cl   1    Vzz=   -2.8928    axis=( -0.411815 -0.489838 -0.768419)
     Cl   1  Q=        -8.1650 1e-30 m^2  Cq=        55.4972 MHz  eta= 0.55398

     C    2    Vxx=    0.0508    axis=(  0.811822 -0.524913  0.255756)
     C    2    Vyy=    0.6793    axis=( -0.583875 -0.725289  0.364755)
     C    2    Vzz=   -0.7302    axis=( -0.005967 -0.445445 -0.895289)
     C    2  Q=         1.0000 1e-30 m^2  Cq=        -1.7156 MHz  eta= 0.86074

     C    3    Vxx=    0.0512    axis=( -0.817808  0.116300  0.563617)
     C    3    Vyy=    0.3124    axis=( -0.192039 -0.978381 -0.076763)
     C    3    Vzz=   -0.3635    axis=(  0.542505 -0.171014  0.822462)
     C    3  Q=         1.0000 1e-30 m^2  Cq=        -0.8542 MHz  eta= 0.71848

     H    4    Vxx=   -0.0489    axis=( -0.531375  0.732051  0.426312)
     H    4    Vyy=   -0.7478    axis=(  0.426148  0.665920 -0.612330)
     H    4    Vzz=    0.7967    axis=( -0.732147 -0.143705 -0.665815)
     H    4  Q=         1.0000 1e-30 m^2  Cq=         1.8720 MHz  eta= 0.87729

     C    5    Vxx=   -0.1569    axis=(  0.328956 -0.424574  0.843519)
     C    5    Vyy=   -0.4369    axis=( -0.350329  0.774627  0.526519)
     C    5    Vzz=    0.5939    axis=( -0.876959 -0.468711  0.106078)
     C    5  Q=         1.0000 1e-30 m^2  Cq=         1.3953 MHz  eta= 0.47144

     H    6    Vxx=   -0.0516    axis=(  0.665245 -0.483906  0.568581)
     H    6    Vyy=   -0.7186    axis=( -0.745357 -0.474809  0.467974)
     H    6    Vzz=    0.7701    axis=( -0.043512  0.735113  0.676547)
     H    6  Q=         1.0000 1e-30 m^2  Cq=         1.8095 MHz  eta= 0.86612

     H    7    Vxx=   -0.0836    axis=(  0.894155 -0.430736 -0.122286)
     H    7    Vyy=   -0.2618    axis=(  0.246432  0.245382  0.937581)
     H    7    Vzz=    0.3454    axis=( -0.373843 -0.868478  0.325557)
     H    7  Q=         1.0000 1e-30 m^2  Cq=         0.8115 MHz  eta= 0.51582

     C    8    Vxx=   -0.0146    axis=( -0.400488  0.631409  0.664027)
     C    8    Vyy=   -0.5376    axis=( -0.903235 -0.150085 -0.402047)
     C    8    Vzz=    0.5522    axis=( -0.154196 -0.760787  0.630418)
     C    8  Q=         1.0000 1e-30 m^2  Cq=         1.2974 MHz  eta= 0.94712

     H    9    Vxx=   -0.1256    axis=(  0.334781  0.632573  0.698408)
     H    9    Vyy=   -0.2849    axis=(  0.671295  0.360028 -0.647875)
     H    9    Vzz=    0.4105    axis=(  0.661275 -0.685734  0.304113)
     H    9  Q=         1.0000 1e-30 m^2  Cq=         0.9645 MHz  eta= 0.38812

     C   10    Vxx=   -0.0594    axis=(  0.826296 -0.134921 -0.546837)
     C   10    Vyy=   -0.7599    axis=( -0.369738  0.602467 -0.707338)
     C   10    Vzz=    0.8193    axis=(  0.424886  0.786657  0.447931)
     C   10  Q=         1.0000 1e-30 m^2  Cq=         1.9250 MHz  eta= 0.85511

     C   11    Vxx=   -0.0395    axis=(  0.488606 -0.496837  0.717229)
     C   11    Vyy=   -0.5299    axis=( -0.871959 -0.248984  0.421539)
     C   11    Vzz=    0.5695    axis=(  0.030857  0.831360  0.554876)
     C   11  Q=         1.0000 1e-30 m^2  Cq=         1.3380 MHz  eta= 0.86119

     Cl  12    Vxx=    0.4533    axis=(  0.816050  0.105775 -0.568220)
     Cl  12    Vyy=    1.6031    axis=( -0.294700 -0.769571 -0.566491)
     Cl  12    Vzz=   -2.0563    axis=(  0.497207 -0.629740  0.596836)
     Cl  12  Q=        -8.1650 1e-30 m^2  Cq=        39.4499 MHz  eta= 0.55915

     H   13    Vxx=   -0.0519    axis=(  0.974999 -0.180338  0.129829)
     H   13    Vyy=   -0.2716    axis=( -0.160421 -0.166959  0.972826)
     H   13    Vzz=    0.3235    axis=( -0.153761 -0.969331 -0.191715)
     H   13  Q=         1.0000 1e-30 m^2  Cq=         0.7601 MHz  eta= 0.67937

     C   14    Vxx=    0.0114    axis=( -0.467755 -0.279888  0.838372)
     C   14    Vyy=    0.9066    axis=( -0.089795 -0.928581 -0.360103)
     C   14    Vzz=   -0.9180    axis=(  0.879285 -0.243722  0.409215)
     C   14  Q=         1.0000 1e-30 m^2  Cq=        -2.1568 MHz  eta= 0.97526

     H   15    Vxx=    0.0144    axis=(  0.319513 -0.894933  0.311458)
     H   15    Vyy=    0.5216    axis=(  0.809973  0.428525  0.400388)
     H   15    Vzz=   -0.5360    axis=( -0.491788  0.124343  0.861791)
     H   15  Q=         1.0000 1e-30 m^2  Cq=        -1.2594 MHz  eta= 0.94619

     C   16    Vxx=   -0.0100    axis=( -0.501742 -0.191665  0.843516)
     C   16    Vyy=   -0.3698    axis=( -0.425229  0.903835 -0.047564)
     C   16    Vzz=    0.3797    axis=( -0.753283 -0.382552 -0.534993)
     C   16  Q=         1.0000 1e-30 m^2  Cq=         0.8922 MHz  eta= 0.94752

     C   17    Vxx=   -0.0268    axis=(  0.684856 -0.025601 -0.728229)
     C   17    Vyy=   -0.7942    axis=( -0.695247  0.276280 -0.663552)
     C   17    Vzz=    0.8209    axis=( -0.218183 -0.960736 -0.171413)
     C   17  Q=         1.0000 1e-30 m^2  Cq=         1.9288 MHz  eta= 0.93481

     Cl  18    Vxx=    0.5690    axis=(  0.832103 -0.310946  0.459258)
     Cl  18    Vyy=    2.3650    axis=(  0.182792 -0.628037 -0.756410)
     Cl  18    Vzz=   -2.9340    axis=(  0.523634  0.713360 -0.465753)
     Cl  18  Q=        -8.1650 1e-30 m^2  Cq=        56.2881 MHz  eta= 0.61212

     H   19    Vxx=   -0.0655    axis=(  0.909536 -0.232645 -0.344414)
     H   19    Vyy=   -0.5287    axis=(  0.391677  0.757001  0.523009)
     H   19    Vzz=    0.5942    axis=(  0.139046 -0.610595  0.779641)
     H   19  Q=         1.0000 1e-30 m^2  Cq=         1.3962 MHz  eta= 0.77960

     C   20    Vxx=   -0.1998    axis=( -0.727414  0.154634  0.668549)
     C   20    Vyy=   -0.7487    axis=( -0.480955  0.580023 -0.657461)
     C   20    Vzz=    0.9485    axis=(  0.489439  0.799789  0.347545)
     C   20  Q=         1.0000 1e-30 m^2  Cq=         2.2286 MHz  eta= 0.57866

     H   21    Vxx=    0.0095    axis=(  0.288642 -0.619598 -0.729921)
     H   21    Vyy=    0.6664    axis=( -0.878163  0.132420 -0.459669)
     H   21    Vzz=   -0.6759    axis=(  0.381466  0.773669 -0.505886)
     H   21  Q=         1.0000 1e-30 m^2  Cq=        -1.5882 MHz  eta= 0.97182

     C   22    Vxx=   -0.1696    axis=( -0.169069  0.417641  0.892744)
     C   22    Vyy=   -0.4369    axis=( -0.978915  0.034197 -0.201386)
     C   22    Vzz=    0.6065    axis=( -0.114636 -0.907968  0.403053)
     C   22  Q=         1.0000 1e-30 m^2  Cq=         1.4250 MHz  eta= 0.44085

     C   23    Vxx=   -0.1181    axis=( -0.164655  0.414017  0.895253)
     C   23    Vyy=   -0.7976    axis=( -0.632634  0.652029 -0.417890)
     C   23    Vzz=    0.9157    axis=( -0.756745 -0.635176  0.154562)
     C   23  Q=         1.0000 1e-30 m^2  Cq=         2.1516 MHz  eta= 0.74201

     Cl  24    Vxx=   -1.3457    axis=(  0.491505  0.711919  0.501592)
     Cl  24    Vyy=   -1.6666    axis=( -0.661963  0.679664 -0.316010)
     Cl  24    Vzz=    3.0123    axis=( -0.565888 -0.176715  0.805322)
     Cl  24  Q=        -8.1650 1e-30 m^2  Cq=       -57.7889 MHz  eta= 0.10652

     Initialization:
     gipaw_setup  :      9.38s CPU     10.93s WALL (       1 calls)

     Linear response

     Apply operators

     Induced current

     Other routines
     efg          :      9.09s CPU     11.45s WALL (       1 calls)

     General routines
     calbec       :      3.16s CPU      3.91s WALL (      16 calls)
     fft          :      1.69s CPU      2.65s WALL (      15 calls)
     ffts         :      0.04s CPU      0.03s WALL (       2 calls)
     fftw         :      3.25s CPU      4.10s WALL (     672 calls)
     davcio       :      0.03s CPU      0.34s WALL (      32 calls)

     Parallel routines
     fft_scatter  :      2.35s CPU      3.85s WALL (     689 calls)

     Plugins

     GIPAW        :     61.90s CPU     71.77s WALL (       1 calls)
