
     Program QE v.6.0 (svn rev. 13079) starts on  8Jan2017 at  8: 0:19 

     This program is part of the open-source Quantum ESPRESSO suite
     for quantum simulation of materials; please cite
         "P. Giannozzi et al., J. Phys.:Condens. Matter 21 395502 (2009);
          URL http://www.quantum-espresso.org", 
     in publications or presentations arising from this work. More details at
     http://www.quantum-espresso.org/quote

     Parallel version (MPI), running on     8 processors
     R & G space division:  proc/nbgrp/npool/nimage =       8

     ***** This is GIPAW svn revision unknown      *****

     Parallelizing q-star over 1 images

     Reading data from directory:
     /users/majewski/paradichlorobenzene/pbe/9_constraint/scratch/pbe.ecut100.np8.dt60.pcl2phi-129368.save
     Message from routine read_xml_file:
     file /users/majewski/paradichlorobenzene/pbe/9_constraint/scratch/pbe.ecut100.np8.dt60.pcl2phi-129368.save not guaranteed to be safe for post-processing

   Info: using nr1, nr2, nr3 values from input

   Info: using nr1, nr2, nr3 values from input

     IMPORTANT: XC functional enforced from input :
     Exchange-correlation      =  SLA  PW   PBX  PBC ( 1  4  3  4 0 0)
     Any further DFT definition will be discarded
     Please, verify this is what you really want

               file C.pbe-n-kjpaw_psl.1.0.0.UPF: wavefunction(s)  2S 2P renormalized
               file Cl.pbe-n-kjpaw_psl.1.0.0.UPF: wavefunction(s)  3S 3P renormalized
               file H.pbe-kjpaw_psl.1.0.0.UPF: wavefunction(s)  1S renormalized

     Parallelization info
     --------------------
     sticks:   dense  smooth     PW     G-vecs:    dense   smooth      PW
     Min        3057    1223    332               144436    36536    5170
     Max        3059    1225    333               144437    36537    5171
     Sum       24467    9791   2657              1155489   292295   41363


     Subspace diagonalization in iterative solution of the eigenvalue problem:
     a serial algorithm will be used

     GIPAW projectors -----------------------------------------------
     atom=  C    l=0  rc=    1.2000  rs=    0.8000
     atom=  C    l=0  rc=    1.2000  rs=    0.8000
     atom=  C    l=1  rc=    1.4000  rs=    0.9333
     atom=  C    l=1  rc=    1.4000  rs=    0.9333
     projs nearly linearly dependent: l=1  n1,n2= 1, 2  s=  0.99951561

     atom=  Cl   l=0  rc=    1.6000  rs=    1.0667
     atom=  Cl   l=0  rc=    1.6000  rs=    1.0667
     atom=  Cl   l=1  rc=    1.6000  rs=    1.0667
     atom=  Cl   l=1  rc=    1.6000  rs=    1.0667
     atom=  Cl   l=2  rc=    1.6000  rs=    1.0667
     atom=  Cl   l=2  rc=    1.6000  rs=    1.0667
     projs nearly linearly dependent: l=2  n1,n2= 1, 2  s=  0.99993509

     atom=  H    l=0  rc=    1.0000  rs=    0.6667
     atom=  H    l=0  rc=    1.0000  rs=    0.6667
     projs nearly linearly dependent: l=0  n1,n2= 1, 2  s=  0.99968852
     -----------------------------------------------------------------

     GIPAW integrals: -------------------------------------------
     Atom  i/j   nmr_para   nmr_dia   epr_rmc  epr_para   epr_dia
       C   1 1   0.83E+03  0.17E-01  0.93E+01  0.24E+08  0.24E+03
       C   2 1   0.86E+03 -0.61E-01  0.94E+01  0.25E+08  0.25E+03
       C   2 2   0.90E+03 -0.15E+00  0.97E+01  0.26E+08  0.26E+03
       C   3 3   0.33E+01  0.34E+00  0.18E+01  0.55E+03  0.21E+02
       C   4 3   0.35E+01  0.37E+00  0.20E+01  0.59E+03  0.22E+02
       C   4 4   0.38E+01  0.39E+00  0.22E+01  0.63E+03  0.24E+02
       Cl  1 1   0.14E+04 -0.47E+00  0.84E+01  0.32E+09  0.42E+03
       Cl  2 1   0.21E+04 -0.37E+00  0.12E+02  0.49E+09  0.65E+03
       Cl  2 2   0.33E+04 -0.16E+00  0.21E+02  0.76E+09  0.10E+04
       Cl  3 3   0.21E+02  0.79E-01  0.89E+01  0.23E+05  0.13E+03
       Cl  4 3   0.24E+02  0.67E-01  0.99E+01  0.27E+05  0.15E+03
       Cl  4 4   0.28E+02  0.44E-01  0.11E+02  0.32E+05  0.18E+03
       Cl  5 5   0.77E+00  0.19E+00  0.18E+01  0.12E+03  0.22E+02
       Cl  6 5   0.80E+00  0.19E+00  0.19E+01  0.12E+03  0.23E+02
       Cl  6 6   0.83E+00  0.20E+00  0.19E+01  0.12E+03  0.23E+02
       H   1 1   0.39E+02  0.19E+00  0.29E+00  0.78E+05  0.13E+02
       H   2 1   0.41E+02  0.21E+00  0.32E+00  0.82E+05  0.14E+02
       H   2 2   0.43E+02  0.22E+00  0.36E+00  0.86E+05  0.15E+02
     ------------------------------------------------------------

     alpha_pv=     34.2269 eV

     Number of occupied bands for each k-point:
     k-point:     1    nbnd_occ=  42
     k-point:     2    nbnd_occ=  42
     k-point:     3    nbnd_occ=  42
     k-point:     4    nbnd_occ=  42
     k-point:     5    nbnd_occ=  42
     k-point:     6    nbnd_occ=  42
     k-point:     7    nbnd_occ=  42
     k-point:     8    nbnd_occ=  42
     k-point:     9    nbnd_occ=  42
     k-point:    10    nbnd_occ=  42
     k-point:    11    nbnd_occ=  42
     k-point:    12    nbnd_occ=  42
     k-point:    13    nbnd_occ=  42
     k-point:    14    nbnd_occ=  42
     k-point:    15    nbnd_occ=  42
     k-point:    16    nbnd_occ=  42


     q-space interpolation up to   110.00 Rydberg

     GIPAW job: efg                                                                             


     ELECTRIC FIELD GRADIENTS TENSORS IN Hartree/bohrradius^2:

     ----- bare term -----
     Cl   1        0.080513        0.082412        0.117963
     Cl   1        0.082412       -0.226029        0.359960
     Cl   1        0.117963        0.359960        0.145515

     C    2        0.038820        0.037170       -0.212167
     C    2        0.037170        0.023537       -0.623889
     C    2       -0.212167       -0.623889       -0.062357

     C    3       -0.397991        0.196338       -0.003014
     C    3        0.196338        0.040360       -0.079737
     C    3       -0.003014       -0.079737        0.357631

     H    4       -0.180213       -0.431781        0.043939
     H    4       -0.431781       -0.133938        0.171024
     H    4        0.043939        0.171024        0.314151

     C    5       -0.131591       -0.006670       -0.242290
     C    5       -0.006670        0.028640       -0.477130
     C    5       -0.242290       -0.477130        0.102951

     H    6        0.451023       -0.088214       -0.017297
     H    6       -0.088214       -0.771380        0.092277
     H    6       -0.017297        0.092277        0.320357

     H    7       -0.011767       -0.066406       -0.031564
     H    7       -0.066406       -0.274114        0.547606
     H    7       -0.031564        0.547606        0.285881

     C    8       -0.556481       -0.391861       -0.478076
     C    8       -0.391861        0.377486        0.193962
     C    8       -0.478076        0.193962        0.178995

     H    9        0.158782        0.077601       -0.264667
     H    9        0.077601        0.403117       -0.138288
     H    9       -0.264667       -0.138288       -0.561899

     C   10       -0.022549       -0.309869       -0.169081
     C   10       -0.309869       -0.156370        0.403141
     C   10       -0.169081        0.403141        0.178919

     C   11       -0.348559       -0.310148       -0.225511
     C   11       -0.310148       -0.088354        0.458978
     C   11       -0.225511        0.458978        0.436914

     Cl  12        0.059228       -0.025940       -0.021914
     Cl  12       -0.025940        0.003204       -0.122435
     Cl  12       -0.021914       -0.122435       -0.062433

     H   13        0.475235       -0.039885       -0.128908
     H   13       -0.039885       -0.578671       -0.353591
     H   13       -0.128908       -0.353591        0.103436

     C   14       -0.880849        0.282830       -0.416104
     C   14        0.282830        0.222836        0.020031
     C   14       -0.416104        0.020031        0.658013

     H   15       -0.479574       -0.269690        0.229024
     H   15       -0.269690        0.368084       -0.077213
     H   15        0.229024       -0.077213        0.111489

     C   16        0.122414        0.186616       -0.009769
     C   16        0.186616       -0.582276       -0.329841
     C   16       -0.009769       -0.329841        0.459863

     C   17       -0.699913        0.280397       -0.360481
     C   17        0.280397        0.104513       -0.069600
     C   17       -0.360481       -0.069600        0.595400

     Cl  18       -0.017833       -0.014737       -0.115006
     Cl  18       -0.014737       -0.040799       -0.073722
     Cl  18       -0.115006       -0.073722        0.058632

     H   19        0.353353       -0.221782       -0.063583
     H   19       -0.221782       -0.715200        0.178995
     H   19       -0.063583        0.178995        0.361847

     C   20       -0.168602        0.242973       -0.400961
     C   20        0.242973        0.029677        0.539228
     C   20       -0.400961        0.539228        0.138925

     H   21        0.051682        0.049791       -0.263473
     H   21        0.049791        0.152274        0.540297
     H   21       -0.263473        0.540297       -0.203956

     C   22       -0.621399       -0.332649       -0.367846
     C   22       -0.332649        0.199589        0.035185
     C   22       -0.367846        0.035185        0.421810

     C   23        0.023381       -0.010106       -0.201900
     C   23       -0.010106       -0.383702        0.355719
     C   23       -0.201900        0.355719        0.360321

     Cl  24       -0.074226       -0.244462       -0.012791
     Cl  24       -0.244462       -0.014255        0.112766
     Cl  24       -0.012791        0.112766        0.088480

     ----- ionic term -----
     Cl   1        0.167738       -0.166196       -0.065259
     Cl   1       -0.166196       -0.038153        0.036011
     Cl   1       -0.065259        0.036011       -0.129585

     C    2        0.307500       -0.007464        0.077271
     C    2       -0.007464        0.194500        0.402047
     C    2        0.077271        0.402047       -0.502001

     C    3        0.240002       -0.150566        0.043306
     C    3       -0.150566        0.277998        0.354217
     C    3        0.043306        0.354217       -0.518000

     H    4        0.764834        0.510176        0.354249
     H    4        0.510176       -0.284178        0.198439
     H    4        0.354249        0.198439       -0.480656

     C    5        0.395154       -0.101890        0.062797
     C    5       -0.101890        0.143258        0.265557
     C    5        0.062797        0.265557       -0.538413

     H    6       -0.537897        0.063045        0.008815
     H    6        0.063045        0.902023        0.542553
     H    6        0.008815        0.542553       -0.364125

     H    7       -0.524612        0.044172        0.008423
     H    7        0.044172        0.838204       -0.566802
     H    7        0.008423       -0.566802       -0.313592

     C    8        0.153393        0.241712        0.392124
     C    8        0.241712        0.048378       -0.226211
     C    8        0.392124       -0.226211       -0.201771

     H    9        0.222995       -0.188684        0.779040
     H    9       -0.188684       -0.439934       -0.256695
     H    9        0.779040       -0.256695        0.216939

     C   10        0.062790        0.317200        0.267898
     C   10        0.317200        0.115847       -0.316740
     C   10        0.267898       -0.316740       -0.178636

     C   11        0.115064        0.311548        0.321637
     C   11        0.311548        0.103036       -0.340300
     C   11        0.321637       -0.340300       -0.218100

     Cl  12        0.156201        0.259516        0.064231
     Cl  12        0.259516        0.004904        0.035166
     Cl  12        0.064231        0.035166       -0.161104

     H   13       -0.521305        0.052428        0.005721
     H   13        0.052428        0.775905        0.632795
     H   13        0.005721        0.632795       -0.254600

     C   14        0.383708       -0.074470        0.094826
     C   14       -0.074470        0.105380        0.324996
     C   14        0.094826        0.324996       -0.489088

     H   15        0.796397        0.433786        0.401357
     H   15        0.433786       -0.322657        0.212491
     H   15        0.401357        0.212491       -0.473740

     C   16        0.247329       -0.213518        0.031666
     C   16       -0.213518        0.248317        0.379224
     C   16        0.031666        0.379224       -0.495646

     C   17        0.335226       -0.083230        0.090198
     C   17       -0.083230        0.181170        0.339248
     C   17        0.090198        0.339248       -0.516396

     Cl  18        0.192390       -0.213617       -0.001071
     Cl  18       -0.213617       -0.039742        0.001559
     Cl  18       -0.001071        0.001559       -0.152648

     H   19       -0.522339        0.006911        0.022457
     H   19        0.006911        0.795106       -0.609499
     H   19        0.022457       -0.609499       -0.272767

     C   20        0.210745        0.272335        0.349140
     C   20        0.272335        0.072901       -0.233205
     C   20        0.349140       -0.233205       -0.283646

     H   21        0.295331       -0.292812        0.755098
     H   21       -0.292812       -0.401348       -0.338350
     H   21        0.755098       -0.338350        0.106017

     C   22        0.081117        0.317872        0.255276
     C   22        0.317872        0.218061       -0.349489
     C   22        0.255276       -0.349489       -0.299178

     C   23        0.098091        0.268663        0.364984
     C   23        0.268663        0.120269       -0.358541
     C   23        0.364984       -0.358541       -0.218360

     Cl  24        0.169574        0.222047        0.055053
     Cl  24        0.222047       -0.001349        0.026484
     Cl  24        0.055053        0.026484       -0.168225

     ----- GIPAW term -----
     Cl   1       -0.209602        0.207008       -0.431193
     Cl   1        0.207008        0.366154       -0.765675
     Cl   1       -0.431193       -0.765675       -0.156552

     C    2       -0.054886       -0.003126       -0.019311
     C    2       -0.003126        0.266856       -0.044563
     C    2       -0.019311       -0.044563       -0.211970

     C    3       -0.091057        0.004837        0.002566
     C    3        0.004837        0.094197       -0.055587
     C    3        0.002566       -0.055587       -0.003140

     H    4       -0.000000        0.000000        0.000000
     H    4        0.000000        0.000000        0.000000
     H    4        0.000000        0.000000        0.000000

     C    5       -0.099346        0.009821       -0.025200
     C    5        0.009821        0.204518       -0.177966
     C    5       -0.025200       -0.177966       -0.105172

     H    6       -0.000000        0.000000        0.000000
     H    6        0.000000        0.000000        0.000000
     H    6        0.000000        0.000000        0.000000

     H    7       -0.000000        0.000000        0.000000
     H    7        0.000000        0.000000        0.000000
     H    7        0.000000        0.000000        0.000000

     C    8       -0.047296       -0.224459       -0.082821
     C    8       -0.224459        0.158233        0.035491
     C    8       -0.082821        0.035491       -0.110937

     H    9       -0.000000        0.000000        0.000000
     H    9        0.000000        0.000000        0.000000
     H    9        0.000000        0.000000        0.000000

     C   10       -0.056831       -0.091505       -0.103588
     C   10       -0.091505       -0.008466        0.156537
     C   10       -0.103588        0.156537        0.065297

     C   11       -0.122704        0.048620       -0.006347
     C   11        0.048620        0.051117        0.231722
     C   11       -0.006347        0.231722        0.071587

     Cl  12       -0.504740        0.870690       -0.654770
     Cl  12        0.870690       -0.402603        1.592196
     Cl  12       -0.654770        1.592196        0.907343

     H   13       -0.000000        0.000000        0.000000
     H   13        0.000000        0.000000        0.000000
     H   13        0.000000        0.000000        0.000000

     C   14       -0.242400        0.040033       -0.028700
     C   14        0.040033        0.009438        0.183950
     C   14       -0.028700        0.183950        0.232962

     H   15       -0.000000        0.000000        0.000000
     H   15        0.000000        0.000000        0.000000
     H   15        0.000000        0.000000        0.000000

     C   16       -0.065872        0.005277       -0.000805
     C   16        0.005277       -0.128345        0.076981
     C   16       -0.000805        0.076981        0.194216

     C   17       -0.150864       -0.082507       -0.126470
     C   17       -0.082507       -0.011584        0.160668
     C   17       -0.126470        0.160668        0.162448

     Cl  18        1.262633       -1.586815       -2.073619
     Cl  18       -1.586815       -1.139167       -0.611266
     Cl  18       -2.073619       -0.611266       -0.123466

     H   19       -0.000000        0.000000        0.000000
     H   19        0.000000        0.000000        0.000000
     H   19        0.000000        0.000000        0.000000

     C   20       -0.030053        0.200001       -0.052130
     C   20        0.200001        0.145149        0.121135
     C   20       -0.052130        0.121135       -0.115097

     H   21       -0.000000        0.000000        0.000000
     H   21        0.000000        0.000000        0.000000
     H   21        0.000000        0.000000        0.000000

     C   22       -0.152821        0.104446       -0.131699
     C   22        0.104446        0.163513       -0.155572
     C   22       -0.131699       -0.155572       -0.010692

     C   23       -0.075651        0.077706        0.002140
     C   23        0.077706       -0.006005       -0.185267
     C   23        0.002140       -0.185267        0.081656

     Cl  24       -0.986338        0.369311        0.280026
     Cl  24        0.369311       -0.151222       -1.749229
     Cl  24        0.280026       -1.749229        1.137560

     ----- total EFG -----
     Cl   1        0.038649        0.123224       -0.378489
     Cl   1        0.123224        0.101972       -0.369704
     Cl   1       -0.378489       -0.369704       -0.140621

     C    2        0.291434        0.026580       -0.154207
     C    2        0.026580        0.484893       -0.266406
     C    2       -0.154207       -0.266406       -0.776327

     C    3       -0.249046        0.050609        0.042857
     C    3        0.050609        0.412554        0.218893
     C    3        0.042857        0.218893       -0.163509

     H    4        0.584621        0.078395        0.398188
     H    4        0.078395       -0.418116        0.369463
     H    4        0.398188        0.369463       -0.166505

     C    5        0.164217       -0.098739       -0.204693
     C    5       -0.098739        0.376416       -0.389539
     C    5       -0.204693       -0.389539       -0.540633

     H    6       -0.086875       -0.025169       -0.008482
     H    6       -0.025169        0.130643        0.634830
     H    6       -0.008482        0.634830       -0.043768

     H    7       -0.536379       -0.022233       -0.023141
     H    7       -0.022233        0.564090       -0.019196
     H    7       -0.023141       -0.019196       -0.027711

     C    8       -0.450384       -0.374608       -0.168773
     C    8       -0.374608        0.584097        0.003242
     C    8       -0.168773        0.003242       -0.133713

     H    9        0.381777       -0.111083        0.514373
     H    9       -0.111083       -0.036817       -0.394983
     H    9        0.514373       -0.394983       -0.344960

     C   10       -0.016590       -0.084175       -0.004770
     C   10       -0.084175       -0.048989        0.242939
     C   10       -0.004770        0.242939        0.065579

     C   11       -0.356199        0.050021        0.089779
     C   11        0.050021        0.065798        0.350401
     C   11        0.089779        0.350401        0.290401

     Cl  12       -0.289310        1.104266       -0.612453
     Cl  12        1.104266       -0.394495        1.504927
     Cl  12       -0.612453        1.504927        0.683806

     H   13       -0.046070        0.012543       -0.123187
     H   13        0.012543        0.197234        0.279204
     H   13       -0.123187        0.279204       -0.151164

     C   14       -0.739540        0.248393       -0.349977
     C   14        0.248393        0.337654        0.528976
     C   14       -0.349977        0.528976        0.401886

     H   15        0.316823        0.164096        0.630381
     H   15        0.164096        0.045427        0.135277
     H   15        0.630381        0.135277       -0.362250

     C   16        0.303871       -0.021626        0.021092
     C   16       -0.021626       -0.462304        0.126363
     C   16        0.021092        0.126363        0.158433

     C   17       -0.515551        0.114660       -0.396753
     C   17        0.114660        0.274099        0.430316
     C   17       -0.396753        0.430316        0.241452

     Cl  18        1.437190       -1.815169       -2.189695
     Cl  18       -1.815169       -1.219708       -0.683429
     Cl  18       -2.189695       -0.683429       -0.217481

     H   19       -0.168986       -0.214870       -0.041126
     H   19       -0.214870        0.079906       -0.430504
     H   19       -0.041126       -0.430504        0.089080

     C   20        0.012090        0.715308       -0.103951
     C   20        0.715308        0.247728        0.427159
     C   20       -0.103951        0.427159       -0.259818

     H   21        0.347013       -0.243021        0.491625
     H   21       -0.243021       -0.249073        0.201947
     H   21        0.491625        0.201947       -0.097940

     C   22       -0.693102        0.089669       -0.244269
     C   22        0.089669        0.581162       -0.469876
     C   22       -0.244269       -0.469876        0.111940

     C   23        0.045822        0.336264        0.165224
     C   23        0.336264       -0.269438       -0.188089
     C   23        0.165224       -0.188089        0.223617

     Cl  24       -0.890989        0.346896        0.322288
     Cl  24        0.346896       -0.166826       -1.609978
     Cl  24        0.322288       -1.609978        1.057815

     ----- total EFG (symmetrized) -----
     Cl   1        0.038649        0.123224       -0.378489
     Cl   1        0.123224        0.101972       -0.369704
     Cl   1       -0.378489       -0.369704       -0.140621

     C    2        0.291434        0.026580       -0.154207
     C    2        0.026580        0.484893       -0.266406
     C    2       -0.154207       -0.266406       -0.776327

     C    3       -0.249046        0.050609        0.042857
     C    3        0.050609        0.412554        0.218893
     C    3        0.042857        0.218893       -0.163509

     H    4        0.584621        0.078395        0.398188
     H    4        0.078395       -0.418116        0.369463
     H    4        0.398188        0.369463       -0.166505

     C    5        0.164217       -0.098739       -0.204693
     C    5       -0.098739        0.376416       -0.389539
     C    5       -0.204693       -0.389539       -0.540633

     H    6       -0.086875       -0.025169       -0.008482
     H    6       -0.025169        0.130643        0.634830
     H    6       -0.008482        0.634830       -0.043768

     H    7       -0.536379       -0.022233       -0.023141
     H    7       -0.022233        0.564090       -0.019196
     H    7       -0.023141       -0.019196       -0.027711

     C    8       -0.450384       -0.374608       -0.168773
     C    8       -0.374608        0.584097        0.003242
     C    8       -0.168773        0.003242       -0.133713

     H    9        0.381777       -0.111083        0.514373
     H    9       -0.111083       -0.036817       -0.394983
     H    9        0.514373       -0.394983       -0.344960

     C   10       -0.016590       -0.084175       -0.004770
     C   10       -0.084175       -0.048989        0.242939
     C   10       -0.004770        0.242939        0.065579

     C   11       -0.356199        0.050021        0.089779
     C   11        0.050021        0.065798        0.350401
     C   11        0.089779        0.350401        0.290401

     Cl  12       -0.289310        1.104266       -0.612453
     Cl  12        1.104266       -0.394495        1.504927
     Cl  12       -0.612453        1.504927        0.683806

     H   13       -0.046070        0.012543       -0.123187
     H   13        0.012543        0.197234        0.279204
     H   13       -0.123187        0.279204       -0.151164

     C   14       -0.739540        0.248393       -0.349977
     C   14        0.248393        0.337654        0.528976
     C   14       -0.349977        0.528976        0.401886

     H   15        0.316823        0.164096        0.630381
     H   15        0.164096        0.045427        0.135277
     H   15        0.630381        0.135277       -0.362250

     C   16        0.303871       -0.021626        0.021092
     C   16       -0.021626       -0.462304        0.126363
     C   16        0.021092        0.126363        0.158433

     C   17       -0.515551        0.114660       -0.396753
     C   17        0.114660        0.274099        0.430316
     C   17       -0.396753        0.430316        0.241452

     Cl  18        1.437190       -1.815169       -2.189695
     Cl  18       -1.815169       -1.219708       -0.683429
     Cl  18       -2.189695       -0.683429       -0.217481

     H   19       -0.168986       -0.214870       -0.041126
     H   19       -0.214870        0.079906       -0.430504
     H   19       -0.041126       -0.430504        0.089080

     C   20        0.012090        0.715308       -0.103951
     C   20        0.715308        0.247728        0.427159
     C   20       -0.103951        0.427159       -0.259818

     H   21        0.347013       -0.243021        0.491625
     H   21       -0.243021       -0.249073        0.201947
     H   21        0.491625        0.201947       -0.097940

     C   22       -0.693102        0.089669       -0.244269
     C   22        0.089669        0.581162       -0.469876
     C   22       -0.244269       -0.469876        0.111940

     C   23        0.045822        0.336264        0.165224
     C   23        0.336264       -0.269438       -0.188089
     C   23        0.165224       -0.188089        0.223617

     Cl  24       -0.890989        0.346896        0.322288
     Cl  24        0.346896       -0.166826       -1.609978
     Cl  24        0.322288       -1.609978        1.057815


     NQR/NMR SPECTROSCOPIC PARAMETERS:
     Cl   1    Vxx=   -0.0525    axis=(  0.704649 -0.706972 -0.060499)
     Cl   1    Vyy=   -0.5295    axis=(  0.453216  0.382840  0.805002)
     Cl   1    Vzz=    0.5820    axis=( -0.545952 -0.594664  0.590179)
     Cl   1  Q=        -8.1650 1e-30 m^2  Cq=       -11.1657 MHz  eta= 0.81964

     C    2    Vxx=    0.2970    axis=(  0.965993 -0.246663 -0.077561)
     C    2    Vyy=    0.5520    axis=(  0.225164  0.949926 -0.216661)
     C    2    Vzz=   -0.8490    axis=(  0.127120  0.191829  0.973161)
     C    2  Q=         1.0000 1e-30 m^2  Cq=        -1.9948 MHz  eta= 0.30027

     C    3    Vxx=   -0.2199    axis=( -0.577463  0.307900 -0.756131)
     C    3    Vyy=   -0.2715    axis=( -0.812181 -0.122438  0.570412)
     C    3    Vzz=    0.4914    axis=(  0.083051  0.943508  0.320774)
     C    3  Q=         1.0000 1e-30 m^2  Cq=         1.1547 MHz  eta= 0.10501

     H    4    Vxx=   -0.0907    axis=( -0.451205  0.618255  0.643564)
     H    4    Vyy=   -0.7077    axis=(  0.147645  0.762922 -0.629405)
     H    4    Vzz=    0.7985    axis=(  0.880122  0.188972  0.435517)
     H    4  Q=         1.0000 1e-30 m^2  Cq=         1.8761 MHz  eta= 0.77272

     C    5    Vxx=    0.2192    axis=(  0.967573 -0.016791 -0.252032)
     C    5    Vyy=    0.5211    axis=(  0.070064 -0.940793  0.331661)
     C    5    Vzz=   -0.7403    axis=(  0.242679  0.338565  0.909110)
     C    5  Q=         1.0000 1e-30 m^2  Cq=        -1.7395 MHz  eta= 0.40771

     H    6    Vxx=   -0.0875    axis=( -0.999297 -0.010882 -0.035881)
     H    6    Vyy=   -0.5976    axis=( -0.019889 -0.657390  0.753288)
     H    6    Vzz=    0.6850    axis=(  0.031785 -0.753472 -0.656711)
     H    6  Q=         1.0000 1e-30 m^2  Cq=         1.6095 MHz  eta= 0.74467

     H    7    Vxx=   -0.0272    axis=( -0.046717  0.030656  0.998438)
     H    7    Vyy=   -0.5379    axis=(  0.998718  0.020952  0.046086)
     H    7    Vzz=    0.5651    axis=( -0.019507  0.999310 -0.031595)
     H    7  Q=         1.0000 1e-30 m^2  Cq=         1.3278 MHz  eta= 0.90368

     C    8    Vxx=   -0.0852    axis=( -0.275395 -0.158725  0.948137)
     C    8    Vyy=   -0.6240    axis=( -0.908078 -0.280753 -0.310760)
     C    8    Vzz=    0.7092    axis=(  0.315518 -0.946564 -0.066817)
     C    8  Q=         1.0000 1e-30 m^2  Cq=         1.6663 MHz  eta= 0.75963

     H    9    Vxx=   -0.0078    axis=(  0.508383  0.836521 -0.204401)
     H    9    Vyy=   -0.7484    axis=(  0.342947 -0.414406 -0.843004)
     H    9    Vzz=    0.7562    axis=( -0.789895  0.358470 -0.497559)
     H    9  Q=         1.0000 1e-30 m^2  Cq=         1.7768 MHz  eta= 0.97933

     C   10    Vxx=   -0.0110    axis=(  0.945644 -0.080726  0.315026)
     C   10    Vyy=   -0.2582    axis=(  0.258454  0.774505 -0.577359)
     C   10    Vzz=    0.2692    axis=( -0.197382  0.627395  0.753270)
     C   10  Q=         1.0000 1e-30 m^2  Cq=         0.6324 MHz  eta= 0.91832

     C   11    Vxx=   -0.1890    axis=( -0.068799  0.811514 -0.580269)
     C   11    Vyy=   -0.3685    axis=( -0.991438  0.009091  0.130263)
     C   11    Vzz=    0.5574    axis=(  0.110986  0.584262  0.803940)
     C   11  Q=         1.0000 1e-30 m^2  Cq=         1.3098 MHz  eta= 0.32193

     Cl  12    Vxx=    0.5020    axis=(  0.838045  0.387468 -0.384121)
     Cl  12    Vyy=    1.7550    axis=( -0.086463 -0.600821 -0.794694)
     Cl  12    Vzz=   -2.2569    axis=( -0.538707  0.699202 -0.470013)
     Cl  12  Q=        -8.1650 1e-30 m^2  Cq=        43.2979 MHz  eta= 0.55518

     H   13    Vxx=   -0.0091    axis=(  0.926451  0.281654 -0.249718)
     H   13    Vyy=   -0.3493    axis=( -0.354795  0.431811 -0.829253)
     H   13    Vzz=    0.3583    axis=( -0.125732  0.856861  0.499981)
     H   13  Q=         1.0000 1e-30 m^2  Cq=         0.8419 MHz  eta= 0.94947

     C   14    Vxx=    0.0591    axis=(  0.461720  0.676917 -0.573235)
     C   14    Vyy=    0.9046    axis=(  0.057154 -0.667604 -0.742320)
     C   14    Vzz=   -0.9637    axis=( -0.885183  0.309981 -0.346934)
     C   14  Q=         1.0000 1e-30 m^2  Cq=        -2.2643 MHz  eta= 0.87729

     H   15    Vxx=   -0.0155    axis=(  0.265661 -0.957853  0.109283)
     H   15    Vyy=   -0.7401    axis=( -0.506927 -0.042370  0.860947)
     H   15    Vzz=    0.7556    axis=( -0.820030 -0.284118 -0.496818)
     H   15  Q=         1.0000 1e-30 m^2  Cq=         1.7754 MHz  eta= 0.95892

     C   16    Vxx=    0.1810    axis=( -0.132385  0.195343  0.971759)
     C   16    Vyy=    0.3069    axis=(  0.990684 -0.005499  0.136069)
     C   16    Vzz=   -0.4878    axis=(  0.031924  0.980720 -0.192795)
     C   16  Q=         1.0000 1e-30 m^2  Cq=        -1.1463 MHz  eta= 0.25813

     C   17    Vxx=    0.0436    axis=(  0.503904  0.698334 -0.508340)
     C   17    Vyy=    0.7225    axis=(  0.173711 -0.658428 -0.732323)
     C   17    Vzz=   -0.7661    axis=( -0.846112  0.280717 -0.453093)
     C   17  Q=         1.0000 1e-30 m^2  Cq=        -1.7999 MHz  eta= 0.88618

     Cl  18    Vxx=   -0.0813    axis=(  0.173760 -0.695586  0.697114)
     Cl  18    Vyy=   -3.1768    axis=( -0.517019 -0.666912 -0.536581)
     Cl  18    Vzz=    3.2581    axis=( -0.838152  0.267185  0.475514)
     Cl  18  Q=        -8.1650 1e-30 m^2  Cq=       -62.5054 MHz  eta= 0.95007

     H   19    Vxx=   -0.0733    axis=( -0.820205  0.268776  0.504998)
     H   19    Vyy=   -0.4640    axis=( -0.543290 -0.642436 -0.540473)
     H   19    Vzz=    0.5372    axis=(  0.179162 -0.717659  0.672953)
     H   19  Q=         1.0000 1e-30 m^2  Cq=         1.2623 MHz  eta= 0.72729

     C   20    Vxx=   -0.0836    axis=(  0.567262 -0.192271 -0.800778)
     C   20    Vyy=   -0.8324    axis=( -0.577079  0.600905 -0.553076)
     C   20    Vzz=    0.9160    axis=( -0.587532 -0.775852 -0.229915)
     C   20  Q=         1.0000 1e-30 m^2  Cq=         2.1522 MHz  eta= 0.81743

     H   21    Vxx=   -0.0276    axis=(  0.240587 -0.784743 -0.571224)
     H   21    Vyy=   -0.6473    axis=(  0.466052  0.609627 -0.641210)
     H   21    Vzz=    0.6748    axis=(  0.851419 -0.111954  0.512399)
     H   21  Q=         1.0000 1e-30 m^2  Cq=         1.5856 MHz  eta= 0.91830

     C   22    Vxx=   -0.1356    axis=( -0.258544  0.552025  0.792731)
     C   22    Vyy=   -0.7629    axis=(  0.957282  0.036417  0.286852)
     C   22    Vzz=    0.8985    axis=(  0.129481  0.833032 -0.537859)
     C   22  Q=         1.0000 1e-30 m^2  Cq=         2.1111 MHz  eta= 0.69817

     C   23    Vxx=    0.2384    axis=(  0.642078  0.601320 -0.475552)
     C   23    Vyy=    0.3230    axis=(  0.560152  0.055535  0.826526)
     C   23    Vzz=   -0.5613    axis=( -0.523416  0.797076  0.301173)
     C   23  Q=         1.0000 1e-30 m^2  Cq=        -1.3189 MHz  eta= 0.15069

     Cl  24    Vxx=   -0.5784    axis=(  0.830316  0.470216  0.299121)
     Cl  24    Vyy=   -1.5911    axis=( -0.556826  0.678014  0.479835)
     Cl  24    Vzz=    2.1695    axis=(  0.022818 -0.564973  0.824794)
     Cl  24  Q=        -8.1650 1e-30 m^2  Cq=       -41.6216 MHz  eta= 0.46677

     Initialization:
     gipaw_setup  :      9.72s CPU     12.88s WALL (       1 calls)

     Linear response

     Apply operators

     Induced current

     Other routines
     efg          :     12.18s CPU     18.01s WALL (       1 calls)

     General routines
     calbec       :      3.94s CPU      5.68s WALL (      16 calls)
     fft          :      1.91s CPU      4.87s WALL (      15 calls)
     ffts         :      0.04s CPU      0.13s WALL (       2 calls)
     fftw         :      5.27s CPU      8.24s WALL (     672 calls)
     davcio       :      0.05s CPU      0.25s WALL (      32 calls)

     Parallel routines
     fft_scatter  :      3.82s CPU      9.60s WALL (     689 calls)

     Plugins

     GIPAW        :     70.82s CPU    104.24s WALL (       1 calls)
