
     Program QE v.6.0 (svn rev. 13079) starts on 18Jan2017 at 23:18:46 

     This program is part of the open-source Quantum ESPRESSO suite
     for quantum simulation of materials; please cite
         "P. Giannozzi et al., J. Phys.:Condens. Matter 21 395502 (2009);
          URL http://www.quantum-espresso.org", 
     in publications or presentations arising from this work. More details at
     http://www.quantum-espresso.org/quote

     Parallel version (MPI), running on     8 processors
     R & G space division:  proc/nbgrp/npool/nimage =       8

     ***** This is GIPAW svn revision unknown      *****

     Parallelizing q-star over 1 images

     Reading data from directory:
     /users/majewski/paradichlorobenzene/pbe/9_constraint/scratch/pbe.ecut100.np8.dt60.pcl2phi-129368.save
     Message from routine read_xml_file:
     file /users/majewski/paradichlorobenzene/pbe/9_constraint/scratch/pbe.ecut100.np8.dt60.pcl2phi-129368.save not guaranteed to be safe for post-processing

   Info: using nr1, nr2, nr3 values from input

   Info: using nr1, nr2, nr3 values from input

     IMPORTANT: XC functional enforced from input :
     Exchange-correlation      =  SLA  PW   PBX  PBC ( 1  4  3  4 0 0)
     Any further DFT definition will be discarded
     Please, verify this is what you really want

               file C.pbe-n-kjpaw_psl.1.0.0.UPF: wavefunction(s)  2S 2P renormalized
               file Cl.pbe-n-kjpaw_psl.1.0.0.UPF: wavefunction(s)  3S 3P renormalized
               file H.pbe-kjpaw_psl.1.0.0.UPF: wavefunction(s)  1S renormalized

     Parallelization info
     --------------------
     sticks:   dense  smooth     PW     G-vecs:    dense   smooth      PW
     Min        3057    1223    332               144436    36536    5170
     Max        3059    1225    333               144437    36537    5171
     Sum       24467    9791   2657              1155489   292295   41363


     Subspace diagonalization in iterative solution of the eigenvalue problem:
     a serial algorithm will be used

     GIPAW projectors -----------------------------------------------
     atom=  C    l=0  rc=    1.2000  rs=    0.8000
     atom=  C    l=0  rc=    1.2000  rs=    0.8000
     atom=  C    l=1  rc=    1.4000  rs=    0.9333
     atom=  C    l=1  rc=    1.4000  rs=    0.9333
     projs nearly linearly dependent: l=1  n1,n2= 1, 2  s=  0.99951561

     atom=  Cl   l=0  rc=    1.6000  rs=    1.0667
     atom=  Cl   l=0  rc=    1.6000  rs=    1.0667
     atom=  Cl   l=1  rc=    1.6000  rs=    1.0667
     atom=  Cl   l=1  rc=    1.6000  rs=    1.0667
     atom=  Cl   l=2  rc=    1.6000  rs=    1.0667
     atom=  Cl   l=2  rc=    1.6000  rs=    1.0667
     projs nearly linearly dependent: l=2  n1,n2= 1, 2  s=  0.99993509

     atom=  H    l=0  rc=    1.0000  rs=    0.6667
     atom=  H    l=0  rc=    1.0000  rs=    0.6667
     projs nearly linearly dependent: l=0  n1,n2= 1, 2  s=  0.99968852
     -----------------------------------------------------------------

     GIPAW integrals: -------------------------------------------
     Atom  i/j   nmr_para   nmr_dia   epr_rmc  epr_para   epr_dia
       C   1 1   0.83E+03  0.17E-01  0.93E+01  0.24E+08  0.24E+03
       C   2 1   0.86E+03 -0.61E-01  0.94E+01  0.25E+08  0.25E+03
       C   2 2   0.90E+03 -0.15E+00  0.97E+01  0.26E+08  0.26E+03
       C   3 3   0.33E+01  0.34E+00  0.18E+01  0.55E+03  0.21E+02
       C   4 3   0.35E+01  0.37E+00  0.20E+01  0.59E+03  0.22E+02
       C   4 4   0.38E+01  0.39E+00  0.22E+01  0.63E+03  0.24E+02
       Cl  1 1   0.14E+04 -0.47E+00  0.84E+01  0.32E+09  0.42E+03
       Cl  2 1   0.21E+04 -0.37E+00  0.12E+02  0.49E+09  0.65E+03
       Cl  2 2   0.33E+04 -0.16E+00  0.21E+02  0.76E+09  0.10E+04
       Cl  3 3   0.21E+02  0.79E-01  0.89E+01  0.23E+05  0.13E+03
       Cl  4 3   0.24E+02  0.67E-01  0.99E+01  0.27E+05  0.15E+03
       Cl  4 4   0.28E+02  0.44E-01  0.11E+02  0.32E+05  0.18E+03
       Cl  5 5   0.77E+00  0.19E+00  0.18E+01  0.12E+03  0.22E+02
       Cl  6 5   0.80E+00  0.19E+00  0.19E+01  0.12E+03  0.23E+02
       Cl  6 6   0.83E+00  0.20E+00  0.19E+01  0.12E+03  0.23E+02
       H   1 1   0.39E+02  0.19E+00  0.29E+00  0.78E+05  0.13E+02
       H   2 1   0.41E+02  0.21E+00  0.32E+00  0.82E+05  0.14E+02
       H   2 2   0.43E+02  0.22E+00  0.36E+00  0.86E+05  0.15E+02
     ------------------------------------------------------------

     alpha_pv=     33.8938 eV

     Number of occupied bands for each k-point:
     k-point:     1    nbnd_occ=  42
     k-point:     2    nbnd_occ=  42
     k-point:     3    nbnd_occ=  42
     k-point:     4    nbnd_occ=  42
     k-point:     5    nbnd_occ=  42
     k-point:     6    nbnd_occ=  42
     k-point:     7    nbnd_occ=  42
     k-point:     8    nbnd_occ=  42
     k-point:     9    nbnd_occ=  42
     k-point:    10    nbnd_occ=  42
     k-point:    11    nbnd_occ=  42
     k-point:    12    nbnd_occ=  42
     k-point:    13    nbnd_occ=  42
     k-point:    14    nbnd_occ=  42
     k-point:    15    nbnd_occ=  42
     k-point:    16    nbnd_occ=  42


     q-space interpolation up to   110.00 Rydberg

     GIPAW job: efg                                                                             


     ELECTRIC FIELD GRADIENTS TENSORS IN Hartree/bohrradius^2:

     ----- bare term -----
     Cl   1       -0.052374        0.079474       -0.019737
     Cl   1        0.079474       -0.013189        0.005381
     Cl   1       -0.019737        0.005381        0.065563

     C    2       -0.164759        0.132619       -0.410640
     C    2        0.132619       -0.267539       -0.494027
     C    2       -0.410640       -0.494027        0.432298

     C    3       -0.315018        0.292605       -0.322805
     C    3        0.292605       -0.185664       -0.405624
     C    3       -0.322805       -0.405624        0.500682

     H    4       -0.106498       -0.137296       -0.520150
     H    4       -0.137296        0.430367       -0.096652
     H    4       -0.520150       -0.096652       -0.323868

     C    5       -0.328839        0.228701       -0.342417
     C    5        0.228701       -0.144490       -0.434855
     C    5       -0.342417       -0.434855        0.473328

     H    6        0.405327       -0.022941        0.011618
     H    6       -0.022941       -0.283061       -0.554196
     H    6        0.011618       -0.554196       -0.122266

     H    7        0.481042        0.059659       -0.153890
     H    7        0.059659       -0.002643        0.467981
     H    7       -0.153890        0.467981       -0.478399

     C    8       -0.187122       -0.294572       -0.149098
     C    8       -0.294572       -0.318271        0.362872
     C    8       -0.149098        0.362872        0.505393

     H    9       -0.249463        0.081321       -0.566401
     H    9        0.081321        0.320834        0.029675
     H    9       -0.566401        0.029675       -0.071371

     C   10       -0.265512       -0.339723       -0.330168
     C   10       -0.339723       -0.212033        0.428394
     C   10       -0.330168        0.428394        0.477545

     C   11        0.033404        0.256988       -0.512095
     C   11        0.256988       -0.190020        0.567789
     C   11       -0.512095        0.567789        0.156616

     Cl  12       -0.012848       -0.139702        0.065766
     Cl  12       -0.139702       -0.055343       -0.021013
     Cl  12        0.065766       -0.021013        0.068191

     H   13        0.484084       -0.107580       -0.029383
     H   13       -0.107580       -0.677452        0.197082
     H   13       -0.029383        0.197082        0.193368

     C   14       -0.398481        0.042428       -0.279126
     C   14        0.042428       -0.064507       -0.308785
     C   14       -0.279126       -0.308785        0.462988

     H   15       -0.321039       -0.462190       -0.210526
     H   15       -0.462190        0.035736        0.054171
     H   15       -0.210526        0.054171        0.285303

     C   16       -0.260325        0.326708       -0.125630
     C   16        0.326708       -0.310242       -0.543495
     C   16       -0.125630       -0.543495        0.570567

     C   17       -0.223239        0.039840       -0.362827
     C   17        0.039840       -0.098127       -0.504027
     C   17       -0.362827       -0.504027        0.321367

     Cl  18       -0.145298        0.049439       -0.064822
     Cl  18        0.049439       -0.110156       -0.053997
     Cl  18       -0.064822       -0.053997        0.255454

     H   19        0.486161        0.000586       -0.113646
     H   19        0.000586       -0.279900        0.403259
     H   19       -0.113646        0.403259       -0.206261

     C   20       -0.604416       -0.314035       -0.279636
     C   20       -0.314035        0.199014        0.238396
     C   20       -0.279636        0.238396        0.405402

     H   21       -0.611636        0.187250       -0.134973
     H   21        0.187250        0.396079        0.182889
     H   21       -0.134973        0.182889        0.215558

     C   22       -0.006550        0.060346       -0.296408
     C   22        0.060346       -0.159560        0.559028
     C   22       -0.296408        0.559028        0.166110

     C   23       -0.738417       -0.302455       -0.369432
     C   23       -0.302455        0.228887        0.040842
     C   23       -0.369432        0.040842        0.509530

     Cl  24       -0.085210        0.023988        0.032987
     Cl  24        0.023988       -0.027105       -0.138411
     Cl  24        0.032987       -0.138411        0.112315

     ----- ionic term -----
     Cl   1        0.115992       -0.218815        0.036719
     Cl   1       -0.218815        0.043446       -0.013632
     Cl   1        0.036719       -0.013632       -0.159438

     C    2        0.194393       -0.139423        0.311016
     C    2       -0.139423        0.195970        0.372165
     C    2        0.311016        0.372165       -0.390363

     C    3        0.141667       -0.235234        0.230723
     C    3       -0.235234        0.220776        0.336045
     C    3        0.230723        0.336045       -0.362443

     H    4        0.599191        0.311769        0.689537
     H    4        0.311769       -0.403062        0.239753
     H    4        0.689537        0.239753       -0.196129

     C    5        0.227958       -0.196530        0.330932
     C    5       -0.196530        0.091013        0.271173
     C    5        0.330932        0.271173       -0.318971

     H    6       -0.535461        0.084481        0.047324
     H    6        0.084481        0.685701        0.673526
     H    6        0.047324        0.673526       -0.150239

     H    7       -0.527099       -0.079869        0.087173
     H    7       -0.079869        0.397147       -0.808580
     H    7        0.087173       -0.808580        0.129952

     C    8        0.232442        0.247036        0.271354
     C    8        0.247036        0.056723       -0.282327
     C    8        0.271354       -0.282327       -0.289165

     H    9        0.721923       -0.242103        0.666469
     H    9       -0.242103       -0.487129       -0.199006
     H    9        0.666469       -0.199006       -0.234795

     C   10        0.078332        0.261851        0.215805
     C   10        0.261851        0.166157       -0.412159
     C   10        0.215805       -0.412159       -0.244489

     C   11        0.133283        0.154483        0.307155
     C   11        0.154483        0.030003       -0.471070
     C   11        0.307155       -0.471070       -0.163285

     Cl  12        0.096658        0.185777       -0.011560
     Cl  12        0.185777        0.021381       -0.018766
     Cl  12       -0.011560       -0.018766       -0.118039

     H   13       -0.480916        0.063835        0.040648
     H   13        0.063835        0.830091        0.558752
     H   13        0.040648        0.558752       -0.349174

     C   14        0.298769       -0.145977        0.329388
     C   14       -0.145977        0.140214        0.247432
     C   14        0.329388        0.247432       -0.438983

     H   15        0.586141        0.412328        0.619024
     H   15        0.412328       -0.297797        0.277863
     H   15        0.619024        0.277863       -0.288344

     C   16        0.115566       -0.199172        0.238135
     C   16       -0.199172        0.308772        0.312182
     C   16        0.238135        0.312182       -0.424338

     C   17        0.135670       -0.156535        0.390228
     C   17       -0.156535        0.200087        0.281912
     C   17        0.390228        0.281912       -0.335757

     Cl  18        0.121849       -0.187947        0.077957
     Cl  18       -0.187947        0.027469       -0.047190
     Cl  18        0.077957       -0.047190       -0.149319

     H   19       -0.521966       -0.004253        0.026264
     H   19       -0.004253        0.451547       -0.798024
     H   19        0.026264       -0.798024        0.070419

     C   20        0.267618        0.225859        0.279855
     C   20        0.225859       -0.034899       -0.332016
     C   20        0.279855       -0.332016       -0.232720

     H   21        0.653626       -0.482517        0.508748
     H   21       -0.482517       -0.321318       -0.267795
     H   21        0.508748       -0.267795       -0.332308

     C   22        0.156579        0.188736        0.139453
     C   22        0.188736        0.142420       -0.399461
     C   22        0.139453       -0.399461       -0.298999

     C   23        0.243565        0.234124        0.228719
     C   23        0.234124        0.044268       -0.371421
     C   23        0.228719       -0.371421       -0.287833

     Cl  24        0.133376        0.222905       -0.018735
     Cl  24        0.222905        0.020874       -0.018318
     Cl  24       -0.018735       -0.018318       -0.154250

     ----- GIPAW term -----
     Cl   1        0.030464       -0.009393       -1.446580
     Cl   1       -0.009393        0.061827       -1.838582
     Cl   1       -1.446580       -1.838582       -0.092291

     C    2       -0.064102       -0.031884       -0.138998
     C    2       -0.031884       -0.090864       -0.188692
     C    2       -0.138998       -0.188692        0.154966

     C    3       -0.148316        0.046747       -0.141125
     C    3        0.046747       -0.095637       -0.116543
     C    3       -0.141125       -0.116543        0.243953

     H    4       -0.000000        0.000000        0.000000
     H    4        0.000000        0.000000        0.000000
     H    4        0.000000        0.000000        0.000000

     C    5       -0.073880        0.043736       -0.094443
     C    5        0.043736       -0.099840       -0.124172
     C    5       -0.094443       -0.124172        0.173719

     H    6       -0.000000        0.000000        0.000000
     H    6        0.000000        0.000000        0.000000
     H    6        0.000000        0.000000        0.000000

     H    7       -0.000000        0.000000        0.000000
     H    7        0.000000        0.000000        0.000000
     H    7        0.000000        0.000000        0.000000

     C    8       -0.059220       -0.072510        0.034178
     C    8       -0.072510       -0.122166       -0.011739
     C    8        0.034178       -0.011739        0.181386

     H    9       -0.000000        0.000000        0.000000
     H    9        0.000000        0.000000        0.000000
     H    9        0.000000        0.000000        0.000000

     C   10       -0.114687       -0.067458       -0.158742
     C   10       -0.067458       -0.090506        0.125265
     C   10       -0.158742        0.125265        0.205193

     C   11        0.143699        0.236231       -0.141893
     C   11        0.236231       -0.046816        0.055510
     C   11       -0.141893        0.055510       -0.096884

     Cl  12        1.564182        1.495847        0.518546
     Cl  12        1.495847       -0.309161       -0.182791
     Cl  12        0.518546       -0.182791       -1.255020

     H   13       -0.000000        0.000000        0.000000
     H   13        0.000000        0.000000        0.000000
     H   13        0.000000        0.000000        0.000000

     C   14       -0.137377        0.011631       -0.048608
     C   14        0.011631       -0.044336       -0.171903
     C   14       -0.048608       -0.171903        0.181713

     H   15       -0.000000        0.000000        0.000000
     H   15        0.000000        0.000000        0.000000
     H   15        0.000000        0.000000        0.000000

     C   16       -0.140134        0.047977       -0.031761
     C   16        0.047977       -0.074975       -0.183227
     C   16       -0.031761       -0.183227        0.215108

     C   17        0.034834       -0.131688       -0.071226
     C   17       -0.131688       -0.015119       -0.081303
     C   17       -0.071226       -0.081303       -0.019715

     Cl  18       -0.472542       -1.608621       -0.528049
     Cl  18       -1.608621       -1.230406       -0.818405
     Cl  18       -0.528049       -0.818405        1.702948

     H   19       -0.000000        0.000000        0.000000
     H   19        0.000000        0.000000        0.000000
     H   19        0.000000        0.000000        0.000000

     C   20       -0.118095        0.066452       -0.025676
     C   20        0.066452        0.155602        0.020530
     C   20       -0.025676        0.020530       -0.037507

     H   21       -0.000000        0.000000        0.000000
     H   21        0.000000        0.000000        0.000000
     H   21        0.000000        0.000000        0.000000

     C   22       -0.078528        0.141163       -0.082533
     C   22        0.141163        0.161643       -0.014969
     C   22       -0.082533       -0.014969       -0.083115

     C   23       -0.177269        0.067566       -0.074407
     C   23        0.067566        0.126529       -0.193930
     C   23       -0.074407       -0.193930        0.050740

     Cl  24       -0.156984        1.927194        0.069206
     Cl  24        1.927194       -0.111930       -1.840879
     Cl  24        0.069206       -1.840879        0.268914

     ----- total EFG -----
     Cl   1        0.094082       -0.148734       -1.429598
     Cl   1       -0.148734        0.092084       -1.846834
     Cl   1       -1.429598       -1.846834       -0.186166

     C    2       -0.034468       -0.038689       -0.238622
     C    2       -0.038689       -0.162432       -0.310555
     C    2       -0.238622       -0.310555        0.196901

     C    3       -0.321667        0.104117       -0.233208
     C    3        0.104117       -0.060526       -0.186122
     C    3       -0.233208       -0.186122        0.382192

     H    4        0.492692        0.174472        0.169387
     H    4        0.174472        0.027305        0.143101
     H    4        0.169387        0.143101       -0.519998

     C    5       -0.174760        0.075907       -0.105929
     C    5        0.075907       -0.153317       -0.287854
     C    5       -0.105929       -0.287854        0.328077

     H    6       -0.130134        0.061540        0.058942
     H    6        0.061540        0.402640        0.119330
     H    6        0.058942        0.119330       -0.272505

     H    7       -0.046057       -0.020209       -0.066717
     H    7       -0.020209        0.394504       -0.340598
     H    7       -0.066717       -0.340598       -0.348447

     C    8       -0.013900       -0.120046        0.156435
     C    8       -0.120046       -0.383713        0.068806
     C    8        0.156435        0.068806        0.397614

     H    9        0.472460       -0.160782        0.100068
     H    9       -0.160782       -0.166295       -0.169332
     H    9        0.100068       -0.169332       -0.306165

     C   10       -0.301866       -0.145330       -0.273105
     C   10       -0.145330       -0.136382        0.141500
     C   10       -0.273105        0.141500        0.438248

     C   11        0.310386        0.647702       -0.346833
     C   11        0.647702       -0.206833        0.152229
     C   11       -0.346833        0.152229       -0.103553

     Cl  12        1.647992        1.541922        0.572751
     Cl  12        1.541922       -0.343124       -0.222570
     Cl  12        0.572751       -0.222570       -1.304868

     H   13        0.003168       -0.043745        0.011264
     H   13       -0.043745        0.152639        0.755834
     H   13        0.011264        0.755834       -0.155806

     C   14       -0.237089       -0.091918        0.001654
     C   14       -0.091918        0.031371       -0.233257
     C   14        0.001654       -0.233257        0.205719

     H   15        0.265101       -0.049862        0.408498
     H   15       -0.049862       -0.262061        0.332034
     H   15        0.408498        0.332034       -0.003041

     C   16       -0.284893        0.175512        0.080744
     C   16        0.175512       -0.076444       -0.414540
     C   16        0.080744       -0.414540        0.361337

     C   17       -0.052736       -0.248384       -0.043825
     C   17       -0.248384        0.086841       -0.303419
     C   17       -0.043825       -0.303419       -0.034105

     Cl  18       -0.495990       -1.747129       -0.514914
     Cl  18       -1.747129       -1.313093       -0.919592
     Cl  18       -0.514914       -0.919592        1.809083

     H   19       -0.035805       -0.003667       -0.087382
     H   19       -0.003667        0.171646       -0.394766
     H   19       -0.087382       -0.394766       -0.135841

     C   20       -0.454893       -0.021724       -0.025457
     C   20       -0.021724        0.319717       -0.073090
     C   20       -0.025457       -0.073090        0.135176

     H   21        0.041990       -0.295267        0.373775
     H   21       -0.295267        0.074761       -0.084906
     H   21        0.373775       -0.084906       -0.116750

     C   22        0.071500        0.390246       -0.239488
     C   22        0.390246        0.144503        0.144598
     C   22       -0.239488        0.144598       -0.216004

     C   23       -0.672121       -0.000765       -0.215120
     C   23       -0.000765        0.399684       -0.524509
     C   23       -0.215120       -0.524509        0.272437

     Cl  24       -0.108818        2.174086        0.083458
     Cl  24        2.174086       -0.118161       -1.997608
     Cl  24        0.083458       -1.997608        0.226979

     ----- total EFG (symmetrized) -----
     Cl   1        0.094082       -0.148734       -1.429598
     Cl   1       -0.148734        0.092084       -1.846834
     Cl   1       -1.429598       -1.846834       -0.186166

     C    2       -0.034468       -0.038689       -0.238622
     C    2       -0.038689       -0.162432       -0.310555
     C    2       -0.238622       -0.310555        0.196901

     C    3       -0.321667        0.104117       -0.233208
     C    3        0.104117       -0.060526       -0.186122
     C    3       -0.233208       -0.186122        0.382192

     H    4        0.492692        0.174472        0.169387
     H    4        0.174472        0.027305        0.143101
     H    4        0.169387        0.143101       -0.519998

     C    5       -0.174760        0.075907       -0.105929
     C    5        0.075907       -0.153317       -0.287854
     C    5       -0.105929       -0.287854        0.328077

     H    6       -0.130134        0.061540        0.058942
     H    6        0.061540        0.402640        0.119330
     H    6        0.058942        0.119330       -0.272505

     H    7       -0.046057       -0.020209       -0.066717
     H    7       -0.020209        0.394504       -0.340598
     H    7       -0.066717       -0.340598       -0.348447

     C    8       -0.013900       -0.120046        0.156435
     C    8       -0.120046       -0.383713        0.068806
     C    8        0.156435        0.068806        0.397614

     H    9        0.472460       -0.160782        0.100068
     H    9       -0.160782       -0.166295       -0.169332
     H    9        0.100068       -0.169332       -0.306165

     C   10       -0.301866       -0.145330       -0.273105
     C   10       -0.145330       -0.136382        0.141500
     C   10       -0.273105        0.141500        0.438248

     C   11        0.310386        0.647702       -0.346833
     C   11        0.647702       -0.206833        0.152229
     C   11       -0.346833        0.152229       -0.103553

     Cl  12        1.647992        1.541922        0.572751
     Cl  12        1.541922       -0.343124       -0.222570
     Cl  12        0.572751       -0.222570       -1.304868

     H   13        0.003168       -0.043745        0.011264
     H   13       -0.043745        0.152639        0.755834
     H   13        0.011264        0.755834       -0.155806

     C   14       -0.237089       -0.091918        0.001654
     C   14       -0.091918        0.031371       -0.233257
     C   14        0.001654       -0.233257        0.205719

     H   15        0.265101       -0.049862        0.408498
     H   15       -0.049862       -0.262061        0.332034
     H   15        0.408498        0.332034       -0.003041

     C   16       -0.284893        0.175512        0.080744
     C   16        0.175512       -0.076444       -0.414540
     C   16        0.080744       -0.414540        0.361337

     C   17       -0.052736       -0.248384       -0.043825
     C   17       -0.248384        0.086841       -0.303419
     C   17       -0.043825       -0.303419       -0.034105

     Cl  18       -0.495990       -1.747129       -0.514914
     Cl  18       -1.747129       -1.313093       -0.919592
     Cl  18       -0.514914       -0.919592        1.809083

     H   19       -0.035805       -0.003667       -0.087382
     H   19       -0.003667        0.171646       -0.394766
     H   19       -0.087382       -0.394766       -0.135841

     C   20       -0.454893       -0.021724       -0.025457
     C   20       -0.021724        0.319717       -0.073090
     C   20       -0.025457       -0.073090        0.135176

     H   21        0.041990       -0.295267        0.373775
     H   21       -0.295267        0.074761       -0.084906
     H   21        0.373775       -0.084906       -0.116750

     C   22        0.071500        0.390246       -0.239488
     C   22        0.390246        0.144503        0.144598
     C   22       -0.239488        0.144598       -0.216004

     C   23       -0.672121       -0.000765       -0.215120
     C   23       -0.000765        0.399684       -0.524509
     C   23       -0.215120       -0.524509        0.272437

     Cl  24       -0.108818        2.174086        0.083458
     Cl  24        2.174086       -0.118161       -1.997608
     Cl  24        0.083458       -1.997608        0.226979


     NQR/NMR SPECTROSCOPIC PARAMETERS:
     Cl   1    Vxx=    0.2372    axis=( -0.792428  0.609758  0.015900)
     Cl   1    Vyy=    2.2182    axis=( -0.428637 -0.575215  0.696706)
     Cl   1    Vzz=   -2.4554    axis=(  0.433968  0.545274  0.717181)
     Cl   1  Q=        -8.1650 1e-30 m^2  Cq=        47.1050 MHz  eta= 0.80678

     C    2    Vxx=   -0.0410    axis=(  0.827558 -0.550104  0.111949)
     C    2    Vyy=   -0.4117    axis=(  0.415236  0.734028  0.537385)
     C    2    Vzz=    0.4527    axis=( -0.377791 -0.398232  0.835874)
     C    2  Q=         1.0000 1e-30 m^2  Cq=         1.0637 MHz  eta= 0.81873

     C    3    Vxx=   -0.1273    axis=(  0.058392  0.928781  0.366001)
     C    3    Vyy=   -0.3993    axis=(  0.955913 -0.157710  0.247705)
     C    3    Vzz=    0.5266    axis=( -0.287785 -0.335401  0.897043)
     C    3  Q=         1.0000 1e-30 m^2  Cq=         1.2373 MHz  eta= 0.51643

     H    4    Vxx=   -0.0191    axis=(  0.361006 -0.921802 -0.141266)
     H    4    Vyy=   -0.5704    axis=(  0.122641  0.197094 -0.972684)
     H    4    Vzz=    0.5894    axis=(  0.924464  0.333820  0.184202)
     H    4  Q=         1.0000 1e-30 m^2  Cq=         1.3850 MHz  eta= 0.93522

     C    5    Vxx=   -0.1937    axis=( -0.952327 -0.140449 -0.270826)
     C    5    Vyy=   -0.2937    axis=(  0.238579 -0.896131 -0.374205)
     C    5    Vzz=    0.4874    axis=( -0.190138 -0.420979  0.886918)
     C    5  Q=         1.0000 1e-30 m^2  Cq=         1.1452 MHz  eta= 0.20524

     H    6    Vxx=   -0.1256    axis=(  0.954429 -0.167047  0.247306)
     H    6    Vyy=   -0.3064    axis=( -0.270848 -0.136854  0.952844)
     H    6    Vzz=    0.4320    axis=( -0.125325 -0.976405 -0.175862)
     H    6  Q=         1.0000 1e-30 m^2  Cq=         1.0151 MHz  eta= 0.41841

     H    7    Vxx=   -0.0353    axis=(  0.988014 -0.064637 -0.140183)
     H    7    Vyy=   -0.4918    axis=(  0.154080  0.357492  0.921118)
     H    7    Vzz=    0.5271    axis=( -0.009424 -0.931677  0.363166)
     H    7  Q=         1.0000 1e-30 m^2  Cq=         1.2384 MHz  eta= 0.86617

     C    8    Vxx=   -0.0166    axis=( -0.895445  0.345467  0.280768)
     C    8    Vyy=   -0.4346    axis=(  0.318721  0.937829 -0.137450)
     C    8    Vzz=    0.4512    axis=(  0.310797  0.033592  0.949882)
     C    8  Q=         1.0000 1e-30 m^2  Cq=         1.0602 MHz  eta= 0.92626

     H    9    Vxx=   -0.1141    axis=(  0.307036  0.787541 -0.534329)
     H    9    Vyy=   -0.4195    axis=(  0.007831  0.559338  0.828902)
     H    9    Vzz=    0.5336    axis=(  0.951666 -0.258687  0.165569)
     H    9  Q=         1.0000 1e-30 m^2  Cq=         1.2537 MHz  eta= 0.57235

     C   10    Vxx=   -0.1481    axis=(  0.255999 -0.905727  0.337821)
     C   10    Vyy=   -0.4261    axis=( -0.910196 -0.343548 -0.231341)
     C   10    Vzz=    0.5742    axis=( -0.325589  0.248260  0.912337)
     C   10  Q=         1.0000 1e-30 m^2  Cq=         1.3492 MHz  eta= 0.48423

     C   11    Vxx=    0.0010    axis=( -0.047750  0.489156  0.870888)
     C   11    Vyy=    0.7982    axis=(  0.832748  0.500965 -0.235721)
     C   11    Vzz=   -0.7992    axis=( -0.551589  0.713975 -0.431265)
     C   11  Q=         1.0000 1e-30 m^2  Cq=        -1.8777 MHz  eta= 0.99758

     Cl  12    Vxx=   -0.7909    axis=( -0.298117  0.708946 -0.639158)
     Cl  12    Vyy=   -1.7386    axis=( -0.370662  0.531078  0.761949)
     Cl  12    Vzz=    2.5295    axis=(  0.879623  0.464061  0.104456)
     Cl  12  Q=        -8.1650 1e-30 m^2  Cq=       -48.5267 MHz  eta= 0.37469

     H   13    Vxx=    0.0039    axis=(  0.998297 -0.002560  0.058282)
     H   13    Vyy=    0.7708    axis=(  0.034879 -0.774621 -0.631464)
     H   13    Vzz=   -0.7747    axis=(  0.046763  0.632421 -0.773212)
     H   13  Q=         1.0000 1e-30 m^2  Cq=        -1.8202 MHz  eta= 0.98984

     C   14    Vxx=   -0.0934    axis=( -0.444656  0.705119  0.552349)
     C   14    Vyy=   -0.2790    axis=( -0.891222 -0.409888 -0.194203)
     C   14    Vzz=    0.3724    axis=(  0.089465 -0.578619  0.810676)
     C   14  Q=         1.0000 1e-30 m^2  Cq=         0.8750 MHz  eta= 0.49846

     H   15    Vxx=   -0.0034    axis=(  0.562258 -0.691211 -0.453975)
     H   15    Vyy=   -0.5891    axis=(  0.343016  0.694449 -0.632519)
     H   15    Vzz=    0.5925    axis=( -0.752467 -0.199918 -0.627556)
     H   15  Q=         1.0000 1e-30 m^2  Cq=         1.3922 MHz  eta= 0.98843

     C   16    Vxx=   -0.1129    axis=(  0.743349  0.561183  0.364014)
     C   16    Vyy=   -0.4989    axis=(  0.668436 -0.643559 -0.372860)
     C   16    Vzz=    0.6118    axis=( -0.025022 -0.520486  0.853504)
     C   16  Q=         1.0000 1e-30 m^2  Cq=         1.4374 MHz  eta= 0.63106

     C   17    Vxx=   -0.0021    axis=(  0.766814 -0.043256 -0.640410)
     C   17    Vyy=   -0.4007    axis=(  0.520210  0.626342  0.580583)
     C   17    Vzz=    0.4028    axis=(  0.376002 -0.778347  0.502790)
     C   17  Q=         1.0000 1e-30 m^2  Cq=         0.9465 MHz  eta= 0.98946

     Cl  18    Vxx=    0.8671    axis=(  0.800083 -0.584829 -0.133574)
     Cl  18    Vyy=    2.0606    axis=(  0.022662  0.251971 -0.967469)
     Cl  18    Vzz=   -2.9277    axis=(  0.599461  0.771029  0.214851)
     Cl  18  Q=        -8.1650 1e-30 m^2  Cq=        56.1665 MHz  eta= 0.40769

     H   19    Vxx=   -0.0259    axis=(  0.976845 -0.187561 -0.102928)
     H   19    Vyy=   -0.4202    axis=(  0.190738  0.545549  0.816085)
     H   19    Vzz=    0.4461    axis=( -0.096913 -0.816821  0.568692)
     H   19  Q=         1.0000 1e-30 m^2  Cq=         1.0481 MHz  eta= 0.88390

     C   20    Vxx=    0.1114    axis=( -0.054917  0.325538  0.943933)
     C   20    Vyy=    0.3453    axis=( -0.015258  0.944975 -0.326786)
     C   20    Vzz=   -0.4568    axis=( -0.998374 -0.032349 -0.046928)
     C   20  Q=         1.0000 1e-30 m^2  Cq=        -1.0733 MHz  eta= 0.51203

     H   21    Vxx=   -0.0745    axis=( -0.243510 -0.796552 -0.553360)
     H   21    Vyy=   -0.4531    axis=(  0.677315  0.268712 -0.684864)
     H   21    Vzz=    0.5276    axis=(  0.694224 -0.541571  0.474083)
     H   21  Q=         1.0000 1e-30 m^2  Cq=         1.2396 MHz  eta= 0.71763

     C   22    Vxx=    0.0231    axis=( -0.433876  0.509746  0.742907)
     C   22    Vyy=    0.5047    axis=( -0.692817 -0.715896  0.086591)
     C   22    Vzz=   -0.5278    axis=(  0.575983 -0.477128  0.663771)
     C   22  Q=         1.0000 1e-30 m^2  Cq=        -1.2400 MHz  eta= 0.91254

     C   23    Vxx=   -0.1446    axis=( -0.282737  0.665359  0.690910)
     C   23    Vyy=   -0.7330    axis=( -0.954704 -0.125564 -0.269767)
     C   23    Vzz=    0.8776    axis=( -0.092738 -0.735888  0.670723)
     C   23  Q=         1.0000 1e-30 m^2  Cq=         2.0621 MHz  eta= 0.67039

     Cl  24    Vxx=    0.1556    axis=(  0.679296  0.054527  0.731836)
     Cl  24    Vyy=    2.8793    axis=(  0.495805  0.701122 -0.512450)
     Cl  24    Vzz=   -3.0349    axis=(  0.541049 -0.710953 -0.449235)
     Cl  24  Q=        -8.1650 1e-30 m^2  Cq=        58.2235 MHz  eta= 0.89745

     Initialization:
     gipaw_setup  :      8.97s CPU     11.01s WALL (       1 calls)

     Linear response

     Apply operators

     Induced current

     Other routines
     efg          :      9.40s CPU     12.38s WALL (       1 calls)

     General routines
     calbec       :      3.26s CPU      4.46s WALL (      16 calls)
     fft          :      1.53s CPU      2.34s WALL (      15 calls)
     ffts         :      0.05s CPU      0.06s WALL (       2 calls)
     fftw         :      3.29s CPU      4.24s WALL (     672 calls)
     davcio       :      0.03s CPU      0.30s WALL (      32 calls)

     Parallel routines
     fft_scatter  :      2.28s CPU      3.75s WALL (     689 calls)

     Plugins

     GIPAW        :     61.38s CPU     77.36s WALL (       1 calls)
