
     Program QE v.6.0 (svn rev. 13079) starts on 17Dec2016 at 21:42: 0 

     This program is part of the open-source Quantum ESPRESSO suite
     for quantum simulation of materials; please cite
         "P. Giannozzi et al., J. Phys.:Condens. Matter 21 395502 (2009);
          URL http://www.quantum-espresso.org", 
     in publications or presentations arising from this work. More details at
     http://www.quantum-espresso.org/quote

     Parallel version (MPI), running on     8 processors
     R & G space division:  proc/nbgrp/npool/nimage =       8

     ***** This is GIPAW svn revision unknown      *****

     Parallelizing q-star over 1 images

     Reading data from directory:
     /users/majewski/paradichlorobenzene/pbe/9_constraint/scratch/pbe.ecut100.np8.dt60.pcl2phi-129368.save
     Message from routine read_xml_file:
     file /users/majewski/paradichlorobenzene/pbe/9_constraint/scratch/pbe.ecut100.np8.dt60.pcl2phi-129368.save not guaranteed to be safe for post-processing

   Info: using nr1, nr2, nr3 values from input

   Info: using nr1, nr2, nr3 values from input

     IMPORTANT: XC functional enforced from input :
     Exchange-correlation      =  SLA  PW   PBX  PBC ( 1  4  3  4 0 0)
     Any further DFT definition will be discarded
     Please, verify this is what you really want

               file C.pbe-n-kjpaw_psl.1.0.0.UPF: wavefunction(s)  2S 2P renormalized
               file Cl.pbe-n-kjpaw_psl.1.0.0.UPF: wavefunction(s)  3S 3P renormalized
               file H.pbe-kjpaw_psl.1.0.0.UPF: wavefunction(s)  1S renormalized

     Parallelization info
     --------------------
     sticks:   dense  smooth     PW     G-vecs:    dense   smooth      PW
     Min        3057    1223    332               144436    36536    5170
     Max        3059    1225    333               144437    36537    5171
     Sum       24467    9791   2657              1155489   292295   41363


     Subspace diagonalization in iterative solution of the eigenvalue problem:
     a serial algorithm will be used

     GIPAW projectors -----------------------------------------------
     atom=  C    l=0  rc=    1.2000  rs=    0.8000
     atom=  C    l=0  rc=    1.2000  rs=    0.8000
     atom=  C    l=1  rc=    1.4000  rs=    0.9333
     atom=  C    l=1  rc=    1.4000  rs=    0.9333
     projs nearly linearly dependent: l=1  n1,n2= 1, 2  s=  0.99951561

     atom=  Cl   l=0  rc=    1.6000  rs=    1.0667
     atom=  Cl   l=0  rc=    1.6000  rs=    1.0667
     atom=  Cl   l=1  rc=    1.6000  rs=    1.0667
     atom=  Cl   l=1  rc=    1.6000  rs=    1.0667
     atom=  Cl   l=2  rc=    1.6000  rs=    1.0667
     atom=  Cl   l=2  rc=    1.6000  rs=    1.0667
     projs nearly linearly dependent: l=2  n1,n2= 1, 2  s=  0.99993509

     atom=  H    l=0  rc=    1.0000  rs=    0.6667
     atom=  H    l=0  rc=    1.0000  rs=    0.6667
     projs nearly linearly dependent: l=0  n1,n2= 1, 2  s=  0.99968852
     -----------------------------------------------------------------

     GIPAW integrals: -------------------------------------------
     Atom  i/j   nmr_para   nmr_dia   epr_rmc  epr_para   epr_dia
       C   1 1   0.83E+03  0.17E-01  0.93E+01  0.24E+08  0.24E+03
       C   2 1   0.86E+03 -0.61E-01  0.94E+01  0.25E+08  0.25E+03
       C   2 2   0.90E+03 -0.15E+00  0.97E+01  0.26E+08  0.26E+03
       C   3 3   0.33E+01  0.34E+00  0.18E+01  0.55E+03  0.21E+02
       C   4 3   0.35E+01  0.37E+00  0.20E+01  0.59E+03  0.22E+02
       C   4 4   0.38E+01  0.39E+00  0.22E+01  0.63E+03  0.24E+02
       Cl  1 1   0.14E+04 -0.47E+00  0.84E+01  0.32E+09  0.42E+03
       Cl  2 1   0.21E+04 -0.37E+00  0.12E+02  0.49E+09  0.65E+03
       Cl  2 2   0.33E+04 -0.16E+00  0.21E+02  0.76E+09  0.10E+04
       Cl  3 3   0.21E+02  0.79E-01  0.89E+01  0.23E+05  0.13E+03
       Cl  4 3   0.24E+02  0.67E-01  0.99E+01  0.27E+05  0.15E+03
       Cl  4 4   0.28E+02  0.44E-01  0.11E+02  0.32E+05  0.18E+03
       Cl  5 5   0.77E+00  0.19E+00  0.18E+01  0.12E+03  0.22E+02
       Cl  6 5   0.80E+00  0.19E+00  0.19E+01  0.12E+03  0.23E+02
       Cl  6 6   0.83E+00  0.20E+00  0.19E+01  0.12E+03  0.23E+02
       H   1 1   0.39E+02  0.19E+00  0.29E+00  0.78E+05  0.13E+02
       H   2 1   0.41E+02  0.21E+00  0.32E+00  0.82E+05  0.14E+02
       H   2 2   0.43E+02  0.22E+00  0.36E+00  0.86E+05  0.15E+02
     ------------------------------------------------------------

     alpha_pv=     33.8076 eV

     Number of occupied bands for each k-point:
     k-point:     1    nbnd_occ=  42
     k-point:     2    nbnd_occ=  42
     k-point:     3    nbnd_occ=  42
     k-point:     4    nbnd_occ=  42
     k-point:     5    nbnd_occ=  42
     k-point:     6    nbnd_occ=  42
     k-point:     7    nbnd_occ=  42
     k-point:     8    nbnd_occ=  42
     k-point:     9    nbnd_occ=  42
     k-point:    10    nbnd_occ=  42
     k-point:    11    nbnd_occ=  42
     k-point:    12    nbnd_occ=  42
     k-point:    13    nbnd_occ=  42
     k-point:    14    nbnd_occ=  42
     k-point:    15    nbnd_occ=  42
     k-point:    16    nbnd_occ=  42


     q-space interpolation up to   110.00 Rydberg

     GIPAW job: efg                                                                             


     ELECTRIC FIELD GRADIENTS TENSORS IN Hartree/bohrradius^2:

     ----- bare term -----
     Cl   1       -0.014477        0.046943       -0.055426
     Cl   1        0.046943        0.062511       -0.066385
     Cl   1       -0.055426       -0.066385       -0.048034

     C    2       -0.203717        0.359993       -0.099913
     C    2        0.359993       -0.196219       -0.397859
     C    2       -0.099913       -0.397859        0.399937

     C    3       -0.131395        0.093498       -0.212348
     C    3        0.093498       -0.084309       -0.612805
     C    3       -0.212348       -0.612805        0.215704

     H    4        0.079598       -0.056824       -0.461455
     H    4       -0.056824        0.374876        0.164051
     H    4       -0.461455        0.164051       -0.454474

     C    5       -0.546022        0.288875       -0.227055
     C    5        0.288875        0.324013       -0.124737
     C    5       -0.227055       -0.124737        0.222009

     H    6        0.359332       -0.067012        0.315527
     H    6       -0.067012        0.091502       -0.209546
     H    6        0.315527       -0.209546       -0.450834

     H    7        0.438317        0.256678        0.023958
     H    7        0.256678       -0.790631        0.016942
     H    7        0.023958        0.016942        0.352313

     C    8       -0.182166       -0.106700       -0.245772
     C    8       -0.106700        0.036326        0.521771
     C    8       -0.245772        0.521771        0.145840

     H    9       -0.177723        0.375950       -0.447261
     H    9        0.375950        0.008436        0.363830
     H    9       -0.447261        0.363830        0.169287

     C   10       -0.636553       -0.396976       -0.289828
     C   10       -0.396976        0.308534        0.232853
     C   10       -0.289828        0.232853        0.328018

     C   11       -0.002328       -0.302671       -0.174309
     C   11       -0.302671       -0.091928        0.603993
     C   11       -0.174309        0.603993        0.094256

     Cl  12       -0.071982       -0.140900        0.094827
     Cl  12       -0.140900        0.013333       -0.144408
     Cl  12        0.094827       -0.144408        0.058649

     H   13        0.064569        0.171361        0.356990
     H   13        0.171361        0.018436       -0.454831
     H   13        0.356990       -0.454831       -0.083005

     C   14       -0.013381       -0.338506       -0.536962
     C   14       -0.338506       -0.094505       -0.474199
     C   14       -0.536962       -0.474199        0.107886

     H   15       -0.008536       -0.135937       -0.355237
     H   15       -0.135937        0.105357       -0.533493
     H   15       -0.355237       -0.533493       -0.096822

     C   16       -0.658600        0.337574       -0.344379
     C   16        0.337574        0.242214       -0.045809
     C   16       -0.344379       -0.045809        0.416386

     C   17        0.108339        0.016111       -0.204242
     C   17        0.016111       -0.034951       -0.614321
     C   17       -0.204242       -0.614321       -0.073388

     Cl  18       -0.154199        0.249978       -0.002110
     Cl  18        0.249978       -0.014303       -0.007845
     Cl  18       -0.002110       -0.007845        0.168502

     H   19        0.276786        0.053289        0.368338
     H   19        0.053289        0.125105        0.236710
     H   19        0.368338        0.236710       -0.401891

     C   20       -0.331840       -0.163715       -0.302776
     C   20       -0.163715        0.279843        0.064738
     C   20       -0.302776        0.064738        0.051997

     H   21        0.151750        0.080984       -0.249887
     H   21        0.080984        0.418898       -0.127840
     H   21       -0.249887       -0.127840       -0.570648

     C   22        0.054569       -0.307262       -0.089813
     C   22       -0.307262       -0.159585        0.308852
     C   22       -0.089813        0.308852        0.105016

     C   23       -0.263043       -0.191468       -0.425917
     C   23       -0.191468       -0.088695        0.512431
     C   23       -0.425917        0.512431        0.351738

     Cl  24       -0.079425        0.039331       -0.042655
     Cl  24        0.039331       -0.034385        0.118151
     Cl  24       -0.042655        0.118151        0.113811

     ----- ionic term -----
     Cl   1        0.203139       -0.210897       -0.040369
     Cl   1       -0.210897       -0.077681        0.007857
     Cl   1       -0.040369        0.007857       -0.125457

     C    2        0.233646       -0.223259        0.160912
     C    2       -0.223259       -0.117951        0.458106
     C    2        0.160912        0.458106       -0.115695

     C    3        0.189088       -0.289047        0.148504
     C    3       -0.289047       -0.047081        0.401087
     C    3        0.148504        0.401087       -0.142006

     H    4        0.375598        0.289594        0.747593
     H    4        0.289594       -0.471534        0.296649
     H    4        0.747593        0.296649        0.095936

     C    5        0.278293       -0.238015        0.245406
     C    5       -0.238015       -0.108504        0.317332
     C    5        0.245406        0.317332       -0.169789

     H    6       -0.509034       -0.133182       -0.075818
     H    6       -0.133182        0.460223        0.768914
     H    6       -0.075818        0.768914        0.048811

     H    7       -0.499113       -0.130498        0.060277
     H    7       -0.130498        0.793530       -0.603039
     H    7        0.060277       -0.603039       -0.294417

     C    8        0.240410        0.139243        0.265452
     C    8        0.139243        0.098676       -0.281017
     C    8        0.265452       -0.281017       -0.339086

     H    9        0.477575       -0.256243        0.715977
     H    9       -0.256243       -0.462472       -0.247816
     H    9        0.715977       -0.247816       -0.015103

     C   10        0.154196        0.250772        0.220720
     C   10        0.250772        0.138448       -0.331128
     C   10        0.220720       -0.331128       -0.292644

     C   11        0.139285        0.224856        0.388263
     C   11        0.224856        0.052124       -0.308405
     C   11        0.388263       -0.308405       -0.191408

     Cl  12        0.111144        0.214830        0.050468
     Cl  12        0.214830        0.035490        0.036058
     Cl  12        0.050468        0.036058       -0.146634

     H   13       -0.494896       -0.091251       -0.066620
     H   13       -0.091251        0.370250        0.784883
     H   13       -0.066620        0.784883        0.124647

     C   14        0.298673       -0.193888        0.246849
     C   14       -0.193888       -0.143902        0.329713
     C   14        0.246849        0.329713       -0.154770

     H   15        0.521629        0.243861        0.748815
     H   15        0.243861       -0.499137        0.250355
     H   15        0.748815        0.250355       -0.022492

     C   16        0.210342       -0.266354        0.169681
     C   16       -0.266354       -0.032491        0.405987
     C   16        0.169681        0.405987       -0.177851

     C   17        0.134529       -0.222610        0.290715
     C   17       -0.222610       -0.021914        0.408225
     C   17        0.290715        0.408225       -0.112615

     Cl  18        0.136647       -0.197447        0.055551
     Cl  18       -0.197447       -0.001683       -0.029548
     Cl  18        0.055551       -0.029548       -0.134965

     H   19       -0.525077        0.047931        0.001537
     H   19        0.047931        0.469817       -0.776679
     H   19        0.001537       -0.776679        0.055259

     C   20        0.242272        0.259245        0.354538
     C   20        0.259245       -0.094466       -0.290417
     C   20        0.354538       -0.290417       -0.147806

     H   21        0.288638       -0.241327        0.787976
     H   21       -0.241327       -0.454988       -0.298684
     H   21        0.787976       -0.298684        0.166350

     C   22        0.103924        0.303452        0.199943
     C   22        0.303452        0.035757       -0.413374
     C   22        0.199943       -0.413374       -0.139681

     C   23        0.156849        0.200345        0.207750
     C   23        0.200345        0.035938       -0.444472
     C   23        0.207750       -0.444472       -0.192787

     Cl  24        0.158730        0.226218        0.024002
     Cl  24        0.226218       -0.028412        0.007970
     Cl  24        0.024002        0.007970       -0.130318

     ----- GIPAW term -----
     Cl   1        2.179650       -0.232007       -1.615175
     Cl   1       -0.232007       -0.389913       -0.940849
     Cl   1       -1.615175       -0.940849       -1.789737

     C    2        0.128930       -0.173390        0.057123
     C    2       -0.173390       -0.034464       -0.085925
     C    2        0.057123       -0.085925       -0.094466

     C    3       -0.146257       -0.012763       -0.035688
     C    3       -0.012763        0.067207       -0.251029
     C    3       -0.035688       -0.251029        0.079050

     H    4       -0.000000        0.000000        0.000000
     H    4        0.000000        0.000000        0.000000
     H    4        0.000000        0.000000        0.000000

     C    5       -0.119399        0.065503       -0.033351
     C    5        0.065503        0.140648       -0.086156
     C    5       -0.033351       -0.086156       -0.021249

     H    6       -0.000000        0.000000        0.000000
     H    6        0.000000        0.000000        0.000000
     H    6        0.000000        0.000000        0.000000

     H    7       -0.000000        0.000000        0.000000
     H    7        0.000000        0.000000        0.000000
     H    7        0.000000        0.000000        0.000000

     C    8       -0.107917       -0.057560       -0.035771
     C    8       -0.057560        0.216109        0.189182
     C    8       -0.035771        0.189182       -0.108192

     H    9       -0.000000        0.000000        0.000000
     H    9        0.000000        0.000000        0.000000
     H    9        0.000000        0.000000        0.000000

     C   10       -0.214096       -0.131079       -0.066647
     C   10       -0.131079        0.295166        0.040554
     C   10       -0.066647        0.040554       -0.081070

     C   11        0.063590       -0.100648       -0.033812
     C   11       -0.100648        0.114298        0.100623
     C   11       -0.033812        0.100623       -0.177889

     Cl  12        0.723207        0.695710        1.141646
     Cl  12        0.695710        0.141860       -1.504073
     Cl  12        1.141646       -1.504073       -0.865067

     H   13       -0.000000        0.000000        0.000000
     H   13        0.000000        0.000000        0.000000
     H   13        0.000000        0.000000        0.000000

     C   14        0.150810       -0.210283       -0.161616
     C   14       -0.210283       -0.070970       -0.019046
     C   14       -0.161616       -0.019046       -0.079840

     H   15       -0.000000        0.000000        0.000000
     H   15        0.000000        0.000000        0.000000
     H   15        0.000000        0.000000        0.000000

     C   16       -0.151885       -0.109105       -0.106866
     C   16       -0.109105        0.191074        0.134927
     C   16       -0.106866        0.134927       -0.039189

     C   17       -0.047739       -0.003528       -0.015850
     C   17       -0.003528        0.237581       -0.023379
     C   17       -0.015850       -0.023379       -0.189842

     Cl  18       -0.800319        0.306275        0.511129
     Cl  18        0.306275        1.662004        1.827379
     Cl  18        0.511129        1.827379       -0.861685

     H   19       -0.000000        0.000000        0.000000
     H   19        0.000000        0.000000        0.000000
     H   19        0.000000        0.000000        0.000000

     C   20       -0.006956       -0.084544       -0.063628
     C   20       -0.084544        0.047035        0.037958
     C   20       -0.063628        0.037958       -0.040078

     H   21       -0.000000        0.000000        0.000000
     H   21        0.000000        0.000000        0.000000
     H   21        0.000000        0.000000        0.000000

     C   22       -0.017556       -0.083531       -0.075845
     C   22       -0.083531       -0.006346        0.104675
     C   22       -0.075845        0.104675        0.023902

     C   23       -0.053864        0.027374       -0.119379
     C   23        0.027374        0.026103        0.201842
     C   23       -0.119379        0.201842        0.027761

     Cl  24        0.462724        2.289712       -0.177015
     Cl  24        2.289712       -0.138071        1.172455
     Cl  24       -0.177015        1.172455       -0.324653

     ----- total EFG -----
     Cl   1        2.368312       -0.395961       -1.710970
     Cl   1       -0.395961       -0.405084       -0.999376
     Cl   1       -1.710970       -0.999376       -1.963228

     C    2        0.158858       -0.036656        0.118123
     C    2       -0.036656       -0.348634       -0.025679
     C    2        0.118123       -0.025679        0.189776

     C    3       -0.088565       -0.208312       -0.099532
     C    3       -0.208312       -0.064183       -0.462747
     C    3       -0.099532       -0.462747        0.152748

     H    4        0.455196        0.232769        0.286138
     H    4        0.232769       -0.096658        0.460700
     H    4        0.286138        0.460700       -0.358538

     C    5       -0.387128        0.116363       -0.015001
     C    5        0.116363        0.356157        0.106438
     C    5       -0.015001        0.106438        0.030972

     H    6       -0.149702       -0.200194        0.239709
     H    6       -0.200194        0.551725        0.559368
     H    6        0.239709        0.559368       -0.402023

     H    7       -0.060796        0.126180        0.084235
     H    7        0.126180        0.002899       -0.586097
     H    7        0.084235       -0.586097        0.057896

     C    8       -0.049673       -0.025017       -0.016090
     C    8       -0.025017        0.351111        0.429935
     C    8       -0.016090        0.429935       -0.301438

     H    9        0.299852        0.119707        0.268716
     H    9        0.119707       -0.454036        0.116013
     H    9        0.268716        0.116013        0.154185

     C   10       -0.696453       -0.277284       -0.135755
     C   10       -0.277284        0.742149       -0.057721
     C   10       -0.135755       -0.057721       -0.045696

     C   11        0.200547       -0.178462        0.180141
     C   11       -0.178462        0.074494        0.396211
     C   11        0.180141        0.396211       -0.275042

     Cl  12        0.762369        0.769640        1.286941
     Cl  12        0.769640        0.190683       -1.612423
     Cl  12        1.286941       -1.612423       -0.953052

     H   13       -0.430327        0.080110        0.290369
     H   13        0.080110        0.388685        0.330051
     H   13        0.290369        0.330051        0.041642

     C   14        0.436101       -0.742677       -0.451729
     C   14       -0.742677       -0.309377       -0.163531
     C   14       -0.451729       -0.163531       -0.126724

     H   15        0.513093        0.107923        0.393578
     H   15        0.107923       -0.393780       -0.283138
     H   15        0.393578       -0.283138       -0.119313

     C   16       -0.600142       -0.037885       -0.281564
     C   16       -0.037885        0.400797        0.495105
     C   16       -0.281564        0.495105        0.199345

     C   17        0.195129       -0.210027        0.070623
     C   17       -0.210027        0.180717       -0.229475
     C   17        0.070623       -0.229475       -0.375845

     Cl  18       -0.817870        0.358806        0.564570
     Cl  18        0.358806        1.646017        1.789986
     Cl  18        0.564570        1.789986       -0.828147

     H   19       -0.248290        0.101220        0.369875
     H   19        0.101220        0.594922       -0.539969
     H   19        0.369875       -0.539969       -0.346632

     C   20       -0.096525        0.010986       -0.011866
     C   20        0.010986        0.232412       -0.187721
     C   20       -0.011866       -0.187721       -0.135887

     H   21        0.440389       -0.160343        0.538089
     H   21       -0.160343       -0.036090       -0.426524
     H   21        0.538089       -0.426524       -0.404298

     C   22        0.140937       -0.087340        0.034285
     C   22       -0.087340       -0.130174        0.000154
     C   22        0.034285        0.000154       -0.010763

     C   23       -0.160058        0.036250       -0.337546
     C   23        0.036250       -0.026655        0.269801
     C   23       -0.337546        0.269801        0.186712

     Cl  24        0.542029        2.555262       -0.195668
     Cl  24        2.555262       -0.200868        1.298577
     Cl  24       -0.195668        1.298577       -0.341161

     ----- total EFG (symmetrized) -----
     Cl   1        2.368312       -0.395961       -1.710970
     Cl   1       -0.395961       -0.405084       -0.999376
     Cl   1       -1.710970       -0.999376       -1.963228

     C    2        0.158858       -0.036656        0.118123
     C    2       -0.036656       -0.348634       -0.025679
     C    2        0.118123       -0.025679        0.189776

     C    3       -0.088565       -0.208312       -0.099532
     C    3       -0.208312       -0.064183       -0.462747
     C    3       -0.099532       -0.462747        0.152748

     H    4        0.455196        0.232769        0.286138
     H    4        0.232769       -0.096658        0.460700
     H    4        0.286138        0.460700       -0.358538

     C    5       -0.387128        0.116363       -0.015001
     C    5        0.116363        0.356157        0.106438
     C    5       -0.015001        0.106438        0.030972

     H    6       -0.149702       -0.200194        0.239709
     H    6       -0.200194        0.551725        0.559368
     H    6        0.239709        0.559368       -0.402023

     H    7       -0.060796        0.126180        0.084235
     H    7        0.126180        0.002899       -0.586097
     H    7        0.084235       -0.586097        0.057896

     C    8       -0.049673       -0.025017       -0.016090
     C    8       -0.025017        0.351111        0.429935
     C    8       -0.016090        0.429935       -0.301438

     H    9        0.299852        0.119707        0.268716
     H    9        0.119707       -0.454036        0.116013
     H    9        0.268716        0.116013        0.154185

     C   10       -0.696453       -0.277284       -0.135755
     C   10       -0.277284        0.742149       -0.057721
     C   10       -0.135755       -0.057721       -0.045696

     C   11        0.200547       -0.178462        0.180141
     C   11       -0.178462        0.074494        0.396211
     C   11        0.180141        0.396211       -0.275042

     Cl  12        0.762369        0.769640        1.286941
     Cl  12        0.769640        0.190683       -1.612423
     Cl  12        1.286941       -1.612423       -0.953052

     H   13       -0.430327        0.080110        0.290369
     H   13        0.080110        0.388685        0.330051
     H   13        0.290369        0.330051        0.041642

     C   14        0.436101       -0.742677       -0.451729
     C   14       -0.742677       -0.309377       -0.163531
     C   14       -0.451729       -0.163531       -0.126724

     H   15        0.513093        0.107923        0.393578
     H   15        0.107923       -0.393780       -0.283138
     H   15        0.393578       -0.283138       -0.119313

     C   16       -0.600142       -0.037885       -0.281564
     C   16       -0.037885        0.400797        0.495105
     C   16       -0.281564        0.495105        0.199345

     C   17        0.195129       -0.210027        0.070623
     C   17       -0.210027        0.180717       -0.229475
     C   17        0.070623       -0.229475       -0.375845

     Cl  18       -0.817870        0.358806        0.564570
     Cl  18        0.358806        1.646017        1.789986
     Cl  18        0.564570        1.789986       -0.828147

     H   19       -0.248290        0.101220        0.369875
     H   19        0.101220        0.594922       -0.539969
     H   19        0.369875       -0.539969       -0.346632

     C   20       -0.096525        0.010986       -0.011866
     C   20        0.010986        0.232412       -0.187721
     C   20       -0.011866       -0.187721       -0.135887

     H   21        0.440389       -0.160343        0.538089
     H   21       -0.160343       -0.036090       -0.426524
     H   21        0.538089       -0.426524       -0.404298

     C   22        0.140937       -0.087340        0.034285
     C   22       -0.087340       -0.130174        0.000154
     C   22        0.034285        0.000154       -0.010763

     C   23       -0.160058        0.036250       -0.337546
     C   23        0.036250       -0.026655        0.269801
     C   23       -0.337546        0.269801        0.186712

     Cl  24        0.542029        2.555262       -0.195668
     Cl  24        2.555262       -0.200868        1.298577
     Cl  24       -0.195668        1.298577       -0.341161


     NQR/NMR SPECTROSCOPIC PARAMETERS:
     Cl   1    Vxx=    0.0385    axis=(  0.111650 -0.923949  0.365858)
     Cl   1    Vyy=    2.9633    axis=(  0.945465 -0.014598 -0.325397)
     Cl   1    Vzz=   -3.0018    axis=(  0.305991  0.382236  0.871932)
     Cl   1  Q=        -8.1650 1e-30 m^2  Cq=        57.5875 MHz  eta= 0.97436

     C    2    Vxx=    0.0555    axis=( -0.748226  0.025745  0.662944)
     C    2    Vyy=    0.2964    axis=(  0.660362 -0.067304  0.747925)
     C    2    Vzz=   -0.3518    axis=( -0.063874 -0.997400 -0.033358)
     C    2  Q=         1.0000 1e-30 m^2  Cq=        -0.8267 MHz  eta= 0.68474

     C    3    Vxx=    0.0188    axis=(  0.890541 -0.292424 -0.348460)
     C    3    Vyy=    0.5243    axis=( -0.091419  0.635337 -0.766805)
     C    3    Vzz=   -0.5431    axis=(  0.445622  0.714727  0.539061)
     C    3  Q=         1.0000 1e-30 m^2  Cq=        -1.2760 MHz  eta= 0.93083

     H    4    Vxx=   -0.0151    axis=(  0.595148 -0.684040 -0.421767)
     H    4    Vyy=   -0.7140    axis=(  0.084588  0.575245 -0.813596)
     H    4    Vzz=    0.7291    axis=(  0.799152  0.448534  0.400218)
     H    4  Q=         1.0000 1e-30 m^2  Cq=         1.7132 MHz  eta= 0.95853

     C    5    Vxx=    0.0046    axis=( -0.112167 -0.253758  0.960742)
     C    5    Vyy=    0.4026    axis=(  0.135475  0.953911  0.267770)
     C    5    Vzz=   -0.4072    axis=( -0.984411  0.160192 -0.072619)
     C    5  Q=         1.0000 1e-30 m^2  Cq=        -0.9567 MHz  eta= 0.97736

     H    6    Vxx=   -0.0165    axis=(  0.902001 -0.096476  0.420816)
     H    6    Vyy=   -0.8007    axis=(  0.422368  0.399110 -0.813828)
     H    6    Vzz=    0.8172    axis=( -0.089437  0.911814  0.400746)
     H    6  Q=         1.0000 1e-30 m^2  Cq=         1.9201 MHz  eta= 0.95972

     H    7    Vxx=   -0.0202    axis=(  0.962526  0.166830  0.213800)
     H    7    Vyy=   -0.5980    axis=( -0.268279  0.700940  0.660840)
     H    7    Vzz=    0.6182    axis=( -0.039613 -0.693434  0.719430)
     H    7  Q=         1.0000 1e-30 m^2  Cq=         1.4525 MHz  eta= 0.93460

     C    8    Vxx=   -0.0511    axis=(  0.998824  0.046108  0.014987)
     C    8    Vyy=   -0.5149    axis=( -0.007078  0.444493 -0.895754)
     C    8    Vzz=    0.5660    axis=( -0.047963  0.894595  0.444297)
     C    8  Q=         1.0000 1e-30 m^2  Cq=         1.3298 MHz  eta= 0.81954

     H    9    Vxx=   -0.0506    axis=( -0.617137  0.042815  0.785690)
     H    9    Vyy=   -0.4827    axis=(  0.104187 -0.985280  0.135528)
     H    9    Vzz=    0.5332    axis=(  0.779928  0.165498  0.603592)
     H    9  Q=         1.0000 1e-30 m^2  Cq=         1.2528 MHz  eta= 0.81035

     C   10    Vxx=   -0.0185    axis=( -0.197317  0.002463  0.980337)
     C   10    Vyy=   -0.7765    axis=(  0.963812  0.183339  0.193531)
     C   10    Vzz=    0.7950    axis=( -0.179257  0.983047 -0.038549)
     C   10  Q=         1.0000 1e-30 m^2  Cq=         1.8679 MHz  eta= 0.95342

     C   11    Vxx=    0.2484    axis=(  0.825174  0.276008  0.492856)
     C   11    Vyy=    0.3613    axis=( -0.482370  0.798329  0.360540)
     C   11    Vzz=   -0.6097    axis=( -0.293950 -0.535247  0.791899)
     C   11  Q=         1.0000 1e-30 m^2  Cq=        -1.4326 MHz  eta= 0.18503

     Cl  12    Vxx=    1.2555    axis=( -0.530370 -0.801533  0.276140)
     Cl  12    Vyy=    1.4769    axis=(  0.750838 -0.292871  0.592003)
     Cl  12    Vzz=   -2.7323    axis=( -0.393637  0.521317  0.757152)
     Cl  12  Q=        -8.1650 1e-30 m^2  Cq=        52.4181 MHz  eta= 0.08103

     H   13    Vxx=   -0.0609    axis=(  0.419199 -0.584621  0.694615)
     H   13    Vyy=   -0.5744    axis=( -0.883035 -0.084735  0.461594)
     H   13    Vzz=    0.6353    axis=(  0.210999  0.806870  0.551761)
     H   13  Q=         1.0000 1e-30 m^2  Cq=         1.4928 MHz  eta= 0.80827

     C   14    Vxx=   -0.0308    axis=(  0.005501 -0.517131  0.855889)
     C   14    Vyy=   -0.9503    axis=(  0.531201  0.726666  0.435640)
     C   14    Vzz=    0.9811    axis=( -0.847228  0.452252  0.278698)
     C   14  Q=         1.0000 1e-30 m^2  Cq=         2.3053 MHz  eta= 0.93717

     H   15    Vxx=   -0.0462    axis=( -0.346343 -0.654818  0.671759)
     H   15    Vyy=   -0.6561    axis=( -0.270614  0.755376  0.596805)
     H   15    Vzz=    0.7024    axis=(  0.898229 -0.024912  0.438822)
     H   15  Q=         1.0000 1e-30 m^2  Cq=         1.6503 MHz  eta= 0.86835

     C   16    Vxx=   -0.1319    axis=( -0.352063 -0.650499  0.672980)
     C   16    Vyy=   -0.7041    axis=( -0.924433  0.129090 -0.358831)
     C   16    Vzz=    0.8361    axis=(  0.146544 -0.748456 -0.646791)
     C   16  Q=         1.0000 1e-30 m^2  Cq=         1.9644 MHz  eta= 0.68442

     C   17    Vxx=    0.0050    axis=(  0.758794  0.610456 -0.227101)
     C   17    Vyy=    0.4533    axis=( -0.651285  0.715260 -0.253439)
     C   17    Vzz=   -0.4583    axis=(  0.007723  0.340216  0.940316)
     C   17  Q=         1.0000 1e-30 m^2  Cq=        -1.0768 MHz  eta= 0.97808

     Cl  18    Vxx=   -0.8020    axis=(  0.933048 -0.291207  0.211235)
     Cl  18    Vyy=   -1.8796    axis=(  0.319871  0.402838 -0.857557)
     Cl  18    Vzz=    2.6816    axis=(  0.164633  0.867710  0.469016)
     Cl  18  Q=        -8.1650 1e-30 m^2  Cq=       -51.4455 MHz  eta= 0.40182

     H   19    Vxx=   -0.0075    axis=(  0.837874  0.279481  0.468890)
     H   19    Vyy=   -0.8367    axis=( -0.542409  0.329777  0.772683)
     H   19    Vzz=    0.8443    axis=(  0.061321 -0.901741  0.427905)
     H   19  Q=         1.0000 1e-30 m^2  Cq=         1.9837 MHz  eta= 0.98214

     C   20    Vxx=   -0.0967    axis=(  0.997751 -0.055093 -0.038191)
     C   20    Vyy=   -0.2151    axis=(  0.056521  0.385038  0.921168)
     C   20    Vzz=    0.3118    axis=( -0.036045 -0.921255  0.387286)
     C   20  Q=         1.0000 1e-30 m^2  Cq=         0.7325 MHz  eta= 0.37979

     H   21    Vxx=   -0.0307    axis=(  0.516779  0.831277 -0.204741)
     H   21    Vyy=   -0.8067    axis=(  0.316981 -0.407941 -0.856217)
     H   21    Vzz=    0.8374    axis=( -0.795275  0.377575 -0.474314)
     H   21  Q=         1.0000 1e-30 m^2  Cq=         1.9676 MHz  eta= 0.92664

     C   22    Vxx=   -0.0160    axis=( -0.149953  0.116011  0.981863)
     C   22    Vyy=   -0.1566    axis=(  0.288326  0.955057 -0.068810)
     C   22    Vzz=    0.1725    axis=( -0.945718  0.272778 -0.176663)
     C   22  Q=         1.0000 1e-30 m^2  Cq=         0.4054 MHz  eta= 0.81475

     C   23    Vxx=   -0.0398    axis=(  0.571331  0.812436 -0.116316)
     C   23    Vyy=   -0.4464    axis=( -0.713338  0.421480 -0.559913)
     C   23    Vzz=    0.4862    axis=( -0.405869  0.402868  0.820346)
     C   23  Q=         1.0000 1e-30 m^2  Cq=         1.1424 MHz  eta= 0.83633

     Cl  24    Vxx=   -0.0071    axis=( -0.437312  0.161713  0.884651)
     Cl  24    Vyy=   -2.9084    axis=(  0.558181 -0.722477  0.407995)
     Cl  24    Vzz=    2.9154    axis=(  0.705119  0.672217  0.225683)
     Cl  24  Q=        -8.1650 1e-30 m^2  Cq=       -55.9311 MHz  eta= 0.99516

     Initialization:
     gipaw_setup  :      9.46s CPU     11.25s WALL (       1 calls)

     Linear response

     Apply operators

     Induced current

     Other routines
     efg          :     10.75s CPU     13.28s WALL (       1 calls)

     General routines
     calbec       :      3.38s CPU      4.54s WALL (      16 calls)
     fft          :      1.32s CPU      1.53s WALL (      15 calls)
     ffts         :      0.03s CPU      0.04s WALL (       2 calls)
     fftw         :      4.38s CPU      5.28s WALL (     672 calls)
     davcio       :      0.04s CPU      0.27s WALL (      32 calls)

     Parallel routines
     fft_scatter  :      2.08s CPU      3.06s WALL (     689 calls)

     Plugins

     GIPAW        :     63.52s CPU     76.73s WALL (       1 calls)
