
     Program QE v.6.0 (svn rev. 13079) starts on 17Jan2017 at 11:20:17 

     This program is part of the open-source Quantum ESPRESSO suite
     for quantum simulation of materials; please cite
         "P. Giannozzi et al., J. Phys.:Condens. Matter 21 395502 (2009);
          URL http://www.quantum-espresso.org", 
     in publications or presentations arising from this work. More details at
     http://www.quantum-espresso.org/quote

     Parallel version (MPI), running on     8 processors
     R & G space division:  proc/nbgrp/npool/nimage =       8

     ***** This is GIPAW svn revision unknown      *****

     Parallelizing q-star over 1 images

     Reading data from directory:
     /users/majewski/paradichlorobenzene/pbe/9_constraint/scratch/pbe.ecut100.np8.dt60.pcl2phi-129368.save
     Message from routine read_xml_file:
     file /users/majewski/paradichlorobenzene/pbe/9_constraint/scratch/pbe.ecut100.np8.dt60.pcl2phi-129368.save not guaranteed to be safe for post-processing

   Info: using nr1, nr2, nr3 values from input

   Info: using nr1, nr2, nr3 values from input

     IMPORTANT: XC functional enforced from input :
     Exchange-correlation      =  SLA  PW   PBX  PBC ( 1  4  3  4 0 0)
     Any further DFT definition will be discarded
     Please, verify this is what you really want

               file C.pbe-n-kjpaw_psl.1.0.0.UPF: wavefunction(s)  2S 2P renormalized
               file Cl.pbe-n-kjpaw_psl.1.0.0.UPF: wavefunction(s)  3S 3P renormalized
               file H.pbe-kjpaw_psl.1.0.0.UPF: wavefunction(s)  1S renormalized

     Parallelization info
     --------------------
     sticks:   dense  smooth     PW     G-vecs:    dense   smooth      PW
     Min        3057    1223    332               144436    36536    5170
     Max        3059    1225    333               144437    36537    5171
     Sum       24467    9791   2657              1155489   292295   41363


     Subspace diagonalization in iterative solution of the eigenvalue problem:
     a serial algorithm will be used

     GIPAW projectors -----------------------------------------------
     atom=  C    l=0  rc=    1.2000  rs=    0.8000
     atom=  C    l=0  rc=    1.2000  rs=    0.8000
     atom=  C    l=1  rc=    1.4000  rs=    0.9333
     atom=  C    l=1  rc=    1.4000  rs=    0.9333
     projs nearly linearly dependent: l=1  n1,n2= 1, 2  s=  0.99951561

     atom=  Cl   l=0  rc=    1.6000  rs=    1.0667
     atom=  Cl   l=0  rc=    1.6000  rs=    1.0667
     atom=  Cl   l=1  rc=    1.6000  rs=    1.0667
     atom=  Cl   l=1  rc=    1.6000  rs=    1.0667
     atom=  Cl   l=2  rc=    1.6000  rs=    1.0667
     atom=  Cl   l=2  rc=    1.6000  rs=    1.0667
     projs nearly linearly dependent: l=2  n1,n2= 1, 2  s=  0.99993509

     atom=  H    l=0  rc=    1.0000  rs=    0.6667
     atom=  H    l=0  rc=    1.0000  rs=    0.6667
     projs nearly linearly dependent: l=0  n1,n2= 1, 2  s=  0.99968852
     -----------------------------------------------------------------

     GIPAW integrals: -------------------------------------------
     Atom  i/j   nmr_para   nmr_dia   epr_rmc  epr_para   epr_dia
       C   1 1   0.83E+03  0.17E-01  0.93E+01  0.24E+08  0.24E+03
       C   2 1   0.86E+03 -0.61E-01  0.94E+01  0.25E+08  0.25E+03
       C   2 2   0.90E+03 -0.15E+00  0.97E+01  0.26E+08  0.26E+03
       C   3 3   0.33E+01  0.34E+00  0.18E+01  0.55E+03  0.21E+02
       C   4 3   0.35E+01  0.37E+00  0.20E+01  0.59E+03  0.22E+02
       C   4 4   0.38E+01  0.39E+00  0.22E+01  0.63E+03  0.24E+02
       Cl  1 1   0.14E+04 -0.47E+00  0.84E+01  0.32E+09  0.42E+03
       Cl  2 1   0.21E+04 -0.37E+00  0.12E+02  0.49E+09  0.65E+03
       Cl  2 2   0.33E+04 -0.16E+00  0.21E+02  0.76E+09  0.10E+04
       Cl  3 3   0.21E+02  0.79E-01  0.89E+01  0.23E+05  0.13E+03
       Cl  4 3   0.24E+02  0.67E-01  0.99E+01  0.27E+05  0.15E+03
       Cl  4 4   0.28E+02  0.44E-01  0.11E+02  0.32E+05  0.18E+03
       Cl  5 5   0.77E+00  0.19E+00  0.18E+01  0.12E+03  0.22E+02
       Cl  6 5   0.80E+00  0.19E+00  0.19E+01  0.12E+03  0.23E+02
       Cl  6 6   0.83E+00  0.20E+00  0.19E+01  0.12E+03  0.23E+02
       H   1 1   0.39E+02  0.19E+00  0.29E+00  0.78E+05  0.13E+02
       H   2 1   0.41E+02  0.21E+00  0.32E+00  0.82E+05  0.14E+02
       H   2 2   0.43E+02  0.22E+00  0.36E+00  0.86E+05  0.15E+02
     ------------------------------------------------------------

     alpha_pv=     33.7866 eV

     Number of occupied bands for each k-point:
     k-point:     1    nbnd_occ=  42
     k-point:     2    nbnd_occ=  42
     k-point:     3    nbnd_occ=  42
     k-point:     4    nbnd_occ=  42
     k-point:     5    nbnd_occ=  42
     k-point:     6    nbnd_occ=  42
     k-point:     7    nbnd_occ=  42
     k-point:     8    nbnd_occ=  42
     k-point:     9    nbnd_occ=  42
     k-point:    10    nbnd_occ=  42
     k-point:    11    nbnd_occ=  42
     k-point:    12    nbnd_occ=  42
     k-point:    13    nbnd_occ=  42
     k-point:    14    nbnd_occ=  42
     k-point:    15    nbnd_occ=  42
     k-point:    16    nbnd_occ=  42


     q-space interpolation up to   110.00 Rydberg

     GIPAW job: efg                                                                             


     ELECTRIC FIELD GRADIENTS TENSORS IN Hartree/bohrradius^2:

     ----- bare term -----
     Cl   1       -0.044724        0.255955       -0.046796
     Cl   1        0.255955       -0.163414       -0.239781
     Cl   1       -0.046796       -0.239781        0.208138

     C    2        0.133156       -0.068489       -0.294681
     C    2       -0.068489       -0.087434       -0.619438
     C    2       -0.294681       -0.619438       -0.045723

     C    3       -0.597955        0.372306       -0.123143
     C    3        0.372306        0.083021       -0.128812
     C    3       -0.123143       -0.128812        0.514933

     H    4        0.003904       -0.100468       -0.312387
     H    4       -0.100468       -0.246163       -0.460878
     H    4       -0.312387       -0.460878        0.242259

     C    5       -0.064269       -0.299549       -0.448468
     C    5       -0.299549       -0.039090       -0.494615
     C    5       -0.448468       -0.494615        0.103359

     H    6        0.203785        0.319222        0.093333
     H    6        0.319222       -0.476749       -0.411340
     H    6        0.093333       -0.411340        0.272964

     H    7        0.234660        0.087220        0.349216
     H    7        0.087220        0.024090        0.316893
     H    7        0.349216        0.316893       -0.258750

     C    8       -0.605258       -0.365993       -0.465395
     C    8       -0.365993        0.403656        0.099251
     C    8       -0.465395        0.099251        0.201601

     H    9       -0.300003        0.087017       -0.553684
     H    9        0.087017        0.154160        0.075775
     H    9       -0.553684        0.075775        0.145843

     C   10        0.085307       -0.390473       -0.087468
     C   10       -0.390473       -0.165649        0.536263
     C   10       -0.087468        0.536263        0.080343

     C   11       -0.326317       -0.314846       -0.449213
     C   11       -0.314846        0.155361        0.252380
     C   11       -0.449213        0.252380        0.170956

     Cl  12        0.041662       -0.024045       -0.076831
     Cl  12       -0.024045       -0.058402       -0.027808
     Cl  12       -0.076831       -0.027808        0.016740

     H   13        0.493696       -0.062722        0.129253
     H   13       -0.062722       -0.189039       -0.322385
     H   13        0.129253       -0.322385       -0.304656

     C   14       -0.705752        0.351309       -0.266037
     C   14        0.351309        0.416985       -0.191575
     C   14       -0.266037       -0.191575        0.288768

     H   15       -0.348152        0.028061       -0.557850
     H   15        0.028061        0.248247       -0.026994
     H   15       -0.557850       -0.026994        0.099906

     C   16       -0.061700       -0.004198       -0.236720
     C   16       -0.004198       -0.035435       -0.699215
     C   16       -0.236720       -0.699215        0.097134

     C   17       -0.495303        0.384884       -0.164378
     C   17        0.384884        0.089581       -0.298676
     C   17       -0.164378       -0.298676        0.405721

     Cl  18        0.134042       -0.154973       -0.062789
     Cl  18       -0.154973       -0.018913        0.012003
     Cl  18       -0.062789        0.012003       -0.115128

     H   19        0.462561        0.122543       -0.016644
     H   19        0.122543       -0.820117        0.210693
     H   19       -0.016644        0.210693        0.357556

     C   20       -0.085903       -0.090772       -0.184903
     C   20       -0.090772        0.011505        0.450268
     C   20       -0.184903        0.450268        0.074398

     H   21        0.007919        0.317617       -0.381541
     H   21        0.317617       -0.158188        0.449085
     H   21       -0.381541        0.449085        0.150269

     C   22       -0.793395       -0.383610       -0.360050
     C   22       -0.383610        0.340715       -0.000566
     C   22       -0.360050       -0.000566        0.452680

     C   23        0.077618       -0.218423       -0.075060
     C   23       -0.218423       -0.134422        0.518558
     C   23       -0.075060        0.518558        0.056804

     Cl  24       -0.200876       -0.272148        0.017268
     Cl  24       -0.272148        0.171814       -0.077665
     Cl  24        0.017268       -0.077665        0.029062

     ----- ionic term -----
     Cl   1        0.148334       -0.169248        0.068482
     Cl   1       -0.169248       -0.016250       -0.034549
     Cl   1        0.068482       -0.034549       -0.132083

     C    2        0.157665       -0.161389        0.341605
     C    2       -0.161389        0.065207        0.387039
     C    2        0.341605        0.387039       -0.222872

     C    3        0.188033       -0.315091        0.197495
     C    3       -0.315091        0.117980        0.386038
     C    3        0.197495        0.386038       -0.306013

     H    4        0.458665        0.258044        0.765633
     H    4        0.258044       -0.434065        0.275407
     H    4        0.765633        0.275407       -0.024599

     C    5        0.331388       -0.204245        0.257645
     C    5       -0.204245       -0.014045        0.327557
     C    5        0.257645        0.327557       -0.317344

     H    6       -0.505219       -0.042190       -0.020122
     H    6       -0.042190        0.521976        0.768476
     H    6       -0.020122        0.768476       -0.016756

     H    7       -0.507116        0.062677       -0.032129
     H    7        0.062677        0.387650       -0.788562
     H    7       -0.032129       -0.788562        0.119466

     C    8        0.256025        0.205663        0.342629
     C    8        0.205663       -0.045613       -0.311784
     C    8        0.342629       -0.311784       -0.210412

     H    9        0.699509       -0.418249        0.541034
     H    9       -0.418249       -0.333392       -0.242678
     H    9        0.541034       -0.242678       -0.366118

     C   10        0.188372        0.208166        0.208621
     C   10        0.208166        0.162731       -0.342466
     C   10        0.208621       -0.342466       -0.351104

     C   11        0.142851        0.138823        0.345905
     C   11        0.138823        0.109085       -0.392037
     C   11        0.345905       -0.392037       -0.251936

     Cl  12        0.144076        0.208704        0.040248
     Cl  12        0.208704       -0.012111        0.013279
     Cl  12        0.040248        0.013279       -0.131966

     H   13       -0.536080       -0.014508        0.002756
     H   13       -0.014508        0.610546        0.745719
     H   13        0.002756        0.745719       -0.074466

     C   14        0.258586       -0.156487        0.269976
     C   14       -0.156487       -0.020078        0.346196
     C   14        0.269976        0.346196       -0.238508

     H   15        0.571372        0.398593        0.610649
     H   15        0.398593       -0.361002        0.293718
     H   15        0.610649        0.293718       -0.210371

     C   16        0.212738       -0.230449        0.138191
     C   16       -0.230449        0.084756        0.390331
     C   16        0.138191        0.390331       -0.297494

     C   17        0.267392       -0.194566        0.208803
     C   17       -0.194566        0.022458        0.424013
     C   17        0.208803        0.424013       -0.289849

     Cl  18        0.192903       -0.238811       -0.010621
     Cl  18       -0.238811       -0.048116        0.008493
     Cl  18       -0.010621        0.008493       -0.144786

     H   19       -0.531753       -0.015631        0.030544
     H   19       -0.015631        0.681586       -0.696795
     H   19        0.030544       -0.696795       -0.149833

     C   20        0.197697        0.184410        0.378890
     C   20        0.184410        0.084511       -0.260644
     C   20        0.378890       -0.260644       -0.282207

     H   21        0.518862       -0.394445        0.657200
     H   21       -0.394445       -0.384650       -0.298221
     H   21        0.657200       -0.298221       -0.134212

     C   22        0.082548        0.242663        0.249861
     C   22        0.242663        0.165078       -0.348118
     C   22        0.249861       -0.348118       -0.247626

     C   23        0.147171        0.208489        0.304080
     C   23        0.208489        0.073028       -0.432598
     C   23        0.304080       -0.432598       -0.220200

     Cl  24        0.125795        0.209097        0.008928
     Cl  24        0.209097        0.030094        0.003401
     Cl  24        0.008928        0.003401       -0.155889

     ----- GIPAW term -----
     Cl   1       -0.787764        0.181778        0.306141
     Cl   1        0.181778        0.868764        1.421728
     Cl   1        0.306141        1.421728       -0.081001

     C    2       -0.045106       -0.044648       -0.032034
     C    2       -0.044648        0.200834       -0.011094
     C    2       -0.032034       -0.011094       -0.155728

     C    3       -0.070495       -0.107815       -0.000950
     C    3       -0.107815        0.122372        0.010452
     C    3       -0.000950        0.010452       -0.051877

     H    4       -0.000000        0.000000        0.000000
     H    4        0.000000        0.000000        0.000000
     H    4        0.000000        0.000000        0.000000

     C    5       -0.014893       -0.164434       -0.048317
     C    5       -0.164434        0.124317       -0.069138
     C    5       -0.048317       -0.069138       -0.109424

     H    6       -0.000000        0.000000        0.000000
     H    6        0.000000        0.000000        0.000000
     H    6        0.000000        0.000000        0.000000

     H    7       -0.000000        0.000000        0.000000
     H    7        0.000000        0.000000        0.000000
     H    7        0.000000        0.000000        0.000000

     C    8       -0.054415       -0.194589       -0.050415
     C    8       -0.194589        0.156786       -0.009830
     C    8       -0.050415       -0.009830       -0.102371

     H    9       -0.000000        0.000000        0.000000
     H    9        0.000000        0.000000        0.000000
     H    9        0.000000        0.000000        0.000000

     C   10       -0.030961       -0.152397       -0.056425
     C   10       -0.152397        0.096712        0.151963
     C   10       -0.056425        0.151963       -0.065752

     C   11       -0.047689       -0.102518       -0.105407
     C   11       -0.102518        0.144023        0.117813
     C   11       -0.105407        0.117813       -0.096335

     Cl  12       -0.298853        0.785663       -0.736768
     Cl  12        0.785663        0.986890        2.044625
     Cl  12       -0.736768        2.044625       -0.688037

     H   13       -0.000000        0.000000        0.000000
     H   13        0.000000        0.000000        0.000000
     H   13        0.000000        0.000000        0.000000

     C   14       -0.185148        0.066405       -0.028883
     C   14        0.066405        0.236696       -0.097603
     C   14       -0.028883       -0.097603       -0.051547

     H   15       -0.000000        0.000000        0.000000
     H   15        0.000000        0.000000        0.000000
     H   15        0.000000        0.000000        0.000000

     C   16       -0.123219       -0.085217       -0.020911
     C   16       -0.085217        0.193581       -0.214117
     C   16       -0.020911       -0.214117       -0.070362

     C   17       -0.042409       -0.183203        0.021931
     C   17       -0.183203        0.157395       -0.075958
     C   17        0.021931       -0.075958       -0.114986

     Cl  18        2.585228       -3.231948       -0.598808
     Cl  18       -3.231948       -0.288194        0.135706
     Cl  18       -0.598808        0.135706       -2.297034

     H   19       -0.000000        0.000000        0.000000
     H   19        0.000000        0.000000        0.000000
     H   19        0.000000        0.000000        0.000000

     C   20       -0.091161       -0.059906       -0.015204
     C   20       -0.059906        0.234089        0.116140
     C   20       -0.015204        0.116140       -0.142928

     H   21       -0.000000        0.000000        0.000000
     H   21        0.000000        0.000000        0.000000
     H   21        0.000000        0.000000        0.000000

     C   22       -0.252919       -0.058030       -0.051028
     C   22       -0.058030        0.224592       -0.180295
     C   22       -0.051028       -0.180295        0.028326

     C   23       -0.030522       -0.076676        0.046458
     C   23       -0.076676        0.196399       -0.074620
     C   23        0.046458       -0.074620       -0.165878

     Cl  24       -0.293525        0.054332        0.230995
     Cl  24        0.054332        2.212456       -1.021056
     Cl  24        0.230995       -1.021056       -1.918931

     ----- total EFG -----
     Cl   1       -0.684154        0.268485        0.327827
     Cl   1        0.268485        0.689100        1.147397
     Cl   1        0.327827        1.147397       -0.004947

     C    2        0.245716       -0.274526        0.014889
     C    2       -0.274526        0.178607       -0.243494
     C    2        0.014889       -0.243494       -0.424323

     C    3       -0.480416       -0.050601        0.073402
     C    3       -0.050601        0.323373        0.267679
     C    3        0.073402        0.267679        0.157043

     H    4        0.462569        0.157576        0.453246
     H    4        0.157576       -0.680229       -0.185470
     H    4        0.453246       -0.185470        0.217660

     C    5        0.252226       -0.668228       -0.239141
     C    5       -0.668228        0.071182       -0.236196
     C    5       -0.239141       -0.236196       -0.323408

     H    6       -0.301434        0.277032        0.073211
     H    6        0.277032        0.045227        0.357136
     H    6        0.073211        0.357136        0.256207

     H    7       -0.272455        0.149897        0.317087
     H    7        0.149897        0.411740       -0.471668
     H    7        0.317087       -0.471668       -0.139285

     C    8       -0.403648       -0.354919       -0.173181
     C    8       -0.354919        0.514830       -0.222363
     C    8       -0.173181       -0.222363       -0.111182

     H    9        0.399506       -0.331233       -0.012650
     H    9       -0.331233       -0.179232       -0.166903
     H    9       -0.012650       -0.166903       -0.220274

     C   10        0.242718       -0.334703        0.064729
     C   10       -0.334703        0.093794        0.345759
     C   10        0.064729        0.345759       -0.336513

     C   11       -0.231155       -0.278541       -0.208715
     C   11       -0.278541        0.408470       -0.021844
     C   11       -0.208715       -0.021844       -0.177315

     Cl  12       -0.113115        0.970321       -0.773351
     Cl  12        0.970321        0.916378        2.030096
     Cl  12       -0.773351        2.030096       -0.803263

     H   13       -0.042384       -0.077231        0.132009
     H   13       -0.077231        0.421506        0.423334
     H   13        0.132009        0.423334       -0.379123

     C   14       -0.632315        0.261227       -0.024944
     C   14        0.261227        0.633602        0.057018
     C   14       -0.024944        0.057018       -0.001288

     H   15        0.223220        0.426654        0.052799
     H   15        0.426654       -0.112755        0.266724
     H   15        0.052799        0.266724       -0.110465

     C   16        0.027820       -0.319864       -0.119439
     C   16       -0.319864        0.242903       -0.523001
     C   16       -0.119439       -0.523001       -0.270722

     C   17       -0.270320        0.007115        0.066356
     C   17        0.007115        0.269434        0.049379
     C   17        0.066356        0.049379        0.000887

     Cl  18        2.912172       -3.625732       -0.672218
     Cl  18       -3.625732       -0.355223        0.156202
     Cl  18       -0.672218        0.156202       -2.556949

     H   19       -0.069193        0.106912        0.013900
     H   19        0.106912       -0.138531       -0.486102
     H   19        0.013900       -0.486102        0.207723

     C   20        0.020633        0.033732        0.178783
     C   20        0.033732        0.330105        0.305763
     C   20        0.178783        0.305763       -0.350738

     H   21        0.526782       -0.076827        0.275659
     H   21       -0.076827       -0.542839        0.150863
     H   21        0.275659        0.150863        0.016057

     C   22       -0.963766       -0.198978       -0.161218
     C   22       -0.198978        0.730386       -0.528978
     C   22       -0.161218       -0.528978        0.233380

     C   23        0.194268       -0.086610        0.275478
     C   23       -0.086610        0.135006        0.011341
     C   23        0.275478        0.011341       -0.329273

     Cl  24       -0.368606       -0.008719        0.257191
     Cl  24       -0.008719        2.414364       -1.095320
     Cl  24        0.257191       -1.095320       -2.045759

     ----- total EFG (symmetrized) -----
     Cl   1       -0.684154        0.268485        0.327827
     Cl   1        0.268485        0.689100        1.147397
     Cl   1        0.327827        1.147397       -0.004947

     C    2        0.245716       -0.274526        0.014889
     C    2       -0.274526        0.178607       -0.243494
     C    2        0.014889       -0.243494       -0.424323

     C    3       -0.480416       -0.050601        0.073402
     C    3       -0.050601        0.323373        0.267679
     C    3        0.073402        0.267679        0.157043

     H    4        0.462569        0.157576        0.453246
     H    4        0.157576       -0.680229       -0.185470
     H    4        0.453246       -0.185470        0.217660

     C    5        0.252226       -0.668228       -0.239141
     C    5       -0.668228        0.071182       -0.236196
     C    5       -0.239141       -0.236196       -0.323408

     H    6       -0.301434        0.277032        0.073211
     H    6        0.277032        0.045227        0.357136
     H    6        0.073211        0.357136        0.256207

     H    7       -0.272455        0.149897        0.317087
     H    7        0.149897        0.411740       -0.471668
     H    7        0.317087       -0.471668       -0.139285

     C    8       -0.403648       -0.354919       -0.173181
     C    8       -0.354919        0.514830       -0.222363
     C    8       -0.173181       -0.222363       -0.111182

     H    9        0.399506       -0.331233       -0.012650
     H    9       -0.331233       -0.179232       -0.166903
     H    9       -0.012650       -0.166903       -0.220274

     C   10        0.242718       -0.334703        0.064729
     C   10       -0.334703        0.093794        0.345759
     C   10        0.064729        0.345759       -0.336513

     C   11       -0.231155       -0.278541       -0.208715
     C   11       -0.278541        0.408470       -0.021844
     C   11       -0.208715       -0.021844       -0.177315

     Cl  12       -0.113115        0.970321       -0.773351
     Cl  12        0.970321        0.916378        2.030096
     Cl  12       -0.773351        2.030096       -0.803263

     H   13       -0.042384       -0.077231        0.132009
     H   13       -0.077231        0.421506        0.423334
     H   13        0.132009        0.423334       -0.379123

     C   14       -0.632315        0.261227       -0.024944
     C   14        0.261227        0.633602        0.057018
     C   14       -0.024944        0.057018       -0.001288

     H   15        0.223220        0.426654        0.052799
     H   15        0.426654       -0.112755        0.266724
     H   15        0.052799        0.266724       -0.110465

     C   16        0.027820       -0.319864       -0.119439
     C   16       -0.319864        0.242903       -0.523001
     C   16       -0.119439       -0.523001       -0.270722

     C   17       -0.270320        0.007115        0.066356
     C   17        0.007115        0.269434        0.049379
     C   17        0.066356        0.049379        0.000887

     Cl  18        2.912172       -3.625732       -0.672218
     Cl  18       -3.625732       -0.355223        0.156202
     Cl  18       -0.672218        0.156202       -2.556949

     H   19       -0.069193        0.106912        0.013900
     H   19        0.106912       -0.138531       -0.486102
     H   19        0.013900       -0.486102        0.207723

     C   20        0.020633        0.033732        0.178783
     C   20        0.033732        0.330105        0.305763
     C   20        0.178783        0.305763       -0.350738

     H   21        0.526782       -0.076827        0.275659
     H   21       -0.076827       -0.542839        0.150863
     H   21        0.275659        0.150863        0.016057

     C   22       -0.963766       -0.198978       -0.161218
     C   22       -0.198978        0.730386       -0.528978
     C   22       -0.161218       -0.528978        0.233380

     C   23        0.194268       -0.086610        0.275478
     C   23       -0.086610        0.135006        0.011341
     C   23        0.275478        0.011341       -0.329273

     Cl  24       -0.368606       -0.008719        0.257191
     Cl  24       -0.008719        2.414364       -1.095320
     Cl  24        0.257191       -1.095320       -2.045759


     NQR/NMR SPECTROSCOPIC PARAMETERS:
     Cl   1    Vxx=   -0.6942    axis=(  0.834119 -0.438955  0.334012)
     Cl   1    Vyy=   -0.9203    axis=( -0.522644 -0.435397  0.732989)
     Cl   1    Vzz=    1.6144    axis=(  0.176321  0.785970  0.592590)
     Cl   1  Q=        -8.1650 1e-30 m^2  Cq=       -30.9719 MHz  eta= 0.14004

     C    2    Vxx=   -0.0027    axis=(  0.707709  0.622334 -0.334437)
     C    2    Vyy=   -0.5192    axis=( -0.113693 -0.366880 -0.923294)
     C    2    Vzz=    0.5220    axis=( -0.697296  0.691447 -0.188889)
     C    2  Q=         1.0000 1e-30 m^2  Cq=         1.2264 MHz  eta= 0.98955

     C    3    Vxx=   -0.0227    axis=(  0.191106 -0.582860  0.789780)
     C    3    Vyy=   -0.4978    axis=(  0.981565  0.111167 -0.155472)
     C    3    Vzz=    0.5205    axis=(  0.002821  0.804933  0.593360)
     C    3  Q=         1.0000 1e-30 m^2  Cq=         1.2230 MHz  eta= 0.91261

     H    4    Vxx=   -0.0375    axis=( -0.564554 -0.353622  0.745808)
     H    4    Vyy=   -0.7722    axis=(  0.220801 -0.935348 -0.276352)
     H    4    Vzz=    0.8097    axis=(  0.795315  0.008660  0.606135)
     H    4  Q=         1.0000 1e-30 m^2  Cq=         1.9025 MHz  eta= 0.90739

     C    5    Vxx=   -0.0701    axis=( -0.380850 -0.468922  0.796910)
     C    5    Vyy=   -0.7665    axis=(  0.531501  0.594220  0.603663)
     C    5    Vzz=    0.8366    axis=( -0.756611  0.653464  0.022923)
     C    5  Q=         1.0000 1e-30 m^2  Cq=         1.9657 MHz  eta= 0.83233

     H    6    Vxx=   -0.1064    axis=(  0.533497  0.546256 -0.645743)
     H    6    Vyy=   -0.4764    axis=( -0.806000  0.559789 -0.192353)
     H    6    Vzz=    0.5828    axis=(  0.256407  0.623089  0.738929)
     H    6  Q=         1.0000 1e-30 m^2  Cq=         1.3693 MHz  eta= 0.63487

     H    7    Vxx=    0.0144    axis=( -0.771434 -0.344238 -0.535154)
     H    7    Vyy=    0.6834    axis=( -0.032968  0.861521 -0.506650)
     H    7    Vzz=   -0.6978    axis=( -0.635455  0.373204  0.675956)
     H    7  Q=         1.0000 1e-30 m^2  Cq=        -1.6395 MHz  eta= 0.95872

     C    8    Vxx=   -0.0337    axis=( -0.466713  0.055829  0.882645)
     C    8    Vyy=   -0.6349    axis=(  0.839792  0.340961  0.422488)
     C    8    Vzz=    0.6685    axis=( -0.277360  0.938418 -0.206016)
     C    8  Q=         1.0000 1e-30 m^2  Cq=         1.5708 MHz  eta= 0.89926

     H    9    Vxx=   -0.1118    axis=( -0.305402 -0.502368  0.808923)
     H    9    Vyy=   -0.4425    axis=(  0.305013  0.753139  0.582879)
     H    9    Vzz=    0.5544    axis=( -0.902052  0.424744 -0.076781)
     H    9  Q=         1.0000 1e-30 m^2  Cq=         1.3026 MHz  eta= 0.59651

     C   10    Vxx=    0.0443    axis=(  0.657297  0.498956  0.564804)
     C   10    Vyy=    0.5478    axis=( -0.700845  0.680242  0.214680)
     C   10    Vzz=   -0.5920    axis=( -0.277087 -0.536949  0.796812)
     C   10  Q=         1.0000 1e-30 m^2  Cq=        -1.3910 MHz  eta= 0.85046

     C   11    Vxx=   -0.0418    axis=( -0.503827 -0.271887  0.819900)
     C   11    Vyy=   -0.4752    axis=(  0.781696  0.260392  0.566699)
     C   11    Vzz=    0.5171    axis=( -0.367573  0.926431  0.081341)
     C   11  Q=         1.0000 1e-30 m^2  Cq=         1.2149 MHz  eta= 0.83825

     Cl  12    Vxx=    0.3647    axis=(  0.890421  0.081591 -0.447765)
     Cl  12    Vyy=    2.3296    axis=(  0.176141  0.845366  0.504312)
     Cl  12    Vzz=   -2.6943    axis=(  0.419673 -0.527920  0.738360)
     Cl  12  Q=        -8.1650 1e-30 m^2  Cq=        51.6892 MHz  eta= 0.72929

     H   13    Vxx=   -0.0018    axis=(  0.964702 -0.076117  0.252105)
     H   13    Vyy=   -0.6026    axis=(  0.261650  0.385497 -0.884834)
     H   13    Vzz=    0.6044    axis=( -0.029835  0.919564  0.391806)
     H   13  Q=         1.0000 1e-30 m^2  Cq=         1.4201 MHz  eta= 0.99407

     C   14    Vxx=   -0.0032    axis=( -0.065380 -0.062351  0.995911)
     C   14    Vyy=   -0.6860    axis=(  0.979205 -0.196096  0.052006)
     C   14    Vzz=    0.6892    axis=(  0.192052  0.978600  0.073875)
     C   14  Q=         1.0000 1e-30 m^2  Cq=         1.6193 MHz  eta= 0.99066

     H   15    Vxx=   -0.0670    axis=( -0.497051  0.234672  0.835385)
     H   15    Vyy=   -0.5050    axis=( -0.421011  0.776600 -0.468659)
     H   15    Vzz=    0.5720    axis=(  0.758742  0.584654  0.287211)
     H   15  Q=         1.0000 1e-30 m^2  Cq=         1.3439 MHz  eta= 0.76588

     C   16    Vxx=    0.0555    axis=(  0.864880  0.108221 -0.490175)
     C   16    Vyy=    0.6463    axis=(  0.347886 -0.833178  0.429872)
     C   16    Vzz=   -0.7018    axis=(  0.361882  0.542313  0.758247)
     C   16  Q=         1.0000 1e-30 m^2  Cq=        -1.6489 MHz  eta= 0.84187

     C   17    Vxx=    0.0068    axis=(  0.224251 -0.185965  0.956623)
     C   17    Vyy=    0.2789    axis=(  0.034820  0.982526  0.182839)
     C   17    Vzz=   -0.2857    axis=( -0.973909 -0.007693  0.226808)
     C   17  Q=         1.0000 1e-30 m^2  Cq=        -0.6713 MHz  eta= 0.95210

     Cl  18    Vxx=   -2.4175    axis=( -0.291895 -0.571291  0.767088)
     Cl  18    Vyy=   -2.8914    axis=( -0.460430 -0.619038 -0.636236)
     Cl  18    Vzz=    5.3089    axis=( -0.838333  0.538904  0.082346)
     Cl  18  Q=        -8.1650 1e-30 m^2  Cq=      -101.8490 MHz  eta= 0.08927

     H   19    Vxx=   -0.0522    axis=(  0.972972  0.129905  0.190920)
     H   19    Vyy=   -0.5025    axis=( -0.216085  0.803757  0.554330)
     H   19    Vzz=    0.5547    axis=( -0.081443 -0.580602  0.810104)
     H   19  Q=         1.0000 1e-30 m^2  Cq=         1.3034 MHz  eta= 0.81183

     C   20    Vxx=    0.0448    axis=(  0.933510 -0.307667  0.184120)
     C   20    Vyy=    0.4688    axis=(  0.220210  0.897215  0.382770)
     C   20    Vzz=   -0.5136    axis=( -0.282961 -0.316774  0.905311)
     C   20  Q=         1.0000 1e-30 m^2  Cq=        -1.2068 MHz  eta= 0.82564

     H   21    Vxx=   -0.0468    axis=( -0.374616  0.322402  0.869321)
     H   21    Vyy=   -0.6005    axis=(  0.136022  0.946563 -0.292432)
     H   21    Vzz=    0.6473    axis=( -0.917148  0.008697 -0.398452)
     H   21  Q=         1.0000 1e-30 m^2  Cq=         1.5208 MHz  eta= 0.85545

     C   22    Vxx=   -0.0392    axis=( -0.252389  0.502933  0.826655)
     C   22    Vyy=   -1.0305    axis=( -0.966753 -0.167332 -0.193359)
     C   22    Vzz=    1.0697    axis=(  0.041080 -0.847973  0.528445)
     C   22  Q=         1.0000 1e-30 m^2  Cq=         2.5133 MHz  eta= 0.92666

     C   23    Vxx=    0.1106    axis=( -0.290088 -0.934619 -0.205759)
     C   23    Vyy=    0.3403    axis=(  0.869302 -0.347254  0.351752)
     C   23    Vzz=   -0.4510    axis=( -0.400204 -0.076828  0.913200)
     C   23  Q=         1.0000 1e-30 m^2  Cq=        -1.0596 MHz  eta= 0.50939

     Cl  24    Vxx=   -0.3386    axis=(  0.991828  0.049863  0.117431)
     Cl  24    Vyy=   -2.3317    axis=(  0.125662 -0.222872 -0.966715)
     Cl  24    Vzz=    2.6703    axis=( -0.022032  0.973572 -0.227316)
     Cl  24  Q=        -8.1650 1e-30 m^2  Cq=       -51.2284 MHz  eta= 0.74640

     Initialization:
     gipaw_setup  :      9.25s CPU     11.09s WALL (       1 calls)

     Linear response

     Apply operators

     Induced current

     Other routines
     efg          :      9.24s CPU     11.97s WALL (       1 calls)

     General routines
     calbec       :      3.28s CPU      4.41s WALL (      16 calls)
     fft          :      1.69s CPU      2.71s WALL (      15 calls)
     ffts         :      0.04s CPU      0.05s WALL (       2 calls)
     fftw         :      3.19s CPU      4.11s WALL (     672 calls)
     davcio       :      0.02s CPU      0.31s WALL (      32 calls)

     Parallel routines
     fft_scatter  :      2.24s CPU      3.92s WALL (     689 calls)

     Plugins

     GIPAW        :     62.72s CPU     75.81s WALL (       1 calls)
