
     Program QE v.6.0 (svn rev. 13079) starts on 12Jan2017 at 23: 6:28 

     This program is part of the open-source Quantum ESPRESSO suite
     for quantum simulation of materials; please cite
         "P. Giannozzi et al., J. Phys.:Condens. Matter 21 395502 (2009);
          URL http://www.quantum-espresso.org", 
     in publications or presentations arising from this work. More details at
     http://www.quantum-espresso.org/quote

     Parallel version (MPI), running on     8 processors
     R & G space division:  proc/nbgrp/npool/nimage =       8

     ***** This is GIPAW svn revision unknown      *****

     Parallelizing q-star over 1 images

     Reading data from directory:
     /users/majewski/paradichlorobenzene/pbe/9_constraint/scratch/pbe.ecut100.np8.dt60.pcl2phi-129368.save
     Message from routine read_xml_file:
     file /users/majewski/paradichlorobenzene/pbe/9_constraint/scratch/pbe.ecut100.np8.dt60.pcl2phi-129368.save not guaranteed to be safe for post-processing

   Info: using nr1, nr2, nr3 values from input

   Info: using nr1, nr2, nr3 values from input

     IMPORTANT: XC functional enforced from input :
     Exchange-correlation      =  SLA  PW   PBX  PBC ( 1  4  3  4 0 0)
     Any further DFT definition will be discarded
     Please, verify this is what you really want

               file C.pbe-n-kjpaw_psl.1.0.0.UPF: wavefunction(s)  2S 2P renormalized
               file Cl.pbe-n-kjpaw_psl.1.0.0.UPF: wavefunction(s)  3S 3P renormalized
               file H.pbe-kjpaw_psl.1.0.0.UPF: wavefunction(s)  1S renormalized

     Parallelization info
     --------------------
     sticks:   dense  smooth     PW     G-vecs:    dense   smooth      PW
     Min        3057    1223    332               144436    36536    5170
     Max        3059    1225    333               144437    36537    5171
     Sum       24467    9791   2657              1155489   292295   41363


     Subspace diagonalization in iterative solution of the eigenvalue problem:
     a serial algorithm will be used

     GIPAW projectors -----------------------------------------------
     atom=  C    l=0  rc=    1.2000  rs=    0.8000
     atom=  C    l=0  rc=    1.2000  rs=    0.8000
     atom=  C    l=1  rc=    1.4000  rs=    0.9333
     atom=  C    l=1  rc=    1.4000  rs=    0.9333
     projs nearly linearly dependent: l=1  n1,n2= 1, 2  s=  0.99951561

     atom=  Cl   l=0  rc=    1.6000  rs=    1.0667
     atom=  Cl   l=0  rc=    1.6000  rs=    1.0667
     atom=  Cl   l=1  rc=    1.6000  rs=    1.0667
     atom=  Cl   l=1  rc=    1.6000  rs=    1.0667
     atom=  Cl   l=2  rc=    1.6000  rs=    1.0667
     atom=  Cl   l=2  rc=    1.6000  rs=    1.0667
     projs nearly linearly dependent: l=2  n1,n2= 1, 2  s=  0.99993509

     atom=  H    l=0  rc=    1.0000  rs=    0.6667
     atom=  H    l=0  rc=    1.0000  rs=    0.6667
     projs nearly linearly dependent: l=0  n1,n2= 1, 2  s=  0.99968852
     -----------------------------------------------------------------

     GIPAW integrals: -------------------------------------------
     Atom  i/j   nmr_para   nmr_dia   epr_rmc  epr_para   epr_dia
       C   1 1   0.83E+03  0.17E-01  0.93E+01  0.24E+08  0.24E+03
       C   2 1   0.86E+03 -0.61E-01  0.94E+01  0.25E+08  0.25E+03
       C   2 2   0.90E+03 -0.15E+00  0.97E+01  0.26E+08  0.26E+03
       C   3 3   0.33E+01  0.34E+00  0.18E+01  0.55E+03  0.21E+02
       C   4 3   0.35E+01  0.37E+00  0.20E+01  0.59E+03  0.22E+02
       C   4 4   0.38E+01  0.39E+00  0.22E+01  0.63E+03  0.24E+02
       Cl  1 1   0.14E+04 -0.47E+00  0.84E+01  0.32E+09  0.42E+03
       Cl  2 1   0.21E+04 -0.37E+00  0.12E+02  0.49E+09  0.65E+03
       Cl  2 2   0.33E+04 -0.16E+00  0.21E+02  0.76E+09  0.10E+04
       Cl  3 3   0.21E+02  0.79E-01  0.89E+01  0.23E+05  0.13E+03
       Cl  4 3   0.24E+02  0.67E-01  0.99E+01  0.27E+05  0.15E+03
       Cl  4 4   0.28E+02  0.44E-01  0.11E+02  0.32E+05  0.18E+03
       Cl  5 5   0.77E+00  0.19E+00  0.18E+01  0.12E+03  0.22E+02
       Cl  6 5   0.80E+00  0.19E+00  0.19E+01  0.12E+03  0.23E+02
       Cl  6 6   0.83E+00  0.20E+00  0.19E+01  0.12E+03  0.23E+02
       H   1 1   0.39E+02  0.19E+00  0.29E+00  0.78E+05  0.13E+02
       H   2 1   0.41E+02  0.21E+00  0.32E+00  0.82E+05  0.14E+02
       H   2 2   0.43E+02  0.22E+00  0.36E+00  0.86E+05  0.15E+02
     ------------------------------------------------------------

     alpha_pv=     34.3886 eV

     Number of occupied bands for each k-point:
     k-point:     1    nbnd_occ=  42
     k-point:     2    nbnd_occ=  42
     k-point:     3    nbnd_occ=  42
     k-point:     4    nbnd_occ=  42
     k-point:     5    nbnd_occ=  42
     k-point:     6    nbnd_occ=  42
     k-point:     7    nbnd_occ=  42
     k-point:     8    nbnd_occ=  42
     k-point:     9    nbnd_occ=  42
     k-point:    10    nbnd_occ=  42
     k-point:    11    nbnd_occ=  42
     k-point:    12    nbnd_occ=  42
     k-point:    13    nbnd_occ=  42
     k-point:    14    nbnd_occ=  42
     k-point:    15    nbnd_occ=  42
     k-point:    16    nbnd_occ=  42


     q-space interpolation up to   110.00 Rydberg

     GIPAW job: efg                                                                             


     ELECTRIC FIELD GRADIENTS TENSORS IN Hartree/bohrradius^2:

     ----- bare term -----
     Cl   1        0.110683        0.029483       -0.360247
     Cl   1        0.029483        0.299518       -0.037318
     Cl   1       -0.360247       -0.037318       -0.410201

     C    2       -0.091668        0.343317       -0.094458
     C    2        0.343317       -0.302062       -0.254349
     C    2       -0.094458       -0.254349        0.393730

     C    3       -0.017951        0.440253       -0.234312
     C    3        0.440253       -0.267145       -0.290203
     C    3       -0.234312       -0.290203        0.285096

     H    4       -0.010158       -0.084419       -0.217623
     H    4       -0.084419        0.500452       -0.288840
     H    4       -0.217623       -0.288840       -0.490294

     C    5       -0.500360        0.257998       -0.489301
     C    5        0.257998        0.313210       -0.121063
     C    5       -0.489301       -0.121063        0.187150

     H    6       -0.253869        0.233022       -0.149121
     H    6        0.233022       -0.140134       -0.427503
     H    6       -0.149121       -0.427503        0.394003

     H    7        0.418796        0.282605        0.003781
     H    7        0.282605       -0.787493        0.128288
     H    7        0.003781        0.128288        0.368697

     C    8       -0.022023       -0.115694       -0.095282
     C    8       -0.115694       -0.113051        0.319753
     C    8       -0.095282        0.319753        0.135074

     H    9       -0.256940        0.376838        0.147896
     H    9        0.376838        0.024464       -0.156904
     H    9        0.147896       -0.156904        0.232476

     C   10       -0.280027       -0.112430        0.046331
     C   10       -0.112430       -0.023001       -0.025193
     C   10        0.046331       -0.025193        0.303029

     C   11        0.010373        0.051593       -0.200829
     C   11        0.051593       -0.002678        0.545413
     C   11       -0.200829        0.545413       -0.007695

     Cl  12       -0.130741       -0.218832        0.001104
     Cl  12       -0.218832       -0.005573       -0.005475
     Cl  12        0.001104       -0.005475        0.136314

     H   13        0.131542        0.230252       -0.140075
     H   13        0.230252       -0.454212       -0.014597
     H   13       -0.140075       -0.014597        0.322670

     C   14       -0.027383       -0.217012       -0.380986
     C   14       -0.217012       -0.165184       -0.239949
     C   14       -0.380986       -0.239949        0.192567

     H   15        0.058162       -0.123626       -0.255341
     H   15       -0.123626       -0.210787       -0.385530
     H   15       -0.255341       -0.385530        0.152625

     C   16       -0.577367        0.297453       -0.218627
     C   16        0.297453       -0.071900       -0.142945
     C   16       -0.218627       -0.142945        0.649267

     C   17        0.249240        0.137349       -0.063826
     C   17        0.137349       -0.448074       -0.610440
     C   17       -0.063826       -0.610440        0.198833

     Cl  18        0.278289        0.156505       -0.155218
     Cl  18        0.156505        0.063794       -0.572517
     Cl  18       -0.155218       -0.572517       -0.342083

     H   19        0.210311        0.040671       -0.079511
     H   19        0.040671       -0.473824        0.590961
     H   19       -0.079511        0.590961        0.263513

     C   20       -0.844707       -0.328070       -0.459474
     C   20       -0.328070        0.337953       -0.016856
     C   20       -0.459474       -0.016856        0.506754

     H   21       -0.507708        0.176394        0.244483
     H   21        0.176394        0.350823        0.149039
     H   21        0.244483        0.149039        0.156886

     C   22        0.053400       -0.068434       -0.144678
     C   22       -0.068434       -0.545136        0.362855
     C   22       -0.144678        0.362855        0.491736

     C   23       -0.728096       -0.320325       -0.341306
     C   23       -0.320325        0.282324        0.032292
     C   23       -0.341306        0.032292        0.445773

     Cl  24       -0.058878       -0.001293        0.024905
     Cl  24       -0.001293       -0.039228       -0.009111
     Cl  24        0.024905       -0.009111        0.098106

     ----- ionic term -----
     Cl   1        0.236583       -0.205462        0.060596
     Cl   1       -0.205462       -0.095224       -0.021314
     Cl   1        0.060596       -0.021314       -0.141359

     C    2        0.219234       -0.206947        0.293562
     C    2       -0.206947        0.096336        0.357843
     C    2        0.293562        0.357843       -0.315570

     C    3        0.149074       -0.293664        0.275275
     C    3       -0.293664        0.175882        0.283534
     C    3        0.275275        0.283534       -0.324956

     H    4        0.349374        0.408933        0.683002
     H    4        0.408933       -0.266827        0.377039
     H    4        0.683002        0.377039       -0.082547

     C    5        0.208065       -0.198973        0.398442
     C    5       -0.198973        0.075598        0.236701
     C    5        0.398442        0.236701       -0.283663

     H    6       -0.495775       -0.204853       -0.051521
     H    6       -0.204853        0.824860        0.535830
     H    6       -0.051521        0.535830       -0.329085

     H    7       -0.522585       -0.047714        0.013313
     H    7       -0.047714        0.616003       -0.734874
     H    7        0.013313       -0.734874       -0.093418

     C    8        0.406601        0.142792        0.059397
     C    8        0.142792        0.074822       -0.328924
     C    8        0.059397       -0.328924       -0.481423

     H    9        0.921848       -0.429352        0.174272
     H    9       -0.429352       -0.396105       -0.126687
     H    9        0.174272       -0.126687       -0.525742

     C   10        0.309019        0.203012        0.001608
     C   10        0.203012        0.173879       -0.358168
     C   10        0.001608       -0.358168       -0.482898

     C   11        0.322544        0.054028        0.102700
     C   11        0.054028        0.158654       -0.344237
     C   11        0.102700       -0.344237       -0.481198

     Cl  12        0.116688        0.195202       -0.020791
     Cl  12        0.195202        0.041726       -0.010546
     Cl  12       -0.020791       -0.010546       -0.158415

     H   13       -0.457041       -0.236968       -0.104470
     H   13       -0.236968        0.724642        0.600807
     H   13       -0.104470        0.600807       -0.267601

     C   14        0.261242       -0.189944        0.365616
     C   14       -0.189944        0.043888        0.243611
     C   14        0.365616        0.243611       -0.305130

     H   15        0.293636        0.342720        0.728500
     H   15        0.342720       -0.321198        0.351503
     H   15        0.728500        0.351503        0.027562

     C   16        0.169307       -0.249023        0.317166
     C   16       -0.249023        0.145932        0.247502
     C   16        0.317166        0.247502       -0.315239

     C   17        0.120590       -0.190285        0.399528
     C   17       -0.190285        0.158201        0.292109
     C   17        0.399528        0.292109       -0.278791

     Cl  18        0.152706       -0.190867        0.111029
     Cl  18       -0.190867       -0.009823       -0.059682
     Cl  18        0.111029       -0.059682       -0.142883

     H   19       -0.499424       -0.182262        0.103691
     H   19       -0.182262        0.646268       -0.707937
     H   19        0.103691       -0.707937       -0.146844

     C   20        0.403731        0.079175        0.065632
     C   20        0.079175        0.078337       -0.323204
     C   20        0.065632       -0.323204       -0.482068

     H   21        0.869509       -0.433041        0.256324
     H   21       -0.433041       -0.348167       -0.157884
     H   21        0.256324       -0.157884       -0.521342

     C   22        0.261510        0.150513        0.008466
     C   22        0.150513        0.226932       -0.375687
     C   22        0.008466       -0.375687       -0.488443

     C   23        0.320611        0.013058        0.087522
     C   23        0.013058        0.162595       -0.378508
     C   23        0.087522       -0.378508       -0.483206

     Cl  24        0.154583        0.213105       -0.047800
     Cl  24        0.213105       -0.018420       -0.027661
     Cl  24       -0.047800       -0.027661       -0.136164

     ----- GIPAW term -----
     Cl   1        0.092879       -0.712757        0.456840
     Cl   1       -0.712757       -0.453101        0.270729
     Cl   1        0.456840        0.270729        0.360221

     C    2       -0.054179       -0.018934        0.023636
     C    2       -0.018934       -0.066161       -0.092957
     C    2        0.023636       -0.092957        0.120340

     C    3        0.034055        0.105107       -0.174329
     C    3        0.105107       -0.108541       -0.081211
     C    3       -0.174329       -0.081211        0.074486

     H    4       -0.000000        0.000000        0.000000
     H    4        0.000000        0.000000        0.000000
     H    4        0.000000        0.000000        0.000000

     C    5        0.069444        0.191239        0.029813
     C    5        0.191239        0.037282        0.072114
     C    5        0.029813        0.072114       -0.106726

     H    6       -0.000000        0.000000        0.000000
     H    6        0.000000        0.000000        0.000000
     H    6        0.000000        0.000000        0.000000

     H    7       -0.000000        0.000000        0.000000
     H    7        0.000000        0.000000        0.000000
     H    7        0.000000        0.000000        0.000000

     C    8       -0.035797       -0.084650       -0.018341
     C    8       -0.084650        0.115449        0.113264
     C    8       -0.018341        0.113264       -0.079651

     H    9       -0.000000        0.000000        0.000000
     H    9        0.000000        0.000000        0.000000
     H    9        0.000000        0.000000        0.000000

     C   10       -0.045029       -0.000655        0.004318
     C   10       -0.000655        0.042236        0.016073
     C   10        0.004318        0.016073        0.002793

     C   11       -0.037769        0.014874       -0.045118
     C   11        0.014874        0.100541        0.149348
     C   11       -0.045118        0.149348       -0.062772

     Cl  12       -0.876812        0.041060       -0.649151
     Cl  12        0.041060        1.011117        2.109880
     Cl  12       -0.649151        2.109880       -0.134305

     H   13       -0.000000        0.000000        0.000000
     H   13        0.000000        0.000000        0.000000
     H   13        0.000000        0.000000        0.000000

     C   14        0.007692       -0.062537       -0.002338
     C   14       -0.062537        0.010820       -0.058203
     C   14       -0.002338       -0.058203       -0.018512

     H   15       -0.000000        0.000000        0.000000
     H   15        0.000000        0.000000        0.000000
     H   15        0.000000        0.000000        0.000000

     C   16       -0.033172       -0.050767       -0.021062
     C   16       -0.050767        0.011891       -0.002554
     C   16       -0.021062       -0.002554        0.021280

     C   17       -0.031331        0.019279        0.044633
     C   17        0.019279        0.083366        0.105504
     C   17        0.044633        0.105504       -0.052035

     Cl  18        0.386174       -0.048725        0.150707
     Cl  18       -0.048725       -0.089131       -0.476059
     Cl  18        0.150707       -0.476059       -0.297043

     H   19       -0.000000        0.000000        0.000000
     H   19        0.000000        0.000000        0.000000
     H   19        0.000000        0.000000        0.000000

     C   20       -0.215516        0.037209       -0.106437
     C   20        0.037209        0.179929       -0.186427
     C   20       -0.106437       -0.186427        0.035587

     H   21       -0.000000        0.000000        0.000000
     H   21        0.000000        0.000000        0.000000
     H   21        0.000000        0.000000        0.000000

     C   22       -0.096538        0.043816       -0.064570
     C   22        0.043816       -0.099282       -0.144260
     C   22       -0.064570       -0.144260        0.195821

     C   23       -0.167407       -0.028331        0.010579
     C   23       -0.028331        0.150289       -0.200586
     C   23        0.010579       -0.200586        0.017117

     Cl  24       -0.586544        1.646155       -0.364550
     Cl  24        1.646155       -1.304804       -0.852849
     Cl  24       -0.364550       -0.852849        1.891348

     ----- total EFG -----
     Cl   1        0.440146       -0.888737        0.157188
     Cl   1       -0.888737       -0.248807        0.212098
     Cl   1        0.157188        0.212098       -0.191338

     C    2        0.073387        0.117436        0.222740
     C    2        0.117436       -0.271887        0.010536
     C    2        0.222740        0.010536        0.198500

     C    3        0.165178        0.251696       -0.133366
     C    3        0.251696       -0.199804       -0.087879
     C    3       -0.133366       -0.087879        0.034626

     H    4        0.339216        0.324514        0.465379
     H    4        0.324514        0.233625        0.088199
     H    4        0.465379        0.088199       -0.572841

     C    5       -0.222852        0.250264       -0.061046
     C    5        0.250264        0.426090        0.187751
     C    5       -0.061046        0.187751       -0.203238

     H    6       -0.749644        0.028169       -0.200641
     H    6        0.028169        0.684725        0.108327
     H    6       -0.200641        0.108327        0.064918

     H    7       -0.103789        0.234892        0.017095
     H    7        0.234892       -0.171490       -0.606586
     H    7        0.017095       -0.606586        0.275279

     C    8        0.348781       -0.057551       -0.054226
     C    8       -0.057551        0.077220        0.104094
     C    8       -0.054226        0.104094       -0.426001

     H    9        0.664907       -0.052514        0.322169
     H    9       -0.052514       -0.371641       -0.283591
     H    9        0.322169       -0.283591       -0.293266

     C   10       -0.016037        0.089928        0.052257
     C   10        0.089928        0.193114       -0.367288
     C   10        0.052257       -0.367288       -0.177076

     C   11        0.295148        0.120495       -0.143247
     C   11        0.120495        0.256517        0.350524
     C   11       -0.143247        0.350524       -0.551665

     Cl  12       -0.890865        0.017430       -0.668837
     Cl  12        0.017430        1.047270        2.093860
     Cl  12       -0.668837        2.093860       -0.156405

     H   13       -0.325499       -0.006716       -0.244544
     H   13       -0.006716        0.270430        0.586211
     H   13       -0.244544        0.586211        0.055069

     C   14        0.241551       -0.469493       -0.017708
     C   14       -0.469493       -0.110476       -0.054542
     C   14       -0.017708       -0.054542       -0.131074

     H   15        0.351798        0.219094        0.473158
     H   15        0.219094       -0.531985       -0.034026
     H   15        0.473158       -0.034026        0.180186

     C   16       -0.441232       -0.002336        0.077477
     C   16       -0.002336        0.085923        0.102002
     C   16        0.077477        0.102002        0.355308

     C   17        0.338499       -0.033657        0.380335
     C   17       -0.033657       -0.206507       -0.212827
     C   17        0.380335       -0.212827       -0.131992

     Cl  18        0.817169       -0.083087        0.106517
     Cl  18       -0.083087       -0.035160       -1.108257
     Cl  18        0.106517       -1.108257       -0.782008

     H   19       -0.289113       -0.141591        0.024180
     H   19       -0.141591        0.172445       -0.116977
     H   19        0.024180       -0.116977        0.116668

     C   20       -0.656492       -0.211686       -0.500280
     C   20       -0.211686        0.596219       -0.526487
     C   20       -0.500280       -0.526487        0.060273

     H   21        0.361801       -0.256647        0.500807
     H   21       -0.256647        0.002655       -0.008845
     H   21        0.500807       -0.008845       -0.364457

     C   22        0.218372        0.125895       -0.200783
     C   22        0.125895       -0.417486       -0.157093
     C   22       -0.200783       -0.157093        0.199114

     C   23       -0.574893       -0.335598       -0.243205
     C   23       -0.335598        0.595209       -0.546803
     C   23       -0.243205       -0.546803       -0.020316

     Cl  24       -0.490839        1.857967       -0.387446
     Cl  24        1.857967       -1.362451       -0.889620
     Cl  24       -0.387446       -0.889620        1.853290

     ----- total EFG (symmetrized) -----
     Cl   1        0.440146       -0.888737        0.157188
     Cl   1       -0.888737       -0.248807        0.212098
     Cl   1        0.157188        0.212098       -0.191338

     C    2        0.073387        0.117436        0.222740
     C    2        0.117436       -0.271887        0.010536
     C    2        0.222740        0.010536        0.198500

     C    3        0.165178        0.251696       -0.133366
     C    3        0.251696       -0.199804       -0.087879
     C    3       -0.133366       -0.087879        0.034626

     H    4        0.339216        0.324514        0.465379
     H    4        0.324514        0.233625        0.088199
     H    4        0.465379        0.088199       -0.572841

     C    5       -0.222852        0.250264       -0.061046
     C    5        0.250264        0.426090        0.187751
     C    5       -0.061046        0.187751       -0.203238

     H    6       -0.749644        0.028169       -0.200641
     H    6        0.028169        0.684725        0.108327
     H    6       -0.200641        0.108327        0.064918

     H    7       -0.103789        0.234892        0.017095
     H    7        0.234892       -0.171490       -0.606586
     H    7        0.017095       -0.606586        0.275279

     C    8        0.348781       -0.057551       -0.054226
     C    8       -0.057551        0.077220        0.104094
     C    8       -0.054226        0.104094       -0.426001

     H    9        0.664907       -0.052514        0.322169
     H    9       -0.052514       -0.371641       -0.283591
     H    9        0.322169       -0.283591       -0.293266

     C   10       -0.016037        0.089928        0.052257
     C   10        0.089928        0.193114       -0.367288
     C   10        0.052257       -0.367288       -0.177076

     C   11        0.295148        0.120495       -0.143247
     C   11        0.120495        0.256517        0.350524
     C   11       -0.143247        0.350524       -0.551665

     Cl  12       -0.890865        0.017430       -0.668837
     Cl  12        0.017430        1.047270        2.093860
     Cl  12       -0.668837        2.093860       -0.156405

     H   13       -0.325499       -0.006716       -0.244544
     H   13       -0.006716        0.270430        0.586211
     H   13       -0.244544        0.586211        0.055069

     C   14        0.241551       -0.469493       -0.017708
     C   14       -0.469493       -0.110476       -0.054542
     C   14       -0.017708       -0.054542       -0.131074

     H   15        0.351798        0.219094        0.473158
     H   15        0.219094       -0.531985       -0.034026
     H   15        0.473158       -0.034026        0.180186

     C   16       -0.441232       -0.002336        0.077477
     C   16       -0.002336        0.085923        0.102002
     C   16        0.077477        0.102002        0.355308

     C   17        0.338499       -0.033657        0.380335
     C   17       -0.033657       -0.206507       -0.212827
     C   17        0.380335       -0.212827       -0.131992

     Cl  18        0.817169       -0.083087        0.106517
     Cl  18       -0.083087       -0.035160       -1.108257
     Cl  18        0.106517       -1.108257       -0.782008

     H   19       -0.289113       -0.141591        0.024180
     H   19       -0.141591        0.172445       -0.116977
     H   19        0.024180       -0.116977        0.116668

     C   20       -0.656492       -0.211686       -0.500280
     C   20       -0.211686        0.596219       -0.526487
     C   20       -0.500280       -0.526487        0.060273

     H   21        0.361801       -0.256647        0.500807
     H   21       -0.256647        0.002655       -0.008845
     H   21        0.500807       -0.008845       -0.364457

     C   22        0.218372        0.125895       -0.200783
     C   22        0.125895       -0.417486       -0.157093
     C   22       -0.200783       -0.157093        0.199114

     C   23       -0.574893       -0.335598       -0.243205
     C   23       -0.335598        0.595209       -0.546803
     C   23       -0.243205       -0.546803       -0.020316

     Cl  24       -0.490839        1.857967       -0.387446
     Cl  24        1.857967       -1.362451       -0.889620
     Cl  24       -0.387446       -0.889620        1.853290


     NQR/NMR SPECTROSCOPIC PARAMETERS:
     Cl   1    Vxx=   -0.0996    axis=(  0.179077  0.275787  0.944390)
     Cl   1    Vyy=   -0.9493    axis=(  0.534996  0.778280 -0.328725)
     Cl   1    Vzz=    1.0489    axis=( -0.825658  0.564112 -0.008173)
     Cl   1  Q=        -8.1650 1e-30 m^2  Cq=       -20.1228 MHz  eta= 0.81010

     C    2    Vxx=   -0.0616    axis=(  0.701132  0.360717 -0.615059)
     C    2    Vyy=   -0.3157    axis=( -0.356641  0.924354  0.135561)
     C    2    Vzz=    0.3772    axis=(  0.617431  0.124309  0.776741)
     C    2  Q=         1.0000 1e-30 m^2  Cq=         0.8864 MHz  eta= 0.67347

     C    3    Vxx=   -0.0399    axis=(  0.407419  0.145801  0.901527)
     C    3    Vyy=   -0.3292    axis=( -0.441313  0.895692  0.054581)
     C    3    Vzz=    0.3690    axis=( -0.799532 -0.420093  0.429266)
     C    3  Q=         1.0000 1e-30 m^2  Cq=         0.8671 MHz  eta= 0.78399

     H    4    Vxx=    0.0202    axis=(  0.482404 -0.838349  0.253885)
     H    4    Vyy=    0.7503    axis=(  0.780184  0.542995  0.310594)
     H    4    Vzz=   -0.7705    axis=( -0.398245  0.048245  0.916010)
     H    4  Q=         1.0000 1e-30 m^2  Cq=        -1.8104 MHz  eta= 0.94761

     C    5    Vxx=   -0.1515    axis=( -0.620795  0.014188  0.783845)
     C    5    Vyy=   -0.3940    axis=( -0.729331  0.356286 -0.584070)
     C    5    Vzz=    0.5455    axis=(  0.287560  0.934269  0.210832)
     C    5  Q=         1.0000 1e-30 m^2  Cq=         1.2817 MHz  eta= 0.44456

     H    6    Vxx=    0.0951    axis=( -0.233131 -0.164930  0.958357)
     H    6    Vyy=    0.7031    axis=( -0.004176  0.985673  0.168615)
     H    6    Vzz=   -0.7982    axis=( -0.972436  0.035308 -0.230479)
     H    6  Q=         1.0000 1e-30 m^2  Cq=        -1.8755 MHz  eta= 0.76176

     H    7    Vxx=   -0.0482    axis=(  0.927161  0.196297  0.319123)
     H    7    Vyy=   -0.6685    axis=( -0.343016  0.787350  0.512269)
     H    7    Vzz=    0.7167    axis=( -0.150705 -0.584420  0.797334)
     H    7  Q=         1.0000 1e-30 m^2  Cq=         1.6839 MHz  eta= 0.86556

     C    8    Vxx=    0.0813    axis=(  0.240182  0.955653  0.170413)
     C    8    Vyy=    0.3676    axis=(  0.969275 -0.226498 -0.095939)
     C    8    Vzz=   -0.4489    axis=(  0.053087 -0.188220  0.980691)
     C    8  Q=         1.0000 1e-30 m^2  Cq=        -1.0548 MHz  eta= 0.63771

     H    9    Vxx=   -0.1355    axis=(  0.304645  0.703407 -0.642191)
     H    9    Vyy=   -0.6438    axis=( -0.143959  0.700500  0.698982)
     H    9    Vzz=    0.7793    axis=(  0.941524 -0.120492  0.314666)
     H    9  Q=         1.0000 1e-30 m^2  Cq=         1.8310 MHz  eta= 0.65232

     C   10    Vxx=   -0.0009    axis=(  0.968740  0.019202  0.247332)
     C   10    Vyy=   -0.4240    axis=(  0.220649 -0.522374 -0.823675)
     C   10    Vzz=    0.4249    axis=(  0.113384  0.852501 -0.510281)
     C   10  Q=         1.0000 1e-30 m^2  Cq=         0.9984 MHz  eta= 0.99570

     C   11    Vxx=    0.2877    axis=(  0.836344 -0.440285 -0.326614)
     C   11    Vyy=    0.4258    axis=( -0.520254 -0.825267 -0.219703)
     C   11    Vzz=   -0.7135    axis=(  0.172812 -0.353670  0.919268)
     C   11  Q=         1.0000 1e-30 m^2  Cq=        -1.6763 MHz  eta= 0.19362

     Cl  12    Vxx=   -0.6602    axis=( -0.886743 -0.354605  0.296552)
     Cl  12    Vyy=   -2.0071    axis=(  0.448843 -0.507013  0.735852)
     Cl  12    Vzz=    2.6673    axis=(  0.110581 -0.785616 -0.608752)
     Cl  12  Q=        -8.1650 1e-30 m^2  Cq=       -51.1706 MHz  eta= 0.50495

     H   13    Vxx=   -0.2050    axis=(  0.772694  0.497328 -0.394473)
     H   13    Vyy=   -0.5780    axis=( -0.617304  0.443906 -0.649526)
     H   13    Vzz=    0.7830    axis=(  0.147919 -0.745394 -0.650006)
     H   13  Q=         1.0000 1e-30 m^2  Cq=         1.8396 MHz  eta= 0.47640

     C   14    Vxx=   -0.1219    axis=( -0.117511 -0.128103  0.984774)
     C   14    Vyy=   -0.4455    axis=(  0.558809  0.811219  0.172208)
     C   14    Vzz=    0.5673    axis=( -0.820928  0.570537 -0.023742)
     C   14  Q=         1.0000 1e-30 m^2  Cq=         1.3330 MHz  eta= 0.57039

     H   15    Vxx=   -0.1471    axis=( -0.545129 -0.376488  0.749060)
     H   15    Vyy=   -0.6167    axis=( -0.319938  0.919293  0.229214)
     H   15    Vzz=    0.7638    axis=( -0.774902 -0.114702 -0.621586)
     H   15  Q=         1.0000 1e-30 m^2  Cq=         1.7946 MHz  eta= 0.61493

     C   16    Vxx=    0.0531    axis=( -0.052640  0.950191 -0.307192)
     C   16    Vyy=    0.3959    axis=(  0.086732  0.310806  0.946508)
     C   16    Vzz=   -0.4490    axis=(  0.994840  0.023181 -0.098773)
     C   16  Q=         1.0000 1e-30 m^2  Cq=        -1.0549 MHz  eta= 0.76357

     C   17    Vxx=   -0.1103    axis=(  0.422620  0.798884 -0.427992)
     C   17    Vyy=   -0.4638    axis=( -0.330464  0.575559  0.748014)
     C   17    Vzz=    0.5741    axis=(  0.843911 -0.174690  0.507245)
     C   17  Q=         1.0000 1e-30 m^2  Cq=         1.3488 MHz  eta= 0.61575

     Cl  18    Vxx=    0.6566    axis=(  0.626678  0.639087 -0.445918)
     Cl  18    Vyy=    0.9220    axis=( -0.779115  0.502140 -0.375280)
     Cl  18    Vzz=   -1.5787    axis=( -0.015923  0.582601  0.812602)
     Cl  18  Q=        -8.1650 1e-30 m^2  Cq=        30.2860 MHz  eta= 0.16810

     H   19    Vxx=    0.0363    axis=( -0.170765  0.533859  0.828151)
     H   19    Vyy=    0.2930    axis=( -0.217688  0.799285 -0.560138)
     H   19    Vzz=   -0.3293    axis=( -0.960964 -0.275931 -0.020275)
     H   19  Q=         1.0000 1e-30 m^2  Cq=        -0.7736 MHz  eta= 0.77966

     C   20    Vxx=    0.1100    axis=(  0.568927 -0.477387 -0.669644)
     C   20    Vyy=    0.9239    axis=( -0.060454 -0.836342  0.544864)
     C   20    Vzz=   -1.0339    axis=(  0.820163  0.269505  0.504678)
     C   20  Q=         1.0000 1e-30 m^2  Cq=        -2.4292 MHz  eta= 0.78725

     H   21    Vxx=   -0.0567    axis=(  0.204364  0.929908  0.305787)
     H   21    Vyy=   -0.6397    axis=( -0.476290 -0.178451  0.860989)
     H   21    Vzz=    0.6963    axis=(  0.855209 -0.321599  0.406438)
     H   21  Q=         1.0000 1e-30 m^2  Cq=         1.6361 MHz  eta= 0.83727

     C   22    Vxx=    0.0091    axis=( -0.707215  0.050965 -0.705160)
     C   22    Vyy=    0.4554    axis=(  0.696285  0.223186 -0.682184)
     C   22    Vzz=   -0.4645    axis=( -0.122614  0.973443  0.193327)
     C   22  Q=         1.0000 1e-30 m^2  Cq=        -1.0915 MHz  eta= 0.96082

     C   23    Vxx=   -0.0701    axis=(  0.576993 -0.324845 -0.749369)
     C   23    Vyy=   -0.8648    axis=(  0.808092  0.360290  0.466025)
     C   23    Vzz=    0.9349    axis=( -0.118604  0.874452 -0.470390)
     C   23  Q=         1.0000 1e-30 m^2  Cq=         2.1966 MHz  eta= 0.85005

     Cl  24    Vxx=    0.4736    axis=(  0.715913  0.477781  0.509112)
     Cl  24    Vyy=    2.4073    axis=( -0.356153 -0.377275  0.854879)
     Cl  24    Vzz=   -2.8809    axis=( -0.600520  0.793340  0.099933)
     Cl  24  Q=        -8.1650 1e-30 m^2  Cq=        55.2687 MHz  eta= 0.67122

     Initialization:
     gipaw_setup  :      9.17s CPU     11.07s WALL (       1 calls)

     Linear response

     Apply operators

     Induced current

     Other routines
     efg          :      9.42s CPU     11.62s WALL (       1 calls)

     General routines
     calbec       :      3.17s CPU      4.00s WALL (      16 calls)
     fft          :      1.48s CPU      2.21s WALL (      15 calls)
     ffts         :      0.04s CPU      0.06s WALL (       2 calls)
     fftw         :      3.46s CPU      4.10s WALL (     672 calls)
     davcio       :      0.04s CPU      0.34s WALL (      32 calls)

     Parallel routines
     fft_scatter  :      2.20s CPU      3.49s WALL (     689 calls)

     Plugins

     GIPAW        :     60.64s CPU     71.84s WALL (       1 calls)
