
     Program QE v.6.0 (svn rev. 13079) starts on 19Dec2016 at  6:24: 3 

     This program is part of the open-source Quantum ESPRESSO suite
     for quantum simulation of materials; please cite
         "P. Giannozzi et al., J. Phys.:Condens. Matter 21 395502 (2009);
          URL http://www.quantum-espresso.org", 
     in publications or presentations arising from this work. More details at
     http://www.quantum-espresso.org/quote

     Parallel version (MPI), running on     8 processors
     R & G space division:  proc/nbgrp/npool/nimage =       8

     ***** This is GIPAW svn revision unknown      *****

     Parallelizing q-star over 1 images

     Reading data from directory:
     /users/majewski/paradichlorobenzene/pbe/9_constraint/scratch/pbe.ecut100.np8.dt60.pcl2phi-129368.save
     Message from routine read_xml_file:
     file /users/majewski/paradichlorobenzene/pbe/9_constraint/scratch/pbe.ecut100.np8.dt60.pcl2phi-129368.save not guaranteed to be safe for post-processing

   Info: using nr1, nr2, nr3 values from input

   Info: using nr1, nr2, nr3 values from input

     IMPORTANT: XC functional enforced from input :
     Exchange-correlation      =  SLA  PW   PBX  PBC ( 1  4  3  4 0 0)
     Any further DFT definition will be discarded
     Please, verify this is what you really want

               file C.pbe-n-kjpaw_psl.1.0.0.UPF: wavefunction(s)  2S 2P renormalized
               file Cl.pbe-n-kjpaw_psl.1.0.0.UPF: wavefunction(s)  3S 3P renormalized
               file H.pbe-kjpaw_psl.1.0.0.UPF: wavefunction(s)  1S renormalized

     Parallelization info
     --------------------
     sticks:   dense  smooth     PW     G-vecs:    dense   smooth      PW
     Min        3057    1223    332               144436    36536    5170
     Max        3059    1225    333               144437    36537    5171
     Sum       24467    9791   2657              1155489   292295   41363


     Subspace diagonalization in iterative solution of the eigenvalue problem:
     a serial algorithm will be used

     GIPAW projectors -----------------------------------------------
     atom=  C    l=0  rc=    1.2000  rs=    0.8000
     atom=  C    l=0  rc=    1.2000  rs=    0.8000
     atom=  C    l=1  rc=    1.4000  rs=    0.9333
     atom=  C    l=1  rc=    1.4000  rs=    0.9333
     projs nearly linearly dependent: l=1  n1,n2= 1, 2  s=  0.99951561

     atom=  Cl   l=0  rc=    1.6000  rs=    1.0667
     atom=  Cl   l=0  rc=    1.6000  rs=    1.0667
     atom=  Cl   l=1  rc=    1.6000  rs=    1.0667
     atom=  Cl   l=1  rc=    1.6000  rs=    1.0667
     atom=  Cl   l=2  rc=    1.6000  rs=    1.0667
     atom=  Cl   l=2  rc=    1.6000  rs=    1.0667
     projs nearly linearly dependent: l=2  n1,n2= 1, 2  s=  0.99993509

     atom=  H    l=0  rc=    1.0000  rs=    0.6667
     atom=  H    l=0  rc=    1.0000  rs=    0.6667
     projs nearly linearly dependent: l=0  n1,n2= 1, 2  s=  0.99968852
     -----------------------------------------------------------------

     GIPAW integrals: -------------------------------------------
     Atom  i/j   nmr_para   nmr_dia   epr_rmc  epr_para   epr_dia
       C   1 1   0.83E+03  0.17E-01  0.93E+01  0.24E+08  0.24E+03
       C   2 1   0.86E+03 -0.61E-01  0.94E+01  0.25E+08  0.25E+03
       C   2 2   0.90E+03 -0.15E+00  0.97E+01  0.26E+08  0.26E+03
       C   3 3   0.33E+01  0.34E+00  0.18E+01  0.55E+03  0.21E+02
       C   4 3   0.35E+01  0.37E+00  0.20E+01  0.59E+03  0.22E+02
       C   4 4   0.38E+01  0.39E+00  0.22E+01  0.63E+03  0.24E+02
       Cl  1 1   0.14E+04 -0.47E+00  0.84E+01  0.32E+09  0.42E+03
       Cl  2 1   0.21E+04 -0.37E+00  0.12E+02  0.49E+09  0.65E+03
       Cl  2 2   0.33E+04 -0.16E+00  0.21E+02  0.76E+09  0.10E+04
       Cl  3 3   0.21E+02  0.79E-01  0.89E+01  0.23E+05  0.13E+03
       Cl  4 3   0.24E+02  0.67E-01  0.99E+01  0.27E+05  0.15E+03
       Cl  4 4   0.28E+02  0.44E-01  0.11E+02  0.32E+05  0.18E+03
       Cl  5 5   0.77E+00  0.19E+00  0.18E+01  0.12E+03  0.22E+02
       Cl  6 5   0.80E+00  0.19E+00  0.19E+01  0.12E+03  0.23E+02
       Cl  6 6   0.83E+00  0.20E+00  0.19E+01  0.12E+03  0.23E+02
       H   1 1   0.39E+02  0.19E+00  0.29E+00  0.78E+05  0.13E+02
       H   2 1   0.41E+02  0.21E+00  0.32E+00  0.82E+05  0.14E+02
       H   2 2   0.43E+02  0.22E+00  0.36E+00  0.86E+05  0.15E+02
     ------------------------------------------------------------

     alpha_pv=     34.3710 eV

     Number of occupied bands for each k-point:
     k-point:     1    nbnd_occ=  42
     k-point:     2    nbnd_occ=  42
     k-point:     3    nbnd_occ=  42
     k-point:     4    nbnd_occ=  42
     k-point:     5    nbnd_occ=  42
     k-point:     6    nbnd_occ=  42
     k-point:     7    nbnd_occ=  42
     k-point:     8    nbnd_occ=  42
     k-point:     9    nbnd_occ=  42
     k-point:    10    nbnd_occ=  42
     k-point:    11    nbnd_occ=  42
     k-point:    12    nbnd_occ=  42
     k-point:    13    nbnd_occ=  42
     k-point:    14    nbnd_occ=  42
     k-point:    15    nbnd_occ=  42
     k-point:    16    nbnd_occ=  42


     q-space interpolation up to   110.00 Rydberg

     GIPAW job: efg                                                                             


     ELECTRIC FIELD GRADIENTS TENSORS IN Hartree/bohrradius^2:

     ----- bare term -----
     Cl   1       -0.076995        0.093646       -0.020439
     Cl   1        0.093646       -0.020587        0.005372
     Cl   1       -0.020439        0.005372        0.097582

     C    2       -0.114672        0.039374       -0.476025
     C    2        0.039374       -0.235474       -0.523581
     C    2       -0.476025       -0.523581        0.350146

     C    3       -0.075716        0.443787       -0.069725
     C    3        0.443787       -0.348761       -0.445754
     C    3       -0.069725       -0.445754        0.424477

     H    4       -0.430102       -0.279583       -0.486000
     H    4       -0.279583        0.231436       -0.202347
     H    4       -0.486000       -0.202347        0.198665

     C    5       -0.453965        0.020595       -0.333616
     C    5        0.020595       -0.005408       -0.368077
     C    5       -0.333616       -0.368077        0.459373

     H    6        0.231808        0.242541       -0.244146
     H    6        0.242541       -0.518494       -0.158288
     H    6       -0.244146       -0.158288        0.286686

     H    7        0.366013        0.004907       -0.017360
     H    7        0.004907       -0.500045        0.505935
     H    7       -0.017360        0.505935        0.134032

     C    8       -0.325099       -0.253501       -0.325863
     C    8       -0.253501       -0.109115        0.420452
     C    8       -0.325863        0.420452        0.434214

     H    9       -0.320449        0.494999        0.022285
     H    9        0.494999        0.085300       -0.170038
     H    9        0.022285       -0.170038        0.235148

     C   10       -0.326688       -0.346898       -0.128884
     C   10       -0.346898       -0.197237        0.538082
     C   10       -0.128884        0.538082        0.523925

     C   11       -0.247452       -0.052866       -0.379804
     C   11       -0.052866       -0.067414        0.464186
     C   11       -0.379804        0.464186        0.314866

     Cl  12       -0.128227       -0.033979       -0.060467
     Cl  12       -0.033979       -0.082879        0.088056
     Cl  12       -0.060467        0.088056        0.211106

     H   13        0.392931        0.073346       -0.068313
     H   13        0.073346       -0.668000       -0.269580
     H   13       -0.068313       -0.269580        0.275069

     C   14       -0.318143        0.216488       -0.333895
     C   14        0.216488       -0.087516       -0.467083
     C   14       -0.333895       -0.467083        0.405659

     H   15       -0.018203       -0.144594       -0.372988
     H   15       -0.144594        0.258939       -0.480786
     H   15       -0.372988       -0.480786       -0.240736

     C   16       -0.395659        0.312902       -0.304226
     C   16        0.312902       -0.055369       -0.355799
     C   16       -0.304226       -0.355799        0.451028

     C   17       -0.078892        0.230382       -0.146638
     C   17        0.230382       -0.361250       -0.480513
     C   17       -0.146638       -0.480513        0.440142

     Cl  18       -0.036685       -0.029353       -0.022312
     Cl  18       -0.029353       -0.030901       -0.034428
     Cl  18       -0.022312       -0.034428        0.067586

     H   19        0.384369        0.319383        0.125162
     H   19        0.319383       -0.607430        0.019721
     H   19        0.125162        0.019721        0.223060

     C   20       -0.406277       -0.226341       -0.358926
     C   20       -0.226341       -0.123050        0.210150
     C   20       -0.358926        0.210150        0.529327

     H   21       -0.492951        0.352858        0.214593
     H   21        0.352858        0.318689       -0.031358
     H   21        0.214593       -0.031358        0.174261

     C   22       -0.017670       -0.070471       -0.040446
     C   22       -0.070471       -0.287716        0.263490
     C   22       -0.040446        0.263490        0.305386

     C   23       -0.421580       -0.136719       -0.307248
     C   23       -0.136719       -0.073767        0.403329
     C   23       -0.307248        0.403329        0.495346

     Cl  24       -0.076193        0.023503       -0.096350
     Cl  24        0.023503       -0.090143        0.039790
     Cl  24       -0.096350        0.039790        0.166336

     ----- ionic term -----
     Cl   1        0.161440       -0.198970        0.074566
     Cl   1       -0.198970       -0.013118       -0.034432
     Cl   1        0.074566       -0.034432       -0.148322

     C    2        0.174487       -0.166302        0.362841
     C    2       -0.166302        0.179981        0.308872
     C    2        0.362841        0.308872       -0.354468

     C    3        0.206431       -0.295657        0.225183
     C    3       -0.295657        0.262198        0.296005
     C    3        0.225183        0.296005       -0.468629

     H    4        0.670032        0.337903        0.623001
     H    4        0.337903       -0.360316        0.237203
     H    4        0.623001        0.237203       -0.309716

     C    5        0.338838       -0.241705        0.325169
     C    5       -0.241705        0.094763        0.253264
     C    5        0.325169        0.253264       -0.433601

     H    6       -0.487532       -0.042908        0.005061
     H    6       -0.042908        0.820398        0.580205
     H    6        0.005061        0.580205       -0.332865

     H    7       -0.514055       -0.015367        0.009077
     H    7       -0.015367        0.652654       -0.717147
     H    7        0.009077       -0.717147       -0.138598

     C    8        0.417687        0.181177        0.075619
     C    8        0.181177        0.065377       -0.317468
     C    8        0.075619       -0.317468       -0.483065

     H    9        0.758532       -0.501649        0.382551
     H    9       -0.501649       -0.305550       -0.203762
     H    9        0.382551       -0.203762       -0.452982

     C   10        0.281013        0.196732        0.032287
     C   10        0.196732        0.204247       -0.347828
     C   10        0.032287       -0.347828       -0.485260

     C   11        0.355291        0.086768        0.090180
     C   11        0.086768        0.122065       -0.327663
     C   11        0.090180       -0.327663       -0.477356

     Cl  12        0.148630        0.194203       -0.036335
     Cl  12        0.194203       -0.008651       -0.022097
     Cl  12       -0.036335       -0.022097       -0.139979

     H   13       -0.536159       -0.036465       -0.010713
     H   13       -0.036465        0.749229        0.641820
     H   13       -0.010713        0.641820       -0.213069

     C   14        0.221445       -0.201700        0.321705
     C   14       -0.201700        0.109585        0.267749
     C   14        0.321705        0.267749       -0.331030

     H   15        0.276965        0.330089        0.736771
     H   15        0.330089       -0.364001        0.355834
     H   15        0.736771        0.355834        0.087036

     C   16        0.061425       -0.238259        0.242218
     C   16       -0.238259        0.239792        0.364125
     C   16        0.242218        0.364125       -0.301217

     C   17        0.210291       -0.188228        0.288699
     C   17       -0.188228        0.162298        0.386708
     C   17        0.288699        0.386708       -0.372588

     Cl  18        0.152676       -0.224628        0.008567
     Cl  18       -0.224628        0.017153       -0.000627
     Cl  18        0.008567       -0.000627       -0.169829

     H   19       -0.500558       -0.111179        0.041857
     H   19       -0.111179        0.694117       -0.674602
     H   19        0.041857       -0.674602       -0.193559

     C   20        0.401711        0.099182        0.106113
     C   20        0.099182        0.077825       -0.294339
     C   20        0.106113       -0.294339       -0.479535

     H   21        0.783928       -0.348020        0.518992
     H   21       -0.348020       -0.402514       -0.204366
     H   21        0.518992       -0.204366       -0.381413

     C   22        0.215476        0.168217        0.107968
     C   22        0.168217        0.232555       -0.370442
     C   22        0.107968       -0.370442       -0.448032

     C   23        0.270512        0.089966        0.170003
     C   23        0.089966        0.214056       -0.337149
     C   23        0.170003       -0.337149       -0.484568

     Cl  24        0.130988        0.209445        0.014007
     Cl  24        0.209445        0.031721        0.004183
     Cl  24        0.014007        0.004183       -0.162709

     ----- GIPAW term -----
     Cl   1       -0.875176       -1.191941       -0.074612
     Cl   1       -1.191941       -1.459210       -0.001396
     Cl   1       -0.074612       -0.001396        2.334387

     C    2        0.024634       -0.086180       -0.159427
     C    2       -0.086180       -0.080916       -0.132870
     C    2       -0.159427       -0.132870        0.056282

     C    3        0.097308        0.008386        0.036445
     C    3        0.008386       -0.096750       -0.065755
     C    3        0.036445       -0.065755       -0.000558

     H    4       -0.000000        0.000000        0.000000
     H    4        0.000000        0.000000        0.000000
     H    4        0.000000        0.000000        0.000000

     C    5       -0.035945       -0.026488        0.072694
     C    5       -0.026488       -0.080722       -0.073099
     C    5        0.072694       -0.073099        0.116667

     H    6       -0.000000        0.000000        0.000000
     H    6        0.000000        0.000000        0.000000
     H    6        0.000000        0.000000        0.000000

     H    7       -0.000000        0.000000        0.000000
     H    7        0.000000        0.000000        0.000000
     H    7        0.000000        0.000000        0.000000

     C    8       -0.033727       -0.052796       -0.052365
     C    8       -0.052796       -0.032558        0.096813
     C    8       -0.052365        0.096813        0.066285

     H    9       -0.000000        0.000000        0.000000
     H    9        0.000000        0.000000        0.000000
     H    9        0.000000        0.000000        0.000000

     C   10       -0.149711       -0.045153       -0.020392
     C   10       -0.045153       -0.001195        0.200394
     C   10       -0.020392        0.200394        0.150907

     C   11        0.032508        0.125969       -0.066795
     C   11        0.125969        0.001817        0.060790
     C   11       -0.066795        0.060790       -0.034326

     Cl  12        0.219940        1.848110       -0.650630
     Cl  12        1.848110       -0.776812        0.800994
     Cl  12       -0.650630        0.800994        0.556872

     H   13       -0.000000        0.000000        0.000000
     H   13        0.000000        0.000000        0.000000
     H   13        0.000000        0.000000        0.000000

     C   14       -0.055184        0.053560       -0.061661
     C   14        0.053560        0.001164       -0.145807
     C   14       -0.061661       -0.145807        0.054020

     H   15       -0.000000        0.000000        0.000000
     H   15        0.000000        0.000000        0.000000
     H   15        0.000000        0.000000        0.000000

     C   16       -0.124349        0.051668       -0.065857
     C   16        0.051668        0.034480       -0.013402
     C   16       -0.065857       -0.013402        0.089869

     C   17        0.058113       -0.073005        0.063124
     C   17       -0.073005       -0.117663       -0.059431
     C   17        0.063124       -0.059431        0.059550

     Cl  18        1.081644       -2.421915       -0.116407
     Cl  18       -2.421915       -0.121145       -0.309568
     Cl  18       -0.116407       -0.309568       -0.960500

     H   19       -0.000000        0.000000        0.000000
     H   19        0.000000        0.000000        0.000000
     H   19        0.000000        0.000000        0.000000

     C   20       -0.097144       -0.061350       -0.153624
     C   20       -0.061350       -0.104172        0.100060
     C   20       -0.153624        0.100060        0.201316

     H   21       -0.000000        0.000000        0.000000
     H   21        0.000000        0.000000        0.000000
     H   21        0.000000        0.000000        0.000000

     C   22       -0.040011       -0.010426       -0.068495
     C   22       -0.010426       -0.075676        0.046646
     C   22       -0.068495        0.046646        0.115687

     C   23       -0.093902        0.033770       -0.153519
     C   23        0.033770       -0.113918        0.105300
     C   23       -0.153519        0.105300        0.207820

     Cl  24        0.589730        2.126463       -1.009087
     Cl  24        2.126463       -0.859704        0.311153
     Cl  24       -1.009087        0.311153        0.269974

     ----- total EFG -----
     Cl   1       -0.790731       -1.297265       -0.020486
     Cl   1       -1.297265       -1.492916       -0.030456
     Cl   1       -0.020486       -0.030456        2.283647

     C    2        0.084449       -0.213108       -0.272611
     C    2       -0.213108       -0.136409       -0.347579
     C    2       -0.272611       -0.347579        0.051960

     C    3        0.228022        0.156516        0.191903
     C    3        0.156516       -0.183313       -0.215505
     C    3        0.191903       -0.215505       -0.044709

     H    4        0.239931        0.058320        0.137001
     H    4        0.058320       -0.128880        0.034856
     H    4        0.137001        0.034856       -0.111051

     C    5       -0.151071       -0.247598        0.064247
     C    5       -0.247598        0.008633       -0.187911
     C    5        0.064247       -0.187911        0.142438

     H    6       -0.255724        0.199633       -0.239085
     H    6        0.199633        0.301903        0.421917
     H    6       -0.239085        0.421917       -0.046179

     H    7       -0.148042       -0.010460       -0.008284
     H    7       -0.010460        0.152609       -0.211211
     H    7       -0.008284       -0.211211       -0.004567

     C    8        0.058861       -0.125120       -0.302609
     C    8       -0.125120       -0.076295        0.199797
     C    8       -0.302609        0.199797        0.017435

     H    9        0.438083       -0.006651        0.404836
     H    9       -0.006651       -0.220250       -0.373800
     H    9        0.404836       -0.373800       -0.217834

     C   10       -0.195386       -0.195319       -0.116988
     C   10       -0.195319        0.005814        0.390648
     C   10       -0.116988        0.390648        0.189572

     C   11        0.140347        0.159870       -0.356419
     C   11        0.159870        0.056468        0.197313
     C   11       -0.356419        0.197313       -0.196816

     Cl  12        0.240342        2.008334       -0.747431
     Cl  12        2.008334       -0.868341        0.866953
     Cl  12       -0.747431        0.866953        0.627999

     H   13       -0.143228        0.036881       -0.079026
     H   13        0.036881        0.081229        0.372240
     H   13       -0.079026        0.372240        0.062000

     C   14       -0.151882        0.068349       -0.073851
     C   14        0.068349        0.023234       -0.345141
     C   14       -0.073851       -0.345141        0.128649

     H   15        0.258762        0.185495        0.363783
     H   15        0.185495       -0.105062       -0.124951
     H   15        0.363783       -0.124951       -0.153700

     C   16       -0.458583        0.126312       -0.127865
     C   16        0.126312        0.218903       -0.005076
     C   16       -0.127865       -0.005076        0.239680

     C   17        0.189512       -0.030852        0.205185
     C   17       -0.030852       -0.316615       -0.153236
     C   17        0.205185       -0.153236        0.127104

     Cl  18        1.197636       -2.675896       -0.130152
     Cl  18       -2.675896       -0.134893       -0.344623
     Cl  18       -0.130152       -0.344623       -1.062743

     H   19       -0.116189        0.208204        0.167019
     H   19        0.208204        0.086688       -0.654881
     H   19        0.167019       -0.654881        0.029502

     C   20       -0.101711       -0.188509       -0.406437
     C   20       -0.188509       -0.149397        0.015870
     C   20       -0.406437        0.015870        0.251108

     H   21        0.290977        0.004839        0.733586
     H   21        0.004839       -0.083825       -0.235725
     H   21        0.733586       -0.235725       -0.207152

     C   22        0.157796        0.087320       -0.000974
     C   22        0.087320       -0.130837       -0.060306
     C   22       -0.000974       -0.060306       -0.026959

     C   23       -0.244970       -0.012983       -0.290764
     C   23       -0.012983        0.026371        0.171480
     C   23       -0.290764        0.171480        0.218599

     Cl  24        0.644524        2.359410       -1.091431
     Cl  24        2.359410       -0.918125        0.355126
     Cl  24       -1.091431        0.355126        0.273601

     ----- total EFG (symmetrized) -----
     Cl   1       -0.790731       -1.297265       -0.020486
     Cl   1       -1.297265       -1.492916       -0.030456
     Cl   1       -0.020486       -0.030456        2.283647

     C    2        0.084449       -0.213108       -0.272611
     C    2       -0.213108       -0.136409       -0.347579
     C    2       -0.272611       -0.347579        0.051960

     C    3        0.228022        0.156516        0.191903
     C    3        0.156516       -0.183313       -0.215505
     C    3        0.191903       -0.215505       -0.044709

     H    4        0.239931        0.058320        0.137001
     H    4        0.058320       -0.128880        0.034856
     H    4        0.137001        0.034856       -0.111051

     C    5       -0.151071       -0.247598        0.064247
     C    5       -0.247598        0.008633       -0.187911
     C    5        0.064247       -0.187911        0.142438

     H    6       -0.255724        0.199633       -0.239085
     H    6        0.199633        0.301903        0.421917
     H    6       -0.239085        0.421917       -0.046179

     H    7       -0.148042       -0.010460       -0.008284
     H    7       -0.010460        0.152609       -0.211211
     H    7       -0.008284       -0.211211       -0.004567

     C    8        0.058861       -0.125120       -0.302609
     C    8       -0.125120       -0.076295        0.199797
     C    8       -0.302609        0.199797        0.017435

     H    9        0.438083       -0.006651        0.404836
     H    9       -0.006651       -0.220250       -0.373800
     H    9        0.404836       -0.373800       -0.217834

     C   10       -0.195386       -0.195319       -0.116988
     C   10       -0.195319        0.005814        0.390648
     C   10       -0.116988        0.390648        0.189572

     C   11        0.140347        0.159870       -0.356419
     C   11        0.159870        0.056468        0.197313
     C   11       -0.356419        0.197313       -0.196816

     Cl  12        0.240342        2.008334       -0.747431
     Cl  12        2.008334       -0.868341        0.866953
     Cl  12       -0.747431        0.866953        0.627999

     H   13       -0.143228        0.036881       -0.079026
     H   13        0.036881        0.081229        0.372240
     H   13       -0.079026        0.372240        0.062000

     C   14       -0.151882        0.068349       -0.073851
     C   14        0.068349        0.023234       -0.345141
     C   14       -0.073851       -0.345141        0.128649

     H   15        0.258762        0.185495        0.363783
     H   15        0.185495       -0.105062       -0.124951
     H   15        0.363783       -0.124951       -0.153700

     C   16       -0.458583        0.126312       -0.127865
     C   16        0.126312        0.218903       -0.005076
     C   16       -0.127865       -0.005076        0.239680

     C   17        0.189512       -0.030852        0.205185
     C   17       -0.030852       -0.316615       -0.153236
     C   17        0.205185       -0.153236        0.127104

     Cl  18        1.197636       -2.675896       -0.130152
     Cl  18       -2.675896       -0.134893       -0.344623
     Cl  18       -0.130152       -0.344623       -1.062743

     H   19       -0.116189        0.208204        0.167019
     H   19        0.208204        0.086688       -0.654881
     H   19        0.167019       -0.654881        0.029502

     C   20       -0.101711       -0.188509       -0.406437
     C   20       -0.188509       -0.149397        0.015870
     C   20       -0.406437        0.015870        0.251108

     H   21        0.290977        0.004839        0.733586
     H   21        0.004839       -0.083825       -0.235725
     H   21        0.733586       -0.235725       -0.207152

     C   22        0.157796        0.087320       -0.000974
     C   22        0.087320       -0.130837       -0.060306
     C   22       -0.000974       -0.060306       -0.026959

     C   23       -0.244970       -0.012983       -0.290764
     C   23       -0.012983        0.026371        0.171480
     C   23       -0.290764        0.171480        0.218599

     Cl  24        0.644524        2.359410       -1.091431
     Cl  24        2.359410       -0.918125        0.355126
     Cl  24       -1.091431        0.355126        0.273601


     NQR/NMR SPECTROSCOPIC PARAMETERS:
     Cl   1    Vxx=    0.2021    axis=(  0.794125 -0.607754 -0.001077)
     Cl   1    Vyy=    2.2839    axis=(  0.003813  0.006754 -0.999970)
     Cl   1    Vzz=   -2.4860    axis=(  0.607743  0.794097  0.007681)
     Cl   1  Q=        -8.1650 1e-30 m^2  Cq=        47.6934 MHz  eta= 0.83740

     C    2    Vxx=    0.2034    axis=(  0.728607 -0.656528  0.195201)
     C    2    Vyy=    0.3713    axis=( -0.510015 -0.329808  0.794425)
     C    2    Vzz=   -0.5747    axis=(  0.457184  0.678379  0.575139)
     C    2  Q=         1.0000 1e-30 m^2  Cq=        -1.3503 MHz  eta= 0.29203

     C    3    Vxx=    0.0973    axis=(  0.231659  0.670556 -0.704761)
     C    3    Vyy=    0.3315    axis=(  0.909282  0.108228  0.401862)
     C    3    Vzz=   -0.4287    axis=(  0.345746 -0.733921 -0.584653)
     C    3  Q=         1.0000 1e-30 m^2  Cq=        -1.0073 MHz  eta= 0.54629

     H    4    Vxx=   -0.1320    axis=( -0.282730  0.873866  0.395502)
     H    4    Vyy=   -0.1655    axis=( -0.223850 -0.461051  0.858675)
     H    4    Vzz=    0.2975    axis=( -0.932714 -0.154240 -0.325967)
     H    4  Q=         1.0000 1e-30 m^2  Cq=         0.6989 MHz  eta= 0.11265

     C    5    Vxx=   -0.0193    axis=( -0.503953  0.458114  0.732231)
     C    5    Vyy=   -0.3397    axis=( -0.769753 -0.622766 -0.140149)
     C    5    Vzz=    0.3590    axis=(  0.391805 -0.634266  0.666480)
     C    5  Q=         1.0000 1e-30 m^2  Cq=         0.8436 MHz  eta= 0.89224

     H    6    Vxx=    0.0187    axis=(  0.745525  0.333818 -0.576852)
     H    6    Vyy=    0.5857    axis=( -0.044664 -0.838554 -0.542985)
     H    6    Vzz=   -0.6044    axis=( -0.664980  0.430573 -0.610253)
     H    6  Q=         1.0000 1e-30 m^2  Cq=        -1.4201 MHz  eta= 0.93826

     H    7    Vxx=   -0.1368    axis=(  0.750521 -0.371634 -0.546449)
     H    7    Vyy=   -0.1626    axis=(  0.660790  0.432836  0.613196)
     H    7    Vzz=    0.2994    axis=( -0.008639  0.821305 -0.570424)
     H    7  Q=         1.0000 1e-30 m^2  Cq=         0.7035 MHz  eta= 0.08600

     C    8    Vxx=   -0.1500    axis=(  0.571481  0.818709  0.055904)
     C    8    Vyy=   -0.2925    axis=(  0.508615 -0.406841  0.758809)
     C    8    Vzz=    0.4425    axis=( -0.643988  0.405211  0.648910)
     C    8  Q=         1.0000 1e-30 m^2  Cq=         1.0397 MHz  eta= 0.32210

     H    9    Vxx=    0.0046    axis=(  0.447687  0.762675 -0.466801)
     H    9    Vyy=    0.6667    axis=(  0.853162 -0.208007  0.478380)
     H    9    Vzz=   -0.6713    axis=(  0.267750 -0.612422 -0.743808)
     H    9  Q=         1.0000 1e-30 m^2  Cq=        -1.5774 MHz  eta= 0.98620

     C   10    Vxx=   -0.1987    axis=( -0.771209  0.317453 -0.551780)
     C   10    Vyy=   -0.3610    axis=( -0.574641 -0.720125  0.388856)
     C   10    Vzz=    0.5597    axis=( -0.273907  0.616964  0.737788)
     C   10  Q=         1.0000 1e-30 m^2  Cq=         1.3150 MHz  eta= 0.28999

     C   11    Vxx=    0.1612    axis=(  0.099623  0.910043  0.402364)
     C   11    Vyy=    0.3698    axis=( -0.858875 -0.125528  0.496565)
     C   11    Vzz=   -0.5310    axis=(  0.502404 -0.395049  0.769108)
     C   11  Q=         1.0000 1e-30 m^2  Cq=        -1.2476 MHz  eta= 0.39280

     Cl  12    Vxx=    1.0053    axis=( -0.123759  0.304363  0.944482)
     Cl  12    Vyy=    1.7752    axis=(  0.806450  0.585449 -0.082991)
     Cl  12    Vzz=   -2.7805    axis=( -0.578205  0.751407 -0.317908)
     Cl  12  Q=        -8.1650 1e-30 m^2  Cq=        53.3433 MHz  eta= 0.27689

     H   13    Vxx=   -0.1093    axis=( -0.917595 -0.309568  0.249372)
     H   13    Vyy=   -0.3361    axis=( -0.394418  0.630851 -0.668177)
     H   13    Vzz=    0.4454    axis=(  0.049530 -0.711473 -0.700966)
     H   13  Q=         1.0000 1e-30 m^2  Cq=         1.0465 MHz  eta= 0.50917

     C   14    Vxx=   -0.1688    axis=( -0.985354  0.081998 -0.149513)
     C   14    Vyy=   -0.2733    axis=(  0.034863 -0.761405 -0.647339)
     C   14    Vzz=    0.4421    axis=( -0.166920 -0.643070  0.747394)
     C   14  Q=         1.0000 1e-30 m^2  Cq=         1.0388 MHz  eta= 0.23649

     H   15    Vxx=   -0.0106    axis=(  0.094794  0.856703 -0.507025)
     H   15    Vyy=   -0.4775    axis=( -0.482550  0.485025  0.729312)
     H   15    Vzz=    0.4881    axis=(  0.870723  0.175530  0.459380)
     H   15  Q=         1.0000 1e-30 m^2  Cq=         1.1468 MHz  eta= 0.95662

     C   16    Vxx=    0.2223    axis=(  0.044988  0.820047  0.570525)
     C   16    Vyy=    0.2801    axis=(  0.232710  0.546789 -0.804281)
     C   16    Vzz=   -0.5024    axis=( -0.971505  0.168949 -0.166234)
     C   16  Q=         1.0000 1e-30 m^2  Cq=        -1.1805 MHz  eta= 0.11509

     C   17    Vxx=   -0.0216    axis=( -0.690423 -0.275280  0.668982)
     C   17    Vyy=   -0.3665    axis=(  0.065940 -0.944866 -0.320750)
     C   17    Vzz=    0.3881    axis=(  0.720394 -0.177340  0.670509)
     C   17  Q=         1.0000 1e-30 m^2  Cq=         0.9118 MHz  eta= 0.88867

     Cl  18    Vxx=   -0.9673    axis=( -0.185175 -0.196648  0.962829)
     Cl  18    Vyy=   -2.3244    axis=(  0.588955  0.762110  0.268924)
     Cl  18    Vzz=    3.2917    axis=( -0.786665  0.616861 -0.025307)
     Cl  18  Q=        -8.1650 1e-30 m^2  Cq=       -63.1504 MHz  eta= 0.41227

     H   19    Vxx=   -0.0006    axis=(  0.913263  0.247763  0.323363)
     H   19    Vyy=   -0.7146    axis=(  0.404897 -0.639404 -0.653621)
     H   19    Vzz=    0.7152    axis=(  0.044816  0.727857 -0.684263)
     H   19  Q=         1.0000 1e-30 m^2  Cq=         1.6804 MHz  eta= 0.99841

     C   20    Vxx=   -0.0916    axis=(  0.299442 -0.868365  0.395319)
     C   20    Vyy=   -0.4467    axis=( -0.769693 -0.464701 -0.437752)
     C   20    Vzz=    0.5383    axis=( -0.563833  0.173193  0.807525)
     C   20  Q=         1.0000 1e-30 m^2  Cq=         1.2648 MHz  eta= 0.65960

     H   21    Vxx=   -0.0491    axis=(  0.276745  0.951475 -0.134562)
     H   21    Vyy=   -0.7874    axis=( -0.542364  0.270253  0.795490)
     H   21    Vzz=    0.8365    axis=(  0.793255 -0.147166  0.590837)
     H   21  Q=         1.0000 1e-30 m^2  Cq=         1.9654 MHz  eta= 0.88265

     C   22    Vxx=   -0.0061    axis=(  0.178307 -0.324301  0.928997)
     C   22    Vyy=   -0.1775    axis=( -0.234110  0.903033  0.360171)
     C   22    Vzz=    0.1836    axis=( -0.955719 -0.281708  0.085095)
     C   22  Q=         1.0000 1e-30 m^2  Cq=         0.4314 MHz  eta= 0.93363

     C   23    Vxx=   -0.0288    axis=(  0.308293  0.912181 -0.269966)
     C   23    Vyy=   -0.3952    axis=( -0.874124  0.159673 -0.458707)
     C   23    Vzz=    0.4239    axis=( -0.375317  0.377400  0.846585)
     C   23  Q=         1.0000 1e-30 m^2  Cq=         0.9961 MHz  eta= 0.86429

     Cl  24    Vxx=    0.3363    axis=(  0.081082  0.409716  0.908602)
     Cl  24    Vyy=    2.5642    axis=( -0.803008 -0.513161  0.303059)
     Cl  24    Vzz=   -2.9006    axis=(  0.590427 -0.754187  0.287397)
     Cl  24  Q=        -8.1650 1e-30 m^2  Cq=        55.6457 MHz  eta= 0.76809

     Initialization:
     gipaw_setup  :      9.25s CPU     11.02s WALL (       1 calls)

     Linear response

     Apply operators

     Induced current

     Other routines
     efg          :      9.28s CPU     11.84s WALL (       1 calls)

     General routines
     calbec       :      3.19s CPU      4.20s WALL (      16 calls)
     fft          :      1.62s CPU      2.78s WALL (      15 calls)
     ffts         :      0.03s CPU      0.04s WALL (       2 calls)
     fftw         :      3.40s CPU      4.31s WALL (     672 calls)
     davcio       :      0.03s CPU      0.31s WALL (      32 calls)

     Parallel routines
     fft_scatter  :      2.37s CPU      4.34s WALL (     689 calls)

     Plugins

     GIPAW        :     60.33s CPU     73.12s WALL (       1 calls)
