
     Program QE v.6.0 (svn rev. 13079) starts on 18Dec2016 at 10: 5:16 

     This program is part of the open-source Quantum ESPRESSO suite
     for quantum simulation of materials; please cite
         "P. Giannozzi et al., J. Phys.:Condens. Matter 21 395502 (2009);
          URL http://www.quantum-espresso.org", 
     in publications or presentations arising from this work. More details at
     http://www.quantum-espresso.org/quote

     Parallel version (MPI), running on     8 processors
     R & G space division:  proc/nbgrp/npool/nimage =       8

     ***** This is GIPAW svn revision unknown      *****

     Parallelizing q-star over 1 images

     Reading data from directory:
     /users/majewski/paradichlorobenzene/pbe/9_constraint/scratch/pbe.ecut100.np8.dt60.pcl2phi-129368.save
     Message from routine read_xml_file:
     file /users/majewski/paradichlorobenzene/pbe/9_constraint/scratch/pbe.ecut100.np8.dt60.pcl2phi-129368.save not guaranteed to be safe for post-processing

   Info: using nr1, nr2, nr3 values from input

   Info: using nr1, nr2, nr3 values from input

     IMPORTANT: XC functional enforced from input :
     Exchange-correlation      =  SLA  PW   PBX  PBC ( 1  4  3  4 0 0)
     Any further DFT definition will be discarded
     Please, verify this is what you really want

               file C.pbe-n-kjpaw_psl.1.0.0.UPF: wavefunction(s)  2S 2P renormalized
               file Cl.pbe-n-kjpaw_psl.1.0.0.UPF: wavefunction(s)  3S 3P renormalized
               file H.pbe-kjpaw_psl.1.0.0.UPF: wavefunction(s)  1S renormalized

     Parallelization info
     --------------------
     sticks:   dense  smooth     PW     G-vecs:    dense   smooth      PW
     Min        3057    1223    332               144436    36536    5170
     Max        3059    1225    333               144437    36537    5171
     Sum       24467    9791   2657              1155489   292295   41363


     Subspace diagonalization in iterative solution of the eigenvalue problem:
     a serial algorithm will be used

     GIPAW projectors -----------------------------------------------
     atom=  C    l=0  rc=    1.2000  rs=    0.8000
     atom=  C    l=0  rc=    1.2000  rs=    0.8000
     atom=  C    l=1  rc=    1.4000  rs=    0.9333
     atom=  C    l=1  rc=    1.4000  rs=    0.9333
     projs nearly linearly dependent: l=1  n1,n2= 1, 2  s=  0.99951561

     atom=  Cl   l=0  rc=    1.6000  rs=    1.0667
     atom=  Cl   l=0  rc=    1.6000  rs=    1.0667
     atom=  Cl   l=1  rc=    1.6000  rs=    1.0667
     atom=  Cl   l=1  rc=    1.6000  rs=    1.0667
     atom=  Cl   l=2  rc=    1.6000  rs=    1.0667
     atom=  Cl   l=2  rc=    1.6000  rs=    1.0667
     projs nearly linearly dependent: l=2  n1,n2= 1, 2  s=  0.99993509

     atom=  H    l=0  rc=    1.0000  rs=    0.6667
     atom=  H    l=0  rc=    1.0000  rs=    0.6667
     projs nearly linearly dependent: l=0  n1,n2= 1, 2  s=  0.99968852
     -----------------------------------------------------------------

     GIPAW integrals: -------------------------------------------
     Atom  i/j   nmr_para   nmr_dia   epr_rmc  epr_para   epr_dia
       C   1 1   0.83E+03  0.17E-01  0.93E+01  0.24E+08  0.24E+03
       C   2 1   0.86E+03 -0.61E-01  0.94E+01  0.25E+08  0.25E+03
       C   2 2   0.90E+03 -0.15E+00  0.97E+01  0.26E+08  0.26E+03
       C   3 3   0.33E+01  0.34E+00  0.18E+01  0.55E+03  0.21E+02
       C   4 3   0.35E+01  0.37E+00  0.20E+01  0.59E+03  0.22E+02
       C   4 4   0.38E+01  0.39E+00  0.22E+01  0.63E+03  0.24E+02
       Cl  1 1   0.14E+04 -0.47E+00  0.84E+01  0.32E+09  0.42E+03
       Cl  2 1   0.21E+04 -0.37E+00  0.12E+02  0.49E+09  0.65E+03
       Cl  2 2   0.33E+04 -0.16E+00  0.21E+02  0.76E+09  0.10E+04
       Cl  3 3   0.21E+02  0.79E-01  0.89E+01  0.23E+05  0.13E+03
       Cl  4 3   0.24E+02  0.67E-01  0.99E+01  0.27E+05  0.15E+03
       Cl  4 4   0.28E+02  0.44E-01  0.11E+02  0.32E+05  0.18E+03
       Cl  5 5   0.77E+00  0.19E+00  0.18E+01  0.12E+03  0.22E+02
       Cl  6 5   0.80E+00  0.19E+00  0.19E+01  0.12E+03  0.23E+02
       Cl  6 6   0.83E+00  0.20E+00  0.19E+01  0.12E+03  0.23E+02
       H   1 1   0.39E+02  0.19E+00  0.29E+00  0.78E+05  0.13E+02
       H   2 1   0.41E+02  0.21E+00  0.32E+00  0.82E+05  0.14E+02
       H   2 2   0.43E+02  0.22E+00  0.36E+00  0.86E+05  0.15E+02
     ------------------------------------------------------------

     alpha_pv=     34.5088 eV

     Number of occupied bands for each k-point:
     k-point:     1    nbnd_occ=  42
     k-point:     2    nbnd_occ=  42
     k-point:     3    nbnd_occ=  42
     k-point:     4    nbnd_occ=  42
     k-point:     5    nbnd_occ=  42
     k-point:     6    nbnd_occ=  42
     k-point:     7    nbnd_occ=  42
     k-point:     8    nbnd_occ=  42
     k-point:     9    nbnd_occ=  42
     k-point:    10    nbnd_occ=  42
     k-point:    11    nbnd_occ=  42
     k-point:    12    nbnd_occ=  42
     k-point:    13    nbnd_occ=  42
     k-point:    14    nbnd_occ=  42
     k-point:    15    nbnd_occ=  42
     k-point:    16    nbnd_occ=  42


     q-space interpolation up to   110.00 Rydberg

     GIPAW job: efg                                                                             


     ELECTRIC FIELD GRADIENTS TENSORS IN Hartree/bohrradius^2:

     ----- bare term -----
     Cl   1        0.008641        0.055363        0.062337
     Cl   1        0.055363        0.015477        0.090067
     Cl   1        0.062337        0.090067       -0.024118

     C    2       -0.179289        0.258505       -0.147149
     C    2        0.258505       -0.275150       -0.494342
     C    2       -0.147149       -0.494342        0.454439

     C    3       -0.136621        0.358712       -0.228120
     C    3        0.358712       -0.260639       -0.522705
     C    3       -0.228120       -0.522705        0.397261

     H    4       -0.324789       -0.209980       -0.512457
     H    4       -0.209980        0.328512       -0.223351
     H    4       -0.512457       -0.223351       -0.003723

     C    5       -0.655885        0.329178       -0.417142
     C    5        0.329178        0.256635       -0.192547
     C    5       -0.417142       -0.192547        0.399250

     H    6        0.172925        0.128622       -0.185777
     H    6        0.128622       -0.434815       -0.431571
     H    6       -0.185777       -0.431571        0.261890

     H    7        0.477931        0.033576       -0.041917
     H    7        0.033576       -0.804464       -0.000558
     H    7       -0.041917       -0.000558        0.326532

     C    8       -0.216988       -0.178475       -0.266448
     C    8       -0.178475       -0.002065        0.531054
     C    8       -0.266448        0.531054        0.219053

     H    9       -0.164351        0.457286       -0.332123
     H    9        0.457286       -0.196421        0.202361
     H    9       -0.332123        0.202361        0.360772

     C   10       -0.577182       -0.371688       -0.249556
     C   10       -0.371688        0.246477        0.298405
     C   10       -0.249556        0.298405        0.330706

     C   11        0.033971       -0.340697       -0.081239
     C   11       -0.340697       -0.241167        0.479585
     C   11       -0.081239        0.479585        0.207196

     Cl  12       -0.078390       -0.205325        0.052237
     Cl  12       -0.205325        0.105078       -0.104448
     Cl  12        0.052237       -0.104448       -0.026688

     H   13        0.103193        0.362245        0.003761
     H   13        0.362245       -0.454764       -0.336981
     H   13        0.003761       -0.336981        0.351571

     C   14       -0.134659       -0.370241       -0.396902
     C   14       -0.370241       -0.027117       -0.560801
     C   14       -0.396902       -0.560801        0.161776

     H   15        0.019077       -0.171992       -0.317360
     H   15       -0.171992       -0.313978       -0.399351
     H   15       -0.317360       -0.399351        0.294900

     C   16       -0.675718        0.311448       -0.216664
     C   16        0.311448        0.277508       -0.152716
     C   16       -0.216664       -0.152716        0.398211

     C   17        0.015567       -0.009778       -0.237203
     C   17       -0.009778       -0.055325       -0.541256
     C   17       -0.237203       -0.541256        0.039759

     Cl  18       -0.276892        0.284534       -0.004905
     Cl  18        0.284534        0.096832        0.119806
     Cl  18       -0.004905        0.119806        0.180060

     H   19       -0.022107        0.009374        0.348819
     H   19        0.009374        0.034992        0.420651
     H   19        0.348819        0.420651       -0.012884

     C   20       -0.457177       -0.355974       -0.500042
     C   20       -0.355974        0.301264        0.223518
     C   20       -0.500042        0.223518        0.155913

     H   21       -0.180086        0.143314       -0.501931
     H   21        0.143314        0.336416       -0.002999
     H   21       -0.501931       -0.002999       -0.156330

     C   22       -0.046703       -0.452864       -0.184884
     C   22       -0.452864       -0.290278        0.548366
     C   22       -0.184884        0.548366        0.336981

     C   23       -0.197325       -0.040074       -0.414804
     C   23       -0.040074       -0.079058        0.483152
     C   23       -0.414804        0.483152        0.276384

     Cl  24       -0.017645       -0.046210       -0.021735
     Cl  24       -0.046210       -0.009987        0.008200
     Cl  24       -0.021735        0.008200        0.027633

     ----- ionic term -----
     Cl   1        0.188842       -0.197051        0.020812
     Cl   1       -0.197051       -0.055233       -0.009883
     Cl   1        0.020812       -0.009883       -0.133609

     C    2        0.216845       -0.105826        0.286105
     C    2       -0.105826        0.114354        0.440757
     C    2        0.286105        0.440757       -0.331199

     C    3        0.186617       -0.291878        0.202839
     C    3       -0.291878        0.191859        0.376949
     C    3        0.202839        0.376949       -0.378476

     H    4        0.507946        0.360003        0.680153
     H    4        0.360003       -0.373467        0.311729
     H    4        0.680153        0.311729       -0.134479

     C    5        0.313523       -0.205892        0.291474
     C    5       -0.205892        0.085668        0.283360
     C    5        0.291474        0.283360       -0.399191

     H    6       -0.508432       -0.081551       -0.011653
     H    6       -0.081551        0.832797        0.583557
     H    6       -0.011653        0.583557       -0.324364

     H    7       -0.505623        0.004742       -0.000287
     H    7        0.004742        0.846473       -0.576897
     H    7       -0.000287       -0.576897       -0.340850

     C    8        0.324608        0.165919        0.212009
     C    8        0.165919        0.106559       -0.296039
     C    8        0.212009       -0.296039       -0.431167

     H    9        0.491500       -0.345161        0.688714
     H    9       -0.345161       -0.412834       -0.295335
     H    9        0.688714       -0.295335       -0.078667

     C   10        0.192665        0.237329        0.178016
     C   10        0.237329        0.206064       -0.347940
     C   10        0.178016       -0.347940       -0.398729

     C   11        0.205040        0.203843        0.315684
     C   11        0.203843        0.134383       -0.342614
     C   11        0.315684       -0.342614       -0.339423

     Cl  12        0.143030        0.222753        0.014093
     Cl  12        0.222753        0.020175        0.009680
     Cl  12        0.014093        0.009680       -0.163205

     H   13       -0.521918       -0.055298       -0.036667
     H   13       -0.055298        0.586240        0.741323
     H   13       -0.036667        0.741323       -0.064322

     C   14        0.291771       -0.110201        0.313860
     C   14       -0.110201        0.018858        0.335222
     C   14        0.313860        0.335222       -0.310629

     H   15        0.421504        0.422902        0.681195
     H   15        0.422902       -0.306954        0.353139
     H   15        0.681195        0.353139       -0.114550

     C   16        0.157518       -0.208268        0.218913
     C   16       -0.208268        0.174153        0.373511
     C   16        0.218913        0.373511       -0.331671

     C   17        0.210890       -0.182752        0.289551
     C   17       -0.182752        0.146017        0.394441
     C   17        0.289551        0.394441       -0.356907

     Cl  18        0.170215       -0.219803        0.045493
     Cl  18       -0.219803       -0.005899       -0.018067
     Cl  18        0.045493       -0.018067       -0.164316

     H   19       -0.495064        0.153360       -0.089722
     H   19        0.153360        0.458550       -0.765639
     H   19       -0.089722       -0.765639        0.036514

     C   20        0.307049        0.223759        0.279544
     C   20        0.223759       -0.070460       -0.324148
     C   20        0.279544       -0.324148       -0.236588

     H   21        0.470656       -0.250373        0.756638
     H   21       -0.250373       -0.457625       -0.262132
     H   21        0.756638       -0.262132       -0.013032

     C   22        0.149725        0.229737        0.196452
     C   22        0.229737        0.111432       -0.426148
     C   22        0.196452       -0.426148       -0.261156

     C   23        0.192678        0.153300        0.213856
     C   23        0.153300        0.141326       -0.467365
     C   23        0.213856       -0.467365       -0.334004

     Cl  24        0.166574        0.234994        0.011617
     Cl  24        0.234994       -0.011113       -0.004387
     Cl  24        0.011617       -0.004387       -0.155461

     ----- GIPAW term -----
     Cl   1        2.117037       -0.586634        1.635927
     Cl   1       -0.586634       -0.632965        0.944092
     Cl   1        1.635927        0.944092       -1.484072

     C    2        0.031553       -0.113386        0.064120
     C    2       -0.113386       -0.073335       -0.134024
     C    2        0.064120       -0.134024        0.041782

     C    3       -0.028691        0.075808       -0.062606
     C    3        0.075808       -0.026849       -0.096760
     C    3       -0.062606       -0.096760        0.055539

     H    4       -0.000000        0.000000        0.000000
     H    4        0.000000        0.000000        0.000000
     H    4        0.000000        0.000000        0.000000

     C    5       -0.131578        0.125690       -0.027809
     C    5        0.125690        0.120181        0.045346
     C    5       -0.027809        0.045346        0.011398

     H    6       -0.000000        0.000000        0.000000
     H    6        0.000000        0.000000        0.000000
     H    6        0.000000        0.000000        0.000000

     H    7       -0.000000        0.000000        0.000000
     H    7        0.000000        0.000000        0.000000
     H    7        0.000000        0.000000        0.000000

     C    8       -0.093044       -0.083618       -0.046644
     C    8       -0.083618        0.166675        0.190775
     C    8       -0.046644        0.190775       -0.073631

     H    9       -0.000000        0.000000        0.000000
     H    9        0.000000        0.000000        0.000000
     H    9        0.000000        0.000000        0.000000

     C   10       -0.198665       -0.120240       -0.071901
     C   10       -0.120240        0.259016        0.113472
     C   10       -0.071901        0.113472       -0.060350

     C   11        0.077920       -0.087325        0.065715
     C   11       -0.087325        0.038732       -0.029883
     C   11        0.065715       -0.029883       -0.116652

     Cl  12        0.778995        0.299876        0.575504
     Cl  12        0.299876        1.106020       -1.075883
     Cl  12        0.575504       -1.075883       -1.885014

     H   13       -0.000000        0.000000        0.000000
     H   13        0.000000        0.000000        0.000000
     H   13        0.000000        0.000000        0.000000

     C   14        0.041616       -0.235144        0.025050
     C   14       -0.235144        0.046275       -0.169049
     C   14        0.025050       -0.169049       -0.087891

     H   15       -0.000000        0.000000        0.000000
     H   15        0.000000        0.000000        0.000000
     H   15        0.000000        0.000000        0.000000

     C   16       -0.180677       -0.106003       -0.035990
     C   16       -0.106003        0.271657        0.030951
     C   16       -0.035990        0.030951       -0.090980

     C   17       -0.059029       -0.059003       -0.013465
     C   17       -0.059003        0.232411        0.057076
     C   17       -0.013465        0.057076       -0.173382

     Cl  18       -1.086593       -0.572078        0.048728
     Cl  18       -0.572078        1.751481        2.060787
     Cl  18        0.048728        2.060787       -0.664889

     H   19       -0.000000        0.000000        0.000000
     H   19        0.000000        0.000000        0.000000
     H   19        0.000000        0.000000        0.000000

     C   20        0.029461       -0.227844       -0.078773
     C   20       -0.227844        0.091603        0.024060
     C   20       -0.078773        0.024060       -0.121064

     H   21       -0.000000        0.000000        0.000000
     H   21        0.000000        0.000000        0.000000
     H   21        0.000000        0.000000        0.000000

     C   22        0.006751       -0.142738       -0.052814
     C   22       -0.142738       -0.011160        0.105133
     C   22       -0.052814        0.105133        0.004409

     C   23        0.053938        0.115687       -0.082307
     C   23        0.115687        0.004709        0.078644
     C   23       -0.082307        0.078644       -0.058646

     Cl  24        1.427745        2.138865       -0.170434
     Cl  24        2.138865        0.059584        0.065335
     Cl  24       -0.170434        0.065335       -1.487329

     ----- total EFG -----
     Cl   1        2.314520       -0.728322        1.719076
     Cl   1       -0.728322       -0.672721        1.024275
     Cl   1        1.719076        1.024275       -1.641799

     C    2        0.069109        0.039293        0.203077
     C    2        0.039293       -0.234131       -0.187609
     C    2        0.203077       -0.187609        0.165022

     C    3        0.021305        0.142643       -0.087887
     C    3        0.142643       -0.095629       -0.242515
     C    3       -0.087887       -0.242515        0.074324

     H    4        0.183157        0.150024        0.167697
     H    4        0.150024       -0.044955        0.088378
     H    4        0.167697        0.088378       -0.138202

     C    5       -0.473940        0.248977       -0.153477
     C    5        0.248977        0.462483        0.136159
     C    5       -0.153477        0.136159        0.011457

     H    6       -0.335507        0.047071       -0.197429
     H    6        0.047071        0.397981        0.151986
     H    6       -0.197429        0.151986       -0.062474

     H    7       -0.027691        0.038318       -0.042203
     H    7        0.038318        0.042010       -0.577455
     H    7       -0.042203       -0.577455       -0.014318

     C    8        0.014576       -0.096175       -0.101083
     C    8       -0.096175        0.271169        0.425790
     C    8       -0.101083        0.425790       -0.285745

     H    9        0.327150        0.112125        0.356590
     H    9        0.112125       -0.609255       -0.092974
     H    9        0.356590       -0.092974        0.282105

     C   10       -0.583183       -0.254599       -0.143441
     C   10       -0.254599        0.711556        0.063938
     C   10       -0.143441        0.063938       -0.128373

     C   11        0.316932       -0.224179        0.300160
     C   11       -0.224179       -0.068052        0.107088
     C   11        0.300160        0.107088       -0.248880

     Cl  12        0.843635        0.317305        0.641833
     Cl  12        0.317305        1.231272       -1.170651
     Cl  12        0.641833       -1.170651       -2.074907

     H   13       -0.418725        0.306947       -0.032907
     H   13        0.306947        0.131476        0.404341
     H   13       -0.032907        0.404341        0.287249

     C   14        0.198729       -0.715586       -0.057992
     C   14       -0.715586        0.038016       -0.394629
     C   14       -0.057992       -0.394629       -0.236745

     H   15        0.440582        0.250910        0.363834
     H   15        0.250910       -0.620932       -0.046212
     H   15        0.363834       -0.046212        0.180350

     C   16       -0.698877       -0.002822       -0.033741
     C   16       -0.002822        0.723317        0.251747
     C   16       -0.033741        0.251747       -0.024440

     C   17        0.167428       -0.251533        0.038883
     C   17       -0.251533        0.323102       -0.089739
     C   17        0.038883       -0.089739       -0.490530

     Cl  18       -1.193269       -0.507347        0.089316
     Cl  18       -0.507347        1.842414        2.162526
     Cl  18        0.089316        2.162526       -0.649145

     H   19       -0.517171        0.162735        0.259097
     H   19        0.162735        0.493541       -0.344988
     H   19        0.259097       -0.344988        0.023630

     C   20       -0.120668       -0.360059       -0.299270
     C   20       -0.360059        0.322407       -0.076571
     C   20       -0.299270       -0.076571       -0.201740

     H   21        0.290570       -0.107059        0.254707
     H   21       -0.107059       -0.121209       -0.265131
     H   21        0.254707       -0.265131       -0.169361

     C   22        0.109773       -0.365865       -0.041245
     C   22       -0.365865       -0.190007        0.227351
     C   22       -0.041245        0.227351        0.080234

     C   23        0.049290        0.228912       -0.283255
     C   23        0.228912        0.066977        0.094432
     C   23       -0.283255        0.094432       -0.116267

     Cl  24        1.576674        2.327650       -0.180553
     Cl  24        2.327650        0.038484        0.069147
     Cl  24       -0.180553        0.069147       -1.615158

     ----- total EFG (symmetrized) -----
     Cl   1        2.314520       -0.728322        1.719076
     Cl   1       -0.728322       -0.672721        1.024275
     Cl   1        1.719076        1.024275       -1.641799

     C    2        0.069109        0.039293        0.203077
     C    2        0.039293       -0.234131       -0.187609
     C    2        0.203077       -0.187609        0.165022

     C    3        0.021305        0.142643       -0.087887
     C    3        0.142643       -0.095629       -0.242515
     C    3       -0.087887       -0.242515        0.074324

     H    4        0.183157        0.150024        0.167697
     H    4        0.150024       -0.044955        0.088378
     H    4        0.167697        0.088378       -0.138202

     C    5       -0.473940        0.248977       -0.153477
     C    5        0.248977        0.462483        0.136159
     C    5       -0.153477        0.136159        0.011457

     H    6       -0.335507        0.047071       -0.197429
     H    6        0.047071        0.397981        0.151986
     H    6       -0.197429        0.151986       -0.062474

     H    7       -0.027691        0.038318       -0.042203
     H    7        0.038318        0.042010       -0.577455
     H    7       -0.042203       -0.577455       -0.014318

     C    8        0.014576       -0.096175       -0.101083
     C    8       -0.096175        0.271169        0.425790
     C    8       -0.101083        0.425790       -0.285745

     H    9        0.327150        0.112125        0.356590
     H    9        0.112125       -0.609255       -0.092974
     H    9        0.356590       -0.092974        0.282105

     C   10       -0.583183       -0.254599       -0.143441
     C   10       -0.254599        0.711556        0.063938
     C   10       -0.143441        0.063938       -0.128373

     C   11        0.316932       -0.224179        0.300160
     C   11       -0.224179       -0.068052        0.107088
     C   11        0.300160        0.107088       -0.248880

     Cl  12        0.843635        0.317305        0.641833
     Cl  12        0.317305        1.231272       -1.170651
     Cl  12        0.641833       -1.170651       -2.074907

     H   13       -0.418725        0.306947       -0.032907
     H   13        0.306947        0.131476        0.404341
     H   13       -0.032907        0.404341        0.287249

     C   14        0.198729       -0.715586       -0.057992
     C   14       -0.715586        0.038016       -0.394629
     C   14       -0.057992       -0.394629       -0.236745

     H   15        0.440582        0.250910        0.363834
     H   15        0.250910       -0.620932       -0.046212
     H   15        0.363834       -0.046212        0.180350

     C   16       -0.698877       -0.002822       -0.033741
     C   16       -0.002822        0.723317        0.251747
     C   16       -0.033741        0.251747       -0.024440

     C   17        0.167428       -0.251533        0.038883
     C   17       -0.251533        0.323102       -0.089739
     C   17        0.038883       -0.089739       -0.490530

     Cl  18       -1.193269       -0.507347        0.089316
     Cl  18       -0.507347        1.842414        2.162526
     Cl  18        0.089316        2.162526       -0.649145

     H   19       -0.517171        0.162735        0.259097
     H   19        0.162735        0.493541       -0.344988
     H   19        0.259097       -0.344988        0.023630

     C   20       -0.120668       -0.360059       -0.299270
     C   20       -0.360059        0.322407       -0.076571
     C   20       -0.299270       -0.076571       -0.201740

     H   21        0.290570       -0.107059        0.254707
     H   21       -0.107059       -0.121209       -0.265131
     H   21        0.254707       -0.265131       -0.169361

     C   22        0.109773       -0.365865       -0.041245
     C   22       -0.365865       -0.190007        0.227351
     C   22       -0.041245        0.227351        0.080234

     C   23        0.049290        0.228912       -0.283255
     C   23        0.228912        0.066977        0.094432
     C   23       -0.283255        0.094432       -0.116267

     Cl  24        1.576674        2.327650       -0.180553
     Cl  24        2.327650        0.038484        0.069147
     Cl  24       -0.180553        0.069147       -1.615158


     NQR/NMR SPECTROSCOPIC PARAMETERS:
     Cl   1    Vxx=   -0.0481    axis=(  0.078113 -0.874873 -0.478011)
     Cl   1    Vyy=   -2.9400    axis=(  0.332410  0.474894 -0.814849)
     Cl   1    Vzz=    2.9881    axis=(  0.939895 -0.095245  0.327912)
     Cl   1  Q=        -8.1650 1e-30 m^2  Cq=       -57.3248 MHz  eta= 0.96784

     C    2    Vxx=   -0.0108    axis=(  0.784312  0.474051 -0.400164)
     C    2    Vyy=   -0.3429    axis=( -0.294433  0.852212  0.432485)
     C    2    Vzz=    0.3537    axis=(  0.546044 -0.221382  0.807976)
     C    2  Q=         1.0000 1e-30 m^2  Cq=         0.8310 MHz  eta= 0.93919

     C    3    Vxx=   -0.0421    axis=( -0.854287  0.061800 -0.516114)
     C    3    Vyy=   -0.2841    axis=( -0.243213  0.829992  0.501957)
     C    3    Vzz=    0.3262    axis=(  0.459391  0.554341 -0.694021)
     C    3  Q=         1.0000 1e-30 m^2  Cq=         0.7665 MHz  eta= 0.74181

     H    4    Vxx=   -0.1192    axis=(  0.462212 -0.885831 -0.040795)
     H    4    Vyy=   -0.2145    axis=(  0.313189  0.206110 -0.927055)
     H    4    Vzz=    0.3337    axis=(  0.829622  0.415719  0.372698)
     H    4  Q=         1.0000 1e-30 m^2  Cq=         0.7840 MHz  eta= 0.28573

     C    5    Vxx=    0.0490    axis=( -0.328249 -0.111239  0.938018)
     C    5    Vyy=    0.5426    axis=(  0.207093  0.960407  0.186363)
     C    5    Vzz=   -0.5916    axis=( -0.921610  0.255430 -0.292216)
     C    5  Q=         1.0000 1e-30 m^2  Cq=        -1.3900 MHz  eta= 0.83429

     H    6    Vxx=    0.0105    axis=( -0.504999 -0.261286  0.822621)
     H    6    Vyy=    0.4438    axis=(  0.016598 -0.955842 -0.293411)
     H    6    Vzz=   -0.4543    axis=(  0.862960 -0.134518  0.487036)
     H    6  Q=         1.0000 1e-30 m^2  Cq=        -1.0674 MHz  eta= 0.95399

     H    7    Vxx=   -0.0328    axis=( -0.995856  0.070959 -0.056885)
     H    7    Vyy=   -0.5643    axis=(  0.007743  0.689372  0.724366)
     H    7    Vzz=    0.5972    axis=( -0.090615 -0.720924  0.687065)
     H    7  Q=         1.0000 1e-30 m^2  Cq=         1.4031 MHz  eta= 0.89004

     C    8    Vxx=   -0.0157    axis=(  0.965271  0.257421  0.044572)
     C    8    Vyy=   -0.5196    axis=(  0.083182 -0.464565  0.881624)
     C    8    Vzz=    0.5354    axis=(  0.247655 -0.847298 -0.469844)
     C    8  Q=         1.0000 1e-30 m^2  Cq=         1.2579 MHz  eta= 0.94120

     H    9    Vxx=   -0.0174    axis=( -0.660330 -0.237041  0.712584)
     H    9    Vyy=   -0.6448    axis=(  0.172104 -0.971390 -0.163649)
     H    9    Vzz=    0.6622    axis=(  0.730989  0.014576  0.682234)
     H    9  Q=         1.0000 1e-30 m^2  Cq=         1.5559 MHz  eta= 0.94742

     C   10    Vxx=   -0.1060    axis=( -0.214486 -0.142372  0.966295)
     C   10    Vyy=   -0.6629    axis=( -0.957183 -0.166279 -0.236963)
     C   10    Vzz=    0.7689    axis=(  0.194412 -0.975747 -0.100611)
     C   10  Q=         1.0000 1e-30 m^2  Cq=         1.8066 MHz  eta= 0.72439

     C   11    Vxx=   -0.0254    axis=( -0.091063 -0.844876 -0.527154)
     C   11    Vyy=   -0.4719    axis=(  0.426183  0.445365 -0.787412)
     C   11    Vzz=    0.4973    axis=(  0.900042 -0.296368  0.319516)
     C   11  Q=         1.0000 1e-30 m^2  Cq=         1.1685 MHz  eta= 0.89786

     Cl  12    Vxx=    0.9718    axis=( -0.965873  0.096264 -0.240463)
     Cl  12    Vyy=    1.6215    axis=(  0.162294  0.948457 -0.272194)
     Cl  12    Vzz=   -2.5933    axis=( -0.201867  0.301930  0.931712)
     Cl  12  Q=        -8.1650 1e-30 m^2  Cq=        49.7517 MHz  eta= 0.25054

     H   13    Vxx=   -0.0438    axis=( -0.519644 -0.566154  0.639874)
     H   13    Vyy=   -0.6065    axis=( -0.837524  0.485589 -0.250513)
     H   13    Vzz=    0.6503    axis=( -0.168887 -0.666088 -0.726501)
     H   13  Q=         1.0000 1e-30 m^2  Cq=         1.5280 MHz  eta= 0.86534

     C   14    Vxx=   -0.0779    axis=(  0.498270  0.259681 -0.827220)
     C   14    Vyy=   -0.8067    axis=(  0.514043  0.679841  0.523045)
     C   14    Vzz=    0.8846    axis=( -0.698203  0.685844 -0.205257)
     C   14  Q=         1.0000 1e-30 m^2  Cq=         2.0785 MHz  eta= 0.82380

     H   15    Vxx=   -0.0241    axis=( -0.497413 -0.272878  0.823479)
     H   15    Vyy=   -0.6973    axis=(  0.260598 -0.952400 -0.158187)
     H   15    Vzz=    0.7214    axis=(  0.827447  0.135913  0.544848)
     H   15  Q=         1.0000 1e-30 m^2  Cq=         1.6949 MHz  eta= 0.93316

     C   16    Vxx=   -0.0996    axis=( -0.052391 -0.292285  0.954895)
     C   16    Vyy=   -0.7006    axis=( -0.998592  0.007312 -0.052550)
     C   16    Vzz=    0.8003    axis=(  0.008378 -0.956303 -0.292256)
     C   16  Q=         1.0000 1e-30 m^2  Cq=         1.8803 MHz  eta= 0.75097

     C   17    Vxx=   -0.0171    axis=(  0.808846  0.586319 -0.044702)
     C   17    Vyy=   -0.5005    axis=(  0.019310 -0.102464 -0.994549)
     C   17    Vzz=    0.5176    axis=( -0.587704  0.803574 -0.094199)
     C   17  Q=         1.0000 1e-30 m^2  Cq=         1.2161 MHz  eta= 0.93410

     Cl  18    Vxx=   -1.0942    axis=(  0.921273 -0.114534  0.371669)
     Cl  18    Vyy=   -2.0344    axis=( -0.378030 -0.488240  0.786584)
     Cl  18    Vzz=    3.1285    axis=( -0.091373  0.865161  0.493100)
     Cl  18  Q=        -8.1650 1e-30 m^2  Cq=       -60.0193 MHz  eta= 0.30053

     H   19    Vxx=    0.0157    axis=( -0.496311 -0.390667 -0.775277)
     H   19    Vyy=    0.6765    axis=(  0.021000  0.887363 -0.460592)
     H   19    Vzz=   -0.6921    axis=( -0.867891  0.244878  0.432204)
     H   19  Q=         1.0000 1e-30 m^2  Cq=        -1.6262 MHz  eta= 0.95476

     C   20    Vxx=    0.0352    axis=( -0.495564 -0.418252  0.761237)
     C   20    Vyy=    0.5336    axis=( -0.521472  0.844161  0.124336)
     C   20    Vzz=   -0.5687    axis=( -0.694610 -0.335348 -0.636442)
     C   20  Q=         1.0000 1e-30 m^2  Cq=        -1.3362 MHz  eta= 0.87637

     H   21    Vxx=   -0.0471    axis=(  0.547986  0.721604 -0.423083)
     H   21    Vyy=   -0.4335    axis=( -0.185785  0.598146  0.779554)
     H   21    Vzz=    0.4806    axis=(  0.815595 -0.348582  0.461839)
     H   21  Q=         1.0000 1e-30 m^2  Cq=         1.1291 MHz  eta= 0.80414

     C   22    Vxx=    0.0515    axis=( -0.532752  0.010474 -0.846207)
     C   22    Vyy=    0.4353    axis=( -0.693744  0.567250  0.443786)
     C   22    Vzz=   -0.4868    axis=( -0.484659 -0.823479  0.294937)
     C   22  Q=         1.0000 1e-30 m^2  Cq=        -1.1437 MHz  eta= 0.78859

     C   23    Vxx=    0.0855    axis=( -0.199753  0.749454  0.631203)
     C   23    Vyy=    0.3397    axis=( -0.770506 -0.518105  0.371332)
     C   23    Vzz=   -0.4252    axis=(  0.605326 -0.412171  0.680952)
     C   23  Q=         1.0000 1e-30 m^2  Cq=        -0.9991 MHz  eta= 0.59788

     Cl  24    Vxx=   -1.4683    axis=( -0.383675  0.558942  0.735104)
     Cl  24    Vyy=   -1.7930    axis=(  0.442217 -0.587616  0.677607)
     Cl  24    Vzz=    3.2613    axis=( -0.810702 -0.585056  0.021721)
     Cl  24  Q=        -8.1650 1e-30 m^2  Cq=       -62.5664 MHz  eta= 0.09953

     Initialization:
     gipaw_setup  :      9.31s CPU     11.08s WALL (       1 calls)

     Linear response

     Apply operators

     Induced current

     Other routines
     efg          :      9.42s CPU     11.56s WALL (       1 calls)

     General routines
     calbec       :      3.15s CPU      3.94s WALL (      16 calls)
     fft          :      1.69s CPU      2.79s WALL (      15 calls)
     ffts         :      0.03s CPU      0.05s WALL (       2 calls)
     fftw         :      3.46s CPU      4.18s WALL (     672 calls)
     davcio       :      0.03s CPU      0.33s WALL (      32 calls)

     Parallel routines
     fft_scatter  :      2.42s CPU      4.13s WALL (     689 calls)

     Plugins

     GIPAW        :     61.21s CPU     76.23s WALL (       1 calls)
