
     Program QE v.6.0 (svn rev. 13079) starts on 31Dec2016 at  1:27:18 

     This program is part of the open-source Quantum ESPRESSO suite
     for quantum simulation of materials; please cite
         "P. Giannozzi et al., J. Phys.:Condens. Matter 21 395502 (2009);
          URL http://www.quantum-espresso.org", 
     in publications or presentations arising from this work. More details at
     http://www.quantum-espresso.org/quote

     Parallel version (MPI), running on     8 processors
     R & G space division:  proc/nbgrp/npool/nimage =       8

     ***** This is GIPAW svn revision unknown      *****

     Parallelizing q-star over 1 images

     Reading data from directory:
     /users/majewski/paradichlorobenzene/pbe/9_constraint/scratch/pbe.ecut100.np8.dt60.pcl2phi-129368.save
     Message from routine read_xml_file:
     file /users/majewski/paradichlorobenzene/pbe/9_constraint/scratch/pbe.ecut100.np8.dt60.pcl2phi-129368.save not guaranteed to be safe for post-processing

   Info: using nr1, nr2, nr3 values from input

   Info: using nr1, nr2, nr3 values from input

     IMPORTANT: XC functional enforced from input :
     Exchange-correlation      =  SLA  PW   PBX  PBC ( 1  4  3  4 0 0)
     Any further DFT definition will be discarded
     Please, verify this is what you really want

               file C.pbe-n-kjpaw_psl.1.0.0.UPF: wavefunction(s)  2S 2P renormalized
               file Cl.pbe-n-kjpaw_psl.1.0.0.UPF: wavefunction(s)  3S 3P renormalized
               file H.pbe-kjpaw_psl.1.0.0.UPF: wavefunction(s)  1S renormalized

     Parallelization info
     --------------------
     sticks:   dense  smooth     PW     G-vecs:    dense   smooth      PW
     Min        3057    1223    332               144436    36536    5170
     Max        3059    1225    333               144437    36537    5171
     Sum       24467    9791   2657              1155489   292295   41363


     Subspace diagonalization in iterative solution of the eigenvalue problem:
     a serial algorithm will be used

     GIPAW projectors -----------------------------------------------
     atom=  C    l=0  rc=    1.2000  rs=    0.8000
     atom=  C    l=0  rc=    1.2000  rs=    0.8000
     atom=  C    l=1  rc=    1.4000  rs=    0.9333
     atom=  C    l=1  rc=    1.4000  rs=    0.9333
     projs nearly linearly dependent: l=1  n1,n2= 1, 2  s=  0.99951561

     atom=  Cl   l=0  rc=    1.6000  rs=    1.0667
     atom=  Cl   l=0  rc=    1.6000  rs=    1.0667
     atom=  Cl   l=1  rc=    1.6000  rs=    1.0667
     atom=  Cl   l=1  rc=    1.6000  rs=    1.0667
     atom=  Cl   l=2  rc=    1.6000  rs=    1.0667
     atom=  Cl   l=2  rc=    1.6000  rs=    1.0667
     projs nearly linearly dependent: l=2  n1,n2= 1, 2  s=  0.99993509

     atom=  H    l=0  rc=    1.0000  rs=    0.6667
     atom=  H    l=0  rc=    1.0000  rs=    0.6667
     projs nearly linearly dependent: l=0  n1,n2= 1, 2  s=  0.99968852
     -----------------------------------------------------------------

     GIPAW integrals: -------------------------------------------
     Atom  i/j   nmr_para   nmr_dia   epr_rmc  epr_para   epr_dia
       C   1 1   0.83E+03  0.17E-01  0.93E+01  0.24E+08  0.24E+03
       C   2 1   0.86E+03 -0.61E-01  0.94E+01  0.25E+08  0.25E+03
       C   2 2   0.90E+03 -0.15E+00  0.97E+01  0.26E+08  0.26E+03
       C   3 3   0.33E+01  0.34E+00  0.18E+01  0.55E+03  0.21E+02
       C   4 3   0.35E+01  0.37E+00  0.20E+01  0.59E+03  0.22E+02
       C   4 4   0.38E+01  0.39E+00  0.22E+01  0.63E+03  0.24E+02
       Cl  1 1   0.14E+04 -0.47E+00  0.84E+01  0.32E+09  0.42E+03
       Cl  2 1   0.21E+04 -0.37E+00  0.12E+02  0.49E+09  0.65E+03
       Cl  2 2   0.33E+04 -0.16E+00  0.21E+02  0.76E+09  0.10E+04
       Cl  3 3   0.21E+02  0.79E-01  0.89E+01  0.23E+05  0.13E+03
       Cl  4 3   0.24E+02  0.67E-01  0.99E+01  0.27E+05  0.15E+03
       Cl  4 4   0.28E+02  0.44E-01  0.11E+02  0.32E+05  0.18E+03
       Cl  5 5   0.77E+00  0.19E+00  0.18E+01  0.12E+03  0.22E+02
       Cl  6 5   0.80E+00  0.19E+00  0.19E+01  0.12E+03  0.23E+02
       Cl  6 6   0.83E+00  0.20E+00  0.19E+01  0.12E+03  0.23E+02
       H   1 1   0.39E+02  0.19E+00  0.29E+00  0.78E+05  0.13E+02
       H   2 1   0.41E+02  0.21E+00  0.32E+00  0.82E+05  0.14E+02
       H   2 2   0.43E+02  0.22E+00  0.36E+00  0.86E+05  0.15E+02
     ------------------------------------------------------------

     alpha_pv=     33.9293 eV

     Number of occupied bands for each k-point:
     k-point:     1    nbnd_occ=  42
     k-point:     2    nbnd_occ=  42
     k-point:     3    nbnd_occ=  42
     k-point:     4    nbnd_occ=  42
     k-point:     5    nbnd_occ=  42
     k-point:     6    nbnd_occ=  42
     k-point:     7    nbnd_occ=  42
     k-point:     8    nbnd_occ=  42
     k-point:     9    nbnd_occ=  42
     k-point:    10    nbnd_occ=  42
     k-point:    11    nbnd_occ=  42
     k-point:    12    nbnd_occ=  42
     k-point:    13    nbnd_occ=  42
     k-point:    14    nbnd_occ=  42
     k-point:    15    nbnd_occ=  42
     k-point:    16    nbnd_occ=  42


     q-space interpolation up to   110.00 Rydberg

     GIPAW job: efg                                                                             


     ELECTRIC FIELD GRADIENTS TENSORS IN Hartree/bohrradius^2:

     ----- bare term -----
     Cl   1       -0.260756        0.296610        0.018835
     Cl   1        0.296610        0.044583       -0.039782
     Cl   1        0.018835       -0.039782        0.216173

     C    2        0.009005       -0.430222       -0.447747
     C    2       -0.430222       -0.066516       -0.716844
     C    2       -0.447747       -0.716844        0.057511

     C    3       -0.328444        0.359819        0.086204
     C    3        0.359819       -0.069222       -0.392769
     C    3        0.086204       -0.392769        0.397666

     H    4       -0.328348       -0.321414       -0.423381
     H    4       -0.321414        0.032716       -0.060833
     H    4       -0.423381       -0.060833        0.295632

     C    5       -0.099329       -0.345539       -0.444420
     C    5       -0.345539        0.013835       -0.522773
     C    5       -0.444420       -0.522773        0.085494

     H    6        0.455280        0.000013       -0.017795
     H    6        0.000013       -0.786699       -0.310192
     H    6       -0.017795       -0.310192        0.331419

     H    7        0.310157        0.070856        0.345211
     H    7        0.070856        0.092150        0.231348
     H    7        0.345211        0.231348       -0.402307

     C    8       -0.449439       -0.216496       -0.333693
     C    8       -0.216496        0.308957        0.028078
     C    8       -0.333693        0.028078        0.140482

     H    9        0.218974        0.046618       -0.178367
     H    9        0.046618        0.284397       -0.256128
     H    9       -0.178367       -0.256128       -0.503370

     C   10        0.192572       -0.150832        0.220072
     C   10       -0.150832       -0.254119        0.215782
     C   10        0.220072        0.215782        0.061547

     C   11       -0.349598       -0.318911       -0.453383
     C   11       -0.318911        0.190535        0.133471
     C   11       -0.453383        0.133471        0.159064

     Cl  12        0.042045        0.262278        0.182944
     Cl  12        0.262278       -0.229884       -0.320781
     Cl  12        0.182944       -0.320781        0.187839

     H   13        0.430900        0.106636       -0.293809
     H   13        0.106636       -0.035898       -0.221937
     H   13       -0.293809       -0.221937       -0.395002

     C   14       -0.509151        0.415256        0.013950
     C   14        0.415256        0.152799       -0.134690
     C   14        0.013950       -0.134690        0.356352

     H   15       -0.173913        0.208268       -0.543310
     H   15        0.208268        0.113758        0.135302
     H   15       -0.543310        0.135302        0.060154

     C   16        0.129874       -0.160197       -0.369014
     C   16       -0.160197       -0.155216       -0.595321
     C   16       -0.369014       -0.595321        0.025342

     C   17       -0.597789        0.446375       -0.264519
     C   17        0.446375        0.135889       -0.129278
     C   17       -0.264519       -0.129278        0.461900

     Cl  18       -0.045004        0.048017        0.084795
     Cl  18        0.048017       -0.023007       -0.050785
     Cl  18        0.084795       -0.050785        0.068011

     H   19        0.313236        0.285486       -0.209311
     H   19        0.285486       -0.379212        0.567040
     H   19       -0.209311        0.567040        0.065977

     C   20       -0.033149       -0.502930       -0.023165
     C   20       -0.502930       -0.279137        0.379887
     C   20       -0.023165        0.379887        0.312286

     H   21       -0.047359        0.229742       -0.542537
     H   21        0.229742        0.345274        0.370463
     H   21       -0.542537        0.370463       -0.297915

     C   22       -0.577989       -0.361842       -0.292462
     C   22       -0.361842        0.156654        0.128968
     C   22       -0.292462        0.128968        0.421335

     C   23        0.036544       -0.358829       -0.091436
     C   23       -0.358829       -0.180495        0.516582
     C   23       -0.091436        0.516582        0.143952

     Cl  24       -0.075379       -0.040537        0.097702
     Cl  24       -0.040537       -0.079550       -0.102494
     Cl  24        0.097702       -0.102494        0.154929

     ----- ionic term -----
     Cl   1        0.140350       -0.211430        0.024095
     Cl   1       -0.211430        0.020006        0.000228
     Cl   1        0.024095        0.000228       -0.160356

     C    2        0.167688       -0.234673        0.316485
     C    2       -0.234673        0.139203        0.379035
     C    2        0.316485        0.379035       -0.306891

     C    3        0.139519       -0.237495        0.151440
     C    3       -0.237495        0.224970        0.429091
     C    3        0.151440        0.429091       -0.364489

     H    4        0.709534        0.239908        0.662222
     H    4        0.239908       -0.445502        0.208550
     H    4        0.662222        0.208550       -0.264032

     C    5        0.312991       -0.126742        0.218061
     C    5       -0.126742        0.046237        0.330866
     C    5        0.218061        0.330866       -0.359228

     H    6       -0.475685        0.230459        0.116579
     H    6        0.230459        0.670729        0.679612
     H    6        0.116579        0.679612       -0.195044

     H    7       -0.542073        0.020214       -0.001074
     H    7        0.020214        0.460364       -0.782564
     H    7       -0.001074       -0.782564        0.081709

     C    8        0.156377        0.329554        0.334255
     C    8        0.329554        0.020039       -0.270593
     C    8        0.334255       -0.270593       -0.176416

     H    9        0.195387       -0.134693        0.798414
     H    9       -0.134693       -0.471962       -0.237407
     H    9        0.798414       -0.237407        0.276574

     C   10       -0.014375        0.396577        0.208079
     C   10        0.396577        0.167331       -0.404157
     C   10        0.208079       -0.404157       -0.152956

     C   11        0.068369        0.336604        0.301083
     C   11        0.336604        0.094529       -0.357461
     C   11        0.301083       -0.357461       -0.162897

     Cl  12        0.113116        0.230061        0.051963
     Cl  12        0.230061        0.034845        0.026476
     Cl  12        0.051963        0.026476       -0.147962

     H   13       -0.531080        0.042292        0.065309
     H   13        0.042292        0.478580        0.795661
     H   13        0.065309        0.795661        0.052500

     C   14        0.264506       -0.248912        0.269275
     C   14       -0.248912       -0.042636        0.321295
     C   14        0.269275        0.321295       -0.221871

     H   15        0.432206        0.302586        0.723109
     H   15        0.302586       -0.443536        0.297348
     H   15        0.723109        0.297348        0.011331

     C   16        0.107710       -0.241417        0.160915
     C   16       -0.241417        0.071135        0.451072
     C   16        0.160915        0.451072       -0.178845

     C   17        0.236893       -0.163142        0.170545
     C   17       -0.163142       -0.002054        0.468377
     C   17        0.170545        0.468377       -0.234839

     Cl  18        0.131058       -0.223670       -0.050807
     Cl  18       -0.223670       -0.004059        0.026400
     Cl  18       -0.050807        0.026400       -0.126999

     H   19       -0.521751       -0.053213        0.059510
     H   19       -0.053213        0.555402       -0.744859
     H   19        0.059510       -0.744859       -0.033651

     C   20        0.205795        0.290488        0.321815
     C   20        0.290488        0.014605       -0.265274
     C   20        0.321815       -0.265274       -0.220400

     H   21        0.420606       -0.226010        0.746532
     H   21       -0.226010       -0.480571       -0.249360
     H   21        0.746532       -0.249360        0.059965

     C   22        0.098255        0.298843        0.233845
     C   22        0.298843        0.131134       -0.372152
     C   22        0.233845       -0.372152       -0.229388

     C   23        0.086549        0.242675        0.371510
     C   23        0.242675        0.055222       -0.334745
     C   23        0.371510       -0.334745       -0.141771

     Cl  24        0.084399        0.194319        0.038108
     Cl  24        0.194319        0.051497        0.028702
     Cl  24        0.038108        0.028702       -0.135896

     ----- GIPAW term -----
     Cl   1        0.559377       -2.275524        0.128478
     Cl   1       -2.275524        0.897938       -0.224530
     Cl   1        0.128478       -0.224530       -1.457314

     C    2        0.060706       -0.273698       -0.015525
     C    2       -0.273698        0.076956       -0.126481
     C    2       -0.015525       -0.126481       -0.137662

     C    3       -0.025672       -0.137181        0.119095
     C    3       -0.137181        0.081971       -0.126693
     C    3        0.119095       -0.126693       -0.056299

     H    4       -0.000000        0.000000        0.000000
     H    4        0.000000        0.000000        0.000000
     H    4        0.000000        0.000000        0.000000

     C    5       -0.012683       -0.226610       -0.063102
     C    5       -0.226610        0.148901       -0.076471
     C    5       -0.063102       -0.076471       -0.136218

     H    6       -0.000000        0.000000        0.000000
     H    6        0.000000        0.000000        0.000000
     H    6        0.000000        0.000000        0.000000

     H    7       -0.000000        0.000000        0.000000
     H    7        0.000000        0.000000        0.000000
     H    7        0.000000        0.000000        0.000000

     C    8       -0.033486       -0.093203       -0.048996
     C    8       -0.093203        0.079930        0.019505
     C    8       -0.048996        0.019505       -0.046444

     H    9       -0.000000        0.000000        0.000000
     H    9        0.000000        0.000000        0.000000
     H    9        0.000000        0.000000        0.000000

     C   10        0.005936       -0.004424        0.037177
     C   10       -0.004424        0.010986       -0.009355
     C   10        0.037177       -0.009355       -0.016923

     C   11       -0.020374       -0.117029       -0.072678
     C   11       -0.117029        0.138923        0.041453
     C   11       -0.072678        0.041453       -0.118549

     Cl  12        0.165338        0.119624       -0.317033
     Cl  12        0.119624        0.497246        0.540577
     Cl  12       -0.317033        0.540577       -0.662584

     H   13       -0.000000        0.000000        0.000000
     H   13        0.000000        0.000000        0.000000
     H   13        0.000000        0.000000        0.000000

     C   14       -0.045806       -0.092839        0.065116
     C   14       -0.092839        0.100558       -0.036582
     C   14        0.065116       -0.036582       -0.054751

     H   15       -0.000000        0.000000        0.000000
     H   15        0.000000        0.000000        0.000000
     H   15        0.000000        0.000000        0.000000

     C   16       -0.022281       -0.130159       -0.035290
     C   16       -0.130159        0.109209       -0.067028
     C   16       -0.035290       -0.067028       -0.086927

     C   17       -0.030402       -0.173697       -0.066672
     C   17       -0.173697        0.130627        0.061978
     C   17       -0.066672        0.061978       -0.100224

     Cl  18        0.205259       -2.172710       -1.038578
     Cl  18       -2.172710       -0.345333        1.265085
     Cl  18       -1.038578        1.265085        0.140074

     H   19       -0.000000        0.000000        0.000000
     H   19        0.000000        0.000000        0.000000
     H   19        0.000000        0.000000        0.000000

     C   20        0.033752       -0.240006        0.086056
     C   20       -0.240006        0.011848       -0.007894
     C   20        0.086056       -0.007894       -0.045600

     H   21       -0.000000        0.000000        0.000000
     H   21        0.000000        0.000000        0.000000
     H   21        0.000000        0.000000        0.000000

     C   22       -0.160414       -0.149850        0.024376
     C   22       -0.149850        0.095444       -0.125372
     C   22        0.024376       -0.125372        0.064970

     C   23        0.078812       -0.116025        0.040998
     C   23       -0.116025        0.080858        0.002383
     C   23        0.040998        0.002383       -0.159670

     Cl  24        0.578077        1.569446        1.230864
     Cl  24        1.569446       -0.818868       -0.926244
     Cl  24        1.230864       -0.926244        0.240791

     ----- total EFG -----
     Cl   1        0.438970       -2.190345        0.171408
     Cl   1       -2.190345        0.962527       -0.264084
     Cl   1        0.171408       -0.264084       -1.401497

     C    2        0.237398       -0.938592       -0.146787
     C    2       -0.938592        0.149643       -0.464290
     C    2       -0.146787       -0.464290       -0.387042

     C    3       -0.214598       -0.014857        0.356738
     C    3       -0.014857        0.237720       -0.090371
     C    3        0.356738       -0.090371       -0.023122

     H    4        0.381186       -0.081506        0.238841
     H    4       -0.081506       -0.412786        0.147716
     H    4        0.238841        0.147716        0.031600

     C    5        0.200979       -0.698891       -0.289461
     C    5       -0.698891        0.208973       -0.268379
     C    5       -0.289461       -0.268379       -0.409952

     H    6       -0.020405        0.230472        0.098783
     H    6        0.230472       -0.115970        0.369419
     H    6        0.098783        0.369419        0.136375

     H    7       -0.231916        0.091069        0.344137
     H    7        0.091069        0.552514       -0.551216
     H    7        0.344137       -0.551216       -0.320597

     C    8       -0.326547        0.019855       -0.048434
     C    8        0.019855        0.408926       -0.223010
     C    8       -0.048434       -0.223010       -0.082378

     H    9        0.414361       -0.088075        0.620047
     H    9       -0.088075       -0.187565       -0.493535
     H    9        0.620047       -0.493535       -0.226796

     C   10        0.184133        0.241320        0.465328
     C   10        0.241320       -0.075801       -0.197730
     C   10        0.465328       -0.197730       -0.108332

     C   11       -0.301604       -0.099336       -0.224977
     C   11       -0.099336        0.423986       -0.182536
     C   11       -0.224977       -0.182536       -0.122383

     Cl  12        0.320499        0.611963       -0.082127
     Cl  12        0.611963        0.302207        0.246271
     Cl  12       -0.082127        0.246271       -0.622707

     H   13       -0.100180        0.148928       -0.228500
     H   13        0.148928        0.442682        0.573724
     H   13       -0.228500        0.573724       -0.342503

     C   14       -0.290451        0.073506        0.348341
     C   14        0.073506        0.210720        0.150023
     C   14        0.348341        0.150023        0.079731

     H   15        0.258293        0.510854        0.179800
     H   15        0.510854       -0.329778        0.432650
     H   15        0.179800        0.432650        0.071485

     C   16        0.215302       -0.531773       -0.243389
     C   16       -0.531773        0.025128       -0.211277
     C   16       -0.243389       -0.211277       -0.240431

     C   17       -0.391298        0.109536       -0.160646
     C   17        0.109536        0.264462        0.401077
     C   17       -0.160646        0.401077        0.126837

     Cl  18        0.291313       -2.348363       -1.004590
     Cl  18       -2.348363       -0.372399        1.240700
     Cl  18       -1.004590        1.240700        0.081086

     H   19       -0.208515        0.232273       -0.149802
     H   19        0.232273        0.176190       -0.177819
     H   19       -0.149802       -0.177819        0.032325

     C   20        0.206397       -0.452448        0.384705
     C   20       -0.452448       -0.252684        0.106719
     C   20        0.384705        0.106719        0.046287

     H   21        0.373247        0.003733        0.203995
     H   21        0.003733       -0.135297        0.121103
     H   21        0.203995        0.121103       -0.237950

     C   22       -0.640149       -0.212849       -0.034241
     C   22       -0.212849        0.383232       -0.368556
     C   22       -0.034241       -0.368556        0.256917

     C   23        0.201905       -0.232179        0.321072
     C   23       -0.232179       -0.044416        0.184220
     C   23        0.321072        0.184220       -0.157489

     Cl  24        0.587097        1.723228        1.366674
     Cl  24        1.723228       -0.846921       -1.000036
     Cl  24        1.366674       -1.000036        0.259824

     ----- total EFG (symmetrized) -----
     Cl   1        0.438970       -2.190345        0.171408
     Cl   1       -2.190345        0.962527       -0.264084
     Cl   1        0.171408       -0.264084       -1.401497

     C    2        0.237398       -0.938592       -0.146787
     C    2       -0.938592        0.149643       -0.464290
     C    2       -0.146787       -0.464290       -0.387042

     C    3       -0.214598       -0.014857        0.356738
     C    3       -0.014857        0.237720       -0.090371
     C    3        0.356738       -0.090371       -0.023122

     H    4        0.381186       -0.081506        0.238841
     H    4       -0.081506       -0.412786        0.147716
     H    4        0.238841        0.147716        0.031600

     C    5        0.200979       -0.698891       -0.289461
     C    5       -0.698891        0.208973       -0.268379
     C    5       -0.289461       -0.268379       -0.409952

     H    6       -0.020405        0.230472        0.098783
     H    6        0.230472       -0.115970        0.369419
     H    6        0.098783        0.369419        0.136375

     H    7       -0.231916        0.091069        0.344137
     H    7        0.091069        0.552514       -0.551216
     H    7        0.344137       -0.551216       -0.320597

     C    8       -0.326547        0.019855       -0.048434
     C    8        0.019855        0.408926       -0.223010
     C    8       -0.048434       -0.223010       -0.082378

     H    9        0.414361       -0.088075        0.620047
     H    9       -0.088075       -0.187565       -0.493535
     H    9        0.620047       -0.493535       -0.226796

     C   10        0.184133        0.241320        0.465328
     C   10        0.241320       -0.075801       -0.197730
     C   10        0.465328       -0.197730       -0.108332

     C   11       -0.301604       -0.099336       -0.224977
     C   11       -0.099336        0.423986       -0.182536
     C   11       -0.224977       -0.182536       -0.122383

     Cl  12        0.320499        0.611963       -0.082127
     Cl  12        0.611963        0.302207        0.246271
     Cl  12       -0.082127        0.246271       -0.622707

     H   13       -0.100180        0.148928       -0.228500
     H   13        0.148928        0.442682        0.573724
     H   13       -0.228500        0.573724       -0.342503

     C   14       -0.290451        0.073506        0.348341
     C   14        0.073506        0.210720        0.150023
     C   14        0.348341        0.150023        0.079731

     H   15        0.258293        0.510854        0.179800
     H   15        0.510854       -0.329778        0.432650
     H   15        0.179800        0.432650        0.071485

     C   16        0.215302       -0.531773       -0.243389
     C   16       -0.531773        0.025128       -0.211277
     C   16       -0.243389       -0.211277       -0.240431

     C   17       -0.391298        0.109536       -0.160646
     C   17        0.109536        0.264462        0.401077
     C   17       -0.160646        0.401077        0.126837

     Cl  18        0.291313       -2.348363       -1.004590
     Cl  18       -2.348363       -0.372399        1.240700
     Cl  18       -1.004590        1.240700        0.081086

     H   19       -0.208515        0.232273       -0.149802
     H   19        0.232273        0.176190       -0.177819
     H   19       -0.149802       -0.177819        0.032325

     C   20        0.206397       -0.452448        0.384705
     C   20       -0.452448       -0.252684        0.106719
     C   20        0.384705        0.106719        0.046287

     H   21        0.373247        0.003733        0.203995
     H   21        0.003733       -0.135297        0.121103
     H   21        0.203995        0.121103       -0.237950

     C   22       -0.640149       -0.212849       -0.034241
     C   22       -0.212849        0.383232       -0.368556
     C   22       -0.034241       -0.368556        0.256917

     C   23        0.201905       -0.232179        0.321072
     C   23       -0.232179       -0.044416        0.184220
     C   23        0.321072        0.184220       -0.157489

     Cl  24        0.587097        1.723228        1.366674
     Cl  24        1.723228       -0.846921       -1.000036
     Cl  24        1.366674       -1.000036        0.259824


     NQR/NMR SPECTROSCOPIC PARAMETERS:
     Cl   1    Vxx=   -1.4024    axis=( -0.354438 -0.226979  0.907113)
     Cl   1    Vyy=   -1.5267    axis=(  0.660855  0.625513  0.414734)
     Cl   1    Vzz=    2.9291    axis=( -0.661547  0.746467 -0.071705)
     Cl   1  Q=        -8.1650 1e-30 m^2  Cq=       -56.1925 MHz  eta= 0.04243

     C    2    Vxx=   -0.1189    axis=(  0.491606  0.313681 -0.812359)
     C    2    Vyy=   -1.0459    axis=(  0.528365  0.634089  0.564589)
     C    2    Vzz=    1.1648    axis=( -0.692209  0.706778 -0.145984)
     C    2  Q=         1.0000 1e-30 m^2  Cq=         2.7368 MHz  eta= 0.79579

     C    3    Vxx=    0.1646    axis=(  0.454675  0.727620  0.513654)
     C    3    Vyy=    0.3262    axis=( -0.415014  0.683358 -0.600654)
     C    3    Vzz=   -0.4908    axis=(  0.788057 -0.059928 -0.612678)
     C    3  Q=         1.0000 1e-30 m^2  Cq=        -1.1532 MHz  eta= 0.32912

     H    4    Vxx=   -0.0176    axis=( -0.412216  0.392407  0.822250)
     H    4    Vyy=   -0.4848    axis=(  0.182417  0.919767 -0.347496)
     H    4    Vzz=    0.5024    axis=( -0.892638  0.006749 -0.450724)
     H    4  Q=         1.0000 1e-30 m^2  Cq=         1.1804 MHz  eta= 0.92977

     C    5    Vxx=   -0.0553    axis=( -0.466659 -0.479059  0.743459)
     C    5    Vyy=   -0.8487    axis=(  0.530962  0.520521  0.668683)
     C    5    Vzz=    0.9040    axis=( -0.707325  0.706796  0.011457)
     C    5  Q=         1.0000 1e-30 m^2  Cq=         2.1241 MHz  eta= 0.87760

     H    6    Vxx=   -0.0654    axis=( -0.850546 -0.058033  0.522689)
     H    6    Vyy=   -0.4281    axis=( -0.344839  0.811945 -0.470990)
     H    6    Vzz=    0.4935    axis=( -0.397062 -0.580842 -0.710608)
     H    6  Q=         1.0000 1e-30 m^2  Cq=         1.1596 MHz  eta= 0.73503

     H    7    Vxx=   -0.0215    axis=(  0.848755  0.289967  0.442193)
     H    7    Vyy=   -0.8023    axis=( -0.524157  0.350925  0.775958)
     H    7    Vzz=    0.8239    axis=(  0.069825 -0.890377  0.449837)
     H    7  Q=         1.0000 1e-30 m^2  Cq=         1.9357 MHz  eta= 0.94778

     C    8    Vxx=   -0.1599    axis=( -0.220015  0.362691  0.905566)
     C    8    Vyy=   -0.3367    axis=(  0.974514  0.040065  0.220720)
     C    8    Vzz=    0.4966    axis=(  0.043771  0.931048 -0.362262)
     C    8  Q=         1.0000 1e-30 m^2  Cq=         1.1669 MHz  eta= 0.35594

     H    9    Vxx=   -0.0584    axis=(  0.542142  0.784151 -0.301975)
     H    9    Vyy=   -0.8440    axis=( -0.343130  0.534638  0.772285)
     H    9    Vzz=    0.9023    axis=(  0.767035 -0.315072  0.558916)
     H    9  Q=         1.0000 1e-30 m^2  Cq=         2.1202 MHz  eta= 0.87056

     C   10    Vxx=    0.0823    axis=(  0.167666  0.859676 -0.482540)
     C   10    Vyy=    0.5372    axis=( -0.823219 -0.147211 -0.548305)
     C   10    Vzz=   -0.6195    axis=( -0.542400  0.489169  0.683020)
     C   10  Q=         1.0000 1e-30 m^2  Cq=        -1.4555 MHz  eta= 0.73445

     C   11    Vxx=    0.0115    axis=(  0.612154 -0.192012 -0.767071)
     C   11    Vyy=    0.4806    axis=( -0.042966  0.960560 -0.274735)
     C   11    Vzz=   -0.4921    axis=(  0.789570  0.201138  0.579761)
     C   11  Q=         1.0000 1e-30 m^2  Cq=        -1.1562 MHz  eta= 0.95340

     Cl  12    Vxx=   -0.1809    axis=( -0.657197  0.599749  0.456501)
     Cl  12    Vyy=   -0.7511    axis=(  0.278812 -0.369257  0.886517)
     Cl  12    Vzz=    0.9320    axis=( -0.700254 -0.709894 -0.075458)
     Cl  12  Q=        -8.1650 1e-30 m^2  Cq=       -17.8807 MHz  eta= 0.61177

     H   13    Vxx=    0.0113    axis=(  0.923573  0.150293 -0.352740)
     H   13    Vyy=    0.7461    axis=(  0.031664  0.886937  0.460804)
     H   13    Vzz=   -0.7574    axis=(  0.382114 -0.436756  0.814392)
     H   13  Q=         1.0000 1e-30 m^2  Cq=        -1.7796 MHz  eta= 0.97009

     C   14    Vxx=    0.0791    axis=(  0.336529 -0.783501  0.522375)
     C   14    Vyy=    0.4210    axis=( -0.395486 -0.621031 -0.676691)
     C   14    Vzz=   -0.5001    axis=(  0.854599  0.021134 -0.518858)
     C   14  Q=         1.0000 1e-30 m^2  Cq=        -1.1751 MHz  eta= 0.68358

     H   15    Vxx=   -0.0299    axis=( -0.618888  0.073925  0.781993)
     H   15    Vyy=   -0.7401    axis=( -0.368740  0.851698 -0.372344)
     H   15    Vzz=    0.7700    axis=( -0.693548 -0.518792 -0.499847)
     H   15  Q=         1.0000 1e-30 m^2  Cq=         1.8092 MHz  eta= 0.92231

     C   16    Vxx=   -0.0020    axis=( -0.341214 -0.502930  0.794125)
     C   16    Vyy=   -0.6616    axis=(  0.528984  0.595614  0.604500)
     C   16    Vzz=    0.6636    axis=( -0.777013  0.626343  0.062810)
     C   16  Q=         1.0000 1e-30 m^2  Cq=         1.5593 MHz  eta= 0.99383

     C   17    Vxx=   -0.0881    axis=( -0.537069 -0.555386  0.634904)
     C   17    Vyy=   -0.5149    axis=( -0.843280  0.334875 -0.420402)
     C   17    Vzz=    0.6030    axis=(  0.020872 -0.761187 -0.648197)
     C   17  Q=         1.0000 1e-30 m^2  Cq=         1.4168 MHz  eta= 0.70774

     Cl  18    Vxx=   -0.6916    axis=(  0.437830 -0.192433  0.878222)
     Cl  18    Vyy=   -2.4506    axis=( -0.615091 -0.776552  0.136493)
     Cl  18    Vzz=    3.1422    axis=(  0.655719 -0.599947 -0.458362)
     Cl  18  Q=        -8.1650 1e-30 m^2  Cq=       -60.2809 MHz  eta= 0.55979

     H   19    Vxx=   -0.0875    axis=(  0.017597  0.548371  0.836050)
     H   19    Vyy=   -0.3305    axis=( -0.914767  0.346362 -0.207928)
     H   19    Vzz=    0.4180    axis=( -0.403597 -0.761132  0.507727)
     H   19  Q=         1.0000 1e-30 m^2  Cq=         0.9821 MHz  eta= 0.58150

     C   20    Vxx=    0.0335    axis=(  0.190354 -0.592703 -0.782604)
     C   20    Vyy=    0.6294    axis=( -0.808179  0.357954 -0.467671)
     C   20    Vzz=   -0.6629    axis=( -0.557326 -0.721507  0.410872)
     C   20  Q=         1.0000 1e-30 m^2  Cq=        -1.5577 MHz  eta= 0.89882

     H   21    Vxx=   -0.0786    axis=(  0.197196 -0.885559 -0.420594)
     H   21    Vyy=   -0.3592    axis=(  0.236165  0.459294 -0.856315)
     H   21    Vzz=    0.4378    axis=(  0.951494  0.069532  0.299709)
     H   21  Q=         1.0000 1e-30 m^2  Cq=         1.0286 MHz  eta= 0.64086

     C   22    Vxx=   -0.0131    axis=( -0.241739  0.587983  0.771905)
     C   22    Vyy=   -0.6960    axis=( -0.964492 -0.232817 -0.124708)
     C   22    Vzz=    0.7091    axis=(  0.106386 -0.774643  0.623386)
     C   22  Q=         1.0000 1e-30 m^2  Cq=         1.6660 MHz  eta= 0.96305

     C   23    Vxx=    0.0917    axis=(  0.007982 -0.808999 -0.587756)
     C   23    Vyy=    0.4215    axis=( -0.874668  0.279229 -0.396215)
     C   23    Vzz=   -0.5132    axis=(  0.484656  0.517254 -0.705377)
     C   23  Q=         1.0000 1e-30 m^2  Cq=        -1.2058 MHz  eta= 0.64256

     Cl  24    Vxx=    0.8015    axis=(  0.154768  0.625649 -0.764598)
     Cl  24    Vyy=    2.0324    axis=( -0.827708 -0.340427 -0.446105)
     Cl  24    Vzz=   -2.8339    axis=( -0.539395  0.701906  0.465168)
     Cl  24  Q=        -8.1650 1e-30 m^2  Cq=        54.3673 MHz  eta= 0.43436

     Initialization:
     gipaw_setup  :      8.93s CPU     10.91s WALL (       1 calls)

     Linear response

     Apply operators

     Induced current

     Other routines
     efg          :      9.38s CPU     12.80s WALL (       1 calls)

     General routines
     calbec       :      3.48s CPU      5.26s WALL (      16 calls)
     fft          :      1.67s CPU      2.46s WALL (      15 calls)
     ffts         :      0.05s CPU      0.07s WALL (       2 calls)
     fftw         :      3.15s CPU      4.05s WALL (     672 calls)
     davcio       :      0.03s CPU      0.28s WALL (      32 calls)

     Parallel routines
     fft_scatter  :      2.30s CPU      3.55s WALL (     689 calls)

     Plugins

     GIPAW        :     60.54s CPU     74.40s WALL (       1 calls)
