
     Program QE v.6.0 (svn rev. 13079) starts on  2Jan2017 at 20:54:16 

     This program is part of the open-source Quantum ESPRESSO suite
     for quantum simulation of materials; please cite
         "P. Giannozzi et al., J. Phys.:Condens. Matter 21 395502 (2009);
          URL http://www.quantum-espresso.org", 
     in publications or presentations arising from this work. More details at
     http://www.quantum-espresso.org/quote

     Parallel version (MPI), running on     8 processors
     R & G space division:  proc/nbgrp/npool/nimage =       8

     ***** This is GIPAW svn revision unknown      *****

     Parallelizing q-star over 1 images

     Reading data from directory:
     /users/majewski/paradichlorobenzene/pbe/9_constraint/scratch/pbe.ecut100.np8.dt60.pcl2phi-129368.save
     Message from routine read_xml_file:
     file /users/majewski/paradichlorobenzene/pbe/9_constraint/scratch/pbe.ecut100.np8.dt60.pcl2phi-129368.save not guaranteed to be safe for post-processing

   Info: using nr1, nr2, nr3 values from input

   Info: using nr1, nr2, nr3 values from input

     IMPORTANT: XC functional enforced from input :
     Exchange-correlation      =  SLA  PW   PBX  PBC ( 1  4  3  4 0 0)
     Any further DFT definition will be discarded
     Please, verify this is what you really want

               file C.pbe-n-kjpaw_psl.1.0.0.UPF: wavefunction(s)  2S 2P renormalized
               file Cl.pbe-n-kjpaw_psl.1.0.0.UPF: wavefunction(s)  3S 3P renormalized
               file H.pbe-kjpaw_psl.1.0.0.UPF: wavefunction(s)  1S renormalized

     Parallelization info
     --------------------
     sticks:   dense  smooth     PW     G-vecs:    dense   smooth      PW
     Min        3057    1223    332               144436    36536    5170
     Max        3059    1225    333               144437    36537    5171
     Sum       24467    9791   2657              1155489   292295   41363


     Subspace diagonalization in iterative solution of the eigenvalue problem:
     a serial algorithm will be used

     GIPAW projectors -----------------------------------------------
     atom=  C    l=0  rc=    1.2000  rs=    0.8000
     atom=  C    l=0  rc=    1.2000  rs=    0.8000
     atom=  C    l=1  rc=    1.4000  rs=    0.9333
     atom=  C    l=1  rc=    1.4000  rs=    0.9333
     projs nearly linearly dependent: l=1  n1,n2= 1, 2  s=  0.99951561

     atom=  Cl   l=0  rc=    1.6000  rs=    1.0667
     atom=  Cl   l=0  rc=    1.6000  rs=    1.0667
     atom=  Cl   l=1  rc=    1.6000  rs=    1.0667
     atom=  Cl   l=1  rc=    1.6000  rs=    1.0667
     atom=  Cl   l=2  rc=    1.6000  rs=    1.0667
     atom=  Cl   l=2  rc=    1.6000  rs=    1.0667
     projs nearly linearly dependent: l=2  n1,n2= 1, 2  s=  0.99993509

     atom=  H    l=0  rc=    1.0000  rs=    0.6667
     atom=  H    l=0  rc=    1.0000  rs=    0.6667
     projs nearly linearly dependent: l=0  n1,n2= 1, 2  s=  0.99968852
     -----------------------------------------------------------------

     GIPAW integrals: -------------------------------------------
     Atom  i/j   nmr_para   nmr_dia   epr_rmc  epr_para   epr_dia
       C   1 1   0.83E+03  0.17E-01  0.93E+01  0.24E+08  0.24E+03
       C   2 1   0.86E+03 -0.61E-01  0.94E+01  0.25E+08  0.25E+03
       C   2 2   0.90E+03 -0.15E+00  0.97E+01  0.26E+08  0.26E+03
       C   3 3   0.33E+01  0.34E+00  0.18E+01  0.55E+03  0.21E+02
       C   4 3   0.35E+01  0.37E+00  0.20E+01  0.59E+03  0.22E+02
       C   4 4   0.38E+01  0.39E+00  0.22E+01  0.63E+03  0.24E+02
       Cl  1 1   0.14E+04 -0.47E+00  0.84E+01  0.32E+09  0.42E+03
       Cl  2 1   0.21E+04 -0.37E+00  0.12E+02  0.49E+09  0.65E+03
       Cl  2 2   0.33E+04 -0.16E+00  0.21E+02  0.76E+09  0.10E+04
       Cl  3 3   0.21E+02  0.79E-01  0.89E+01  0.23E+05  0.13E+03
       Cl  4 3   0.24E+02  0.67E-01  0.99E+01  0.27E+05  0.15E+03
       Cl  4 4   0.28E+02  0.44E-01  0.11E+02  0.32E+05  0.18E+03
       Cl  5 5   0.77E+00  0.19E+00  0.18E+01  0.12E+03  0.22E+02
       Cl  6 5   0.80E+00  0.19E+00  0.19E+01  0.12E+03  0.23E+02
       Cl  6 6   0.83E+00  0.20E+00  0.19E+01  0.12E+03  0.23E+02
       H   1 1   0.39E+02  0.19E+00  0.29E+00  0.78E+05  0.13E+02
       H   2 1   0.41E+02  0.21E+00  0.32E+00  0.82E+05  0.14E+02
       H   2 2   0.43E+02  0.22E+00  0.36E+00  0.86E+05  0.15E+02
     ------------------------------------------------------------

     alpha_pv=     33.8199 eV

     Number of occupied bands for each k-point:
     k-point:     1    nbnd_occ=  42
     k-point:     2    nbnd_occ=  42
     k-point:     3    nbnd_occ=  42
     k-point:     4    nbnd_occ=  42
     k-point:     5    nbnd_occ=  42
     k-point:     6    nbnd_occ=  42
     k-point:     7    nbnd_occ=  42
     k-point:     8    nbnd_occ=  42
     k-point:     9    nbnd_occ=  42
     k-point:    10    nbnd_occ=  42
     k-point:    11    nbnd_occ=  42
     k-point:    12    nbnd_occ=  42
     k-point:    13    nbnd_occ=  42
     k-point:    14    nbnd_occ=  42
     k-point:    15    nbnd_occ=  42
     k-point:    16    nbnd_occ=  42


     q-space interpolation up to   110.00 Rydberg

     GIPAW job: efg                                                                             


     ELECTRIC FIELD GRADIENTS TENSORS IN Hartree/bohrradius^2:

     ----- bare term -----
     Cl   1       -0.016819       -0.032866       -0.137789
     Cl   1       -0.032866       -0.071013       -0.059534
     Cl   1       -0.137789       -0.059534        0.087832

     C    2       -0.638904        0.333071       -0.351884
     C    2        0.333071        0.285471       -0.185687
     C    2       -0.351884       -0.185687        0.353433

     C    3       -0.041509        0.195442       -0.185350
     C    3        0.195442       -0.393822       -0.461720
     C    3       -0.185350       -0.461720        0.435331

     H    4       -0.496407       -0.357220       -0.059409
     H    4       -0.357220        0.369720       -0.052249
     H    4       -0.059409       -0.052249        0.126686

     C    5       -0.769354        0.328790       -0.420832
     C    5        0.328790        0.285233       -0.096343
     C    5       -0.420832       -0.096343        0.484121

     H    6        0.101879       -0.152220       -0.015027
     H    6       -0.152220       -0.413115       -0.505796
     H    6       -0.015027       -0.505796        0.311236

     H    7        0.440888        0.019306        0.005785
     H    7        0.019306       -0.341120        0.626509
     H    7        0.005785        0.626509       -0.099768

     C    8       -0.155538       -0.280533       -0.185342
     C    8       -0.280533       -0.131052        0.413238
     C    8       -0.185342        0.413238        0.286591

     H    9       -0.263303        0.385506       -0.467162
     H    9        0.385506        0.104061        0.319895
     H    9       -0.467162        0.319895        0.159242

     C   10       -0.432560       -0.383819       -0.337128
     C   10       -0.383819        0.147861        0.343598
     C   10       -0.337128        0.343598        0.284699

     C   11       -0.100192       -0.060242       -0.224735
     C   11       -0.060242        0.014537        0.648499
     C   11       -0.224735        0.648499        0.085655

     Cl  12        0.056057       -0.105793        0.048181
     Cl  12       -0.105793        0.090423       -0.152026
     Cl  12        0.048181       -0.152026       -0.146480

     H   13        0.410727       -0.221726        0.044779
     H   13       -0.221726       -0.685959        0.186337
     H   13        0.044779        0.186337        0.275232

     C   14       -0.124622       -0.018931       -0.199010
     C   14       -0.018931       -0.067135       -0.315343
     C   14       -0.199010       -0.315343        0.191757

     H   15       -0.142475       -0.433578       -0.016652
     H   15       -0.433578       -0.212708        0.142932
     H   15       -0.016652        0.142932        0.355183

     C   16       -0.372003        0.208672       -0.021769
     C   16        0.208672        0.039989       -0.148427
     C   16       -0.021769       -0.148427        0.332014

     C   17       -0.036588        0.112575       -0.226548
     C   17        0.112575        0.038512       -0.686641
     C   17       -0.226548       -0.686641       -0.001924

     Cl  18       -0.255069        0.244608       -0.001474
     Cl  18        0.244608        0.188283        0.090030
     Cl  18       -0.001474        0.090030        0.066786

     H   19        0.431321       -0.022237       -0.154477
     H   19       -0.022237       -0.422625        0.500958
     H   19       -0.154477        0.500958       -0.008696

     C   20       -0.756775       -0.388956       -0.340791
     C   20       -0.388956        0.463503        0.225720
     C   20       -0.340791        0.225720        0.293272

     H   21       -0.521582        0.084241       -0.341969
     H   21        0.084241        0.303139        0.282022
     H   21       -0.341969        0.282022        0.218443

     C   22        0.018214       -0.196771       -0.136826
     C   22       -0.196771       -0.237798        0.491744
     C   22       -0.136826        0.491744        0.219584

     C   23       -0.637877       -0.319506       -0.381848
     C   23       -0.319506        0.295217        0.121214
     C   23       -0.381848        0.121214        0.342660

     Cl  24       -0.106757        0.025363       -0.018416
     Cl  24        0.025363       -0.093142       -0.038194
     Cl  24       -0.018416       -0.038194        0.199899

     ----- ionic term -----
     Cl   1        0.202946       -0.198954       -0.034162
     Cl   1       -0.198954       -0.068800        0.017154
     Cl   1       -0.034162        0.017154       -0.134146

     C    2        0.390734       -0.082222        0.097787
     C    2       -0.082222        0.075021        0.344462
     C    2        0.097787        0.344462       -0.465755

     C    3        0.221058       -0.199666        0.094889
     C    3       -0.199666        0.238567        0.347384
     C    3        0.094889        0.347384       -0.459625

     H    4        0.706795        0.510412        0.441688
     H    4        0.510412       -0.253936        0.251061
     H    4        0.441688        0.251061       -0.452859

     C    5        0.370926       -0.094747        0.219018
     C    5       -0.094747        0.089664        0.278993
     C    5        0.219018        0.278993       -0.460590

     H    6       -0.458387        0.276551        0.162832
     H    6        0.276551        0.711340        0.621159
     H    6        0.162832        0.621159       -0.252953

     H    7       -0.524614        0.000074        0.006853
     H    7        0.000074        0.487962       -0.805941
     H    7        0.006853       -0.805941        0.036652

     C    8        0.329915        0.165231        0.204613
     C    8        0.165231       -0.056063       -0.351880
     C    8        0.204613       -0.351880       -0.273851

     H    9        0.460410       -0.247089        0.725684
     H    9       -0.247089       -0.509896       -0.245115
     H    9        0.725684       -0.245115        0.049486

     C   10        0.145565        0.186729        0.159128
     C   10        0.186729        0.041718       -0.426430
     C   10        0.159128       -0.426430       -0.187283

     C   11        0.259956        0.118463        0.187436
     C   11        0.118463        0.008611       -0.451632
     C   11        0.187436       -0.451632       -0.268568

     Cl  12        0.102470        0.192430       -0.042579
     Cl  12        0.192430        0.025652       -0.036710
     Cl  12       -0.042579       -0.036710       -0.128122

     H   13       -0.490951        0.155472        0.045705
     H   13        0.155472        0.871268        0.528169
     H   13        0.045705        0.528169       -0.380317

     C   14        0.415106       -0.095981        0.166178
     C   14       -0.095981        0.116716        0.244416
     C   14        0.166178        0.244416       -0.531823

     H   15        0.656178        0.541022        0.454639
     H   15        0.541022       -0.195950        0.263405
     H   15        0.454639        0.263405       -0.460228

     C   16        0.202649       -0.158513        0.131037
     C   16       -0.158513        0.300279        0.331501
     C   16        0.131037        0.331501       -0.502928

     C   17        0.263556       -0.146036        0.240586
     C   17       -0.146036        0.233014        0.293436
     C   17        0.240586        0.293436       -0.496569

     Cl  18        0.148672       -0.216162        0.039937
     Cl  18       -0.216162        0.033251       -0.021395
     Cl  18        0.039937       -0.021395       -0.181923

     H   19       -0.472356       -0.203714        0.118878
     H   19       -0.203714        0.693709       -0.686273
     H   19        0.118878       -0.686273       -0.221354

     C   20        0.391679        0.121979        0.197342
     C   20        0.121979       -0.019113       -0.338958
     C   20        0.197342       -0.338958       -0.372566

     H   21        0.624926       -0.428040        0.572681
     H   21       -0.428040       -0.352316       -0.290115
     H   21        0.572681       -0.290115       -0.272610

     C   22        0.149450        0.168709        0.094971
     C   22        0.168709        0.172118       -0.481161
     C   22        0.094971       -0.481161       -0.321568

     C   23        0.243870        0.131186        0.207737
     C   23        0.131186        0.057143       -0.466300
     C   23        0.207737       -0.466300       -0.301013

     Cl  24        0.173664        0.211257       -0.036142
     Cl  24        0.211257       -0.036089       -0.024295
     Cl  24       -0.036142       -0.024295       -0.137575

     ----- GIPAW term -----
     Cl   1        1.124243       -1.899157       -1.882012
     Cl   1       -1.899157       -1.100753       -0.430681
     Cl   1       -1.882012       -0.430681       -0.023489

     C    2       -0.148239       -0.087791       -0.057614
     C    2       -0.087791        0.264270        0.046059
     C    2       -0.057614        0.046059       -0.116031

     C    3       -0.084076        0.000136       -0.042439
     C    3        0.000136       -0.027912        0.068721
     C    3       -0.042439        0.068721        0.111988

     H    4       -0.000000        0.000000        0.000000
     H    4        0.000000        0.000000        0.000000
     H    4        0.000000        0.000000        0.000000

     C    5       -0.205898        0.038900       -0.064264
     C    5        0.038900        0.157739        0.114158
     C    5       -0.064264        0.114158        0.048159

     H    6       -0.000000        0.000000        0.000000
     H    6        0.000000        0.000000        0.000000
     H    6        0.000000        0.000000        0.000000

     H    7       -0.000000        0.000000        0.000000
     H    7        0.000000        0.000000        0.000000
     H    7        0.000000        0.000000        0.000000

     C    8       -0.058809       -0.116582        0.007797
     C    8       -0.116582        0.093185        0.016010
     C    8        0.007797        0.016010       -0.034376

     H    9       -0.000000        0.000000        0.000000
     H    9        0.000000        0.000000        0.000000
     H    9        0.000000        0.000000        0.000000

     C   10       -0.112000       -0.188433       -0.120610
     C   10       -0.188433        0.173611        0.110906
     C   10       -0.120610        0.110906       -0.061611

     C   11       -0.051275       -0.017804       -0.085330
     C   11       -0.017804        0.101806        0.222624
     C   11       -0.085330        0.222624       -0.050531

     Cl  12       -0.559222        0.570319       -0.628987
     Cl  12        0.570319       -0.756327        1.065272
     Cl  12       -0.628987        1.065272        1.315549

     H   13       -0.000000        0.000000        0.000000
     H   13        0.000000        0.000000        0.000000
     H   13        0.000000        0.000000        0.000000

     C   14       -0.069653        0.015096       -0.025870
     C   14        0.015096        0.076882       -0.158485
     C   14       -0.025870       -0.158485       -0.007229

     H   15       -0.000000        0.000000        0.000000
     H   15        0.000000        0.000000        0.000000
     H   15        0.000000        0.000000        0.000000

     C   16       -0.103066        0.027989       -0.013667
     C   16        0.027989        0.095779       -0.088820
     C   16       -0.013667       -0.088820        0.007287

     C   17       -0.030406        0.031906       -0.055730
     C   17        0.031906        0.211203       -0.165806
     C   17       -0.055730       -0.165806       -0.180798

     Cl  18       -0.446701       -0.861673       -0.011302
     Cl  18       -0.861673        2.059680        1.001976
     Cl  18       -0.011302        1.001976       -1.612980

     H   19       -0.000000        0.000000        0.000000
     H   19        0.000000        0.000000        0.000000
     H   19        0.000000        0.000000        0.000000

     C   20       -0.211499       -0.102786       -0.046951
     C   20       -0.102786        0.283369        0.088148
     C   20       -0.046951        0.088148       -0.071870

     H   21       -0.000000        0.000000        0.000000
     H   21        0.000000        0.000000        0.000000
     H   21        0.000000        0.000000        0.000000

     C   22       -0.118311       -0.021071       -0.002110
     C   22       -0.021071        0.173606       -0.105780
     C   22       -0.002110       -0.105780       -0.055295

     C   23       -0.141610       -0.018489       -0.026568
     C   23       -0.018489        0.219032       -0.126569
     C   23       -0.026568       -0.126569       -0.077422

     Cl  24       -0.278415        1.985033       -0.589412
     Cl  24        1.985033       -1.251772       -0.681522
     Cl  24       -0.589412       -0.681522        1.530187

     ----- total EFG -----
     Cl   1        1.310370       -2.130977       -2.053963
     Cl   1       -2.130977       -1.240567       -0.473060
     Cl   1       -2.053963       -0.473060       -0.069804

     C    2       -0.396408        0.163058       -0.311710
     C    2        0.163058        0.624761        0.204834
     C    2       -0.311710        0.204834       -0.228353

     C    3        0.095473       -0.004087       -0.132900
     C    3       -0.004087       -0.183167       -0.045615
     C    3       -0.132900       -0.045615        0.087694

     H    4        0.210388        0.153191        0.382279
     H    4        0.153191        0.115785        0.198813
     H    4        0.382279        0.198813       -0.326173

     C    5       -0.604326        0.272944       -0.266078
     C    5        0.272944        0.532637        0.296809
     C    5       -0.266078        0.296809        0.071690

     H    6       -0.356508        0.124332        0.147805
     H    6        0.124332        0.298225        0.115363
     H    6        0.147805        0.115363        0.058283

     H    7       -0.083726        0.019380        0.012638
     H    7        0.019380        0.146842       -0.179432
     H    7        0.012638       -0.179432       -0.063116

     C    8        0.115568       -0.231884        0.027068
     C    8       -0.231884       -0.093931        0.077368
     C    8        0.027068        0.077368       -0.021637

     H    9        0.197106        0.138417        0.258522
     H    9        0.138417       -0.405835        0.074780
     H    9        0.258522        0.074780        0.208728

     C   10       -0.398996       -0.385523       -0.298610
     C   10       -0.385523        0.363190        0.028073
     C   10       -0.298610        0.028073        0.035805

     C   11        0.108489        0.040416       -0.122629
     C   11        0.040416        0.124955        0.419491
     C   11       -0.122629        0.419491       -0.233444

     Cl  12       -0.400695        0.656956       -0.623385
     Cl  12        0.656956       -0.640252        0.876536
     Cl  12       -0.623385        0.876536        1.040947

     H   13       -0.080224       -0.066254        0.090484
     H   13       -0.066254        0.185309        0.714506
     H   13        0.090484        0.714506       -0.105086

     C   14        0.220832       -0.099815       -0.058702
     C   14       -0.099815        0.126463       -0.229412
     C   14       -0.058702       -0.229412       -0.347295

     H   15        0.513703        0.107444        0.437987
     H   15        0.107444       -0.408658        0.406337
     H   15        0.437987        0.406337       -0.105045

     C   16       -0.272420        0.078148        0.095602
     C   16        0.078148        0.436047        0.094254
     C   16        0.095602        0.094254       -0.163627

     C   17        0.196561       -0.001556       -0.041691
     C   17       -0.001556        0.482729       -0.559011
     C   17       -0.041691       -0.559011       -0.679291

     Cl  18       -0.553098       -0.833227        0.027160
     Cl  18       -0.833227        2.281214        1.070611
     Cl  18        0.027160        1.070611       -1.728116

     H   19       -0.041035       -0.225950       -0.035599
     H   19       -0.225950        0.271084       -0.185315
     H   19       -0.035599       -0.185315       -0.230049

     C   20       -0.576595       -0.369763       -0.190399
     C   20       -0.369763        0.727759       -0.025090
     C   20       -0.190399       -0.025090       -0.151164

     H   21        0.103344       -0.343799        0.230712
     H   21       -0.343799       -0.049177       -0.008093
     H   21        0.230712       -0.008093       -0.054167

     C   22        0.049353       -0.049134       -0.043965
     C   22       -0.049134        0.107926       -0.095198
     C   22       -0.043965       -0.095198       -0.157279

     C   23       -0.535617       -0.206808       -0.200679
     C   23       -0.206808        0.571392       -0.471656
     C   23       -0.200679       -0.471656       -0.035775

     Cl  24       -0.211509        2.221653       -0.643970
     Cl  24        2.221653       -1.381003       -0.744012
     Cl  24       -0.643970       -0.744012        1.592511

     ----- total EFG (symmetrized) -----
     Cl   1        1.310370       -2.130977       -2.053963
     Cl   1       -2.130977       -1.240567       -0.473060
     Cl   1       -2.053963       -0.473060       -0.069804

     C    2       -0.396408        0.163058       -0.311710
     C    2        0.163058        0.624761        0.204834
     C    2       -0.311710        0.204834       -0.228353

     C    3        0.095473       -0.004087       -0.132900
     C    3       -0.004087       -0.183167       -0.045615
     C    3       -0.132900       -0.045615        0.087694

     H    4        0.210388        0.153191        0.382279
     H    4        0.153191        0.115785        0.198813
     H    4        0.382279        0.198813       -0.326173

     C    5       -0.604326        0.272944       -0.266078
     C    5        0.272944        0.532637        0.296809
     C    5       -0.266078        0.296809        0.071690

     H    6       -0.356508        0.124332        0.147805
     H    6        0.124332        0.298225        0.115363
     H    6        0.147805        0.115363        0.058283

     H    7       -0.083726        0.019380        0.012638
     H    7        0.019380        0.146842       -0.179432
     H    7        0.012638       -0.179432       -0.063116

     C    8        0.115568       -0.231884        0.027068
     C    8       -0.231884       -0.093931        0.077368
     C    8        0.027068        0.077368       -0.021637

     H    9        0.197106        0.138417        0.258522
     H    9        0.138417       -0.405835        0.074780
     H    9        0.258522        0.074780        0.208728

     C   10       -0.398996       -0.385523       -0.298610
     C   10       -0.385523        0.363190        0.028073
     C   10       -0.298610        0.028073        0.035805

     C   11        0.108489        0.040416       -0.122629
     C   11        0.040416        0.124955        0.419491
     C   11       -0.122629        0.419491       -0.233444

     Cl  12       -0.400695        0.656956       -0.623385
     Cl  12        0.656956       -0.640252        0.876536
     Cl  12       -0.623385        0.876536        1.040947

     H   13       -0.080224       -0.066254        0.090484
     H   13       -0.066254        0.185309        0.714506
     H   13        0.090484        0.714506       -0.105086

     C   14        0.220832       -0.099815       -0.058702
     C   14       -0.099815        0.126463       -0.229412
     C   14       -0.058702       -0.229412       -0.347295

     H   15        0.513703        0.107444        0.437987
     H   15        0.107444       -0.408658        0.406337
     H   15        0.437987        0.406337       -0.105045

     C   16       -0.272420        0.078148        0.095602
     C   16        0.078148        0.436047        0.094254
     C   16        0.095602        0.094254       -0.163627

     C   17        0.196561       -0.001556       -0.041691
     C   17       -0.001556        0.482729       -0.559011
     C   17       -0.041691       -0.559011       -0.679291

     Cl  18       -0.553098       -0.833227        0.027160
     Cl  18       -0.833227        2.281214        1.070611
     Cl  18        0.027160        1.070611       -1.728116

     H   19       -0.041035       -0.225950       -0.035599
     H   19       -0.225950        0.271084       -0.185315
     H   19       -0.035599       -0.185315       -0.230049

     C   20       -0.576595       -0.369763       -0.190399
     C   20       -0.369763        0.727759       -0.025090
     C   20       -0.190399       -0.025090       -0.151164

     H   21        0.103344       -0.343799        0.230712
     H   21       -0.343799       -0.049177       -0.008093
     H   21        0.230712       -0.008093       -0.054167

     C   22        0.049353       -0.049134       -0.043965
     C   22       -0.049134        0.107926       -0.095198
     C   22       -0.043965       -0.095198       -0.157279

     C   23       -0.535617       -0.206808       -0.200679
     C   23       -0.206808        0.571392       -0.471656
     C   23       -0.200679       -0.471656       -0.035775

     Cl  24       -0.211509        2.221653       -0.643970
     Cl  24        2.221653       -1.381003       -0.744012
     Cl  24       -0.643970       -0.744012        1.592511


     NQR/NMR SPECTROSCOPIC PARAMETERS:
     Cl   1    Vxx=   -0.1160    axis=(  0.161488 -0.626700  0.762344)
     Cl   1    Vyy=   -3.1984    axis=( -0.542190 -0.701797 -0.462074)
     Cl   1    Vzz=    3.3144    axis=( -0.824592  0.338716  0.453122)
     Cl   1  Q=        -8.1650 1e-30 m^2  Cq=       -63.5847 MHz  eta= 0.93000

     C    2    Vxx=    0.0049    axis=( -0.633057 -0.087627  0.769130)
     C    2    Vyy=    0.6798    axis=( -0.093556 -0.977629 -0.188385)
     C    2    Vzz=   -0.6847    axis=(  0.768431 -0.191215  0.610697)
     C    2  Q=         1.0000 1e-30 m^2  Cq=        -1.6088 MHz  eta= 0.98577

     C    3    Vxx=   -0.0331    axis=( -0.696587  0.225981 -0.680955)
     C    3    Vyy=   -0.1935    axis=(  0.110189  0.971538  0.209696)
     C    3    Vzz=    0.2266    axis=(  0.708961  0.071038 -0.701661)
     C    3  Q=         1.0000 1e-30 m^2  Cq=         0.5324 MHz  eta= 0.70768

     H    4    Vxx=    0.0077    axis=(  0.509759 -0.857195  0.073227)
     H    4    Vyy=    0.5357    axis=( -0.752214 -0.485395 -0.445608)
     H    4    Vzz=   -0.5434    axis=(  0.417517  0.172070 -0.892228)
     H    4  Q=         1.0000 1e-30 m^2  Cq=        -1.2768 MHz  eta= 0.97166

     C    5    Vxx=    0.1018    axis=( -0.436970 -0.305900  0.845862)
     C    5    Vyy=    0.6925    axis=( -0.112661 -0.914375 -0.388878)
     C    5    Vzz=   -0.7943    axis=(  0.892393 -0.265223  0.365092)
     C    5  Q=         1.0000 1e-30 m^2  Cq=        -1.8663 MHz  eta= 0.74366

     H    6    Vxx=    0.0290    axis=( -0.185505  0.458187 -0.869283)
     H    6    Vyy=    0.3851    axis=(  0.230256  0.880276  0.414845)
     H    6    Vzz=   -0.4141    axis=(  0.955285 -0.123201 -0.268796)
     H    6  Q=         1.0000 1e-30 m^2  Cq=        -0.9730 MHz  eta= 0.85986

     H    7    Vxx=   -0.0792    axis=( -0.972521 -0.087792 -0.215626)
     H    7    Vyy=   -0.1709    axis=( -0.230658  0.489083  0.841186)
     H    7    Vzz=    0.2501    axis=( -0.031609 -0.867808  0.495894)
     H    7  Q=         1.0000 1e-30 m^2  Cq=         0.5876 MHz  eta= 0.36681

     C    8    Vxx=    0.0027    axis=(  0.224887  0.220232  0.949170)
     C    8    Vyy=    0.2666    axis=( -0.832171  0.550143  0.069519)
     C    8    Vzz=   -0.2693    axis=( -0.506869 -0.805506  0.306991)
     C    8  Q=         1.0000 1e-30 m^2  Cq=        -0.6328 MHz  eta= 0.97975

     H    9    Vxx=   -0.0502    axis=( -0.685969 -0.115948  0.718333)
     H    9    Vyy=   -0.4367    axis=( -0.200296  0.979172 -0.033221)
     H    9    Vzz=    0.4869    axis=( -0.699520 -0.166668 -0.694906)
     H    9  Q=         1.0000 1e-30 m^2  Cq=         1.1440 MHz  eta= 0.79373

     C   10    Vxx=    0.0962    axis=( -0.217619 -0.407455  0.886917)
     C   10    Vyy=    0.5666    axis=( -0.430497  0.855600  0.287439)
     C   10    Vzz=   -0.6628    axis=( -0.875965 -0.319263 -0.361603)
     C   10  Q=         1.0000 1e-30 m^2  Cq=        -1.5573 MHz  eta= 0.70977

     C   11    Vxx=    0.1286    axis=(  0.974346  0.205350 -0.092091)
     C   11    Vyy=    0.4060    axis=(  0.119722 -0.819435 -0.560529)
     C   11    Vzz=   -0.5346    axis=( -0.190567  0.535124 -0.822998)
     C   11  Q=         1.0000 1e-30 m^2  Cq=        -1.2561 MHz  eta= 0.51890

     Cl  12    Vxx=    0.1434    axis=(  0.790714  0.610386 -0.046913)
     Cl  12    Vyy=    1.4775    axis=(  0.194417 -0.323040 -0.926200)
     Cl  12    Vzz=   -1.6209    axis=( -0.580494  0.723239 -0.374101)
     Cl  12  Q=        -8.1650 1e-30 m^2  Cq=        31.0969 MHz  eta= 0.82304

     H   13    Vxx=   -0.0603    axis=(  0.984478 -0.116445  0.131318)
     H   13    Vyy=   -0.7089    axis=(  0.175367  0.622440 -0.762768)
     H   13    Vzz=    0.7693    axis=(  0.007082  0.773956  0.633199)
     H   13  Q=         1.0000 1e-30 m^2  Cq=         1.8075 MHz  eta= 0.84318

     C   14    Vxx=    0.1562    axis=(  0.663494  0.648645 -0.372874)
     C   14    Vyy=    0.2966    axis=(  0.735610 -0.656535  0.166851)
     C   14    Vzz=   -0.4528    axis=(  0.136578  0.384995  0.912757)
     C   14  Q=         1.0000 1e-30 m^2  Cq=        -1.0640 MHz  eta= 0.30996

     H   15    Vxx=   -0.0949    axis=(  0.536568 -0.593342 -0.600033)
     H   15    Vyy=   -0.7159    axis=(  0.154277  0.768051 -0.621527)
     H   15    Vzz=    0.8108    axis=(  0.829634  0.240920  0.503651)
     H   15  Q=         1.0000 1e-30 m^2  Cq=         1.9050 MHz  eta= 0.76591

     C   16    Vxx=   -0.1335    axis=(  0.473225 -0.206636  0.856364)
     C   16    Vyy=   -0.3286    axis=( -0.871925  0.028863  0.488788)
     C   16    Vzz=    0.4621    axis=(  0.125718  0.977992  0.166513)
     C   16  Q=         1.0000 1e-30 m^2  Cq=         1.0858 MHz  eta= 0.42208

     C   17    Vxx=    0.1976    axis=(  0.998984 -0.038965 -0.022657)
     C   17    Vyy=    0.7084    axis=(  0.027667  0.926922 -0.374234)
     C   17    Vzz=   -0.9059    axis=(  0.035583  0.373227  0.927057)
     C   17  Q=         1.0000 1e-30 m^2  Cq=        -2.1286 MHz  eta= 0.56384

     Cl  18    Vxx=   -0.7097    axis=(  0.956899  0.187058  0.222159)
     Cl  18    Vyy=   -2.0351    axis=(  0.167926  0.267744 -0.948743)
     Cl  18    Vzz=    2.7447    axis=( -0.236951  0.945157  0.224792)
     Cl  18  Q=        -8.1650 1e-30 m^2  Cq=       -52.6563 MHz  eta= 0.48288

     H   19    Vxx=   -0.0865    axis=(  0.817277  0.246491 -0.520864)
     H   19    Vyy=   -0.3377    axis=(  0.403619  0.400262  0.822728)
     H   19    Vzz=    0.4242    axis=(  0.411278 -0.882628  0.227637)
     H   19  Q=         1.0000 1e-30 m^2  Cq=         0.9966 MHz  eta= 0.59217

     C   20    Vxx=   -0.0897    axis=( -0.293139 -0.103423  0.950459)
     C   20    Vyy=   -0.7362    axis=(  0.920577  0.237827  0.309802)
     C   20    Vzz=    0.8259    axis=( -0.258085  0.965786  0.025492)
     C   20  Q=         1.0000 1e-30 m^2  Cq=         1.9406 MHz  eta= 0.78276

     H   21    Vxx=   -0.0601    axis=( -0.001861  0.556615  0.830768)
     H   21    Vyy=   -0.3904    axis=( -0.642530 -0.637251  0.425519)
     H   21    Vzz=    0.4505    axis=(  0.766258 -0.533002  0.358828)
     H   21  Q=         1.0000 1e-30 m^2  Cq=         1.0586 MHz  eta= 0.73317

     C   22    Vxx=    0.0504    axis=(  0.913011  0.261416 -0.313164)
     C   22    Vyy=    0.1507    axis=(  0.340701 -0.910855  0.232950)
     C   22    Vzz=   -0.2010    axis=(  0.224351  0.319381  0.920686)
     C   22  Q=         1.0000 1e-30 m^2  Cq=        -0.4723 MHz  eta= 0.49890

     C   23    Vxx=   -0.1159    axis=(  0.540709 -0.359279 -0.760626)
     C   23    Vyy=   -0.7184    axis=( -0.838661 -0.300566 -0.454211)
     C   23    Vzz=    0.8343    axis=( -0.065430  0.883504 -0.463832)
     C   23  Q=         1.0000 1e-30 m^2  Cq=         1.9603 MHz  eta= 0.72216

     Cl  24    Vxx=    0.5864    axis=( -0.596604 -0.413621 -0.687737)
     Cl  24    Vyy=    2.5157    axis=(  0.529947  0.440499 -0.724649)
     Cl  24    Vzz=   -3.1021    axis=( -0.602678  0.796792  0.043606)
     Cl  24  Q=        -8.1650 1e-30 m^2  Cq=        59.5129 MHz  eta= 0.62193

     Initialization:
     gipaw_setup  :      9.33s CPU     10.95s WALL (       1 calls)

     Linear response

     Apply operators

     Induced current

     Other routines
     efg          :      9.23s CPU     11.20s WALL (       1 calls)

     General routines
     calbec       :      3.23s CPU      4.09s WALL (      16 calls)
     fft          :      1.34s CPU      1.63s WALL (      15 calls)
     ffts         :      0.02s CPU      0.04s WALL (       2 calls)
     fftw         :      3.22s CPU      3.83s WALL (     672 calls)
     davcio       :      0.01s CPU      0.33s WALL (      32 calls)

     Parallel routines
     fft_scatter  :      1.77s CPU      2.50s WALL (     689 calls)

     Plugins

     GIPAW        :     60.80s CPU     73.44s WALL (       1 calls)
