
     Program QE v.6.0 (svn rev. 13079) starts on 14Dec2016 at 20:13:10 

     This program is part of the open-source Quantum ESPRESSO suite
     for quantum simulation of materials; please cite
         "P. Giannozzi et al., J. Phys.:Condens. Matter 21 395502 (2009);
          URL http://www.quantum-espresso.org", 
     in publications or presentations arising from this work. More details at
     http://www.quantum-espresso.org/quote

     Parallel version (MPI), running on     8 processors
     R & G space division:  proc/nbgrp/npool/nimage =       8

     ***** This is GIPAW svn revision unknown      *****

     Parallelizing q-star over 1 images

     Reading data from directory:
     /users/majewski/paradichlorobenzene/pbe/9_constraint/scratch/pbe.ecut100.np8.dt60.pcl2phi-129368.save
     Message from routine read_xml_file:
     file /users/majewski/paradichlorobenzene/pbe/9_constraint/scratch/pbe.ecut100.np8.dt60.pcl2phi-129368.save not guaranteed to be safe for post-processing

   Info: using nr1, nr2, nr3 values from input

   Info: using nr1, nr2, nr3 values from input

     IMPORTANT: XC functional enforced from input :
     Exchange-correlation      =  SLA  PW   PBX  PBC ( 1  4  3  4 0 0)
     Any further DFT definition will be discarded
     Please, verify this is what you really want

               file C.pbe-n-kjpaw_psl.1.0.0.UPF: wavefunction(s)  2S 2P renormalized
               file Cl.pbe-n-kjpaw_psl.1.0.0.UPF: wavefunction(s)  3S 3P renormalized
               file H.pbe-kjpaw_psl.1.0.0.UPF: wavefunction(s)  1S renormalized

     Parallelization info
     --------------------
     sticks:   dense  smooth     PW     G-vecs:    dense   smooth      PW
     Min        3057    1223    332               144436    36536    5170
     Max        3059    1225    333               144437    36537    5171
     Sum       24467    9791   2657              1155489   292295   41363


     Subspace diagonalization in iterative solution of the eigenvalue problem:
     a serial algorithm will be used

     GIPAW projectors -----------------------------------------------
     atom=  C    l=0  rc=    1.2000  rs=    0.8000
     atom=  C    l=0  rc=    1.2000  rs=    0.8000
     atom=  C    l=1  rc=    1.4000  rs=    0.9333
     atom=  C    l=1  rc=    1.4000  rs=    0.9333
     projs nearly linearly dependent: l=1  n1,n2= 1, 2  s=  0.99951561

     atom=  Cl   l=0  rc=    1.6000  rs=    1.0667
     atom=  Cl   l=0  rc=    1.6000  rs=    1.0667
     atom=  Cl   l=1  rc=    1.6000  rs=    1.0667
     atom=  Cl   l=1  rc=    1.6000  rs=    1.0667
     atom=  Cl   l=2  rc=    1.6000  rs=    1.0667
     atom=  Cl   l=2  rc=    1.6000  rs=    1.0667
     projs nearly linearly dependent: l=2  n1,n2= 1, 2  s=  0.99993509

     atom=  H    l=0  rc=    1.0000  rs=    0.6667
     atom=  H    l=0  rc=    1.0000  rs=    0.6667
     projs nearly linearly dependent: l=0  n1,n2= 1, 2  s=  0.99968852
     -----------------------------------------------------------------

     GIPAW integrals: -------------------------------------------
     Atom  i/j   nmr_para   nmr_dia   epr_rmc  epr_para   epr_dia
       C   1 1   0.83E+03  0.17E-01  0.93E+01  0.24E+08  0.24E+03
       C   2 1   0.86E+03 -0.61E-01  0.94E+01  0.25E+08  0.25E+03
       C   2 2   0.90E+03 -0.15E+00  0.97E+01  0.26E+08  0.26E+03
       C   3 3   0.33E+01  0.34E+00  0.18E+01  0.55E+03  0.21E+02
       C   4 3   0.35E+01  0.37E+00  0.20E+01  0.59E+03  0.22E+02
       C   4 4   0.38E+01  0.39E+00  0.22E+01  0.63E+03  0.24E+02
       Cl  1 1   0.14E+04 -0.47E+00  0.84E+01  0.32E+09  0.42E+03
       Cl  2 1   0.21E+04 -0.37E+00  0.12E+02  0.49E+09  0.65E+03
       Cl  2 2   0.33E+04 -0.16E+00  0.21E+02  0.76E+09  0.10E+04
       Cl  3 3   0.21E+02  0.79E-01  0.89E+01  0.23E+05  0.13E+03
       Cl  4 3   0.24E+02  0.67E-01  0.99E+01  0.27E+05  0.15E+03
       Cl  4 4   0.28E+02  0.44E-01  0.11E+02  0.32E+05  0.18E+03
       Cl  5 5   0.77E+00  0.19E+00  0.18E+01  0.12E+03  0.22E+02
       Cl  6 5   0.80E+00  0.19E+00  0.19E+01  0.12E+03  0.23E+02
       Cl  6 6   0.83E+00  0.20E+00  0.19E+01  0.12E+03  0.23E+02
       H   1 1   0.39E+02  0.19E+00  0.29E+00  0.78E+05  0.13E+02
       H   2 1   0.41E+02  0.21E+00  0.32E+00  0.82E+05  0.14E+02
       H   2 2   0.43E+02  0.22E+00  0.36E+00  0.86E+05  0.15E+02
     ------------------------------------------------------------

     alpha_pv=     33.8465 eV

     Number of occupied bands for each k-point:
     k-point:     1    nbnd_occ=  42
     k-point:     2    nbnd_occ=  42
     k-point:     3    nbnd_occ=  42
     k-point:     4    nbnd_occ=  42
     k-point:     5    nbnd_occ=  42
     k-point:     6    nbnd_occ=  42
     k-point:     7    nbnd_occ=  42
     k-point:     8    nbnd_occ=  42
     k-point:     9    nbnd_occ=  42
     k-point:    10    nbnd_occ=  42
     k-point:    11    nbnd_occ=  42
     k-point:    12    nbnd_occ=  42
     k-point:    13    nbnd_occ=  42
     k-point:    14    nbnd_occ=  42
     k-point:    15    nbnd_occ=  42
     k-point:    16    nbnd_occ=  42


     q-space interpolation up to   110.00 Rydberg

     GIPAW job: efg                                                                             


     ELECTRIC FIELD GRADIENTS TENSORS IN Hartree/bohrradius^2:

     ----- bare term -----
     Cl   1       -0.000802       -0.029056       -0.019048
     Cl   1       -0.029056        0.007644        0.008626
     Cl   1       -0.019048        0.008626       -0.006842

     C    2       -0.192039        0.145343       -0.320943
     C    2        0.145343       -0.142266       -0.479756
     C    2       -0.320943       -0.479756        0.334304

     C    3       -0.193611        0.212934       -0.289199
     C    3        0.212934       -0.198705       -0.513195
     C    3       -0.289199       -0.513195        0.392316

     H    4       -0.511250       -0.286523       -0.400190
     H    4       -0.286523        0.298011       -0.178701
     H    4       -0.400190       -0.178701        0.213239

     C    5       -0.316077        0.128906       -0.381550
     C    5        0.128906       -0.072383       -0.436312
     C    5       -0.381550       -0.436312        0.388460

     H    6        0.315768       -0.180208       -0.100069
     H    6       -0.180208       -0.470862       -0.491964
     H    6       -0.100069       -0.491964        0.155094

     H    7        0.367180        0.040433       -0.039365
     H    7        0.040433       -0.515508        0.491251
     H    7       -0.039365        0.491251        0.148328

     C    8       -0.408467       -0.219871       -0.368430
     C    8       -0.219871       -0.042660        0.386248
     C    8       -0.368430        0.386248        0.451127

     H    9       -0.407746        0.123911       -0.525021
     H    9        0.123911        0.289761        0.145260
     H    9       -0.525021        0.145260        0.117985

     C   10       -0.170285       -0.380101       -0.198283
     C   10       -0.380101       -0.271809        0.482907
     C   10       -0.198283        0.482907        0.442094

     C   11       -0.210537       -0.108437       -0.365463
     C   11       -0.108437       -0.115658        0.485621
     C   11       -0.365463        0.485621        0.326195

     Cl  12        0.011185        0.035945       -0.026193
     Cl  12        0.035945        0.004193        0.004076
     Cl  12       -0.026193        0.004076       -0.015379

     H   13        0.378530       -0.058691       -0.067271
     H   13       -0.058691       -0.390380       -0.535366
     H   13       -0.067271       -0.535366        0.011850

     C   14       -0.450541        0.315879       -0.302300
     C   14        0.315879       -0.001313       -0.363777
     C   14       -0.302300       -0.363777        0.451853

     H   15       -0.273228       -0.026855       -0.565692
     H   15       -0.026855        0.250928       -0.005304
     H   15       -0.565692       -0.005304        0.022300

     C   16       -0.189979        0.269205       -0.264103
     C   16        0.269205       -0.220460       -0.511443
     C   16       -0.264103       -0.511443        0.410439

     C   17       -0.170925        0.111528       -0.326757
     C   17        0.111528       -0.151112       -0.499400
     C   17       -0.326757       -0.499400        0.322037

     Cl  18       -0.021203        0.009249       -0.021148
     Cl  18        0.009249        0.003510       -0.013005
     Cl  18       -0.021148       -0.013005        0.017693

     H   19        0.289285       -0.038866        0.045105
     H   19       -0.038866       -0.382958        0.534815
     H   19        0.045105        0.534815        0.093673

     C   20       -0.448499       -0.286444       -0.351423
     C   20       -0.286444       -0.008551        0.349889
     C   20       -0.351423        0.349889        0.457049

     H   21       -0.170825       -0.079267       -0.561673
     H   21       -0.079267        0.129845       -0.106589
     H   21       -0.561673       -0.106589        0.040980

     C   22       -0.336330       -0.304779       -0.296000
     C   22       -0.304779       -0.105005        0.405135
     C   22       -0.296000        0.405135        0.441335

     C   23       -0.222901       -0.091868       -0.353525
     C   23       -0.091868       -0.105838        0.480753
     C   23       -0.353525        0.480753        0.328739

     Cl  24        0.000654        0.020347       -0.024262
     Cl  24        0.020347        0.009901        0.007910
     Cl  24       -0.024262        0.007910       -0.010555

     ----- ionic term -----
     Cl   1        0.128102       -0.223010        0.002697
     Cl   1       -0.223010        0.025538        0.005323
     Cl   1        0.002697        0.005323       -0.153640

     C    2        0.198720       -0.227833        0.239193
     C    2       -0.227833        0.113764        0.380226
     C    2        0.239193        0.380226       -0.312484

     C    3        0.131174       -0.169755        0.179577
     C    3       -0.169755        0.165263        0.394610
     C    3        0.179577        0.394610       -0.296437

     H    4        0.631017        0.379499        0.606759
     H    4        0.379499       -0.387487        0.262492
     H    4        0.606759        0.262492       -0.243530

     C    5        0.272526       -0.083831        0.299467
     C    5       -0.083831        0.030496        0.306464
     C    5        0.299467        0.306464       -0.303022

     H    6       -0.480990        0.205764        0.131200
     H    6        0.205764        0.633072        0.691124
     H    6        0.131200        0.691124       -0.152082

     H    7       -0.515481       -0.063956        0.052474
     H    7       -0.063956        0.666658       -0.712645
     H    7        0.052474       -0.712645       -0.151177

     C    8        0.333679        0.213329        0.280892
     C    8        0.213329        0.060577       -0.294624
     C    8        0.280892       -0.294624       -0.394256

     H    9        0.627262       -0.205391        0.696510
     H    9       -0.205391       -0.465335       -0.202488
     H    9        0.696510       -0.202488       -0.161928

     C   10        0.175629        0.313745        0.197446
     C   10        0.313745        0.196394       -0.350115
     C   10        0.197446       -0.350115       -0.372024

     C   11        0.226075        0.211887        0.270276
     C   11        0.211887        0.098722       -0.375803
     C   11        0.270276       -0.375803       -0.324797

     Cl  12        0.151751        0.211495        0.001032
     Cl  12        0.211495       -0.004769       -0.006734
     Cl  12        0.001032       -0.006734       -0.146982

     H   13       -0.511046        0.045557        0.048892
     H   13        0.045557        0.640920        0.718890
     H   13        0.048892        0.718890       -0.129873

     C   14        0.325111       -0.273953        0.231559
     C   14       -0.273953        0.031283        0.290128
     C   14        0.231559        0.290128       -0.356394

     H   15        0.533547        0.146954        0.754453
     H   15        0.146954       -0.498749        0.189872
     H   15        0.754453        0.189872       -0.034798

     C   16        0.162932       -0.320990        0.183894
     C   16       -0.320990        0.160341        0.397084
     C   16        0.183894        0.397084       -0.323274

     C   17        0.198072       -0.187894        0.255184
     C   17       -0.187894        0.124009        0.435804
     C   17        0.255184        0.435804       -0.322080

     Cl  18        0.148420       -0.231170        0.001702
     Cl  18       -0.231170        0.008393        0.007168
     Cl  18        0.001702        0.007168       -0.156813

     H   19       -0.505427        0.065491       -0.017574
     H   19        0.065491        0.611688       -0.731681
     H   19       -0.017574       -0.731681       -0.106261

     C   20        0.349453        0.279120        0.285191
     C   20        0.279120       -0.003734       -0.283852
     C   20        0.285191       -0.283852       -0.345719

     H   21        0.535826        0.021721        0.754851
     H   21        0.021721       -0.505720       -0.075173
     H   21        0.754851       -0.075173       -0.030106

     C   22        0.234939        0.350876        0.225774
     C   22        0.350876        0.077133       -0.286642
     C   22        0.225774       -0.286642       -0.312072

     C   23        0.272694        0.176528        0.282089
     C   23        0.176528        0.057789       -0.359800
     C   23        0.282089       -0.359800       -0.330483

     Cl  24        0.134911        0.221377        0.015581
     Cl  24        0.221377        0.016656        0.002771
     Cl  24        0.015581        0.002771       -0.151567

     ----- GIPAW term -----
     Cl   1        1.401437       -2.459205       -0.158586
     Cl   1       -2.459205        0.167464        0.055551
     Cl   1       -0.158586        0.055551       -1.568901

     C    2        0.064774       -0.112688       -0.066061
     C    2       -0.112688       -0.024217       -0.072764
     C    2       -0.066061       -0.072764       -0.040557

     C    3       -0.046670        0.010765       -0.069420
     C    3        0.010765       -0.015892       -0.088133
     C    3       -0.069420       -0.088133        0.062562

     H    4       -0.000000        0.000000        0.000000
     H    4        0.000000        0.000000        0.000000
     H    4        0.000000        0.000000        0.000000

     C    5       -0.022245       -0.001431       -0.064196
     C    5       -0.001431       -0.030234       -0.094481
     C    5       -0.064196       -0.094481        0.052479

     H    6       -0.000000        0.000000        0.000000
     H    6        0.000000        0.000000        0.000000
     H    6        0.000000        0.000000        0.000000

     H    7       -0.000000        0.000000        0.000000
     H    7        0.000000        0.000000        0.000000
     H    7        0.000000        0.000000        0.000000

     C    8       -0.056349       -0.034722       -0.055649
     C    8       -0.034722       -0.024795        0.079754
     C    8       -0.055649        0.079754        0.081144

     H    9       -0.000000        0.000000        0.000000
     H    9        0.000000        0.000000        0.000000
     H    9        0.000000        0.000000        0.000000

     C   10       -0.022769       -0.058672       -0.037053
     C   10       -0.058672       -0.043090        0.073642
     C   10       -0.037053        0.073642        0.065860

     C   11        0.032255        0.114849       -0.068382
     C   11        0.114849        0.001939        0.093758
     C   11       -0.068382        0.093758       -0.034194

     Cl  12        1.511980        2.512893       -0.207876
     Cl  12        2.512893        0.120427        0.039827
     Cl  12       -0.207876        0.039827       -1.632407

     H   13       -0.000000        0.000000        0.000000
     H   13        0.000000        0.000000        0.000000
     H   13        0.000000        0.000000        0.000000

     C   14       -0.075274        0.038115       -0.034085
     C   14        0.038115        0.012837       -0.083252
     C   14       -0.034085       -0.083252        0.062437

     H   15       -0.000000        0.000000        0.000000
     H   15        0.000000        0.000000        0.000000
     H   15        0.000000        0.000000        0.000000

     C   16       -0.051960        0.029385       -0.063848
     C   16        0.029385       -0.017301       -0.084669
     C   16       -0.063848       -0.084669        0.069261

     C   17        0.061696       -0.118454       -0.058738
     C   17       -0.118454       -0.020838       -0.079254
     C   17       -0.058738       -0.079254       -0.040858

     Cl  18        1.348566       -2.322110       -0.180899
     Cl  18       -2.322110        0.132570       -0.097502
     Cl  18       -0.180899       -0.097502       -1.481136

     H   19       -0.000000        0.000000        0.000000
     H   19        0.000000        0.000000        0.000000
     H   19        0.000000        0.000000        0.000000

     C   20       -0.068520       -0.045809       -0.054606
     C   20       -0.045809       -0.002947        0.061931
     C   20       -0.054606        0.061931        0.071467

     H   21       -0.000000        0.000000        0.000000
     H   21        0.000000        0.000000        0.000000
     H   21        0.000000        0.000000        0.000000

     C   22       -0.098760       -0.044949       -0.068400
     C   22       -0.044949        0.014232        0.043742
     C   22       -0.068400        0.043742        0.084528

     C   23        0.043167        0.123390       -0.073471
     C   23        0.123390       -0.011101        0.071941
     C   23       -0.073471        0.071941       -0.032066

     Cl  24        1.435392        2.429940       -0.177360
     Cl  24        2.429940        0.191081        0.076577
     Cl  24       -0.177360        0.076577       -1.626473

     ----- total EFG -----
     Cl   1        1.528738       -2.711271       -0.174937
     Cl   1       -2.711271        0.200646        0.069501
     Cl   1       -0.174937        0.069501       -1.729384

     C    2        0.071456       -0.195177       -0.147810
     C    2       -0.195177       -0.052719       -0.172294
     C    2       -0.147810       -0.172294       -0.018736

     C    3       -0.109108        0.053943       -0.179042
     C    3        0.053943       -0.049333       -0.206718
     C    3       -0.179042       -0.206718        0.158441

     H    4        0.119767        0.092977        0.206569
     H    4        0.092977       -0.089476        0.083791
     H    4        0.206569        0.083791       -0.030291

     C    5       -0.065797        0.043644       -0.146279
     C    5        0.043644       -0.072121       -0.224328
     C    5       -0.146279       -0.224328        0.137918

     H    6       -0.165221        0.025556        0.031130
     H    6        0.025556        0.162210        0.199160
     H    6        0.031130        0.199160        0.003012

     H    7       -0.148301       -0.023523        0.013109
     H    7       -0.023523        0.151150       -0.221393
     H    7        0.013109       -0.221393       -0.002849

     C    8       -0.131137       -0.041264       -0.143187
     C    8       -0.041264       -0.006879        0.171378
     C    8       -0.143187        0.171378        0.138016

     H    9        0.219516       -0.081480        0.171490
     H    9       -0.081480       -0.175574       -0.057228
     H    9        0.171490       -0.057228       -0.043943

     C   10       -0.017425       -0.125028       -0.037889
     C   10       -0.125028       -0.118505        0.206433
     C   10       -0.037889        0.206433        0.135930

     C   11        0.047793        0.218299       -0.163569
     C   11        0.218299       -0.014997        0.203575
     C   11       -0.163569        0.203575       -0.032796

     Cl  12        1.674916        2.760333       -0.233037
     Cl  12        2.760333        0.119851        0.037169
     Cl  12       -0.233037        0.037169       -1.794768

     H   13       -0.132516       -0.013134       -0.018379
     H   13       -0.013134        0.250539        0.183524
     H   13       -0.018379        0.183524       -0.118023

     C   14       -0.200704        0.080041       -0.104826
     C   14        0.080041        0.042807       -0.156901
     C   14       -0.104826       -0.156901        0.157896

     H   15        0.260319        0.120098        0.188760
     H   15        0.120098       -0.247821        0.184568
     H   15        0.188760        0.184568       -0.012497

     C   16       -0.079007       -0.022400       -0.144057
     C   16       -0.022400       -0.077420       -0.199029
     C   16       -0.144057       -0.199029        0.156426

     C   17        0.088843       -0.194820       -0.130311
     C   17       -0.194820       -0.047942       -0.142849
     C   17       -0.130311       -0.142849       -0.040901

     Cl  18        1.475783       -2.544031       -0.200345
     Cl  18       -2.544031        0.144474       -0.103339
     Cl  18       -0.200345       -0.103339       -1.620256

     H   19       -0.216142        0.026625        0.027531
     H   19        0.026625        0.228730       -0.196866
     H   19        0.027531       -0.196866       -0.012588

     C   20       -0.167565       -0.053132       -0.120837
     C   20       -0.053132       -0.015232        0.127968
     C   20       -0.120837        0.127968        0.182797

     H   21        0.365001       -0.057546        0.193178
     H   21       -0.057546       -0.375875       -0.181762
     H   21        0.193178       -0.181762        0.010874

     C   22       -0.200151        0.001147       -0.138626
     C   22        0.001147       -0.013639        0.162234
     C   22       -0.138626        0.162234        0.213791

     C   23        0.092960        0.208050       -0.144906
     C   23        0.208050       -0.059150        0.192894
     C   23       -0.144906        0.192894       -0.033810

     Cl  24        1.570956        2.671663       -0.186041
     Cl  24        2.671663        0.217639        0.087259
     Cl  24       -0.186041        0.087259       -1.788595

     ----- total EFG (symmetrized) -----
     Cl   1        1.528738       -2.711271       -0.174937
     Cl   1       -2.711271        0.200646        0.069501
     Cl   1       -0.174937        0.069501       -1.729384

     C    2        0.071456       -0.195177       -0.147810
     C    2       -0.195177       -0.052719       -0.172294
     C    2       -0.147810       -0.172294       -0.018736

     C    3       -0.109108        0.053943       -0.179042
     C    3        0.053943       -0.049333       -0.206718
     C    3       -0.179042       -0.206718        0.158441

     H    4        0.119767        0.092977        0.206569
     H    4        0.092977       -0.089476        0.083791
     H    4        0.206569        0.083791       -0.030291

     C    5       -0.065797        0.043644       -0.146279
     C    5        0.043644       -0.072121       -0.224328
     C    5       -0.146279       -0.224328        0.137918

     H    6       -0.165221        0.025556        0.031130
     H    6        0.025556        0.162210        0.199160
     H    6        0.031130        0.199160        0.003012

     H    7       -0.148301       -0.023523        0.013109
     H    7       -0.023523        0.151150       -0.221393
     H    7        0.013109       -0.221393       -0.002849

     C    8       -0.131137       -0.041264       -0.143187
     C    8       -0.041264       -0.006879        0.171378
     C    8       -0.143187        0.171378        0.138016

     H    9        0.219516       -0.081480        0.171490
     H    9       -0.081480       -0.175574       -0.057228
     H    9        0.171490       -0.057228       -0.043943

     C   10       -0.017425       -0.125028       -0.037889
     C   10       -0.125028       -0.118505        0.206433
     C   10       -0.037889        0.206433        0.135930

     C   11        0.047793        0.218299       -0.163569
     C   11        0.218299       -0.014997        0.203575
     C   11       -0.163569        0.203575       -0.032796

     Cl  12        1.674916        2.760333       -0.233037
     Cl  12        2.760333        0.119851        0.037169
     Cl  12       -0.233037        0.037169       -1.794768

     H   13       -0.132516       -0.013134       -0.018379
     H   13       -0.013134        0.250539        0.183524
     H   13       -0.018379        0.183524       -0.118023

     C   14       -0.200704        0.080041       -0.104826
     C   14        0.080041        0.042807       -0.156901
     C   14       -0.104826       -0.156901        0.157896

     H   15        0.260319        0.120098        0.188760
     H   15        0.120098       -0.247821        0.184568
     H   15        0.188760        0.184568       -0.012497

     C   16       -0.079007       -0.022400       -0.144057
     C   16       -0.022400       -0.077420       -0.199029
     C   16       -0.144057       -0.199029        0.156426

     C   17        0.088843       -0.194820       -0.130311
     C   17       -0.194820       -0.047942       -0.142849
     C   17       -0.130311       -0.142849       -0.040901

     Cl  18        1.475783       -2.544031       -0.200345
     Cl  18       -2.544031        0.144474       -0.103339
     Cl  18       -0.200345       -0.103339       -1.620256

     H   19       -0.216142        0.026625        0.027531
     H   19        0.026625        0.228730       -0.196866
     H   19        0.027531       -0.196866       -0.012588

     C   20       -0.167565       -0.053132       -0.120837
     C   20       -0.053132       -0.015232        0.127968
     C   20       -0.120837        0.127968        0.182797

     H   21        0.365001       -0.057546        0.193178
     H   21       -0.057546       -0.375875       -0.181762
     H   21        0.193178       -0.181762        0.010874

     C   22       -0.200151        0.001147       -0.138626
     C   22        0.001147       -0.013639        0.162234
     C   22       -0.138626        0.162234        0.213791

     C   23        0.092960        0.208050       -0.144906
     C   23        0.208050       -0.059150        0.192894
     C   23       -0.144906        0.192894       -0.033810

     Cl  24        1.570956        2.671663       -0.186041
     Cl  24        2.671663        0.217639        0.087259
     Cl  24       -0.186041        0.087259       -1.788595


     NQR/NMR SPECTROSCOPIC PARAMETERS:
     Cl   1    Vxx=   -1.7216    axis=(  0.129641  0.217831 -0.967338)
     Cl   1    Vyy=   -1.9406    axis=(  0.603848  0.756459  0.251271)
     Cl   1    Vzz=    3.6621    axis=( -0.786487  0.616700  0.033469)
     Cl   1  Q=        -8.1650 1e-30 m^2  Cq=       -70.2564 MHz  eta= 0.05979

     C    2    Vxx=    0.1333    axis=( -0.187080 -0.554730  0.810725)
     C    2    Vyy=    0.2170    axis=(  0.844762 -0.512069 -0.155443)
     C    2    Vzz=   -0.3502    axis=(  0.501376  0.655790  0.564413)
     C    2  Q=         1.0000 1e-30 m^2  Cq=        -0.8229 MHz  eta= 0.23899

     C    3    Vxx=   -0.1336    axis=(  0.642752 -0.753321 -0.139199)
     C    3    Vyy=   -0.2231    axis=(  0.673829  0.469501  0.570546)
     C    3    Vzz=    0.3567    axis=( -0.364450 -0.460516  0.809383)
     C    3  Q=         1.0000 1e-30 m^2  Cq=         0.8380 MHz  eta= 0.25111

     H    4    Vxx=   -0.1245    axis=( -0.398182  0.915415  0.058878)
     H    4    Vyy=   -0.1793    axis=( -0.490289 -0.266632  0.829773)
     H    4    Vzz=    0.3038    axis=( -0.775286 -0.301534 -0.554986)
     H    4  Q=         1.0000 1e-30 m^2  Cq=         0.7138 MHz  eta= 0.18019

     C    5    Vxx=   -0.1057    axis=(  0.880295 -0.463355  0.101901)
     C    5    Vyy=   -0.2291    axis=(  0.324132  0.744230  0.584003)
     C    5    Vzz=    0.3348    axis=( -0.346439 -0.481066  0.805330)
     C    5  Q=         1.0000 1e-30 m^2  Cq=         0.7868 MHz  eta= 0.36865

     H    6    Vxx=   -0.1286    axis=(  0.274230 -0.559666  0.782031)
     H    6    Vyy=   -0.1717    axis=( -0.958100 -0.089051  0.272241)
     H    6    Vzz=    0.3003    axis=( -0.082723 -0.823920 -0.560636)
     H    6  Q=         1.0000 1e-30 m^2  Cq=         0.7056 MHz  eta= 0.14349

     H    7    Vxx=   -0.1491    axis=(  0.965340 -0.101633 -0.240395)
     H    7    Vyy=   -0.1610    axis=(  0.254403  0.572134  0.779707)
     H    7    Vzz=    0.3101    axis=( -0.058294  0.813839 -0.578159)
     H    7  Q=         1.0000 1e-30 m^2  Cq=         0.7286 MHz  eta= 0.03849

     C    8    Vxx=   -0.0984    axis=(  0.436133  0.833227 -0.339883)
     C    8    Vyy=   -0.2007    axis=( -0.842320  0.245081 -0.480033)
     C    8    Vzz=    0.2991    axis=( -0.316677  0.495649  0.808732)
     C    8  Q=         1.0000 1e-30 m^2  Cq=         0.7028 MHz  eta= 0.34217

     H    9    Vxx=   -0.1252    axis=( -0.474357 -0.205399  0.856035)
     H    9    Vyy=   -0.1982    axis=(  0.075460  0.959334  0.272000)
     H    9    Vzz=    0.3234    axis=( -0.877092  0.193622 -0.439567)
     H    9  Q=         1.0000 1e-30 m^2  Cq=         0.7600 MHz  eta= 0.22560

     C   10    Vxx=   -0.0135    axis=(  0.878505 -0.163638  0.448833)
     C   10    Vyy=   -0.2689    axis=(  0.360037  0.844310 -0.396880)
     C   10    Vzz=    0.2824    axis=( -0.314009  0.510258  0.800647)
     C   10  Q=         1.0000 1e-30 m^2  Cq=         0.6634 MHz  eta= 0.90442

     C   11    Vxx=    0.1554    axis=( -0.455260  0.379125  0.805606)
     C   11    Vyy=    0.2377    axis=( -0.720213 -0.688788 -0.082854)
     C   11    Vzz=   -0.3932    axis=(  0.523480 -0.617928  0.586629)
     C   11  Q=         1.0000 1e-30 m^2  Cq=        -0.9238 MHz  eta= 0.20933

     Cl  12    Vxx=   -1.6945    axis=(  0.296743 -0.434035 -0.850622)
     Cl  12    Vyy=   -2.0754    axis=( -0.525441  0.669575 -0.524957)
     Cl  12    Vzz=    3.7699    axis=(  0.797405  0.602729 -0.029368)
     Cl  12  Q=        -8.1650 1e-30 m^2  Cq=       -72.3243 MHz  eta= 0.10104

     H   13    Vxx=   -0.1310    axis=( -0.981466 -0.109443  0.157310)
     H   13    Vyy=   -0.1961    axis=(  0.187052 -0.368647  0.910555)
     H   13    Vzz=    0.3271    axis=(  0.041662 -0.923104 -0.382286)
     H   13  Q=         1.0000 1e-30 m^2  Cq=         0.7686 MHz  eta= 0.19889

     C   14    Vxx=   -0.0666    axis=(  0.030087  0.812632  0.582000)
     C   14    Vyy=   -0.2354    axis=( -0.966844  0.171383 -0.189316)
     C   14    Vzz=    0.3020    axis=( -0.253589 -0.557007  0.790845)
     C   14  Q=         1.0000 1e-30 m^2  Cq=         0.7096 MHz  eta= 0.55896

     H   15    Vxx=   -0.0644    axis=(  0.565416 -0.371051 -0.736631)
     H   15    Vyy=   -0.3495    axis=( -0.029288  0.883501 -0.467512)
     H   15    Vzz=    0.4139    axis=( -0.824286 -0.285913 -0.488679)
     H   15  Q=         1.0000 1e-30 m^2  Cq=         0.9725 MHz  eta= 0.68873

     C   16    Vxx=   -0.0570    axis=(  0.795565 -0.605247 -0.027434)
     C   16    Vyy=   -0.2486    axis=(  0.529038  0.671898  0.518336)
     C   16    Vzz=    0.3056    axis=( -0.295288 -0.426884  0.854737)
     C   16  Q=         1.0000 1e-30 m^2  Cq=         0.7180 MHz  eta= 0.62697

     C   17    Vxx=    0.0889    axis=( -0.213851 -0.543033  0.812024)
     C   17    Vyy=    0.2300    axis=( -0.841944  0.523995  0.128686)
     C   17    Vzz=   -0.3190    axis=( -0.495377 -0.656159 -0.569260)
     C   17  Q=         1.0000 1e-30 m^2  Cq=        -0.7494 MHz  eta= 0.44227

     Cl  18    Vxx=   -1.4940    axis=( -0.311727 -0.430597  0.847002)
     Cl  18    Vyy=   -1.9476    axis=(  0.525143  0.664826  0.531254)
     Cl  18    Vzz=    3.4416    axis=( -0.791866  0.610403  0.018880)
     Cl  18  Q=        -8.1650 1e-30 m^2  Cq=       -66.0254 MHz  eta= 0.13181

     H   19    Vxx=   -0.1099    axis=(  0.328645  0.455191  0.827523)
     H   19    Vyy=   -0.2292    axis=( -0.944288  0.174790  0.278871)
     H   19    Vzz=    0.3391    axis=( -0.017703 -0.873069  0.487275)
     H   19  Q=         1.0000 1e-30 m^2  Cq=         0.7969 MHz  eta= 0.35164

     C   20    Vxx=   -0.0778    axis=( -0.038467 -0.903896  0.426019)
     C   20    Vyy=   -0.2063    axis=( -0.959129 -0.086209 -0.269516)
     C   20    Vzz=    0.2841    axis=( -0.280341  0.418975  0.863637)
     C   20  Q=         1.0000 1e-30 m^2  Cq=         0.6675 MHz  eta= 0.45227

     H   21    Vxx=   -0.0213    axis=(  0.460444  0.344616 -0.818065)
     H   21    Vyy=   -0.4483    axis=(  0.023935 -0.926053 -0.376634)
     H   21    Vzz=    0.4696    axis=( -0.887366  0.153839 -0.434644)
     H   21  Q=         1.0000 1e-30 m^2  Cq=         1.1034 MHz  eta= 0.90934

     C   22    Vxx=   -0.0729    axis=( -0.358833 -0.876006  0.322263)
     C   22    Vyy=   -0.2543    axis=( -0.904580  0.241234 -0.351485)
     C   22    Vzz=    0.3272    axis=( -0.230162  0.417637  0.878979)
     C   22  Q=         1.0000 1e-30 m^2  Cq=         0.7687 MHz  eta= 0.55466

     C   23    Vxx=    0.1361    axis=( -0.276546  0.509931  0.814550)
     C   23    Vyy=    0.2389    axis=(  0.835832  0.545915 -0.057987)
     C   23    Vzz=   -0.3750    axis=( -0.474244  0.664791 -0.577187)
     C   23  Q=         1.0000 1e-30 m^2  Cq=        -0.8812 MHz  eta= 0.27398

     Cl  24    Vxx=   -1.6394    axis=(  0.379726 -0.510035 -0.771798)
     Cl  24    Vyy=   -2.0125    axis=(  0.482368 -0.602733  0.635636)
     Cl  24    Vzz=    3.6519    axis=( -0.789385 -0.613659  0.017151)
     Cl  24  Q=        -8.1650 1e-30 m^2  Cq=       -70.0602 MHz  eta= 0.10217

     Initialization:
     gipaw_setup  :      9.14s CPU     11.14s WALL (       1 calls)

     Linear response

     Apply operators

     Induced current

     Other routines
     efg          :      9.70s CPU     12.29s WALL (       1 calls)

     General routines
     calbec       :      3.26s CPU      4.29s WALL (      16 calls)
     fft          :      1.62s CPU      2.31s WALL (      15 calls)
     ffts         :      0.04s CPU      0.06s WALL (       2 calls)
     fftw         :      3.58s CPU      4.49s WALL (     672 calls)
     davcio       :      0.03s CPU      0.32s WALL (      32 calls)

     Parallel routines
     fft_scatter  :      2.51s CPU      3.92s WALL (     689 calls)

     Plugins

     GIPAW        :     61.96s CPU     75.28s WALL (       1 calls)
