
     Program QE v.6.0 (svn rev. 13079) starts on 27Dec2016 at 10:34:41 

     This program is part of the open-source Quantum ESPRESSO suite
     for quantum simulation of materials; please cite
         "P. Giannozzi et al., J. Phys.:Condens. Matter 21 395502 (2009);
          URL http://www.quantum-espresso.org", 
     in publications or presentations arising from this work. More details at
     http://www.quantum-espresso.org/quote

     Parallel version (MPI), running on     8 processors
     R & G space division:  proc/nbgrp/npool/nimage =       8

     ***** This is GIPAW svn revision unknown      *****

     Parallelizing q-star over 1 images

     Reading data from directory:
     /users/majewski/paradichlorobenzene/pbe/9_constraint/scratch/pbe.ecut100.np8.dt60.pcl2phi-129368.save
     Message from routine read_xml_file:
     file /users/majewski/paradichlorobenzene/pbe/9_constraint/scratch/pbe.ecut100.np8.dt60.pcl2phi-129368.save not guaranteed to be safe for post-processing

   Info: using nr1, nr2, nr3 values from input

   Info: using nr1, nr2, nr3 values from input

     IMPORTANT: XC functional enforced from input :
     Exchange-correlation      =  SLA  PW   PBX  PBC ( 1  4  3  4 0 0)
     Any further DFT definition will be discarded
     Please, verify this is what you really want

               file C.pbe-n-kjpaw_psl.1.0.0.UPF: wavefunction(s)  2S 2P renormalized
               file Cl.pbe-n-kjpaw_psl.1.0.0.UPF: wavefunction(s)  3S 3P renormalized
               file H.pbe-kjpaw_psl.1.0.0.UPF: wavefunction(s)  1S renormalized

     Parallelization info
     --------------------
     sticks:   dense  smooth     PW     G-vecs:    dense   smooth      PW
     Min        3057    1223    332               144436    36536    5170
     Max        3059    1225    333               144437    36537    5171
     Sum       24467    9791   2657              1155489   292295   41363


     Subspace diagonalization in iterative solution of the eigenvalue problem:
     a serial algorithm will be used

     GIPAW projectors -----------------------------------------------
     atom=  C    l=0  rc=    1.2000  rs=    0.8000
     atom=  C    l=0  rc=    1.2000  rs=    0.8000
     atom=  C    l=1  rc=    1.4000  rs=    0.9333
     atom=  C    l=1  rc=    1.4000  rs=    0.9333
     projs nearly linearly dependent: l=1  n1,n2= 1, 2  s=  0.99951561

     atom=  Cl   l=0  rc=    1.6000  rs=    1.0667
     atom=  Cl   l=0  rc=    1.6000  rs=    1.0667
     atom=  Cl   l=1  rc=    1.6000  rs=    1.0667
     atom=  Cl   l=1  rc=    1.6000  rs=    1.0667
     atom=  Cl   l=2  rc=    1.6000  rs=    1.0667
     atom=  Cl   l=2  rc=    1.6000  rs=    1.0667
     projs nearly linearly dependent: l=2  n1,n2= 1, 2  s=  0.99993509

     atom=  H    l=0  rc=    1.0000  rs=    0.6667
     atom=  H    l=0  rc=    1.0000  rs=    0.6667
     projs nearly linearly dependent: l=0  n1,n2= 1, 2  s=  0.99968852
     -----------------------------------------------------------------

     GIPAW integrals: -------------------------------------------
     Atom  i/j   nmr_para   nmr_dia   epr_rmc  epr_para   epr_dia
       C   1 1   0.83E+03  0.17E-01  0.93E+01  0.24E+08  0.24E+03
       C   2 1   0.86E+03 -0.61E-01  0.94E+01  0.25E+08  0.25E+03
       C   2 2   0.90E+03 -0.15E+00  0.97E+01  0.26E+08  0.26E+03
       C   3 3   0.33E+01  0.34E+00  0.18E+01  0.55E+03  0.21E+02
       C   4 3   0.35E+01  0.37E+00  0.20E+01  0.59E+03  0.22E+02
       C   4 4   0.38E+01  0.39E+00  0.22E+01  0.63E+03  0.24E+02
       Cl  1 1   0.14E+04 -0.47E+00  0.84E+01  0.32E+09  0.42E+03
       Cl  2 1   0.21E+04 -0.37E+00  0.12E+02  0.49E+09  0.65E+03
       Cl  2 2   0.33E+04 -0.16E+00  0.21E+02  0.76E+09  0.10E+04
       Cl  3 3   0.21E+02  0.79E-01  0.89E+01  0.23E+05  0.13E+03
       Cl  4 3   0.24E+02  0.67E-01  0.99E+01  0.27E+05  0.15E+03
       Cl  4 4   0.28E+02  0.44E-01  0.11E+02  0.32E+05  0.18E+03
       Cl  5 5   0.77E+00  0.19E+00  0.18E+01  0.12E+03  0.22E+02
       Cl  6 5   0.80E+00  0.19E+00  0.19E+01  0.12E+03  0.23E+02
       Cl  6 6   0.83E+00  0.20E+00  0.19E+01  0.12E+03  0.23E+02
       H   1 1   0.39E+02  0.19E+00  0.29E+00  0.78E+05  0.13E+02
       H   2 1   0.41E+02  0.21E+00  0.32E+00  0.82E+05  0.14E+02
       H   2 2   0.43E+02  0.22E+00  0.36E+00  0.86E+05  0.15E+02
     ------------------------------------------------------------

     alpha_pv=     33.5823 eV

     Number of occupied bands for each k-point:
     k-point:     1    nbnd_occ=  42
     k-point:     2    nbnd_occ=  42
     k-point:     3    nbnd_occ=  42
     k-point:     4    nbnd_occ=  42
     k-point:     5    nbnd_occ=  42
     k-point:     6    nbnd_occ=  42
     k-point:     7    nbnd_occ=  42
     k-point:     8    nbnd_occ=  42
     k-point:     9    nbnd_occ=  42
     k-point:    10    nbnd_occ=  42
     k-point:    11    nbnd_occ=  42
     k-point:    12    nbnd_occ=  42
     k-point:    13    nbnd_occ=  42
     k-point:    14    nbnd_occ=  42
     k-point:    15    nbnd_occ=  42
     k-point:    16    nbnd_occ=  42


     q-space interpolation up to   110.00 Rydberg

     GIPAW job: efg                                                                             


     ELECTRIC FIELD GRADIENTS TENSORS IN Hartree/bohrradius^2:

     ----- bare term -----
     Cl   1       -0.057422        0.089630       -0.018472
     Cl   1        0.089630       -0.012108        0.000766
     Cl   1       -0.018472        0.000766        0.069531

     C    2       -0.088791        0.067618       -0.543803
     C    2        0.067618       -0.193651       -0.498769
     C    2       -0.543803       -0.498769        0.282443

     C    3       -0.199587        0.353076       -0.307034
     C    3        0.353076       -0.221607       -0.491922
     C    3       -0.307034       -0.491922        0.421194

     H    4       -0.143160       -0.171283       -0.452512
     H    4       -0.171283        0.415545       -0.233797
     H    4       -0.452512       -0.233797       -0.272385

     C    5       -0.376987        0.209463       -0.464159
     C    5        0.209463        0.088972       -0.341170
     C    5       -0.464159       -0.341170        0.288014

     H    6        0.107700        0.140038        0.000497
     H    6        0.140038       -0.351295       -0.490133
     H    6        0.000497       -0.490133        0.243595

     H    7        0.327952       -0.229758       -0.035606
     H    7       -0.229758       -0.669255        0.284390
     H    7       -0.035606        0.284390        0.341303

     C    8       -0.140186        0.290741       -0.435794
     C    8        0.290741       -0.013257        0.534768
     C    8       -0.435794        0.534768        0.153443

     H    9       -0.202595        0.455575       -0.233663
     H    9        0.455575       -0.171894       -0.054307
     H    9       -0.233663       -0.054307        0.374490

     C   10       -0.486604       -0.341067       -0.084083
     C   10       -0.341067        0.064094        0.439993
     C   10       -0.084083        0.439993        0.422510

     C   11       -0.070359        0.385751       -0.369219
     C   11        0.385751       -0.042903        0.730781
     C   11       -0.369219        0.730781        0.113263

     Cl  12       -0.230073       -0.157842        0.045976
     Cl  12       -0.157842        0.004541        0.170775
     Cl  12        0.045976        0.170775        0.225532

     H   13        0.441096       -0.246331        0.064826
     H   13       -0.246331       -0.675810        0.189680
     H   13        0.064826        0.189680        0.234715

     C   14       -0.208037        0.245059       -0.257080
     C   14        0.245059       -0.162679       -0.293500
     C   14       -0.257080       -0.293500        0.370717

     H   15       -0.632515       -0.403069       -0.152070
     H   15       -0.403069        0.313844       -0.084864
     H   15       -0.152070       -0.084864        0.318671

     C   16       -0.204318        0.283083       -0.402629
     C   16        0.283083       -0.077565       -0.448436
     C   16       -0.402629       -0.448436        0.281882

     C   17       -0.022892        0.255023       -0.150174
     C   17        0.255023       -0.310981       -0.487384
     C   17       -0.150174       -0.487384        0.333874

     Cl  18       -0.111936        0.031083        0.022316
     Cl  18        0.031083       -0.090792        0.043597
     Cl  18        0.022316        0.043597        0.202728

     H   19        0.153647        0.157888       -0.099712
     H   19        0.157888       -0.396401        0.499179
     H   19       -0.099712        0.499179        0.242754

     C   20       -0.354310       -0.330584       -0.237258
     C   20       -0.330584       -0.048997        0.231987
     C   20       -0.237258        0.231987        0.403307

     H   21       -0.682363        0.018351       -0.224379
     H   21        0.018351        0.368695        0.182571
     H   21       -0.224379        0.182571        0.313668

     C   22        0.084279        0.255011       -0.427371
     C   22        0.255011       -0.294309        0.523341
     C   22       -0.427371        0.523341        0.210030

     C   23       -0.447248       -0.329392       -0.337079
     C   23       -0.329392        0.008580        0.177903
     C   23       -0.337079        0.177903        0.438668

     Cl  24       -0.022695        0.032881       -0.082578
     Cl  24        0.032881       -0.030606        0.051113
     Cl  24       -0.082578        0.051113        0.053301

     ----- ionic term -----
     Cl   1        0.108579       -0.200474        0.017330
     Cl   1       -0.200474        0.044755       -0.000166
     Cl   1        0.017330       -0.000166       -0.153333

     C    2        0.126509       -0.114861        0.265707
     C    2       -0.114861        0.237846        0.398303
     C    2        0.265707        0.398303       -0.364355

     C    3        0.104372       -0.144653        0.263540
     C    3       -0.144653        0.219981        0.346280
     C    3        0.263540        0.346280       -0.324353

     H    4        0.531652        0.402800        0.668615
     H    4        0.402800       -0.342562        0.284848
     H    4        0.668615        0.284848       -0.189089

     C    5        0.231361       -0.169828        0.349462
     C    5       -0.169828        0.084702        0.248816
     C    5        0.349462        0.248816       -0.316064

     H    6       -0.525375       -0.001530        0.011257
     H    6       -0.001530        0.728730        0.638004
     H    6        0.011257        0.638004       -0.203355

     H    7       -0.507833       -0.072247        0.036925
     H    7       -0.072247        0.740686       -0.663290
     H    7        0.036925       -0.663290       -0.232853

     C    8        0.355072        0.112266        0.208592
     C    8        0.112266        0.027984       -0.312497
     C    8        0.208592       -0.312497       -0.383056

     H    9        0.669828       -0.420247        0.567284
     H    9       -0.420247       -0.350836       -0.249696
     H    9        0.567284       -0.249696       -0.318993

     C   10        0.196100        0.127401        0.144305
     C   10        0.127401        0.147889       -0.393518
     C   10        0.144305       -0.393518       -0.343988

     C   11        0.253924        0.064162        0.233029
     C   11        0.064162        0.095890       -0.402458
     C   11        0.233029       -0.402458       -0.349815

     Cl  12        0.137001        0.174504       -0.000102
     Cl  12        0.174504       -0.006371       -0.012325
     Cl  12       -0.000102       -0.012325       -0.130630

     H   13       -0.478439        0.039859        0.032604
     H   13        0.039859        0.862942        0.514829
     H   13        0.032604        0.514829       -0.384504

     C   14        0.257457       -0.165463        0.295659
     C   14       -0.165463        0.176082        0.215623
     C   14        0.295659        0.215623       -0.433539

     H   15        0.676397        0.315309        0.615715
     H   15        0.315309       -0.404641        0.219925
     H   15        0.615715        0.219925       -0.271756

     C   16        0.124730       -0.189737        0.258231
     C   16       -0.189737        0.302810        0.295692
     C   16        0.258231        0.295692       -0.427539

     C   17        0.141050       -0.122488        0.386488
     C   17       -0.122488        0.223544        0.316098
     C   17        0.386488        0.316098       -0.364594

     Cl  18        0.118428       -0.204124        0.057725
     Cl  18       -0.204124        0.038984       -0.036997
     Cl  18        0.057725       -0.036997       -0.157412

     H   19       -0.513740       -0.091487        0.057829
     H   19       -0.091487        0.728297       -0.668375
     H   19        0.057829       -0.668375       -0.214557

     C   20        0.308704        0.109514        0.201037
     C   20        0.109514        0.072150       -0.320180
     C   20        0.201037       -0.320180       -0.380854

     H   21        0.514904       -0.362117        0.659132
     H   21       -0.362117       -0.401721       -0.303539
     H   21        0.659132       -0.303539       -0.113183

     C   22        0.105956        0.171580        0.143648
     C   22        0.171580        0.204468       -0.442549
     C   22        0.143648       -0.442549       -0.310424

     C   23        0.281521        0.108108        0.200182
     C   23        0.108108        0.085103       -0.435020
     C   23        0.200182       -0.435020       -0.366624

     Cl  24        0.168391        0.213380       -0.042014
     Cl  24        0.213380       -0.020807       -0.021077
     Cl  24       -0.042014       -0.021077       -0.147584

     ----- GIPAW term -----
     Cl   1        0.640339        0.719285       -1.141671
     Cl   1        0.719285        0.869715       -1.384850
     Cl   1       -1.141671       -1.384850       -1.510054

     C    2        0.025293       -0.007686       -0.216489
     C    2       -0.007686       -0.076078       -0.169003
     C    2       -0.216489       -0.169003        0.050785

     C    3       -0.091229        0.089248       -0.152510
     C    3        0.089248       -0.066857       -0.161289
     C    3       -0.152510       -0.161289        0.158086

     H    4       -0.000000        0.000000        0.000000
     H    4        0.000000        0.000000        0.000000
     H    4        0.000000        0.000000        0.000000

     C    5        0.039779        0.103099       -0.070728
     C    5        0.103099       -0.010694       -0.051916
     C    5       -0.070728       -0.051916       -0.029084

     H    6       -0.000000        0.000000        0.000000
     H    6        0.000000        0.000000        0.000000
     H    6        0.000000        0.000000        0.000000

     H    7       -0.000000        0.000000        0.000000
     H    7        0.000000        0.000000        0.000000
     H    7        0.000000        0.000000        0.000000

     C    8        0.033265        0.231514       -0.061221
     C    8        0.231514        0.072634        0.112374
     C    8       -0.061221        0.112374       -0.105900

     H    9       -0.000000        0.000000        0.000000
     H    9        0.000000        0.000000        0.000000
     H    9        0.000000        0.000000        0.000000

     C   10       -0.177320        0.030400        0.026233
     C   10        0.030400        0.177095        0.170964
     C   10        0.026233        0.170964        0.000225

     C   11        0.029729        0.271732        0.014438
     C   11        0.271732        0.063892        0.196017
     C   11        0.014438        0.196017       -0.093621

     Cl  12       -0.241252        1.640471        0.359703
     Cl  12        1.640471        0.136464        1.625482
     Cl  12        0.359703        1.625482        0.104788

     H   13       -0.000000        0.000000        0.000000
     H   13        0.000000        0.000000        0.000000
     H   13        0.000000        0.000000        0.000000

     C   14       -0.037906        0.109711       -0.125107
     C   14        0.109711       -0.036453       -0.159264
     C   14       -0.125107       -0.159264        0.074359

     H   15       -0.000000        0.000000        0.000000
     H   15        0.000000        0.000000        0.000000
     H   15        0.000000        0.000000        0.000000

     C   16        0.011924        0.147469       -0.178958
     C   16        0.147469        0.009651       -0.125141
     C   16       -0.178958       -0.125141       -0.021575

     C   17        0.103544       -0.026098        0.045524
     C   17       -0.026098       -0.071094       -0.028194
     C   17        0.045524       -0.028194       -0.032451

     Cl  18       -0.364285       -1.588938        0.897216
     Cl  18       -1.588938       -1.422573        0.383997
     Cl  18        0.897216        0.383997        1.786858

     H   19       -0.000000        0.000000        0.000000
     H   19        0.000000        0.000000        0.000000
     H   19        0.000000        0.000000        0.000000

     C   20        0.061608        0.099292       -0.034097
     C   20        0.099292       -0.004894        0.004374
     C   20       -0.034097        0.004374       -0.056714

     H   21       -0.000000        0.000000        0.000000
     H   21        0.000000        0.000000        0.000000
     H   21        0.000000        0.000000        0.000000

     C   22        0.052826        0.218236       -0.188110
     C   22        0.218236       -0.016815       -0.041309
     C   22       -0.188110       -0.041309       -0.036011

     C   23        0.030655        0.180613       -0.136634
     C   23        0.180613        0.030738       -0.077994
     C   23       -0.136634       -0.077994       -0.061393

     Cl  24        1.397661        1.934870       -2.041349
     Cl  24        1.934870       -1.186636        0.131865
     Cl  24       -2.041349        0.131865       -0.211026

     ----- total EFG -----
     Cl   1        0.691496        0.608441       -1.142813
     Cl   1        0.608441        0.902361       -1.384250
     Cl   1       -1.142813       -1.384250       -1.593857

     C    2        0.063011       -0.054929       -0.494584
     C    2       -0.054929       -0.031883       -0.269469
     C    2       -0.494584       -0.269469       -0.031128

     C    3       -0.186444        0.297671       -0.196004
     C    3        0.297671       -0.068483       -0.306931
     C    3       -0.196004       -0.306931        0.254927

     H    4        0.388492        0.231517        0.216102
     H    4        0.231517        0.072983        0.051051
     H    4        0.216102        0.051051       -0.461475

     C    5       -0.105847        0.142733       -0.185425
     C    5        0.142733        0.162981       -0.144271
     C    5       -0.185425       -0.144271       -0.057134

     H    6       -0.417675        0.138509        0.011753
     H    6        0.138509        0.377435        0.147871
     H    6        0.011753        0.147871        0.040240

     H    7       -0.179881       -0.302005        0.001319
     H    7       -0.302005        0.071432       -0.378900
     H    7        0.001319       -0.378900        0.108450

     C    8        0.248151        0.634521       -0.288423
     C    8        0.634521        0.087361        0.334645
     C    8       -0.288423        0.334645       -0.335512

     H    9        0.467233        0.035328        0.333622
     H    9        0.035328       -0.522730       -0.304003
     H    9        0.333622       -0.304003        0.055497

     C   10       -0.467825       -0.183266        0.086455
     C   10       -0.183266        0.389078        0.217439
     C   10        0.086455        0.217439        0.078747

     C   11        0.213294        0.721644       -0.121751
     C   11        0.721644        0.116879        0.524340
     C   11       -0.121751        0.524340       -0.330173

     Cl  12       -0.334324        1.657133        0.405577
     Cl  12        1.657133        0.134634        1.783933
     Cl  12        0.405577        1.783933        0.199690

     H   13       -0.037343       -0.206472        0.097429
     H   13       -0.206472        0.187132        0.704510
     H   13        0.097429        0.704510       -0.149789

     C   14        0.011513        0.189306       -0.086527
     C   14        0.189306       -0.023050       -0.237142
     C   14       -0.086527       -0.237142        0.011537

     H   15        0.043882       -0.087760        0.463645
     H   15       -0.087760       -0.090797        0.135061
     H   15        0.463645        0.135061        0.046914

     C   16       -0.067664        0.240814       -0.323356
     C   16        0.240814        0.234896       -0.277885
     C   16       -0.323356       -0.277885       -0.167232

     C   17        0.221702        0.106437        0.281839
     C   17        0.106437       -0.158531       -0.199481
     C   17        0.281839       -0.199481       -0.063171

     Cl  18       -0.357792       -1.761979        0.977256
     Cl  18       -1.761979       -1.474381        0.390597
     Cl  18        0.977256        0.390597        1.832174

     H   19       -0.360093        0.066400       -0.041883
     H   19        0.066400        0.331896       -0.169196
     H   19       -0.041883       -0.169196        0.028197

     C   20        0.016001       -0.121778       -0.070318
     C   20       -0.121778        0.018260       -0.083820
     C   20       -0.070318       -0.083820       -0.034261

     H   21       -0.167459       -0.343766        0.434753
     H   21       -0.343766       -0.033026       -0.120968
     H   21        0.434753       -0.120968        0.200485

     C   22        0.243061        0.644828       -0.471833
     C   22        0.644828       -0.106656        0.039483
     C   22       -0.471833        0.039483       -0.136405

     C   23       -0.135071       -0.040671       -0.273531
     C   23       -0.040671        0.124421       -0.335111
     C   23       -0.273531       -0.335111        0.010651

     Cl  24        1.543357        2.181131       -2.165941
     Cl  24        2.181131       -1.238049        0.161902
     Cl  24       -2.165941        0.161902       -0.305308

     ----- total EFG (symmetrized) -----
     Cl   1        0.691496        0.608441       -1.142813
     Cl   1        0.608441        0.902361       -1.384250
     Cl   1       -1.142813       -1.384250       -1.593857

     C    2        0.063011       -0.054929       -0.494584
     C    2       -0.054929       -0.031883       -0.269469
     C    2       -0.494584       -0.269469       -0.031128

     C    3       -0.186444        0.297671       -0.196004
     C    3        0.297671       -0.068483       -0.306931
     C    3       -0.196004       -0.306931        0.254927

     H    4        0.388492        0.231517        0.216102
     H    4        0.231517        0.072983        0.051051
     H    4        0.216102        0.051051       -0.461475

     C    5       -0.105847        0.142733       -0.185425
     C    5        0.142733        0.162981       -0.144271
     C    5       -0.185425       -0.144271       -0.057134

     H    6       -0.417675        0.138509        0.011753
     H    6        0.138509        0.377435        0.147871
     H    6        0.011753        0.147871        0.040240

     H    7       -0.179881       -0.302005        0.001319
     H    7       -0.302005        0.071432       -0.378900
     H    7        0.001319       -0.378900        0.108450

     C    8        0.248151        0.634521       -0.288423
     C    8        0.634521        0.087361        0.334645
     C    8       -0.288423        0.334645       -0.335512

     H    9        0.467233        0.035328        0.333622
     H    9        0.035328       -0.522730       -0.304003
     H    9        0.333622       -0.304003        0.055497

     C   10       -0.467825       -0.183266        0.086455
     C   10       -0.183266        0.389078        0.217439
     C   10        0.086455        0.217439        0.078747

     C   11        0.213294        0.721644       -0.121751
     C   11        0.721644        0.116879        0.524340
     C   11       -0.121751        0.524340       -0.330173

     Cl  12       -0.334324        1.657133        0.405577
     Cl  12        1.657133        0.134634        1.783933
     Cl  12        0.405577        1.783933        0.199690

     H   13       -0.037343       -0.206472        0.097429
     H   13       -0.206472        0.187132        0.704510
     H   13        0.097429        0.704510       -0.149789

     C   14        0.011513        0.189306       -0.086527
     C   14        0.189306       -0.023050       -0.237142
     C   14       -0.086527       -0.237142        0.011537

     H   15        0.043882       -0.087760        0.463645
     H   15       -0.087760       -0.090797        0.135061
     H   15        0.463645        0.135061        0.046914

     C   16       -0.067664        0.240814       -0.323356
     C   16        0.240814        0.234896       -0.277885
     C   16       -0.323356       -0.277885       -0.167232

     C   17        0.221702        0.106437        0.281839
     C   17        0.106437       -0.158531       -0.199481
     C   17        0.281839       -0.199481       -0.063171

     Cl  18       -0.357792       -1.761979        0.977256
     Cl  18       -1.761979       -1.474381        0.390597
     Cl  18        0.977256        0.390597        1.832174

     H   19       -0.360093        0.066400       -0.041883
     H   19        0.066400        0.331896       -0.169196
     H   19       -0.041883       -0.169196        0.028197

     C   20        0.016001       -0.121778       -0.070318
     C   20       -0.121778        0.018260       -0.083820
     C   20       -0.070318       -0.083820       -0.034261

     H   21       -0.167459       -0.343766        0.434753
     H   21       -0.343766       -0.033026       -0.120968
     H   21        0.434753       -0.120968        0.200485

     C   22        0.243061        0.644828       -0.471833
     C   22        0.644828       -0.106656        0.039483
     C   22       -0.471833        0.039483       -0.136405

     C   23       -0.135071       -0.040671       -0.273531
     C   23       -0.040671        0.124421       -0.335111
     C   23       -0.273531       -0.335111        0.010651

     Cl  24        1.543357        2.181131       -2.165941
     Cl  24        2.181131       -1.238049        0.161902
     Cl  24       -2.165941        0.161902       -0.305308


     NQR/NMR SPECTROSCOPIC PARAMETERS:
     Cl   1    Vxx=    0.1795    axis=(  0.768704 -0.639593  0.003876)
     Cl   1    Vyy=    2.2522    axis=( -0.580841 -0.695529  0.422923)
     Cl   1    Vzz=   -2.4317    axis=( -0.267803 -0.327353 -0.906157)
     Cl   1  Q=        -8.1650 1e-30 m^2  Cq=        46.6503 MHz  eta= 0.85238

     C    2    Vxx=    0.0350    axis=( -0.461958  0.878229 -0.123725)
     C    2    Vyy=    0.5502    axis=( -0.674043 -0.256987  0.692549)
     C    2    Vzz=   -0.5852    axis=(  0.576421  0.403325  0.710681)
     C    2  Q=         1.0000 1e-30 m^2  Cq=        -1.3750 MHz  eta= 0.88048

     C    3    Vxx=   -0.1454    axis=(  0.549523  0.511053  0.660946)
     C    3    Vyy=   -0.4349    axis=( -0.734451  0.672589  0.090582)
     C    3    Vzz=    0.5802    axis=( -0.398253 -0.535209  0.744947)
     C    3  Q=         1.0000 1e-30 m^2  Cq=         1.3633 MHz  eta= 0.49896

     H    4    Vxx=   -0.0432    axis=(  0.426167 -0.897859  0.110593)
     H    4    Vyy=   -0.5133    axis=(  0.235015 -0.008171 -0.971958)
     H    4    Vzz=    0.5565    axis=(  0.873585  0.440207  0.207528)
     H    4  Q=         1.0000 1e-30 m^2  Cq=         1.3075 MHz  eta= 0.84476

     C    5    Vxx=   -0.0700    axis=(  0.467817 -0.654385 -0.594077)
     C    5    Vyy=   -0.2690    axis=(  0.764496 -0.037684  0.643526)
     C    5    Vzz=    0.3390    axis=(  0.443501  0.755222 -0.482646)
     C    5  Q=         1.0000 1e-30 m^2  Cq=         0.7965 MHz  eta= 0.58682

     H    6    Vxx=   -0.0122    axis=( -0.084475 -0.327151  0.941189)
     H    6    Vyy=   -0.4415    axis=( -0.984726  0.171732 -0.028689)
     H    6    Vzz=    0.4537    axis=( -0.152247 -0.929236 -0.336662)
     H    6  Q=         1.0000 1e-30 m^2  Cq=         1.0660 MHz  eta= 0.94616

     H    7    Vxx=   -0.0580    axis=( -0.699633  0.285285  0.655077)
     H    7    Vyy=   -0.4778    axis=( -0.647552 -0.640662 -0.412588)
     H    7    Vzz=    0.5358    axis=(  0.301978 -0.712856  0.632965)
     H    7  Q=         1.0000 1e-30 m^2  Cq=         1.2589 MHz  eta= 0.78362

     C    8    Vxx=    0.0433    axis=( -0.434037  0.485176  0.759089)
     C    8    Vyy=    0.8074    axis=( -0.749098 -0.662441 -0.004922)
     C    8    Vzz=   -0.8507    axis=(  0.500463 -0.570769  0.650968)
     C    8  Q=         1.0000 1e-30 m^2  Cq=        -1.9987 MHz  eta= 0.89821

     H    9    Vxx=    0.0128    axis=( -0.505138 -0.451017  0.735812)
     H    9    Vyy=    0.6660    axis=(  0.849091 -0.107053  0.517286)
     H    9    Vzz=   -0.6788    axis=( -0.154534  0.886072  0.437031)
     H    9  Q=         1.0000 1e-30 m^2  Cq=        -1.5950 MHz  eta= 0.96228

     C   10    Vxx=    0.0169    axis=(  0.296539 -0.368651  0.881000)
     C   10    Vyy=    0.5173    axis=(  0.130276 -0.898255 -0.419721)
     C   10    Vzz=   -0.5341    axis=(  0.946094  0.239237 -0.218341)
     C   10  Q=         1.0000 1e-30 m^2  Cq=        -1.2550 MHz  eta= 0.93687

     C   11    Vxx=   -0.0125    axis=(  0.594519 -0.311130 -0.741448)
     C   11    Vyy=   -0.9395    axis=( -0.458598  0.626225 -0.630500)
     C   11    Vzz=    0.9520    axis=( -0.660481 -0.714871 -0.229619)
     C   11  Q=         1.0000 1e-30 m^2  Cq=         2.2369 MHz  eta= 0.97369

     Cl  12    Vxx=   -0.4850    axis=(  0.709951  0.105836 -0.696253)
     Cl  12    Vyy=   -2.2073    axis=( -0.539326  0.717465 -0.440877)
     Cl  12    Vzz=    2.6923    axis=( -0.452876 -0.688508 -0.566445)
     Cl  12  Q=        -8.1650 1e-30 m^2  Cq=       -51.6505 MHz  eta= 0.63969

     H   13    Vxx=    0.0072    axis=(  0.952895 -0.065808  0.296075)
     H   13    Vyy=    0.7566    axis=(  0.131746 -0.789465 -0.599490)
     H   13    Vzz=   -0.7638    axis=(  0.273192  0.610257 -0.743607)
     H   13  Q=         1.0000 1e-30 m^2  Cq=        -1.7945 MHz  eta= 0.98118

     C   14    Vxx=   -0.0726    axis=(  0.786658 -0.069274  0.613490)
     C   14    Vyy=   -0.2735    axis=(  0.349009 -0.769780 -0.534444)
     C   14    Vzz=    0.3462    axis=( -0.509276 -0.634539  0.581377)
     C   14  Q=         1.0000 1e-30 m^2  Cq=         0.8133 MHz  eta= 0.58033

     H   15    Vxx=   -0.0292    axis=(  0.306216 -0.925379 -0.223394)
     H   15    Vyy=   -0.4819    axis=(  0.647665  0.374501 -0.663536)
     H   15    Vzz=    0.5110    axis=(  0.697683  0.058501  0.714014)
     H   15  Q=         1.0000 1e-30 m^2  Cq=         1.2007 MHz  eta= 0.88591

     C   16    Vxx=   -0.1371    axis=(  0.623814 -0.685022 -0.376299)
     C   16    Vyy=   -0.4507    axis=(  0.599619  0.110648  0.792600)
     C   16    Vzz=    0.5877    axis=( -0.501311 -0.720071  0.479776)
     C   16  Q=         1.0000 1e-30 m^2  Cq=         1.3809 MHz  eta= 0.53361

     C   17    Vxx=    0.0312    axis=(  0.362305  0.764252 -0.533530)
     C   17    Vyy=    0.3955    axis=( -0.845898  0.029238 -0.532543)
     C   17    Vzz=   -0.4266    axis=( -0.391398  0.644255  0.657072)
     C   17  Q=         1.0000 1e-30 m^2  Cq=        -1.0024 MHz  eta= 0.85381

     Cl  18    Vxx=    0.7032    axis=(  0.685403 -0.622378 -0.377980)
     Cl  18    Vyy=    2.2311    axis=( -0.409857  0.099310 -0.906728)
     Cl  18    Vzz=   -2.9344    axis=(  0.601865  0.776391 -0.187019)
     Cl  18  Q=        -8.1650 1e-30 m^2  Cq=        56.2944 MHz  eta= 0.52069

     H   19    Vxx=   -0.0469    axis=( -0.034260  0.412581  0.910276)
     H   19    Vyy=   -0.3683    axis=( -0.994421  0.076845 -0.072257)
     H   19    Vzz=    0.4152    axis=( -0.099762 -0.907674  0.407647)
     H   19  Q=         1.0000 1e-30 m^2  Cq=         0.9755 MHz  eta= 0.77400

     C   20    Vxx=    0.0443    axis=( -0.477941 -0.353193  0.804255)
     C   20    Vyy=    0.1397    axis=( -0.675837  0.732713 -0.079852)
     C   20    Vzz=   -0.1841    axis=( -0.561085 -0.581710 -0.588895)
     C   20  Q=         1.0000 1e-30 m^2  Cq=        -0.4325 MHz  eta= 0.51823

     H   21    Vxx=   -0.0632    axis=(  0.139303 -0.792746 -0.593422)
     H   21    Vyy=   -0.5630    axis=( -0.810026 -0.435929  0.392204)
     H   21    Vzz=    0.6261    axis=( -0.569608  0.426052 -0.702871)
     H   21  Q=         1.0000 1e-30 m^2  Cq=         1.4712 MHz  eta= 0.79822

     C   22    Vxx=   -0.0881    axis=( -0.031585  0.600734  0.798825)
     C   22    Vyy=   -0.7798    axis=(  0.615325 -0.618128  0.489176)
     C   22    Vzz=    0.8679    axis=( -0.787640 -0.506988  0.350123)
     C   22  Q=         1.0000 1e-30 m^2  Cq=         2.0391 MHz  eta= 0.79707

     C   23    Vxx=    0.0087    axis=(  0.738566 -0.604565 -0.298366)
     C   23    Vyy=    0.4491    axis=(  0.274352  0.673776 -0.686117)
     C   23    Vzz=   -0.4578    axis=(  0.615834  0.424885  0.663492)
     C   23  Q=         1.0000 1e-30 m^2  Cq=        -1.0757 MHz  eta= 0.96190

     Cl  24    Vxx=   -0.5620    axis=( -0.137723 -0.627810 -0.766085)
     Cl  24    Vyy=   -3.0719    axis=(  0.547616 -0.692752  0.469266)
     Cl  24    Vzz=    3.6339    axis=( -0.825317 -0.354892  0.439207)
     Cl  24  Q=        -8.1650 1e-30 m^2  Cq=       -69.7146 MHz  eta= 0.69068

     Initialization:
     gipaw_setup  :      9.12s CPU     10.80s WALL (       1 calls)

     Linear response

     Apply operators

     Induced current

     Other routines
     efg          :      9.23s CPU     11.32s WALL (       1 calls)

     General routines
     calbec       :      3.10s CPU      4.07s WALL (      16 calls)
     fft          :      1.37s CPU      1.68s WALL (      15 calls)
     ffts         :      0.05s CPU      0.08s WALL (       2 calls)
     fftw         :      3.33s CPU      3.87s WALL (     672 calls)
     davcio       :      0.04s CPU      0.31s WALL (      32 calls)

     Parallel routines
     fft_scatter  :      2.06s CPU      2.80s WALL (     689 calls)

     Plugins

     GIPAW        :     60.74s CPU     75.52s WALL (       1 calls)
