
     Program QE v.6.0 (svn rev. 13079) starts on 19Jan2017 at  9: 5:26 

     This program is part of the open-source Quantum ESPRESSO suite
     for quantum simulation of materials; please cite
         "P. Giannozzi et al., J. Phys.:Condens. Matter 21 395502 (2009);
          URL http://www.quantum-espresso.org", 
     in publications or presentations arising from this work. More details at
     http://www.quantum-espresso.org/quote

     Parallel version (MPI), running on     8 processors
     R & G space division:  proc/nbgrp/npool/nimage =       8

     ***** This is GIPAW svn revision unknown      *****

     Parallelizing q-star over 1 images

     Reading data from directory:
     /users/majewski/paradichlorobenzene/pbe/9_constraint/scratch/pbe.ecut100.np8.dt60.pcl2phi-129368.save
     Message from routine read_xml_file:
     file /users/majewski/paradichlorobenzene/pbe/9_constraint/scratch/pbe.ecut100.np8.dt60.pcl2phi-129368.save not guaranteed to be safe for post-processing

   Info: using nr1, nr2, nr3 values from input

   Info: using nr1, nr2, nr3 values from input

     IMPORTANT: XC functional enforced from input :
     Exchange-correlation      =  SLA  PW   PBX  PBC ( 1  4  3  4 0 0)
     Any further DFT definition will be discarded
     Please, verify this is what you really want

               file C.pbe-n-kjpaw_psl.1.0.0.UPF: wavefunction(s)  2S 2P renormalized
               file Cl.pbe-n-kjpaw_psl.1.0.0.UPF: wavefunction(s)  3S 3P renormalized
               file H.pbe-kjpaw_psl.1.0.0.UPF: wavefunction(s)  1S renormalized

     Parallelization info
     --------------------
     sticks:   dense  smooth     PW     G-vecs:    dense   smooth      PW
     Min        3057    1223    332               144436    36536    5170
     Max        3059    1225    333               144437    36537    5171
     Sum       24467    9791   2657              1155489   292295   41363


     Subspace diagonalization in iterative solution of the eigenvalue problem:
     a serial algorithm will be used

     GIPAW projectors -----------------------------------------------
     atom=  C    l=0  rc=    1.2000  rs=    0.8000
     atom=  C    l=0  rc=    1.2000  rs=    0.8000
     atom=  C    l=1  rc=    1.4000  rs=    0.9333
     atom=  C    l=1  rc=    1.4000  rs=    0.9333
     projs nearly linearly dependent: l=1  n1,n2= 1, 2  s=  0.99951561

     atom=  Cl   l=0  rc=    1.6000  rs=    1.0667
     atom=  Cl   l=0  rc=    1.6000  rs=    1.0667
     atom=  Cl   l=1  rc=    1.6000  rs=    1.0667
     atom=  Cl   l=1  rc=    1.6000  rs=    1.0667
     atom=  Cl   l=2  rc=    1.6000  rs=    1.0667
     atom=  Cl   l=2  rc=    1.6000  rs=    1.0667
     projs nearly linearly dependent: l=2  n1,n2= 1, 2  s=  0.99993509

     atom=  H    l=0  rc=    1.0000  rs=    0.6667
     atom=  H    l=0  rc=    1.0000  rs=    0.6667
     projs nearly linearly dependent: l=0  n1,n2= 1, 2  s=  0.99968852
     -----------------------------------------------------------------

     GIPAW integrals: -------------------------------------------
     Atom  i/j   nmr_para   nmr_dia   epr_rmc  epr_para   epr_dia
       C   1 1   0.83E+03  0.17E-01  0.93E+01  0.24E+08  0.24E+03
       C   2 1   0.86E+03 -0.61E-01  0.94E+01  0.25E+08  0.25E+03
       C   2 2   0.90E+03 -0.15E+00  0.97E+01  0.26E+08  0.26E+03
       C   3 3   0.33E+01  0.34E+00  0.18E+01  0.55E+03  0.21E+02
       C   4 3   0.35E+01  0.37E+00  0.20E+01  0.59E+03  0.22E+02
       C   4 4   0.38E+01  0.39E+00  0.22E+01  0.63E+03  0.24E+02
       Cl  1 1   0.14E+04 -0.47E+00  0.84E+01  0.32E+09  0.42E+03
       Cl  2 1   0.21E+04 -0.37E+00  0.12E+02  0.49E+09  0.65E+03
       Cl  2 2   0.33E+04 -0.16E+00  0.21E+02  0.76E+09  0.10E+04
       Cl  3 3   0.21E+02  0.79E-01  0.89E+01  0.23E+05  0.13E+03
       Cl  4 3   0.24E+02  0.67E-01  0.99E+01  0.27E+05  0.15E+03
       Cl  4 4   0.28E+02  0.44E-01  0.11E+02  0.32E+05  0.18E+03
       Cl  5 5   0.77E+00  0.19E+00  0.18E+01  0.12E+03  0.22E+02
       Cl  6 5   0.80E+00  0.19E+00  0.19E+01  0.12E+03  0.23E+02
       Cl  6 6   0.83E+00  0.20E+00  0.19E+01  0.12E+03  0.23E+02
       H   1 1   0.39E+02  0.19E+00  0.29E+00  0.78E+05  0.13E+02
       H   2 1   0.41E+02  0.21E+00  0.32E+00  0.82E+05  0.14E+02
       H   2 2   0.43E+02  0.22E+00  0.36E+00  0.86E+05  0.15E+02
     ------------------------------------------------------------

     alpha_pv=     34.0934 eV

     Number of occupied bands for each k-point:
     k-point:     1    nbnd_occ=  42
     k-point:     2    nbnd_occ=  42
     k-point:     3    nbnd_occ=  42
     k-point:     4    nbnd_occ=  42
     k-point:     5    nbnd_occ=  42
     k-point:     6    nbnd_occ=  42
     k-point:     7    nbnd_occ=  42
     k-point:     8    nbnd_occ=  42
     k-point:     9    nbnd_occ=  42
     k-point:    10    nbnd_occ=  42
     k-point:    11    nbnd_occ=  42
     k-point:    12    nbnd_occ=  42
     k-point:    13    nbnd_occ=  42
     k-point:    14    nbnd_occ=  42
     k-point:    15    nbnd_occ=  42
     k-point:    16    nbnd_occ=  42


     q-space interpolation up to   110.00 Rydberg

     GIPAW job: efg                                                                             


     ELECTRIC FIELD GRADIENTS TENSORS IN Hartree/bohrradius^2:

     ----- bare term -----
     Cl   1        0.004349        0.040813       -0.052963
     Cl   1        0.040813       -0.029202        0.000410
     Cl   1       -0.052963        0.000410        0.024853

     C    2       -0.351734        0.327435       -0.431052
     C    2        0.327435        0.153053       -0.268774
     C    2       -0.431052       -0.268774        0.198681

     C    3       -0.026693        0.162564       -0.189339
     C    3        0.162564       -0.041122       -0.669075
     C    3       -0.189339       -0.669075        0.067815

     H    4       -0.123313        0.014491       -0.555763
     H    4        0.014491        0.162351        0.131624
     H    4       -0.555763        0.131624       -0.039038

     C    5       -0.604966        0.322443       -0.262893
     C    5        0.322443        0.204916       -0.315231
     C    5       -0.262893       -0.315231        0.400050

     H    6        0.258910       -0.077457       -0.160708
     H    6       -0.077457       -0.391198       -0.527850
     H    6       -0.160708       -0.527850        0.132288

     H    7        0.445340        0.109470       -0.199016
     H    7        0.109470       -0.044950        0.547690
     H    7       -0.199016        0.547690       -0.400390

     C    8       -0.151117       -0.103319       -0.237690
     C    8       -0.103319       -0.278077        0.284387
     C    8       -0.237690        0.284387        0.429194

     H    9       -0.390690        0.197339       -0.539079
     H    9        0.197339        0.339647        0.185272
     H    9       -0.539079        0.185272        0.051043

     C   10       -0.577832       -0.374597       -0.305814
     C   10       -0.374597        0.173511        0.246396
     C   10       -0.305814        0.246396        0.404321

     C   11       -0.047439        0.276075       -0.355936
     C   11        0.276075        0.011121        0.715598
     C   11       -0.355936        0.715598        0.036318

     Cl  12       -0.227031       -0.157170        0.062345
     Cl  12       -0.157170       -0.028722        0.160735
     Cl  12        0.062345        0.160735        0.255753

     H   13        0.343240       -0.382693        0.013883
     H   13       -0.382693       -0.713703       -0.155936
     H   13        0.013883       -0.155936        0.370463

     C   14       -0.170895        0.177669       -0.227911
     C   14        0.177669        0.007644       -0.509732
     C   14       -0.227911       -0.509732        0.163250

     H   15       -0.248408       -0.231514       -0.518819
     H   15       -0.231514        0.305579       -0.282883
     H   15       -0.518819       -0.282883       -0.057171

     C   16       -0.521102        0.365372       -0.285135
     C   16        0.365372        0.110618       -0.302057
     C   16       -0.285135       -0.302057        0.410484

     C   17       -0.069253       -0.089290       -0.366375
     C   17       -0.089290       -0.131878       -0.585002
     C   17       -0.366375       -0.585002        0.201131

     Cl  18       -0.068908        0.062168       -0.033003
     Cl  18        0.062168        0.003493        0.015998
     Cl  18       -0.033003        0.015998        0.065415

     H   19        0.467999       -0.062358       -0.207482
     H   19       -0.062358       -0.305256        0.384655
     H   19       -0.207482        0.384655       -0.162743

     C   20       -0.736760       -0.323152       -0.177557
     C   20       -0.323152        0.381222        0.215607
     C   20       -0.177557        0.215607        0.355538

     H   21       -0.290660       -0.213678       -0.468780
     H   21       -0.213678        0.000930        0.058822
     H   21       -0.468780        0.058822        0.289730

     C   22        0.048336        0.124262       -0.299773
     C   22        0.124262       -0.206930        0.535011
     C   22       -0.299773        0.535011        0.158593

     C   23       -0.784623       -0.332514       -0.351127
     C   23       -0.332514        0.268207        0.008520
     C   23       -0.351127        0.008520        0.516416

     Cl  24        0.014315       -0.020655        0.040477
     Cl  24       -0.020655        0.004975        0.037894
     Cl  24        0.040477        0.037894       -0.019291

     ----- ionic term -----
     Cl   1        0.140055       -0.218909        0.035197
     Cl   1       -0.218909        0.013984       -0.011006
     Cl   1        0.035197       -0.011006       -0.154039

     C    2        0.177860       -0.155457        0.367126
     C    2       -0.155457        0.140420        0.356756
     C    2        0.367126        0.356756       -0.318280

     C    3        0.081333       -0.215916        0.247050
     C    3       -0.215916        0.271428        0.343074
     C    3        0.247050        0.343074       -0.352761

     H    4        0.563250        0.299284        0.693360
     H    4        0.299284       -0.383992        0.246645
     H    4        0.693360        0.246645       -0.179258

     C    5        0.215401       -0.194099        0.316089
     C    5       -0.194099        0.132324        0.245727
     C    5        0.316089        0.245727       -0.347725

     H    6       -0.498403        0.179550        0.094371
     H    6        0.179550        0.719830        0.632715
     H    6        0.094371        0.632715       -0.221427

     H    7       -0.498003       -0.168463        0.148501
     H    7       -0.168463        0.412030       -0.802812
     H    7        0.148501       -0.802812        0.085973

     C    8        0.319320        0.157899        0.244015
     C    8        0.157899       -0.078364       -0.356764
     C    8        0.244015       -0.356764       -0.240955

     H    9        0.639379       -0.117865        0.737810
     H    9       -0.117865       -0.551744       -0.148763
     H    9        0.737810       -0.148763       -0.087634

     C   10        0.172168        0.224635        0.174227
     C   10        0.224635        0.014814       -0.432388
     C   10        0.174227       -0.432388       -0.186982

     C   11        0.217806        0.074385        0.296737
     C   11        0.074385       -0.017636       -0.455685
     C   11        0.296737       -0.455685       -0.200169

     Cl  12        0.088722        0.172741       -0.006149
     Cl  12        0.172741        0.033166       -0.015477
     Cl  12       -0.006149       -0.015477       -0.121888

     H   13       -0.501812        0.187396        0.114947
     H   13        0.187396        0.678056        0.661544
     H   13        0.114947        0.661544       -0.176244

     C   14        0.217261       -0.163013        0.372181
     C   14       -0.163013        0.098498        0.258871
     C   14        0.372181        0.258871       -0.315759

     H   15        0.521540        0.186354        0.744578
     H   15        0.186354       -0.466910        0.198433
     H   15        0.744578        0.198433       -0.054630

     C   16        0.089841       -0.265186        0.258360
     C   16       -0.265186        0.213347        0.306374
     C   16        0.258360        0.306374       -0.303188

     C   17        0.190134       -0.191910        0.296708
     C   17       -0.191910        0.119742        0.335827
     C   17        0.296708        0.335827       -0.309876

     Cl  18        0.130504       -0.197932        0.016907
     Cl  18       -0.197932        0.020922       -0.003264
     Cl  18        0.016907       -0.003264       -0.151425

     H   19       -0.524861       -0.079952        0.064688
     H   19       -0.079952        0.609011       -0.766136
     H   19        0.064688       -0.766136       -0.084150

     C   20        0.342675        0.153388        0.212886
     C   20        0.153388       -0.033751       -0.368004
     C   20        0.212886       -0.368004       -0.308924

     H   21        0.500149       -0.216978        0.738424
     H   21       -0.216978       -0.493599       -0.226520
     H   21        0.738424       -0.226520       -0.006550

     C   22        0.141936        0.207877        0.144042
     C   22        0.207877        0.078997       -0.455601
     C   22        0.144042       -0.455601       -0.220933

     C   23        0.233321        0.173397        0.226944
     C   23        0.173397        0.018096       -0.462749
     C   23        0.226944       -0.462749       -0.251416

     Cl  24        0.136037        0.229207       -0.042998
     Cl  24        0.229207        0.001946       -0.034638
     Cl  24       -0.042998       -0.034638       -0.137983

     ----- GIPAW term -----
     Cl   1       -0.037848       -0.163923       -1.055437
     Cl   1       -0.163923        1.041061       -1.925527
     Cl   1       -1.055437       -1.925527       -1.003213

     C    2       -0.066902        0.091881       -0.101151
     C    2        0.091881        0.152988       -0.130863
     C    2       -0.101151       -0.130863       -0.086086

     C    3       -0.123497        0.028677       -0.037583
     C    3        0.028677        0.204512       -0.204544
     C    3       -0.037583       -0.204544       -0.081015

     H    4       -0.000000        0.000000        0.000000
     H    4        0.000000        0.000000        0.000000
     H    4        0.000000        0.000000        0.000000

     C    5       -0.149245       -0.017951       -0.009343
     C    5       -0.017951        0.160726       -0.087356
     C    5       -0.009343       -0.087356       -0.011481

     H    6       -0.000000        0.000000        0.000000
     H    6        0.000000        0.000000        0.000000
     H    6        0.000000        0.000000        0.000000

     H    7       -0.000000        0.000000        0.000000
     H    7        0.000000        0.000000        0.000000
     H    7        0.000000        0.000000        0.000000

     C    8       -0.108098        0.011567       -0.045161
     C    8        0.011567       -0.050234       -0.125055
     C    8       -0.045161       -0.125055        0.158332

     H    9       -0.000000        0.000000        0.000000
     H    9        0.000000        0.000000        0.000000
     H    9        0.000000        0.000000        0.000000

     C   10       -0.203081       -0.068720       -0.067410
     C   10       -0.068720        0.204828       -0.025300
     C   10       -0.067410       -0.025300       -0.001747

     C   11       -0.047710        0.165140       -0.017596
     C   11        0.165140        0.149515        0.190066
     C   11       -0.017596        0.190066       -0.101805

     Cl  12       -0.266229        1.642330        0.539499
     Cl  12        1.642330       -0.203079        1.583995
     Cl  12        0.539499        1.583995        0.469308

     H   13       -0.000000        0.000000        0.000000
     H   13        0.000000        0.000000        0.000000
     H   13        0.000000        0.000000        0.000000

     C   14       -0.093317        0.099651       -0.041484
     C   14        0.099651        0.193353       -0.190064
     C   14       -0.041484       -0.190064       -0.100036

     H   15       -0.000000        0.000000        0.000000
     H   15        0.000000        0.000000        0.000000
     H   15        0.000000        0.000000        0.000000

     C   16       -0.180632        0.049908       -0.066343
     C   16        0.049908        0.174086       -0.010240
     C   16       -0.066343       -0.010240        0.006546

     C   17        0.055046       -0.171982       -0.067932
     C   17       -0.171982        0.032520       -0.082903
     C   17       -0.067932       -0.082903       -0.087566

     Cl  18        1.105743       -2.141889       -0.265710
     Cl  18       -2.141889        0.169304        0.139043
     Cl  18       -0.265710        0.139043       -1.275047

     H   19       -0.000000        0.000000        0.000000
     H   19        0.000000        0.000000        0.000000
     H   19        0.000000        0.000000        0.000000

     C   20       -0.181630        0.082569        0.022794
     C   20        0.082569        0.263051        0.070384
     C   20        0.022794        0.070384       -0.081422

     H   21       -0.000000        0.000000        0.000000
     H   21        0.000000        0.000000        0.000000
     H   21        0.000000        0.000000        0.000000

     C   22       -0.086443        0.155724       -0.087853
     C   22        0.155724        0.164133       -0.088944
     C   22       -0.087853       -0.088944       -0.077691

     C   23       -0.191826        0.028688       -0.041327
     C   23        0.028688        0.134247       -0.209978
     C   23       -0.041327       -0.209978        0.057579

     Cl  24       -0.606902        1.278886        0.205637
     Cl  24        1.278886       -0.883049       -1.375273
     Cl  24        0.205637       -1.375273        1.489951

     ----- total EFG -----
     Cl   1        0.106556       -0.342019       -1.073203
     Cl   1       -0.342019        1.025843       -1.936123
     Cl   1       -1.073203       -1.936123       -1.132399

     C    2       -0.240776        0.263858       -0.165078
     C    2        0.263858        0.446461       -0.042881
     C    2       -0.165078       -0.042881       -0.205686

     C    3       -0.068857       -0.024676        0.020129
     C    3       -0.024676        0.434818       -0.530546
     C    3        0.020129       -0.530546       -0.365961

     H    4        0.439938        0.313775        0.137597
     H    4        0.313775       -0.221641        0.378270
     H    4        0.137597        0.378270       -0.218297

     C    5       -0.538809        0.110393        0.043853
     C    5        0.110393        0.497965       -0.156860
     C    5        0.043853       -0.156860        0.040844

     H    6       -0.239493        0.102093       -0.066337
     H    6        0.102093        0.328633        0.104865
     H    6       -0.066337        0.104865       -0.089140

     H    7       -0.052663       -0.058993       -0.050515
     H    7       -0.058993        0.367080       -0.255122
     H    7       -0.050515       -0.255122       -0.314417

     C    8        0.060105        0.066146       -0.038836
     C    8        0.066146       -0.406675       -0.197432
     C    8       -0.038836       -0.197432        0.346570

     H    9        0.248689        0.079474        0.198731
     H    9        0.079474       -0.212098        0.036508
     H    9        0.198731        0.036508       -0.036591

     C   10       -0.608746       -0.218682       -0.198997
     C   10       -0.218682        0.393153       -0.211292
     C   10       -0.198997       -0.211292        0.215592

     C   11        0.122657        0.515600       -0.076795
     C   11        0.515600        0.142999        0.449979
     C   11       -0.076795        0.449979       -0.265657

     Cl  12       -0.404538        1.657902        0.595695
     Cl  12        1.657902       -0.198635        1.729254
     Cl  12        0.595695        1.729254        0.603173

     H   13       -0.158572       -0.195297        0.128830
     H   13       -0.195297       -0.035647        0.505607
     H   13        0.128830        0.505607        0.194219

     C   14       -0.046951        0.114307        0.102786
     C   14        0.114307        0.299496       -0.440925
     C   14        0.102786       -0.440925       -0.252545

     H   15        0.273132       -0.045159        0.225758
     H   15       -0.045159       -0.161331       -0.084451
     H   15        0.225758       -0.084451       -0.111801

     C   16       -0.611893        0.150093       -0.093118
     C   16        0.150093        0.498051       -0.005923
     C   16       -0.093118       -0.005923        0.113842

     C   17        0.175928       -0.453183       -0.137598
     C   17       -0.453183        0.020384       -0.332077
     C   17       -0.137598       -0.332077       -0.196312

     Cl  18        1.167338       -2.277653       -0.281807
     Cl  18       -2.277653        0.193718        0.151777
     Cl  18       -0.281807        0.151777       -1.361057

     H   19       -0.056862       -0.142310       -0.142794
     H   19       -0.142310        0.303755       -0.381481
     H   19       -0.142794       -0.381481       -0.246893

     C   20       -0.575715       -0.087195        0.058123
     C   20       -0.087195        0.610522       -0.082013
     C   20        0.058123       -0.082013       -0.034807

     H   21        0.209490       -0.430656        0.269644
     H   21       -0.430656       -0.492669       -0.167697
     H   21        0.269644       -0.167697        0.283180

     C   22        0.103829        0.487863       -0.243584
     C   22        0.487863        0.036201       -0.009534
     C   22       -0.243584       -0.009534       -0.140030

     C   23       -0.743128       -0.130429       -0.165510
     C   23       -0.130429        0.420549       -0.664208
     C   23       -0.165510       -0.664208        0.322579

     Cl  24       -0.456549        1.487438        0.203116
     Cl  24        1.487438       -0.876128       -1.372017
     Cl  24        0.203116       -1.372017        1.332677

     ----- total EFG (symmetrized) -----
     Cl   1        0.106556       -0.342019       -1.073203
     Cl   1       -0.342019        1.025843       -1.936123
     Cl   1       -1.073203       -1.936123       -1.132399

     C    2       -0.240776        0.263858       -0.165078
     C    2        0.263858        0.446461       -0.042881
     C    2       -0.165078       -0.042881       -0.205686

     C    3       -0.068857       -0.024676        0.020129
     C    3       -0.024676        0.434818       -0.530546
     C    3        0.020129       -0.530546       -0.365961

     H    4        0.439938        0.313775        0.137597
     H    4        0.313775       -0.221641        0.378270
     H    4        0.137597        0.378270       -0.218297

     C    5       -0.538809        0.110393        0.043853
     C    5        0.110393        0.497965       -0.156860
     C    5        0.043853       -0.156860        0.040844

     H    6       -0.239493        0.102093       -0.066337
     H    6        0.102093        0.328633        0.104865
     H    6       -0.066337        0.104865       -0.089140

     H    7       -0.052663       -0.058993       -0.050515
     H    7       -0.058993        0.367080       -0.255122
     H    7       -0.050515       -0.255122       -0.314417

     C    8        0.060105        0.066146       -0.038836
     C    8        0.066146       -0.406675       -0.197432
     C    8       -0.038836       -0.197432        0.346570

     H    9        0.248689        0.079474        0.198731
     H    9        0.079474       -0.212098        0.036508
     H    9        0.198731        0.036508       -0.036591

     C   10       -0.608746       -0.218682       -0.198997
     C   10       -0.218682        0.393153       -0.211292
     C   10       -0.198997       -0.211292        0.215592

     C   11        0.122657        0.515600       -0.076795
     C   11        0.515600        0.142999        0.449979
     C   11       -0.076795        0.449979       -0.265657

     Cl  12       -0.404538        1.657902        0.595695
     Cl  12        1.657902       -0.198635        1.729254
     Cl  12        0.595695        1.729254        0.603173

     H   13       -0.158572       -0.195297        0.128830
     H   13       -0.195297       -0.035647        0.505607
     H   13        0.128830        0.505607        0.194219

     C   14       -0.046951        0.114307        0.102786
     C   14        0.114307        0.299496       -0.440925
     C   14        0.102786       -0.440925       -0.252545

     H   15        0.273132       -0.045159        0.225758
     H   15       -0.045159       -0.161331       -0.084451
     H   15        0.225758       -0.084451       -0.111801

     C   16       -0.611893        0.150093       -0.093118
     C   16        0.150093        0.498051       -0.005923
     C   16       -0.093118       -0.005923        0.113842

     C   17        0.175928       -0.453183       -0.137598
     C   17       -0.453183        0.020384       -0.332077
     C   17       -0.137598       -0.332077       -0.196312

     Cl  18        1.167338       -2.277653       -0.281807
     Cl  18       -2.277653        0.193718        0.151777
     Cl  18       -0.281807        0.151777       -1.361057

     H   19       -0.056862       -0.142310       -0.142794
     H   19       -0.142310        0.303755       -0.381481
     H   19       -0.142794       -0.381481       -0.246893

     C   20       -0.575715       -0.087195        0.058123
     C   20       -0.087195        0.610522       -0.082013
     C   20        0.058123       -0.082013       -0.034807

     H   21        0.209490       -0.430656        0.269644
     H   21       -0.430656       -0.492669       -0.167697
     H   21        0.269644       -0.167697        0.283180

     C   22        0.103829        0.487863       -0.243584
     C   22        0.487863        0.036201       -0.009534
     C   22       -0.243584       -0.009534       -0.140030

     C   23       -0.743128       -0.130429       -0.165510
     C   23       -0.130429        0.420549       -0.664208
     C   23       -0.165510       -0.664208        0.322579

     Cl  24       -0.456549        1.487438        0.203116
     Cl  24        1.487438       -0.876128       -1.372017
     Cl  24        0.203116       -1.372017        1.332677


     NQR/NMR SPECTROSCOPIC PARAMETERS:
     Cl   1    Vxx=    0.5043    axis=(  0.920848 -0.303750 -0.244489)
     Cl   1    Vyy=    2.1972    axis=(  0.135287  0.836959 -0.530280)
     Cl   1    Vzz=   -2.7016    axis=(  0.365700  0.455231  0.811805)
     Cl   1  Q=        -8.1650 1e-30 m^2  Cq=        51.8281 MHz  eta= 0.62665

     C    2    Vxx=   -0.1217    axis=(  0.492766 -0.290742 -0.820153)
     C    2    Vyy=   -0.4264    axis=(  0.801641 -0.214927  0.557834)
     C    2    Vzz=    0.5481    axis=(  0.338458  0.932350 -0.127162)
     C    2  Q=         1.0000 1e-30 m^2  Cq=         1.2878 MHz  eta= 0.55590

     C    3    Vxx=   -0.0700    axis=(  0.999107  0.041695 -0.006793)
     C    3    Vyy=   -0.6303    axis=(  0.012508 -0.445582 -0.895154)
     C    3    Vzz=    0.7004    axis=( -0.040350  0.894270 -0.445705)
     C    3  Q=         1.0000 1e-30 m^2  Cq=         1.6456 MHz  eta= 0.80003

     H    4    Vxx=   -0.0413    axis=(  0.526853 -0.509833 -0.680071)
     H    4    Vyy=   -0.6152    axis=(  0.134193 -0.740195  0.658866)
     H    4    Vzz=    0.6565    axis=( -0.839296 -0.438386 -0.321558)
     H    4  Q=         1.0000 1e-30 m^2  Cq=         1.5426 MHz  eta= 0.87415

     C    5    Vxx=    0.0022    axis=(  0.132759  0.271991  0.953098)
     C    5    Vyy=    0.5545    axis=(  0.085016  0.954941 -0.284359)
     C    5    Vzz=   -0.5567    axis=( -0.987495  0.118780  0.103653)
     C    5  Q=         1.0000 1e-30 m^2  Cq=        -1.3080 MHz  eta= 0.99214

     H    6    Vxx=   -0.0719    axis=( -0.429797 -0.124594  0.894288)
     H    6    Vyy=   -0.2936    axis=( -0.891805  0.213539 -0.398854)
     H    6    Vzz=    0.3655    axis=(  0.141271  0.968957  0.202892)
     H    6  Q=         1.0000 1e-30 m^2  Cq=         0.8587 MHz  eta= 0.60672

     H    7    Vxx=   -0.0434    axis=(  0.979873  0.017216 -0.198879)
     H    7    Vyy=   -0.4117    axis=(  0.183169  0.318533  0.930046)
     H    7    Vzz=    0.4552    axis=(  0.079361 -0.947756  0.308968)
     H    7  Q=         1.0000 1e-30 m^2  Cq=         1.0695 MHz  eta= 0.80910

     C    8    Vxx=    0.0575    axis=(  0.982185  0.064964  0.176328)
     C    8    Vyy=    0.4036    axis=(  0.155505  0.245817 -0.956761)
     C    8    Vzz=   -0.4611    axis=( -0.105500  0.967137  0.231335)
     C    8  Q=         1.0000 1e-30 m^2  Cq=        -1.0834 MHz  eta= 0.75057

     H    9    Vxx=   -0.1384    axis=( -0.449370 -0.042558  0.892331)
     H    9    Vyy=   -0.2255    axis=( -0.152999  0.987773 -0.029940)
     H    9    Vzz=    0.3639    axis=( -0.880147 -0.149980 -0.450387)
     H    9  Q=         1.0000 1e-30 m^2  Cq=         0.8551 MHz  eta= 0.23934

     C   10    Vxx=    0.1778    axis=( -0.336227  0.463192  0.820003)
     C   10    Vyy=    0.5389    axis=(  0.073922 -0.855028  0.513286)
     C   10    Vzz=   -0.7167    axis=( -0.938875 -0.233197 -0.253243)
     C   10  Q=         1.0000 1e-30 m^2  Cq=        -1.6840 MHz  eta= 0.50376

     C   11    Vxx=   -0.0088    axis=(  0.676895 -0.274342 -0.683045)
     C   11    Vyy=   -0.7217    axis=( -0.430470  0.605183 -0.669664)
     C   11    Vzz=    0.7305    axis=( -0.597084 -0.747322 -0.291549)
     C   11  Q=         1.0000 1e-30 m^2  Cq=         1.7164 MHz  eta= 0.97585

     Cl  12    Vxx=   -0.5040    axis=( -0.687261 -0.208745  0.695771)
     Cl  12    Vyy=   -2.2353    axis=( -0.569237  0.749788 -0.337324)
     Cl  12    Vzz=    2.7393    axis=( -0.451266 -0.627889 -0.634125)
     Cl  12  Q=        -8.1650 1e-30 m^2  Cq=       -52.5528 MHz  eta= 0.63199

     H   13    Vxx=   -0.0274    axis=(  0.869951 -0.366375  0.330083)
     H   13    Vyy=   -0.5710    axis=(  0.492226  0.685840 -0.536039)
     H   13    Vzz=    0.5984    axis=( -0.029993  0.628803  0.776986)
     H   13  Q=         1.0000 1e-30 m^2  Cq=         1.4061 MHz  eta= 0.90829

     C   14    Vxx=   -0.0083    axis=(  0.954868  0.061634  0.290567)
     C   14    Vyy=   -0.5398    axis=(  0.284004 -0.475973 -0.832341)
     C   14    Vzz=    0.5481    axis=(  0.087002  0.877297 -0.471996)
     C   14  Q=         1.0000 1e-30 m^2  Cq=         1.2877 MHz  eta= 0.96973

     H   15    Vxx=   -0.1327    axis=(  0.347935  0.815580 -0.462352)
     H   15    Vyy=   -0.2553    axis=( -0.283971  0.561680  0.777095)
     H   15    Vzz=    0.3881    axis=( -0.893477  0.139084 -0.427029)
     H   15  Q=         1.0000 1e-30 m^2  Cq=         0.9118 MHz  eta= 0.31597

     C   16    Vxx=    0.1241    axis=( -0.113019  0.061069  0.991714)
     C   16    Vyy=    0.5188    axis=( -0.135137 -0.989779  0.045549)
     C   16    Vzz=   -0.6429    axis=(  0.984360 -0.128870  0.120117)
     C   16  Q=         1.0000 1e-30 m^2  Cq=        -1.5106 MHz  eta= 0.61397

     C   17    Vxx=    0.0590    axis=( -0.528822 -0.368601  0.764513)
     C   17    Vyy=    0.5763    axis=( -0.713659  0.680669 -0.165469)
     C   17    Vzz=   -0.6352    axis=( -0.459389 -0.633105 -0.623009)
     C   17  Q=         1.0000 1e-30 m^2  Cq=        -1.4925 MHz  eta= 0.81432

     Cl  18    Vxx=   -1.3710    axis=( -0.076431 -0.205885  0.975587)
     Cl  18    Vyy=   -1.6611    axis=( -0.625983 -0.751676 -0.207674)
     Cl  18    Vzz=    3.0321    axis=(  0.776082 -0.626574 -0.071429)
     Cl  18  Q=        -8.1650 1e-30 m^2  Cq=       -58.1703 MHz  eta= 0.09568

     H   19    Vxx=    0.0157    axis=(  0.915894 -0.070803 -0.395127)
     H   19    Vyy=    0.5061    axis=( -0.116816  0.894711 -0.431100)
     H   19    Vzz=   -0.5219    axis=(  0.384047  0.440999  0.811189)
     H   19  Q=         1.0000 1e-30 m^2  Cq=        -1.2262 MHz  eta= 0.93967

     C   20    Vxx=   -0.0411    axis=(  0.085186  0.135642  0.987089)
     C   20    Vyy=   -0.5870    axis=( -0.993320 -0.065834  0.094770)
     C   20    Vzz=    0.6281    axis=(  0.077838 -0.988568  0.129127)
     C   20  Q=         1.0000 1e-30 m^2  Cq=         1.4758 MHz  eta= 0.86925

     H   21    Vxx=    0.0274    axis=( -0.587128  0.236535  0.774166)
     H   21    Vyy=    0.6712    axis=( -0.692983  0.347437 -0.631713)
     H   21    Vzz=   -0.6987    axis=( -0.418396 -0.907380 -0.040075)
     H   21  Q=         1.0000 1e-30 m^2  Cq=        -1.6416 MHz  eta= 0.92144

     C   22    Vxx=   -0.1092    axis=( -0.128365  0.487310  0.863743)
     C   22    Vyy=   -0.4971    axis=(  0.666859 -0.602235  0.438877)
     C   22    Vzz=    0.6063    axis=( -0.734045 -0.632331  0.247661)
     C   22  Q=         1.0000 1e-30 m^2  Cq=         1.4245 MHz  eta= 0.63974

     C   23    Vxx=   -0.2115    axis=( -0.367296  0.636707  0.678010)
     C   23    Vyy=   -0.8262    axis=( -0.930053 -0.243757 -0.274925)
     C   23    Vzz=    1.0377    axis=( -0.009777 -0.731564  0.681702)
     C   23  Q=         1.0000 1e-30 m^2  Cq=         2.4383 MHz  eta= 0.59237

     Cl  24    Vxx=    0.4418    axis=(  0.787658  0.413303  0.456920)
     Cl  24    Vyy=    2.0955    axis=(  0.224031  0.498722 -0.837309)
     Cl  24    Vzz=   -2.5373    axis=( -0.573938  0.761878  0.300230)
     Cl  24  Q=        -8.1650 1e-30 m^2  Cq=        48.6770 MHz  eta= 0.65178

     Initialization:
     gipaw_setup  :      8.98s CPU     10.75s WALL (       1 calls)

     Linear response

     Apply operators

     Induced current

     Other routines
     efg          :      9.12s CPU     11.67s WALL (       1 calls)

     General routines
     calbec       :      3.14s CPU      4.07s WALL (      16 calls)
     fft          :      1.52s CPU      2.15s WALL (      15 calls)
     ffts         :      0.03s CPU      0.05s WALL (       2 calls)
     fftw         :      3.18s CPU      4.10s WALL (     672 calls)
     davcio       :      0.02s CPU      0.33s WALL (      32 calls)

     Parallel routines
     fft_scatter  :      2.14s CPU      3.48s WALL (     689 calls)

     Plugins

     GIPAW        :     61.09s CPU     76.74s WALL (       1 calls)
