
     Program QE v.6.0 (svn rev. 13079) starts on 23Jan2017 at  4:48:15 

     This program is part of the open-source Quantum ESPRESSO suite
     for quantum simulation of materials; please cite
         "P. Giannozzi et al., J. Phys.:Condens. Matter 21 395502 (2009);
          URL http://www.quantum-espresso.org", 
     in publications or presentations arising from this work. More details at
     http://www.quantum-espresso.org/quote

     Parallel version (MPI), running on     8 processors
     R & G space division:  proc/nbgrp/npool/nimage =       8

     ***** This is GIPAW svn revision unknown      *****

     Parallelizing q-star over 1 images

     Reading data from directory:
     /users/majewski/paradichlorobenzene/pbe/9_constraint/scratch/pbe.ecut100.np8.dt60.pcl2phi-129368.save
     Message from routine read_xml_file:
     file /users/majewski/paradichlorobenzene/pbe/9_constraint/scratch/pbe.ecut100.np8.dt60.pcl2phi-129368.save not guaranteed to be safe for post-processing

   Info: using nr1, nr2, nr3 values from input

   Info: using nr1, nr2, nr3 values from input

     IMPORTANT: XC functional enforced from input :
     Exchange-correlation      =  SLA  PW   PBX  PBC ( 1  4  3  4 0 0)
     Any further DFT definition will be discarded
     Please, verify this is what you really want

               file C.pbe-n-kjpaw_psl.1.0.0.UPF: wavefunction(s)  2S 2P renormalized
               file Cl.pbe-n-kjpaw_psl.1.0.0.UPF: wavefunction(s)  3S 3P renormalized
               file H.pbe-kjpaw_psl.1.0.0.UPF: wavefunction(s)  1S renormalized

     Parallelization info
     --------------------
     sticks:   dense  smooth     PW     G-vecs:    dense   smooth      PW
     Min        3057    1223    332               144436    36536    5170
     Max        3059    1225    333               144437    36537    5171
     Sum       24467    9791   2657              1155489   292295   41363


     Subspace diagonalization in iterative solution of the eigenvalue problem:
     a serial algorithm will be used

     GIPAW projectors -----------------------------------------------
     atom=  C    l=0  rc=    1.2000  rs=    0.8000
     atom=  C    l=0  rc=    1.2000  rs=    0.8000
     atom=  C    l=1  rc=    1.4000  rs=    0.9333
     atom=  C    l=1  rc=    1.4000  rs=    0.9333
     projs nearly linearly dependent: l=1  n1,n2= 1, 2  s=  0.99951561

     atom=  Cl   l=0  rc=    1.6000  rs=    1.0667
     atom=  Cl   l=0  rc=    1.6000  rs=    1.0667
     atom=  Cl   l=1  rc=    1.6000  rs=    1.0667
     atom=  Cl   l=1  rc=    1.6000  rs=    1.0667
     atom=  Cl   l=2  rc=    1.6000  rs=    1.0667
     atom=  Cl   l=2  rc=    1.6000  rs=    1.0667
     projs nearly linearly dependent: l=2  n1,n2= 1, 2  s=  0.99993509

     atom=  H    l=0  rc=    1.0000  rs=    0.6667
     atom=  H    l=0  rc=    1.0000  rs=    0.6667
     projs nearly linearly dependent: l=0  n1,n2= 1, 2  s=  0.99968852
     -----------------------------------------------------------------

     GIPAW integrals: -------------------------------------------
     Atom  i/j   nmr_para   nmr_dia   epr_rmc  epr_para   epr_dia
       C   1 1   0.83E+03  0.17E-01  0.93E+01  0.24E+08  0.24E+03
       C   2 1   0.86E+03 -0.61E-01  0.94E+01  0.25E+08  0.25E+03
       C   2 2   0.90E+03 -0.15E+00  0.97E+01  0.26E+08  0.26E+03
       C   3 3   0.33E+01  0.34E+00  0.18E+01  0.55E+03  0.21E+02
       C   4 3   0.35E+01  0.37E+00  0.20E+01  0.59E+03  0.22E+02
       C   4 4   0.38E+01  0.39E+00  0.22E+01  0.63E+03  0.24E+02
       Cl  1 1   0.14E+04 -0.47E+00  0.84E+01  0.32E+09  0.42E+03
       Cl  2 1   0.21E+04 -0.37E+00  0.12E+02  0.49E+09  0.65E+03
       Cl  2 2   0.33E+04 -0.16E+00  0.21E+02  0.76E+09  0.10E+04
       Cl  3 3   0.21E+02  0.79E-01  0.89E+01  0.23E+05  0.13E+03
       Cl  4 3   0.24E+02  0.67E-01  0.99E+01  0.27E+05  0.15E+03
       Cl  4 4   0.28E+02  0.44E-01  0.11E+02  0.32E+05  0.18E+03
       Cl  5 5   0.77E+00  0.19E+00  0.18E+01  0.12E+03  0.22E+02
       Cl  6 5   0.80E+00  0.19E+00  0.19E+01  0.12E+03  0.23E+02
       Cl  6 6   0.83E+00  0.20E+00  0.19E+01  0.12E+03  0.23E+02
       H   1 1   0.39E+02  0.19E+00  0.29E+00  0.78E+05  0.13E+02
       H   2 1   0.41E+02  0.21E+00  0.32E+00  0.82E+05  0.14E+02
       H   2 2   0.43E+02  0.22E+00  0.36E+00  0.86E+05  0.15E+02
     ------------------------------------------------------------

     alpha_pv=     34.1738 eV

     Number of occupied bands for each k-point:
     k-point:     1    nbnd_occ=  42
     k-point:     2    nbnd_occ=  42
     k-point:     3    nbnd_occ=  42
     k-point:     4    nbnd_occ=  42
     k-point:     5    nbnd_occ=  42
     k-point:     6    nbnd_occ=  42
     k-point:     7    nbnd_occ=  42
     k-point:     8    nbnd_occ=  42
     k-point:     9    nbnd_occ=  42
     k-point:    10    nbnd_occ=  42
     k-point:    11    nbnd_occ=  42
     k-point:    12    nbnd_occ=  42
     k-point:    13    nbnd_occ=  42
     k-point:    14    nbnd_occ=  42
     k-point:    15    nbnd_occ=  42
     k-point:    16    nbnd_occ=  42


     q-space interpolation up to   110.00 Rydberg

     GIPAW job: efg                                                                             


     ELECTRIC FIELD GRADIENTS TENSORS IN Hartree/bohrradius^2:

     ----- bare term -----
     Cl   1       -0.003533        0.037542       -0.096522
     Cl   1        0.037542        0.017389       -0.090469
     Cl   1       -0.096522       -0.090469       -0.013856

     C    2        0.090407        0.546434        0.065708
     C    2        0.546434       -0.459235       -0.437901
     C    2        0.065708       -0.437901        0.368828

     C    3       -0.282891        0.209578       -0.267658
     C    3        0.209578       -0.015743       -0.289493
     C    3       -0.267658       -0.289493        0.298634

     H    4       -0.552730       -0.287464       -0.514854
     H    4       -0.287464        0.378132       -0.190844
     H    4       -0.514854       -0.190844        0.174597

     C    5       -0.087990        0.460623       -0.122562
     C    5        0.460623       -0.321656       -0.398068
     C    5       -0.122562       -0.398068        0.409646

     H    6        0.369383       -0.130028       -0.073309
     H    6       -0.130028       -0.503802       -0.507797
     H    6       -0.073309       -0.507797        0.134418

     H    7        0.533232        0.007802       -0.087527
     H    7        0.007802       -0.000743        0.277118
     H    7       -0.087527        0.277118       -0.532489

     C    8       -0.293617       -0.361597        0.014834
     C    8       -0.361597       -0.163208        0.443392
     C    8        0.014834        0.443392        0.456825

     H    9        0.098246        0.048375       -0.451810
     H    9        0.048375        0.379232       -0.163293
     H    9       -0.451810       -0.163293       -0.477478

     C   10       -0.076956        0.126106       -0.240398
     C   10        0.126106       -0.074330        0.687126
     C   10       -0.240398        0.687126        0.151286

     C   11       -0.199210       -0.300946       -0.211058
     C   11       -0.300946       -0.175275        0.397080
     C   11       -0.211058        0.397080        0.374485

     Cl  12       -0.030826       -0.037025       -0.093547
     Cl  12       -0.037025        0.002126        0.085064
     Cl  12       -0.093547        0.085064        0.028700

     H   13       -0.077283        0.166426        0.087934
     H   13        0.166426       -0.192184       -0.490217
     H   13        0.087934       -0.490217        0.269467

     C   14       -0.319644        0.009676       -0.361946
     C   14        0.009676        0.014499       -0.343744
     C   14       -0.361946       -0.343744        0.305145

     H   15       -0.321926       -0.172144       -0.480782
     H   15       -0.172144        0.088832       -0.307203
     H   15       -0.480782       -0.307203        0.233095

     C   16       -0.015604        0.490004       -0.003488
     C   16        0.490004       -0.433364       -0.489122
     C   16       -0.003488       -0.489122        0.448968

     C   17       -0.058839       -0.174123       -0.430819
     C   17       -0.174123       -0.108957       -0.543504
     C   17       -0.430819       -0.543504        0.167796

     Cl  18       -0.153302        0.160552       -0.138387
     Cl  18        0.160552       -0.083017        0.065550
     Cl  18       -0.138387        0.065550        0.236319

     H   19        0.347214        0.004600        0.327261
     H   19        0.004600        0.104159        0.333633
     H   19        0.327261        0.333633       -0.451373

     C   20       -0.131653       -0.061294       -0.501741
     C   20       -0.061294       -0.043509        0.363445
     C   20       -0.501741        0.363445        0.175162

     H   21        0.179612        0.060778       -0.256393
     H   21        0.060778        0.309776       -0.238361
     H   21       -0.256393       -0.238361       -0.489388

     C   22        0.098953       -0.237737        0.140126
     C   22       -0.237737       -0.131566        0.001408
     C   22        0.140126        0.001408        0.032614

     C   23        0.017536        0.089439       -0.505052
     C   23        0.089439        0.004799        0.422725
     C   23       -0.505052        0.422725       -0.022335

     Cl  24       -0.173512       -0.147439        0.100275
     Cl  24       -0.147439        0.020967       -0.062351
     Cl  24        0.100275       -0.062351        0.152545

     ----- ionic term -----
     Cl   1        0.132887       -0.183140       -0.047720
     Cl   1       -0.183140       -0.015749        0.027493
     Cl   1       -0.047720        0.027493       -0.117137

     C    2        0.203289       -0.147014        0.167546
     C    2       -0.147014        0.077116        0.429123
     C    2        0.167546        0.429123       -0.280406

     C    3        0.194038       -0.232952        0.203373
     C    3       -0.232952        0.117715        0.341867
     C    3        0.203373        0.341867       -0.311752

     H    4        0.612268        0.298386        0.672503
     H    4        0.298386       -0.468112        0.227996
     H    4        0.672503        0.227996       -0.144156

     C    5        0.294569       -0.184665        0.274241
     C    5       -0.184665        0.048264        0.287585
     C    5        0.274241        0.287585       -0.342834

     H    6       -0.525449       -0.033846        0.002806
     H    6       -0.033846        0.687277        0.703956
     H    6        0.002806        0.703956       -0.161828

     H    7       -0.543355        0.049335       -0.043635
     H    7        0.049335        0.344134       -0.784777
     H    7       -0.043635       -0.784777        0.199221

     C    8        0.068663        0.293458        0.314807
     C    8        0.293458       -0.046567       -0.279608
     C    8        0.314807       -0.279608       -0.022096

     H    9        0.214251       -0.216530        0.762312
     H    9       -0.216530       -0.451127       -0.293954
     H    9        0.762312       -0.293954        0.236876

     C   10       -0.047917        0.284626        0.209347
     C   10        0.284626        0.150531       -0.444783
     C   10        0.209347       -0.444783       -0.102614

     C   11       -0.027698        0.293860        0.342769
     C   11        0.293860        0.132310       -0.367592
     C   11        0.342769       -0.367592       -0.104612

     Cl  12        0.053832        0.236140        0.046543
     Cl  12        0.236140        0.089498        0.036874
     Cl  12        0.046543        0.036874       -0.143330

     H   13       -0.482223       -0.067261       -0.040353
     H   13       -0.067261        0.524688        0.749700
     H   13       -0.040353        0.749700       -0.042465

     C   14        0.316404       -0.207288        0.231216
     C   14       -0.207288        0.009036        0.302011
     C   14        0.231216        0.302011       -0.325439

     H   15        0.478468        0.409505        0.689716
     H   15        0.409505       -0.316851        0.336677
     H   15        0.689716        0.336677       -0.161617

     C   16        0.132112       -0.204364        0.204405
     C   16       -0.204364        0.206254        0.410731
     C   16        0.204405        0.410731       -0.338366

     C   17        0.208866       -0.167199        0.311945
     C   17       -0.167199        0.133135        0.382910
     C   17        0.311945        0.382910       -0.342002

     Cl  18        0.169056       -0.219777        0.061636
     Cl  18       -0.219777       -0.010160       -0.022275
     Cl  18        0.061636       -0.022275       -0.158896

     H   19       -0.548759       -0.031791        0.043732
     H   19       -0.031791        0.433706       -0.778577
     H   19        0.043732       -0.778577        0.115053

     C   20        0.068250        0.274588        0.349164
     C   20        0.274588        0.069253       -0.238568
     C   20        0.349164       -0.238568       -0.137503

     H   21        0.521752       -0.089946        0.790317
     H   21       -0.089946       -0.506545       -0.152859
     H   21        0.790317       -0.152859       -0.015207

     C   22       -0.001326        0.326137        0.262349
     C   22        0.326137        0.135663       -0.340139
     C   22        0.262349       -0.340139       -0.134337

     C   23       -0.009189        0.264629        0.378146
     C   23        0.264629       -0.005492       -0.382586
     C   23        0.378146       -0.382586        0.014680

     Cl  24        0.107672        0.207006        0.038209
     Cl  24        0.207006        0.021524        0.014077
     Cl  24        0.038209        0.014077       -0.129196

     ----- GIPAW term -----
     Cl   1        1.753301       -0.719234       -1.973471
     Cl   1       -0.719234       -0.677946       -1.073346
     Cl   1       -1.973471       -1.073346       -1.075354

     C    2        0.225180        0.079213        0.153014
     C    2        0.079213       -0.158741       -0.007340
     C    2        0.153014       -0.007340       -0.066440

     C    3        0.039346        0.118375        0.067055
     C    3        0.118375       -0.038184        0.030448
     C    3        0.067055        0.030448       -0.001162

     H    4       -0.000000        0.000000        0.000000
     H    4        0.000000        0.000000        0.000000
     H    4        0.000000        0.000000        0.000000

     C    5        0.120733        0.141542        0.040776
     C    5        0.141542       -0.129289       -0.067956
     C    5        0.040776       -0.067956        0.008556

     H    6       -0.000000        0.000000        0.000000
     H    6        0.000000        0.000000        0.000000
     H    6        0.000000        0.000000        0.000000

     H    7       -0.000000        0.000000        0.000000
     H    7        0.000000        0.000000        0.000000
     H    7        0.000000        0.000000        0.000000

     C    8       -0.007749        0.041851        0.145689
     C    8        0.041851       -0.066971        0.165235
     C    8        0.145689        0.165235        0.074721

     H    9       -0.000000        0.000000        0.000000
     H    9        0.000000        0.000000        0.000000
     H    9        0.000000        0.000000        0.000000

     C   10       -0.096110        0.153475        0.017731
     C   10        0.153475        0.108602        0.235987
     C   10        0.017731        0.235987       -0.012492

     C   11        0.127494        0.145715       -0.020219
     C   11        0.145715       -0.041190        0.055524
     C   11       -0.020219        0.055524       -0.086304

     Cl  12       -0.238630        0.974064       -0.827825
     Cl  12        0.974064        0.902256        2.192174
     Cl  12       -0.827825        2.192174       -0.663626

     H   13       -0.000000        0.000000        0.000000
     H   13        0.000000        0.000000        0.000000
     H   13        0.000000        0.000000        0.000000

     C   14        0.118279        0.003070        0.094205
     C   14        0.003070       -0.108085       -0.033034
     C   14        0.094205       -0.033034       -0.010194

     H   15       -0.000000        0.000000        0.000000
     H   15        0.000000        0.000000        0.000000
     H   15        0.000000        0.000000        0.000000

     C   16        0.102392        0.059458        0.086334
     C   16        0.059458       -0.132462       -0.070381
     C   16        0.086334       -0.070381        0.030069

     C   17        0.159714       -0.175072       -0.036607
     C   17       -0.175072       -0.054037       -0.081719
     C   17       -0.036607       -0.081719       -0.105678

     Cl  18        0.589599       -1.762500       -1.210575
     Cl  18       -1.762500       -0.527192        0.627895
     Cl  18       -1.210575        0.627895       -0.062407

     H   19       -0.000000        0.000000        0.000000
     H   19        0.000000        0.000000        0.000000
     H   19        0.000000        0.000000        0.000000

     C   20        0.076859       -0.042503       -0.228349
     C   20       -0.042503       -0.126963        0.094938
     C   20       -0.228349        0.094938        0.050104

     H   21       -0.000000        0.000000        0.000000
     H   21        0.000000        0.000000        0.000000
     H   21        0.000000        0.000000        0.000000

     C   22        0.023336       -0.008978        0.005917
     C   22       -0.008978       -0.014982       -0.014385
     C   22        0.005917       -0.014385       -0.008354

     C   23        0.149289       -0.018193       -0.132025
     C   23       -0.018193       -0.044907        0.072439
     C   23       -0.132025        0.072439       -0.104382

     Cl  24        0.626294       -0.552613       -1.547682
     Cl  24       -0.552613       -0.468978        1.103877
     Cl  24       -1.547682        1.103877       -0.157316

     ----- total EFG -----
     Cl   1        1.882654       -0.864832       -2.117712
     Cl   1       -0.864832       -0.676307       -1.136322
     Cl   1       -2.117712       -1.136322       -1.206347

     C    2        0.518876        0.478633        0.386268
     C    2        0.478633       -0.540859       -0.016118
     C    2        0.386268       -0.016118        0.021982

     C    3       -0.049508        0.095001        0.002770
     C    3        0.095001        0.063788        0.082822
     C    3        0.002770        0.082822       -0.014280

     H    4        0.059539        0.010922        0.157649
     H    4        0.010922       -0.089980        0.037152
     H    4        0.157649        0.037152        0.030441

     C    5        0.327312        0.417499        0.192454
     C    5        0.417499       -0.402680       -0.178439
     C    5        0.192454       -0.178439        0.075368

     H    6       -0.156066       -0.163874       -0.070503
     H    6       -0.163874        0.183475        0.196159
     H    6       -0.070503        0.196159       -0.027410

     H    7       -0.010123        0.057137       -0.131162
     H    7        0.057137        0.343392       -0.507660
     H    7       -0.131162       -0.507660       -0.333269

     C    8       -0.232704       -0.026287        0.475330
     C    8       -0.026287       -0.276746        0.329019
     C    8        0.475330        0.329019        0.509450

     H    9        0.312496       -0.168155        0.310501
     H    9       -0.168155       -0.071895       -0.457248
     H    9        0.310501       -0.457248       -0.240602

     C   10       -0.220983        0.564206       -0.013320
     C   10        0.564206        0.184803        0.478329
     C   10       -0.013320        0.478329        0.036180

     C   11       -0.099415        0.138628        0.111492
     C   11        0.138628       -0.084155        0.085011
     C   11        0.111492        0.085011        0.183569

     Cl  12       -0.215624        1.173180       -0.874829
     Cl  12        1.173180        0.993880        2.314112
     Cl  12       -0.874829        2.314112       -0.778256

     H   13       -0.559506        0.099165        0.047580
     H   13        0.099165        0.332504        0.259483
     H   13        0.047580        0.259483        0.227002

     C   14        0.115038       -0.194542       -0.036525
     C   14       -0.194542       -0.084550       -0.074767
     C   14       -0.036525       -0.074767       -0.030488

     H   15        0.156542        0.237361        0.208934
     H   15        0.237361       -0.228020        0.029474
     H   15        0.208934        0.029474        0.071478

     C   16        0.218900        0.345098        0.287251
     C   16        0.345098       -0.359572       -0.148772
     C   16        0.287251       -0.148772        0.140671

     C   17        0.309742       -0.516394       -0.155481
     C   17       -0.516394       -0.029858       -0.242312
     C   17       -0.155481       -0.242312       -0.279883

     Cl  18        0.605353       -1.821724       -1.287326
     Cl  18       -1.821724       -0.620368        0.671170
     Cl  18       -1.287326        0.671170        0.015016

     H   19       -0.201545       -0.027191        0.370992
     H   19       -0.027191        0.537865       -0.444944
     H   19        0.370992       -0.444944       -0.336320

     C   20        0.013457        0.170792       -0.380926
     C   20        0.170792       -0.101219        0.219815
     C   20       -0.380926        0.219815        0.087763

     H   21        0.701364       -0.029168        0.533924
     H   21       -0.029168       -0.196768       -0.391220
     H   21        0.533924       -0.391220       -0.504595

     C   22        0.120963        0.079423        0.408392
     C   22        0.079423       -0.010885       -0.353115
     C   22        0.408392       -0.353115       -0.110078

     C   23        0.157637        0.335875       -0.258932
     C   23        0.335875       -0.045600        0.112578
     C   23       -0.258932        0.112578       -0.112037

     Cl  24        0.560454       -0.493046       -1.409199
     Cl  24       -0.493046       -0.426487        1.055603
     Cl  24       -1.409199        1.055603       -0.133967

     ----- total EFG (symmetrized) -----
     Cl   1        1.882654       -0.864832       -2.117712
     Cl   1       -0.864832       -0.676307       -1.136322
     Cl   1       -2.117712       -1.136322       -1.206347

     C    2        0.518876        0.478633        0.386268
     C    2        0.478633       -0.540859       -0.016118
     C    2        0.386268       -0.016118        0.021982

     C    3       -0.049508        0.095001        0.002770
     C    3        0.095001        0.063788        0.082822
     C    3        0.002770        0.082822       -0.014280

     H    4        0.059539        0.010922        0.157649
     H    4        0.010922       -0.089980        0.037152
     H    4        0.157649        0.037152        0.030441

     C    5        0.327312        0.417499        0.192454
     C    5        0.417499       -0.402680       -0.178439
     C    5        0.192454       -0.178439        0.075368

     H    6       -0.156066       -0.163874       -0.070503
     H    6       -0.163874        0.183475        0.196159
     H    6       -0.070503        0.196159       -0.027410

     H    7       -0.010123        0.057137       -0.131162
     H    7        0.057137        0.343392       -0.507660
     H    7       -0.131162       -0.507660       -0.333269

     C    8       -0.232704       -0.026287        0.475330
     C    8       -0.026287       -0.276746        0.329019
     C    8        0.475330        0.329019        0.509450

     H    9        0.312496       -0.168155        0.310501
     H    9       -0.168155       -0.071895       -0.457248
     H    9        0.310501       -0.457248       -0.240602

     C   10       -0.220983        0.564206       -0.013320
     C   10        0.564206        0.184803        0.478329
     C   10       -0.013320        0.478329        0.036180

     C   11       -0.099415        0.138628        0.111492
     C   11        0.138628       -0.084155        0.085011
     C   11        0.111492        0.085011        0.183569

     Cl  12       -0.215624        1.173180       -0.874829
     Cl  12        1.173180        0.993880        2.314112
     Cl  12       -0.874829        2.314112       -0.778256

     H   13       -0.559506        0.099165        0.047580
     H   13        0.099165        0.332504        0.259483
     H   13        0.047580        0.259483        0.227002

     C   14        0.115038       -0.194542       -0.036525
     C   14       -0.194542       -0.084550       -0.074767
     C   14       -0.036525       -0.074767       -0.030488

     H   15        0.156542        0.237361        0.208934
     H   15        0.237361       -0.228020        0.029474
     H   15        0.208934        0.029474        0.071478

     C   16        0.218900        0.345098        0.287251
     C   16        0.345098       -0.359572       -0.148772
     C   16        0.287251       -0.148772        0.140671

     C   17        0.309742       -0.516394       -0.155481
     C   17       -0.516394       -0.029858       -0.242312
     C   17       -0.155481       -0.242312       -0.279883

     Cl  18        0.605353       -1.821724       -1.287326
     Cl  18       -1.821724       -0.620368        0.671170
     Cl  18       -1.287326        0.671170        0.015016

     H   19       -0.201545       -0.027191        0.370992
     H   19       -0.027191        0.537865       -0.444944
     H   19        0.370992       -0.444944       -0.336320

     C   20        0.013457        0.170792       -0.380926
     C   20        0.170792       -0.101219        0.219815
     C   20       -0.380926        0.219815        0.087763

     H   21        0.701364       -0.029168        0.533924
     H   21       -0.029168       -0.196768       -0.391220
     H   21        0.533924       -0.391220       -0.504595

     C   22        0.120963        0.079423        0.408392
     C   22        0.079423       -0.010885       -0.353115
     C   22        0.408392       -0.353115       -0.110078

     C   23        0.157637        0.335875       -0.258932
     C   23        0.335875       -0.045600        0.112578
     C   23       -0.258932        0.112578       -0.112037

     Cl  24        0.560454       -0.493046       -1.409199
     Cl  24       -0.493046       -0.426487        1.055603
     Cl  24       -1.409199        1.055603       -0.133967


     NQR/NMR SPECTROSCOPIC PARAMETERS:
     Cl   1    Vxx=    0.1214    axis=( -0.158719  0.860813 -0.483538)
     Cl   1    Vyy=    2.9792    axis=(  0.897936 -0.077775 -0.433200)
     Cl   1    Vzz=   -3.1007    axis=(  0.410511  0.502943  0.760611)
     Cl   1  Q=        -8.1650 1e-30 m^2  Cq=        59.4850 MHz  eta= 0.92166

     C    2    Vxx=   -0.0975    axis=( -0.290429 -0.345978  0.892161)
     C    2    Vyy=   -0.7590    axis=( -0.399000  0.891214  0.215722)
     C    2    Vzz=    0.8566    axis=( -0.869741 -0.293320 -0.396880)
     C    2  Q=         1.0000 1e-30 m^2  Cq=         2.0126 MHz  eta= 0.77232

     C    3    Vxx=   -0.0304    axis=( -0.569359 -0.138352  0.810363)
     C    3    Vyy=   -0.1211    axis=( -0.721897  0.555748 -0.412321)
     C    3    Vzz=    0.1514    axis=( -0.393313 -0.819758 -0.416296)
     C    3  Q=         1.0000 1e-30 m^2  Cq=         0.3558 MHz  eta= 0.59894

     H    4    Vxx=   -0.0812    axis=(  0.428433 -0.843418 -0.324177)
     H    4    Vyy=   -0.1258    axis=(  0.533069  0.525615 -0.662998)
     H    4    Vzz=    0.2070    axis=( -0.729577 -0.111242 -0.674791)
     H    4  Q=         1.0000 1e-30 m^2  Cq=         0.4864 MHz  eta= 0.21505

     C    5    Vxx=    0.1299    axis=( -0.092187 -0.380567  0.920147)
     C    5    Vyy=    0.5417    axis=( -0.904261 -0.354910 -0.237384)
     C    5    Vzz=   -0.6716    axis=(  0.416910 -0.853936 -0.311414)
     C    5  Q=         1.0000 1e-30 m^2  Cq=        -1.5780 MHz  eta= 0.61319

     H    6    Vxx=   -0.1384    axis=(  0.255025 -0.405181  0.877947)
     H    6    Vyy=   -0.2229    axis=( -0.911035 -0.404930  0.077757)
     H    6    Vzz=    0.3613    axis=(  0.324001 -0.819671 -0.472401)
     H    6  Q=         1.0000 1e-30 m^2  Cq=         0.8489 MHz  eta= 0.23378

     H    7    Vxx=   -0.0167    axis=(  0.973911 -0.221849 -0.047751)
     H    7    Vyy=   -0.6182    axis=(  0.146709  0.455000  0.878323)
     H    7    Vzz=    0.6349    axis=( -0.173128 -0.862414  0.475677)
     H    7  Q=         1.0000 1e-30 m^2  Cq=         1.4917 MHz  eta= 0.94737

     C    8    Vxx=   -0.2360    axis=(  0.618020 -0.784712 -0.047725)
     C    8    Vyy=   -0.5807    axis=(  0.680607  0.564438 -0.467103)
     C    8    Vzz=    0.8168    axis=(  0.393479  0.256197  0.882914)
     C    8  Q=         1.0000 1e-30 m^2  Cq=         1.9191 MHz  eta= 0.42203

     H    9    Vxx=   -0.0037    axis=(  0.682599  0.643216 -0.346889)
     H    9    Vyy=   -0.6416    axis=( -0.153768  0.590463  0.792281)
     H    9    Vzz=    0.6454    axis=(  0.714433 -0.487470  0.501955)
     H    9  Q=         1.0000 1e-30 m^2  Cq=         1.5164 MHz  eta= 0.98838

     C   10    Vxx=   -0.0517    axis=( -0.598128 -0.160914  0.785079)
     C   10    Vyy=   -0.7406    axis=( -0.681209  0.618104 -0.392303)
     C   10    Vzz=    0.7923    axis=( -0.422134 -0.769450 -0.479321)
     C   10  Q=         1.0000 1e-30 m^2  Cq=         1.8616 MHz  eta= 0.86946

     C   11    Vxx=   -0.0383    axis=(  0.539470  0.659254 -0.523790)
     C   11    Vyy=   -0.2321    axis=( -0.746449  0.662283  0.064770)
     C   11    Vzz=    0.2703    axis=(  0.389598  0.356041  0.849381)
     C   11  Q=         1.0000 1e-30 m^2  Cq=         0.6352 MHz  eta= 0.71697

     Cl  12    Vxx=    0.3816    axis=(  0.877332  0.096008 -0.470181)
     Cl  12    Vyy=    2.6741    axis=(  0.184168  0.837394  0.514639)
     Cl  12    Vzz=   -3.0557    axis=(  0.443137 -0.538102  0.716991)
     Cl  12  Q=        -8.1650 1e-30 m^2  Cq=        58.6218 MHz  eta= 0.75024

     H   13    Vxx=    0.0161    axis=( -0.043333 -0.625358  0.779134)
     H   13    Vyy=    0.5548    axis=(  0.095595  0.773693  0.626308)
     H   13    Vzz=   -0.5709    axis=( -0.994477  0.101622  0.026255)
     H   13  Q=         1.0000 1e-30 m^2  Cq=        -1.3414 MHz  eta= 0.94365

     C   14    Vxx=    0.0026    axis=( -0.221163 -0.301961  0.927311)
     C   14    Vyy=    0.2341    axis=( -0.849823  0.526134 -0.031357)
     C   14    Vzz=   -0.2367    axis=( -0.478422 -0.794986 -0.372975)
     C   14  Q=         1.0000 1e-30 m^2  Cq=        -0.5562 MHz  eta= 0.97829

     H   15    Vxx=   -0.0441    axis=( -0.403606 -0.388122  0.828531)
     H   15    Vyy=   -0.3524    axis=( -0.473894  0.863308  0.173563)
     H   15    Vzz=    0.3965    axis=( -0.782641 -0.322585 -0.532365)
     H   15  Q=         1.0000 1e-30 m^2  Cq=         0.9316 MHz  eta= 0.77751

     C   16    Vxx=    0.1044    axis=( -0.366873 -0.520200  0.771230)
     C   16    Vyy=    0.5082    axis=(  0.809792  0.229457  0.539987)
     C   16    Vzz=   -0.6126    axis=(  0.457865 -0.822643 -0.337072)
     C   16  Q=         1.0000 1e-30 m^2  Cq=        -1.4394 MHz  eta= 0.65924

     C   17    Vxx=   -0.0479    axis=( -0.382388 -0.499013  0.777666)
     C   17    Vyy=   -0.6359    axis=(  0.449870  0.634596  0.628415)
     C   17    Vzz=    0.6838    axis=( -0.807091  0.590147 -0.018171)
     C   17  Q=         1.0000 1e-30 m^2  Cq=         1.6067 MHz  eta= 0.85978

     Cl  18    Vxx=   -0.7303    axis=(  0.296141 -0.396819  0.868812)
     Cl  18    Vyy=   -1.9591    axis=(  0.619526  0.772120  0.141487)
     Cl  18    Vzz=    2.6894    axis=( -0.726972  0.496352  0.474496)
     Cl  18  Q=        -8.1650 1e-30 m^2  Cq=       -51.5949 MHz  eta= 0.45689

     H   19    Vxx=   -0.0207    axis=(  0.820023  0.380478  0.427550)
     H   19    Vyy=   -0.7363    axis=( -0.540074  0.267165  0.798087)
     H   19    Vzz=    0.7571    axis=(  0.189428 -0.885358  0.424568)
     H   19  Q=         1.0000 1e-30 m^2  Cq=         1.7788 MHz  eta= 0.94523

     C   20    Vxx=    0.0764    axis=(  0.484839  0.825159  0.289904)
     C   20    Vyy=    0.4386    axis=( -0.639049  0.107928  0.761557)
     C   20    Vzz=   -0.5149    axis=(  0.597117 -0.554495  0.579644)
     C   20  Q=         1.0000 1e-30 m^2  Cq=        -1.2099 MHz  eta= 0.70341

     H   21    Vxx=   -0.0373    axis=(  0.308131  0.872750 -0.378633)
     H   21    Vyy=   -0.8927    axis=( -0.273968  0.462542  0.843206)
     H   21    Vzz=    0.9300    axis=(  0.911042 -0.156085  0.381629)
     H   21  Q=         1.0000 1e-30 m^2  Cq=         2.1852 MHz  eta= 0.91970

     C   22    Vxx=    0.1189    axis=( -0.594387 -0.788835  0.156345)
     C   22    Vyy=    0.4888    axis=(  0.656061 -0.363224  0.661552)
     C   22    Vzz=   -0.6077    axis=( -0.465067  0.495790  0.733420)
     C   22  Q=         1.0000 1e-30 m^2  Cq=        -1.4280 MHz  eta= 0.60857

     C   23    Vxx=    0.0240    axis=( -0.123449  0.636225  0.761563)
     C   23    Vyy=    0.4483    axis=(  0.822229  0.495257 -0.280465)
     C   23    Vzz=   -0.4723    axis=( -0.555608  0.591556 -0.584261)
     C   23  Q=         1.0000 1e-30 m^2  Cq=        -1.1096 MHz  eta= 0.89842

     Cl  24    Vxx=   -0.5281    axis=(  0.623467  0.750556  0.218986)
     Cl  24    Vyy=   -1.5775    axis=(  0.376244 -0.533542  0.757478)
     Cl  24    Vzz=    2.1055    axis=( -0.685368  0.389871  0.615038)
     Cl  24  Q=        -8.1650 1e-30 m^2  Cq=       -40.3933 MHz  eta= 0.49840

     Initialization:
     gipaw_setup  :      9.42s CPU     11.14s WALL (       1 calls)

     Linear response

     Apply operators

     Induced current

     Other routines
     efg          :      9.78s CPU     12.54s WALL (       1 calls)

     General routines
     calbec       :      3.36s CPU      4.51s WALL (      16 calls)
     fft          :      1.43s CPU      1.73s WALL (      15 calls)
     ffts         :      0.04s CPU      0.05s WALL (       2 calls)
     fftw         :      3.68s CPU      4.62s WALL (     672 calls)
     davcio       :      0.01s CPU      0.31s WALL (      32 calls)

     Parallel routines
     fft_scatter  :      2.35s CPU      3.46s WALL (     689 calls)

     Plugins

     GIPAW        :     62.48s CPU     73.87s WALL (       1 calls)
