
     Program QE v.6.0 (svn rev. 13079) starts on 22Jan2017 at  0:52:28 

     This program is part of the open-source Quantum ESPRESSO suite
     for quantum simulation of materials; please cite
         "P. Giannozzi et al., J. Phys.:Condens. Matter 21 395502 (2009);
          URL http://www.quantum-espresso.org", 
     in publications or presentations arising from this work. More details at
     http://www.quantum-espresso.org/quote

     Parallel version (MPI), running on     8 processors
     R & G space division:  proc/nbgrp/npool/nimage =       8

     ***** This is GIPAW svn revision unknown      *****

     Parallelizing q-star over 1 images

     Reading data from directory:
     /users/majewski/paradichlorobenzene/pbe/9_constraint/scratch/pbe.ecut100.np8.dt60.pcl2phi-129368.save
     Message from routine read_xml_file:
     file /users/majewski/paradichlorobenzene/pbe/9_constraint/scratch/pbe.ecut100.np8.dt60.pcl2phi-129368.save not guaranteed to be safe for post-processing

   Info: using nr1, nr2, nr3 values from input

   Info: using nr1, nr2, nr3 values from input

     IMPORTANT: XC functional enforced from input :
     Exchange-correlation      =  SLA  PW   PBX  PBC ( 1  4  3  4 0 0)
     Any further DFT definition will be discarded
     Please, verify this is what you really want

               file C.pbe-n-kjpaw_psl.1.0.0.UPF: wavefunction(s)  2S 2P renormalized
               file Cl.pbe-n-kjpaw_psl.1.0.0.UPF: wavefunction(s)  3S 3P renormalized
               file H.pbe-kjpaw_psl.1.0.0.UPF: wavefunction(s)  1S renormalized

     Parallelization info
     --------------------
     sticks:   dense  smooth     PW     G-vecs:    dense   smooth      PW
     Min        3057    1223    332               144436    36536    5170
     Max        3059    1225    333               144437    36537    5171
     Sum       24467    9791   2657              1155489   292295   41363


     Subspace diagonalization in iterative solution of the eigenvalue problem:
     a serial algorithm will be used

     GIPAW projectors -----------------------------------------------
     atom=  C    l=0  rc=    1.2000  rs=    0.8000
     atom=  C    l=0  rc=    1.2000  rs=    0.8000
     atom=  C    l=1  rc=    1.4000  rs=    0.9333
     atom=  C    l=1  rc=    1.4000  rs=    0.9333
     projs nearly linearly dependent: l=1  n1,n2= 1, 2  s=  0.99951561

     atom=  Cl   l=0  rc=    1.6000  rs=    1.0667
     atom=  Cl   l=0  rc=    1.6000  rs=    1.0667
     atom=  Cl   l=1  rc=    1.6000  rs=    1.0667
     atom=  Cl   l=1  rc=    1.6000  rs=    1.0667
     atom=  Cl   l=2  rc=    1.6000  rs=    1.0667
     atom=  Cl   l=2  rc=    1.6000  rs=    1.0667
     projs nearly linearly dependent: l=2  n1,n2= 1, 2  s=  0.99993509

     atom=  H    l=0  rc=    1.0000  rs=    0.6667
     atom=  H    l=0  rc=    1.0000  rs=    0.6667
     projs nearly linearly dependent: l=0  n1,n2= 1, 2  s=  0.99968852
     -----------------------------------------------------------------

     GIPAW integrals: -------------------------------------------
     Atom  i/j   nmr_para   nmr_dia   epr_rmc  epr_para   epr_dia
       C   1 1   0.83E+03  0.17E-01  0.93E+01  0.24E+08  0.24E+03
       C   2 1   0.86E+03 -0.61E-01  0.94E+01  0.25E+08  0.25E+03
       C   2 2   0.90E+03 -0.15E+00  0.97E+01  0.26E+08  0.26E+03
       C   3 3   0.33E+01  0.34E+00  0.18E+01  0.55E+03  0.21E+02
       C   4 3   0.35E+01  0.37E+00  0.20E+01  0.59E+03  0.22E+02
       C   4 4   0.38E+01  0.39E+00  0.22E+01  0.63E+03  0.24E+02
       Cl  1 1   0.14E+04 -0.47E+00  0.84E+01  0.32E+09  0.42E+03
       Cl  2 1   0.21E+04 -0.37E+00  0.12E+02  0.49E+09  0.65E+03
       Cl  2 2   0.33E+04 -0.16E+00  0.21E+02  0.76E+09  0.10E+04
       Cl  3 3   0.21E+02  0.79E-01  0.89E+01  0.23E+05  0.13E+03
       Cl  4 3   0.24E+02  0.67E-01  0.99E+01  0.27E+05  0.15E+03
       Cl  4 4   0.28E+02  0.44E-01  0.11E+02  0.32E+05  0.18E+03
       Cl  5 5   0.77E+00  0.19E+00  0.18E+01  0.12E+03  0.22E+02
       Cl  6 5   0.80E+00  0.19E+00  0.19E+01  0.12E+03  0.23E+02
       Cl  6 6   0.83E+00  0.20E+00  0.19E+01  0.12E+03  0.23E+02
       H   1 1   0.39E+02  0.19E+00  0.29E+00  0.78E+05  0.13E+02
       H   2 1   0.41E+02  0.21E+00  0.32E+00  0.82E+05  0.14E+02
       H   2 2   0.43E+02  0.22E+00  0.36E+00  0.86E+05  0.15E+02
     ------------------------------------------------------------

     alpha_pv=     33.7203 eV

     Number of occupied bands for each k-point:
     k-point:     1    nbnd_occ=  42
     k-point:     2    nbnd_occ=  42
     k-point:     3    nbnd_occ=  42
     k-point:     4    nbnd_occ=  42
     k-point:     5    nbnd_occ=  42
     k-point:     6    nbnd_occ=  42
     k-point:     7    nbnd_occ=  42
     k-point:     8    nbnd_occ=  42
     k-point:     9    nbnd_occ=  42
     k-point:    10    nbnd_occ=  42
     k-point:    11    nbnd_occ=  42
     k-point:    12    nbnd_occ=  42
     k-point:    13    nbnd_occ=  42
     k-point:    14    nbnd_occ=  42
     k-point:    15    nbnd_occ=  42
     k-point:    16    nbnd_occ=  42


     q-space interpolation up to   110.00 Rydberg

     GIPAW job: efg                                                                             


     ELECTRIC FIELD GRADIENTS TENSORS IN Hartree/bohrradius^2:

     ----- bare term -----
     Cl   1       -0.041666        0.032113        0.058098
     Cl   1        0.032113        0.032623        0.128692
     Cl   1        0.058098        0.128692        0.009043

     C    2       -0.754365        0.294664       -0.346574
     C    2        0.294664        0.169896       -0.033857
     C    2       -0.346574       -0.033857        0.584468

     C    3        0.061197        0.007463       -0.191202
     C    3        0.007463       -0.434002       -0.416546
     C    3       -0.191202       -0.416546        0.372805

     H    4       -0.464022        0.049863       -0.371833
     H    4        0.049863        0.166779       -0.287655
     H    4       -0.371833       -0.287655        0.297243

     C    5       -0.868628        0.331548       -0.479235
     C    5        0.331548        0.331832        0.051816
     C    5       -0.479235        0.051816        0.536796

     H    6        0.426003       -0.055184       -0.086741
     H    6       -0.055184       -0.598073       -0.662058
     H    6       -0.086741       -0.662058        0.172070

     H    7        0.393653        0.196113       -0.057236
     H    7        0.196113       -0.645448        0.418805
     H    7       -0.057236        0.418805        0.251794

     C    8       -0.188709        0.116458       -0.405675
     C    8        0.116458       -0.043352        0.479986
     C    8       -0.405675        0.479986        0.232061

     H    9       -0.156327        0.173695       -0.445216
     H    9        0.173695        0.402135        0.020047
     H    9       -0.445216        0.020047       -0.245808

     C   10       -0.104641       -0.447884       -0.167952
     C   10       -0.447884       -0.322289        0.445313
     C   10       -0.167952        0.445313        0.426931

     C   11       -0.010245        0.355945       -0.414487
     C   11        0.355945       -0.109662        0.651061
     C   11       -0.414487        0.651061        0.119907

     Cl  12       -0.060904       -0.132652        0.107010
     Cl  12       -0.132652       -0.087797       -0.009574
     Cl  12        0.107010       -0.009574        0.148701

     H   13        0.456745       -0.004312        0.016435
     H   13       -0.004312       -0.443215       -0.637408
     H   13        0.016435       -0.637408       -0.013529

     C   14       -0.127632        0.026454       -0.262631
     C   14        0.026454       -0.247209       -0.276408
     C   14       -0.262631       -0.276408        0.374841

     H   15       -0.234580       -0.369438       -0.459313
     H   15       -0.369438        0.073062       -0.328788
     H   15       -0.459313       -0.328788        0.161518

     C   16       -0.742255        0.358470       -0.348708
     C   16        0.358470        0.309557       -0.052559
     C   16       -0.348708       -0.052559        0.432698

     C   17        0.000241       -0.148394       -0.333559
     C   17       -0.148394       -0.175631       -0.475450
     C   17       -0.333559       -0.475450        0.175390

     Cl  18       -0.188828        0.257145        0.034104
     Cl  18        0.257145        0.120703        0.114212
     Cl  18        0.034104        0.114212        0.068125

     H   19        0.497641       -0.041914       -0.195773
     H   19       -0.041914        0.017951        0.205869
     H   19       -0.195773        0.205869       -0.515592

     C   20       -0.390840       -0.317646        0.026645
     C   20       -0.317646        0.174892        0.178480
     C   20        0.026645        0.178480        0.215948

     H   21        0.177868        0.030274       -0.176042
     H   21        0.030274        0.199094       -0.206718
     H   21       -0.176042       -0.206718       -0.376962

     C   22        0.352334       -0.024564       -0.068847
     C   22       -0.024564       -0.139425        0.049901
     C   22       -0.068847        0.049901       -0.212909

     C   23       -0.403568       -0.372529       -0.280472
     C   23       -0.372529        0.090460        0.173824
     C   23       -0.280472        0.173824        0.313108

     Cl  24        0.194251        0.150961        0.067063
     Cl  24        0.150961       -0.319838       -0.317760
     Cl  24        0.067063       -0.317760        0.125587

     ----- ionic term -----
     Cl   1        0.123272       -0.233382        0.016858
     Cl   1       -0.233382        0.039193        0.000659
     Cl   1        0.016858        0.000659       -0.162465

     C    2        0.162933       -0.185672        0.265474
     C    2       -0.185672        0.176042        0.441263
     C    2        0.265474        0.441263       -0.338976

     C    3        0.099549       -0.227280        0.187307
     C    3       -0.227280        0.203937        0.454648
     C    3        0.187307        0.454648       -0.303486

     H    4        0.491605        0.288871        0.727779
     H    4        0.288871       -0.425664        0.274789
     H    4        0.727779        0.274789       -0.065941

     C    5        0.324047       -0.191973        0.227725
     C    5       -0.191973        0.039221        0.323285
     C    5        0.227725        0.323285       -0.363268

     H    6       -0.522250       -0.007148       -0.006888
     H    6       -0.007148        0.633400        0.733210
     H    6       -0.006888        0.733210       -0.111150

     H    7       -0.495012       -0.227664        0.151788
     H    7       -0.227664        0.653568       -0.674212
     H    7        0.151788       -0.674212       -0.158557

     C    8        0.125425        0.224277        0.349324
     C    8        0.224277        0.037463       -0.249053
     C    8        0.349324       -0.249053       -0.162888

     H    9        0.437660       -0.121204        0.785781
     H    9       -0.121204       -0.512256       -0.170743
     H    9        0.785781       -0.170743        0.074596

     C   10        0.002302        0.251821        0.237919
     C   10        0.251821        0.171043       -0.414309
     C   10        0.237919       -0.414309       -0.173345

     C   11        0.018296        0.208858        0.324264
     C   11        0.208858        0.088728       -0.415134
     C   11        0.324264       -0.415134       -0.107024

     Cl  12        0.104185        0.177605        0.000781
     Cl  12        0.177605        0.023021       -0.010959
     Cl  12        0.000781       -0.010959       -0.127206

     H   13       -0.505673        0.072161        0.060556
     H   13        0.072161        0.686979        0.695395
     H   13        0.060556        0.695395       -0.181306

     C   14        0.343952       -0.199045        0.227106
     C   14       -0.199045        0.024778        0.325790
     C   14        0.227106        0.325790       -0.368730

     H   15        0.695634        0.247551        0.667509
     H   15        0.247551       -0.465129        0.204858
     H   15        0.667509        0.204858       -0.230505

     C   16        0.238085       -0.257176        0.151395
     C   16       -0.257176        0.126485        0.385972
     C   16        0.151395        0.385972       -0.364570

     C   17        0.290564       -0.115740        0.275409
     C   17       -0.115740        0.047134        0.380264
     C   17        0.275409        0.380264       -0.337698

     Cl  18        0.152158       -0.175332        0.014719
     Cl  18       -0.175332       -0.016117       -0.003695
     Cl  18        0.014719       -0.003695       -0.136041

     H   19       -0.526525       -0.120337        0.094718
     H   19       -0.120337        0.562684       -0.734925
     H   19        0.094718       -0.734925       -0.036159

     C   20        0.089161        0.254095        0.347822
     C   20        0.254095        0.064267       -0.242857
     C   20        0.347822       -0.242857       -0.153428

     H   21       -0.013923       -0.068526        0.761477
     H   21       -0.068526       -0.483916       -0.165951
     H   21        0.761477       -0.165951        0.497839

     C   22       -0.119573        0.303649        0.238393
     C   22        0.303649        0.153002       -0.375449
     C   22        0.238393       -0.375449       -0.033429

     C   23        0.030077        0.308190        0.350035
     C   23        0.308190        0.069823       -0.365012
     C   23        0.350035       -0.365012       -0.099900

     Cl  24        0.087885        0.245224        0.021457
     Cl  24        0.245224        0.057105        0.010334
     Cl  24        0.021457        0.010334       -0.144991

     ----- GIPAW term -----
     Cl   1       -0.121143       -1.175605        0.524330
     Cl   1       -1.175605        1.053817        2.083500
     Cl   1        0.524330        2.083500       -0.932674

     C    2       -0.178140       -0.063824       -0.083485
     C    2       -0.063824        0.035731        0.190760
     C    2       -0.083485        0.190760        0.142410

     C    3       -0.104595       -0.075518       -0.064152
     C    3       -0.075518        0.021307        0.176911
     C    3       -0.064152        0.176911        0.083288

     H    4       -0.000000        0.000000        0.000000
     H    4        0.000000        0.000000        0.000000
     H    4        0.000000        0.000000        0.000000

     C    5       -0.212677       -0.036537       -0.113069
     C    5       -0.036537        0.147734        0.208610
     C    5       -0.113069        0.208610        0.064943

     H    6       -0.000000        0.000000        0.000000
     H    6        0.000000        0.000000        0.000000
     H    6        0.000000        0.000000        0.000000

     H    7       -0.000000        0.000000        0.000000
     H    7        0.000000        0.000000        0.000000
     H    7        0.000000        0.000000        0.000000

     C    8       -0.020883        0.138678       -0.084772
     C    8        0.138678        0.070413        0.069342
     C    8       -0.084772        0.069342       -0.049531

     H    9       -0.000000        0.000000        0.000000
     H    9        0.000000        0.000000        0.000000
     H    9        0.000000        0.000000        0.000000

     C   10        0.055088       -0.059656       -0.034440
     C   10       -0.059656       -0.083367        0.058221
     C   10       -0.034440        0.058221        0.028279

     C   11        0.141628        0.276865       -0.011015
     C   11        0.276865       -0.020981        0.129494
     C   11       -0.011015        0.129494       -0.120647

     Cl  12        1.198943        1.586219        0.877453
     Cl  12        1.586219       -0.614249       -0.100578
     Cl  12        0.877453       -0.100578       -0.584694

     H   13       -0.000000        0.000000        0.000000
     H   13        0.000000        0.000000        0.000000
     H   13        0.000000        0.000000        0.000000

     C   14       -0.111416       -0.047486       -0.065994
     C   14       -0.047486       -0.011161        0.147480
     C   14       -0.065994        0.147480        0.122577

     H   15       -0.000000        0.000000        0.000000
     H   15        0.000000        0.000000        0.000000
     H   15        0.000000        0.000000        0.000000

     C   16       -0.254337        0.001032       -0.083732
     C   16        0.001032        0.254455        0.153345
     C   16       -0.083732        0.153345       -0.000118

     C   17       -0.040277       -0.165516       -0.063206
     C   17       -0.165516        0.112490        0.104876
     C   17       -0.063206        0.104876       -0.072213

     Cl  18       -0.336387       -0.021081        0.504357
     Cl  18       -0.021081        1.785636        1.628315
     Cl  18        0.504357        1.628315       -1.449249

     H   19       -0.000000        0.000000        0.000000
     H   19        0.000000        0.000000        0.000000
     H   19        0.000000        0.000000        0.000000

     C   20       -0.092747        0.018360        0.051141
     C   20        0.018360        0.075909        0.109202
     C   20        0.051141        0.109202        0.016838

     H   21       -0.000000        0.000000        0.000000
     H   21        0.000000        0.000000        0.000000
     H   21        0.000000        0.000000        0.000000

     C   22        0.025841        0.007781       -0.000974
     C   22        0.007781        0.009495       -0.023925
     C   22       -0.000974       -0.023925       -0.035336

     C   23       -0.090683       -0.025947       -0.038924
     C   23       -0.025947        0.122583        0.105492
     C   23       -0.038924        0.105492       -0.031900

     Cl  24        0.175348        0.217650       -0.449221
     Cl  24        0.217650        0.658957        0.782027
     Cl  24       -0.449221        0.782027       -0.834305

     ----- total EFG -----
     Cl   1       -0.039537       -1.376875        0.599287
     Cl   1       -1.376875        1.125633        2.212850
     Cl   1        0.599287        2.212850       -1.086096

     C    2       -0.769571        0.045168       -0.164586
     C    2        0.045168        0.381669        0.598166
     C    2       -0.164586        0.598166        0.387902

     C    3        0.056151       -0.295335       -0.068048
     C    3       -0.295335       -0.208758        0.215013
     C    3       -0.068048        0.215013        0.152607

     H    4        0.027583        0.338734        0.355945
     H    4        0.338734       -0.258884       -0.012865
     H    4        0.355945       -0.012865        0.231302

     C    5       -0.757258        0.103038       -0.364578
     C    5        0.103038        0.518787        0.583710
     C    5       -0.364578        0.583710        0.238471

     H    6       -0.096247       -0.062332       -0.093629
     H    6       -0.062332        0.035327        0.071152
     H    6       -0.093629        0.071152        0.060920

     H    7       -0.101358       -0.031551        0.094552
     H    7       -0.031551        0.008121       -0.255407
     H    7        0.094552       -0.255407        0.093238

     C    8       -0.084167        0.479413       -0.141122
     C    8        0.479413        0.064525        0.300275
     C    8       -0.141122        0.300275        0.019642

     H    9        0.281332        0.052491        0.340566
     H    9        0.052491       -0.110121       -0.150696
     H    9        0.340566       -0.150696       -0.171212

     C   10       -0.047252       -0.255719        0.035526
     C   10       -0.255719       -0.234613        0.089225
     C   10        0.035526        0.089225        0.281865

     C   11        0.149678        0.841668       -0.101239
     C   11        0.841668       -0.041915        0.365421
     C   11       -0.101239        0.365421       -0.107763

     Cl  12        1.242225        1.631172        0.985245
     Cl  12        1.631172       -0.679025       -0.121111
     Cl  12        0.985245       -0.121111       -0.563200

     H   13       -0.048929        0.067849        0.076991
     H   13        0.067849        0.243764        0.057988
     H   13        0.076991        0.057988       -0.194835

     C   14        0.104904       -0.220076       -0.101519
     C   14       -0.220076       -0.233592        0.196861
     C   14       -0.101519        0.196861        0.128688

     H   15        0.461054       -0.121886        0.208196
     H   15       -0.121886       -0.392067       -0.123930
     H   15        0.208196       -0.123930       -0.068987

     C   16       -0.758507        0.102325       -0.281045
     C   16        0.102325        0.690497        0.486758
     C   16       -0.281045        0.486758        0.068010

     C   17        0.250528       -0.429650       -0.121355
     C   17       -0.429650       -0.016008        0.009690
     C   17       -0.121355        0.009690       -0.234521

     Cl  18       -0.373057        0.060733        0.553179
     Cl  18        0.060733        1.890223        1.738832
     Cl  18        0.553179        1.738832       -1.517166

     H   19       -0.028884       -0.162250       -0.101055
     H   19       -0.162250        0.580635       -0.529055
     H   19       -0.101055       -0.529055       -0.551751

     C   20       -0.394426       -0.045191        0.425608
     C   20       -0.045191        0.315068        0.044825
     C   20        0.425608        0.044825        0.079358

     H   21        0.163945       -0.038251        0.585435
     H   21       -0.038251       -0.284822       -0.372669
     H   21        0.585435       -0.372669        0.120877

     C   22        0.258603        0.286866        0.168571
     C   22        0.286866        0.023072       -0.349473
     C   22        0.168571       -0.349473       -0.281675

     C   23       -0.464174       -0.090286        0.030639
     C   23       -0.090286        0.282865       -0.085697
     C   23        0.030639       -0.085697        0.181309

     Cl  24        0.457484        0.613834       -0.360701
     Cl  24        0.613834        0.396224        0.474600
     Cl  24       -0.360701        0.474600       -0.853709

     ----- total EFG (symmetrized) -----
     Cl   1       -0.039537       -1.376875        0.599287
     Cl   1       -1.376875        1.125633        2.212850
     Cl   1        0.599287        2.212850       -1.086096

     C    2       -0.769571        0.045168       -0.164586
     C    2        0.045168        0.381669        0.598166
     C    2       -0.164586        0.598166        0.387902

     C    3        0.056151       -0.295335       -0.068048
     C    3       -0.295335       -0.208758        0.215013
     C    3       -0.068048        0.215013        0.152607

     H    4        0.027583        0.338734        0.355945
     H    4        0.338734       -0.258884       -0.012865
     H    4        0.355945       -0.012865        0.231302

     C    5       -0.757258        0.103038       -0.364578
     C    5        0.103038        0.518787        0.583710
     C    5       -0.364578        0.583710        0.238471

     H    6       -0.096247       -0.062332       -0.093629
     H    6       -0.062332        0.035327        0.071152
     H    6       -0.093629        0.071152        0.060920

     H    7       -0.101358       -0.031551        0.094552
     H    7       -0.031551        0.008121       -0.255407
     H    7        0.094552       -0.255407        0.093238

     C    8       -0.084167        0.479413       -0.141122
     C    8        0.479413        0.064525        0.300275
     C    8       -0.141122        0.300275        0.019642

     H    9        0.281332        0.052491        0.340566
     H    9        0.052491       -0.110121       -0.150696
     H    9        0.340566       -0.150696       -0.171212

     C   10       -0.047252       -0.255719        0.035526
     C   10       -0.255719       -0.234613        0.089225
     C   10        0.035526        0.089225        0.281865

     C   11        0.149678        0.841668       -0.101239
     C   11        0.841668       -0.041915        0.365421
     C   11       -0.101239        0.365421       -0.107763

     Cl  12        1.242225        1.631172        0.985245
     Cl  12        1.631172       -0.679025       -0.121111
     Cl  12        0.985245       -0.121111       -0.563200

     H   13       -0.048929        0.067849        0.076991
     H   13        0.067849        0.243764        0.057988
     H   13        0.076991        0.057988       -0.194835

     C   14        0.104904       -0.220076       -0.101519
     C   14       -0.220076       -0.233592        0.196861
     C   14       -0.101519        0.196861        0.128688

     H   15        0.461054       -0.121886        0.208196
     H   15       -0.121886       -0.392067       -0.123930
     H   15        0.208196       -0.123930       -0.068987

     C   16       -0.758507        0.102325       -0.281045
     C   16        0.102325        0.690497        0.486758
     C   16       -0.281045        0.486758        0.068010

     C   17        0.250528       -0.429650       -0.121355
     C   17       -0.429650       -0.016008        0.009690
     C   17       -0.121355        0.009690       -0.234521

     Cl  18       -0.373057        0.060733        0.553179
     Cl  18        0.060733        1.890223        1.738832
     Cl  18        0.553179        1.738832       -1.517166

     H   19       -0.028884       -0.162250       -0.101055
     H   19       -0.162250        0.580635       -0.529055
     H   19       -0.101055       -0.529055       -0.551751

     C   20       -0.394426       -0.045191        0.425608
     C   20       -0.045191        0.315068        0.044825
     C   20        0.425608        0.044825        0.079358

     H   21        0.163945       -0.038251        0.585435
     H   21       -0.038251       -0.284822       -0.372669
     H   21        0.585435       -0.372669        0.120877

     C   22        0.258603        0.286866        0.168571
     C   22        0.286866        0.023072       -0.349473
     C   22        0.168571       -0.349473       -0.281675

     C   23       -0.464174       -0.090286        0.030639
     C   23       -0.090286        0.282865       -0.085697
     C   23        0.030639       -0.085697        0.181309

     Cl  24        0.457484        0.613834       -0.360701
     Cl  24        0.613834        0.396224        0.474600
     Cl  24       -0.360701        0.474600       -0.853709


     NQR/NMR SPECTROSCOPIC PARAMETERS:
     Cl   1    Vxx=    0.2107    axis=( -0.859081 -0.064870 -0.507713)
     Cl   1    Vyy=    2.7830    axis=( -0.319387  0.843065  0.432704)
     Cl   1    Vzz=   -2.9937    axis=( -0.399965 -0.533885  0.744980)
     Cl   1  Q=        -8.1650 1e-30 m^2  Cq=        57.4320 MHz  eta= 0.85926

     C    2    Vxx=   -0.1768    axis=( -0.239976 -0.700497  0.672098)
     C    2    Vyy=   -0.8103    axis=( -0.969555  0.138186 -0.202159)
     C    2    Vzz=    0.9871    axis=(  0.048737 -0.700149 -0.712331)
     C    2  Q=         1.0000 1e-30 m^2  Cq=         2.3193 MHz  eta= 0.64183

     C    3    Vxx=    0.0473    axis=(  0.663261 -0.149167  0.733372)
     C    3    Vyy=    0.3904    axis=( -0.581993  0.513262  0.630751)
     C    3    Vzz=   -0.4377    axis=( -0.470499 -0.845170  0.253612)
     C    3  Q=         1.0000 1e-30 m^2  Cq=        -1.0284 MHz  eta= 0.78372

     H    4    Vxx=   -0.0050    axis=( -0.446192 -0.627565  0.638024)
     H    4    Vyy=   -0.5473    axis=(  0.613417 -0.733571 -0.292563)
     H    4    Vzz=    0.5522    axis=(  0.651639  0.260835  0.712272)
     H    4  Q=         1.0000 1e-30 m^2  Cq=         1.2975 MHz  eta= 0.98201

     C    5    Vxx=   -0.0526    axis=( -0.434055 -0.604289  0.668155)
     C    5    Vyy=   -0.9390    axis=( -0.896627  0.217744 -0.385548)
     C    5    Vzz=    0.9917    axis=(  0.087496 -0.766435 -0.636335)
     C    5  Q=         1.0000 1e-30 m^2  Cq=         2.3300 MHz  eta= 0.89391

     H    6    Vxx=   -0.0232    axis=( -0.076144 -0.801579  0.593021)
     H    6    Vyy=   -0.1447    axis=( -0.917372 -0.176714 -0.356652)
     H    6    Vzz=    0.1679    axis=(  0.390680 -0.571177 -0.721890)
     H    6  Q=         1.0000 1e-30 m^2  Cq=         0.3945 MHz  eta= 0.72323

     H    7    Vxx=   -0.1081    axis=( -0.918237 -0.390753 -0.064451)
     H    7    Vyy=   -0.2214    axis=(  0.335070 -0.679779 -0.652402)
     H    7    Vzz=    0.3296    axis=(  0.211115 -0.620655  0.755127)
     H    7  Q=         1.0000 1e-30 m^2  Cq=         0.7744 MHz  eta= 0.34376

     C    8    Vxx=    0.1173    axis=( -0.528419  0.027690  0.848532)
     C    8    Vyy=    0.5205    axis=(  0.544006  0.778365  0.313377)
     C    8    Vzz=   -0.6378    axis=( -0.651790  0.627201 -0.426367)
     C    8  Q=         1.0000 1e-30 m^2  Cq=        -1.4986 MHz  eta= 0.63210

     H    9    Vxx=   -0.0338    axis=(  0.248150  0.896217 -0.367719)
     H    9    Vyy=   -0.4313    axis=( -0.413181  0.441252  0.796604)
     H    9    Vzz=    0.4651    axis=(  0.876187 -0.045743  0.479796)
     H    9  Q=         1.0000 1e-30 m^2  Cq=         1.0928 MHz  eta= 0.85484

     C   10    Vxx=    0.1286    axis=(  0.825449 -0.549631  0.128603)
     C   10    Vyy=    0.2971    axis=(  0.032804 -0.180733 -0.982985)
     C   10    Vzz=   -0.4256    axis=(  0.563522  0.815623 -0.131156)
     C   10  Q=         1.0000 1e-30 m^2  Cq=        -1.0001 MHz  eta= 0.39594

     C   11    Vxx=    0.0055    axis=( -0.383809  0.174794  0.906718)
     C   11    Vyy=    0.9300    axis=( -0.712325 -0.680884 -0.170265)
     C   11    Vzz=   -0.9355    axis=(  0.587609 -0.711227  0.385839)
     C   11  Q=         1.0000 1e-30 m^2  Cq=        -2.1981 MHz  eta= 0.98817

     Cl  12    Vxx=   -0.4870    axis=(  0.002375 -0.518860  0.854856)
     Cl  12    Vyy=   -1.9080    axis=( -0.517582  0.730807  0.445005)
     Cl  12    Vzz=    2.3950    axis=(  0.855630  0.443515  0.266817)
     Cl  12  Q=        -8.1650 1e-30 m^2  Cq=       -45.9464 MHz  eta= 0.59335

     H   13    Vxx=   -0.0410    axis=(  0.896126 -0.283110  0.341771)
     H   13    Vyy=   -0.2295    axis=( -0.372230 -0.060114  0.926192)
     H   13    Vzz=    0.2705    axis=( -0.241669 -0.957202 -0.159252)
     H   13  Q=         1.0000 1e-30 m^2  Cq=         0.6357 MHz  eta= 0.69690

     C   14    Vxx=    0.0163    axis=( -0.696569  0.049592 -0.715774)
     C   14    Vyy=    0.3638    axis=( -0.627240  0.442289  0.641054)
     C   14    Vzz=   -0.3801    axis=( -0.348370 -0.895500  0.276979)
     C   14  Q=         1.0000 1e-30 m^2  Cq=        -0.8931 MHz  eta= 0.91448

     H   15    Vxx=   -0.1216    axis=( -0.371135 -0.243327  0.896131)
     H   15    Vyy=   -0.4372    axis=(  0.063473  0.956151  0.285912)
     H   15    Vzz=    0.5588    axis=( -0.926407  0.162992 -0.339416)
     H   15  Q=         1.0000 1e-30 m^2  Cq=         1.3129 MHz  eta= 0.56490

     C   16    Vxx=   -0.0716    axis=( -0.394335 -0.456467  0.797583)
     C   16    Vyy=   -0.8866    axis=( -0.918554  0.169772 -0.356981)
     C   16    Vzz=    0.9583    axis=(  0.027543 -0.873393 -0.486237)
     C   16  Q=         1.0000 1e-30 m^2  Cq=         2.2515 MHz  eta= 0.85053

     C   17    Vxx=   -0.2136    axis=( -0.186487 -0.448367  0.874180)
     C   17    Vyy=   -0.3667    axis=( -0.564869 -0.679079 -0.468802)
     C   17    Vzz=    0.5803    axis=( -0.803832  0.581222  0.126629)
     C   17  Q=         1.0000 1e-30 m^2  Cq=         1.3635 MHz  eta= 0.26383

     Cl  18    Vxx=   -0.2781    axis=(  0.966878 -0.175613  0.185220)
     Cl  18    Vyy=   -2.3674    axis=(  0.238608  0.364251 -0.900215)
     Cl  18    Vzz=    2.6455    axis=(  0.090622  0.914594  0.394089)
     Cl  18  Q=        -8.1650 1e-30 m^2  Cq=       -50.7523 MHz  eta= 0.78974

     H   19    Vxx=   -0.0135    axis=(  0.970206  0.054801 -0.236004)
     H   19    Vyy=   -0.7917    axis=( -0.199368 -0.372920 -0.906191)
     H   19    Vzz=    0.8052    axis=( -0.137670  0.926244 -0.350884)
     H   19  Q=         1.0000 1e-30 m^2  Cq=         1.8918 MHz  eta= 0.96655

     C   20    Vxx=    0.3077    axis=(  0.341122 -0.810156  0.476743)
     C   20    Vyy=    0.3409    axis=(  0.379996  0.582723  0.718357)
     C   20    Vzz=   -0.6486    axis=(  0.859790  0.063887 -0.506636)
     C   20  Q=         1.0000 1e-30 m^2  Cq=        -1.5239 MHz  eta= 0.05109

     H   21    Vxx=   -0.1658    axis=( -0.612005 -0.733026  0.296854)
     H   21    Vyy=   -0.6408    axis=(  0.438606 -0.626941 -0.643870)
     H   21    Vzz=    0.8066    axis=(  0.658084 -0.263849  0.705201)
     H   21  Q=         1.0000 1e-30 m^2  Cq=         1.8953 MHz  eta= 0.58881

     C   22    Vxx=    0.1584    axis=( -0.520489  0.560339 -0.644292)
     C   22    Vyy=    0.4569    axis=( -0.787133 -0.607305  0.107711)
     C   22    Vzz=   -0.6153    axis=( -0.330927  0.563206  0.757157)
     C   22  Q=         1.0000 1e-30 m^2  Cq=        -1.4457 MHz  eta= 0.48500

     C   23    Vxx=    0.1330    axis=( -0.028180  0.483318  0.874991)
     C   23    Vyy=    0.3426    axis=( -0.115477  0.867904 -0.483122)
     C   23    Vzz=   -0.4756    axis=( -0.992910 -0.114656  0.031355)
     C   23  Q=         1.0000 1e-30 m^2  Cq=        -1.1174 MHz  eta= 0.44073

     Cl  24    Vxx=    0.1577    axis=( -0.622185  0.599649  0.503295)
     Cl  24    Vyy=    1.0441    axis=( -0.710264 -0.702755 -0.040749)
     Cl  24    Vzz=   -1.2018    axis=(  0.329258 -0.382825  0.863153)
     Cl  24  Q=        -8.1650 1e-30 m^2  Cq=        23.0559 MHz  eta= 0.73763

     Initialization:
     gipaw_setup  :      8.93s CPU     10.96s WALL (       1 calls)

     Linear response

     Apply operators

     Induced current

     Other routines
     efg          :      9.13s CPU     11.30s WALL (       1 calls)

     General routines
     calbec       :      3.17s CPU      3.89s WALL (      16 calls)
     fft          :      1.48s CPU      2.14s WALL (      15 calls)
     ffts         :      0.04s CPU      0.05s WALL (       2 calls)
     fftw         :      3.24s CPU      4.06s WALL (     672 calls)
     davcio       :      0.02s CPU      0.34s WALL (      32 calls)

     Parallel routines
     fft_scatter  :      2.16s CPU      3.46s WALL (     689 calls)

     Plugins

     GIPAW        :     61.11s CPU     72.38s WALL (       1 calls)
