
     Program QE v.6.0 (svn rev. 13079) starts on  3Jan2017 at 19:54:41 

     This program is part of the open-source Quantum ESPRESSO suite
     for quantum simulation of materials; please cite
         "P. Giannozzi et al., J. Phys.:Condens. Matter 21 395502 (2009);
          URL http://www.quantum-espresso.org", 
     in publications or presentations arising from this work. More details at
     http://www.quantum-espresso.org/quote

     Parallel version (MPI), running on     8 processors
     R & G space division:  proc/nbgrp/npool/nimage =       8

     ***** This is GIPAW svn revision unknown      *****

     Parallelizing q-star over 1 images

     Reading data from directory:
     /users/majewski/paradichlorobenzene/pbe/9_constraint/scratch/pbe.ecut100.np8.dt60.pcl2phi-129368.save
     Message from routine read_xml_file:
     file /users/majewski/paradichlorobenzene/pbe/9_constraint/scratch/pbe.ecut100.np8.dt60.pcl2phi-129368.save not guaranteed to be safe for post-processing

   Info: using nr1, nr2, nr3 values from input

   Info: using nr1, nr2, nr3 values from input

     IMPORTANT: XC functional enforced from input :
     Exchange-correlation      =  SLA  PW   PBX  PBC ( 1  4  3  4 0 0)
     Any further DFT definition will be discarded
     Please, verify this is what you really want

               file C.pbe-n-kjpaw_psl.1.0.0.UPF: wavefunction(s)  2S 2P renormalized
               file Cl.pbe-n-kjpaw_psl.1.0.0.UPF: wavefunction(s)  3S 3P renormalized
               file H.pbe-kjpaw_psl.1.0.0.UPF: wavefunction(s)  1S renormalized

     Parallelization info
     --------------------
     sticks:   dense  smooth     PW     G-vecs:    dense   smooth      PW
     Min        3057    1223    332               144436    36536    5170
     Max        3059    1225    333               144437    36537    5171
     Sum       24467    9791   2657              1155489   292295   41363


     Subspace diagonalization in iterative solution of the eigenvalue problem:
     a serial algorithm will be used

     GIPAW projectors -----------------------------------------------
     atom=  C    l=0  rc=    1.2000  rs=    0.8000
     atom=  C    l=0  rc=    1.2000  rs=    0.8000
     atom=  C    l=1  rc=    1.4000  rs=    0.9333
     atom=  C    l=1  rc=    1.4000  rs=    0.9333
     projs nearly linearly dependent: l=1  n1,n2= 1, 2  s=  0.99951561

     atom=  Cl   l=0  rc=    1.6000  rs=    1.0667
     atom=  Cl   l=0  rc=    1.6000  rs=    1.0667
     atom=  Cl   l=1  rc=    1.6000  rs=    1.0667
     atom=  Cl   l=1  rc=    1.6000  rs=    1.0667
     atom=  Cl   l=2  rc=    1.6000  rs=    1.0667
     atom=  Cl   l=2  rc=    1.6000  rs=    1.0667
     projs nearly linearly dependent: l=2  n1,n2= 1, 2  s=  0.99993509

     atom=  H    l=0  rc=    1.0000  rs=    0.6667
     atom=  H    l=0  rc=    1.0000  rs=    0.6667
     projs nearly linearly dependent: l=0  n1,n2= 1, 2  s=  0.99968852
     -----------------------------------------------------------------

     GIPAW integrals: -------------------------------------------
     Atom  i/j   nmr_para   nmr_dia   epr_rmc  epr_para   epr_dia
       C   1 1   0.83E+03  0.17E-01  0.93E+01  0.24E+08  0.24E+03
       C   2 1   0.86E+03 -0.61E-01  0.94E+01  0.25E+08  0.25E+03
       C   2 2   0.90E+03 -0.15E+00  0.97E+01  0.26E+08  0.26E+03
       C   3 3   0.33E+01  0.34E+00  0.18E+01  0.55E+03  0.21E+02
       C   4 3   0.35E+01  0.37E+00  0.20E+01  0.59E+03  0.22E+02
       C   4 4   0.38E+01  0.39E+00  0.22E+01  0.63E+03  0.24E+02
       Cl  1 1   0.14E+04 -0.47E+00  0.84E+01  0.32E+09  0.42E+03
       Cl  2 1   0.21E+04 -0.37E+00  0.12E+02  0.49E+09  0.65E+03
       Cl  2 2   0.33E+04 -0.16E+00  0.21E+02  0.76E+09  0.10E+04
       Cl  3 3   0.21E+02  0.79E-01  0.89E+01  0.23E+05  0.13E+03
       Cl  4 3   0.24E+02  0.67E-01  0.99E+01  0.27E+05  0.15E+03
       Cl  4 4   0.28E+02  0.44E-01  0.11E+02  0.32E+05  0.18E+03
       Cl  5 5   0.77E+00  0.19E+00  0.18E+01  0.12E+03  0.22E+02
       Cl  6 5   0.80E+00  0.19E+00  0.19E+01  0.12E+03  0.23E+02
       Cl  6 6   0.83E+00  0.20E+00  0.19E+01  0.12E+03  0.23E+02
       H   1 1   0.39E+02  0.19E+00  0.29E+00  0.78E+05  0.13E+02
       H   2 1   0.41E+02  0.21E+00  0.32E+00  0.82E+05  0.14E+02
       H   2 2   0.43E+02  0.22E+00  0.36E+00  0.86E+05  0.15E+02
     ------------------------------------------------------------

     alpha_pv=     34.4631 eV

     Number of occupied bands for each k-point:
     k-point:     1    nbnd_occ=  42
     k-point:     2    nbnd_occ=  42
     k-point:     3    nbnd_occ=  42
     k-point:     4    nbnd_occ=  42
     k-point:     5    nbnd_occ=  42
     k-point:     6    nbnd_occ=  42
     k-point:     7    nbnd_occ=  42
     k-point:     8    nbnd_occ=  42
     k-point:     9    nbnd_occ=  42
     k-point:    10    nbnd_occ=  42
     k-point:    11    nbnd_occ=  42
     k-point:    12    nbnd_occ=  42
     k-point:    13    nbnd_occ=  42
     k-point:    14    nbnd_occ=  42
     k-point:    15    nbnd_occ=  42
     k-point:    16    nbnd_occ=  42


     q-space interpolation up to   110.00 Rydberg

     GIPAW job: efg                                                                             


     ELECTRIC FIELD GRADIENTS TENSORS IN Hartree/bohrradius^2:

     ----- bare term -----
     Cl   1       -0.020656        0.120427       -0.014955
     Cl   1        0.120427        0.149188        0.014360
     Cl   1       -0.014955        0.014360       -0.128532

     C    2       -0.789451        0.360987       -0.295562
     C    2        0.360987        0.280886       -0.047561
     C    2       -0.295562       -0.047561        0.508566

     C    3        0.184976        0.378707        0.006761
     C    3        0.378707       -0.570856       -0.514594
     C    3        0.006761       -0.514594        0.385880

     H    4       -0.430372       -0.132580       -0.558144
     H    4       -0.132580        0.161566       -0.344943
     H    4       -0.558144       -0.344943        0.268807

     C    5       -0.796757        0.257320       -0.413646
     C    5        0.257320        0.367513       -0.215627
     C    5       -0.413646       -0.215627        0.429244

     H    6        0.314953       -0.024485       -0.222430
     H    6       -0.024485       -0.510876       -0.579576
     H    6       -0.222430       -0.579576        0.195923

     H    7        0.393287        0.172387        0.021909
     H    7        0.172387       -0.631485       -0.240947
     H    7        0.021909       -0.240947        0.238198

     C    8       -0.044526        0.141668       -0.160871
     C    8        0.141668       -0.113469        0.004373
     C    8       -0.160871        0.004373        0.157995

     H    9       -0.151336        0.405002        0.058618
     H    9        0.405002       -0.154799       -0.195661
     H    9        0.058618       -0.195661        0.306135

     C   10        0.038599       -0.079380        0.239718
     C   10       -0.079380       -0.076535       -0.235452
     C   10        0.239718       -0.235452        0.037936

     C   11        0.046923        0.141971       -0.148808
     C   11        0.141971       -0.024967        0.189322
     C   11       -0.148808        0.189322       -0.021955

     Cl  12        0.036817       -0.234036       -0.016943
     Cl  12       -0.234036        0.080058       -0.207175
     Cl  12       -0.016943       -0.207175       -0.116875

     H   13        0.405507       -0.121333       -0.134404
     H   13       -0.121333       -0.110643       -0.549888
     H   13       -0.134404       -0.549888       -0.294864

     C   14        0.192269        0.109024       -0.073415
     C   14        0.109024       -0.358076       -0.301656
     C   14       -0.073415       -0.301656        0.165807

     H   15        0.102807       -0.122646       -0.320838
     H   15       -0.122646        0.196180       -0.386843
     H   15       -0.320838       -0.386843       -0.298987

     C   16       -0.450419        0.283710       -0.245156
     C   16        0.283710        0.343552       -0.180301
     C   16       -0.245156       -0.180301        0.106867

     C   17        0.368588        0.095551       -0.084115
     C   17        0.095551       -0.543458       -0.449833
     C   17       -0.084115       -0.449833        0.174870

     Cl  18       -0.158178        0.222309        0.005957
     Cl  18        0.222309       -0.012430        0.035334
     Cl  18        0.005957        0.035334        0.170608

     H   19       -0.025591        0.206527       -0.031286
     H   19        0.206527       -0.336478        0.454900
     H   19       -0.031286        0.454900        0.362069

     C   20       -0.479206       -0.322513       -0.021408
     C   20       -0.322513        0.112677        0.364412
     C   20       -0.021408        0.364412        0.366528

     H   21       -0.666064       -0.112614       -0.138240
     H   21       -0.112614        0.320323        0.227699
     H   21       -0.138240        0.227699        0.345741

     C   22        0.035599        0.227118       -0.363092
     C   22        0.227118       -0.149226        0.618068
     C   22       -0.363092        0.618068        0.113627

     C   23       -0.513361       -0.424768       -0.171696
     C   23       -0.424768        0.106493        0.292304
     C   23       -0.171696        0.292304        0.406869

     Cl  24       -0.004646        0.144983       -0.006788
     Cl  24        0.144983        0.070404        0.093148
     Cl  24       -0.006788        0.093148       -0.065757

     ----- ionic term -----
     Cl   1        0.162249       -0.231809        0.072457
     Cl   1       -0.231809        0.006155       -0.036222
     Cl   1        0.072457       -0.036222       -0.168404

     C    2        0.130175       -0.263569        0.345827
     C    2       -0.263569        0.137439        0.349775
     C    2        0.345827        0.349775       -0.267614

     C    3        0.115077       -0.302462        0.243030
     C    3       -0.302462        0.203228        0.374957
     C    3        0.243030        0.374957       -0.318305

     H    4        0.470020        0.300822        0.726872
     H    4        0.300822       -0.380852        0.287462
     H    4        0.726872        0.287462       -0.089168

     C    5        0.290597       -0.208456        0.369052
     C    5       -0.208456        0.008585        0.302539
     C    5        0.369052        0.302539       -0.299182

     H    6       -0.505390        0.042526        0.042333
     H    6        0.042526        0.578770        0.744910
     H    6        0.042333        0.744910       -0.073380

     H    7       -0.501147       -0.148315        0.058525
     H    7       -0.148315        0.823882       -0.578732
     H    7        0.058525       -0.578732       -0.322735

     C    8        0.456223        0.125595        0.130714
     C    8        0.125595        0.052924       -0.285534
     C    8        0.130714       -0.285534       -0.509147

     H    9        0.655962       -0.428827        0.563758
     H    9       -0.428827       -0.320872       -0.265835
     H    9        0.563758       -0.265835       -0.335090

     C   10        0.242253        0.168511        0.088013
     C   10        0.168511        0.212751       -0.367436
     C   10        0.088013       -0.367436       -0.455004

     C   11        0.231738        0.100343        0.111907
     C   11        0.100343        0.238661       -0.336414
     C   11        0.111907       -0.336414       -0.470399

     Cl  12        0.123614        0.181414       -0.008378
     Cl  12        0.181414        0.032890       -0.018268
     Cl  12       -0.008378       -0.018268       -0.156504

     H   13       -0.515102        0.141604        0.119778
     H   13        0.141604        0.600167        0.727507
     H   13        0.119778        0.727507       -0.085065

     C   14        0.224449       -0.207705        0.333603
     C   14       -0.207705        0.033046        0.290750
     C   14        0.333603        0.290750       -0.257494

     H   15        0.372336        0.381843        0.768721
     H   15        0.381843       -0.380618        0.350344
     H   15        0.768721        0.350344        0.008282

     C   16        0.065012       -0.227672        0.228113
     C   16       -0.227672        0.195754        0.438309
     C   16        0.228113        0.438309       -0.260766

     C   17        0.165559       -0.163477        0.295673
     C   17       -0.163477        0.084887        0.470666
     C   17        0.295673        0.470666       -0.250446

     Cl  18        0.120378       -0.199180       -0.023017
     Cl  18       -0.199180        0.013239        0.011023
     Cl  18       -0.023017        0.011023       -0.133617

     H   19       -0.473511       -0.248279        0.068539
     H   19       -0.248279        0.937504       -0.406429
     H   19        0.068539       -0.406429       -0.463993

     C   20        0.350067        0.095432        0.092342
     C   20        0.095432        0.166672       -0.249147
     C   20        0.092342       -0.249147       -0.516740

     H   21        0.722299       -0.357009        0.521103
     H   21       -0.357009       -0.354555       -0.223298
     H   21        0.521103       -0.223298       -0.367744

     C   22        0.214778        0.192320        0.081325
     C   22        0.192320        0.258239       -0.346405
     C   22        0.081325       -0.346405       -0.473017

     C   23        0.380157        0.131256        0.167381
     C   23        0.131256        0.141564       -0.311311
     C   23        0.167381       -0.311311       -0.521721

     Cl  24        0.171842        0.242406       -0.001890
     Cl  24        0.242406       -0.021106       -0.010677
     Cl  24       -0.001890       -0.010677       -0.150736

     ----- GIPAW term -----
     Cl   1        0.565921       -0.413793       -0.064313
     Cl   1       -0.413793        2.151302        0.095645
     Cl   1       -0.064313        0.095645       -2.717223

     C    2       -0.138447        0.044281        0.037946
     C    2        0.044281        0.066906        0.159058
     C    2        0.037946        0.159058        0.071540

     C    3       -0.056790        0.088815        0.069028
     C    3        0.088815        0.011329        0.137126
     C    3        0.069028        0.137126        0.045462

     H    4       -0.000000        0.000000        0.000000
     H    4        0.000000        0.000000        0.000000
     H    4        0.000000        0.000000        0.000000

     C    5       -0.071096        0.050428        0.036919
     C    5        0.050428        0.025967        0.041191
     C    5        0.036919        0.041191        0.045129

     H    6       -0.000000        0.000000        0.000000
     H    6        0.000000        0.000000        0.000000
     H    6        0.000000        0.000000        0.000000

     H    7       -0.000000        0.000000        0.000000
     H    7        0.000000        0.000000        0.000000
     H    7        0.000000        0.000000        0.000000

     C    8       -0.008160        0.019682        0.002874
     C    8        0.019682       -0.001259        0.028790
     C    8        0.002874        0.028790        0.009419

     H    9       -0.000000        0.000000        0.000000
     H    9        0.000000        0.000000        0.000000
     H    9        0.000000        0.000000        0.000000

     C   10        0.023350        0.011696        0.023492
     C   10        0.011696        0.003234       -0.042339
     C   10        0.023492       -0.042339       -0.026584

     C   11        0.008406        0.030374       -0.014265
     C   11        0.030374       -0.002488        0.022662
     C   11       -0.014265        0.022662       -0.005919

     Cl  12       -0.708265        0.414497       -0.081422
     Cl  12        0.414497       -0.565956        1.072474
     Cl  12       -0.081422        1.072474        1.274221

     H   13       -0.000000        0.000000        0.000000
     H   13        0.000000        0.000000        0.000000
     H   13        0.000000        0.000000        0.000000

     C   14       -0.023977        0.005062        0.004836
     C   14        0.005062       -0.029480        0.100212
     C   14        0.004836        0.100212        0.053457

     H   15       -0.000000        0.000000        0.000000
     H   15        0.000000        0.000000        0.000000
     H   15        0.000000        0.000000        0.000000

     C   16       -0.060911        0.019785        0.004068
     C   16        0.019785        0.036123        0.014908
     C   16        0.004068        0.014908        0.024789

     C   17        0.004284       -0.015337        0.022395
     C   17       -0.015337       -0.004483        0.089259
     C   17        0.022395        0.089259        0.000199

     Cl  18       -0.956484       -0.397750        0.524366
     Cl  18       -0.397750        0.239575        2.190947
     Cl  18        0.524366        2.190947        0.716910

     H   19       -0.000000        0.000000        0.000000
     H   19        0.000000        0.000000        0.000000
     H   19        0.000000        0.000000        0.000000

     C   20       -0.075668        0.117568        0.106405
     C   20        0.117568        0.108302        0.152380
     C   20        0.106405        0.152380       -0.032635

     H   21       -0.000000        0.000000        0.000000
     H   21        0.000000        0.000000        0.000000
     H   21        0.000000        0.000000        0.000000

     C   22        0.002311        0.236483       -0.092434
     C   22        0.236483        0.111284        0.054985
     C   22       -0.092434        0.054985       -0.113595

     C   23       -0.117606        0.072481        0.020676
     C   23        0.072481        0.165513        0.140628
     C   23        0.020676        0.140628       -0.047907

     Cl  24        0.950986        3.132915        0.222946
     Cl  24        3.132915        0.888193        1.019557
     Cl  24        0.222946        1.019557       -1.839180

     ----- total EFG -----
     Cl   1        0.707514       -0.525175       -0.006811
     Cl   1       -0.525175        2.306645        0.073784
     Cl   1       -0.006811        0.073784       -3.014158

     C    2       -0.797723        0.141698        0.088211
     C    2        0.141698        0.485231        0.461272
     C    2        0.088211        0.461272        0.312492

     C    3        0.243263        0.165061        0.318818
     C    3        0.165061       -0.356299       -0.002510
     C    3        0.318818       -0.002510        0.113036

     H    4        0.039647        0.168242        0.168728
     H    4        0.168242       -0.219286       -0.057481
     H    4        0.168728       -0.057481        0.179639

     C    5       -0.577256        0.099292       -0.007675
     C    5        0.099292        0.402065        0.128103
     C    5       -0.007675        0.128103        0.175191

     H    6       -0.190438        0.018041       -0.180096
     H    6        0.018041        0.067895        0.165335
     H    6       -0.180096        0.165335        0.122543

     H    7       -0.107860        0.024071        0.080434
     H    7        0.024071        0.192397       -0.819679
     H    7        0.080434       -0.819679       -0.084537

     C    8        0.403537        0.286945       -0.027283
     C    8        0.286945       -0.061804       -0.252371
     C    8       -0.027283       -0.252371       -0.341733

     H    9        0.504626       -0.023825        0.622375
     H    9       -0.023825       -0.475671       -0.461496
     H    9        0.622375       -0.461496       -0.028955

     C   10        0.304202        0.100827        0.351222
     C   10        0.100827        0.139450       -0.645227
     C   10        0.351222       -0.645227       -0.443652

     C   11        0.287067        0.272688       -0.051165
     C   11        0.272688        0.211206       -0.124430
     C   11       -0.051165       -0.124430       -0.498273

     Cl  12       -0.547835        0.361874       -0.106743
     Cl  12        0.361874       -0.453007        0.847031
     Cl  12       -0.106743        0.847031        1.000842

     H   13       -0.109595        0.020271       -0.014627
     H   13        0.020271        0.489524        0.177620
     H   13       -0.014627        0.177620       -0.379929

     C   14        0.392740       -0.093619        0.265024
     C   14       -0.093619       -0.354510        0.089307
     C   14        0.265024        0.089307       -0.038230

     H   15        0.475143        0.259197        0.447884
     H   15        0.259197       -0.184438       -0.036500
     H   15        0.447884       -0.036500       -0.290704

     C   16       -0.446319        0.075823       -0.012975
     C   16        0.075823        0.575429        0.272916
     C   16       -0.012975        0.272916       -0.129110

     C   17        0.538430       -0.083263        0.233952
     C   17       -0.083263       -0.463054        0.110092
     C   17        0.233952        0.110092       -0.075376

     Cl  18       -0.994285       -0.374621        0.507306
     Cl  18       -0.374621        0.240384        2.237305
     Cl  18        0.507306        2.237305        0.753901

     H   19       -0.499102       -0.041752        0.037253
     H   19       -0.041752        0.601026        0.048470
     H   19        0.037253        0.048470       -0.101924

     C   20       -0.204806       -0.109513        0.177339
     C   20       -0.109513        0.387652        0.267645
     C   20        0.177339        0.267645       -0.182846

     H   21        0.056235       -0.469624        0.382864
     H   21       -0.469624       -0.034232        0.004401
     H   21        0.382864        0.004401       -0.022003

     C   22        0.252687        0.655921       -0.374200
     C   22        0.655921        0.220297        0.326647
     C   22       -0.374200        0.326647       -0.472984

     C   23       -0.250810       -0.221030        0.016361
     C   23       -0.221030        0.413569        0.121622
     C   23        0.016361        0.121622       -0.162759

     Cl  24        1.118182        3.520305        0.214268
     Cl  24        3.520305        0.937491        1.102027
     Cl  24        0.214268        1.102027       -2.055673

     ----- total EFG (symmetrized) -----
     Cl   1        0.707514       -0.525175       -0.006811
     Cl   1       -0.525175        2.306645        0.073784
     Cl   1       -0.006811        0.073784       -3.014158

     C    2       -0.797723        0.141698        0.088211
     C    2        0.141698        0.485231        0.461272
     C    2        0.088211        0.461272        0.312492

     C    3        0.243263        0.165061        0.318818
     C    3        0.165061       -0.356299       -0.002510
     C    3        0.318818       -0.002510        0.113036

     H    4        0.039647        0.168242        0.168728
     H    4        0.168242       -0.219286       -0.057481
     H    4        0.168728       -0.057481        0.179639

     C    5       -0.577256        0.099292       -0.007675
     C    5        0.099292        0.402065        0.128103
     C    5       -0.007675        0.128103        0.175191

     H    6       -0.190438        0.018041       -0.180096
     H    6        0.018041        0.067895        0.165335
     H    6       -0.180096        0.165335        0.122543

     H    7       -0.107860        0.024071        0.080434
     H    7        0.024071        0.192397       -0.819679
     H    7        0.080434       -0.819679       -0.084537

     C    8        0.403537        0.286945       -0.027283
     C    8        0.286945       -0.061804       -0.252371
     C    8       -0.027283       -0.252371       -0.341733

     H    9        0.504626       -0.023825        0.622375
     H    9       -0.023825       -0.475671       -0.461496
     H    9        0.622375       -0.461496       -0.028955

     C   10        0.304202        0.100827        0.351222
     C   10        0.100827        0.139450       -0.645227
     C   10        0.351222       -0.645227       -0.443652

     C   11        0.287067        0.272688       -0.051165
     C   11        0.272688        0.211206       -0.124430
     C   11       -0.051165       -0.124430       -0.498273

     Cl  12       -0.547835        0.361874       -0.106743
     Cl  12        0.361874       -0.453007        0.847031
     Cl  12       -0.106743        0.847031        1.000842

     H   13       -0.109595        0.020271       -0.014627
     H   13        0.020271        0.489524        0.177620
     H   13       -0.014627        0.177620       -0.379929

     C   14        0.392740       -0.093619        0.265024
     C   14       -0.093619       -0.354510        0.089307
     C   14        0.265024        0.089307       -0.038230

     H   15        0.475143        0.259197        0.447884
     H   15        0.259197       -0.184438       -0.036500
     H   15        0.447884       -0.036500       -0.290704

     C   16       -0.446319        0.075823       -0.012975
     C   16        0.075823        0.575429        0.272916
     C   16       -0.012975        0.272916       -0.129110

     C   17        0.538430       -0.083263        0.233952
     C   17       -0.083263       -0.463054        0.110092
     C   17        0.233952        0.110092       -0.075376

     Cl  18       -0.994285       -0.374621        0.507306
     Cl  18       -0.374621        0.240384        2.237305
     Cl  18        0.507306        2.237305        0.753901

     H   19       -0.499102       -0.041752        0.037253
     H   19       -0.041752        0.601026        0.048470
     H   19        0.037253        0.048470       -0.101924

     C   20       -0.204806       -0.109513        0.177339
     C   20       -0.109513        0.387652        0.267645
     C   20        0.177339        0.267645       -0.182846

     H   21        0.056235       -0.469624        0.382864
     H   21       -0.469624       -0.034232        0.004401
     H   21        0.382864        0.004401       -0.022003

     C   22        0.252687        0.655921       -0.374200
     C   22        0.655921        0.220297        0.326647
     C   22       -0.374200        0.326647       -0.472984

     C   23       -0.250810       -0.221030        0.016361
     C   23       -0.221030        0.413569        0.121622
     C   23        0.016361        0.121622       -0.162759

     Cl  24        1.118182        3.520305        0.214268
     Cl  24        3.520305        0.937491        1.102027
     Cl  24        0.214268        1.102027       -2.055673


     NQR/NMR SPECTROSCOPIC PARAMETERS:
     Cl   1    Vxx=    0.5505    axis=(  0.958115  0.286356  0.004096)
     Cl   1    Vyy=    2.4647    axis=( -0.286385  0.958023  0.013258)
     Cl   1    Vzz=   -3.0152    axis=( -0.000128 -0.013876  0.999904)
     Cl   1  Q=        -8.1650 1e-30 m^2  Cq=        57.8447 MHz  eta= 0.63483

     C    2    Vxx=   -0.0698    axis=( -0.029882 -0.634384  0.772441)
     C    2    Vyy=   -0.8147    axis=( -0.994751  0.094539  0.039160)
     C    2    Vzz=    0.8844    axis=( -0.097869 -0.767216 -0.633879)
     C    2  Q=         1.0000 1e-30 m^2  Cq=         2.0780 MHz  eta= 0.84227

     C    3    Vxx=   -0.1063    axis=( -0.531069 -0.358354  0.767820)
     C    3    Vyy=   -0.4158    axis=(  0.329107 -0.922258 -0.202803)
     C    3    Vzz=    0.5221    axis=(  0.780804  0.144992  0.607719)
     C    3  Q=         1.0000 1e-30 m^2  Cq=         1.2266 MHz  eta= 0.59274

     H    4    Vxx=    0.0381    axis=(  0.641050  0.540611 -0.544789)
     H    4    Vyy=    0.2971    axis=(  0.591784  0.103828  0.799382)
     H    4    Vzz=   -0.3352    axis=(  0.488719 -0.834841 -0.253366)
     H    4  Q=         1.0000 1e-30 m^2  Cq=        -0.7876 MHz  eta= 0.77246

     C    5    Vxx=    0.1207    axis=( -0.066135 -0.394015  0.916722)
     C    5    Vyy=    0.4671    axis=(  0.083901  0.913283  0.398590)
     C    5    Vzz=   -0.5878    axis=( -0.994277  0.103275 -0.027341)
     C    5  Q=         1.0000 1e-30 m^2  Cq=        -1.3810 MHz  eta= 0.58935

     H    6    Vxx=   -0.0035    axis=(  0.456552  0.797658 -0.394084)
     H    6    Vyy=   -0.2950    axis=( -0.847228  0.254566 -0.466262)
     H    6    Vzz=    0.2984    axis=( -0.271597  0.546752  0.792021)
     H    6  Q=         1.0000 1e-30 m^2  Cq=         0.7012 MHz  eta= 0.97679

     H    7    Vxx=   -0.1003    axis=( -0.993034 -0.098680 -0.064394)
     H    7    Vyy=   -0.7861    axis=( -0.112869  0.639679  0.760310)
     H    7    Vzz=    0.8864    axis=(  0.033836 -0.762282  0.646360)
     H    7  Q=         1.0000 1e-30 m^2  Cq=         2.0826 MHz  eta= 0.77379

     C    8    Vxx=   -0.0523    axis=( -0.466337  0.688013 -0.556029)
     C    8    Vyy=   -0.5090    axis=( -0.150887  0.557484  0.816361)
     C    8    Vzz=    0.5614    axis=(  0.871644  0.464597 -0.156163)
     C    8  Q=         1.0000 1e-30 m^2  Cq=         1.3190 MHz  eta= 0.81353

     H    9    Vxx=   -0.1177    axis=(  0.553028  0.644247 -0.528305)
     H    9    Vyy=   -0.8530    axis=( -0.270226  0.738514  0.617717)
     H    9    Vzz=    0.9706    axis=( -0.788123  0.198853 -0.582512)
     H    9  Q=         1.0000 1e-30 m^2  Cq=         2.2806 MHz  eta= 0.75752

     C   10    Vxx=    0.3507    axis=(  0.860962  0.507681 -0.031698)
     C   10    Vyy=    0.6069    axis=( -0.432017  0.696905 -0.572438)
     C   10    Vzz=   -0.9577    axis=( -0.268525  0.506541  0.819335)
     C   10  Q=         1.0000 1e-30 m^2  Cq=        -2.2501 MHz  eta= 0.26754

     C   11    Vxx=   -0.0190    axis=(  0.671500 -0.731512  0.118230)
     C   11    Vyy=   -0.5195    axis=( -0.006618 -0.165467 -0.986193)
     C   11    Vzz=    0.5385    axis=(  0.740975  0.661446 -0.115952)
     C   11  Q=         1.0000 1e-30 m^2  Cq=         1.2652 MHz  eta= 0.92943

     Cl  12    Vxx=   -0.2949    axis=(  0.825821  0.500768 -0.259327)
     Cl  12    Vyy=   -1.0968    axis=( -0.563195  0.755867 -0.333881)
     Cl  12    Vzz=    1.3917    axis=(  0.028820  0.421778  0.906241)
     Cl  12  Q=        -8.1650 1e-30 m^2  Cq=       -26.6985 MHz  eta= 0.57622

     H   13    Vxx=   -0.1090    axis=(  0.997862 -0.014911 -0.063638)
     H   13    Vyy=   -0.4159    axis=(  0.059564 -0.193445  0.979301)
     H   13    Vzz=    0.5249    axis=( -0.026912 -0.980998 -0.192143)
     H   13  Q=         1.0000 1e-30 m^2  Cq=         1.2332 MHz  eta= 0.58479

     C   14    Vxx=   -0.1063    axis=( -0.358205  0.432718  0.827311)
     C   14    Vyy=   -0.4151    axis=(  0.226541  0.899914 -0.372605)
     C   14    Vzz=    0.5213    axis=( -0.905742  0.053950 -0.420382)
     C   14  Q=         1.0000 1e-30 m^2  Cq=         1.2249 MHz  eta= 0.59232

     H   15    Vxx=   -0.1780    axis=( -0.041770  0.889960 -0.454122)
     H   15    Vyy=   -0.5572    axis=( -0.447161  0.389805  0.805046)
     H   15    Vzz=    0.7351    axis=(  0.893478  0.236692  0.381673)
     H   15  Q=         1.0000 1e-30 m^2  Cq=         1.7273 MHz  eta= 0.51579

     C   16    Vxx=   -0.2167    axis=( -0.154905 -0.308530  0.938517)
     C   16    Vyy=   -0.4562    axis=(  0.986086 -0.106291  0.127814)
     C   16    Vzz=    0.6729    axis=(  0.060322  0.945257  0.320702)
     C   16  Q=         1.0000 1e-30 m^2  Cq=         1.5810 MHz  eta= 0.35592

     C   17    Vxx=   -0.1066    axis=( -0.280939  0.342540  0.896515)
     C   17    Vyy=   -0.5126    axis=(  0.144128  0.938602 -0.313455)
     C   17    Vzz=    0.6192    axis=( -0.948842  0.041152 -0.313059)
     C   17  Q=         1.0000 1e-30 m^2  Cq=         1.4549 MHz  eta= 0.65562

     Cl  18    Vxx=   -0.6533    axis=( -0.871896  0.386683 -0.300456)
     Cl  18    Vyy=   -2.1004    axis=( -0.488420 -0.642515  0.590441)
     Cl  18    Vzz=    2.7537    axis=(  0.035266  0.661552  0.749070)
     Cl  18  Q=        -8.1650 1e-30 m^2  Cq=       -52.8282 MHz  eta= 0.52549

     H   19    Vxx=   -0.1012    axis=( -0.099555  0.062622 -0.993060)
     H   19    Vyy=   -0.5045    axis=(  0.994401  0.041811 -0.097053)
     H   19    Vzz=    0.6057    axis=( -0.035443  0.997161  0.066433)
     H   19  Q=         1.0000 1e-30 m^2  Cq=         1.4232 MHz  eta= 0.66571

     C   20    Vxx=   -0.0388    axis=(  0.771774 -0.183842  0.608742)
     C   20    Vyy=   -0.4568    axis=(  0.633385  0.307249 -0.710227)
     C   20    Vzz=    0.4956    axis=( -0.056466  0.933702  0.353570)
     C   20  Q=         1.0000 1e-30 m^2  Cq=         1.1645 MHz  eta= 0.84326

     H   21    Vxx=   -0.0226    axis=(  0.008400 -0.631009 -0.775730)
     H   21    Vyy=   -0.5963    axis=(  0.680421  0.572081 -0.457985)
     H   21    Vzz=    0.6189    axis=( -0.732773  0.523976 -0.434158)
     H   21  Q=         1.0000 1e-30 m^2  Cq=         1.4541 MHz  eta= 0.92706

     C   22    Vxx=    0.0486    axis=( -0.483940  0.542345  0.686778)
     C   22    Vyy=    0.8940    axis=( -0.724174 -0.688796  0.033647)
     C   22    Vzz=   -0.9426    axis=(  0.491298 -0.481064  0.726088)
     C   22  Q=         1.0000 1e-30 m^2  Cq=        -2.2147 MHz  eta= 0.89678

     C   23    Vxx=   -0.1651    axis=(  0.345673 -0.064712  0.936121)
     C   23    Vyy=   -0.3342    axis=(  0.897058  0.315492 -0.309440)
     C   23    Vzz=    0.4993    axis=( -0.275314  0.946719  0.167107)
     C   23  Q=         1.0000 1e-30 m^2  Cq=         1.1732 MHz  eta= 0.33859

     Cl  24    Vxx=   -1.6858    axis=( -0.512907  0.361132  0.778788)
     Cl  24    Vyy=   -2.9911    axis=( -0.495789  0.615992 -0.612166)
     Cl  24    Vzz=    4.6768    axis=(  0.700800  0.700098  0.136901)
     Cl  24  Q=        -8.1650 1e-30 m^2  Cq=       -89.7224 MHz  eta= 0.27910

     Initialization:
     gipaw_setup  :      9.13s CPU     11.18s WALL (       1 calls)

     Linear response

     Apply operators

     Induced current

     Other routines
     efg          :      9.30s CPU     11.96s WALL (       1 calls)

     General routines
     calbec       :      3.32s CPU      4.61s WALL (      16 calls)
     fft          :      1.89s CPU      2.86s WALL (      15 calls)
     ffts         :      0.03s CPU      0.04s WALL (       2 calls)
     fftw         :      3.19s CPU      3.87s WALL (     672 calls)
     davcio       :      0.02s CPU      0.32s WALL (      32 calls)

     Parallel routines
     fft_scatter  :      2.43s CPU      4.00s WALL (     689 calls)

     Plugins

     GIPAW        :     61.26s CPU     73.20s WALL (       1 calls)
