
     Program QE v.6.0 (svn rev. 13079) starts on  1Jan2017 at  5: 7:30 

     This program is part of the open-source Quantum ESPRESSO suite
     for quantum simulation of materials; please cite
         "P. Giannozzi et al., J. Phys.:Condens. Matter 21 395502 (2009);
          URL http://www.quantum-espresso.org", 
     in publications or presentations arising from this work. More details at
     http://www.quantum-espresso.org/quote

     Parallel version (MPI), running on     8 processors
     R & G space division:  proc/nbgrp/npool/nimage =       8

     ***** This is GIPAW svn revision unknown      *****

     Parallelizing q-star over 1 images

     Reading data from directory:
     /users/majewski/paradichlorobenzene/pbe/9_constraint/scratch/pbe.ecut100.np8.dt60.pcl2phi-129368.save
     Message from routine read_xml_file:
     file /users/majewski/paradichlorobenzene/pbe/9_constraint/scratch/pbe.ecut100.np8.dt60.pcl2phi-129368.save not guaranteed to be safe for post-processing

   Info: using nr1, nr2, nr3 values from input

   Info: using nr1, nr2, nr3 values from input

     IMPORTANT: XC functional enforced from input :
     Exchange-correlation      =  SLA  PW   PBX  PBC ( 1  4  3  4 0 0)
     Any further DFT definition will be discarded
     Please, verify this is what you really want

               file C.pbe-n-kjpaw_psl.1.0.0.UPF: wavefunction(s)  2S 2P renormalized
               file Cl.pbe-n-kjpaw_psl.1.0.0.UPF: wavefunction(s)  3S 3P renormalized
               file H.pbe-kjpaw_psl.1.0.0.UPF: wavefunction(s)  1S renormalized

     Parallelization info
     --------------------
     sticks:   dense  smooth     PW     G-vecs:    dense   smooth      PW
     Min        3057    1223    332               144436    36536    5170
     Max        3059    1225    333               144437    36537    5171
     Sum       24467    9791   2657              1155489   292295   41363


     Subspace diagonalization in iterative solution of the eigenvalue problem:
     a serial algorithm will be used

     GIPAW projectors -----------------------------------------------
     atom=  C    l=0  rc=    1.2000  rs=    0.8000
     atom=  C    l=0  rc=    1.2000  rs=    0.8000
     atom=  C    l=1  rc=    1.4000  rs=    0.9333
     atom=  C    l=1  rc=    1.4000  rs=    0.9333
     projs nearly linearly dependent: l=1  n1,n2= 1, 2  s=  0.99951561

     atom=  Cl   l=0  rc=    1.6000  rs=    1.0667
     atom=  Cl   l=0  rc=    1.6000  rs=    1.0667
     atom=  Cl   l=1  rc=    1.6000  rs=    1.0667
     atom=  Cl   l=1  rc=    1.6000  rs=    1.0667
     atom=  Cl   l=2  rc=    1.6000  rs=    1.0667
     atom=  Cl   l=2  rc=    1.6000  rs=    1.0667
     projs nearly linearly dependent: l=2  n1,n2= 1, 2  s=  0.99993509

     atom=  H    l=0  rc=    1.0000  rs=    0.6667
     atom=  H    l=0  rc=    1.0000  rs=    0.6667
     projs nearly linearly dependent: l=0  n1,n2= 1, 2  s=  0.99968852
     -----------------------------------------------------------------

     GIPAW integrals: -------------------------------------------
     Atom  i/j   nmr_para   nmr_dia   epr_rmc  epr_para   epr_dia
       C   1 1   0.83E+03  0.17E-01  0.93E+01  0.24E+08  0.24E+03
       C   2 1   0.86E+03 -0.61E-01  0.94E+01  0.25E+08  0.25E+03
       C   2 2   0.90E+03 -0.15E+00  0.97E+01  0.26E+08  0.26E+03
       C   3 3   0.33E+01  0.34E+00  0.18E+01  0.55E+03  0.21E+02
       C   4 3   0.35E+01  0.37E+00  0.20E+01  0.59E+03  0.22E+02
       C   4 4   0.38E+01  0.39E+00  0.22E+01  0.63E+03  0.24E+02
       Cl  1 1   0.14E+04 -0.47E+00  0.84E+01  0.32E+09  0.42E+03
       Cl  2 1   0.21E+04 -0.37E+00  0.12E+02  0.49E+09  0.65E+03
       Cl  2 2   0.33E+04 -0.16E+00  0.21E+02  0.76E+09  0.10E+04
       Cl  3 3   0.21E+02  0.79E-01  0.89E+01  0.23E+05  0.13E+03
       Cl  4 3   0.24E+02  0.67E-01  0.99E+01  0.27E+05  0.15E+03
       Cl  4 4   0.28E+02  0.44E-01  0.11E+02  0.32E+05  0.18E+03
       Cl  5 5   0.77E+00  0.19E+00  0.18E+01  0.12E+03  0.22E+02
       Cl  6 5   0.80E+00  0.19E+00  0.19E+01  0.12E+03  0.23E+02
       Cl  6 6   0.83E+00  0.20E+00  0.19E+01  0.12E+03  0.23E+02
       H   1 1   0.39E+02  0.19E+00  0.29E+00  0.78E+05  0.13E+02
       H   2 1   0.41E+02  0.21E+00  0.32E+00  0.82E+05  0.14E+02
       H   2 2   0.43E+02  0.22E+00  0.36E+00  0.86E+05  0.15E+02
     ------------------------------------------------------------

     alpha_pv=     33.8599 eV

     Number of occupied bands for each k-point:
     k-point:     1    nbnd_occ=  42
     k-point:     2    nbnd_occ=  42
     k-point:     3    nbnd_occ=  42
     k-point:     4    nbnd_occ=  42
     k-point:     5    nbnd_occ=  42
     k-point:     6    nbnd_occ=  42
     k-point:     7    nbnd_occ=  42
     k-point:     8    nbnd_occ=  42
     k-point:     9    nbnd_occ=  42
     k-point:    10    nbnd_occ=  42
     k-point:    11    nbnd_occ=  42
     k-point:    12    nbnd_occ=  42
     k-point:    13    nbnd_occ=  42
     k-point:    14    nbnd_occ=  42
     k-point:    15    nbnd_occ=  42
     k-point:    16    nbnd_occ=  42


     q-space interpolation up to   110.00 Rydberg

     GIPAW job: efg                                                                             


     ELECTRIC FIELD GRADIENTS TENSORS IN Hartree/bohrradius^2:

     ----- bare term -----
     Cl   1       -0.164183        0.131230        0.002498
     Cl   1        0.131230        0.078509       -0.049097
     Cl   1        0.002498       -0.049097        0.085674

     C    2       -0.015177       -0.100740       -0.369823
     C    2       -0.100740       -0.426807       -0.397466
     C    2       -0.369823       -0.397466        0.441984

     C    3       -0.581802        0.308960       -0.351181
     C    3        0.308960        0.010350       -0.136642
     C    3       -0.351181       -0.136642        0.571452

     H    4       -0.176967       -0.276725       -0.513625
     H    4       -0.276725        0.244728       -0.367249
     H    4       -0.513625       -0.367249       -0.067761

     C    5       -0.086928        0.069494       -0.200297
     C    5        0.069494       -0.356804       -0.240639
     C    5       -0.200297       -0.240639        0.443731

     H    6        0.436749        0.056408        0.116689
     H    6        0.056408       -0.215217       -0.639931
     H    6        0.116689       -0.639931       -0.221532

     H    7        0.474602        0.021123        0.036575
     H    7        0.021123       -0.087628        0.499275
     H    7        0.036575        0.499275       -0.386974

     C    8       -0.298073       -0.246320       -0.220863
     C    8       -0.246320       -0.210703        0.412597
     C    8       -0.220863        0.412597        0.508776

     H    9        0.080107        0.042181       -0.456053
     H    9        0.042181        0.305680       -0.218851
     H    9       -0.456053       -0.218851       -0.385787

     C   10       -0.032559       -0.238636       -0.126052
     C   10       -0.238636       -0.089630        0.204837
     C   10       -0.126052        0.204837        0.122189

     C   11        0.031166       -0.054374       -0.174782
     C   11       -0.054374       -0.116759        0.095063
     C   11       -0.174782        0.095063        0.085593

     Cl  12       -0.006712       -0.058322       -0.005960
     Cl  12       -0.058322        0.013799       -0.052131
     Cl  12       -0.005960       -0.052131       -0.007088

     H   13        0.405770       -0.291274        0.134354
     H   13       -0.291274       -0.564650        0.161030
     H   13        0.134354        0.161030        0.158880

     C   14       -0.369499        0.180854       -0.156731
     C   14        0.180854        0.167271        0.066070
     C   14       -0.156731        0.066070        0.202228

     H   15       -0.472957       -0.258249        0.253689
     H   15       -0.258249        0.297677       -0.026421
     H   15        0.253689       -0.026421        0.175280

     C   16        0.155510       -0.093318        0.179532
     C   16       -0.093318       -0.219672       -0.161152
     C   16        0.179532       -0.161152        0.064162

     C   17       -0.606777        0.155709       -0.195247
     C   17        0.155709        0.117558       -0.165276
     C   17       -0.195247       -0.165276        0.489219

     Cl  18       -0.039846        0.007697        0.053090
     Cl  18        0.007697       -0.033322        0.059675
     Cl  18        0.053090        0.059675        0.073168

     H   19        0.181921        0.287433       -0.047124
     H   19        0.287433       -0.460687        0.404340
     H   19       -0.047124        0.404340        0.278766

     C   20       -0.258099       -0.295829       -0.325400
     C   20       -0.295829       -0.185147        0.283744
     C   20       -0.325400        0.283744        0.443246

     H   21       -0.554945        0.342996       -0.256068
     H   21        0.342996        0.297023        0.118500
     H   21       -0.256068        0.118500        0.257922

     C   22       -0.243531       -0.286765       -0.312513
     C   22       -0.286765       -0.202770        0.511650
     C   22       -0.312513        0.511650        0.446301

     C   23       -0.342394        0.013837       -0.318862
     C   23        0.013837       -0.072801        0.591429
     C   23       -0.318862        0.591429        0.415195

     Cl  24       -0.052233       -0.060759        0.026779
     Cl  24       -0.060759       -0.033975        0.016003
     Cl  24        0.026779        0.016003        0.086208

     ----- ionic term -----
     Cl   1        0.127628       -0.195062       -0.046442
     Cl   1       -0.195062       -0.004563        0.032950
     Cl   1       -0.046442        0.032950       -0.123064

     C    2        0.271397       -0.078655        0.101270
     C    2       -0.078655        0.140040        0.436373
     C    2        0.101270        0.436373       -0.411436

     C    3        0.146311       -0.165566        0.143969
     C    3       -0.165566        0.196060        0.424815
     C    3        0.143969        0.424815       -0.342371

     H    4        0.642927        0.359347        0.673563
     H    4        0.359347       -0.433138        0.258036
     H    4        0.673563        0.258036       -0.209789

     C    5        0.295397       -0.148371        0.204114
     C    5       -0.148371        0.085880        0.315975
     C    5        0.204114        0.315975       -0.381276

     H    6       -0.524553        0.036544        0.042402
     H    6        0.036544        0.718287        0.675058
     H    6        0.042402        0.675058       -0.193735

     H    7       -0.517582       -0.082426        0.060190
     H    7       -0.082426        0.695829       -0.675283
     H    7        0.060190       -0.675283       -0.178247

     C    8        0.189982        0.209758        0.321021
     C    8        0.209758        0.158394       -0.256958
     C    8        0.321021       -0.256958       -0.348376

     H    9        0.670111       -0.214185        0.678378
     H    9       -0.214185       -0.430260       -0.201636
     H    9        0.678378       -0.201636       -0.239851

     C   10        0.102932        0.292937        0.244631
     C   10        0.292937        0.270488       -0.311007
     C   10        0.244631       -0.311007       -0.373420

     C   11        0.143360        0.206939        0.297715
     C   11        0.206939        0.130546       -0.347147
     C   11        0.297715       -0.347147       -0.273906

     Cl  12        0.150266        0.209310        0.026319
     Cl  12        0.209310       -0.017550        0.002416
     Cl  12        0.026319        0.002416       -0.132717

     H   13       -0.488818        0.105215        0.014915
     H   13        0.105215        0.780452        0.603945
     H   13        0.014915        0.603945       -0.291634

     C   14        0.372052       -0.085967        0.136987
     C   14       -0.085967        0.105772        0.274048
     C   14        0.136987        0.274048       -0.477823

     H   15        0.815304        0.386507        0.502956
     H   15        0.386507       -0.382677        0.187503
     H   15        0.502956        0.187503       -0.432627

     C   16        0.216525       -0.099124        0.155168
     C   16       -0.099124        0.241263        0.333180
     C   16        0.155168        0.333180       -0.457788

     C   17        0.186191       -0.064229        0.283604
     C   17       -0.064229        0.249130        0.348391
     C   17        0.283604        0.348391       -0.435321

     Cl  18        0.113505       -0.202114        0.019849
     Cl  18       -0.202114        0.054248       -0.007576
     Cl  18        0.019849       -0.007576       -0.167753

     H   19       -0.536063       -0.037343        0.038460
     H   19       -0.037343        0.401683       -0.783850
     H   19        0.038460       -0.783850        0.134380

     C   20        0.176449        0.275495        0.318903
     C   20        0.275495        0.054478       -0.260575
     C   20        0.318903       -0.260575       -0.230928

     H   21        0.639368       -0.262216        0.671795
     H   21       -0.262216       -0.448133       -0.218514
     H   21        0.671795       -0.218514       -0.191236

     C   22        0.121986        0.280735        0.250974
     C   22        0.280735        0.187590       -0.337519
     C   22        0.250974       -0.337519       -0.309575

     C   23        0.150977        0.178464        0.323248
     C   23        0.178464        0.131435       -0.375944
     C   23        0.323248       -0.375944       -0.282412

     Cl  24        0.128537        0.210197        0.030566
     Cl  24        0.210197        0.043240        0.009580
     Cl  24        0.030566        0.009580       -0.171777

     ----- GIPAW term -----
     Cl   1        0.559687       -1.970135       -0.022985
     Cl   1       -1.970135        0.804962       -0.351984
     Cl   1       -0.022985       -0.351984       -1.364649

     C    2       -0.041174       -0.149175       -0.112808
     C    2       -0.149175       -0.127795        0.080027
     C    2       -0.112808        0.080027        0.168969

     C    3       -0.224370        0.019638       -0.099782
     C    3        0.019638       -0.007975        0.113902
     C    3       -0.099782        0.113902        0.232345

     H    4       -0.000000        0.000000        0.000000
     H    4        0.000000        0.000000        0.000000
     H    4        0.000000        0.000000        0.000000

     C    5       -0.097342       -0.025318       -0.062013
     C    5       -0.025318       -0.150834        0.103864
     C    5       -0.062013        0.103864        0.248177

     H    6       -0.000000        0.000000        0.000000
     H    6        0.000000        0.000000        0.000000
     H    6        0.000000        0.000000        0.000000

     H    7       -0.000000        0.000000        0.000000
     H    7        0.000000        0.000000        0.000000
     H    7        0.000000        0.000000        0.000000

     C    8       -0.125815       -0.040145       -0.065074
     C    8       -0.040145       -0.152712        0.147445
     C    8       -0.065074        0.147445        0.278527

     H    9       -0.000000        0.000000        0.000000
     H    9        0.000000        0.000000        0.000000
     H    9        0.000000        0.000000        0.000000

     C   10       -0.046304       -0.041603       -0.074879
     C   10       -0.041603       -0.032642        0.077970
     C   10       -0.074879        0.077970        0.078946

     C   11        0.001526        0.010445       -0.037068
     C   11        0.010445       -0.018775        0.031217
     C   11       -0.037068        0.031217        0.017249

     Cl  12       -0.581645        0.807147       -0.871569
     Cl  12        0.807147       -0.760834        1.454259
     Cl  12       -0.871569        1.454259        1.342479

     H   13       -0.000000        0.000000        0.000000
     H   13        0.000000        0.000000        0.000000
     H   13        0.000000        0.000000        0.000000

     C   14       -0.030952        0.005223       -0.026670
     C   14        0.005223       -0.001879        0.027401
     C   14       -0.026670        0.027401        0.032831

     H   15       -0.000000        0.000000        0.000000
     H   15        0.000000        0.000000        0.000000
     H   15        0.000000        0.000000        0.000000

     C   16        0.006066       -0.023293        0.019961
     C   16       -0.023293       -0.004784        0.026620
     C   16        0.019961        0.026620       -0.001282

     C   17       -0.129819       -0.037408       -0.042738
     C   17       -0.037408       -0.071678        0.036105
     C   17       -0.042738        0.036105        0.201497

     Cl  18       -0.473798       -1.452636        0.317886
     Cl  18       -1.452636       -0.292039        1.972682
     Cl  18        0.317886        1.972682        0.765836

     H   19       -0.000000        0.000000        0.000000
     H   19        0.000000        0.000000        0.000000
     H   19        0.000000        0.000000        0.000000

     C   20       -0.030905       -0.113613       -0.165567
     C   20       -0.113613       -0.082470        0.143690
     C   20       -0.165567        0.143690        0.113374

     H   21       -0.000000        0.000000        0.000000
     H   21        0.000000        0.000000        0.000000
     H   21        0.000000        0.000000        0.000000

     C   22       -0.079426       -0.079687       -0.141504
     C   22       -0.079687       -0.032013        0.148781
     C   22       -0.141504        0.148781        0.111439

     C   23       -0.094244        0.086179       -0.089878
     C   23        0.086179       -0.056551        0.200844
     C   23       -0.089878        0.200844        0.150795

     Cl  24        1.199889        2.079779        0.184753
     Cl  24        2.079779       -0.142578        0.120712
     Cl  24        0.184753        0.120712       -1.057311

     ----- total EFG -----
     Cl   1        0.523132       -2.033968       -0.066929
     Cl   1       -2.033968        0.878908       -0.368130
     Cl   1       -0.066929       -0.368130       -1.402039

     C    2        0.215045       -0.328571       -0.381360
     C    2       -0.328571       -0.414562        0.118934
     C    2       -0.381360        0.118934        0.199517

     C    3       -0.659861        0.163032       -0.306994
     C    3        0.163032        0.198435        0.402076
     C    3       -0.306994        0.402076        0.461426

     H    4        0.465960        0.082622        0.159939
     H    4        0.082622       -0.188410       -0.109213
     H    4        0.159939       -0.109213       -0.277550

     C    5        0.111126       -0.104194       -0.058195
     C    5       -0.104194       -0.421758        0.179200
     C    5       -0.058195        0.179200        0.310632

     H    6       -0.087804        0.092952        0.159091
     H    6        0.092952        0.503071        0.035127
     H    6        0.159091        0.035127       -0.415266

     H    7       -0.042979       -0.061303        0.096765
     H    7       -0.061303        0.608201       -0.176008
     H    7        0.096765       -0.176008       -0.565221

     C    8       -0.233906       -0.076707        0.035083
     C    8       -0.076707       -0.205020        0.303084
     C    8        0.035083        0.303084        0.438926

     H    9        0.750218       -0.172004        0.222326
     H    9       -0.172004       -0.124580       -0.420487
     H    9        0.222326       -0.420487       -0.625638

     C   10        0.024068        0.012698        0.043699
     C   10        0.012698        0.148216       -0.028200
     C   10        0.043699       -0.028200       -0.172285

     C   11        0.176051        0.163009        0.085866
     C   11        0.163009       -0.004987       -0.220868
     C   11        0.085866       -0.220868       -0.171064

     Cl  12       -0.438090        0.958135       -0.851209
     Cl  12        0.958135       -0.764584        1.404544
     Cl  12       -0.851209        1.404544        1.202675

     H   13       -0.083048       -0.186059        0.149269
     H   13       -0.186059        0.215802        0.764975
     H   13        0.149269        0.764975       -0.132754

     C   14       -0.028399        0.100110       -0.046414
     C   14        0.100110        0.271163        0.367519
     C   14       -0.046414        0.367519       -0.242764

     H   15        0.342347        0.128258        0.756645
     H   15        0.128258       -0.085000        0.161082
     H   15        0.756645        0.161082       -0.257347

     C   16        0.378101       -0.215735        0.354661
     C   16       -0.215735        0.016807        0.198648
     C   16        0.354661        0.198648       -0.394908

     C   17       -0.550405        0.054071        0.045619
     C   17        0.054071        0.295010        0.219219
     C   17        0.045619        0.219219        0.255395

     Cl  18       -0.400139       -1.647053        0.390825
     Cl  18       -1.647053       -0.271113        2.024781
     Cl  18        0.390825        2.024781        0.671252

     H   19       -0.354141        0.250090       -0.008663
     H   19        0.250090       -0.059005       -0.379509
     H   19       -0.008663       -0.379509        0.413146

     C   20       -0.112555       -0.133947       -0.172065
     C   20       -0.133947       -0.213138        0.166858
     C   20       -0.172065        0.166858        0.325693

     H   21        0.084423        0.080780        0.415727
     H   21        0.080780       -0.151109       -0.100014
     H   21        0.415727       -0.100014        0.066686

     C   22       -0.200972       -0.085717       -0.203044
     C   22       -0.085717       -0.047193        0.322912
     C   22       -0.203044        0.322912        0.248165

     C   23       -0.285661        0.278480       -0.085492
     C   23        0.278480        0.002083        0.416330
     C   23       -0.085492        0.416330        0.283578

     Cl  24        1.276193        2.229217        0.242098
     Cl  24        2.229217       -0.133314        0.146294
     Cl  24        0.242098        0.146294       -1.142880

     ----- total EFG (symmetrized) -----
     Cl   1        0.523132       -2.033968       -0.066929
     Cl   1       -2.033968        0.878908       -0.368130
     Cl   1       -0.066929       -0.368130       -1.402039

     C    2        0.215045       -0.328571       -0.381360
     C    2       -0.328571       -0.414562        0.118934
     C    2       -0.381360        0.118934        0.199517

     C    3       -0.659861        0.163032       -0.306994
     C    3        0.163032        0.198435        0.402076
     C    3       -0.306994        0.402076        0.461426

     H    4        0.465960        0.082622        0.159939
     H    4        0.082622       -0.188410       -0.109213
     H    4        0.159939       -0.109213       -0.277550

     C    5        0.111126       -0.104194       -0.058195
     C    5       -0.104194       -0.421758        0.179200
     C    5       -0.058195        0.179200        0.310632

     H    6       -0.087804        0.092952        0.159091
     H    6        0.092952        0.503071        0.035127
     H    6        0.159091        0.035127       -0.415266

     H    7       -0.042979       -0.061303        0.096765
     H    7       -0.061303        0.608201       -0.176008
     H    7        0.096765       -0.176008       -0.565221

     C    8       -0.233906       -0.076707        0.035083
     C    8       -0.076707       -0.205020        0.303084
     C    8        0.035083        0.303084        0.438926

     H    9        0.750218       -0.172004        0.222326
     H    9       -0.172004       -0.124580       -0.420487
     H    9        0.222326       -0.420487       -0.625638

     C   10        0.024068        0.012698        0.043699
     C   10        0.012698        0.148216       -0.028200
     C   10        0.043699       -0.028200       -0.172285

     C   11        0.176051        0.163009        0.085866
     C   11        0.163009       -0.004987       -0.220868
     C   11        0.085866       -0.220868       -0.171064

     Cl  12       -0.438090        0.958135       -0.851209
     Cl  12        0.958135       -0.764584        1.404544
     Cl  12       -0.851209        1.404544        1.202675

     H   13       -0.083048       -0.186059        0.149269
     H   13       -0.186059        0.215802        0.764975
     H   13        0.149269        0.764975       -0.132754

     C   14       -0.028399        0.100110       -0.046414
     C   14        0.100110        0.271163        0.367519
     C   14       -0.046414        0.367519       -0.242764

     H   15        0.342347        0.128258        0.756645
     H   15        0.128258       -0.085000        0.161082
     H   15        0.756645        0.161082       -0.257347

     C   16        0.378101       -0.215735        0.354661
     C   16       -0.215735        0.016807        0.198648
     C   16        0.354661        0.198648       -0.394908

     C   17       -0.550405        0.054071        0.045619
     C   17        0.054071        0.295010        0.219219
     C   17        0.045619        0.219219        0.255395

     Cl  18       -0.400139       -1.647053        0.390825
     Cl  18       -1.647053       -0.271113        2.024781
     Cl  18        0.390825        2.024781        0.671252

     H   19       -0.354141        0.250090       -0.008663
     H   19        0.250090       -0.059005       -0.379509
     H   19       -0.008663       -0.379509        0.413146

     C   20       -0.112555       -0.133947       -0.172065
     C   20       -0.133947       -0.213138        0.166858
     C   20       -0.172065        0.166858        0.325693

     H   21        0.084423        0.080780        0.415727
     H   21        0.080780       -0.151109       -0.100014
     H   21        0.415727       -0.100014        0.066686

     C   22       -0.200972       -0.085717       -0.203044
     C   22       -0.085717       -0.047193        0.322912
     C   22       -0.203044        0.322912        0.248165

     C   23       -0.285661        0.278480       -0.085492
     C   23        0.278480        0.002083        0.416330
     C   23       -0.085492        0.416330        0.283578

     Cl  24        1.276193        2.229217        0.242098
     Cl  24        2.229217       -0.133314        0.146294
     Cl  24        0.242098        0.146294       -1.142880


     NQR/NMR SPECTROSCOPIC PARAMETERS:
     Cl   1    Vxx=   -1.0777    axis=(  0.578819  0.477311 -0.661168)
     Cl   1    Vyy=   -1.6774    axis=(  0.462434  0.475690  0.748247)
     Cl   1    Vzz=    2.7551    axis=(  0.671657 -0.738846  0.054614)
     Cl   1  Q=        -8.1650 1e-30 m^2  Cq=       -52.8556 MHz  eta= 0.21769

     C    2    Vxx=   -0.1253    axis=(  0.556259 -0.315863  0.768639)
     C    2    Vyy=   -0.5576    axis=( -0.418997 -0.905375 -0.068827)
     C    2    Vzz=    0.6829    axis=(  0.717647 -0.283772 -0.635969)
     C    2  Q=         1.0000 1e-30 m^2  Cq=         1.6046 MHz  eta= 0.63292

     C    3    Vxx=    0.0399    axis=(  0.390673  0.791309 -0.470324)
     C    3    Vyy=    0.7707    axis=(  0.115113 -0.548913 -0.827915)
     C    3    Vzz=   -0.8106    axis=( -0.913304  0.269304 -0.305535)
     C    3  Q=         1.0000 1e-30 m^2  Cq=        -1.9047 MHz  eta= 0.90145

     H    4    Vxx=   -0.1156    axis=( -0.028731 -0.841652  0.539256)
     H    4    Vyy=   -0.3884    axis=(  0.205203 -0.532955 -0.820884)
     H    4    Vzz=    0.5041    axis=(  0.978298  0.087072  0.188022)
     H    4  Q=         1.0000 1e-30 m^2  Cq=         1.1843 MHz  eta= 0.54126

     C    5    Vxx=    0.0995    axis=(  0.942609 -0.076692  0.324972)
     C    5    Vyy=    0.3772    axis=(  0.298005 -0.245755 -0.922387)
     C    5    Vzz=   -0.4767    axis=(  0.150603  0.966293 -0.208796)
     C    5  Q=         1.0000 1e-30 m^2  Cq=        -1.1201 MHz  eta= 0.58239

     H    6    Vxx=   -0.0414    axis=(  0.911186 -0.179494  0.370839)
     H    6    Vyy=   -0.4798    axis=( -0.376537  0.002501  0.926398)
     H    6    Vzz=    0.5212    axis=(  0.167210  0.983756  0.065308)
     H    6  Q=         1.0000 1e-30 m^2  Cq=         1.2246 MHz  eta= 0.84126

     H    7    Vxx=   -0.0377    axis=(  0.982001  0.130435  0.136602)
     H    7    Vyy=   -0.6046    axis=(  0.154007 -0.134280 -0.978903)
     H    7    Vzz=    0.6423    axis=( -0.109340  0.982321 -0.151951)
     H    7  Q=         1.0000 1e-30 m^2  Cq=         1.5090 MHz  eta= 0.88272

     C    8    Vxx=   -0.1838    axis=(  0.859190 -0.477436  0.183975)
     C    8    Vyy=   -0.3754    axis=(  0.511626  0.797803 -0.318980)
     C    8    Vzz=    0.5592    axis=(  0.005517  0.368191  0.929734)
     C    8  Q=         1.0000 1e-30 m^2  Cq=         1.3138 MHz  eta= 0.34270

     H    9    Vxx=    0.0234    axis=(  0.330520  0.839744 -0.430797)
     H    9    Vyy=    0.8487    axis=(  0.941235 -0.259660  0.215993)
     H    9    Vzz=   -0.8721    axis=( -0.069518  0.476871  0.876220)
     H    9  Q=         1.0000 1e-30 m^2  Cq=        -2.0491 MHz  eta= 0.94626

     C   10    Vxx=    0.0330    axis=( -0.975053  0.054812 -0.215098)
     C   10    Vyy=    0.1513    axis=(  0.072844  0.994381 -0.076815)
     C   10    Vzz=   -0.1843    axis=( -0.209679  0.090567  0.973567)
     C   10  Q=         1.0000 1e-30 m^2  Cq=        -0.4331 MHz  eta= 0.64199

     C   11    Vxx=    0.0970    axis=( -0.503237  0.580923 -0.639751)
     C   11    Vyy=    0.2768    axis=( -0.813579 -0.568042  0.124164)
     C   11    Vzz=   -0.3738    axis=( -0.291276  0.582972  0.758486)
     C   11  Q=         1.0000 1e-30 m^2  Cq=        -0.8783 MHz  eta= 0.48081

     Cl  12    Vxx=    0.3414    axis=(  0.817508  0.564725 -0.112986)
     Cl  12    Vyy=    1.9832    axis=(  0.155947 -0.405919 -0.900506)
     Cl  12    Vzz=   -2.3246    axis=( -0.554401  0.718551 -0.419909)
     Cl  12  Q=        -8.1650 1e-30 m^2  Cq=        44.5968 MHz  eta= 0.70626

     H   13    Vxx=   -0.0122    axis=(  0.951175 -0.142457  0.273809)
     H   13    Vyy=   -0.8170    axis=(  0.302856  0.601870 -0.738939)
     H   13    Vzz=    0.8292    axis=( -0.059531  0.785785  0.615628)
     H   13  Q=         1.0000 1e-30 m^2  Cq=         1.9483 MHz  eta= 0.97054

     C   14    Vxx=   -0.0194    axis=(  0.969496 -0.025717 -0.243754)
     C   14    Vyy=   -0.4525    axis=( -0.204158  0.465591 -0.861130)
     C   14    Vzz=    0.4719    axis=(  0.135635  0.884626  0.446138)
     C   14  Q=         1.0000 1e-30 m^2  Cq=         1.1087 MHz  eta= 0.91784

     H   15    Vxx=   -0.1189    axis=(  0.214200 -0.976166  0.034893)
     H   15    Vyy=   -0.7770    axis=(  0.550509  0.091136 -0.829840)
     H   15    Vzz=    0.8959    axis=(  0.806882  0.196960  0.556910)
     H   15  Q=         1.0000 1e-30 m^2  Cq=         2.1050 MHz  eta= 0.73456

     C   16    Vxx=    0.0893    axis=( -0.113596 -0.887204 -0.447175)
     C   16    Vyy=    0.5515    axis=( -0.920144  0.263712 -0.289466)
     C   16    Vzz=   -0.6408    axis=( -0.374741 -0.378583  0.846312)
     C   16  Q=         1.0000 1e-30 m^2  Cq=        -1.5056 MHz  eta= 0.72126

     C   17    Vxx=    0.0551    axis=( -0.004532 -0.673997  0.738720)
     C   17    Vyy=    0.5001    axis=(  0.067142  0.736855  0.672708)
     C   17    Vzz=   -0.5552    axis=( -0.997733  0.052648  0.041915)
     C   17  Q=         1.0000 1e-30 m^2  Cq=        -1.3044 MHz  eta= 0.80149

     Cl  18    Vxx=    0.3729    axis=(  0.789237 -0.235886  0.566977)
     Cl  18    Vyy=    2.4974    axis=(  0.289540 -0.671273 -0.682319)
     Cl  18    Vzz=   -2.8703    axis=(  0.541545  0.702674 -0.461495)
     Cl  18  Q=        -8.1650 1e-30 m^2  Cq=        55.0653 MHz  eta= 0.74017

     H   19    Vxx=   -0.1025    axis=(  0.611779  0.632126  0.475545)
     H   19    Vyy=   -0.5392    axis=(  0.779393 -0.584427 -0.225813)
     H   19    Vzz=    0.6416    axis=( -0.135179 -0.508784  0.850215)
     H   19  Q=         1.0000 1e-30 m^2  Cq=         1.5076 MHz  eta= 0.68060

     C   20    Vxx=   -0.1380    axis=( -0.790377  0.421207 -0.444846)
     C   20    Vyy=   -0.3094    axis=(  0.506629  0.857654 -0.088072)
     C   20    Vzz=    0.4474    axis=( -0.344427  0.294982  0.891266)
     C   20  Q=         1.0000 1e-30 m^2  Cq=         1.0512 MHz  eta= 0.38305

     H   21    Vxx=   -0.0868    axis=( -0.328693 -0.892535  0.308775)
     H   21    Vyy=   -0.4049    axis=(  0.620091 -0.450550 -0.642255)
     H   21    Vzz=    0.4916    axis=(  0.712354 -0.019636  0.701546)
     H   21  Q=         1.0000 1e-30 m^2  Cq=         1.1551 MHz  eta= 0.64704

     C   22    Vxx=   -0.2241    axis=(  0.617977  0.747013 -0.245104)
     C   22    Vyy=   -0.2970    axis=( -0.731284  0.431697 -0.528074)
     C   22    Vzz=    0.5210    axis=( -0.288667  0.505578  0.813057)
     C   22  Q=         1.0000 1e-30 m^2  Cq=         1.2243 MHz  eta= 0.13998

     C   23    Vxx=   -0.0222    axis=( -0.700897 -0.510081  0.498558)
     C   23    Vyy=   -0.5710    axis=( -0.703727  0.608449 -0.366822)
     C   23    Vzz=    0.5932    axis=(  0.116239  0.607953  0.785418)
     C   23  Q=         1.0000 1e-30 m^2  Cq=         1.3938 MHz  eta= 0.92520

     Cl  24    Vxx=   -1.1613    axis=( -0.031251 -0.074079  0.996763)
     Cl  24    Vyy=   -1.7676    axis=( -0.592499  0.804516  0.041215)
     Cl  24    Vzz=    2.9289    axis=( -0.804965 -0.589292 -0.069034)
     Cl  24  Q=        -8.1650 1e-30 m^2  Cq=       -56.1895 MHz  eta= 0.20698

     Initialization:
     gipaw_setup  :      9.14s CPU     10.99s WALL (       1 calls)

     Linear response

     Apply operators

     Induced current

     Other routines
     efg          :      9.46s CPU     12.18s WALL (       1 calls)

     General routines
     calbec       :      3.20s CPU      4.23s WALL (      16 calls)
     fft          :      1.48s CPU      2.06s WALL (      15 calls)
     ffts         :      0.05s CPU      0.05s WALL (       2 calls)
     fftw         :      3.37s CPU      4.44s WALL (     672 calls)
     davcio       :      0.05s CPU      0.36s WALL (      32 calls)

     Parallel routines
     fft_scatter  :      2.36s CPU      3.75s WALL (     689 calls)

     Plugins

     GIPAW        :     61.95s CPU     74.79s WALL (       1 calls)
