
     Program QE v.6.0 (svn rev. 13079) starts on 27Dec2016 at 11:35: 0 

     This program is part of the open-source Quantum ESPRESSO suite
     for quantum simulation of materials; please cite
         "P. Giannozzi et al., J. Phys.:Condens. Matter 21 395502 (2009);
          URL http://www.quantum-espresso.org", 
     in publications or presentations arising from this work. More details at
     http://www.quantum-espresso.org/quote

     Parallel version (MPI), running on     8 processors
     R & G space division:  proc/nbgrp/npool/nimage =       8

     ***** This is GIPAW svn revision unknown      *****

     Parallelizing q-star over 1 images

     Reading data from directory:
     /users/majewski/paradichlorobenzene/pbe/9_constraint/scratch/pbe.ecut100.np8.dt60.pcl2phi-129368.save
     Message from routine read_xml_file:
     file /users/majewski/paradichlorobenzene/pbe/9_constraint/scratch/pbe.ecut100.np8.dt60.pcl2phi-129368.save not guaranteed to be safe for post-processing

   Info: using nr1, nr2, nr3 values from input

   Info: using nr1, nr2, nr3 values from input

     IMPORTANT: XC functional enforced from input :
     Exchange-correlation      =  SLA  PW   PBX  PBC ( 1  4  3  4 0 0)
     Any further DFT definition will be discarded
     Please, verify this is what you really want

               file C.pbe-n-kjpaw_psl.1.0.0.UPF: wavefunction(s)  2S 2P renormalized
               file Cl.pbe-n-kjpaw_psl.1.0.0.UPF: wavefunction(s)  3S 3P renormalized
               file H.pbe-kjpaw_psl.1.0.0.UPF: wavefunction(s)  1S renormalized

     Parallelization info
     --------------------
     sticks:   dense  smooth     PW     G-vecs:    dense   smooth      PW
     Min        3057    1223    332               144436    36536    5170
     Max        3059    1225    333               144437    36537    5171
     Sum       24467    9791   2657              1155489   292295   41363


     Subspace diagonalization in iterative solution of the eigenvalue problem:
     a serial algorithm will be used

     GIPAW projectors -----------------------------------------------
     atom=  C    l=0  rc=    1.2000  rs=    0.8000
     atom=  C    l=0  rc=    1.2000  rs=    0.8000
     atom=  C    l=1  rc=    1.4000  rs=    0.9333
     atom=  C    l=1  rc=    1.4000  rs=    0.9333
     projs nearly linearly dependent: l=1  n1,n2= 1, 2  s=  0.99951561

     atom=  Cl   l=0  rc=    1.6000  rs=    1.0667
     atom=  Cl   l=0  rc=    1.6000  rs=    1.0667
     atom=  Cl   l=1  rc=    1.6000  rs=    1.0667
     atom=  Cl   l=1  rc=    1.6000  rs=    1.0667
     atom=  Cl   l=2  rc=    1.6000  rs=    1.0667
     atom=  Cl   l=2  rc=    1.6000  rs=    1.0667
     projs nearly linearly dependent: l=2  n1,n2= 1, 2  s=  0.99993509

     atom=  H    l=0  rc=    1.0000  rs=    0.6667
     atom=  H    l=0  rc=    1.0000  rs=    0.6667
     projs nearly linearly dependent: l=0  n1,n2= 1, 2  s=  0.99968852
     -----------------------------------------------------------------

     GIPAW integrals: -------------------------------------------
     Atom  i/j   nmr_para   nmr_dia   epr_rmc  epr_para   epr_dia
       C   1 1   0.83E+03  0.17E-01  0.93E+01  0.24E+08  0.24E+03
       C   2 1   0.86E+03 -0.61E-01  0.94E+01  0.25E+08  0.25E+03
       C   2 2   0.90E+03 -0.15E+00  0.97E+01  0.26E+08  0.26E+03
       C   3 3   0.33E+01  0.34E+00  0.18E+01  0.55E+03  0.21E+02
       C   4 3   0.35E+01  0.37E+00  0.20E+01  0.59E+03  0.22E+02
       C   4 4   0.38E+01  0.39E+00  0.22E+01  0.63E+03  0.24E+02
       Cl  1 1   0.14E+04 -0.47E+00  0.84E+01  0.32E+09  0.42E+03
       Cl  2 1   0.21E+04 -0.37E+00  0.12E+02  0.49E+09  0.65E+03
       Cl  2 2   0.33E+04 -0.16E+00  0.21E+02  0.76E+09  0.10E+04
       Cl  3 3   0.21E+02  0.79E-01  0.89E+01  0.23E+05  0.13E+03
       Cl  4 3   0.24E+02  0.67E-01  0.99E+01  0.27E+05  0.15E+03
       Cl  4 4   0.28E+02  0.44E-01  0.11E+02  0.32E+05  0.18E+03
       Cl  5 5   0.77E+00  0.19E+00  0.18E+01  0.12E+03  0.22E+02
       Cl  6 5   0.80E+00  0.19E+00  0.19E+01  0.12E+03  0.23E+02
       Cl  6 6   0.83E+00  0.20E+00  0.19E+01  0.12E+03  0.23E+02
       H   1 1   0.39E+02  0.19E+00  0.29E+00  0.78E+05  0.13E+02
       H   2 1   0.41E+02  0.21E+00  0.32E+00  0.82E+05  0.14E+02
       H   2 2   0.43E+02  0.22E+00  0.36E+00  0.86E+05  0.15E+02
     ------------------------------------------------------------

     alpha_pv=     33.5996 eV

     Number of occupied bands for each k-point:
     k-point:     1    nbnd_occ=  42
     k-point:     2    nbnd_occ=  42
     k-point:     3    nbnd_occ=  42
     k-point:     4    nbnd_occ=  42
     k-point:     5    nbnd_occ=  42
     k-point:     6    nbnd_occ=  42
     k-point:     7    nbnd_occ=  42
     k-point:     8    nbnd_occ=  42
     k-point:     9    nbnd_occ=  42
     k-point:    10    nbnd_occ=  42
     k-point:    11    nbnd_occ=  42
     k-point:    12    nbnd_occ=  42
     k-point:    13    nbnd_occ=  42
     k-point:    14    nbnd_occ=  42
     k-point:    15    nbnd_occ=  42
     k-point:    16    nbnd_occ=  42


     q-space interpolation up to   110.00 Rydberg

     GIPAW job: efg                                                                             


     ELECTRIC FIELD GRADIENTS TENSORS IN Hartree/bohrradius^2:

     ----- bare term -----
     Cl   1       -0.074353        0.118832       -0.019098
     Cl   1        0.118832       -0.007246       -0.005865
     Cl   1       -0.019098       -0.005865        0.081599

     C    2       -0.180278        0.153030       -0.458442
     C    2        0.153030       -0.177049       -0.494134
     C    2       -0.458442       -0.494134        0.357326

     C    3       -0.251008        0.352056       -0.334299
     C    3        0.352056       -0.221639       -0.419376
     C    3       -0.334299       -0.419376        0.472647

     H    4       -0.143384       -0.144910       -0.509474
     H    4       -0.144910        0.411292       -0.088656
     H    4       -0.509474       -0.088656       -0.267909

     C    5       -0.315211        0.150000       -0.472015
     C    5        0.150000        0.023098       -0.383743
     C    5       -0.472015       -0.383743        0.292113

     H    6        0.136192        0.111101        0.117449
     H    6        0.111101       -0.282351       -0.521565
     H    6        0.117449       -0.521565        0.146158

     H    7        0.407585        0.105078       -0.063545
     H    7        0.105078       -0.488427        0.560551
     H    7       -0.063545        0.560551        0.080842

     C    8       -0.228585        0.071958       -0.353568
     C    8        0.071958        0.015365        0.531999
     C    8       -0.353568        0.531999        0.213221

     H    9       -0.275939        0.426918       -0.288909
     H    9        0.426918       -0.048725       -0.007121
     H    9       -0.288909       -0.007121        0.324664

     C   10       -0.431118       -0.342570       -0.060454
     C   10       -0.342570        0.001186        0.446872
     C   10       -0.060454        0.446872        0.429932

     C   11       -0.090644        0.384437       -0.353036
     C   11        0.384437       -0.052480        0.725234
     C   11       -0.353036        0.725234        0.143125

     Cl  12       -0.234144       -0.164728        0.060152
     Cl  12       -0.164728       -0.005815        0.169169
     Cl  12        0.060152        0.169169        0.239958

     H   13        0.439875       -0.270220        0.078030
     H   13       -0.270220       -0.680114        0.157396
     H   13        0.078030        0.157396        0.240239

     C   14       -0.196643        0.326461       -0.295402
     C   14        0.326461       -0.197652       -0.334821
     C   14       -0.295402       -0.334821        0.394295

     H   15       -0.584722       -0.384443       -0.235751
     H   15       -0.384443        0.291831       -0.112415
     H   15       -0.235751       -0.112415        0.292891

     C   16       -0.356798        0.351750       -0.340577
     C   16        0.351750        0.013865       -0.430161
     C   16       -0.340577       -0.430161        0.342934

     C   17       -0.061088        0.232029       -0.198398
     C   17        0.232029       -0.271758       -0.500035
     C   17       -0.198398       -0.500035        0.332846

     Cl  18       -0.109222        0.033759        0.019865
     Cl  18        0.033759       -0.085803        0.044580
     Cl  18        0.019865        0.044580        0.195025

     H   19        0.144011        0.144766       -0.083892
     H   19        0.144766       -0.402926        0.506947
     H   19       -0.083892        0.506947        0.258915

     C   20       -0.462202       -0.318088       -0.335105
     C   20       -0.318088        0.027926        0.163196
     C   20       -0.335105        0.163196        0.434276

     H   21       -0.699069        0.197845       -0.043338
     H   21        0.197845        0.418930        0.141836
     H   21       -0.043338        0.141836        0.280139

     C   22        0.066260        0.171377       -0.436603
     C   22        0.171377       -0.306897        0.522018
     C   22       -0.436603        0.522018        0.240636

     C   23       -0.489286       -0.312409       -0.327104
     C   23       -0.312409        0.069249        0.187783
     C   23       -0.327104        0.187783        0.420038

     Cl  24       -0.022152        0.020612       -0.073863
     Cl  24        0.020612       -0.013488        0.059052
     Cl  24       -0.073863        0.059052        0.035640

     ----- ionic term -----
     Cl   1        0.109823       -0.223394        0.011032
     Cl   1       -0.223394        0.056716        0.006617
     Cl   1        0.011032        0.006617       -0.166538

     C    2        0.134328       -0.215508        0.230219
     C    2       -0.215508        0.236590        0.350237
     C    2        0.230219        0.350237       -0.370917

     C    3        0.146020       -0.197618        0.250933
     C    3       -0.197618        0.188722        0.294271
     C    3        0.250933        0.294271       -0.334741

     H    4        0.604711        0.308727        0.681185
     H    4        0.308727       -0.408796        0.226597
     H    4        0.681185        0.226597       -0.195915

     C    5        0.237870       -0.166144        0.348656
     C    5       -0.166144        0.060987        0.258453
     C    5        0.348656        0.258453       -0.298857

     H    6       -0.531414       -0.000268        0.004844
     H    6       -0.000268        0.646575        0.693488
     H    6        0.004844        0.693488       -0.115161

     H    7       -0.512110       -0.133629        0.097846
     H    7       -0.133629        0.509095       -0.773283
     H    7        0.097846       -0.773283        0.003015

     C    8        0.327328        0.181098        0.194523
     C    8        0.181098        0.034562       -0.322893
     C    8        0.194523       -0.322893       -0.361890

     H    9        0.705460       -0.352310        0.597659
     H    9       -0.352310       -0.401874       -0.233873
     H    9        0.597659       -0.233873       -0.303585

     C   10        0.194914        0.214545        0.147803
     C   10        0.214545        0.166884       -0.407725
     C   10        0.147803       -0.407725       -0.361798

     C   11        0.299789        0.047183        0.244255
     C   11        0.047183        0.070518       -0.419072
     C   11        0.244255       -0.419072       -0.370307

     Cl  12        0.136774        0.180144       -0.001933
     Cl  12        0.180144       -0.004134       -0.012447
     Cl  12       -0.001933       -0.012447       -0.132640

     H   13       -0.476695        0.032468        0.035219
     H   13        0.032468        0.864784        0.513473
     H   13        0.035219        0.513473       -0.388090

     C   14        0.269455       -0.269627        0.285255
     C   14       -0.269627        0.179251        0.191574
     C   14        0.285255        0.191574       -0.448706

     H   15        0.686263        0.269331        0.625497
     H   15        0.269331       -0.423786        0.201945
     H   15        0.625497        0.201945       -0.262477

     C   16        0.174969       -0.288701        0.248756
     C   16       -0.288701        0.263172        0.264874
     C   16        0.248756        0.264874       -0.438141

     C   17        0.176667       -0.146673        0.383489
     C   17       -0.146673        0.164755        0.290711
     C   17        0.383489        0.290711       -0.341422

     Cl  18        0.125120       -0.202309        0.062417
     Cl  18       -0.202309        0.029994       -0.039591
     Cl  18        0.062417       -0.039591       -0.155114

     H   19       -0.500970       -0.117283        0.080420
     H   19       -0.117283        0.702239       -0.688664
     H   19        0.080420       -0.688664       -0.201269

     C   20        0.400181        0.098234        0.236206
     C   20        0.098234        0.035481       -0.320529
     C   20        0.236206       -0.320529       -0.435661

     H   21        0.635163       -0.419708        0.557545
     H   21       -0.419708       -0.372913       -0.270702
     H   21        0.557545       -0.270702       -0.262251

     C   22        0.205817        0.192842        0.135818
     C   22        0.192842        0.167849       -0.375469
     C   22        0.135818       -0.375469       -0.373666

     C   23        0.294754        0.132126        0.167839
     C   23        0.132126        0.064846       -0.369005
     C   23        0.167839       -0.369005       -0.359599

     Cl  24        0.163780        0.197998       -0.040468
     Cl  24        0.197998       -0.025701       -0.017558
     Cl  24       -0.040468       -0.017558       -0.138079

     ----- GIPAW term -----
     Cl   1        0.866452        0.893119       -1.126405
     Cl   1        0.893119        0.740638       -1.238812
     Cl   1       -1.126405       -1.238812       -1.607090

     C    2       -0.048002       -0.002522       -0.163207
     C    2       -0.002522       -0.042715       -0.204215
     C    2       -0.163207       -0.204215        0.090716

     C    3       -0.098389        0.071205       -0.168510
     C    3        0.071205       -0.095827       -0.113905
     C    3       -0.168510       -0.113905        0.194216

     H    4       -0.000000        0.000000        0.000000
     H    4        0.000000        0.000000        0.000000
     H    4        0.000000        0.000000        0.000000

     C    5        0.059621        0.059184       -0.091908
     C    5        0.059184       -0.044734       -0.072899
     C    5       -0.091908       -0.072899       -0.014887

     H    6       -0.000000        0.000000        0.000000
     H    6        0.000000        0.000000        0.000000
     H    6        0.000000        0.000000        0.000000

     H    7       -0.000000        0.000000        0.000000
     H    7        0.000000        0.000000        0.000000
     H    7        0.000000        0.000000        0.000000

     C    8       -0.068933        0.098853       -0.045062
     C    8        0.098853        0.140273        0.141054
     C    8       -0.045062        0.141054       -0.071341

     H    9       -0.000000        0.000000        0.000000
     H    9        0.000000        0.000000        0.000000
     H    9        0.000000        0.000000        0.000000

     C   10       -0.138120        0.055700        0.046596
     C   10        0.055700        0.137968        0.157274
     C   10        0.046596        0.157274        0.000153

     C   11        0.023366        0.262349        0.031963
     C   11        0.262349        0.040667        0.205170
     C   11        0.031963        0.205170       -0.064033

     Cl  12       -0.268985        1.649381        0.504956
     Cl  12        1.649381        0.036130        1.644859
     Cl  12        0.504956        1.644859        0.232855

     H   13       -0.000000        0.000000        0.000000
     H   13        0.000000        0.000000        0.000000
     H   13        0.000000        0.000000        0.000000

     C   14       -0.008529        0.142492       -0.153331
     C   14        0.142492       -0.057203       -0.165084
     C   14       -0.153331       -0.165084        0.065732

     H   15       -0.000000        0.000000        0.000000
     H   15        0.000000        0.000000        0.000000
     H   15        0.000000        0.000000        0.000000

     C   16       -0.092936        0.144411       -0.126775
     C   16        0.144411        0.097237       -0.123595
     C   16       -0.126775       -0.123595       -0.004300

     C   17        0.111912       -0.057630        0.011095
     C   17       -0.057630       -0.068143       -0.060438
     C   17        0.011095       -0.060438       -0.043768

     Cl  18       -0.385212       -1.553051        0.913085
     Cl  18       -1.553051       -1.427895        0.417842
     Cl  18        0.913085        0.417842        1.813107

     H   19       -0.000000        0.000000        0.000000
     H   19        0.000000        0.000000        0.000000
     H   19        0.000000        0.000000        0.000000

     C   20       -0.001776        0.089781       -0.093374
     C   20        0.089781        0.028679       -0.047387
     C   20       -0.093374       -0.047387       -0.026904

     H   21       -0.000000        0.000000        0.000000
     H   21        0.000000        0.000000        0.000000
     H   21        0.000000        0.000000        0.000000

     C   22        0.070750        0.183899       -0.198528
     C   22        0.183899       -0.052245       -0.008148
     C   22       -0.198528       -0.008148       -0.018505

     C   23       -0.007735        0.187374       -0.107862
     C   23        0.187374        0.088726       -0.067923
     C   23       -0.107862       -0.067923       -0.080992

     Cl  24        1.633431        1.796441       -2.054427
     Cl  24        1.796441       -1.158341        0.234334
     Cl  24       -2.054427        0.234334       -0.475090

     ----- total EFG -----
     Cl   1        0.901922        0.788557       -1.134472
     Cl   1        0.788557        0.790107       -1.238060
     Cl   1       -1.134472       -1.238060       -1.692030

     C    2       -0.093952       -0.064999       -0.391430
     C    2       -0.064999        0.016827       -0.348113
     C    2       -0.391430       -0.348113        0.077125

     C    3       -0.203378        0.225642       -0.251877
     C    3        0.225642       -0.128745       -0.239009
     C    3       -0.251877       -0.239009        0.332123

     H    4        0.461328        0.163817        0.171710
     H    4        0.163817        0.002496        0.137941
     H    4        0.171710        0.137941       -0.463823

     C    5       -0.017720        0.043040       -0.215267
     C    5        0.043040        0.039351       -0.198189
     C    5       -0.215267       -0.198189       -0.021631

     H    6       -0.395221        0.110833        0.122293
     H    6        0.110833        0.364224        0.171922
     H    6        0.122293        0.171922        0.030997

     H    7       -0.104526       -0.028551        0.034301
     H    7       -0.028551        0.020668       -0.212732
     H    7        0.034301       -0.212732        0.083857

     C    8        0.029810        0.351909       -0.204107
     C    8        0.351909        0.190200        0.350160
     C    8       -0.204107        0.350160       -0.220010

     H    9        0.429521        0.074608        0.308750
     H    9        0.074608       -0.450599       -0.240994
     H    9        0.308750       -0.240994        0.021079

     C   10       -0.374325       -0.072325        0.133945
     C   10       -0.072325        0.306038        0.196421
     C   10        0.133945        0.196421        0.068287

     C   11        0.232510        0.693969       -0.076817
     C   11        0.693969        0.058705        0.511332
     C   11       -0.076817        0.511332       -0.291215

     Cl  12       -0.366355        1.664798        0.563175
     Cl  12        1.664798        0.026182        1.801581
     Cl  12        0.563175        1.801581        0.340173

     H   13       -0.036819       -0.237752        0.113249
     H   13       -0.237752        0.184670        0.670869
     H   13        0.113249        0.670869       -0.147851

     C   14        0.064283        0.199325       -0.163477
     C   14        0.199325       -0.075604       -0.308331
     C   14       -0.163477       -0.308331        0.011322

     H   15        0.101541       -0.115112        0.389746
     H   15       -0.115112       -0.131955        0.089530
     H   15        0.389746        0.089530        0.030413

     C   16       -0.274766        0.207461       -0.218596
     C   16        0.207461        0.374273       -0.288882
     C   16       -0.218596       -0.288882       -0.099507

     C   17        0.227490        0.027726        0.196185
     C   17        0.027726       -0.175146       -0.269763
     C   17        0.196185       -0.269763       -0.052344

     Cl  18       -0.369314       -1.721601        0.995367
     Cl  18       -1.721601       -1.483704        0.422832
     Cl  18        0.995367        0.422832        1.853018

     H   19       -0.356958        0.027483       -0.003473
     H   19        0.027483        0.299313       -0.181716
     H   19       -0.003473       -0.181716        0.057645

     C   20       -0.063797       -0.130074       -0.192273
     C   20       -0.130074        0.092086       -0.204720
     C   20       -0.192273       -0.204720       -0.028289

     H   21       -0.063906       -0.221864        0.514207
     H   21       -0.221864        0.046018       -0.128866
     H   21        0.514207       -0.128866        0.017889

     C   22        0.342827        0.548118       -0.499313
     C   22        0.548118       -0.191293        0.138401
     C   22       -0.499313        0.138401       -0.151534

     C   23       -0.202267        0.007091       -0.267127
     C   23        0.007091        0.222821       -0.249145
     C   23       -0.267127       -0.249145       -0.020554

     Cl  24        1.775059        2.015052       -2.168758
     Cl  24        2.015052       -1.197530        0.275827
     Cl  24       -2.168758        0.275827       -0.577529

     ----- total EFG (symmetrized) -----
     Cl   1        0.901922        0.788557       -1.134472
     Cl   1        0.788557        0.790107       -1.238060
     Cl   1       -1.134472       -1.238060       -1.692030

     C    2       -0.093952       -0.064999       -0.391430
     C    2       -0.064999        0.016827       -0.348113
     C    2       -0.391430       -0.348113        0.077125

     C    3       -0.203378        0.225642       -0.251877
     C    3        0.225642       -0.128745       -0.239009
     C    3       -0.251877       -0.239009        0.332123

     H    4        0.461328        0.163817        0.171710
     H    4        0.163817        0.002496        0.137941
     H    4        0.171710        0.137941       -0.463823

     C    5       -0.017720        0.043040       -0.215267
     C    5        0.043040        0.039351       -0.198189
     C    5       -0.215267       -0.198189       -0.021631

     H    6       -0.395221        0.110833        0.122293
     H    6        0.110833        0.364224        0.171922
     H    6        0.122293        0.171922        0.030997

     H    7       -0.104526       -0.028551        0.034301
     H    7       -0.028551        0.020668       -0.212732
     H    7        0.034301       -0.212732        0.083857

     C    8        0.029810        0.351909       -0.204107
     C    8        0.351909        0.190200        0.350160
     C    8       -0.204107        0.350160       -0.220010

     H    9        0.429521        0.074608        0.308750
     H    9        0.074608       -0.450599       -0.240994
     H    9        0.308750       -0.240994        0.021079

     C   10       -0.374325       -0.072325        0.133945
     C   10       -0.072325        0.306038        0.196421
     C   10        0.133945        0.196421        0.068287

     C   11        0.232510        0.693969       -0.076817
     C   11        0.693969        0.058705        0.511332
     C   11       -0.076817        0.511332       -0.291215

     Cl  12       -0.366355        1.664798        0.563175
     Cl  12        1.664798        0.026182        1.801581
     Cl  12        0.563175        1.801581        0.340173

     H   13       -0.036819       -0.237752        0.113249
     H   13       -0.237752        0.184670        0.670869
     H   13        0.113249        0.670869       -0.147851

     C   14        0.064283        0.199325       -0.163477
     C   14        0.199325       -0.075604       -0.308331
     C   14       -0.163477       -0.308331        0.011322

     H   15        0.101541       -0.115112        0.389746
     H   15       -0.115112       -0.131955        0.089530
     H   15        0.389746        0.089530        0.030413

     C   16       -0.274766        0.207461       -0.218596
     C   16        0.207461        0.374273       -0.288882
     C   16       -0.218596       -0.288882       -0.099507

     C   17        0.227490        0.027726        0.196185
     C   17        0.027726       -0.175146       -0.269763
     C   17        0.196185       -0.269763       -0.052344

     Cl  18       -0.369314       -1.721601        0.995367
     Cl  18       -1.721601       -1.483704        0.422832
     Cl  18        0.995367        0.422832        1.853018

     H   19       -0.356958        0.027483       -0.003473
     H   19        0.027483        0.299313       -0.181716
     H   19       -0.003473       -0.181716        0.057645

     C   20       -0.063797       -0.130074       -0.192273
     C   20       -0.130074        0.092086       -0.204720
     C   20       -0.192273       -0.204720       -0.028289

     H   21       -0.063906       -0.221864        0.514207
     H   21       -0.221864        0.046018       -0.128866
     H   21        0.514207       -0.128866        0.017889

     C   22        0.342827        0.548118       -0.499313
     C   22        0.548118       -0.191293        0.138401
     C   22       -0.499313        0.138401       -0.151534

     C   23       -0.202267        0.007091       -0.267127
     C   23        0.007091        0.222821       -0.249145
     C   23       -0.267127       -0.249145       -0.020554

     Cl  24        1.775059        2.015052       -2.168758
     Cl  24        2.015052       -1.197530        0.275827
     Cl  24       -2.168758        0.275827       -0.577529


     NQR/NMR SPECTROSCOPIC PARAMETERS:
     Cl   1    Vxx=    0.0605    axis=(  0.709760 -0.703445  0.037492)
     Cl   1    Vyy=    2.3339    axis=(  0.660000  0.645435 -0.384465)
     Cl   1    Vzz=   -2.3944    axis=(  0.246251  0.297622  0.922378)
     Cl   1  Q=        -8.1650 1e-30 m^2  Cq=        45.9351 MHz  eta= 0.94950

     C    2    Vxx=    0.0328    axis=(  0.656374 -0.749269 -0.088148)
     C    2    Vyy=    0.5178    axis=( -0.438354 -0.473858  0.763744)
     C    2    Vzz=   -0.5506    axis=( -0.614019 -0.462661 -0.639473)
     C    2  Q=         1.0000 1e-30 m^2  Cq=        -1.2937 MHz  eta= 0.88080

     C    3    Vxx=   -0.1712    axis=(  0.461809  0.689168  0.558373)
     C    3    Vyy=   -0.3978    axis=( -0.797273  0.598403 -0.079179)
     C    3    Vzz=    0.5689    axis=( -0.388700 -0.408610  0.825803)
     C    3  Q=         1.0000 1e-30 m^2  Cq=         1.3368 MHz  eta= 0.39821

     H    4    Vxx=   -0.0376    axis=(  0.355906 -0.921599 -0.154875)
     H    4    Vyy=   -0.5181    axis=(  0.133792  0.214268 -0.967569)
     H    4    Vzz=    0.5557    axis=(  0.924895  0.323643  0.199562)
     H    4  Q=         1.0000 1e-30 m^2  Cq=         1.3057 MHz  eta= 0.86472

     C    5    Vxx=   -0.0296    axis=( -0.671045  0.733287  0.109489)
     C    5    Vyy=   -0.2818    axis=(  0.544019  0.386652  0.744677)
     C    5    Vzz=    0.3114    axis=( -0.503728 -0.559276  0.658383)
     C    5  Q=         1.0000 1e-30 m^2  Cq=         0.7317 MHz  eta= 0.80973

     H    6    Vxx=   -0.0301    axis=(  0.165447 -0.432820  0.886168)
     H    6    Vyy=   -0.4333    axis=(  0.970815 -0.086714 -0.223604)
     H    6    Vzz=    0.4634    axis=(  0.173624  0.897300  0.405842)
     H    6  Q=         1.0000 1e-30 m^2  Cq=         1.0889 MHz  eta= 0.86992

     H    7    Vxx=   -0.1098    axis=( -0.992966 -0.087818  0.079411)
     H    7    Vyy=   -0.1628    axis=(  0.014562 -0.756199 -0.654179)
     H    7    Vzz=    0.2726    axis=(  0.117499 -0.648422  0.752159)
     H    7  Q=         1.0000 1e-30 m^2  Cq=         0.6405 MHz  eta= 0.19449

     C    8    Vxx=    0.1128    axis=(  0.712003 -0.219044 -0.667137)
     C    8    Vyy=    0.5104    axis=( -0.496902 -0.828474 -0.258302)
     C    8    Vzz=   -0.6232    axis=( -0.496126  0.515413 -0.698719)
     C    8  Q=         1.0000 1e-30 m^2  Cq=        -1.4643 MHz  eta= 0.63804

     H    9    Vxx=   -0.0077    axis=(  0.448030  0.484335 -0.751457)
     H    9    Vyy=   -0.5902    axis=( -0.198518  0.873451  0.444605)
     H    9    Vzz=    0.5979    axis=( -0.871699  0.050018 -0.487482)
     H    9  Q=         1.0000 1e-30 m^2  Cq=         1.4048 MHz  eta= 0.97433

     C   10    Vxx=    0.0168    axis=( -0.362631  0.459796 -0.810609)
     C   10    Vyy=    0.4168    axis=(  0.003735  0.870525  0.492111)
     C   10    Vzz=   -0.4336    axis=( -0.931925 -0.175427  0.317397)
     C   10  Q=         1.0000 1e-30 m^2  Cq=        -1.0187 MHz  eta= 0.92253

     C   11    Vxx=   -0.0252    axis=(  0.588915 -0.301658 -0.749788)
     C   11    Vyy=   -0.8928    axis=( -0.444857  0.653552 -0.612349)
     C   11    Vzz=    0.9179    axis=( -0.674746 -0.694170 -0.250692)
     C   11  Q=         1.0000 1e-30 m^2  Cq=         2.1567 MHz  eta= 0.94518

     Cl  12    Vxx=   -0.5913    axis=( -0.702534 -0.141037  0.697535)
     Cl  12    Vyy=   -2.1938    axis=( -0.546134  0.735277 -0.401379)
     Cl  12    Vzz=    2.7851    axis=( -0.456272 -0.662930 -0.593582)
     Cl  12  Q=        -8.1650 1e-30 m^2  Cq=       -53.4313 MHz  eta= 0.57538

     H   13    Vxx=    0.0229    axis=(  0.934927 -0.069224  0.348021)
     H   13    Vyy=    0.7286    axis=( -0.159710  0.793732  0.586926)
     H   13    Vzz=   -0.7515    axis=( -0.316865 -0.604316  0.731026)
     H   13  Q=         1.0000 1e-30 m^2  Cq=        -1.7658 MHz  eta= 0.93895

     C   14    Vxx=   -0.0989    axis=(  0.821174 -0.252455  0.511800)
     C   14    Vyy=   -0.3495    axis=(  0.137441 -0.782941 -0.606723)
     C   14    Vzz=    0.4484    axis=( -0.553880 -0.568568  0.608233)
     C   14  Q=         1.0000 1e-30 m^2  Cq=         1.0536 MHz  eta= 0.55896

     H   15    Vxx=   -0.0564    axis=(  0.286181 -0.881231 -0.376208)
     H   15    Vyy=   -0.4021    axis=(  0.604768  0.470666 -0.642441)
     H   15    Vzz=    0.4584    axis=( -0.743207  0.043664 -0.667636)
     H   15  Q=         1.0000 1e-30 m^2  Cq=         1.0771 MHz  eta= 0.75415

     C   16    Vxx=   -0.1796    axis=(  0.453191 -0.539729 -0.709444)
     C   16    Vyy=   -0.4228    axis=(  0.836015 -0.018846  0.548383)
     C   16    Vzz=    0.6025    axis=(  0.309348  0.841628 -0.442680)
     C   16  Q=         1.0000 1e-30 m^2  Cq=         1.4156 MHz  eta= 0.40365

     C   17    Vxx=    0.0710    axis=(  0.551369  0.643687 -0.530716)
     C   17    Vyy=    0.3529    axis=(  0.803055 -0.237139  0.546688)
     C   17    Vzz=   -0.4239    axis=( -0.226042  0.727621  0.647667)
     C   17  Q=         1.0000 1e-30 m^2  Cq=        -0.9959 MHz  eta= 0.66490

     Cl  18    Vxx=    0.6679    axis=(  0.693052 -0.625114 -0.359044)
     Cl  18    Vyy=    2.2515    axis=( -0.399928  0.080982 -0.912962)
     Cl  18    Vzz=   -2.9194    axis=(  0.599781  0.776321 -0.193876)
     Cl  18  Q=        -8.1650 1e-30 m^2  Cq=        56.0072 MHz  eta= 0.54247

     H   19    Vxx=   -0.0394    axis=(  0.031081  0.470526  0.881838)
     H   19    Vyy=   -0.3582    axis=( -0.998929  0.044870  0.011266)
     H   19    Vzz=    0.3976    axis=( -0.034267 -0.881244  0.471417)
     H   19  Q=         1.0000 1e-30 m^2  Cq=         0.9342 MHz  eta= 0.80162

     C   20    Vxx=    0.1160    axis=(  0.786921 -0.421375 -0.450775)
     C   20    Vyy=    0.2459    axis=( -0.059962 -0.779290  0.623789)
     C   20    Vzz=   -0.3619    axis=(  0.614134  0.463843  0.638505)
     C   20  Q=         1.0000 1e-30 m^2  Cq=        -0.8504 MHz  eta= 0.35904

     H   21    Vxx=   -0.0525    axis=(  0.172450  0.903026  0.393452)
     H   21    Vyy=   -0.5495    axis=(  0.749264  0.139037 -0.647512)
     H   21    Vzz=    0.6020    axis=(  0.639424 -0.406463  0.652628)
     H   21  Q=         1.0000 1e-30 m^2  Cq=         1.4143 MHz  eta= 0.82557

     C   22    Vxx=   -0.0317    axis=( -0.007845 -0.670473 -0.741892)
     C   22    Vyy=   -0.7945    axis=(  0.546106 -0.624379  0.558498)
     C   22    Vzz=    0.8262    axis=( -0.837680 -0.400770  0.371047)
     C   22  Q=         1.0000 1e-30 m^2  Cq=         1.9413 MHz  eta= 0.92318

     C   23    Vxx=    0.0082    axis=( -0.617885  0.604367  0.502950)
     C   23    Vyy=    0.4189    axis=(  0.263268  0.761769 -0.591945)
     C   23    Vzz=   -0.4271    axis=( -0.740884 -0.233343 -0.629796)
     C   23  Q=         1.0000 1e-30 m^2  Cq=        -1.0035 MHz  eta= 0.96144

     Cl  24    Vxx=   -0.6094    axis=(  0.096487  0.674047  0.732359)
     Cl  24    Vyy=   -3.0151    axis=(  0.522117 -0.660708  0.539313)
     Cl  24    Vzz=    3.6244    axis=( -0.847398 -0.330341  0.415682)
     Cl  24  Q=        -8.1650 1e-30 m^2  Cq=       -69.5332 MHz  eta= 0.66373

     Initialization:
     gipaw_setup  :      8.99s CPU     10.78s WALL (       1 calls)

     Linear response

     Apply operators

     Induced current

     Other routines
     efg          :      9.30s CPU     11.76s WALL (       1 calls)

     General routines
     calbec       :      3.29s CPU      4.45s WALL (      16 calls)
     fft          :      1.66s CPU      2.58s WALL (      15 calls)
     ffts         :      0.05s CPU      0.08s WALL (       2 calls)
     fftw         :      3.22s CPU      3.74s WALL (     672 calls)
     davcio       :      0.03s CPU      0.32s WALL (      32 calls)

     Parallel routines
     fft_scatter  :      2.23s CPU      3.59s WALL (     689 calls)

     Plugins

     GIPAW        :     60.45s CPU     72.50s WALL (       1 calls)
