
     Program QE v.6.0 (svn rev. 13079) starts on  4Jan2017 at 17:33:38 

     This program is part of the open-source Quantum ESPRESSO suite
     for quantum simulation of materials; please cite
         "P. Giannozzi et al., J. Phys.:Condens. Matter 21 395502 (2009);
          URL http://www.quantum-espresso.org", 
     in publications or presentations arising from this work. More details at
     http://www.quantum-espresso.org/quote

     Parallel version (MPI), running on     8 processors
     R & G space division:  proc/nbgrp/npool/nimage =       8

     ***** This is GIPAW svn revision unknown      *****

     Parallelizing q-star over 1 images

     Reading data from directory:
     /users/majewski/paradichlorobenzene/pbe/9_constraint/scratch/pbe.ecut100.np8.dt60.pcl2phi-129368.save
     Message from routine read_xml_file:
     file /users/majewski/paradichlorobenzene/pbe/9_constraint/scratch/pbe.ecut100.np8.dt60.pcl2phi-129368.save not guaranteed to be safe for post-processing

   Info: using nr1, nr2, nr3 values from input

   Info: using nr1, nr2, nr3 values from input

     IMPORTANT: XC functional enforced from input :
     Exchange-correlation      =  SLA  PW   PBX  PBC ( 1  4  3  4 0 0)
     Any further DFT definition will be discarded
     Please, verify this is what you really want

               file C.pbe-n-kjpaw_psl.1.0.0.UPF: wavefunction(s)  2S 2P renormalized
               file Cl.pbe-n-kjpaw_psl.1.0.0.UPF: wavefunction(s)  3S 3P renormalized
               file H.pbe-kjpaw_psl.1.0.0.UPF: wavefunction(s)  1S renormalized

     Parallelization info
     --------------------
     sticks:   dense  smooth     PW     G-vecs:    dense   smooth      PW
     Min        3057    1223    332               144436    36536    5170
     Max        3059    1225    333               144437    36537    5171
     Sum       24467    9791   2657              1155489   292295   41363


     Subspace diagonalization in iterative solution of the eigenvalue problem:
     a serial algorithm will be used

     GIPAW projectors -----------------------------------------------
     atom=  C    l=0  rc=    1.2000  rs=    0.8000
     atom=  C    l=0  rc=    1.2000  rs=    0.8000
     atom=  C    l=1  rc=    1.4000  rs=    0.9333
     atom=  C    l=1  rc=    1.4000  rs=    0.9333
     projs nearly linearly dependent: l=1  n1,n2= 1, 2  s=  0.99951561

     atom=  Cl   l=0  rc=    1.6000  rs=    1.0667
     atom=  Cl   l=0  rc=    1.6000  rs=    1.0667
     atom=  Cl   l=1  rc=    1.6000  rs=    1.0667
     atom=  Cl   l=1  rc=    1.6000  rs=    1.0667
     atom=  Cl   l=2  rc=    1.6000  rs=    1.0667
     atom=  Cl   l=2  rc=    1.6000  rs=    1.0667
     projs nearly linearly dependent: l=2  n1,n2= 1, 2  s=  0.99993509

     atom=  H    l=0  rc=    1.0000  rs=    0.6667
     atom=  H    l=0  rc=    1.0000  rs=    0.6667
     projs nearly linearly dependent: l=0  n1,n2= 1, 2  s=  0.99968852
     -----------------------------------------------------------------

     GIPAW integrals: -------------------------------------------
     Atom  i/j   nmr_para   nmr_dia   epr_rmc  epr_para   epr_dia
       C   1 1   0.83E+03  0.17E-01  0.93E+01  0.24E+08  0.24E+03
       C   2 1   0.86E+03 -0.61E-01  0.94E+01  0.25E+08  0.25E+03
       C   2 2   0.90E+03 -0.15E+00  0.97E+01  0.26E+08  0.26E+03
       C   3 3   0.33E+01  0.34E+00  0.18E+01  0.55E+03  0.21E+02
       C   4 3   0.35E+01  0.37E+00  0.20E+01  0.59E+03  0.22E+02
       C   4 4   0.38E+01  0.39E+00  0.22E+01  0.63E+03  0.24E+02
       Cl  1 1   0.14E+04 -0.47E+00  0.84E+01  0.32E+09  0.42E+03
       Cl  2 1   0.21E+04 -0.37E+00  0.12E+02  0.49E+09  0.65E+03
       Cl  2 2   0.33E+04 -0.16E+00  0.21E+02  0.76E+09  0.10E+04
       Cl  3 3   0.21E+02  0.79E-01  0.89E+01  0.23E+05  0.13E+03
       Cl  4 3   0.24E+02  0.67E-01  0.99E+01  0.27E+05  0.15E+03
       Cl  4 4   0.28E+02  0.44E-01  0.11E+02  0.32E+05  0.18E+03
       Cl  5 5   0.77E+00  0.19E+00  0.18E+01  0.12E+03  0.22E+02
       Cl  6 5   0.80E+00  0.19E+00  0.19E+01  0.12E+03  0.23E+02
       Cl  6 6   0.83E+00  0.20E+00  0.19E+01  0.12E+03  0.23E+02
       H   1 1   0.39E+02  0.19E+00  0.29E+00  0.78E+05  0.13E+02
       H   2 1   0.41E+02  0.21E+00  0.32E+00  0.82E+05  0.14E+02
       H   2 2   0.43E+02  0.22E+00  0.36E+00  0.86E+05  0.15E+02
     ------------------------------------------------------------

     alpha_pv=     34.1790 eV

     Number of occupied bands for each k-point:
     k-point:     1    nbnd_occ=  42
     k-point:     2    nbnd_occ=  42
     k-point:     3    nbnd_occ=  42
     k-point:     4    nbnd_occ=  42
     k-point:     5    nbnd_occ=  42
     k-point:     6    nbnd_occ=  42
     k-point:     7    nbnd_occ=  42
     k-point:     8    nbnd_occ=  42
     k-point:     9    nbnd_occ=  42
     k-point:    10    nbnd_occ=  42
     k-point:    11    nbnd_occ=  42
     k-point:    12    nbnd_occ=  42
     k-point:    13    nbnd_occ=  42
     k-point:    14    nbnd_occ=  42
     k-point:    15    nbnd_occ=  42
     k-point:    16    nbnd_occ=  42


     q-space interpolation up to   110.00 Rydberg

     GIPAW job: efg                                                                             


     ELECTRIC FIELD GRADIENTS TENSORS IN Hartree/bohrradius^2:

     ----- bare term -----
     Cl   1        0.000211        0.027117       -0.043905
     Cl   1        0.027117        0.091979       -0.023308
     Cl   1       -0.043905       -0.023308       -0.092190

     C    2       -0.775956        0.506323       -0.339281
     C    2        0.506323        0.287784       -0.049343
     C    2       -0.339281       -0.049343        0.488172

     C    3        0.309833        0.108958       -0.076818
     C    3        0.108958       -0.252703       -0.514589
     C    3       -0.076818       -0.514589       -0.057130

     H    4        0.123568        0.127393       -0.402171
     H    4        0.127393       -0.042109        0.213663
     H    4       -0.402171        0.213663       -0.081459

     C    5       -0.876084        0.369512       -0.413338
     C    5        0.369512        0.385961       -0.068573
     C    5       -0.413338       -0.068573        0.490123

     H    6        0.486109        0.015220       -0.068637
     H    6        0.015220       -0.427467       -0.479129
     H    6       -0.068637       -0.479129       -0.058642

     H    7        0.094032        0.472195        0.099740
     H    7        0.472195       -0.456430       -0.001498
     H    7        0.099740       -0.001498        0.362398

     C    8       -0.006830       -0.165814       -0.008428
     C    8       -0.165814       -0.231635        0.186515
     C    8       -0.008428        0.186515        0.238465

     H    9       -0.402338        0.371443        0.187090
     H    9        0.371443        0.175959       -0.091151
     H    9        0.187090       -0.091151        0.226379

     C   10       -0.098606        0.009777        0.030543
     C   10        0.009777       -0.056470        0.052462
     C   10        0.030543        0.052462        0.155076

     C   11       -0.062523        0.148721       -0.185431
     C   11        0.148721       -0.011619        0.326707
     C   11       -0.185431        0.326707        0.074142

     Cl  12        0.033209       -0.140437        0.018903
     Cl  12       -0.140437        0.078159       -0.138251
     Cl  12        0.018903       -0.138251       -0.111368

     H   13        0.267634        0.228892        0.173614
     H   13        0.228892       -0.336200       -0.521921
     H   13        0.173614       -0.521921        0.068566

     C   14       -0.027844       -0.125077       -0.275722
     C   14       -0.125077       -0.188554       -0.386063
     C   14       -0.275722       -0.386063        0.216398

     H   15        0.115827       -0.107812       -0.328304
     H   15       -0.107812        0.428481       -0.328200
     H   15       -0.328304       -0.328200       -0.544308

     C   16       -0.642981        0.373855       -0.380234
     C   16        0.373855        0.255509       -0.035107
     C   16       -0.380234       -0.035107        0.387472

     C   17        0.089910       -0.165827       -0.246124
     C   17       -0.165827       -0.400240       -0.460401
     C   17       -0.246124       -0.460401        0.310331

     Cl  18       -0.168078        0.307426        0.174207
     Cl  18        0.307426        0.102349        0.025778
     Cl  18        0.174207        0.025778        0.065728

     H   19        0.431419       -0.082326       -0.305923
     H   19       -0.082326       -0.091326        0.270123
     H   19       -0.305923        0.270123       -0.340093

     C   20       -0.601953       -0.325026       -0.105863
     C   20       -0.325026        0.300880        0.261867
     C   20       -0.105863        0.261867        0.301073

     H   21       -0.343930       -0.263389       -0.330964
     H   21       -0.263389       -0.037735        0.259537
     H   21       -0.330964        0.259537        0.381665

     C   22        0.078452       -0.179160       -0.131012
     C   22       -0.179160       -0.114230        0.587983
     C   22       -0.131012        0.587983        0.035779

     C   23       -0.465260       -0.383463       -0.463209
     C   23       -0.383463        0.292929        0.134350
     C   23       -0.463209        0.134350        0.172331

     Cl  24       -0.036780       -0.149277        0.057119
     Cl  24       -0.149277        0.038504       -0.088304
     Cl  24        0.057119       -0.088304       -0.001724

     ----- ionic term -----
     Cl   1        0.180834       -0.243415        0.038006
     Cl   1       -0.243415       -0.017045       -0.015823
     Cl   1        0.038006       -0.015823       -0.163789

     C    2        0.170445       -0.275410        0.325852
     C    2       -0.275410        0.013120        0.390488
     C    2        0.325852        0.390488       -0.183565

     C    3        0.036834       -0.359830        0.242458
     C    3       -0.359830        0.115341        0.340491
     C    3        0.242458        0.340491       -0.152175

     H    4        0.339948        0.046361        0.781438
     H    4        0.046361       -0.493676        0.126473
     H    4        0.781438        0.126473        0.153728

     C    5        0.144685       -0.274733        0.398052
     C    5       -0.274733        0.008238        0.249529
     C    5        0.398052        0.249529       -0.152923

     H    6       -0.537252        0.045185        0.070512
     H    6        0.045185        0.533562        0.752938
     H    6        0.070512        0.752938        0.003689

     H    7       -0.460409       -0.300365        0.140224
     H    7       -0.300365        0.692090       -0.642410
     H    7        0.140224       -0.642410       -0.231680

     C    8        0.354627        0.068151        0.165327
     C    8        0.068151        0.072194       -0.317613
     C    8        0.165327       -0.317613       -0.426820

     H    9        0.904102       -0.346820        0.409641
     H    9       -0.346820       -0.444899       -0.176489
     H    9        0.409641       -0.176489       -0.459203

     C   10        0.231561        0.101781        0.121367
     C   10        0.101781        0.154207       -0.396192
     C   10        0.121367       -0.396192       -0.385768

     C   11        0.320417        0.006095        0.277719
     C   11        0.006095        0.067837       -0.404227
     C   11        0.277719       -0.404227       -0.388255

     Cl  12        0.089661        0.169359       -0.019999
     Cl  12        0.169359        0.050881       -0.024955
     Cl  12       -0.019999       -0.024955       -0.140541

     H   13       -0.503081       -0.091468       -0.057109
     H   13       -0.091468        0.596036        0.718012
     H   13       -0.057109        0.718012       -0.092955

     C   14        0.218905       -0.247154        0.307721
     C   14       -0.247154        0.029813        0.273384
     C   14        0.307721        0.273384       -0.248718

     H   15        0.447468        0.112077        0.821882
     H   15        0.112077       -0.505776        0.150325
     H   15        0.821882        0.150325        0.058309

     C   16        0.084784       -0.256244        0.270285
     C   16       -0.256244        0.170418        0.324367
     C   16        0.270285        0.324367       -0.255202

     C   17        0.009345       -0.230983        0.401058
     C   17       -0.230983        0.169896        0.332626
     C   17        0.401058        0.332626       -0.179241

     Cl  18        0.061052       -0.195245        0.044425
     Cl  18       -0.195245        0.088679       -0.027644
     Cl  18        0.044425       -0.027644       -0.149731

     H   19       -0.492988       -0.221002        0.145374
     H   19       -0.221002        0.572175       -0.749273
     H   19        0.145374       -0.749273       -0.079187

     C   20        0.380674        0.113465        0.195930
     C   20        0.113465        0.014121       -0.371064
     C   20        0.195930       -0.371064       -0.394795

     H   21        0.802665       -0.226685        0.577066
     H   21       -0.226685       -0.455392       -0.188558
     H   21        0.577066       -0.188558       -0.347273

     C   22        0.186626        0.209063        0.096953
     C   22        0.209063        0.192355       -0.453467
     C   22        0.096953       -0.453467       -0.378981

     C   23        0.282601        0.103673        0.171236
     C   23        0.103673        0.128247       -0.436718
     C   23        0.171236       -0.436718       -0.410848

     Cl  24        0.130770        0.223193       -0.028989
     Cl  24        0.223193        0.007840       -0.033637
     Cl  24       -0.028989       -0.033637       -0.138610

     ----- GIPAW term -----
     Cl   1       -0.042741       -1.566411       -0.196435
     Cl   1       -1.566411        2.622043       -0.576344
     Cl   1       -0.196435       -0.576344       -2.579302

     C    2       -0.137264       -0.004805       -0.029337
     C    2       -0.004805        0.196426        0.077050
     C    2       -0.029337        0.077050       -0.059162

     C    3       -0.026379        0.012598        0.008922
     C    3        0.012598        0.131259        0.010473
     C    3        0.008922        0.010473       -0.104881

     H    4       -0.000000        0.000000        0.000000
     H    4        0.000000        0.000000        0.000000
     H    4        0.000000        0.000000        0.000000

     C    5       -0.159545        0.019308       -0.028768
     C    5        0.019308        0.190397        0.065231
     C    5       -0.028768        0.065231       -0.030852

     H    6       -0.000000        0.000000        0.000000
     H    6        0.000000        0.000000        0.000000
     H    6        0.000000        0.000000        0.000000

     H    7       -0.000000        0.000000        0.000000
     H    7        0.000000        0.000000        0.000000
     H    7        0.000000        0.000000        0.000000

     C    8        0.014915       -0.086084       -0.022595
     C    8       -0.086084        0.018194        0.071577
     C    8       -0.022595        0.071577       -0.033109

     H    9       -0.000000        0.000000        0.000000
     H    9        0.000000        0.000000        0.000000
     H    9        0.000000        0.000000        0.000000

     C   10       -0.009916       -0.010721       -0.024037
     C   10       -0.010721        0.005175        0.016766
     C   10       -0.024037        0.016766        0.004741

     C   11       -0.026852        0.045819       -0.019314
     C   11        0.045819       -0.001076        0.084255
     C   11       -0.019314        0.084255        0.027928

     Cl  12       -0.687703        0.592359       -0.440805
     Cl  12        0.592359       -0.798076        1.109529
     Cl  12       -0.440805        1.109529        1.485778

     H   13       -0.000000        0.000000        0.000000
     H   13        0.000000        0.000000        0.000000
     H   13        0.000000        0.000000        0.000000

     C   14       -0.092176       -0.090158       -0.062079
     C   14       -0.090158        0.089161        0.114353
     C   14       -0.062079        0.114353        0.003015

     H   15       -0.000000        0.000000        0.000000
     H   15        0.000000        0.000000        0.000000
     H   15        0.000000        0.000000        0.000000

     C   16       -0.148542       -0.021816       -0.093418
     C   16       -0.021816        0.084911        0.132610
     C   16       -0.093418        0.132610        0.063630

     C   17       -0.065845       -0.115958       -0.046041
     C   17       -0.115958       -0.002282        0.136137
     C   17       -0.046041        0.136137        0.068127

     Cl  18       -0.045871       -0.087383       -1.476413
     Cl  18       -0.087383       -1.032777       -0.197199
     Cl  18       -1.476413       -0.197199        1.078647

     H   19       -0.000000        0.000000        0.000000
     H   19        0.000000        0.000000        0.000000
     H   19        0.000000        0.000000        0.000000

     C   20       -0.170400        0.005825        0.024996
     C   20        0.005825        0.176480        0.152394
     C   20        0.024996        0.152394       -0.006080

     H   21       -0.000000        0.000000        0.000000
     H   21        0.000000        0.000000        0.000000
     H   21        0.000000        0.000000        0.000000

     C   22       -0.111551       -0.032344       -0.000487
     C   22       -0.032344        0.262611       -0.004161
     C   22       -0.000487       -0.004161       -0.151060

     C   23       -0.037277       -0.154946       -0.041439
     C   23       -0.154946        0.200615       -0.024747
     C   23       -0.041439       -0.024747       -0.163338

     Cl  24        0.662403       -0.305011        1.017330
     Cl  24       -0.305011        1.047873       -1.499856
     Cl  24        1.017330       -1.499856       -1.710276

     ----- total EFG -----
     Cl   1        0.138304       -1.782709       -0.202334
     Cl   1       -1.782709        2.696978       -0.615475
     Cl   1       -0.202334       -0.615475       -2.835282

     C    2       -0.742775        0.226108       -0.042765
     C    2        0.226108        0.497329        0.418195
     C    2       -0.042765        0.418195        0.245446

     C    3        0.320288       -0.238273        0.174562
     C    3       -0.238273       -0.006102       -0.163625
     C    3        0.174562       -0.163625       -0.314186

     H    4        0.463517        0.173754        0.379267
     H    4        0.173754       -0.535786        0.340136
     H    4        0.379267        0.340136        0.072269

     C    5       -0.890944        0.114088       -0.044054
     C    5        0.114088        0.584596        0.246188
     C    5       -0.044054        0.246188        0.306348

     H    6       -0.051143        0.060404        0.001876
     H    6        0.060404        0.106095        0.273809
     H    6        0.001876        0.273809       -0.054953

     H    7       -0.366377        0.171830        0.239964
     H    7        0.171830        0.235660       -0.643908
     H    7        0.239964       -0.643908        0.130717

     C    8        0.362712       -0.183746        0.134304
     C    8       -0.183746       -0.141247       -0.059522
     C    8        0.134304       -0.059522       -0.221464

     H    9        0.501764        0.024623        0.596731
     H    9        0.024623       -0.268940       -0.267641
     H    9        0.596731       -0.267641       -0.232825

     C   10        0.123039        0.100837        0.127873
     C   10        0.100837        0.102912       -0.326964
     C   10        0.127873       -0.326964       -0.225951

     C   11        0.231042        0.200635        0.072974
     C   11        0.200635        0.055143        0.006735
     C   11        0.072974        0.006735       -0.286185

     Cl  12       -0.564833        0.621281       -0.441901
     Cl  12        0.621281       -0.669036        0.946323
     Cl  12       -0.441901        0.946323        1.233869

     H   13       -0.235448        0.137424        0.116504
     H   13        0.137424        0.259836        0.196091
     H   13        0.116504        0.196091       -0.024388

     C   14        0.098886       -0.462388       -0.030080
     C   14       -0.462388       -0.069580        0.001674
     C   14       -0.030080        0.001674       -0.029305

     H   15        0.563294        0.004265        0.493578
     H   15        0.004265       -0.077295       -0.177875
     H   15        0.493578       -0.177875       -0.485999

     C   16       -0.706738        0.095795       -0.203368
     C   16        0.095795        0.510838        0.421870
     C   16       -0.203368        0.421870        0.195900

     C   17        0.033409       -0.512767        0.108894
     C   17       -0.512767       -0.232627        0.008362
     C   17        0.108894        0.008362        0.199218

     Cl  18       -0.152897        0.024797       -1.257781
     Cl  18        0.024797       -0.841749       -0.199065
     Cl  18       -1.257781       -0.199065        0.994645

     H   19       -0.061569       -0.303328       -0.160549
     H   19       -0.303328        0.480849       -0.479151
     H   19       -0.160549       -0.479151       -0.419280

     C   20       -0.391679       -0.205736        0.115063
     C   20       -0.205736        0.491480        0.043197
     C   20        0.115063        0.043197       -0.099802

     H   21        0.458735       -0.490074        0.246102
     H   21       -0.490074       -0.493127        0.070979
     H   21        0.246102        0.070979        0.034392

     C   22        0.153527       -0.002441       -0.034546
     C   22       -0.002441        0.340735        0.130354
     C   22       -0.034546        0.130354       -0.494262

     C   23       -0.219936       -0.434736       -0.333412
     C   23       -0.434736        0.621791       -0.327115
     C   23       -0.333412       -0.327115       -0.401855

     Cl  24        0.756393       -0.231095        1.045460
     Cl  24       -0.231095        1.094217       -1.621797
     Cl  24        1.045460       -1.621797       -1.850610

     ----- total EFG (symmetrized) -----
     Cl   1        0.138304       -1.782709       -0.202334
     Cl   1       -1.782709        2.696978       -0.615475
     Cl   1       -0.202334       -0.615475       -2.835282

     C    2       -0.742775        0.226108       -0.042765
     C    2        0.226108        0.497329        0.418195
     C    2       -0.042765        0.418195        0.245446

     C    3        0.320288       -0.238273        0.174562
     C    3       -0.238273       -0.006102       -0.163625
     C    3        0.174562       -0.163625       -0.314186

     H    4        0.463517        0.173754        0.379267
     H    4        0.173754       -0.535786        0.340136
     H    4        0.379267        0.340136        0.072269

     C    5       -0.890944        0.114088       -0.044054
     C    5        0.114088        0.584596        0.246188
     C    5       -0.044054        0.246188        0.306348

     H    6       -0.051143        0.060404        0.001876
     H    6        0.060404        0.106095        0.273809
     H    6        0.001876        0.273809       -0.054953

     H    7       -0.366377        0.171830        0.239964
     H    7        0.171830        0.235660       -0.643908
     H    7        0.239964       -0.643908        0.130717

     C    8        0.362712       -0.183746        0.134304
     C    8       -0.183746       -0.141247       -0.059522
     C    8        0.134304       -0.059522       -0.221464

     H    9        0.501764        0.024623        0.596731
     H    9        0.024623       -0.268940       -0.267641
     H    9        0.596731       -0.267641       -0.232825

     C   10        0.123039        0.100837        0.127873
     C   10        0.100837        0.102912       -0.326964
     C   10        0.127873       -0.326964       -0.225951

     C   11        0.231042        0.200635        0.072974
     C   11        0.200635        0.055143        0.006735
     C   11        0.072974        0.006735       -0.286185

     Cl  12       -0.564833        0.621281       -0.441901
     Cl  12        0.621281       -0.669036        0.946323
     Cl  12       -0.441901        0.946323        1.233869

     H   13       -0.235448        0.137424        0.116504
     H   13        0.137424        0.259836        0.196091
     H   13        0.116504        0.196091       -0.024388

     C   14        0.098886       -0.462388       -0.030080
     C   14       -0.462388       -0.069580        0.001674
     C   14       -0.030080        0.001674       -0.029305

     H   15        0.563294        0.004265        0.493578
     H   15        0.004265       -0.077295       -0.177875
     H   15        0.493578       -0.177875       -0.485999

     C   16       -0.706738        0.095795       -0.203368
     C   16        0.095795        0.510838        0.421870
     C   16       -0.203368        0.421870        0.195900

     C   17        0.033409       -0.512767        0.108894
     C   17       -0.512767       -0.232627        0.008362
     C   17        0.108894        0.008362        0.199218

     Cl  18       -0.152897        0.024797       -1.257781
     Cl  18        0.024797       -0.841749       -0.199065
     Cl  18       -1.257781       -0.199065        0.994645

     H   19       -0.061569       -0.303328       -0.160549
     H   19       -0.303328        0.480849       -0.479151
     H   19       -0.160549       -0.479151       -0.419280

     C   20       -0.391679       -0.205736        0.115063
     C   20       -0.205736        0.491480        0.043197
     C   20        0.115063        0.043197       -0.099802

     H   21        0.458735       -0.490074        0.246102
     H   21       -0.490074       -0.493127        0.070979
     H   21        0.246102        0.070979        0.034392

     C   22        0.153527       -0.002441       -0.034546
     C   22       -0.002441        0.340735        0.130354
     C   22       -0.034546        0.130354       -0.494262

     C   23       -0.219936       -0.434736       -0.333412
     C   23       -0.434736        0.621791       -0.327115
     C   23       -0.333412       -0.327115       -0.401855

     Cl  24        0.756393       -0.231095        1.045460
     Cl  24       -0.231095        1.094217       -1.621797
     Cl  24        1.045460       -1.621797       -1.850610


     NQR/NMR SPECTROSCOPIC PARAMETERS:
     Cl   1    Vxx=   -0.6801    axis=(  0.880525  0.427494 -0.204754)
     Cl   1    Vyy=   -2.9640    axis=(  0.152213  0.154076  0.976264)
     Cl   1    Vzz=    3.6441    axis=(  0.448894 -0.890792  0.070598)
     Cl   1  Q=        -8.1650 1e-30 m^2  Cq=       -69.9105 MHz  eta= 0.62671

     C    2    Vxx=   -0.0269    axis=( -0.221290 -0.548022  0.806662)
     C    2    Vyy=   -0.7971    axis=( -0.969954  0.209434 -0.123803)
     C    2    Vzz=    0.8240    axis=( -0.101096 -0.809821 -0.577901)
     C    2  Q=         1.0000 1e-30 m^2  Cq=         1.9360 MHz  eta= 0.93463

     C    3    Vxx=   -0.1179    axis=(  0.530698  0.820594 -0.212097)
     C    3    Vyy=   -0.3930    axis=( -0.122290  0.321761  0.938890)
     C    3    Vzz=    0.5109    axis=(  0.838692 -0.472330  0.271109)
     C    3  Q=         1.0000 1e-30 m^2  Cq=         1.2004 MHz  eta= 0.53844

     H    4    Vxx=   -0.0900    axis=( -0.601875  0.322728  0.730474)
     H    4    Vyy=   -0.6880    axis=( -0.003864  0.913517 -0.406781)
     H    4    Vzz=    0.7779    axis=( -0.798581 -0.247654 -0.548576)
     H    4  Q=         1.0000 1e-30 m^2  Cq=         1.8278 MHz  eta= 0.76874

     C    5    Vxx=    0.1712    axis=( -0.088723 -0.491463  0.866367)
     C    5    Vyy=    0.7319    axis=(  0.047454  0.866724  0.496526)
     C    5    Vzz=   -0.9031    axis=( -0.994925  0.085165 -0.053576)
     C    5  Q=         1.0000 1e-30 m^2  Cq=        -2.1219 MHz  eta= 0.62084

     H    6    Vxx=   -0.0521    axis=(  0.977550 -0.008894 -0.210517)
     H    6    Vyy=   -0.2656    axis=( -0.162825  0.602244 -0.781531)
     H    6    Vzz=    0.3177    axis=(  0.133733  0.798263  0.587275)
     H    6  Q=         1.0000 1e-30 m^2  Cq=         0.7464 MHz  eta= 0.67199

     H    7    Vxx=   -0.1186    axis=( -0.761326 -0.460450 -0.456473)
     H    7    Vyy=   -0.7118    axis=( -0.647574  0.505152  0.570499)
     H    7    Vzz=    0.8304    axis=( -0.032098  0.729936 -0.682761)
     H    7  Q=         1.0000 1e-30 m^2  Cq=         1.9511 MHz  eta= 0.71441

     C    8    Vxx=   -0.1973    axis=(  0.355091  0.901564 -0.247170)
     C    8    Vyy=   -0.2569    axis=( -0.114688  0.304416  0.945610)
     C    8    Vzz=    0.4542    axis=(  0.927770 -0.307430  0.211494)
     C    8  Q=         1.0000 1e-30 m^2  Cq=         1.0672 MHz  eta= 0.13125

     H    9    Vxx=   -0.1397    axis=(  0.326510  0.862532 -0.386561)
     H    9    Vyy=   -0.7066    axis=( -0.392635  0.495791  0.774615)
     H    9    Vzz=    0.8463    axis=(  0.859784 -0.101143  0.500541)
     H    9  Q=         1.0000 1e-30 m^2  Cq=         1.9884 MHz  eta= 0.66991

     C   10    Vxx=    0.1647    axis=(  0.956689  0.027931  0.289768)
     C   10    Vyy=    0.3068    axis=(  0.125427  0.858709 -0.496878)
     C   10    Vzz=   -0.4715    axis=( -0.262704  0.511702  0.818014)
     C   10  Q=         1.0000 1e-30 m^2  Cq=        -1.1079 MHz  eta= 0.30139

     C   11    Vxx=   -0.0708    axis=(  0.521825 -0.839670  0.150510)
     C   11    Vyy=   -0.2978    axis=( -0.163958  0.074426  0.983656)
     C   11    Vzz=    0.3686    axis=( -0.837148 -0.537974 -0.098833)
     C   11  Q=         1.0000 1e-30 m^2  Cq=         0.8660 MHz  eta= 0.61609

     Cl  12    Vxx=   -0.0408    axis=(  0.805207  0.574409 -0.147298)
     Cl  12    Vyy=   -1.5983    axis=( -0.586806  0.736039 -0.337498)
     Cl  12    Vzz=    1.6391    axis=( -0.085445  0.358191  0.929730)
     Cl  12  Q=        -8.1650 1e-30 m^2  Cq=       -31.4446 MHz  eta= 0.95022

     H   13    Vxx=   -0.1152    axis=(  0.217296 -0.513599  0.830059)
     H   13    Vyy=   -0.2927    axis=(  0.939688 -0.120048 -0.320274)
     H   13    Vzz=    0.4079    axis=(  0.264140  0.849591  0.456537)
     H   13  Q=         1.0000 1e-30 m^2  Cq=         0.9585 MHz  eta= 0.43510

     C   14    Vxx=   -0.0297    axis=(  0.008999 -0.062421  0.998009)
     C   14    Vyy=   -0.4561    axis=( -0.640879 -0.766483 -0.042161)
     C   14    Vzz=    0.4858    axis=(  0.767589 -0.639223 -0.046902)
     C   14  Q=         1.0000 1e-30 m^2  Cq=         1.1414 MHz  eta= 0.87780

     H   15    Vxx=   -0.0387    axis=(  0.161635  0.965221 -0.205482)
     H   15    Vyy=   -0.7249    axis=(  0.347109 -0.250521 -0.903745)
     H   15    Vzz=    0.7636    axis=( -0.923791  0.074752 -0.375530)
     H   15  Q=         1.0000 1e-30 m^2  Cq=         1.7941 MHz  eta= 0.89860

     C   16    Vxx=   -0.0250    axis=( -0.308534 -0.553743  0.773418)
     C   16    Vyy=   -0.7796    axis=( -0.950870  0.157686 -0.266425)
     C   16    Vzz=    0.8046    axis=(  0.025574 -0.817621 -0.575189)
     C   16  Q=         1.0000 1e-30 m^2  Cq=         1.8905 MHz  eta= 0.93782

     C   17    Vxx=    0.1797    axis=(  0.189963 -0.255492 -0.947965)
     C   17    Vyy=    0.4562    axis=(  0.765444 -0.566111  0.305964)
     C   17    Vzz=   -0.6358    axis=( -0.614825 -0.783736  0.088025)
     C   17  Q=         1.0000 1e-30 m^2  Cq=        -1.4939 MHz  eta= 0.43490

     Cl  18    Vxx=   -0.8059    axis=(  0.441505 -0.871848  0.212026)
     Cl  18    Vyy=   -1.0098    axis=(  0.718239  0.485038  0.498869)
     Cl  18    Vzz=    1.8157    axis=( -0.537779 -0.067968  0.840342)
     Cl  18  Q=        -8.1650 1e-30 m^2  Cq=       -34.8326 MHz  eta= 0.11229

     H   19    Vxx=   -0.0110    axis=(  0.882685  0.096235 -0.460006)
     H   19    Vyy=   -0.7379    axis=(  0.383286  0.418992  0.823126)
     H   19    Vzz=    0.7489    axis=(  0.271953 -0.902875  0.332953)
     H   19  Q=         1.0000 1e-30 m^2  Cq=         1.7596 MHz  eta= 0.97070

     C   20    Vxx=   -0.0610    axis=(  0.306229  0.039673  0.951131)
     C   20    Vyy=   -0.4766    axis=(  0.927866  0.210916 -0.307537)
     C   20    Vzz=    0.5375    axis=( -0.212810  0.976699  0.027778)
     C   20  Q=         1.0000 1e-30 m^2  Cq=         1.2630 MHz  eta= 0.77321

     H   21    Vxx=    0.0105    axis=( -0.178949  0.305912  0.935091)
     H   21    Vyy=    0.7249    axis=( -0.895203  0.343659 -0.283742)
     H   21    Vzz=   -0.7354    axis=( -0.408152 -0.887872  0.212356)
     H   21  Q=         1.0000 1e-30 m^2  Cq=        -1.7279 MHz  eta= 0.97140

     C   22    Vxx=    0.1550    axis=(  0.998045  0.044154 -0.044243)
     C   22    Vyy=    0.3609    axis=( -0.036956  0.987682  0.152049)
     C   22    Vzz=   -0.5158    axis=(  0.050412 -0.150116  0.987382)
     C   22  Q=         1.0000 1e-30 m^2  Cq=        -1.2120 MHz  eta= 0.39924

     C   23    Vxx=    0.0135    axis=(  0.714322  0.142006 -0.685258)
     C   23    Vyy=    0.8331    axis=( -0.334360  0.929457 -0.155929)
     C   23    Vzz=   -0.8465    axis=(  0.614775  0.340507  0.711412)
     C   23  Q=         1.0000 1e-30 m^2  Cq=        -1.9890 MHz  eta= 0.96814

     Cl  24    Vxx=    0.6434    axis=(  0.855353  0.517579  0.021984)
     Cl  24    Vyy=    2.1406    axis=( -0.457952  0.775287 -0.434983)
     Cl  24    Vzz=   -2.7841    axis=( -0.242182  0.361996  0.900170)
     Cl  24  Q=        -8.1650 1e-30 m^2  Cq=        53.4110 MHz  eta= 0.53778

     Initialization:
     gipaw_setup  :      9.33s CPU     11.66s WALL (       1 calls)

     Linear response

     Apply operators

     Induced current

     Other routines
     efg          :     10.23s CPU     12.62s WALL (       1 calls)

     General routines
     calbec       :      3.30s CPU      4.41s WALL (      16 calls)
     fft          :      1.70s CPU      2.76s WALL (      15 calls)
     ffts         :      0.04s CPU      0.04s WALL (       2 calls)
     fftw         :      4.05s CPU      4.84s WALL (     672 calls)
     davcio       :      0.04s CPU      0.29s WALL (      32 calls)

     Parallel routines
     fft_scatter  :      2.47s CPU      4.09s WALL (     689 calls)

     Plugins

     GIPAW        :     63.59s CPU     78.12s WALL (       1 calls)
