
     Program QE v.6.0 (svn rev. 13079) starts on  5Jan2017 at 22:33:18 

     This program is part of the open-source Quantum ESPRESSO suite
     for quantum simulation of materials; please cite
         "P. Giannozzi et al., J. Phys.:Condens. Matter 21 395502 (2009);
          URL http://www.quantum-espresso.org", 
     in publications or presentations arising from this work. More details at
     http://www.quantum-espresso.org/quote

     Parallel version (MPI), running on     8 processors
     R & G space division:  proc/nbgrp/npool/nimage =       8

     ***** This is GIPAW svn revision unknown      *****

     Parallelizing q-star over 1 images

     Reading data from directory:
     /users/majewski/paradichlorobenzene/pbe/9_constraint/scratch/pbe.ecut100.np8.dt60.pcl2phi-129368.save
     Message from routine read_xml_file:
     file /users/majewski/paradichlorobenzene/pbe/9_constraint/scratch/pbe.ecut100.np8.dt60.pcl2phi-129368.save not guaranteed to be safe for post-processing

   Info: using nr1, nr2, nr3 values from input

   Info: using nr1, nr2, nr3 values from input

     IMPORTANT: XC functional enforced from input :
     Exchange-correlation      =  SLA  PW   PBX  PBC ( 1  4  3  4 0 0)
     Any further DFT definition will be discarded
     Please, verify this is what you really want

               file C.pbe-n-kjpaw_psl.1.0.0.UPF: wavefunction(s)  2S 2P renormalized
               file Cl.pbe-n-kjpaw_psl.1.0.0.UPF: wavefunction(s)  3S 3P renormalized
               file H.pbe-kjpaw_psl.1.0.0.UPF: wavefunction(s)  1S renormalized

     Parallelization info
     --------------------
     sticks:   dense  smooth     PW     G-vecs:    dense   smooth      PW
     Min        3057    1223    332               144436    36536    5170
     Max        3059    1225    333               144437    36537    5171
     Sum       24467    9791   2657              1155489   292295   41363


     Subspace diagonalization in iterative solution of the eigenvalue problem:
     a serial algorithm will be used

     GIPAW projectors -----------------------------------------------
     atom=  C    l=0  rc=    1.2000  rs=    0.8000
     atom=  C    l=0  rc=    1.2000  rs=    0.8000
     atom=  C    l=1  rc=    1.4000  rs=    0.9333
     atom=  C    l=1  rc=    1.4000  rs=    0.9333
     projs nearly linearly dependent: l=1  n1,n2= 1, 2  s=  0.99951561

     atom=  Cl   l=0  rc=    1.6000  rs=    1.0667
     atom=  Cl   l=0  rc=    1.6000  rs=    1.0667
     atom=  Cl   l=1  rc=    1.6000  rs=    1.0667
     atom=  Cl   l=1  rc=    1.6000  rs=    1.0667
     atom=  Cl   l=2  rc=    1.6000  rs=    1.0667
     atom=  Cl   l=2  rc=    1.6000  rs=    1.0667
     projs nearly linearly dependent: l=2  n1,n2= 1, 2  s=  0.99993509

     atom=  H    l=0  rc=    1.0000  rs=    0.6667
     atom=  H    l=0  rc=    1.0000  rs=    0.6667
     projs nearly linearly dependent: l=0  n1,n2= 1, 2  s=  0.99968852
     -----------------------------------------------------------------

     GIPAW integrals: -------------------------------------------
     Atom  i/j   nmr_para   nmr_dia   epr_rmc  epr_para   epr_dia
       C   1 1   0.83E+03  0.17E-01  0.93E+01  0.24E+08  0.24E+03
       C   2 1   0.86E+03 -0.61E-01  0.94E+01  0.25E+08  0.25E+03
       C   2 2   0.90E+03 -0.15E+00  0.97E+01  0.26E+08  0.26E+03
       C   3 3   0.33E+01  0.34E+00  0.18E+01  0.55E+03  0.21E+02
       C   4 3   0.35E+01  0.37E+00  0.20E+01  0.59E+03  0.22E+02
       C   4 4   0.38E+01  0.39E+00  0.22E+01  0.63E+03  0.24E+02
       Cl  1 1   0.14E+04 -0.47E+00  0.84E+01  0.32E+09  0.42E+03
       Cl  2 1   0.21E+04 -0.37E+00  0.12E+02  0.49E+09  0.65E+03
       Cl  2 2   0.33E+04 -0.16E+00  0.21E+02  0.76E+09  0.10E+04
       Cl  3 3   0.21E+02  0.79E-01  0.89E+01  0.23E+05  0.13E+03
       Cl  4 3   0.24E+02  0.67E-01  0.99E+01  0.27E+05  0.15E+03
       Cl  4 4   0.28E+02  0.44E-01  0.11E+02  0.32E+05  0.18E+03
       Cl  5 5   0.77E+00  0.19E+00  0.18E+01  0.12E+03  0.22E+02
       Cl  6 5   0.80E+00  0.19E+00  0.19E+01  0.12E+03  0.23E+02
       Cl  6 6   0.83E+00  0.20E+00  0.19E+01  0.12E+03  0.23E+02
       H   1 1   0.39E+02  0.19E+00  0.29E+00  0.78E+05  0.13E+02
       H   2 1   0.41E+02  0.21E+00  0.32E+00  0.82E+05  0.14E+02
       H   2 2   0.43E+02  0.22E+00  0.36E+00  0.86E+05  0.15E+02
     ------------------------------------------------------------

     alpha_pv=     33.9907 eV

     Number of occupied bands for each k-point:
     k-point:     1    nbnd_occ=  42
     k-point:     2    nbnd_occ=  42
     k-point:     3    nbnd_occ=  42
     k-point:     4    nbnd_occ=  42
     k-point:     5    nbnd_occ=  42
     k-point:     6    nbnd_occ=  42
     k-point:     7    nbnd_occ=  42
     k-point:     8    nbnd_occ=  42
     k-point:     9    nbnd_occ=  42
     k-point:    10    nbnd_occ=  42
     k-point:    11    nbnd_occ=  42
     k-point:    12    nbnd_occ=  42
     k-point:    13    nbnd_occ=  42
     k-point:    14    nbnd_occ=  42
     k-point:    15    nbnd_occ=  42
     k-point:    16    nbnd_occ=  42


     q-space interpolation up to   110.00 Rydberg

     GIPAW job: efg                                                                             


     ELECTRIC FIELD GRADIENTS TENSORS IN Hartree/bohrradius^2:

     ----- bare term -----
     Cl   1        0.076932        0.016772       -0.068896
     Cl   1        0.016772       -0.084403        0.098900
     Cl   1       -0.068896        0.098900        0.007471

     C    2       -0.392010        0.276175       -0.282781
     C    2        0.276175        0.011175       -0.470494
     C    2       -0.282781       -0.470494        0.380836

     C    3       -0.114999       -0.032818       -0.244273
     C    3       -0.032818       -0.087207       -0.690811
     C    3       -0.244273       -0.690811        0.202206

     H    4       -0.061772        0.111809       -0.555002
     H    4        0.111809        0.134573        0.200089
     H    4       -0.555002        0.200089       -0.072800

     C    5       -0.311605        0.332220       -0.163661
     C    5        0.332220       -0.084479       -0.295105
     C    5       -0.163661       -0.295105        0.396084

     H    6        0.366318       -0.046813       -0.049600
     H    6       -0.046813       -0.487325       -0.540725
     H    6       -0.049600       -0.540725        0.121007

     H    7        0.301133        0.214344       -0.328627
     H    7        0.214344       -0.094545        0.544289
     H    7       -0.328627        0.544289       -0.206588

     C    8        0.039376       -0.554508        0.112303
     C    8       -0.554508       -0.476374        0.347167
     C    8        0.112303        0.347167        0.436998

     H    9       -0.489525        0.502991       -0.348807
     H    9        0.502991        0.179851        0.188868
     H    9       -0.348807        0.188868        0.309674

     C   10       -0.229202       -0.151311       -0.253354
     C   10       -0.151311       -0.042084        0.302939
     C   10       -0.253354        0.302939        0.271285

     C   11       -0.011714       -0.315228       -0.198961
     C   11       -0.315228       -0.161645        0.579196
     C   11       -0.198961        0.579196        0.173359

     Cl  12        0.020268        0.043194       -0.093469
     Cl  12        0.043194       -0.035284        0.030490
     Cl  12       -0.093469        0.030490        0.015016

     H   13        0.263909        0.102284        0.331603
     H   13        0.102284       -0.009025       -0.505820
     H   13        0.331603       -0.505820       -0.254884

     C   14       -0.089908       -0.147292       -0.532571
     C   14       -0.147292       -0.182253       -0.392418
     C   14       -0.532571       -0.392418        0.272161

     H   15        0.089025       -0.117112       -0.286581
     H   15       -0.117112        0.450904        0.107518
     H   15       -0.286581        0.107518       -0.539928

     C   16       -0.094477        0.456115       -0.324192
     C   16        0.456115       -0.263340       -0.143597
     C   16       -0.324192       -0.143597        0.357817

     C   17        0.129546       -0.342036       -0.581100
     C   17       -0.342036       -0.211686       -0.589125
     C   17       -0.581100       -0.589125        0.082140

     Cl  18        0.011815        0.311815        0.071998
     Cl  18        0.311815       -0.155684       -0.027808
     Cl  18        0.071998       -0.027808        0.143870

     H   19        0.403236        0.033512       -0.093590
     H   19        0.033512       -0.417022        0.533396
     H   19       -0.093590        0.533396        0.013786

     C   20       -0.679098       -0.336021       -0.404423
     C   20       -0.336021        0.245609        0.199086
     C   20       -0.404423        0.199086        0.433489

     H   21       -0.480983       -0.031257       -0.261132
     H   21       -0.031257        0.222855        0.417641
     H   21       -0.261132        0.417641        0.258127

     C   22        0.105182       -0.373287        0.001652
     C   22       -0.373287       -0.379893        0.491098
     C   22        0.001652        0.491098        0.274711

     C   23       -0.507630       -0.300439       -0.402698
     C   23       -0.300439        0.264279        0.086403
     C   23       -0.402698        0.086403        0.243351

     Cl  24       -0.051576       -0.121033        0.081742
     Cl  24       -0.121033        0.045763       -0.138364
     Cl  24        0.081742       -0.138364        0.005812

     ----- ionic term -----
     Cl   1        0.081961       -0.203186        0.048187
     Cl   1       -0.203186        0.050349       -0.027453
     Cl   1        0.048187       -0.027453       -0.132310

     C    2       -0.007550       -0.217596        0.371565
     C    2       -0.217596        0.175381        0.352616
     C    2        0.371565        0.352616       -0.167831

     C    3        0.079947       -0.318259        0.267088
     C    3       -0.318259        0.228724        0.330824
     C    3        0.267088        0.330824       -0.308671

     H    4        0.495545        0.134822        0.766282
     H    4        0.134822       -0.467886        0.169520
     H    4        0.766282        0.169520       -0.027659

     C    5        0.222791       -0.298874        0.306547
     C    5       -0.298874        0.114927        0.258702
     C    5        0.306547        0.258702       -0.337718

     H    6       -0.475326       -0.102726       -0.039056
     H    6       -0.102726        0.705848        0.654863
     H    6       -0.039056        0.654863       -0.230522

     H    7       -0.526622       -0.069697        0.069621
     H    7       -0.069697        0.484894       -0.787853
     H    7        0.069621       -0.787853        0.041728

     C    8        0.242843        0.190597        0.266374
     C    8        0.190597       -0.002447       -0.313637
     C    8        0.266374       -0.313637       -0.240396

     H    9        0.624705       -0.432114        0.572052
     H    9       -0.432114       -0.371890       -0.256135
     H    9        0.572052       -0.256135       -0.252816

     C   10        0.137195        0.152583        0.166195
     C   10        0.152583        0.119166       -0.400577
     C   10        0.166195       -0.400577       -0.256361

     C   11        0.190367        0.134206        0.214619
     C   11        0.134206        0.072328       -0.393932
     C   11        0.214619       -0.393932       -0.262695

     Cl  12        0.085152        0.183087       -0.018051
     Cl  12        0.183087        0.043512       -0.015505
     Cl  12       -0.018051       -0.015505       -0.128663

     H   13       -0.564846       -0.033727       -0.007902
     H   13       -0.033727        0.476577        0.788121
     H   13       -0.007902        0.788121        0.088269

     C   14        0.101337       -0.305489        0.316998
     C   14       -0.305489        0.048398        0.280448
     C   14        0.316998        0.280448       -0.149735

     H   15        0.458282        0.035883        0.801833
     H   15        0.035883       -0.539838        0.099977
     H   15        0.801833        0.099977        0.081556

     C   16        0.073097       -0.359636        0.243931
     C   16       -0.359636        0.111745        0.329761
     C   16        0.243931        0.329761       -0.184842

     C   17        0.150201       -0.223351        0.269348
     C   17       -0.223351        0.039548        0.441350
     C   17        0.269348        0.441350       -0.189749

     Cl  18        0.132414       -0.209738       -0.007652
     Cl  18       -0.209738        0.012018        0.021729
     Cl  18       -0.007652        0.021729       -0.144432

     H   19       -0.507443       -0.132421        0.089699
     H   19       -0.132421        0.548258       -0.748846
     H   19        0.089699       -0.748846       -0.040815

     C   20        0.222015        0.154624        0.194354
     C   20        0.154624        0.098112       -0.320301
     C   20        0.194354       -0.320301       -0.320127

     H   21        0.755257       -0.338315        0.550184
     H   21       -0.338315       -0.383381       -0.219323
     H   21        0.550184       -0.219323       -0.371876

     C   22        0.093476        0.168902        0.153579
     C   22        0.168902        0.263835       -0.431284
     C   22        0.153579       -0.431284       -0.357311

     C   23        0.177500        0.137563        0.300993
     C   23        0.137563        0.111259       -0.404983
     C   23        0.300993       -0.404983       -0.288759

     Cl  24        0.142660        0.201583        0.009275
     Cl  24        0.201583       -0.005925       -0.010882
     Cl  24        0.009275       -0.010882       -0.136735

     ----- GIPAW term -----
     Cl   1       -0.336849       -0.806159       -0.678967
     Cl   1       -0.806159        0.665020       -1.942376
     Cl   1       -0.678967       -1.942376       -0.328171

     C    2       -0.097127       -0.082758       -0.021798
     C    2       -0.082758        0.118831       -0.193742
     C    2       -0.021798       -0.193742       -0.021704

     C    3       -0.108153       -0.110089       -0.008169
     C    3       -0.110089        0.109356       -0.230490
     C    3       -0.008169       -0.230490       -0.001203

     H    4       -0.000000        0.000000        0.000000
     H    4        0.000000        0.000000        0.000000
     H    4        0.000000        0.000000        0.000000

     C    5        0.070418       -0.093182        0.019973
     C    5       -0.093182       -0.018162       -0.049076
     C    5        0.019973       -0.049076       -0.052256

     H    6       -0.000000        0.000000        0.000000
     H    6        0.000000        0.000000        0.000000
     H    6        0.000000        0.000000        0.000000

     H    7       -0.000000        0.000000        0.000000
     H    7        0.000000        0.000000        0.000000
     H    7        0.000000        0.000000        0.000000

     C    8        0.057592       -0.201041        0.175165
     C    8       -0.201041       -0.122010       -0.057092
     C    8        0.175165       -0.057092        0.064418

     H    9       -0.000000        0.000000        0.000000
     H    9        0.000000        0.000000        0.000000
     H    9        0.000000        0.000000        0.000000

     C   10        0.087840       -0.093980        0.099085
     C   10       -0.093980       -0.077053       -0.021297
     C   10        0.099085       -0.021297       -0.010788

     C   11        0.109037       -0.072992       -0.044488
     C   11       -0.072992        0.033347        0.101318
     C   11       -0.044488        0.101318       -0.142384

     Cl  12        1.508416        2.362261       -0.813328
     Cl  12        2.362261       -0.282820        0.225382
     Cl  12       -0.813328        0.225382       -1.225595

     H   13       -0.000000        0.000000        0.000000
     H   13        0.000000        0.000000        0.000000
     H   13        0.000000        0.000000        0.000000

     C   14        0.071206       -0.131957       -0.226064
     C   14       -0.131957       -0.126857        0.000588
     C   14       -0.226064        0.000588        0.055651

     H   15       -0.000000        0.000000        0.000000
     H   15        0.000000        0.000000        0.000000
     H   15        0.000000        0.000000        0.000000

     C   16        0.084690        0.021122       -0.214824
     C   16        0.021122       -0.143962        0.030892
     C   16       -0.214824        0.030892        0.059272

     C   17        0.225423       -0.233688       -0.169146
     C   17       -0.233688       -0.093734       -0.050226
     C   17       -0.169146       -0.050226       -0.131689

     Cl  18        2.653364       -0.964713        0.704810
     Cl  18       -0.964713       -1.208727       -0.139846
     Cl  18        0.704810       -0.139846       -1.444637

     H   19       -0.000000        0.000000        0.000000
     H   19        0.000000        0.000000        0.000000
     H   19        0.000000        0.000000        0.000000

     C   20       -0.162679       -0.081590       -0.048905
     C   20       -0.081590        0.136618       -0.034903
     C   20       -0.048905       -0.034903        0.026061

     H   21       -0.000000        0.000000        0.000000
     H   21        0.000000        0.000000        0.000000
     H   21        0.000000        0.000000        0.000000

     C   22       -0.085582       -0.117556        0.071421
     C   22       -0.117556        0.116833       -0.139091
     C   22        0.071421       -0.139091       -0.031251

     C   23       -0.001642       -0.144389        0.058367
     C   23       -0.144389        0.105973       -0.128970
     C   23        0.058367       -0.128970       -0.104331

     Cl  24        0.441001        0.453834        0.964113
     Cl  24        0.453834        0.851286       -1.725159
     Cl  24        0.964113       -1.725159       -1.292287

     ----- total EFG -----
     Cl   1       -0.177957       -0.992573       -0.699677
     Cl   1       -0.992573        0.630966       -1.870929
     Cl   1       -0.699677       -1.870929       -0.453010

     C    2       -0.496687       -0.024179        0.066986
     C    2       -0.024179        0.305386       -0.311620
     C    2        0.066986       -0.311620        0.191301

     C    3       -0.143205       -0.461166        0.014647
     C    3       -0.461166        0.250873       -0.590477
     C    3        0.014647       -0.590477       -0.107668

     H    4        0.433772        0.246631        0.211280
     H    4        0.246631       -0.333313        0.369608
     H    4        0.211280        0.369608       -0.100459

     C    5       -0.018395       -0.059836        0.162859
     C    5       -0.059836        0.012286       -0.085479
     C    5        0.162859       -0.085479        0.006109

     H    6       -0.109008       -0.149539       -0.088656
     H    6       -0.149539        0.218523        0.114139
     H    6       -0.088656        0.114139       -0.109515

     H    7       -0.225489        0.144647       -0.259006
     H    7        0.144647        0.390349       -0.243565
     H    7       -0.259006       -0.243565       -0.164860

     C    8        0.339811       -0.564952        0.553842
     C    8       -0.564952       -0.600831       -0.023561
     C    8        0.553842       -0.023561        0.261020

     H    9        0.135181        0.070877        0.223245
     H    9        0.070877       -0.192039       -0.067267
     H    9        0.223245       -0.067267        0.056858

     C   10       -0.004167       -0.092708        0.011926
     C   10       -0.092708        0.000030       -0.118935
     C   10        0.011926       -0.118935        0.004137

     C   11        0.287689       -0.254013       -0.028830
     C   11       -0.254013       -0.055970        0.286582
     C   11       -0.028830        0.286582       -0.231719

     Cl  12        1.613835        2.588542       -0.924848
     Cl  12        2.588542       -0.274592        0.240366
     Cl  12       -0.924848        0.240366       -1.339243

     H   13       -0.300937        0.068557        0.323701
     H   13        0.068557        0.467552        0.282301
     H   13        0.323701        0.282301       -0.166616

     C   14        0.082635       -0.584738       -0.441636
     C   14       -0.584738       -0.260711       -0.111382
     C   14       -0.441636       -0.111382        0.178077

     H   15        0.547307       -0.081230        0.515252
     H   15       -0.081230       -0.088935        0.207496
     H   15        0.515252        0.207496       -0.458372

     C   16        0.063310        0.117601       -0.295085
     C   16        0.117601       -0.295557        0.217055
     C   16       -0.295085        0.217055        0.232247

     C   17        0.505170       -0.799075       -0.480897
     C   17       -0.799075       -0.265871       -0.198000
     C   17       -0.480897       -0.198000       -0.239298

     Cl  18        2.797592       -0.862636        0.769156
     Cl  18       -0.862636       -1.352394       -0.145925
     Cl  18        0.769156       -0.145925       -1.445199

     H   19       -0.104208       -0.098910       -0.003891
     H   19       -0.098910        0.131236       -0.215451
     H   19       -0.003891       -0.215451       -0.027028

     C   20       -0.619762       -0.262986       -0.258974
     C   20       -0.262986        0.480339       -0.156118
     C   20       -0.258974       -0.156118        0.139423

     H   21        0.274274       -0.369571        0.289051
     H   21       -0.369571       -0.160525        0.198318
     H   21        0.289051        0.198318       -0.113749

     C   22        0.113075       -0.321941        0.226652
     C   22       -0.321941        0.000775       -0.079277
     C   22        0.226652       -0.079277       -0.113850

     C   23       -0.331771       -0.307266       -0.043338
     C   23       -0.307266        0.481511       -0.447549
     C   23       -0.043338       -0.447549       -0.149740

     Cl  24        0.532085        0.534384        1.055130
     Cl  24        0.534384        0.891124       -1.874405
     Cl  24        1.055130       -1.874405       -1.423210

     ----- total EFG (symmetrized) -----
     Cl   1       -0.177957       -0.992573       -0.699677
     Cl   1       -0.992573        0.630966       -1.870929
     Cl   1       -0.699677       -1.870929       -0.453010

     C    2       -0.496687       -0.024179        0.066986
     C    2       -0.024179        0.305386       -0.311620
     C    2        0.066986       -0.311620        0.191301

     C    3       -0.143205       -0.461166        0.014647
     C    3       -0.461166        0.250873       -0.590477
     C    3        0.014647       -0.590477       -0.107668

     H    4        0.433772        0.246631        0.211280
     H    4        0.246631       -0.333313        0.369608
     H    4        0.211280        0.369608       -0.100459

     C    5       -0.018395       -0.059836        0.162859
     C    5       -0.059836        0.012286       -0.085479
     C    5        0.162859       -0.085479        0.006109

     H    6       -0.109008       -0.149539       -0.088656
     H    6       -0.149539        0.218523        0.114139
     H    6       -0.088656        0.114139       -0.109515

     H    7       -0.225489        0.144647       -0.259006
     H    7        0.144647        0.390349       -0.243565
     H    7       -0.259006       -0.243565       -0.164860

     C    8        0.339811       -0.564952        0.553842
     C    8       -0.564952       -0.600831       -0.023561
     C    8        0.553842       -0.023561        0.261020

     H    9        0.135181        0.070877        0.223245
     H    9        0.070877       -0.192039       -0.067267
     H    9        0.223245       -0.067267        0.056858

     C   10       -0.004167       -0.092708        0.011926
     C   10       -0.092708        0.000030       -0.118935
     C   10        0.011926       -0.118935        0.004137

     C   11        0.287689       -0.254013       -0.028830
     C   11       -0.254013       -0.055970        0.286582
     C   11       -0.028830        0.286582       -0.231719

     Cl  12        1.613835        2.588542       -0.924848
     Cl  12        2.588542       -0.274592        0.240366
     Cl  12       -0.924848        0.240366       -1.339243

     H   13       -0.300937        0.068557        0.323701
     H   13        0.068557        0.467552        0.282301
     H   13        0.323701        0.282301       -0.166616

     C   14        0.082635       -0.584738       -0.441636
     C   14       -0.584738       -0.260711       -0.111382
     C   14       -0.441636       -0.111382        0.178077

     H   15        0.547307       -0.081230        0.515252
     H   15       -0.081230       -0.088935        0.207496
     H   15        0.515252        0.207496       -0.458372

     C   16        0.063310        0.117601       -0.295085
     C   16        0.117601       -0.295557        0.217055
     C   16       -0.295085        0.217055        0.232247

     C   17        0.505170       -0.799075       -0.480897
     C   17       -0.799075       -0.265871       -0.198000
     C   17       -0.480897       -0.198000       -0.239298

     Cl  18        2.797592       -0.862636        0.769156
     Cl  18       -0.862636       -1.352394       -0.145925
     Cl  18        0.769156       -0.145925       -1.445199

     H   19       -0.104208       -0.098910       -0.003891
     H   19       -0.098910        0.131236       -0.215451
     H   19       -0.003891       -0.215451       -0.027028

     C   20       -0.619762       -0.262986       -0.258974
     C   20       -0.262986        0.480339       -0.156118
     C   20       -0.258974       -0.156118        0.139423

     H   21        0.274274       -0.369571        0.289051
     H   21       -0.369571       -0.160525        0.198318
     H   21        0.289051        0.198318       -0.113749

     C   22        0.113075       -0.321941        0.226652
     C   22       -0.321941        0.000775       -0.079277
     C   22        0.226652       -0.079277       -0.113850

     C   23       -0.331771       -0.307266       -0.043338
     C   23       -0.307266        0.481511       -0.447549
     C   23       -0.043338       -0.447549       -0.149740

     Cl  24        0.532085        0.534384        1.055130
     Cl  24        0.534384        0.891124       -1.874405
     Cl  24        1.055130       -1.874405       -1.423210


     NQR/NMR SPECTROSCOPIC PARAMETERS:
     Cl   1    Vxx=    0.3455    axis=(  0.869232 -0.120406 -0.479519)
     Cl   1    Vyy=    2.1083    axis=( -0.187729  0.816872 -0.545415)
     Cl   1    Vzz=   -2.4538    axis=(  0.457377  0.564112  0.687447)
     Cl   1  Q=        -8.1650 1e-30 m^2  Cq=        47.0747 MHz  eta= 0.71838

     C    2    Vxx=   -0.0655    axis=(  0.082004  0.644251  0.760405)
     C    2    Vyy=   -0.5032    axis=( -0.994960  0.008745  0.099890)
     C    2    Vzz=    0.5687    axis=(  0.057705 -0.764764  0.641721)
     C    2  Q=         1.0000 1e-30 m^2  Cq=         1.3362 MHz  eta= 0.76967

     C    3    Vxx=   -0.1438    axis=(  0.781859 -0.018756 -0.623174)
     C    3    Vyy=   -0.6985    axis=(  0.498368  0.619377  0.606631)
     C    3    Vzz=    0.8423    axis=( -0.374602  0.784869 -0.493613)
     C    3  Q=         1.0000 1e-30 m^2  Cq=         1.9792 MHz  eta= 0.65853

     H    4    Vxx=   -0.0374    axis=( -0.548124  0.435234  0.714235)
     H    4    Vyy=   -0.6104    axis=( -0.080386  0.822577 -0.562944)
     H    4    Vzz=    0.6477    axis=(  0.832525  0.365977  0.415887)
     H    4  Q=         1.0000 1e-30 m^2  Cq=         1.5219 MHz  eta= 0.88460

     C    5    Vxx=   -0.0403    axis=(  0.385285  0.881725  0.272245)
     C    5    Vyy=   -0.1708    axis=(  0.709353 -0.094286 -0.698519)
     C    5    Vzz=    0.2111    axis=(  0.590233 -0.462246  0.661781)
     C    5  Q=         1.0000 1e-30 m^2  Cq=         0.4959 MHz  eta= 0.61858

     H    6    Vxx=   -0.1208    axis=(  0.510755  0.467780 -0.721327)
     H    6    Vyy=   -0.2006    axis=( -0.776871 -0.108251 -0.620285)
     H    6    Vzz=    0.3214    axis=(  0.368241 -0.877191 -0.308115)
     H    6  Q=         1.0000 1e-30 m^2  Cq=         0.7551 MHz  eta= 0.24853

     H    7    Vxx=   -0.0921    axis=( -0.631093  0.491976  0.599735)
     H    7    Vyy=   -0.4601    axis=( -0.717464 -0.076276 -0.692407)
     H    7    Vzz=    0.5522    axis=( -0.294902 -0.867261  0.401112)
     H    7  Q=         1.0000 1e-30 m^2  Cq=         1.2974 MHz  eta= 0.66637

     C    8    Vxx=   -0.0696    axis=( -0.446398  0.440215  0.779064)
     C    8    Vyy=   -0.9113    axis=( -0.477685 -0.853426  0.208523)
     C    8    Vzz=    0.9809    axis=(  0.756668 -0.279063  0.591251)
     C    8  Q=         1.0000 1e-30 m^2  Cq=         2.3048 MHz  eta= 0.85801

     H    9    Vxx=   -0.0596    axis=(  0.505987  0.590289 -0.628917)
     H    9    Vyy=   -0.2633    axis=( -0.391389  0.806884  0.442440)
     H    9    Vzz=    0.3229    axis=( -0.768630 -0.022282 -0.639305)
     H    9  Q=         1.0000 1e-30 m^2  Cq=         0.7587 MHz  eta= 0.63077

     C   10    Vxx=   -0.0126    axis=(  0.788291 -0.007500 -0.615257)
     C   10    Vyy=   -0.1446    axis=(  0.430205  0.721615  0.542398)
     C   10    Vzz=    0.1572    axis=( -0.439911  0.692254 -0.572069)
     C   10  Q=         1.0000 1e-30 m^2  Cq=         0.3694 MHz  eta= 0.83982

     C   11    Vxx=    0.0032    axis=(  0.560377  0.558089  0.611976)
     C   11    Vyy=    0.4645    axis=( -0.807271  0.533240  0.252921)
     C   11    Vzz=   -0.4677    axis=( -0.185177 -0.635761  0.749344)
     C   11  Q=         1.0000 1e-30 m^2  Cq=        -1.0990 MHz  eta= 0.98619

     Cl  12    Vxx=   -0.9581    axis=( -0.211782  0.508594  0.834554)
     Cl  12    Vyy=   -2.5478    axis=(  0.528651 -0.658597  0.535517)
     Cl  12    Vzz=    3.5059    axis=(  0.821995  0.554601 -0.129390)
     Cl  12  Q=        -8.1650 1e-30 m^2  Cq=       -67.2591 MHz  eta= 0.45346

     H   13    Vxx=   -0.0329    axis=(  0.643164 -0.441128  0.625896)
     H   13    Vyy=   -0.5809    axis=(  0.736030  0.130716 -0.664208)
     H   13    Vzz=    0.6138    axis=(  0.211186  0.887874  0.408755)
     H   13  Q=         1.0000 1e-30 m^2  Cq=         1.4422 MHz  eta= 0.89265

     C   14    Vxx=    0.1233    axis=(  0.245026 -0.595109  0.765381)
     C   14    Vyy=    0.7073    axis=(  0.746045 -0.388440 -0.540861)
     C   14    Vzz=   -0.8306    axis=( -0.619176 -0.703534 -0.348800)
     C   14  Q=         1.0000 1e-30 m^2  Cq=        -1.9515 MHz  eta= 0.70310

     H   15    Vxx=   -0.0140    axis=(  0.130330 -0.947689 -0.291375)
     H   15    Vyy=   -0.7505    axis=(  0.366895  0.319119 -0.873814)
     H   15    Vzz=    0.7645    axis=(  0.921087  0.006980  0.389293)
     H   15  Q=         1.0000 1e-30 m^2  Cq=         1.7962 MHz  eta= 0.96346

     C   16    Vxx=   -0.0006    axis=(  0.724387  0.571991  0.384825)
     C   16    Vyy=   -0.4695    axis=( -0.412389  0.806850 -0.423000)
     C   16    Vzz=    0.4700    axis=( -0.552448  0.147718  0.820354)
     C   16  Q=         1.0000 1e-30 m^2  Cq=         1.1044 MHz  eta= 0.99748

     C   17    Vxx=   -0.0679    axis=( -0.069722 -0.550620  0.831839)
     C   17    Vyy=   -1.0135    axis=( -0.521917 -0.690501 -0.500809)
     C   17    Vzz=    1.0814    axis=( -0.850142  0.469069  0.239235)
     C   17  Q=         1.0000 1e-30 m^2  Cq=         2.5408 MHz  eta= 0.87437

     Cl  18    Vxx=   -1.5236    axis=( -0.172343 -0.976783 -0.127253)
     Cl  18    Vyy=   -1.5809    axis=( -0.190149 -0.093766  0.977267)
     Cl  18    Vzz=    3.1045    axis=(  0.966510 -0.192623  0.169574)
     Cl  18  Q=        -8.1650 1e-30 m^2  Cq=       -59.5575 MHz  eta= 0.01844

     H   19    Vxx=   -0.0833    axis=(  0.830393 -0.154723 -0.535265)
     H   19    Vyy=   -0.2141    axis=(  0.521491  0.554105  0.648856)
     H   19    Vzz=    0.2974    axis=( -0.196200  0.817941 -0.540812)
     H   19  Q=         1.0000 1e-30 m^2  Cq=         0.6988 MHz  eta= 0.44004

     C   20    Vxx=    0.2056    axis=( -0.348195  0.188487  0.918277)
     C   20    Vyy=    0.5651    axis=( -0.156060  0.954252 -0.255046)
     C   20    Vzz=   -0.7707    axis=( -0.924341 -0.232112 -0.302851)
     C   20  Q=         1.0000 1e-30 m^2  Cq=        -1.8107 MHz  eta= 0.46649

     H   21    Vxx=    0.0614    axis=(  0.038597  0.629312  0.776194)
     H   21    Vyy=    0.5293    axis=(  0.878314 -0.391792  0.273976)
     H   21    Vzz=   -0.5907    axis=(  0.476523  0.671168 -0.567856)
     H   21  Q=         1.0000 1e-30 m^2  Cq=        -1.3879 MHz  eta= 0.79207

     C   22    Vxx=   -0.1487    axis=( -0.100089 -0.625900 -0.773454)
     C   22    Vyy=   -0.3227    axis=(  0.665873  0.535481 -0.519493)
     C   22    Vzz=    0.4713    axis=(  0.739321 -0.567018  0.363174)
     C   22  Q=         1.0000 1e-30 m^2  Cq=         1.1074 MHz  eta= 0.36912

     C   23    Vxx=   -0.2112    axis=(  0.676205 -0.164082 -0.718209)
     C   23    Vyy=   -0.5617    axis=(  0.700390  0.445517  0.557646)
     C   23    Vzz=    0.7729    axis=( -0.228474  0.880109 -0.416182)
     C   23  Q=         1.0000 1e-30 m^2  Cq=         1.8160 MHz  eta= 0.45354

     Cl  24    Vxx=    0.9396    axis=(  0.943870  0.198584  0.263958)
     Cl  24    Vyy=    1.9388    axis=( -0.043410  0.866749 -0.496852)
     Cl  24    Vzz=   -2.8784    axis=( -0.327452  0.457506  0.826719)
     Cl  24  Q=        -8.1650 1e-30 m^2  Cq=        55.2212 MHz  eta= 0.34715

     Initialization:
     gipaw_setup  :      9.12s CPU     10.91s WALL (       1 calls)

     Linear response

     Apply operators

     Induced current

     Other routines
     efg          :      9.12s CPU     11.47s WALL (       1 calls)

     General routines
     calbec       :      3.16s CPU      4.19s WALL (      16 calls)
     fft          :      1.59s CPU      2.22s WALL (      15 calls)
     ffts         :      0.04s CPU      0.05s WALL (       2 calls)
     fftw         :      3.13s CPU      3.90s WALL (     672 calls)
     davcio       :      0.04s CPU      0.35s WALL (      32 calls)

     Parallel routines
     fft_scatter  :      2.23s CPU      3.32s WALL (     689 calls)

     Plugins

     GIPAW        :     61.17s CPU     75.52s WALL (       1 calls)
