
     Program QE v.6.0 (svn rev. 13079) starts on  9Jan2017 at 22:18:43 

     This program is part of the open-source Quantum ESPRESSO suite
     for quantum simulation of materials; please cite
         "P. Giannozzi et al., J. Phys.:Condens. Matter 21 395502 (2009);
          URL http://www.quantum-espresso.org", 
     in publications or presentations arising from this work. More details at
     http://www.quantum-espresso.org/quote

     Parallel version (MPI), running on     8 processors
     R & G space division:  proc/nbgrp/npool/nimage =       8

     ***** This is GIPAW svn revision unknown      *****

     Parallelizing q-star over 1 images

     Reading data from directory:
     /users/majewski/paradichlorobenzene/pbe/9_constraint/scratch/pbe.ecut100.np8.dt60.pcl2phi-129368.save
     Message from routine read_xml_file:
     file /users/majewski/paradichlorobenzene/pbe/9_constraint/scratch/pbe.ecut100.np8.dt60.pcl2phi-129368.save not guaranteed to be safe for post-processing

   Info: using nr1, nr2, nr3 values from input

   Info: using nr1, nr2, nr3 values from input

     IMPORTANT: XC functional enforced from input :
     Exchange-correlation      =  SLA  PW   PBX  PBC ( 1  4  3  4 0 0)
     Any further DFT definition will be discarded
     Please, verify this is what you really want

               file C.pbe-n-kjpaw_psl.1.0.0.UPF: wavefunction(s)  2S 2P renormalized
               file Cl.pbe-n-kjpaw_psl.1.0.0.UPF: wavefunction(s)  3S 3P renormalized
               file H.pbe-kjpaw_psl.1.0.0.UPF: wavefunction(s)  1S renormalized

     Parallelization info
     --------------------
     sticks:   dense  smooth     PW     G-vecs:    dense   smooth      PW
     Min        3057    1223    332               144436    36536    5170
     Max        3059    1225    333               144437    36537    5171
     Sum       24467    9791   2657              1155489   292295   41363


     Subspace diagonalization in iterative solution of the eigenvalue problem:
     a serial algorithm will be used

     GIPAW projectors -----------------------------------------------
     atom=  C    l=0  rc=    1.2000  rs=    0.8000
     atom=  C    l=0  rc=    1.2000  rs=    0.8000
     atom=  C    l=1  rc=    1.4000  rs=    0.9333
     atom=  C    l=1  rc=    1.4000  rs=    0.9333
     projs nearly linearly dependent: l=1  n1,n2= 1, 2  s=  0.99951561

     atom=  Cl   l=0  rc=    1.6000  rs=    1.0667
     atom=  Cl   l=0  rc=    1.6000  rs=    1.0667
     atom=  Cl   l=1  rc=    1.6000  rs=    1.0667
     atom=  Cl   l=1  rc=    1.6000  rs=    1.0667
     atom=  Cl   l=2  rc=    1.6000  rs=    1.0667
     atom=  Cl   l=2  rc=    1.6000  rs=    1.0667
     projs nearly linearly dependent: l=2  n1,n2= 1, 2  s=  0.99993509

     atom=  H    l=0  rc=    1.0000  rs=    0.6667
     atom=  H    l=0  rc=    1.0000  rs=    0.6667
     projs nearly linearly dependent: l=0  n1,n2= 1, 2  s=  0.99968852
     -----------------------------------------------------------------

     GIPAW integrals: -------------------------------------------
     Atom  i/j   nmr_para   nmr_dia   epr_rmc  epr_para   epr_dia
       C   1 1   0.83E+03  0.17E-01  0.93E+01  0.24E+08  0.24E+03
       C   2 1   0.86E+03 -0.61E-01  0.94E+01  0.25E+08  0.25E+03
       C   2 2   0.90E+03 -0.15E+00  0.97E+01  0.26E+08  0.26E+03
       C   3 3   0.33E+01  0.34E+00  0.18E+01  0.55E+03  0.21E+02
       C   4 3   0.35E+01  0.37E+00  0.20E+01  0.59E+03  0.22E+02
       C   4 4   0.38E+01  0.39E+00  0.22E+01  0.63E+03  0.24E+02
       Cl  1 1   0.14E+04 -0.47E+00  0.84E+01  0.32E+09  0.42E+03
       Cl  2 1   0.21E+04 -0.37E+00  0.12E+02  0.49E+09  0.65E+03
       Cl  2 2   0.33E+04 -0.16E+00  0.21E+02  0.76E+09  0.10E+04
       Cl  3 3   0.21E+02  0.79E-01  0.89E+01  0.23E+05  0.13E+03
       Cl  4 3   0.24E+02  0.67E-01  0.99E+01  0.27E+05  0.15E+03
       Cl  4 4   0.28E+02  0.44E-01  0.11E+02  0.32E+05  0.18E+03
       Cl  5 5   0.77E+00  0.19E+00  0.18E+01  0.12E+03  0.22E+02
       Cl  6 5   0.80E+00  0.19E+00  0.19E+01  0.12E+03  0.23E+02
       Cl  6 6   0.83E+00  0.20E+00  0.19E+01  0.12E+03  0.23E+02
       H   1 1   0.39E+02  0.19E+00  0.29E+00  0.78E+05  0.13E+02
       H   2 1   0.41E+02  0.21E+00  0.32E+00  0.82E+05  0.14E+02
       H   2 2   0.43E+02  0.22E+00  0.36E+00  0.86E+05  0.15E+02
     ------------------------------------------------------------

     alpha_pv=     34.3251 eV

     Number of occupied bands for each k-point:
     k-point:     1    nbnd_occ=  42
     k-point:     2    nbnd_occ=  42
     k-point:     3    nbnd_occ=  42
     k-point:     4    nbnd_occ=  42
     k-point:     5    nbnd_occ=  42
     k-point:     6    nbnd_occ=  42
     k-point:     7    nbnd_occ=  42
     k-point:     8    nbnd_occ=  42
     k-point:     9    nbnd_occ=  42
     k-point:    10    nbnd_occ=  42
     k-point:    11    nbnd_occ=  42
     k-point:    12    nbnd_occ=  42
     k-point:    13    nbnd_occ=  42
     k-point:    14    nbnd_occ=  42
     k-point:    15    nbnd_occ=  42
     k-point:    16    nbnd_occ=  42


     q-space interpolation up to   110.00 Rydberg

     GIPAW job: efg                                                                             


     ELECTRIC FIELD GRADIENTS TENSORS IN Hartree/bohrradius^2:

     ----- bare term -----
     Cl   1       -0.055591        0.098266        0.085402
     Cl   1        0.098266        0.006397        0.128622
     Cl   1        0.085402        0.128622        0.049193

     C    2       -0.329710        0.032928       -0.362640
     C    2        0.032928       -0.046262       -0.428708
     C    2       -0.362640       -0.428708        0.375973

     C    3       -0.076285        0.098038       -0.335782
     C    3        0.098038       -0.286050       -0.532455
     C    3       -0.335782       -0.532455        0.362335

     H    4       -0.632897       -0.067128       -0.272213
     H    4       -0.067128        0.354234       -0.196830
     H    4       -0.272213       -0.196830        0.278662

     C    5       -0.065009        0.486008       -0.210437
     C    5        0.486008       -0.295824       -0.404056
     C    5       -0.210437       -0.404056        0.360834

     H    6        0.306390       -0.314304       -0.026077
     H    6       -0.314304       -0.607301       -0.315814
     H    6       -0.026077       -0.315814        0.300911

     H    7        0.202131        0.050944        0.370786
     H    7        0.050944        0.219002        0.142575
     H    7        0.370786        0.142575       -0.421133

     C    8       -0.604136       -0.352204       -0.362094
     C    8       -0.352204        0.389180        0.180608
     C    8       -0.362094        0.180608        0.214956

     H    9        0.176209        0.065284       -0.249496
     H    9        0.065284        0.347223       -0.196417
     H    9       -0.249496       -0.196417       -0.523432

     C   10        0.110073       -0.255119       -0.064899
     C   10       -0.255119       -0.132394        0.416395
     C   10       -0.064899        0.416395        0.022321

     C   11       -0.352147       -0.182234       -0.374439
     C   11       -0.182234        0.030771        0.400407
     C   11       -0.374439        0.400407        0.321376

     Cl  12        0.001376        0.081073       -0.019568
     Cl  12        0.081073        0.020595        0.051060
     Cl  12       -0.019568        0.051060       -0.021971

     H   13        0.515686        0.031333       -0.152414
     H   13        0.031333        0.021660       -0.197728
     H   13       -0.152414       -0.197728       -0.537346

     C   14       -0.549028        0.329529       -0.100738
     C   14        0.329529        0.211203       -0.365770
     C   14       -0.100738       -0.365770        0.337825

     H   15       -0.000327        0.169377       -0.483059
     H   15        0.169377       -0.039600        0.180367
     H   15       -0.483059        0.180367        0.039927

     C   16        0.122836        0.119661       -0.137494
     C   16        0.119661       -0.070346       -0.539207
     C   16       -0.137494       -0.539207       -0.052490

     C   17       -0.419847        0.332938       -0.466353
     C   17        0.332938        0.251237       -0.285050
     C   17       -0.466353       -0.285050        0.168609

     Cl  18       -0.040884        0.161185        0.063016
     Cl  18        0.161185        0.031437        0.091045
     Cl  18        0.063016        0.091045        0.009447

     H   19        0.253323       -0.075967        0.358242
     H   19       -0.075967        0.063365        0.442580
     H   19        0.358242        0.442580       -0.316688

     C   20       -0.109659        0.068658       -0.494160
     C   20        0.068658       -0.217670        0.360583
     C   20       -0.494160        0.360583        0.327329

     H   21        0.091484        0.099181       -0.275937
     H   21        0.099181        0.510050        0.141210
     H   21       -0.275937        0.141210       -0.601535

     C   22       -0.177566       -0.355013       -0.278386
     C   22       -0.355013       -0.145020        0.180959
     C   22       -0.278386        0.180959        0.322586

     C   23        0.003174        0.212938       -0.426882
     C   23        0.212938       -0.271130        0.461696
     C   23       -0.426882        0.461696        0.267956

     Cl  24       -0.120341       -0.190651       -0.174381
     Cl  24       -0.190651       -0.124557       -0.017245
     Cl  24       -0.174381       -0.017245        0.244898

     ----- ionic term -----
     Cl   1        0.081349       -0.207575       -0.002593
     Cl   1       -0.207575        0.063415        0.008081
     Cl   1       -0.002593        0.008081       -0.144763

     C    2        0.114584       -0.238092        0.309566
     C    2       -0.238092        0.129186        0.357039
     C    2        0.309566        0.357039       -0.243770

     C    3        0.092334       -0.207622        0.207055
     C    3       -0.207622        0.214652        0.391515
     C    3        0.207055        0.391515       -0.306986

     H    4        0.688817        0.277597        0.638439
     H    4        0.277597       -0.458917        0.210320
     H    4        0.638439        0.210320       -0.229900

     C    5        0.244735       -0.223170        0.256356
     C    5       -0.223170        0.096830        0.279838
     C    5        0.256356        0.279838       -0.341566

     H    6       -0.501683        0.073655        0.047313
     H    6        0.073655        0.684235        0.686181
     H    6        0.047313        0.686181       -0.182552

     H    7       -0.454274        0.241732       -0.260923
     H    7        0.241732        0.075938       -0.711641
     H    7       -0.260923       -0.711641        0.378336

     C    8        0.169967        0.371667        0.315518
     C    8        0.371667       -0.172030       -0.257599
     C    8        0.315518       -0.257599        0.002063

     H    9        0.184279       -0.169371        0.779036
     H    9       -0.169371       -0.511035       -0.252269
     H    9        0.779036       -0.252269        0.326756

     C   10        0.021218        0.369104        0.201799
     C   10        0.369104       -0.011891       -0.412145
     C   10        0.201799       -0.412145       -0.009326

     C   11        0.089618        0.286143        0.293978
     C   11        0.286143       -0.083645       -0.457251
     C   11        0.293978       -0.457251       -0.005973

     Cl  12        0.155819        0.225590        0.025984
     Cl  12        0.225590       -0.021859        0.011684
     Cl  12        0.025984        0.011684       -0.133960

     H   13       -0.531280        0.103435        0.117624
     H   13        0.103435        0.411284        0.800803
     H   13        0.117624        0.800803        0.119996

     C   14        0.188637       -0.278004        0.298852
     C   14       -0.278004        0.011084        0.280058
     C   14        0.298852        0.280058       -0.199722

     H   15        0.634371        0.145995        0.719330
     H   15        0.145995       -0.501285        0.175099
     H   15        0.719330        0.175099       -0.133087

     C   16        0.061145       -0.258504        0.207857
     C   16       -0.258504        0.132343        0.436558
     C   16        0.207857        0.436558       -0.193489

     C   17        0.171945       -0.209443        0.238047
     C   17       -0.209443        0.048949        0.478547
     C   17        0.238047        0.478547       -0.220893

     Cl  18        0.108496       -0.229579       -0.030926
     Cl  18       -0.229579        0.026454        0.036219
     Cl  18       -0.030926        0.036219       -0.134950

     H   19       -0.541604        0.057083       -0.039032
     H   19        0.057083        0.461526       -0.783504
     H   19       -0.039032       -0.783504        0.080078

     C   20        0.121281        0.236829        0.327737
     C   20        0.236829       -0.022043       -0.301598
     C   20        0.327737       -0.301598       -0.099238

     H   21        0.457554       -0.293129        0.751548
     H   21       -0.293129       -0.449634       -0.285133
     H   21        0.751548       -0.285133       -0.007920

     C   22        0.005485        0.272516        0.213583
     C   22        0.272516        0.073395       -0.444809
     C   22        0.213583       -0.444809       -0.078880

     C   23       -0.008825        0.309441        0.346974
     C   23        0.309441       -0.025293       -0.458383
     C   23        0.346974       -0.458383        0.034117

     Cl  24        0.105589        0.226961        0.030496
     Cl  24        0.226961        0.030414        0.011956
     Cl  24        0.030496        0.011956       -0.136003

     ----- GIPAW term -----
     Cl   1        0.802258       -1.234152        0.753371
     Cl   1       -1.234152        0.212332        1.181236
     Cl   1        0.753371        1.181236       -1.014590

     C    2       -0.010245       -0.124059       -0.048486
     C    2       -0.124059       -0.022123       -0.037702
     C    2       -0.048486       -0.037702        0.032368

     C    3       -0.005078       -0.044594       -0.124942
     C    3       -0.044594       -0.047862       -0.057038
     C    3       -0.124942       -0.057038        0.052941

     H    4       -0.000000        0.000000        0.000000
     H    4        0.000000        0.000000        0.000000
     H    4        0.000000        0.000000        0.000000

     C    5        0.129822        0.197101       -0.058059
     C    5        0.197101       -0.095737       -0.103537
     C    5       -0.058059       -0.103537       -0.034086

     H    6       -0.000000        0.000000        0.000000
     H    6        0.000000        0.000000        0.000000
     H    6        0.000000        0.000000        0.000000

     H    7       -0.000000        0.000000        0.000000
     H    7        0.000000        0.000000        0.000000
     H    7        0.000000        0.000000        0.000000

     C    8       -0.124731       -0.140548       -0.072334
     C    8       -0.140548        0.183375        0.090153
     C    8       -0.072334        0.090153       -0.058644

     H    9       -0.000000        0.000000        0.000000
     H    9        0.000000        0.000000        0.000000
     H    9        0.000000        0.000000        0.000000

     C   10       -0.037573       -0.079757       -0.041908
     C   10       -0.079757        0.068004        0.122970
     C   10       -0.041908        0.122970       -0.030432

     C   11       -0.023957        0.092380       -0.067308
     C   11        0.092380        0.092804        0.060886
     C   11       -0.067308        0.060886       -0.068847

     Cl  12        1.291500        2.686761       -0.084374
     Cl  12        2.686761        0.282085        0.451364
     Cl  12       -0.084374        0.451364       -1.573585

     H   13       -0.000000        0.000000        0.000000
     H   13        0.000000        0.000000        0.000000
     H   13        0.000000        0.000000        0.000000

     C   14       -0.177220        0.005512        0.028069
     C   14        0.005512        0.129384       -0.207202
     C   14        0.028069       -0.207202        0.047836

     H   15       -0.000000        0.000000        0.000000
     H   15        0.000000        0.000000        0.000000
     H   15        0.000000        0.000000        0.000000

     C   16       -0.076404        0.018924       -0.019428
     C   16        0.018924        0.166255       -0.129166
     C   16       -0.019428       -0.129166       -0.089851

     C   17       -0.048135        0.108230       -0.079940
     C   17        0.108230        0.216896       -0.044067
     C   17       -0.079940       -0.044067       -0.168761

     Cl  18        0.735776        0.330935        1.100798
     Cl  18        0.330935        0.866065        1.514878
     Cl  18        1.100798        1.514878       -1.601841

     H   19       -0.000000        0.000000        0.000000
     H   19        0.000000        0.000000        0.000000
     H   19        0.000000        0.000000        0.000000

     C   20        0.028540        0.077255       -0.234349
     C   20        0.077255       -0.167043        0.005755
     C   20       -0.234349        0.005755        0.138502

     H   21       -0.000000        0.000000        0.000000
     H   21        0.000000        0.000000        0.000000
     H   21        0.000000        0.000000        0.000000

     C   22       -0.049790       -0.049229       -0.167173
     C   22       -0.049229       -0.103171        0.039207
     C   22       -0.167173        0.039207        0.152961

     C   23        0.000471        0.211471       -0.127615
     C   23        0.211471       -0.011178       -0.081997
     C   23       -0.127615       -0.081997        0.010708

     Cl  24        0.842886        1.439184       -1.601375
     Cl  24        1.439184       -0.937526       -0.181251
     Cl  24       -1.601375       -0.181251        0.094640

     ----- total EFG -----
     Cl   1        0.828016       -1.343461        0.836180
     Cl   1       -1.343461        0.282144        1.317939
     Cl   1        0.836180        1.317939       -1.110159

     C    2       -0.225372       -0.329223       -0.101561
     C    2       -0.329223        0.060800       -0.109371
     C    2       -0.101561       -0.109371        0.164572

     C    3        0.010971       -0.154178       -0.253668
     C    3       -0.154178       -0.119260       -0.197977
     C    3       -0.253668       -0.197977        0.108289

     H    4        0.055920        0.210470        0.366226
     H    4        0.210470       -0.104682        0.013490
     H    4        0.366226        0.013490        0.048762

     C    5        0.309548        0.459939       -0.012140
     C    5        0.459939       -0.294731       -0.227755
     C    5       -0.012140       -0.227755       -0.014817

     H    6       -0.195293       -0.240649        0.021236
     H    6       -0.240649        0.076934        0.370367
     H    6        0.021236        0.370367        0.118359

     H    7       -0.252143        0.292676        0.109864
     H    7        0.292676        0.294940       -0.569066
     H    7        0.109864       -0.569066       -0.042797

     C    8       -0.558900       -0.121086       -0.118910
     C    8       -0.121086        0.400525        0.013162
     C    8       -0.118910        0.013162        0.158375

     H    9        0.360488       -0.104087        0.529540
     H    9       -0.104087       -0.163812       -0.448686
     H    9        0.529540       -0.448686       -0.196676

     C   10        0.093718        0.034227        0.094992
     C   10        0.034227       -0.076281        0.127220
     C   10        0.094992        0.127220       -0.017437

     C   11       -0.286486        0.196289       -0.147769
     C   11        0.196289        0.039930        0.004042
     C   11       -0.147769        0.004042        0.246557

     Cl  12        1.448694        2.993424       -0.077957
     Cl  12        2.993424        0.280822        0.514109
     Cl  12       -0.077957        0.514109       -1.729516

     H   13       -0.015594        0.134769       -0.034790
     H   13        0.134769        0.432945        0.603075
     H   13       -0.034790        0.603075       -0.417350

     C   14       -0.537610        0.057037        0.226182
     C   14        0.057037        0.351671       -0.292914
     C   14        0.226182       -0.292914        0.185939

     H   15        0.634045        0.315372        0.236272
     H   15        0.315372       -0.540884        0.355466
     H   15        0.236272        0.355466       -0.093160

     C   16        0.107578       -0.119919        0.050935
     C   16       -0.119919        0.228252       -0.231815
     C   16        0.050935       -0.231815       -0.335830

     C   17       -0.296037        0.231726       -0.308245
     C   17        0.231726        0.517082        0.149430
     C   17       -0.308245        0.149430       -0.221045

     Cl  18        0.803388        0.262542        1.132888
     Cl  18        0.262542        0.923956        1.642141
     Cl  18        1.132888        1.642141       -1.727343

     H   19       -0.288280       -0.018884        0.319210
     H   19       -0.018884        0.524890       -0.340924
     H   19        0.319210       -0.340924       -0.236610

     C   20        0.040163        0.382742       -0.400772
     C   20        0.382742       -0.406756        0.064740
     C   20       -0.400772        0.064740        0.366593

     H   21        0.549038       -0.193948        0.475612
     H   21       -0.193948        0.060417       -0.143923
     H   21        0.475612       -0.143923       -0.609455

     C   22       -0.221872       -0.131725       -0.231976
     C   22       -0.131725       -0.174795       -0.224643
     C   22       -0.231976       -0.224643        0.396668

     C   23       -0.005180        0.733850       -0.207523
     C   23        0.733850       -0.307601       -0.078684
     C   23       -0.207523       -0.078684        0.312781

     Cl  24        0.828134        1.475494       -1.745260
     Cl  24        1.475494       -1.031669       -0.186540
     Cl  24       -1.745260       -0.186540        0.203535

     ----- total EFG (symmetrized) -----
     Cl   1        0.828016       -1.343461        0.836180
     Cl   1       -1.343461        0.282144        1.317939
     Cl   1        0.836180        1.317939       -1.110159

     C    2       -0.225372       -0.329223       -0.101561
     C    2       -0.329223        0.060800       -0.109371
     C    2       -0.101561       -0.109371        0.164572

     C    3        0.010971       -0.154178       -0.253668
     C    3       -0.154178       -0.119260       -0.197977
     C    3       -0.253668       -0.197977        0.108289

     H    4        0.055920        0.210470        0.366226
     H    4        0.210470       -0.104682        0.013490
     H    4        0.366226        0.013490        0.048762

     C    5        0.309548        0.459939       -0.012140
     C    5        0.459939       -0.294731       -0.227755
     C    5       -0.012140       -0.227755       -0.014817

     H    6       -0.195293       -0.240649        0.021236
     H    6       -0.240649        0.076934        0.370367
     H    6        0.021236        0.370367        0.118359

     H    7       -0.252143        0.292676        0.109864
     H    7        0.292676        0.294940       -0.569066
     H    7        0.109864       -0.569066       -0.042797

     C    8       -0.558900       -0.121086       -0.118910
     C    8       -0.121086        0.400525        0.013162
     C    8       -0.118910        0.013162        0.158375

     H    9        0.360488       -0.104087        0.529540
     H    9       -0.104087       -0.163812       -0.448686
     H    9        0.529540       -0.448686       -0.196676

     C   10        0.093718        0.034227        0.094992
     C   10        0.034227       -0.076281        0.127220
     C   10        0.094992        0.127220       -0.017437

     C   11       -0.286486        0.196289       -0.147769
     C   11        0.196289        0.039930        0.004042
     C   11       -0.147769        0.004042        0.246557

     Cl  12        1.448694        2.993424       -0.077957
     Cl  12        2.993424        0.280822        0.514109
     Cl  12       -0.077957        0.514109       -1.729516

     H   13       -0.015594        0.134769       -0.034790
     H   13        0.134769        0.432945        0.603075
     H   13       -0.034790        0.603075       -0.417350

     C   14       -0.537610        0.057037        0.226182
     C   14        0.057037        0.351671       -0.292914
     C   14        0.226182       -0.292914        0.185939

     H   15        0.634045        0.315372        0.236272
     H   15        0.315372       -0.540884        0.355466
     H   15        0.236272        0.355466       -0.093160

     C   16        0.107578       -0.119919        0.050935
     C   16       -0.119919        0.228252       -0.231815
     C   16        0.050935       -0.231815       -0.335830

     C   17       -0.296037        0.231726       -0.308245
     C   17        0.231726        0.517082        0.149430
     C   17       -0.308245        0.149430       -0.221045

     Cl  18        0.803388        0.262542        1.132888
     Cl  18        0.262542        0.923956        1.642141
     Cl  18        1.132888        1.642141       -1.727343

     H   19       -0.288280       -0.018884        0.319210
     H   19       -0.018884        0.524890       -0.340924
     H   19        0.319210       -0.340924       -0.236610

     C   20        0.040163        0.382742       -0.400772
     C   20        0.382742       -0.406756        0.064740
     C   20       -0.400772        0.064740        0.366593

     H   21        0.549038       -0.193948        0.475612
     H   21       -0.193948        0.060417       -0.143923
     H   21        0.475612       -0.143923       -0.609455

     C   22       -0.221872       -0.131725       -0.231976
     C   22       -0.131725       -0.174795       -0.224643
     C   22       -0.231976       -0.224643        0.396668

     C   23       -0.005180        0.733850       -0.207523
     C   23        0.733850       -0.307601       -0.078684
     C   23       -0.207523       -0.078684        0.312781

     Cl  24        0.828134        1.475494       -1.745260
     Cl  24        1.475494       -1.031669       -0.186540
     Cl  24       -1.745260       -0.186540        0.203535


     NQR/NMR SPECTROSCOPIC PARAMETERS:
     Cl   1    Vxx=    0.5819    axis=(  0.539557  0.513917  0.666909)
     Cl   1    Vyy=    1.9419    axis=( -0.740339  0.666824  0.085114)
     Cl   1    Vzz=   -2.5239    axis=( -0.400969 -0.539663  0.740262)
     Cl   1  Q=        -8.1650 1e-30 m^2  Cq=        48.4194 MHz  eta= 0.53885

     C    2    Vxx=    0.1843    axis=( -0.370074  0.179299  0.911535)
     C    2    Vyy=    0.2899    axis=(  0.455664 -0.820030  0.346295)
     C    2    Vzz=   -0.4742    axis=(  0.809577  0.543509  0.221772)
     C    2  Q=         1.0000 1e-30 m^2  Cq=        -1.1142 MHz  eta= 0.22276

     C    3    Vxx=    0.0820    axis=(  0.608418 -0.742284  0.280788)
     C    3    Vyy=    0.3268    axis=(  0.568918  0.161265 -0.806428)
     C    3    Vzz=   -0.4088    axis=(  0.553318  0.650390  0.520415)
     C    3  Q=         1.0000 1e-30 m^2  Cq=        -0.9606 MHz  eta= 0.59885

     H    4    Vxx=   -0.0754    axis=( -0.149902 -0.833042  0.532513)
     H    4    Vyy=   -0.3896    axis=( -0.681533  0.477253  0.554745)
     H    4    Vzz=    0.4650    axis=(  0.716270  0.279768  0.639287)
     H    4  Q=         1.0000 1e-30 m^2  Cq=         1.0925 MHz  eta= 0.67555

     C    5    Vxx=    0.0254    axis=(  0.332411 -0.180966  0.925610)
     C    5    Vyy=    0.5828    axis=(  0.843685  0.495711 -0.206073)
     C    5    Vzz=   -0.6081    axis=( -0.421543  0.849425  0.317458)
     C    5  Q=         1.0000 1e-30 m^2  Cq=        -1.4288 MHz  eta= 0.91662

     H    6    Vxx=   -0.0651    axis=( -0.724227  0.338930 -0.600518)
     H    6    Vyy=   -0.4380    axis=( -0.652264 -0.619246  0.437134)
     H    6    Vzz=    0.5031    axis=( -0.223711  0.708280  0.669547)
     H    6  Q=         1.0000 1e-30 m^2  Cq=         1.1820 MHz  eta= 0.74132

     H    7    Vxx=   -0.0991    axis=(  0.802584  0.210164  0.558293)
     H    7    Vyy=   -0.6507    axis=(  0.570068 -0.545907 -0.614010)
     H    7    Vzz=    0.7498    axis=( -0.175733 -0.811059  0.557944)
     H    7  Q=         1.0000 1e-30 m^2  Cq=         1.7618 MHz  eta= 0.73573

     C    8    Vxx=    0.1733    axis=( -0.137886 -0.130368  0.981831)
     C    8    Vyy=    0.4187    axis=( -0.135522  0.984459  0.111685)
     C    8    Vzz=   -0.5920    axis=( -0.981133 -0.117660 -0.153411)
     C    8  Q=         1.0000 1e-30 m^2  Cq=        -1.3910 MHz  eta= 0.41445

     H    9    Vxx=   -0.0624    axis=(  0.569537  0.763391 -0.304732)
     H    9    Vyy=   -0.7352    axis=( -0.321218  0.547964  0.772369)
     H    9    Vzz=    0.7976    axis=(  0.756602 -0.342007  0.557301)
     H    9  Q=         1.0000 1e-30 m^2  Cq=         1.8740 MHz  eta= 0.84363

     C   10    Vxx=   -0.0043    axis=(  0.671593 -0.552607 -0.493548)
     C   10    Vyy=   -0.1818    axis=(  0.132790  0.745115 -0.653583)
     C   10    Vzz=    0.1860    axis=(  0.728924  0.373404  0.573794)
     C   10  Q=         1.0000 1e-30 m^2  Cq=         0.4371 MHz  eta= 0.95427

     C   11    Vxx=    0.1117    axis=(  0.319219  0.890883  0.323152)
     C   11    Vyy=    0.2952    axis=( -0.310272 -0.223950  0.923893)
     C   11    Vzz=   -0.4069    axis=(  0.895450 -0.395190  0.204927)
     C   11  Q=         1.0000 1e-30 m^2  Cq=        -0.9561 MHz  eta= 0.45087

     Cl  12    Vxx=   -1.4657    axis=( -0.367431  0.379845  0.848948)
     Cl  12    Vyy=   -2.4615    axis=( -0.523443  0.670047 -0.526350)
     Cl  12    Vzz=    3.9273    axis=( -0.768766 -0.637773 -0.047369)
     Cl  12  Q=        -8.1650 1e-30 m^2  Cq=       -75.3424 MHz  eta= 0.25355

     H   13    Vxx=   -0.0175    axis=(  0.982736 -0.059455 -0.175199)
     H   13    Vyy=   -0.7421    axis=(  0.128122 -0.464445  0.876285)
     H   13    Vzz=    0.7596    axis=( -0.133470 -0.883604 -0.448809)
     H   13  Q=         1.0000 1e-30 m^2  Cq=         1.7848 MHz  eta= 0.95381

     C   14    Vxx=    0.0419    axis=(  0.338935  0.612724  0.713927)
     C   14    Vyy=    0.5811    axis=(  0.086754 -0.775965  0.624782)
     C   14    Vzz=   -0.6231    axis=(  0.936801 -0.149824 -0.316158)
     C   14  Q=         1.0000 1e-30 m^2  Cq=        -1.4640 MHz  eta= 0.86542

     H   15    Vxx=   -0.0705    axis=( -0.432510  0.340797  0.834741)
     H   15    Vyy=   -0.7582    axis=( -0.129045  0.892884 -0.431399)
     H   15    Vzz=    0.8287    axis=(  0.892347  0.294303  0.342203)
     H   15  Q=         1.0000 1e-30 m^2  Cq=         1.9470 MHz  eta= 0.82995

     C   16    Vxx=    0.0443    axis=(  0.898881  0.417210 -0.133974)
     C   16    Vyy=    0.3747    axis=( -0.437939  0.844934 -0.307077)
     C   16    Vzz=   -0.4190    axis=( -0.014917  0.334698  0.942207)
     C   16  Q=         1.0000 1e-30 m^2  Cq=        -0.9844 MHz  eta= 0.78841

     C   17    Vxx=    0.0490    axis=( -0.637676  0.070816  0.767042)
     C   17    Vyy=    0.5847    axis=( -0.222053 -0.970394 -0.095012)
     C   17    Vzz=   -0.6337    axis=(  0.737605 -0.230911  0.634522)
     C   17  Q=         1.0000 1e-30 m^2  Cq=        -1.4891 MHz  eta= 0.84534

     Cl  18    Vxx=    0.5962    axis=(  0.813619 -0.581228 -0.014082)
     Cl  18    Vyy=    2.1562    axis=(  0.522304  0.720067  0.456838)
     Cl  18    Vzz=   -2.7525    axis=( -0.255388 -0.379047  0.889438)
     Cl  18  Q=        -8.1650 1e-30 m^2  Cq=        52.8045 MHz  eta= 0.56677

     H   19    Vxx=   -0.0473    axis=(  0.732018  0.366401  0.574369)
     H   19    Vyy=   -0.6276    axis=( -0.665120  0.201781  0.718958)
     H   19    Vzz=    0.6749    axis=(  0.147530 -0.908314  0.391408)
     H   19  Q=         1.0000 1e-30 m^2  Cq=         1.5857 MHz  eta= 0.85992

     C   20    Vxx=    0.0312    axis=(  0.573646  0.585926  0.572383)
     C   20    Vyy=    0.6636    axis=( -0.604300 -0.168996  0.778628)
     C   20    Vzz=   -0.6948    axis=(  0.552948 -0.792548  0.257131)
     C   20  Q=         1.0000 1e-30 m^2  Cq=        -1.6325 MHz  eta= 0.91016

     H   21    Vxx=   -0.0068    axis=(  0.313537  0.949350  0.020721)
     H   21    Vyy=   -0.7858    axis=(  0.323260 -0.086192 -0.942377)
     H   21    Vzz=    0.7925    axis=( -0.892859  0.302168 -0.333911)
     H   21  Q=         1.0000 1e-30 m^2  Cq=         1.8622 MHz  eta= 0.98289

     C   22    Vxx=   -0.0652    axis=(  0.666686 -0.744834 -0.027427)
     C   22    Vyy=   -0.4543    axis=(  0.703193  0.616363  0.354423)
     C   22    Vzz=    0.5194    axis=( -0.247082 -0.255575  0.934683)
     C   22  Q=         1.0000 1e-30 m^2  Cq=         1.2204 MHz  eta= 0.74909

     C   23    Vxx=    0.2034    axis=(  0.333011  0.343015  0.878319)
     C   23    Vyy=    0.7064    axis=(  0.695221  0.539957 -0.474463)
     C   23    Vzz=   -0.9098    axis=( -0.637002  0.768627 -0.058659)
     C   23  Q=         1.0000 1e-30 m^2  Cq=        -2.1376 MHz  eta= 0.55292

     Cl  24    Vxx=   -0.5963    axis=( -0.274401 -0.612220 -0.741546)
     Cl  24    Vyy=   -2.1282    axis=( -0.582457  0.719409 -0.378412)
     Cl  24    Vzz=    2.7244    axis=(  0.765146  0.328082 -0.553998)
     Cl  24  Q=        -8.1650 1e-30 m^2  Cq=       -52.2671 MHz  eta= 0.56227

     Initialization:
     gipaw_setup  :      8.89s CPU     10.72s WALL (       1 calls)

     Linear response

     Apply operators

     Induced current

     Other routines
     efg          :      9.17s CPU     11.35s WALL (       1 calls)

     General routines
     calbec       :      3.22s CPU      4.00s WALL (      16 calls)
     fft          :      1.31s CPU      1.49s WALL (      15 calls)
     ffts         :      0.04s CPU      0.04s WALL (       2 calls)
     fftw         :      3.22s CPU      3.97s WALL (     672 calls)
     davcio       :      0.01s CPU      0.32s WALL (      32 calls)

     Parallel routines
     fft_scatter  :      1.86s CPU      2.68s WALL (     689 calls)

     Plugins

     GIPAW        :     60.14s CPU     69.71s WALL (       1 calls)
