
     Program QE v.6.0 (svn rev. 13079) starts on 20Jan2017 at  5:24:21 

     This program is part of the open-source Quantum ESPRESSO suite
     for quantum simulation of materials; please cite
         "P. Giannozzi et al., J. Phys.:Condens. Matter 21 395502 (2009);
          URL http://www.quantum-espresso.org", 
     in publications or presentations arising from this work. More details at
     http://www.quantum-espresso.org/quote

     Parallel version (MPI), running on     8 processors
     R & G space division:  proc/nbgrp/npool/nimage =       8

     ***** This is GIPAW svn revision unknown      *****

     Parallelizing q-star over 1 images

     Reading data from directory:
     /users/majewski/paradichlorobenzene/pbe/9_constraint/scratch/pbe.ecut100.np8.dt60.pcl2phi-129368.save
     Message from routine read_xml_file:
     file /users/majewski/paradichlorobenzene/pbe/9_constraint/scratch/pbe.ecut100.np8.dt60.pcl2phi-129368.save not guaranteed to be safe for post-processing

   Info: using nr1, nr2, nr3 values from input

   Info: using nr1, nr2, nr3 values from input

     IMPORTANT: XC functional enforced from input :
     Exchange-correlation      =  SLA  PW   PBX  PBC ( 1  4  3  4 0 0)
     Any further DFT definition will be discarded
     Please, verify this is what you really want

               file C.pbe-n-kjpaw_psl.1.0.0.UPF: wavefunction(s)  2S 2P renormalized
               file Cl.pbe-n-kjpaw_psl.1.0.0.UPF: wavefunction(s)  3S 3P renormalized
               file H.pbe-kjpaw_psl.1.0.0.UPF: wavefunction(s)  1S renormalized

     Parallelization info
     --------------------
     sticks:   dense  smooth     PW     G-vecs:    dense   smooth      PW
     Min        3057    1223    332               144436    36536    5170
     Max        3059    1225    333               144437    36537    5171
     Sum       24467    9791   2657              1155489   292295   41363


     Subspace diagonalization in iterative solution of the eigenvalue problem:
     a serial algorithm will be used

     GIPAW projectors -----------------------------------------------
     atom=  C    l=0  rc=    1.2000  rs=    0.8000
     atom=  C    l=0  rc=    1.2000  rs=    0.8000
     atom=  C    l=1  rc=    1.4000  rs=    0.9333
     atom=  C    l=1  rc=    1.4000  rs=    0.9333
     projs nearly linearly dependent: l=1  n1,n2= 1, 2  s=  0.99951561

     atom=  Cl   l=0  rc=    1.6000  rs=    1.0667
     atom=  Cl   l=0  rc=    1.6000  rs=    1.0667
     atom=  Cl   l=1  rc=    1.6000  rs=    1.0667
     atom=  Cl   l=1  rc=    1.6000  rs=    1.0667
     atom=  Cl   l=2  rc=    1.6000  rs=    1.0667
     atom=  Cl   l=2  rc=    1.6000  rs=    1.0667
     projs nearly linearly dependent: l=2  n1,n2= 1, 2  s=  0.99993509

     atom=  H    l=0  rc=    1.0000  rs=    0.6667
     atom=  H    l=0  rc=    1.0000  rs=    0.6667
     projs nearly linearly dependent: l=0  n1,n2= 1, 2  s=  0.99968852
     -----------------------------------------------------------------

     GIPAW integrals: -------------------------------------------
     Atom  i/j   nmr_para   nmr_dia   epr_rmc  epr_para   epr_dia
       C   1 1   0.83E+03  0.17E-01  0.93E+01  0.24E+08  0.24E+03
       C   2 1   0.86E+03 -0.61E-01  0.94E+01  0.25E+08  0.25E+03
       C   2 2   0.90E+03 -0.15E+00  0.97E+01  0.26E+08  0.26E+03
       C   3 3   0.33E+01  0.34E+00  0.18E+01  0.55E+03  0.21E+02
       C   4 3   0.35E+01  0.37E+00  0.20E+01  0.59E+03  0.22E+02
       C   4 4   0.38E+01  0.39E+00  0.22E+01  0.63E+03  0.24E+02
       Cl  1 1   0.14E+04 -0.47E+00  0.84E+01  0.32E+09  0.42E+03
       Cl  2 1   0.21E+04 -0.37E+00  0.12E+02  0.49E+09  0.65E+03
       Cl  2 2   0.33E+04 -0.16E+00  0.21E+02  0.76E+09  0.10E+04
       Cl  3 3   0.21E+02  0.79E-01  0.89E+01  0.23E+05  0.13E+03
       Cl  4 3   0.24E+02  0.67E-01  0.99E+01  0.27E+05  0.15E+03
       Cl  4 4   0.28E+02  0.44E-01  0.11E+02  0.32E+05  0.18E+03
       Cl  5 5   0.77E+00  0.19E+00  0.18E+01  0.12E+03  0.22E+02
       Cl  6 5   0.80E+00  0.19E+00  0.19E+01  0.12E+03  0.23E+02
       Cl  6 6   0.83E+00  0.20E+00  0.19E+01  0.12E+03  0.23E+02
       H   1 1   0.39E+02  0.19E+00  0.29E+00  0.78E+05  0.13E+02
       H   2 1   0.41E+02  0.21E+00  0.32E+00  0.82E+05  0.14E+02
       H   2 2   0.43E+02  0.22E+00  0.36E+00  0.86E+05  0.15E+02
     ------------------------------------------------------------

     alpha_pv=     34.7933 eV

     Number of occupied bands for each k-point:
     k-point:     1    nbnd_occ=  42
     k-point:     2    nbnd_occ=  42
     k-point:     3    nbnd_occ=  42
     k-point:     4    nbnd_occ=  42
     k-point:     5    nbnd_occ=  42
     k-point:     6    nbnd_occ=  42
     k-point:     7    nbnd_occ=  42
     k-point:     8    nbnd_occ=  42
     k-point:     9    nbnd_occ=  42
     k-point:    10    nbnd_occ=  42
     k-point:    11    nbnd_occ=  42
     k-point:    12    nbnd_occ=  42
     k-point:    13    nbnd_occ=  42
     k-point:    14    nbnd_occ=  42
     k-point:    15    nbnd_occ=  42
     k-point:    16    nbnd_occ=  42


     q-space interpolation up to   110.00 Rydberg

     GIPAW job: efg                                                                             


     ELECTRIC FIELD GRADIENTS TENSORS IN Hartree/bohrradius^2:

     ----- bare term -----
     Cl   1        0.127373        0.023242        0.027806
     Cl   1        0.023242       -0.161125       -0.097291
     Cl   1        0.027806       -0.097291        0.033752

     C    2       -0.688881        0.480757       -0.321526
     C    2        0.480757        0.268373       -0.093713
     C    2       -0.321526       -0.093713        0.420508

     C    3        0.295983        0.013219       -0.219418
     C    3        0.013219       -0.179890       -0.357095
     C    3       -0.219418       -0.357095       -0.116093

     H    4        0.009180        0.153929       -0.481192
     H    4        0.153929        0.042229        0.206669
     H    4       -0.481192        0.206669       -0.051408

     C    5       -0.437369        0.320130        0.016629
     C    5        0.320130        0.149733        0.032179
     C    5        0.016629        0.032179        0.287636

     H    6        0.443958        0.102216       -0.233818
     H    6        0.102216        0.036076       -0.163543
     H    6       -0.233818       -0.163543       -0.480034

     H    7        0.395181        0.221540        0.018559
     H    7        0.221540       -0.729113        0.007321
     H    7        0.018559        0.007321        0.333932

     C    8        0.123687        0.059952       -0.125087
     C    8        0.059952       -0.187811        0.221268
     C    8       -0.125087        0.221268        0.064124

     H    9       -0.139019        0.362928        0.040158
     H    9        0.362928       -0.168307       -0.144662
     H    9        0.040158       -0.144662        0.307325

     C   10       -0.241111       -0.029997        0.103845
     C   10       -0.029997       -0.129059       -0.197465
     C   10        0.103845       -0.197465        0.370170

     C   11        0.239593        0.043412       -0.230174
     C   11        0.043412       -0.161220        0.455555
     C   11       -0.230174        0.455555       -0.078373

     Cl  12        0.065560       -0.186601        0.078718
     Cl  12       -0.186601       -0.137374       -0.349822
     Cl  12        0.078718       -0.349822        0.071813

     H   13        0.367132        0.085993        0.248573
     H   13        0.085993       -0.056388       -0.556105
     H   13        0.248573       -0.556105       -0.310745

     C   14       -0.162823       -0.040117       -0.360700
     C   14       -0.040117       -0.154087       -0.353661
     C   14       -0.360700       -0.353661        0.316910

     H   15       -0.007628       -0.089561       -0.302702
     H   15       -0.089561        0.295161       -0.489768
     H   15       -0.302702       -0.489768       -0.287533

     C   16       -0.509528        0.339534       -0.339817
     C   16        0.339534        0.063113       -0.147432
     C   16       -0.339817       -0.147432        0.446415

     C   17       -0.019743       -0.177890       -0.319690
     C   17       -0.177890        0.038490       -0.701305
     C   17       -0.319690       -0.701305       -0.018747

     Cl  18       -0.220993        0.294420        0.000065
     Cl  18        0.294420        0.054825       -0.038346
     Cl  18        0.000065       -0.038346        0.166168

     H   19        0.405632        0.004817       -0.088537
     H   19        0.004817       -0.607549        0.692566
     H   19       -0.088537        0.692566        0.201917

     C   20       -0.885789       -0.382711       -0.472986
     C   20       -0.382711        0.366227        0.031754
     C   20       -0.472986        0.031754        0.519563

     H   21       -0.480922        0.237473        0.254287
     H   21        0.237473        0.347082        0.086618
     H   21        0.254287        0.086618        0.133841

     C   22        0.191492        0.009472       -0.050809
     C   22        0.009472       -0.514432        0.419071
     C   22       -0.050809        0.419071        0.322940

     C   23       -0.826049       -0.441798       -0.349210
     C   23       -0.441798        0.323088        0.001462
     C   23       -0.349210        0.001462        0.502962

     Cl  24       -0.039776        0.000745        0.053024
     Cl  24        0.000745       -0.028855       -0.073314
     Cl  24        0.053024       -0.073314        0.068631

     ----- ionic term -----
     Cl   1        0.124696       -0.241048       -0.032371
     Cl   1       -0.241048        0.015943        0.029147
     Cl   1       -0.032371        0.029147       -0.140639

     C    2        0.159317       -0.296090        0.251789
     C    2       -0.296090       -0.030495        0.396351
     C    2        0.251789        0.396351       -0.128823

     C    3        0.134758       -0.257446        0.180266
     C    3       -0.257446        0.055609        0.389413
     C    3        0.180266        0.389413       -0.190367

     H    4        0.550370        0.261999        0.697818
     H    4        0.261999       -0.445155        0.223963
     H    4        0.697818        0.223963       -0.105215

     C    5        0.241368       -0.233305        0.262443
     C    5       -0.233305       -0.024346        0.302507
     C    5        0.262443        0.302507       -0.217022

     H    6       -0.527054        0.150406        0.122080
     H    6        0.150406        0.500944        0.797534
     H    6        0.122080        0.797534        0.026110

     H    7       -0.517401       -0.138720        0.056083
     H    7       -0.138720        0.742571       -0.666632
     H    7        0.056083       -0.666632       -0.225169

     C    8        0.418614        0.070420        0.072251
     C    8        0.070420        0.092532       -0.312800
     C    8        0.072251       -0.312800       -0.511146

     H    9        0.792554       -0.501521        0.361907
     H    9       -0.501521       -0.280491       -0.199706
     H    9        0.361907       -0.199706       -0.512063

     C   10        0.253342        0.111201        0.040098
     C   10        0.111201        0.235817       -0.374197
     C   10        0.040098       -0.374197       -0.489159

     C   11        0.319855       -0.053640        0.071906
     C   11       -0.053640        0.195625       -0.378670
     C   11        0.071906       -0.378670       -0.515481

     Cl  12        0.126401        0.159031       -0.031020
     Cl  12        0.159031        0.002274       -0.032342
     Cl  12       -0.031020       -0.032342       -0.128675

     H   13       -0.500261       -0.065635       -0.004592
     H   13       -0.065635        0.360927        0.791538
     H   13       -0.004592        0.791538        0.139334

     C   14        0.272457       -0.362645        0.273103
     C   14       -0.362645       -0.090571        0.280974
     C   14        0.273103        0.280974       -0.181886

     H   15        0.383059        0.241386        0.749926
     H   15        0.241386       -0.485628        0.283087
     H   15        0.749926        0.283087        0.102568

     C   16        0.091961       -0.321970        0.173295
     C   16       -0.321970        0.016733        0.446222
     C   16        0.173295        0.446222       -0.108694

     C   17        0.194772       -0.245371        0.250166
     C   17       -0.245371       -0.083595        0.407750
     C   17        0.250166        0.407750       -0.111177

     Cl  18        0.162127       -0.193538        0.006337
     Cl  18       -0.193538       -0.017425        0.007686
     Cl  18        0.006337        0.007686       -0.144701

     H   19       -0.508759       -0.061174        0.008639
     H   19       -0.061174        0.575334       -0.750436
     H   19        0.008639       -0.750436       -0.066575

     C   20        0.456302        0.042418        0.043660
     C   20        0.042418        0.054305       -0.317387
     C   20        0.043660       -0.317387       -0.510607

     H   21        0.773324       -0.571648        0.320010
     H   21       -0.571648       -0.225660       -0.188813
     H   21        0.320010       -0.188813       -0.547664

     C   22        0.250956        0.106207        0.031781
     C   22        0.106207        0.272850       -0.347053
     C   22        0.031781       -0.347053       -0.523806

     C   23        0.332763        0.063595        0.102027
     C   23        0.063595        0.223580       -0.345953
     C   23        0.102027       -0.345953       -0.556342

     Cl  24        0.177509        0.244384       -0.015201
     Cl  24        0.244384       -0.009313       -0.014548
     Cl  24       -0.015201       -0.014548       -0.168196

     ----- GIPAW term -----
     Cl   1       -0.139682       -0.529936        0.464051
     Cl   1       -0.529936        1.319040        1.577301
     Cl   1        0.464051        1.577301       -1.179358

     C    2       -0.134287        0.006004       -0.025639
     C    2        0.006004        0.221181        0.006694
     C    2       -0.025639        0.006694       -0.086894

     C    3       -0.006348       -0.020787       -0.018836
     C    3       -0.020787        0.069629       -0.020754
     C    3       -0.018836       -0.020754       -0.063281

     H    4       -0.000000        0.000000        0.000000
     H    4        0.000000        0.000000        0.000000
     H    4        0.000000        0.000000        0.000000

     C    5       -0.040452       -0.037337        0.037587
     C    5       -0.037337        0.054528        0.000346
     C    5        0.037587        0.000346       -0.014076

     H    6       -0.000000        0.000000        0.000000
     H    6        0.000000        0.000000        0.000000
     H    6        0.000000        0.000000        0.000000

     H    7       -0.000000        0.000000        0.000000
     H    7        0.000000        0.000000        0.000000
     H    7        0.000000        0.000000        0.000000

     C    8       -0.008399       -0.005791        0.000527
     C    8       -0.005791        0.089564        0.028280
     C    8        0.000527        0.028280       -0.081165

     H    9       -0.000000        0.000000        0.000000
     H    9        0.000000        0.000000        0.000000
     H    9        0.000000        0.000000        0.000000

     C   10       -0.002482        0.027075        0.018339
     C   10        0.027075       -0.007445       -0.035955
     C   10        0.018339       -0.035955        0.009927

     C   11        0.008651        0.005136       -0.027806
     C   11        0.005136        0.079424        0.018906
     C   11       -0.027806        0.018906       -0.088075

     Cl  12       -0.462679       -0.086338       -0.367006
     Cl  12       -0.086338        0.316046        1.015794
     Cl  12       -0.367006        1.015794        0.146633

     H   13       -0.000000        0.000000        0.000000
     H   13        0.000000        0.000000        0.000000
     H   13        0.000000        0.000000        0.000000

     C   14       -0.072406       -0.093394       -0.105828
     C   14       -0.093394        0.021885        0.070329
     C   14       -0.105828        0.070329        0.050521

     H   15       -0.000000        0.000000        0.000000
     H   15        0.000000        0.000000        0.000000
     H   15        0.000000        0.000000        0.000000

     C   16       -0.134333       -0.062743       -0.129241
     C   16       -0.062743        0.104803        0.105643
     C   16       -0.129241        0.105643        0.029530

     C   17       -0.061677       -0.106001       -0.035190
     C   17       -0.106001        0.191679       -0.177184
     C   17       -0.035190       -0.177184       -0.130003

     Cl  18       -1.080735        0.172156       -0.318796
     Cl  18        0.172156        2.573101       -1.249161
     Cl  18       -0.318796       -1.249161       -1.492366

     H   19       -0.000000        0.000000        0.000000
     H   19        0.000000        0.000000        0.000000
     H   19        0.000000        0.000000        0.000000

     C   20       -0.161367        0.003081       -0.063666
     C   20        0.003081        0.116579       -0.142847
     C   20       -0.063666       -0.142847        0.044788

     H   21       -0.000000        0.000000        0.000000
     H   21        0.000000        0.000000        0.000000
     H   21        0.000000        0.000000        0.000000

     C   22       -0.047160        0.046673       -0.019020
     C   22        0.046673       -0.030417       -0.114691
     C   22       -0.019020       -0.114691        0.077577

     C   23       -0.171805       -0.008633       -0.024769
     C   23       -0.008633        0.167804       -0.172155
     C   23       -0.024769       -0.172155        0.004001

     Cl  24       -0.417570        1.596712        0.181453
     Cl  24        1.596712       -0.022216       -2.056250
     Cl  24        0.181453       -2.056250        0.439785

     ----- total EFG -----
     Cl   1        0.112387       -0.747742        0.459486
     Cl   1       -0.747742        1.173859        1.509157
     Cl   1        0.459486        1.509157       -1.286246

     C    2       -0.663851        0.190672       -0.095377
     C    2        0.190672        0.459059        0.309332
     C    2       -0.095377        0.309332        0.204792

     C    3        0.424393       -0.265013       -0.057988
     C    3       -0.265013       -0.054651        0.011564
     C    3       -0.057988        0.011564       -0.369742

     H    4        0.559550        0.415928        0.216626
     H    4        0.415928       -0.402926        0.430632
     H    4        0.216626        0.430632       -0.156624

     C    5       -0.236454        0.049488        0.316659
     C    5        0.049488        0.179915        0.335032
     C    5        0.316659        0.335032        0.056538

     H    6       -0.083095        0.252622       -0.111738
     H    6        0.252622        0.537020        0.633991
     H    6       -0.111738        0.633991       -0.453924

     H    7       -0.122220        0.082819        0.074642
     H    7        0.082819        0.013458       -0.659311
     H    7        0.074642       -0.659311        0.108763

     C    8        0.533902        0.124580       -0.052308
     C    8        0.124580       -0.005715       -0.063252
     C    8       -0.052308       -0.063252       -0.528187

     H    9        0.653535       -0.138593        0.402065
     H    9       -0.138593       -0.448798       -0.344369
     H    9        0.402065       -0.344369       -0.204737

     C   10        0.009749        0.108279        0.162282
     C   10        0.108279        0.099313       -0.607617
     C   10        0.162282       -0.607617       -0.109062

     C   11        0.568099       -0.005092       -0.186073
     C   11       -0.005092        0.113829        0.095791
     C   11       -0.186073        0.095791       -0.681929

     Cl  12       -0.270718       -0.113908       -0.319308
     Cl  12       -0.113908        0.180946        0.633630
     Cl  12       -0.319308        0.633630        0.089772

     H   13       -0.133129        0.020359        0.243980
     H   13        0.020359        0.304539        0.235433
     H   13        0.243980        0.235433       -0.171411

     C   14        0.037228       -0.496156       -0.193425
     C   14       -0.496156       -0.222773       -0.002358
     C   14       -0.193425       -0.002358        0.185546

     H   15        0.375431        0.151825        0.447223
     H   15        0.151825       -0.190466       -0.206681
     H   15        0.447223       -0.206681       -0.184965

     C   16       -0.551900       -0.045180       -0.295763
     C   16       -0.045180        0.184649        0.404433
     C   16       -0.295763        0.404433        0.367251

     C   17        0.113353       -0.529262       -0.104714
     C   17       -0.529262        0.146575       -0.470739
     C   17       -0.104714       -0.470739       -0.259927

     Cl  18       -1.139601        0.273038       -0.312394
     Cl  18        0.273038        2.610501       -1.279821
     Cl  18       -0.312394       -1.279821       -1.470900

     H   19       -0.103127       -0.056357       -0.079898
     H   19       -0.056357       -0.032215       -0.057870
     H   19       -0.079898       -0.057870        0.135342

     C   20       -0.590854       -0.337213       -0.492992
     C   20       -0.337213        0.537111       -0.428480
     C   20       -0.492992       -0.428480        0.053743

     H   21        0.292402       -0.334175        0.574297
     H   21       -0.334175        0.121421       -0.102195
     H   21        0.574297       -0.102195       -0.413823

     C   22        0.395288        0.162353       -0.038048
     C   22        0.162353       -0.271998       -0.042672
     C   22       -0.038048       -0.042672       -0.123290

     C   23       -0.665091       -0.386836       -0.271952
     C   23       -0.386836        0.714471       -0.516647
     C   23       -0.271952       -0.516647       -0.049380

     Cl  24       -0.279836        1.841840        0.219276
     Cl  24        1.841840       -0.060384       -2.144112
     Cl  24        0.219276       -2.144112        0.340220

     ----- total EFG (symmetrized) -----
     Cl   1        0.112387       -0.747742        0.459486
     Cl   1       -0.747742        1.173859        1.509157
     Cl   1        0.459486        1.509157       -1.286246

     C    2       -0.663851        0.190672       -0.095377
     C    2        0.190672        0.459059        0.309332
     C    2       -0.095377        0.309332        0.204792

     C    3        0.424393       -0.265013       -0.057988
     C    3       -0.265013       -0.054651        0.011564
     C    3       -0.057988        0.011564       -0.369742

     H    4        0.559550        0.415928        0.216626
     H    4        0.415928       -0.402926        0.430632
     H    4        0.216626        0.430632       -0.156624

     C    5       -0.236454        0.049488        0.316659
     C    5        0.049488        0.179915        0.335032
     C    5        0.316659        0.335032        0.056538

     H    6       -0.083095        0.252622       -0.111738
     H    6        0.252622        0.537020        0.633991
     H    6       -0.111738        0.633991       -0.453924

     H    7       -0.122220        0.082819        0.074642
     H    7        0.082819        0.013458       -0.659311
     H    7        0.074642       -0.659311        0.108763

     C    8        0.533902        0.124580       -0.052308
     C    8        0.124580       -0.005715       -0.063252
     C    8       -0.052308       -0.063252       -0.528187

     H    9        0.653535       -0.138593        0.402065
     H    9       -0.138593       -0.448798       -0.344369
     H    9        0.402065       -0.344369       -0.204737

     C   10        0.009749        0.108279        0.162282
     C   10        0.108279        0.099313       -0.607617
     C   10        0.162282       -0.607617       -0.109062

     C   11        0.568099       -0.005092       -0.186073
     C   11       -0.005092        0.113829        0.095791
     C   11       -0.186073        0.095791       -0.681929

     Cl  12       -0.270718       -0.113908       -0.319308
     Cl  12       -0.113908        0.180946        0.633630
     Cl  12       -0.319308        0.633630        0.089772

     H   13       -0.133129        0.020359        0.243980
     H   13        0.020359        0.304539        0.235433
     H   13        0.243980        0.235433       -0.171411

     C   14        0.037228       -0.496156       -0.193425
     C   14       -0.496156       -0.222773       -0.002358
     C   14       -0.193425       -0.002358        0.185546

     H   15        0.375431        0.151825        0.447223
     H   15        0.151825       -0.190466       -0.206681
     H   15        0.447223       -0.206681       -0.184965

     C   16       -0.551900       -0.045180       -0.295763
     C   16       -0.045180        0.184649        0.404433
     C   16       -0.295763        0.404433        0.367251

     C   17        0.113353       -0.529262       -0.104714
     C   17       -0.529262        0.146575       -0.470739
     C   17       -0.104714       -0.470739       -0.259927

     Cl  18       -1.139601        0.273038       -0.312394
     Cl  18        0.273038        2.610501       -1.279821
     Cl  18       -0.312394       -1.279821       -1.470900

     H   19       -0.103127       -0.056357       -0.079898
     H   19       -0.056357       -0.032215       -0.057870
     H   19       -0.079898       -0.057870        0.135342

     C   20       -0.590854       -0.337213       -0.492992
     C   20       -0.337213        0.537111       -0.428480
     C   20       -0.492992       -0.428480        0.053743

     H   21        0.292402       -0.334175        0.574297
     H   21       -0.334175        0.121421       -0.102195
     H   21        0.574297       -0.102195       -0.413823

     C   22        0.395288        0.162353       -0.038048
     C   22        0.162353       -0.271998       -0.042672
     C   22       -0.038048       -0.042672       -0.123290

     C   23       -0.665091       -0.386836       -0.271952
     C   23       -0.386836        0.714471       -0.516647
     C   23       -0.271952       -0.516647       -0.049380

     Cl  24       -0.279836        1.841840        0.219276
     Cl  24        1.841840       -0.060384       -2.144112
     Cl  24        0.219276       -2.144112        0.340220


     NQR/NMR SPECTROSCOPIC PARAMETERS:
     Cl   1    Vxx=    0.2192    axis=(  0.916118  0.106603  0.386476)
     Cl   1    Vyy=    2.0198    axis=( -0.260171  0.891522  0.370809)
     Cl   1    Vzz=   -2.2390    axis=( -0.305022 -0.440255  0.844475)
     Cl   1  Q=        -8.1650 1e-30 m^2  Cq=        42.9539 MHz  eta= 0.80418

     C    2    Vxx=    0.0448    axis=( -0.247036 -0.504192  0.827504)
     C    2    Vyy=    0.6750    axis=(  0.081452  0.840145  0.536210)
     C    2    Vzz=   -0.7198    axis=( -0.965577  0.199865 -0.166478)
     C    2  Q=         1.0000 1e-30 m^2  Cq=        -1.6912 MHz  eta= 0.87554

     C    3    Vxx=   -0.1715    axis=(  0.400334  0.914147 -0.063784)
     C    3    Vyy=   -0.3742    axis=(  0.083279  0.033023  0.995979)
     C    3    Vzz=    0.5457    axis=(  0.912577 -0.404036 -0.062909)
     C    3  Q=         1.0000 1e-30 m^2  Cq=         1.2822 MHz  eta= 0.37142

     H    4    Vxx=   -0.0851    axis=( -0.506743  0.383187  0.772256)
     H    4    Vyy=   -0.7636    axis=( -0.175006  0.831413 -0.527377)
     H    4    Vzz=    0.8487    axis=(  0.844147  0.402394  0.354252)
     H    4  Q=         1.0000 1e-30 m^2  Cq=         1.9942 MHz  eta= 0.79948

     C    5    Vxx=   -0.0641    axis=( -0.577373  0.698180 -0.423302)
     C    5    Vyy=   -0.4755    axis=( -0.752494 -0.253834  0.607718)
     C    5    Vzz=    0.5396    axis=(  0.316848  0.669412  0.671933)
     C    5  Q=         1.0000 1e-30 m^2  Cq=         1.2679 MHz  eta= 0.76229

     H    6    Vxx=   -0.0553    axis=(  0.941543 -0.044070 -0.333998)
     H    6    Vyy=   -0.8248    axis=( -0.280326  0.447384 -0.849273)
     H    6    Vzz=    0.8801    axis=(  0.186853  0.893256  0.408877)
     H    6  Q=         1.0000 1e-30 m^2  Cq=         2.0678 MHz  eta= 0.87437

     H    7    Vxx=   -0.0975    axis=(  0.976256  0.157161  0.149079)
     H    7    Vyy=   -0.6247    axis=( -0.216609  0.714961  0.664764)
     H    7    Vzz=    0.7221    axis=( -0.002111 -0.681272  0.732027)
     H    7  Q=         1.0000 1e-30 m^2  Cq=         1.6968 MHz  eta= 0.73000

     C    8    Vxx=   -0.0280    axis=(  0.224159 -0.969494  0.099167)
     C    8    Vyy=   -0.5371    axis=( -0.035735 -0.109864 -0.993304)
     C    8    Vzz=    0.5651    axis=(  0.973897  0.219115 -0.059272)
     C    8  Q=         1.0000 1e-30 m^2  Cq=         1.3278 MHz  eta= 0.90073

     H    9    Vxx=   -0.1599    axis=( -0.435137 -0.595875  0.674973)
     H    9    Vyy=   -0.7046    axis=( -0.104067  0.777928  0.619676)
     H    9    Vzz=    0.8645    axis=(  0.894330 -0.199401  0.400517)
     H    9  Q=         1.0000 1e-30 m^2  Cq=         2.0312 MHz  eta= 0.63002

     C   10    Vxx=    0.0637    axis=(  0.961511  0.204664  0.183327)
     C   10    Vyy=    0.6124    axis=(  0.038109 -0.760098  0.648690)
     C   10    Vzz=   -0.6762    axis=(  0.272110 -0.616736 -0.738642)
     C   10  Q=         1.0000 1e-30 m^2  Cq=        -1.5888 MHz  eta= 0.81148

     C   11    Vxx=    0.1237    axis=(  0.055446  0.992899  0.105252)
     C   11    Vyy=    0.5960    axis=( -0.988360  0.039622  0.146885)
     C   11    Vzz=   -0.7197    axis=(  0.141672 -0.112171  0.983538)
     C   11  Q=         1.0000 1e-30 m^2  Cq=        -1.6909 MHz  eta= 0.65623

     Cl  12    Vxx=   -0.2580    axis=(  0.815917  0.533485 -0.222873)
     Cl  12    Vyy=   -0.5946    axis=( -0.515103  0.495670 -0.699272)
     Cl  12    Vzz=    0.8526    axis=(  0.262580 -0.685350 -0.679225)
     Cl  12  Q=        -8.1650 1e-30 m^2  Cq=       -16.3558 MHz  eta= 0.39482

     H   13    Vxx=    0.0075    axis=(  0.765820 -0.430854  0.477372)
     H   13    Vyy=    0.4267    axis=( -0.220900 -0.873437 -0.433948)
     H   13    Vzz=   -0.4342    axis=(  0.603923  0.226875 -0.764071)
     H   13  Q=         1.0000 1e-30 m^2  Cq=        -1.0201 MHz  eta= 0.96544

     C   14    Vxx=    0.1268    axis=(  0.271816 -0.391741  0.879008)
     C   14    Vyy=    0.4972    axis=(  0.735031 -0.505057 -0.452378)
     C   14    Vzz=   -0.6240    axis=(  0.621164  0.769062  0.150659)
     C   14  Q=         1.0000 1e-30 m^2  Cq=        -1.4661 MHz  eta= 0.59363

     H   15    Vxx=   -0.0310    axis=(  0.221955  0.844017 -0.488232)
     H   15    Vyy=   -0.5934    axis=( -0.421816  0.534557  0.732339)
     H   15    Vzz=    0.6244    axis=(  0.879094  0.043398  0.474668)
     H   15  Q=         1.0000 1e-30 m^2  Cq=         1.4671 MHz  eta= 0.90076

     C   16    Vxx=   -0.0973    axis=( -0.265672 -0.804501  0.531221)
     C   16    Vyy=   -0.6461    axis=( -0.943118  0.102647 -0.316216)
     C   16    Vzz=    0.7435    axis=( -0.199868  0.585014  0.786010)
     C   16  Q=         1.0000 1e-30 m^2  Cq=         1.7469 MHz  eta= 0.73819

     C   17    Vxx=    0.0185    axis=(  0.676213  0.257754 -0.690145)
     C   17    Vyy=    0.7413    axis=( -0.587017  0.754554 -0.293358)
     C   17    Vzz=   -0.7598    axis=(  0.445137  0.603499  0.661545)
     C   17  Q=         1.0000 1e-30 m^2  Cq=        -1.7853 MHz  eta= 0.95135

     Cl  18    Vxx=   -1.1010    axis=(  0.953445 -0.158589 -0.256499)
     Cl  18    Vyy=   -1.9070    axis=(  0.289632  0.244645  0.925344)
     Cl  18    Vzz=    3.0080    axis=( -0.083998 -0.956555  0.279188)
     Cl  18  Q=        -8.1650 1e-30 m^2  Cq=       -57.7073 MHz  eta= 0.26797

     H   19    Vxx=   -0.0018    axis=(  0.519300 -0.852671 -0.057274)
     H   19    Vyy=   -0.1661    axis=(  0.821199  0.479334  0.309631)
     H   19    Vzz=    0.1679    axis=( -0.236560 -0.207824  0.949130)
     H   19  Q=         1.0000 1e-30 m^2  Cq=         0.3946 MHz  eta= 0.97881

     C   20    Vxx=    0.2327    axis=(  0.583994 -0.370088 -0.722486)
     C   20    Vyy=    0.7891    axis=(  0.041671 -0.875185  0.481990)
     C   20    Vzz=   -1.0219    axis=(  0.810688  0.311586  0.495681)
     C   20  Q=         1.0000 1e-30 m^2  Cq=        -2.4010 MHz  eta= 0.54448

     H   21    Vxx=   -0.0472    axis=(  0.352688  0.884297  0.305990)
     H   21    Vyy=   -0.7419    axis=( -0.506446 -0.094581  0.857069)
     H   21    Vzz=    0.7891    axis=(  0.786844 -0.457245  0.414491)
     H   21  Q=         1.0000 1e-30 m^2  Cq=         1.8541 MHz  eta= 0.88032

     C   22    Vxx=   -0.1214    axis=(  0.119268 -0.149553  0.981534)
     C   22    Vyy=   -0.3152    axis=(  0.210670 -0.962268 -0.172216)
     C   22    Vzz=    0.4366    axis=( -0.970254 -0.227320  0.083261)
     C   22  Q=         1.0000 1e-30 m^2  Cq=         1.0258 MHz  eta= 0.44382

     C   23    Vxx=   -0.0485    axis=( -0.527665  0.276379  0.803234)
     C   23    Vyy=   -0.9588    axis=(  0.837315  0.328510  0.437018)
     C   23    Vzz=    1.0073    axis=(  0.143088 -0.903159  0.404760)
     C   23  Q=         1.0000 1e-30 m^2  Cq=         2.3667 MHz  eta= 0.90371

     Cl  24    Vxx=    0.1965    axis=(  0.760112  0.120547  0.638513)
     Cl  24    Vyy=    2.7492    axis=(  0.386428  0.706136 -0.593334)
     Cl  24    Vzz=   -2.9456    axis=(  0.522401 -0.697739 -0.490160)
     Cl  24  Q=        -8.1650 1e-30 m^2  Cq=        56.5101 MHz  eta= 0.86661

     Initialization:
     gipaw_setup  :      9.18s CPU     11.13s WALL (       1 calls)

     Linear response

     Apply operators

     Induced current

     Other routines
     efg          :      9.09s CPU     11.62s WALL (       1 calls)

     General routines
     calbec       :      3.22s CPU      4.13s WALL (      16 calls)
     fft          :      1.40s CPU      1.87s WALL (      15 calls)
     ffts         :      0.04s CPU      0.03s WALL (       2 calls)
     fftw         :      3.18s CPU      4.04s WALL (     672 calls)
     davcio       :      0.01s CPU      0.32s WALL (      32 calls)

     Parallel routines
     fft_scatter  :      1.94s CPU      3.06s WALL (     689 calls)

     Plugins

     GIPAW        :     60.70s CPU     75.14s WALL (       1 calls)
