
     Program QE v.6.0 (svn rev. 13079) starts on  1Jan2017 at 14:50:37 

     This program is part of the open-source Quantum ESPRESSO suite
     for quantum simulation of materials; please cite
         "P. Giannozzi et al., J. Phys.:Condens. Matter 21 395502 (2009);
          URL http://www.quantum-espresso.org", 
     in publications or presentations arising from this work. More details at
     http://www.quantum-espresso.org/quote

     Parallel version (MPI), running on     8 processors
     R & G space division:  proc/nbgrp/npool/nimage =       8

     ***** This is GIPAW svn revision unknown      *****

     Parallelizing q-star over 1 images

     Reading data from directory:
     /users/majewski/paradichlorobenzene/pbe/9_constraint/scratch/pbe.ecut100.np8.dt60.pcl2phi-129368.save
     Message from routine read_xml_file:
     file /users/majewski/paradichlorobenzene/pbe/9_constraint/scratch/pbe.ecut100.np8.dt60.pcl2phi-129368.save not guaranteed to be safe for post-processing

   Info: using nr1, nr2, nr3 values from input

   Info: using nr1, nr2, nr3 values from input

     IMPORTANT: XC functional enforced from input :
     Exchange-correlation      =  SLA  PW   PBX  PBC ( 1  4  3  4 0 0)
     Any further DFT definition will be discarded
     Please, verify this is what you really want

               file C.pbe-n-kjpaw_psl.1.0.0.UPF: wavefunction(s)  2S 2P renormalized
               file Cl.pbe-n-kjpaw_psl.1.0.0.UPF: wavefunction(s)  3S 3P renormalized
               file H.pbe-kjpaw_psl.1.0.0.UPF: wavefunction(s)  1S renormalized

     Parallelization info
     --------------------
     sticks:   dense  smooth     PW     G-vecs:    dense   smooth      PW
     Min        3057    1223    332               144436    36536    5170
     Max        3059    1225    333               144437    36537    5171
     Sum       24467    9791   2657              1155489   292295   41363


     Subspace diagonalization in iterative solution of the eigenvalue problem:
     a serial algorithm will be used

     GIPAW projectors -----------------------------------------------
     atom=  C    l=0  rc=    1.2000  rs=    0.8000
     atom=  C    l=0  rc=    1.2000  rs=    0.8000
     atom=  C    l=1  rc=    1.4000  rs=    0.9333
     atom=  C    l=1  rc=    1.4000  rs=    0.9333
     projs nearly linearly dependent: l=1  n1,n2= 1, 2  s=  0.99951561

     atom=  Cl   l=0  rc=    1.6000  rs=    1.0667
     atom=  Cl   l=0  rc=    1.6000  rs=    1.0667
     atom=  Cl   l=1  rc=    1.6000  rs=    1.0667
     atom=  Cl   l=1  rc=    1.6000  rs=    1.0667
     atom=  Cl   l=2  rc=    1.6000  rs=    1.0667
     atom=  Cl   l=2  rc=    1.6000  rs=    1.0667
     projs nearly linearly dependent: l=2  n1,n2= 1, 2  s=  0.99993509

     atom=  H    l=0  rc=    1.0000  rs=    0.6667
     atom=  H    l=0  rc=    1.0000  rs=    0.6667
     projs nearly linearly dependent: l=0  n1,n2= 1, 2  s=  0.99968852
     -----------------------------------------------------------------

     GIPAW integrals: -------------------------------------------
     Atom  i/j   nmr_para   nmr_dia   epr_rmc  epr_para   epr_dia
       C   1 1   0.83E+03  0.17E-01  0.93E+01  0.24E+08  0.24E+03
       C   2 1   0.86E+03 -0.61E-01  0.94E+01  0.25E+08  0.25E+03
       C   2 2   0.90E+03 -0.15E+00  0.97E+01  0.26E+08  0.26E+03
       C   3 3   0.33E+01  0.34E+00  0.18E+01  0.55E+03  0.21E+02
       C   4 3   0.35E+01  0.37E+00  0.20E+01  0.59E+03  0.22E+02
       C   4 4   0.38E+01  0.39E+00  0.22E+01  0.63E+03  0.24E+02
       Cl  1 1   0.14E+04 -0.47E+00  0.84E+01  0.32E+09  0.42E+03
       Cl  2 1   0.21E+04 -0.37E+00  0.12E+02  0.49E+09  0.65E+03
       Cl  2 2   0.33E+04 -0.16E+00  0.21E+02  0.76E+09  0.10E+04
       Cl  3 3   0.21E+02  0.79E-01  0.89E+01  0.23E+05  0.13E+03
       Cl  4 3   0.24E+02  0.67E-01  0.99E+01  0.27E+05  0.15E+03
       Cl  4 4   0.28E+02  0.44E-01  0.11E+02  0.32E+05  0.18E+03
       Cl  5 5   0.77E+00  0.19E+00  0.18E+01  0.12E+03  0.22E+02
       Cl  6 5   0.80E+00  0.19E+00  0.19E+01  0.12E+03  0.23E+02
       Cl  6 6   0.83E+00  0.20E+00  0.19E+01  0.12E+03  0.23E+02
       H   1 1   0.39E+02  0.19E+00  0.29E+00  0.78E+05  0.13E+02
       H   2 1   0.41E+02  0.21E+00  0.32E+00  0.82E+05  0.14E+02
       H   2 2   0.43E+02  0.22E+00  0.36E+00  0.86E+05  0.15E+02
     ------------------------------------------------------------

     alpha_pv=     34.2813 eV

     Number of occupied bands for each k-point:
     k-point:     1    nbnd_occ=  42
     k-point:     2    nbnd_occ=  42
     k-point:     3    nbnd_occ=  42
     k-point:     4    nbnd_occ=  42
     k-point:     5    nbnd_occ=  42
     k-point:     6    nbnd_occ=  42
     k-point:     7    nbnd_occ=  42
     k-point:     8    nbnd_occ=  42
     k-point:     9    nbnd_occ=  42
     k-point:    10    nbnd_occ=  42
     k-point:    11    nbnd_occ=  42
     k-point:    12    nbnd_occ=  42
     k-point:    13    nbnd_occ=  42
     k-point:    14    nbnd_occ=  42
     k-point:    15    nbnd_occ=  42
     k-point:    16    nbnd_occ=  42


     q-space interpolation up to   110.00 Rydberg

     GIPAW job: efg                                                                             


     ELECTRIC FIELD GRADIENTS TENSORS IN Hartree/bohrradius^2:

     ----- bare term -----
     Cl   1       -0.033126        0.127774        0.034401
     Cl   1        0.127774        0.065004        0.070588
     Cl   1        0.034401        0.070588       -0.031879

     C    2       -0.066161        0.200617       -0.143499
     C    2        0.200617       -0.426765       -0.444937
     C    2       -0.143499       -0.444937        0.492926

     C    3       -0.463925        0.155879       -0.233407
     C    3        0.155879       -0.094394       -0.321622
     C    3       -0.233407       -0.321622        0.558319

     H    4       -0.422487       -0.286390       -0.537054
     H    4       -0.286390        0.328975       -0.227484
     H    4       -0.537054       -0.227484        0.093512

     C    5       -0.146523        0.258240       -0.058425
     C    5        0.258240       -0.331275       -0.318884
     C    5       -0.058425       -0.318884        0.477798

     H    6        0.494784       -0.043224       -0.094278
     H    6       -0.043224        0.069722       -0.409245
     H    6       -0.094278       -0.409245       -0.564507

     H    7        0.400023        0.064531       -0.038160
     H    7        0.064531       -0.514643        0.533338
     H    7       -0.038160        0.533338        0.114620

     C    8       -0.219605       -0.308793       -0.070633
     C    8       -0.308793       -0.367095        0.384921
     C    8       -0.070633        0.384921        0.586700

     H    9       -0.106273        0.261098       -0.484292
     H    9        0.261098        0.200697        0.426485
     H    9       -0.484292        0.426485       -0.094424

     C   10       -0.444437       -0.215482       -0.282642
     C   10       -0.215482       -0.117830        0.347046
     C   10       -0.282642        0.347046        0.562268

     C   11       -0.096405       -0.271365       -0.101245
     C   11       -0.271365       -0.483208        0.380934
     C   11       -0.101245        0.380934        0.579613

     Cl  12       -0.044115       -0.024709       -0.068726
     Cl  12       -0.024709       -0.039675        0.020204
     Cl  12       -0.068726        0.020204        0.083791

     H   13        0.380678       -0.039438       -0.064626
     H   13       -0.039438       -0.531071       -0.578017
     H   13       -0.064626       -0.578017        0.150393

     C   14       -0.752573        0.279244       -0.440638
     C   14        0.279244        0.111310       -0.071484
     C   14       -0.440638       -0.071484        0.641263

     H   15       -0.552947       -0.041421       -0.182683
     H   15       -0.041421        0.339173       -0.327315
     H   15       -0.182683       -0.327315        0.213774

     C   16       -0.010991        0.173947       -0.129986
     C   16        0.173947       -0.569910       -0.379998
     C   16       -0.129986       -0.379998        0.580901

     C   17       -0.588145        0.051700       -0.186450
     C   17        0.051700        0.092399       -0.207556
     C   17       -0.186450       -0.207556        0.495746

     Cl  18        0.037210        0.078242        0.014982
     Cl  18        0.078242        0.099029        0.024092
     Cl  18        0.014982        0.024092       -0.136240

     H   19        0.481164        0.205677        0.059903
     H   19        0.205677       -0.601262        0.026587
     H   19        0.059903        0.026587        0.120098

     C   20       -0.681518       -0.113806       -0.328788
     C   20       -0.113806        0.028268        0.142150
     C   20       -0.328788        0.142150        0.653251

     H   21       -0.388901        0.309591       -0.449774
     H   21        0.309591        0.140743        0.118018
     H   21       -0.449774        0.118018        0.248158

     C   22       -0.133624       -0.303157       -0.013036
     C   22       -0.303157       -0.487604        0.466957
     C   22       -0.013036        0.466957        0.621228

     C   23       -0.463386        0.039292       -0.287128
     C   23        0.039292       -0.067427        0.459718
     C   23       -0.287128        0.459718        0.530812

     Cl  24       -0.076886       -0.118686        0.114976
     Cl  24       -0.118686       -0.071102       -0.088284
     Cl  24        0.114976       -0.088284        0.147989

     ----- ionic term -----
     Cl   1        0.144452       -0.210261       -0.018068
     Cl   1       -0.210261       -0.011047        0.013611
     Cl   1       -0.018068        0.013611       -0.133405

     C    2        0.254655       -0.202328        0.202851
     C    2       -0.202328        0.032249        0.406731
     C    2        0.202851        0.406731       -0.286904

     C    3        0.198171       -0.208285        0.113142
     C    3       -0.208285        0.105811        0.429663
     C    3        0.113142        0.429663       -0.303982

     H    4        0.697623        0.400184        0.561799
     H    4        0.400184       -0.410287        0.251693
     H    4        0.561799        0.251693       -0.287336

     C    5        0.350010       -0.172709        0.229049
     C    5       -0.172709       -0.044621        0.335353
     C    5        0.229049        0.335353       -0.305389

     H    6       -0.500578        0.093166        0.082123
     H    6        0.093166        0.542179        0.767260
     H    6        0.082123        0.767260       -0.041602

     H    7       -0.493384       -0.056539        0.036140
     H    7       -0.056539        0.883666       -0.504178
     H    7        0.036140       -0.504178       -0.390283

     C    8        0.292379        0.209553        0.228558
     C    8        0.209553        0.132643       -0.269907
     C    8        0.228558       -0.269907       -0.425021

     H    9        0.513588       -0.468469        0.624635
     H    9       -0.468469       -0.285341       -0.325509
     H    9        0.624635       -0.325509       -0.228246

     C   10        0.131178        0.216710        0.157039
     C   10        0.216710        0.291529       -0.395462
     C   10        0.157039       -0.395462       -0.422707

     C   11        0.163196        0.222361        0.258149
     C   11        0.222361        0.229816       -0.332537
     C   11        0.258149       -0.332537       -0.393011

     Cl  12        0.105901        0.224151        0.024824
     Cl  12        0.224151        0.038250        0.014594
     Cl  12        0.024824        0.014594       -0.144151

     H   13       -0.522465        0.003566        0.011637
     H   13        0.003566        0.540291        0.776203
     H   13        0.011637        0.776203       -0.017826

     C   14        0.289570       -0.225423        0.190195
     C   14       -0.225423        0.007649        0.320130
     C   14        0.190195        0.320130       -0.297220

     H   15        0.638306        0.243536        0.675768
     H   15        0.243536       -0.482632        0.218370
     H   15        0.675768        0.218370       -0.155674

     C   16        0.148037       -0.246652        0.156531
     C   16       -0.246652        0.089236        0.437121
     C   16        0.156531        0.437121       -0.237273

     C   17        0.261439       -0.191403        0.226647
     C   17       -0.191403        0.003865        0.449815
     C   17        0.226647        0.449815       -0.265305

     Cl  18        0.159420       -0.224683       -0.015123
     Cl  18       -0.224683       -0.006909        0.023969
     Cl  18       -0.015123        0.023969       -0.152511

     H   19       -0.494465       -0.139171        0.085360
     H   19       -0.139171        0.727588       -0.643370
     H   19        0.085360       -0.643370       -0.233124

     C   20        0.336726        0.221579        0.279615
     C   20        0.221579        0.064201       -0.265518
     C   20        0.279615       -0.265518       -0.400927

     H   21        0.398587       -0.309917        0.738526
     H   21       -0.309917       -0.393911       -0.313488
     H   21        0.738526       -0.313488       -0.004676

     C   22        0.120508        0.247167        0.217037
     C   22        0.247167        0.225383       -0.402283
     C   22        0.217037       -0.402283       -0.345891

     C   23        0.136090        0.180407        0.263048
     C   23        0.180407        0.229932       -0.390290
     C   23        0.263048       -0.390290       -0.366022

     Cl  24        0.123438        0.217923        0.028873
     Cl  24        0.217923        0.043600        0.010494
     Cl  24        0.028873        0.010494       -0.167038

     ----- GIPAW term -----
     Cl   1        1.195028       -1.187449        0.315390
     Cl   1       -1.187449        0.611763        0.600909
     Cl   1        0.315390        0.600909       -1.806791

     C    2        0.010573       -0.064871        0.063982
     C    2       -0.064871       -0.144874       -0.015194
     C    2        0.063982       -0.015194        0.134301

     C    3       -0.195675       -0.001533        0.026831
     C    3       -0.001533       -0.094830       -0.033254
     C    3        0.026831       -0.033254        0.290505

     H    4       -0.000000        0.000000        0.000000
     H    4        0.000000        0.000000        0.000000
     H    4        0.000000        0.000000        0.000000

     C    5       -0.102549        0.026174        0.024415
     C    5        0.026174       -0.188421       -0.055851
     C    5        0.024415       -0.055851        0.290970

     H    6       -0.000000        0.000000        0.000000
     H    6        0.000000        0.000000        0.000000
     H    6        0.000000        0.000000        0.000000

     H    7       -0.000000        0.000000        0.000000
     H    7        0.000000        0.000000        0.000000
     H    7        0.000000        0.000000        0.000000

     C    8       -0.104195       -0.043800        0.057436
     C    8       -0.043800       -0.205527        0.070099
     C    8        0.057436        0.070099        0.309722

     H    9       -0.000000        0.000000        0.000000
     H    9        0.000000        0.000000        0.000000
     H    9        0.000000        0.000000        0.000000

     C   10       -0.194617       -0.010454       -0.038831
     C   10       -0.010454       -0.082237        0.048536
     C   10       -0.038831        0.048536        0.276855

     C   11       -0.078581        0.042885        0.056805
     C   11        0.042885       -0.171209        0.090225
     C   11        0.056805        0.090225        0.249790

     Cl  12       -0.606636        1.341585       -0.503445
     Cl  12        1.341585       -0.664416        1.755996
     Cl  12       -0.503445        1.755996        1.271052

     H   13       -0.000000        0.000000        0.000000
     H   13        0.000000        0.000000        0.000000
     H   13        0.000000        0.000000        0.000000

     C   14       -0.208263        0.025293       -0.088616
     C   14        0.025293       -0.010951        0.122529
     C   14       -0.088616        0.122529        0.219214

     H   15       -0.000000        0.000000        0.000000
     H   15        0.000000        0.000000        0.000000
     H   15        0.000000        0.000000        0.000000

     C   16       -0.113682       -0.007571       -0.044338
     C   16       -0.007571       -0.143703        0.113682
     C   16       -0.044338        0.113682        0.257384

     C   17       -0.140169       -0.050601       -0.004608
     C   17       -0.050601       -0.087732        0.016008
     C   17       -0.004608        0.016008        0.227901

     Cl  18       -0.685270       -0.993727       -0.219867
     Cl  18       -0.993727       -1.268931       -0.168685
     Cl  18       -0.219867       -0.168685        1.954201

     H   19       -0.000000        0.000000        0.000000
     H   19        0.000000        0.000000        0.000000
     H   19        0.000000        0.000000        0.000000

     C   20       -0.199521       -0.005645       -0.016766
     C   20       -0.005645       -0.105311        0.007148
     C   20       -0.016766        0.007148        0.304832

     H   21       -0.000000        0.000000        0.000000
     H   21        0.000000        0.000000        0.000000
     H   21        0.000000        0.000000        0.000000

     C   22       -0.128872       -0.031341        0.013216
     C   22       -0.031341       -0.166904        0.105538
     C   22        0.013216        0.105538        0.295776

     C   23       -0.132626        0.103920       -0.039352
     C   23        0.103920       -0.110581        0.113943
     C   23       -0.039352        0.113943        0.243207

     Cl  24        0.816682        1.319774        1.029897
     Cl  24        1.319774       -0.530077       -0.808660
     Cl  24        1.029897       -0.808660       -0.286604

     ----- total EFG -----
     Cl   1        1.306355       -1.269936        0.331724
     Cl   1       -1.269936        0.665720        0.685107
     Cl   1        0.331724        0.685107       -1.972075

     C    2        0.199067       -0.066582        0.123333
     C    2       -0.066582       -0.539390       -0.053399
     C    2        0.123333       -0.053399        0.340324

     C    3       -0.461430       -0.053939       -0.093434
     C    3       -0.053939       -0.083412        0.074787
     C    3       -0.093434        0.074787        0.544842

     H    4        0.275136        0.113793        0.024746
     H    4        0.113793       -0.081311        0.024209
     H    4        0.024746        0.024209       -0.193824

     C    5        0.100938        0.111705        0.195039
     C    5        0.111705       -0.564317       -0.039382
     C    5        0.195039       -0.039382        0.463379

     H    6       -0.005794        0.049942       -0.012155
     H    6        0.049942        0.611902        0.358015
     H    6       -0.012155        0.358015       -0.606108

     H    7       -0.093361        0.007993       -0.002021
     H    7        0.007993        0.369023        0.029160
     H    7       -0.002021        0.029160       -0.275662

     C    8       -0.031422       -0.143040        0.215361
     C    8       -0.143040       -0.439979        0.185113
     C    8        0.215361        0.185113        0.471401

     H    9        0.407314       -0.207371        0.140343
     H    9       -0.207371       -0.084644        0.100976
     H    9        0.140343        0.100976       -0.322670

     C   10       -0.507877       -0.009226       -0.164434
     C   10       -0.009226        0.091461        0.000120
     C   10       -0.164434        0.000120        0.416415

     C   11       -0.011790       -0.006119        0.213709
     C   11       -0.006119       -0.424601        0.138623
     C   11        0.213709        0.138623        0.436391

     Cl  12       -0.544851        1.541026       -0.547348
     Cl  12        1.541026       -0.665841        1.790794
     Cl  12       -0.547348        1.790794        1.210692

     H   13       -0.141788       -0.035872       -0.052989
     H   13       -0.035872        0.009220        0.198187
     H   13       -0.052989        0.198187        0.132568

     C   14       -0.671266        0.079114       -0.339059
     C   14        0.079114        0.108008        0.371175
     C   14       -0.339059        0.371175        0.563258

     H   15        0.085359        0.202115        0.493085
     H   15        0.202115       -0.143459       -0.108945
     H   15        0.493085       -0.108945        0.058100

     C   16        0.023364       -0.080276       -0.017793
     C   16       -0.080276       -0.624376        0.170805
     C   16       -0.017793        0.170805        0.601011

     C   17       -0.466875       -0.190304        0.035589
     C   17       -0.190304        0.008532        0.258267
     C   17        0.035589        0.258267        0.458343

     Cl  18       -0.488639       -1.140168       -0.220008
     Cl  18       -1.140168       -1.176811       -0.120624
     Cl  18       -0.220008       -0.120624        1.665450

     H   19       -0.013301        0.066506        0.145262
     H   19        0.066506        0.126327       -0.616783
     H   19        0.145262       -0.616783       -0.113026

     C   20       -0.544313        0.102128       -0.065939
     C   20        0.102128       -0.012843       -0.116220
     C   20       -0.065939       -0.116220        0.557156

     H   21        0.009686       -0.000326        0.288752
     H   21       -0.000326       -0.253168       -0.195470
     H   21        0.288752       -0.195470        0.243482

     C   22       -0.141988       -0.087330        0.217216
     C   22       -0.087330       -0.429125        0.170213
     C   22        0.217216        0.170213        0.571113

     C   23       -0.459921        0.323619       -0.063432
     C   23        0.323619        0.051925        0.183371
     C   23       -0.063432        0.183371        0.407997

     Cl  24        0.863233        1.419011        1.173746
     Cl  24        1.419011       -0.557580       -0.886449
     Cl  24        1.173746       -0.886449       -0.305654

     ----- total EFG (symmetrized) -----
     Cl   1        1.306355       -1.269936        0.331724
     Cl   1       -1.269936        0.665720        0.685107
     Cl   1        0.331724        0.685107       -1.972075

     C    2        0.199067       -0.066582        0.123333
     C    2       -0.066582       -0.539390       -0.053399
     C    2        0.123333       -0.053399        0.340324

     C    3       -0.461430       -0.053939       -0.093434
     C    3       -0.053939       -0.083412        0.074787
     C    3       -0.093434        0.074787        0.544842

     H    4        0.275136        0.113793        0.024746
     H    4        0.113793       -0.081311        0.024209
     H    4        0.024746        0.024209       -0.193824

     C    5        0.100938        0.111705        0.195039
     C    5        0.111705       -0.564317       -0.039382
     C    5        0.195039       -0.039382        0.463379

     H    6       -0.005794        0.049942       -0.012155
     H    6        0.049942        0.611902        0.358015
     H    6       -0.012155        0.358015       -0.606108

     H    7       -0.093361        0.007993       -0.002021
     H    7        0.007993        0.369023        0.029160
     H    7       -0.002021        0.029160       -0.275662

     C    8       -0.031422       -0.143040        0.215361
     C    8       -0.143040       -0.439979        0.185113
     C    8        0.215361        0.185113        0.471401

     H    9        0.407314       -0.207371        0.140343
     H    9       -0.207371       -0.084644        0.100976
     H    9        0.140343        0.100976       -0.322670

     C   10       -0.507877       -0.009226       -0.164434
     C   10       -0.009226        0.091461        0.000120
     C   10       -0.164434        0.000120        0.416415

     C   11       -0.011790       -0.006119        0.213709
     C   11       -0.006119       -0.424601        0.138623
     C   11        0.213709        0.138623        0.436391

     Cl  12       -0.544851        1.541026       -0.547348
     Cl  12        1.541026       -0.665841        1.790794
     Cl  12       -0.547348        1.790794        1.210692

     H   13       -0.141788       -0.035872       -0.052989
     H   13       -0.035872        0.009220        0.198187
     H   13       -0.052989        0.198187        0.132568

     C   14       -0.671266        0.079114       -0.339059
     C   14        0.079114        0.108008        0.371175
     C   14       -0.339059        0.371175        0.563258

     H   15        0.085359        0.202115        0.493085
     H   15        0.202115       -0.143459       -0.108945
     H   15        0.493085       -0.108945        0.058100

     C   16        0.023364       -0.080276       -0.017793
     C   16       -0.080276       -0.624376        0.170805
     C   16       -0.017793        0.170805        0.601011

     C   17       -0.466875       -0.190304        0.035589
     C   17       -0.190304        0.008532        0.258267
     C   17        0.035589        0.258267        0.458343

     Cl  18       -0.488639       -1.140168       -0.220008
     Cl  18       -1.140168       -1.176811       -0.120624
     Cl  18       -0.220008       -0.120624        1.665450

     H   19       -0.013301        0.066506        0.145262
     H   19        0.066506        0.126327       -0.616783
     H   19        0.145262       -0.616783       -0.113026

     C   20       -0.544313        0.102128       -0.065939
     C   20        0.102128       -0.012843       -0.116220
     C   20       -0.065939       -0.116220        0.557156

     H   21        0.009686       -0.000326        0.288752
     H   21       -0.000326       -0.253168       -0.195470
     H   21        0.288752       -0.195470        0.243482

     C   22       -0.141988       -0.087330        0.217216
     C   22       -0.087330       -0.429125        0.170213
     C   22        0.217216        0.170213        0.571113

     C   23       -0.459921        0.323619       -0.063432
     C   23        0.323619        0.051925        0.183371
     C   23       -0.063432        0.183371        0.407997

     Cl  24        0.863233        1.419011        1.173746
     Cl  24        1.419011       -0.557580       -0.886449
     Cl  24        1.173746       -0.886449       -0.305654


     NQR/NMR SPECTROSCOPIC PARAMETERS:
     Cl   1    Vxx=   -0.0387    axis=(  0.593040  0.721493  0.357423)
     Cl   1    Vyy=   -2.2633    axis=( -0.194340 -0.302522  0.933120)
     Cl   1    Vzz=    2.3020    axis=( -0.781368  0.622839  0.039193)
     Cl   1  Q=        -8.1650 1e-30 m^2  Cq=       -44.1627 MHz  eta= 0.96636

     C    2    Vxx=    0.1289    axis=( -0.857926  0.044574  0.511836)
     C    2    Vyy=    0.4185    axis=(  0.507386 -0.083086  0.857704)
     C    2    Vzz=   -0.5474    axis=( -0.080758 -0.995545 -0.048665)
     C    2  Q=         1.0000 1e-30 m^2  Cq=        -1.2862 MHz  eta= 0.52888

     C    3    Vxx=   -0.0875    axis=(  0.108975 -0.985159  0.132614)
     C    3    Vyy=   -0.4757    axis=( -0.989348 -0.120443 -0.081751)
     C    3    Vzz=    0.5632    axis=( -0.096510  0.122292  0.987791)
     C    3  Q=         1.0000 1e-30 m^2  Cq=         1.3234 MHz  eta= 0.68925

     H    4    Vxx=   -0.1114    axis=(  0.288434 -0.938641 -0.189099)
     H    4    Vyy=   -0.1988    axis=( -0.003507 -0.198526  0.980089)
     H    4    Vzz=    0.3102    axis=( -0.957493 -0.282028 -0.060554)
     H    4  Q=         1.0000 1e-30 m^2  Cq=         0.7289 MHz  eta= 0.28179

     C    5    Vxx=    0.0390    axis=( -0.898336 -0.192103  0.395082)
     C    5    Vyy=    0.5485    axis=(  0.401160  0.007853  0.915974)
     C    5    Vzz=   -0.5875    axis=(  0.179064 -0.981343 -0.070009)
     C    5  Q=         1.0000 1e-30 m^2  Cq=        -1.3804 MHz  eta= 0.86707

     H    6    Vxx=   -0.0077    axis=(  0.997404 -0.051040 -0.050798)
     H    6    Vyy=   -0.7044    axis=( -0.035610  0.263537 -0.963992)
     H    6    Vzz=    0.7122    axis=(  0.062589  0.963298  0.261035)
     H    6  Q=         1.0000 1e-30 m^2  Cq=         1.6733 MHz  eta= 0.97829

     H    7    Vxx=   -0.0935    axis=(  0.999771 -0.016413 -0.013715)
     H    7    Vyy=   -0.2770    axis=( -0.012960  0.045247 -0.998892)
     H    7    Vzz=    0.3705    axis=(  0.017015  0.998841  0.045024)
     H    7  Q=         1.0000 1e-30 m^2  Cq=         0.8705 MHz  eta= 0.49543

     C    8    Vxx=   -0.0225    axis=(  0.883605 -0.406094 -0.233088)
     C    8    Vyy=   -0.5447    axis=(  0.352566  0.904615 -0.239519)
     C    8    Vzz=    0.5672    axis=(  0.308122  0.129461  0.942497)
     C    8  Q=         1.0000 1e-30 m^2  Cq=         1.3328 MHz  eta= 0.92069

     H    9    Vxx=   -0.0812    axis=(  0.221008  0.847384  0.482800)
     H    9    Vyy=   -0.4139    axis=( -0.256084 -0.427249  0.867110)
     H    9    Vzz=    0.4951    axis=(  0.941051 -0.315275  0.122576)
     H    9  Q=         1.0000 1e-30 m^2  Cq=         1.1632 MHz  eta= 0.67197

     C   10    Vxx=    0.0916    axis=( -0.013423  0.999884 -0.007165)
     C   10    Vyy=    0.4448    axis=(  0.170129 -0.004777 -0.985410)
     C   10    Vzz=   -0.5364    axis=( -0.985330 -0.014446 -0.170046)
     C   10  Q=         1.0000 1e-30 m^2  Cq=        -1.2603 MHz  eta= 0.65852

     C   11    Vxx=   -0.0883    axis=(  0.928519 -0.155820 -0.337004)
     C   11    Vyy=   -0.4503    axis=( -0.100003 -0.979087  0.177168)
     C   11    Vzz=    0.5386    axis=(  0.357563  0.130803  0.924683)
     C   11  Q=         1.0000 1e-30 m^2  Cq=         1.2656 MHz  eta= 0.67203

     Cl  12    Vxx=    0.5231    axis=(  0.808054  0.409571 -0.423439)
     Cl  12    Vyy=    2.3421    axis=(  0.144002  0.559650  0.816122)
     Cl  12    Vzz=   -2.8652    axis=(  0.571238 -0.720447  0.393248)
     Cl  12  Q=        -8.1650 1e-30 m^2  Cq=        54.9674 MHz  eta= 0.63489

     H   13    Vxx=   -0.1363    axis=(  0.161754  0.809262 -0.564740)
     H   13    Vyy=   -0.1517    axis=( -0.975796  0.045821 -0.213828)
     H   13    Vzz=    0.2880    axis=( -0.147166  0.585658  0.797087)
     H   13  Q=         1.0000 1e-30 m^2  Cq=         0.6766 MHz  eta= 0.05369

     C   14    Vxx=   -0.0244    axis=(  0.304506  0.874785 -0.376866)
     C   14    Vyy=   -0.7930    axis=( -0.935918  0.201258 -0.289056)
     C   14    Vzz=    0.8174    axis=( -0.177014  0.440735  0.880011)
     C   14  Q=         1.0000 1e-30 m^2  Cq=         1.9205 MHz  eta= 0.94040

     H   15    Vxx=   -0.0292    axis=(  0.265913  0.868723 -0.417864)
     H   15    Vyy=   -0.5429    axis=( -0.631194  0.484533  0.605658)
     H   15    Vzz=    0.5721    axis=(  0.728618  0.102700  0.677177)
     H   15  Q=         1.0000 1e-30 m^2  Cq=         1.3443 MHz  eta= 0.89796

     C   16    Vxx=    0.0308    axis=(  0.992472 -0.105312  0.062512)
     C   16    Vyy=    0.6257    axis=(  0.047642 -0.138223 -0.989255)
     C   16    Vzz=   -0.6565    axis=(  0.112821  0.984786 -0.132166)
     C   16  Q=         1.0000 1e-30 m^2  Cq=        -1.5425 MHz  eta= 0.90629

     C   17    Vxx=   -0.0290    axis=( -0.391562  0.824565 -0.408377)
     C   17    Vyy=   -0.5491    axis=(  0.918966  0.372957 -0.128078)
     C   17    Vzz=    0.5781    axis=( -0.046698  0.425435  0.903783)
     C   17  Q=         1.0000 1e-30 m^2  Cq=         1.3583 MHz  eta= 0.89964

     Cl  18    Vxx=    0.3500    axis=(  0.795840 -0.600456  0.078045)
     Cl  18    Vyy=    1.6877    axis=(  0.099357  0.002354 -0.995049)
     Cl  18    Vzz=   -2.0377    axis=(  0.597300  0.799654  0.061533)
     Cl  18  Q=        -8.1650 1e-30 m^2  Cq=        39.0930 MHz  eta= 0.65645

     H   19    Vxx=    0.0210    axis=(  0.970284  0.198415  0.138496)
     H   19    Vyy=    0.6376    axis=( -0.064904  0.764804 -0.640985)
     H   19    Vzz=   -0.6586    axis=( -0.233103  0.612948  0.754955)
     H   19  Q=         1.0000 1e-30 m^2  Cq=        -1.5476 MHz  eta= 0.93613

     C   20    Vxx=   -0.0213    axis=(  0.161471  0.963826  0.212052)
     C   20    Vyy=   -0.5650    axis=(  0.984007 -0.173617  0.039840)
     C   20    Vzz=    0.5863    axis=( -0.075214 -0.202227  0.976446)
     C   20  Q=         1.0000 1e-30 m^2  Cq=         1.3776 MHz  eta= 0.92733

     H   21    Vxx=   -0.1193    axis=( -0.785570 -0.509964  0.350452)
     H   21    Vyy=   -0.3558    axis=(  0.344458 -0.830907 -0.436969)
     H   21    Vzz=    0.4752    axis=(  0.514032 -0.222553  0.828397)
     H   21  Q=         1.0000 1e-30 m^2  Cq=         1.1165 MHz  eta= 0.49769

     C   22    Vxx=   -0.1478    axis=(  0.903102 -0.389586 -0.180637)
     C   22    Vyy=   -0.5029    axis=(  0.350187  0.911599 -0.215303)
     C   22    Vzz=    0.6506    axis=(  0.248548  0.131183  0.959695)
     C   22  Q=         1.0000 1e-30 m^2  Cq=         1.5287 MHz  eta= 0.54579

     C   23    Vxx=    0.1433    axis=( -0.461822 -0.777047  0.427689)
     C   23    Vyy=    0.4916    axis=(  0.089643  0.438831  0.894087)
     C   23    Vzz=   -0.6350    axis=( -0.882431  0.451249 -0.133005)
     C   23  Q=         1.0000 1e-30 m^2  Cq=        -1.4919 MHz  eta= 0.54854

     Cl  24    Vxx=    0.4629    axis=(  0.019048 -0.640441  0.767771)
     Cl  24    Vyy=    1.9112    axis=( -0.869026 -0.390328 -0.304035)
     Cl  24    Vzz=   -2.3741    axis=(  0.494399 -0.661422 -0.563996)
     Cl  24  Q=        -8.1650 1e-30 m^2  Cq=        45.5466 MHz  eta= 0.61004

     Initialization:
     gipaw_setup  :      9.78s CPU     11.66s WALL (       1 calls)

     Linear response

     Apply operators

     Induced current

     Other routines
     efg          :      9.91s CPU     17.50s WALL (       1 calls)

     General routines
     calbec       :      3.22s CPU      4.20s WALL (      16 calls)
     fft          :      1.43s CPU      1.74s WALL (      15 calls)
     ffts         :      0.06s CPU      0.06s WALL (       2 calls)
     fftw         :      3.88s CPU      5.84s WALL (     672 calls)
     davcio       :      0.05s CPU      4.21s WALL (      32 calls)

     Parallel routines
     fft_scatter  :      2.70s CPU      4.76s WALL (     689 calls)

     Plugins

     GIPAW        :     64.82s CPU     83.21s WALL (       1 calls)
