
     Program QE v.6.0 (svn rev. 13079) starts on 15Jan2017 at 11:37:50 

     This program is part of the open-source Quantum ESPRESSO suite
     for quantum simulation of materials; please cite
         "P. Giannozzi et al., J. Phys.:Condens. Matter 21 395502 (2009);
          URL http://www.quantum-espresso.org", 
     in publications or presentations arising from this work. More details at
     http://www.quantum-espresso.org/quote

     Parallel version (MPI), running on     8 processors
     R & G space division:  proc/nbgrp/npool/nimage =       8

     ***** This is GIPAW svn revision unknown      *****

     Parallelizing q-star over 1 images

     Reading data from directory:
     /users/majewski/paradichlorobenzene/pbe/9_constraint/scratch/pbe.ecut100.np8.dt60.pcl2phi-129368.save
     Message from routine read_xml_file:
     file /users/majewski/paradichlorobenzene/pbe/9_constraint/scratch/pbe.ecut100.np8.dt60.pcl2phi-129368.save not guaranteed to be safe for post-processing

   Info: using nr1, nr2, nr3 values from input

   Info: using nr1, nr2, nr3 values from input

     IMPORTANT: XC functional enforced from input :
     Exchange-correlation      =  SLA  PW   PBX  PBC ( 1  4  3  4 0 0)
     Any further DFT definition will be discarded
     Please, verify this is what you really want

               file C.pbe-n-kjpaw_psl.1.0.0.UPF: wavefunction(s)  2S 2P renormalized
               file Cl.pbe-n-kjpaw_psl.1.0.0.UPF: wavefunction(s)  3S 3P renormalized
               file H.pbe-kjpaw_psl.1.0.0.UPF: wavefunction(s)  1S renormalized

     Parallelization info
     --------------------
     sticks:   dense  smooth     PW     G-vecs:    dense   smooth      PW
     Min        3057    1223    332               144436    36536    5170
     Max        3059    1225    333               144437    36537    5171
     Sum       24467    9791   2657              1155489   292295   41363


     Subspace diagonalization in iterative solution of the eigenvalue problem:
     a serial algorithm will be used

     GIPAW projectors -----------------------------------------------
     atom=  C    l=0  rc=    1.2000  rs=    0.8000
     atom=  C    l=0  rc=    1.2000  rs=    0.8000
     atom=  C    l=1  rc=    1.4000  rs=    0.9333
     atom=  C    l=1  rc=    1.4000  rs=    0.9333
     projs nearly linearly dependent: l=1  n1,n2= 1, 2  s=  0.99951561

     atom=  Cl   l=0  rc=    1.6000  rs=    1.0667
     atom=  Cl   l=0  rc=    1.6000  rs=    1.0667
     atom=  Cl   l=1  rc=    1.6000  rs=    1.0667
     atom=  Cl   l=1  rc=    1.6000  rs=    1.0667
     atom=  Cl   l=2  rc=    1.6000  rs=    1.0667
     atom=  Cl   l=2  rc=    1.6000  rs=    1.0667
     projs nearly linearly dependent: l=2  n1,n2= 1, 2  s=  0.99993509

     atom=  H    l=0  rc=    1.0000  rs=    0.6667
     atom=  H    l=0  rc=    1.0000  rs=    0.6667
     projs nearly linearly dependent: l=0  n1,n2= 1, 2  s=  0.99968852
     -----------------------------------------------------------------

     GIPAW integrals: -------------------------------------------
     Atom  i/j   nmr_para   nmr_dia   epr_rmc  epr_para   epr_dia
       C   1 1   0.83E+03  0.17E-01  0.93E+01  0.24E+08  0.24E+03
       C   2 1   0.86E+03 -0.61E-01  0.94E+01  0.25E+08  0.25E+03
       C   2 2   0.90E+03 -0.15E+00  0.97E+01  0.26E+08  0.26E+03
       C   3 3   0.33E+01  0.34E+00  0.18E+01  0.55E+03  0.21E+02
       C   4 3   0.35E+01  0.37E+00  0.20E+01  0.59E+03  0.22E+02
       C   4 4   0.38E+01  0.39E+00  0.22E+01  0.63E+03  0.24E+02
       Cl  1 1   0.14E+04 -0.47E+00  0.84E+01  0.32E+09  0.42E+03
       Cl  2 1   0.21E+04 -0.37E+00  0.12E+02  0.49E+09  0.65E+03
       Cl  2 2   0.33E+04 -0.16E+00  0.21E+02  0.76E+09  0.10E+04
       Cl  3 3   0.21E+02  0.79E-01  0.89E+01  0.23E+05  0.13E+03
       Cl  4 3   0.24E+02  0.67E-01  0.99E+01  0.27E+05  0.15E+03
       Cl  4 4   0.28E+02  0.44E-01  0.11E+02  0.32E+05  0.18E+03
       Cl  5 5   0.77E+00  0.19E+00  0.18E+01  0.12E+03  0.22E+02
       Cl  6 5   0.80E+00  0.19E+00  0.19E+01  0.12E+03  0.23E+02
       Cl  6 6   0.83E+00  0.20E+00  0.19E+01  0.12E+03  0.23E+02
       H   1 1   0.39E+02  0.19E+00  0.29E+00  0.78E+05  0.13E+02
       H   2 1   0.41E+02  0.21E+00  0.32E+00  0.82E+05  0.14E+02
       H   2 2   0.43E+02  0.22E+00  0.36E+00  0.86E+05  0.15E+02
     ------------------------------------------------------------

     alpha_pv=     34.2540 eV

     Number of occupied bands for each k-point:
     k-point:     1    nbnd_occ=  42
     k-point:     2    nbnd_occ=  42
     k-point:     3    nbnd_occ=  42
     k-point:     4    nbnd_occ=  42
     k-point:     5    nbnd_occ=  42
     k-point:     6    nbnd_occ=  42
     k-point:     7    nbnd_occ=  42
     k-point:     8    nbnd_occ=  42
     k-point:     9    nbnd_occ=  42
     k-point:    10    nbnd_occ=  42
     k-point:    11    nbnd_occ=  42
     k-point:    12    nbnd_occ=  42
     k-point:    13    nbnd_occ=  42
     k-point:    14    nbnd_occ=  42
     k-point:    15    nbnd_occ=  42
     k-point:    16    nbnd_occ=  42


     q-space interpolation up to   110.00 Rydberg

     GIPAW job: efg                                                                             


     ELECTRIC FIELD GRADIENTS TENSORS IN Hartree/bohrradius^2:

     ----- bare term -----
     Cl   1       -0.085125        0.200370       -0.057666
     Cl   1        0.200370        0.055774        0.015452
     Cl   1       -0.057666        0.015452        0.029351

     C    2       -0.320626       -0.170923       -0.257541
     C    2       -0.170923       -0.045904       -0.575685
     C    2       -0.257541       -0.575685        0.366530

     C    3       -0.098502        0.164343       -0.416285
     C    3        0.164343       -0.260197       -0.504593
     C    3       -0.416285       -0.504593        0.358699

     H    4       -0.697223       -0.045349        0.061401
     H    4       -0.045349        0.411745       -0.214829
     H    4        0.061401       -0.214829        0.285479

     C    5        0.106085        0.593015        0.062112
     C    5        0.593015       -0.465365       -0.378832
     C    5        0.062112       -0.378832        0.359279

     H    6       -0.022947       -0.308181       -0.362057
     H    6       -0.308181       -0.094739       -0.428731
     H    6       -0.362057       -0.428731        0.117686

     H    7        0.266488       -0.093798       -0.306589
     H    7       -0.093798       -0.311441        0.458063
     H    7       -0.306589        0.458063        0.044952

     C    8       -0.634979       -0.312065       -0.416695
     C    8       -0.312065        0.180405        0.021441
     C    8       -0.416695        0.021441        0.454574

     H    9       -0.362364       -0.279476       -0.349401
     H    9       -0.279476       -0.012730        0.188820
     H    9       -0.349401        0.188820        0.375094

     C   10        0.027251        0.046826       -0.261701
     C   10        0.046826       -0.165048        0.543072
     C   10       -0.261701        0.543072        0.137797

     C   11       -0.723735       -0.367920       -0.368718
     C   11       -0.367920        0.335929        0.090536
     C   11       -0.368718        0.090536        0.387806

     Cl  12        0.030101       -0.060379       -0.035826
     Cl  12       -0.060379        0.041043        0.003794
     Cl  12       -0.035826        0.003794       -0.071144

     H   13        0.344497        0.087576       -0.370078
     H   13        0.087576        0.001243       -0.248137
     H   13       -0.370078       -0.248137       -0.345741

     C   14       -0.509828        0.326534       -0.015659
     C   14        0.326534        0.223036       -0.254626
     C   14       -0.015659       -0.254626        0.286793

     H   15       -0.164617        0.270001       -0.436179
     H   15        0.270001       -0.125556       -0.041124
     H   15       -0.436179       -0.041124        0.290174

     C   16        0.261139        0.084001       -0.140272
     C   16        0.084001       -0.194350       -0.538300
     C   16       -0.140272       -0.538300       -0.066789

     C   17       -0.604473        0.385245       -0.417126
     C   17        0.385245        0.279646       -0.045349
     C   17       -0.417126       -0.045349        0.324826

     Cl  18        0.244633       -0.068822       -0.249287
     Cl  18       -0.068822        0.123456       -0.436899
     Cl  18       -0.249287       -0.436899       -0.368089

     H   19        0.416828       -0.081055        0.063229
     H   19       -0.081055       -0.492755        0.596521
     H   19        0.063229        0.596521        0.075928

     C   20       -0.160976       -0.109162       -0.242851
     C   20       -0.109162       -0.108885        0.363873
     C   20       -0.242851        0.363873        0.269861

     H   21       -0.287627        0.465510       -0.324877
     H   21        0.465510       -0.048066        0.137932
     H   21       -0.324877        0.137932        0.335693

     C   22       -0.641142       -0.366523       -0.300089
     C   22       -0.366523        0.240265        0.193535
     C   22       -0.300089        0.193535        0.400877

     C   23       -0.025999        0.223596       -0.392059
     C   23        0.223596       -0.077697        0.600301
     C   23       -0.392059        0.600301        0.103695

     Cl  24       -0.022536       -0.159440        0.069996
     Cl  24       -0.159440       -0.078596        0.013476
     Cl  24        0.069996        0.013476        0.101133

     ----- ionic term -----
     Cl   1        0.062415       -0.203626       -0.037854
     Cl   1       -0.203626        0.080184        0.046567
     Cl   1       -0.037854        0.046567       -0.142599

     C    2        0.197620       -0.173168        0.277253
     C    2       -0.173168        0.051638        0.431337
     C    2        0.277253        0.431337       -0.249258

     C    3        0.148413       -0.243544        0.125455
     C    3       -0.243544        0.126304        0.441482
     C    3        0.125455        0.441482       -0.274717

     H    4        0.864547        0.133931        0.538845
     H    4        0.133931       -0.534137        0.136420
     H    4        0.538845        0.136420       -0.330410

     C    5        0.257308       -0.230251        0.178560
     C    5       -0.230251        0.026722        0.345105
     C    5        0.178560        0.345105       -0.284030

     H    6       -0.504184        0.203381        0.156257
     H    6        0.203381        0.454255        0.802273
     H    6        0.156257        0.802273        0.049929

     H    7       -0.507884       -0.093482        0.080743
     H    7       -0.093482        0.387703       -0.789081
     H    7        0.080743       -0.789081        0.120182

     C    8        0.286206        0.222056        0.246101
     C    8        0.222056        0.065598       -0.288311
     C    8        0.246101       -0.288311       -0.351805

     H    9        0.681876       -0.171130        0.680136
     H    9       -0.171130       -0.445570       -0.166325
     H    9        0.680136       -0.166325       -0.236306

     C   10        0.120595        0.291223        0.211018
     C   10        0.291223        0.249895       -0.369012
     C   10        0.211018       -0.369012       -0.370490

     C   11        0.136916        0.183744        0.305127
     C   11        0.183744        0.180729       -0.378832
     C   11        0.305127       -0.378832       -0.317645

     Cl  12        0.116566        0.211996        0.030346
     Cl  12        0.211996        0.037070        0.010966
     Cl  12        0.030346        0.010966       -0.153636

     H   13       -0.487323        0.260333        0.210967
     H   13        0.260333        0.521906        0.787896
     H   13        0.210967        0.787896       -0.034583

     C   14        0.266312       -0.166350        0.270967
     C   14       -0.166350        0.010262        0.328090
     C   14        0.270967        0.328090       -0.276574

     H   15        0.736392        0.237159        0.614171
     H   15        0.237159       -0.482347        0.180789
     H   15        0.614171        0.180789       -0.254045

     C   16        0.099070       -0.188855        0.154861
     C   16       -0.188855        0.096902        0.430013
     C   16        0.154861        0.430013       -0.195972

     C   17        0.197832       -0.166701        0.159694
     C   17       -0.166701       -0.026030        0.452399
     C   17        0.159694        0.452399       -0.171801

     Cl  18        0.081394       -0.185337       -0.076728
     Cl  18       -0.185337        0.008509        0.059764
     Cl  18       -0.076728        0.059764       -0.089903

     H   19       -0.522928        0.015242        0.007086
     H   19        0.015242        0.596827       -0.742040
     H   19        0.007086       -0.742040       -0.073899

     C   20        0.282655        0.239741        0.230029
     C   20        0.239741        0.044060       -0.311325
     C   20        0.230029       -0.311325       -0.326715

     H   21        0.753760       -0.352138        0.572465
     H   21       -0.352138       -0.403433       -0.216588
     H   21        0.572465       -0.216588       -0.350327

     C   22        0.202301        0.211176        0.154611
     C   22        0.211176        0.171618       -0.372370
     C   22        0.154611       -0.372370       -0.373918

     C   23        0.198102        0.158937        0.219806
     C   23        0.158937        0.147848       -0.372878
     C   23        0.219806       -0.372878       -0.345950

     Cl  24        0.097093        0.188860       -0.001066
     Cl  24        0.188860        0.041195       -0.015627
     Cl  24       -0.001066       -0.015627       -0.138288

     ----- GIPAW term -----
     Cl   1       -0.566083       -0.667197        1.090094
     Cl   1       -0.667197       -1.374583        0.006634
     Cl   1        1.090094        0.006634        1.940667

     C    2       -0.109007       -0.120427       -0.002552
     C    2       -0.120427       -0.052504       -0.204600
     C    2       -0.002552       -0.204600        0.161511

     C    3        0.025029        0.056291       -0.219822
     C    3        0.056291       -0.092366       -0.117934
     C    3       -0.219822       -0.117934        0.067338

     H    4       -0.000000        0.000000        0.000000
     H    4        0.000000        0.000000        0.000000
     H    4        0.000000        0.000000        0.000000

     C    5        0.184204        0.234947        0.105760
     C    5        0.234947       -0.121307       -0.020955
     C    5        0.105760       -0.020955       -0.062897

     H    6       -0.000000        0.000000        0.000000
     H    6        0.000000        0.000000        0.000000
     H    6        0.000000        0.000000        0.000000

     H    7       -0.000000        0.000000        0.000000
     H    7        0.000000        0.000000        0.000000
     H    7        0.000000        0.000000        0.000000

     C    8       -0.076055        0.126376       -0.135358
     C    8        0.126376        0.104800       -0.141355
     C    8       -0.135358       -0.141355       -0.028746

     H    9       -0.000000        0.000000        0.000000
     H    9        0.000000        0.000000        0.000000
     H    9        0.000000        0.000000        0.000000

     C   10       -0.105381        0.118690       -0.064399
     C   10        0.118690        0.204529       -0.065837
     C   10       -0.064399       -0.065837       -0.099149

     C   11       -0.176188        0.052627       -0.056738
     C   11        0.052627        0.266344       -0.119012
     C   11       -0.056738       -0.119012       -0.090156

     Cl  12       -0.008670        0.639988       -0.220197
     Cl  12        0.639988        2.650627        0.363582
     Cl  12       -0.220197        0.363582       -2.641957

     H   13       -0.000000        0.000000        0.000000
     H   13        0.000000        0.000000        0.000000
     H   13        0.000000        0.000000        0.000000

     C   14       -0.133554       -0.031810        0.056330
     C   14       -0.031810        0.127498       -0.145365
     C   14        0.056330       -0.145365        0.006056

     H   15       -0.000000        0.000000        0.000000
     H   15        0.000000        0.000000        0.000000
     H   15        0.000000        0.000000        0.000000

     C   16       -0.044385       -0.001372       -0.005334
     C   16       -0.001372        0.163123       -0.009816
     C   16       -0.005334       -0.009816       -0.118738

     C   17       -0.057561        0.128897        0.022582
     C   17        0.128897        0.138900        0.113918
     C   17        0.022582        0.113918       -0.081340

     Cl  18        0.154449       -0.487919        0.028679
     Cl  18       -0.487919        0.036140        0.272949
     Cl  18        0.028679        0.272949       -0.190589

     H   19       -0.000000        0.000000        0.000000
     H   19        0.000000        0.000000        0.000000
     H   19        0.000000        0.000000        0.000000

     C   20       -0.104755       -0.008409       -0.027133
     C   20       -0.008409        0.118423       -0.064407
     C   20       -0.027133       -0.064407       -0.013668

     H   21       -0.000000        0.000000        0.000000
     H   21        0.000000        0.000000        0.000000
     H   21        0.000000        0.000000        0.000000

     C   22       -0.226538       -0.024687       -0.068291
     C   22       -0.024687        0.250573       -0.050375
     C   22       -0.068291       -0.050375       -0.024035

     C   23        0.020276        0.222261       -0.076063
     C   23        0.222261        0.119522        0.043191
     C   23       -0.076063        0.043191       -0.139798

     Cl  24        1.640655        1.605030        0.554450
     Cl  24        1.605030       -0.473183        0.081491
     Cl  24        0.554450        0.081491       -1.167472

     ----- total EFG -----
     Cl   1       -0.588794       -0.670454        0.994574
     Cl   1       -0.670454       -1.238625        0.068653
     Cl   1        0.994574        0.068653        1.827418

     C    2       -0.232013       -0.464518        0.017159
     C    2       -0.464518       -0.046770       -0.348948
     C    2        0.017159       -0.348948        0.278783

     C    3        0.074940       -0.022910       -0.510652
     C    3       -0.022910       -0.226259       -0.181045
     C    3       -0.510652       -0.181045        0.151320

     H    4        0.167324        0.088582        0.600246
     H    4        0.088582       -0.122393       -0.078409
     H    4        0.600246       -0.078409       -0.044931

     C    5        0.547597        0.597712        0.346431
     C    5        0.597712       -0.559949       -0.054681
     C    5        0.346431       -0.054681        0.012352

     H    6       -0.527131       -0.104800       -0.205800
     H    6       -0.104800        0.359516        0.373542
     H    6       -0.205800        0.373542        0.167615

     H    7       -0.241396       -0.187280       -0.225846
     H    7       -0.187280        0.076262       -0.331018
     H    7       -0.225846       -0.331018        0.165134

     C    8       -0.424827        0.036368       -0.305952
     C    8        0.036368        0.350804       -0.408226
     C    8       -0.305952       -0.408226        0.074024

     H    9        0.319512       -0.450606        0.330735
     H    9       -0.450606       -0.458300        0.022495
     H    9        0.330735        0.022495        0.138788

     C   10        0.042466        0.456738       -0.115082
     C   10        0.456738        0.289376        0.108224
     C   10       -0.115082        0.108224       -0.331842

     C   11       -0.763007       -0.131549       -0.120328
     C   11       -0.131549        0.783002       -0.407308
     C   11       -0.120328       -0.407308       -0.019995

     Cl  12        0.137997        0.791605       -0.225677
     Cl  12        0.791605        2.728740        0.378342
     Cl  12       -0.225677        0.378342       -2.866737

     H   13       -0.142826        0.347910       -0.159111
     H   13        0.347910        0.523149        0.539759
     H   13       -0.159111        0.539759       -0.380324

     C   14       -0.377070        0.128374        0.311638
     C   14        0.128374        0.360795       -0.071900
     C   14        0.311638       -0.071900        0.016275

     H   15        0.571774        0.507160        0.177992
     H   15        0.507160       -0.607903        0.139664
     H   15        0.177992        0.139664        0.036129

     C   16        0.315824       -0.106226        0.009255
     C   16       -0.106226        0.065675       -0.118104
     C   16        0.009255       -0.118104       -0.381499

     C   17       -0.464202        0.347441       -0.234850
     C   17        0.347441        0.392516        0.520968
     C   17       -0.234850        0.520968        0.071685

     Cl  18        0.480476       -0.742078       -0.297337
     Cl  18       -0.742078        0.168105       -0.104186
     Cl  18       -0.297337       -0.104186       -0.648581

     H   19       -0.106100       -0.065813        0.070314
     H   19       -0.065813        0.104072       -0.145518
     H   19        0.070314       -0.145518        0.002029

     C   20        0.016925        0.122170       -0.039956
     C   20        0.122170        0.053597       -0.011858
     C   20       -0.039956       -0.011858       -0.070522

     H   21        0.466133        0.113372        0.247588
     H   21        0.113372       -0.451499       -0.078656
     H   21        0.247588       -0.078656       -0.014634

     C   22       -0.665379       -0.180034       -0.213769
     C   22       -0.180034        0.662456       -0.229210
     C   22       -0.213769       -0.229210        0.002923

     C   23        0.192379        0.604794       -0.248316
     C   23        0.604794        0.189674        0.270614
     C   23       -0.248316        0.270614       -0.382053

     Cl  24        1.715211        1.634450        0.623380
     Cl  24        1.634450       -0.510584        0.079341
     Cl  24        0.623380        0.079341       -1.204627

     ----- total EFG (symmetrized) -----
     Cl   1       -0.588794       -0.670454        0.994574
     Cl   1       -0.670454       -1.238625        0.068653
     Cl   1        0.994574        0.068653        1.827418

     C    2       -0.232013       -0.464518        0.017159
     C    2       -0.464518       -0.046770       -0.348948
     C    2        0.017159       -0.348948        0.278783

     C    3        0.074940       -0.022910       -0.510652
     C    3       -0.022910       -0.226259       -0.181045
     C    3       -0.510652       -0.181045        0.151320

     H    4        0.167324        0.088582        0.600246
     H    4        0.088582       -0.122393       -0.078409
     H    4        0.600246       -0.078409       -0.044931

     C    5        0.547597        0.597712        0.346431
     C    5        0.597712       -0.559949       -0.054681
     C    5        0.346431       -0.054681        0.012352

     H    6       -0.527131       -0.104800       -0.205800
     H    6       -0.104800        0.359516        0.373542
     H    6       -0.205800        0.373542        0.167615

     H    7       -0.241396       -0.187280       -0.225846
     H    7       -0.187280        0.076262       -0.331018
     H    7       -0.225846       -0.331018        0.165134

     C    8       -0.424827        0.036368       -0.305952
     C    8        0.036368        0.350804       -0.408226
     C    8       -0.305952       -0.408226        0.074024

     H    9        0.319512       -0.450606        0.330735
     H    9       -0.450606       -0.458300        0.022495
     H    9        0.330735        0.022495        0.138788

     C   10        0.042466        0.456738       -0.115082
     C   10        0.456738        0.289376        0.108224
     C   10       -0.115082        0.108224       -0.331842

     C   11       -0.763007       -0.131549       -0.120328
     C   11       -0.131549        0.783002       -0.407308
     C   11       -0.120328       -0.407308       -0.019995

     Cl  12        0.137997        0.791605       -0.225677
     Cl  12        0.791605        2.728740        0.378342
     Cl  12       -0.225677        0.378342       -2.866737

     H   13       -0.142826        0.347910       -0.159111
     H   13        0.347910        0.523149        0.539759
     H   13       -0.159111        0.539759       -0.380324

     C   14       -0.377070        0.128374        0.311638
     C   14        0.128374        0.360795       -0.071900
     C   14        0.311638       -0.071900        0.016275

     H   15        0.571774        0.507160        0.177992
     H   15        0.507160       -0.607903        0.139664
     H   15        0.177992        0.139664        0.036129

     C   16        0.315824       -0.106226        0.009255
     C   16       -0.106226        0.065675       -0.118104
     C   16        0.009255       -0.118104       -0.381499

     C   17       -0.464202        0.347441       -0.234850
     C   17        0.347441        0.392516        0.520968
     C   17       -0.234850        0.520968        0.071685

     Cl  18        0.480476       -0.742078       -0.297337
     Cl  18       -0.742078        0.168105       -0.104186
     Cl  18       -0.297337       -0.104186       -0.648581

     H   19       -0.106100       -0.065813        0.070314
     H   19       -0.065813        0.104072       -0.145518
     H   19        0.070314       -0.145518        0.002029

     C   20        0.016925        0.122170       -0.039956
     C   20        0.122170        0.053597       -0.011858
     C   20       -0.039956       -0.011858       -0.070522

     H   21        0.466133        0.113372        0.247588
     H   21        0.113372       -0.451499       -0.078656
     H   21        0.247588       -0.078656       -0.014634

     C   22       -0.665379       -0.180034       -0.213769
     C   22       -0.180034        0.662456       -0.229210
     C   22       -0.213769       -0.229210        0.002923

     C   23        0.192379        0.604794       -0.248316
     C   23        0.604794        0.189674        0.270614
     C   23       -0.248316        0.270614       -0.382053

     Cl  24        1.715211        1.634450        0.623380
     Cl  24        1.634450       -0.510584        0.079341
     Cl  24        0.623380        0.079341       -1.204627


     NQR/NMR SPECTROSCOPIC PARAMETERS:
     Cl   1    Vxx=   -0.4255    axis=( -0.723320  0.621760  0.300371)
     Cl   1    Vyy=   -1.7666    axis=(  0.597101  0.781671 -0.180168)
     Cl   1    Vzz=    2.1921    axis=(  0.346813 -0.049033  0.936652)
     Cl   1  Q=        -8.1650 1e-30 m^2  Cq=       -42.0540 MHz  eta= 0.61179

     C    2    Vxx=    0.0581    axis=( -0.605990  0.403738  0.685399)
     C    2    Vyy=    0.6051    axis=(  0.362126 -0.627151  0.689598)
     C    2    Vzz=   -0.6632    axis=(  0.708266  0.666090  0.233843)
     C    2  Q=         1.0000 1e-30 m^2  Cq=        -1.5583 MHz  eta= 0.82490

     C    3    Vxx=   -0.1613    axis=( -0.455490  0.854692 -0.249059)
     C    3    Vyy=   -0.4801    axis=( -0.597154 -0.500823 -0.626564)
     C    3    Vzz=    0.6414    axis=( -0.660254 -0.136667  0.738503)
     C    3  Q=         1.0000 1e-30 m^2  Cq=         1.5070 MHz  eta= 0.49703

     H    4    Vxx=   -0.0927    axis=(  0.142804  0.968336 -0.204776)
     H    4    Vyy=   -0.5784    axis=( -0.625090  0.248650  0.739889)
     H    4    Vzz=    0.6711    axis=( -0.767378 -0.022344 -0.640805)
     H    4  Q=         1.0000 1e-30 m^2  Cq=         1.5769 MHz  eta= 0.72361

     C    5    Vxx=   -0.0442    axis=( -0.202924 -0.332824  0.920896)
     C    5    Vyy=   -0.8642    axis=( -0.425946  0.876826  0.223037)
     C    5    Vzz=    0.9084    axis=( -0.881698 -0.346993 -0.319694)
     C    5  Q=         1.0000 1e-30 m^2  Cq=         2.1345 MHz  eta= 0.90264

     H    6    Vxx=   -0.1021    axis=( -0.199235 -0.643401  0.739148)
     H    6    Vyy=   -0.5835    axis=( -0.964846 -0.003129 -0.262796)
     H    6    Vzz=    0.6856    axis=(  0.171396 -0.765523 -0.620160)
     H    6  Q=         1.0000 1e-30 m^2  Cq=         1.6109 MHz  eta= 0.70225

     H    7    Vxx=    0.0600    axis=(  0.684060 -0.598912 -0.416372)
     H    7    Vyy=    0.4585    axis=( -0.080881 -0.629581  0.772713)
     H    7    Vzz=   -0.5185    axis=( -0.724927 -0.494906 -0.479112)
     H    7  Q=         1.0000 1e-30 m^2  Cq=        -1.2183 MHz  eta= 0.76842

     C    8    Vxx=   -0.0879    axis=(  0.493240 -0.614116 -0.616097)
     C    8    Vyy=   -0.5966    axis=(  0.848085  0.181889  0.497662)
     C    8    Vzz=    0.6845    axis=(  0.193561  0.767970 -0.610538)
     C    8  Q=         1.0000 1e-30 m^2  Cq=         1.6083 MHz  eta= 0.74303

     H    9    Vxx=    0.0109    axis=( -0.355649  0.382403  0.852808)
     H    9    Vyy=    0.6863    axis=(  0.818628 -0.312813  0.481661)
     H    9    Vzz=   -0.6972    axis=(  0.450958  0.869435 -0.201794)
     H    9  Q=         1.0000 1e-30 m^2  Cq=        -1.6382 MHz  eta= 0.96860

     C   10    Vxx=   -0.1620    axis=( -0.591419  0.435745  0.678491)
     C   10    Vyy=   -0.4773    axis=(  0.532449 -0.420872  0.734415)
     C   10    Vzz=    0.6393    axis=( -0.605575 -0.795609 -0.016900)
     C   10  Q=         1.0000 1e-30 m^2  Cq=         1.5021 MHz  eta= 0.49314

     C   11    Vxx=   -0.1482    axis=( -0.252484  0.357597  0.899098)
     C   11    Vyy=   -0.8085    axis=(  0.966596  0.135563  0.217522)
     C   11    Vzz=    0.9567    axis=( -0.044099  0.923985 -0.379879)
     C   11  Q=         1.0000 1e-30 m^2  Cq=         2.2480 MHz  eta= 0.69019

     Cl  12    Vxx=   -0.0488    axis=( -0.959607  0.258294  0.111532)
     Cl  12    Vyy=   -2.9185    axis=(  0.093903 -0.079650  0.992390)
     Cl  12    Vzz=    2.9673    axis=(  0.265211  0.962777  0.052178)
     Cl  12  Q=        -8.1650 1e-30 m^2  Cq=       -56.9262 MHz  eta= 0.96708

     H   13    Vxx=   -0.0660    axis=(  0.860203 -0.042392 -0.508187)
     H   13    Vyy=   -0.7756    axis=( -0.439844  0.442594 -0.781439)
     H   13    Vzz=    0.8416    axis=(  0.258047  0.895720  0.362075)
     H   13  Q=         1.0000 1e-30 m^2  Cq=         1.9773 MHz  eta= 0.84322

     C   14    Vxx=    0.1881    axis=(  0.483696  0.004835  0.875223)
     C   14    Vyy=    0.3840    axis=( -0.134045 -0.987778  0.079537)
     C   14    Vzz=   -0.5721    axis=(  0.864911 -0.155791 -0.477136)
     C   14  Q=         1.0000 1e-30 m^2  Cq=        -1.3442 MHz  eta= 0.34242

     H   15    Vxx=   -0.0175    axis=( -0.279148 -0.012655  0.960165)
     H   15    Vyy=   -0.8019    axis=( -0.335372  0.938231 -0.085137)
     H   15    Vzz=    0.8193    axis=( -0.899779 -0.345778 -0.266149)
     H   15  Q=         1.0000 1e-30 m^2  Cq=         1.9251 MHz  eta= 0.95738

     C   16    Vxx=    0.0529    axis=(  0.371077  0.898040 -0.236276)
     C   16    Vyy=    0.3583    axis=(  0.928305 -0.365189  0.069912)
     C   16    Vzz=   -0.4112    axis=(  0.023502  0.245279  0.969168)
     C   16  Q=         1.0000 1e-30 m^2  Cq=        -0.9661 MHz  eta= 0.74290

     C   17    Vxx=    0.0038    axis=( -0.621364 -0.370131  0.690586)
     C   17    Vyy=    0.7947    axis=(  0.124140  0.823748  0.553198)
     C   17    Vzz=   -0.7985    axis=( -0.773625  0.429467 -0.465899)
     C   17  Q=         1.0000 1e-30 m^2  Cq=        -1.8762 MHz  eta= 0.99055

     Cl  18    Vxx=   -0.2587    axis=(  0.473950  0.690839 -0.545997)
     Cl  18    Vyy=   -0.8400    axis=(  0.402005  0.381914  0.832186)
     Cl  18    Vzz=    1.0987    axis=( -0.783431  0.613908  0.096712)
     Cl  18  Q=        -8.1650 1e-30 m^2  Cq=       -21.0777 MHz  eta= 0.52915

     H   19    Vxx=   -0.0925    axis=(  0.404060  0.627696  0.665382)
     H   19    Vyy=   -0.1410    axis=( -0.874454  0.051584  0.482358)
     H   19    Vzz=    0.2336    axis=(  0.268451 -0.776748  0.569734)
     H   19  Q=         1.0000 1e-30 m^2  Cq=         0.5488 MHz  eta= 0.20747

     C   20    Vxx=   -0.0589    axis=( -0.374668  0.489926  0.787144)
     C   20    Vyy=   -0.1052    axis=(  0.655935 -0.459951  0.598493)
     C   20    Vzz=    0.1641    axis=( -0.655265 -0.740552  0.149030)
     C   20  Q=         1.0000 1e-30 m^2  Cq=         0.3855 MHz  eta= 0.28227

     H   21    Vxx=   -0.0832    axis=( -0.341146 -0.295608  0.892320)
     H   21    Vyy=   -0.4930    axis=( -0.176615  0.952517  0.248028)
     H   21    Vzz=    0.5762    axis=( -0.923269 -0.072983 -0.377156)
     H   21  Q=         1.0000 1e-30 m^2  Cq=         1.3539 MHz  eta= 0.71111

     C   22    Vxx=    0.0251    axis=( -0.342180  0.230908  0.910821)
     C   22    Vyy=    0.7431    axis=( -0.081017  0.958475 -0.273426)
     C   22    Vzz=   -0.7682    axis=( -0.936135 -0.167353 -0.309264)
     C   22  Q=         1.0000 1e-30 m^2  Cq=        -1.8049 MHz  eta= 0.93459

     C   23    Vxx=   -0.0308    axis=( -0.498091  0.480214  0.722011)
     C   23    Vyy=   -0.7653    axis=( -0.505229  0.515994 -0.691732)
     C   23    Vzz=    0.7960    axis=( -0.704733 -0.709326 -0.014394)
     C   23  Q=         1.0000 1e-30 m^2  Cq=         1.8704 MHz  eta= 0.92272

     Cl  24    Vxx=   -1.1121    axis=(  0.191877 -0.621578  0.759489)
     Cl  24    Vyy=   -1.5572    axis=( -0.439082  0.637729  0.632858)
     Cl  24    Vzz=    2.6693    axis=(  0.877719  0.454908  0.150558)
     Cl  24  Q=        -8.1650 1e-30 m^2  Cq=       -51.2083 MHz  eta= 0.16675

     Initialization:
     gipaw_setup  :      9.24s CPU     11.15s WALL (       1 calls)

     Linear response

     Apply operators

     Induced current

     Other routines
     efg          :      9.43s CPU     11.71s WALL (       1 calls)

     General routines
     calbec       :      3.36s CPU      4.40s WALL (      16 calls)
     fft          :      1.67s CPU      2.16s WALL (      15 calls)
     ffts         :      0.06s CPU      0.05s WALL (       2 calls)
     fftw         :      3.32s CPU      4.02s WALL (     672 calls)
     davcio       :      0.02s CPU      0.33s WALL (      32 calls)

     Parallel routines
     fft_scatter  :      2.30s CPU      3.35s WALL (     689 calls)

     Plugins

     GIPAW        :     61.38s CPU     72.45s WALL (       1 calls)
