
     Program QE v.6.0 (svn rev. 13079) starts on  5Jan2017 at  1:25:54 

     This program is part of the open-source Quantum ESPRESSO suite
     for quantum simulation of materials; please cite
         "P. Giannozzi et al., J. Phys.:Condens. Matter 21 395502 (2009);
          URL http://www.quantum-espresso.org", 
     in publications or presentations arising from this work. More details at
     http://www.quantum-espresso.org/quote

     Parallel version (MPI), running on     8 processors
     R & G space division:  proc/nbgrp/npool/nimage =       8

     ***** This is GIPAW svn revision unknown      *****

     Parallelizing q-star over 1 images

     Reading data from directory:
     /users/majewski/paradichlorobenzene/pbe/9_constraint/scratch/pbe.ecut100.np8.dt60.pcl2phi-129368.save
     Message from routine read_xml_file:
     file /users/majewski/paradichlorobenzene/pbe/9_constraint/scratch/pbe.ecut100.np8.dt60.pcl2phi-129368.save not guaranteed to be safe for post-processing

   Info: using nr1, nr2, nr3 values from input

   Info: using nr1, nr2, nr3 values from input

     IMPORTANT: XC functional enforced from input :
     Exchange-correlation      =  SLA  PW   PBX  PBC ( 1  4  3  4 0 0)
     Any further DFT definition will be discarded
     Please, verify this is what you really want

               file C.pbe-n-kjpaw_psl.1.0.0.UPF: wavefunction(s)  2S 2P renormalized
               file Cl.pbe-n-kjpaw_psl.1.0.0.UPF: wavefunction(s)  3S 3P renormalized
               file H.pbe-kjpaw_psl.1.0.0.UPF: wavefunction(s)  1S renormalized

     Parallelization info
     --------------------
     sticks:   dense  smooth     PW     G-vecs:    dense   smooth      PW
     Min        3057    1223    332               144436    36536    5170
     Max        3059    1225    333               144437    36537    5171
     Sum       24467    9791   2657              1155489   292295   41363


     Subspace diagonalization in iterative solution of the eigenvalue problem:
     a serial algorithm will be used

     GIPAW projectors -----------------------------------------------
     atom=  C    l=0  rc=    1.2000  rs=    0.8000
     atom=  C    l=0  rc=    1.2000  rs=    0.8000
     atom=  C    l=1  rc=    1.4000  rs=    0.9333
     atom=  C    l=1  rc=    1.4000  rs=    0.9333
     projs nearly linearly dependent: l=1  n1,n2= 1, 2  s=  0.99951561

     atom=  Cl   l=0  rc=    1.6000  rs=    1.0667
     atom=  Cl   l=0  rc=    1.6000  rs=    1.0667
     atom=  Cl   l=1  rc=    1.6000  rs=    1.0667
     atom=  Cl   l=1  rc=    1.6000  rs=    1.0667
     atom=  Cl   l=2  rc=    1.6000  rs=    1.0667
     atom=  Cl   l=2  rc=    1.6000  rs=    1.0667
     projs nearly linearly dependent: l=2  n1,n2= 1, 2  s=  0.99993509

     atom=  H    l=0  rc=    1.0000  rs=    0.6667
     atom=  H    l=0  rc=    1.0000  rs=    0.6667
     projs nearly linearly dependent: l=0  n1,n2= 1, 2  s=  0.99968852
     -----------------------------------------------------------------

     GIPAW integrals: -------------------------------------------
     Atom  i/j   nmr_para   nmr_dia   epr_rmc  epr_para   epr_dia
       C   1 1   0.83E+03  0.17E-01  0.93E+01  0.24E+08  0.24E+03
       C   2 1   0.86E+03 -0.61E-01  0.94E+01  0.25E+08  0.25E+03
       C   2 2   0.90E+03 -0.15E+00  0.97E+01  0.26E+08  0.26E+03
       C   3 3   0.33E+01  0.34E+00  0.18E+01  0.55E+03  0.21E+02
       C   4 3   0.35E+01  0.37E+00  0.20E+01  0.59E+03  0.22E+02
       C   4 4   0.38E+01  0.39E+00  0.22E+01  0.63E+03  0.24E+02
       Cl  1 1   0.14E+04 -0.47E+00  0.84E+01  0.32E+09  0.42E+03
       Cl  2 1   0.21E+04 -0.37E+00  0.12E+02  0.49E+09  0.65E+03
       Cl  2 2   0.33E+04 -0.16E+00  0.21E+02  0.76E+09  0.10E+04
       Cl  3 3   0.21E+02  0.79E-01  0.89E+01  0.23E+05  0.13E+03
       Cl  4 3   0.24E+02  0.67E-01  0.99E+01  0.27E+05  0.15E+03
       Cl  4 4   0.28E+02  0.44E-01  0.11E+02  0.32E+05  0.18E+03
       Cl  5 5   0.77E+00  0.19E+00  0.18E+01  0.12E+03  0.22E+02
       Cl  6 5   0.80E+00  0.19E+00  0.19E+01  0.12E+03  0.23E+02
       Cl  6 6   0.83E+00  0.20E+00  0.19E+01  0.12E+03  0.23E+02
       H   1 1   0.39E+02  0.19E+00  0.29E+00  0.78E+05  0.13E+02
       H   2 1   0.41E+02  0.21E+00  0.32E+00  0.82E+05  0.14E+02
       H   2 2   0.43E+02  0.22E+00  0.36E+00  0.86E+05  0.15E+02
     ------------------------------------------------------------

     alpha_pv=     34.0190 eV

     Number of occupied bands for each k-point:
     k-point:     1    nbnd_occ=  42
     k-point:     2    nbnd_occ=  42
     k-point:     3    nbnd_occ=  42
     k-point:     4    nbnd_occ=  42
     k-point:     5    nbnd_occ=  42
     k-point:     6    nbnd_occ=  42
     k-point:     7    nbnd_occ=  42
     k-point:     8    nbnd_occ=  42
     k-point:     9    nbnd_occ=  42
     k-point:    10    nbnd_occ=  42
     k-point:    11    nbnd_occ=  42
     k-point:    12    nbnd_occ=  42
     k-point:    13    nbnd_occ=  42
     k-point:    14    nbnd_occ=  42
     k-point:    15    nbnd_occ=  42
     k-point:    16    nbnd_occ=  42


     q-space interpolation up to   110.00 Rydberg

     GIPAW job: efg                                                                             


     ELECTRIC FIELD GRADIENTS TENSORS IN Hartree/bohrradius^2:

     ----- bare term -----
     Cl   1        0.028109        0.060719       -0.052954
     Cl   1        0.060719       -0.005764       -0.008870
     Cl   1       -0.052954       -0.008870       -0.022345

     C    2       -0.639936        0.455405       -0.258721
     C    2        0.455405        0.238871       -0.179935
     C    2       -0.258721       -0.179935        0.401066

     C    3        0.286716        0.028681       -0.170193
     C    3        0.028681       -0.159334       -0.349220
     C    3       -0.170193       -0.349220       -0.127383

     H    4        0.096125        0.105232       -0.411452
     H    4        0.105232        0.060298        0.228132
     H    4       -0.411452        0.228132       -0.156423

     C    5       -0.731282        0.330821       -0.182490
     C    5        0.330821        0.338492       -0.117112
     C    5       -0.182490       -0.117112        0.392790

     H    6        0.547489        0.031882       -0.042782
     H    6        0.031882       -0.098471       -0.208656
     H    6       -0.042782       -0.208656       -0.449018

     H    7        0.149057        0.486976        0.032054
     H    7        0.486976       -0.524532        0.105371
     H    7        0.032054        0.105371        0.375475

     C    8        0.034096       -0.452860        0.033922
     C    8       -0.452860       -0.311794        0.367666
     C    8        0.033922        0.367666        0.277698

     H    9       -0.379050        0.554128       -0.063097
     H    9        0.554128        0.008206       -0.022798
     H    9       -0.063097       -0.022798        0.370844

     C   10       -0.137730       -0.138298       -0.309174
     C   10       -0.138298        0.000181        0.259672
     C   10       -0.309174        0.259672        0.137548

     C   11       -0.097898       -0.243930       -0.159352
     C   11       -0.243930       -0.053894        0.542326
     C   11       -0.159352        0.542326        0.151792

     Cl  12        0.073948       -0.055076        0.082783
     Cl  12       -0.055076        0.136310       -0.089447
     Cl  12        0.082783       -0.089447       -0.210258

     H   13        0.399603        0.102916        0.156707
     H   13        0.102916       -0.248160       -0.632156
     H   13        0.156707       -0.632156       -0.151443

     C   14       -0.143853       -0.113683       -0.364024
     C   14       -0.113683       -0.085115       -0.369885
     C   14       -0.364024       -0.369885        0.228967

     H   15        0.079347       -0.066353       -0.191747
     H   15       -0.066353        0.496478       -0.210941
     H   15       -0.191747       -0.210941       -0.575824

     C   16       -0.310771        0.401823       -0.375359
     C   16        0.401823       -0.068798       -0.037805
     C   16       -0.375359       -0.037805        0.379569

     C   17        0.063961       -0.383581       -0.529142
     C   17       -0.383581       -0.236243       -0.545661
     C   17       -0.529142       -0.545661        0.172282

     Cl  18       -0.225486        0.372495        0.213496
     Cl  18        0.372495        0.113853        0.028351
     Cl  18        0.213496        0.028351        0.111633

     H   19        0.535401        0.030908        0.062227
     H   19        0.030908       -0.179721        0.288395
     H   19        0.062227        0.288395       -0.355680

     C   20       -0.597745       -0.308164       -0.278621
     C   20       -0.308164        0.359275        0.112318
     C   20       -0.278621        0.112318        0.238470

     H   21       -0.032697       -0.192770       -0.477532
     H   21       -0.192770       -0.153972       -0.061626
     H   21       -0.477532       -0.061626        0.186670

     C   22        0.163724       -0.267830       -0.034725
     C   22       -0.267830       -0.177828        0.574952
     C   22       -0.034725        0.574952        0.014104

     C   23       -0.508781       -0.380922       -0.445680
     C   23       -0.380922        0.295645        0.086935
     C   23       -0.445680        0.086935        0.213136

     Cl  24       -0.005982       -0.026502       -0.020512
     Cl  24       -0.026502       -0.027953        0.040818
     Cl  24       -0.020512        0.040818        0.033935

     ----- ionic term -----
     Cl   1        0.139462       -0.221755        0.008425
     Cl   1       -0.221755       -0.000893       -0.000828
     Cl   1        0.008425       -0.000828       -0.138569

     C    2        0.110267       -0.275992        0.277937
     C    2       -0.275992        0.034349        0.383791
     C    2        0.277937        0.383791       -0.144616

     C    3        0.061549       -0.318953        0.251782
     C    3       -0.318953        0.098714        0.346671
     C    3        0.251782        0.346671       -0.160263

     H    4        0.434462        0.136304        0.759460
     H    4        0.136304       -0.480550        0.172368
     H    4        0.759460        0.172368        0.046087

     C    5        0.140074       -0.306769        0.387889
     C    5       -0.306769       -0.035926        0.242595
     C    5        0.387889        0.242595       -0.104148

     H    6       -0.546130       -0.013221        0.021535
     H    6       -0.013221        0.419509        0.787014
     H    6        0.021535        0.787014        0.126621

     H    7       -0.502123       -0.203211        0.087795
     H    7       -0.203211        0.803713       -0.603790
     H    7        0.087795       -0.603790       -0.301590

     C    8        0.279200        0.131386        0.184063
     C    8        0.131386        0.075947       -0.295119
     C    8        0.184063       -0.295119       -0.355147

     H    9        0.571544       -0.419189        0.587895
     H    9       -0.419189       -0.364991       -0.302265
     H    9        0.587895       -0.302265       -0.206553

     C   10        0.112568        0.119545        0.138245
     C   10        0.119545        0.158709       -0.438320
     C   10        0.138245       -0.438320       -0.271276

     C   11        0.202849        0.164675        0.201468
     C   11        0.164675        0.084415       -0.416950
     C   11        0.201468       -0.416950       -0.287264

     Cl  12        0.070319        0.183488       -0.048662
     Cl  12        0.183488        0.058017       -0.045979
     Cl  12       -0.048662       -0.045979       -0.128336

     H   13       -0.529677        0.007554        0.001937
     H   13        0.007554        0.484922        0.765394
     H   13        0.001937        0.765394        0.044755

     C   14        0.153702       -0.340898        0.306698
     C   14       -0.340898        0.090285        0.247159
     C   14        0.306698        0.247159       -0.243988

     H   15        0.299797        0.102472        0.828507
     H   15        0.102472       -0.499244        0.180880
     H   15        0.828507        0.180880        0.199447

     C   16       -0.002099       -0.375075        0.268067
     C   16       -0.375075        0.222547        0.353243
     C   16        0.268067        0.353243       -0.220448

     C   17        0.012078       -0.305636        0.417972
     C   17       -0.305636        0.120242        0.309974
     C   17        0.417972        0.309974       -0.132320

     Cl  18        0.077491       -0.216252        0.066833
     Cl  18       -0.216252        0.079028       -0.045683
     Cl  18        0.066833       -0.045683       -0.156518

     H   19       -0.497360       -0.126883        0.100377
     H   19       -0.126883        0.602370       -0.748114
     H   19        0.100377       -0.748114       -0.105011

     C   20        0.325094        0.212910        0.207366
     C   20        0.212910       -0.000221       -0.314393
     C   20        0.207366       -0.314393       -0.324873

     H   21        0.635248       -0.101147        0.736872
     H   21       -0.101147       -0.508602       -0.150538
     H   21        0.736872       -0.150538       -0.126646

     C   22        0.129628        0.246180        0.157546
     C   22        0.246180        0.121084       -0.434136
     C   22        0.157546       -0.434136       -0.250713

     C   23        0.187529        0.155904        0.179144
     C   23        0.155904        0.082543       -0.467521
     C   23        0.179144       -0.467521       -0.270072

     Cl  24        0.123595        0.208318       -0.033611
     Cl  24        0.208318       -0.001600       -0.038179
     Cl  24       -0.033611       -0.038179       -0.121995

     ----- GIPAW term -----
     Cl   1       -0.102286       -1.735636       -0.137509
     Cl   1       -1.735636        2.389936       -0.710873
     Cl   1       -0.137509       -0.710873       -2.287649

     C    2       -0.138162       -0.043541       -0.013296
     C    2       -0.043541        0.231518       -0.056306
     C    2       -0.013296       -0.056306       -0.093356

     C    3       -0.010846       -0.014079       -0.013153
     C    3       -0.014079        0.075988       -0.030114
     C    3       -0.013153       -0.030114       -0.065143

     H    4       -0.000000        0.000000        0.000000
     H    4        0.000000        0.000000        0.000000
     H    4        0.000000        0.000000        0.000000

     C    5       -0.148992       -0.047361        0.012061
     C    5       -0.047361        0.201260       -0.031938
     C    5        0.012061       -0.031938       -0.052269

     H    6       -0.000000        0.000000        0.000000
     H    6        0.000000        0.000000        0.000000
     H    6        0.000000        0.000000        0.000000

     H    7       -0.000000        0.000000        0.000000
     H    7        0.000000        0.000000        0.000000
     H    7        0.000000        0.000000        0.000000

     C    8        0.065153       -0.217959        0.039506
     C    8       -0.217959        0.027243        0.043792
     C    8        0.039506        0.043792       -0.092396

     H    9       -0.000000        0.000000        0.000000
     H    9        0.000000        0.000000        0.000000
     H    9        0.000000        0.000000        0.000000

     C   10        0.062421       -0.124949       -0.135247
     C   10       -0.124949        0.009013        0.069884
     C   10       -0.135247        0.069884       -0.071433

     C   11        0.009545       -0.081127       -0.114615
     C   11       -0.081127        0.022865        0.173655
     C   11       -0.114615        0.173655       -0.032410

     Cl  12       -0.443365        0.807386       -0.718472
     Cl  12        0.807386       -0.988765        0.662815
     Cl  12       -0.718472        0.662815        1.432130

     H   13       -0.000000        0.000000        0.000000
     H   13        0.000000        0.000000        0.000000
     H   13        0.000000        0.000000        0.000000

     C   14       -0.085789       -0.125263       -0.098602
     C   14       -0.125263        0.107940        0.076117
     C   14       -0.098602        0.076117       -0.022151

     H   15       -0.000000        0.000000        0.000000
     H   15        0.000000        0.000000        0.000000
     H   15        0.000000        0.000000        0.000000

     C   16        0.014791       -0.075039       -0.199635
     C   16       -0.075039       -0.047553        0.121323
     C   16       -0.199635        0.121323        0.032762

     C   17        0.064142       -0.259242       -0.171387
     C   17       -0.259242       -0.013404        0.051295
     C   17       -0.171387        0.051295       -0.050738

     Cl  18        0.180186        0.012201       -1.435853
     Cl  18        0.012201       -0.961572       -0.009945
     Cl  18       -1.435853       -0.009945        0.781387

     H   19       -0.000000        0.000000        0.000000
     H   19        0.000000        0.000000        0.000000
     H   19        0.000000        0.000000        0.000000

     C   20       -0.122880       -0.082939       -0.040458
     C   20       -0.082939        0.161383        0.069542
     C   20       -0.040458        0.069542       -0.038503

     H   21       -0.000000        0.000000        0.000000
     H   21        0.000000        0.000000        0.000000
     H   21        0.000000        0.000000        0.000000

     C   22       -0.067430       -0.088049        0.021457
     C   22       -0.088049        0.205920        0.013512
     C   22        0.021457        0.013512       -0.138490

     C   23       -0.035323       -0.154725       -0.007545
     C   23       -0.154725        0.178341       -0.075161
     C   23       -0.007545       -0.075161       -0.143018

     Cl  24        0.053648        0.000432        1.097427
     Cl  24        0.000432        0.485155       -1.789751
     Cl  24        1.097427       -1.789751       -0.538803

     ----- total EFG -----
     Cl   1        0.065284       -1.896672       -0.182038
     Cl   1       -1.896672        2.383279       -0.720572
     Cl   1       -0.182038       -0.720572       -2.448563

     C    2       -0.667832        0.135872        0.005921
     C    2        0.135872        0.504738        0.147550
     C    2        0.005921        0.147550        0.163094

     C    3        0.337419       -0.304351        0.068436
     C    3       -0.304351        0.015369       -0.032663
     C    3        0.068436       -0.032663       -0.352788

     H    4        0.530587        0.241536        0.348008
     H    4        0.241536       -0.420251        0.400500
     H    4        0.348008        0.400500       -0.110335

     C    5       -0.740199       -0.023309        0.217461
     C    5       -0.023309        0.503826        0.093544
     C    5        0.217461        0.093544        0.236373

     H    6        0.001359        0.018661       -0.021248
     H    6        0.018661        0.321038        0.578358
     H    6       -0.021248        0.578358       -0.322397

     H    7       -0.353066        0.283765        0.119849
     H    7        0.283765        0.279182       -0.498419
     H    7        0.119849       -0.498419        0.073885

     C    8        0.378449       -0.539433        0.257491
     C    8       -0.539433       -0.208603        0.116339
     C    8        0.257491        0.116339       -0.169846

     H    9        0.192494        0.134940        0.524799
     H    9        0.134940       -0.356785       -0.325064
     H    9        0.524799       -0.325064        0.164291

     C   10        0.037259       -0.143702       -0.306176
     C   10       -0.143702        0.167903       -0.108764
     C   10       -0.306176       -0.108764       -0.205161

     C   11        0.114496       -0.160382       -0.072499
     C   11       -0.160382        0.053386        0.299031
     C   11       -0.072499        0.299031       -0.167882

     Cl  12       -0.299099        0.935798       -0.684351
     Cl  12        0.935798       -0.794438        0.527389
     Cl  12       -0.684351        0.527389        1.093537

     H   13       -0.130074        0.110471        0.158643
     H   13        0.110471        0.236762        0.133238
     H   13        0.158643        0.133238       -0.106688

     C   14       -0.075939       -0.579844       -0.155928
     C   14       -0.579844        0.113111       -0.046609
     C   14       -0.155928       -0.046609       -0.037172

     H   15        0.379143        0.036120        0.636761
     H   15        0.036120       -0.002766       -0.030061
     H   15        0.636761       -0.030061       -0.376377

     C   16       -0.298079       -0.048290       -0.306927
     C   16       -0.048290        0.106196        0.436760
     C   16       -0.306927        0.436760        0.191883

     C   17        0.140181       -0.948459       -0.282557
     C   17       -0.948459       -0.129404       -0.184392
     C   17       -0.282557       -0.184392       -0.010777

     Cl  18        0.032190        0.168444       -1.155525
     Cl  18        0.168444       -0.768691       -0.027276
     Cl  18       -1.155525       -0.027276        0.736501

     H   19        0.038041       -0.095975        0.162604
     H   19       -0.095975        0.422650       -0.459720
     H   19        0.162604       -0.459720       -0.460691

     C   20       -0.395530       -0.178193       -0.111712
     C   20       -0.178193        0.520437       -0.132534
     C   20       -0.111712       -0.132534       -0.124906

     H   21        0.602551       -0.293917        0.259340
     H   21       -0.293917       -0.662574       -0.212165
     H   21        0.259340       -0.212165        0.060023

     C   22        0.225923       -0.109699        0.144278
     C   22       -0.109699        0.149176        0.154327
     C   22        0.144278        0.154327       -0.375099

     C   23       -0.356575       -0.379743       -0.274081
     C   23       -0.379743        0.556529       -0.455747
     C   23       -0.274081       -0.455747       -0.199954

     Cl  24        0.171262        0.182248        1.043304
     Cl  24        0.182248        0.455601       -1.787112
     Cl  24        1.043304       -1.787112       -0.626863

     ----- total EFG (symmetrized) -----
     Cl   1        0.065284       -1.896672       -0.182038
     Cl   1       -1.896672        2.383279       -0.720572
     Cl   1       -0.182038       -0.720572       -2.448563

     C    2       -0.667832        0.135872        0.005921
     C    2        0.135872        0.504738        0.147550
     C    2        0.005921        0.147550        0.163094

     C    3        0.337419       -0.304351        0.068436
     C    3       -0.304351        0.015369       -0.032663
     C    3        0.068436       -0.032663       -0.352788

     H    4        0.530587        0.241536        0.348008
     H    4        0.241536       -0.420251        0.400500
     H    4        0.348008        0.400500       -0.110335

     C    5       -0.740199       -0.023309        0.217461
     C    5       -0.023309        0.503826        0.093544
     C    5        0.217461        0.093544        0.236373

     H    6        0.001359        0.018661       -0.021248
     H    6        0.018661        0.321038        0.578358
     H    6       -0.021248        0.578358       -0.322397

     H    7       -0.353066        0.283765        0.119849
     H    7        0.283765        0.279182       -0.498419
     H    7        0.119849       -0.498419        0.073885

     C    8        0.378449       -0.539433        0.257491
     C    8       -0.539433       -0.208603        0.116339
     C    8        0.257491        0.116339       -0.169846

     H    9        0.192494        0.134940        0.524799
     H    9        0.134940       -0.356785       -0.325064
     H    9        0.524799       -0.325064        0.164291

     C   10        0.037259       -0.143702       -0.306176
     C   10       -0.143702        0.167903       -0.108764
     C   10       -0.306176       -0.108764       -0.205161

     C   11        0.114496       -0.160382       -0.072499
     C   11       -0.160382        0.053386        0.299031
     C   11       -0.072499        0.299031       -0.167882

     Cl  12       -0.299099        0.935798       -0.684351
     Cl  12        0.935798       -0.794438        0.527389
     Cl  12       -0.684351        0.527389        1.093537

     H   13       -0.130074        0.110471        0.158643
     H   13        0.110471        0.236762        0.133238
     H   13        0.158643        0.133238       -0.106688

     C   14       -0.075939       -0.579844       -0.155928
     C   14       -0.579844        0.113111       -0.046609
     C   14       -0.155928       -0.046609       -0.037172

     H   15        0.379143        0.036120        0.636761
     H   15        0.036120       -0.002766       -0.030061
     H   15        0.636761       -0.030061       -0.376377

     C   16       -0.298079       -0.048290       -0.306927
     C   16       -0.048290        0.106196        0.436760
     C   16       -0.306927        0.436760        0.191883

     C   17        0.140181       -0.948459       -0.282557
     C   17       -0.948459       -0.129404       -0.184392
     C   17       -0.282557       -0.184392       -0.010777

     Cl  18        0.032190        0.168444       -1.155525
     Cl  18        0.168444       -0.768691       -0.027276
     Cl  18       -1.155525       -0.027276        0.736501

     H   19        0.038041       -0.095975        0.162604
     H   19       -0.095975        0.422650       -0.459720
     H   19        0.162604       -0.459720       -0.460691

     C   20       -0.395530       -0.178193       -0.111712
     C   20       -0.178193        0.520437       -0.132534
     C   20       -0.111712       -0.132534       -0.124906

     H   21        0.602551       -0.293917        0.259340
     H   21       -0.293917       -0.662574       -0.212165
     H   21        0.259340       -0.212165        0.060023

     C   22        0.225923       -0.109699        0.144278
     C   22       -0.109699        0.149176        0.154327
     C   22        0.144278        0.154327       -0.375099

     C   23       -0.356575       -0.379743       -0.274081
     C   23       -0.379743        0.556529       -0.455747
     C   23       -0.274081       -0.455747       -0.199954

     Cl  24        0.171262        0.182248        1.043304
     Cl  24        0.182248        0.455601       -1.787112
     Cl  24        1.043304       -1.787112       -0.626863


     NQR/NMR SPECTROSCOPIC PARAMETERS:
     Cl   1    Vxx=   -0.8423    axis=(  0.851549  0.435509 -0.291883)
     Cl   1    Vyy=   -2.6541    axis=( -0.215245 -0.217235 -0.952092)
     Cl   1    Vzz=    3.4965    axis=( -0.478052  0.873579 -0.091245)
     Cl   1  Q=        -8.1650 1e-30 m^2  Cq=       -67.0779 MHz  eta= 0.51818

     C    2    Vxx=    0.1103    axis=( -0.051229 -0.334406  0.941036)
     C    2    Vyy=    0.5732    axis=(  0.104021  0.935361  0.338052)
     C    2    Vzz=   -0.6835    axis=( -0.993255  0.115206 -0.013132)
     C    2  Q=         1.0000 1e-30 m^2  Cq=        -1.6060 MHz  eta= 0.67714

     C    3    Vxx=   -0.1677    axis=(  0.511989  0.858158  0.037854)
     C    3    Vyy=   -0.3595    axis=(  0.092771 -0.011431 -0.995622)
     C    3    Vzz=    0.5272    axis=( -0.853968  0.513259 -0.085465)
     C    3  Q=         1.0000 1e-30 m^2  Cq=         1.2387 MHz  eta= 0.36398

     H    4    Vxx=   -0.1142    axis=(  0.549089 -0.470512 -0.690738)
     H    4    Vyy=   -0.6947    axis=( -0.002464  0.825561 -0.564308)
     H    4    Vzz=    0.8089    axis=( -0.835760 -0.311557 -0.452147)
     H    4  Q=         1.0000 1e-30 m^2  Cq=         1.9006 MHz  eta= 0.71772

     C    5    Vxx=    0.2529    axis=(  0.209598 -0.324388  0.922410)
     C    5    Vyy=    0.5349    axis=( -0.037946 -0.945353 -0.323834)
     C    5    Vzz=   -0.7878    axis=(  0.977051  0.032873 -0.210453)
     C    5  Q=         1.0000 1e-30 m^2  Cq=        -1.8511 MHz  eta= 0.35800

     H    6    Vxx=    0.0025    axis=(  0.999096  0.014203 -0.040060)
     H    6    Vyy=    0.6612    axis=( -0.008063 -0.862065 -0.506733)
     H    6    Vzz=   -0.6637    axis=( -0.041731  0.506598 -0.861172)
     H    6  Q=         1.0000 1e-30 m^2  Cq=        -1.5593 MHz  eta= 0.99254

     H    7    Vxx=   -0.0830    axis=(  0.670110  0.364658  0.646511)
     H    7    Vyy=   -0.6234    axis=(  0.728095 -0.492289 -0.477001)
     H    7    Vzz=    0.7065    axis=( -0.144328 -0.790365  0.595393)
     H    7  Q=         1.0000 1e-30 m^2  Cq=         1.6599 MHz  eta= 0.76497

     C    8    Vxx=   -0.0831    axis=(  0.076193  0.481875  0.872921)
     C    8    Vyy=   -0.6465    axis=(  0.501769  0.738005 -0.451195)
     C    8    Vzz=    0.7296    axis=( -0.861639  0.472383 -0.185559)
     C    8  Q=         1.0000 1e-30 m^2  Cq=         1.7144 MHz  eta= 0.77208

     H    9    Vxx=   -0.0357    axis=( -0.588116 -0.684010  0.431568)
     H    9    Vyy=   -0.6850    axis=(  0.435482 -0.717465 -0.543690)
     H    9    Vzz=    0.7207    axis=(  0.681524 -0.131813  0.719827)
     H    9  Q=         1.0000 1e-30 m^2  Cq=         1.6933 MHz  eta= 0.90102

     C   10    Vxx=    0.1722    axis=(  0.373816  0.765349 -0.523930)
     C   10    Vyy=    0.2878    axis=( -0.739461  0.586908  0.329751)
     C   10    Vzz=   -0.4600    axis=(  0.559874  0.264160  0.785341)
     C   10  Q=         1.0000 1e-30 m^2  Cq=        -1.0809 MHz  eta= 0.25146

     C   11    Vxx=    0.0019    axis=(  0.830082  0.413620  0.374009)
     C   11    Vyy=    0.3765    axis=(  0.552992 -0.696990 -0.456513)
     C   11    Vzz=   -0.3784    axis=(  0.071858  0.585767 -0.807288)
     C   11  Q=         1.0000 1e-30 m^2  Cq=        -0.8891 MHz  eta= 0.98988

     Cl  12    Vxx=    0.3764    axis=(  0.720154  0.664877  0.198285)
     Cl  12    Vyy=    1.3847    axis=(  0.335193 -0.083182 -0.938470)
     Cl  12    Vzz=   -1.7612    axis=( -0.607474  0.742307 -0.282766)
     Cl  12  Q=        -8.1650 1e-30 m^2  Cq=        33.7869 MHz  eta= 0.57250

     H   13    Vxx=   -0.0598    axis=(  0.604663 -0.502728  0.617776)
     H   13    Vyy=   -0.2777    axis=(  0.723820  0.023171 -0.689600)
     H   13    Vzz=    0.3375    axis=(  0.332367  0.864134  0.377895)
     H   13  Q=         1.0000 1e-30 m^2  Cq=         0.7930 MHz  eta= 0.64543

     C   14    Vxx=   -0.0048    axis=( -0.126748 -0.243071  0.961692)
     C   14    Vyy=   -0.6080    axis=(  0.745689  0.615991  0.253973)
     C   14    Vzz=    0.6129    axis=( -0.654127  0.749314  0.103180)
     C   14  Q=         1.0000 1e-30 m^2  Cq=         1.4400 MHz  eta= 0.98420

     H   15    Vxx=   -0.0005    axis=(  0.010133  0.997984 -0.062651)
     H   15    Vyy=   -0.7416    axis=( -0.494562  0.059456  0.867107)
     H   15    Vzz=    0.7421    axis=(  0.869083  0.022199  0.494167)
     H   15  Q=         1.0000 1e-30 m^2  Cq=         1.7437 MHz  eta= 0.99862

     C   16    Vxx=   -0.1616    axis=(  0.588518  0.716588 -0.374363)
     C   16    Vyy=   -0.4990    axis=( -0.762333  0.337641 -0.552129)
     C   16    Vzz=    0.6606    axis=( -0.269249  0.610327  0.744987)
     C   16  Q=         1.0000 1e-30 m^2  Cq=         1.5522 MHz  eta= 0.51065

     C   17    Vxx=    0.0813    axis=( -0.120072 -0.290280  0.949379)
     C   17    Vyy=    0.9726    axis=( -0.762342  0.639538  0.099127)
     C   17    Vzz=   -1.0539    axis=( -0.635939 -0.711849 -0.298083)
     C   17  Q=         1.0000 1e-30 m^2  Cq=        -2.4763 MHz  eta= 0.84565

     Cl  18    Vxx=   -0.6779    axis=(  0.483331  0.773606  0.409786)
     Cl  18    Vyy=   -0.9208    axis=( -0.640834  0.631557 -0.436426)
     Cl  18    Vzz=    1.5987    axis=( -0.596425 -0.051666  0.801004)
     Cl  18  Q=        -8.1650 1e-30 m^2  Cq=       -30.6695 MHz  eta= 0.15192

     H   19    Vxx=    0.0181    axis=(  0.957092  0.285231  0.051170)
     H   19    Vyy=    0.6564    axis=(  0.242201 -0.884312  0.399162)
     H   19    Vzz=   -0.6746    axis=(  0.159103 -0.369642 -0.915451)
     H   19  Q=         1.0000 1e-30 m^2  Cq=        -1.5850 MHz  eta= 0.94624

     C   20    Vxx=   -0.0904    axis=( -0.386588  0.086452  0.918192)
     C   20    Vyy=   -0.4813    axis=(  0.908086  0.209518  0.362605)
     C   20    Vzz=    0.5716    axis=( -0.161030  0.973975 -0.159503)
     C   20  Q=         1.0000 1e-30 m^2  Cq=         1.3430 MHz  eta= 0.68387

     H   21    Vxx=   -0.0344    axis=( -0.417676 -0.109220  0.902008)
     H   21    Vyy=   -0.7578    axis=(  0.171205  0.965505  0.196185)
     H   21    Vzz=    0.7922    axis=( -0.892320  0.236370 -0.384569)
     H   21  Q=         1.0000 1e-30 m^2  Cq=         1.8613 MHz  eta= 0.91321

     C   22    Vxx=    0.1534    axis=(  0.481478  0.797200  0.364213)
     C   22    Vyy=    0.3054    axis=(  0.842784 -0.535192  0.057311)
     C   22    Vzz=   -0.4588    axis=( -0.240612 -0.279358  0.929551)
     C   22  Q=         1.0000 1e-30 m^2  Cq=        -1.0781 MHz  eta= 0.33121

     C   23    Vxx=   -0.0089    axis=(  0.688946 -0.114223 -0.715756)
     C   23    Vyy=   -0.8113    axis=(  0.692885  0.393650  0.604111)
     C   23    Vzz=    0.8202    axis=( -0.212754  0.912136 -0.350347)
     C   23  Q=         1.0000 1e-30 m^2  Cq=         1.9270 MHz  eta= 0.97837

     Cl  24    Vxx=    0.3910    axis=(  0.883926  0.455312  0.106609)
     Cl  24    Vyy=    1.9295    axis=(  0.296338 -0.721758  0.625499)
     Cl  24    Vzz=   -2.3205    axis=(  0.361743 -0.521303 -0.772907)
     Cl  24  Q=        -8.1650 1e-30 m^2  Cq=        44.5179 MHz  eta= 0.66303

     Initialization:
     gipaw_setup  :      9.21s CPU     11.11s WALL (       1 calls)

     Linear response

     Apply operators

     Induced current

     Other routines
     efg          :      9.34s CPU     11.62s WALL (       1 calls)

     General routines
     calbec       :      3.22s CPU      4.26s WALL (      16 calls)
     fft          :      1.75s CPU      2.77s WALL (      15 calls)
     ffts         :      0.04s CPU      0.05s WALL (       2 calls)
     fftw         :      3.25s CPU      3.95s WALL (     672 calls)
     davcio       :      0.04s CPU      0.34s WALL (      32 calls)

     Parallel routines
     fft_scatter  :      2.32s CPU      3.94s WALL (     689 calls)

     Plugins

     GIPAW        :     63.54s CPU     73.23s WALL (       1 calls)
