
     Program QE v.6.0 (svn rev. 13079) starts on  3Jan2017 at  4: 8:27 

     This program is part of the open-source Quantum ESPRESSO suite
     for quantum simulation of materials; please cite
         "P. Giannozzi et al., J. Phys.:Condens. Matter 21 395502 (2009);
          URL http://www.quantum-espresso.org", 
     in publications or presentations arising from this work. More details at
     http://www.quantum-espresso.org/quote

     Parallel version (MPI), running on     8 processors
     R & G space division:  proc/nbgrp/npool/nimage =       8

     ***** This is GIPAW svn revision unknown      *****

     Parallelizing q-star over 1 images

     Reading data from directory:
     /users/majewski/paradichlorobenzene/pbe/9_constraint/scratch/pbe.ecut100.np8.dt60.pcl2phi-129368.save
     Message from routine read_xml_file:
     file /users/majewski/paradichlorobenzene/pbe/9_constraint/scratch/pbe.ecut100.np8.dt60.pcl2phi-129368.save not guaranteed to be safe for post-processing

   Info: using nr1, nr2, nr3 values from input

   Info: using nr1, nr2, nr3 values from input

     IMPORTANT: XC functional enforced from input :
     Exchange-correlation      =  SLA  PW   PBX  PBC ( 1  4  3  4 0 0)
     Any further DFT definition will be discarded
     Please, verify this is what you really want

               file C.pbe-n-kjpaw_psl.1.0.0.UPF: wavefunction(s)  2S 2P renormalized
               file Cl.pbe-n-kjpaw_psl.1.0.0.UPF: wavefunction(s)  3S 3P renormalized
               file H.pbe-kjpaw_psl.1.0.0.UPF: wavefunction(s)  1S renormalized

     Parallelization info
     --------------------
     sticks:   dense  smooth     PW     G-vecs:    dense   smooth      PW
     Min        3057    1223    332               144436    36536    5170
     Max        3059    1225    333               144437    36537    5171
     Sum       24467    9791   2657              1155489   292295   41363


     Subspace diagonalization in iterative solution of the eigenvalue problem:
     a serial algorithm will be used

     GIPAW projectors -----------------------------------------------
     atom=  C    l=0  rc=    1.2000  rs=    0.8000
     atom=  C    l=0  rc=    1.2000  rs=    0.8000
     atom=  C    l=1  rc=    1.4000  rs=    0.9333
     atom=  C    l=1  rc=    1.4000  rs=    0.9333
     projs nearly linearly dependent: l=1  n1,n2= 1, 2  s=  0.99951561

     atom=  Cl   l=0  rc=    1.6000  rs=    1.0667
     atom=  Cl   l=0  rc=    1.6000  rs=    1.0667
     atom=  Cl   l=1  rc=    1.6000  rs=    1.0667
     atom=  Cl   l=1  rc=    1.6000  rs=    1.0667
     atom=  Cl   l=2  rc=    1.6000  rs=    1.0667
     atom=  Cl   l=2  rc=    1.6000  rs=    1.0667
     projs nearly linearly dependent: l=2  n1,n2= 1, 2  s=  0.99993509

     atom=  H    l=0  rc=    1.0000  rs=    0.6667
     atom=  H    l=0  rc=    1.0000  rs=    0.6667
     projs nearly linearly dependent: l=0  n1,n2= 1, 2  s=  0.99968852
     -----------------------------------------------------------------

     GIPAW integrals: -------------------------------------------
     Atom  i/j   nmr_para   nmr_dia   epr_rmc  epr_para   epr_dia
       C   1 1   0.83E+03  0.17E-01  0.93E+01  0.24E+08  0.24E+03
       C   2 1   0.86E+03 -0.61E-01  0.94E+01  0.25E+08  0.25E+03
       C   2 2   0.90E+03 -0.15E+00  0.97E+01  0.26E+08  0.26E+03
       C   3 3   0.33E+01  0.34E+00  0.18E+01  0.55E+03  0.21E+02
       C   4 3   0.35E+01  0.37E+00  0.20E+01  0.59E+03  0.22E+02
       C   4 4   0.38E+01  0.39E+00  0.22E+01  0.63E+03  0.24E+02
       Cl  1 1   0.14E+04 -0.47E+00  0.84E+01  0.32E+09  0.42E+03
       Cl  2 1   0.21E+04 -0.37E+00  0.12E+02  0.49E+09  0.65E+03
       Cl  2 2   0.33E+04 -0.16E+00  0.21E+02  0.76E+09  0.10E+04
       Cl  3 3   0.21E+02  0.79E-01  0.89E+01  0.23E+05  0.13E+03
       Cl  4 3   0.24E+02  0.67E-01  0.99E+01  0.27E+05  0.15E+03
       Cl  4 4   0.28E+02  0.44E-01  0.11E+02  0.32E+05  0.18E+03
       Cl  5 5   0.77E+00  0.19E+00  0.18E+01  0.12E+03  0.22E+02
       Cl  6 5   0.80E+00  0.19E+00  0.19E+01  0.12E+03  0.23E+02
       Cl  6 6   0.83E+00  0.20E+00  0.19E+01  0.12E+03  0.23E+02
       H   1 1   0.39E+02  0.19E+00  0.29E+00  0.78E+05  0.13E+02
       H   2 1   0.41E+02  0.21E+00  0.32E+00  0.82E+05  0.14E+02
       H   2 2   0.43E+02  0.22E+00  0.36E+00  0.86E+05  0.15E+02
     ------------------------------------------------------------

     alpha_pv=     34.4259 eV

     Number of occupied bands for each k-point:
     k-point:     1    nbnd_occ=  42
     k-point:     2    nbnd_occ=  42
     k-point:     3    nbnd_occ=  42
     k-point:     4    nbnd_occ=  42
     k-point:     5    nbnd_occ=  42
     k-point:     6    nbnd_occ=  42
     k-point:     7    nbnd_occ=  42
     k-point:     8    nbnd_occ=  42
     k-point:     9    nbnd_occ=  42
     k-point:    10    nbnd_occ=  42
     k-point:    11    nbnd_occ=  42
     k-point:    12    nbnd_occ=  42
     k-point:    13    nbnd_occ=  42
     k-point:    14    nbnd_occ=  42
     k-point:    15    nbnd_occ=  42
     k-point:    16    nbnd_occ=  42


     q-space interpolation up to   110.00 Rydberg

     GIPAW job: efg                                                                             


     ELECTRIC FIELD GRADIENTS TENSORS IN Hartree/bohrradius^2:

     ----- bare term -----
     Cl   1       -0.102683       -0.040919       -0.005196
     Cl   1       -0.040919       -0.076718        0.097798
     Cl   1       -0.005196        0.097798        0.179401

     C    2       -0.529104        0.232026       -0.373724
     C    2        0.232026        0.119667       -0.219923
     C    2       -0.373724       -0.219923        0.409437

     C    3       -0.050383        0.128074       -0.255356
     C    3        0.128074       -0.388769       -0.475267
     C    3       -0.255356       -0.475267        0.439152

     H    4       -0.607275       -0.171564       -0.105021
     H    4       -0.171564        0.405781       -0.209252
     H    4       -0.105021       -0.209252        0.201494

     C    5       -0.934013        0.366602       -0.439407
     C    5        0.366602        0.404864        0.035528
     C    5       -0.439407        0.035528        0.529149

     H    6        0.211492        0.063896       -0.251623
     H    6        0.063896       -0.454870       -0.512288
     H    6       -0.251623       -0.512288        0.243379

     H    7        0.254648        0.318539       -0.119235
     H    7        0.318539       -0.495616        0.447436
     H    7       -0.119235        0.447436        0.240968

     C    8       -0.244685       -0.217598       -0.287271
     C    8       -0.217598       -0.041077        0.528807
     C    8       -0.287271        0.528807        0.285762

     H    9       -0.316367        0.494917        0.076358
     H    9        0.494917        0.046178       -0.166106
     H    9        0.076358       -0.166106        0.270189

     C   10       -0.271318       -0.225931       -0.069778
     C   10       -0.225931       -0.080538        0.304535
     C   10       -0.069778        0.304535        0.351856

     C   11       -0.169958        0.111903       -0.233978
     C   11        0.111903       -0.007737        0.551839
     C   11       -0.233978        0.551839        0.177696

     Cl  12        0.090746       -0.203445        0.034905
     Cl  12       -0.203445        0.037742       -0.309841
     Cl  12        0.034905       -0.309841       -0.128487

     H   13        0.449468       -0.098229       -0.015519
     H   13       -0.098229       -0.745089        0.142130
     H   13       -0.015519        0.142130        0.295621

     C   14       -0.160318        0.028135       -0.235138
     C   14        0.028135        0.004625       -0.467085
     C   14       -0.235138       -0.467085        0.155693

     H   15       -0.208211       -0.462447        0.031048
     H   15       -0.462447       -0.113585        0.162528
     H   15        0.031048        0.162528        0.321796

     C   16       -0.491034        0.256215       -0.087362
     C   16        0.256215        0.130714       -0.186039
     C   16       -0.087362       -0.186039        0.360320

     C   17        0.019926        0.040922       -0.209827
     C   17        0.040922       -0.046485       -0.548594
     C   17       -0.209827       -0.548594        0.026559

     Cl  18       -0.181402        0.247942        0.005954
     Cl  18        0.247942        0.002308        0.046834
     Cl  18        0.005954        0.046834        0.179094

     H   19        0.498573       -0.020770       -0.118203
     H   19       -0.020770        0.081805        0.179603
     H   19       -0.118203        0.179603       -0.580377

     C   20       -0.465734       -0.323800       -0.077081
     C   20       -0.323800        0.106063        0.391994
     C   20       -0.077081        0.391994        0.359671

     H   21       -0.540037       -0.157951       -0.294951
     H   21       -0.157951        0.204606        0.222436
     H   21       -0.294951        0.222436        0.335431

     C   22       -0.032569        0.019493       -0.256428
     C   22        0.019493       -0.047574        0.659558
     C   22       -0.256428        0.659558        0.080143

     C   23       -0.519893       -0.216420       -0.385654
     C   23       -0.216420        0.050030        0.214685
     C   23       -0.385654        0.214685        0.469863

     Cl  24       -0.076521        0.078172       -0.032201
     Cl  24        0.078172       -0.049958       -0.111036
     Cl  24       -0.032201       -0.111036        0.126479

     ----- ionic term -----
     Cl   1        0.176098       -0.224702       -0.023698
     Cl   1       -0.224702       -0.020895        0.020731
     Cl   1       -0.023698        0.020731       -0.155202

     C    2        0.273681       -0.116330        0.115576
     C    2       -0.116330        0.171673        0.407884
     C    2        0.115576        0.407884       -0.445353

     C    3        0.258389       -0.185320        0.168473
     C    3       -0.185320        0.155334        0.351641
     C    3        0.168473        0.351641       -0.413723

     H    4        0.718224        0.401187        0.562676
     H    4        0.401187       -0.371203        0.232345
     H    4        0.562676        0.232345       -0.347021

     C    5        0.412027       -0.161250        0.261265
     C    5       -0.161250        0.042144        0.284759
     C    5        0.261265        0.284759       -0.454172

     H    6       -0.507006       -0.102849       -0.027408
     H    6       -0.102849        0.782305        0.620283
     H    6       -0.027408        0.620283       -0.275298

     H    7       -0.499481       -0.152535        0.107633
     H    7       -0.152535        0.495323       -0.781829
     H    7        0.107633       -0.781829        0.004157

     C    8        0.369199        0.115020        0.108438
     C    8        0.115020       -0.019418       -0.349560
     C    8        0.108438       -0.349560       -0.349782

     H    9        0.773147       -0.423617        0.490383
     H    9       -0.423617       -0.387771       -0.243842
     H    9        0.490383       -0.243842       -0.385376

     C   10        0.218659        0.148529        0.069531
     C   10        0.148529        0.134614       -0.438009
     C   10        0.069531       -0.438009       -0.353272

     C   11        0.258872        0.137339        0.188720
     C   11        0.137339        0.071826       -0.440589
     C   11        0.188720       -0.440589       -0.330699

     Cl  12        0.152858        0.215266       -0.034935
     Cl  12        0.215266       -0.000466       -0.037878
     Cl  12       -0.034935       -0.037878       -0.152392

     H   13       -0.490693        0.058441        0.005406
     H   13        0.058441        0.892907        0.516599
     H   13        0.005406        0.516599       -0.402214

     C   14        0.387548       -0.141141        0.145426
     C   14       -0.141141        0.143109        0.258898
     C   14        0.145426        0.258898       -0.530657

     H   15        0.805701        0.498916        0.364569
     H   15        0.498916       -0.262800        0.192078
     H   15        0.364569        0.192078       -0.542901

     C   16        0.243140       -0.165667        0.113852
     C   16       -0.165667        0.314761        0.318411
     C   16        0.113852        0.318411       -0.557901

     C   17        0.270540       -0.083203        0.333994
     C   17       -0.083203        0.228670        0.312642
     C   17        0.333994        0.312642       -0.499210

     Cl  18        0.153021       -0.202959        0.058358
     Cl  18       -0.202959        0.017935       -0.031761
     Cl  18        0.058358       -0.031761       -0.170956

     H   19       -0.511588       -0.112193        0.105850
     H   19       -0.112193        0.339433       -0.809968
     H   19        0.105850       -0.809968        0.172156

     C   20        0.291983        0.119605        0.184190
     C   20        0.119605       -0.058741       -0.370363
     C   20        0.184190       -0.370363       -0.233241

     H   21        0.734793       -0.352900        0.524407
     H   21       -0.352900       -0.423078       -0.235727
     H   21        0.524407       -0.235727       -0.311714

     C   22        0.156162        0.190067        0.070607
     C   22        0.190067        0.068468       -0.479496
     C   22        0.070607       -0.479496       -0.224630

     C   23        0.233641        0.143650        0.122422
     C   23        0.143650        0.037805       -0.447951
     C   23        0.122422       -0.447951       -0.271446

     Cl  24        0.134494        0.227290       -0.025969
     Cl  24        0.227290        0.010936       -0.018882
     Cl  24       -0.025969       -0.018882       -0.145430

     ----- GIPAW term -----
     Cl   1       -0.007300       -2.166182       -0.288007
     Cl   1       -2.166182       -0.746799        1.153921
     Cl   1       -0.288007        1.153921        0.754099

     C    2       -0.087672       -0.113106       -0.087643
     C    2       -0.113106        0.113658        0.077493
     C    2       -0.087643        0.077493       -0.025986

     C    3       -0.067294       -0.036114       -0.094469
     C    3       -0.036114       -0.055386        0.039616
     C    3       -0.094469        0.039616        0.122681

     H    4       -0.000000        0.000000        0.000000
     H    4        0.000000        0.000000        0.000000
     H    4        0.000000        0.000000        0.000000

     C    5       -0.247779        0.083890       -0.017433
     C    5        0.083890        0.174578        0.212276
     C    5       -0.017433        0.212276        0.073201

     H    6       -0.000000        0.000000        0.000000
     H    6        0.000000        0.000000        0.000000
     H    6        0.000000        0.000000        0.000000

     H    7       -0.000000        0.000000        0.000000
     H    7        0.000000        0.000000        0.000000
     H    7        0.000000        0.000000        0.000000

     C    8       -0.083676       -0.101965       -0.067135
     C    8       -0.101965        0.107815        0.215643
     C    8       -0.067135        0.215643       -0.024139

     H    9       -0.000000        0.000000        0.000000
     H    9        0.000000        0.000000        0.000000
     H    9        0.000000        0.000000        0.000000

     C   10       -0.108122       -0.055660       -0.055438
     C   10       -0.055660        0.030810        0.147080
     C   10       -0.055438        0.147080        0.077312

     C   11       -0.077591        0.058223       -0.044074
     C   11        0.058223        0.020987        0.196609
     C   11       -0.044074        0.196609        0.056604

     Cl  12       -0.518146        0.207428       -0.324066
     Cl  12        0.207428       -0.250391        1.005906
     Cl  12       -0.324066        1.005906        0.768537

     H   13       -0.000000        0.000000        0.000000
     H   13        0.000000        0.000000        0.000000
     H   13        0.000000        0.000000        0.000000

     C   14       -0.099830        0.027604       -0.032211
     C   14        0.027604        0.164187       -0.204734
     C   14       -0.032211       -0.204734       -0.064357

     H   15       -0.000000        0.000000        0.000000
     H   15        0.000000        0.000000        0.000000
     H   15        0.000000        0.000000        0.000000

     C   16       -0.143474        0.037769       -0.021414
     C   16        0.037769        0.162190       -0.099817
     C   16       -0.021414       -0.099817       -0.018715

     C   17       -0.053873       -0.026534       -0.004033
     C   17       -0.026534        0.238315        0.044300
     C   17       -0.004033        0.044300       -0.184442

     Cl  18       -0.993735       -0.265177        0.463464
     Cl  18       -0.265177        0.777777        2.260103
     Cl  18        0.463464        2.260103        0.215957

     H   19       -0.000000        0.000000        0.000000
     H   19        0.000000        0.000000        0.000000
     H   19        0.000000        0.000000        0.000000

     C   20       -0.162013       -0.013070        0.030561
     C   20       -0.013070        0.054965        0.218610
     C   20        0.030561        0.218610        0.107048

     H   21       -0.000000        0.000000        0.000000
     H   21        0.000000        0.000000        0.000000
     H   21        0.000000        0.000000        0.000000

     C   22       -0.107886        0.105588       -0.038474
     C   22        0.105588        0.229311        0.120219
     C   22       -0.038474        0.120219       -0.121424

     C   23       -0.073861        0.124641       -0.122803
     C   23        0.124641        0.035797       -0.087568
     C   23       -0.122803       -0.087568        0.038064

     Cl  24        0.292712        2.473964       -0.558557
     Cl  24        2.473964       -0.412972       -1.232619
     Cl  24       -0.558557       -1.232619        0.120260

     ----- total EFG -----
     Cl   1        0.066115       -2.431803       -0.316901
     Cl   1       -2.431803       -0.844412        1.272450
     Cl   1       -0.316901        1.272450        0.778297

     C    2       -0.343095        0.002591       -0.345792
     C    2        0.002591        0.404997        0.265455
     C    2       -0.345792        0.265455       -0.061902

     C    3        0.140711       -0.093360       -0.181352
     C    3       -0.093360       -0.288821       -0.084011
     C    3       -0.181352       -0.084011        0.148109

     H    4        0.110950        0.229622        0.457655
     H    4        0.229622        0.034578        0.023093
     H    4        0.457655        0.023093       -0.145527

     C    5       -0.769764        0.289243       -0.195575
     C    5        0.289243        0.621586        0.532562
     C    5       -0.195575        0.532562        0.148179

     H    6       -0.295515       -0.038953       -0.279031
     H    6       -0.038953        0.327434        0.107995
     H    6       -0.279031        0.107995       -0.031919

     H    7       -0.244833        0.166004       -0.011602
     H    7        0.166004       -0.000292       -0.334393
     H    7       -0.011602       -0.334393        0.245125

     C    8        0.040838       -0.204543       -0.245968
     C    8       -0.204543        0.047320        0.394890
     C    8       -0.245968        0.394890       -0.088158

     H    9        0.456780        0.071300        0.566740
     H    9        0.071300       -0.341593       -0.409948
     H    9        0.566740       -0.409948       -0.115187

     C   10       -0.160781       -0.133062       -0.055685
     C   10       -0.133062        0.084885        0.013607
     C   10       -0.055685        0.013607        0.075896

     C   11        0.011323        0.307465       -0.089332
     C   11        0.307465        0.085076        0.307859
     C   11       -0.089332        0.307859       -0.096399

     Cl  12       -0.274543        0.219248       -0.324096
     Cl  12        0.219248       -0.213115        0.658186
     Cl  12       -0.324096        0.658186        0.487658

     H   13       -0.041225       -0.039788       -0.010113
     H   13       -0.039788        0.147818        0.658729
     H   13       -0.010113        0.658729       -0.106593

     C   14        0.127400       -0.085401       -0.121923
     C   14       -0.085401        0.311921       -0.412920
     C   14       -0.121923       -0.412920       -0.439321

     H   15        0.597490        0.036469        0.395617
     H   15        0.036469       -0.376385        0.354607
     H   15        0.395617        0.354607       -0.221105

     C   16       -0.391368        0.128317        0.005076
     C   16        0.128317        0.607664        0.032555
     C   16        0.005076        0.032555       -0.216296

     C   17        0.236592       -0.068815        0.120134
     C   17       -0.068815        0.420500       -0.191653
     C   17        0.120134       -0.191653       -0.657092

     Cl  18       -1.022115       -0.220195        0.527776
     Cl  18       -0.220195        0.798019        2.275176
     Cl  18        0.527776        2.275176        0.224096

     H   19       -0.013016       -0.132963       -0.012353
     H   19       -0.132963        0.421237       -0.630366
     H   19       -0.012353       -0.630366       -0.408222

     C   20       -0.335765       -0.217266        0.137670
     C   20       -0.217266        0.102287        0.240241
     C   20        0.137670        0.240241        0.233477

     H   21        0.194756       -0.510852        0.229456
     H   21       -0.510852       -0.218472       -0.013290
     H   21        0.229456       -0.013290        0.023717

     C   22        0.015707        0.315148       -0.224295
     C   22        0.315148        0.250205        0.300280
     C   22       -0.224295        0.300280       -0.265912

     C   23       -0.360113        0.051871       -0.386036
     C   23        0.051871        0.123632       -0.320834
     C   23       -0.386036       -0.320834        0.236481

     Cl  24        0.350685        2.779426       -0.616727
     Cl  24        2.779426       -0.451994       -1.362537
     Cl  24       -0.616727       -1.362537        0.101309

     ----- total EFG (symmetrized) -----
     Cl   1        0.066115       -2.431803       -0.316901
     Cl   1       -2.431803       -0.844412        1.272450
     Cl   1       -0.316901        1.272450        0.778297

     C    2       -0.343095        0.002591       -0.345792
     C    2        0.002591        0.404997        0.265455
     C    2       -0.345792        0.265455       -0.061902

     C    3        0.140711       -0.093360       -0.181352
     C    3       -0.093360       -0.288821       -0.084011
     C    3       -0.181352       -0.084011        0.148109

     H    4        0.110950        0.229622        0.457655
     H    4        0.229622        0.034578        0.023093
     H    4        0.457655        0.023093       -0.145527

     C    5       -0.769764        0.289243       -0.195575
     C    5        0.289243        0.621586        0.532562
     C    5       -0.195575        0.532562        0.148179

     H    6       -0.295515       -0.038953       -0.279031
     H    6       -0.038953        0.327434        0.107995
     H    6       -0.279031        0.107995       -0.031919

     H    7       -0.244833        0.166004       -0.011602
     H    7        0.166004       -0.000292       -0.334393
     H    7       -0.011602       -0.334393        0.245125

     C    8        0.040838       -0.204543       -0.245968
     C    8       -0.204543        0.047320        0.394890
     C    8       -0.245968        0.394890       -0.088158

     H    9        0.456780        0.071300        0.566740
     H    9        0.071300       -0.341593       -0.409948
     H    9        0.566740       -0.409948       -0.115187

     C   10       -0.160781       -0.133062       -0.055685
     C   10       -0.133062        0.084885        0.013607
     C   10       -0.055685        0.013607        0.075896

     C   11        0.011323        0.307465       -0.089332
     C   11        0.307465        0.085076        0.307859
     C   11       -0.089332        0.307859       -0.096399

     Cl  12       -0.274543        0.219248       -0.324096
     Cl  12        0.219248       -0.213115        0.658186
     Cl  12       -0.324096        0.658186        0.487658

     H   13       -0.041225       -0.039788       -0.010113
     H   13       -0.039788        0.147818        0.658729
     H   13       -0.010113        0.658729       -0.106593

     C   14        0.127400       -0.085401       -0.121923
     C   14       -0.085401        0.311921       -0.412920
     C   14       -0.121923       -0.412920       -0.439321

     H   15        0.597490        0.036469        0.395617
     H   15        0.036469       -0.376385        0.354607
     H   15        0.395617        0.354607       -0.221105

     C   16       -0.391368        0.128317        0.005076
     C   16        0.128317        0.607664        0.032555
     C   16        0.005076        0.032555       -0.216296

     C   17        0.236592       -0.068815        0.120134
     C   17       -0.068815        0.420500       -0.191653
     C   17        0.120134       -0.191653       -0.657092

     Cl  18       -1.022115       -0.220195        0.527776
     Cl  18       -0.220195        0.798019        2.275176
     Cl  18        0.527776        2.275176        0.224096

     H   19       -0.013016       -0.132963       -0.012353
     H   19       -0.132963        0.421237       -0.630366
     H   19       -0.012353       -0.630366       -0.408222

     C   20       -0.335765       -0.217266        0.137670
     C   20       -0.217266        0.102287        0.240241
     C   20        0.137670        0.240241        0.233477

     H   21        0.194756       -0.510852        0.229456
     H   21       -0.510852       -0.218472       -0.013290
     H   21        0.229456       -0.013290        0.023717

     C   22        0.015707        0.315148       -0.224295
     C   22        0.315148        0.250205        0.300280
     C   22       -0.224295        0.300280       -0.265912

     C   23       -0.360113        0.051871       -0.386036
     C   23        0.051871        0.123632       -0.320834
     C   23       -0.386036       -0.320834        0.236481

     Cl  24        0.350685        2.779426       -0.616727
     Cl  24        2.779426       -0.451994       -1.362537
     Cl  24       -0.616727       -1.362537        0.101309


     NQR/NMR SPECTROSCOPIC PARAMETERS:
     Cl   1    Vxx=    0.3307    axis=( -0.518901  0.165746 -0.838612)
     Cl   1    Vyy=    2.7004    axis=( -0.618427  0.604492  0.502133)
     Cl   1    Vzz=   -3.0312    axis=( -0.590161 -0.779177  0.211170)
     Cl   1  Q=        -8.1650 1e-30 m^2  Cq=        58.1511 MHz  eta= 0.78179

     C    2    Vxx=    0.0488    axis=(  0.580886  0.483677 -0.654697)
     C    2    Vyy=    0.5510    axis=(  0.181303 -0.860987 -0.475217)
     C    2    Vzz=   -0.5998    axis=(  0.793537 -0.157349  0.587827)
     C    2  Q=         1.0000 1e-30 m^2  Cq=        -1.4092 MHz  eta= 0.83729

     C    3    Vxx=    0.0149    axis=(  0.655577 -0.381783  0.651507)
     C    3    Vyy=    0.3258    axis=( -0.702131  0.009332  0.711987)
     C    3    Vzz=   -0.3407    axis=( -0.277904 -0.924205 -0.261944)
     C    3  Q=         1.0000 1e-30 m^2  Cq=        -0.8005 MHz  eta= 0.91280

     H    4    Vxx=   -0.0167    axis=(  0.159887 -0.899460  0.406703)
     H    4    Vyy=   -0.5207    axis=(  0.624203 -0.227053 -0.747541)
     H    4    Vzz=    0.5373    axis=(  0.764726  0.373388  0.525143)
     H    4  Q=         1.0000 1e-30 m^2  Cq=         1.2625 MHz  eta= 0.93791

     C    5    Vxx=   -0.0565    axis=( -0.401973 -0.453353  0.795543)
     C    5    Vyy=   -0.9223    axis=( -0.912010  0.275636 -0.303746)
     C    5    Vzz=    0.9788    axis=( -0.081576 -0.847641 -0.524261)
     C    5  Q=         1.0000 1e-30 m^2  Cq=         2.2998 MHz  eta= 0.88457

     H    6    Vxx=    0.0918    axis=( -0.499601 -0.427833  0.753232)
     H    6    Vyy=    0.3813    axis=( -0.206930  0.903295  0.375817)
     H    6    Vzz=   -0.4731    axis=( -0.841177  0.031893 -0.539818)
     H    6  Q=         1.0000 1e-30 m^2  Cq=        -1.1116 MHz  eta= 0.61186

     H    7    Vxx=   -0.1182    axis=(  0.661581  0.541086  0.519169)
     H    7    Vyy=   -0.3757    axis=( -0.735819  0.601844  0.310409)
     H    7    Vzz=    0.4939    axis=( -0.144501 -0.587375  0.796310)
     H    7  Q=         1.0000 1e-30 m^2  Cq=         1.1604 MHz  eta= 0.52147

     C    8    Vxx=   -0.1390    axis=(  0.842870  0.499122  0.201115)
     C    8    Vyy=   -0.4301    axis=(  0.158895 -0.587921  0.793159)
     C    8    Vzz=    0.5691    axis=( -0.514123  0.636574  0.574849)
     C    8  Q=         1.0000 1e-30 m^2  Cq=         1.3372 MHz  eta= 0.51161

     H    9    Vxx=   -0.0277    axis=(  0.461100  0.741454 -0.487476)
     H    9    Vyy=   -0.8004    axis=( -0.341024  0.655245  0.674060)
     H    9    Vzz=    0.8281    axis=(  0.819200 -0.144568  0.554987)
     H    9  Q=         1.0000 1e-30 m^2  Cq=         1.9458 MHz  eta= 0.93303

     C   10    Vxx=    0.0672    axis=( -0.034179  0.435090 -0.899738)
     C   10    Vyy=    0.1588    axis=(  0.410579 -0.814673 -0.409552)
     C   10    Vzz=   -0.2260    axis=(  0.911184  0.383411  0.150794)
     C   10  Q=         1.0000 1e-30 m^2  Cq=        -0.5310 MHz  eta= 0.40527

     C   11    Vxx=    0.0474    axis=(  0.709786 -0.118426 -0.694392)
     C   11    Vyy=    0.4279    axis=( -0.497207 -0.782515 -0.374775)
     C   11    Vzz=   -0.4753    axis=( -0.498989  0.611266 -0.614300)
     C   11  Q=         1.0000 1e-30 m^2  Cq=        -1.1168 MHz  eta= 0.80047

     Cl  12    Vxx=   -0.0695    axis=(  0.826604  0.540310 -0.157453)
     Cl  12    Vyy=   -0.8382    axis=( -0.542884  0.691791 -0.476134)
     Cl  12    Vzz=    0.9077    axis=( -0.148335  0.479052  0.865162)
     Cl  12  Q=        -8.1650 1e-30 m^2  Cq=       -17.4132 MHz  eta= 0.84687

     H   13    Vxx=   -0.0426    axis=(  0.998310  0.020606  0.054342)
     H   13    Vyy=   -0.6508    axis=(  0.028790  0.636902 -0.770407)
     H   13    Vzz=    0.6934    axis=( -0.050486  0.770670  0.635232)
     H   13  Q=         1.0000 1e-30 m^2  Cq=         1.6292 MHz  eta= 0.87713

     C   14    Vxx=    0.1525    axis=(  0.979331  0.000736 -0.202263)
     C   14    Vyy=    0.4969    axis=( -0.081906  0.915777 -0.393248)
     C   14    Vzz=   -0.6494    axis=(  0.184939  0.401687  0.896909)
     C   14  Q=         1.0000 1e-30 m^2  Cq=        -1.5258 MHz  eta= 0.53028

     H   15    Vxx=   -0.0799    axis=(  0.394789 -0.684484 -0.612882)
     H   15    Vyy=   -0.7034    axis=(  0.185717  0.712748 -0.676387)
     H   15    Vzz=    0.7833    axis=(  0.899806  0.153208  0.408505)
     H   15  Q=         1.0000 1e-30 m^2  Cq=         1.8405 MHz  eta= 0.79597

     C   16    Vxx=   -0.2176    axis=(  0.000072 -0.039429  0.999222)
     C   16    Vyy=   -0.4076    axis=( -0.992115  0.125232  0.005013)
     C   16    Vzz=    0.6252    axis=( -0.125332 -0.991344 -0.039109)
     C   16  Q=         1.0000 1e-30 m^2  Cq=         1.4689 MHz  eta= 0.30393

     C   17    Vxx=    0.2163    axis=(  0.931618  0.360104  0.049122)
     C   17    Vyy=    0.4860    axis=( -0.345198  0.919023 -0.190356)
     C   17    Vzz=   -0.7024    axis=( -0.113692  0.160382  0.980485)
     C   17  Q=         1.0000 1e-30 m^2  Cq=        -1.6503 MHz  eta= 0.38401

     Cl  18    Vxx=   -0.7481    axis=(  0.884958 -0.340858  0.317278)
     Cl  18    Vyy=   -2.0651    axis=( -0.463117 -0.572952  0.676202)
     Cl  18    Vzz=    2.8132    axis=(  0.048703  0.745347  0.664895)
     Cl  18  Q=        -8.1650 1e-30 m^2  Cq=       -53.9703 MHz  eta= 0.46817

     H   19    Vxx=   -0.0213    axis=(  0.985065  0.075642 -0.154678)
     H   19    Vyy=   -0.7555    axis=(  0.100219  0.478601  0.872294)
     H   19    Vzz=    0.7768    axis=(  0.140012 -0.874768  0.463873)
     H   19  Q=         1.0000 1e-30 m^2  Cq=         1.8251 MHz  eta= 0.94519

     C   20    Vxx=    0.0772    axis=(  0.525506 -0.654577  0.543483)
     C   20    Vyy=    0.4177    axis=( -0.036045  0.621094  0.782906)
     C   20    Vzz=   -0.4950    axis=( -0.850026 -0.431012  0.302794)
     C   20  Q=         1.0000 1e-30 m^2  Cq=        -1.1630 MHz  eta= 0.68788

     H   21    Vxx=   -0.0207    axis=( -0.158764  0.348035  0.923940)
     H   21    Vyy=   -0.5868    axis=( -0.576492 -0.792394  0.199422)
     H   21    Vzz=    0.6075    axis=(  0.801530 -0.500983  0.326443)
     H   21  Q=         1.0000 1e-30 m^2  Cq=         1.4274 MHz  eta= 0.93179

     C   22    Vxx=    0.1052    axis=( -0.725733  0.250047  0.640928)
     C   22    Vyy=    0.4935    axis=( -0.472335 -0.858447 -0.199924)
     C   22    Vzz=   -0.5987    axis=(  0.500212 -0.447824  0.741108)
     C   22  Q=         1.0000 1e-30 m^2  Cq=        -1.4068 MHz  eta= 0.64857

     C   23    Vxx=   -0.0578    axis=( -0.378924  0.830466  0.408342)
     C   23    Vyy=   -0.5649    axis=( -0.863302 -0.158268 -0.479229)
     C   23    Vzz=    0.6227    axis=( -0.333356 -0.534114  0.776915)
     C   23  Q=         1.0000 1e-30 m^2  Cq=         1.4631 MHz  eta= 0.81438

     Cl  24    Vxx=   -0.3388    axis=(  0.441352  0.088652  0.892944)
     Cl  24    Vyy=   -3.0000    axis=( -0.598654  0.770371  0.219412)
     Cl  24    Vzz=    3.3387    axis=( -0.668447 -0.631403  0.393076)
     Cl  24  Q=        -8.1650 1e-30 m^2  Cq=       -64.0521 MHz  eta= 0.79705

     Initialization:
     gipaw_setup  :      9.12s CPU     10.70s WALL (       1 calls)

     Linear response

     Apply operators

     Induced current

     Other routines
     efg          :      9.22s CPU     11.71s WALL (       1 calls)

     General routines
     calbec       :      3.28s CPU      4.56s WALL (      16 calls)
     fft          :      1.54s CPU      2.18s WALL (      15 calls)
     ffts         :      0.05s CPU      0.06s WALL (       2 calls)
     fftw         :      3.20s CPU      3.82s WALL (     672 calls)
     davcio       :      0.02s CPU      0.32s WALL (      32 calls)

     Parallel routines
     fft_scatter  :      2.16s CPU      3.27s WALL (     689 calls)

     Plugins

     GIPAW        :     61.21s CPU     72.93s WALL (       1 calls)
