
     Program QE v.6.0 (svn rev. 13079) starts on  1Jan2017 at  6: 7:50 

     This program is part of the open-source Quantum ESPRESSO suite
     for quantum simulation of materials; please cite
         "P. Giannozzi et al., J. Phys.:Condens. Matter 21 395502 (2009);
          URL http://www.quantum-espresso.org", 
     in publications or presentations arising from this work. More details at
     http://www.quantum-espresso.org/quote

     Parallel version (MPI), running on     8 processors
     R & G space division:  proc/nbgrp/npool/nimage =       8

     ***** This is GIPAW svn revision unknown      *****

     Parallelizing q-star over 1 images

     Reading data from directory:
     /users/majewski/paradichlorobenzene/pbe/9_constraint/scratch/pbe.ecut100.np8.dt60.pcl2phi-129368.save
     Message from routine read_xml_file:
     file /users/majewski/paradichlorobenzene/pbe/9_constraint/scratch/pbe.ecut100.np8.dt60.pcl2phi-129368.save not guaranteed to be safe for post-processing

   Info: using nr1, nr2, nr3 values from input

   Info: using nr1, nr2, nr3 values from input

     IMPORTANT: XC functional enforced from input :
     Exchange-correlation      =  SLA  PW   PBX  PBC ( 1  4  3  4 0 0)
     Any further DFT definition will be discarded
     Please, verify this is what you really want

               file C.pbe-n-kjpaw_psl.1.0.0.UPF: wavefunction(s)  2S 2P renormalized
               file Cl.pbe-n-kjpaw_psl.1.0.0.UPF: wavefunction(s)  3S 3P renormalized
               file H.pbe-kjpaw_psl.1.0.0.UPF: wavefunction(s)  1S renormalized

     Parallelization info
     --------------------
     sticks:   dense  smooth     PW     G-vecs:    dense   smooth      PW
     Min        3057    1223    332               144436    36536    5170
     Max        3059    1225    333               144437    36537    5171
     Sum       24467    9791   2657              1155489   292295   41363


     Subspace diagonalization in iterative solution of the eigenvalue problem:
     a serial algorithm will be used

     GIPAW projectors -----------------------------------------------
     atom=  C    l=0  rc=    1.2000  rs=    0.8000
     atom=  C    l=0  rc=    1.2000  rs=    0.8000
     atom=  C    l=1  rc=    1.4000  rs=    0.9333
     atom=  C    l=1  rc=    1.4000  rs=    0.9333
     projs nearly linearly dependent: l=1  n1,n2= 1, 2  s=  0.99951561

     atom=  Cl   l=0  rc=    1.6000  rs=    1.0667
     atom=  Cl   l=0  rc=    1.6000  rs=    1.0667
     atom=  Cl   l=1  rc=    1.6000  rs=    1.0667
     atom=  Cl   l=1  rc=    1.6000  rs=    1.0667
     atom=  Cl   l=2  rc=    1.6000  rs=    1.0667
     atom=  Cl   l=2  rc=    1.6000  rs=    1.0667
     projs nearly linearly dependent: l=2  n1,n2= 1, 2  s=  0.99993509

     atom=  H    l=0  rc=    1.0000  rs=    0.6667
     atom=  H    l=0  rc=    1.0000  rs=    0.6667
     projs nearly linearly dependent: l=0  n1,n2= 1, 2  s=  0.99968852
     -----------------------------------------------------------------

     GIPAW integrals: -------------------------------------------
     Atom  i/j   nmr_para   nmr_dia   epr_rmc  epr_para   epr_dia
       C   1 1   0.83E+03  0.17E-01  0.93E+01  0.24E+08  0.24E+03
       C   2 1   0.86E+03 -0.61E-01  0.94E+01  0.25E+08  0.25E+03
       C   2 2   0.90E+03 -0.15E+00  0.97E+01  0.26E+08  0.26E+03
       C   3 3   0.33E+01  0.34E+00  0.18E+01  0.55E+03  0.21E+02
       C   4 3   0.35E+01  0.37E+00  0.20E+01  0.59E+03  0.22E+02
       C   4 4   0.38E+01  0.39E+00  0.22E+01  0.63E+03  0.24E+02
       Cl  1 1   0.14E+04 -0.47E+00  0.84E+01  0.32E+09  0.42E+03
       Cl  2 1   0.21E+04 -0.37E+00  0.12E+02  0.49E+09  0.65E+03
       Cl  2 2   0.33E+04 -0.16E+00  0.21E+02  0.76E+09  0.10E+04
       Cl  3 3   0.21E+02  0.79E-01  0.89E+01  0.23E+05  0.13E+03
       Cl  4 3   0.24E+02  0.67E-01  0.99E+01  0.27E+05  0.15E+03
       Cl  4 4   0.28E+02  0.44E-01  0.11E+02  0.32E+05  0.18E+03
       Cl  5 5   0.77E+00  0.19E+00  0.18E+01  0.12E+03  0.22E+02
       Cl  6 5   0.80E+00  0.19E+00  0.19E+01  0.12E+03  0.23E+02
       Cl  6 6   0.83E+00  0.20E+00  0.19E+01  0.12E+03  0.23E+02
       H   1 1   0.39E+02  0.19E+00  0.29E+00  0.78E+05  0.13E+02
       H   2 1   0.41E+02  0.21E+00  0.32E+00  0.82E+05  0.14E+02
       H   2 2   0.43E+02  0.22E+00  0.36E+00  0.86E+05  0.15E+02
     ------------------------------------------------------------

     alpha_pv=     33.9557 eV

     Number of occupied bands for each k-point:
     k-point:     1    nbnd_occ=  42
     k-point:     2    nbnd_occ=  42
     k-point:     3    nbnd_occ=  42
     k-point:     4    nbnd_occ=  42
     k-point:     5    nbnd_occ=  42
     k-point:     6    nbnd_occ=  42
     k-point:     7    nbnd_occ=  42
     k-point:     8    nbnd_occ=  42
     k-point:     9    nbnd_occ=  42
     k-point:    10    nbnd_occ=  42
     k-point:    11    nbnd_occ=  42
     k-point:    12    nbnd_occ=  42
     k-point:    13    nbnd_occ=  42
     k-point:    14    nbnd_occ=  42
     k-point:    15    nbnd_occ=  42
     k-point:    16    nbnd_occ=  42


     q-space interpolation up to   110.00 Rydberg

     GIPAW job: efg                                                                             


     ELECTRIC FIELD GRADIENTS TENSORS IN Hartree/bohrradius^2:

     ----- bare term -----
     Cl   1       -0.169340        0.134955       -0.006708
     Cl   1        0.134955        0.100934       -0.040125
     Cl   1       -0.006708       -0.040125        0.068406

     C    2       -0.015894       -0.112866       -0.388608
     C    2       -0.112866       -0.406075       -0.411908
     C    2       -0.388608       -0.411908        0.421969

     C    3       -0.555001        0.275429       -0.322510
     C    3        0.275429       -0.035605       -0.184391
     C    3       -0.322510       -0.184391        0.590606

     H    4        0.004633       -0.198169       -0.431141
     H    4       -0.198169        0.255204       -0.473281
     H    4       -0.431141       -0.473281       -0.259838

     C    5       -0.135496        0.132002       -0.195324
     C    5        0.132002       -0.355692       -0.279689
     C    5       -0.195324       -0.279689        0.491188

     H    6        0.474717       -0.072013       -0.081758
     H    6       -0.072013       -0.121975       -0.596590
     H    6       -0.081758       -0.596590       -0.352742

     H    7        0.400873        0.076576       -0.176183
     H    7        0.076576       -0.202364        0.508006
     H    7       -0.176183        0.508006       -0.198509

     C    8       -0.345912       -0.252569       -0.303186
     C    8       -0.252569       -0.117952        0.434737
     C    8       -0.303186        0.434737        0.463865

     H    9        0.030318        0.061260       -0.495293
     H    9        0.061260        0.378775       -0.136457
     H    9       -0.495293       -0.136457       -0.409093

     C   10       -0.058007       -0.190403       -0.139300
     C   10       -0.190403       -0.070690        0.233835
     C   10       -0.139300        0.233835        0.128697

     C   11       -0.012309       -0.062023       -0.231960
     C   11       -0.062023       -0.090811        0.131427
     C   11       -0.231960        0.131427        0.103120

     Cl  12        0.005204       -0.056064       -0.009969
     Cl  12       -0.056064        0.021491       -0.059290
     Cl  12       -0.009969       -0.059290       -0.026696

     H   13        0.313048       -0.350792        0.203778
     H   13       -0.350792       -0.523818        0.091194
     H   13        0.203778        0.091194        0.210769

     C   14       -0.414541        0.213311       -0.188437
     C   14        0.213311        0.191613        0.048096
     C   14       -0.188437        0.048096        0.222928

     H   15       -0.482542       -0.288161        0.248955
     H   15       -0.288161        0.329095       -0.020305
     H   15        0.248955       -0.020305        0.153447

     C   16        0.175495       -0.018140        0.141908
     C   16       -0.018140       -0.269199       -0.150769
     C   16        0.141908       -0.150769        0.093704

     C   17       -0.632098        0.151731       -0.225281
     C   17        0.151731        0.090386       -0.169597
     C   17       -0.225281       -0.169597        0.541712

     Cl  18       -0.029260        0.006755        0.052149
     Cl  18        0.006755       -0.033371        0.035457
     Cl  18        0.052149        0.035457        0.062631

     H   19        0.236049        0.326573       -0.010128
     H   19        0.326573       -0.536023        0.330419
     H   19       -0.010128        0.330419        0.299974

     C   20       -0.261163       -0.240467       -0.295417
     C   20       -0.240467       -0.144613        0.334741
     C   20       -0.295417        0.334741        0.405775

     H   21       -0.385124        0.401557       -0.352232
     H   21        0.401557        0.111065        0.134116
     H   21       -0.352232        0.134116        0.274059

     C   22       -0.190899       -0.246723       -0.312006
     C   22       -0.246723       -0.291615        0.516536
     C   22       -0.312006        0.516536        0.482514

     C   23       -0.455593       -0.045593       -0.332077
     C   23       -0.045593       -0.079734        0.440439
     C   23       -0.332077        0.440439        0.535326

     Cl  24       -0.053118       -0.073687        0.046282
     Cl  24       -0.073687       -0.047954        0.004946
     Cl  24        0.046282        0.004946        0.101072

     ----- ionic term -----
     Cl   1        0.127885       -0.196384       -0.044587
     Cl   1       -0.196384       -0.006922        0.027732
     Cl   1       -0.044587        0.027732       -0.120963

     C    2        0.306878       -0.077540        0.121019
     C    2       -0.077540        0.092638        0.442621
     C    2        0.121019        0.442621       -0.399516

     C    3        0.124265       -0.153091        0.168097
     C    3       -0.153091        0.176247        0.458398
     C    3        0.168097        0.458398       -0.300513

     H    4        0.495468        0.400096        0.731841
     H    4        0.400096       -0.392985        0.327718
     H    4        0.731841        0.327718       -0.102483

     C    5        0.330870       -0.146886        0.249201
     C    5       -0.146886        0.042894        0.314844
     C    5        0.249201        0.314844       -0.373764

     H    6       -0.504421        0.143528        0.108929
     H    6        0.143528        0.696895        0.681567
     H    6        0.108929        0.681567       -0.192474

     H    7       -0.472106       -0.230476        0.139305
     H    7       -0.230476        0.731285       -0.617246
     H    7        0.139305       -0.617246       -0.259179

     C    8        0.271594        0.151007        0.390066
     C    8        0.151007        0.087744       -0.233011
     C    8        0.390066       -0.233011       -0.359338

     H    9        0.665420       -0.318213        0.633094
     H    9       -0.318213       -0.387899       -0.233365
     H    9        0.633094       -0.233365       -0.277521

     C   10        0.124130        0.222364        0.250401
     C   10        0.222364        0.224368       -0.304733
     C   10        0.250401       -0.304733       -0.348499

     C   11        0.183286        0.157539        0.344648
     C   11        0.157539        0.077849       -0.343634
     C   11        0.344648       -0.343634       -0.261135

     Cl  12        0.155764        0.203691        0.037310
     Cl  12        0.203691       -0.023990        0.007825
     Cl  12        0.037310        0.007825       -0.131774

     H   13       -0.481288        0.182050        0.060012
     H   13        0.182050        0.761038        0.627637
     H   13        0.060012        0.627637       -0.279750

     C   14        0.446822       -0.122117        0.153429
     C   14       -0.122117        0.071055        0.288325
     C   14        0.153429        0.288325       -0.517877

     H   15        0.778854        0.349879        0.563149
     H   15        0.349879       -0.400797        0.198235
     H   15        0.563149        0.198235       -0.378057

     C   16        0.259241       -0.182881        0.149423
     C   16       -0.182881        0.231146        0.332458
     C   16        0.149423        0.332458       -0.490387

     C   17        0.198440       -0.112003        0.283807
     C   17       -0.112003        0.228461        0.335277
     C   17        0.283807        0.335277       -0.426901

     Cl  18        0.113675       -0.200056        0.012497
     Cl  18       -0.200056        0.049201       -0.003765
     Cl  18        0.012497       -0.003765       -0.162876

     H   19       -0.535501       -0.068424        0.054664
     H   19       -0.068424        0.431863       -0.774276
     H   19        0.054664       -0.774276        0.103638

     C   20        0.171349        0.199979        0.336140
     C   20        0.199979        0.044748       -0.280769
     C   20        0.336140       -0.280769       -0.216097

     H   21        0.483992       -0.329712        0.689663
     H   21       -0.329712       -0.379401       -0.293956
     H   21        0.689663       -0.293956       -0.104590

     C   22        0.069620        0.219441        0.239482
     C   22        0.219441        0.210578       -0.351869
     C   22        0.239482       -0.351869       -0.280198

     C   23        0.237277        0.207865        0.356128
     C   23        0.207865        0.090915       -0.335824
     C   23        0.356128       -0.335824       -0.328192

     Cl  24        0.141680        0.226684        0.031756
     Cl  24        0.226684        0.040940        0.011426
     Cl  24        0.031756        0.011426       -0.182620

     ----- GIPAW term -----
     Cl   1        0.472525       -1.865129       -0.094610
     Cl   1       -1.865129        0.981496       -0.282187
     Cl   1       -0.094610       -0.282187       -1.454021

     C    2       -0.029565       -0.158130       -0.121957
     C    2       -0.158130       -0.119779        0.071295
     C    2       -0.121957        0.071295        0.149344

     C    3       -0.226298        0.022409       -0.073210
     C    3        0.022409       -0.053667        0.070632
     C    3       -0.073210        0.070632        0.279965

     H    4       -0.000000        0.000000        0.000000
     H    4        0.000000        0.000000        0.000000
     H    4        0.000000        0.000000        0.000000

     C    5       -0.101866       -0.002863       -0.062776
     C    5       -0.002863       -0.194876        0.026947
     C    5       -0.062776        0.026947        0.296742

     H    6       -0.000000        0.000000        0.000000
     H    6        0.000000        0.000000        0.000000
     H    6        0.000000        0.000000        0.000000

     H    7       -0.000000        0.000000        0.000000
     H    7        0.000000        0.000000        0.000000
     H    7        0.000000        0.000000        0.000000

     C    8       -0.117454       -0.060252       -0.108866
     C    8       -0.060252       -0.106194        0.177130
     C    8       -0.108866        0.177130        0.223648

     H    9       -0.000000        0.000000        0.000000
     H    9        0.000000        0.000000        0.000000
     H    9        0.000000        0.000000        0.000000

     C   10       -0.068786       -0.028618       -0.062430
     C   10       -0.028618       -0.025994        0.093318
     C   10       -0.062430        0.093318        0.094780

     C   11       -0.001286        0.000675       -0.056128
     C   11        0.000675       -0.013913        0.051059
     C   11       -0.056128        0.051059        0.015200

     Cl  12       -0.628776        0.903293       -0.714999
     Cl  12        0.903293       -0.844214        1.341527
     Cl  12       -0.714999        1.341527        1.472991

     H   13       -0.000000        0.000000        0.000000
     H   13        0.000000        0.000000        0.000000
     H   13        0.000000        0.000000        0.000000

     C   14       -0.037026        0.005687       -0.032815
     C   14        0.005687       -0.000305        0.032652
     C   14       -0.032815        0.032652        0.037331

     H   15       -0.000000        0.000000        0.000000
     H   15        0.000000        0.000000        0.000000
     H   15        0.000000        0.000000        0.000000

     C   16        0.005860       -0.015788        0.009923
     C   16       -0.015788       -0.021377        0.025947
     C   16        0.009923        0.025947        0.015517

     C   17       -0.146769       -0.044495       -0.050557
     C   17       -0.044495       -0.083104        0.047709
     C   17       -0.050557        0.047709        0.229874

     Cl  18       -0.515126       -1.469094        0.234103
     Cl  18       -1.469094       -0.440007        1.872895
     Cl  18        0.234103        1.872895        0.955133

     H   19       -0.000000        0.000000        0.000000
     H   19        0.000000        0.000000        0.000000
     H   19        0.000000        0.000000        0.000000

     C   20       -0.062343       -0.107027       -0.132855
     C   20       -0.107027       -0.038360        0.180194
     C   20       -0.132855        0.180194        0.100703

     H   21       -0.000000        0.000000        0.000000
     H   21        0.000000        0.000000        0.000000
     H   21        0.000000        0.000000        0.000000

     C   22       -0.072664       -0.058342       -0.157665
     C   22       -0.058342       -0.086943        0.135955
     C   22       -0.157665        0.135955        0.159608

     C   23       -0.114249        0.088570       -0.099804
     C   23        0.088570       -0.107430        0.094115
     C   23       -0.099804        0.094115        0.221679

     Cl  24        1.189990        1.973692        0.342860
     Cl  24        1.973692       -0.256326        0.035062
     Cl  24        0.342860        0.035062       -0.933664

     ----- total EFG -----
     Cl   1        0.431070       -1.926559       -0.145905
     Cl   1       -1.926559        1.075508       -0.294580
     Cl   1       -0.145905       -0.294580       -1.506578

     C    2        0.261419       -0.348537       -0.389545
     C    2       -0.348537       -0.433216        0.102008
     C    2       -0.389545        0.102008        0.171797

     C    3       -0.657034        0.144747       -0.227623
     C    3        0.144747        0.086976        0.344638
     C    3       -0.227623        0.344638        0.570058

     H    4        0.500101        0.201927        0.300701
     H    4        0.201927       -0.137780       -0.145562
     H    4        0.300701       -0.145562       -0.362321

     C    5        0.093507       -0.017747       -0.008899
     C    5       -0.017747       -0.507674        0.062102
     C    5       -0.008899        0.062102        0.414167

     H    6       -0.029704        0.071515        0.027171
     H    6        0.071515        0.574920        0.084977
     H    6        0.027171        0.084977       -0.545216

     H    7       -0.071233       -0.153901       -0.036877
     H    7       -0.153901        0.528921       -0.109240
     H    7       -0.036877       -0.109240       -0.457688

     C    8       -0.191772       -0.161815       -0.021987
     C    8       -0.161815       -0.136402        0.378857
     C    8       -0.021987        0.378857        0.328175

     H    9        0.695738       -0.256953        0.137801
     H    9       -0.256953       -0.009124       -0.369822
     H    9        0.137801       -0.369822       -0.686614

     C   10       -0.002663        0.003343        0.048671
     C   10        0.003343        0.127684        0.022420
     C   10        0.048671        0.022420       -0.125021

     C   11        0.169691        0.096191        0.056559
     C   11        0.096191       -0.026875       -0.161149
     C   11        0.056559       -0.161149       -0.142815

     Cl  12       -0.467808        1.050920       -0.687658
     Cl  12        1.050920       -0.846714        1.290062
     Cl  12       -0.687658        1.290062        1.314522

     H   13       -0.168240       -0.168743        0.263791
     H   13       -0.168743        0.237220        0.718831
     H   13        0.263791        0.718831       -0.068980

     C   14       -0.004745        0.096880       -0.067823
     C   14        0.096880        0.262363        0.369073
     C   14       -0.067823        0.369073       -0.257618

     H   15        0.296312        0.061718        0.812104
     H   15        0.061718       -0.071702        0.177930
     H   15        0.812104        0.177930       -0.224610

     C   16        0.440596       -0.216808        0.301254
     C   16       -0.216808       -0.059430        0.207636
     C   16        0.301254        0.207636       -0.381166

     C   17       -0.580428       -0.004768        0.007970
     C   17       -0.004768        0.235743        0.213389
     C   17        0.007970        0.213389        0.344685

     Cl  18       -0.430711       -1.662394        0.298749
     Cl  18       -1.662394       -0.424177        1.904588
     Cl  18        0.298749        1.904588        0.854888

     H   19       -0.299452        0.258150        0.044536
     H   19        0.258150       -0.104160       -0.443857
     H   19        0.044536       -0.443857        0.403612

     C   20       -0.152156       -0.147515       -0.092131
     C   20       -0.147515       -0.138224        0.234166
     C   20       -0.092131        0.234166        0.290381

     H   21        0.098868        0.071845        0.337430
     H   21        0.071845       -0.268336       -0.159839
     H   21        0.337430       -0.159839        0.169468

     C   22       -0.193943       -0.085624       -0.230189
     C   22       -0.085624       -0.167980        0.300622
     C   22       -0.230189        0.300622        0.361923

     C   23       -0.332565        0.250842       -0.075754
     C   23        0.250842       -0.096249        0.198729
     C   23       -0.075754        0.198729        0.428813

     Cl  24        1.278552        2.126689        0.420898
     Cl  24        2.126689       -0.263340        0.051433
     Cl  24        0.420898        0.051433       -1.015212

     ----- total EFG (symmetrized) -----
     Cl   1        0.431070       -1.926559       -0.145905
     Cl   1       -1.926559        1.075508       -0.294580
     Cl   1       -0.145905       -0.294580       -1.506578

     C    2        0.261419       -0.348537       -0.389545
     C    2       -0.348537       -0.433216        0.102008
     C    2       -0.389545        0.102008        0.171797

     C    3       -0.657034        0.144747       -0.227623
     C    3        0.144747        0.086976        0.344638
     C    3       -0.227623        0.344638        0.570058

     H    4        0.500101        0.201927        0.300701
     H    4        0.201927       -0.137780       -0.145562
     H    4        0.300701       -0.145562       -0.362321

     C    5        0.093507       -0.017747       -0.008899
     C    5       -0.017747       -0.507674        0.062102
     C    5       -0.008899        0.062102        0.414167

     H    6       -0.029704        0.071515        0.027171
     H    6        0.071515        0.574920        0.084977
     H    6        0.027171        0.084977       -0.545216

     H    7       -0.071233       -0.153901       -0.036877
     H    7       -0.153901        0.528921       -0.109240
     H    7       -0.036877       -0.109240       -0.457688

     C    8       -0.191772       -0.161815       -0.021987
     C    8       -0.161815       -0.136402        0.378857
     C    8       -0.021987        0.378857        0.328175

     H    9        0.695738       -0.256953        0.137801
     H    9       -0.256953       -0.009124       -0.369822
     H    9        0.137801       -0.369822       -0.686614

     C   10       -0.002663        0.003343        0.048671
     C   10        0.003343        0.127684        0.022420
     C   10        0.048671        0.022420       -0.125021

     C   11        0.169691        0.096191        0.056559
     C   11        0.096191       -0.026875       -0.161149
     C   11        0.056559       -0.161149       -0.142815

     Cl  12       -0.467808        1.050920       -0.687658
     Cl  12        1.050920       -0.846714        1.290062
     Cl  12       -0.687658        1.290062        1.314522

     H   13       -0.168240       -0.168743        0.263791
     H   13       -0.168743        0.237220        0.718831
     H   13        0.263791        0.718831       -0.068980

     C   14       -0.004745        0.096880       -0.067823
     C   14        0.096880        0.262363        0.369073
     C   14       -0.067823        0.369073       -0.257618

     H   15        0.296312        0.061718        0.812104
     H   15        0.061718       -0.071702        0.177930
     H   15        0.812104        0.177930       -0.224610

     C   16        0.440596       -0.216808        0.301254
     C   16       -0.216808       -0.059430        0.207636
     C   16        0.301254        0.207636       -0.381166

     C   17       -0.580428       -0.004768        0.007970
     C   17       -0.004768        0.235743        0.213389
     C   17        0.007970        0.213389        0.344685

     Cl  18       -0.430711       -1.662394        0.298749
     Cl  18       -1.662394       -0.424177        1.904588
     Cl  18        0.298749        1.904588        0.854888

     H   19       -0.299452        0.258150        0.044536
     H   19        0.258150       -0.104160       -0.443857
     H   19        0.044536       -0.443857        0.403612

     C   20       -0.152156       -0.147515       -0.092131
     C   20       -0.147515       -0.138224        0.234166
     C   20       -0.092131        0.234166        0.290381

     H   21        0.098868        0.071845        0.337430
     H   21        0.071845       -0.268336       -0.159839
     H   21        0.337430       -0.159839        0.169468

     C   22       -0.193943       -0.085624       -0.230189
     C   22       -0.085624       -0.167980        0.300622
     C   22       -0.230189        0.300622        0.361923

     C   23       -0.332565        0.250842       -0.075754
     C   23        0.250842       -0.096249        0.198729
     C   23       -0.075754        0.198729        0.428813

     Cl  24        1.278552        2.126689        0.420898
     Cl  24        2.126689       -0.263340        0.051433
     Cl  24        0.420898        0.051433       -1.015212


     NQR/NMR SPECTROSCOPIC PARAMETERS:
     Cl   1    Vxx=   -1.0161    axis=(  0.663381  0.537735 -0.520352)
     Cl   1    Vyy=   -1.6945    axis=(  0.381018  0.355752  0.853385)
     Cl   1    Vzz=    2.7107    axis=( -0.644011  0.764383 -0.031112)
     Cl   1  Q=        -8.1650 1e-30 m^2  Cq=       -52.0029 MHz  eta= 0.25026

     C    2    Vxx=   -0.1225    axis=(  0.516770 -0.318815  0.794547)
     C    2    Vyy=   -0.5831    axis=( -0.416004 -0.904653 -0.092428)
     C    2    Vzz=    0.7056    axis=(  0.748258 -0.282771 -0.600126)
     C    2  Q=         1.0000 1e-30 m^2  Cq=         1.6578 MHz  eta= 0.65278

     C    3    Vxx=   -0.0110    axis=( -0.328468 -0.863229  0.383333)
     C    3    Vyy=   -0.7518    axis=( -0.939301  0.255957 -0.228473)
     C    3    Vzz=    0.7628    axis=( -0.099108  0.435111  0.894906)
     C    3  Q=         1.0000 1e-30 m^2  Cq=         1.7924 MHz  eta= 0.97119

     H    4    Vxx=   -0.0688    axis=( -0.052531  0.872200 -0.486321)
     H    4    Vyy=   -0.5564    axis=( -0.322842  0.446009  0.834775)
     H    4    Vzz=    0.6252    axis=(  0.944994  0.200856  0.258154)
     H    4  Q=         1.0000 1e-30 m^2  Cq=         1.4689 MHz  eta= 0.77996

     C    5    Vxx=    0.0937    axis=(  0.999121 -0.026099  0.032799)
     C    5    Vyy=    0.4186    axis=(  0.030975 -0.067451 -0.997242)
     C    5    Vzz=   -0.5123    axis=(  0.028239  0.997381 -0.066583)
     C    5  Q=         1.0000 1e-30 m^2  Cq=        -1.2038 MHz  eta= 0.63430

     H    6    Vxx=   -0.0375    axis=(  0.992175 -0.120434  0.032939)
     H    6    Vyy=   -0.5525    axis=(  0.041876  0.072450 -0.996493)
     H    6    Vzz=    0.5900    axis=(  0.117625  0.990074  0.076927)
     H    6  Q=         1.0000 1e-30 m^2  Cq=         1.3863 MHz  eta= 0.87295

     H    7    Vxx=   -0.0983    axis=(  0.964484  0.208394 -0.162302)
     H    7    Vyy=   -0.4771    axis=(  0.137687  0.127722  0.982206)
     H    7    Vzz=    0.5753    axis=(  0.225415 -0.969669  0.094493)
     H    7  Q=         1.0000 1e-30 m^2  Cq=         1.3518 MHz  eta= 0.65836

     C    8    Vxx=   -0.1288    axis=(  0.853131 -0.380700  0.356701)
     C    8    Vyy=   -0.4248    axis=( -0.504201 -0.777265  0.376351)
     C    8    Vzz=    0.5536    axis=( -0.133975  0.500925  0.855058)
     C    8  Q=         1.0000 1e-30 m^2  Cq=         1.3007 MHz  eta= 0.53481

     H    9    Vxx=    0.0273    axis=(  0.398506  0.843544 -0.360036)
     H    9    Vyy=    0.8224    axis=(  0.917035 -0.359843  0.171931)
     H    9    Vzz=   -0.8497    axis=( -0.015475  0.398681  0.916959)
     H    9  Q=         1.0000 1e-30 m^2  Cq=        -1.9965 MHz  eta= 0.93567

     C   10    Vxx=    0.0134    axis=(  0.944019 -0.089872  0.317413)
     C   10    Vyy=    0.1301    axis=( -0.061279 -0.993202 -0.098963)
     C   10    Vzz=   -0.1435    axis=( -0.324150 -0.073972  0.943109)
     C   10  Q=         1.0000 1e-30 m^2  Cq=        -0.3372 MHz  eta= 0.81347

     C   11    Vxx=    0.0702    axis=( -0.330247  0.708443 -0.623735)
     C   11    Vyy=    0.2092    axis=( -0.917098 -0.397169  0.034466)
     C   11    Vzz=   -0.2794    axis=( -0.223311  0.583409  0.780875)
     C   11  Q=         1.0000 1e-30 m^2  Cq=        -0.6565 MHz  eta= 0.49772

     Cl  12    Vxx=    0.3641    axis=(  0.821056  0.550076 -0.152586)
     Cl  12    Vyy=    1.9332    axis=(  0.091415 -0.390547 -0.916033)
     Cl  12    Vzz=   -2.2972    axis=( -0.563480  0.738166 -0.370946)
     Cl  12  Q=        -8.1650 1e-30 m^2  Cq=        44.0710 MHz  eta= 0.68304

     H   13    Vxx=   -0.0169    axis=(  0.897038 -0.306096  0.318792)
     H   13    Vyy=   -0.8035    axis=(  0.440344  0.557506 -0.703765)
     H   13    Vzz=    0.8204    axis=(  0.037692  0.771682  0.634891)
     H   13  Q=         1.0000 1e-30 m^2  Cq=         1.9276 MHz  eta= 0.95877

     C   14    Vxx=    0.0123    axis=(  0.968095 -0.005302 -0.250529)
     C   14    Vyy=    0.4604    axis=(  0.119981  0.887534  0.444846)
     C   14    Vzz=   -0.4727    axis=(  0.219994 -0.460712  0.859853)
     C   14  Q=         1.0000 1e-30 m^2  Cq=        -1.1107 MHz  eta= 0.94806

     H   15    Vxx=   -0.0807    axis=(  0.210034 -0.977418 -0.023234)
     H   15    Vyy=   -0.8324    axis=(  0.572940  0.142304 -0.807149)
     H   15    Vzz=    0.9132    axis=(  0.792228  0.156217  0.589891)
     H   15  Q=         1.0000 1e-30 m^2  Cq=         2.1456 MHz  eta= 0.82318

     C   16    Vxx=    0.0365    axis=( -0.093164 -0.863165 -0.496253)
     C   16    Vyy=    0.5745    axis=( -0.939325  0.241463 -0.243648)
     C   16    Vzz=   -0.6110    axis=( -0.330135 -0.443443  0.833288)
     C   16  Q=         1.0000 1e-30 m^2  Cq=        -1.4356 MHz  eta= 0.88038

     C   17    Vxx=    0.0701    axis=( -0.013302  0.789719 -0.613324)
     C   17    Vyy=    0.5105    axis=(  0.003089  0.613408  0.789760)
     C   17    Vzz=   -0.5806    axis=( -0.999907 -0.008611  0.010599)
     C   17  Q=         1.0000 1e-30 m^2  Cq=        -1.3641 MHz  eta= 0.75852

     Cl  18    Vxx=    0.3622    axis=(  0.777893 -0.268947  0.567935)
     Cl  18    Vyy=    2.4514    axis=( -0.295960  0.640467  0.708668)
     Cl  18    Vzz=   -2.8136    axis=( -0.554338 -0.719353  0.418617)
     Cl  18  Q=        -8.1650 1e-30 m^2  Cq=        53.9770 MHz  eta= 0.74256

     H   19    Vxx=   -0.0891    axis=(  0.739800  0.531778  0.412199)
     H   19    Vyy=   -0.5811    axis=(  0.665451 -0.668767 -0.331550)
     H   19    Vzz=    0.6702    axis=( -0.099354 -0.519579  0.848626)
     H   19  Q=         1.0000 1e-30 m^2  Cq=         1.5746 MHz  eta= 0.73416

     C   20    Vxx=   -0.1162    axis=( -0.769007  0.462885 -0.440870)
     C   20    Vyy=   -0.3137    axis=(  0.590300  0.778878 -0.211886)
     C   20    Vzz=    0.4299    axis=( -0.245305  0.423187  0.872203)
     C   20  Q=         1.0000 1e-30 m^2  Cq=         1.0101 MHz  eta= 0.45950

     H   21    Vxx=   -0.0769    axis=( -0.631923 -0.622527  0.461663)
     H   21    Vyy=   -0.4036    axis=( -0.424139  0.776331  0.466279)
     H   21    Vzz=    0.4805    axis=(  0.648675 -0.098843  0.754620)
     H   21  Q=         1.0000 1e-30 m^2  Cq=         1.1289 MHz  eta= 0.68001

     C   22    Vxx=   -0.2654    axis=(  0.879590  0.465132  0.099865)
     C   22    Vyy=   -0.3104    axis=( -0.366375  0.796209 -0.481477)
     C   22    Vzz=    0.5757    axis=( -0.303464  0.386914  0.870751)
     C   22  Q=         1.0000 1e-30 m^2  Cq=         1.3527 MHz  eta= 0.07819

     C   23    Vxx=    0.0275    axis=(  0.588090  0.763445 -0.267024)
     C   23    Vyy=    0.4956    axis=( -0.011102 -0.322499 -0.946505)
     C   23    Vzz=   -0.5231    axis=( -0.808719  0.559594 -0.181183)
     C   23  Q=         1.0000 1e-30 m^2  Cq=        -1.2291 MHz  eta= 0.89497

     Cl  24    Vxx=   -0.9996    axis=( -0.067817  0.263114 -0.962378)
     Cl  24    Vyy=   -1.8068    axis=(  0.572189 -0.779942 -0.253557)
     Cl  24    Vzz=    2.8064    axis=(  0.817313  0.567857  0.097657)
     Cl  24  Q=        -8.1650 1e-30 m^2  Cq=       -53.8401 MHz  eta= 0.28763

     Initialization:
     gipaw_setup  :      9.06s CPU     11.00s WALL (       1 calls)

     Linear response

     Apply operators

     Induced current

     Other routines
     efg          :      9.39s CPU     11.88s WALL (       1 calls)

     General routines
     calbec       :      3.46s CPU      4.47s WALL (      16 calls)
     fft          :      1.50s CPU      1.88s WALL (      15 calls)
     ffts         :      0.04s CPU      0.05s WALL (       2 calls)
     fftw         :      3.10s CPU      3.91s WALL (     672 calls)
     davcio       :      0.02s CPU      0.34s WALL (      32 calls)

     Parallel routines
     fft_scatter  :      2.12s CPU      3.03s WALL (     689 calls)

     Plugins

     GIPAW        :     61.09s CPU     72.58s WALL (       1 calls)
