
     Program QE v.6.0 (svn rev. 13079) starts on 25Dec2016 at  0:35:54 

     This program is part of the open-source Quantum ESPRESSO suite
     for quantum simulation of materials; please cite
         "P. Giannozzi et al., J. Phys.:Condens. Matter 21 395502 (2009);
          URL http://www.quantum-espresso.org", 
     in publications or presentations arising from this work. More details at
     http://www.quantum-espresso.org/quote

     Parallel version (MPI), running on     8 processors
     R & G space division:  proc/nbgrp/npool/nimage =       8

     ***** This is GIPAW svn revision unknown      *****

     Parallelizing q-star over 1 images

     Reading data from directory:
     /users/majewski/paradichlorobenzene/pbe/9_constraint/scratch/pbe.ecut100.np8.dt60.pcl2phi-129368.save
     Message from routine read_xml_file:
     file /users/majewski/paradichlorobenzene/pbe/9_constraint/scratch/pbe.ecut100.np8.dt60.pcl2phi-129368.save not guaranteed to be safe for post-processing

   Info: using nr1, nr2, nr3 values from input

   Info: using nr1, nr2, nr3 values from input

     IMPORTANT: XC functional enforced from input :
     Exchange-correlation      =  SLA  PW   PBX  PBC ( 1  4  3  4 0 0)
     Any further DFT definition will be discarded
     Please, verify this is what you really want

               file C.pbe-n-kjpaw_psl.1.0.0.UPF: wavefunction(s)  2S 2P renormalized
               file Cl.pbe-n-kjpaw_psl.1.0.0.UPF: wavefunction(s)  3S 3P renormalized
               file H.pbe-kjpaw_psl.1.0.0.UPF: wavefunction(s)  1S renormalized

     Parallelization info
     --------------------
     sticks:   dense  smooth     PW     G-vecs:    dense   smooth      PW
     Min        3057    1223    332               144436    36536    5170
     Max        3059    1225    333               144437    36537    5171
     Sum       24467    9791   2657              1155489   292295   41363


     Subspace diagonalization in iterative solution of the eigenvalue problem:
     a serial algorithm will be used

     GIPAW projectors -----------------------------------------------
     atom=  C    l=0  rc=    1.2000  rs=    0.8000
     atom=  C    l=0  rc=    1.2000  rs=    0.8000
     atom=  C    l=1  rc=    1.4000  rs=    0.9333
     atom=  C    l=1  rc=    1.4000  rs=    0.9333
     projs nearly linearly dependent: l=1  n1,n2= 1, 2  s=  0.99951561

     atom=  Cl   l=0  rc=    1.6000  rs=    1.0667
     atom=  Cl   l=0  rc=    1.6000  rs=    1.0667
     atom=  Cl   l=1  rc=    1.6000  rs=    1.0667
     atom=  Cl   l=1  rc=    1.6000  rs=    1.0667
     atom=  Cl   l=2  rc=    1.6000  rs=    1.0667
     atom=  Cl   l=2  rc=    1.6000  rs=    1.0667
     projs nearly linearly dependent: l=2  n1,n2= 1, 2  s=  0.99993509

     atom=  H    l=0  rc=    1.0000  rs=    0.6667
     atom=  H    l=0  rc=    1.0000  rs=    0.6667
     projs nearly linearly dependent: l=0  n1,n2= 1, 2  s=  0.99968852
     -----------------------------------------------------------------

     GIPAW integrals: -------------------------------------------
     Atom  i/j   nmr_para   nmr_dia   epr_rmc  epr_para   epr_dia
       C   1 1   0.83E+03  0.17E-01  0.93E+01  0.24E+08  0.24E+03
       C   2 1   0.86E+03 -0.61E-01  0.94E+01  0.25E+08  0.25E+03
       C   2 2   0.90E+03 -0.15E+00  0.97E+01  0.26E+08  0.26E+03
       C   3 3   0.33E+01  0.34E+00  0.18E+01  0.55E+03  0.21E+02
       C   4 3   0.35E+01  0.37E+00  0.20E+01  0.59E+03  0.22E+02
       C   4 4   0.38E+01  0.39E+00  0.22E+01  0.63E+03  0.24E+02
       Cl  1 1   0.14E+04 -0.47E+00  0.84E+01  0.32E+09  0.42E+03
       Cl  2 1   0.21E+04 -0.37E+00  0.12E+02  0.49E+09  0.65E+03
       Cl  2 2   0.33E+04 -0.16E+00  0.21E+02  0.76E+09  0.10E+04
       Cl  3 3   0.21E+02  0.79E-01  0.89E+01  0.23E+05  0.13E+03
       Cl  4 3   0.24E+02  0.67E-01  0.99E+01  0.27E+05  0.15E+03
       Cl  4 4   0.28E+02  0.44E-01  0.11E+02  0.32E+05  0.18E+03
       Cl  5 5   0.77E+00  0.19E+00  0.18E+01  0.12E+03  0.22E+02
       Cl  6 5   0.80E+00  0.19E+00  0.19E+01  0.12E+03  0.23E+02
       Cl  6 6   0.83E+00  0.20E+00  0.19E+01  0.12E+03  0.23E+02
       H   1 1   0.39E+02  0.19E+00  0.29E+00  0.78E+05  0.13E+02
       H   2 1   0.41E+02  0.21E+00  0.32E+00  0.82E+05  0.14E+02
       H   2 2   0.43E+02  0.22E+00  0.36E+00  0.86E+05  0.15E+02
     ------------------------------------------------------------

     alpha_pv=     34.0955 eV

     Number of occupied bands for each k-point:
     k-point:     1    nbnd_occ=  42
     k-point:     2    nbnd_occ=  42
     k-point:     3    nbnd_occ=  42
     k-point:     4    nbnd_occ=  42
     k-point:     5    nbnd_occ=  42
     k-point:     6    nbnd_occ=  42
     k-point:     7    nbnd_occ=  42
     k-point:     8    nbnd_occ=  42
     k-point:     9    nbnd_occ=  42
     k-point:    10    nbnd_occ=  42
     k-point:    11    nbnd_occ=  42
     k-point:    12    nbnd_occ=  42
     k-point:    13    nbnd_occ=  42
     k-point:    14    nbnd_occ=  42
     k-point:    15    nbnd_occ=  42
     k-point:    16    nbnd_occ=  42


     q-space interpolation up to   110.00 Rydberg

     GIPAW job: efg                                                                             


     ELECTRIC FIELD GRADIENTS TENSORS IN Hartree/bohrradius^2:

     ----- bare term -----
     Cl   1        0.044522        0.054932        0.018837
     Cl   1        0.054932       -0.010619        0.032031
     Cl   1        0.018837        0.032031       -0.033903

     C    2       -0.765663        0.459402       -0.362342
     C    2        0.459402        0.359193       -0.054427
     C    2       -0.362342       -0.054427        0.406470

     C    3        0.116246       -0.095823       -0.182472
     C    3       -0.095823       -0.425998       -0.499017
     C    3       -0.182472       -0.499017        0.309752

     H    4       -0.550735        0.043722        0.129551
     H    4        0.043722        0.276191       -0.306813
     H    4        0.129551       -0.306813        0.274545

     C    5       -0.509067        0.367305       -0.421128
     C    5        0.367305        0.054953        0.021674
     C    5       -0.421128        0.021674        0.454114

     H    6       -0.028851       -0.365577        0.202637
     H    6       -0.365577       -0.377861       -0.201188
     H    6        0.202637       -0.201188        0.406713

     H    7        0.479410        0.025545        0.009692
     H    7        0.025545       -0.115578        0.594050
     H    7        0.009692        0.594050       -0.363833

     C    8       -0.155433       -0.219821       -0.188520
     C    8       -0.219821       -0.165076        0.361220
     C    8       -0.188520        0.361220        0.320510

     H    9       -0.524270        0.317975       -0.402809
     H    9        0.317975        0.294883        0.179569
     H    9       -0.402809        0.179569        0.229387

     C   10       -0.600041       -0.374538       -0.320846
     C   10       -0.374538        0.179079        0.198710
     C   10       -0.320846        0.198710        0.420962

     C   11       -0.096622       -0.042375       -0.270336
     C   11       -0.042375        0.036417        0.718009
     C   11       -0.270336        0.718009        0.060204

     Cl  12       -0.190147       -0.253103       -0.025273
     Cl  12       -0.253103        0.198454        0.052915
     Cl  12       -0.025273        0.052915       -0.008307

     H   13        0.321678       -0.329546        0.103812
     H   13       -0.329546       -0.604303        0.181773
     H   13        0.103812        0.181773        0.282625

     C   14       -0.069858        0.019432       -0.125484
     C   14        0.019432       -0.122424       -0.185945
     C   14       -0.125484       -0.185945        0.192282

     H   15       -0.369324       -0.444572        0.157701
     H   15       -0.444572        0.168834        0.142436
     H   15        0.157701        0.142436        0.200490

     C   16       -0.215707        0.201932        0.068981
     C   16        0.201932       -0.077692       -0.165427
     C   16        0.068981       -0.165427        0.293399

     C   17       -0.071584       -0.291028       -0.378981
     C   17       -0.291028       -0.048878       -0.694152
     C   17       -0.378981       -0.694152        0.120462

     Cl  18       -0.075385        0.168806        0.095366
     Cl  18        0.168806       -0.075558       -0.057416
     Cl  18        0.095366       -0.057416        0.150943

     H   19        0.385651        0.050535        0.047630
     H   19        0.050535       -0.376671        0.526793
     H   19        0.047630        0.526793       -0.008981

     C   20       -0.724921       -0.375117       -0.322941
     C   20       -0.375117        0.393486        0.294059
     C   20       -0.322941        0.294059        0.331435

     H   21       -0.371229       -0.228924       -0.381806
     H   21       -0.228924        0.017538        0.191693
     H   21       -0.381806        0.191693        0.353691

     C   22        0.011073       -0.154020       -0.178064
     C   22       -0.154020       -0.035714        0.645683
     C   22       -0.178064        0.645683        0.024641

     C   23       -0.564974       -0.373436       -0.394430
     C   23       -0.373436        0.300733        0.276622
     C   23       -0.394430        0.276622        0.264241

     Cl  24       -0.019783       -0.103078        0.029250
     Cl  24       -0.103078        0.107963       -0.081861
     Cl  24        0.029250       -0.081861       -0.088180

     ----- ionic term -----
     Cl   1        0.132288       -0.217992       -0.010275
     Cl   1       -0.217992        0.029159        0.003946
     Cl   1       -0.010275        0.003946       -0.161447

     C    2        0.314309       -0.066277        0.154484
     C    2       -0.066277        0.251312        0.317141
     C    2        0.154484        0.317141       -0.565621

     C    3        0.156476       -0.159968        0.115100
     C    3       -0.159968        0.379319        0.340373
     C    3        0.115100        0.340373       -0.535794

     H    4        0.863679        0.359286        0.415713
     H    4        0.359286       -0.356061        0.157883
     H    4        0.415713        0.157883       -0.507618

     C    5        0.338824       -0.124012        0.164813
     C    5       -0.124012        0.198745        0.236457
     C    5        0.164813        0.236457       -0.537568

     H    6       -0.454649        0.299949        0.105409
     H    6        0.299949        0.844815        0.487426
     H    6        0.105409        0.487426       -0.390166

     H    7       -0.522979        0.013406        0.013319
     H    7        0.013406        0.363098       -0.796504
     H    7        0.013319       -0.796504        0.159881

     C    8        0.231565        0.270607        0.240079
     C    8        0.270607       -0.029155       -0.311375
     C    8        0.240079       -0.311375       -0.202409

     H    9        0.747937       -0.194903        0.601939
     H    9       -0.194903       -0.499000       -0.186005
     H    9        0.601939       -0.186005       -0.248937

     C   10        0.198592        0.299709        0.149919
     C   10        0.299709        0.056170       -0.382593
     C   10        0.149919       -0.382593       -0.254762

     C   11        0.262301        0.173296        0.268765
     C   11        0.173296       -0.010180       -0.392500
     C   11        0.268765       -0.392500       -0.252121

     Cl  12        0.152095        0.197842        0.015405
     Cl  12        0.197842        0.006554       -0.004082
     Cl  12        0.015405       -0.004082       -0.158649

     H   13       -0.465445        0.250737        0.078279
     H   13        0.250737        0.856863        0.508893
     H   13        0.078279        0.508893       -0.391419

     C   14        0.430133       -0.131822        0.135089
     C   14       -0.131822        0.161048        0.234474
     C   14        0.135089        0.234474       -0.591181

     H   15        0.881374        0.284097        0.478400
     H   15        0.284097       -0.407596        0.148213
     H   15        0.478400        0.148213       -0.473778

     C   16        0.247661       -0.204729        0.116099
     C   16       -0.204729        0.314346        0.260609
     C   16        0.116099        0.260609       -0.562007

     C   17        0.298587       -0.110328        0.175219
     C   17       -0.110328        0.257642        0.248573
     C   17        0.175219        0.248573       -0.556229

     Cl  18        0.117797       -0.189598       -0.005112
     Cl  18       -0.189598        0.051275        0.005336
     Cl  18       -0.005112        0.005336       -0.169073

     H   19       -0.521549       -0.021606        0.016547
     H   19       -0.021606        0.711884       -0.693432
     H   19        0.016547       -0.693432       -0.190335

     C   20        0.278320        0.174013        0.239716
     C   20        0.174013        0.068382       -0.299529
     C   20        0.239716       -0.299529       -0.346702

     H   21        0.785784       -0.281730        0.554421
     H   21       -0.281730       -0.434957       -0.189905
     H   21        0.554421       -0.189905       -0.350827

     C   22        0.151199        0.225781        0.159020
     C   22        0.225781        0.181295       -0.395241
     C   22        0.159020       -0.395241       -0.332494

     C   23        0.111832        0.236945        0.241886
     C   23        0.236945        0.139375       -0.430311
     C   23        0.241886       -0.430311       -0.251206

     Cl  24        0.132341        0.227119       -0.012829
     Cl  24        0.227119        0.020286       -0.022364
     Cl  24       -0.012829       -0.022364       -0.152627

     ----- GIPAW term -----
     Cl   1       -0.146689       -1.003451        0.134811
     Cl   1       -1.003451        2.357374        1.127139
     Cl   1        0.134811        1.127139       -2.210685

     C    2       -0.171351        0.008786       -0.033440
     C    2        0.008786        0.264990        0.096427
     C    2       -0.033440        0.096427       -0.093639

     C    3       -0.073268       -0.097099       -0.060222
     C    3       -0.097099        0.034244        0.132508
     C    3       -0.060222        0.132508        0.039025

     H    4       -0.000000        0.000000        0.000000
     H    4        0.000000        0.000000        0.000000
     H    4        0.000000        0.000000        0.000000

     C    5        0.001903       -0.094578       -0.168771
     C    5       -0.094578       -0.002310        0.136180
     C    5       -0.168771        0.136180        0.000407

     H    6       -0.000000        0.000000        0.000000
     H    6        0.000000        0.000000        0.000000
     H    6        0.000000        0.000000        0.000000

     H    7       -0.000000        0.000000        0.000000
     H    7        0.000000        0.000000        0.000000
     H    7        0.000000        0.000000        0.000000

     C    8       -0.085207       -0.072133        0.006398
     C    8       -0.072133        0.071104       -0.054061
     C    8        0.006398       -0.054061        0.014103

     H    9       -0.000000        0.000000        0.000000
     H    9        0.000000        0.000000        0.000000
     H    9        0.000000        0.000000        0.000000

     C   10       -0.210314       -0.079291       -0.063659
     C   10       -0.079291        0.188766       -0.068310
     C   10       -0.063659       -0.068310        0.021548

     C   11       -0.047636        0.010491       -0.075208
     C   11        0.010491        0.168827        0.223756
     C   11       -0.075208        0.223756       -0.121191

     Cl  12       -0.058296        0.346170       -0.291746
     Cl  12        0.346170        2.144126        0.486650
     Cl  12       -0.291746        0.486650       -2.085829

     H   13       -0.000000        0.000000        0.000000
     H   13        0.000000        0.000000        0.000000
     H   13        0.000000        0.000000        0.000000

     C   14       -0.034781        0.033763       -0.027798
     C   14        0.033763        0.036541       -0.103523
     C   14       -0.027798       -0.103523       -0.001760

     H   15       -0.000000        0.000000        0.000000
     H   15        0.000000        0.000000        0.000000
     H   15        0.000000        0.000000        0.000000

     C   16       -0.073234        0.013409        0.006222
     C   16        0.013409        0.030800       -0.083809
     C   16        0.006222       -0.083809        0.042434

     C   17        0.037985       -0.251791       -0.030973
     C   17       -0.251791        0.076084       -0.163617
     C   17       -0.030973       -0.163617       -0.114069

     Cl  18        1.374866       -1.800718        0.765417
     Cl  18       -1.800718       -0.458626       -0.423913
     Cl  18        0.765417       -0.423913       -0.916240

     H   19       -0.000000        0.000000        0.000000
     H   19        0.000000        0.000000        0.000000
     H   19        0.000000        0.000000        0.000000

     C   20       -0.215845       -0.074828       -0.041488
     C   20       -0.074828        0.261025        0.112915
     C   20       -0.041488        0.112915       -0.045180

     H   21       -0.000000        0.000000        0.000000
     H   21        0.000000        0.000000        0.000000
     H   21        0.000000        0.000000        0.000000

     C   22       -0.120987       -0.018085       -0.023148
     C   22       -0.018085        0.263083        0.118210
     C   22       -0.023148        0.118210       -0.142095

     C   23       -0.145022       -0.028326       -0.062447
     C   23       -0.028326        0.285210        0.072974
     C   23       -0.062447        0.072974       -0.140187

     Cl  24        0.350814        0.340600        0.399247
     Cl  24        0.340600        2.040949       -1.093409
     Cl  24        0.399247       -1.093409       -2.391764

     ----- total EFG -----
     Cl   1        0.030122       -1.166511        0.143374
     Cl   1       -1.166511        2.375913        1.163116
     Cl   1        0.143374        1.163116       -2.406035

     C    2       -0.622705        0.401911       -0.241298
     C    2        0.401911        0.875495        0.359141
     C    2       -0.241298        0.359141       -0.252790

     C    3        0.199453       -0.352890       -0.127595
     C    3       -0.352890       -0.012435       -0.026136
     C    3       -0.127595       -0.026136       -0.187018

     H    4        0.312944        0.403007        0.545264
     H    4        0.403007       -0.079871       -0.148930
     H    4        0.545264       -0.148930       -0.233073

     C    5       -0.168340        0.148715       -0.425085
     C    5        0.148715        0.251388        0.394311
     C    5       -0.425085        0.394311       -0.083048

     H    6       -0.483500       -0.065628        0.308046
     H    6       -0.065628        0.466953        0.286238
     H    6        0.308046        0.286238        0.016546

     H    7       -0.043569        0.038952        0.023011
     H    7        0.038952        0.247520       -0.202454
     H    7        0.023011       -0.202454       -0.203952

     C    8       -0.009075       -0.021346        0.057957
     C    8       -0.021346       -0.123128       -0.004216
     C    8        0.057957       -0.004216        0.132203

     H    9        0.223668        0.123072        0.199130
     H    9        0.123072       -0.204117       -0.006436
     H    9        0.199130       -0.006436       -0.019550

     C   10       -0.611763       -0.154121       -0.234586
     C   10       -0.154121        0.424015       -0.252193
     C   10       -0.234586       -0.252193        0.187748

     C   11        0.118044        0.141413       -0.076779
     C   11        0.141413        0.195064        0.549265
     C   11       -0.076779        0.549265       -0.313108

     Cl  12       -0.096349        0.290909       -0.301614
     Cl  12        0.290909        2.349133        0.535484
     Cl  12       -0.301614        0.535484       -2.252784

     H   13       -0.143767       -0.078808        0.182091
     H   13       -0.078808        0.252560        0.690666
     H   13        0.182091        0.690666       -0.108793

     C   14        0.325494       -0.078627       -0.018193
     C   14       -0.078627        0.075164       -0.054994
     C   14       -0.018193       -0.054994       -0.400658

     H   15        0.512049       -0.160475        0.636101
     H   15       -0.160475       -0.238762        0.290649
     H   15        0.636101        0.290649       -0.273287

     C   16       -0.041280        0.010612        0.191302
     C   16        0.010612        0.267455        0.011373
     C   16        0.191302        0.011373       -0.226175

     C   17        0.264988       -0.653147       -0.234734
     C   17       -0.653147        0.284849       -0.609196
     C   17       -0.234734       -0.609196       -0.549836

     Cl  18        1.417279       -1.821510        0.855671
     Cl  18       -1.821510       -0.482909       -0.475994
     Cl  18        0.855671       -0.475994       -0.934370

     H   19       -0.135898        0.028929        0.064177
     H   19        0.028929        0.335213       -0.166639
     H   19        0.064177       -0.166639       -0.199315

     C   20       -0.662446       -0.275932       -0.124712
     C   20       -0.275932        0.722893        0.107444
     C   20       -0.124712        0.107444       -0.060447

     H   21        0.414555       -0.510654        0.172614
     H   21       -0.510654       -0.417419        0.001788
     H   21        0.172614        0.001788        0.002864

     C   22        0.041284        0.053676       -0.042191
     C   22        0.053676        0.408664        0.368652
     C   22       -0.042191        0.368652       -0.449948

     C   23       -0.598164       -0.164816       -0.214991
     C   23       -0.164816        0.725318       -0.080715
     C   23       -0.214991       -0.080715       -0.127153

     Cl  24        0.463373        0.464641        0.415668
     Cl  24        0.464641        2.169198       -1.197634
     Cl  24        0.415668       -1.197634       -2.632571

     ----- total EFG (symmetrized) -----
     Cl   1        0.030122       -1.166511        0.143374
     Cl   1       -1.166511        2.375913        1.163116
     Cl   1        0.143374        1.163116       -2.406035

     C    2       -0.622705        0.401911       -0.241298
     C    2        0.401911        0.875495        0.359141
     C    2       -0.241298        0.359141       -0.252790

     C    3        0.199453       -0.352890       -0.127595
     C    3       -0.352890       -0.012435       -0.026136
     C    3       -0.127595       -0.026136       -0.187018

     H    4        0.312944        0.403007        0.545264
     H    4        0.403007       -0.079871       -0.148930
     H    4        0.545264       -0.148930       -0.233073

     C    5       -0.168340        0.148715       -0.425085
     C    5        0.148715        0.251388        0.394311
     C    5       -0.425085        0.394311       -0.083048

     H    6       -0.483500       -0.065628        0.308046
     H    6       -0.065628        0.466953        0.286238
     H    6        0.308046        0.286238        0.016546

     H    7       -0.043569        0.038952        0.023011
     H    7        0.038952        0.247520       -0.202454
     H    7        0.023011       -0.202454       -0.203952

     C    8       -0.009075       -0.021346        0.057957
     C    8       -0.021346       -0.123128       -0.004216
     C    8        0.057957       -0.004216        0.132203

     H    9        0.223668        0.123072        0.199130
     H    9        0.123072       -0.204117       -0.006436
     H    9        0.199130       -0.006436       -0.019550

     C   10       -0.611763       -0.154121       -0.234586
     C   10       -0.154121        0.424015       -0.252193
     C   10       -0.234586       -0.252193        0.187748

     C   11        0.118044        0.141413       -0.076779
     C   11        0.141413        0.195064        0.549265
     C   11       -0.076779        0.549265       -0.313108

     Cl  12       -0.096349        0.290909       -0.301614
     Cl  12        0.290909        2.349133        0.535484
     Cl  12       -0.301614        0.535484       -2.252784

     H   13       -0.143767       -0.078808        0.182091
     H   13       -0.078808        0.252560        0.690666
     H   13        0.182091        0.690666       -0.108793

     C   14        0.325494       -0.078627       -0.018193
     C   14       -0.078627        0.075164       -0.054994
     C   14       -0.018193       -0.054994       -0.400658

     H   15        0.512049       -0.160475        0.636101
     H   15       -0.160475       -0.238762        0.290649
     H   15        0.636101        0.290649       -0.273287

     C   16       -0.041280        0.010612        0.191302
     C   16        0.010612        0.267455        0.011373
     C   16        0.191302        0.011373       -0.226175

     C   17        0.264988       -0.653147       -0.234734
     C   17       -0.653147        0.284849       -0.609196
     C   17       -0.234734       -0.609196       -0.549836

     Cl  18        1.417279       -1.821510        0.855671
     Cl  18       -1.821510       -0.482909       -0.475994
     Cl  18        0.855671       -0.475994       -0.934370

     H   19       -0.135898        0.028929        0.064177
     H   19        0.028929        0.335213       -0.166639
     H   19        0.064177       -0.166639       -0.199315

     C   20       -0.662446       -0.275932       -0.124712
     C   20       -0.275932        0.722893        0.107444
     C   20       -0.124712        0.107444       -0.060447

     H   21        0.414555       -0.510654        0.172614
     H   21       -0.510654       -0.417419        0.001788
     H   21        0.172614        0.001788        0.002864

     C   22        0.041284        0.053676       -0.042191
     C   22        0.053676        0.408664        0.368652
     C   22       -0.042191        0.368652       -0.449948

     C   23       -0.598164       -0.164816       -0.214991
     C   23       -0.164816        0.725318       -0.080715
     C   23       -0.214991       -0.080715       -0.127153

     Cl  24        0.463373        0.464641        0.415668
     Cl  24        0.464641        2.169198       -1.197634
     Cl  24        0.415668       -1.197634       -2.632571


     NQR/NMR SPECTROSCOPIC PARAMETERS:
     Cl   1    Vxx=   -0.3140    axis=(  0.925131  0.301331  0.230939)
     Cl   1    Vyy=   -2.7374    axis=(  0.156020  0.252793 -0.954858)
     Cl   1    Vzz=    3.0514    axis=( -0.346108  0.919399  0.186853)
     Cl   1  Q=        -8.1650 1e-30 m^2  Cq=       -58.5402 MHz  eta= 0.79417

     C    2    Vxx=   -0.1478    axis=(  0.514746  0.096801 -0.851861)
     C    2    Vyy=   -0.8964    axis=(  0.834398 -0.284898  0.471819)
     C    2    Vzz=    1.0442    axis=( -0.197021 -0.953657 -0.227421)
     C    2  Q=         1.0000 1e-30 m^2  Cq=         2.4534 MHz  eta= 0.71692

     C    3    Vxx=   -0.1331    axis=(  0.239035  0.521458 -0.819112)
     C    3    Vyy=   -0.3404    axis=(  0.542375  0.628001  0.558071)
     C    3    Vzz=    0.4736    axis=(  0.805414 -0.577665 -0.132711)
     C    3  Q=         1.0000 1e-30 m^2  Cq=         1.1127 MHz  eta= 0.43771

     H    4    Vxx=    0.0089    axis=( -0.035717  0.813091 -0.581040)
     H    4    Vyy=    0.7447    axis=(  0.843316  0.336491  0.419037)
     H    4    Vzz=   -0.7535    axis=( -0.536230  0.475034  0.697711)
     H    4  Q=         1.0000 1e-30 m^2  Cq=        -1.7705 MHz  eta= 0.97650

     C    5    Vxx=    0.1681    axis=( -0.739308 -0.545961  0.394144)
     C    5    Vyy=    0.5375    axis=(  0.219166 -0.748562 -0.625797)
     C    5    Vzz=   -0.7056    axis=( -0.636702  0.376274 -0.673074)
     C    5  Q=         1.0000 1e-30 m^2  Cq=        -1.6579 MHz  eta= 0.52351

     H    6    Vxx=    0.0496    axis=(  0.489334 -0.439624  0.753182)
     H    6    Vyy=    0.6119    axis=(  0.077751  0.882198  0.464415)
     H    6    Vzz=   -0.6615    axis=(  0.868624  0.168693 -0.465870)
     H    6  Q=         1.0000 1e-30 m^2  Cq=        -1.5542 MHz  eta= 0.85001

     H    7    Vxx=   -0.0405    axis=(  0.986507 -0.019122  0.162596)
     H    7    Vyy=   -0.2866    axis=( -0.144932  0.359901  0.921665)
     H    7    Vzz=    0.3272    axis=( -0.076142 -0.932794  0.352274)
     H    7  Q=         1.0000 1e-30 m^2  Cq=         0.7687 MHz  eta= 0.75222

     C    8    Vxx=   -0.0262    axis=( -0.920772  0.187976  0.341825)
     C    8    Vyy=   -0.1272    axis=(  0.190461  0.981334 -0.026609)
     C    8    Vzz=    0.1534    axis=(  0.340447 -0.040603  0.939387)
     C    8  Q=         1.0000 1e-30 m^2  Cq=         0.3604 MHz  eta= 0.65795

     H    9    Vxx=   -0.0982    axis=( -0.341076 -0.446498  0.827228)
     H    9    Vyy=   -0.2569    axis=( -0.358612  0.875249  0.324558)
     H    9    Vzz=    0.3551    axis=( -0.868945 -0.185955 -0.458645)
     H    9  Q=         1.0000 1e-30 m^2  Cq=         0.8344 MHz  eta= 0.44704

     C   10    Vxx=    0.1331    axis=( -0.352558  0.499351  0.791424)
     C   10    Vyy=    0.5844    axis=(  0.003968 -0.844923  0.534874)
     C   10    Vzz=   -0.7175    axis=( -0.935781 -0.191715 -0.295903)
     C   10  Q=         1.0000 1e-30 m^2  Cq=        -1.6859 MHz  eta= 0.62892

     C   11    Vxx=    0.1286    axis=(  0.968424 -0.059346 -0.242144)
     C   11    Vyy=    0.5604    axis=(  0.179564  0.839816  0.512314)
     C   11    Vzz=   -0.6889    axis=(  0.172953 -0.539618  0.823954)
     C   11  Q=         1.0000 1e-30 m^2  Cq=        -1.6187 MHz  eta= 0.62675

     Cl  12    Vxx=   -0.0730    axis=(  0.984106 -0.083553 -0.156697)
     Cl  12    Vyy=   -2.3634    axis=( -0.146106  0.120591 -0.981892)
     Cl  12    Vzz=    2.4365    axis=(  0.100936  0.989180  0.106466)
     Cl  12  Q=        -8.1650 1e-30 m^2  Cq=       -46.7421 MHz  eta= 0.94006

     H   13    Vxx=   -0.0807    axis=(  0.944691 -0.239956  0.223563)
     H   13    Vyy=   -0.7078    axis=(  0.323508  0.569831 -0.755404)
     H   13    Vzz=    0.7884    axis=(  0.053871  0.785947  0.615942)
     H   13  Q=         1.0000 1e-30 m^2  Cq=         1.8525 MHz  eta= 0.79540

     C   14    Vxx=    0.0598    axis=(  0.273682  0.953700 -0.124719)
     C   14    Vyy=    0.3481    axis=(  0.961094 -0.276205 -0.003066)
     C   14    Vzz=   -0.4079    axis=(  0.037372  0.119028  0.992187)
     C   14  Q=         1.0000 1e-30 m^2  Cq=        -0.9585 MHz  eta= 0.70686

     H   15    Vxx=   -0.0486    axis=(  0.243375 -0.867715 -0.433405)
     H   15    Vyy=   -0.8183    axis=(  0.422371  0.497060 -0.757980)
     H   15    Vzz=    0.8669    axis=(  0.873139  0.001416  0.487469)
     H   15  Q=         1.0000 1e-30 m^2  Cq=         2.0369 MHz  eta= 0.88793

     C   16    Vxx=    0.0776    axis=(  0.844840 -0.078902  0.529169)
     C   16    Vyy=    0.2687    axis=(  0.063398  0.996861  0.047420)
     C   16    Vzz=   -0.3462    axis=( -0.531250 -0.006514  0.847190)
     C   16  Q=         1.0000 1e-30 m^2  Cq=        -0.8135 MHz  eta= 0.55201

     C   17    Vxx=    0.1008    axis=(  0.684006  0.392870 -0.614645)
     C   17    Vyy=    0.9850    axis=( -0.619848  0.757263 -0.205768)
     C   17    Vzz=   -1.0858    axis=(  0.384608  0.521733  0.761492)
     C   17  Q=         1.0000 1e-30 m^2  Cq=        -2.5512 MHz  eta= 0.81438

     Cl  18    Vxx=   -1.1890    axis=( -0.171324  0.207313  0.963156)
     Cl  18    Vyy=   -1.5904    axis=(  0.533909  0.841149 -0.086081)
     Cl  18    Vzz=    2.7794    axis=( -0.828003  0.499490 -0.254795)
     Cl  18  Q=        -8.1650 1e-30 m^2  Cq=       -53.3215 MHz  eta= 0.14440

     H   19    Vxx=   -0.1025    axis=(  0.900613  0.101370  0.422634)
     H   19    Vyy=   -0.2806    axis=( -0.434167  0.254257  0.864206)
     H   19    Vzz=    0.3831    axis=( -0.019853 -0.961809  0.272999)
     H   19  Q=         1.0000 1e-30 m^2  Cq=         0.9002 MHz  eta= 0.46477

     C   20    Vxx=   -0.0642    axis=( -0.122336 -0.176215  0.976720)
     C   20    Vyy=   -0.7312    axis=( -0.972893 -0.173301 -0.153122)
     C   20    Vzz=    0.7954    axis=(  0.196249 -0.968976 -0.150237)
     C   20  Q=         1.0000 1e-30 m^2  Cq=         1.8690 MHz  eta= 0.83855

     H   21    Vxx=   -0.0235    axis=( -0.149938  0.198763  0.968510)
     H   21    Vyy=   -0.6688    axis=(  0.438465  0.891354 -0.115048)
     H   21    Vzz=    0.6923    axis=( -0.886153  0.407408 -0.220798)
     H   21  Q=         1.0000 1e-30 m^2  Cq=         1.6267 MHz  eta= 0.93214

     C   22    Vxx=    0.0441    axis=(  0.993274 -0.034467 -0.110539)
     C   22    Vyy=    0.5478    axis=(  0.070684  0.936636  0.343098)
     C   22    Vzz=   -0.5919    axis=(  0.091710 -0.348604  0.932773)
     C   22  Q=         1.0000 1e-30 m^2  Cq=        -1.3907 MHz  eta= 0.85092

     C   23    Vxx=   -0.0441    axis=( -0.366590  0.019054  0.930188)
     C   23    Vyy=   -0.7049    axis=(  0.923725  0.126845  0.361445)
     C   23    Vzz=    0.7490    axis=( -0.111103  0.991740 -0.064101)
     C   23  Q=         1.0000 1e-30 m^2  Cq=         1.7598 MHz  eta= 0.88230

     Cl  24    Vxx=    0.4759    axis=(  0.973411 -0.137559  0.183163)
     Cl  24    Vyy=    2.5149    axis=(  0.175382  0.961921 -0.209641)
     Cl  24    Vzz=   -2.9909    axis=( -0.147350  0.236191  0.960470)
     Cl  24  Q=        -8.1650 1e-30 m^2  Cq=        57.3780 MHz  eta= 0.68175

     Initialization:
     gipaw_setup  :      8.83s CPU     10.83s WALL (       1 calls)

     Linear response

     Apply operators

     Induced current

     Other routines
     efg          :      9.23s CPU     12.17s WALL (       1 calls)

     General routines
     calbec       :      3.19s CPU      4.50s WALL (      16 calls)
     fft          :      1.75s CPU      3.01s WALL (      15 calls)
     ffts         :      0.02s CPU      0.03s WALL (       2 calls)
     fftw         :      3.32s CPU      4.22s WALL (     672 calls)
     davcio       :      0.03s CPU      0.34s WALL (      32 calls)

     Parallel routines
     fft_scatter  :      2.41s CPU      4.31s WALL (     689 calls)

     Plugins

     GIPAW        :     61.06s CPU     78.14s WALL (       1 calls)
