
     Program QE v.6.0 (svn rev. 13079) starts on  7Jan2017 at 21:43:25 

     This program is part of the open-source Quantum ESPRESSO suite
     for quantum simulation of materials; please cite
         "P. Giannozzi et al., J. Phys.:Condens. Matter 21 395502 (2009);
          URL http://www.quantum-espresso.org", 
     in publications or presentations arising from this work. More details at
     http://www.quantum-espresso.org/quote

     Parallel version (MPI), running on     8 processors
     R & G space division:  proc/nbgrp/npool/nimage =       8

     ***** This is GIPAW svn revision unknown      *****

     Parallelizing q-star over 1 images

     Reading data from directory:
     /users/majewski/paradichlorobenzene/pbe/9_constraint/scratch/pbe.ecut100.np8.dt60.pcl2phi-129368.save
     Message from routine read_xml_file:
     file /users/majewski/paradichlorobenzene/pbe/9_constraint/scratch/pbe.ecut100.np8.dt60.pcl2phi-129368.save not guaranteed to be safe for post-processing

   Info: using nr1, nr2, nr3 values from input

   Info: using nr1, nr2, nr3 values from input

     IMPORTANT: XC functional enforced from input :
     Exchange-correlation      =  SLA  PW   PBX  PBC ( 1  4  3  4 0 0)
     Any further DFT definition will be discarded
     Please, verify this is what you really want

               file C.pbe-n-kjpaw_psl.1.0.0.UPF: wavefunction(s)  2S 2P renormalized
               file Cl.pbe-n-kjpaw_psl.1.0.0.UPF: wavefunction(s)  3S 3P renormalized
               file H.pbe-kjpaw_psl.1.0.0.UPF: wavefunction(s)  1S renormalized

     Parallelization info
     --------------------
     sticks:   dense  smooth     PW     G-vecs:    dense   smooth      PW
     Min        3057    1223    332               144436    36536    5170
     Max        3059    1225    333               144437    36537    5171
     Sum       24467    9791   2657              1155489   292295   41363


     Subspace diagonalization in iterative solution of the eigenvalue problem:
     a serial algorithm will be used

     GIPAW projectors -----------------------------------------------
     atom=  C    l=0  rc=    1.2000  rs=    0.8000
     atom=  C    l=0  rc=    1.2000  rs=    0.8000
     atom=  C    l=1  rc=    1.4000  rs=    0.9333
     atom=  C    l=1  rc=    1.4000  rs=    0.9333
     projs nearly linearly dependent: l=1  n1,n2= 1, 2  s=  0.99951561

     atom=  Cl   l=0  rc=    1.6000  rs=    1.0667
     atom=  Cl   l=0  rc=    1.6000  rs=    1.0667
     atom=  Cl   l=1  rc=    1.6000  rs=    1.0667
     atom=  Cl   l=1  rc=    1.6000  rs=    1.0667
     atom=  Cl   l=2  rc=    1.6000  rs=    1.0667
     atom=  Cl   l=2  rc=    1.6000  rs=    1.0667
     projs nearly linearly dependent: l=2  n1,n2= 1, 2  s=  0.99993509

     atom=  H    l=0  rc=    1.0000  rs=    0.6667
     atom=  H    l=0  rc=    1.0000  rs=    0.6667
     projs nearly linearly dependent: l=0  n1,n2= 1, 2  s=  0.99968852
     -----------------------------------------------------------------

     GIPAW integrals: -------------------------------------------
     Atom  i/j   nmr_para   nmr_dia   epr_rmc  epr_para   epr_dia
       C   1 1   0.83E+03  0.17E-01  0.93E+01  0.24E+08  0.24E+03
       C   2 1   0.86E+03 -0.61E-01  0.94E+01  0.25E+08  0.25E+03
       C   2 2   0.90E+03 -0.15E+00  0.97E+01  0.26E+08  0.26E+03
       C   3 3   0.33E+01  0.34E+00  0.18E+01  0.55E+03  0.21E+02
       C   4 3   0.35E+01  0.37E+00  0.20E+01  0.59E+03  0.22E+02
       C   4 4   0.38E+01  0.39E+00  0.22E+01  0.63E+03  0.24E+02
       Cl  1 1   0.14E+04 -0.47E+00  0.84E+01  0.32E+09  0.42E+03
       Cl  2 1   0.21E+04 -0.37E+00  0.12E+02  0.49E+09  0.65E+03
       Cl  2 2   0.33E+04 -0.16E+00  0.21E+02  0.76E+09  0.10E+04
       Cl  3 3   0.21E+02  0.79E-01  0.89E+01  0.23E+05  0.13E+03
       Cl  4 3   0.24E+02  0.67E-01  0.99E+01  0.27E+05  0.15E+03
       Cl  4 4   0.28E+02  0.44E-01  0.11E+02  0.32E+05  0.18E+03
       Cl  5 5   0.77E+00  0.19E+00  0.18E+01  0.12E+03  0.22E+02
       Cl  6 5   0.80E+00  0.19E+00  0.19E+01  0.12E+03  0.23E+02
       Cl  6 6   0.83E+00  0.20E+00  0.19E+01  0.12E+03  0.23E+02
       H   1 1   0.39E+02  0.19E+00  0.29E+00  0.78E+05  0.13E+02
       H   2 1   0.41E+02  0.21E+00  0.32E+00  0.82E+05  0.14E+02
       H   2 2   0.43E+02  0.22E+00  0.36E+00  0.86E+05  0.15E+02
     ------------------------------------------------------------

     alpha_pv=     33.8700 eV

     Number of occupied bands for each k-point:
     k-point:     1    nbnd_occ=  42
     k-point:     2    nbnd_occ=  42
     k-point:     3    nbnd_occ=  42
     k-point:     4    nbnd_occ=  42
     k-point:     5    nbnd_occ=  42
     k-point:     6    nbnd_occ=  42
     k-point:     7    nbnd_occ=  42
     k-point:     8    nbnd_occ=  42
     k-point:     9    nbnd_occ=  42
     k-point:    10    nbnd_occ=  42
     k-point:    11    nbnd_occ=  42
     k-point:    12    nbnd_occ=  42
     k-point:    13    nbnd_occ=  42
     k-point:    14    nbnd_occ=  42
     k-point:    15    nbnd_occ=  42
     k-point:    16    nbnd_occ=  42


     q-space interpolation up to   110.00 Rydberg

     GIPAW job: efg                                                                             


     ELECTRIC FIELD GRADIENTS TENSORS IN Hartree/bohrradius^2:

     ----- bare term -----
     Cl   1       -0.196342        0.299434        0.015064
     Cl   1        0.299434       -0.014899        0.002285
     Cl   1        0.015064        0.002285        0.211241

     C    2       -0.046929       -0.224967       -0.321887
     C    2       -0.224967       -0.017171       -0.628052
     C    2       -0.321887       -0.628052        0.064100

     C    3       -0.215821        0.302937        0.155558
     C    3        0.302937       -0.062756       -0.077579
     C    3        0.155558       -0.077579        0.278577

     H    4       -0.165460       -0.425178        0.067904
     H    4       -0.425178       -0.123928        0.223344
     H    4        0.067904        0.223344        0.289388

     C    5       -0.184234       -0.346108       -0.353667
     C    5       -0.346108       -0.039759       -0.539368
     C    5       -0.353667       -0.539368        0.223993

     H    6        0.355625        0.187362       -0.148444
     H    6        0.187362       -0.672211        0.045067
     H    6       -0.148444        0.045067        0.316587

     H    7       -0.049621       -0.035915        0.283505
     H    7       -0.035915        0.257269        0.185336
     H    7        0.283505        0.185336       -0.207648

     C    8       -0.262554        0.060740       -0.236776
     C    8        0.060740        0.326003       -0.063450
     C    8       -0.236776       -0.063450       -0.063449

     H    9        0.194679        0.047039       -0.105113
     H    9        0.047039        0.342916       -0.162916
     H    9       -0.105113       -0.162916       -0.537594

     C   10        0.118077       -0.169083        0.228265
     C   10       -0.169083       -0.127569       -0.042490
     C   10        0.228265       -0.042490        0.009492

     C   11       -0.247686       -0.200582       -0.450765
     C   11       -0.200582       -0.085178        0.502216
     C   11       -0.450765        0.502216        0.332864

     Cl  12       -0.135630       -0.057349       -0.052652
     Cl  12       -0.057349       -0.097739        0.033872
     Cl  12       -0.052652        0.033872        0.233369

     H   13        0.364105       -0.044776        0.185281
     H   13       -0.044776       -0.181471       -0.442221
     H   13        0.185281       -0.442221       -0.182634

     C   14       -0.468476        0.329369       -0.097476
     C   14        0.329369        0.047691       -0.410108
     C   14       -0.097476       -0.410108        0.420785

     H   15       -0.690848       -0.209861       -0.078794
     H   15       -0.209861        0.412901       -0.144764
     H   15       -0.078794       -0.144764        0.277947

     C   16        0.014924       -0.057176       -0.404554
     C   16       -0.057176       -0.289160       -0.540960
     C   16       -0.404554       -0.540960        0.274235

     C   17       -0.200037        0.381773       -0.334359
     C   17        0.381773       -0.215066       -0.328368
     C   17       -0.334359       -0.328368        0.415103

     Cl  18       -0.058130       -0.006736        0.280085
     Cl  18       -0.006736        0.216712       -0.017623
     Cl  18        0.280085       -0.017623       -0.158582

     H   19        0.085324       -0.236825        0.279255
     H   19       -0.236825       -0.148040        0.523526
     H   19        0.279255        0.523526        0.062717

     C   20       -0.192149        0.028286       -0.370173
     C   20        0.028286       -0.076215        0.436548
     C   20       -0.370173        0.436548        0.268364

     H   21        0.105541        0.134748       -0.352084
     H   21        0.134748        0.272508        0.466805
     H   21       -0.352084        0.466805       -0.378049

     C   22       -0.704406       -0.354264       -0.373499
     C   22       -0.354264        0.246333       -0.005481
     C   22       -0.373499       -0.005481        0.458073

     C   23        0.079968       -0.410002        0.041233
     C   23       -0.410002       -0.324070        0.442483
     C   23        0.041233        0.442483        0.244103

     Cl  24       -0.010108       -0.069509       -0.089073
     Cl  24       -0.069509        0.026774        0.101166
     Cl  24       -0.089073        0.101166       -0.016666

     ----- ionic term -----
     Cl   1        0.174842       -0.191473        0.020362
     Cl   1       -0.191473       -0.013887       -0.001394
     Cl   1        0.020362       -0.001394       -0.160955

     C    2        0.263167       -0.084185        0.213631
     C    2       -0.084185        0.159226        0.392579
     C    2        0.213631        0.392579       -0.422394

     C    3        0.278457       -0.141900        0.019049
     C    3       -0.141900        0.181745        0.389724
     C    3        0.019049        0.389724       -0.460202

     H    4        0.795664        0.502651        0.344389
     H    4        0.502651       -0.292610        0.195820
     H    4        0.344389        0.195820       -0.503054

     C    5        0.423550       -0.042565        0.068851
     C    5       -0.042565        0.056186        0.323630
     C    5        0.068851        0.323630       -0.479736

     H    6       -0.504279        0.069817       -0.000585
     H    6        0.069817        0.850351        0.583244
     H    6       -0.000585        0.583244       -0.346071

     H    7       -0.357982        0.379160       -0.314004
     H    7        0.379160        0.238427       -0.678646
     H    7       -0.314004       -0.678646        0.119555

     C    8        0.164736        0.374935        0.261971
     C    8        0.374935       -0.117297       -0.239727
     C    8        0.261971       -0.239727       -0.047440

     H    9        0.169884       -0.130098        0.765891
     H    9       -0.130098       -0.510119       -0.215060
     H    9        0.765891       -0.215060        0.340236

     C   10        0.090304        0.405337        0.187294
     C   10        0.405337       -0.044588       -0.330830
     C   10        0.187294       -0.330830       -0.045716

     C   11        0.172736        0.319728        0.262952
     C   11        0.319728       -0.105098       -0.381217
     C   11        0.262952       -0.381217       -0.067637

     Cl  12        0.197759        0.240600        0.057536
     Cl  12        0.240600       -0.056997        0.028015
     Cl  12        0.057536        0.028015       -0.140763

     H   13       -0.496140       -0.150606       -0.094711
     H   13       -0.150606        0.596487        0.733945
     H   13       -0.094711        0.733945       -0.100347

     C   14        0.327610       -0.160117        0.104018
     C   14       -0.160117        0.028906        0.365294
     C   14        0.104018        0.365294       -0.356517

     H   15        0.659386        0.424493        0.535853
     H   15        0.424493       -0.397661        0.271496
     H   15        0.535853        0.271496       -0.261725

     C   16        0.202891       -0.193242        0.049483
     C   16       -0.193242        0.101672        0.462302
     C   16        0.049483        0.462302       -0.304563

     C   17        0.265325       -0.034011        0.051695
     C   17       -0.034011        0.074474        0.475021
     C   17        0.051695        0.475021       -0.339799

     Cl  18        0.135815       -0.201405       -0.057620
     Cl  18       -0.201405       -0.022934        0.021586
     Cl  18       -0.057620        0.021586       -0.112880

     H   19       -0.482852        0.207590       -0.133572
     H   19        0.207590        0.474637       -0.749576
     H   19       -0.133572       -0.749576        0.008215

     C   20        0.231118        0.297354        0.332550
     C   20        0.297354       -0.069215       -0.258152
     C   20        0.332550       -0.258152       -0.161904

     H   21        0.412955       -0.286042        0.721176
     H   21       -0.286042       -0.454581       -0.286865
     H   21        0.721176       -0.286865        0.041626

     C   22        0.165153        0.334785        0.237503
     C   22        0.334785        0.025170       -0.313866
     C   22        0.237503       -0.313866       -0.190324

     C   23        0.033726        0.319510        0.314842
     C   23        0.319510        0.003103       -0.345125
     C   23        0.314842       -0.345125       -0.036829

     Cl  24        0.116676        0.223880        0.062828
     Cl  24        0.223880        0.018947        0.041901
     Cl  24        0.062828        0.041901       -0.135622

     ----- GIPAW term -----
     Cl   1       -1.185471        0.027224       -0.268518
     Cl   1        0.027224        2.105364       -1.636643
     Cl   1       -0.268518       -1.636643       -0.919892

     C    2       -0.050976       -0.109765       -0.017361
     C    2       -0.109765        0.092165       -0.178980
     C    2       -0.017361       -0.178980       -0.041190

     C    3       -0.028047       -0.024688        0.052853
     C    3       -0.024688        0.038295       -0.030979
     C    3        0.052853       -0.030979       -0.010248

     H    4       -0.000000        0.000000        0.000000
     H    4        0.000000        0.000000        0.000000
     H    4        0.000000        0.000000        0.000000

     C    5        0.009882       -0.203857        0.059781
     C    5       -0.203857        0.024865       -0.191494
     C    5        0.059781       -0.191494       -0.034747

     H    6       -0.000000        0.000000        0.000000
     H    6        0.000000        0.000000        0.000000
     H    6        0.000000        0.000000        0.000000

     H    7       -0.000000        0.000000        0.000000
     H    7        0.000000        0.000000        0.000000
     H    7        0.000000        0.000000        0.000000

     C    8        0.030375       -0.007975        0.005982
     C    8       -0.007975        0.013902       -0.034848
     C    8        0.005982       -0.034848       -0.044277

     H    9       -0.000000        0.000000        0.000000
     H    9        0.000000        0.000000        0.000000
     H    9        0.000000        0.000000        0.000000

     C   10        0.014701        0.009654        0.029427
     C   10        0.009654       -0.004990       -0.026205
     C   10        0.029427       -0.026205       -0.009711

     C   11       -0.056371       -0.001418       -0.141934
     C   11       -0.001418        0.023212        0.213405
     C   11       -0.141934        0.213405        0.033159

     Cl  12       -0.643158        1.500645       -0.444055
     Cl  12        1.500645       -1.370474        0.697954
     Cl  12       -0.444055        0.697954        2.013632

     H   13       -0.000000        0.000000        0.000000
     H   13        0.000000        0.000000        0.000000
     H   13        0.000000        0.000000        0.000000

     C   14       -0.094883       -0.052078        0.075612
     C   14       -0.052078        0.064430       -0.166364
     C   14        0.075612       -0.166364        0.030453

     H   15       -0.000000        0.000000        0.000000
     H   15        0.000000        0.000000        0.000000
     H   15        0.000000        0.000000        0.000000

     C   16        0.061567       -0.125550       -0.167130
     C   16       -0.125550       -0.056844       -0.039415
     C   16       -0.167130       -0.039415       -0.004722

     C   17        0.152629       -0.054900       -0.200466
     C   17       -0.054900       -0.136516       -0.013500
     C   17       -0.200466       -0.013500       -0.016112

     Cl  18        0.266959       -0.896194       -1.185782
     Cl  18       -0.896194       -0.782922       -0.523662
     Cl  18       -1.185782       -0.523662        0.515963

     H   19       -0.000000        0.000000        0.000000
     H   19        0.000000        0.000000        0.000000
     H   19        0.000000        0.000000        0.000000

     C   20       -0.049935        0.088695       -0.084203
     C   20        0.088695        0.066770        0.024053
     C   20       -0.084203        0.024053       -0.016835

     H   21       -0.000000        0.000000        0.000000
     H   21        0.000000        0.000000        0.000000
     H   21        0.000000        0.000000        0.000000

     C   22       -0.209820       -0.005869       -0.079991
     C   22       -0.005869        0.078414       -0.173826
     C   22       -0.079991       -0.173826        0.131406

     C   23        0.009852       -0.128555        0.112205
     C   23       -0.128555        0.063178       -0.116310
     C   23        0.112205       -0.116310       -0.073030

     Cl  24       -0.208744        0.297934        1.136289
     Cl  24        0.297934       -0.430990       -1.448393
     Cl  24        1.136289       -1.448393        0.639734

     ----- total EFG -----
     Cl   1       -1.206972        0.135185       -0.233092
     Cl   1        0.135185        2.076578       -1.635752
     Cl   1       -0.233092       -1.635752       -0.869606

     C    2        0.165263       -0.418917       -0.125617
     C    2       -0.418917        0.234220       -0.414453
     C    2       -0.125617       -0.414453       -0.399483

     C    3        0.034589        0.136348        0.227460
     C    3        0.136348        0.157284        0.281166
     C    3        0.227460        0.281166       -0.191873

     H    4        0.630204        0.077473        0.412293
     H    4        0.077473       -0.416538        0.419164
     H    4        0.412293        0.419164       -0.213666

     C    5        0.249198       -0.592530       -0.225035
     C    5       -0.592530        0.041292       -0.407232
     C    5       -0.225035       -0.407232       -0.290490

     H    6       -0.148655        0.257179       -0.149029
     H    6        0.257179        0.178140        0.628311
     H    6       -0.149029        0.628311       -0.029485

     H    7       -0.407603        0.343244       -0.030499
     H    7        0.343244        0.495696       -0.493310
     H    7       -0.030499       -0.493310       -0.088093

     C    8       -0.067442        0.427699        0.031177
     C    8        0.427699        0.222608       -0.338025
     C    8        0.031177       -0.338025       -0.155166

     H    9        0.364562       -0.083059        0.660778
     H    9       -0.083059       -0.167204       -0.377976
     H    9        0.660778       -0.377976       -0.197359

     C   10        0.223082        0.245908        0.444986
     C   10        0.245908       -0.177147       -0.399526
     C   10        0.444986       -0.399526       -0.045936

     C   11       -0.131322        0.117727       -0.329747
     C   11        0.117727       -0.167065        0.334403
     C   11       -0.329747        0.334403        0.298386

     Cl  12       -0.581028        1.683896       -0.439171
     Cl  12        1.683896       -1.525210        0.759841
     Cl  12       -0.439171        0.759841        2.106238

     H   13       -0.132036       -0.195381        0.090570
     H   13       -0.195381        0.415016        0.291724
     H   13        0.090570        0.291724       -0.282980

     C   14       -0.235749        0.117174        0.082153
     C   14        0.117174        0.141028       -0.211179
     C   14        0.082153       -0.211179        0.094721

     H   15       -0.031462        0.214632        0.457059
     H   15        0.214632        0.015240        0.126733
     H   15        0.457059        0.126733        0.016222

     C   16        0.279382       -0.375968       -0.522201
     C   16       -0.375968       -0.244332       -0.118073
     C   16       -0.522201       -0.118073       -0.035050

     C   17        0.217916        0.292862       -0.483131
     C   17        0.292862       -0.277108        0.133153
     C   17       -0.483131        0.133153        0.059192

     Cl  18        0.344644       -1.104335       -0.963317
     Cl  18       -1.104335       -0.589145       -0.519699
     Cl  18       -0.963317       -0.519699        0.244501

     H   19       -0.397528       -0.029235        0.145683
     H   19       -0.029235        0.326597       -0.226050
     H   19        0.145683       -0.226050        0.070931

     C   20       -0.010965        0.414335       -0.121826
     C   20        0.414335       -0.078660        0.202448
     C   20       -0.121826        0.202448        0.089626

     H   21        0.518496       -0.151294        0.369092
     H   21       -0.151294       -0.182074        0.179940
     H   21        0.369092        0.179940       -0.336422

     C   22       -0.749074       -0.025348       -0.215987
     C   22       -0.025348        0.349918       -0.493173
     C   22       -0.215987       -0.493173        0.399156

     C   23        0.123546       -0.219046        0.468280
     C   23       -0.219046       -0.257790       -0.018952
     C   23        0.468280       -0.018952        0.134244

     Cl  24       -0.102176        0.452305        1.110043
     Cl  24        0.452305       -0.385269       -1.305327
     Cl  24        1.110043       -1.305327        0.487445

     ----- total EFG (symmetrized) -----
     Cl   1       -1.206972        0.135185       -0.233092
     Cl   1        0.135185        2.076578       -1.635752
     Cl   1       -0.233092       -1.635752       -0.869606

     C    2        0.165263       -0.418917       -0.125617
     C    2       -0.418917        0.234220       -0.414453
     C    2       -0.125617       -0.414453       -0.399483

     C    3        0.034589        0.136348        0.227460
     C    3        0.136348        0.157284        0.281166
     C    3        0.227460        0.281166       -0.191873

     H    4        0.630204        0.077473        0.412293
     H    4        0.077473       -0.416538        0.419164
     H    4        0.412293        0.419164       -0.213666

     C    5        0.249198       -0.592530       -0.225035
     C    5       -0.592530        0.041292       -0.407232
     C    5       -0.225035       -0.407232       -0.290490

     H    6       -0.148655        0.257179       -0.149029
     H    6        0.257179        0.178140        0.628311
     H    6       -0.149029        0.628311       -0.029485

     H    7       -0.407603        0.343244       -0.030499
     H    7        0.343244        0.495696       -0.493310
     H    7       -0.030499       -0.493310       -0.088093

     C    8       -0.067442        0.427699        0.031177
     C    8        0.427699        0.222608       -0.338025
     C    8        0.031177       -0.338025       -0.155166

     H    9        0.364562       -0.083059        0.660778
     H    9       -0.083059       -0.167204       -0.377976
     H    9        0.660778       -0.377976       -0.197359

     C   10        0.223082        0.245908        0.444986
     C   10        0.245908       -0.177147       -0.399526
     C   10        0.444986       -0.399526       -0.045936

     C   11       -0.131322        0.117727       -0.329747
     C   11        0.117727       -0.167065        0.334403
     C   11       -0.329747        0.334403        0.298386

     Cl  12       -0.581028        1.683896       -0.439171
     Cl  12        1.683896       -1.525210        0.759841
     Cl  12       -0.439171        0.759841        2.106238

     H   13       -0.132036       -0.195381        0.090570
     H   13       -0.195381        0.415016        0.291724
     H   13        0.090570        0.291724       -0.282980

     C   14       -0.235749        0.117174        0.082153
     C   14        0.117174        0.141028       -0.211179
     C   14        0.082153       -0.211179        0.094721

     H   15       -0.031462        0.214632        0.457059
     H   15        0.214632        0.015240        0.126733
     H   15        0.457059        0.126733        0.016222

     C   16        0.279382       -0.375968       -0.522201
     C   16       -0.375968       -0.244332       -0.118073
     C   16       -0.522201       -0.118073       -0.035050

     C   17        0.217916        0.292862       -0.483131
     C   17        0.292862       -0.277108        0.133153
     C   17       -0.483131        0.133153        0.059192

     Cl  18        0.344644       -1.104335       -0.963317
     Cl  18       -1.104335       -0.589145       -0.519699
     Cl  18       -0.963317       -0.519699        0.244501

     H   19       -0.397528       -0.029235        0.145683
     H   19       -0.029235        0.326597       -0.226050
     H   19        0.145683       -0.226050        0.070931

     C   20       -0.010965        0.414335       -0.121826
     C   20        0.414335       -0.078660        0.202448
     C   20       -0.121826        0.202448        0.089626

     H   21        0.518496       -0.151294        0.369092
     H   21       -0.151294       -0.182074        0.179940
     H   21        0.369092        0.179940       -0.336422

     C   22       -0.749074       -0.025348       -0.215987
     C   22       -0.025348        0.349918       -0.493173
     C   22       -0.215987       -0.493173        0.399156

     C   23        0.123546       -0.219046        0.468280
     C   23       -0.219046       -0.257790       -0.018952
     C   23        0.468280       -0.018952        0.134244

     Cl  24       -0.102176        0.452305        1.110043
     Cl  24        0.452305       -0.385269       -1.305327
     Cl  24        1.110043       -1.305327        0.487445


     NQR/NMR SPECTROSCOPIC PARAMETERS:
     Cl   1    Vxx=   -1.1618    axis=(  0.938950 -0.185547 -0.289733)
     Cl   1    Vyy=   -1.6549    axis=(  0.339750  0.367252  0.865850)
     Cl   1    Vzz=    2.8166    axis=(  0.054251  0.911426 -0.407871)
     Cl   1  Q=        -8.1650 1e-30 m^2  Cq=       -54.0358 MHz  eta= 0.17507

     C    2    Vxx=    0.0437    axis=(  0.731972  0.381663 -0.564403)
     C    2    Vyy=    0.6728    axis=( -0.584395  0.777572 -0.232088)
     C    2    Vzz=   -0.7165    axis=(  0.350284  0.499716  0.792203)
     C    2  Q=         1.0000 1e-30 m^2  Cq=        -1.6834 MHz  eta= 0.87803

     C    3    Vxx=   -0.0510    axis=(  0.791675 -0.607359  0.066074)
     C    3    Vyy=   -0.3973    axis=(  0.345207  0.355473 -0.868603)
     C    3    Vzz=    0.4484    axis=(  0.504066  0.710461  0.491084)
     C    3  Q=         1.0000 1e-30 m^2  Cq=         1.0535 MHz  eta= 0.77237

     H    4    Vxx=   -0.0675    axis=(  0.439257 -0.648761 -0.621420)
     H    4    Vyy=   -0.7765    axis=(  0.152904  0.735624 -0.659908)
     H    4    Vzz=    0.8439    axis=(  0.885253  0.194851  0.422326)
     H    4  Q=         1.0000 1e-30 m^2  Cq=         1.9829 MHz  eta= 0.84005

     C    5    Vxx=    0.0835    axis=( -0.491642 -0.425915  0.759529)
     C    5    Vyy=    0.7560    axis=( -0.736563  0.668662 -0.101815)
     C    5    Vzz=   -0.8395    axis=( -0.464504 -0.609497 -0.642456)
     C    5  Q=         1.0000 1e-30 m^2  Cq=        -1.9726 MHz  eta= 0.80100

     H    6    Vxx=   -0.0182    axis=(  0.882722  0.201767 -0.424372)
     H    6    Vyy=   -0.7052    axis=( -0.453790  0.600458 -0.658426)
     H    6    Vzz=    0.7234    axis=(  0.121969  0.773783  0.621597)
     H    6  Q=         1.0000 1e-30 m^2  Cq=         1.6997 MHz  eta= 0.94962

     H    7    Vxx=   -0.2772    axis=(  0.533559  0.273791  0.800221)
     H    7    Vyy=   -0.5785    axis=( -0.809909  0.437966  0.390171)
     H    7    Vzz=    0.8557    axis=( -0.243644 -0.856285  0.455427)
     H    7  Q=         1.0000 1e-30 m^2  Cq=         2.0106 MHz  eta= 0.35211

     C    8    Vxx=   -0.0886    axis=(  0.655953 -0.087120  0.749758)
     C    8    Vyy=   -0.5313    axis=(  0.576413 -0.583486 -0.572095)
     C    8    Vzz=    0.6199    axis=( -0.487314 -0.807437  0.332522)
     C    8  Q=         1.0000 1e-30 m^2  Cq=         1.4566 MHz  eta= 0.71413

     H    9    Vxx=   -0.1125    axis=(  0.461749  0.857853 -0.225558)
     H    9    Vyy=   -0.7664    axis=( -0.429123  0.438596  0.789612)
     H    9    Vzz=    0.8789    axis=(  0.776300 -0.267810  0.570646)
     H    9  Q=         1.0000 1e-30 m^2  Cq=         2.0652 MHz  eta= 0.74395

     C   10    Vxx=    0.1983    axis=( -0.445778 -0.772740  0.451835)
     C   10    Vyy=    0.5568    axis=(  0.775384 -0.081118  0.626259)
     C   10    Vzz=   -0.7551    axis=(  0.447283 -0.629518 -0.635331)
     C   10  Q=         1.0000 1e-30 m^2  Cq=        -1.7741 MHz  eta= 0.47470

     C   11    Vxx=   -0.0309    axis=(  0.724265  0.689050  0.025518)
     C   11    Vyy=   -0.5330    axis=( -0.591059  0.639474 -0.491651)
     C   11    Vzz=    0.5639    axis=( -0.355090  0.341003  0.870418)
     C   11  Q=         1.0000 1e-30 m^2  Cq=         1.3250 MHz  eta= 0.89028

     Cl  12    Vxx=    0.6884    axis=(  0.805010  0.589513 -0.066581)
     Cl  12    Vyy=    2.2635    axis=(  0.047592 -0.176037 -0.983232)
     Cl  12    Vzz=   -2.9520    axis=( -0.591349  0.788344 -0.169768)
     Cl  12  Q=        -8.1650 1e-30 m^2  Cq=        56.6318 MHz  eta= 0.53358

     H   13    Vxx=   -0.0924    axis=(  0.869014  0.051712  0.492078)
     H   13    Vyy=   -0.4637    axis=(  0.441097  0.369598 -0.817821)
     H   13    Vzz=    0.5560    axis=( -0.224162  0.927752  0.298376)
     H   13  Q=         1.0000 1e-30 m^2  Cq=         1.3065 MHz  eta= 0.66774

     C   14    Vxx=   -0.0098    axis=( -0.519160 -0.532656 -0.668393)
     C   14    Vyy=   -0.3226    axis=( -0.852432  0.379348  0.359798)
     C   14    Vzz=    0.3323    axis=(  0.061905  0.756553 -0.650996)
     C   14  Q=         1.0000 1e-30 m^2  Cq=         0.7808 MHz  eta= 0.94126

     H   15    Vxx=   -0.0808    axis=(  0.163523 -0.899655  0.404822)
     H   15    Vyy=   -0.4762    axis=( -0.743670  0.157221  0.649797)
     H   15    Vzz=    0.5570    axis=(  0.648240  0.407310  0.643338)
     H   15  Q=         1.0000 1e-30 m^2  Cq=         1.3087 MHz  eta= 0.70988

     C   16    Vxx=   -0.0479    axis=(  0.183195 -0.739779  0.647430)
     C   16    Vyy=   -0.6802    axis=( -0.547829 -0.623662 -0.557609)
     C   16    Vzz=    0.7280    axis=( -0.816286  0.252530  0.519525)
     C   16  Q=         1.0000 1e-30 m^2  Cq=         1.7106 MHz  eta= 0.86843

     C   17    Vxx=   -0.0363    axis=( -0.320320 -0.725962 -0.608584)
     C   17    Vyy=   -0.6142    axis=(  0.535074 -0.668791  0.516153)
     C   17    Vzz=    0.6504    axis=( -0.781723 -0.160304  0.602671)
     C   17  Q=         1.0000 1e-30 m^2  Cq=         1.5283 MHz  eta= 0.88850

     Cl  18    Vxx=    0.3963    axis=(  0.233580 -0.645347  0.727302)
     Cl  18    Vyy=    1.4027    axis=(  0.795059 -0.303838 -0.524941)
     Cl  18    Vzz=   -1.7990    axis=( -0.559751 -0.700864 -0.442119)
     Cl  18  Q=        -8.1650 1e-30 m^2  Cq=        34.5123 MHz  eta= 0.55946

     H   19    Vxx=   -0.0291    axis=(  0.274641  0.531676  0.801182)
     H   19    Vyy=   -0.4408    axis=( -0.954520  0.050203  0.293890)
     H   19    Vzz=    0.4700    axis=(  0.116032 -0.845459  0.521283)
     H   19  Q=         1.0000 1e-30 m^2  Cq=         1.1043 MHz  eta= 0.87600

     C   20    Vxx=    0.1644    axis=( -0.385442  0.106402  0.916577)
     C   20    Vyy=    0.3809    axis=(  0.680488  0.703651  0.204477)
     C   20    Vzz=   -0.5452    axis=( -0.623194  0.702534 -0.343622)
     C   20  Q=         1.0000 1e-30 m^2  Cq=        -1.2811 MHz  eta= 0.39710

     H   21    Vxx=   -0.0694    axis=(  0.077493 -0.873105 -0.481334)
     H   21    Vyy=   -0.5941    axis=(  0.334450  0.477576 -0.812443)
     H   21    Vzz=    0.6636    axis=(  0.939222 -0.098024  0.329019)
     H   21  Q=         1.0000 1e-30 m^2  Cq=         1.5592 MHz  eta= 0.79069

     C   22    Vxx=   -0.0788    axis=( -0.235178  0.727547  0.644489)
     C   22    Vyy=   -0.8016    axis=( -0.968098 -0.116351 -0.221919)
     C   22    Vzz=    0.8804    axis=( -0.086469 -0.676119  0.731701)
     C   22  Q=         1.0000 1e-30 m^2  Cq=         2.0686 MHz  eta= 0.82108

     C   23    Vxx=   -0.1726    axis=( -0.340828  0.750279  0.566496)
     C   23    Vyy=   -0.4570    axis=(  0.616408  0.633317 -0.467922)
     C   23    Vzz=    0.6296    axis=(  0.709843 -0.189712  0.678330)
     C   23  Q=         1.0000 1e-30 m^2  Cq=         1.4793 MHz  eta= 0.45172

     Cl  24    Vxx=    0.2258    axis=(  0.764852  0.643194 -0.036083)
     Cl  24    Vyy=    1.7039    axis=(  0.394866 -0.423825  0.815140)
     Cl  24    Vzz=   -1.9297    axis=(  0.509000 -0.637710 -0.578139)
     Cl  24  Q=        -8.1650 1e-30 m^2  Cq=        37.0199 MHz  eta= 0.76595

     Initialization:
     gipaw_setup  :      9.24s CPU     11.27s WALL (       1 calls)

     Linear response

     Apply operators

     Induced current

     Other routines
     efg          :      9.47s CPU     12.13s WALL (       1 calls)

     General routines
     calbec       :      3.32s CPU      4.19s WALL (      16 calls)
     fft          :      1.50s CPU      2.03s WALL (      15 calls)
     ffts         :      0.04s CPU      0.04s WALL (       2 calls)
     fftw         :      3.26s CPU      4.34s WALL (     672 calls)
     davcio       :      0.02s CPU      0.32s WALL (      32 calls)

     Parallel routines
     fft_scatter  :      2.20s CPU      3.52s WALL (     689 calls)

     Plugins

     GIPAW        :     60.82s CPU     72.21s WALL (       1 calls)
