
     Program QE v.6.0 (svn rev. 13079) starts on 18Jan2017 at  1:46:15 

     This program is part of the open-source Quantum ESPRESSO suite
     for quantum simulation of materials; please cite
         "P. Giannozzi et al., J. Phys.:Condens. Matter 21 395502 (2009);
          URL http://www.quantum-espresso.org", 
     in publications or presentations arising from this work. More details at
     http://www.quantum-espresso.org/quote

     Parallel version (MPI), running on     8 processors
     R & G space division:  proc/nbgrp/npool/nimage =       8

     ***** This is GIPAW svn revision unknown      *****

     Parallelizing q-star over 1 images

     Reading data from directory:
     /users/majewski/paradichlorobenzene/pbe/9_constraint/scratch/pbe.ecut100.np8.dt60.pcl2phi-129368.save
     Message from routine read_xml_file:
     file /users/majewski/paradichlorobenzene/pbe/9_constraint/scratch/pbe.ecut100.np8.dt60.pcl2phi-129368.save not guaranteed to be safe for post-processing

   Info: using nr1, nr2, nr3 values from input

   Info: using nr1, nr2, nr3 values from input

     IMPORTANT: XC functional enforced from input :
     Exchange-correlation      =  SLA  PW   PBX  PBC ( 1  4  3  4 0 0)
     Any further DFT definition will be discarded
     Please, verify this is what you really want

               file C.pbe-n-kjpaw_psl.1.0.0.UPF: wavefunction(s)  2S 2P renormalized
               file Cl.pbe-n-kjpaw_psl.1.0.0.UPF: wavefunction(s)  3S 3P renormalized
               file H.pbe-kjpaw_psl.1.0.0.UPF: wavefunction(s)  1S renormalized

     Parallelization info
     --------------------
     sticks:   dense  smooth     PW     G-vecs:    dense   smooth      PW
     Min        3057    1223    332               144436    36536    5170
     Max        3059    1225    333               144437    36537    5171
     Sum       24467    9791   2657              1155489   292295   41363


     Subspace diagonalization in iterative solution of the eigenvalue problem:
     a serial algorithm will be used

     GIPAW projectors -----------------------------------------------
     atom=  C    l=0  rc=    1.2000  rs=    0.8000
     atom=  C    l=0  rc=    1.2000  rs=    0.8000
     atom=  C    l=1  rc=    1.4000  rs=    0.9333
     atom=  C    l=1  rc=    1.4000  rs=    0.9333
     projs nearly linearly dependent: l=1  n1,n2= 1, 2  s=  0.99951561

     atom=  Cl   l=0  rc=    1.6000  rs=    1.0667
     atom=  Cl   l=0  rc=    1.6000  rs=    1.0667
     atom=  Cl   l=1  rc=    1.6000  rs=    1.0667
     atom=  Cl   l=1  rc=    1.6000  rs=    1.0667
     atom=  Cl   l=2  rc=    1.6000  rs=    1.0667
     atom=  Cl   l=2  rc=    1.6000  rs=    1.0667
     projs nearly linearly dependent: l=2  n1,n2= 1, 2  s=  0.99993509

     atom=  H    l=0  rc=    1.0000  rs=    0.6667
     atom=  H    l=0  rc=    1.0000  rs=    0.6667
     projs nearly linearly dependent: l=0  n1,n2= 1, 2  s=  0.99968852
     -----------------------------------------------------------------

     GIPAW integrals: -------------------------------------------
     Atom  i/j   nmr_para   nmr_dia   epr_rmc  epr_para   epr_dia
       C   1 1   0.83E+03  0.17E-01  0.93E+01  0.24E+08  0.24E+03
       C   2 1   0.86E+03 -0.61E-01  0.94E+01  0.25E+08  0.25E+03
       C   2 2   0.90E+03 -0.15E+00  0.97E+01  0.26E+08  0.26E+03
       C   3 3   0.33E+01  0.34E+00  0.18E+01  0.55E+03  0.21E+02
       C   4 3   0.35E+01  0.37E+00  0.20E+01  0.59E+03  0.22E+02
       C   4 4   0.38E+01  0.39E+00  0.22E+01  0.63E+03  0.24E+02
       Cl  1 1   0.14E+04 -0.47E+00  0.84E+01  0.32E+09  0.42E+03
       Cl  2 1   0.21E+04 -0.37E+00  0.12E+02  0.49E+09  0.65E+03
       Cl  2 2   0.33E+04 -0.16E+00  0.21E+02  0.76E+09  0.10E+04
       Cl  3 3   0.21E+02  0.79E-01  0.89E+01  0.23E+05  0.13E+03
       Cl  4 3   0.24E+02  0.67E-01  0.99E+01  0.27E+05  0.15E+03
       Cl  4 4   0.28E+02  0.44E-01  0.11E+02  0.32E+05  0.18E+03
       Cl  5 5   0.77E+00  0.19E+00  0.18E+01  0.12E+03  0.22E+02
       Cl  6 5   0.80E+00  0.19E+00  0.19E+01  0.12E+03  0.23E+02
       Cl  6 6   0.83E+00  0.20E+00  0.19E+01  0.12E+03  0.23E+02
       H   1 1   0.39E+02  0.19E+00  0.29E+00  0.78E+05  0.13E+02
       H   2 1   0.41E+02  0.21E+00  0.32E+00  0.82E+05  0.14E+02
       H   2 2   0.43E+02  0.22E+00  0.36E+00  0.86E+05  0.15E+02
     ------------------------------------------------------------

     alpha_pv=     33.9243 eV

     Number of occupied bands for each k-point:
     k-point:     1    nbnd_occ=  42
     k-point:     2    nbnd_occ=  42
     k-point:     3    nbnd_occ=  42
     k-point:     4    nbnd_occ=  42
     k-point:     5    nbnd_occ=  42
     k-point:     6    nbnd_occ=  42
     k-point:     7    nbnd_occ=  42
     k-point:     8    nbnd_occ=  42
     k-point:     9    nbnd_occ=  42
     k-point:    10    nbnd_occ=  42
     k-point:    11    nbnd_occ=  42
     k-point:    12    nbnd_occ=  42
     k-point:    13    nbnd_occ=  42
     k-point:    14    nbnd_occ=  42
     k-point:    15    nbnd_occ=  42
     k-point:    16    nbnd_occ=  42


     q-space interpolation up to   110.00 Rydberg

     GIPAW job: efg                                                                             


     ELECTRIC FIELD GRADIENTS TENSORS IN Hartree/bohrradius^2:

     ----- bare term -----
     Cl   1       -0.187265        0.272916       -0.021330
     Cl   1        0.272916       -0.027807        0.013509
     Cl   1       -0.021330        0.013509        0.215072

     C    2        0.055603        0.041196       -0.168187
     C    2        0.041196       -0.301823       -0.406421
     C    2       -0.168187       -0.406421        0.246220

     C    3       -0.374966        0.380532       -0.300043
     C    3        0.380532        0.135728       -0.014978
     C    3       -0.300043       -0.014978        0.239238

     H    4        0.124540       -0.050784       -0.183023
     H    4       -0.050784        0.407314       -0.184113
     H    4       -0.183023       -0.184113       -0.531854

     C    5       -0.055408       -0.245019       -0.436222
     C    5       -0.245019       -0.157302       -0.359496
     C    5       -0.436222       -0.359496        0.212710

     H    6        0.282984        0.069165        0.314869
     H    6        0.069165        0.075132       -0.421293
     H    6        0.314869       -0.421293       -0.358116

     H    7        0.397608        0.095851       -0.040615
     H    7        0.095851       -0.591498        0.373177
     H    7       -0.040615        0.373177        0.193890

     C    8       -0.428441       -0.283109       -0.426261
     C    8       -0.283109        0.057328        0.408027
     C    8       -0.426261        0.408027        0.371113

     H    9       -0.222267        0.065904       -0.555029
     H    9        0.065904        0.253550       -0.017940
     H    9       -0.555029       -0.017940       -0.031284

     C   10       -0.109187       -0.346667       -0.232302
     C   10       -0.346667       -0.216892        0.589713
     C   10       -0.232302        0.589713        0.326078

     C   11       -0.071808       -0.083528       -0.458607
     C   11       -0.083528       -0.062307        0.338786
     C   11       -0.458607        0.338786        0.134115

     Cl  12       -0.017094       -0.027823       -0.002182
     Cl  12       -0.027823       -0.036582       -0.046714
     Cl  12       -0.002182       -0.046714        0.053675

     H   13       -0.033280       -0.037081        0.282672
     H   13       -0.037081       -0.023465       -0.464193
     H   13        0.282672       -0.464193        0.056745

     C   14       -0.702360        0.403127       -0.416337
     C   14        0.403127        0.456104       -0.146930
     C   14       -0.416337       -0.146930        0.246256

     H   15        0.011336       -0.143091       -0.360077
     H   15       -0.143091        0.423267        0.104713
     H   15       -0.360077        0.104713       -0.434602

     C   16        0.022818        0.414908       -0.147533
     C   16        0.414908       -0.152504       -0.614991
     C   16       -0.147533       -0.614991        0.129686

     C   17       -0.543551        0.302647       -0.317183
     C   17        0.302647        0.201872       -0.296527
     C   17       -0.317183       -0.296527        0.341679

     Cl  18       -0.023165       -0.023265        0.055705
     Cl  18       -0.023265       -0.056042        0.059161
     Cl  18        0.055705        0.059161        0.079206

     H   19        0.388142        0.305212        0.104888
     H   19        0.305212       -0.634143       -0.197082
     H   19        0.104888       -0.197082        0.246001

     C   20       -0.263672       -0.223079       -0.291023
     C   20       -0.223079       -0.126268        0.369997
     C   20       -0.291023        0.369997        0.389940

     H   21       -0.215375        0.344453       -0.471969
     H   21        0.344453        0.094610        0.348656
     H   21       -0.471969        0.348656        0.120765

     C   22       -0.419541       -0.372059       -0.334045
     C   22       -0.372059        0.079272        0.371856
     C   22       -0.334045        0.371856        0.340269

     C   23       -0.077051       -0.147615       -0.275576
     C   23       -0.147615       -0.143167        0.578212
     C   23       -0.275576        0.578212        0.220217

     Cl  24       -0.125034       -0.068007       -0.043749
     Cl  24       -0.068007       -0.054391       -0.055906
     Cl  24       -0.043749       -0.055906        0.179425

     ----- ionic term -----
     Cl   1        0.120916       -0.229031        0.058581
     Cl   1       -0.229031        0.019194       -0.030477
     Cl   1        0.058581       -0.030477       -0.140110

     C    2        0.081063       -0.327083        0.295434
     C    2       -0.327083        0.012530        0.378719
     C    2        0.295434        0.378719       -0.093593

     C    3        0.048399       -0.344819        0.214681
     C    3       -0.344819        0.019248        0.368705
     C    3        0.214681        0.368705       -0.067647

     H    4        0.196410        0.132057        0.823056
     H    4        0.132057       -0.533622        0.221127
     H    4        0.823056        0.221127        0.337212

     C    5        0.161215       -0.230849        0.347290
     C    5       -0.230849       -0.093223        0.294984
     C    5        0.347290        0.294984       -0.067992

     H    6       -0.542332       -0.037349       -0.023480
     H    6       -0.037349        0.352847        0.794791
     H    6       -0.023480        0.794791        0.189485

     H    7       -0.491900       -0.212488        0.075582
     H    7       -0.212488        0.905980       -0.445511
     H    7        0.075582       -0.445511       -0.414080

     C    8        0.240679        0.146433        0.284122
     C    8        0.146433        0.135262       -0.249284
     C    8        0.284122       -0.249284       -0.375941

     H    9        0.578168       -0.260879        0.741774
     H    9       -0.260879       -0.424904       -0.224662
     H    9        0.741774       -0.224662       -0.153264

     C   10        0.142116        0.151861        0.232417
     C   10        0.151861        0.271981       -0.324303
     C   10        0.232417       -0.324303       -0.414097

     C   11        0.159538        0.049192        0.379448
     C   11        0.049192        0.217633       -0.359704
     C   11        0.379448       -0.359704       -0.377171

     Cl  12        0.119995        0.194473        0.026642
     Cl  12        0.194473        0.023023        0.006168
     Cl  12        0.026642        0.006168       -0.143018

     H   13       -0.472336       -0.229610       -0.096232
     H   13       -0.229610        0.586325        0.698499
     H   13       -0.096232        0.698499       -0.113989

     C   14        0.242769       -0.344408        0.278953
     C   14       -0.344408       -0.041699        0.269980
     C   14        0.278953        0.269980       -0.201069

     H   15        0.342151        0.281243        0.762153
     H   15        0.281243       -0.427110        0.327839
     H   15        0.762153        0.327839        0.084959

     C   16        0.159963       -0.347221        0.198291
     C   16       -0.347221        0.047862        0.379151
     C   16        0.198291        0.379151       -0.207825

     C   17        0.151512       -0.235134        0.349750
     C   17       -0.235134       -0.066904        0.366396
     C   17        0.349750        0.366396       -0.084608

     Cl  18        0.178021       -0.201344        0.056263
     Cl  18       -0.201344       -0.062171       -0.027225
     Cl  18        0.056263       -0.027225       -0.115850

     H   19       -0.493621       -0.155220        0.077835
     H   19       -0.155220        0.926813       -0.450081
     H   19        0.077835       -0.450081       -0.433192

     C   20        0.267715        0.156680        0.416491
     C   20        0.156680        0.131033       -0.207428
     C   20        0.416491       -0.207428       -0.398749

     H   21        0.399416       -0.305165        0.760533
     H   21       -0.305165       -0.438974       -0.288691
     H   21        0.760533       -0.288691        0.039558

     C   22        0.091747        0.236901        0.294649
     C   22        0.236901        0.211821       -0.306634
     C   22        0.294649       -0.306634       -0.303568

     C   23        0.162451        0.193743        0.326254
     C   23        0.193743        0.174263       -0.334638
     C   23        0.326254       -0.334638       -0.336715

     Cl  24        0.113876        0.220649        0.037513
     Cl  24        0.220649        0.057208        0.026988
     Cl  24        0.037513        0.026988       -0.171085

     ----- GIPAW term -----
     Cl   1       -1.104091       -0.887218       -0.677129
     Cl   1       -0.887218       -0.702665        1.630645
     Cl   1       -0.677129        1.630645        1.806755

     C    2       -0.074419       -0.044102        0.021558
     C    2       -0.044102        0.089058        0.184217
     C    2        0.021558        0.184217       -0.014639

     C    3       -0.057269       -0.020245       -0.115714
     C    3       -0.020245       -0.006103        0.083684
     C    3       -0.115714        0.083684        0.063372

     H    4       -0.000000        0.000000        0.000000
     H    4        0.000000        0.000000        0.000000
     H    4        0.000000        0.000000        0.000000

     C    5        0.031586       -0.148138       -0.183589
     C    5       -0.148138       -0.091236        0.048624
     C    5       -0.183589        0.048624        0.059650

     H    6       -0.000000        0.000000        0.000000
     H    6        0.000000        0.000000        0.000000
     H    6        0.000000        0.000000        0.000000

     H    7       -0.000000        0.000000        0.000000
     H    7        0.000000        0.000000        0.000000
     H    7        0.000000        0.000000        0.000000

     C    8       -0.065492       -0.101102       -0.121102
     C    8       -0.101102        0.008274        0.135520
     C    8       -0.121102        0.135520        0.057218

     H    9       -0.000000        0.000000        0.000000
     H    9        0.000000        0.000000        0.000000
     H    9        0.000000        0.000000        0.000000

     C   10       -0.057247       -0.093891       -0.073251
     C   10       -0.093891        0.030546        0.151996
     C   10       -0.073251        0.151996        0.026701

     C   11        0.023638       -0.041502       -0.157047
     C   11       -0.041502       -0.016828        0.128616
     C   11       -0.157047        0.128616       -0.006809

     Cl  12        0.164549       -0.231484       -1.155324
     Cl  12       -0.231484        0.779573        1.694432
     Cl  12       -1.155324        1.694432       -0.944122

     H   13       -0.000000        0.000000        0.000000
     H   13        0.000000        0.000000        0.000000
     H   13        0.000000        0.000000        0.000000

     C   14       -0.141887        0.171648       -0.058989
     C   14        0.171648        0.234684       -0.030888
     C   14       -0.058989       -0.030888       -0.092797

     H   15       -0.000000        0.000000        0.000000
     H   15        0.000000        0.000000        0.000000
     H   15        0.000000        0.000000        0.000000

     C   16       -0.052380        0.168899       -0.068444
     C   16        0.168899        0.119935       -0.183127
     C   16       -0.068444       -0.183127       -0.067555

     C   17       -0.112962       -0.116262       -0.042407
     C   17       -0.116262        0.230448       -0.041690
     C   17       -0.042407       -0.041690       -0.117486

     Cl  18        1.280261       -1.925035        1.847419
     Cl  18       -1.925035       -1.247941        0.110323
     Cl  18        1.847419        0.110323       -0.032321

     H   19       -0.000000        0.000000        0.000000
     H   19        0.000000        0.000000        0.000000
     H   19        0.000000        0.000000        0.000000

     C   20       -0.074224       -0.105042       -0.121288
     C   20       -0.105042       -0.016913        0.198757
     C   20       -0.121288        0.198757        0.091137

     H   21       -0.000000        0.000000        0.000000
     H   21        0.000000        0.000000        0.000000
     H   21        0.000000        0.000000        0.000000

     C   22       -0.114973       -0.145958       -0.099811
     C   22       -0.145958        0.135880        0.077892
     C   22       -0.099811        0.077892       -0.020907

     C   23        0.070029        0.040715       -0.055525
     C   23        0.040715        0.027495        0.102947
     C   23       -0.055525        0.102947       -0.097524

     Cl  24        0.556154        1.996296       -0.326830
     Cl  24        1.996296       -0.301908       -0.467678
     Cl  24       -0.326830       -0.467678       -0.254246

     ----- total EFG -----
     Cl   1       -1.170439       -0.843334       -0.639878
     Cl   1       -0.843334       -0.711278        1.613677
     Cl   1       -0.639878        1.613677        1.881718

     C    2        0.062248       -0.329989        0.148805
     C    2       -0.329989       -0.200235        0.156515
     C    2        0.148805        0.156515        0.137987

     C    3       -0.383835        0.015468       -0.201076
     C    3        0.015468        0.148873        0.437410
     C    3       -0.201076        0.437410        0.234962

     H    4        0.320949        0.081274        0.640033
     H    4        0.081274       -0.126308        0.037013
     H    4        0.640033        0.037013       -0.194641

     C    5        0.137392       -0.624007       -0.272521
     C    5       -0.624007       -0.341760       -0.015889
     C    5       -0.272521       -0.015889        0.204368

     H    6       -0.259348        0.031816        0.291390
     H    6        0.031816        0.427979        0.373499
     H    6        0.291390        0.373499       -0.168631

     H    7       -0.094291       -0.116637        0.034967
     H    7       -0.116637        0.314482       -0.072334
     H    7        0.034967       -0.072334       -0.220191

     C    8       -0.253255       -0.237778       -0.263242
     C    8       -0.237778        0.200865        0.294263
     C    8       -0.263242        0.294263        0.052391

     H    9        0.355901       -0.194975        0.186745
     H    9       -0.194975       -0.171354       -0.242602
     H    9        0.186745       -0.242602       -0.184547

     C   10       -0.024318       -0.288697       -0.073135
     C   10       -0.288697        0.085636        0.417406
     C   10       -0.073135        0.417406       -0.061318

     C   11        0.111367       -0.075838       -0.236206
     C   11       -0.075838        0.138498        0.107698
     C   11       -0.236206        0.107698       -0.249865

     Cl  12        0.267450       -0.064834       -1.130863
     Cl  12       -0.064834        0.766014        1.653885
     Cl  12       -1.130863        1.653885       -1.033465

     H   13       -0.505615       -0.266692        0.186440
     H   13       -0.266692        0.562860        0.234306
     H   13        0.186440        0.234306       -0.057244

     C   14       -0.601479        0.230367       -0.196373
     C   14        0.230367        0.649089        0.092162
     C   14       -0.196373        0.092162       -0.047610

     H   15        0.353486        0.138152        0.402075
     H   15        0.138152       -0.003843        0.432552
     H   15        0.402075        0.432552       -0.349643

     C   16        0.130400        0.236586       -0.017686
     C   16        0.236586        0.015294       -0.418967
     C   16       -0.017686       -0.418967       -0.145694

     C   17       -0.505001       -0.048749       -0.009840
     C   17       -0.048749        0.365417        0.028179
     C   17       -0.009840        0.028179        0.139584

     Cl  18        1.435117       -2.149644        1.959387
     Cl  18       -2.149644       -1.366153        0.142259
     Cl  18        1.959387        0.142259       -0.068964

     H   19       -0.105478        0.149992        0.182722
     H   19        0.149992        0.292670       -0.647163
     H   19        0.182722       -0.647163       -0.187192

     C   20       -0.070181       -0.171441        0.004180
     C   20       -0.171441       -0.012147        0.361326
     C   20        0.004180        0.361326        0.082328

     H   21        0.184041        0.039288        0.288564
     H   21        0.039288       -0.344364        0.059965
     H   21        0.288564        0.059965        0.160323

     C   22       -0.442768       -0.281117       -0.139207
     C   22       -0.281117        0.426974        0.143114
     C   22       -0.139207        0.143114        0.015794

     C   23        0.155430        0.086844       -0.004847
     C   23        0.086844        0.058592        0.346521
     C   23       -0.004847        0.346521       -0.214021

     Cl  24        0.544997        2.148938       -0.333067
     Cl  24        2.148938       -0.299091       -0.496596
     Cl  24       -0.333067       -0.496596       -0.245906

     ----- total EFG (symmetrized) -----
     Cl   1       -1.170439       -0.843334       -0.639878
     Cl   1       -0.843334       -0.711278        1.613677
     Cl   1       -0.639878        1.613677        1.881718

     C    2        0.062248       -0.329989        0.148805
     C    2       -0.329989       -0.200235        0.156515
     C    2        0.148805        0.156515        0.137987

     C    3       -0.383835        0.015468       -0.201076
     C    3        0.015468        0.148873        0.437410
     C    3       -0.201076        0.437410        0.234962

     H    4        0.320949        0.081274        0.640033
     H    4        0.081274       -0.126308        0.037013
     H    4        0.640033        0.037013       -0.194641

     C    5        0.137392       -0.624007       -0.272521
     C    5       -0.624007       -0.341760       -0.015889
     C    5       -0.272521       -0.015889        0.204368

     H    6       -0.259348        0.031816        0.291390
     H    6        0.031816        0.427979        0.373499
     H    6        0.291390        0.373499       -0.168631

     H    7       -0.094291       -0.116637        0.034967
     H    7       -0.116637        0.314482       -0.072334
     H    7        0.034967       -0.072334       -0.220191

     C    8       -0.253255       -0.237778       -0.263242
     C    8       -0.237778        0.200865        0.294263
     C    8       -0.263242        0.294263        0.052391

     H    9        0.355901       -0.194975        0.186745
     H    9       -0.194975       -0.171354       -0.242602
     H    9        0.186745       -0.242602       -0.184547

     C   10       -0.024318       -0.288697       -0.073135
     C   10       -0.288697        0.085636        0.417406
     C   10       -0.073135        0.417406       -0.061318

     C   11        0.111367       -0.075838       -0.236206
     C   11       -0.075838        0.138498        0.107698
     C   11       -0.236206        0.107698       -0.249865

     Cl  12        0.267450       -0.064834       -1.130863
     Cl  12       -0.064834        0.766014        1.653885
     Cl  12       -1.130863        1.653885       -1.033465

     H   13       -0.505615       -0.266692        0.186440
     H   13       -0.266692        0.562860        0.234306
     H   13        0.186440        0.234306       -0.057244

     C   14       -0.601479        0.230367       -0.196373
     C   14        0.230367        0.649089        0.092162
     C   14       -0.196373        0.092162       -0.047610

     H   15        0.353486        0.138152        0.402075
     H   15        0.138152       -0.003843        0.432552
     H   15        0.402075        0.432552       -0.349643

     C   16        0.130400        0.236586       -0.017686
     C   16        0.236586        0.015294       -0.418967
     C   16       -0.017686       -0.418967       -0.145694

     C   17       -0.505001       -0.048749       -0.009840
     C   17       -0.048749        0.365417        0.028179
     C   17       -0.009840        0.028179        0.139584

     Cl  18        1.435117       -2.149644        1.959387
     Cl  18       -2.149644       -1.366153        0.142259
     Cl  18        1.959387        0.142259       -0.068964

     H   19       -0.105478        0.149992        0.182722
     H   19        0.149992        0.292670       -0.647163
     H   19        0.182722       -0.647163       -0.187192

     C   20       -0.070181       -0.171441        0.004180
     C   20       -0.171441       -0.012147        0.361326
     C   20        0.004180        0.361326        0.082328

     H   21        0.184041        0.039288        0.288564
     H   21        0.039288       -0.344364        0.059965
     H   21        0.288564        0.059965        0.160323

     C   22       -0.442768       -0.281117       -0.139207
     C   22       -0.281117        0.426974        0.143114
     C   22       -0.139207        0.143114        0.015794

     C   23        0.155430        0.086844       -0.004847
     C   23        0.086844        0.058592        0.346521
     C   23       -0.004847        0.346521       -0.214021

     Cl  24        0.544997        2.148938       -0.333067
     Cl  24        2.148938       -0.299091       -0.496596
     Cl  24       -0.333067       -0.496596       -0.245906


     NQR/NMR SPECTROSCOPIC PARAMETERS:
     Cl   1    Vxx=   -0.9649    axis=( -0.719061  0.522717 -0.457949)
     Cl   1    Vyy=   -1.9123    axis=(  0.656000  0.728049 -0.199019)
     Cl   1    Vzz=    2.8772    axis=( -0.229379  0.443522  0.866414)
     Cl   1  Q=        -8.1650 1e-30 m^2  Cq=       -55.1971 MHz  eta= 0.32927

     C    2    Vxx=    0.1971    axis=( -0.119733  0.448367  0.885794)
     C    2    Vyy=    0.2988    axis=( -0.830557  0.443564 -0.336787)
     C    2    Vzz=   -0.4959    axis=( -0.543911 -0.776027  0.319285)
     C    2  Q=         1.0000 1e-30 m^2  Cq=        -1.1652 MHz  eta= 0.20512

     C    3    Vxx=   -0.1608    axis=(  0.507709  0.694574 -0.509704)
     C    3    Vyy=   -0.4896    axis=( -0.850749  0.310899 -0.423755)
     C    3    Vzz=    0.6505    axis=( -0.135863  0.648775  0.748754)
     C    3  Q=         1.0000 1e-30 m^2  Cq=         1.5283 MHz  eta= 0.50555

     H    4    Vxx=   -0.1346    axis=(  0.065029 -0.994670  0.080022)
     H    4    Vyy=   -0.6273    axis=(  0.560964 -0.029882 -0.827300)
     H    4    Vzz=    0.7619    axis=(  0.825282  0.098688  0.556031)
     H    4  Q=         1.0000 1e-30 m^2  Cq=         1.7901 MHz  eta= 0.64667

     C    5    Vxx=    0.1292    axis=(  0.266386 -0.382815  0.884585)
     C    5    Vyy=    0.6703    axis=(  0.769793 -0.467798 -0.434263)
     C    5    Vzz=   -0.7995    axis=(  0.580050  0.796629  0.170073)
     C    5  Q=         1.0000 1e-30 m^2  Cq=        -1.8785 MHz  eta= 0.67686

     H    6    Vxx=   -0.0713    axis=(  0.733503 -0.436490  0.521008)
     H    6    Vyy=   -0.5652    axis=(  0.654660  0.247616 -0.714217)
     H    6    Vzz=    0.6365    axis=(  0.182739  0.864964  0.467380)
     H    6  Q=         1.0000 1e-30 m^2  Cq=         1.4956 MHz  eta= 0.77595

     H    7    Vxx=   -0.1231    axis=(  0.951307  0.276184  0.136883)
     H    7    Vyy=   -0.2331    axis=(  0.168408 -0.093748 -0.981249)
     H    7    Vzz=    0.3562    axis=( -0.258172  0.956522 -0.135695)
     H    7  Q=         1.0000 1e-30 m^2  Cq=         0.8370 MHz  eta= 0.30874

     C    8    Vxx=   -0.1640    axis=( -0.202941 -0.691431  0.693353)
     C    8    Vyy=   -0.4138    axis=( -0.898474 -0.150032 -0.412595)
     C    8    Vzz=    0.5779    axis=(  0.389306 -0.706692 -0.590785)
     C    8  Q=         1.0000 1e-30 m^2  Cq=         1.3577 MHz  eta= 0.43236

     H    9    Vxx=   -0.0964    axis=( -0.512515 -0.612999  0.601299)
     H    9    Vyy=   -0.4206    axis=( -0.003432 -0.698793 -0.715315)
     H    9    Vzz=    0.5170    axis=(  0.858671 -0.368674  0.356038)
     H    9  Q=         1.0000 1e-30 m^2  Cq=         1.2149 MHz  eta= 0.62713

     C   10    Vxx=   -0.1032    axis=(  0.838058  0.092863  0.537621)
     C   10    Vyy=   -0.4590    axis=( -0.341609 -0.679020  0.649797)
     C   10    Vzz=    0.5623    axis=( -0.425397  0.728223  0.537334)
     C   10  Q=         1.0000 1e-30 m^2  Cq=         1.3211 MHz  eta= 0.63283

     C   11    Vxx=    0.0654    axis=(  0.568171  0.809265 -0.149240)
     C   11    Vyy=    0.3093    axis=( -0.709176  0.573520  0.410055)
     C   11    Vzz=   -0.3747    axis=(  0.417435 -0.127144  0.899768)
     C   11  Q=         1.0000 1e-30 m^2  Cq=        -0.8803 MHz  eta= 0.65093

     Cl  12    Vxx=    0.3523    axis=(  0.856592  0.507476 -0.093364)
     Cl  12    Vyy=    2.0121    axis=(  0.381950 -0.745261 -0.546534)
     Cl  12    Vzz=   -2.3644    axis=( -0.346934  0.432496 -0.832216)
     Cl  12  Q=        -8.1650 1e-30 m^2  Cq=        45.3600 MHz  eta= 0.70200

     H   13    Vxx=   -0.0117    axis=(  0.425249 -0.165478  0.889821)
     H   13    Vyy=   -0.6639    axis=(  0.888288  0.264790 -0.375274)
     H   13    Vzz=    0.6756    axis=( -0.173516  0.950002  0.259593)
     H   13  Q=         1.0000 1e-30 m^2  Cq=         1.5874 MHz  eta= 0.96531

     C   14    Vxx=    0.0145    axis=( -0.312005 -0.024671  0.949760)
     C   14    Vyy=    0.6946    axis=( -0.162826 -0.983484 -0.079038)
     C   14    Vzz=   -0.7091    axis=(  0.936024 -0.179306  0.302835)
     C   14  Q=         1.0000 1e-30 m^2  Cq=        -1.6662 MHz  eta= 0.95909

     H   15    Vxx=    0.0210    axis=(  0.602447 -0.762405 -0.236211)
     H   15    Vyy=    0.6903    axis=(  0.755025  0.448390  0.478418)
     H   15    Vzz=   -0.7113    axis=( -0.258833 -0.466567  0.845766)
     H   15  Q=         1.0000 1e-30 m^2  Cq=        -1.6713 MHz  eta= 0.94094

     C   16    Vxx=    0.0463    axis=( -0.832609  0.259397 -0.489362)
     C   16    Vyy=    0.4763    axis=(  0.508827  0.707223 -0.490848)
     C   16    Vzz=   -0.5226    axis=( -0.218763  0.657685  0.720828)
     C   16  Q=         1.0000 1e-30 m^2  Cq=        -1.2279 MHz  eta= 0.82282

     C   17    Vxx=    0.1361    axis=( -0.005862 -0.123212  0.992363)
     C   17    Vyy=    0.3717    axis=( -0.056473  0.990837  0.122689)
     C   17    Vzz=   -0.5078    axis=( -0.998387 -0.055323 -0.012767)
     C   17  Q=         1.0000 1e-30 m^2  Cq=        -1.1932 MHz  eta= 0.46382

     Cl  18    Vxx=   -0.4360    axis=( -0.191362  0.564995  0.802597)
     Cl  18    Vyy=   -2.9919    axis=(  0.537000  0.744737 -0.396229)
     Cl  18    Vzz=    3.4279    axis=( -0.821591  0.355171 -0.445916)
     Cl  18  Q=        -8.1650 1e-30 m^2  Cq=       -65.7616 MHz  eta= 0.74562

     H   19    Vxx=   -0.0165    axis=(  0.934689  0.183632  0.304361)
     H   19    Vyy=   -0.7269    axis=( -0.354709  0.537704  0.764889)
     H   19    Vzz=    0.7434    axis=( -0.023198 -0.822893  0.567722)
     H   19  Q=         1.0000 1e-30 m^2  Cq=         1.7467 MHz  eta= 0.95558

     C   20    Vxx=   -0.0383    axis=(  0.888205 -0.154691  0.432624)
     C   20    Vyy=   -0.3868    axis=(  0.399702  0.724488 -0.561565)
     C   20    Vzz=    0.4251    axis=( -0.226562  0.671705  0.705324)
     C   20  Q=         1.0000 1e-30 m^2  Cq=         0.9988 MHz  eta= 0.81987

     H   21    Vxx=   -0.1155    axis=( -0.696737  0.067518  0.714142)
     H   21    Vyy=   -0.3515    axis=( -0.014606  0.994019 -0.108229)
     H   21    Vzz=    0.4670    axis=( -0.717178 -0.085838 -0.691584)
     H   21  Q=         1.0000 1e-30 m^2  Cq=         1.0973 MHz  eta= 0.50520

     C   22    Vxx=   -0.0252    axis=( -0.079323 -0.345263  0.935148)
     C   22    Vyy=   -0.5421    axis=( -0.952422 -0.250687 -0.173344)
     C   22    Vzz=    0.5673    axis=(  0.294279 -0.904405 -0.308951)
     C   22  Q=         1.0000 1e-30 m^2  Cq=         1.3330 MHz  eta= 0.91103

     C   23    Vxx=    0.1311    axis=(  0.918052 -0.273250 -0.287253)
     C   23    Vyy=    0.3236    axis=(  0.386734  0.776723  0.497130)
     C   23    Vzz=   -0.4547    axis=(  0.087275 -0.567482  0.818747)
     C   23  Q=         1.0000 1e-30 m^2  Cq=        -1.0684 MHz  eta= 0.42339

     Cl  24    Vxx=   -0.3518    axis=(  0.223442  0.057565  0.973016)
     Cl  24    Vyy=   -2.0838    axis=(  0.622522 -0.776566 -0.097012)
     Cl  24    Vzz=    2.4356    axis=(  0.750026  0.627401 -0.209353)
     Cl  24  Q=        -8.1650 1e-30 m^2  Cq=       -46.7250 MHz  eta= 0.71114

     Initialization:
     gipaw_setup  :      9.01s CPU     11.41s WALL (       1 calls)

     Linear response

     Apply operators

     Induced current

     Other routines
     efg          :      9.46s CPU     11.78s WALL (       1 calls)

     General routines
     calbec       :      3.30s CPU      4.28s WALL (      16 calls)
     fft          :      1.36s CPU      1.66s WALL (      15 calls)
     ffts         :      0.04s CPU      0.04s WALL (       2 calls)
     fftw         :      3.37s CPU      4.08s WALL (     672 calls)
     davcio       :      0.01s CPU      0.34s WALL (      32 calls)

     Parallel routines
     fft_scatter  :      2.06s CPU      2.93s WALL (     689 calls)

     Plugins

     GIPAW        :     62.49s CPU     74.81s WALL (       1 calls)
