
     Program QE v.6.0 (svn rev. 13079) starts on  3Jan2017 at  1:13:18 

     This program is part of the open-source Quantum ESPRESSO suite
     for quantum simulation of materials; please cite
         "P. Giannozzi et al., J. Phys.:Condens. Matter 21 395502 (2009);
          URL http://www.quantum-espresso.org", 
     in publications or presentations arising from this work. More details at
     http://www.quantum-espresso.org/quote

     Parallel version (MPI), running on     8 processors
     R & G space division:  proc/nbgrp/npool/nimage =       8

     ***** This is GIPAW svn revision unknown      *****

     Parallelizing q-star over 1 images

     Reading data from directory:
     /users/majewski/paradichlorobenzene/pbe/9_constraint/scratch/pbe.ecut100.np8.dt60.pcl2phi-129368.save
     Message from routine read_xml_file:
     file /users/majewski/paradichlorobenzene/pbe/9_constraint/scratch/pbe.ecut100.np8.dt60.pcl2phi-129368.save not guaranteed to be safe for post-processing

   Info: using nr1, nr2, nr3 values from input

   Info: using nr1, nr2, nr3 values from input

     IMPORTANT: XC functional enforced from input :
     Exchange-correlation      =  SLA  PW   PBX  PBC ( 1  4  3  4 0 0)
     Any further DFT definition will be discarded
     Please, verify this is what you really want

               file C.pbe-n-kjpaw_psl.1.0.0.UPF: wavefunction(s)  2S 2P renormalized
               file Cl.pbe-n-kjpaw_psl.1.0.0.UPF: wavefunction(s)  3S 3P renormalized
               file H.pbe-kjpaw_psl.1.0.0.UPF: wavefunction(s)  1S renormalized

     Parallelization info
     --------------------
     sticks:   dense  smooth     PW     G-vecs:    dense   smooth      PW
     Min        3057    1223    332               144436    36536    5170
     Max        3059    1225    333               144437    36537    5171
     Sum       24467    9791   2657              1155489   292295   41363


     Subspace diagonalization in iterative solution of the eigenvalue problem:
     a serial algorithm will be used

     GIPAW projectors -----------------------------------------------
     atom=  C    l=0  rc=    1.2000  rs=    0.8000
     atom=  C    l=0  rc=    1.2000  rs=    0.8000
     atom=  C    l=1  rc=    1.4000  rs=    0.9333
     atom=  C    l=1  rc=    1.4000  rs=    0.9333
     projs nearly linearly dependent: l=1  n1,n2= 1, 2  s=  0.99951561

     atom=  Cl   l=0  rc=    1.6000  rs=    1.0667
     atom=  Cl   l=0  rc=    1.6000  rs=    1.0667
     atom=  Cl   l=1  rc=    1.6000  rs=    1.0667
     atom=  Cl   l=1  rc=    1.6000  rs=    1.0667
     atom=  Cl   l=2  rc=    1.6000  rs=    1.0667
     atom=  Cl   l=2  rc=    1.6000  rs=    1.0667
     projs nearly linearly dependent: l=2  n1,n2= 1, 2  s=  0.99993509

     atom=  H    l=0  rc=    1.0000  rs=    0.6667
     atom=  H    l=0  rc=    1.0000  rs=    0.6667
     projs nearly linearly dependent: l=0  n1,n2= 1, 2  s=  0.99968852
     -----------------------------------------------------------------

     GIPAW integrals: -------------------------------------------
     Atom  i/j   nmr_para   nmr_dia   epr_rmc  epr_para   epr_dia
       C   1 1   0.83E+03  0.17E-01  0.93E+01  0.24E+08  0.24E+03
       C   2 1   0.86E+03 -0.61E-01  0.94E+01  0.25E+08  0.25E+03
       C   2 2   0.90E+03 -0.15E+00  0.97E+01  0.26E+08  0.26E+03
       C   3 3   0.33E+01  0.34E+00  0.18E+01  0.55E+03  0.21E+02
       C   4 3   0.35E+01  0.37E+00  0.20E+01  0.59E+03  0.22E+02
       C   4 4   0.38E+01  0.39E+00  0.22E+01  0.63E+03  0.24E+02
       Cl  1 1   0.14E+04 -0.47E+00  0.84E+01  0.32E+09  0.42E+03
       Cl  2 1   0.21E+04 -0.37E+00  0.12E+02  0.49E+09  0.65E+03
       Cl  2 2   0.33E+04 -0.16E+00  0.21E+02  0.76E+09  0.10E+04
       Cl  3 3   0.21E+02  0.79E-01  0.89E+01  0.23E+05  0.13E+03
       Cl  4 3   0.24E+02  0.67E-01  0.99E+01  0.27E+05  0.15E+03
       Cl  4 4   0.28E+02  0.44E-01  0.11E+02  0.32E+05  0.18E+03
       Cl  5 5   0.77E+00  0.19E+00  0.18E+01  0.12E+03  0.22E+02
       Cl  6 5   0.80E+00  0.19E+00  0.19E+01  0.12E+03  0.23E+02
       Cl  6 6   0.83E+00  0.20E+00  0.19E+01  0.12E+03  0.23E+02
       H   1 1   0.39E+02  0.19E+00  0.29E+00  0.78E+05  0.13E+02
       H   2 1   0.41E+02  0.21E+00  0.32E+00  0.82E+05  0.14E+02
       H   2 2   0.43E+02  0.22E+00  0.36E+00  0.86E+05  0.15E+02
     ------------------------------------------------------------

     alpha_pv=     33.8850 eV

     Number of occupied bands for each k-point:
     k-point:     1    nbnd_occ=  42
     k-point:     2    nbnd_occ=  42
     k-point:     3    nbnd_occ=  42
     k-point:     4    nbnd_occ=  42
     k-point:     5    nbnd_occ=  42
     k-point:     6    nbnd_occ=  42
     k-point:     7    nbnd_occ=  42
     k-point:     8    nbnd_occ=  42
     k-point:     9    nbnd_occ=  42
     k-point:    10    nbnd_occ=  42
     k-point:    11    nbnd_occ=  42
     k-point:    12    nbnd_occ=  42
     k-point:    13    nbnd_occ=  42
     k-point:    14    nbnd_occ=  42
     k-point:    15    nbnd_occ=  42
     k-point:    16    nbnd_occ=  42


     q-space interpolation up to   110.00 Rydberg

     GIPAW job: efg                                                                             


     ELECTRIC FIELD GRADIENTS TENSORS IN Hartree/bohrradius^2:

     ----- bare term -----
     Cl   1       -0.096941       -0.041263       -0.066835
     Cl   1       -0.041263       -0.103111        0.012410
     Cl   1       -0.066835        0.012410        0.200052

     C    2       -0.572665        0.325307       -0.368354
     C    2        0.325307        0.268967       -0.266068
     C    2       -0.368354       -0.266068        0.303697

     C    3       -0.037467        0.091350       -0.267372
     C    3        0.091350       -0.393023       -0.462836
     C    3       -0.267372       -0.462836        0.430490

     H    4       -0.553572       -0.313301        0.017459
     H    4       -0.313301        0.408079       -0.087511
     H    4        0.017459       -0.087511        0.145493

     C    5       -0.684936        0.306212       -0.431749
     C    5        0.306212        0.163642       -0.099853
     C    5       -0.431749       -0.099853        0.521294

     H    6        0.088285       -0.312449        0.149820
     H    6       -0.312449       -0.418343       -0.313311
     H    6        0.149820       -0.313311        0.330058

     H    7        0.450423        0.130881       -0.028873
     H    7        0.130881       -0.772014        0.316283
     H    7       -0.028873        0.316283        0.321590

     C    8       -0.136994       -0.307581       -0.164361
     C    8       -0.307581       -0.110960        0.422033
     C    8       -0.164361        0.422033        0.247954

     H    9       -0.283482        0.535496       -0.122261
     H    9        0.535496       -0.073877       -0.076434
     H    9       -0.122261       -0.076434        0.357359

     C   10       -0.453936       -0.324563       -0.169480
     C   10       -0.324563        0.080457        0.387088
     C   10       -0.169480        0.387088        0.373479

     C   11       -0.005141        0.051259       -0.165169
     C   11        0.051259       -0.011060        0.465102
     C   11       -0.165169        0.465102        0.016201

     Cl  12        0.103526       -0.135602        0.047128
     Cl  12       -0.135602        0.109903       -0.232177
     Cl  12        0.047128       -0.232177       -0.213429

     H   13        0.458783       -0.050931       -0.029408
     H   13       -0.050931       -0.787875        0.064900
     H   13       -0.029408        0.064900        0.329091

     C   14       -0.102805        0.006130       -0.206003
     C   14        0.006130       -0.029312       -0.396852
     C   14       -0.206003       -0.396852        0.132117

     H   15       -0.098355       -0.434263       -0.114271
     H   15       -0.434263       -0.304819        0.059935
     H   15       -0.114271        0.059935        0.403174

     C   16       -0.375760        0.167711        0.008957
     C   16        0.167711        0.019772       -0.031673
     C   16        0.008957       -0.031673        0.355988

     C   17        0.024909        0.042126       -0.215675
     C   17        0.042126        0.037735       -0.642223
     C   17       -0.215675       -0.642223       -0.062644

     Cl  18       -0.217586        0.243483        0.023309
     Cl  18        0.243483        0.053034        0.129411
     Cl  18        0.023309        0.129411        0.164552

     H   19        0.490564        0.050719        0.069224
     H   19        0.050719       -0.264161        0.385212
     H   19        0.069224        0.385212       -0.226402

     C   20       -0.656917       -0.335188       -0.185810
     C   20       -0.335188        0.360418        0.247129
     C   20       -0.185810        0.247129        0.296499

     H   21       -0.372734        0.053342       -0.535715
     H   21        0.053342        0.252912        0.092005
     H   21       -0.535715        0.092005        0.119821

     C   22       -0.041045       -0.076134       -0.246591
     C   22       -0.076134       -0.152910        0.578491
     C   22       -0.246591        0.578491        0.193955

     C   23       -0.518473       -0.215388       -0.380606
     C   23       -0.215388        0.144512        0.239246
     C   23       -0.380606        0.239246        0.373961

     Cl  24       -0.087060        0.064556       -0.037207
     Cl  24        0.064556       -0.078020       -0.077129
     Cl  24       -0.037207       -0.077129        0.165080

     ----- ionic term -----
     Cl   1        0.193820       -0.206122       -0.046301
     Cl   1       -0.206122       -0.053746        0.028545
     Cl   1       -0.046301        0.028545       -0.140073

     C    2        0.324030       -0.071255        0.131113
     C    2       -0.071255        0.130846        0.378112
     C    2        0.131113        0.378112       -0.454876

     C    3        0.203920       -0.172898        0.114398
     C    3       -0.172898        0.271322        0.338305
     C    3        0.114398        0.338305       -0.475243

     H    4        0.736750        0.483750        0.460985
     H    4        0.483750       -0.287069        0.234919
     H    4        0.460985        0.234919       -0.449682

     C    5        0.294410       -0.091782        0.187399
     C    5       -0.091782        0.171107        0.255950
     C    5        0.187399        0.255950       -0.465517

     H    6       -0.474644        0.290930        0.124895
     H    6        0.290930        0.835348        0.516870
     H    6        0.124895        0.516870       -0.360703

     H    7       -0.529989       -0.034751        0.017383
     H    7       -0.034751        0.770605       -0.675203
     H    7        0.017383       -0.675203       -0.240616

     C    8        0.289854        0.188614        0.104603
     C    8        0.188614        0.054109       -0.349553
     C    8        0.104603       -0.349553       -0.343964

     H    9        0.688658       -0.365912        0.595440
     H    9       -0.365912       -0.439829       -0.260133
     H    9        0.595440       -0.260133       -0.248830

     C   10        0.180281        0.197567        0.079903
     C   10        0.197567        0.084911       -0.489086
     C   10        0.079903       -0.489086       -0.265192

     C   11        0.209153        0.113666        0.174384
     C   11        0.113666        0.053363       -0.479801
     C   11        0.174384       -0.479801       -0.262516

     Cl  12        0.105690        0.191189       -0.029756
     Cl  12        0.191189        0.024745       -0.032677
     Cl  12       -0.029756       -0.032677       -0.130434

     H   13       -0.490240        0.007894       -0.007935
     H   13        0.007894        0.758207        0.623683
     H   13       -0.007935        0.623683       -0.267967

     C   14        0.413499       -0.157146        0.160082
     C   14       -0.157146        0.075960        0.294803
     C   14        0.160082        0.294803       -0.489459

     H   15        0.579973        0.440442        0.599338
     H   15        0.440442       -0.286650        0.303235
     H   15        0.599338        0.303235       -0.293323

     C   16        0.225592       -0.188836        0.141592
     C   16       -0.188836        0.268016        0.338623
     C   16        0.141592        0.338623       -0.493608

     C   17        0.191722       -0.099902        0.237882
     C   17       -0.099902        0.274721        0.276602
     C   17        0.237882        0.276602       -0.466443

     Cl  18        0.131308       -0.185619        0.055771
     Cl  18       -0.185619        0.028168       -0.032334
     Cl  18        0.055771       -0.032334       -0.159476

     H   19       -0.491931       -0.011252        0.019968
     H   19       -0.011252        0.698629       -0.705717
     H   19        0.019968       -0.705717       -0.206697

     C   20        0.411130        0.179007        0.135004
     C   20        0.179007       -0.036081       -0.351114
     C   20        0.135004       -0.351114       -0.375049

     H   21        0.516530       -0.342652        0.692279
     H   21       -0.342652       -0.426256       -0.297558
     H   21        0.692279       -0.297558       -0.090274

     C   22        0.193529        0.195803        0.099520
     C   22        0.195803        0.076916       -0.475467
     C   22        0.099520       -0.475467       -0.270445

     C   23        0.186579        0.129019        0.160853
     C   23        0.129019        0.079345       -0.458486
     C   23        0.160853       -0.458486       -0.265923

     Cl  24        0.144669        0.205944       -0.028924
     Cl  24        0.205944       -0.012431       -0.019332
     Cl  24       -0.028924       -0.019332       -0.132237

     ----- GIPAW term -----
     Cl   1        0.155740       -2.165284       -0.938315
     Cl   1       -2.165284       -1.135624        0.256492
     Cl   1       -0.938315        0.256492        0.979884

     C    2       -0.137992       -0.041094       -0.054867
     C    2       -0.041094        0.266898       -0.022850
     C    2       -0.054867       -0.022850       -0.128906

     C    3       -0.070115       -0.054436       -0.105805
     C    3       -0.054436       -0.049917        0.061014
     C    3       -0.105805        0.061014        0.120032

     H    4       -0.000000        0.000000        0.000000
     H    4        0.000000        0.000000        0.000000
     H    4        0.000000        0.000000        0.000000

     C    5       -0.158855       -0.011164       -0.109103
     C    5       -0.011164        0.079561        0.109129
     C    5       -0.109103        0.109129        0.079294

     H    6       -0.000000        0.000000        0.000000
     H    6        0.000000        0.000000        0.000000
     H    6        0.000000        0.000000        0.000000

     H    7       -0.000000        0.000000        0.000000
     H    7        0.000000        0.000000        0.000000
     H    7        0.000000        0.000000        0.000000

     C    8       -0.058152       -0.144319        0.012612
     C    8       -0.144319        0.126999        0.027165
     C    8        0.012612        0.027165       -0.068847

     H    9       -0.000000        0.000000        0.000000
     H    9        0.000000        0.000000        0.000000
     H    9        0.000000        0.000000        0.000000

     C   10       -0.173721       -0.090257       -0.068643
     C   10       -0.090257        0.150322        0.191111
     C   10       -0.068643        0.191111        0.023399

     C   11       -0.029684        0.013366       -0.042874
     C   11        0.013366        0.058996        0.129412
     C   11       -0.042874        0.129412       -0.029312

     Cl  12       -0.481574        0.429970       -0.465273
     Cl  12        0.429970       -0.588589        0.894781
     Cl  12       -0.465273        0.894781        1.070163

     H   13       -0.000000        0.000000        0.000000
     H   13        0.000000        0.000000        0.000000
     H   13        0.000000        0.000000        0.000000

     C   14       -0.078348        0.024837       -0.025188
     C   14        0.024837        0.144168       -0.168074
     C   14       -0.025188       -0.168074       -0.065820

     H   15       -0.000000        0.000000        0.000000
     H   15        0.000000        0.000000        0.000000
     H   15        0.000000        0.000000        0.000000

     C   16       -0.074618        0.002102        0.003131
     C   16        0.002102        0.076352       -0.036280
     C   16        0.003131       -0.036280       -0.001734

     C   17       -0.052677       -0.000250       -0.024878
     C   17       -0.000250        0.265848       -0.072176
     C   17       -0.024878       -0.072176       -0.213171

     Cl  18       -0.797421       -0.395612        0.467770
     Cl  18       -0.395612        1.092206        2.202325
     Cl  18        0.467770        2.202325       -0.294784

     H   19       -0.000000        0.000000        0.000000
     H   19        0.000000        0.000000        0.000000
     H   19        0.000000        0.000000        0.000000

     C   20       -0.187009       -0.028746       -0.005186
     C   20       -0.028746        0.210509        0.141129
     C   20       -0.005186        0.141129       -0.023500

     H   21       -0.000000        0.000000        0.000000
     H   21        0.000000        0.000000        0.000000
     H   21        0.000000        0.000000        0.000000

     C   22       -0.090447        0.061633       -0.053805
     C   22        0.061633        0.160138        0.031181
     C   22       -0.053805        0.031181       -0.069691

     C   23       -0.090508        0.075417       -0.062850
     C   23        0.075417        0.129272       -0.065766
     C   23       -0.062850       -0.065766       -0.038764

     Cl  24        0.082278        2.332524       -0.746737
     Cl  24        2.332524       -0.842097       -1.049481
     Cl  24       -0.746737       -1.049481        0.759819

     ----- total EFG -----
     Cl   1        0.252619       -2.412669       -1.051452
     Cl   1       -2.412669       -1.292482        0.297447
     Cl   1       -1.051452        0.297447        1.039863

     C    2       -0.386627        0.212959       -0.292108
     C    2        0.212959        0.666712        0.089194
     C    2       -0.292108        0.089194       -0.280085

     C    3        0.096338       -0.135984       -0.258779
     C    3       -0.135984       -0.171618       -0.063517
     C    3       -0.258779       -0.063517        0.075280

     H    4        0.183178        0.170449        0.478444
     H    4        0.170449        0.121011        0.147408
     H    4        0.478444        0.147408       -0.304189

     C    5       -0.549381        0.203266       -0.353453
     C    5        0.203266        0.414310        0.265226
     C    5       -0.353453        0.265226        0.135071

     H    6       -0.386360       -0.021520        0.274715
     H    6       -0.021520        0.417005        0.203559
     H    6        0.274715        0.203559       -0.030645

     H    7       -0.079566        0.096130       -0.011490
     H    7        0.096130       -0.001408       -0.358920
     H    7       -0.011490       -0.358920        0.080974

     C    8        0.094708       -0.263286       -0.047145
     C    8       -0.263286        0.070149        0.099645
     C    8       -0.047145        0.099645       -0.164857

     H    9        0.405177        0.169584        0.473179
     H    9        0.169584       -0.513705       -0.336566
     H    9        0.473179       -0.336566        0.108529

     C   10       -0.447376       -0.217252       -0.158220
     C   10       -0.217252        0.315689        0.089113
     C   10       -0.158220        0.089113        0.131686

     C   11        0.174328        0.178292       -0.033658
     C   11        0.178292        0.101300        0.114712
     C   11       -0.033658        0.114712       -0.275627

     Cl  12       -0.272358        0.485557       -0.447901
     Cl  12        0.485557       -0.453941        0.629927
     Cl  12       -0.447901        0.629927        0.726299

     H   13       -0.031457       -0.043037       -0.037343
     H   13       -0.043037       -0.029667        0.688583
     H   13       -0.037343        0.688583        0.061124

     C   14        0.232346       -0.126179       -0.071109
     C   14       -0.126179        0.190817       -0.270124
     C   14       -0.071109       -0.270124       -0.423163

     H   15        0.481618        0.006179        0.485068
     H   15        0.006179       -0.591469        0.363170
     H   15        0.485068        0.363170        0.109851

     C   16       -0.224786       -0.019023        0.153680
     C   16       -0.019023        0.364140        0.270670
     C   16        0.153680        0.270670       -0.139355

     C   17        0.163954       -0.058027       -0.002672
     C   17       -0.058027        0.578304       -0.437797
     C   17       -0.002672       -0.437797       -0.742258

     Cl  18       -0.883699       -0.337748        0.546850
     Cl  18       -0.337748        1.173407        2.299402
     Cl  18        0.546850        2.299402       -0.289708

     H   19       -0.001368        0.039467        0.089192
     H   19        0.039467        0.434467       -0.320505
     H   19        0.089192       -0.320505       -0.433100

     C   20       -0.432796       -0.184927       -0.055991
     C   20       -0.184927        0.534845        0.037144
     C   20       -0.055991        0.037144       -0.102050

     H   21        0.143797       -0.289311        0.156564
     H   21       -0.289311       -0.173344       -0.205553
     H   21        0.156564       -0.205553        0.029547

     C   22        0.062037        0.181302       -0.200876
     C   22        0.181302        0.084144        0.134205
     C   22       -0.200876        0.134205       -0.146181

     C   23       -0.422403       -0.010952       -0.282603
     C   23       -0.010952        0.353129       -0.285006
     C   23       -0.282603       -0.285006        0.069274

     Cl  24        0.139887        2.603024       -0.812867
     Cl  24        2.603024       -0.932549       -1.145942
     Cl  24       -0.812867       -1.145942        0.792662

     ----- total EFG (symmetrized) -----
     Cl   1        0.252619       -2.412669       -1.051452
     Cl   1       -2.412669       -1.292482        0.297447
     Cl   1       -1.051452        0.297447        1.039863

     C    2       -0.386627        0.212959       -0.292108
     C    2        0.212959        0.666712        0.089194
     C    2       -0.292108        0.089194       -0.280085

     C    3        0.096338       -0.135984       -0.258779
     C    3       -0.135984       -0.171618       -0.063517
     C    3       -0.258779       -0.063517        0.075280

     H    4        0.183178        0.170449        0.478444
     H    4        0.170449        0.121011        0.147408
     H    4        0.478444        0.147408       -0.304189

     C    5       -0.549381        0.203266       -0.353453
     C    5        0.203266        0.414310        0.265226
     C    5       -0.353453        0.265226        0.135071

     H    6       -0.386360       -0.021520        0.274715
     H    6       -0.021520        0.417005        0.203559
     H    6        0.274715        0.203559       -0.030645

     H    7       -0.079566        0.096130       -0.011490
     H    7        0.096130       -0.001408       -0.358920
     H    7       -0.011490       -0.358920        0.080974

     C    8        0.094708       -0.263286       -0.047145
     C    8       -0.263286        0.070149        0.099645
     C    8       -0.047145        0.099645       -0.164857

     H    9        0.405177        0.169584        0.473179
     H    9        0.169584       -0.513705       -0.336566
     H    9        0.473179       -0.336566        0.108529

     C   10       -0.447376       -0.217252       -0.158220
     C   10       -0.217252        0.315689        0.089113
     C   10       -0.158220        0.089113        0.131686

     C   11        0.174328        0.178292       -0.033658
     C   11        0.178292        0.101300        0.114712
     C   11       -0.033658        0.114712       -0.275627

     Cl  12       -0.272358        0.485557       -0.447901
     Cl  12        0.485557       -0.453941        0.629927
     Cl  12       -0.447901        0.629927        0.726299

     H   13       -0.031457       -0.043037       -0.037343
     H   13       -0.043037       -0.029667        0.688583
     H   13       -0.037343        0.688583        0.061124

     C   14        0.232346       -0.126179       -0.071109
     C   14       -0.126179        0.190817       -0.270124
     C   14       -0.071109       -0.270124       -0.423163

     H   15        0.481618        0.006179        0.485068
     H   15        0.006179       -0.591469        0.363170
     H   15        0.485068        0.363170        0.109851

     C   16       -0.224786       -0.019023        0.153680
     C   16       -0.019023        0.364140        0.270670
     C   16        0.153680        0.270670       -0.139355

     C   17        0.163954       -0.058027       -0.002672
     C   17       -0.058027        0.578304       -0.437797
     C   17       -0.002672       -0.437797       -0.742258

     Cl  18       -0.883699       -0.337748        0.546850
     Cl  18       -0.337748        1.173407        2.299402
     Cl  18        0.546850        2.299402       -0.289708

     H   19       -0.001368        0.039467        0.089192
     H   19        0.039467        0.434467       -0.320505
     H   19        0.089192       -0.320505       -0.433100

     C   20       -0.432796       -0.184927       -0.055991
     C   20       -0.184927        0.534845        0.037144
     C   20       -0.055991        0.037144       -0.102050

     H   21        0.143797       -0.289311        0.156564
     H   21       -0.289311       -0.173344       -0.205553
     H   21        0.156564       -0.205553        0.029547

     C   22        0.062037        0.181302       -0.200876
     C   22        0.181302        0.084144        0.134205
     C   22       -0.200876        0.134205       -0.146181

     C   23       -0.422403       -0.010952       -0.282603
     C   23       -0.010952        0.353129       -0.285006
     C   23       -0.282603       -0.285006        0.069274

     Cl  24        0.139887        2.603024       -0.812867
     Cl  24        2.603024       -0.932549       -1.145942
     Cl  24       -0.812867       -1.145942        0.792662


     NQR/NMR SPECTROSCOPIC PARAMETERS:
     Cl   1    Vxx=    0.4217    axis=(  0.381482 -0.391637  0.837312)
     Cl   1    Vyy=    2.6683    axis=( -0.701239  0.467570  0.538184)
     Cl   1    Vzz=   -3.0900    axis=( -0.602275 -0.792464 -0.096262)
     Cl   1  Q=        -8.1650 1e-30 m^2  Cq=        59.2798 MHz  eta= 0.72706

     C    2    Vxx=   -0.0423    axis=( -0.613257  0.085418  0.785252)
     C    2    Vyy=   -0.6670    axis=( -0.768712  0.164086 -0.618189)
     C    2    Vzz=    0.7092    axis=( -0.181654 -0.982741 -0.034965)
     C    2  Q=         1.0000 1e-30 m^2  Cq=         1.6665 MHz  eta= 0.88084

     C    3    Vxx=   -0.0362    axis=( -0.421348  0.695922 -0.581514)
     C    3    Vyy=   -0.3146    axis=(  0.528375  0.709519  0.466265)
     C    3    Vzz=    0.3508    axis=(  0.737079 -0.110797 -0.666662)
     C    3  Q=         1.0000 1e-30 m^2  Cq=         0.8243 MHz  eta= 0.79358

     H    4    Vxx=    0.0158    axis=(  0.398195 -0.899246  0.181099)
     H    4    Vyy=    0.5836    axis=(  0.760970  0.434073  0.482188)
     H    4    Vzz=   -0.5994    axis=( -0.512216 -0.054194  0.857145)
     H    4  Q=         1.0000 1e-30 m^2  Cq=        -1.4084 MHz  eta= 0.94712

     C    5    Vxx=    0.1974    axis=(  0.478996  0.463038 -0.745760)
     C    5    Vyy=    0.5745    axis=(  0.010217 -0.852446 -0.522716)
     C    5    Vzz=   -0.7719    axis=(  0.877758 -0.242759  0.413049)
     C    5  Q=         1.0000 1e-30 m^2  Cq=        -1.8137 MHz  eta= 0.48851

     H    6    Vxx=    0.0466    axis=( -0.506616  0.392439 -0.767680)
     H    6    Vyy=    0.5038    axis=(  0.101145  0.911306  0.399112)
     H    6    Vzz=   -0.5504    axis=(  0.856219  0.124550 -0.501375)
     H    6  Q=         1.0000 1e-30 m^2  Cq=        -1.2931 MHz  eta= 0.83070

     H    7    Vxx=   -0.0740    axis=(  0.957641  0.087794  0.274254)
     H    7    Vyy=   -0.3379    axis=( -0.247206  0.739095  0.626600)
     H    7    Vzz=    0.4119    axis=( -0.147688 -0.667855  0.729491)
     H    7  Q=         1.0000 1e-30 m^2  Cq=         0.9678 MHz  eta= 0.64047

     C    8    Vxx=   -0.1442    axis=(  0.601884  0.425051  0.676067)
     C    8    Vyy=   -0.2219    axis=( -0.383584 -0.588650  0.711585)
     C    8    Vzz=    0.3661    axis=( -0.700427  0.687621  0.191257)
     C    8  Q=         1.0000 1e-30 m^2  Cq=         0.8601 MHz  eta= 0.21224

     H    9    Vxx=    0.0181    axis=( -0.525257 -0.568312  0.633345)
     H    9    Vyy=    0.7562    axis=(  0.792343 -0.055217  0.607572)
     H    9    Vzz=   -0.7743    axis=( -0.310320  0.820958  0.479301)
     H    9  Q=         1.0000 1e-30 m^2  Cq=        -1.8193 MHz  eta= 0.95322

     C   10    Vxx=    0.1008    axis=(  0.078988  0.448923 -0.890072)
     C   10    Vyy=    0.4304    axis=(  0.288142 -0.865032 -0.410723)
     C   10    Vzz=   -0.5311    axis=(  0.954324  0.224025  0.197681)
     C   10  Q=         1.0000 1e-30 m^2  Cq=        -1.2480 MHz  eta= 0.62051

     C   11    Vxx=   -0.0010    axis=( -0.628698  0.687133  0.364125)
     C   11    Vyy=   -0.3226    axis=(  0.180115 -0.326839  0.927758)
     C   11    Vzz=    0.3236    axis=(  0.756503  0.648864  0.081720)
     C   11  Q=         1.0000 1e-30 m^2  Cq=         0.7604 MHz  eta= 0.99356

     Cl  12    Vxx=    0.1280    axis=(  0.791930  0.608719 -0.048044)
     Cl  12    Vyy=    1.0427    axis=(  0.194623 -0.326210 -0.925045)
     Cl  12    Vzz=   -1.1707    axis=( -0.578765  0.723221 -0.376806)
     Cl  12  Q=        -8.1650 1e-30 m^2  Cq=        22.4595 MHz  eta= 0.78126

     H   13    Vxx=   -0.0357    axis=(  0.997050  0.045362  0.061917)
     H   13    Vyy=   -0.6744    axis=(  0.009201  0.730222 -0.683148)
     H   13    Vzz=    0.7101    axis=( -0.076202  0.681703  0.727650)
     H   13  Q=         1.0000 1e-30 m^2  Cq=         1.6685 MHz  eta= 0.89936

     C   14    Vxx=    0.1760    axis=(  0.776466  0.534810 -0.333285)
     C   14    Vyy=    0.3653    axis=(  0.613486 -0.762400  0.205868)
     C   14    Vzz=   -0.5413    axis=(  0.143996  0.364315  0.920076)
     C   14  Q=         1.0000 1e-30 m^2  Cq=        -1.2717 MHz  eta= 0.34980

     H   15    Vxx=   -0.0706    axis=( -0.589856  0.457117  0.665668)
     H   15    Vyy=   -0.7774    axis=(  0.169593  0.876090 -0.451336)
     H   15    Vzz=    0.8479    axis=( -0.789499 -0.153330 -0.594291)
     H   15  Q=         1.0000 1e-30 m^2  Cq=         1.9923 MHz  eta= 0.83352

     C   16    Vxx=   -0.0935    axis=(  0.739619 -0.319580  0.592311)
     C   16    Vyy=   -0.3914    axis=(  0.669931  0.265285 -0.693409)
     C   16    Vzz=    0.4849    axis=(  0.064468  0.909666  0.410306)
     C   16  Q=         1.0000 1e-30 m^2  Cq=         1.1393 MHz  eta= 0.61436

     C   17    Vxx=    0.1589    axis=(  0.994928  0.089287 -0.046329)
     C   17    Vyy=    0.7157    axis=( -0.098853  0.953111 -0.286019)
     C   17    Vzz=   -0.8746    axis=(  0.018619  0.289148  0.957103)
     C   17  Q=         1.0000 1e-30 m^2  Cq=        -2.0549 MHz  eta= 0.63669

     Cl  18    Vxx=   -0.5876    axis=(  0.907317 -0.258722  0.331420)
     Cl  18    Vyy=   -2.2679    axis=( -0.420224 -0.532291  0.734900)
     Cl  18    Vzz=    2.8555    axis=(  0.013723  0.806058  0.591678)
     Cl  18  Q=        -8.1650 1e-30 m^2  Cq=       -54.7815 MHz  eta= 0.58842

     H   19    Vxx=    0.0155    axis=(  0.984844  0.036874  0.169479)
     H   19    Vyy=    0.5402    axis=(  0.017985  0.950162 -0.311238)
     H   19    Vzz=   -0.5557    axis=( -0.172509  0.309569  0.935098)
     H   19  Q=         1.0000 1e-30 m^2  Cq=        -1.3056 MHz  eta= 0.94436

     C   20    Vxx=   -0.0990    axis=(  0.115173  0.091570 -0.989116)
     C   20    Vyy=   -0.4733    axis=( -0.976106 -0.174275 -0.129792)
     C   20    Vzz=    0.5722    axis=( -0.184264  0.980430  0.069310)
     C   20  Q=         1.0000 1e-30 m^2  Cq=         1.3445 MHz  eta= 0.65409

     H   21    Vxx=   -0.0800    axis=( -0.578007 -0.005470  0.816014)
     H   21    Vyy=   -0.3741    axis=(  0.399015  0.870387  0.288469)
     H   21    Vzz=    0.4541    axis=( -0.711826  0.492338 -0.500907)
     H   21  Q=         1.0000 1e-30 m^2  Cq=         1.0669 MHz  eta= 0.64775

     C   22    Vxx=    0.1067    axis=( -0.409839  0.629905  0.659736)
     C   22    Vyy=    0.2610    axis=( -0.746185 -0.647516  0.154696)
     C   22    Vzz=   -0.3678    axis=(  0.524634 -0.428884  0.735403)
     C   22  Q=         1.0000 1e-30 m^2  Cq=        -0.8641 MHz  eta= 0.41949

     C   23    Vxx=    0.0190    axis=( -0.452986  0.569971  0.685519)
     C   23    Vyy=    0.5516    axis=( -0.155881 -0.807727  0.568576)
     C   23    Vzz=   -0.5707    axis=( -0.877784 -0.150697 -0.454737)
     C   23  Q=         1.0000 1e-30 m^2  Cq=        -1.3409 MHz  eta= 0.93324

     Cl  24    Vxx=    0.0202    axis=(  0.464258  0.244497  0.851285)
     Cl  24    Vyy=    3.0734    axis=(  0.644589  0.565899 -0.514065)
     Cl  24    Vzz=   -3.0936    axis=( -0.607429  0.787388  0.105123)
     Cl  24  Q=        -8.1650 1e-30 m^2  Cq=        59.3499 MHz  eta= 0.98692

     Initialization:
     gipaw_setup  :      9.64s CPU     12.06s WALL (       1 calls)

     Linear response

     Apply operators

     Induced current

     Other routines
     efg          :     10.36s CPU     18.21s WALL (       1 calls)

     General routines
     calbec       :      3.28s CPU      4.14s WALL (      16 calls)
     fft          :      1.69s CPU      2.68s WALL (      15 calls)
     ffts         :      0.04s CPU      0.05s WALL (       2 calls)
     fftw         :      4.35s CPU      7.28s WALL (     672 calls)
     davcio       :      0.02s CPU      3.80s WALL (      32 calls)

     Parallel routines
     fft_scatter  :      3.53s CPU      7.20s WALL (     689 calls)

     Plugins

     GIPAW        :     62.65s CPU     82.45s WALL (       1 calls)
