
     Program QE v.6.0 (svn rev. 13079) starts on 21Dec2016 at 18: 4:43 

     This program is part of the open-source Quantum ESPRESSO suite
     for quantum simulation of materials; please cite
         "P. Giannozzi et al., J. Phys.:Condens. Matter 21 395502 (2009);
          URL http://www.quantum-espresso.org", 
     in publications or presentations arising from this work. More details at
     http://www.quantum-espresso.org/quote

     Parallel version (MPI), running on     8 processors
     R & G space division:  proc/nbgrp/npool/nimage =       8

     ***** This is GIPAW svn revision unknown      *****

     Parallelizing q-star over 1 images

     Reading data from directory:
     /users/majewski/paradichlorobenzene/pbe/9_constraint/scratch/pbe.ecut100.np8.dt60.pcl2phi-129368.save
     Message from routine read_xml_file:
     file /users/majewski/paradichlorobenzene/pbe/9_constraint/scratch/pbe.ecut100.np8.dt60.pcl2phi-129368.save not guaranteed to be safe for post-processing

   Info: using nr1, nr2, nr3 values from input

   Info: using nr1, nr2, nr3 values from input

     IMPORTANT: XC functional enforced from input :
     Exchange-correlation      =  SLA  PW   PBX  PBC ( 1  4  3  4 0 0)
     Any further DFT definition will be discarded
     Please, verify this is what you really want

               file C.pbe-n-kjpaw_psl.1.0.0.UPF: wavefunction(s)  2S 2P renormalized
               file Cl.pbe-n-kjpaw_psl.1.0.0.UPF: wavefunction(s)  3S 3P renormalized
               file H.pbe-kjpaw_psl.1.0.0.UPF: wavefunction(s)  1S renormalized

     Parallelization info
     --------------------
     sticks:   dense  smooth     PW     G-vecs:    dense   smooth      PW
     Min        3057    1223    332               144436    36536    5170
     Max        3059    1225    333               144437    36537    5171
     Sum       24467    9791   2657              1155489   292295   41363


     Subspace diagonalization in iterative solution of the eigenvalue problem:
     a serial algorithm will be used

     GIPAW projectors -----------------------------------------------
     atom=  C    l=0  rc=    1.2000  rs=    0.8000
     atom=  C    l=0  rc=    1.2000  rs=    0.8000
     atom=  C    l=1  rc=    1.4000  rs=    0.9333
     atom=  C    l=1  rc=    1.4000  rs=    0.9333
     projs nearly linearly dependent: l=1  n1,n2= 1, 2  s=  0.99951561

     atom=  Cl   l=0  rc=    1.6000  rs=    1.0667
     atom=  Cl   l=0  rc=    1.6000  rs=    1.0667
     atom=  Cl   l=1  rc=    1.6000  rs=    1.0667
     atom=  Cl   l=1  rc=    1.6000  rs=    1.0667
     atom=  Cl   l=2  rc=    1.6000  rs=    1.0667
     atom=  Cl   l=2  rc=    1.6000  rs=    1.0667
     projs nearly linearly dependent: l=2  n1,n2= 1, 2  s=  0.99993509

     atom=  H    l=0  rc=    1.0000  rs=    0.6667
     atom=  H    l=0  rc=    1.0000  rs=    0.6667
     projs nearly linearly dependent: l=0  n1,n2= 1, 2  s=  0.99968852
     -----------------------------------------------------------------

     GIPAW integrals: -------------------------------------------
     Atom  i/j   nmr_para   nmr_dia   epr_rmc  epr_para   epr_dia
       C   1 1   0.83E+03  0.17E-01  0.93E+01  0.24E+08  0.24E+03
       C   2 1   0.86E+03 -0.61E-01  0.94E+01  0.25E+08  0.25E+03
       C   2 2   0.90E+03 -0.15E+00  0.97E+01  0.26E+08  0.26E+03
       C   3 3   0.33E+01  0.34E+00  0.18E+01  0.55E+03  0.21E+02
       C   4 3   0.35E+01  0.37E+00  0.20E+01  0.59E+03  0.22E+02
       C   4 4   0.38E+01  0.39E+00  0.22E+01  0.63E+03  0.24E+02
       Cl  1 1   0.14E+04 -0.47E+00  0.84E+01  0.32E+09  0.42E+03
       Cl  2 1   0.21E+04 -0.37E+00  0.12E+02  0.49E+09  0.65E+03
       Cl  2 2   0.33E+04 -0.16E+00  0.21E+02  0.76E+09  0.10E+04
       Cl  3 3   0.21E+02  0.79E-01  0.89E+01  0.23E+05  0.13E+03
       Cl  4 3   0.24E+02  0.67E-01  0.99E+01  0.27E+05  0.15E+03
       Cl  4 4   0.28E+02  0.44E-01  0.11E+02  0.32E+05  0.18E+03
       Cl  5 5   0.77E+00  0.19E+00  0.18E+01  0.12E+03  0.22E+02
       Cl  6 5   0.80E+00  0.19E+00  0.19E+01  0.12E+03  0.23E+02
       Cl  6 6   0.83E+00  0.20E+00  0.19E+01  0.12E+03  0.23E+02
       H   1 1   0.39E+02  0.19E+00  0.29E+00  0.78E+05  0.13E+02
       H   2 1   0.41E+02  0.21E+00  0.32E+00  0.82E+05  0.14E+02
       H   2 2   0.43E+02  0.22E+00  0.36E+00  0.86E+05  0.15E+02
     ------------------------------------------------------------

     alpha_pv=     33.9548 eV

     Number of occupied bands for each k-point:
     k-point:     1    nbnd_occ=  42
     k-point:     2    nbnd_occ=  42
     k-point:     3    nbnd_occ=  42
     k-point:     4    nbnd_occ=  42
     k-point:     5    nbnd_occ=  42
     k-point:     6    nbnd_occ=  42
     k-point:     7    nbnd_occ=  42
     k-point:     8    nbnd_occ=  42
     k-point:     9    nbnd_occ=  42
     k-point:    10    nbnd_occ=  42
     k-point:    11    nbnd_occ=  42
     k-point:    12    nbnd_occ=  42
     k-point:    13    nbnd_occ=  42
     k-point:    14    nbnd_occ=  42
     k-point:    15    nbnd_occ=  42
     k-point:    16    nbnd_occ=  42


     q-space interpolation up to   110.00 Rydberg

     GIPAW job: efg                                                                             


     ELECTRIC FIELD GRADIENTS TENSORS IN Hartree/bohrradius^2:

     ----- bare term -----
     Cl   1       -0.209376        0.214882       -0.015573
     Cl   1        0.214882        0.192150       -0.032384
     Cl   1       -0.015573       -0.032384        0.017227

     C    2        0.025329        0.093258       -0.154194
     C    2        0.093258       -0.278257       -0.394357
     C    2       -0.154194       -0.394357        0.252928

     C    3       -0.669228        0.282228       -0.286934
     C    3        0.282228        0.121671       -0.051395
     C    3       -0.286934       -0.051395        0.547558

     H    4       -0.005315       -0.214288       -0.526596
     H    4       -0.214288        0.368825       -0.371031
     H    4       -0.526596       -0.371031       -0.363510

     C    5       -0.065372        0.247708       -0.066153
     C    5        0.247708       -0.425779       -0.246264
     C    5       -0.066153       -0.246264        0.491151

     H    6        0.458170       -0.064107       -0.129314
     H    6       -0.064107        0.059974       -0.443128
     H    6       -0.129314       -0.443128       -0.518143

     H    7        0.310380        0.022621       -0.120026
     H    7        0.022621       -0.488547        0.588105
     H    7       -0.120026        0.588105        0.178167

     C    8       -0.779481       -0.317260       -0.390684
     C    8       -0.317260        0.344533        0.072383
     C    8       -0.390684        0.072383        0.434949

     H    9       -0.692239        0.077123       -0.156716
     H    9        0.077123        0.393534        0.192482
     H    9       -0.156716        0.192482        0.298705

     C   10       -0.023184        0.139056       -0.312857
     C   10        0.139056       -0.135459        0.649890
     C   10       -0.312857        0.649890        0.158642

     C   11       -0.557729       -0.332667       -0.286698
     C   11       -0.332667        0.212052        0.314561
     C   11       -0.286698        0.314561        0.345677

     Cl  12       -0.031420       -0.013252       -0.088686
     Cl  12       -0.013252        0.032605        0.103213
     Cl  12       -0.088686        0.103213       -0.001185

     H   13        0.487212       -0.062824        0.142160
     H   13       -0.062824       -0.177729       -0.311068
     H   13        0.142160       -0.311068       -0.309484

     C   14       -0.777143        0.412928       -0.421336
     C   14        0.412928        0.485946       -0.104269
     C   14       -0.421336       -0.104269        0.291197

     H   15        0.040663       -0.054023       -0.463567
     H   15       -0.054023        0.123362        0.237455
     H   15       -0.463567        0.237455       -0.164024

     C   16        0.133363        0.287292       -0.049669
     C   16        0.287292       -0.145204       -0.586913
     C   16       -0.049669       -0.586913        0.011841

     C   17       -0.764645        0.381271       -0.347992
     C   17        0.381271        0.324696       -0.008088
     C   17       -0.347992       -0.008088        0.439950

     Cl  18       -0.027437        0.043359       -0.046537
     Cl  18        0.043359        0.158615       -0.041368
     Cl  18       -0.046537       -0.041368       -0.131179

     H   19        0.337253       -0.210971        0.053917
     H   19       -0.210971       -0.595978        0.455558
     H   19        0.053917        0.455558        0.258724

     C   20       -0.146663        0.260473       -0.409981
     C   20        0.260473        0.034148        0.517958
     C   20       -0.409981        0.517958        0.112514

     H   21       -0.045218        0.222300       -0.360702
     H   21        0.222300       -0.286975        0.349381
     H   21       -0.360702        0.349381        0.332192

     C   22       -0.607795       -0.312227       -0.232744
     C   22       -0.312227        0.219770        0.147831
     C   22       -0.232744        0.147831        0.388025

     C   23       -0.025036        0.071947       -0.289131
     C   23        0.071947        0.039598        0.643961
     C   23       -0.289131        0.643961       -0.014562

     Cl  24       -0.261523       -0.216347       -0.004566
     Cl  24       -0.216347        0.184964        0.104438
     Cl  24       -0.004566        0.104438        0.076559

     ----- ionic term -----
     Cl   1        0.119002       -0.203602       -0.030491
     Cl   1       -0.203602        0.014347        0.022730
     Cl   1       -0.030491        0.022730       -0.133349

     C    2        0.109779       -0.226866        0.258982
     C    2       -0.226866        0.017895        0.464545
     C    2        0.258982        0.464545       -0.127674

     C    3        0.128528       -0.270939        0.185563
     C    3       -0.270939        0.085353        0.433172
     C    3        0.185563        0.433172       -0.213881

     H    4        0.566815        0.288893        0.733457
     H    4        0.288893       -0.491497        0.249449
     H    4        0.733457        0.249449       -0.075318

     C    5        0.245283       -0.268383        0.285276
     C    5       -0.268383       -0.055685        0.299650
     C    5        0.285276        0.299650       -0.189598

     H    6       -0.532406        0.068210        0.084406
     H    6        0.068210        0.394107        0.803527
     H    6        0.084406        0.803527        0.138299

     H    7       -0.491037       -0.106437        0.060515
     H    7       -0.106437        0.659921       -0.691853
     H    7        0.060515       -0.691853       -0.168884

     C    8        0.337457        0.161127        0.263315
     C    8        0.161127        0.057211       -0.274214
     C    8        0.263315       -0.274214       -0.394668

     H    9        0.722083       -0.446751        0.485762
     H    9       -0.446751       -0.316479       -0.220367
     H    9        0.485762       -0.220367       -0.405604

     C   10        0.221228        0.189115        0.189206
     C   10        0.189115        0.187761       -0.319861
     C   10        0.189206       -0.319861       -0.408989

     C   11        0.193032        0.180162        0.356165
     C   11        0.180162        0.133371       -0.334077
     C   11        0.356165       -0.334077       -0.326402

     Cl  12        0.127906        0.236623        0.053207
     Cl  12        0.236623        0.024332        0.024896
     Cl  12        0.053207        0.024896       -0.152239

     H   13       -0.510058        0.041464        0.055595
     H   13        0.041464        0.414035        0.787419
     H   13        0.055595        0.787419        0.096023

     C   14        0.213565       -0.228560        0.304686
     C   14       -0.228560       -0.058390        0.309177
     C   14        0.304686        0.309177       -0.155175

     H   15        0.347787        0.209834        0.766102
     H   15        0.209834       -0.455342        0.263142
     H   15        0.766102        0.263142        0.107555

     C   16        0.077387       -0.278346        0.204899
     C   16       -0.278346        0.059624        0.404210
     C   16        0.204899        0.404210       -0.137011

     C   17        0.152957       -0.253295        0.324406
     C   17       -0.253295       -0.015176        0.345027
     C   17        0.324406        0.345027       -0.137781

     Cl  18        0.132249       -0.221046        0.047691
     Cl  18       -0.221046        0.005376       -0.021811
     Cl  18        0.047691       -0.021811       -0.137625

     H   19       -0.526241       -0.007670        0.034417
     H   19       -0.007670        0.615404       -0.736294
     H   19        0.034417       -0.736294       -0.089162

     C   20        0.313559        0.238631        0.314934
     C   20        0.238631        0.014185       -0.301073
     C   20        0.314934       -0.301073       -0.327744

     H   21        0.586216       -0.374833        0.651659
     H   21       -0.374833       -0.382030       -0.278221
     H   21        0.651659       -0.278221       -0.204187

     C   22        0.198774        0.292807        0.174897
     C   22        0.292807        0.139956       -0.371783
     C   22        0.174897       -0.371783       -0.338730

     C   23        0.231922        0.201580        0.181900
     C   23        0.201580        0.100139       -0.390489
     C   23        0.181900       -0.390489       -0.332061

     Cl  24        0.140301        0.193747        0.000960
     Cl  24        0.193747        0.009765       -0.008794
     Cl  24        0.000960       -0.008794       -0.150067

     ----- GIPAW term -----
     Cl   1       -0.025072       -1.013292       -0.176208
     Cl   1       -1.013292        1.888969       -0.237977
     Cl   1       -0.176208       -0.237977       -1.863896

     C    2       -0.057968       -0.027665        0.035337
     C    2       -0.027665        0.079908        0.168978
     C    2        0.035337        0.168978       -0.021940

     C    3       -0.243652        0.038926       -0.009415
     C    3        0.038926       -0.010594        0.148647
     C    3       -0.009415        0.148647        0.254246

     H    4       -0.000000        0.000000        0.000000
     H    4        0.000000        0.000000        0.000000
     H    4        0.000000        0.000000        0.000000

     C    5       -0.095922        0.048060        0.044818
     C    5        0.048060       -0.155111        0.111913
     C    5        0.044818        0.111913        0.251033

     H    6       -0.000000        0.000000        0.000000
     H    6        0.000000        0.000000        0.000000
     H    6        0.000000        0.000000        0.000000

     H    7       -0.000000        0.000000        0.000000
     H    7        0.000000        0.000000        0.000000
     H    7        0.000000        0.000000        0.000000

     C    8       -0.188500        0.067977       -0.079326
     C    8        0.067977        0.226570       -0.109293
     C    8       -0.079326       -0.109293       -0.038070

     H    9       -0.000000        0.000000        0.000000
     H    9        0.000000        0.000000        0.000000
     H    9        0.000000        0.000000        0.000000

     C   10       -0.020752        0.189799       -0.051301
     C   10        0.189799        0.100699        0.126832
     C   10       -0.051301        0.126832       -0.079947

     C   11       -0.127485        0.111249       -0.024051
     C   11        0.111249        0.245119        0.084293
     C   11       -0.024051        0.084293       -0.117633

     Cl  12       -0.186881        1.466482       -0.488749
     Cl  12        1.466482        1.349861        2.059671
     Cl  12       -0.488749        2.059671       -1.162980

     H   13       -0.000000        0.000000        0.000000
     H   13        0.000000        0.000000        0.000000
     H   13        0.000000        0.000000        0.000000

     C   14       -0.165175        0.158384       -0.041551
     C   14        0.158384        0.257316        0.014167
     C   14       -0.041551        0.014167       -0.092141

     H   15       -0.000000        0.000000        0.000000
     H   15        0.000000        0.000000        0.000000
     H   15        0.000000        0.000000        0.000000

     C   16       -0.076517        0.100071        0.015433
     C   16        0.100071        0.224867       -0.031237
     C   16        0.015433       -0.031237       -0.148350

     C   17       -0.168513        0.052462        0.011823
     C   17        0.052462        0.175726        0.195941
     C   17        0.011823        0.195941       -0.007213

     Cl  18        0.220312       -1.221612       -0.291442
     Cl  18       -1.221612        2.424770       -0.607505
     Cl  18       -0.291442       -0.607505       -2.645081

     H   19       -0.000000        0.000000        0.000000
     H   19        0.000000        0.000000        0.000000
     H   19        0.000000        0.000000        0.000000

     C   20       -0.039006        0.205570       -0.066439
     C   20        0.205570        0.168263        0.084812
     C   20       -0.066439        0.084812       -0.129257

     H   21       -0.000000        0.000000        0.000000
     H   21        0.000000        0.000000        0.000000
     H   21        0.000000        0.000000        0.000000

     C   22       -0.138865        0.138014       -0.051407
     C   22        0.138014        0.230273       -0.052428
     C   22       -0.051407       -0.052428       -0.091408

     C   23       -0.053085        0.088784       -0.038739
     C   23        0.088784        0.257195        0.069374
     C   23       -0.038739        0.069374       -0.204110

     Cl  24       -0.373532        1.253298       -0.106592
     Cl  24        1.253298        1.903403        0.928263
     Cl  24       -0.106592        0.928263       -1.529871

     ----- total EFG -----
     Cl   1       -0.115447       -1.002012       -0.222271
     Cl   1       -1.002012        2.095466       -0.247630
     Cl   1       -0.222271       -0.247630       -1.980019

     C    2        0.077140       -0.161273        0.140126
     C    2       -0.161273       -0.180454        0.239166
     C    2        0.140126        0.239166        0.103314

     C    3       -0.784352        0.050215       -0.110786
     C    3        0.050215        0.196429        0.530425
     C    3       -0.110786        0.530425        0.587923

     H    4        0.561500        0.074605        0.206861
     H    4        0.074605       -0.122672       -0.121582
     H    4        0.206861       -0.121582       -0.438828

     C    5        0.083989        0.027385        0.263941
     C    5        0.027385       -0.636575        0.165299
     C    5        0.263941        0.165299        0.552586

     H    6       -0.074236        0.004104       -0.044909
     H    6        0.004104        0.454080        0.360399
     H    6       -0.044909        0.360399       -0.379844

     H    7       -0.180657       -0.083817       -0.059511
     H    7       -0.083817        0.171374       -0.103748
     H    7       -0.059511       -0.103748        0.009283

     C    8       -0.630524       -0.088156       -0.206695
     C    8       -0.088156        0.628314       -0.311124
     C    8       -0.206695       -0.311124        0.002211

     H    9        0.029843       -0.369628        0.329046
     H    9       -0.369628        0.077055       -0.027885
     H    9        0.329046       -0.027885       -0.106899

     C   10        0.177292        0.517970       -0.174953
     C   10        0.517970        0.153001        0.456861
     C   10       -0.174953        0.456861       -0.330294

     C   11       -0.492183       -0.041257        0.045417
     C   11       -0.041257        0.590542        0.064776
     C   11        0.045417        0.064776       -0.098359

     Cl  12       -0.090395        1.689853       -0.524228
     Cl  12        1.689853        1.406798        2.187779
     Cl  12       -0.524228        2.187779       -1.316403

     H   13       -0.022846       -0.021360        0.197755
     H   13       -0.021360        0.236307        0.476351
     H   13        0.197755        0.476351       -0.213460

     C   14       -0.728754        0.342752       -0.158201
     C   14        0.342752        0.684872        0.219074
     C   14       -0.158201        0.219074        0.043882

     H   15        0.388450        0.155810        0.302535
     H   15        0.155810       -0.331981        0.500597
     H   15        0.302535        0.500597       -0.056469

     C   16        0.134233        0.109017        0.170664
     C   16        0.109017        0.139287       -0.213940
     C   16        0.170664       -0.213940       -0.273520

     C   17       -0.780202        0.180438       -0.011764
     C   17        0.180438        0.485246        0.532880
     C   17       -0.011764        0.532880        0.294955

     Cl  18        0.325124       -1.399299       -0.290289
     Cl  18       -1.399299        2.588761       -0.670684
     Cl  18       -0.290289       -0.670684       -2.913885

     H   19       -0.188988       -0.218641        0.088335
     H   19       -0.218641        0.019426       -0.280735
     H   19        0.088335       -0.280735        0.169562

     C   20        0.127891        0.704675       -0.161486
     C   20        0.704675        0.216596        0.301697
     C   20       -0.161486        0.301697       -0.344487

     H   21        0.540999       -0.152533        0.290958
     H   21       -0.152533       -0.669004        0.071160
     H   21        0.290958        0.071160        0.128005

     C   22       -0.547886        0.118594       -0.109255
     C   22        0.118594        0.589999       -0.276379
     C   22       -0.109255       -0.276379       -0.042113

     C   23        0.153802        0.362311       -0.145970
     C   23        0.362311        0.396931        0.322846
     C   23       -0.145970        0.322846       -0.550733

     Cl  24       -0.494754        1.230698       -0.110198
     Cl  24        1.230698        2.098133        1.023906
     Cl  24       -0.110198        1.023906       -1.603379

     ----- total EFG (symmetrized) -----
     Cl   1       -0.115447       -1.002012       -0.222271
     Cl   1       -1.002012        2.095466       -0.247630
     Cl   1       -0.222271       -0.247630       -1.980019

     C    2        0.077140       -0.161273        0.140126
     C    2       -0.161273       -0.180454        0.239166
     C    2        0.140126        0.239166        0.103314

     C    3       -0.784352        0.050215       -0.110786
     C    3        0.050215        0.196429        0.530425
     C    3       -0.110786        0.530425        0.587923

     H    4        0.561500        0.074605        0.206861
     H    4        0.074605       -0.122672       -0.121582
     H    4        0.206861       -0.121582       -0.438828

     C    5        0.083989        0.027385        0.263941
     C    5        0.027385       -0.636575        0.165299
     C    5        0.263941        0.165299        0.552586

     H    6       -0.074236        0.004104       -0.044909
     H    6        0.004104        0.454080        0.360399
     H    6       -0.044909        0.360399       -0.379844

     H    7       -0.180657       -0.083817       -0.059511
     H    7       -0.083817        0.171374       -0.103748
     H    7       -0.059511       -0.103748        0.009283

     C    8       -0.630524       -0.088156       -0.206695
     C    8       -0.088156        0.628314       -0.311124
     C    8       -0.206695       -0.311124        0.002211

     H    9        0.029843       -0.369628        0.329046
     H    9       -0.369628        0.077055       -0.027885
     H    9        0.329046       -0.027885       -0.106899

     C   10        0.177292        0.517970       -0.174953
     C   10        0.517970        0.153001        0.456861
     C   10       -0.174953        0.456861       -0.330294

     C   11       -0.492183       -0.041257        0.045417
     C   11       -0.041257        0.590542        0.064776
     C   11        0.045417        0.064776       -0.098359

     Cl  12       -0.090395        1.689853       -0.524228
     Cl  12        1.689853        1.406798        2.187779
     Cl  12       -0.524228        2.187779       -1.316403

     H   13       -0.022846       -0.021360        0.197755
     H   13       -0.021360        0.236307        0.476351
     H   13        0.197755        0.476351       -0.213460

     C   14       -0.728754        0.342752       -0.158201
     C   14        0.342752        0.684872        0.219074
     C   14       -0.158201        0.219074        0.043882

     H   15        0.388450        0.155810        0.302535
     H   15        0.155810       -0.331981        0.500597
     H   15        0.302535        0.500597       -0.056469

     C   16        0.134233        0.109017        0.170664
     C   16        0.109017        0.139287       -0.213940
     C   16        0.170664       -0.213940       -0.273520

     C   17       -0.780202        0.180438       -0.011764
     C   17        0.180438        0.485246        0.532880
     C   17       -0.011764        0.532880        0.294955

     Cl  18        0.325124       -1.399299       -0.290289
     Cl  18       -1.399299        2.588761       -0.670684
     Cl  18       -0.290289       -0.670684       -2.913885

     H   19       -0.188988       -0.218641        0.088335
     H   19       -0.218641        0.019426       -0.280735
     H   19        0.088335       -0.280735        0.169562

     C   20        0.127891        0.704675       -0.161486
     C   20        0.704675        0.216596        0.301697
     C   20       -0.161486        0.301697       -0.344487

     H   21        0.540999       -0.152533        0.290958
     H   21       -0.152533       -0.669004        0.071160
     H   21        0.290958        0.071160        0.128005

     C   22       -0.547886        0.118594       -0.109255
     C   22        0.118594        0.589999       -0.276379
     C   22       -0.109255       -0.276379       -0.042113

     C   23        0.153802        0.362311       -0.145970
     C   23        0.362311        0.396931        0.322846
     C   23       -0.145970        0.322846       -0.550733

     Cl  24       -0.494754        1.230698       -0.110198
     Cl  24        1.230698        2.098133        1.023906
     Cl  24       -0.110198        1.023906       -1.603379


     NQR/NMR SPECTROSCOPIC PARAMETERS:
     Cl   1    Vxx=   -0.4450    axis=(  0.919680  0.344344 -0.188721)
     Cl   1    Vyy=   -2.0421    axis=(  0.164487  0.098572  0.981442)
     Cl   1    Vzz=    2.4871    axis=(  0.356556 -0.933654  0.034014)
     Cl   1  Q=        -8.1650 1e-30 m^2  Cq=       -47.7147 MHz  eta= 0.64215

     C    2    Vxx=    0.1511    axis=( -0.837530  0.522565  0.159589)
     C    2    Vyy=    0.2566    axis=(  0.373932  0.335219  0.864756)
     C    2    Vzz=   -0.4077    axis=( -0.398394 -0.783935  0.476160)
     C    2  Q=         1.0000 1e-30 m^2  Cq=        -0.9579 MHz  eta= 0.25891

     C    3    Vxx=   -0.1559    axis=(  0.163210  0.814607 -0.556577)
     C    3    Vyy=   -0.8039    axis=( -0.985941  0.114184 -0.121996)
     C    3    Vzz=    0.9598    axis=( -0.035827  0.568663  0.821790)
     C    3  Q=         1.0000 1e-30 m^2  Cq=         2.2551 MHz  eta= 0.67510

     H    4    Vxx=   -0.0813    axis=( -0.005272  0.945795 -0.324721)
     H    4    Vyy=   -0.5247    axis=(  0.198404 -0.317281 -0.927345)
     H    4    Vzz=    0.6060    axis=( -0.980106 -0.069315 -0.185976)
     H    4  Q=         1.0000 1e-30 m^2  Cq=         1.4239 MHz  eta= 0.73155

     C    5    Vxx=   -0.0318    axis=(  0.916258 -0.066482 -0.395033)
     C    5    Vyy=   -0.6592    axis=( -0.012447 -0.990381  0.137805)
     C    5    Vzz=    0.6910    axis=(  0.400395  0.121348  0.908272)
     C    5  Q=         1.0000 1e-30 m^2  Cq=         1.6236 MHz  eta= 0.90798

     H    6    Vxx=   -0.0702    axis=(  0.995068  0.050785 -0.085205)
     H    6    Vyy=   -0.5183    axis=( -0.097566  0.346244 -0.933057)
     H    6    Vzz=    0.5885    axis=( -0.017883  0.936769  0.349491)
     H    6  Q=         1.0000 1e-30 m^2  Cq=         1.3826 MHz  eta= 0.76147

     H    7    Vxx=    0.0010    axis=( -0.422394  0.310645  0.851518)
     H    7    Vyy=    0.2284    axis=( -0.128776  0.909341 -0.395619)
     H    7    Vzz=   -0.2293    axis=( -0.897218 -0.276763 -0.344097)
     H    7  Q=         1.0000 1e-30 m^2  Cq=        -0.5388 MHz  eta= 0.99168

     C    8    Vxx=   -0.0405    axis=( -0.355898  0.355182  0.864397)
     C    8    Vyy=   -0.7161    axis=(  0.934523  0.137269  0.328366)
     C    8    Vzz=    0.7566    axis=( -0.002025  0.924664 -0.380779)
     C    8  Q=         1.0000 1e-30 m^2  Cq=         1.7778 MHz  eta= 0.89287

     H    9    Vxx=   -0.0507    axis=(  0.179488  0.675635  0.715054)
     H    9    Vyy=   -0.4775    axis=(  0.690628  0.431092 -0.580684)
     H    9    Vzz=    0.5282    axis=(  0.700584 -0.598062  0.389236)
     H    9  Q=         1.0000 1e-30 m^2  Cq=         1.2410 MHz  eta= 0.80821

     C   10    Vxx=    0.0768    axis=(  0.647460 -0.353624 -0.675090)
     C   10    Vyy=    0.7266    axis=( -0.632309 -0.743752 -0.216840)
     C   10    Vzz=   -0.8034    axis=( -0.425419  0.567260 -0.705149)
     C   10  Q=         1.0000 1e-30 m^2  Cq=        -1.8876 MHz  eta= 0.80878

     C   11    Vxx=   -0.0983    axis=( -0.122976  0.085607 -0.988710)
     C   11    Vyy=   -0.4995    axis=(  0.991830  0.044640 -0.119499)
     C   11    Vzz=    0.5978    axis=( -0.033906  0.995328  0.090398)
     C   11  Q=         1.0000 1e-30 m^2  Cq=         1.4047 MHz  eta= 0.67108

     Cl  12    Vxx=   -0.0099    axis=(  0.823952 -0.131708 -0.551140)
     Cl  12    Vyy=   -3.1219    axis=(  0.417359 -0.516832  0.747460)
     Cl  12    Vzz=    3.1317    axis=( -0.383293 -0.845895 -0.370875)
     Cl  12  Q=        -8.1650 1e-30 m^2  Cq=       -60.0805 MHz  eta= 0.99370

     H   13    Vxx=    0.0216    axis=(  0.936837 -0.301204  0.177801)
     H   13    Vyy=    0.5523    axis=(  0.158924  0.819406  0.550742)
     H   13    Vzz=   -0.5739    axis=( -0.311577 -0.487698  0.815518)
     H   13  Q=         1.0000 1e-30 m^2  Cq=        -1.3484 MHz  eta= 0.92489

     C   14    Vxx=    0.0478    axis=( -0.271644 -0.179036  0.945598)
     C   14    Vyy=    0.8066    axis=( -0.188683 -0.953568 -0.234748)
     C   14    Vzz=   -0.8545    axis=(  0.943720 -0.242186  0.225250)
     C   14  Q=         1.0000 1e-30 m^2  Cq=        -2.0077 MHz  eta= 0.88800

     H   15    Vxx=    0.0223    axis=(  0.669337 -0.492107 -0.556613)
     H   15    Vyy=    0.6947    axis=( -0.740576 -0.381970 -0.552852)
     H   15    Vzz=   -0.7170    axis=(  0.059453  0.782259 -0.620109)
     H   15  Q=         1.0000 1e-30 m^2  Cq=        -1.6846 MHz  eta= 0.93776

     C   16    Vxx=    0.1831    axis=( -0.780185  0.401467 -0.479725)
     C   16    Vyy=    0.2516    axis=(  0.530154  0.831409 -0.166418)
     C   16    Vzz=   -0.4347    axis=( -0.332036  0.384165  0.861492)
     C   16  Q=         1.0000 1e-30 m^2  Cq=        -1.0214 MHz  eta= 0.15770

     C   17    Vxx=   -0.1279    axis=( -0.183555 -0.613509  0.768059)
     C   17    Vyy=   -0.8135    axis=( -0.980038  0.174923 -0.094490)
     C   17    Vzz=    0.9414    axis=( -0.076381 -0.770070 -0.633370)
     C   17  Q=         1.0000 1e-30 m^2  Cq=         2.2120 MHz  eta= 0.72831

     Cl  18    Vxx=   -0.2323    axis=(  0.896181  0.397798 -0.196510)
     Cl  18    Vyy=   -3.0620    axis=(  0.146698  0.152332  0.977382)
     Cl  18    Vzz=    3.2943    axis=(  0.418735 -0.904739  0.078161)
     Cl  18  Q=        -8.1650 1e-30 m^2  Cq=       -63.2001 MHz  eta= 0.85894

     H   19    Vxx=   -0.1088    axis=( -0.573054  0.478952  0.664992)
     H   19    Vyy=   -0.3431    axis=( -0.758001 -0.618219 -0.207940)
     H   19    Vzz=    0.4518    axis=(  0.311517 -0.623225  0.717320)
     H   19  Q=         1.0000 1e-30 m^2  Cq=         1.0616 MHz  eta= 0.51860

     C   20    Vxx=   -0.1091    axis=( -0.500676  0.349823  0.791800)
     C   20    Vyy=   -0.7796    axis=( -0.553267  0.574164 -0.603515)
     C   20    Vzz=    0.8886    axis=( -0.665747 -0.740243 -0.093924)
     C   20  Q=         1.0000 1e-30 m^2  Cq=         2.0879 MHz  eta= 0.75449

     H   21    Vxx=    0.0035    axis=( -0.425121  0.190059  0.884958)
     H   21    Vyy=    0.6992    axis=(  0.892261 -0.076329  0.445022)
     H   21    Vzz=   -0.7027    axis=(  0.152129  0.978801 -0.137133)
     H   21  Q=         1.0000 1e-30 m^2  Cq=        -1.6510 MHz  eta= 0.98999

     C   22    Vxx=   -0.1375    axis=( -0.137208  0.371241  0.918343)
     C   22    Vyy=   -0.5741    axis=( -0.983463  0.059588 -0.171026)
     C   22    Vzz=    0.7116    axis=( -0.118214 -0.926623  0.356926)
     C   22  Q=         1.0000 1e-30 m^2  Cq=         1.6719 MHz  eta= 0.61350

     C   23    Vxx=    0.0401    axis=( -0.798406  0.423091  0.428418)
     C   23    Vyy=    0.6855    axis=(  0.526582  0.835677  0.156059)
     C   23    Vzz=   -0.7257    axis=(  0.291991 -0.350196  0.890002)
     C   23  Q=         1.0000 1e-30 m^2  Cq=        -1.7050 MHz  eta= 0.88939

     Cl  24    Vxx=   -0.7707    axis=(  0.883641 -0.234438 -0.405236)
     Cl  24    Vyy=   -2.0102    axis=( -0.323843  0.319003 -0.890709)
     Cl  24    Vzz=    2.7809    axis=(  0.338088  0.918300  0.205963)
     Cl  24  Q=        -8.1650 1e-30 m^2  Cq=       -53.3499 MHz  eta= 0.44569

     Initialization:
     gipaw_setup  :      9.05s CPU     10.99s WALL (       1 calls)

     Linear response

     Apply operators

     Induced current

     Other routines
     efg          :      9.29s CPU     11.78s WALL (       1 calls)

     General routines
     calbec       :      3.33s CPU      4.33s WALL (      16 calls)
     fft          :      1.46s CPU      1.95s WALL (      15 calls)
     ffts         :      0.04s CPU      0.09s WALL (       2 calls)
     fftw         :      3.31s CPU      4.13s WALL (     672 calls)
     davcio       :      0.01s CPU      0.30s WALL (      32 calls)

     Parallel routines
     fft_scatter  :      2.13s CPU      3.22s WALL (     689 calls)

     Plugins

     GIPAW        :     61.58s CPU     75.20s WALL (       1 calls)
