
     Program QE v.6.0 (svn rev. 13079) starts on 14Jan2017 at  3:41:58 

     This program is part of the open-source Quantum ESPRESSO suite
     for quantum simulation of materials; please cite
         "P. Giannozzi et al., J. Phys.:Condens. Matter 21 395502 (2009);
          URL http://www.quantum-espresso.org", 
     in publications or presentations arising from this work. More details at
     http://www.quantum-espresso.org/quote

     Parallel version (MPI), running on     8 processors
     R & G space division:  proc/nbgrp/npool/nimage =       8

     ***** This is GIPAW svn revision unknown      *****

     Parallelizing q-star over 1 images

     Reading data from directory:
     /users/majewski/paradichlorobenzene/pbe/9_constraint/scratch/pbe.ecut100.np8.dt60.pcl2phi-129368.save
     Message from routine read_xml_file:
     file /users/majewski/paradichlorobenzene/pbe/9_constraint/scratch/pbe.ecut100.np8.dt60.pcl2phi-129368.save not guaranteed to be safe for post-processing

   Info: using nr1, nr2, nr3 values from input

   Info: using nr1, nr2, nr3 values from input

     IMPORTANT: XC functional enforced from input :
     Exchange-correlation      =  SLA  PW   PBX  PBC ( 1  4  3  4 0 0)
     Any further DFT definition will be discarded
     Please, verify this is what you really want

               file C.pbe-n-kjpaw_psl.1.0.0.UPF: wavefunction(s)  2S 2P renormalized
               file Cl.pbe-n-kjpaw_psl.1.0.0.UPF: wavefunction(s)  3S 3P renormalized
               file H.pbe-kjpaw_psl.1.0.0.UPF: wavefunction(s)  1S renormalized

     Parallelization info
     --------------------
     sticks:   dense  smooth     PW     G-vecs:    dense   smooth      PW
     Min        3057    1223    332               144436    36536    5170
     Max        3059    1225    333               144437    36537    5171
     Sum       24467    9791   2657              1155489   292295   41363


     Subspace diagonalization in iterative solution of the eigenvalue problem:
     a serial algorithm will be used

     GIPAW projectors -----------------------------------------------
     atom=  C    l=0  rc=    1.2000  rs=    0.8000
     atom=  C    l=0  rc=    1.2000  rs=    0.8000
     atom=  C    l=1  rc=    1.4000  rs=    0.9333
     atom=  C    l=1  rc=    1.4000  rs=    0.9333
     projs nearly linearly dependent: l=1  n1,n2= 1, 2  s=  0.99951561

     atom=  Cl   l=0  rc=    1.6000  rs=    1.0667
     atom=  Cl   l=0  rc=    1.6000  rs=    1.0667
     atom=  Cl   l=1  rc=    1.6000  rs=    1.0667
     atom=  Cl   l=1  rc=    1.6000  rs=    1.0667
     atom=  Cl   l=2  rc=    1.6000  rs=    1.0667
     atom=  Cl   l=2  rc=    1.6000  rs=    1.0667
     projs nearly linearly dependent: l=2  n1,n2= 1, 2  s=  0.99993509

     atom=  H    l=0  rc=    1.0000  rs=    0.6667
     atom=  H    l=0  rc=    1.0000  rs=    0.6667
     projs nearly linearly dependent: l=0  n1,n2= 1, 2  s=  0.99968852
     -----------------------------------------------------------------

     GIPAW integrals: -------------------------------------------
     Atom  i/j   nmr_para   nmr_dia   epr_rmc  epr_para   epr_dia
       C   1 1   0.83E+03  0.17E-01  0.93E+01  0.24E+08  0.24E+03
       C   2 1   0.86E+03 -0.61E-01  0.94E+01  0.25E+08  0.25E+03
       C   2 2   0.90E+03 -0.15E+00  0.97E+01  0.26E+08  0.26E+03
       C   3 3   0.33E+01  0.34E+00  0.18E+01  0.55E+03  0.21E+02
       C   4 3   0.35E+01  0.37E+00  0.20E+01  0.59E+03  0.22E+02
       C   4 4   0.38E+01  0.39E+00  0.22E+01  0.63E+03  0.24E+02
       Cl  1 1   0.14E+04 -0.47E+00  0.84E+01  0.32E+09  0.42E+03
       Cl  2 1   0.21E+04 -0.37E+00  0.12E+02  0.49E+09  0.65E+03
       Cl  2 2   0.33E+04 -0.16E+00  0.21E+02  0.76E+09  0.10E+04
       Cl  3 3   0.21E+02  0.79E-01  0.89E+01  0.23E+05  0.13E+03
       Cl  4 3   0.24E+02  0.67E-01  0.99E+01  0.27E+05  0.15E+03
       Cl  4 4   0.28E+02  0.44E-01  0.11E+02  0.32E+05  0.18E+03
       Cl  5 5   0.77E+00  0.19E+00  0.18E+01  0.12E+03  0.22E+02
       Cl  6 5   0.80E+00  0.19E+00  0.19E+01  0.12E+03  0.23E+02
       Cl  6 6   0.83E+00  0.20E+00  0.19E+01  0.12E+03  0.23E+02
       H   1 1   0.39E+02  0.19E+00  0.29E+00  0.78E+05  0.13E+02
       H   2 1   0.41E+02  0.21E+00  0.32E+00  0.82E+05  0.14E+02
       H   2 2   0.43E+02  0.22E+00  0.36E+00  0.86E+05  0.15E+02
     ------------------------------------------------------------

     alpha_pv=     34.7312 eV

     Number of occupied bands for each k-point:
     k-point:     1    nbnd_occ=  42
     k-point:     2    nbnd_occ=  42
     k-point:     3    nbnd_occ=  42
     k-point:     4    nbnd_occ=  42
     k-point:     5    nbnd_occ=  42
     k-point:     6    nbnd_occ=  42
     k-point:     7    nbnd_occ=  42
     k-point:     8    nbnd_occ=  42
     k-point:     9    nbnd_occ=  42
     k-point:    10    nbnd_occ=  42
     k-point:    11    nbnd_occ=  42
     k-point:    12    nbnd_occ=  42
     k-point:    13    nbnd_occ=  42
     k-point:    14    nbnd_occ=  42
     k-point:    15    nbnd_occ=  42
     k-point:    16    nbnd_occ=  42


     q-space interpolation up to   110.00 Rydberg

     GIPAW job: efg                                                                             


     ELECTRIC FIELD GRADIENTS TENSORS IN Hartree/bohrradius^2:

     ----- bare term -----
     Cl   1        0.020480        0.112159        0.011411
     Cl   1        0.112159        0.087683        0.018413
     Cl   1        0.011411        0.018413       -0.108163

     C    2       -0.104280        0.141933       -0.239705
     C    2        0.141933       -0.338258       -0.487908
     C    2       -0.239705       -0.487908        0.442537

     C    3       -0.203845        0.405613       -0.300840
     C    3        0.405613       -0.247669       -0.374981
     C    3       -0.300840       -0.374981        0.451514

     H    4       -0.075025       -0.156173       -0.387229
     H    4       -0.156173        0.475285       -0.111858
     H    4       -0.387229       -0.111858       -0.400260

     C    5       -0.604535        0.163233       -0.338711
     C    5        0.163233        0.102147       -0.203978
     C    5       -0.338711       -0.203978        0.502388

     H    6       -0.148440        0.235761       -0.134603
     H    6        0.235761       -0.226461       -0.420045
     H    6       -0.134603       -0.420045        0.374901

     H    7        0.378347        0.125466       -0.044459
     H    7        0.125466       -0.594508        0.409896
     H    7       -0.044459        0.409896        0.216161

     C    8       -0.328897       -0.214728       -0.343103
     C    8       -0.214728       -0.096976        0.421139
     C    8       -0.343103        0.421139        0.425872

     H    9       -0.499282        0.253409       -0.412635
     H    9        0.253409        0.304305        0.185242
     H    9       -0.412635        0.185242        0.194977

     C   10       -0.234524       -0.389311       -0.301002
     C   10       -0.389311       -0.228327        0.398414
     C   10       -0.301002        0.398414        0.462851

     C   11       -0.127006       -0.002280       -0.421748
     C   11       -0.002280       -0.152908        0.517801
     C   11       -0.421748        0.517801        0.279914

     Cl  12       -0.078107       -0.071043       -0.017219
     Cl  12       -0.071043        0.029666        0.012206
     Cl  12       -0.017219        0.012206        0.048441

     H   13       -0.002516        0.341488       -0.003016
     H   13        0.341488       -0.345300       -0.374372
     H   13       -0.003016       -0.374372        0.347816

     C   14       -0.124152       -0.181737       -0.465697
     C   14       -0.181737       -0.071750       -0.487522
     C   14       -0.465697       -0.487522        0.195902

     H   15        0.079445       -0.094634       -0.298314
     H   15       -0.094634        0.245979       -0.509103
     H   15       -0.298314       -0.509103       -0.325424

     C   16       -0.577139        0.345693       -0.411862
     C   16        0.345693        0.091910       -0.001798
     C   16       -0.411862       -0.001798        0.485229

     C   17        0.034670        0.052700       -0.182844
     C   17        0.052700       -0.542773       -0.313066
     C   17       -0.182844       -0.313066        0.508103

     Cl  18       -0.032652        0.117920       -0.029093
     Cl  18        0.117920        0.027862       -0.033622
     Cl  18       -0.029093       -0.033622        0.004791

     H   19        0.323177        0.013801        0.280944
     H   19        0.013801       -0.055512        0.424981
     H   19        0.280944        0.424981       -0.267666

     C   20       -0.415251       -0.288765       -0.330806
     C   20       -0.288765       -0.031686        0.418533
     C   20       -0.330806        0.418533        0.446937

     H   21       -0.266521        0.141092       -0.556485
     H   21        0.141092        0.359130        0.122807
     H   21       -0.556485        0.122807       -0.092609

     C   22       -0.206480       -0.234004       -0.270194
     C   22       -0.234004       -0.168610        0.582398
     C   22       -0.270194        0.582398        0.375090

     C   23       -0.317077       -0.218717       -0.291663
     C   23       -0.218717       -0.048359        0.433569
     C   23       -0.291663        0.433569        0.365436

     Cl  24       -0.018180        0.058290       -0.037175
     Cl  24        0.058290        0.056108        0.075097
     Cl  24       -0.037175        0.075097       -0.037927

     ----- ionic term -----
     Cl   1        0.132850       -0.231415        0.100614
     Cl   1       -0.231415        0.010301       -0.055436
     Cl   1        0.100614       -0.055436       -0.143152

     C    2        0.098008       -0.216657        0.401898
     C    2       -0.216657        0.158234        0.369745
     C    2        0.401898        0.369745       -0.256242

     C    3        0.118185       -0.317567        0.296152
     C    3       -0.317567        0.172110        0.319898
     C    3        0.296152        0.319898       -0.290296

     H    4        0.397463        0.221672        0.789274
     H    4        0.221672       -0.437724        0.257356
     H    4        0.789274        0.257356        0.040260

     C    5        0.237693       -0.273198        0.358916
     C    5       -0.273198        0.030510        0.256937
     C    5        0.358916        0.256937       -0.268202

     H    6       -0.461106       -0.232397       -0.112950
     H    6       -0.232397        0.618042        0.675428
     H    6       -0.112950        0.675428       -0.156936

     H    7       -0.511028       -0.107725        0.076262
     H    7       -0.107725        0.763066       -0.642482
     H    7        0.076262       -0.642482       -0.252038

     C    8        0.265641        0.269421        0.295508
     C    8        0.269421        0.101541       -0.242620
     C    8        0.295508       -0.242620       -0.367182

     H    9        0.760873       -0.344169        0.559070
     H    9       -0.344169       -0.424421       -0.222842
     H    9        0.559070       -0.222842       -0.336452

     C   10        0.182810        0.299368        0.183439
     C   10        0.299368        0.179733       -0.345332
     C   10        0.183439       -0.345332       -0.362543

     C   11        0.195908        0.226407        0.291956
     C   11        0.226407        0.046419       -0.397898
     C   11        0.291956       -0.397898       -0.242327

     Cl  12        0.156123        0.222389       -0.000644
     Cl  12        0.222389       -0.007963       -0.006445
     Cl  12       -0.000644       -0.006445       -0.148160

     H   13       -0.515848       -0.105047       -0.024914
     H   13       -0.105047        0.722550        0.657425
     H   13       -0.024914        0.657425       -0.206702

     C   14        0.234488       -0.187618        0.405710
     C   14       -0.187618        0.029059        0.269812
     C   14        0.405710        0.269812       -0.263547

     H   15        0.391442        0.359298        0.751450
     H   15        0.359298       -0.374314        0.327749
     H   15        0.751450        0.327749       -0.017128

     C   16        0.124707       -0.231924        0.292798
     C   16       -0.231924        0.163909        0.325278
     C   16        0.292798        0.325278       -0.288616

     C   17        0.129239       -0.194153        0.339874
     C   17       -0.194153        0.123600        0.383899
     C   17        0.339874        0.383899       -0.252840

     Cl  18        0.152961       -0.201190        0.053608
     Cl  18       -0.201190       -0.017417       -0.024802
     Cl  18        0.053608       -0.024802       -0.135545

     H   19       -0.501266        0.104111       -0.060351
     H   19        0.104111        0.429959       -0.779455
     H   19       -0.060351       -0.779455        0.071307

     C   20        0.242872        0.251663        0.291306
     C   20        0.251663       -0.029178       -0.305367
     C   20        0.291306       -0.305367       -0.213694

     H   21        0.541921       -0.351239        0.708799
     H   21       -0.351239       -0.416299       -0.294383
     H   21        0.708799       -0.294383       -0.125623

     C   22        0.138320        0.248524        0.196035
     C   22        0.248524        0.137485       -0.374119
     C   22        0.196035       -0.374119       -0.275805

     C   23        0.196874        0.259487        0.258514
     C   23        0.259487        0.086467       -0.350047
     C   23        0.258514       -0.350047       -0.283341

     Cl  24        0.125197        0.232745        0.017168
     Cl  24        0.232745        0.021618        0.004595
     Cl  24        0.017168        0.004595       -0.146815

     ----- GIPAW term -----
     Cl   1       -0.762720       -0.899054       -0.271045
     Cl   1       -0.899054       -1.188801       -0.311859
     Cl   1       -0.271045       -0.311859        1.951521

     C    2        0.018521       -0.098652        0.001857
     C    2       -0.098652       -0.108175       -0.066751
     C    2        0.001857       -0.066751        0.089655

     C    3       -0.005768        0.048731       -0.138767
     C    3        0.048731       -0.080508       -0.035753
     C    3       -0.138767       -0.035753        0.086277

     H    4       -0.000000        0.000000        0.000000
     H    4        0.000000        0.000000        0.000000
     H    4        0.000000        0.000000        0.000000

     C    5       -0.083745        0.064996        0.089099
     C    5        0.064996       -0.047314        0.051258
     C    5        0.089099        0.051258        0.131059

     H    6       -0.000000        0.000000        0.000000
     H    6        0.000000        0.000000        0.000000
     H    6        0.000000        0.000000        0.000000

     H    7       -0.000000        0.000000        0.000000
     H    7        0.000000        0.000000        0.000000
     H    7        0.000000        0.000000        0.000000

     C    8       -0.035141       -0.032525       -0.055241
     C    8       -0.032525       -0.035733        0.088839
     C    8       -0.055241        0.088839        0.070873

     H    9       -0.000000        0.000000        0.000000
     H    9        0.000000        0.000000        0.000000
     H    9        0.000000        0.000000        0.000000

     C   10       -0.039723       -0.054340       -0.126157
     C   10       -0.054340       -0.064684        0.050454
     C   10       -0.126157        0.050454        0.104406

     C   11        0.067629        0.134298       -0.098225
     C   11        0.134298       -0.027483        0.088862
     C   11       -0.098225        0.088862       -0.040145

     Cl  12        1.068899        2.108142       -0.158974
     Cl  12        2.108142        0.356095        0.073822
     Cl  12       -0.158974        0.073822       -1.424993

     H   13       -0.000000        0.000000        0.000000
     H   13        0.000000        0.000000        0.000000
     H   13        0.000000        0.000000        0.000000

     C   14        0.152122       -0.153652       -0.060617
     C   14       -0.153652       -0.076437       -0.099461
     C   14       -0.060617       -0.099461       -0.075686

     H   15       -0.000000        0.000000        0.000000
     H   15        0.000000        0.000000        0.000000
     H   15        0.000000        0.000000        0.000000

     C   16       -0.172082       -0.034762       -0.167223
     C   16       -0.034762        0.010479        0.168108
     C   16       -0.167223        0.168108        0.161603

     C   17       -0.077820       -0.069720       -0.003764
     C   17       -0.069720       -0.148772        0.117463
     C   17       -0.003764        0.117463        0.226591

     Cl  18       -0.738563       -0.813558        0.643875
     Cl  18       -0.813558       -1.066512        1.049129
     Cl  18        0.643875        1.049129        1.805075

     H   19       -0.000000        0.000000        0.000000
     H   19        0.000000        0.000000        0.000000
     H   19        0.000000        0.000000        0.000000

     C   20       -0.082817       -0.058130       -0.062237
     C   20       -0.058130       -0.020549        0.126728
     C   20       -0.062237        0.126728        0.103366

     H   21       -0.000000        0.000000        0.000000
     H   21        0.000000        0.000000        0.000000
     H   21        0.000000        0.000000        0.000000

     C   22       -0.108689       -0.026817       -0.069654
     C   22       -0.026817        0.011962        0.176835
     C   22       -0.069654        0.176835        0.096727

     C   23       -0.004991        0.129716       -0.030189
     C   23        0.129716        0.058270        0.098630
     C   23       -0.030189        0.098630       -0.053279

     Cl  24        1.069541        2.479197       -0.206138
     Cl  24        2.479197        0.612456        0.668360
     Cl  24       -0.206138        0.668360       -1.681997

     ----- total EFG -----
     Cl   1       -0.609390       -1.018310       -0.159020
     Cl   1       -1.018310       -1.090816       -0.348882
     Cl   1       -0.159020       -0.348882        1.700206

     C    2        0.012249       -0.173375        0.164051
     C    2       -0.173375       -0.288199       -0.184914
     C    2        0.164051       -0.184914        0.275950

     C    3       -0.091428        0.136777       -0.143454
     C    3        0.136777       -0.156067       -0.090836
     C    3       -0.143454       -0.090836        0.247495

     H    4        0.322438        0.065498        0.402045
     H    4        0.065498        0.037562        0.145499
     H    4        0.402045        0.145499       -0.360000

     C    5       -0.450587       -0.044969        0.109304
     C    5       -0.044969        0.085342        0.104217
     C    5        0.109304        0.104217        0.365245

     H    6       -0.609546        0.003364       -0.247553
     H    6        0.003364        0.391581        0.255384
     H    6       -0.247553        0.255384        0.217964

     H    7       -0.132681        0.017741        0.031803
     H    7        0.017741        0.168558       -0.232587
     H    7        0.031803       -0.232587       -0.035877

     C    8       -0.098396        0.022168       -0.102836
     C    8        0.022168       -0.031167        0.267359
     C    8       -0.102836        0.267359        0.129563

     H    9        0.261591       -0.090760        0.146435
     H    9       -0.090760       -0.120116       -0.037600
     H    9        0.146435       -0.037600       -0.141475

     C   10       -0.091437       -0.144282       -0.243720
     C   10       -0.144282       -0.113278        0.103536
     C   10       -0.243720        0.103536        0.204715

     C   11        0.136530        0.358424       -0.228017
     C   11        0.358424       -0.133972        0.208765
     C   11       -0.228017        0.208765       -0.002558

     Cl  12        1.146915        2.259488       -0.176837
     Cl  12        2.259488        0.377797        0.079584
     Cl  12       -0.176837        0.079584       -1.524712

     H   13       -0.518364        0.236441       -0.027929
     H   13        0.236441        0.377250        0.283053
     H   13       -0.027929        0.283053        0.141114

     C   14        0.262458       -0.523007       -0.120604
     C   14       -0.523007       -0.119127       -0.317171
     C   14       -0.120604       -0.317171       -0.143331

     H   15        0.470887        0.264664        0.453135
     H   15        0.264664       -0.128335       -0.181354
     H   15        0.453135       -0.181354       -0.342552

     C   16       -0.624514        0.079007       -0.286287
     C   16        0.079007        0.266298        0.491588
     C   16       -0.286287        0.491588        0.358217

     C   17        0.086089       -0.211174        0.153266
     C   17       -0.211174       -0.567945        0.188296
     C   17        0.153266        0.188296        0.481855

     Cl  18       -0.618254       -0.896829        0.668390
     Cl  18       -0.896829       -1.056067        0.990705
     Cl  18        0.668390        0.990705        1.674321

     H   19       -0.178089        0.117912        0.220593
     H   19        0.117912        0.374448       -0.354474
     H   19        0.220593       -0.354474       -0.196359

     C   20       -0.255196       -0.095233       -0.101737
     C   20       -0.095233       -0.081412        0.239895
     C   20       -0.101737        0.239895        0.336609

     H   21        0.275400       -0.210147        0.152315
     H   21       -0.210147       -0.057168       -0.171576
     H   21        0.152315       -0.171576       -0.218232

     C   22       -0.176848       -0.012297       -0.143812
     C   22       -0.012297       -0.019163        0.385114
     C   22       -0.143812        0.385114        0.196012

     C   23       -0.125194        0.170486       -0.063339
     C   23        0.170486        0.096378        0.182153
     C   23       -0.063339        0.182153        0.028815

     Cl  24        1.176558        2.770233       -0.226144
     Cl  24        2.770233        0.690182        0.748053
     Cl  24       -0.226144        0.748053       -1.866739

     ----- total EFG (symmetrized) -----
     Cl   1       -0.609390       -1.018310       -0.159020
     Cl   1       -1.018310       -1.090816       -0.348882
     Cl   1       -0.159020       -0.348882        1.700206

     C    2        0.012249       -0.173375        0.164051
     C    2       -0.173375       -0.288199       -0.184914
     C    2        0.164051       -0.184914        0.275950

     C    3       -0.091428        0.136777       -0.143454
     C    3        0.136777       -0.156067       -0.090836
     C    3       -0.143454       -0.090836        0.247495

     H    4        0.322438        0.065498        0.402045
     H    4        0.065498        0.037562        0.145499
     H    4        0.402045        0.145499       -0.360000

     C    5       -0.450587       -0.044969        0.109304
     C    5       -0.044969        0.085342        0.104217
     C    5        0.109304        0.104217        0.365245

     H    6       -0.609546        0.003364       -0.247553
     H    6        0.003364        0.391581        0.255384
     H    6       -0.247553        0.255384        0.217964

     H    7       -0.132681        0.017741        0.031803
     H    7        0.017741        0.168558       -0.232587
     H    7        0.031803       -0.232587       -0.035877

     C    8       -0.098396        0.022168       -0.102836
     C    8        0.022168       -0.031167        0.267359
     C    8       -0.102836        0.267359        0.129563

     H    9        0.261591       -0.090760        0.146435
     H    9       -0.090760       -0.120116       -0.037600
     H    9        0.146435       -0.037600       -0.141475

     C   10       -0.091437       -0.144282       -0.243720
     C   10       -0.144282       -0.113278        0.103536
     C   10       -0.243720        0.103536        0.204715

     C   11        0.136530        0.358424       -0.228017
     C   11        0.358424       -0.133972        0.208765
     C   11       -0.228017        0.208765       -0.002558

     Cl  12        1.146915        2.259488       -0.176837
     Cl  12        2.259488        0.377797        0.079584
     Cl  12       -0.176837        0.079584       -1.524712

     H   13       -0.518364        0.236441       -0.027929
     H   13        0.236441        0.377250        0.283053
     H   13       -0.027929        0.283053        0.141114

     C   14        0.262458       -0.523007       -0.120604
     C   14       -0.523007       -0.119127       -0.317171
     C   14       -0.120604       -0.317171       -0.143331

     H   15        0.470887        0.264664        0.453135
     H   15        0.264664       -0.128335       -0.181354
     H   15        0.453135       -0.181354       -0.342552

     C   16       -0.624514        0.079007       -0.286287
     C   16        0.079007        0.266298        0.491588
     C   16       -0.286287        0.491588        0.358217

     C   17        0.086089       -0.211174        0.153266
     C   17       -0.211174       -0.567945        0.188296
     C   17        0.153266        0.188296        0.481855

     Cl  18       -0.618254       -0.896829        0.668390
     Cl  18       -0.896829       -1.056067        0.990705
     Cl  18        0.668390        0.990705        1.674321

     H   19       -0.178089        0.117912        0.220593
     H   19        0.117912        0.374448       -0.354474
     H   19        0.220593       -0.354474       -0.196359

     C   20       -0.255196       -0.095233       -0.101737
     C   20       -0.095233       -0.081412        0.239895
     C   20       -0.101737        0.239895        0.336609

     H   21        0.275400       -0.210147        0.152315
     H   21       -0.210147       -0.057168       -0.171576
     H   21        0.152315       -0.171576       -0.218232

     C   22       -0.176848       -0.012297       -0.143812
     C   22       -0.012297       -0.019163        0.385114
     C   22       -0.143812        0.385114        0.196012

     C   23       -0.125194        0.170486       -0.063339
     C   23        0.170486        0.096378        0.182153
     C   23       -0.063339        0.182153        0.028815

     Cl  24        1.176558        2.770233       -0.226144
     Cl  24        2.770233        0.690182        0.748053
     Cl  24       -0.226144        0.748053       -1.866739


     NQR/NMR SPECTROSCOPIC PARAMETERS:
     Cl   1    Vxx=    0.1909    axis=(  0.789298 -0.611252 -0.058134)
     Cl   1    Vyy=    1.7437    axis=(  0.016832  0.116185 -0.993085)
     Cl   1    Vzz=   -1.9346    axis=(  0.613779  0.782862  0.101993)
     Cl   1  Q=        -8.1650 1e-30 m^2  Cq=        37.1152 MHz  eta= 0.80262

     C    2    Vxx=   -0.0510    axis=( -0.827898  0.195280  0.525785)
     C    2    Vyy=   -0.3854    axis=( -0.331047 -0.926861 -0.177022)
     C    2    Vzz=    0.4365    axis=(  0.452761 -0.320616  0.831993)
     C    2  Q=         1.0000 1e-30 m^2  Cq=         1.0256 MHz  eta= 0.76612

     C    3    Vxx=   -0.0720    axis=(  0.666782  0.582406  0.464978)
     C    3    Vyy=   -0.2651    axis=( -0.639991  0.767169 -0.043161)
     C    3    Vzz=    0.3371    axis=( -0.381854 -0.268803  0.884269)
     C    3  Q=         1.0000 1e-30 m^2  Cq=         0.7919 MHz  eta= 0.57279

     H    4    Vxx=    0.0265    axis=(  0.290056 -0.955257 -0.057888)
     H    4    Vyy=    0.5382    axis=( -0.871369 -0.238605 -0.428699)
     H    4    Vzz=   -0.5647    axis=(  0.395706  0.174789 -0.901591)
     H    4  Q=         1.0000 1e-30 m^2  Cq=        -1.3267 MHz  eta= 0.90617

     C    5    Vxx=    0.0619    axis=(  0.142170 -0.950760  0.275397)
     C    5    Vyy=    0.4093    axis=( -0.105632 -0.291207 -0.950810)
     C    5    Vzz=   -0.4712    axis=(  0.984190  0.106086 -0.141831)
     C    5  Q=         1.0000 1e-30 m^2  Cq=        -1.1071 MHz  eta= 0.73735

     H    6    Vxx=    0.0907    axis=( -0.263488 -0.622555  0.736885)
     H    6    Vyy=    0.5922    axis=( -0.124304  0.779421  0.614045)
     H    6    Vzz=   -0.6830    axis=( -0.956620  0.070196 -0.282754)
     H    6  Q=         1.0000 1e-30 m^2  Cq=        -1.6047 MHz  eta= 0.73433

     H    7    Vxx=   -0.1146    axis=( -0.895447 -0.247696 -0.369894)
     H    7    Vyy=   -0.2058    axis=( -0.445133  0.487715  0.750993)
     H    7    Vzz=    0.3204    axis=(  0.005615 -0.837126  0.546981)
     H    7  Q=         1.0000 1e-30 m^2  Cq=         0.7528 MHz  eta= 0.28444

     C    8    Vxx=   -0.0710    axis=(  0.884569  0.445009 -0.139658)
     C    8    Vyy=   -0.2686    axis=( -0.438056  0.689869 -0.576357)
     C    8    Vzz=    0.3396    axis=( -0.160139  0.571006  0.805176)
     C    8  Q=         1.0000 1e-30 m^2  Cq=         0.7980 MHz  eta= 0.58184

     H    9    Vxx=   -0.1402    axis=(  0.247272  0.965635 -0.080041)
     H    9    Vyy=   -0.1902    axis=( -0.277495  0.149720  0.948989)
     H    9    Vzz=    0.3305    axis=(  0.928360 -0.212448  0.304980)
     H    9  Q=         1.0000 1e-30 m^2  Cq=         0.7765 MHz  eta= 0.15126

     C   10    Vxx=   -0.1185    axis=( -0.335337  0.793909 -0.507205)
     C   10    Vyy=   -0.2754    axis=( -0.799419 -0.524655 -0.292690)
     C   10    Vzz=    0.3938    axis=( -0.498477  0.307320  0.810602)
     C   10  Q=         1.0000 1e-30 m^2  Cq=         0.9254 MHz  eta= 0.39833

     C   11    Vxx=    0.1486    axis=( -0.070031  0.533757  0.842733)
     C   11    Vyy=    0.4009    axis=(  0.847501  0.477428 -0.231958)
     C   11    Vzz=   -0.5495    axis=( -0.526154  0.697973 -0.485794)
     C   11  Q=         1.0000 1e-30 m^2  Cq=        -1.2910 MHz  eta= 0.45906

     Cl  12    Vxx=   -1.3531    axis=( -0.443599  0.546414  0.710389)
     Cl  12    Vyy=   -1.7028    axis=(  0.467798 -0.534932  0.703571)
     Cl  12    Vzz=    3.0559    axis=( -0.764451 -0.644422  0.018316)
     Cl  12  Q=        -8.1650 1e-30 m^2  Cq=       -58.6253 MHz  eta= 0.11444

     H   13    Vxx=   -0.0057    axis=( -0.260438 -0.464709  0.846296)
     H   13    Vyy=   -0.5906    axis=( -0.951159  0.273960 -0.142274)
     H   13    Vzz=    0.5964    axis=( -0.165735 -0.842016 -0.513362)
     H   13  Q=         1.0000 1e-30 m^2  Cq=         1.4012 MHz  eta= 0.98082

     C   14    Vxx=    0.0479    axis=( -0.397908 -0.358012  0.844687)
     C   14    Vyy=    0.6384    axis=( -0.792743  0.597597 -0.120153)
     C   14    Vzz=   -0.6864    axis=( -0.461766 -0.717430 -0.521600)
     C   14  Q=         1.0000 1e-30 m^2  Cq=        -1.6127 MHz  eta= 0.86039

     H   15    Vxx=   -0.0248    axis=( -0.004550  0.865652 -0.500625)
     H   15    Vyy=   -0.6844    axis=( -0.413554  0.454184  0.789107)
     H   15    Vzz=    0.7093    axis=(  0.910468  0.210626  0.355927)
     H   15  Q=         1.0000 1e-30 m^2  Cq=         1.6665 MHz  eta= 0.92994

     C   16    Vxx=   -0.0727    axis=( -0.396211 -0.724832  0.563592)
     C   16    Vyy=   -0.7514    axis=( -0.911112  0.234476 -0.338964)
     C   16    Vzz=    0.8241    axis=( -0.113543  0.647796  0.753305)
     C   16  Q=         1.0000 1e-30 m^2  Cq=         1.9363 MHz  eta= 0.82345

     C   17    Vxx=    0.1274    axis=(  0.916124 -0.337001 -0.217134)
     C   17    Vyy=    0.5466    axis=( -0.267671 -0.110985 -0.957097)
     C   17    Vzz=   -0.6740    axis=(  0.298444  0.934940 -0.191881)
     C   17  Q=         1.0000 1e-30 m^2  Cq=        -1.5836 MHz  eta= 0.62183

     Cl  18    Vxx=    0.0829    axis=(  0.800305 -0.598485  0.036448)
     Cl  18    Vyy=    2.0509    axis=( -0.151297 -0.260391 -0.953575)
     Cl  18    Vzz=   -2.1338    axis=(  0.580191  0.757636 -0.298941)
     Cl  18  Q=        -8.1650 1e-30 m^2  Cq=        40.9350 MHz  eta= 0.92234

     H   19    Vxx=   -0.0052    axis=(  0.821972  0.230816  0.520659)
     H   19    Vyy=   -0.5391    axis=( -0.569274  0.360241  0.739022)
     H   19    Vzz=    0.5443    axis=( -0.016985 -0.903853  0.427506)
     H   19  Q=         1.0000 1e-30 m^2  Cq=         1.2789 MHz  eta= 0.98071

     C   20    Vxx=   -0.1727    axis=( -0.372020  0.808866 -0.455343)
     C   20    Vyy=   -0.2973    axis=(  0.910632  0.413093 -0.010182)
     C   20    Vzz=    0.4699    axis=( -0.179864  0.418438  0.890258)
     C   20  Q=         1.0000 1e-30 m^2  Cq=         1.1041 MHz  eta= 0.26516

     H   21    Vxx=   -0.1182    axis=(  0.548164  0.727394 -0.412812)
     H   21    Vyy=   -0.3278    axis=( -0.037184  0.514282  0.856815)
     H   21    Vzz=    0.4460    axis=(  0.835544 -0.454325  0.308959)
     H   21  Q=         1.0000 1e-30 m^2  Cq=         1.0479 MHz  eta= 0.47011

     C   22    Vxx=   -0.1604    axis=(  0.878336  0.457202 -0.139616)
     C   22    Vyy=   -0.3498    axis=( -0.444224  0.672712 -0.591712)
     C   22    Vzz=    0.5102    axis=( -0.176611  0.581743  0.793967)
     C   22  Q=         1.0000 1e-30 m^2  Cq=         1.1987 MHz  eta= 0.37124

     C   23    Vxx=    0.0171    axis=( -0.641941 -0.269224  0.717935)
     C   23    Vyy=    0.2724    axis=( -0.259898 -0.804500 -0.534073)
     C   23    Vzz=   -0.2895    axis=( -0.721363  0.529433 -0.446471)
     C   23  Q=         1.0000 1e-30 m^2  Cq=        -0.6803 MHz  eta= 0.88158

     Cl  24    Vxx=   -1.1642    axis=(  0.519846 -0.496028 -0.695497)
     Cl  24    Vyy=   -2.5708    axis=( -0.442462  0.540093 -0.715910)
     Cl  24    Vzz=    3.7350    axis=( -0.730745 -0.679893 -0.061292)
     Cl  24  Q=        -8.1650 1e-30 m^2  Cq=       -71.6550 MHz  eta= 0.37661

     Initialization:
     gipaw_setup  :      9.13s CPU     11.19s WALL (       1 calls)

     Linear response

     Apply operators

     Induced current

     Other routines
     efg          :      9.39s CPU     11.80s WALL (       1 calls)

     General routines
     calbec       :      3.30s CPU      4.36s WALL (      16 calls)
     fft          :      1.52s CPU      2.31s WALL (      15 calls)
     ffts         :      0.04s CPU      0.05s WALL (       2 calls)
     fftw         :      3.31s CPU      4.02s WALL (     672 calls)
     davcio       :      0.03s CPU      0.33s WALL (      32 calls)

     Parallel routines
     fft_scatter  :      2.13s CPU      3.54s WALL (     689 calls)

     Plugins

     GIPAW        :     60.30s CPU     74.31s WALL (       1 calls)
