
     Program QE v.6.0 (svn rev. 13079) starts on 10Jan2017 at  7:19: 2 

     This program is part of the open-source Quantum ESPRESSO suite
     for quantum simulation of materials; please cite
         "P. Giannozzi et al., J. Phys.:Condens. Matter 21 395502 (2009);
          URL http://www.quantum-espresso.org", 
     in publications or presentations arising from this work. More details at
     http://www.quantum-espresso.org/quote

     Parallel version (MPI), running on     8 processors
     R & G space division:  proc/nbgrp/npool/nimage =       8

     ***** This is GIPAW svn revision unknown      *****

     Parallelizing q-star over 1 images

     Reading data from directory:
     /users/majewski/paradichlorobenzene/pbe/9_constraint/scratch/pbe.ecut100.np8.dt60.pcl2phi-129368.save
     Message from routine read_xml_file:
     file /users/majewski/paradichlorobenzene/pbe/9_constraint/scratch/pbe.ecut100.np8.dt60.pcl2phi-129368.save not guaranteed to be safe for post-processing

   Info: using nr1, nr2, nr3 values from input

   Info: using nr1, nr2, nr3 values from input

     IMPORTANT: XC functional enforced from input :
     Exchange-correlation      =  SLA  PW   PBX  PBC ( 1  4  3  4 0 0)
     Any further DFT definition will be discarded
     Please, verify this is what you really want

               file C.pbe-n-kjpaw_psl.1.0.0.UPF: wavefunction(s)  2S 2P renormalized
               file Cl.pbe-n-kjpaw_psl.1.0.0.UPF: wavefunction(s)  3S 3P renormalized
               file H.pbe-kjpaw_psl.1.0.0.UPF: wavefunction(s)  1S renormalized

     Parallelization info
     --------------------
     sticks:   dense  smooth     PW     G-vecs:    dense   smooth      PW
     Min        3057    1223    332               144436    36536    5170
     Max        3059    1225    333               144437    36537    5171
     Sum       24467    9791   2657              1155489   292295   41363


     Subspace diagonalization in iterative solution of the eigenvalue problem:
     a serial algorithm will be used

     GIPAW projectors -----------------------------------------------
     atom=  C    l=0  rc=    1.2000  rs=    0.8000
     atom=  C    l=0  rc=    1.2000  rs=    0.8000
     atom=  C    l=1  rc=    1.4000  rs=    0.9333
     atom=  C    l=1  rc=    1.4000  rs=    0.9333
     projs nearly linearly dependent: l=1  n1,n2= 1, 2  s=  0.99951561

     atom=  Cl   l=0  rc=    1.6000  rs=    1.0667
     atom=  Cl   l=0  rc=    1.6000  rs=    1.0667
     atom=  Cl   l=1  rc=    1.6000  rs=    1.0667
     atom=  Cl   l=1  rc=    1.6000  rs=    1.0667
     atom=  Cl   l=2  rc=    1.6000  rs=    1.0667
     atom=  Cl   l=2  rc=    1.6000  rs=    1.0667
     projs nearly linearly dependent: l=2  n1,n2= 1, 2  s=  0.99993509

     atom=  H    l=0  rc=    1.0000  rs=    0.6667
     atom=  H    l=0  rc=    1.0000  rs=    0.6667
     projs nearly linearly dependent: l=0  n1,n2= 1, 2  s=  0.99968852
     -----------------------------------------------------------------

     GIPAW integrals: -------------------------------------------
     Atom  i/j   nmr_para   nmr_dia   epr_rmc  epr_para   epr_dia
       C   1 1   0.83E+03  0.17E-01  0.93E+01  0.24E+08  0.24E+03
       C   2 1   0.86E+03 -0.61E-01  0.94E+01  0.25E+08  0.25E+03
       C   2 2   0.90E+03 -0.15E+00  0.97E+01  0.26E+08  0.26E+03
       C   3 3   0.33E+01  0.34E+00  0.18E+01  0.55E+03  0.21E+02
       C   4 3   0.35E+01  0.37E+00  0.20E+01  0.59E+03  0.22E+02
       C   4 4   0.38E+01  0.39E+00  0.22E+01  0.63E+03  0.24E+02
       Cl  1 1   0.14E+04 -0.47E+00  0.84E+01  0.32E+09  0.42E+03
       Cl  2 1   0.21E+04 -0.37E+00  0.12E+02  0.49E+09  0.65E+03
       Cl  2 2   0.33E+04 -0.16E+00  0.21E+02  0.76E+09  0.10E+04
       Cl  3 3   0.21E+02  0.79E-01  0.89E+01  0.23E+05  0.13E+03
       Cl  4 3   0.24E+02  0.67E-01  0.99E+01  0.27E+05  0.15E+03
       Cl  4 4   0.28E+02  0.44E-01  0.11E+02  0.32E+05  0.18E+03
       Cl  5 5   0.77E+00  0.19E+00  0.18E+01  0.12E+03  0.22E+02
       Cl  6 5   0.80E+00  0.19E+00  0.19E+01  0.12E+03  0.23E+02
       Cl  6 6   0.83E+00  0.20E+00  0.19E+01  0.12E+03  0.23E+02
       H   1 1   0.39E+02  0.19E+00  0.29E+00  0.78E+05  0.13E+02
       H   2 1   0.41E+02  0.21E+00  0.32E+00  0.82E+05  0.14E+02
       H   2 2   0.43E+02  0.22E+00  0.36E+00  0.86E+05  0.15E+02
     ------------------------------------------------------------

     alpha_pv=     34.0773 eV

     Number of occupied bands for each k-point:
     k-point:     1    nbnd_occ=  42
     k-point:     2    nbnd_occ=  42
     k-point:     3    nbnd_occ=  42
     k-point:     4    nbnd_occ=  42
     k-point:     5    nbnd_occ=  42
     k-point:     6    nbnd_occ=  42
     k-point:     7    nbnd_occ=  42
     k-point:     8    nbnd_occ=  42
     k-point:     9    nbnd_occ=  42
     k-point:    10    nbnd_occ=  42
     k-point:    11    nbnd_occ=  42
     k-point:    12    nbnd_occ=  42
     k-point:    13    nbnd_occ=  42
     k-point:    14    nbnd_occ=  42
     k-point:    15    nbnd_occ=  42
     k-point:    16    nbnd_occ=  42


     q-space interpolation up to   110.00 Rydberg

     GIPAW job: efg                                                                             


     ELECTRIC FIELD GRADIENTS TENSORS IN Hartree/bohrradius^2:

     ----- bare term -----
     Cl   1       -0.069149        0.155192        0.112200
     Cl   1        0.155192       -0.017184        0.131055
     Cl   1        0.112200        0.131055        0.086332

     C    2       -0.299233        0.091015       -0.392923
     C    2        0.091015        0.054324       -0.339961
     C    2       -0.392923       -0.339961        0.244909

     C    3       -0.048926        0.336823       -0.197741
     C    3        0.336823       -0.132000       -0.642395
     C    3       -0.197741       -0.642395        0.180926

     H    4       -0.011382        0.150442       -0.494640
     H    4        0.150442       -0.065083        0.164495
     H    4       -0.494640        0.164495        0.076465

     C    5       -0.482656        0.320814       -0.205101
     C    5        0.320814        0.046889       -0.454364
     C    5       -0.205101       -0.454364        0.435767

     H    6        0.522564       -0.006881       -0.129150
     H    6       -0.006881       -0.024088       -0.290048
     H    6       -0.129150       -0.290048       -0.498476

     H    7        0.407681        0.059801        0.232240
     H    7        0.059801       -0.084660        0.355732
     H    7        0.232240        0.355732       -0.323022

     C    8       -0.585074       -0.359396       -0.336908
     C    8       -0.359396        0.247408        0.386446
     C    8       -0.336908        0.386446        0.337666

     H    9        0.122991        0.062110       -0.377849
     H    9        0.062110        0.253166       -0.260056
     H    9       -0.377849       -0.260056       -0.376156

     C   10       -0.007703       -0.417623       -0.172187
     C   10       -0.417623       -0.168027        0.625270
     C   10       -0.172187        0.625270        0.175729

     C   11       -0.583184       -0.199074       -0.376944
     C   11       -0.199074        0.074446        0.181943
     C   11       -0.376944        0.181943        0.508738

     Cl  12        0.010422        0.093292       -0.039264
     Cl  12        0.093292        0.013629       -0.041441
     Cl  12       -0.039264       -0.041441       -0.024051

     H   13        0.538480       -0.011938       -0.024181
     H   13       -0.011938        0.026547       -0.251760
     H   13       -0.024181       -0.251760       -0.565027

     C   14       -0.414786        0.339093       -0.028830
     C   14        0.339093       -0.040904       -0.462304
     C   14       -0.028830       -0.462304        0.455690

     H   15        0.121333        0.021528       -0.426332
     H   15        0.021528        0.173025        0.269333
     H   15       -0.426332        0.269333       -0.294358

     C   16       -0.048796        0.054992       -0.215969
     C   16        0.054992       -0.030308       -0.682795
     C   16       -0.215969       -0.682795        0.079104

     C   17       -0.437960        0.217060       -0.404679
     C   17        0.217060        0.160478       -0.286038
     C   17       -0.404679       -0.286038        0.277482

     Cl  18       -0.038463        0.113419       -0.031205
     Cl  18        0.113419        0.007854       -0.012564
     Cl  18       -0.031205       -0.012564        0.030609

     H   19        0.477520        0.015489        0.162286
     H   19        0.015489        0.043838        0.372457
     H   19        0.162286        0.372457       -0.521358

     C   20       -0.302134       -0.221596       -0.318518
     C   20       -0.221596       -0.135862        0.409504
     C   20       -0.318518        0.409504        0.437996

     H   21        0.139766        0.081176       -0.326017
     H   21        0.081176        0.437820       -0.095169
     H   21       -0.326017       -0.095169       -0.577586

     C   22       -0.293998       -0.291283       -0.310574
     C   22       -0.291283       -0.167586        0.378315
     C   22       -0.310574        0.378315        0.461585

     C   23       -0.130034       -0.103032       -0.309504
     C   23       -0.103032       -0.274110        0.504760
     C   23       -0.309504        0.504760        0.404143

     Cl  24       -0.011523        0.030539       -0.008156
     Cl  24        0.030539       -0.017405        0.006214
     Cl  24       -0.008156        0.006214        0.028928

     ----- ionic term -----
     Cl   1        0.090314       -0.211722       -0.015627
     Cl   1       -0.211722        0.039563        0.022226
     Cl   1       -0.015627        0.022226       -0.129877

     C    2        0.119685       -0.255839        0.285150
     C    2       -0.255839        0.001437        0.412205
     C    2        0.285150        0.412205       -0.121122

     C    3        0.118291       -0.352641        0.184766
     C    3       -0.352641        0.079235        0.380689
     C    3        0.184766        0.380689       -0.197526

     H    4        0.638732       -0.009645        0.707861
     H    4       -0.009645       -0.531107        0.083755
     H    4        0.707861        0.083755       -0.107625

     C    5        0.205298       -0.319984        0.321343
     C    5       -0.319984       -0.023078        0.276760
     C    5        0.321343        0.276760       -0.182220

     H    6       -0.540599        0.106867        0.117948
     H    6        0.106867        0.467777        0.797313
     H    6        0.117948        0.797313        0.072822

     H    7       -0.527784        0.045994       -0.005084
     H    7        0.045994        0.534197       -0.764456
     H    7       -0.005084       -0.764456       -0.006413

     C    8        0.190275        0.342153        0.249774
     C    8        0.342153       -0.012255       -0.275941
     C    8        0.249774       -0.275941       -0.178020

     H    9        0.303021       -0.067340        0.788961
     H    9       -0.067340       -0.536320       -0.139865
     H    9        0.788961       -0.139865        0.233299

     C   10        0.094066        0.387855        0.170406
     C   10        0.387855        0.011871       -0.362423
     C   10        0.170406       -0.362423       -0.105937

     C   11        0.235474        0.304746        0.302840
     C   11        0.304746       -0.102822       -0.339540
     C   11        0.302840       -0.339540       -0.132652

     Cl  12        0.150478        0.225894        0.026462
     Cl  12        0.225894       -0.009670        0.010432
     Cl  12        0.026462        0.010432       -0.140807

     H   13       -0.528386       -0.009859        0.006006
     H   13       -0.009859        0.379456        0.798249
     H   13        0.006006        0.798249        0.148930

     C   14        0.190603       -0.291536        0.275324
     C   14       -0.291536       -0.017873        0.292300
     C   14        0.275324        0.292300       -0.172730

     H   15        0.297935        0.079276        0.819121
     H   15        0.079276       -0.518609        0.158592
     H   15        0.819121        0.158592        0.220674

     C   16        0.002841       -0.279841        0.230424
     C   16       -0.279841        0.112174        0.408005
     C   16        0.230424        0.408005       -0.115015

     C   17        0.075654       -0.294379        0.383446
     C   17       -0.294379        0.063559        0.336055
     C   17        0.383446        0.336055       -0.139213

     Cl  18        0.057177       -0.231838        0.032223
     Cl  18       -0.231838        0.093549       -0.017333
     Cl  18        0.032223       -0.017333       -0.150725

     H   19       -0.521433       -0.032568        0.053630
     H   19       -0.032568        0.527197       -0.777180
     H   19        0.053630       -0.777180       -0.005764

     C   20        0.285332        0.281998        0.321950
     C   20        0.281998       -0.071332       -0.277300
     C   20        0.321950       -0.277300       -0.214000

     H   21        0.333058       -0.121749        0.821977
     H   21       -0.121749       -0.532050       -0.184217
     H   21        0.821977       -0.184217        0.198993

     C   22        0.098296        0.337513        0.202522
     C   22        0.337513        0.044066       -0.376400
     C   22        0.202522       -0.376400       -0.142362

     C   23        0.118048        0.299190        0.260476
     C   23        0.299190       -0.005766       -0.370889
     C   23        0.260476       -0.370889       -0.112282

     Cl  24        0.131936        0.209107        0.012392
     Cl  24        0.209107       -0.004156        0.001919
     Cl  24        0.012392        0.001919       -0.127779

     ----- GIPAW term -----
     Cl   1        0.590965       -0.413213        1.366312
     Cl   1       -0.413213       -0.033090        1.615732
     Cl   1        1.366312        1.615732       -0.557875

     C    2        0.050501       -0.023526       -0.003027
     C    2       -0.023526        0.030954        0.017829
     C    2       -0.003027        0.017829       -0.081456

     C    3       -0.087231        0.122142       -0.077062
     C    3        0.122142        0.113889       -0.212745
     C    3       -0.077062       -0.212745       -0.026658

     H    4       -0.000000        0.000000        0.000000
     H    4        0.000000        0.000000        0.000000
     H    4        0.000000        0.000000        0.000000

     C    5       -0.163724        0.045152       -0.016533
     C    5        0.045152        0.027441       -0.224168
     C    5       -0.016533       -0.224168        0.136282

     H    6       -0.000000        0.000000        0.000000
     H    6        0.000000        0.000000        0.000000
     H    6        0.000000        0.000000        0.000000

     H    7       -0.000000        0.000000        0.000000
     H    7        0.000000        0.000000        0.000000
     H    7        0.000000        0.000000        0.000000

     C    8       -0.170658       -0.110744       -0.079307
     C    8       -0.110744        0.144308        0.187828
     C    8       -0.079307        0.187828        0.026350

     H    9       -0.000000        0.000000        0.000000
     H    9        0.000000        0.000000        0.000000
     H    9        0.000000        0.000000        0.000000

     C   10       -0.053812       -0.165730       -0.071964
     C   10       -0.165730        0.109065        0.184120
     C   10       -0.071964        0.184120       -0.055253

     C   11       -0.118887        0.099632       -0.096746
     C   11        0.099632        0.026511       -0.116253
     C   11       -0.096746       -0.116253        0.092376

     Cl  12        1.365461        2.752506       -0.341750
     Cl  12        2.752506        0.189407       -0.324328
     Cl  12       -0.341750       -0.324328       -1.554869

     H   13       -0.000000        0.000000        0.000000
     H   13        0.000000        0.000000        0.000000
     H   13        0.000000        0.000000        0.000000

     C   14       -0.120807       -0.019631        0.097682
     C   14       -0.019631       -0.007224       -0.217322
     C   14        0.097682       -0.217322        0.128031

     H   15       -0.000000        0.000000        0.000000
     H   15        0.000000        0.000000        0.000000
     H   15        0.000000        0.000000        0.000000

     C   16       -0.131019       -0.039331       -0.025550
     C   16       -0.039331        0.191133       -0.223896
     C   16       -0.025550       -0.223896       -0.060114

     C   17       -0.048964       -0.007718       -0.045832
     C   17       -0.007718        0.145494        0.026000
     C   17       -0.045832        0.026000       -0.096530

     Cl  18        0.805155        0.870749       -0.747467
     Cl  18        0.870749        1.348271       -0.930650
     Cl  18       -0.747467       -0.930650       -2.153426

     H   19       -0.000000        0.000000        0.000000
     H   19        0.000000        0.000000        0.000000
     H   19        0.000000        0.000000        0.000000

     C   20       -0.101937       -0.054791       -0.132546
     C   20       -0.054791       -0.127172        0.158136
     C   20       -0.132546        0.158136        0.229108

     H   21       -0.000000        0.000000        0.000000
     H   21        0.000000        0.000000        0.000000
     H   21        0.000000        0.000000        0.000000

     C   22       -0.147359       -0.050200       -0.142807
     C   22       -0.050200       -0.095930        0.127820
     C   22       -0.142807        0.127820        0.243289

     C   23        0.020319        0.112439       -0.041609
     C   23        0.112439       -0.079239        0.089241
     C   23       -0.041609        0.089241        0.058921

     Cl  24        1.315770        2.460803       -0.025220
     Cl  24        2.460803       -0.027091        0.076403
     Cl  24       -0.025220        0.076403       -1.288679

     ----- total EFG -----
     Cl   1        0.612131       -0.469743        1.462884
     Cl   1       -0.469743       -0.010710        1.769013
     Cl   1        1.462884        1.769013       -0.601420

     C    2       -0.129047       -0.188350       -0.110799
     C    2       -0.188350        0.086715        0.090073
     C    2       -0.110799        0.090073        0.042332

     C    3       -0.017866        0.106325       -0.090037
     C    3        0.106325        0.061124       -0.474451
     C    3       -0.090037       -0.474451       -0.043258

     H    4        0.627350        0.140797        0.213220
     H    4        0.140797       -0.596190        0.248250
     H    4        0.213220        0.248250       -0.031160

     C    5       -0.441082        0.045982        0.099709
     C    5        0.045982        0.051253       -0.401772
     C    5        0.099709       -0.401772        0.389829

     H    6       -0.018035        0.099986       -0.011202
     H    6        0.099986        0.443689        0.507264
     H    6       -0.011202        0.507264       -0.425654

     H    7       -0.120103        0.105796        0.227156
     H    7        0.105796        0.449538       -0.408724
     H    7        0.227156       -0.408724       -0.329435

     C    8       -0.565457       -0.127988       -0.166442
     C    8       -0.127988        0.379461        0.298332
     C    8       -0.166442        0.298332        0.185996

     H    9        0.426012       -0.005229        0.411112
     H    9       -0.005229       -0.283154       -0.399921
     H    9        0.411112       -0.399921       -0.142857

     C   10        0.032551       -0.195498       -0.073745
     C   10       -0.195498       -0.047090        0.446967
     C   10       -0.073745        0.446967        0.014539

     C   11       -0.466597        0.205304       -0.170850
     C   11        0.205304       -0.001865       -0.273850
     C   11       -0.170850       -0.273850        0.468462

     Cl  12        1.526361        3.071692       -0.354552
     Cl  12        3.071692        0.193366       -0.355338
     Cl  12       -0.354552       -0.355338       -1.719727

     H   13        0.010094       -0.021797       -0.018175
     H   13       -0.021797        0.406003        0.546489
     H   13       -0.018175        0.546489       -0.416097

     C   14       -0.344990        0.027925        0.344176
     C   14        0.027925       -0.066001       -0.387327
     C   14        0.344176       -0.387327        0.410991

     H   15        0.419268        0.100805        0.392789
     H   15        0.100805       -0.345584        0.427925
     H   15        0.392789        0.427925       -0.073684

     C   16       -0.176974       -0.264180       -0.011095
     C   16       -0.264180        0.272999       -0.498685
     C   16       -0.011095       -0.498685       -0.096025

     C   17       -0.411270       -0.085037       -0.067065
     C   17       -0.085037        0.369531        0.076017
     C   17       -0.067065        0.076017        0.041740

     Cl  18        0.823869        0.752330       -0.746449
     Cl  18        0.752330        1.449673       -0.960547
     Cl  18       -0.746449       -0.960547       -2.273542

     H   19       -0.043913       -0.017079        0.215916
     H   19       -0.017079        0.571035       -0.404723
     H   19        0.215916       -0.404723       -0.527122

     C   20       -0.118739        0.005610       -0.129114
     C   20        0.005610       -0.334365        0.290340
     C   20       -0.129114        0.290340        0.453104

     H   21        0.472823       -0.040573        0.495960
     H   21       -0.040573       -0.094230       -0.279386
     H   21        0.495960       -0.279386       -0.378593

     C   22       -0.343061       -0.003970       -0.250858
     C   22       -0.003970       -0.219451        0.129735
     C   22       -0.250858        0.129735        0.562512

     C   23        0.008333        0.308597       -0.090637
     C   23        0.308597       -0.359115        0.223112
     C   23       -0.090637        0.223112        0.350782

     Cl  24        1.436183        2.700450       -0.020984
     Cl  24        2.700450       -0.048652        0.084537
     Cl  24       -0.020984        0.084537       -1.387531

     ----- total EFG (symmetrized) -----
     Cl   1        0.612131       -0.469743        1.462884
     Cl   1       -0.469743       -0.010710        1.769013
     Cl   1        1.462884        1.769013       -0.601420

     C    2       -0.129047       -0.188350       -0.110799
     C    2       -0.188350        0.086715        0.090073
     C    2       -0.110799        0.090073        0.042332

     C    3       -0.017866        0.106325       -0.090037
     C    3        0.106325        0.061124       -0.474451
     C    3       -0.090037       -0.474451       -0.043258

     H    4        0.627350        0.140797        0.213220
     H    4        0.140797       -0.596190        0.248250
     H    4        0.213220        0.248250       -0.031160

     C    5       -0.441082        0.045982        0.099709
     C    5        0.045982        0.051253       -0.401772
     C    5        0.099709       -0.401772        0.389829

     H    6       -0.018035        0.099986       -0.011202
     H    6        0.099986        0.443689        0.507264
     H    6       -0.011202        0.507264       -0.425654

     H    7       -0.120103        0.105796        0.227156
     H    7        0.105796        0.449538       -0.408724
     H    7        0.227156       -0.408724       -0.329435

     C    8       -0.565457       -0.127988       -0.166442
     C    8       -0.127988        0.379461        0.298332
     C    8       -0.166442        0.298332        0.185996

     H    9        0.426012       -0.005229        0.411112
     H    9       -0.005229       -0.283154       -0.399921
     H    9        0.411112       -0.399921       -0.142857

     C   10        0.032551       -0.195498       -0.073745
     C   10       -0.195498       -0.047090        0.446967
     C   10       -0.073745        0.446967        0.014539

     C   11       -0.466597        0.205304       -0.170850
     C   11        0.205304       -0.001865       -0.273850
     C   11       -0.170850       -0.273850        0.468462

     Cl  12        1.526361        3.071692       -0.354552
     Cl  12        3.071692        0.193366       -0.355338
     Cl  12       -0.354552       -0.355338       -1.719727

     H   13        0.010094       -0.021797       -0.018175
     H   13       -0.021797        0.406003        0.546489
     H   13       -0.018175        0.546489       -0.416097

     C   14       -0.344990        0.027925        0.344176
     C   14        0.027925       -0.066001       -0.387327
     C   14        0.344176       -0.387327        0.410991

     H   15        0.419268        0.100805        0.392789
     H   15        0.100805       -0.345584        0.427925
     H   15        0.392789        0.427925       -0.073684

     C   16       -0.176974       -0.264180       -0.011095
     C   16       -0.264180        0.272999       -0.498685
     C   16       -0.011095       -0.498685       -0.096025

     C   17       -0.411270       -0.085037       -0.067065
     C   17       -0.085037        0.369531        0.076017
     C   17       -0.067065        0.076017        0.041740

     Cl  18        0.823869        0.752330       -0.746449
     Cl  18        0.752330        1.449673       -0.960547
     Cl  18       -0.746449       -0.960547       -2.273542

     H   19       -0.043913       -0.017079        0.215916
     H   19       -0.017079        0.571035       -0.404723
     H   19        0.215916       -0.404723       -0.527122

     C   20       -0.118739        0.005610       -0.129114
     C   20        0.005610       -0.334365        0.290340
     C   20       -0.129114        0.290340        0.453104

     H   21        0.472823       -0.040573        0.495960
     H   21       -0.040573       -0.094230       -0.279386
     H   21        0.495960       -0.279386       -0.378593

     C   22       -0.343061       -0.003970       -0.250858
     C   22       -0.003970       -0.219451        0.129735
     C   22       -0.250858        0.129735        0.562512

     C   23        0.008333        0.308597       -0.090637
     C   23        0.308597       -0.359115        0.223112
     C   23       -0.090637        0.223112        0.350782

     Cl  24        1.436183        2.700450       -0.020984
     Cl  24        2.700450       -0.048652        0.084537
     Cl  24       -0.020984        0.084537       -1.387531


     NQR/NMR SPECTROSCOPIC PARAMETERS:
     Cl   1    Vxx=    0.8032    axis=( -0.711543  0.690726  0.128858)
     Cl   1    Vyy=    1.9167    axis=( -0.577868 -0.470937 -0.666549)
     Cl   1    Vzz=   -2.7199    axis=( -0.399719 -0.548741  0.734240)
     Cl   1  Q=        -8.1650 1e-30 m^2  Cq=        52.1799 MHz  eta= 0.40938

     C    2    Vxx=   -0.0259    axis=(  0.079972 -0.537584  0.839409)
     C    2    Vyy=   -0.2485    axis=( -0.876308 -0.439259 -0.197827)
     C    2    Vzz=    0.2744    axis=(  0.475067 -0.719761 -0.506218)
     C    2  Q=         1.0000 1e-30 m^2  Cq=         0.6447 MHz  eta= 0.81114

     C    3    Vxx=   -0.0537    axis=( -0.968273  0.179915 -0.173430)
     C    3    Vyy=   -0.4684    axis=( -0.009058  0.668286  0.743850)
     C    3    Vzz=    0.5222    axis=( -0.249730 -0.721821  0.645453)
     C    3  Q=         1.0000 1e-30 m^2  Cq=         1.2269 MHz  eta= 0.79413

     H    4    Vxx=   -0.0312    axis=( -0.351468  0.301798  0.886221)
     H    4    Vyy=   -0.6923    axis=( -0.045641  0.939966 -0.338202)
     H    4    Vzz=    0.7235    axis=( -0.935087 -0.159315 -0.316594)
     H    4  Q=         1.0000 1e-30 m^2  Cq=         1.7000 MHz  eta= 0.91381

     C    5    Vxx=   -0.1822    axis=(  0.334926  0.797531  0.501766)
     C    5    Vyy=   -0.4774    axis=( -0.940765  0.253214  0.225484)
     C    5    Vzz=    0.6596    axis=(  0.052776 -0.547564  0.835097)
     C    5  Q=         1.0000 1e-30 m^2  Cq=         1.5497 MHz  eta= 0.44748

     H    6    Vxx=   -0.0244    axis=(  0.989279 -0.076541 -0.124371)
     H    6    Vyy=   -0.6632    axis=(  0.080969 -0.421273  0.903312)
     H    6    Vzz=    0.6876    axis=( -0.121535 -0.903698 -0.410559)
     H    6  Q=         1.0000 1e-30 m^2  Cq=         1.6156 MHz  eta= 0.92914

     H    7    Vxx=    0.0033    axis=(  0.896804  0.163822  0.410980)
     H    7    Vyy=    0.6247    axis=(  0.011310  0.920128 -0.391454)
     H    7    Vzz=   -0.6280    axis=( -0.442283  0.355706  0.823322)
     H    7  Q=         1.0000 1e-30 m^2  Cq=        -1.4757 MHz  eta= 0.98942

     C    8    Vxx=   -0.0251    axis=( -0.097500 -0.610494  0.785997)
     C    8    Vyy=   -0.6053    axis=( -0.981163 -0.073379 -0.178703)
     C    8    Vzz=    0.6304    axis=(  0.166773 -0.788615 -0.591839)
     C    8  Q=         1.0000 1e-30 m^2  Cq=         1.4812 MHz  eta= 0.92045

     H    9    Vxx=    0.0028    axis=(  0.501662  0.700556 -0.507500)
     H    9    Vyy=    0.6842    axis=( -0.827718  0.218210 -0.516978)
     H    9    Vzz=   -0.6870    axis=( -0.251431  0.679415  0.689331)
     H    9  Q=         1.0000 1e-30 m^2  Cq=        -1.6141 MHz  eta= 0.99181

     C   10    Vxx=   -0.0248    axis=(  0.908075  0.114372  0.402888)
     C   10    Vyy=   -0.4823    axis=( -0.190618 -0.743701  0.640760)
     C   10    Vzz=    0.5071    axis=( -0.372913  0.658656  0.653535)
     C   10  Q=         1.0000 1e-30 m^2  Cq=         1.1915 MHz  eta= 0.90222

     C   11    Vxx=   -0.0983    axis=(  0.246078  0.841579  0.480822)
     C   11    Vyy=   -0.5489    axis=( -0.945220  0.318145 -0.073097)
     C   11    Vzz=    0.6472    axis=( -0.214488 -0.436495  0.873766)
     C   11  Q=         1.0000 1e-30 m^2  Cq=         1.5207 MHz  eta= 0.69625

     Cl  12    Vxx=   -1.7574    axis=(  0.130808 -0.025443  0.991081)
     Cl  12    Vyy=   -2.2888    axis=( -0.618134  0.779479  0.101595)
     Cl  12    Vzz=    4.0462    axis=( -0.775112 -0.625911  0.086235)
     Cl  12  Q=        -8.1650 1e-30 m^2  Cq=       -77.6248 MHz  eta= 0.13134

     H   13    Vxx=    0.0090    axis=(  0.999107  0.041037  0.010039)
     H   13    Vyy=    0.6799    axis=(  0.041201 -0.893889 -0.446391)
     H   13    Vzz=   -0.6889    axis=( -0.009345  0.446406 -0.894782)
     H   13  Q=         1.0000 1e-30 m^2  Cq=        -1.6187 MHz  eta= 0.97383

     C   14    Vxx=   -0.1565    axis=(  0.537207  0.811944  0.228376)
     C   14    Vyy=   -0.5519    axis=( -0.798617  0.402551  0.447396)
     C   14    Vzz=    0.7083    axis=(  0.271328 -0.422729  0.864686)
     C   14  Q=         1.0000 1e-30 m^2  Cq=         1.6643 MHz  eta= 0.55822

     H   15    Vxx=   -0.0441    axis=(  0.594978 -0.584324 -0.551875)
     H   15    Vyy=   -0.6825    axis=(  0.156524  0.757723 -0.633526)
     H   15    Vzz=    0.7266    axis=(  0.788354  0.290553  0.542289)
     H   15  Q=         1.0000 1e-30 m^2  Cq=         1.7072 MHz  eta= 0.87871

     C   16    Vxx=   -0.1479    axis=(  0.854737 -0.072483 -0.513976)
     C   16    Vyy=   -0.5258    axis=(  0.456924  0.574861  0.678790)
     C   16    Vzz=    0.6737    axis=( -0.246264  0.815034 -0.524474)
     C   16  Q=         1.0000 1e-30 m^2  Cq=         1.5830 MHz  eta= 0.56095

     C   17    Vxx=    0.0297    axis=( -0.100319 -0.241055  0.965313)
     C   17    Vyy=    0.3981    axis=( -0.120442  0.966014  0.228713)
     C   17    Vzz=   -0.4279    axis=( -0.987639 -0.093320 -0.125943)
     C   17  Q=         1.0000 1e-30 m^2  Cq=        -1.0053 MHz  eta= 0.86104

     Cl  18    Vxx=    0.3242    axis=(  0.821088 -0.570251 -0.025079)
     Cl  18    Vyy=    2.2755    axis=(  0.545807  0.797234 -0.257901)
     Cl  18    Vzz=   -2.5996    axis=(  0.167062  0.198072  0.965846)
     Cl  18  Q=        -8.1650 1e-30 m^2  Cq=        49.8728 MHz  eta= 0.75060

     H   19    Vxx=    0.0060    axis=(  0.951602  0.197451  0.235514)
     H   19    Vyy=    0.7137    axis=( -0.114055  0.938479 -0.325959)
     H   19    Vzz=   -0.7197    axis=( -0.285386  0.283321  0.915578)
     H   19  Q=         1.0000 1e-30 m^2  Cq=        -1.6909 MHz  eta= 0.98338

     C   20    Vxx=   -0.1332    axis=(  0.973521  0.196264  0.117205)
     C   20    Vyy=   -0.4367    axis=( -0.148922  0.933497 -0.326200)
     C   20    Vzz=    0.5699    axis=( -0.173432  0.300108  0.938007)
     C   20  Q=         1.0000 1e-30 m^2  Cq=         1.3390 MHz  eta= 0.53269

     H   21    Vxx=   -0.0293    axis=(  0.329159  0.908077 -0.258942)
     H   21    Vyy=   -0.7016    axis=( -0.350179  0.372057  0.859621)
     H   21    Vzz=    0.7308    axis=(  0.876943 -0.192276  0.440456)
     H   21  Q=         1.0000 1e-30 m^2  Cq=         1.7171 MHz  eta= 0.91990

     C   22    Vxx=   -0.2334    axis=(  0.191025  0.976582 -0.098979)
     C   22    Vyy=   -0.4125    axis=( -0.950820  0.159047 -0.265791)
     C   22    Vzz=    0.6459    axis=( -0.243824  0.144884  0.958936)
     C   22  Q=         1.0000 1e-30 m^2  Cq=         1.5176 MHz  eta= 0.27736

     C   23    Vxx=    0.1798    axis=(  0.882391  0.453778 -0.124384)
     C   23    Vyy=    0.4151    axis=( -0.005775  0.274782  0.961489)
     C   23    Vzz=   -0.5949    axis=(  0.470481 -0.847691  0.245086)
     C   23  Q=         1.0000 1e-30 m^2  Cq=        -1.3978 MHz  eta= 0.39550

     Cl  24    Vxx=   -1.3790    axis=( -0.071791  0.082565  0.993996)
     Cl  24    Vyy=   -2.1157    axis=( -0.602023  0.790979 -0.109183)
     Cl  24    Vzz=    3.4947    axis=( -0.795245 -0.606247 -0.007079)
     Cl  24  Q=        -8.1650 1e-30 m^2  Cq=       -67.0432 MHz  eta= 0.21080

     Initialization:
     gipaw_setup  :      9.57s CPU     11.47s WALL (       1 calls)

     Linear response

     Apply operators

     Induced current

     Other routines
     efg          :      9.58s CPU     11.89s WALL (       1 calls)

     General routines
     calbec       :      3.26s CPU      4.34s WALL (      16 calls)
     fft          :      1.52s CPU      2.26s WALL (      15 calls)
     ffts         :      0.07s CPU      0.07s WALL (       2 calls)
     fftw         :      3.37s CPU      3.99s WALL (     672 calls)
     davcio       :      0.04s CPU      0.32s WALL (      32 calls)

     Parallel routines
     fft_scatter  :      2.21s CPU      3.45s WALL (     689 calls)

     Plugins

     GIPAW        :     61.44s CPU     72.92s WALL (       1 calls)
