
     Program QE v.6.0 (svn rev. 13079) starts on 26Dec2016 at  8:42: 3 

     This program is part of the open-source Quantum ESPRESSO suite
     for quantum simulation of materials; please cite
         "P. Giannozzi et al., J. Phys.:Condens. Matter 21 395502 (2009);
          URL http://www.quantum-espresso.org", 
     in publications or presentations arising from this work. More details at
     http://www.quantum-espresso.org/quote

     Parallel version (MPI), running on     8 processors
     R & G space division:  proc/nbgrp/npool/nimage =       8

     ***** This is GIPAW svn revision unknown      *****

     Parallelizing q-star over 1 images

     Reading data from directory:
     /users/majewski/paradichlorobenzene/pbe/9_constraint/scratch/pbe.ecut100.np8.dt60.pcl2phi-129368.save
     Message from routine read_xml_file:
     file /users/majewski/paradichlorobenzene/pbe/9_constraint/scratch/pbe.ecut100.np8.dt60.pcl2phi-129368.save not guaranteed to be safe for post-processing

   Info: using nr1, nr2, nr3 values from input

   Info: using nr1, nr2, nr3 values from input

     IMPORTANT: XC functional enforced from input :
     Exchange-correlation      =  SLA  PW   PBX  PBC ( 1  4  3  4 0 0)
     Any further DFT definition will be discarded
     Please, verify this is what you really want

               file C.pbe-n-kjpaw_psl.1.0.0.UPF: wavefunction(s)  2S 2P renormalized
               file Cl.pbe-n-kjpaw_psl.1.0.0.UPF: wavefunction(s)  3S 3P renormalized
               file H.pbe-kjpaw_psl.1.0.0.UPF: wavefunction(s)  1S renormalized

     Parallelization info
     --------------------
     sticks:   dense  smooth     PW     G-vecs:    dense   smooth      PW
     Min        3057    1223    332               144436    36536    5170
     Max        3059    1225    333               144437    36537    5171
     Sum       24467    9791   2657              1155489   292295   41363


     Subspace diagonalization in iterative solution of the eigenvalue problem:
     a serial algorithm will be used

     GIPAW projectors -----------------------------------------------
     atom=  C    l=0  rc=    1.2000  rs=    0.8000
     atom=  C    l=0  rc=    1.2000  rs=    0.8000
     atom=  C    l=1  rc=    1.4000  rs=    0.9333
     atom=  C    l=1  rc=    1.4000  rs=    0.9333
     projs nearly linearly dependent: l=1  n1,n2= 1, 2  s=  0.99951561

     atom=  Cl   l=0  rc=    1.6000  rs=    1.0667
     atom=  Cl   l=0  rc=    1.6000  rs=    1.0667
     atom=  Cl   l=1  rc=    1.6000  rs=    1.0667
     atom=  Cl   l=1  rc=    1.6000  rs=    1.0667
     atom=  Cl   l=2  rc=    1.6000  rs=    1.0667
     atom=  Cl   l=2  rc=    1.6000  rs=    1.0667
     projs nearly linearly dependent: l=2  n1,n2= 1, 2  s=  0.99993509

     atom=  H    l=0  rc=    1.0000  rs=    0.6667
     atom=  H    l=0  rc=    1.0000  rs=    0.6667
     projs nearly linearly dependent: l=0  n1,n2= 1, 2  s=  0.99968852
     -----------------------------------------------------------------

     GIPAW integrals: -------------------------------------------
     Atom  i/j   nmr_para   nmr_dia   epr_rmc  epr_para   epr_dia
       C   1 1   0.83E+03  0.17E-01  0.93E+01  0.24E+08  0.24E+03
       C   2 1   0.86E+03 -0.61E-01  0.94E+01  0.25E+08  0.25E+03
       C   2 2   0.90E+03 -0.15E+00  0.97E+01  0.26E+08  0.26E+03
       C   3 3   0.33E+01  0.34E+00  0.18E+01  0.55E+03  0.21E+02
       C   4 3   0.35E+01  0.37E+00  0.20E+01  0.59E+03  0.22E+02
       C   4 4   0.38E+01  0.39E+00  0.22E+01  0.63E+03  0.24E+02
       Cl  1 1   0.14E+04 -0.47E+00  0.84E+01  0.32E+09  0.42E+03
       Cl  2 1   0.21E+04 -0.37E+00  0.12E+02  0.49E+09  0.65E+03
       Cl  2 2   0.33E+04 -0.16E+00  0.21E+02  0.76E+09  0.10E+04
       Cl  3 3   0.21E+02  0.79E-01  0.89E+01  0.23E+05  0.13E+03
       Cl  4 3   0.24E+02  0.67E-01  0.99E+01  0.27E+05  0.15E+03
       Cl  4 4   0.28E+02  0.44E-01  0.11E+02  0.32E+05  0.18E+03
       Cl  5 5   0.77E+00  0.19E+00  0.18E+01  0.12E+03  0.22E+02
       Cl  6 5   0.80E+00  0.19E+00  0.19E+01  0.12E+03  0.23E+02
       Cl  6 6   0.83E+00  0.20E+00  0.19E+01  0.12E+03  0.23E+02
       H   1 1   0.39E+02  0.19E+00  0.29E+00  0.78E+05  0.13E+02
       H   2 1   0.41E+02  0.21E+00  0.32E+00  0.82E+05  0.14E+02
       H   2 2   0.43E+02  0.22E+00  0.36E+00  0.86E+05  0.15E+02
     ------------------------------------------------------------

     alpha_pv=     34.5846 eV

     Number of occupied bands for each k-point:
     k-point:     1    nbnd_occ=  42
     k-point:     2    nbnd_occ=  42
     k-point:     3    nbnd_occ=  42
     k-point:     4    nbnd_occ=  42
     k-point:     5    nbnd_occ=  42
     k-point:     6    nbnd_occ=  42
     k-point:     7    nbnd_occ=  42
     k-point:     8    nbnd_occ=  42
     k-point:     9    nbnd_occ=  42
     k-point:    10    nbnd_occ=  42
     k-point:    11    nbnd_occ=  42
     k-point:    12    nbnd_occ=  42
     k-point:    13    nbnd_occ=  42
     k-point:    14    nbnd_occ=  42
     k-point:    15    nbnd_occ=  42
     k-point:    16    nbnd_occ=  42


     q-space interpolation up to   110.00 Rydberg

     GIPAW job: efg                                                                             


     ELECTRIC FIELD GRADIENTS TENSORS IN Hartree/bohrradius^2:

     ----- bare term -----
     Cl   1        0.111291        0.014105       -0.056021
     Cl   1        0.014105       -0.068182        0.178537
     Cl   1       -0.056021        0.178537       -0.043109

     C    2       -0.379962        0.341478       -0.198056
     C    2        0.341478       -0.043749       -0.425534
     C    2       -0.198056       -0.425534        0.423711

     C    3        0.063949        0.176324       -0.076055
     C    3        0.176324       -0.086681       -0.243194
     C    3       -0.076055       -0.243194        0.022731

     H    4        0.175564       -0.060712       -0.224319
     H    4       -0.060712        0.345906        0.148313
     H    4       -0.224319        0.148313       -0.521470

     C    5       -0.389378        0.239709       -0.182314
     C    5        0.239709        0.237194       -0.146275
     C    5       -0.182314       -0.146275        0.152183

     H    6        0.422775       -0.033152        0.214812
     H    6       -0.033152        0.148105       -0.130614
     H    6        0.214812       -0.130614       -0.570881

     H    7        0.417869        0.216793       -0.031861
     H    7        0.216793       -0.721296        0.301326
     H    7       -0.031861        0.301326        0.303427

     C    8        0.017843       -0.143722       -0.102136
     C    8       -0.143722       -0.222847        0.388274
     C    8       -0.102136        0.388274        0.205004

     H    9       -0.191150        0.524757       -0.199642
     H    9        0.524757       -0.215946        0.032939
     H    9       -0.199642        0.032939        0.407096

     C   10       -0.667682       -0.354150       -0.245163
     C   10       -0.354150        0.314984        0.188508
     C   10       -0.245163        0.188508        0.352699

     C   11        0.043059        0.138519       -0.302370
     C   11        0.138519       -0.157593        0.516390
     C   11       -0.302370        0.516390        0.114534

     Cl  12       -0.338176       -0.265634       -0.009474
     Cl  12       -0.265634        0.205427       -0.001573
     Cl  12       -0.009474       -0.001573        0.132749

     H   13        0.135836        0.231145        0.172388
     H   13        0.231145       -0.288210       -0.520802
     H   13        0.172388       -0.520802        0.152374

     C   14       -0.099106       -0.207704       -0.494979
     C   14       -0.207704       -0.085299       -0.484144
     C   14       -0.494979       -0.484144        0.184406

     H   15       -0.010678       -0.051646       -0.235784
     H   15       -0.051646        0.381097       -0.444751
     H   15       -0.235784       -0.444751       -0.370419

     C   16       -0.283548        0.383294       -0.369664
     C   16        0.383294       -0.142646       -0.136446
     C   16       -0.369664       -0.136446        0.426194

     C   17       -0.047175       -0.117185       -0.315656
     C   17       -0.117185        0.036835       -0.680496
     C   17       -0.315656       -0.680496        0.010339

     Cl  18       -0.132972        0.222480       -0.002174
     Cl  18        0.222480       -0.072954       -0.015851
     Cl  18       -0.002174       -0.015851        0.205925

     H   19        0.363322        0.036603       -0.041287
     H   19        0.036603       -0.593061        0.660161
     H   19       -0.041287        0.660161        0.229739

     C   20       -0.824798       -0.369042       -0.463737
     C   20       -0.369042        0.330658       -0.006812
     C   20       -0.463737       -0.006812        0.494140

     H   21       -0.579913        0.011596       -0.047231
     H   21        0.011596        0.364793        0.323194
     H   21       -0.047231        0.323194        0.215120

     C   22        0.107785        0.036954       -0.159950
     C   22        0.036954       -0.474241        0.431221
     C   22       -0.159950        0.431221        0.366456

     C   23       -0.787435       -0.393162       -0.259784
     C   23       -0.393162        0.273479        0.083332
     C   23       -0.259784        0.083332        0.513956

     Cl  24       -0.014345       -0.027771        0.053404
     Cl  24       -0.027771        0.013156       -0.091538
     Cl  24        0.053404       -0.091538        0.001189

     ----- ionic term -----
     Cl   1        0.118332       -0.239827        0.051757
     Cl   1       -0.239827        0.016792       -0.027253
     Cl   1        0.051757       -0.027253       -0.135124

     C    2        0.089434       -0.338882        0.328727
     C    2       -0.338882        0.023748        0.324493
     C    2        0.328727        0.324493       -0.113182

     C    3        0.079195       -0.364921        0.207600
     C    3       -0.364921        0.054166        0.358407
     C    3        0.207600        0.358407       -0.133361

     H    4        0.172343        0.151607        0.793642
     H    4        0.151607       -0.479479        0.247180
     H    4        0.793642        0.247180        0.307135

     C    5        0.201792       -0.269216        0.320627
     C    5       -0.269216       -0.098690        0.303366
     C    5        0.320627        0.303366       -0.103102

     H    6       -0.531533       -0.029425       -0.026187
     H    6       -0.029425        0.321802        0.803217
     H    6       -0.026187        0.803217        0.209732

     H    7       -0.512769       -0.131104        0.048044
     H    7       -0.131104        0.834991       -0.572184
     H    7        0.048044       -0.572184       -0.322222

     C    8        0.305468        0.128652        0.126144
     C    8        0.128652        0.131514       -0.307802
     C    8        0.126144       -0.307802       -0.436982

     H    9        0.680237       -0.374197        0.600359
     H    9       -0.374197       -0.391683       -0.238960
     H    9        0.600359       -0.238960       -0.288554

     C   10        0.138029        0.131790        0.115508
     C   10        0.131790        0.295250       -0.423925
     C   10        0.115508       -0.423925       -0.433280

     C   11        0.216822        0.098578        0.228215
     C   11        0.098578        0.223374       -0.398803
     C   11        0.228215       -0.398803       -0.440196

     Cl  12        0.122434        0.199222       -0.016492
     Cl  12        0.199222        0.030184       -0.016902
     Cl  12       -0.016492       -0.016902       -0.152618

     H   13       -0.532002       -0.038413        0.022262
     H   13       -0.038413        0.595633        0.737260
     H   13        0.022262        0.737260       -0.063631

     C   14        0.196929       -0.319807        0.351241
     C   14       -0.319807       -0.034518        0.248511
     C   14        0.351241        0.248511       -0.162412

     H   15        0.346560        0.261029        0.748810
     H   15        0.261029       -0.457568        0.303191
     H   15        0.748810        0.303191        0.111008

     C   16        0.094782       -0.351150        0.201808
     C   16       -0.351150        0.031422        0.400360
     C   16        0.201808        0.400360       -0.126204

     C   17        0.185673       -0.264959        0.287304
     C   17       -0.264959       -0.114797        0.427208
     C   17        0.287304        0.427208       -0.070876

     Cl  18        0.215812       -0.191888        0.022259
     Cl  18       -0.191888       -0.067331       -0.001783
     Cl  18        0.022259       -0.001783       -0.148481

     H   19       -0.507275       -0.041093        0.025567
     H   19       -0.041093        0.665029       -0.703800
     H   19        0.025567       -0.703800       -0.157754

     C   20        0.365774        0.207910        0.185381
     C   20        0.207910        0.044152       -0.324294
     C   20        0.185381       -0.324294       -0.409926

     H   21        0.598526       -0.377797        0.629414
     H   21       -0.377797       -0.366486       -0.268151
     H   21        0.629414       -0.268151       -0.232040

     C   22        0.218582        0.222720        0.137717
     C   22        0.222720        0.155103       -0.393858
     C   22        0.137717       -0.393858       -0.373685

     C   23        0.262296        0.146547        0.215256
     C   23        0.146547        0.136670       -0.336029
     C   23        0.215256       -0.336029       -0.398967

     Cl  24        0.140839        0.248448        0.029768
     Cl  24        0.248448        0.029045        0.015261
     Cl  24        0.029768        0.015261       -0.169884

     ----- GIPAW term -----
     Cl   1       -0.367846       -0.857752       -0.583686
     Cl   1       -0.857752        0.164079       -1.717504
     Cl   1       -0.583686       -1.717504        0.203768

     C    2       -0.124468       -0.052027        0.007478
     C    2       -0.052027        0.081648       -0.219690
     C    2        0.007478       -0.219690        0.042820

     C    3       -0.037477        0.034058       -0.041910
     C    3        0.034058        0.007715       -0.085471
     C    3       -0.041910       -0.085471        0.029762

     H    4       -0.000000        0.000000        0.000000
     H    4        0.000000        0.000000        0.000000
     H    4        0.000000        0.000000        0.000000

     C    5       -0.085998        0.061190       -0.044784
     C    5        0.061190        0.070365       -0.102693
     C    5       -0.044784       -0.102693        0.015632

     H    6       -0.000000        0.000000        0.000000
     H    6        0.000000        0.000000        0.000000
     H    6        0.000000        0.000000        0.000000

     H    7       -0.000000        0.000000        0.000000
     H    7        0.000000        0.000000        0.000000
     H    7        0.000000        0.000000        0.000000

     C    8       -0.094321       -0.059558        0.026139
     C    8       -0.059558        0.145618       -0.096240
     C    8        0.026139       -0.096240       -0.051297

     H    9       -0.000000        0.000000        0.000000
     H    9        0.000000        0.000000        0.000000
     H    9        0.000000        0.000000        0.000000

     C   10       -0.213597       -0.083884       -0.049061
     C   10       -0.083884        0.293136        0.042868
     C   10       -0.049061        0.042868       -0.079540

     C   11       -0.073699        0.125340       -0.042409
     C   11        0.125340        0.178328       -0.120317
     C   11       -0.042409       -0.120317       -0.104629

     Cl  12       -0.815033        1.498264       -0.151257
     Cl  12        1.498264        2.475182       -0.190678
     Cl  12       -0.151257       -0.190678       -1.660149

     H   13       -0.000000        0.000000        0.000000
     H   13        0.000000        0.000000        0.000000
     H   13        0.000000        0.000000        0.000000

     C   14        0.140214       -0.175657       -0.107448
     C   14       -0.175657       -0.064777       -0.080763
     C   14       -0.107448       -0.080763       -0.075437

     H   15       -0.000000        0.000000        0.000000
     H   15        0.000000        0.000000        0.000000
     H   15        0.000000        0.000000        0.000000

     C   16        0.020383       -0.068023       -0.198221
     C   16       -0.068023       -0.056373        0.095661
     C   16       -0.198221        0.095661        0.035990

     C   17       -0.040754       -0.124747       -0.046784
     C   17       -0.124747        0.228934       -0.118016
     C   17       -0.046784       -0.118016       -0.188179

     Cl  18       -0.599796        0.765813       -0.012059
     Cl  18        0.765813        2.372780        0.211975
     Cl  18       -0.012059        0.211975       -1.772984

     H   19       -0.000000        0.000000        0.000000
     H   19        0.000000        0.000000        0.000000
     H   19        0.000000        0.000000        0.000000

     C   20       -0.147225        0.069047       -0.106474
     C   20        0.069047        0.143688       -0.159228
     C   20       -0.106474       -0.159228        0.003537

     H   21       -0.000000        0.000000        0.000000
     H   21        0.000000        0.000000        0.000000
     H   21        0.000000        0.000000        0.000000

     C   22       -0.080250        0.079248       -0.060863
     C   22        0.079248       -0.009135       -0.152585
     C   22       -0.060863       -0.152585        0.089385

     C   23       -0.124591       -0.010243       -0.000914
     C   23       -0.010243        0.036468       -0.113552
     C   23       -0.000914       -0.113552        0.088123

     Cl  24       -0.222308        1.171616        0.427642
     Cl  24        1.171616        1.239920       -2.082664
     Cl  24        0.427642       -2.082664       -1.017612

     ----- total EFG -----
     Cl   1       -0.138223       -1.083474       -0.587949
     Cl   1       -1.083474        0.112688       -1.566220
     Cl   1       -0.587949       -1.566220        0.025535

     C    2       -0.414996       -0.049431        0.138149
     C    2       -0.049431        0.061648       -0.320731
     C    2        0.138149       -0.320731        0.353348

     C    3        0.105667       -0.154539        0.089635
     C    3       -0.154539       -0.024799        0.029743
     C    3        0.089635        0.029743       -0.080868

     H    4        0.347907        0.090895        0.569324
     H    4        0.090895       -0.133572        0.395493
     H    4        0.569324        0.395493       -0.214334

     C    5       -0.273583        0.031682        0.093529
     C    5        0.031682        0.208869        0.054398
     C    5        0.093529        0.054398        0.064714

     H    6       -0.108758       -0.062577        0.188625
     H    6       -0.062577        0.469907        0.672603
     H    6        0.188625        0.672603       -0.361149

     H    7       -0.094900        0.085689        0.016183
     H    7        0.085689        0.113696       -0.270858
     H    7        0.016183       -0.270858       -0.018795

     C    8        0.228990       -0.074627        0.050147
     C    8       -0.074627        0.054285       -0.015768
     C    8        0.050147       -0.015768       -0.283275

     H    9        0.489087        0.150560        0.400718
     H    9        0.150560       -0.607629       -0.206022
     H    9        0.400718       -0.206022        0.118542

     C   10       -0.743250       -0.306244       -0.178716
     C   10       -0.306244        0.903371       -0.192550
     C   10       -0.178716       -0.192550       -0.160121

     C   11        0.186182        0.362437       -0.116565
     C   11        0.362437        0.244108       -0.002729
     C   11       -0.116565       -0.002729       -0.430290

     Cl  12       -1.030775        1.431852       -0.177222
     Cl  12        1.431852        2.710794       -0.209153
     Cl  12       -0.177222       -0.209153       -1.680018

     H   13       -0.396167        0.192732        0.194650
     H   13        0.192732        0.307424        0.216458
     H   13        0.194650        0.216458        0.088743

     C   14        0.238037       -0.703169       -0.251185
     C   14       -0.703169       -0.184594       -0.316396
     C   14       -0.251185       -0.316396       -0.053443

     H   15        0.335882        0.209384        0.513026
     H   15        0.209384       -0.076471       -0.141560
     H   15        0.513026       -0.141560       -0.259412

     C   16       -0.168383       -0.035879       -0.366076
     C   16       -0.035879       -0.167597        0.359574
     C   16       -0.366076        0.359574        0.335980

     C   17        0.097744       -0.506891       -0.075136
     C   17       -0.506891        0.150972       -0.371303
     C   17       -0.075136       -0.371303       -0.248716

     Cl  18       -0.516955        0.796405        0.008025
     Cl  18        0.796405        2.232496        0.194341
     Cl  18        0.008025        0.194341       -1.715540

     H   19       -0.143954       -0.004490       -0.015720
     H   19       -0.004490        0.071968       -0.043639
     H   19       -0.015720       -0.043639        0.071985

     C   20       -0.606249       -0.092085       -0.384830
     C   20       -0.092085        0.518498       -0.490334
     C   20       -0.384830       -0.490334        0.087751

     H   21        0.018613       -0.366201        0.582182
     H   21       -0.366201       -0.001693        0.055043
     H   21        0.582182        0.055043       -0.016920

     C   22        0.246117        0.338922       -0.083095
     C   22        0.338922       -0.328273       -0.115222
     C   22       -0.083095       -0.115222        0.082156

     C   23       -0.649729       -0.256859       -0.045443
     C   23       -0.256859        0.446617       -0.366249
     C   23       -0.045443       -0.366249        0.203112

     Cl  24       -0.095815        1.392292        0.510814
     Cl  24        1.392292        1.282122       -2.158941
     Cl  24        0.510814       -2.158941       -1.186307

     ----- total EFG (symmetrized) -----
     Cl   1       -0.138223       -1.083474       -0.587949
     Cl   1       -1.083474        0.112688       -1.566220
     Cl   1       -0.587949       -1.566220        0.025535

     C    2       -0.414996       -0.049431        0.138149
     C    2       -0.049431        0.061648       -0.320731
     C    2        0.138149       -0.320731        0.353348

     C    3        0.105667       -0.154539        0.089635
     C    3       -0.154539       -0.024799        0.029743
     C    3        0.089635        0.029743       -0.080868

     H    4        0.347907        0.090895        0.569324
     H    4        0.090895       -0.133572        0.395493
     H    4        0.569324        0.395493       -0.214334

     C    5       -0.273583        0.031682        0.093529
     C    5        0.031682        0.208869        0.054398
     C    5        0.093529        0.054398        0.064714

     H    6       -0.108758       -0.062577        0.188625
     H    6       -0.062577        0.469907        0.672603
     H    6        0.188625        0.672603       -0.361149

     H    7       -0.094900        0.085689        0.016183
     H    7        0.085689        0.113696       -0.270858
     H    7        0.016183       -0.270858       -0.018795

     C    8        0.228990       -0.074627        0.050147
     C    8       -0.074627        0.054285       -0.015768
     C    8        0.050147       -0.015768       -0.283275

     H    9        0.489087        0.150560        0.400718
     H    9        0.150560       -0.607629       -0.206022
     H    9        0.400718       -0.206022        0.118542

     C   10       -0.743250       -0.306244       -0.178716
     C   10       -0.306244        0.903371       -0.192550
     C   10       -0.178716       -0.192550       -0.160121

     C   11        0.186182        0.362437       -0.116565
     C   11        0.362437        0.244108       -0.002729
     C   11       -0.116565       -0.002729       -0.430290

     Cl  12       -1.030775        1.431852       -0.177222
     Cl  12        1.431852        2.710794       -0.209153
     Cl  12       -0.177222       -0.209153       -1.680018

     H   13       -0.396167        0.192732        0.194650
     H   13        0.192732        0.307424        0.216458
     H   13        0.194650        0.216458        0.088743

     C   14        0.238037       -0.703169       -0.251185
     C   14       -0.703169       -0.184594       -0.316396
     C   14       -0.251185       -0.316396       -0.053443

     H   15        0.335882        0.209384        0.513026
     H   15        0.209384       -0.076471       -0.141560
     H   15        0.513026       -0.141560       -0.259412

     C   16       -0.168383       -0.035879       -0.366076
     C   16       -0.035879       -0.167597        0.359574
     C   16       -0.366076        0.359574        0.335980

     C   17        0.097744       -0.506891       -0.075136
     C   17       -0.506891        0.150972       -0.371303
     C   17       -0.075136       -0.371303       -0.248716

     Cl  18       -0.516955        0.796405        0.008025
     Cl  18        0.796405        2.232496        0.194341
     Cl  18        0.008025        0.194341       -1.715540

     H   19       -0.143954       -0.004490       -0.015720
     H   19       -0.004490        0.071968       -0.043639
     H   19       -0.015720       -0.043639        0.071985

     C   20       -0.606249       -0.092085       -0.384830
     C   20       -0.092085        0.518498       -0.490334
     C   20       -0.384830       -0.490334        0.087751

     H   21        0.018613       -0.366201        0.582182
     H   21       -0.366201       -0.001693        0.055043
     H   21        0.582182        0.055043       -0.016920

     C   22        0.246117        0.338922       -0.083095
     C   22        0.338922       -0.328273       -0.115222
     C   22       -0.083095       -0.115222        0.082156

     C   23       -0.649729       -0.256859       -0.045443
     C   23       -0.256859        0.446617       -0.366249
     C   23       -0.045443       -0.366249        0.203112

     Cl  24       -0.095815        1.392292        0.510814
     Cl  24        1.392292        1.282122       -2.158941
     Cl  24        0.510814       -2.158941       -1.186307


     NQR/NMR SPECTROSCOPIC PARAMETERS:
     Cl   1    Vxx=    0.4565    axis=(  0.827776 -0.163029 -0.536851)
     Cl   1    Vyy=    1.7295    axis=(  0.246080 -0.754411  0.608530)
     Cl   1    Vzz=   -2.1859    axis=(  0.504214  0.635835  0.584365)
     Cl   1  Q=        -8.1650 1e-30 m^2  Cq=        41.9361 MHz  eta= 0.58235

     C    2    Vxx=   -0.1412    axis=(  0.108980  0.847629  0.519277)
     C    2    Vyy=   -0.4392    axis=( -0.983801  0.017173  0.178438)
     C    2    Vzz=    0.5804    axis=(  0.142332 -0.530312  0.835770)
     C    2  Q=         1.0000 1e-30 m^2  Cq=         1.3637 MHz  eta= 0.51344

     C    3    Vxx=   -0.0350    axis=(  0.187891  0.615126  0.765713)
     C    3    Vyy=   -0.1851    axis=( -0.510054 -0.605129  0.611280)
     C    3    Vzz=    0.2201    axis=(  0.839370 -0.505410  0.200049)
     C    3  Q=         1.0000 1e-30 m^2  Cq=         0.5171 MHz  eta= 0.68213

     H    4    Vxx=   -0.0721    axis=(  0.510967 -0.823813 -0.245446)
     H    4    Vyy=   -0.7238    axis=(  0.381650  0.473266 -0.793954)
     H    4    Vzz=    0.7959    axis=(  0.770231  0.312010  0.556232)
     H    4  Q=         1.0000 1e-30 m^2  Cq=         1.8700 MHz  eta= 0.81877

     C    5    Vxx=    0.0637    axis=( -0.213201  0.383289 -0.898685)
     C    5    Vyy=    0.2346    axis=(  0.124554  0.922991  0.364107)
     C    5    Vzz=   -0.2983    axis=( -0.969036  0.034307  0.244523)
     C    5  Q=         1.0000 1e-30 m^2  Cq=        -0.7009 MHz  eta= 0.57291

     H    6    Vxx=   -0.0544    axis=(  0.960611 -0.168671  0.220855)
     H    6    Vyy=   -0.7921    axis=(  0.275013  0.462791 -0.842729)
     H    6    Vzz=    0.8465    axis=(  0.039934  0.870273  0.490949)
     H    6  Q=         1.0000 1e-30 m^2  Cq=         1.9889 MHz  eta= 0.87146

     H    7    Vxx=   -0.0755    axis=(  0.913770  0.134787  0.383218)
     H    7    Vyy=   -0.2586    axis=(  0.383149 -0.599417 -0.702777)
     H    7    Vzz=    0.3341    axis=( -0.134983 -0.789007  0.599373)
     H    7  Q=         1.0000 1e-30 m^2  Cq=         0.7850 MHz  eta= 0.54822

     C    8    Vxx=    0.0268    axis=(  0.344462  0.938766  0.007971)
     C    8    Vyy=    0.2616    axis=( -0.934203  0.343602 -0.095924)
     C    8    Vzz=   -0.2884    axis=( -0.092789  0.025595  0.995357)
     C    8  Q=         1.0000 1e-30 m^2  Cq=        -0.6775 MHz  eta= 0.81434

     H    9    Vxx=   -0.0262    axis=( -0.486494 -0.401002  0.776222)
     H    9    Vyy=   -0.7193    axis=( -0.224408  0.915993  0.332562)
     H    9    Vzz=    0.7455    axis=( -0.844372 -0.012401 -0.535613)
     H    9  Q=         1.0000 1e-30 m^2  Cq=         1.7516 MHz  eta= 0.92978

     C   10    Vxx=   -0.1184    axis=( -0.312177  0.084749  0.946236)
     C   10    Vyy=   -0.8624    axis=(  0.936610  0.194238  0.291604)
     C   10    Vzz=    0.9808    axis=( -0.159082  0.977287 -0.140014)
     C   10  Q=         1.0000 1e-30 m^2  Cq=         2.3045 MHz  eta= 0.75855

     C   11    Vxx=   -0.1261    axis=(  0.689372 -0.676885 -0.258054)
     C   11    Vyy=   -0.4592    axis=(  0.241749 -0.120842  0.962785)
     C   11    Vzz=    0.5853    axis=( -0.682879 -0.726102  0.080331)
     C   11  Q=         1.0000 1e-30 m^2  Cq=         1.3752 MHz  eta= 0.56924

     Cl  12    Vxx=   -1.4704    axis=(  0.856052 -0.313703 -0.410811)
     Cl  12    Vyy=   -1.7387    axis=(  0.404759 -0.087465  0.910231)
     Cl  12    Vzz=    3.2092    axis=( -0.321473 -0.945484  0.052099)
     Cl  12  Q=        -8.1650 1e-30 m^2  Cq=       -61.5661 MHz  eta= 0.08360

     H   13    Vxx=   -0.0362    axis=(  0.126078 -0.578443  0.805921)
     H   13    Vyy=   -0.4825    axis=(  0.951297 -0.159881 -0.263574)
     H   13    Vzz=    0.5187    axis=(  0.281314  0.799901  0.530113)
     H   13  Q=         1.0000 1e-30 m^2  Cq=         1.2186 MHz  eta= 0.86054

     C   14    Vxx=    0.1389    axis=( -0.242040 -0.356477  0.902408)
     C   14    Vyy=    0.7612    axis=( -0.805266  0.592636  0.018123)
     C   14    Vzz=   -0.9001    axis=( -0.541260 -0.722293 -0.430501)
     C   14  Q=         1.0000 1e-30 m^2  Cq=        -2.1149 MHz  eta= 0.69134

     H   15    Vxx=   -0.0024    axis=(  0.049063  0.913007 -0.404984)
     H   15    Vyy=   -0.6469    axis=( -0.490513  0.375233  0.786510)
     H   15    Vzz=    0.6493    axis=(  0.870052  0.160061  0.466251)
     H   15  Q=         1.0000 1e-30 m^2  Cq=         1.5257 MHz  eta= 0.99253

     C   16    Vxx=   -0.2039    axis=(  0.698963  0.715154 -0.002366)
     C   16    Vyy=   -0.4621    axis=( -0.602434  0.587005 -0.540832)
     C   16    Vzz=    0.6659    axis=( -0.385389  0.379447  0.841127)
     C   16  Q=         1.0000 1e-30 m^2  Cq=         1.5646 MHz  eta= 0.38775

     C   17    Vxx=   -0.0395    axis=(  0.633470  0.278542 -0.721893)
     C   17    Vyy=   -0.6484    axis=(  0.472435  0.599641  0.645938)
     C   17    Vzz=    0.6879    axis=( -0.612797  0.750230 -0.248262)
     C   17  Q=         1.0000 1e-30 m^2  Cq=         1.6162 MHz  eta= 0.88511

     Cl  18    Vxx=   -0.7292    axis=(  0.965512 -0.256827 -0.042745)
     Cl  18    Vyy=   -1.7260    axis=( -0.029570  0.054948 -0.998051)
     Cl  18    Vzz=    2.4552    axis=(  0.258675  0.964894  0.045459)
     Cl  18  Q=        -8.1650 1e-30 m^2  Cq=       -47.1009 MHz  eta= 0.40602

     H   19    Vxx=    0.0295    axis=( -0.081756  0.710120  0.699318)
     H   19    Vyy=    0.1159    axis=( -0.030830 -0.703133  0.710390)
     H   19    Vzz=   -0.1454    axis=( -0.996175 -0.036519 -0.079378)
     H   19  Q=         1.0000 1e-30 m^2  Cq=        -0.3416 MHz  eta= 0.59400

     C   20    Vxx=   -0.0082    axis=( -0.513971  0.534643  0.670813)
     C   20    Vyy=   -0.8438    axis=( -0.852000 -0.227333 -0.471609)
     C   20    Vzz=    0.8520    axis=( -0.099645 -0.813926  0.572359)
     C   20  Q=         1.0000 1e-30 m^2  Cq=         2.0019 MHz  eta= 0.98076

     H   21    Vxx=    0.0436    axis=( -0.024807  0.846686  0.531514)
     H   21    Vyy=    0.6674    axis=( -0.727310  0.349483 -0.590663)
     H   21    Vzz=   -0.7110    axis=(  0.685861  0.401228 -0.607133)
     H   21  Q=         1.0000 1e-30 m^2  Cq=        -1.6705 MHz  eta= 0.87738

     C   22    Vxx=    0.0481    axis=(  0.347943  0.026430  0.937143)
     C   22    Vyy=    0.4459    axis=(  0.847111  0.419407 -0.326345)
     C   22    Vzz=   -0.4940    axis=( -0.401670  0.907413  0.123541)
     C   22  Q=         1.0000 1e-30 m^2  Cq=        -1.1607 MHz  eta= 0.80544

     C   23    Vxx=   -0.0100    axis=( -0.262753  0.509428  0.819417)
     C   23    Vyy=   -0.7254    axis=( -0.955485 -0.255502 -0.147540)
     C   23    Vzz=    0.7354    axis=(  0.134201 -0.821706  0.553885)
     C   23  Q=         1.0000 1e-30 m^2  Cq=         1.7280 MHz  eta= 0.97277

     Cl  24    Vxx=    0.0612    axis=( -0.859081  0.088089 -0.504203)
     Cl  24    Vyy=    2.8656    axis=(  0.328683  0.850076 -0.411507)
     Cl  24    Vzz=   -2.9268    axis=( -0.392362  0.519240  0.759237)
     Cl  24  Q=        -8.1650 1e-30 m^2  Cq=        56.1488 MHz  eta= 0.95816

     Initialization:
     gipaw_setup  :      9.27s CPU     10.92s WALL (       1 calls)

     Linear response

     Apply operators

     Induced current

     Other routines
     efg          :      9.51s CPU     11.75s WALL (       1 calls)

     General routines
     calbec       :      3.47s CPU      4.71s WALL (      16 calls)
     fft          :      1.43s CPU      1.92s WALL (      15 calls)
     ffts         :      0.04s CPU      0.05s WALL (       2 calls)
     fftw         :      3.23s CPU      3.65s WALL (     672 calls)
     davcio       :      0.04s CPU      0.33s WALL (      32 calls)

     Parallel routines
     fft_scatter  :      1.88s CPU      2.70s WALL (     689 calls)

     Plugins

     GIPAW        :     60.73s CPU     72.03s WALL (       1 calls)
