
     Program QE v.6.0 (svn rev. 13079) starts on 19Dec2016 at  2: 0:59 

     This program is part of the open-source Quantum ESPRESSO suite
     for quantum simulation of materials; please cite
         "P. Giannozzi et al., J. Phys.:Condens. Matter 21 395502 (2009);
          URL http://www.quantum-espresso.org", 
     in publications or presentations arising from this work. More details at
     http://www.quantum-espresso.org/quote

     Parallel version (MPI), running on     8 processors
     R & G space division:  proc/nbgrp/npool/nimage =       8

     ***** This is GIPAW svn revision unknown      *****

     Parallelizing q-star over 1 images

     Reading data from directory:
     /users/majewski/paradichlorobenzene/pbe/9_constraint/scratch/pbe.ecut100.np8.dt60.pcl2phi-129368.save
     Message from routine read_xml_file:
     file /users/majewski/paradichlorobenzene/pbe/9_constraint/scratch/pbe.ecut100.np8.dt60.pcl2phi-129368.save not guaranteed to be safe for post-processing

   Info: using nr1, nr2, nr3 values from input

   Info: using nr1, nr2, nr3 values from input

     IMPORTANT: XC functional enforced from input :
     Exchange-correlation      =  SLA  PW   PBX  PBC ( 1  4  3  4 0 0)
     Any further DFT definition will be discarded
     Please, verify this is what you really want

               file C.pbe-n-kjpaw_psl.1.0.0.UPF: wavefunction(s)  2S 2P renormalized
               file Cl.pbe-n-kjpaw_psl.1.0.0.UPF: wavefunction(s)  3S 3P renormalized
               file H.pbe-kjpaw_psl.1.0.0.UPF: wavefunction(s)  1S renormalized

     Parallelization info
     --------------------
     sticks:   dense  smooth     PW     G-vecs:    dense   smooth      PW
     Min        3057    1223    332               144436    36536    5170
     Max        3059    1225    333               144437    36537    5171
     Sum       24467    9791   2657              1155489   292295   41363


     Subspace diagonalization in iterative solution of the eigenvalue problem:
     a serial algorithm will be used

     GIPAW projectors -----------------------------------------------
     atom=  C    l=0  rc=    1.2000  rs=    0.8000
     atom=  C    l=0  rc=    1.2000  rs=    0.8000
     atom=  C    l=1  rc=    1.4000  rs=    0.9333
     atom=  C    l=1  rc=    1.4000  rs=    0.9333
     projs nearly linearly dependent: l=1  n1,n2= 1, 2  s=  0.99951561

     atom=  Cl   l=0  rc=    1.6000  rs=    1.0667
     atom=  Cl   l=0  rc=    1.6000  rs=    1.0667
     atom=  Cl   l=1  rc=    1.6000  rs=    1.0667
     atom=  Cl   l=1  rc=    1.6000  rs=    1.0667
     atom=  Cl   l=2  rc=    1.6000  rs=    1.0667
     atom=  Cl   l=2  rc=    1.6000  rs=    1.0667
     projs nearly linearly dependent: l=2  n1,n2= 1, 2  s=  0.99993509

     atom=  H    l=0  rc=    1.0000  rs=    0.6667
     atom=  H    l=0  rc=    1.0000  rs=    0.6667
     projs nearly linearly dependent: l=0  n1,n2= 1, 2  s=  0.99968852
     -----------------------------------------------------------------

     GIPAW integrals: -------------------------------------------
     Atom  i/j   nmr_para   nmr_dia   epr_rmc  epr_para   epr_dia
       C   1 1   0.83E+03  0.17E-01  0.93E+01  0.24E+08  0.24E+03
       C   2 1   0.86E+03 -0.61E-01  0.94E+01  0.25E+08  0.25E+03
       C   2 2   0.90E+03 -0.15E+00  0.97E+01  0.26E+08  0.26E+03
       C   3 3   0.33E+01  0.34E+00  0.18E+01  0.55E+03  0.21E+02
       C   4 3   0.35E+01  0.37E+00  0.20E+01  0.59E+03  0.22E+02
       C   4 4   0.38E+01  0.39E+00  0.22E+01  0.63E+03  0.24E+02
       Cl  1 1   0.14E+04 -0.47E+00  0.84E+01  0.32E+09  0.42E+03
       Cl  2 1   0.21E+04 -0.37E+00  0.12E+02  0.49E+09  0.65E+03
       Cl  2 2   0.33E+04 -0.16E+00  0.21E+02  0.76E+09  0.10E+04
       Cl  3 3   0.21E+02  0.79E-01  0.89E+01  0.23E+05  0.13E+03
       Cl  4 3   0.24E+02  0.67E-01  0.99E+01  0.27E+05  0.15E+03
       Cl  4 4   0.28E+02  0.44E-01  0.11E+02  0.32E+05  0.18E+03
       Cl  5 5   0.77E+00  0.19E+00  0.18E+01  0.12E+03  0.22E+02
       Cl  6 5   0.80E+00  0.19E+00  0.19E+01  0.12E+03  0.23E+02
       Cl  6 6   0.83E+00  0.20E+00  0.19E+01  0.12E+03  0.23E+02
       H   1 1   0.39E+02  0.19E+00  0.29E+00  0.78E+05  0.13E+02
       H   2 1   0.41E+02  0.21E+00  0.32E+00  0.82E+05  0.14E+02
       H   2 2   0.43E+02  0.22E+00  0.36E+00  0.86E+05  0.15E+02
     ------------------------------------------------------------

     alpha_pv=     34.4205 eV

     Number of occupied bands for each k-point:
     k-point:     1    nbnd_occ=  42
     k-point:     2    nbnd_occ=  42
     k-point:     3    nbnd_occ=  42
     k-point:     4    nbnd_occ=  42
     k-point:     5    nbnd_occ=  42
     k-point:     6    nbnd_occ=  42
     k-point:     7    nbnd_occ=  42
     k-point:     8    nbnd_occ=  42
     k-point:     9    nbnd_occ=  42
     k-point:    10    nbnd_occ=  42
     k-point:    11    nbnd_occ=  42
     k-point:    12    nbnd_occ=  42
     k-point:    13    nbnd_occ=  42
     k-point:    14    nbnd_occ=  42
     k-point:    15    nbnd_occ=  42
     k-point:    16    nbnd_occ=  42


     q-space interpolation up to   110.00 Rydberg

     GIPAW job: efg                                                                             


     ELECTRIC FIELD GRADIENTS TENSORS IN Hartree/bohrradius^2:

     ----- bare term -----
     Cl   1       -0.084186        0.111126       -0.017439
     Cl   1        0.111126       -0.018960        0.000553
     Cl   1       -0.017439        0.000553        0.103146

     C    2       -0.081331        0.116316       -0.258121
     C    2        0.116316       -0.294928       -0.493099
     C    2       -0.258121       -0.493099        0.376259

     C    3       -0.325625        0.322969       -0.294942
     C    3        0.322969       -0.087496       -0.471840
     C    3       -0.294942       -0.471840        0.413121

     H    4       -0.467626       -0.254576       -0.462999
     H    4       -0.254576        0.304742       -0.194680
     H    4       -0.462999       -0.194680        0.162884

     C    5       -0.503014        0.215208       -0.405261
     C    5        0.215208       -0.103642       -0.307898
     C    5       -0.405261       -0.307898        0.606656

     H    6        0.469314        0.040396       -0.149433
     H    6        0.040396       -0.644338        0.003469
     H    6       -0.149433        0.003469        0.175024

     H    7        0.410289        0.153682       -0.023367
     H    7        0.153682       -0.676252        0.276534
     H    7       -0.023367        0.276534        0.265963

     C    8       -0.278734       -0.293656       -0.296908
     C    8       -0.293656       -0.142291        0.429316
     C    8       -0.296908        0.429316        0.421025

     H    9       -0.368009        0.504422       -0.137531
     H    9        0.504422        0.067006       -0.052562
     H    9       -0.137531       -0.052562        0.301003

     C   10       -0.373254       -0.351108       -0.252370
     C   10       -0.351108       -0.059754        0.460532
     C   10       -0.252370        0.460532        0.433008

     C   11       -0.126493        0.023593       -0.359397
     C   11        0.023593       -0.124085        0.567536
     C   11       -0.359397        0.567536        0.250578

     Cl  12       -0.209679       -0.158050       -0.020973
     Cl  12       -0.158050        0.055318        0.176962
     Cl  12       -0.020973        0.176962        0.154361

     H   13        0.422633        0.081063       -0.160322
     H   13        0.081063       -0.644600        0.149876
     H   13       -0.160322        0.149876        0.221967

     C   14       -0.370049       -0.026607       -0.341359
     C   14       -0.026607       -0.027822       -0.512844
     C   14       -0.341359       -0.512844        0.397870

     H   15       -0.057466       -0.338390       -0.312555
     H   15       -0.338390       -0.362307       -0.172391
     H   15       -0.312555       -0.172391        0.419773

     C   16       -0.524502        0.362540       -0.237464
     C   16        0.362540        0.123848       -0.346809
     C   16       -0.237464       -0.346809        0.400654

     C   17       -0.066112        0.008622       -0.347200
     C   17        0.008622       -0.322434       -0.488731
     C   17       -0.347200       -0.488731        0.388545

     Cl  18       -0.065206        0.067035        0.053008
     Cl  18        0.067035       -0.012646        0.096057
     Cl  18        0.053008        0.096057        0.077853

     H   19        0.458085        0.138735       -0.016306
     H   19        0.138735       -0.616361       -0.245099
     H   19       -0.016306       -0.245099        0.158276

     C   20       -0.554771       -0.121343       -0.340452
     C   20       -0.121343       -0.052240        0.229643
     C   20       -0.340452        0.229643        0.607011

     H   21       -0.339789        0.409869        0.182454
     H   21        0.409869        0.136924       -0.143754
     H   21        0.182454       -0.143754        0.202865

     C   22       -0.095422       -0.141820        0.016293
     C   22       -0.141820       -0.191474        0.220102
     C   22        0.016293        0.220102        0.286895

     C   23       -0.242022        0.034605       -0.353249
     C   23        0.034605       -0.084470        0.568873
     C   23       -0.353249        0.568873        0.326492

     Cl  24       -0.082292       -0.007137       -0.003463
     Cl  24       -0.007137       -0.063857        0.005321
     Cl  24       -0.003463        0.005321        0.146149

     ----- ionic term -----
     Cl   1        0.137631       -0.222044        0.085255
     Cl   1       -0.222044        0.022845       -0.046557
     Cl   1        0.085255       -0.046557       -0.160476

     C    2        0.162159       -0.119683        0.362752
     C    2       -0.119683        0.259443        0.318833
     C    2        0.362752        0.318833       -0.421602

     C    3        0.160835       -0.259206        0.274266
     C    3       -0.259206        0.275394        0.289713
     C    3        0.274266        0.289713       -0.436229

     H    4        0.546701        0.245370        0.729741
     H    4        0.245370       -0.409794        0.223289
     H    4        0.729741        0.223289       -0.136907

     C    5        0.322388       -0.214747        0.273363
     C    5       -0.214747        0.146335        0.222175
     C    5        0.273363        0.222175       -0.468723

     H    6       -0.493517       -0.070253       -0.027630
     H    6       -0.070253        0.815783        0.565566
     H    6       -0.027630        0.565566       -0.322265

     H    7       -0.531072       -0.061238        0.040766
     H    7       -0.061238        0.821386       -0.598507
     H    7        0.040766       -0.598507       -0.290314

     C    8        0.347291        0.189114        0.189052
     C    8        0.189114        0.132411       -0.292037
     C    8        0.189052       -0.292037       -0.479702

     H    9        0.702605       -0.444927        0.522164
     H    9       -0.444927       -0.352786       -0.248079
     H    9        0.522164       -0.248079       -0.349819

     C   10        0.233959        0.219323        0.119340
     C   10        0.219323        0.212827       -0.381078
     C   10        0.119340       -0.381078       -0.446786

     C   11        0.380180        0.057920        0.117481
     C   11        0.057920        0.120754       -0.400234
     C   11        0.117481       -0.400234       -0.500934

     Cl  12        0.174002        0.216664       -0.042693
     Cl  12        0.216664       -0.018391       -0.024417
     Cl  12       -0.042693       -0.024417       -0.155612

     H   13       -0.516460       -0.004813        0.031953
     H   13       -0.004813        1.013567        0.343029
     H   13        0.031953        0.343029       -0.497107

     C   14        0.311314       -0.161868        0.301727
     C   14       -0.161868        0.143706        0.213964
     C   14        0.301727        0.213964       -0.455021

     H   15        0.482010        0.516391        0.571706
     H   15        0.516391       -0.199416        0.331740
     H   15        0.571706        0.331740       -0.282593

     C   16        0.188950       -0.167842        0.206311
     C   16       -0.167842        0.249078        0.310589
     C   16        0.206311        0.310589       -0.438028

     C   17        0.261759       -0.108758        0.242823
     C   17       -0.108758        0.166988        0.321456
     C   17        0.242823        0.321456       -0.428747

     Cl  18        0.177591       -0.186948        0.010932
     Cl  18       -0.186948       -0.020745       -0.002094
     Cl  18        0.010932       -0.002094       -0.156846

     H   19       -0.495993       -0.083960        0.002750
     H   19       -0.083960        1.005796       -0.379504
     H   19        0.002750       -0.379504       -0.509802

     C   20        0.484570        0.061846        0.126039
     C   20        0.061846        0.102467       -0.246817
     C   20        0.126039       -0.246817       -0.587037

     H   21        0.828208       -0.477450        0.372808
     H   21       -0.477450       -0.322669       -0.172313
     H   21        0.372808       -0.172313       -0.505539

     C   22        0.312095        0.106097        0.084052
     C   22        0.106097        0.231803       -0.275008
     C   22        0.084052       -0.275008       -0.543898

     C   23        0.237870        0.065993        0.219786
     C   23        0.065993        0.256185       -0.298677
     C   23        0.219786       -0.298677       -0.494055

     Cl  24        0.132607        0.197546        0.000494
     Cl  24        0.197546        0.029699       -0.002927
     Cl  24        0.000494       -0.002927       -0.162306

     ----- GIPAW term -----
     Cl   1       -0.896178       -1.120727       -0.327635
     Cl   1       -1.120727       -1.453341       -0.058568
     Cl   1       -0.327635       -0.058568        2.349520

     C    2        0.044661       -0.101372       -0.011049
     C    2       -0.101372       -0.075704       -0.046669
     C    2       -0.011049       -0.046669        0.031043

     C    3       -0.101512        0.084366       -0.097741
     C    3        0.084366        0.049113       -0.121823
     C    3       -0.097741       -0.121823        0.052399

     H    4       -0.000000        0.000000        0.000000
     H    4        0.000000        0.000000        0.000000
     H    4        0.000000        0.000000        0.000000

     C    5       -0.141164        0.050025       -0.134232
     C    5        0.050025       -0.103970       -0.111897
     C    5       -0.134232       -0.111897        0.245134

     H    6       -0.000000        0.000000        0.000000
     H    6        0.000000        0.000000        0.000000
     H    6        0.000000        0.000000        0.000000

     H    7       -0.000000        0.000000        0.000000
     H    7        0.000000        0.000000        0.000000
     H    7        0.000000        0.000000        0.000000

     C    8       -0.016661       -0.079780       -0.047597
     C    8       -0.079780       -0.034037        0.101833
     C    8       -0.047597        0.101833        0.050698

     H    9       -0.000000        0.000000        0.000000
     H    9        0.000000        0.000000        0.000000
     H    9        0.000000        0.000000        0.000000

     C   10       -0.129560       -0.069235       -0.069681
     C   10       -0.069235        0.077266        0.124391
     C   10       -0.069681        0.124391        0.052294

     C   11        0.055524        0.148614       -0.066632
     C   11        0.148614        0.006135        0.101026
     C   11       -0.066632        0.101026       -0.061659

     Cl  12       -0.183307        1.353683       -0.270545
     Cl  12        1.353683        0.600715        1.664614
     Cl  12       -0.270545        1.664614       -0.417408

     H   13       -0.000000        0.000000        0.000000
     H   13        0.000000        0.000000        0.000000
     H   13        0.000000        0.000000        0.000000

     C   14       -0.074834       -0.072197        0.006771
     C   14       -0.072197       -0.002297       -0.192374
     C   14        0.006771       -0.192374        0.077131

     H   15       -0.000000        0.000000        0.000000
     H   15        0.000000        0.000000        0.000000
     H   15        0.000000        0.000000        0.000000

     C   16       -0.186842        0.026751       -0.048284
     C   16        0.026751        0.201422       -0.063777
     C   16       -0.048284       -0.063777       -0.014581

     C   17        0.018179       -0.133092       -0.073303
     C   17       -0.133092       -0.094035       -0.029619
     C   17       -0.073303       -0.029619        0.075856

     Cl  18        0.905394       -1.707021        0.500791
     Cl  18       -1.707021       -0.026605        0.794467
     Cl  18        0.500791        0.794467       -0.878789

     H   19       -0.000000        0.000000        0.000000
     H   19        0.000000        0.000000        0.000000
     H   19        0.000000        0.000000        0.000000

     C   20       -0.173392       -0.017825       -0.073147
     C   20       -0.017825       -0.103369        0.095033
     C   20       -0.073147        0.095033        0.276761

     H   21       -0.000000        0.000000        0.000000
     H   21        0.000000        0.000000        0.000000
     H   21        0.000000        0.000000        0.000000

     C   22       -0.056014       -0.023202       -0.033890
     C   22       -0.023202       -0.031042        0.074909
     C   22       -0.033890        0.074909        0.087057

     C   23        0.000168        0.141807       -0.062541
     C   23        0.141807       -0.019284        0.133433
     C   23       -0.062541        0.133433        0.019116

     Cl  24        0.761420        2.195157       -0.074838
     Cl  24        2.195157       -0.449996        0.039955
     Cl  24       -0.074838        0.039955       -0.311424

     ----- total EFG -----
     Cl   1       -0.842733       -1.231644       -0.259819
     Cl   1       -1.231644       -1.449457       -0.104572
     Cl   1       -0.259819       -0.104572        2.292189

     C    2        0.125489       -0.104739        0.093581
     C    2       -0.104739       -0.111189       -0.220936
     C    2        0.093581       -0.220936       -0.014300

     C    3       -0.266302        0.148129       -0.118417
     C    3        0.148129        0.237010       -0.303950
     C    3       -0.118417       -0.303950        0.029292

     H    4        0.079074       -0.009206        0.266743
     H    4       -0.009206       -0.105052        0.028610
     H    4        0.266743        0.028610        0.025978

     C    5       -0.321790        0.050486       -0.266130
     C    5        0.050486       -0.061277       -0.197620
     C    5       -0.266130       -0.197620        0.383067

     H    6       -0.024203       -0.029857       -0.177064
     H    6       -0.029857        0.171445        0.569035
     H    6       -0.177064        0.569035       -0.147241

     H    7       -0.120784        0.092444        0.017399
     H    7        0.092444        0.145135       -0.321972
     H    7        0.017399       -0.321972       -0.024351

     C    8        0.051896       -0.184323       -0.155453
     C    8       -0.184323       -0.043917        0.239113
     C    8       -0.155453        0.239113       -0.007979

     H    9        0.334597        0.059495        0.384632
     H    9        0.059495       -0.285781       -0.300640
     H    9        0.384632       -0.300640       -0.048816

     C   10       -0.268854       -0.201020       -0.202711
     C   10       -0.201020        0.230338        0.203845
     C   10       -0.202711        0.203845        0.038516

     C   11        0.309211        0.230128       -0.308548
     C   11        0.230128        0.002804        0.268327
     C   11       -0.308548        0.268327       -0.312015

     Cl  12       -0.218983        1.412297       -0.334210
     Cl  12        1.412297        0.637642        1.817159
     Cl  12       -0.334210        1.817159       -0.418658

     H   13       -0.093827        0.076250       -0.128370
     H   13        0.076250        0.368968        0.492905
     H   13       -0.128370        0.492905       -0.275140

     C   14       -0.133568       -0.260672       -0.032861
     C   14       -0.260672        0.113588       -0.491254
     C   14       -0.032861       -0.491254        0.019980

     H   15        0.424543        0.178001        0.259151
     H   15        0.178001       -0.561723        0.159349
     H   15        0.259151        0.159349        0.137179

     C   16       -0.522394        0.221449       -0.079437
     C   16        0.221449        0.574349       -0.099997
     C   16       -0.079437       -0.099997       -0.051955

     C   17        0.213826       -0.233228       -0.177679
     C   17       -0.233228       -0.249481       -0.196895
     C   17       -0.177679       -0.196895        0.035655

     Cl  18        1.017778       -1.826935        0.564731
     Cl  18       -1.826935       -0.059996        0.888430
     Cl  18        0.564731        0.888430       -0.957782

     H   19       -0.037909        0.054775       -0.013556
     H   19        0.054775        0.389435       -0.624602
     H   19       -0.013556       -0.624602       -0.351526

     C   20       -0.243593       -0.077323       -0.287561
     C   20       -0.077323       -0.053142        0.077859
     C   20       -0.287561        0.077859        0.296736

     H   21        0.488420       -0.067581        0.555262
     H   21       -0.067581       -0.185745       -0.316067
     H   21        0.555262       -0.316067       -0.302675

     C   22        0.160659       -0.058925        0.066456
     C   22       -0.058925        0.009287        0.020003
     C   22        0.066456        0.020003       -0.169946

     C   23       -0.003984        0.242406       -0.196003
     C   23        0.242406        0.152432        0.403629
     C   23       -0.196003        0.403629       -0.148447

     Cl  24        0.811735        2.385565       -0.077807
     Cl  24        2.385565       -0.484154        0.042348
     Cl  24       -0.077807        0.042348       -0.327581

     ----- total EFG (symmetrized) -----
     Cl   1       -0.842733       -1.231644       -0.259819
     Cl   1       -1.231644       -1.449457       -0.104572
     Cl   1       -0.259819       -0.104572        2.292189

     C    2        0.125489       -0.104739        0.093581
     C    2       -0.104739       -0.111189       -0.220936
     C    2        0.093581       -0.220936       -0.014300

     C    3       -0.266302        0.148129       -0.118417
     C    3        0.148129        0.237010       -0.303950
     C    3       -0.118417       -0.303950        0.029292

     H    4        0.079074       -0.009206        0.266743
     H    4       -0.009206       -0.105052        0.028610
     H    4        0.266743        0.028610        0.025978

     C    5       -0.321790        0.050486       -0.266130
     C    5        0.050486       -0.061277       -0.197620
     C    5       -0.266130       -0.197620        0.383067

     H    6       -0.024203       -0.029857       -0.177064
     H    6       -0.029857        0.171445        0.569035
     H    6       -0.177064        0.569035       -0.147241

     H    7       -0.120784        0.092444        0.017399
     H    7        0.092444        0.145135       -0.321972
     H    7        0.017399       -0.321972       -0.024351

     C    8        0.051896       -0.184323       -0.155453
     C    8       -0.184323       -0.043917        0.239113
     C    8       -0.155453        0.239113       -0.007979

     H    9        0.334597        0.059495        0.384632
     H    9        0.059495       -0.285781       -0.300640
     H    9        0.384632       -0.300640       -0.048816

     C   10       -0.268854       -0.201020       -0.202711
     C   10       -0.201020        0.230338        0.203845
     C   10       -0.202711        0.203845        0.038516

     C   11        0.309211        0.230128       -0.308548
     C   11        0.230128        0.002804        0.268327
     C   11       -0.308548        0.268327       -0.312015

     Cl  12       -0.218983        1.412297       -0.334210
     Cl  12        1.412297        0.637642        1.817159
     Cl  12       -0.334210        1.817159       -0.418658

     H   13       -0.093827        0.076250       -0.128370
     H   13        0.076250        0.368968        0.492905
     H   13       -0.128370        0.492905       -0.275140

     C   14       -0.133568       -0.260672       -0.032861
     C   14       -0.260672        0.113588       -0.491254
     C   14       -0.032861       -0.491254        0.019980

     H   15        0.424543        0.178001        0.259151
     H   15        0.178001       -0.561723        0.159349
     H   15        0.259151        0.159349        0.137179

     C   16       -0.522394        0.221449       -0.079437
     C   16        0.221449        0.574349       -0.099997
     C   16       -0.079437       -0.099997       -0.051955

     C   17        0.213826       -0.233228       -0.177679
     C   17       -0.233228       -0.249481       -0.196895
     C   17       -0.177679       -0.196895        0.035655

     Cl  18        1.017778       -1.826935        0.564731
     Cl  18       -1.826935       -0.059996        0.888430
     Cl  18        0.564731        0.888430       -0.957782

     H   19       -0.037909        0.054775       -0.013556
     H   19        0.054775        0.389435       -0.624602
     H   19       -0.013556       -0.624602       -0.351526

     C   20       -0.243593       -0.077323       -0.287561
     C   20       -0.077323       -0.053142        0.077859
     C   20       -0.287561        0.077859        0.296736

     H   21        0.488420       -0.067581        0.555262
     H   21       -0.067581       -0.185745       -0.316067
     H   21        0.555262       -0.316067       -0.302675

     C   22        0.160659       -0.058925        0.066456
     C   22       -0.058925        0.009287        0.020003
     C   22        0.066456        0.020003       -0.169946

     C   23       -0.003984        0.242406       -0.196003
     C   23        0.242406        0.152432        0.403629
     C   23       -0.196003        0.403629       -0.148447

     Cl  24        0.811735        2.385565       -0.077807
     Cl  24        2.385565       -0.484154        0.042348
     Cl  24       -0.077807        0.042348       -0.327581


     NQR/NMR SPECTROSCOPIC PARAMETERS:
     Cl   1    Vxx=    0.1135    axis=(  0.781777 -0.620321  0.063455)
     Cl   1    Vyy=    2.3136    axis=(  0.081665  0.000967 -0.996659)
     Cl   1    Vzz=   -2.4270    axis=(  0.618187  0.784348  0.051415)
     Cl   1  Q=        -8.1650 1e-30 m^2  Cq=        46.5615 MHz  eta= 0.90651

     C    2    Vxx=    0.0056    axis=( -0.750178 -0.367315  0.549830)
     C    2    Vyy=    0.2847    axis=( -0.658387  0.492032 -0.569588)
     C    2    Vzz=   -0.2903    axis=( -0.061316 -0.789294 -0.610947)
     C    2  Q=         1.0000 1e-30 m^2  Cq=        -0.6822 MHz  eta= 0.96132

     C    3    Vxx=   -0.1873    axis=( -0.075106  0.597905  0.798041)
     C    3    Vyy=   -0.3138    axis=( -0.967956  0.148603 -0.202433)
     C    3    Vzz=    0.5011    axis=( -0.239627 -0.787672  0.567584)
     C    3  Q=         1.0000 1e-30 m^2  Cq=         1.1774 MHz  eta= 0.25249

     H    4    Vxx=   -0.0990    axis=( -0.174747  0.973085  0.150232)
     H    4    Vyy=   -0.2220    axis=( -0.649531 -0.228598  0.725157)
     H    4    Vzz=    0.3209    axis=( -0.739982 -0.029139 -0.671995)
     H    4  Q=         1.0000 1e-30 m^2  Cq=         0.7541 MHz  eta= 0.38319

     C    5    Vxx=   -0.1293    axis=( -0.149218  0.946109  0.287422)
     C    5    Vyy=   -0.4117    axis=(  0.943368  0.049113  0.328093)
     C    5    Vzz=    0.5410    axis=( -0.296296 -0.320102  0.899857)
     C    5  Q=         1.0000 1e-30 m^2  Cq=         1.2711 MHz  eta= 0.52208

     H    6    Vxx=   -0.0242    axis=(  0.956647  0.287179 -0.048534)
     H    6    Vyy=   -0.6055    axis=( -0.211946  0.572130 -0.792304)
     H    6    Vzz=    0.6297    axis=( -0.199765  0.768242  0.608193)
     H    6  Q=         1.0000 1e-30 m^2  Cq=         1.4795 MHz  eta= 0.92319

     H    7    Vxx=   -0.1001    axis=(  0.919816  0.136294  0.367917)
     H    7    Vyy=   -0.3008    axis=(  0.373297 -0.592673 -0.713714)
     H    7    Vzz=    0.4009    axis=( -0.120780 -0.793828  0.596029)
     H    7  Q=         1.0000 1e-30 m^2  Cq=         0.9421 MHz  eta= 0.50055

     C    8    Vxx=   -0.1160    axis=(  0.799341  0.279381  0.531977)
     C    8    Vyy=   -0.2700    axis=( -0.142670 -0.771771  0.619689)
     C    8    Vzz=    0.3860    axis=( -0.583694  0.571240  0.577049)
     C    8  Q=         1.0000 1e-30 m^2  Cq=         0.9069 MHz  eta= 0.39900

     H    9    Vxx=   -0.0092    axis=( -0.483581 -0.689738  0.538898)
     H    9    Vyy=   -0.5783    axis=(  0.311855 -0.711037 -0.630216)
     H    9    Vzz=    0.5875    axis=(  0.817861 -0.136702  0.558942)
     H    9  Q=         1.0000 1e-30 m^2  Cq=         1.3804 MHz  eta= 0.96877

     C   10    Vxx=   -0.0798    axis=( -0.170107 -0.615823  0.769302)
     C   10    Vyy=   -0.3863    axis=( -0.918515 -0.183677 -0.350133)
     C   10    Vzz=    0.4662    axis=(  0.356923 -0.766176 -0.534397)
     C   10  Q=         1.0000 1e-30 m^2  Cq=         1.0953 MHz  eta= 0.65747

     C   11    Vxx=    0.1510    axis=( -0.116257  0.823802  0.554829)
     C   11    Vyy=    0.4718    axis=( -0.917567 -0.302920  0.257508)
     C   11    Vzz=   -0.6228    axis=(  0.380204 -0.479156  0.791110)
     C   11  Q=         1.0000 1e-30 m^2  Cq=        -1.4634 MHz  eta= 0.51496

     Cl  12    Vxx=    0.0297    axis=(  0.790488 -0.005732 -0.612450)
     Cl  12    Vyy=    2.3773    axis=( -0.372931 -0.797724 -0.473876)
     Cl  12    Vzz=   -2.4071    axis=(  0.485850 -0.602995  0.632729)
     Cl  12  Q=        -8.1650 1e-30 m^2  Cq=        46.1781 MHz  eta= 0.97531

     H   13    Vxx=   -0.0487    axis=(  0.957123  0.130476 -0.258633)
     H   13    Vyy=   -0.5870    axis=( -0.289560  0.456786 -0.841131)
     H   13    Vzz=    0.6358    axis=(  0.008393  0.879956  0.474981)
     H   13  Q=         1.0000 1e-30 m^2  Cq=         1.4938 MHz  eta= 0.84665

     C   14    Vxx=   -0.0686    axis=(  0.849824 -0.148053 -0.505845)
     C   14    Vyy=   -0.5335    axis=(  0.470408  0.645935  0.601235)
     C   14    Vzz=    0.6021    axis=( -0.237728  0.748898 -0.618577)
     C   14  Q=         1.0000 1e-30 m^2  Cq=         1.4147 MHz  eta= 0.77215

     H   15    Vxx=   -0.0120    axis=( -0.530888  0.072841  0.844306)
     H   15    Vyy=   -0.6116    axis=( -0.126975  0.978215 -0.164234)
     H   15    Vzz=    0.6236    axis=( -0.837875 -0.194395 -0.510074)
     H   15  Q=         1.0000 1e-30 m^2  Cq=         1.4652 MHz  eta= 0.96144

     C   16    Vxx=   -0.0639    axis=( -0.081893  0.181942  0.979893)
     C   16    Vyy=   -0.5722    axis=(  0.977175 -0.178714  0.114849)
     C   16    Vzz=    0.6361    axis=(  0.196017  0.966932 -0.163154)
     C   16  Q=         1.0000 1e-30 m^2  Cq=         1.4946 MHz  eta= 0.79915

     C   17    Vxx=    0.1258    axis=(  0.193364 -0.547355  0.814256)
     C   17    Vyy=    0.3463    axis=(  0.900439 -0.230587 -0.368834)
     C   17    Vzz=   -0.4721    axis=(  0.389640  0.804508  0.448272)
     C   17  Q=         1.0000 1e-30 m^2  Cq=        -1.1094 MHz  eta= 0.46705

     Cl  18    Vxx=   -0.1179    axis=(  0.394554  0.486268  0.779660)
     Cl  18    Vyy=   -2.2678    axis=(  0.458481  0.631146 -0.625660)
     Cl  18    Vzz=    2.3857    axis=( -0.796318  0.604316  0.026076)
     Cl  18  Q=        -8.1650 1e-30 m^2  Cq=       -45.7689 MHz  eta= 0.90117

     H   19    Vxx=   -0.0413    axis=(  0.997362 -0.048481  0.054030)
     H   19    Vyy=   -0.7076    axis=( -0.022952  0.495512  0.868298)
     H   19    Vzz=    0.7489    axis=( -0.068869 -0.867247  0.493092)
     H   19  Q=         1.0000 1e-30 m^2  Cq=         1.7597 MHz  eta= 0.88969

     C   20    Vxx=   -0.0691    axis=( -0.039053  0.970652 -0.237298)
     C   20    Vyy=   -0.3732    axis=( -0.916565 -0.129380 -0.378376)
     C   20    Vzz=    0.4423    axis=( -0.397973  0.202722  0.894718)
     C   20  Q=         1.0000 1e-30 m^2  Cq=         1.0392 MHz  eta= 0.68769

     H   21    Vxx=   -0.1045    axis=(  0.386005  0.870174 -0.306263)
     H   21    Vyy=   -0.7139    axis=( -0.354386  0.446395  0.821670)
     H   21    Vzz=    0.8184    axis=(  0.851711 -0.208634  0.480688)
     H   21  Q=         1.0000 1e-30 m^2  Cq=         1.9228 MHz  eta= 0.74465

     C   22    Vxx=   -0.0021    axis=( -0.254486 -0.943291 -0.213162)
     C   22    Vyy=   -0.1878    axis=(  0.211066  0.160930 -0.964133)
     C   22    Vzz=    0.1899    axis=(  0.943762 -0.290350  0.158143)
     C   22  Q=         1.0000 1e-30 m^2  Cq=         0.4462 MHz  eta= 0.97799

     C   23    Vxx=    0.1308    axis=(  0.854480  0.057741 -0.516264)
     C   23    Vyy=    0.4541    axis=( -0.236979 -0.841046 -0.486295)
     C   23    Vzz=   -0.5849    axis=( -0.462282  0.537873 -0.704974)
     C   23  Q=         1.0000 1e-30 m^2  Cq=        -1.3744 MHz  eta= 0.55270

     Cl  24    Vxx=   -0.3247    axis=( -0.015078  0.039769  0.999095)
     Cl  24    Vyy=   -2.3115    axis=( -0.607138  0.793551 -0.040750)
     Cl  24    Vzz=    2.6362    axis=( -0.794453 -0.607203  0.012180)
     Cl  24  Q=        -8.1650 1e-30 m^2  Cq=       -50.5746 MHz  eta= 0.75365

     Initialization:
     gipaw_setup  :      9.59s CPU     11.61s WALL (       1 calls)

     Linear response

     Apply operators

     Induced current

     Other routines
     efg          :      9.78s CPU     13.81s WALL (       1 calls)

     General routines
     calbec       :      3.26s CPU      3.99s WALL (      16 calls)
     fft          :      1.35s CPU      1.64s WALL (      15 calls)
     ffts         :      0.04s CPU      0.04s WALL (       2 calls)
     fftw         :      3.61s CPU      4.60s WALL (     672 calls)
     davcio       :      0.03s CPU      2.06s WALL (      32 calls)

     Parallel routines
     fft_scatter  :      2.19s CPU      3.33s WALL (     689 calls)

     Plugins

     GIPAW        :     62.63s CPU     77.98s WALL (       1 calls)
