
     Program QE v.6.0 (svn rev. 13079) starts on  4Jan2017 at  8:13:33 

     This program is part of the open-source Quantum ESPRESSO suite
     for quantum simulation of materials; please cite
         "P. Giannozzi et al., J. Phys.:Condens. Matter 21 395502 (2009);
          URL http://www.quantum-espresso.org", 
     in publications or presentations arising from this work. More details at
     http://www.quantum-espresso.org/quote

     Parallel version (MPI), running on     8 processors
     R & G space division:  proc/nbgrp/npool/nimage =       8

     ***** This is GIPAW svn revision unknown      *****

     Parallelizing q-star over 1 images

     Reading data from directory:
     /users/majewski/paradichlorobenzene/pbe/9_constraint/scratch/pbe.ecut100.np8.dt60.pcl2phi-129368.save
     Message from routine read_xml_file:
     file /users/majewski/paradichlorobenzene/pbe/9_constraint/scratch/pbe.ecut100.np8.dt60.pcl2phi-129368.save not guaranteed to be safe for post-processing

   Info: using nr1, nr2, nr3 values from input

   Info: using nr1, nr2, nr3 values from input

     IMPORTANT: XC functional enforced from input :
     Exchange-correlation      =  SLA  PW   PBX  PBC ( 1  4  3  4 0 0)
     Any further DFT definition will be discarded
     Please, verify this is what you really want

               file C.pbe-n-kjpaw_psl.1.0.0.UPF: wavefunction(s)  2S 2P renormalized
               file Cl.pbe-n-kjpaw_psl.1.0.0.UPF: wavefunction(s)  3S 3P renormalized
               file H.pbe-kjpaw_psl.1.0.0.UPF: wavefunction(s)  1S renormalized

     Parallelization info
     --------------------
     sticks:   dense  smooth     PW     G-vecs:    dense   smooth      PW
     Min        3057    1223    332               144436    36536    5170
     Max        3059    1225    333               144437    36537    5171
     Sum       24467    9791   2657              1155489   292295   41363


     Subspace diagonalization in iterative solution of the eigenvalue problem:
     a serial algorithm will be used

     GIPAW projectors -----------------------------------------------
     atom=  C    l=0  rc=    1.2000  rs=    0.8000
     atom=  C    l=0  rc=    1.2000  rs=    0.8000
     atom=  C    l=1  rc=    1.4000  rs=    0.9333
     atom=  C    l=1  rc=    1.4000  rs=    0.9333
     projs nearly linearly dependent: l=1  n1,n2= 1, 2  s=  0.99951561

     atom=  Cl   l=0  rc=    1.6000  rs=    1.0667
     atom=  Cl   l=0  rc=    1.6000  rs=    1.0667
     atom=  Cl   l=1  rc=    1.6000  rs=    1.0667
     atom=  Cl   l=1  rc=    1.6000  rs=    1.0667
     atom=  Cl   l=2  rc=    1.6000  rs=    1.0667
     atom=  Cl   l=2  rc=    1.6000  rs=    1.0667
     projs nearly linearly dependent: l=2  n1,n2= 1, 2  s=  0.99993509

     atom=  H    l=0  rc=    1.0000  rs=    0.6667
     atom=  H    l=0  rc=    1.0000  rs=    0.6667
     projs nearly linearly dependent: l=0  n1,n2= 1, 2  s=  0.99968852
     -----------------------------------------------------------------

     GIPAW integrals: -------------------------------------------
     Atom  i/j   nmr_para   nmr_dia   epr_rmc  epr_para   epr_dia
       C   1 1   0.83E+03  0.17E-01  0.93E+01  0.24E+08  0.24E+03
       C   2 1   0.86E+03 -0.61E-01  0.94E+01  0.25E+08  0.25E+03
       C   2 2   0.90E+03 -0.15E+00  0.97E+01  0.26E+08  0.26E+03
       C   3 3   0.33E+01  0.34E+00  0.18E+01  0.55E+03  0.21E+02
       C   4 3   0.35E+01  0.37E+00  0.20E+01  0.59E+03  0.22E+02
       C   4 4   0.38E+01  0.39E+00  0.22E+01  0.63E+03  0.24E+02
       Cl  1 1   0.14E+04 -0.47E+00  0.84E+01  0.32E+09  0.42E+03
       Cl  2 1   0.21E+04 -0.37E+00  0.12E+02  0.49E+09  0.65E+03
       Cl  2 2   0.33E+04 -0.16E+00  0.21E+02  0.76E+09  0.10E+04
       Cl  3 3   0.21E+02  0.79E-01  0.89E+01  0.23E+05  0.13E+03
       Cl  4 3   0.24E+02  0.67E-01  0.99E+01  0.27E+05  0.15E+03
       Cl  4 4   0.28E+02  0.44E-01  0.11E+02  0.32E+05  0.18E+03
       Cl  5 5   0.77E+00  0.19E+00  0.18E+01  0.12E+03  0.22E+02
       Cl  6 5   0.80E+00  0.19E+00  0.19E+01  0.12E+03  0.23E+02
       Cl  6 6   0.83E+00  0.20E+00  0.19E+01  0.12E+03  0.23E+02
       H   1 1   0.39E+02  0.19E+00  0.29E+00  0.78E+05  0.13E+02
       H   2 1   0.41E+02  0.21E+00  0.32E+00  0.82E+05  0.14E+02
       H   2 2   0.43E+02  0.22E+00  0.36E+00  0.86E+05  0.15E+02
     ------------------------------------------------------------

     alpha_pv=     33.7053 eV

     Number of occupied bands for each k-point:
     k-point:     1    nbnd_occ=  42
     k-point:     2    nbnd_occ=  42
     k-point:     3    nbnd_occ=  42
     k-point:     4    nbnd_occ=  42
     k-point:     5    nbnd_occ=  42
     k-point:     6    nbnd_occ=  42
     k-point:     7    nbnd_occ=  42
     k-point:     8    nbnd_occ=  42
     k-point:     9    nbnd_occ=  42
     k-point:    10    nbnd_occ=  42
     k-point:    11    nbnd_occ=  42
     k-point:    12    nbnd_occ=  42
     k-point:    13    nbnd_occ=  42
     k-point:    14    nbnd_occ=  42
     k-point:    15    nbnd_occ=  42
     k-point:    16    nbnd_occ=  42


     q-space interpolation up to   110.00 Rydberg

     GIPAW job: efg                                                                             


     ELECTRIC FIELD GRADIENTS TENSORS IN Hartree/bohrradius^2:

     ----- bare term -----
     Cl   1        0.132059       -0.014001       -0.016631
     Cl   1       -0.014001       -0.223313        0.003817
     Cl   1       -0.016631        0.003817        0.091253

     C    2       -0.769484        0.422041       -0.369917
     C    2        0.422041        0.365779       -0.035559
     C    2       -0.369917       -0.035559        0.403705

     C    3        0.093755       -0.002044       -0.218623
     C    3       -0.002044       -0.171323       -0.574929
     C    3       -0.218623       -0.574929        0.077568

     H    4       -0.247298        0.218923       -0.462243
     H    4        0.218923       -0.065006       -0.071536
     H    4       -0.462243       -0.071536        0.312304

     C    5       -0.851477        0.341379       -0.483186
     C    5        0.341379        0.317616        0.050241
     C    5       -0.483186        0.050241        0.533861

     H    6        0.406601       -0.048415       -0.066209
     H    6       -0.048415       -0.603768       -0.667254
     H    6       -0.066209       -0.667254        0.197167

     H    7        0.410788        0.225258        0.053173
     H    7        0.225258       -0.647137       -0.230596
     H    7        0.053173       -0.230596        0.236349

     C    8       -0.042699        0.096132       -0.066446
     C    8        0.096132       -0.086576       -0.098876
     C    8       -0.066446       -0.098876        0.129275

     H    9       -0.334284        0.430652        0.169826
     H    9        0.430652        0.138187       -0.157338
     H    9        0.169826       -0.157338        0.196097

     C   10        0.079485       -0.057191        0.228353
     C   10       -0.057191       -0.082188       -0.151504
     C   10        0.228353       -0.151504        0.002704

     C   11       -0.069678        0.170478       -0.187457
     C   11        0.170478       -0.004383        0.261874
     C   11       -0.187457        0.261874        0.074061

     Cl  12        0.032177       -0.129221        0.037770
     Cl  12       -0.129221        0.057223       -0.158692
     Cl  12        0.037770       -0.158692       -0.089400

     H   13        0.345602        0.149788        0.183587
     H   13        0.149788       -0.243187       -0.588448
     H   13        0.183587       -0.588448       -0.102415

     C   14        0.027093       -0.052137       -0.163879
     C   14       -0.052137       -0.286335       -0.280930
     C   14       -0.163879       -0.280930        0.259242

     H   15        0.130906       -0.095111       -0.344415
     H   15       -0.095111        0.487053       -0.061096
     H   15       -0.344415       -0.061096       -0.617959

     C   16       -0.297060        0.352940       -0.213825
     C   16        0.352940        0.209248       -0.023300
     C   16       -0.213825       -0.023300        0.087812

     C   17        0.069311       -0.103443       -0.255438
     C   17       -0.103443       -0.482966       -0.346730
     C   17       -0.255438       -0.346730        0.413656

     Cl  18        0.002613        0.219559       -0.003777
     Cl  18        0.219559        0.055492       -0.146267
     Cl  18       -0.003777       -0.146267       -0.058104

     H   19        0.179666        0.220565       -0.018578
     H   19        0.220565       -0.448763        0.442617
     H   19       -0.018578        0.442617        0.269097

     C   20       -0.395944       -0.334097       -0.024184
     C   20       -0.334097       -0.013961        0.409680
     C   20       -0.024184        0.409680        0.409905

     H   21       -0.632332        0.305877       -0.091961
     H   21        0.305877        0.375441        0.101159
     H   21       -0.091961        0.101159        0.256891

     C   22       -0.024199        0.157878       -0.310896
     C   22        0.157878       -0.118113        0.659454
     C   22       -0.310896        0.659454        0.142312

     C   23       -0.319863       -0.332232       -0.204505
     C   23       -0.332232       -0.091758        0.378207
     C   23       -0.204505        0.378207        0.411621

     Cl  24        0.028042       -0.058608       -0.002997
     Cl  24       -0.058608        0.043642       -0.029612
     Cl  24       -0.002997       -0.029612       -0.071684

     ----- ionic term -----
     Cl   1        0.105361       -0.216237        0.034657
     Cl   1       -0.216237        0.057374       -0.016227
     Cl   1        0.034657       -0.016227       -0.162735

     C    2       -0.002529       -0.211106        0.346296
     C    2       -0.211106        0.192680        0.396634
     C    2        0.346296        0.396634       -0.190151

     C    3        0.043876       -0.216294        0.266374
     C    3       -0.216294        0.222387        0.365781
     C    3        0.266374        0.365781       -0.266263

     H    4        0.550345        0.253207        0.717528
     H    4        0.253207       -0.429110        0.214372
     H    4        0.717528        0.214372       -0.121235

     C    5        0.177617       -0.217597        0.320846
     C    5       -0.217597        0.074713        0.250194
     C    5        0.320846        0.250194       -0.252330

     H    6       -0.526686        0.039156        0.015257
     H    6        0.039156        0.600868        0.724913
     H    6        0.015257        0.724913       -0.074182

     H    7       -0.500318       -0.082380        0.044427
     H    7       -0.082380        0.713622       -0.653953
     H    7        0.044427       -0.653953       -0.213304

     C    8        0.351748        0.174988        0.126127
     C    8        0.174988        0.115445       -0.295483
     C    8        0.126127       -0.295483       -0.467194

     H    9        0.753971       -0.236457        0.618996
     H    9       -0.236457       -0.447432       -0.187353
     H    9        0.618996       -0.187353       -0.306539

     C   10        0.227662        0.197460        0.138776
     C   10        0.197460        0.235309       -0.347108
     C   10        0.138776       -0.347108       -0.462971

     C   11        0.263863        0.004995        0.164383
     C   11        0.004995        0.217224       -0.351065
     C   11        0.164383       -0.351065       -0.481087

     Cl  12        0.138451        0.159193       -0.002297
     Cl  12        0.159193        0.007769       -0.017227
     Cl  12       -0.002297       -0.017227       -0.146219

     H   13       -0.520909       -0.055535        0.006391
     H   13       -0.055535        0.691166        0.668700
     H   13        0.006391        0.668700       -0.170257

     C   14        0.123960       -0.304152        0.319689
     C   14       -0.304152        0.111309        0.241341
     C   14        0.319689        0.241341       -0.235269

     H   15        0.598896        0.063527        0.754672
     H   15        0.063527       -0.512000        0.143645
     H   15        0.754672        0.143645       -0.086897

     C   16        0.119882       -0.370307        0.236092
     C   16       -0.370307        0.137353        0.298309
     C   16        0.236092        0.298309       -0.257236

     C   17        0.209897       -0.229896        0.318628
     C   17       -0.229896        0.000870        0.335224
     C   17        0.318628        0.335224       -0.210767

     Cl  18        0.154657       -0.188586        0.037938
     Cl  18       -0.188586       -0.022856       -0.014886
     Cl  18        0.037938       -0.014886       -0.131801

     H   19       -0.509991       -0.149267        0.036015
     H   19       -0.149267        0.940265       -0.443098
     H   19        0.036015       -0.443098       -0.430275

     C   20        0.345236        0.097324        0.126314
     C   20        0.097324        0.188782       -0.249461
     C   20        0.126314       -0.249461       -0.534017

     H   21        0.663975       -0.566738        0.422756
     H   21       -0.566738       -0.231287       -0.237793
     H   21        0.422756       -0.237793       -0.432687

     C   22        0.153792        0.101548        0.098149
     C   22        0.101548        0.356242       -0.358011
     C   22        0.098149       -0.358011       -0.510034

     C   23        0.162491        0.067575        0.125727
     C   23        0.067575        0.303768       -0.374859
     C   23        0.125727       -0.374859       -0.466258

     Cl  24        0.086590        0.197459       -0.041073
     Cl  24        0.197459        0.028666       -0.029737
     Cl  24       -0.041073       -0.029737       -0.115256

     ----- GIPAW term -----
     Cl   1        0.126014        0.030292       -0.021578
     Cl   1        0.030292        2.028900        0.129554
     Cl   1       -0.021578        0.129554       -2.154914

     C    2       -0.183011        0.012170       -0.032172
     C    2        0.012170        0.258344        0.145635
     C    2       -0.032172        0.145635       -0.075333

     C    3       -0.106943       -0.072546       -0.034304
     C    3       -0.072546        0.229115        0.062759
     C    3       -0.034304        0.062759       -0.122172

     H    4       -0.000000        0.000000        0.000000
     H    4        0.000000        0.000000        0.000000
     H    4        0.000000        0.000000        0.000000

     C    5       -0.187826       -0.043905       -0.117825
     C    5       -0.043905        0.123032        0.198783
     C    5       -0.117825        0.198783        0.064794

     H    6       -0.000000        0.000000        0.000000
     H    6        0.000000        0.000000        0.000000
     H    6        0.000000        0.000000        0.000000

     H    7       -0.000000        0.000000        0.000000
     H    7        0.000000        0.000000        0.000000
     H    7        0.000000        0.000000        0.000000

     C    8        0.000672        0.010050        0.004119
     C    8        0.010050       -0.004582        0.000631
     C    8        0.004119        0.000631        0.003910

     H    9       -0.000000        0.000000        0.000000
     H    9        0.000000        0.000000        0.000000
     H    9        0.000000        0.000000        0.000000

     C   10        0.020437        0.009852        0.025034
     C   10        0.009852        0.006920       -0.034409
     C   10        0.025034       -0.034409       -0.027356

     C   11       -0.018221        0.048379       -0.010081
     C   11        0.048379       -0.013749        0.057181
     C   11       -0.010081        0.057181        0.031970

     Cl  12       -0.624572        0.471750       -0.617795
     Cl  12        0.471750       -0.589742        1.298642
     Cl  12       -0.617795        1.298642        1.214314

     H   13       -0.000000        0.000000        0.000000
     H   13        0.000000        0.000000        0.000000
     H   13        0.000000        0.000000        0.000000

     C   14       -0.065567       -0.058707       -0.044554
     C   14       -0.058707       -0.041308        0.123774
     C   14       -0.044554        0.123774        0.106875

     H   15       -0.000000        0.000000        0.000000
     H   15        0.000000        0.000000        0.000000
     H   15        0.000000        0.000000        0.000000

     C   16       -0.040799       -0.002500       -0.063216
     C   16       -0.002500        0.007350        0.045682
     C   16       -0.063216        0.045682        0.033449

     C   17       -0.061704       -0.106145       -0.067859
     C   17       -0.106145       -0.117583        0.103578
     C   17       -0.067859        0.103578        0.179287

     Cl  18       -0.841764       -0.496479        0.183195
     Cl  18       -0.496479       -0.680032        1.111428
     Cl  18        0.183195        1.111428        1.521797

     H   19       -0.000000        0.000000        0.000000
     H   19        0.000000        0.000000        0.000000
     H   19        0.000000        0.000000        0.000000

     C   20       -0.041894        0.084901        0.117274
     C   20        0.084901        0.028204        0.162610
     C   20        0.117274        0.162610        0.013690

     H   21       -0.000000        0.000000        0.000000
     H   21        0.000000        0.000000        0.000000
     H   21        0.000000        0.000000        0.000000

     C   22       -0.022660        0.199738       -0.041532
     C   22        0.199738        0.107212        0.139179
     C   22       -0.041532        0.139179       -0.084552

     C   23       -0.113793        0.026946       -0.008619
     C   23        0.026946        0.041385        0.199774
     C   23       -0.008619        0.199774        0.072408

     Cl  24       -0.036239        0.755129        0.046078
     Cl  24        0.755129        2.626298       -0.552617
     Cl  24        0.046078       -0.552617       -2.590059

     ----- total EFG -----
     Cl   1        0.363434       -0.199946       -0.003552
     Cl   1       -0.199946        1.862962        0.117145
     Cl   1       -0.003552        0.117145       -2.226396

     C    2       -0.955024        0.223105       -0.055793
     C    2        0.223105        0.816804        0.506711
     C    2       -0.055793        0.506711        0.138221

     C    3        0.030688       -0.290883        0.013447
     C    3       -0.290883        0.280179       -0.146389
     C    3        0.013447       -0.146389       -0.310867

     H    4        0.303046        0.472130        0.255285
     H    4        0.472130       -0.494116        0.142837
     H    4        0.255285        0.142837        0.191069

     C    5       -0.861685        0.079877       -0.280165
     C    5        0.079877        0.515361        0.499219
     C    5       -0.280165        0.499219        0.346325

     H    6       -0.120085       -0.009259       -0.050952
     H    6       -0.009259       -0.002900        0.057659
     H    6       -0.050952        0.057659        0.122985

     H    7       -0.089530        0.142879        0.097601
     H    7        0.142879        0.066485       -0.884549
     H    7        0.097601       -0.884549        0.023045

     C    8        0.309721        0.281170        0.063800
     C    8        0.281170        0.024288       -0.393728
     C    8        0.063800       -0.393728       -0.334008

     H    9        0.419687        0.194195        0.788822
     H    9        0.194195       -0.309245       -0.344691
     H    9        0.788822       -0.344691       -0.110442

     C   10        0.327584        0.150121        0.392164
     C   10        0.150121        0.160040       -0.533021
     C   10        0.392164       -0.533021       -0.487624

     C   11        0.175964        0.223852       -0.033155
     C   11        0.223852        0.199091       -0.032010
     C   11       -0.033155       -0.032010       -0.375056

     Cl  12       -0.453944        0.501721       -0.582322
     Cl  12        0.501721       -0.524751        1.122722
     Cl  12       -0.582322        1.122722        0.978694

     H   13       -0.175307        0.094253        0.189978
     H   13        0.094253        0.447979        0.080252
     H   13        0.189978        0.080252       -0.272673

     C   14        0.085486       -0.414995        0.111256
     C   14       -0.414995       -0.216333        0.084184
     C   14        0.111256        0.084184        0.130847

     H   15        0.729803       -0.031584        0.410257
     H   15       -0.031584       -0.024946        0.082549
     H   15        0.410257        0.082549       -0.704856

     C   16       -0.217977       -0.019868       -0.040949
     C   16       -0.019868        0.353952        0.320690
     C   16       -0.040949        0.320690       -0.135975

     C   17        0.217504       -0.439484       -0.004668
     C   17       -0.439484       -0.599680        0.092073
     C   17       -0.004668        0.092073        0.382176

     Cl  18       -0.684494       -0.465505        0.217356
     Cl  18       -0.465505       -0.647397        0.950274
     Cl  18        0.217356        0.950274        1.331891

     H   19       -0.330324        0.071298        0.017437
     H   19        0.071298        0.491502       -0.000481
     H   19        0.017437       -0.000481       -0.161178

     C   20       -0.092602       -0.151872        0.219404
     C   20       -0.151872        0.203024        0.322828
     C   20        0.219404        0.322828       -0.110422

     H   21        0.031643       -0.260861        0.330795
     H   21       -0.260861        0.144154       -0.136634
     H   21        0.330795       -0.136634       -0.175797

     C   22        0.106933        0.459164       -0.254279
     C   22        0.459164        0.345341        0.440622
     C   22       -0.254279        0.440622       -0.452274

     C   23       -0.271165       -0.237711       -0.087397
     C   23       -0.237711        0.253395        0.203122
     C   23       -0.087397        0.203122        0.017770

     Cl  24        0.078393        0.893981        0.002008
     Cl  24        0.893981        2.698606       -0.611966
     Cl  24        0.002008       -0.611966       -2.777000

     ----- total EFG (symmetrized) -----
     Cl   1        0.363434       -0.199946       -0.003552
     Cl   1       -0.199946        1.862962        0.117145
     Cl   1       -0.003552        0.117145       -2.226396

     C    2       -0.955024        0.223105       -0.055793
     C    2        0.223105        0.816804        0.506711
     C    2       -0.055793        0.506711        0.138221

     C    3        0.030688       -0.290883        0.013447
     C    3       -0.290883        0.280179       -0.146389
     C    3        0.013447       -0.146389       -0.310867

     H    4        0.303046        0.472130        0.255285
     H    4        0.472130       -0.494116        0.142837
     H    4        0.255285        0.142837        0.191069

     C    5       -0.861685        0.079877       -0.280165
     C    5        0.079877        0.515361        0.499219
     C    5       -0.280165        0.499219        0.346325

     H    6       -0.120085       -0.009259       -0.050952
     H    6       -0.009259       -0.002900        0.057659
     H    6       -0.050952        0.057659        0.122985

     H    7       -0.089530        0.142879        0.097601
     H    7        0.142879        0.066485       -0.884549
     H    7        0.097601       -0.884549        0.023045

     C    8        0.309721        0.281170        0.063800
     C    8        0.281170        0.024288       -0.393728
     C    8        0.063800       -0.393728       -0.334008

     H    9        0.419687        0.194195        0.788822
     H    9        0.194195       -0.309245       -0.344691
     H    9        0.788822       -0.344691       -0.110442

     C   10        0.327584        0.150121        0.392164
     C   10        0.150121        0.160040       -0.533021
     C   10        0.392164       -0.533021       -0.487624

     C   11        0.175964        0.223852       -0.033155
     C   11        0.223852        0.199091       -0.032010
     C   11       -0.033155       -0.032010       -0.375056

     Cl  12       -0.453944        0.501721       -0.582322
     Cl  12        0.501721       -0.524751        1.122722
     Cl  12       -0.582322        1.122722        0.978694

     H   13       -0.175307        0.094253        0.189978
     H   13        0.094253        0.447979        0.080252
     H   13        0.189978        0.080252       -0.272673

     C   14        0.085486       -0.414995        0.111256
     C   14       -0.414995       -0.216333        0.084184
     C   14        0.111256        0.084184        0.130847

     H   15        0.729803       -0.031584        0.410257
     H   15       -0.031584       -0.024946        0.082549
     H   15        0.410257        0.082549       -0.704856

     C   16       -0.217977       -0.019868       -0.040949
     C   16       -0.019868        0.353952        0.320690
     C   16       -0.040949        0.320690       -0.135975

     C   17        0.217504       -0.439484       -0.004668
     C   17       -0.439484       -0.599680        0.092073
     C   17       -0.004668        0.092073        0.382176

     Cl  18       -0.684494       -0.465505        0.217356
     Cl  18       -0.465505       -0.647397        0.950274
     Cl  18        0.217356        0.950274        1.331891

     H   19       -0.330324        0.071298        0.017437
     H   19        0.071298        0.491502       -0.000481
     H   19        0.017437       -0.000481       -0.161178

     C   20       -0.092602       -0.151872        0.219404
     C   20       -0.151872        0.203024        0.322828
     C   20        0.219404        0.322828       -0.110422

     H   21        0.031643       -0.260861        0.330795
     H   21       -0.260861        0.144154       -0.136634
     H   21        0.330795       -0.136634       -0.175797

     C   22        0.106933        0.459164       -0.254279
     C   22        0.459164        0.345341        0.440622
     C   22       -0.254279        0.440622       -0.452274

     C   23       -0.271165       -0.237711       -0.087397
     C   23       -0.237711        0.253395        0.203122
     C   23       -0.087397        0.203122        0.017770

     Cl  24        0.078393        0.893981        0.002008
     Cl  24        0.893981        2.698606       -0.611966
     Cl  24        0.002008       -0.611966       -2.777000


     NQR/NMR SPECTROSCOPIC PARAMETERS:
     Cl   1    Vxx=    0.3373    axis=(  0.991556  0.129598  0.004548)
     Cl   1    Vyy=    1.8925    axis=( -0.129675  0.991153  0.028301)
     Cl   1    Vzz=   -2.2298    axis=( -0.000840 -0.028652  0.999589)
     Cl   1  Q=        -8.1650 1e-30 m^2  Cq=        42.7767 MHz  eta= 0.69747

     C    2    Vxx=   -0.1051    axis=( -0.173729 -0.441737  0.880163)
     C    2    Vyy=   -0.9965    axis=(  0.981255 -0.153346  0.116721)
     C    2    Vzz=    1.1016    axis=(  0.083409  0.883942  0.460097)
     C    2  Q=         1.0000 1e-30 m^2  Cq=         2.5883 MHz  eta= 0.80923

     C    3    Vxx=   -0.1372    axis=(  0.825542  0.461392 -0.324958)
     C    3    Vyy=   -0.3559    axis=( -0.196696 -0.304466 -0.931993)
     C    3    Vzz=    0.4930    axis=( -0.528953  0.833317 -0.160595)
     C    3  Q=         1.0000 1e-30 m^2  Cq=         1.1584 MHz  eta= 0.44353

     H    4    Vxx=    0.0218    axis=( -0.467353 -0.188575  0.863725)
     H    4    Vyy=    0.6922    axis=(  0.780358  0.371151  0.503277)
     H    4    Vzz=   -0.7140    axis=( -0.415478  0.909223 -0.026302)
     H    4  Q=         1.0000 1e-30 m^2  Cq=        -1.6776 MHz  eta= 0.93907

     C    5    Vxx=    0.0045    axis=( -0.288226 -0.645827  0.706989)
     C    5    Vyy=    0.9454    axis=(  0.068757 -0.750374 -0.657428)
     C    5    Vzz=   -0.9499    axis=( -0.955091  0.140877 -0.260682)
     C    5  Q=         1.0000 1e-30 m^2  Cq=        -2.2320 MHz  eta= 0.99050

     H    6    Vxx=   -0.0244    axis=( -0.088325 -0.937646  0.336181)
     H    6    Vyy=   -0.1304    axis=( -0.979286  0.020006 -0.201489)
     H    6    Vzz=    0.1548    axis=( -0.182200  0.347014  0.919991)
     H    6  Q=         1.0000 1e-30 m^2  Cq=         0.3638 MHz  eta= 0.68422

     H    7    Vxx=   -0.0541    axis=(  0.976930  0.123018  0.174570)
     H    7    Vyy=   -0.8766    axis=(  0.210846 -0.685518 -0.696857)
     H    7    Vzz=    0.9307    axis=( -0.033945 -0.717588  0.695640)
     H    7  Q=         1.0000 1e-30 m^2  Cq=         2.1869 MHz  eta= 0.88375

     C    8    Vxx=    0.1167    axis=( -0.613375  0.549739 -0.567060)
     C    8    Vyy=    0.5178    axis=( -0.757723 -0.612126  0.226182)
     C    8    Vzz=   -0.6345    axis=( -0.222771  0.568409  0.792013)
     C    8  Q=         1.0000 1e-30 m^2  Cq=        -1.4909 MHz  eta= 0.63215

     H    9    Vxx=   -0.0605    axis=(  0.341950  0.842806 -0.415630)
     H    9    Vyy=   -0.9279    axis=( -0.482456  0.537005  0.691998)
     H    9    Vzz=    0.9884    axis=(  0.806416 -0.036105  0.590246)
     H    9  Q=         1.0000 1e-30 m^2  Cq=         2.3223 MHz  eta= 0.87764

     C   10    Vxx=    0.4044    axis=(  0.652862  0.741257 -0.155915)
     C   10    Vyy=    0.5211    axis=( -0.688758  0.495256 -0.529466)
     C   10    Vzz=   -0.9255    axis=( -0.315252  0.453056  0.833880)
     C   10  Q=         1.0000 1e-30 m^2  Cq=        -2.1745 MHz  eta= 0.12613

     C   11    Vxx=   -0.0366    axis=(  0.724692 -0.689048 -0.005823)
     C   11    Vyy=   -0.3778    axis=( -0.044335 -0.038192 -0.998286)
     C   11    Vzz=    0.4144    axis=(  0.687645  0.723709 -0.058226)
     C   11  Q=         1.0000 1e-30 m^2  Cq=         0.9736 MHz  eta= 0.82329

     Cl  12    Vxx=   -0.0315    axis=(  0.827583  0.546109 -0.129890)
     Cl  12    Vyy=   -1.5875    axis=( -0.542174  0.717675 -0.437024)
     Cl  12    Vzz=    1.6189    axis=( -0.145444  0.432096  0.890022)
     Cl  12  Q=        -8.1650 1e-30 m^2  Cq=       -31.0583 MHz  eta= 0.96112

     H   13    Vxx=   -0.0581    axis=(  0.769689 -0.237337  0.592663)
     H   13    Vyy=   -0.4201    axis=( -0.611391 -0.006771  0.791300)
     H   13    Vzz=    0.4782    axis=(  0.183791  0.971404  0.150317)
     H   13  Q=         1.0000 1e-30 m^2  Cq=         1.1237 MHz  eta= 0.75708

     C   14    Vxx=    0.1496    axis=( -0.037423  0.264155  0.963754)
     C   14    Vyy=    0.3840    axis=(  0.820750 -0.542044  0.180439)
     C   14    Vzz=   -0.5336    axis=(  0.570061  0.797754 -0.196520)
     C   14  Q=         1.0000 1e-30 m^2  Cq=        -1.2538 MHz  eta= 0.43930

     H   15    Vxx=   -0.0154    axis=(  0.017617 -0.993938 -0.108518)
     H   15    Vyy=   -0.8236    axis=(  0.255899  0.109402 -0.960493)
     H   15    Vzz=    0.8389    axis=(  0.966543 -0.010849  0.256275)
     H   15  Q=         1.0000 1e-30 m^2  Cq=         1.9712 MHz  eta= 0.96335

     C   16    Vxx=   -0.2105    axis=( -0.948027 -0.181751  0.261173)
     C   16    Vyy=   -0.3038    axis=(  0.314377 -0.408335  0.856989)
     C   16    Vzz=    0.5143    axis=(  0.049113 -0.894555 -0.444251)
     C   16  Q=         1.0000 1e-30 m^2  Cq=         1.2084 MHz  eta= 0.18140

     C   17    Vxx=    0.3562    axis=(  0.584492 -0.192816  0.788157)
     C   17    Vyy=    0.4408    axis=( -0.708049  0.353194  0.611491)
     C   17    Vzz=   -0.7970    axis=(  0.396277  0.915465 -0.069916)
     C   17  Q=         1.0000 1e-30 m^2  Cq=        -1.8725 MHz  eta= 0.10612

     Cl  18    Vxx=   -0.3161    axis=(  0.811932 -0.545617  0.207528)
     Cl  18    Vyy=   -1.3985    axis=(  0.583626  0.751358 -0.307963)
     Cl  18    Vzz=    1.7146    axis=(  0.012102  0.371163  0.928489)
     Cl  18  Q=        -8.1650 1e-30 m^2  Cq=       -32.8937 MHz  eta= 0.63126

     H   19    Vxx=   -0.1595    axis=(  0.097420 -0.009935  0.995194)
     H   19    Vyy=   -0.3382    axis=( -0.991536  0.085264  0.097913)
     H   19    Vzz=    0.4976    axis=( -0.085827 -0.996309 -0.001544)
     H   19  Q=         1.0000 1e-30 m^2  Cq=         1.1693 MHz  eta= 0.35912

     C   20    Vxx=    0.0854    axis=(  0.830450 -0.268116  0.488330)
     C   20    Vyy=    0.4055    axis=( -0.030757  0.853165  0.520733)
     C   20    Vzz=   -0.4910    axis=( -0.556243 -0.447462  0.700265)
     C   20  Q=         1.0000 1e-30 m^2  Cq=        -1.1536 MHz  eta= 0.65194

     H   21    Vxx=   -0.0854    axis=(  0.443288  0.773440  0.453086)
     H   21    Vyy=   -0.4232    axis=( -0.621770 -0.098780  0.776946)
     H   21    Vzz=    0.5085    axis=(  0.645677 -0.626126  0.437114)
     H   21  Q=         1.0000 1e-30 m^2  Cq=         1.1949 MHz  eta= 0.66416

     C   22    Vxx=    0.1076    axis=( -0.736976  0.326626  0.591761)
     C   22    Vyy=    0.7390    axis=( -0.523941 -0.829168 -0.194849)
     C   22    Vzz=   -0.8466    axis=(  0.427027 -0.453647  0.782210)
     C   22  Q=         1.0000 1e-30 m^2  Cq=        -1.9892 MHz  eta= 0.74580

     C   23    Vxx=   -0.0933    axis=(  0.135834 -0.429809  0.892644)
     C   23    Vyy=   -0.3631    axis=( -0.935657 -0.351872 -0.027048)
     C   23    Vzz=    0.4564    axis=(  0.325722 -0.831535 -0.449950)
     C   23  Q=         1.0000 1e-30 m^2  Cq=         1.0724 MHz  eta= 0.59102

     Cl  24    Vxx=   -0.1852    axis=(  0.956942 -0.282344  0.067408)
     Cl  24    Vyy=   -2.8482    axis=(  0.035904 -0.115308 -0.992681)
     Cl  24    Vzz=    3.0334    axis=(  0.288051  0.952358 -0.100205)
     Cl  24  Q=        -8.1650 1e-30 m^2  Cq=       -58.1941 MHz  eta= 0.87787

     Initialization:
     gipaw_setup  :      9.36s CPU     10.92s WALL (       1 calls)

     Linear response

     Apply operators

     Induced current

     Other routines
     efg          :      9.36s CPU     11.68s WALL (       1 calls)

     General routines
     calbec       :      3.25s CPU      4.12s WALL (      16 calls)
     fft          :      1.54s CPU      2.27s WALL (      15 calls)
     ffts         :      0.04s CPU      0.05s WALL (       2 calls)
     fftw         :      3.47s CPU      4.20s WALL (     672 calls)
     davcio       :      0.04s CPU      0.32s WALL (      32 calls)

     Parallel routines
     fft_scatter  :      2.37s CPU      3.72s WALL (     689 calls)

     Plugins

     GIPAW        :     61.86s CPU     74.70s WALL (       1 calls)
