
     Program QE v.6.0 (svn rev. 13079) starts on  9Jan2017 at 12:51:58 

     This program is part of the open-source Quantum ESPRESSO suite
     for quantum simulation of materials; please cite
         "P. Giannozzi et al., J. Phys.:Condens. Matter 21 395502 (2009);
          URL http://www.quantum-espresso.org", 
     in publications or presentations arising from this work. More details at
     http://www.quantum-espresso.org/quote

     Parallel version (MPI), running on     8 processors
     R & G space division:  proc/nbgrp/npool/nimage =       8

     ***** This is GIPAW svn revision unknown      *****

     Parallelizing q-star over 1 images

     Reading data from directory:
     /users/majewski/paradichlorobenzene/pbe/9_constraint/scratch/pbe.ecut100.np8.dt60.pcl2phi-129368.save
     Message from routine read_xml_file:
     file /users/majewski/paradichlorobenzene/pbe/9_constraint/scratch/pbe.ecut100.np8.dt60.pcl2phi-129368.save not guaranteed to be safe for post-processing

   Info: using nr1, nr2, nr3 values from input

   Info: using nr1, nr2, nr3 values from input

     IMPORTANT: XC functional enforced from input :
     Exchange-correlation      =  SLA  PW   PBX  PBC ( 1  4  3  4 0 0)
     Any further DFT definition will be discarded
     Please, verify this is what you really want

               file C.pbe-n-kjpaw_psl.1.0.0.UPF: wavefunction(s)  2S 2P renormalized
               file Cl.pbe-n-kjpaw_psl.1.0.0.UPF: wavefunction(s)  3S 3P renormalized
               file H.pbe-kjpaw_psl.1.0.0.UPF: wavefunction(s)  1S renormalized

     Parallelization info
     --------------------
     sticks:   dense  smooth     PW     G-vecs:    dense   smooth      PW
     Min        3057    1223    332               144436    36536    5170
     Max        3059    1225    333               144437    36537    5171
     Sum       24467    9791   2657              1155489   292295   41363


     Subspace diagonalization in iterative solution of the eigenvalue problem:
     a serial algorithm will be used

     GIPAW projectors -----------------------------------------------
     atom=  C    l=0  rc=    1.2000  rs=    0.8000
     atom=  C    l=0  rc=    1.2000  rs=    0.8000
     atom=  C    l=1  rc=    1.4000  rs=    0.9333
     atom=  C    l=1  rc=    1.4000  rs=    0.9333
     projs nearly linearly dependent: l=1  n1,n2= 1, 2  s=  0.99951561

     atom=  Cl   l=0  rc=    1.6000  rs=    1.0667
     atom=  Cl   l=0  rc=    1.6000  rs=    1.0667
     atom=  Cl   l=1  rc=    1.6000  rs=    1.0667
     atom=  Cl   l=1  rc=    1.6000  rs=    1.0667
     atom=  Cl   l=2  rc=    1.6000  rs=    1.0667
     atom=  Cl   l=2  rc=    1.6000  rs=    1.0667
     projs nearly linearly dependent: l=2  n1,n2= 1, 2  s=  0.99993509

     atom=  H    l=0  rc=    1.0000  rs=    0.6667
     atom=  H    l=0  rc=    1.0000  rs=    0.6667
     projs nearly linearly dependent: l=0  n1,n2= 1, 2  s=  0.99968852
     -----------------------------------------------------------------

     GIPAW integrals: -------------------------------------------
     Atom  i/j   nmr_para   nmr_dia   epr_rmc  epr_para   epr_dia
       C   1 1   0.83E+03  0.17E-01  0.93E+01  0.24E+08  0.24E+03
       C   2 1   0.86E+03 -0.61E-01  0.94E+01  0.25E+08  0.25E+03
       C   2 2   0.90E+03 -0.15E+00  0.97E+01  0.26E+08  0.26E+03
       C   3 3   0.33E+01  0.34E+00  0.18E+01  0.55E+03  0.21E+02
       C   4 3   0.35E+01  0.37E+00  0.20E+01  0.59E+03  0.22E+02
       C   4 4   0.38E+01  0.39E+00  0.22E+01  0.63E+03  0.24E+02
       Cl  1 1   0.14E+04 -0.47E+00  0.84E+01  0.32E+09  0.42E+03
       Cl  2 1   0.21E+04 -0.37E+00  0.12E+02  0.49E+09  0.65E+03
       Cl  2 2   0.33E+04 -0.16E+00  0.21E+02  0.76E+09  0.10E+04
       Cl  3 3   0.21E+02  0.79E-01  0.89E+01  0.23E+05  0.13E+03
       Cl  4 3   0.24E+02  0.67E-01  0.99E+01  0.27E+05  0.15E+03
       Cl  4 4   0.28E+02  0.44E-01  0.11E+02  0.32E+05  0.18E+03
       Cl  5 5   0.77E+00  0.19E+00  0.18E+01  0.12E+03  0.22E+02
       Cl  6 5   0.80E+00  0.19E+00  0.19E+01  0.12E+03  0.23E+02
       Cl  6 6   0.83E+00  0.20E+00  0.19E+01  0.12E+03  0.23E+02
       H   1 1   0.39E+02  0.19E+00  0.29E+00  0.78E+05  0.13E+02
       H   2 1   0.41E+02  0.21E+00  0.32E+00  0.82E+05  0.14E+02
       H   2 2   0.43E+02  0.22E+00  0.36E+00  0.86E+05  0.15E+02
     ------------------------------------------------------------

     alpha_pv=     34.0782 eV

     Number of occupied bands for each k-point:
     k-point:     1    nbnd_occ=  42
     k-point:     2    nbnd_occ=  42
     k-point:     3    nbnd_occ=  42
     k-point:     4    nbnd_occ=  42
     k-point:     5    nbnd_occ=  42
     k-point:     6    nbnd_occ=  42
     k-point:     7    nbnd_occ=  42
     k-point:     8    nbnd_occ=  42
     k-point:     9    nbnd_occ=  42
     k-point:    10    nbnd_occ=  42
     k-point:    11    nbnd_occ=  42
     k-point:    12    nbnd_occ=  42
     k-point:    13    nbnd_occ=  42
     k-point:    14    nbnd_occ=  42
     k-point:    15    nbnd_occ=  42
     k-point:    16    nbnd_occ=  42


     q-space interpolation up to   110.00 Rydberg

     GIPAW job: efg                                                                             


     ELECTRIC FIELD GRADIENTS TENSORS IN Hartree/bohrradius^2:

     ----- bare term -----
     Cl   1       -0.067562        0.035827        0.017937
     Cl   1        0.035827       -0.043199       -0.016760
     Cl   1        0.017937       -0.016760        0.110761

     C    2       -0.200970        0.140476       -0.244541
     C    2        0.140476       -0.045637       -0.571168
     C    2       -0.244541       -0.571168        0.246607

     C    3       -0.190626        0.129062       -0.206716
     C    3        0.129062       -0.013702       -0.219170
     C    3       -0.206716       -0.219170        0.204328

     H    4       -0.566475       -0.479086        0.052858
     H    4       -0.479086        0.248752        0.027094
     H    4        0.052858        0.027094        0.317723

     C    5       -0.025619        0.429994       -0.137943
     C    5        0.429994       -0.235934       -0.390860
     C    5       -0.137943       -0.390860        0.261554

     H    6        0.334567       -0.361658       -0.014541
     H    6       -0.361658       -0.683273       -0.244077
     H    6       -0.014541       -0.244077        0.348705

     H    7        0.354833        0.026546       -0.183365
     H    7        0.026546       -0.348092        0.499848
     H    7       -0.183365        0.499848       -0.006741

     C    8       -0.622230       -0.333490       -0.191479
     C    8       -0.333490        0.239478        0.374720
     C    8       -0.191479        0.374720        0.382753

     H    9        0.083348        0.021965       -0.468013
     H    9        0.021965        0.293578       -0.224756
     H    9       -0.468013       -0.224756       -0.376926

     C   10       -0.062252       -0.104450       -0.195684
     C   10       -0.104450       -0.065354        0.598295
     C   10       -0.195684        0.598295        0.127606

     C   11       -0.400019       -0.334206       -0.177576
     C   11       -0.334206       -0.031432        0.451972
     C   11       -0.177576        0.451972        0.431450

     Cl  12       -0.021273        0.005802       -0.082871
     Cl  12        0.005802       -0.003342        0.069487
     Cl  12       -0.082871        0.069487        0.024615

     H   13        0.443670       -0.033642       -0.045044
     H   13       -0.033642       -0.384869       -0.501149
     H   13       -0.045044       -0.501149       -0.058801

     C   14       -0.625089        0.345506       -0.214553
     C   14        0.345506        0.317127       -0.325775
     C   14       -0.214553       -0.325775        0.307962

     H   15       -0.393193        0.177372       -0.355618
     H   15        0.177372        0.036888       -0.291089
     H   15       -0.355618       -0.291089        0.356304

     C   16        0.038183        0.317224       -0.102561
     C   16        0.317224       -0.125647       -0.594799
     C   16       -0.102561       -0.594799        0.087463

     C   17       -0.457976        0.338210       -0.441658
     C   17        0.338210        0.278457       -0.204529
     C   17       -0.441658       -0.204529        0.179520

     Cl  18       -0.085503        0.114248        0.067090
     Cl  18        0.114248       -0.033017        0.077928
     Cl  18        0.067090        0.077928        0.118520

     H   19        0.158447       -0.257668        0.140984
     H   19       -0.257668       -0.350135        0.507121
     H   19        0.140984        0.507121        0.191688

     C   20       -0.130829        0.158835       -0.488386
     C   20        0.158835       -0.099854        0.460392
     C   20       -0.488386        0.460392        0.230684

     H   21       -0.001817        0.131732       -0.280684
     H   21        0.131732        0.514658        0.050534
     H   21       -0.280684        0.050534       -0.512840

     C   22       -0.201126       -0.405272       -0.337666
     C   22       -0.405272       -0.202819        0.168135
     C   22       -0.337666        0.168135        0.403945

     C   23        0.040751        0.256157       -0.522969
     C   23        0.256157       -0.184257        0.569992
     C   23       -0.522969        0.569992        0.143507

     Cl  24       -0.181253       -0.205787       -0.070906
     Cl  24       -0.205787       -0.080834       -0.012092
     Cl  24       -0.070906       -0.012092        0.262088

     ----- ionic term -----
     Cl   1        0.067330       -0.199358        0.021719
     Cl   1       -0.199358        0.092923       -0.015482
     Cl   1        0.021719       -0.015482       -0.160253

     C    2        0.205737       -0.175459        0.271081
     C    2       -0.175459        0.158482        0.301155
     C    2        0.271081        0.301155       -0.364220

     C    3        0.222395       -0.185091        0.146887
     C    3       -0.185091        0.121681        0.360355
     C    3        0.146887        0.360355       -0.344076

     H    4        0.674118        0.253772        0.635845
     H    4        0.253772       -0.477977        0.196961
     H    4        0.635845        0.196961       -0.196140

     C    5        0.358634       -0.164553        0.150921
     C    5       -0.164553        0.015871        0.327361
     C    5        0.150921        0.327361       -0.374504

     H    6       -0.494561        0.030903        0.002149
     H    6        0.030903        0.600930        0.730207
     H    6        0.002149        0.730207       -0.106370

     H    7       -0.522935       -0.129551        0.088582
     H    7       -0.129551        0.725688       -0.663234
     H    7        0.088582       -0.663234       -0.202753

     C    8        0.195827        0.244044        0.389753
     C    8        0.244044        0.053962       -0.243766
     C    8        0.389753       -0.243766       -0.249789

     H    9        0.415837       -0.227401        0.769379
     H    9       -0.227401       -0.442698       -0.252005
     H    9        0.769379       -0.252005        0.026861

     C   10        0.052789        0.318438        0.243027
     C   10        0.318438        0.189498       -0.368828
     C   10        0.243027       -0.368828       -0.242287

     C   11        0.062005        0.262944        0.295895
     C   11        0.262944        0.111217       -0.384996
     C   11        0.295895       -0.384996       -0.173222

     Cl  12        0.128531        0.206980        0.016690
     Cl  12        0.206980        0.006000        0.007649
     Cl  12        0.016690        0.007649       -0.134530

     H   13       -0.518040        0.104138        0.071893
     H   13        0.104138        0.804754        0.624719
     H   13        0.071893        0.624719       -0.286715

     C   14        0.305096       -0.230372        0.163699
     C   14       -0.230372        0.086556        0.302210
     C   14        0.163699        0.302210       -0.391652

     H   15        0.798848        0.279610        0.553587
     H   15        0.279610       -0.458102        0.203645
     H   15        0.553587        0.203645       -0.340746

     C   16        0.170981       -0.227018        0.092666
     C   16       -0.227018        0.174255        0.461151
     C   16        0.092666        0.461151       -0.345235

     C   17        0.230392       -0.135910        0.144180
     C   17       -0.135910        0.103298        0.483609
     C   17        0.144180        0.483609       -0.333690

     Cl  18        0.132290       -0.220153       -0.052748
     Cl  18       -0.220153       -0.003046        0.044153
     Cl  18       -0.052748        0.044153       -0.129244

     H   19       -0.517803        0.042897       -0.006688
     H   19        0.042897        0.639814       -0.704322
     H   19       -0.006688       -0.704322       -0.122011

     C   20        0.189743        0.327668        0.305433
     C   20        0.327668        0.055435       -0.256859
     C   20        0.305433       -0.256859       -0.245177

     H   21        0.390895       -0.050874        0.806984
     H   21       -0.050874       -0.501479       -0.134732
     H   21        0.806984       -0.134732        0.110584

     C   22        0.125388        0.377892        0.252818
     C   22        0.377892        0.128072       -0.300644
     C   22        0.252818       -0.300644       -0.253461

     C   23        0.163088        0.237202        0.414775
     C   23        0.237202        0.018521       -0.296324
     C   23        0.414775       -0.296324       -0.181609

     Cl  24        0.134960        0.201900        0.073830
     Cl  24        0.201900        0.005635        0.037352
     Cl  24        0.073830        0.037352       -0.140595

     ----- GIPAW term -----
     Cl   1        0.996742       -2.146625        0.106358
     Cl   1       -2.146625       -0.237170       -0.128650
     Cl   1        0.106358       -0.128650       -0.759572

     C    2       -0.044109        0.027282       -0.132504
     C    2        0.027282       -0.007820       -0.208603
     C    2       -0.132504       -0.208603        0.051929

     C    3       -0.011419        0.092326       -0.110143
     C    3        0.092326        0.025927       -0.083358
     C    3       -0.110143       -0.083358       -0.014509

     H    4       -0.000000        0.000000        0.000000
     H    4        0.000000        0.000000        0.000000
     H    4        0.000000        0.000000        0.000000

     C    5        0.064211        0.222461       -0.065278
     C    5        0.222461        0.011920       -0.134546
     C    5       -0.065278       -0.134546       -0.076131

     H    6       -0.000000        0.000000        0.000000
     H    6        0.000000        0.000000        0.000000
     H    6        0.000000        0.000000        0.000000

     H    7       -0.000000        0.000000        0.000000
     H    7        0.000000        0.000000        0.000000
     H    7        0.000000        0.000000        0.000000

     C    8       -0.182636        0.013506        0.019345
     C    8        0.013506        0.180780        0.167043
     C    8        0.019345        0.167043        0.001856

     H    9       -0.000000        0.000000        0.000000
     H    9        0.000000        0.000000        0.000000
     H    9        0.000000        0.000000        0.000000

     C   10       -0.128647        0.000478       -0.036244
     C   10        0.000478        0.105217        0.232850
     C   10       -0.036244        0.232850        0.023429

     C   11       -0.112849        0.089596        0.031125
     C   11        0.089596        0.094742        0.218118
     C   11        0.031125        0.218118        0.018107

     Cl  12       -0.166837        2.036476       -0.035949
     Cl  12        2.036476        1.057396        1.996798
     Cl  12       -0.035949        1.996798       -0.890559

     H   13       -0.000000        0.000000        0.000000
     H   13        0.000000        0.000000        0.000000
     H   13        0.000000        0.000000        0.000000

     C   14       -0.193693        0.055762       -0.023594
     C   14        0.055762        0.188440       -0.183736
     C   14       -0.023594       -0.183736        0.005253

     H   15       -0.000000        0.000000        0.000000
     H   15        0.000000        0.000000        0.000000
     H   15        0.000000        0.000000        0.000000

     C   16       -0.096818        0.109802        0.004538
     C   16        0.109802        0.236832       -0.035764
     C   16        0.004538       -0.035764       -0.140013

     C   17       -0.040932        0.123686       -0.036460
     C   17        0.123686        0.208690        0.036737
     C   17       -0.036460        0.036737       -0.167758

     Cl  18        0.007028       -0.478411        1.469617
     Cl  18       -0.478411       -0.582367        1.709463
     Cl  18        1.469617        1.709463        0.575339

     H   19       -0.000000        0.000000        0.000000
     H   19        0.000000        0.000000        0.000000
     H   19        0.000000        0.000000        0.000000

     C   20        0.076191        0.159656       -0.137422
     C   20        0.159656       -0.042440        0.054152
     C   20       -0.137422        0.054152       -0.033751

     H   21       -0.000000        0.000000        0.000000
     H   21        0.000000        0.000000        0.000000
     H   21        0.000000        0.000000        0.000000

     C   22        0.078677        0.062544       -0.183647
     C   22        0.062544       -0.083361       -0.072906
     C   22       -0.183647       -0.072906        0.004685

     C   23        0.165506        0.227498       -0.141879
     C   23        0.227498       -0.058574        0.063959
     C   23       -0.141879        0.063959       -0.106932

     Cl  24       -0.653495        1.029774       -1.396753
     Cl  24        1.029774       -1.450393       -0.362033
     Cl  24       -1.396753       -0.362033        2.103888

     ----- total EFG -----
     Cl   1        0.996510       -2.310155        0.146014
     Cl   1       -2.310155       -0.187446       -0.160892
     Cl   1        0.146014       -0.160892       -0.809063

     C    2       -0.039342       -0.007700       -0.105965
     C    2       -0.007700        0.105026       -0.478616
     C    2       -0.105965       -0.478616       -0.065684

     C    3        0.020351        0.036296       -0.169972
     C    3        0.036296        0.133906        0.057827
     C    3       -0.169972        0.057827       -0.154257

     H    4        0.107643       -0.225314        0.688703
     H    4       -0.225314       -0.229225        0.224055
     H    4        0.688703        0.224055        0.121583

     C    5        0.397226        0.487902       -0.052300
     C    5        0.487902       -0.208144       -0.198046
     C    5       -0.052300       -0.198046       -0.189082

     H    6       -0.159993       -0.330754       -0.012392
     H    6       -0.330754       -0.082342        0.486130
     H    6       -0.012392        0.486130        0.242336

     H    7       -0.168102       -0.103004       -0.094783
     H    7       -0.103004        0.377596       -0.163387
     H    7       -0.094783       -0.163387       -0.209493

     C    8       -0.609039       -0.075940        0.217619
     C    8       -0.075940        0.474219        0.297997
     C    8        0.217619        0.297997        0.134820

     H    9        0.499186       -0.205436        0.301366
     H    9       -0.205436       -0.149121       -0.476761
     H    9        0.301366       -0.476761       -0.350065

     C   10       -0.138109        0.214465        0.011098
     C   10        0.214465        0.229361        0.462317
     C   10        0.011098        0.462317       -0.091252

     C   11       -0.450862        0.018335        0.149445
     C   11        0.018335        0.174527        0.285094
     C   11        0.149445        0.285094        0.276335

     Cl  12       -0.059579        2.249258       -0.102131
     Cl  12        2.249258        1.060053        2.073934
     Cl  12       -0.102131        2.073934       -1.000474

     H   13       -0.074370        0.070496        0.026850
     H   13        0.070496        0.419885        0.123570
     H   13        0.026850        0.123570       -0.345515

     C   14       -0.513686        0.170896       -0.074448
     C   14        0.170896        0.592123       -0.207302
     C   14       -0.074448       -0.207302       -0.078437

     H   15        0.405655        0.456982        0.197968
     H   15        0.456982       -0.421214       -0.087444
     H   15        0.197968       -0.087444        0.015558

     C   16        0.112345        0.200009       -0.005357
     C   16        0.200009        0.285439       -0.169412
     C   16       -0.005357       -0.169412       -0.397785

     C   17       -0.268516        0.325986       -0.333938
     C   17        0.325986        0.590445        0.315817
     C   17       -0.333938        0.315817       -0.321929

     Cl  18        0.053814       -0.584315        1.483959
     Cl  18       -0.584315       -0.618429        1.831545
     Cl  18        1.483959        1.831545        0.564615

     H   19       -0.359356       -0.214771        0.134296
     H   19       -0.214771        0.289679       -0.197202
     H   19        0.134296       -0.197202        0.069678

     C   20        0.135105        0.646159       -0.320375
     C   20        0.646159       -0.086860        0.257684
     C   20       -0.320375        0.257684       -0.048245

     H   21        0.389078        0.080858        0.526300
     H   21        0.080858        0.013179       -0.084198
     H   21        0.526300       -0.084198       -0.402257

     C   22        0.002939        0.035165       -0.268495
     C   22        0.035165       -0.158109       -0.205415
     C   22       -0.268495       -0.205415        0.155169

     C   23        0.369345        0.720857       -0.250073
     C   23        0.720857       -0.224310        0.337627
     C   23       -0.250073        0.337627       -0.145035

     Cl  24       -0.699789        1.025887       -1.393828
     Cl  24        1.025887       -1.525592       -0.336772
     Cl  24       -1.393828       -0.336772        2.225381

     ----- total EFG (symmetrized) -----
     Cl   1        0.996510       -2.310155        0.146014
     Cl   1       -2.310155       -0.187446       -0.160892
     Cl   1        0.146014       -0.160892       -0.809063

     C    2       -0.039342       -0.007700       -0.105965
     C    2       -0.007700        0.105026       -0.478616
     C    2       -0.105965       -0.478616       -0.065684

     C    3        0.020351        0.036296       -0.169972
     C    3        0.036296        0.133906        0.057827
     C    3       -0.169972        0.057827       -0.154257

     H    4        0.107643       -0.225314        0.688703
     H    4       -0.225314       -0.229225        0.224055
     H    4        0.688703        0.224055        0.121583

     C    5        0.397226        0.487902       -0.052300
     C    5        0.487902       -0.208144       -0.198046
     C    5       -0.052300       -0.198046       -0.189082

     H    6       -0.159993       -0.330754       -0.012392
     H    6       -0.330754       -0.082342        0.486130
     H    6       -0.012392        0.486130        0.242336

     H    7       -0.168102       -0.103004       -0.094783
     H    7       -0.103004        0.377596       -0.163387
     H    7       -0.094783       -0.163387       -0.209493

     C    8       -0.609039       -0.075940        0.217619
     C    8       -0.075940        0.474219        0.297997
     C    8        0.217619        0.297997        0.134820

     H    9        0.499186       -0.205436        0.301366
     H    9       -0.205436       -0.149121       -0.476761
     H    9        0.301366       -0.476761       -0.350065

     C   10       -0.138109        0.214465        0.011098
     C   10        0.214465        0.229361        0.462317
     C   10        0.011098        0.462317       -0.091252

     C   11       -0.450862        0.018335        0.149445
     C   11        0.018335        0.174527        0.285094
     C   11        0.149445        0.285094        0.276335

     Cl  12       -0.059579        2.249258       -0.102131
     Cl  12        2.249258        1.060053        2.073934
     Cl  12       -0.102131        2.073934       -1.000474

     H   13       -0.074370        0.070496        0.026850
     H   13        0.070496        0.419885        0.123570
     H   13        0.026850        0.123570       -0.345515

     C   14       -0.513686        0.170896       -0.074448
     C   14        0.170896        0.592123       -0.207302
     C   14       -0.074448       -0.207302       -0.078437

     H   15        0.405655        0.456982        0.197968
     H   15        0.456982       -0.421214       -0.087444
     H   15        0.197968       -0.087444        0.015558

     C   16        0.112345        0.200009       -0.005357
     C   16        0.200009        0.285439       -0.169412
     C   16       -0.005357       -0.169412       -0.397785

     C   17       -0.268516        0.325986       -0.333938
     C   17        0.325986        0.590445        0.315817
     C   17       -0.333938        0.315817       -0.321929

     Cl  18        0.053814       -0.584315        1.483959
     Cl  18       -0.584315       -0.618429        1.831545
     Cl  18        1.483959        1.831545        0.564615

     H   19       -0.359356       -0.214771        0.134296
     H   19       -0.214771        0.289679       -0.197202
     H   19        0.134296       -0.197202        0.069678

     C   20        0.135105        0.646159       -0.320375
     C   20        0.646159       -0.086860        0.257684
     C   20       -0.320375        0.257684       -0.048245

     H   21        0.389078        0.080858        0.526300
     H   21        0.080858        0.013179       -0.084198
     H   21        0.526300       -0.084198       -0.402257

     C   22        0.002939        0.035165       -0.268495
     C   22        0.035165       -0.158109       -0.205415
     C   22       -0.268495       -0.205415        0.155169

     C   23        0.369345        0.720857       -0.250073
     C   23        0.720857       -0.224310        0.337627
     C   23       -0.250073        0.337627       -0.145035

     Cl  24       -0.699789        1.025887       -1.393828
     Cl  24        1.025887       -1.525592       -0.336772
     Cl  24       -1.393828       -0.336772        2.225381


     NQR/NMR SPECTROSCOPIC PARAMETERS:
     Cl   1    Vxx=   -0.8205    axis=( -0.066550  0.010717  0.997726)
     Cl   1    Vyy=   -1.9815    axis=( -0.611629 -0.790485 -0.032306)
     Cl   1    Vzz=    2.8020    axis=(  0.788341 -0.612388  0.059162)
     Cl   1  Q=        -8.1650 1e-30 m^2  Cq=       -53.7552 MHz  eta= 0.41433

     C    2    Vxx=   -0.0296    axis=(  0.974800 -0.210174 -0.074780)
     C    2    Vyy=   -0.4834    axis=(  0.192152  0.620776  0.760075)
     C    2    Vzz=    0.5129    axis=( -0.113326 -0.755290  0.645518)
     C    2  Q=         1.0000 1e-30 m^2  Cq=         1.2052 MHz  eta= 0.88477

     C    3    Vxx=    0.1241    axis=( -0.849276  0.038322  0.526557)
     C    3    Vyy=    0.1455    axis=(  0.120085  0.985241  0.121980)
     C    3    Vzz=   -0.2696    axis=(  0.514112 -0.166826  0.841343)
     C    3  Q=         1.0000 1e-30 m^2  Cq=        -0.6334 MHz  eta= 0.07935

     H    4    Vxx=   -0.0401    axis=(  0.363934 -0.859359 -0.359241)
     H    4    Vyy=   -0.7632    axis=(  0.610561  0.511372 -0.604743)
     H    4    Vzz=    0.8034    axis=(  0.703397  0.000748  0.710797)
     H    4  Q=         1.0000 1e-30 m^2  Cq=         1.8876 MHz  eta= 0.90006

     C    5    Vxx=   -0.1480    axis=( -0.332384  0.274749 -0.902238)
     C    5    Vyy=   -0.5440    axis=( -0.404285  0.822776  0.399490)
     C    5    Vzz=    0.6921    axis=(  0.852100  0.497546 -0.162401)
     C    5  Q=         1.0000 1e-30 m^2  Cq=         1.6261 MHz  eta= 0.57219

     H    6    Vxx=   -0.0475    axis=(  0.800389 -0.291818  0.523660)
     H    6    Vyy=   -0.6005    axis=( -0.538787 -0.733168  0.414939)
     H    6    Vzz=    0.6480    axis=( -0.262844  0.614253  0.744047)
     H    6  Q=         1.0000 1e-30 m^2  Cq=         1.5226 MHz  eta= 0.85338

     H    7    Vxx=   -0.0925    axis=( -0.798948  0.033633  0.600459)
     H    7    Vyy=   -0.3374    axis=( -0.587139 -0.259766 -0.766674)
     H    7    Vzz=    0.4300    axis=(  0.130193 -0.965086  0.227287)
     H    7  Q=         1.0000 1e-30 m^2  Cq=         1.0103 MHz  eta= 0.56960

     C    8    Vxx=    0.0401    axis=( -0.327682  0.495061 -0.804698)
     C    8    Vyy=    0.6491    axis=(  0.036905  0.857780  0.512690)
     C    8    Vzz=   -0.6892    axis=( -0.944067 -0.138301  0.299349)
     C    8  Q=         1.0000 1e-30 m^2  Cq=        -1.6193 MHz  eta= 0.88361

     H    9    Vxx=    0.0001    axis=(  0.560443  0.690323 -0.457557)
     H    9    Vyy=    0.7465    axis=( -0.822976  0.402290 -0.401089)
     H    9    Vzz=   -0.7466    axis=( -0.092810  0.601346  0.793580)
     H    9  Q=         1.0000 1e-30 m^2  Cq=        -1.7542 MHz  eta= 0.99973

     C   10    Vxx=   -0.1381    axis=(  0.899960  0.022525 -0.435389)
     C   10    Vyy=   -0.4653    axis=( -0.363150  0.591315 -0.720048)
     C   10    Vzz=    0.6034    axis=( -0.241233 -0.806126 -0.540340)
     C   10  Q=         1.0000 1e-30 m^2  Cq=         1.4178 MHz  eta= 0.54225

     C   11    Vxx=   -0.0486    axis=( -0.186647  0.779441 -0.598025)
     C   11    Vyy=   -0.4829    axis=( -0.973920 -0.066865  0.216818)
     C   11    Vzz=    0.5315    axis=(  0.129010  0.622897  0.771593)
     C   11  Q=         1.0000 1e-30 m^2  Cq=         1.2488 MHz  eta= 0.81711

     Cl  12    Vxx=   -0.4310    axis=( -0.722089  0.149896  0.675366)
     Cl  12    Vyy=   -2.9932    axis=( -0.479199  0.595731 -0.644572)
     Cl  12    Vzz=    3.4242    axis=(  0.498955  0.789073  0.358341)
     Cl  12  Q=        -8.1650 1e-30 m^2  Cq=       -65.6908 MHz  eta= 0.74828

     H   13    Vxx=   -0.0839    axis=(  0.988712 -0.146289  0.032378)
     H   13    Vyy=   -0.3658    axis=( -0.054572 -0.150352  0.987125)
     H   13    Vzz=    0.4497    axis=( -0.139537 -0.977749 -0.156638)
     H   13  Q=         1.0000 1e-30 m^2  Cq=         1.0567 MHz  eta= 0.62680

     C   14    Vxx=   -0.1359    axis=( -0.059005  0.286179  0.956358)
     C   14    Vyy=   -0.5438    axis=( -0.986451  0.130194 -0.099821)
     C   14    Vzz=    0.6797    axis=( -0.153079 -0.949290  0.274619)
     C   14  Q=         1.0000 1e-30 m^2  Cq=         1.5969 MHz  eta= 0.60016

     H   15    Vxx=    0.0195    axis=( -0.117741 -0.309307  0.943645)
     H   15    Vyy=    0.6433    axis=( -0.900449 -0.367427 -0.232786)
     H   15    Vzz=   -0.6628    axis=(  0.418723 -0.877113 -0.235254)
     H   15  Q=         1.0000 1e-30 m^2  Cq=        -1.5574 MHz  eta= 0.94110

     C   16    Vxx=   -0.0015    axis=(  0.854811 -0.481246  0.194165)
     C   16    Vyy=   -0.4407    axis=(  0.080089 -0.247332 -0.965615)
     C   16    Vzz=    0.4422    axis=(  0.512722  0.840969 -0.172880)
     C   16  Q=         1.0000 1e-30 m^2  Cq=         1.0390 MHz  eta= 0.99334

     C   17    Vxx=    0.0390    axis=(  0.720762 -0.029446 -0.692557)
     C   17    Vyy=    0.7411    axis=( -0.237860 -0.948942 -0.207199)
     C   17    Vzz=   -0.7801    axis=( -0.651096  0.314073 -0.690965)
     C   17  Q=         1.0000 1e-30 m^2  Cq=        -1.8330 MHz  eta= 0.89993

     Cl  18    Vxx=    0.3605    axis=(  0.778793 -0.621656 -0.083816)
     Cl  18    Vyy=    2.3002    axis=( -0.421673 -0.419906 -0.803661)
     Cl  18    Vzz=   -2.6607    axis=(  0.464406  0.661228 -0.589156)
     Cl  18  Q=        -8.1650 1e-30 m^2  Cq=        51.0447 MHz  eta= 0.72900

     H   19    Vxx=   -0.0460    axis=(  0.015474  0.513790  0.857776)
     H   19    Vyy=   -0.4357    axis=(  0.957416  0.239739 -0.160870)
     H   19    Vzz=    0.4817    axis=( -0.288296  0.823738 -0.488201)
     H   19  Q=         1.0000 1e-30 m^2  Cq=         1.1318 MHz  eta= 0.80894

     C   20    Vxx=    0.1487    axis=( -0.193484  0.432543  0.880608)
     C   20    Vyy=    0.6899    axis=(  0.782855  0.609072 -0.127162)
     C   20    Vzz=   -0.8386    axis=( -0.591356  0.664785 -0.456464)
     C   20  Q=         1.0000 1e-30 m^2  Cq=        -1.9703 MHz  eta= 0.64531

     H   21    Vxx=    0.0291    axis=(  0.021511  0.985862 -0.166175)
     H   21    Vyy=    0.6538    axis=( -0.895396 -0.054943 -0.441868)
     H   21    Vzz=   -0.6829    axis=( -0.444750  0.158297  0.881555)
     H   21  Q=         1.0000 1e-30 m^2  Cq=        -1.6045 MHz  eta= 0.91467

     C   22    Vxx=   -0.1180    axis=(  0.735406 -0.630289  0.248825)
     C   22    Vyy=   -0.3010    axis=(  0.417711  0.710796  0.565939)
     C   22    Vzz=    0.4190    axis=( -0.533569 -0.312258  0.786002)
     C   22  Q=         1.0000 1e-30 m^2  Cq=         0.9846 MHz  eta= 0.43660

     C   23    Vxx=    0.0786    axis=( -0.243235  0.404009  0.881824)
     C   23    Vyy=    0.8525    axis=( -0.834033 -0.551255  0.022505)
     C   23    Vzz=   -0.9312    axis=(  0.495202 -0.729997  0.471042)
     C   23  Q=         1.0000 1e-30 m^2  Cq=        -2.1879 MHz  eta= 0.83112

     Cl  24    Vxx=   -0.6102    axis=(  0.678983  0.611427  0.406373)
     Cl  24    Vyy=   -2.2861    axis=(  0.618040 -0.774796  0.133109)
     Cl  24    Vzz=    2.8963    axis=( -0.396242 -0.160777  0.903960)
     Cl  24  Q=        -8.1650 1e-30 m^2  Cq=       -55.5631 MHz  eta= 0.57864

     Initialization:
     gipaw_setup  :      9.24s CPU     10.87s WALL (       1 calls)

     Linear response

     Apply operators

     Induced current

     Other routines
     efg          :      9.05s CPU     11.75s WALL (       1 calls)

     General routines
     calbec       :      3.18s CPU      4.44s WALL (      16 calls)
     fft          :      1.54s CPU      2.09s WALL (      15 calls)
     ffts         :      0.02s CPU      0.03s WALL (       2 calls)
     fftw         :      3.11s CPU      4.03s WALL (     672 calls)
     davcio       :      0.02s CPU      0.34s WALL (      32 calls)

     Parallel routines
     fft_scatter  :      2.02s CPU      3.38s WALL (     689 calls)

     Plugins

     GIPAW        :     60.43s CPU     74.11s WALL (       1 calls)
