
     Program QE v.6.0 (svn rev. 13079) starts on 17Jan2017 at 18:21:52 

     This program is part of the open-source Quantum ESPRESSO suite
     for quantum simulation of materials; please cite
         "P. Giannozzi et al., J. Phys.:Condens. Matter 21 395502 (2009);
          URL http://www.quantum-espresso.org", 
     in publications or presentations arising from this work. More details at
     http://www.quantum-espresso.org/quote

     Parallel version (MPI), running on     8 processors
     R & G space division:  proc/nbgrp/npool/nimage =       8

     ***** This is GIPAW svn revision unknown      *****

     Parallelizing q-star over 1 images

     Reading data from directory:
     /users/majewski/paradichlorobenzene/pbe/9_constraint/scratch/pbe.ecut100.np8.dt60.pcl2phi-129368.save
     Message from routine read_xml_file:
     file /users/majewski/paradichlorobenzene/pbe/9_constraint/scratch/pbe.ecut100.np8.dt60.pcl2phi-129368.save not guaranteed to be safe for post-processing

   Info: using nr1, nr2, nr3 values from input

   Info: using nr1, nr2, nr3 values from input

     IMPORTANT: XC functional enforced from input :
     Exchange-correlation      =  SLA  PW   PBX  PBC ( 1  4  3  4 0 0)
     Any further DFT definition will be discarded
     Please, verify this is what you really want

               file C.pbe-n-kjpaw_psl.1.0.0.UPF: wavefunction(s)  2S 2P renormalized
               file Cl.pbe-n-kjpaw_psl.1.0.0.UPF: wavefunction(s)  3S 3P renormalized
               file H.pbe-kjpaw_psl.1.0.0.UPF: wavefunction(s)  1S renormalized

     Parallelization info
     --------------------
     sticks:   dense  smooth     PW     G-vecs:    dense   smooth      PW
     Min        3057    1223    332               144436    36536    5170
     Max        3059    1225    333               144437    36537    5171
     Sum       24467    9791   2657              1155489   292295   41363


     Subspace diagonalization in iterative solution of the eigenvalue problem:
     a serial algorithm will be used

     GIPAW projectors -----------------------------------------------
     atom=  C    l=0  rc=    1.2000  rs=    0.8000
     atom=  C    l=0  rc=    1.2000  rs=    0.8000
     atom=  C    l=1  rc=    1.4000  rs=    0.9333
     atom=  C    l=1  rc=    1.4000  rs=    0.9333
     projs nearly linearly dependent: l=1  n1,n2= 1, 2  s=  0.99951561

     atom=  Cl   l=0  rc=    1.6000  rs=    1.0667
     atom=  Cl   l=0  rc=    1.6000  rs=    1.0667
     atom=  Cl   l=1  rc=    1.6000  rs=    1.0667
     atom=  Cl   l=1  rc=    1.6000  rs=    1.0667
     atom=  Cl   l=2  rc=    1.6000  rs=    1.0667
     atom=  Cl   l=2  rc=    1.6000  rs=    1.0667
     projs nearly linearly dependent: l=2  n1,n2= 1, 2  s=  0.99993509

     atom=  H    l=0  rc=    1.0000  rs=    0.6667
     atom=  H    l=0  rc=    1.0000  rs=    0.6667
     projs nearly linearly dependent: l=0  n1,n2= 1, 2  s=  0.99968852
     -----------------------------------------------------------------

     GIPAW integrals: -------------------------------------------
     Atom  i/j   nmr_para   nmr_dia   epr_rmc  epr_para   epr_dia
       C   1 1   0.83E+03  0.17E-01  0.93E+01  0.24E+08  0.24E+03
       C   2 1   0.86E+03 -0.61E-01  0.94E+01  0.25E+08  0.25E+03
       C   2 2   0.90E+03 -0.15E+00  0.97E+01  0.26E+08  0.26E+03
       C   3 3   0.33E+01  0.34E+00  0.18E+01  0.55E+03  0.21E+02
       C   4 3   0.35E+01  0.37E+00  0.20E+01  0.59E+03  0.22E+02
       C   4 4   0.38E+01  0.39E+00  0.22E+01  0.63E+03  0.24E+02
       Cl  1 1   0.14E+04 -0.47E+00  0.84E+01  0.32E+09  0.42E+03
       Cl  2 1   0.21E+04 -0.37E+00  0.12E+02  0.49E+09  0.65E+03
       Cl  2 2   0.33E+04 -0.16E+00  0.21E+02  0.76E+09  0.10E+04
       Cl  3 3   0.21E+02  0.79E-01  0.89E+01  0.23E+05  0.13E+03
       Cl  4 3   0.24E+02  0.67E-01  0.99E+01  0.27E+05  0.15E+03
       Cl  4 4   0.28E+02  0.44E-01  0.11E+02  0.32E+05  0.18E+03
       Cl  5 5   0.77E+00  0.19E+00  0.18E+01  0.12E+03  0.22E+02
       Cl  6 5   0.80E+00  0.19E+00  0.19E+01  0.12E+03  0.23E+02
       Cl  6 6   0.83E+00  0.20E+00  0.19E+01  0.12E+03  0.23E+02
       H   1 1   0.39E+02  0.19E+00  0.29E+00  0.78E+05  0.13E+02
       H   2 1   0.41E+02  0.21E+00  0.32E+00  0.82E+05  0.14E+02
       H   2 2   0.43E+02  0.22E+00  0.36E+00  0.86E+05  0.15E+02
     ------------------------------------------------------------

     alpha_pv=     33.8103 eV

     Number of occupied bands for each k-point:
     k-point:     1    nbnd_occ=  42
     k-point:     2    nbnd_occ=  42
     k-point:     3    nbnd_occ=  42
     k-point:     4    nbnd_occ=  42
     k-point:     5    nbnd_occ=  42
     k-point:     6    nbnd_occ=  42
     k-point:     7    nbnd_occ=  42
     k-point:     8    nbnd_occ=  42
     k-point:     9    nbnd_occ=  42
     k-point:    10    nbnd_occ=  42
     k-point:    11    nbnd_occ=  42
     k-point:    12    nbnd_occ=  42
     k-point:    13    nbnd_occ=  42
     k-point:    14    nbnd_occ=  42
     k-point:    15    nbnd_occ=  42
     k-point:    16    nbnd_occ=  42


     q-space interpolation up to   110.00 Rydberg

     GIPAW job: efg                                                                             


     ELECTRIC FIELD GRADIENTS TENSORS IN Hartree/bohrradius^2:

     ----- bare term -----
     Cl   1       -0.148383        0.322628       -0.012075
     Cl   1        0.322628       -0.032838       -0.088758
     Cl   1       -0.012075       -0.088758        0.181222

     C    2        0.049331       -0.147718       -0.301451
     C    2       -0.147718       -0.208090       -0.499622
     C    2       -0.301451       -0.499622        0.158759

     C    3       -0.546455        0.442398       -0.313098
     C    3        0.442398        0.153687       -0.105491
     C    3       -0.313098       -0.105491        0.392768

     H    4        0.066246       -0.033665       -0.232721
     H    4       -0.033665        0.199131       -0.511382
     H    4       -0.232721       -0.511382       -0.265376

     C    5       -0.078718       -0.339800       -0.483181
     C    5       -0.339800       -0.061132       -0.518257
     C    5       -0.483181       -0.518257        0.139850

     H    6       -0.010154        0.290100        0.190497
     H    6        0.290100       -0.147897       -0.403399
     H    6        0.190497       -0.403399        0.158051

     H    7        0.361017        0.045421       -0.011952
     H    7        0.045421       -0.463785        0.585878
     H    7       -0.011952        0.585878        0.102768

     C    8       -0.749292       -0.407054       -0.417057
     C    8       -0.407054        0.424566        0.192493
     C    8       -0.417057        0.192493        0.324726

     H    9       -0.094750        0.143779       -0.460453
     H    9        0.143779        0.375338       -0.050614
     H    9       -0.460453       -0.050614       -0.280589

     C   10        0.037586       -0.257469       -0.138155
     C   10       -0.257469       -0.079142        0.601198
     C   10       -0.138155        0.601198        0.041555

     C   11       -0.434948       -0.366494       -0.412499
     C   11       -0.366494        0.203694        0.278706
     C   11       -0.412499        0.278706        0.231254

     Cl  12        0.011982       -0.015210        0.000873
     Cl  12       -0.015210       -0.037225       -0.079413
     Cl  12        0.000873       -0.079413        0.025243

     H   13        0.168279       -0.074011        0.375556
     H   13       -0.074011        0.073367       -0.313895
     H   13        0.375556       -0.313895       -0.241646

     C   14       -0.631301        0.342291       -0.358629
     C   14        0.342291        0.398291       -0.119758
     C   14       -0.358629       -0.119758        0.233011

     H   15        0.160955       -0.058570       -0.318614
     H   15       -0.058570        0.303993        0.237341
     H   15       -0.318614        0.237341       -0.464949

     C   16        0.146634        0.224780       -0.034615
     C   16        0.224780       -0.133262       -0.374438
     C   16       -0.034615       -0.374438       -0.013372

     C   17       -0.369113        0.316312       -0.145022
     C   17        0.316312       -0.051722       -0.448039
     C   17       -0.145022       -0.448039        0.420835

     Cl  18        0.168529       -0.073094        0.028855
     Cl  18       -0.073094       -0.043985        0.013077
     Cl  18        0.028855        0.013077       -0.124543

     H   19        0.358283        0.345050       -0.056171
     H   19        0.345050       -0.689680        0.328645
     H   19       -0.056171        0.328645        0.331397

     C   20       -0.128452       -0.130955       -0.202939
     C   20       -0.130955        0.030875        0.477687
     C   20       -0.202939        0.477687        0.097577

     H   21       -0.432420        0.539172       -0.033228
     H   21        0.539172        0.103072       -0.061666
     H   21       -0.033228       -0.061666        0.329348

     C   22       -0.592888       -0.392671       -0.284117
     C   22       -0.392671        0.275673        0.264420
     C   22       -0.284117        0.264420        0.317216

     C   23       -0.036553        0.008389       -0.272288
     C   23        0.008389        0.009637        0.628165
     C   23       -0.272288        0.628165        0.026916

     Cl  24       -0.085168       -0.123154        0.078627
     Cl  24       -0.123154        0.011161       -0.136763
     Cl  24        0.078627       -0.136763        0.074007

     ----- ionic term -----
     Cl   1        0.151155       -0.202367        0.063236
     Cl   1       -0.202367       -0.015026       -0.029316
     Cl   1        0.063236       -0.029316       -0.136128

     C    2        0.114280       -0.264578        0.372010
     C    2       -0.264578        0.001913        0.344447
     C    2        0.372010        0.344447       -0.116193

     C    3        0.159928       -0.289803        0.248833
     C    3       -0.289803        0.055868        0.319846
     C    3        0.248833        0.319846       -0.215797

     H    4        0.396422        0.210030        0.814298
     H    4        0.210030       -0.481174        0.244339
     H    4        0.814298        0.244339        0.084753

     C    5        0.215340       -0.213622        0.297505
     C    5       -0.213622       -0.038843        0.328102
     C    5        0.297505        0.328102       -0.176497

     H    6       -0.489935       -0.174813       -0.121517
     H    6       -0.174813        0.499727        0.758088
     H    6       -0.121517        0.758088       -0.009792

     H    7       -0.512673       -0.066735        0.045302
     H    7       -0.066735        0.726381       -0.654058
     H    7        0.045302       -0.654058       -0.213708

     C    8        0.246938        0.136670        0.358865
     C    8        0.136670        0.096943       -0.267857
     C    8        0.358865       -0.267857       -0.343881

     H    9        0.435410       -0.420048        0.702797
     H    9       -0.420048       -0.297419       -0.350570
     H    9        0.702797       -0.350570       -0.137990

     C   10        0.058797        0.199635        0.248997
     C   10        0.199635        0.240091       -0.368236
     C   10        0.248997       -0.368236       -0.298887

     C   11        0.165904        0.226348        0.345797
     C   11        0.226348        0.134406       -0.350455
     C   11        0.345797       -0.350455       -0.300310

     Cl  12        0.144568        0.246904        0.058830
     Cl  12        0.246904        0.016736        0.027224
     Cl  12        0.058830        0.027224       -0.161304

     H   13       -0.514439       -0.193786       -0.110869
     H   13       -0.193786        0.489615        0.758669
     H   13       -0.110869        0.758669        0.024824

     C   14        0.157064       -0.318818        0.337699
     C   14       -0.318818       -0.043106        0.284390
     C   14        0.337699        0.284390       -0.113958

     H   15        0.295899        0.221130        0.783340
     H   15        0.221130       -0.479593        0.280394
     H   15        0.783340        0.280394        0.183693

     C   16        0.063814       -0.393487        0.184341
     C   16       -0.393487        0.042217        0.407975
     C   16        0.184341        0.407975       -0.106031

     C   17        0.129345       -0.246880        0.203653
     C   17       -0.246880       -0.045222        0.520041
     C   17        0.203653        0.520041       -0.084123

     Cl  18        0.197651       -0.214894       -0.003034
     Cl  18       -0.214894       -0.068308       -0.001414
     Cl  18       -0.003034       -0.001414       -0.129343

     H   19       -0.498849       -0.154906        0.108658
     H   19       -0.154906        0.588546       -0.706282
     H   19        0.108658       -0.706282       -0.089697

     C   20        0.242495        0.152856        0.306857
     C   20        0.152856        0.031280       -0.305267
     C   20        0.306857       -0.305267       -0.273776

     H   21        0.820516       -0.334052        0.477545
     H   21       -0.334052       -0.432611       -0.188542
     H   21        0.477545       -0.188542       -0.387906

     C   22        0.201093        0.181141        0.170245
     C   22        0.181141        0.191482       -0.350253
     C   22        0.170245       -0.350253       -0.392575

     C   23        0.186994        0.060670        0.362344
     C   23        0.060670        0.133544       -0.370029
     C   23        0.362344       -0.370029       -0.320538

     Cl  24        0.099220        0.176840        0.034861
     Cl  24        0.176840        0.043138        0.022155
     Cl  24        0.034861        0.022155       -0.142358

     ----- GIPAW term -----
     Cl   1       -1.195557       -0.391376       -0.078649
     Cl   1       -0.391376        0.415325        1.991940
     Cl   1       -0.078649        1.991940        0.780231

     C    2       -0.075188       -0.128627       -0.045580
     C    2       -0.128627        0.143781        0.139645
     C    2       -0.045580        0.139645       -0.068593

     C    3       -0.045440       -0.082036       -0.082999
     C    3       -0.082036        0.084404        0.068858
     C    3       -0.082999        0.068858       -0.038964

     H    4       -0.000000        0.000000        0.000000
     H    4        0.000000        0.000000        0.000000
     H    4        0.000000        0.000000        0.000000

     C    5        0.036648       -0.187627       -0.090911
     C    5       -0.187627        0.038245       -0.020811
     C    5       -0.090911       -0.020811       -0.074893

     H    6       -0.000000        0.000000        0.000000
     H    6        0.000000        0.000000        0.000000
     H    6        0.000000        0.000000        0.000000

     H    7       -0.000000        0.000000        0.000000
     H    7        0.000000        0.000000        0.000000
     H    7        0.000000        0.000000        0.000000

     C    8       -0.189325       -0.149999       -0.052815
     C    8       -0.149999        0.255206        0.001748
     C    8       -0.052815        0.001748       -0.065880

     H    9       -0.000000        0.000000        0.000000
     H    9        0.000000        0.000000        0.000000
     H    9        0.000000        0.000000        0.000000

     C   10       -0.090272       -0.088350       -0.043940
     C   10       -0.088350        0.165547        0.182213
     C   10       -0.043940        0.182213       -0.075276

     C   11       -0.102187       -0.079196       -0.086024
     C   11       -0.079196        0.201102        0.131213
     C   11       -0.086024        0.131213       -0.098915

     Cl  12       -0.130143        0.183794       -1.110846
     Cl  12        0.183794        0.416831        1.839441
     Cl  12       -1.110846        1.839441       -0.286688

     H   13       -0.000000        0.000000        0.000000
     H   13        0.000000        0.000000        0.000000
     H   13        0.000000        0.000000        0.000000

     C   14       -0.118424        0.126772       -0.055081
     C   14        0.126772        0.182817       -0.051896
     C   14       -0.055081       -0.051896       -0.064393

     H   15       -0.000000        0.000000        0.000000
     H   15        0.000000        0.000000        0.000000
     H   15        0.000000        0.000000        0.000000

     C   16       -0.027505        0.064369       -0.027601
     C   16        0.064369        0.064767       -0.096750
     C   16       -0.027601       -0.096750       -0.037263

     C   17       -0.046294       -0.150772        0.057051
     C   17       -0.150772        0.081934       -0.172838
     C   17        0.057051       -0.172838       -0.035639

     Cl  18        3.022405       -2.419682        0.411097
     Cl  18       -2.419682       -0.663213        0.007663
     Cl  18        0.411097        0.007663       -2.359192

     H   19       -0.000000        0.000000        0.000000
     H   19        0.000000        0.000000        0.000000
     H   19        0.000000        0.000000        0.000000

     C   20       -0.102339       -0.072223       -0.018097
     C   20       -0.072223        0.248206        0.115562
     C   20       -0.018097        0.115562       -0.145866

     H   21       -0.000000        0.000000        0.000000
     H   21        0.000000        0.000000        0.000000
     H   21        0.000000        0.000000        0.000000

     C   22       -0.195654       -0.143212       -0.075738
     C   22       -0.143212        0.271068        0.075671
     C   22       -0.075738        0.075671       -0.075413

     C   23       -0.032547        0.064755       -0.036935
     C   23        0.064755        0.224060        0.071058
     C   23       -0.036935        0.071058       -0.191513

     Cl  24        0.685551        1.131280        0.816251
     Cl  24        1.131280        0.165138       -1.261781
     Cl  24        0.816251       -1.261781       -0.850688

     ----- total EFG -----
     Cl   1       -1.192785       -0.271115       -0.027488
     Cl   1       -0.271115        0.367461        1.873866
     Cl   1       -0.027488        1.873866        0.825325

     C    2        0.088423       -0.540923        0.024979
     C    2       -0.540923       -0.062396       -0.015531
     C    2        0.024979       -0.015531       -0.026027

     C    3       -0.431966        0.070558       -0.147265
     C    3        0.070558        0.293959        0.283213
     C    3       -0.147265        0.283213        0.138007

     H    4        0.462668        0.176366        0.581577
     H    4        0.176366       -0.282044       -0.267042
     H    4        0.581577       -0.267042       -0.180624

     C    5        0.173270       -0.741048       -0.276587
     C    5       -0.741048       -0.061730       -0.210966
     C    5       -0.276587       -0.210966       -0.111540

     H    6       -0.500090        0.115287        0.068980
     H    6        0.115287        0.351831        0.354689
     H    6        0.068980        0.354689        0.148259

     H    7       -0.151656       -0.021314        0.033349
     H    7       -0.021314        0.262595       -0.068180
     H    7        0.033349       -0.068180       -0.110939

     C    8       -0.691679       -0.420383       -0.111006
     C    8       -0.420383        0.776714       -0.073616
     C    8       -0.111006       -0.073616       -0.085035

     H    9        0.340660       -0.276269        0.242343
     H    9       -0.276269        0.077919       -0.401184
     H    9        0.242343       -0.401184       -0.418579

     C   10        0.006112       -0.146184        0.066902
     C   10       -0.146184        0.326496        0.415176
     C   10        0.066902        0.415176       -0.332608

     C   11       -0.371231       -0.219342       -0.152727
     C   11       -0.219342        0.539202        0.059464
     C   11       -0.152727        0.059464       -0.167971

     Cl  12        0.026407        0.415488       -1.051143
     Cl  12        0.415488        0.396342        1.787252
     Cl  12       -1.051143        1.787252       -0.422749

     H   13       -0.346160       -0.267797        0.264687
     H   13       -0.267797        0.562982        0.444775
     H   13        0.264687        0.444775       -0.216822

     C   14       -0.592661        0.150246       -0.076011
     C   14        0.150246        0.538002        0.112736
     C   14       -0.076011        0.112736        0.054659

     H   15        0.456855        0.162559        0.464726
     H   15        0.162559       -0.175599        0.517735
     H   15        0.464726        0.517735       -0.281255

     C   16        0.182943       -0.104337        0.122125
     C   16       -0.104337       -0.026278       -0.063212
     C   16        0.122125       -0.063212       -0.156665

     C   17       -0.286063       -0.081340        0.115682
     C   17       -0.081340       -0.015010       -0.100837
     C   17        0.115682       -0.100837        0.301073

     Cl  18        3.388585       -2.707670        0.436917
     Cl  18       -2.707670       -0.775507        0.019327
     Cl  18        0.436917        0.019327       -2.613078

     H   19       -0.140566        0.190144        0.052487
     H   19        0.190144       -0.101134       -0.377637
     H   19        0.052487       -0.377637        0.241700

     C   20        0.011704       -0.050322        0.085821
     C   20       -0.050322        0.310361        0.287982
     C   20        0.085821        0.287982       -0.322064

     H   21        0.388096        0.205121        0.444317
     H   21        0.205121       -0.329538       -0.250209
     H   21        0.444317       -0.250209       -0.058558

     C   22       -0.587449       -0.354741       -0.189610
     C   22       -0.354741        0.738223       -0.010162
     C   22       -0.189610       -0.010162       -0.150773

     C   23        0.117894        0.133815        0.053121
     C   23        0.133815        0.367242        0.329194
     C   23        0.053121        0.329194       -0.485135

     Cl  24        0.699603        1.184966        0.929739
     Cl  24        1.184966        0.219437       -1.376389
     Cl  24        0.929739       -1.376389       -0.919040

     ----- total EFG (symmetrized) -----
     Cl   1       -1.192785       -0.271115       -0.027488
     Cl   1       -0.271115        0.367461        1.873866
     Cl   1       -0.027488        1.873866        0.825325

     C    2        0.088423       -0.540923        0.024979
     C    2       -0.540923       -0.062396       -0.015531
     C    2        0.024979       -0.015531       -0.026027

     C    3       -0.431966        0.070558       -0.147265
     C    3        0.070558        0.293959        0.283213
     C    3       -0.147265        0.283213        0.138007

     H    4        0.462668        0.176366        0.581577
     H    4        0.176366       -0.282044       -0.267042
     H    4        0.581577       -0.267042       -0.180624

     C    5        0.173270       -0.741048       -0.276587
     C    5       -0.741048       -0.061730       -0.210966
     C    5       -0.276587       -0.210966       -0.111540

     H    6       -0.500090        0.115287        0.068980
     H    6        0.115287        0.351831        0.354689
     H    6        0.068980        0.354689        0.148259

     H    7       -0.151656       -0.021314        0.033349
     H    7       -0.021314        0.262595       -0.068180
     H    7        0.033349       -0.068180       -0.110939

     C    8       -0.691679       -0.420383       -0.111006
     C    8       -0.420383        0.776714       -0.073616
     C    8       -0.111006       -0.073616       -0.085035

     H    9        0.340660       -0.276269        0.242343
     H    9       -0.276269        0.077919       -0.401184
     H    9        0.242343       -0.401184       -0.418579

     C   10        0.006112       -0.146184        0.066902
     C   10       -0.146184        0.326496        0.415176
     C   10        0.066902        0.415176       -0.332608

     C   11       -0.371231       -0.219342       -0.152727
     C   11       -0.219342        0.539202        0.059464
     C   11       -0.152727        0.059464       -0.167971

     Cl  12        0.026407        0.415488       -1.051143
     Cl  12        0.415488        0.396342        1.787252
     Cl  12       -1.051143        1.787252       -0.422749

     H   13       -0.346160       -0.267797        0.264687
     H   13       -0.267797        0.562982        0.444775
     H   13        0.264687        0.444775       -0.216822

     C   14       -0.592661        0.150246       -0.076011
     C   14        0.150246        0.538002        0.112736
     C   14       -0.076011        0.112736        0.054659

     H   15        0.456855        0.162559        0.464726
     H   15        0.162559       -0.175599        0.517735
     H   15        0.464726        0.517735       -0.281255

     C   16        0.182943       -0.104337        0.122125
     C   16       -0.104337       -0.026278       -0.063212
     C   16        0.122125       -0.063212       -0.156665

     C   17       -0.286063       -0.081340        0.115682
     C   17       -0.081340       -0.015010       -0.100837
     C   17        0.115682       -0.100837        0.301073

     Cl  18        3.388585       -2.707670        0.436917
     Cl  18       -2.707670       -0.775507        0.019327
     Cl  18        0.436917        0.019327       -2.613078

     H   19       -0.140566        0.190144        0.052487
     H   19        0.190144       -0.101134       -0.377637
     H   19        0.052487       -0.377637        0.241700

     C   20        0.011704       -0.050322        0.085821
     C   20       -0.050322        0.310361        0.287982
     C   20        0.085821        0.287982       -0.322064

     H   21        0.388096        0.205121        0.444317
     H   21        0.205121       -0.329538       -0.250209
     H   21        0.444317       -0.250209       -0.058558

     C   22       -0.587449       -0.354741       -0.189610
     C   22       -0.354741        0.738223       -0.010162
     C   22       -0.189610       -0.010162       -0.150773

     C   23        0.117894        0.133815        0.053121
     C   23        0.133815        0.367242        0.329194
     C   23        0.053121        0.329194       -0.485135

     Cl  24        0.699603        1.184966        0.929739
     Cl  24        1.184966        0.219437       -1.376389
     Cl  24        0.929739       -1.376389       -0.919040


     NQR/NMR SPECTROSCOPIC PARAMETERS:
     Cl   1    Vxx=   -1.0579    axis=( -0.783415  0.434804 -0.444080)
     Cl   1    Vyy=   -1.4372    axis=( -0.619117 -0.608480  0.496433)
     Cl   1    Vzz=    2.4951    axis=( -0.054363  0.663850  0.745887)
     Cl   1  Q=        -8.1650 1e-30 m^2  Cq=       -47.8672 MHz  eta= 0.15202

     C    2    Vxx=   -0.0274    axis=( -0.031226  0.039433  0.998734)
     C    2    Vyy=   -0.5332    axis=( -0.656635 -0.754152  0.009247)
     C    2    Vzz=    0.5606    axis=(  0.753562 -0.655515  0.049442)
     C    2  Q=         1.0000 1e-30 m^2  Cq=         1.3172 MHz  eta= 0.90217

     C    3    Vxx=   -0.0165    axis=( -0.357555 -0.583706  0.729001)
     C    3    Vyy=   -0.4944    axis=( -0.933167  0.192550 -0.303520)
     C    3    Vzz=    0.5110    axis=(  0.036797 -0.788804 -0.613542)
     C    3  Q=         1.0000 1e-30 m^2  Cq=         1.2005 MHz  eta= 0.93530

     H    4    Vxx=   -0.0613    axis=(  0.275560  0.822419 -0.497689)
     H    4    Vyy=   -0.7445    axis=( -0.422960  0.568655  0.705505)
     H    4    Vzz=    0.8059    axis=(  0.863233  0.016094  0.504549)
     H    4  Q=         1.0000 1e-30 m^2  Cq=         1.8935 MHz  eta= 0.84775

     C    5    Vxx=    0.0391    axis=( -0.206351 -0.374731  0.903878)
     C    5    Vyy=    0.8124    axis=( -0.770119  0.632047  0.086220)
     C    5    Vzz=   -0.8515    axis=( -0.603603 -0.678302 -0.419011)
     C    5  Q=         1.0000 1e-30 m^2  Cq=        -2.0007 MHz  eta= 0.90824

     H    6    Vxx=   -0.1185    axis=( -0.035158 -0.596261  0.802020)
     H    6    Vyy=   -0.5163    axis=( -0.992517  0.114730  0.041786)
     H    6    Vzz=    0.6348    axis=( -0.116931 -0.794550 -0.595833)
     H    6  Q=         1.0000 1e-30 m^2  Cq=         1.4915 MHz  eta= 0.62677

     H    7    Vxx=   -0.1054    axis=(  0.517142  0.184798  0.835712)
     H    7    Vyy=   -0.1710    axis=(  0.853593 -0.039720 -0.519424)
     H    7    Vzz=    0.2763    axis=(  0.062794 -0.981974  0.178283)
     H    7  Q=         1.0000 1e-30 m^2  Cq=         0.6493 MHz  eta= 0.23731

     C    8    Vxx=   -0.0654    axis=( -0.174009 -0.000780  0.984744)
     C    8    Vyy=   -0.8251    axis=(  0.951513  0.257459  0.168341)
     C    8    Vzz=    0.8904    axis=( -0.253662  0.966289 -0.044057)
     C    8  Q=         1.0000 1e-30 m^2  Cq=         2.0921 MHz  eta= 0.85319

     H    9    Vxx=   -0.0342    axis=(  0.680067  0.678036 -0.278885)
     H    9    Vyy=   -0.6491    axis=(  0.090023 -0.454741 -0.886062)
     H    9    Vzz=    0.6833    axis=( -0.727603  0.577475 -0.370293)
     H    9  Q=         1.0000 1e-30 m^2  Cq=         1.6054 MHz  eta= 0.89999

     C   10    Vxx=    0.0137    axis=(  0.957310  0.077909  0.278368)
     C   10    Vyy=    0.5470    axis=( -0.191058  0.893193  0.407066)
     C   10    Vzz=   -0.5606    axis=( -0.216922 -0.442873  0.869948)
     C   10  Q=         1.0000 1e-30 m^2  Cq=        -1.3173 MHz  eta= 0.95124

     C   11    Vxx=   -0.1190    axis=( -0.370194 -0.205205  0.906006)
     C   11    Vyy=   -0.4815    axis=( -0.898297 -0.169415 -0.405416)
     C   11    Vzz=    0.6006    axis=(  0.236684 -0.963945 -0.121618)
     C   11  Q=         1.0000 1e-30 m^2  Cq=         1.4111 MHz  eta= 0.60359

     Cl  12    Vxx=    0.4545    axis=( -0.884208 -0.425941  0.191705)
     Cl  12    Vyy=    1.8906    axis=(  0.207709 -0.726160 -0.655400)
     Cl  12    Vzz=   -2.3450    axis=(  0.418370 -0.539691  0.730548)
     Cl  12  Q=        -8.1650 1e-30 m^2  Cq=        44.9885 MHz  eta= 0.61241

     H   13    Vxx=   -0.0410    axis=( -0.726212  0.168765 -0.666435)
     H   13    Vyy=   -0.7412    axis=( -0.675048 -0.358512  0.644809)
     H   13    Vzz=    0.7822    axis=( -0.130104  0.918143  0.374280)
     H   13  Q=         1.0000 1e-30 m^2  Cq=         1.8380 MHz  eta= 0.89510

     C   14    Vxx=    0.0466    axis=( -0.156721 -0.175079  0.972001)
     C   14    Vyy=    0.5778    axis=( -0.112529 -0.974588 -0.193689)
     C   14    Vzz=   -0.6244    axis=(  0.981211 -0.139733  0.133037)
     C   14  Q=         1.0000 1e-30 m^2  Cq=        -1.4670 MHz  eta= 0.85070

     H   15    Vxx=   -0.0354    axis=(  0.592229 -0.711323 -0.378530)
     H   15    Vyy=   -0.8001    axis=(  0.211554  0.590558 -0.778772)
     H   15    Vzz=    0.8355    axis=(  0.777502  0.381132  0.500229)
     H   15  Q=         1.0000 1e-30 m^2  Cq=         1.9632 MHz  eta= 0.91519

     C   16    Vxx=   -0.0685    axis=(  0.413839  0.907078 -0.077117)
     C   16    Vyy=   -0.2016    axis=( -0.248688  0.194135  0.948929)
     C   16    Vzz=    0.2701    axis=(  0.875723 -0.373526  0.305920)
     C   16  Q=         1.0000 1e-30 m^2  Cq=         0.6346 MHz  eta= 0.49275

     C   17    Vxx=   -0.0374    axis=( -0.151601  0.931930  0.329428)
     C   17    Vyy=   -0.3211    axis=(  0.966988  0.208893 -0.145940)
     C   17    Vzz=    0.3585    axis=(  0.204821 -0.296428  0.932834)
     C   17  Q=         1.0000 1e-30 m^2  Cq=         0.8424 MHz  eta= 0.79123

     Cl  18    Vxx=   -2.0353    axis=( -0.399989 -0.854650 -0.331033)
     Cl  18    Vyy=   -2.7069    axis=( -0.190117 -0.275958  0.942180)
     Cl  18    Vzz=    4.7422    axis=( -0.896585  0.439797 -0.052103)
     Cl  18  Q=        -8.1650 1e-30 m^2  Cq=       -90.9758 MHz  eta= 0.14163

     H   19    Vxx=   -0.0333    axis=(  0.851538  0.380805  0.360376)
     H   19    Vyy=   -0.4576    axis=( -0.514782  0.737597  0.436978)
     H   19    Vzz=    0.4909    axis=( -0.099409 -0.557619  0.824123)
     H   19  Q=         1.0000 1e-30 m^2  Cq=         1.1534 MHz  eta= 0.86424

     C   20    Vxx=    0.0318    axis=(  0.977667 -0.037214  0.206838)
     C   20    Vyy=    0.4225    axis=( -0.039882  0.933461  0.356455)
     C   20    Vzz=   -0.4543    axis=( -0.206341 -0.356744  0.911130)
     C   20  Q=         1.0000 1e-30 m^2  Cq=        -1.0673 MHz  eta= 0.86010

     H   21    Vxx=   -0.0118    axis=( -0.332051 -0.706487  0.624994)
     H   21    Vyy=   -0.6524    axis=(  0.391254 -0.706059 -0.590255)
     H   21    Vzz=    0.6642    axis=(  0.858291  0.048537  0.510863)
     H   21  Q=         1.0000 1e-30 m^2  Cq=         1.5605 MHz  eta= 0.96451

     C   22    Vxx=   -0.0927    axis=( -0.285708 -0.110336  0.951944)
     C   22    Vyy=   -0.7359    axis=(  0.925775  0.224884  0.303919)
     C   22    Vzz=    0.8286    axis=( -0.247610  0.968118  0.037895)
     C   22  Q=         1.0000 1e-30 m^2  Cq=         1.9468 MHz  eta= 0.77627

     C   23    Vxx=    0.0678    axis=(  0.944051 -0.315217 -0.096979)
     C   23    Vyy=    0.5298    axis=(  0.329642  0.892848  0.306853)
     C   23    Vzz=   -0.5975    axis=( -0.010138 -0.321654  0.946803)
     C   23  Q=         1.0000 1e-30 m^2  Cq=        -1.4040 MHz  eta= 0.77322

     Cl  24    Vxx=    0.8093    axis=( -0.550301  0.483281 -0.680888)
     Cl  24    Vyy=    1.6841    axis=( -0.724512 -0.681720  0.101687)
     Cl  24    Vzz=   -2.4934    axis=( -0.415031  0.549270  0.725294)
     Cl  24  Q=        -8.1650 1e-30 m^2  Cq=        47.8348 MHz  eta= 0.35083

     Initialization:
     gipaw_setup  :      9.25s CPU     10.86s WALL (       1 calls)

     Linear response

     Apply operators

     Induced current

     Other routines
     efg          :      9.36s CPU     11.86s WALL (       1 calls)

     General routines
     calbec       :      3.31s CPU      4.53s WALL (      16 calls)
     fft          :      1.44s CPU      1.86s WALL (      15 calls)
     ffts         :      0.04s CPU      0.04s WALL (       2 calls)
     fftw         :      3.28s CPU      3.97s WALL (     672 calls)
     davcio       :      0.03s CPU      0.30s WALL (      32 calls)

     Parallel routines
     fft_scatter  :      2.12s CPU      2.96s WALL (     689 calls)

     Plugins

     GIPAW        :     60.82s CPU     73.66s WALL (       1 calls)
