
     Program QE v.6.0 (svn rev. 13079) starts on 17Dec2016 at  8:20:39 

     This program is part of the open-source Quantum ESPRESSO suite
     for quantum simulation of materials; please cite
         "P. Giannozzi et al., J. Phys.:Condens. Matter 21 395502 (2009);
          URL http://www.quantum-espresso.org", 
     in publications or presentations arising from this work. More details at
     http://www.quantum-espresso.org/quote

     Parallel version (MPI), running on     8 processors
     R & G space division:  proc/nbgrp/npool/nimage =       8

     ***** This is GIPAW svn revision unknown      *****

     Parallelizing q-star over 1 images

     Reading data from directory:
     /users/majewski/paradichlorobenzene/pbe/9_constraint/scratch/pbe.ecut100.np8.dt60.pcl2phi-129368.save
     Message from routine read_xml_file:
     file /users/majewski/paradichlorobenzene/pbe/9_constraint/scratch/pbe.ecut100.np8.dt60.pcl2phi-129368.save not guaranteed to be safe for post-processing

   Info: using nr1, nr2, nr3 values from input

   Info: using nr1, nr2, nr3 values from input

     IMPORTANT: XC functional enforced from input :
     Exchange-correlation      =  SLA  PW   PBX  PBC ( 1  4  3  4 0 0)
     Any further DFT definition will be discarded
     Please, verify this is what you really want

               file C.pbe-n-kjpaw_psl.1.0.0.UPF: wavefunction(s)  2S 2P renormalized
               file Cl.pbe-n-kjpaw_psl.1.0.0.UPF: wavefunction(s)  3S 3P renormalized
               file H.pbe-kjpaw_psl.1.0.0.UPF: wavefunction(s)  1S renormalized

     Parallelization info
     --------------------
     sticks:   dense  smooth     PW     G-vecs:    dense   smooth      PW
     Min        3057    1223    332               144436    36536    5170
     Max        3059    1225    333               144437    36537    5171
     Sum       24467    9791   2657              1155489   292295   41363


     Subspace diagonalization in iterative solution of the eigenvalue problem:
     a serial algorithm will be used

     GIPAW projectors -----------------------------------------------
     atom=  C    l=0  rc=    1.2000  rs=    0.8000
     atom=  C    l=0  rc=    1.2000  rs=    0.8000
     atom=  C    l=1  rc=    1.4000  rs=    0.9333
     atom=  C    l=1  rc=    1.4000  rs=    0.9333
     projs nearly linearly dependent: l=1  n1,n2= 1, 2  s=  0.99951561

     atom=  Cl   l=0  rc=    1.6000  rs=    1.0667
     atom=  Cl   l=0  rc=    1.6000  rs=    1.0667
     atom=  Cl   l=1  rc=    1.6000  rs=    1.0667
     atom=  Cl   l=1  rc=    1.6000  rs=    1.0667
     atom=  Cl   l=2  rc=    1.6000  rs=    1.0667
     atom=  Cl   l=2  rc=    1.6000  rs=    1.0667
     projs nearly linearly dependent: l=2  n1,n2= 1, 2  s=  0.99993509

     atom=  H    l=0  rc=    1.0000  rs=    0.6667
     atom=  H    l=0  rc=    1.0000  rs=    0.6667
     projs nearly linearly dependent: l=0  n1,n2= 1, 2  s=  0.99968852
     -----------------------------------------------------------------

     GIPAW integrals: -------------------------------------------
     Atom  i/j   nmr_para   nmr_dia   epr_rmc  epr_para   epr_dia
       C   1 1   0.83E+03  0.17E-01  0.93E+01  0.24E+08  0.24E+03
       C   2 1   0.86E+03 -0.61E-01  0.94E+01  0.25E+08  0.25E+03
       C   2 2   0.90E+03 -0.15E+00  0.97E+01  0.26E+08  0.26E+03
       C   3 3   0.33E+01  0.34E+00  0.18E+01  0.55E+03  0.21E+02
       C   4 3   0.35E+01  0.37E+00  0.20E+01  0.59E+03  0.22E+02
       C   4 4   0.38E+01  0.39E+00  0.22E+01  0.63E+03  0.24E+02
       Cl  1 1   0.14E+04 -0.47E+00  0.84E+01  0.32E+09  0.42E+03
       Cl  2 1   0.21E+04 -0.37E+00  0.12E+02  0.49E+09  0.65E+03
       Cl  2 2   0.33E+04 -0.16E+00  0.21E+02  0.76E+09  0.10E+04
       Cl  3 3   0.21E+02  0.79E-01  0.89E+01  0.23E+05  0.13E+03
       Cl  4 3   0.24E+02  0.67E-01  0.99E+01  0.27E+05  0.15E+03
       Cl  4 4   0.28E+02  0.44E-01  0.11E+02  0.32E+05  0.18E+03
       Cl  5 5   0.77E+00  0.19E+00  0.18E+01  0.12E+03  0.22E+02
       Cl  6 5   0.80E+00  0.19E+00  0.19E+01  0.12E+03  0.23E+02
       Cl  6 6   0.83E+00  0.20E+00  0.19E+01  0.12E+03  0.23E+02
       H   1 1   0.39E+02  0.19E+00  0.29E+00  0.78E+05  0.13E+02
       H   2 1   0.41E+02  0.21E+00  0.32E+00  0.82E+05  0.14E+02
       H   2 2   0.43E+02  0.22E+00  0.36E+00  0.86E+05  0.15E+02
     ------------------------------------------------------------

     alpha_pv=     34.0631 eV

     Number of occupied bands for each k-point:
     k-point:     1    nbnd_occ=  42
     k-point:     2    nbnd_occ=  42
     k-point:     3    nbnd_occ=  42
     k-point:     4    nbnd_occ=  42
     k-point:     5    nbnd_occ=  42
     k-point:     6    nbnd_occ=  42
     k-point:     7    nbnd_occ=  42
     k-point:     8    nbnd_occ=  42
     k-point:     9    nbnd_occ=  42
     k-point:    10    nbnd_occ=  42
     k-point:    11    nbnd_occ=  42
     k-point:    12    nbnd_occ=  42
     k-point:    13    nbnd_occ=  42
     k-point:    14    nbnd_occ=  42
     k-point:    15    nbnd_occ=  42
     k-point:    16    nbnd_occ=  42


     q-space interpolation up to   110.00 Rydberg

     GIPAW job: efg                                                                             


     ELECTRIC FIELD GRADIENTS TENSORS IN Hartree/bohrradius^2:

     ----- bare term -----
     Cl   1        0.022577       -0.097371       -0.135739
     Cl   1       -0.097371       -0.069207        0.003507
     Cl   1       -0.135739        0.003507        0.046630

     C    2       -0.652951        0.285167       -0.369488
     C    2        0.285167        0.063549       -0.091965
     C    2       -0.369488       -0.091965        0.589402

     C    3        0.030627        0.048982       -0.173290
     C    3        0.048982       -0.547863       -0.363701
     C    3       -0.173290       -0.363701        0.517236

     H    4       -0.554523       -0.260111       -0.000411
     H    4       -0.260111        0.429447       -0.147833
     H    4       -0.000411       -0.147833        0.125076

     C    5       -0.868799        0.289508       -0.439268
     C    5        0.289508        0.234546        0.037292
     C    5       -0.439268        0.037292        0.634254

     H    6        0.315709       -0.131484        0.039407
     H    6       -0.131484       -0.541356       -0.534584
     H    6        0.039407       -0.534584        0.225647

     H    7        0.325755        0.318871       -0.001379
     H    7        0.318871       -0.639561        0.262108
     H    7       -0.001379        0.262108        0.313806

     C    8       -0.293294       -0.195272       -0.322108
     C    8       -0.195272       -0.067607        0.504623
     C    8       -0.322108        0.504623        0.360900

     H    9       -0.114715        0.234609       -0.444651
     H    9        0.234609        0.134120        0.440484
     H    9       -0.444651        0.440484       -0.019405

     C   10       -0.524934       -0.346960       -0.337480
     C   10       -0.346960        0.040623        0.199035
     C   10       -0.337480        0.199035        0.484311

     C   11       -0.076980        0.080739       -0.396513
     C   11        0.080739       -0.159690        0.553798
     C   11       -0.396513        0.553798        0.236670

     Cl  12       -0.138473       -0.198579       -0.003509
     Cl  12       -0.198579        0.158671       -0.025744
     Cl  12       -0.003509       -0.025744       -0.020198

     H   13        0.320395        0.203107        0.179367
     H   13        0.203107       -0.347814       -0.590437
     H   13        0.179367       -0.590437        0.027420

     C   14       -0.064669       -0.172163       -0.342230
     C   14       -0.172163       -0.219056       -0.302024
     C   14       -0.342230       -0.302024        0.283725

     H   15       -0.011604       -0.158146       -0.356802
     H   15       -0.158146       -0.112547       -0.504231
     H   15       -0.356802       -0.504231        0.124151

     C   16       -0.606154        0.355662       -0.345982
     C   16        0.355662        0.197876       -0.045589
     C   16       -0.345982       -0.045589        0.408278

     C   17        0.055320       -0.006310       -0.210256
     C   17       -0.006310       -0.167640       -0.490248
     C   17       -0.210256       -0.490248        0.112320

     Cl  18       -0.140237        0.227276       -0.005538
     Cl  18        0.227276        0.011350       -0.013177
     Cl  18       -0.005538       -0.013177        0.128887

     H   19        0.507800        0.032406        0.072220
     H   19        0.032406       -0.086146        0.339582
     H   19        0.072220        0.339582       -0.421654

     C   20       -0.481774       -0.324199       -0.325348
     C   20       -0.324199        0.163110        0.391896
     C   20       -0.325348        0.391896        0.318664

     H   21        0.167989        0.044803       -0.314920
     H   21        0.044803        0.283515       -0.244745
     H   21       -0.314920       -0.244745       -0.451504

     C   22        0.013016       -0.332764       -0.144337
     C   22       -0.332764       -0.166349        0.385977
     C   22       -0.144337        0.385977        0.153333

     C   23       -0.360791       -0.301941       -0.360911
     C   23       -0.301941        0.030400        0.423323
     C   23       -0.360911        0.423323        0.330391

     Cl  24        0.132319        0.009520        0.000293
     Cl  24        0.009520       -0.059461       -0.234173
     Cl  24        0.000293       -0.234173       -0.072858

     ----- ionic term -----
     Cl   1        0.171712       -0.227443        0.021860
     Cl   1       -0.227443       -0.014321       -0.007465
     Cl   1        0.021860       -0.007465       -0.157391

     C    2        0.232268       -0.159373        0.299055
     C    2       -0.159373        0.106906        0.404708
     C    2        0.299055        0.404708       -0.339174

     C    3        0.173459       -0.192548        0.156182
     C    3       -0.192548        0.200337        0.411307
     C    3        0.156182        0.411307       -0.373795

     H    4        0.583929        0.412331        0.608542
     H    4        0.412331       -0.342465        0.296418
     H    4        0.608542        0.296418       -0.241464

     C    5        0.352027       -0.065571        0.213985
     C    5       -0.065571        0.037577        0.331979
     C    5        0.213985        0.331979       -0.389604

     H    6       -0.489079        0.169064        0.099904
     H    6        0.169064        0.609661        0.721899
     H    6        0.099904        0.721899       -0.120582

     H    7       -0.506149       -0.151237        0.116068
     H    7       -0.151237        0.713823       -0.659197
     H    7        0.116068       -0.659197       -0.207674

     C    8        0.236619        0.259491        0.378356
     C    8        0.259491        0.066991       -0.218553
     C    8        0.378356       -0.218553       -0.303609

     H    9        0.524206       -0.334383        0.681683
     H    9       -0.334383       -0.413245       -0.278784
     H    9        0.681683       -0.278784       -0.110961

     C   10        0.145955        0.287388        0.258760
     C   10        0.287388        0.148455       -0.299162
     C   10        0.258760       -0.299162       -0.294410

     C   11        0.193374        0.222845        0.337888
     C   11        0.222845       -0.013987       -0.333347
     C   11        0.337888       -0.333347       -0.179387

     Cl  12        0.171342        0.199260        0.007368
     Cl  12        0.199260       -0.017355       -0.000909
     Cl  12        0.007368       -0.000909       -0.153988

     H   13       -0.529046        0.030236        0.034589
     H   13        0.030236        0.783045        0.657352
     H   13        0.034589        0.657352       -0.253999

     C   14        0.356277       -0.214897        0.224468
     C   14       -0.214897        0.002541        0.343801
     C   14        0.224468        0.343801       -0.358818

     H   15        0.623291        0.329295        0.687722
     H   15        0.329295       -0.443498        0.258482
     H   15        0.687722        0.258482       -0.179793

     C   16        0.252934       -0.310205        0.092366
     C   16       -0.310205        0.087492        0.436659
     C   16        0.092366        0.436659       -0.340427

     C   17        0.273536       -0.119569        0.120772
     C   17       -0.119569        0.052636        0.451333
     C   17        0.120772        0.451333       -0.326172

     Cl  18        0.160878       -0.164312       -0.029976
     Cl  18       -0.164312       -0.041120        0.014278
     Cl  18       -0.029976        0.014278       -0.119758

     H   19       -0.522100       -0.089338        0.068476
     H   19       -0.089338        0.595968       -0.731679
     H   19        0.068476       -0.731679       -0.073868

     C   20        0.184737        0.284232        0.360969
     C   20        0.284232        0.031807       -0.266994
     C   20        0.360969       -0.266994       -0.216544

     H   21        0.343798       -0.069669        0.803750
     H   21       -0.069669       -0.473231       -0.154895
     H   21        0.803750       -0.154895        0.129433

     C   22        0.083666        0.392275        0.236858
     C   22        0.392275        0.158165       -0.317275
     C   22        0.236858       -0.317275       -0.241831

     C   23        0.130805        0.270797        0.323821
     C   23        0.270797        0.087136       -0.313548
     C   23        0.323821       -0.313548       -0.217942

     Cl  24        0.119809        0.226058        0.056276
     Cl  24        0.226058        0.019208        0.028226
     Cl  24        0.056276        0.028226       -0.139017

     ----- GIPAW term -----
     Cl   1        1.486220       -2.591946       -1.611691
     Cl   1       -2.591946       -0.839715        0.232346
     Cl   1       -1.611691        0.232346       -0.646505

     C    2       -0.125158       -0.089583       -0.152090
     C    2       -0.089583       -0.034848        0.140073
     C    2       -0.152090        0.140073        0.160006

     C    3       -0.089494       -0.046696       -0.094948
     C    3       -0.046696       -0.136046        0.106155
     C    3       -0.094948        0.106155        0.225540

     H    4       -0.000000        0.000000        0.000000
     H    4        0.000000        0.000000        0.000000
     H    4        0.000000        0.000000        0.000000

     C    5       -0.226986        0.018207       -0.066621
     C    5        0.018207        0.015471        0.184779
     C    5       -0.066621        0.184779        0.211515

     H    6       -0.000000        0.000000        0.000000
     H    6        0.000000        0.000000        0.000000
     H    6        0.000000        0.000000        0.000000

     H    7       -0.000000        0.000000        0.000000
     H    7        0.000000        0.000000        0.000000
     H    7        0.000000        0.000000        0.000000

     C    8       -0.069859       -0.059748       -0.061276
     C    8       -0.059748        0.045513        0.177849
     C    8       -0.061276        0.177849        0.024345

     H    9       -0.000000        0.000000        0.000000
     H    9        0.000000        0.000000        0.000000
     H    9        0.000000        0.000000        0.000000

     C   10       -0.175428       -0.008917       -0.105352
     C   10       -0.008917        0.083783       -0.081056
     C   10       -0.105352       -0.081056        0.091645

     C   11        0.072357        0.174994       -0.082641
     C   11        0.174994       -0.008497        0.074766
     C   11       -0.082641        0.074766       -0.063860

     Cl  12        0.459707        0.885451       -0.044559
     Cl  12        0.885451        1.511327       -0.267983
     Cl  12       -0.044559       -0.267983       -1.971034

     H   13       -0.000000        0.000000        0.000000
     H   13        0.000000        0.000000        0.000000
     H   13        0.000000        0.000000        0.000000

     C   14       -0.037890       -0.123690       -0.144150
     C   14       -0.123690       -0.077943        0.096912
     C   14       -0.144150        0.096912        0.115833

     H   15       -0.000000        0.000000        0.000000
     H   15        0.000000        0.000000        0.000000
     H   15        0.000000        0.000000        0.000000

     C   16       -0.110442       -0.118550       -0.114886
     C   16       -0.118550        0.149077        0.130441
     C   16       -0.114886        0.130441       -0.038634

     C   17       -0.073200       -0.054451       -0.000148
     C   17       -0.054451        0.185941        0.132872
     C   17       -0.000148        0.132872       -0.112741

     Cl  18       -0.475640        0.722035       -0.417314
     Cl  18        0.722035        2.322515       -0.803536
     Cl  18       -0.417314       -0.803536       -1.846875

     H   19       -0.000000        0.000000        0.000000
     H   19        0.000000        0.000000        0.000000
     H   19        0.000000        0.000000        0.000000

     C   20       -0.139912       -0.110586       -0.105543
     C   20       -0.110586        0.062753        0.207832
     C   20       -0.105543        0.207832        0.077159

     H   21       -0.000000        0.000000        0.000000
     H   21        0.000000        0.000000        0.000000
     H   21        0.000000        0.000000        0.000000

     C   22       -0.035667       -0.101439       -0.098607
     C   22       -0.101439       -0.004753        0.141916
     C   22       -0.098607        0.141916        0.040420

     C   23       -0.116548       -0.016442       -0.084010
     C   23       -0.016442        0.109280        0.218799
     C   23       -0.084010        0.218799        0.007267

     Cl  24       -0.272503        0.630836       -0.658948
     Cl  24        0.630836        0.131757        1.516079
     Cl  24       -0.658948        1.516079        0.140746

     ----- total EFG -----
     Cl   1        1.680509       -2.916759       -1.725570
     Cl   1       -2.916759       -0.923243        0.228388
     Cl   1       -1.725570        0.228388       -0.757266

     C    2       -0.545841        0.036210       -0.222522
     C    2        0.036210        0.135607        0.452816
     C    2       -0.222522        0.452816        0.410234

     C    3        0.114591       -0.190262       -0.112056
     C    3       -0.190262       -0.483572        0.153761
     C    3       -0.112056        0.153761        0.368981

     H    4        0.029406        0.152219        0.608131
     H    4        0.152219        0.086981        0.148585
     H    4        0.608131        0.148585       -0.116387

     C    5       -0.743758        0.242144       -0.291904
     C    5        0.242144        0.287594        0.554050
     C    5       -0.291904        0.554050        0.456165

     H    6       -0.173370        0.037580        0.139311
     H    6        0.037580        0.068305        0.187315
     H    6        0.139311        0.187315        0.105065

     H    7       -0.180394        0.167634        0.114689
     H    7        0.167634        0.074262       -0.397089
     H    7        0.114689       -0.397089        0.106131

     C    8       -0.126533        0.004471       -0.005028
     C    8        0.004471        0.044897        0.463919
     C    8       -0.005028        0.463919        0.081636

     H    9        0.409491       -0.099774        0.237032
     H    9       -0.099774       -0.279125        0.161700
     H    9        0.237032        0.161700       -0.130366

     C   10       -0.554407       -0.068489       -0.184071
     C   10       -0.068489        0.272861       -0.181182
     C   10       -0.184071       -0.181182        0.281547

     C   11        0.188751        0.478578       -0.141266
     C   11        0.478578       -0.182174        0.295218
     C   11       -0.141266        0.295218       -0.006576

     Cl  12        0.492577        0.886132       -0.040700
     Cl  12        0.886132        1.652644       -0.294636
     Cl  12       -0.040700       -0.294636       -2.145220

     H   13       -0.208651        0.233343        0.213956
     H   13        0.233343        0.435231        0.066915
     H   13        0.213956        0.066915       -0.226580

     C   14        0.253718       -0.510750       -0.261912
     C   14       -0.510750       -0.294458        0.138690
     C   14       -0.261912        0.138690        0.040740

     H   15        0.611687        0.171149        0.330920
     H   15        0.171149       -0.556045       -0.245749
     H   15        0.330920       -0.245749       -0.055642

     C   16       -0.463662       -0.073094       -0.368503
     C   16       -0.073094        0.434445        0.521510
     C   16       -0.368503        0.521510        0.029217

     C   17        0.255656       -0.180330       -0.089632
     C   17       -0.180330        0.070937        0.093957
     C   17       -0.089632        0.093957       -0.326593

     Cl  18       -0.454999        0.785000       -0.452829
     Cl  18        0.785000        2.292745       -0.802436
     Cl  18       -0.452829       -0.802436       -1.837746

     H   19       -0.014300       -0.056931        0.140696
     H   19       -0.056931        0.509821       -0.392097
     H   19        0.140696       -0.392097       -0.495522

     C   20       -0.436949       -0.150554       -0.069921
     C   20       -0.150554        0.257669        0.332733
     C   20       -0.069921        0.332733        0.179279

     H   21        0.511787       -0.024867        0.488830
     H   21       -0.024867       -0.189716       -0.399640
     H   21        0.488830       -0.399640       -0.322071

     C   22        0.061016       -0.041928       -0.006086
     C   22       -0.041928       -0.012937        0.210619
     C   22       -0.006086        0.210619       -0.048079

     C   23       -0.346533       -0.047586       -0.121101
     C   23       -0.047586        0.226817        0.328574
     C   23       -0.121101        0.328574        0.119716

     Cl  24       -0.020376        0.866414       -0.602380
     Cl  24        0.866414        0.091505        1.310131
     Cl  24       -0.602380        1.310131       -0.071129

     ----- total EFG (symmetrized) -----
     Cl   1        1.680509       -2.916759       -1.725570
     Cl   1       -2.916759       -0.923243        0.228388
     Cl   1       -1.725570        0.228388       -0.757266

     C    2       -0.545841        0.036210       -0.222522
     C    2        0.036210        0.135607        0.452816
     C    2       -0.222522        0.452816        0.410234

     C    3        0.114591       -0.190262       -0.112056
     C    3       -0.190262       -0.483572        0.153761
     C    3       -0.112056        0.153761        0.368981

     H    4        0.029406        0.152219        0.608131
     H    4        0.152219        0.086981        0.148585
     H    4        0.608131        0.148585       -0.116387

     C    5       -0.743758        0.242144       -0.291904
     C    5        0.242144        0.287594        0.554050
     C    5       -0.291904        0.554050        0.456165

     H    6       -0.173370        0.037580        0.139311
     H    6        0.037580        0.068305        0.187315
     H    6        0.139311        0.187315        0.105065

     H    7       -0.180394        0.167634        0.114689
     H    7        0.167634        0.074262       -0.397089
     H    7        0.114689       -0.397089        0.106131

     C    8       -0.126533        0.004471       -0.005028
     C    8        0.004471        0.044897        0.463919
     C    8       -0.005028        0.463919        0.081636

     H    9        0.409491       -0.099774        0.237032
     H    9       -0.099774       -0.279125        0.161700
     H    9        0.237032        0.161700       -0.130366

     C   10       -0.554407       -0.068489       -0.184071
     C   10       -0.068489        0.272861       -0.181182
     C   10       -0.184071       -0.181182        0.281547

     C   11        0.188751        0.478578       -0.141266
     C   11        0.478578       -0.182174        0.295218
     C   11       -0.141266        0.295218       -0.006576

     Cl  12        0.492577        0.886132       -0.040700
     Cl  12        0.886132        1.652644       -0.294636
     Cl  12       -0.040700       -0.294636       -2.145220

     H   13       -0.208651        0.233343        0.213956
     H   13        0.233343        0.435231        0.066915
     H   13        0.213956        0.066915       -0.226580

     C   14        0.253718       -0.510750       -0.261912
     C   14       -0.510750       -0.294458        0.138690
     C   14       -0.261912        0.138690        0.040740

     H   15        0.611687        0.171149        0.330920
     H   15        0.171149       -0.556045       -0.245749
     H   15        0.330920       -0.245749       -0.055642

     C   16       -0.463662       -0.073094       -0.368503
     C   16       -0.073094        0.434445        0.521510
     C   16       -0.368503        0.521510        0.029217

     C   17        0.255656       -0.180330       -0.089632
     C   17       -0.180330        0.070937        0.093957
     C   17       -0.089632        0.093957       -0.326593

     Cl  18       -0.454999        0.785000       -0.452829
     Cl  18        0.785000        2.292745       -0.802436
     Cl  18       -0.452829       -0.802436       -1.837746

     H   19       -0.014300       -0.056931        0.140696
     H   19       -0.056931        0.509821       -0.392097
     H   19        0.140696       -0.392097       -0.495522

     C   20       -0.436949       -0.150554       -0.069921
     C   20       -0.150554        0.257669        0.332733
     C   20       -0.069921        0.332733        0.179279

     H   21        0.511787       -0.024867        0.488830
     H   21       -0.024867       -0.189716       -0.399640
     H   21        0.488830       -0.399640       -0.322071

     C   22        0.061016       -0.041928       -0.006086
     C   22       -0.041928       -0.012937        0.210619
     C   22       -0.006086        0.210619       -0.048079

     C   23       -0.346533       -0.047586       -0.121101
     C   23       -0.047586        0.226817        0.328574
     C   23       -0.121101        0.328574        0.119716

     Cl  24       -0.020376        0.866414       -0.602380
     Cl  24        0.866414        0.091505        1.310131
     Cl  24       -0.602380        1.310131       -0.071129


     NQR/NMR SPECTROSCOPIC PARAMETERS:
     Cl   1    Vxx=   -0.9921    axis=(  0.057973 -0.468435  0.881594)
     Cl   1    Vyy=   -3.0990    axis=( -0.576963 -0.736387 -0.353339)
     Cl   1    Vzz=    4.0910    axis=(  0.814710 -0.488163 -0.312961)
     Cl   1  Q=        -8.1650 1e-30 m^2  Cq=       -78.4847 MHz  eta= 0.51499

     C    2    Vxx=   -0.1400    axis=( -0.348577 -0.787994  0.507503)
     C    2    Vyy=   -0.6253    axis=( -0.929378  0.220424 -0.296091)
     C    2    Vzz=    0.7653    axis=( -0.121452  0.574873  0.809179)
     C    2  Q=         1.0000 1e-30 m^2  Cq=         1.7982 MHz  eta= 0.63412

     C    3    Vxx=    0.0936    axis=( -0.876472  0.168809 -0.450888)
     C    3    Vyy=    0.4605    axis=( -0.410690  0.226599  0.883168)
     C    3    Vzz=   -0.5541    axis=(  0.251258  0.959248 -0.129280)
     C    3  Q=         1.0000 1e-30 m^2  Cq=        -1.3020 MHz  eta= 0.66221

     H    4    Vxx=    0.0068    axis=(  0.273902 -0.935321  0.223948)
     H    4    Vyy=    0.6493    axis=(  0.697884  0.353511  0.622887)
     H    4    Vzz=   -0.6561    axis=( -0.661767 -0.014320  0.749573)
     H    4  Q=         1.0000 1e-30 m^2  Cq=        -1.5416 MHz  eta= 0.97918

     C    5    Vxx=   -0.0013    axis=( -0.447507 -0.697702  0.559419)
     C    5    Vyy=   -0.9336    axis=( -0.893346  0.320192 -0.315293)
     C    5    Vzz=    0.9349    axis=( -0.040859  0.640850  0.766578)
     C    5  Q=         1.0000 1e-30 m^2  Cq=         2.1966 MHz  eta= 0.99715

     H    6    Vxx=   -0.0724    axis=( -0.400420  0.769389 -0.497698)
     H    6    Vyy=   -0.2374    axis=( -0.878075 -0.166870  0.448485)
     H    6    Vzz=    0.3098    axis=(  0.262009  0.616599  0.742399)
     H    6  Q=         1.0000 1e-30 m^2  Cq=         0.7279 MHz  eta= 0.53246

     H    7    Vxx=   -0.0351    axis=( -0.804265 -0.391312 -0.447251)
     H    7    Vyy=   -0.4544    axis=(  0.591823 -0.595643 -0.543097)
     H    7    Vzz=    0.4894    axis=( -0.053882 -0.701488  0.710642)
     H    7  Q=         1.0000 1e-30 m^2  Cq=         1.1499 MHz  eta= 0.85675

     C    8    Vxx=   -0.1264    axis=( -0.999702 -0.018162  0.016340)
     C    8    Vyy=   -0.4012    axis=(  0.024417 -0.720735  0.692781)
     C    8    Vzz=    0.5275    axis=( -0.000805  0.692973  0.720963)
     C    8  Q=         1.0000 1e-30 m^2  Cq=         1.2395 MHz  eta= 0.52092

     H    9    Vxx=   -0.0615    axis=( -0.229431  0.646152  0.727908)
     H    9    Vyy=   -0.4391    axis=(  0.255868  0.761593 -0.595406)
     H    9    Vzz=    0.5006    axis=(  0.939092 -0.049644  0.340062)
     H    9  Q=         1.0000 1e-30 m^2  Cq=         1.1762 MHz  eta= 0.75414

     C   10    Vxx=    0.1400    axis=( -0.240108  0.737295  0.631462)
     C   10    Vyy=    0.4660    axis=( -0.089241 -0.664502  0.741939)
     C   10    Vzz=   -0.6059    axis=(  0.966635  0.121793  0.225349)
     C   10  Q=         1.0000 1e-30 m^2  Cq=        -1.4237 MHz  eta= 0.53795

     C   11    Vxx=    0.1460    axis=( -0.347710  0.293858  0.890362)
     C   11    Vyy=    0.5225    axis=( -0.798191 -0.591001 -0.116659)
     C   11    Vzz=   -0.6685    axis=(  0.491924 -0.751243  0.440052)
     C   11  Q=         1.0000 1e-30 m^2  Cq=        -1.5707 MHz  eta= 0.56311

     Cl  12    Vxx=    0.0185    axis=(  0.881644 -0.469533  0.047354)
     Cl  12    Vyy=    2.1498    axis=(  0.471782  0.879331 -0.064793)
     Cl  12    Vzz=   -2.1683    axis=( -0.011217  0.079464  0.996775)
     Cl  12  Q=        -8.1650 1e-30 m^2  Cq=        41.5968 MHz  eta= 0.98297

     H   13    Vxx=   -0.0861    axis=(  0.588245 -0.356493  0.725865)
     H   13    Vyy=   -0.4482    axis=( -0.733277  0.143340  0.664650)
     H   13    Vzz=    0.5342    axis=(  0.340988  0.923237  0.177089)
     H   13  Q=         1.0000 1e-30 m^2  Cq=         1.2553 MHz  eta= 0.67786

     C   14    Vxx=   -0.0931    axis=(  0.340178 -0.235835  0.910308)
     C   14    Vyy=   -0.6004    axis=( -0.519168 -0.854236 -0.027298)
     C   14    Vzz=    0.6935    axis=(  0.784056 -0.463317 -0.413030)
     C   14  Q=         1.0000 1e-30 m^2  Cq=         1.6295 MHz  eta= 0.73161

     H   15    Vxx=   -0.0308    axis=( -0.296190 -0.482237  0.824451)
     H   15    Vyy=   -0.7206    axis=( -0.219761  0.874431  0.432521)
     H   15    Vzz=    0.7514    axis=(  0.929503  0.053074  0.364975)
     H   15  Q=         1.0000 1e-30 m^2  Cq=         1.7655 MHz  eta= 0.91806

     C   16    Vxx=   -0.1504    axis=(  0.552135  0.592269 -0.586826)
     C   16    Vyy=   -0.6984    axis=( -0.807101  0.203134 -0.554369)
     C   16    Vzz=    0.8488    axis=(  0.209131 -0.779714 -0.590178)
     C   16  Q=         1.0000 1e-30 m^2  Cq=         1.9943 MHz  eta= 0.64558

     C   17    Vxx=   -0.0359    axis=(  0.545528  0.832018  0.100723)
     C   17    Vyy=   -0.3521    axis=( -0.091493  0.178585 -0.979661)
     C   17    Vzz=    0.3880    axis=( -0.833083  0.525218  0.173547)
     C   17  Q=         1.0000 1e-30 m^2  Cq=         0.9117 MHz  eta= 0.81483

     Cl  18    Vxx=   -0.6268    axis=(  0.942277 -0.296247 -0.156053)
     Cl  18    Vyy=   -2.0511    axis=( -0.204982 -0.141853 -0.968432)
     Cl  18    Vzz=    2.6779    axis=(  0.264759  0.944518 -0.194390)
     Cl  18  Q=        -8.1650 1e-30 m^2  Cq=       -51.3749 MHz  eta= 0.53187

     H   19    Vxx=   -0.0084    axis=(  0.972586  0.198501  0.121133)
     H   19    Vyy=   -0.6512    axis=(  0.179057 -0.306898 -0.934747)
     H   19    Vzz=    0.6596    axis=( -0.148373  0.930812 -0.334028)
     H   19  Q=         1.0000 1e-30 m^2  Cq=         1.5498 MHz  eta= 0.97454

     C   20    Vxx=   -0.1103    axis=(  0.129839 -0.635273  0.761295)
     C   20    Vyy=   -0.4682    axis=( -0.979321 -0.202306 -0.001794)
     C   20    Vzz=    0.5785    axis=(  0.155154 -0.745319 -0.648403)
     C   20  Q=         1.0000 1e-30 m^2  Cq=         1.3592 MHz  eta= 0.61866

     H   21    Vxx=   -0.0080    axis=(  0.413599  0.818806 -0.398112)
     H   21    Vyy=   -0.7707    axis=( -0.292198  0.533510  0.793718)
     H   21    Vzz=    0.7786    axis=(  0.862297 -0.211953  0.459913)
     H   21  Q=         1.0000 1e-30 m^2  Cq=         1.8294 MHz  eta= 0.97953

     C   22    Vxx=    0.0534    axis=( -0.961436 -0.141391 -0.235900)
     C   22    Vyy=    0.1904    axis=(  0.263451 -0.719701 -0.642358)
     C   22    Vzz=   -0.2438    axis=( -0.078954 -0.679734  0.729196)
     C   22  Q=         1.0000 1e-30 m^2  Cq=        -0.5727 MHz  eta= 0.56221

     C   23    Vxx=   -0.1428    axis=( -0.264206 -0.659569  0.703679)
     C   23    Vyy=   -0.3786    axis=( -0.955415  0.079264 -0.284428)
     C   23    Vzz=    0.5214    axis=(  0.131823 -0.747453 -0.651104)
     C   23  Q=         1.0000 1e-30 m^2  Cq=         1.2252 MHz  eta= 0.45230

     Cl  24    Vxx=    0.5091    axis=(  0.846054  0.164432 -0.507104)
     Cl  24    Vyy=    1.3711    axis=( -0.214472 -0.765875 -0.606166)
     Cl  24    Vzz=   -1.8801    axis=(  0.488051 -0.621608  0.612706)
     Cl  24  Q=        -8.1650 1e-30 m^2  Cq=        36.0692 MHz  eta= 0.45848

     Initialization:
     gipaw_setup  :      9.13s CPU     11.04s WALL (       1 calls)

     Linear response

     Apply operators

     Induced current

     Other routines
     efg          :      9.50s CPU     11.98s WALL (       1 calls)

     General routines
     calbec       :      3.30s CPU      4.37s WALL (      16 calls)
     fft          :      1.42s CPU      1.90s WALL (      15 calls)
     ffts         :      0.03s CPU      0.04s WALL (       2 calls)
     fftw         :      3.37s CPU      3.98s WALL (     672 calls)
     davcio       :      0.02s CPU      0.31s WALL (      32 calls)

     Parallel routines
     fft_scatter  :      2.14s CPU      3.14s WALL (     689 calls)

     Plugins

     GIPAW        :     60.27s CPU     72.99s WALL (       1 calls)
