
     Program QE v.6.0 (svn rev. 13079) starts on 26Dec2016 at 18:23:23 

     This program is part of the open-source Quantum ESPRESSO suite
     for quantum simulation of materials; please cite
         "P. Giannozzi et al., J. Phys.:Condens. Matter 21 395502 (2009);
          URL http://www.quantum-espresso.org", 
     in publications or presentations arising from this work. More details at
     http://www.quantum-espresso.org/quote

     Parallel version (MPI), running on     8 processors
     R & G space division:  proc/nbgrp/npool/nimage =       8

     ***** This is GIPAW svn revision unknown      *****

     Parallelizing q-star over 1 images

     Reading data from directory:
     /users/majewski/paradichlorobenzene/pbe/9_constraint/scratch/pbe.ecut100.np8.dt60.pcl2phi-129368.save
     Message from routine read_xml_file:
     file /users/majewski/paradichlorobenzene/pbe/9_constraint/scratch/pbe.ecut100.np8.dt60.pcl2phi-129368.save not guaranteed to be safe for post-processing

   Info: using nr1, nr2, nr3 values from input

   Info: using nr1, nr2, nr3 values from input

     IMPORTANT: XC functional enforced from input :
     Exchange-correlation      =  SLA  PW   PBX  PBC ( 1  4  3  4 0 0)
     Any further DFT definition will be discarded
     Please, verify this is what you really want

               file C.pbe-n-kjpaw_psl.1.0.0.UPF: wavefunction(s)  2S 2P renormalized
               file Cl.pbe-n-kjpaw_psl.1.0.0.UPF: wavefunction(s)  3S 3P renormalized
               file H.pbe-kjpaw_psl.1.0.0.UPF: wavefunction(s)  1S renormalized

     Parallelization info
     --------------------
     sticks:   dense  smooth     PW     G-vecs:    dense   smooth      PW
     Min        3057    1223    332               144436    36536    5170
     Max        3059    1225    333               144437    36537    5171
     Sum       24467    9791   2657              1155489   292295   41363


     Subspace diagonalization in iterative solution of the eigenvalue problem:
     a serial algorithm will be used

     GIPAW projectors -----------------------------------------------
     atom=  C    l=0  rc=    1.2000  rs=    0.8000
     atom=  C    l=0  rc=    1.2000  rs=    0.8000
     atom=  C    l=1  rc=    1.4000  rs=    0.9333
     atom=  C    l=1  rc=    1.4000  rs=    0.9333
     projs nearly linearly dependent: l=1  n1,n2= 1, 2  s=  0.99951561

     atom=  Cl   l=0  rc=    1.6000  rs=    1.0667
     atom=  Cl   l=0  rc=    1.6000  rs=    1.0667
     atom=  Cl   l=1  rc=    1.6000  rs=    1.0667
     atom=  Cl   l=1  rc=    1.6000  rs=    1.0667
     atom=  Cl   l=2  rc=    1.6000  rs=    1.0667
     atom=  Cl   l=2  rc=    1.6000  rs=    1.0667
     projs nearly linearly dependent: l=2  n1,n2= 1, 2  s=  0.99993509

     atom=  H    l=0  rc=    1.0000  rs=    0.6667
     atom=  H    l=0  rc=    1.0000  rs=    0.6667
     projs nearly linearly dependent: l=0  n1,n2= 1, 2  s=  0.99968852
     -----------------------------------------------------------------

     GIPAW integrals: -------------------------------------------
     Atom  i/j   nmr_para   nmr_dia   epr_rmc  epr_para   epr_dia
       C   1 1   0.83E+03  0.17E-01  0.93E+01  0.24E+08  0.24E+03
       C   2 1   0.86E+03 -0.61E-01  0.94E+01  0.25E+08  0.25E+03
       C   2 2   0.90E+03 -0.15E+00  0.97E+01  0.26E+08  0.26E+03
       C   3 3   0.33E+01  0.34E+00  0.18E+01  0.55E+03  0.21E+02
       C   4 3   0.35E+01  0.37E+00  0.20E+01  0.59E+03  0.22E+02
       C   4 4   0.38E+01  0.39E+00  0.22E+01  0.63E+03  0.24E+02
       Cl  1 1   0.14E+04 -0.47E+00  0.84E+01  0.32E+09  0.42E+03
       Cl  2 1   0.21E+04 -0.37E+00  0.12E+02  0.49E+09  0.65E+03
       Cl  2 2   0.33E+04 -0.16E+00  0.21E+02  0.76E+09  0.10E+04
       Cl  3 3   0.21E+02  0.79E-01  0.89E+01  0.23E+05  0.13E+03
       Cl  4 3   0.24E+02  0.67E-01  0.99E+01  0.27E+05  0.15E+03
       Cl  4 4   0.28E+02  0.44E-01  0.11E+02  0.32E+05  0.18E+03
       Cl  5 5   0.77E+00  0.19E+00  0.18E+01  0.12E+03  0.22E+02
       Cl  6 5   0.80E+00  0.19E+00  0.19E+01  0.12E+03  0.23E+02
       Cl  6 6   0.83E+00  0.20E+00  0.19E+01  0.12E+03  0.23E+02
       H   1 1   0.39E+02  0.19E+00  0.29E+00  0.78E+05  0.13E+02
       H   2 1   0.41E+02  0.21E+00  0.32E+00  0.82E+05  0.14E+02
       H   2 2   0.43E+02  0.22E+00  0.36E+00  0.86E+05  0.15E+02
     ------------------------------------------------------------

     alpha_pv=     34.0100 eV

     Number of occupied bands for each k-point:
     k-point:     1    nbnd_occ=  42
     k-point:     2    nbnd_occ=  42
     k-point:     3    nbnd_occ=  42
     k-point:     4    nbnd_occ=  42
     k-point:     5    nbnd_occ=  42
     k-point:     6    nbnd_occ=  42
     k-point:     7    nbnd_occ=  42
     k-point:     8    nbnd_occ=  42
     k-point:     9    nbnd_occ=  42
     k-point:    10    nbnd_occ=  42
     k-point:    11    nbnd_occ=  42
     k-point:    12    nbnd_occ=  42
     k-point:    13    nbnd_occ=  42
     k-point:    14    nbnd_occ=  42
     k-point:    15    nbnd_occ=  42
     k-point:    16    nbnd_occ=  42


     q-space interpolation up to   110.00 Rydberg

     GIPAW job: efg                                                                             


     ELECTRIC FIELD GRADIENTS TENSORS IN Hartree/bohrradius^2:

     ----- bare term -----
     Cl   1        0.100680       -0.017236        0.052711
     Cl   1       -0.017236       -0.023688        0.223334
     Cl   1        0.052711        0.223334       -0.076992

     C    2       -0.225078        0.221734       -0.427788
     C    2        0.221734       -0.057347       -0.412891
     C    2       -0.427788       -0.412891        0.282425

     C    3       -0.031104        0.443529       -0.233943
     C    3        0.443529       -0.239256       -0.521433
     C    3       -0.233943       -0.521433        0.270360

     H    4       -0.123417       -0.166307       -0.383795
     H    4       -0.166307        0.468843       -0.135245
     H    4       -0.383795       -0.135245       -0.345426

     C    5       -0.659642        0.411874       -0.450249
     C    5        0.411874        0.407126       -0.207691
     C    5       -0.450249       -0.207691        0.252516

     H    6        0.272118       -0.052912        0.062208
     H    6       -0.052912       -0.368102       -0.562246
     H    6        0.062208       -0.562246        0.095984

     H    7        0.460381        0.047903       -0.014469
     H    7        0.047903       -0.703299        0.468688
     H    7       -0.014469        0.468688        0.242918

     C    8       -0.124491        0.004855       -0.265441
     C    8        0.004855       -0.024028        0.398180
     C    8       -0.265441        0.398180        0.148518

     H    9       -0.232613        0.528385       -0.091297
     H    9        0.528385       -0.137702       -0.104892
     H    9       -0.091297       -0.104892        0.370315

     C   10       -0.768290       -0.348349       -0.301922
     C   10       -0.348349        0.363549        0.090342
     C   10       -0.301922        0.090342        0.404741

     C   11        0.016328        0.278470       -0.441990
     C   11        0.278470       -0.197348        0.502522
     C   11       -0.441990        0.502522        0.181020

     Cl  12       -0.304272       -0.236417        0.026154
     Cl  12       -0.236417        0.163987        0.138507
     Cl  12        0.026154        0.138507        0.140285

     H   13        0.468238       -0.066670       -0.025195
     H   13       -0.066670       -0.819197       -0.168503
     H   13       -0.025195       -0.168503        0.350959

     C   14       -0.190984        0.058310       -0.256725
     C   14        0.058310        0.040644       -0.524738
     C   14       -0.256725       -0.524738        0.150340

     H   15       -0.023565       -0.225977       -0.410198
     H   15       -0.225977        0.035192       -0.504682
     H   15       -0.410198       -0.504682       -0.011627

     C   16       -0.753026        0.352876       -0.282135
     C   16        0.352876        0.366858       -0.123771
     C   16       -0.282135       -0.123771        0.386168

     C   17        0.024793        0.258810       -0.126931
     C   17        0.258810       -0.072771       -0.562600
     C   17       -0.126931       -0.562600        0.047978

     Cl  18       -0.126806        0.238937        0.042381
     Cl  18        0.238937        0.128692        0.102143
     Cl  18        0.042381        0.102143       -0.001885

     H   19        0.200202        0.041288       -0.063709
     H   19        0.041288       -0.480638        0.597274
     H   19       -0.063709        0.597274        0.280437

     C   20       -0.684808       -0.335692       -0.470694
     C   20       -0.335692        0.192809       -0.037150
     C   20       -0.470694       -0.037150        0.492000

     H   21       -0.577880       -0.116484       -0.109864
     H   21       -0.116484        0.272867        0.323519
     H   21       -0.109864        0.323519        0.305013

     C   22        0.072616        0.106709       -0.254486
     C   22        0.106709       -0.351888        0.483961
     C   22       -0.254486        0.483961        0.279272

     C   23       -0.758642       -0.425768       -0.345716
     C   23       -0.425768        0.215132        0.016631
     C   23       -0.345716        0.016631        0.543511

     Cl  24       -0.036722       -0.016021        0.051659
     Cl  24       -0.016021       -0.030772        0.000800
     Cl  24        0.051659        0.000800        0.067494

     ----- ionic term -----
     Cl   1        0.130655       -0.210841        0.058696
     Cl   1       -0.210841        0.012478       -0.026920
     Cl   1        0.058696       -0.026920       -0.143134

     C    2        0.100289       -0.181576        0.337855
     C    2       -0.181576        0.189112        0.363401
     C    2        0.337855        0.363401       -0.289401

     C    3        0.155242       -0.261338        0.256123
     C    3       -0.261338        0.222600        0.336471
     C    3        0.256123        0.336471       -0.377841

     H    4        0.494259        0.400188        0.687231
     H    4        0.400188       -0.319656        0.309309
     H    4        0.687231        0.309309       -0.174603

     C    5        0.304605       -0.230450        0.342410
     C    5       -0.230450        0.064351        0.256106
     C    5        0.342410        0.256106       -0.368956

     H    6       -0.508024        0.034431        0.030102
     H    6        0.034431        0.722380        0.665328
     H    6        0.030102        0.665328       -0.214356

     H    7       -0.514868       -0.082573        0.050225
     H    7       -0.082573        0.696003       -0.692350
     H    7        0.050225       -0.692350       -0.181134

     C    8        0.352381        0.187566        0.190288
     C    8        0.187566        0.073784       -0.285362
     C    8        0.190288       -0.285362       -0.426165

     H    9        0.854184       -0.408817        0.350114
     H    9       -0.408817       -0.375964       -0.147503
     H    9        0.350114       -0.147503       -0.478220

     C   10        0.284474        0.203491        0.105372
     C   10        0.203491        0.160751       -0.296470
     C   10        0.105372       -0.296470       -0.445224

     C   11        0.307276        0.136663        0.199051
     C   11        0.136663        0.064884       -0.343416
     C   11        0.199051       -0.343416       -0.372160

     Cl  12        0.144383        0.182472       -0.035589
     Cl  12        0.182472       -0.009911       -0.028648
     Cl  12       -0.035589       -0.028648       -0.134472

     H   13       -0.530575        0.005107        0.026673
     H   13        0.005107        0.669392        0.697711
     H   13        0.026673        0.697711       -0.138817

     C   14        0.241382       -0.238996        0.346513
     C   14       -0.238996        0.070711        0.272961
     C   14        0.346513        0.272961       -0.312093

     H   15        0.428128        0.197754        0.757395
     H   15        0.197754       -0.479896        0.230234
     H   15        0.757395        0.230234        0.051768

     C   16        0.167483       -0.336437        0.258767
     C   16       -0.336437        0.137880        0.297708
     C   16        0.258767        0.297708       -0.305363

     C   17        0.225534       -0.205264        0.290083
     C   17       -0.205264        0.083753        0.348652
     C   17        0.290083        0.348652       -0.309286

     Cl  18        0.151119       -0.193346        0.023889
     Cl  18       -0.193346        0.010827       -0.006908
     Cl  18        0.023889       -0.006908       -0.161946

     H   19       -0.506646       -0.090249        0.070670
     H   19       -0.090249        0.583340       -0.740229
     H   19        0.070670       -0.740229       -0.076694

     C   20        0.309356        0.188748        0.238108
     C   20        0.188748        0.059362       -0.298757
     C   20        0.238108       -0.298757       -0.368718

     H   21        0.616649       -0.348241        0.618102
     H   21       -0.348241       -0.387285       -0.255066
     H   21        0.618102       -0.255066       -0.229364

     C   22        0.126371        0.234036        0.162608
     C   22        0.234036        0.214794       -0.403658
     C   22        0.162608       -0.403658       -0.341165

     C   23        0.234474        0.148374        0.182834
     C   23        0.148374        0.121405       -0.395174
     C   23        0.182834       -0.395174       -0.355879

     Cl  24        0.144412        0.218561       -0.006919
     Cl  24        0.218561        0.001841       -0.006331
     Cl  24       -0.006919       -0.006331       -0.146253

     ----- GIPAW term -----
     Cl   1       -0.254088       -0.478771       -0.761000
     Cl   1       -0.478771        0.040239       -1.455401
     Cl   1       -0.761000       -1.455401        0.213848

     C    2       -0.062999        0.039972       -0.138586
     C    2        0.039972        0.030226       -0.200222
     C    2       -0.138586       -0.200222        0.032773

     C    3       -0.020123        0.159418       -0.145909
     C    3        0.159418       -0.025570       -0.182352
     C    3       -0.145909       -0.182352        0.045693

     H    4       -0.000000        0.000000        0.000000
     H    4        0.000000        0.000000        0.000000
     H    4        0.000000        0.000000        0.000000

     C    5       -0.125350        0.202126       -0.068019
     C    5        0.202126        0.215889       -0.026562
     C    5       -0.068019       -0.026562       -0.090539

     H    6       -0.000000        0.000000        0.000000
     H    6        0.000000        0.000000        0.000000
     H    6        0.000000        0.000000        0.000000

     H    7       -0.000000        0.000000        0.000000
     H    7        0.000000        0.000000        0.000000
     H    7        0.000000        0.000000        0.000000

     C    8       -0.120565        0.035928       -0.036577
     C    8        0.035928        0.219653       -0.049387
     C    8       -0.036577       -0.049387       -0.099088

     H    9       -0.000000        0.000000        0.000000
     H    9        0.000000        0.000000        0.000000
     H    9        0.000000        0.000000        0.000000

     C   10       -0.242853        0.004090       -0.056971
     C   10        0.004090        0.308776       -0.081238
     C   10       -0.056971       -0.081238       -0.065924

     C   11        0.006634        0.240892       -0.124338
     C   11        0.240892        0.054440       -0.072990
     C   11       -0.124338       -0.072990       -0.061074

     Cl  12       -0.680655        1.424053        0.148851
     Cl  12        1.424053        1.880038        1.368713
     Cl  12        0.148851        1.368713       -1.199383

     H   13       -0.000000        0.000000        0.000000
     H   13        0.000000        0.000000        0.000000
     H   13        0.000000        0.000000        0.000000

     C   14       -0.112258        0.030678       -0.034789
     C   14        0.030678        0.204526       -0.208464
     C   14       -0.034789       -0.208464       -0.092268

     H   15       -0.000000        0.000000        0.000000
     H   15        0.000000        0.000000        0.000000
     H   15        0.000000        0.000000        0.000000

     C   16       -0.246457        0.017922       -0.050317
     C   16        0.017922        0.323213        0.048850
     C   16       -0.050317        0.048850       -0.076756

     C   17        0.013073        0.091164        0.014450
     C   17        0.091164        0.183583       -0.016059
     C   17        0.014450       -0.016059       -0.196656

     Cl  18        0.311110        0.004334        0.526305
     Cl  18        0.004334        1.561085        1.215411
     Cl  18        0.526305        1.215411       -1.872195

     H   19       -0.000000        0.000000        0.000000
     H   19        0.000000        0.000000        0.000000
     H   19        0.000000        0.000000        0.000000

     C   20       -0.096908        0.097163       -0.161448
     C   20        0.097163        0.073158       -0.174000
     C   20       -0.161448       -0.174000        0.023750

     H   21       -0.000000        0.000000        0.000000
     H   21        0.000000        0.000000        0.000000
     H   21        0.000000        0.000000        0.000000

     C   22       -0.083538        0.127355       -0.089424
     C   22        0.127355        0.070133       -0.141966
     C   22       -0.089424       -0.141966        0.013405

     C   23       -0.125484        0.080659       -0.102433
     C   23        0.080659        0.083214       -0.161125
     C   23       -0.102433       -0.161125        0.042270

     Cl  24        0.142542        2.343228       -0.888908
     Cl  24        2.343228       -0.004123       -1.529482
     Cl  24       -0.888908       -1.529482       -0.138418

     ----- total EFG -----
     Cl   1       -0.022752       -0.706848       -0.649592
     Cl   1       -0.706848        0.029030       -1.258987
     Cl   1       -0.649592       -1.258987       -0.006277

     C    2       -0.187788        0.080129       -0.228519
     C    2        0.080129        0.161992       -0.249712
     C    2       -0.228519       -0.249712        0.025796

     C    3        0.104014        0.341610       -0.123729
     C    3        0.341610       -0.042226       -0.367314
     C    3       -0.123729       -0.367314       -0.061788

     H    4        0.370842        0.233881        0.303436
     H    4        0.233881        0.149187        0.174064
     H    4        0.303436        0.174064       -0.520029

     C    5       -0.480387        0.383550       -0.175858
     C    5        0.383550        0.687366        0.021853
     C    5       -0.175858        0.021853       -0.206979

     H    6       -0.235906       -0.018480        0.092310
     H    6       -0.018480        0.354278        0.103081
     H    6        0.092310        0.103081       -0.118372

     H    7       -0.054488       -0.034670        0.035756
     H    7       -0.034670       -0.007296       -0.223662
     H    7        0.035756       -0.223662        0.061784

     C    8        0.107326        0.228348       -0.111731
     C    8        0.228348        0.269409        0.063431
     C    8       -0.111731        0.063431       -0.376735

     H    9        0.621571        0.119568        0.258818
     H    9        0.119568       -0.513666       -0.252394
     H    9        0.258818       -0.252394       -0.107905

     C   10       -0.726669       -0.140768       -0.253521
     C   10       -0.140768        0.833076       -0.287366
     C   10       -0.253521       -0.287366       -0.106407

     C   11        0.330238        0.656025       -0.367277
     C   11        0.656025       -0.078024        0.086116
     C   11       -0.367277        0.086116       -0.252214

     Cl  12       -0.840544        1.370107        0.139416
     Cl  12        1.370107        2.034114        1.478572
     Cl  12        0.139416        1.478572       -1.193570

     H   13       -0.062337       -0.061563        0.001478
     H   13       -0.061563       -0.149805        0.529209
     H   13        0.001478        0.529209        0.212142

     C   14       -0.061860       -0.150007        0.055000
     C   14       -0.150007        0.315881       -0.460241
     C   14        0.055000       -0.460241       -0.254021

     H   15        0.404563       -0.028224        0.347197
     H   15       -0.028224       -0.444705       -0.274448
     H   15        0.347197       -0.274448        0.040142

     C   16       -0.832000        0.034361       -0.073685
     C   16        0.034361        0.827951        0.222787
     C   16       -0.073685        0.222787        0.004049

     C   17        0.263400        0.144710        0.177602
     C   17        0.144710        0.194565       -0.230007
     C   17        0.177602       -0.230007       -0.457964

     Cl  18        0.335422        0.049924        0.592575
     Cl  18        0.049924        1.700604        1.310645
     Cl  18        0.592575        1.310645       -2.036026

     H   19       -0.306444       -0.048961        0.006961
     H   19       -0.048961        0.102702       -0.142954
     H   19        0.006961       -0.142954        0.203742

     C   20       -0.472360       -0.049781       -0.394035
     C   20       -0.049781        0.325329       -0.509907
     C   20       -0.394035       -0.509907        0.147031

     H   21        0.038769       -0.464725        0.508238
     H   21       -0.464725       -0.114419        0.068453
     H   21        0.508238        0.068453        0.075650

     C   22        0.115449        0.468101       -0.181302
     C   22        0.468101       -0.066961       -0.061663
     C   22       -0.181302       -0.061663       -0.048488

     C   23       -0.649653       -0.196735       -0.265315
     C   23       -0.196735        0.419750       -0.539667
     C   23       -0.265315       -0.539667        0.229902

     Cl  24        0.250232        2.545768       -0.844168
     Cl  24        2.545768       -0.033054       -1.535012
     Cl  24       -0.844168       -1.535012       -0.217178

     ----- total EFG (symmetrized) -----
     Cl   1       -0.022752       -0.706848       -0.649592
     Cl   1       -0.706848        0.029030       -1.258987
     Cl   1       -0.649592       -1.258987       -0.006277

     C    2       -0.187788        0.080129       -0.228519
     C    2        0.080129        0.161992       -0.249712
     C    2       -0.228519       -0.249712        0.025796

     C    3        0.104014        0.341610       -0.123729
     C    3        0.341610       -0.042226       -0.367314
     C    3       -0.123729       -0.367314       -0.061788

     H    4        0.370842        0.233881        0.303436
     H    4        0.233881        0.149187        0.174064
     H    4        0.303436        0.174064       -0.520029

     C    5       -0.480387        0.383550       -0.175858
     C    5        0.383550        0.687366        0.021853
     C    5       -0.175858        0.021853       -0.206979

     H    6       -0.235906       -0.018480        0.092310
     H    6       -0.018480        0.354278        0.103081
     H    6        0.092310        0.103081       -0.118372

     H    7       -0.054488       -0.034670        0.035756
     H    7       -0.034670       -0.007296       -0.223662
     H    7        0.035756       -0.223662        0.061784

     C    8        0.107326        0.228348       -0.111731
     C    8        0.228348        0.269409        0.063431
     C    8       -0.111731        0.063431       -0.376735

     H    9        0.621571        0.119568        0.258818
     H    9        0.119568       -0.513666       -0.252394
     H    9        0.258818       -0.252394       -0.107905

     C   10       -0.726669       -0.140768       -0.253521
     C   10       -0.140768        0.833076       -0.287366
     C   10       -0.253521       -0.287366       -0.106407

     C   11        0.330238        0.656025       -0.367277
     C   11        0.656025       -0.078024        0.086116
     C   11       -0.367277        0.086116       -0.252214

     Cl  12       -0.840544        1.370107        0.139416
     Cl  12        1.370107        2.034114        1.478572
     Cl  12        0.139416        1.478572       -1.193570

     H   13       -0.062337       -0.061563        0.001478
     H   13       -0.061563       -0.149805        0.529209
     H   13        0.001478        0.529209        0.212142

     C   14       -0.061860       -0.150007        0.055000
     C   14       -0.150007        0.315881       -0.460241
     C   14        0.055000       -0.460241       -0.254021

     H   15        0.404563       -0.028224        0.347197
     H   15       -0.028224       -0.444705       -0.274448
     H   15        0.347197       -0.274448        0.040142

     C   16       -0.832000        0.034361       -0.073685
     C   16        0.034361        0.827951        0.222787
     C   16       -0.073685        0.222787        0.004049

     C   17        0.263400        0.144710        0.177602
     C   17        0.144710        0.194565       -0.230007
     C   17        0.177602       -0.230007       -0.457964

     Cl  18        0.335422        0.049924        0.592575
     Cl  18        0.049924        1.700604        1.310645
     Cl  18        0.592575        1.310645       -2.036026

     H   19       -0.306444       -0.048961        0.006961
     H   19       -0.048961        0.102702       -0.142954
     H   19        0.006961       -0.142954        0.203742

     C   20       -0.472360       -0.049781       -0.394035
     C   20       -0.049781        0.325329       -0.509907
     C   20       -0.394035       -0.509907        0.147031

     H   21        0.038769       -0.464725        0.508238
     H   21       -0.464725       -0.114419        0.068453
     H   21        0.508238        0.068453        0.075650

     C   22        0.115449        0.468101       -0.181302
     C   22        0.468101       -0.066961       -0.061663
     C   22       -0.181302       -0.061663       -0.048488

     C   23       -0.649653       -0.196735       -0.265315
     C   23       -0.196735        0.419750       -0.539667
     C   23       -0.265315       -0.539667        0.229902

     Cl  24        0.250232        2.545768       -0.844168
     Cl  24        2.545768       -0.033054       -1.535012
     Cl  24       -0.844168       -1.535012       -0.217178


     NQR/NMR SPECTROSCOPIC PARAMETERS:
     Cl   1    Vxx=    0.5003    axis=( -0.875498  0.298975  0.379627)
     Cl   1    Vyy=    1.2729    axis=(  0.050639 -0.724526  0.687385)
     Cl   1    Vzz=   -1.7732    axis=( -0.480561 -0.621028 -0.619181)
     Cl   1  Q=        -8.1650 1e-30 m^2  Cq=        34.0176 MHz  eta= 0.43570

     C    2    Vxx=   -0.0784    axis=(  0.528318 -0.689984 -0.494774)
     C    2    Vyy=   -0.3448    axis=(  0.783101  0.170822  0.597974)
     C    2    Vzz=    0.4232    axis=(  0.328074  0.703379 -0.630576)
     C    2  Q=         1.0000 1e-30 m^2  Cq=         0.9944 MHz  eta= 0.62939

     C    3    Vxx=   -0.0945    axis=(  0.732359 -0.188503  0.654306)
     C    3    Vyy=   -0.4709    axis=(  0.322008 -0.750800 -0.576723)
     C    3    Vzz=    0.5653    axis=( -0.599967 -0.633061  0.489156)
     C    3  Q=         1.0000 1e-30 m^2  Cq=         1.3283 MHz  eta= 0.66585

     H    4    Vxx=    0.0015    axis=(  0.523119 -0.852025  0.019991)
     H    4    Vyy=    0.6255    axis=(  0.812014  0.505403  0.291892)
     H    4    Vzz=   -0.6270    axis=( -0.258803 -0.136461  0.956242)
     H    4  Q=         1.0000 1e-30 m^2  Cq=        -1.4732 MHz  eta= 0.99519

     C    5    Vxx=   -0.1407    axis=( -0.335391  0.130729  0.932964)
     C    5    Vyy=   -0.6623    axis=( -0.896342  0.260540 -0.358733)
     C    5    Vzz=    0.8030    axis=( -0.289972 -0.956571  0.029794)
     C    5  Q=         1.0000 1e-30 m^2  Cq=         1.8866 MHz  eta= 0.64955

     H    6    Vxx=   -0.0822    axis=(  0.522320 -0.174985  0.834603)
     H    6    Vyy=   -0.2936    axis=( -0.852749 -0.105714  0.511512)
     H    6    Vzz=    0.3758    axis=(  0.001277  0.978879  0.204435)
     H    6  Q=         1.0000 1e-30 m^2  Cq=         0.8829 MHz  eta= 0.56244

     H    7    Vxx=   -0.0622    axis=( -0.987597 -0.084500  0.132330)
     H    7    Vyy=   -0.1991    axis=( -0.021880 -0.760531 -0.648933)
     H    7    Vzz=    0.2614    axis=(  0.155476 -0.643780  0.749250)
     H    7  Q=         1.0000 1e-30 m^2  Cq=         0.6141 MHz  eta= 0.52372

     C    8    Vxx=   -0.0095    axis=( -0.766038  0.552530  0.328475)
     C    8    Vyy=   -0.4214    axis=(  0.276481 -0.178103  0.944371)
     C    8    Vzz=    0.4309    axis=( -0.580296 -0.814242  0.016331)
     C    8  Q=         1.0000 1e-30 m^2  Cq=         1.0124 MHz  eta= 0.95605

     H    9    Vxx=   -0.0320    axis=(  0.239533  0.496601 -0.834273)
     H    9    Vyy=   -0.6733    axis=( -0.173338  0.867357  0.466526)
     H    9    Vzz=    0.7053    axis=( -0.955289 -0.032863 -0.293841)
     H    9  Q=         1.0000 1e-30 m^2  Cq=         1.6572 MHz  eta= 0.90932

     C   10    Vxx=   -0.0674    axis=(  0.391071 -0.223769 -0.892744)
     C   10    Vyy=   -0.8495    axis=(  0.919381  0.139723  0.367717)
     C   10    Vzz=    0.9168    axis=(  0.042453 -0.964575  0.260370)
     C   10  Q=         1.0000 1e-30 m^2  Cq=         2.1542 MHz  eta= 0.85302

     C   11    Vxx=   -0.1263    axis=(  0.148242 -0.559652 -0.815361)
     C   11    Vyy=   -0.7431    axis=(  0.566400 -0.627809  0.533897)
     C   11    Vzz=    0.8694    axis=( -0.810688 -0.540967  0.223920)
     C   11  Q=         1.0000 1e-30 m^2  Cq=         2.0428 MHz  eta= 0.70940

     Cl  12    Vxx=   -1.1102    axis=(  0.834050 -0.109132 -0.540787)
     Cl  12    Vyy=   -1.9534    axis=( -0.446606  0.441924 -0.777976)
     Cl  12    Vzz=    3.0636    axis=(  0.323889  0.890390  0.319848)
     Cl  12  Q=        -8.1650 1e-30 m^2  Cq=       -58.7744 MHz  eta= 0.27523

     H   13    Vxx=   -0.0587    axis=(  0.992772 -0.056857  0.105696)
     H   13    Vyy=   -0.5336    axis=(  0.107698  0.810694 -0.575479)
     H   13    Vzz=    0.5923    axis=( -0.052967  0.582702  0.810958)
     H   13  Q=         1.0000 1e-30 m^2  Cq=         1.3917 MHz  eta= 0.80195

     C   14    Vxx=   -0.0975    axis=(  0.971667  0.171436 -0.162702)
     C   14    Vyy=   -0.5118    axis=(  0.058322  0.493188  0.867965)
     C   14    Vzz=    0.6094    axis=(  0.229043 -0.852863  0.469216)
     C   14  Q=         1.0000 1e-30 m^2  Cq=         1.4318 MHz  eta= 0.67988

     H   15    Vxx=   -0.0567    axis=(  0.553471  0.453748 -0.698415)
     H   15    Vyy=   -0.5847    axis=( -0.136839  0.876711  0.461143)
     H   15    Vzz=    0.6414    axis=( -0.821550  0.159659 -0.547324)
     H   15  Q=         1.0000 1e-30 m^2  Cq=         1.5069 MHz  eta= 0.82319

     C   16    Vxx=   -0.0442    axis=( -0.100831 -0.242495  0.964898)
     C   16    Vyy=   -0.8402    axis=( -0.994864  0.033260 -0.095604)
     C   16    Vzz=    0.8845    axis=( -0.008909 -0.969582 -0.244604)
     C   16  Q=         1.0000 1e-30 m^2  Cq=         2.0782 MHz  eta= 0.89996

     C   17    Vxx=    0.2072    axis=( -0.574021  0.714329 -0.400293)
     C   17    Vyy=    0.3777    axis=(  0.781091  0.624390 -0.005852)
     C   17    Vzz=   -0.5849    axis=( -0.245758  0.316024  0.916369)
     C   17  Q=         1.0000 1e-30 m^2  Cq=        -1.3743 MHz  eta= 0.29163

     Cl  18    Vxx=    0.4112    axis=(  0.973783 -0.179604  0.139605)
     Cl  18    Vyy=    2.1438    axis=(  0.128630  0.940912  0.313272)
     Cl  18    Vzz=   -2.5550    axis=( -0.187621 -0.287102  0.939346)
     Cl  18  Q=        -8.1650 1e-30 m^2  Cq=        49.0158 MHz  eta= 0.67814

     H   19    Vxx=    0.0057    axis=( -0.113047  0.803747  0.584132)
     H   19    Vyy=    0.3067    axis=(  0.055671 -0.581854  0.811386)
     H   19    Vzz=   -0.3124    axis=( -0.992029 -0.124244 -0.021031)
     H   19  Q=         1.0000 1e-30 m^2  Cq=        -0.7341 MHz  eta= 0.96355

     C   20    Vxx=   -0.0497    axis=( -0.563921  0.638043  0.524304)
     C   20    Vyy=   -0.7440    axis=( -0.805550 -0.285162 -0.519396)
     C   20    Vzz=    0.7937    axis=( -0.181885 -0.715251  0.674784)
     C   20  Q=         1.0000 1e-30 m^2  Cq=         1.8649 MHz  eta= 0.87481

     H   21    Vxx=    0.0403    axis=( -0.144830  0.730426  0.667460)
     H   21    Vyy=    0.6784    axis=( -0.728542  0.377728 -0.571445)
     H   21    Vzz=   -0.7186    axis=(  0.669516  0.569035 -0.477439)
     H   21  Q=         1.0000 1e-30 m^2  Cq=        -1.6885 MHz  eta= 0.88790

     C   22    Vxx=   -0.0901    axis=(  0.108409  0.317285  0.942113)
     C   22    Vyy=   -0.4646    axis=(  0.650779 -0.739057  0.174015)
     C   22    Vzz=    0.5547    axis=(  0.751488  0.594242 -0.286603)
     C   22  Q=         1.0000 1e-30 m^2  Cq=         1.3034 MHz  eta= 0.67510

     C   23    Vxx=   -0.0438    axis=( -0.477723  0.572742  0.666143)
     C   23    Vyy=   -0.8292    axis=( -0.878399 -0.299345 -0.372568)
     C   23    Vzz=    0.8731    axis=( -0.013979 -0.763124  0.646100)
     C   23  Q=         1.0000 1e-30 m^2  Cq=         2.0513 MHz  eta= 0.89960

     Cl  24    Vxx=   -0.8354    axis=(  0.497644  0.074352  0.864189)
     Cl  24    Vyy=   -2.5959    axis=( -0.593693  0.755559  0.276874)
     Cl  24    Vzz=    3.4313    axis=( -0.632360 -0.650847  0.420142)
     Cl  24  Q=        -8.1650 1e-30 m^2  Cq=       -65.8277 MHz  eta= 0.51309

     Initialization:
     gipaw_setup  :      9.03s CPU     10.84s WALL (       1 calls)

     Linear response

     Apply operators

     Induced current

     Other routines
     efg          :      9.27s CPU     11.75s WALL (       1 calls)

     General routines
     calbec       :      3.38s CPU      4.56s WALL (      16 calls)
     fft          :      2.01s CPU      3.91s WALL (      15 calls)
     ffts         :      0.04s CPU      0.06s WALL (       2 calls)
     fftw         :      3.12s CPU      3.86s WALL (     672 calls)
     davcio       :      0.04s CPU      0.34s WALL (      32 calls)

     Parallel routines
     fft_scatter  :      2.65s CPU      4.99s WALL (     689 calls)

     Plugins

     GIPAW        :     61.13s CPU     74.12s WALL (       1 calls)
