
     Program QE v.6.0 (svn rev. 13079) starts on 24Jan2017 at  6:18:44 

     This program is part of the open-source Quantum ESPRESSO suite
     for quantum simulation of materials; please cite
         "P. Giannozzi et al., J. Phys.:Condens. Matter 21 395502 (2009);
          URL http://www.quantum-espresso.org", 
     in publications or presentations arising from this work. More details at
     http://www.quantum-espresso.org/quote

     Parallel version (MPI), running on     8 processors
     R & G space division:  proc/nbgrp/npool/nimage =       8

     ***** This is GIPAW svn revision unknown      *****

     Parallelizing q-star over 1 images

     Reading data from directory:
     /users/majewski/paradichlorobenzene/pbe/9_constraint/scratch/pbe.ecut100.np8.dt60.pcl2phi-129368.save
     Message from routine read_xml_file:
     file /users/majewski/paradichlorobenzene/pbe/9_constraint/scratch/pbe.ecut100.np8.dt60.pcl2phi-129368.save not guaranteed to be safe for post-processing

   Info: using nr1, nr2, nr3 values from input

   Info: using nr1, nr2, nr3 values from input

     IMPORTANT: XC functional enforced from input :
     Exchange-correlation      =  SLA  PW   PBX  PBC ( 1  4  3  4 0 0)
     Any further DFT definition will be discarded
     Please, verify this is what you really want

               file C.pbe-n-kjpaw_psl.1.0.0.UPF: wavefunction(s)  2S 2P renormalized
               file Cl.pbe-n-kjpaw_psl.1.0.0.UPF: wavefunction(s)  3S 3P renormalized
               file H.pbe-kjpaw_psl.1.0.0.UPF: wavefunction(s)  1S renormalized

     Parallelization info
     --------------------
     sticks:   dense  smooth     PW     G-vecs:    dense   smooth      PW
     Min        3057    1223    332               144436    36536    5170
     Max        3059    1225    333               144437    36537    5171
     Sum       24467    9791   2657              1155489   292295   41363


     Subspace diagonalization in iterative solution of the eigenvalue problem:
     a serial algorithm will be used

     GIPAW projectors -----------------------------------------------
     atom=  C    l=0  rc=    1.2000  rs=    0.8000
     atom=  C    l=0  rc=    1.2000  rs=    0.8000
     atom=  C    l=1  rc=    1.4000  rs=    0.9333
     atom=  C    l=1  rc=    1.4000  rs=    0.9333
     projs nearly linearly dependent: l=1  n1,n2= 1, 2  s=  0.99951561

     atom=  Cl   l=0  rc=    1.6000  rs=    1.0667
     atom=  Cl   l=0  rc=    1.6000  rs=    1.0667
     atom=  Cl   l=1  rc=    1.6000  rs=    1.0667
     atom=  Cl   l=1  rc=    1.6000  rs=    1.0667
     atom=  Cl   l=2  rc=    1.6000  rs=    1.0667
     atom=  Cl   l=2  rc=    1.6000  rs=    1.0667
     projs nearly linearly dependent: l=2  n1,n2= 1, 2  s=  0.99993509

     atom=  H    l=0  rc=    1.0000  rs=    0.6667
     atom=  H    l=0  rc=    1.0000  rs=    0.6667
     projs nearly linearly dependent: l=0  n1,n2= 1, 2  s=  0.99968852
     -----------------------------------------------------------------

     GIPAW integrals: -------------------------------------------
     Atom  i/j   nmr_para   nmr_dia   epr_rmc  epr_para   epr_dia
       C   1 1   0.83E+03  0.17E-01  0.93E+01  0.24E+08  0.24E+03
       C   2 1   0.86E+03 -0.61E-01  0.94E+01  0.25E+08  0.25E+03
       C   2 2   0.90E+03 -0.15E+00  0.97E+01  0.26E+08  0.26E+03
       C   3 3   0.33E+01  0.34E+00  0.18E+01  0.55E+03  0.21E+02
       C   4 3   0.35E+01  0.37E+00  0.20E+01  0.59E+03  0.22E+02
       C   4 4   0.38E+01  0.39E+00  0.22E+01  0.63E+03  0.24E+02
       Cl  1 1   0.14E+04 -0.47E+00  0.84E+01  0.32E+09  0.42E+03
       Cl  2 1   0.21E+04 -0.37E+00  0.12E+02  0.49E+09  0.65E+03
       Cl  2 2   0.33E+04 -0.16E+00  0.21E+02  0.76E+09  0.10E+04
       Cl  3 3   0.21E+02  0.79E-01  0.89E+01  0.23E+05  0.13E+03
       Cl  4 3   0.24E+02  0.67E-01  0.99E+01  0.27E+05  0.15E+03
       Cl  4 4   0.28E+02  0.44E-01  0.11E+02  0.32E+05  0.18E+03
       Cl  5 5   0.77E+00  0.19E+00  0.18E+01  0.12E+03  0.22E+02
       Cl  6 5   0.80E+00  0.19E+00  0.19E+01  0.12E+03  0.23E+02
       Cl  6 6   0.83E+00  0.20E+00  0.19E+01  0.12E+03  0.23E+02
       H   1 1   0.39E+02  0.19E+00  0.29E+00  0.78E+05  0.13E+02
       H   2 1   0.41E+02  0.21E+00  0.32E+00  0.82E+05  0.14E+02
       H   2 2   0.43E+02  0.22E+00  0.36E+00  0.86E+05  0.15E+02
     ------------------------------------------------------------

     alpha_pv=     34.1322 eV

     Number of occupied bands for each k-point:
     k-point:     1    nbnd_occ=  42
     k-point:     2    nbnd_occ=  42
     k-point:     3    nbnd_occ=  42
     k-point:     4    nbnd_occ=  42
     k-point:     5    nbnd_occ=  42
     k-point:     6    nbnd_occ=  42
     k-point:     7    nbnd_occ=  42
     k-point:     8    nbnd_occ=  42
     k-point:     9    nbnd_occ=  42
     k-point:    10    nbnd_occ=  42
     k-point:    11    nbnd_occ=  42
     k-point:    12    nbnd_occ=  42
     k-point:    13    nbnd_occ=  42
     k-point:    14    nbnd_occ=  42
     k-point:    15    nbnd_occ=  42
     k-point:    16    nbnd_occ=  42


     q-space interpolation up to   110.00 Rydberg

     GIPAW job: efg                                                                             


     ELECTRIC FIELD GRADIENTS TENSORS IN Hartree/bohrradius^2:

     ----- bare term -----
     Cl   1       -0.174134        0.131638        0.004759
     Cl   1        0.131638        0.077488       -0.103298
     Cl   1        0.004759       -0.103298        0.096646

     C    2       -0.053210        0.141273       -0.198450
     C    2        0.141273        0.017287       -0.654688
     C    2       -0.198450       -0.654688        0.035923

     C    3       -0.289757        0.232097       -0.258723
     C    3        0.232097        0.051232       -0.258090
     C    3       -0.258723       -0.258090        0.238525

     H    4       -0.414581       -0.547372       -0.005456
     H    4       -0.547372        0.068885        0.066480
     H    4       -0.005456        0.066480        0.345695

     C    5       -0.075758        0.331592       -0.146621
     C    5        0.331592       -0.115259       -0.437228
     C    5       -0.146621       -0.437228        0.191017

     H    6        0.175869       -0.494597        0.036023
     H    6       -0.494597       -0.564586       -0.129196
     H    6        0.036023       -0.129196        0.388717

     H    7        0.378533        0.032368       -0.080016
     H    7        0.032368       -0.541099        0.561524
     H    7       -0.080016        0.561524        0.162566

     C    8       -0.701667       -0.318914       -0.360306
     C    8       -0.318914        0.272166        0.152110
     C    8       -0.360306        0.152110        0.429502

     H    9       -0.376158        0.007137       -0.550366
     H    9        0.007137        0.272359        0.058020
     H    9       -0.550366        0.058020        0.103799

     C   10       -0.061868       -0.018118       -0.302282
     C   10       -0.018118       -0.194900        0.593056
     C   10       -0.302282        0.593056        0.256768

     C   11       -0.441950       -0.326364       -0.185066
     C   11       -0.326364        0.054277        0.367235
     C   11       -0.185066        0.367235        0.387673

     Cl  12       -0.004117        0.135365       -0.026998
     Cl  12        0.135365        0.137760        0.021565
     Cl  12       -0.026998        0.021565       -0.133643

     H   13        0.390542       -0.047313       -0.051494
     H   13       -0.047313       -0.526488       -0.619224
     H   13       -0.051494       -0.619224        0.135947

     C   14       -0.729578        0.391065       -0.347645
     C   14        0.391065        0.449827       -0.228504
     C   14       -0.347645       -0.228504        0.279751

     H   15       -0.367884       -0.039603       -0.522474
     H   15       -0.039603        0.132702       -0.179917
     H   15       -0.522474       -0.179917        0.235182

     C   16        0.052476        0.394612       -0.065801
     C   16        0.394612       -0.179848       -0.572661
     C   16       -0.065801       -0.572661        0.127372

     C   17       -0.533380        0.362808       -0.415282
     C   17        0.362808        0.310009       -0.128809
     C   17       -0.415282       -0.128809        0.223372

     Cl  18       -0.100863        0.007704        0.048382
     Cl  18        0.007704       -0.059661        0.114432
     Cl  18        0.048382        0.114432        0.160524

     H   19        0.470808        0.127267       -0.006156
     H   19        0.127267       -0.754325       -0.138846
     H   19       -0.006156       -0.138846        0.283517

     C   20       -0.254839        0.094039       -0.311994
     C   20        0.094039        0.049231        0.573976
     C   20       -0.311994        0.573976        0.205608

     H   21       -0.299305        0.302436       -0.449333
     H   21        0.302436        0.085488        0.252595
     H   21       -0.449333        0.252595        0.213817

     C   22       -0.588911       -0.322206       -0.097048
     C   22       -0.322206        0.201809        0.338505
     C   22       -0.097048        0.338505        0.387102

     C   23        0.006067        0.278280       -0.452015
     C   23        0.278280       -0.146060        0.569730
     C   23       -0.452015        0.569730        0.139993

     Cl  24       -0.241048       -0.200906       -0.013768
     Cl  24       -0.200906        0.182467       -0.025726
     Cl  24       -0.013768       -0.025726        0.058582

     ----- ionic term -----
     Cl   1        0.092517       -0.215703        0.013329
     Cl   1       -0.215703        0.079848       -0.006347
     Cl   1        0.013329       -0.006347       -0.172365

     C    2        0.200490       -0.153744        0.287400
     C    2       -0.153744        0.186027        0.383002
     C    2        0.287400        0.383002       -0.386517

     C    3        0.170384       -0.150402        0.159384
     C    3       -0.150402        0.191886        0.415288
     C    3        0.159384        0.415288       -0.362270

     H    4        0.684478        0.355438        0.583563
     H    4        0.355438       -0.413172        0.243355
     H    4        0.583563        0.243355       -0.271306

     C    5        0.375054       -0.068156        0.222432
     C    5       -0.068156        0.034306        0.318503
     C    5        0.222432        0.318503       -0.409361

     H    6       -0.476044        0.241160        0.109028
     H    6        0.241160        0.686278        0.657861
     H    6        0.109028        0.657861       -0.210234

     H    7       -0.507839        0.044709       -0.000567
     H    7        0.044709        0.766113       -0.629893
     H    7       -0.000567       -0.629893       -0.258274

     C    8        0.344272        0.239209        0.299303
     C    8        0.239209        0.048911       -0.274655
     C    8        0.299303       -0.274655       -0.393182

     H    9        0.519968       -0.273851        0.715456
     H    9       -0.273851       -0.418864       -0.245479
     H    9        0.715456       -0.245479       -0.101104

     C   10        0.193399        0.282675        0.202557
     C   10        0.282675        0.187434       -0.328522
     C   10        0.202557       -0.328522       -0.380833

     C   11        0.223819        0.210282        0.203537
     C   11        0.210282        0.170528       -0.345470
     C   11        0.203537       -0.345470       -0.394346

     Cl  12        0.156162        0.223976       -0.003903
     Cl  12        0.223976        0.001529       -0.005511
     Cl  12       -0.003903       -0.005511       -0.157691

     H   13       -0.508054        0.101961        0.070837
     H   13        0.101961        0.865639        0.564653
     H   13        0.070837        0.564653       -0.357585

     C   14        0.347950       -0.205893        0.213026
     C   14       -0.205893        0.077687        0.293979
     C   14        0.213026        0.293979       -0.425636

     H   15        0.646516        0.346950        0.628296
     H   15        0.346950       -0.410332        0.255342
     H   15        0.628296        0.255342       -0.236184

     C   16        0.187782       -0.228321        0.131722
     C   16       -0.228321        0.146893        0.430796
     C   16        0.131722        0.430796       -0.334675

     C   17        0.302348       -0.083650        0.182478
     C   17       -0.083650        0.037406        0.441653
     C   17        0.182478        0.441653       -0.339754

     Cl  18        0.157020       -0.200032       -0.035206
     Cl  18       -0.200032       -0.033561        0.022532
     Cl  18       -0.035206        0.022532       -0.123459

     H   19       -0.496308       -0.150766        0.061440
     H   19       -0.150766        0.910643       -0.484561
     H   19        0.061440       -0.484561       -0.414335

     C   20        0.331961        0.203312        0.240983
     C   20        0.203312        0.131808       -0.231345
     C   20        0.240983       -0.231345       -0.463769

     H   21        0.570844       -0.158953        0.741901
     H   21       -0.158953       -0.474019       -0.179110
     H   21        0.741901       -0.179110       -0.096825

     C   22        0.209828        0.279861        0.220602
     C   22        0.279861        0.202646       -0.284258
     C   22        0.220602       -0.284258       -0.412474

     C   23        0.271313        0.133432        0.312341
     C   23        0.133432        0.106547       -0.330079
     C   23        0.312341       -0.330079       -0.377860

     Cl  24        0.167409        0.190891        0.012389
     Cl  24        0.190891       -0.011794       -0.004634
     Cl  24        0.012389       -0.004634       -0.155615

     ----- GIPAW term -----
     Cl   1        0.371949       -1.810754       -0.012358
     Cl   1       -1.810754        0.779834       -0.823460
     Cl   1       -0.012358       -0.823460       -1.151783

     C    2       -0.027499        0.058110       -0.081429
     C    2        0.058110        0.136035       -0.201671
     C    2       -0.081429       -0.201671       -0.108536

     C    3       -0.047930        0.134640       -0.120129
     C    3        0.134640        0.079491       -0.109450
     C    3       -0.120129       -0.109450       -0.031561

     H    4       -0.000000        0.000000        0.000000
     H    4        0.000000        0.000000        0.000000
     H    4        0.000000        0.000000        0.000000

     C    5       -0.015895        0.191784       -0.044442
     C    5        0.191784        0.114100       -0.152584
     C    5       -0.044442       -0.152584       -0.098205

     H    6       -0.000000        0.000000        0.000000
     H    6        0.000000        0.000000        0.000000
     H    6        0.000000        0.000000        0.000000

     H    7       -0.000000        0.000000        0.000000
     H    7        0.000000        0.000000        0.000000
     H    7        0.000000        0.000000        0.000000

     C    8       -0.165412        0.042812       -0.064025
     C    8        0.042812        0.189138       -0.053090
     C    8       -0.064025       -0.053090       -0.023726

     H    9       -0.000000        0.000000        0.000000
     H    9        0.000000        0.000000        0.000000
     H    9        0.000000        0.000000        0.000000

     C   10       -0.032871        0.102224       -0.074783
     C   10        0.102224        0.057048        0.086381
     C   10       -0.074783        0.086381       -0.024177

     C   11       -0.045968        0.174338        0.024013
     C   11        0.174338        0.142987        0.112324
     C   11        0.024013        0.112324       -0.097018

     Cl  12        0.882111        3.074377       -0.108688
     Cl  12        3.074377        1.568757        0.275727
     Cl  12       -0.108688        0.275727       -2.450868

     H   13       -0.000000        0.000000        0.000000
     H   13        0.000000        0.000000        0.000000
     H   13        0.000000        0.000000        0.000000

     C   14       -0.196982        0.119674       -0.054203
     C   14        0.119674        0.266547       -0.094391
     C   14       -0.054203       -0.094391       -0.069565

     H   15       -0.000000        0.000000        0.000000
     H   15        0.000000        0.000000        0.000000
     H   15        0.000000        0.000000        0.000000

     C   16       -0.075558        0.151871        0.022296
     C   16        0.151871        0.202948       -0.011562
     C   16        0.022296       -0.011562       -0.127390

     C   17       -0.066321        0.129841       -0.004809
     C   17        0.129841        0.210967        0.093414
     C   17       -0.004809        0.093414       -0.144646

     Cl  18       -0.305246       -1.655968        0.351456
     Cl  18       -1.655968       -0.646977        1.629856
     Cl  18        0.351456        1.629856        0.952222

     H   19       -0.000000        0.000000        0.000000
     H   19        0.000000        0.000000        0.000000
     H   19        0.000000        0.000000        0.000000

     C   20       -0.112390        0.078436       -0.013881
     C   20        0.078436        0.163692        0.240066
     C   20       -0.013881        0.240066       -0.051301

     H   21       -0.000000        0.000000        0.000000
     H   21        0.000000        0.000000        0.000000
     H   21        0.000000        0.000000        0.000000

     C   22       -0.202347        0.043184        0.015040
     C   22        0.043184        0.253961        0.130306
     C   22        0.015040        0.130306       -0.051613

     C   23        0.060865        0.256494       -0.112525
     C   23        0.256494        0.047181        0.017333
     C   23       -0.112525        0.017333       -0.108046

     Cl  24       -0.139569        1.392143       -0.142472
     Cl  24        1.392143        1.802808       -0.303584
     Cl  24       -0.142472       -0.303584       -1.663239

     ----- total EFG -----
     Cl   1        0.290332       -1.894820        0.005730
     Cl   1       -1.894820        0.937170       -0.933105
     Cl   1        0.005730       -0.933105       -1.227502

     C    2        0.119781        0.045638        0.007521
     C    2        0.045638        0.339349       -0.473356
     C    2        0.007521       -0.473356       -0.459130

     C    3       -0.167303        0.216335       -0.219468
     C    3        0.216335        0.322608        0.047748
     C    3       -0.219468        0.047748       -0.155305

     H    4        0.269897       -0.191934        0.578107
     H    4       -0.191934       -0.344287        0.309836
     H    4        0.578107        0.309836        0.074389

     C    5        0.283402        0.455221        0.031370
     C    5        0.455221        0.033147       -0.271310
     C    5        0.031370       -0.271310       -0.316549

     H    6       -0.300175       -0.253438        0.145051
     H    6       -0.253438        0.121692        0.528665
     H    6        0.145051        0.528665        0.178483

     H    7       -0.129306        0.077077       -0.080584
     H    7        0.077077        0.225014       -0.068369
     H    7       -0.080584       -0.068369       -0.095708

     C    8       -0.522807       -0.036893       -0.125028
     C    8       -0.036893        0.510214       -0.175635
     C    8       -0.125028       -0.175635        0.012593

     H    9        0.143810       -0.266714        0.165090
     H    9       -0.266714       -0.146505       -0.187459
     H    9        0.165090       -0.187459        0.002695

     C   10        0.098660        0.366781       -0.174508
     C   10        0.366781        0.049582        0.350915
     C   10       -0.174508        0.350915       -0.148243

     C   11       -0.264100        0.058257        0.042484
     C   11        0.058257        0.367792        0.134090
     C   11        0.042484        0.134090       -0.103692

     Cl  12        1.034156        3.433719       -0.139589
     Cl  12        3.433719        1.708046        0.291781
     Cl  12       -0.139589        0.291781       -2.742202

     H   13       -0.117513        0.054648        0.019342
     H   13        0.054648        0.339151       -0.054571
     H   13        0.019342       -0.054571       -0.221638

     C   14       -0.578611        0.304846       -0.188822
     C   14        0.304846        0.794061       -0.028916
     C   14       -0.188822       -0.028916       -0.215450

     H   15        0.278632        0.307347        0.105822
     H   15        0.307347       -0.277629        0.075425
     H   15        0.105822        0.075425       -0.001002

     C   16        0.164700        0.318162        0.088218
     C   16        0.318162        0.169993       -0.153427
     C   16        0.088218       -0.153427       -0.334693

     C   17       -0.297353        0.408999       -0.237614
     C   17        0.408999        0.558382        0.406259
     C   17       -0.237614        0.406259       -0.261029

     Cl  18       -0.249089       -1.848296        0.364632
     Cl  18       -1.848296       -0.740198        1.766819
     Cl  18        0.364632        1.766819        0.989288

     H   19       -0.025500       -0.023500        0.055284
     H   19       -0.023500        0.156318       -0.623407
     H   19        0.055284       -0.623407       -0.130818

     C   20       -0.035269        0.375786       -0.084892
     C   20        0.375786        0.344731        0.582697
     C   20       -0.084892        0.582697       -0.309463

     H   21        0.271539        0.143482        0.292568
     H   21        0.143482       -0.388531        0.073485
     H   21        0.292568        0.073485        0.116992

     C   22       -0.581431        0.000839        0.138595
     C   22        0.000839        0.658415        0.184552
     C   22        0.138595        0.184552       -0.076985

     C   23        0.338245        0.668207       -0.252199
     C   23        0.668207        0.007668        0.256984
     C   23       -0.252199        0.256984       -0.345913

     Cl  24       -0.213208        1.382128       -0.143851
     Cl  24        1.382128        1.973480       -0.333944
     Cl  24       -0.143851       -0.333944       -1.760272

     ----- total EFG (symmetrized) -----
     Cl   1        0.290332       -1.894820        0.005730
     Cl   1       -1.894820        0.937170       -0.933105
     Cl   1        0.005730       -0.933105       -1.227502

     C    2        0.119781        0.045638        0.007521
     C    2        0.045638        0.339349       -0.473356
     C    2        0.007521       -0.473356       -0.459130

     C    3       -0.167303        0.216335       -0.219468
     C    3        0.216335        0.322608        0.047748
     C    3       -0.219468        0.047748       -0.155305

     H    4        0.269897       -0.191934        0.578107
     H    4       -0.191934       -0.344287        0.309836
     H    4        0.578107        0.309836        0.074389

     C    5        0.283402        0.455221        0.031370
     C    5        0.455221        0.033147       -0.271310
     C    5        0.031370       -0.271310       -0.316549

     H    6       -0.300175       -0.253438        0.145051
     H    6       -0.253438        0.121692        0.528665
     H    6        0.145051        0.528665        0.178483

     H    7       -0.129306        0.077077       -0.080584
     H    7        0.077077        0.225014       -0.068369
     H    7       -0.080584       -0.068369       -0.095708

     C    8       -0.522807       -0.036893       -0.125028
     C    8       -0.036893        0.510214       -0.175635
     C    8       -0.125028       -0.175635        0.012593

     H    9        0.143810       -0.266714        0.165090
     H    9       -0.266714       -0.146505       -0.187459
     H    9        0.165090       -0.187459        0.002695

     C   10        0.098660        0.366781       -0.174508
     C   10        0.366781        0.049582        0.350915
     C   10       -0.174508        0.350915       -0.148243

     C   11       -0.264100        0.058257        0.042484
     C   11        0.058257        0.367792        0.134090
     C   11        0.042484        0.134090       -0.103692

     Cl  12        1.034156        3.433719       -0.139589
     Cl  12        3.433719        1.708046        0.291781
     Cl  12       -0.139589        0.291781       -2.742202

     H   13       -0.117513        0.054648        0.019342
     H   13        0.054648        0.339151       -0.054571
     H   13        0.019342       -0.054571       -0.221638

     C   14       -0.578611        0.304846       -0.188822
     C   14        0.304846        0.794061       -0.028916
     C   14       -0.188822       -0.028916       -0.215450

     H   15        0.278632        0.307347        0.105822
     H   15        0.307347       -0.277629        0.075425
     H   15        0.105822        0.075425       -0.001002

     C   16        0.164700        0.318162        0.088218
     C   16        0.318162        0.169993       -0.153427
     C   16        0.088218       -0.153427       -0.334693

     C   17       -0.297353        0.408999       -0.237614
     C   17        0.408999        0.558382        0.406259
     C   17       -0.237614        0.406259       -0.261029

     Cl  18       -0.249089       -1.848296        0.364632
     Cl  18       -1.848296       -0.740198        1.766819
     Cl  18        0.364632        1.766819        0.989288

     H   19       -0.025500       -0.023500        0.055284
     H   19       -0.023500        0.156318       -0.623407
     H   19        0.055284       -0.623407       -0.130818

     C   20       -0.035269        0.375786       -0.084892
     C   20        0.375786        0.344731        0.582697
     C   20       -0.084892        0.582697       -0.309463

     H   21        0.271539        0.143482        0.292568
     H   21        0.143482       -0.388531        0.073485
     H   21        0.292568        0.073485        0.116992

     C   22       -0.581431        0.000839        0.138595
     C   22        0.000839        0.658415        0.184552
     C   22        0.138595        0.184552       -0.076985

     C   23        0.338245        0.668207       -0.252199
     C   23        0.668207        0.007668        0.256984
     C   23       -0.252199        0.256984       -0.345913

     Cl  24       -0.213208        1.382128       -0.143851
     Cl  24        1.382128        1.973480       -0.333944
     Cl  24       -0.143851       -0.333944       -1.760272


     NQR/NMR SPECTROSCOPIC PARAMETERS:
     Cl   1    Vxx=   -0.7477    axis=(  0.646397  0.352059 -0.676923)
     Cl   1    Vyy=   -1.9232    axis=(  0.455260  0.533994  0.712453)
     Cl   1    Vzz=    2.6709    axis=(  0.612298 -0.768704  0.184894)
     Cl   1  Q=        -8.1650 1e-30 m^2  Cq=       -51.2398 MHz  eta= 0.44013

     C    2    Vxx=    0.1173    axis=(  0.995755 -0.064342  0.065826)
     C    2    Vyy=    0.5627    axis=(  0.086079  0.904236 -0.418268)
     C    2    Vzz=   -0.6800    axis=( -0.032610  0.422158  0.905935)
     C    2  Q=         1.0000 1e-30 m^2  Cq=        -1.5977 MHz  eta= 0.65491

     C    3    Vxx=    0.0231    axis=( -0.566293  0.285807  0.773063)
     C    3    Vyy=    0.4067    axis=( -0.374406 -0.924795  0.067639)
     C    3    Vzz=   -0.4298    axis=(  0.734256 -0.251136  0.630713)
     C    3  Q=         1.0000 1e-30 m^2  Cq=        -1.0099 MHz  eta= 0.89244

     H    4    Vxx=   -0.0190    axis=(  0.473192 -0.737782 -0.481423)
     H    4    Vyy=   -0.7423    axis=(  0.458937  0.672910 -0.580146)
     H    4    Vzz=    0.7613    axis=(  0.751975  0.053577  0.657011)
     H    4  Q=         1.0000 1e-30 m^2  Cq=         1.7888 MHz  eta= 0.95006

     C    5    Vxx=   -0.0934    axis=(  0.542174 -0.495514  0.678611)
     C    5    Vyy=   -0.5584    axis=(  0.351263 -0.600003 -0.718756)
     C    5    Vzz=    0.6517    axis=( -0.763323 -0.628062  0.151250)
     C    5  Q=         1.0000 1e-30 m^2  Cq=         1.5313 MHz  eta= 0.71345

     H    6    Vxx=   -0.0569    axis=(  0.748833 -0.430038  0.504298)
     H    6    Vyy=   -0.6278    axis=( -0.658420 -0.569630  0.491940)
     H    6    Vzz=    0.6848    axis=( -0.075711  0.700421  0.709703)
     H    6  Q=         1.0000 1e-30 m^2  Cq=         1.6089 MHz  eta= 0.83367

     H    7    Vxx=   -0.0655    axis=( -0.562572  0.327857  0.758962)
     H    7    Vyy=   -0.1956    axis=(  0.792784 -0.046493  0.607727)
     H    7    Vzz=    0.2611    axis=( -0.234534 -0.943583  0.233764)
     H    7  Q=         1.0000 1e-30 m^2  Cq=         0.6135 MHz  eta= 0.49822

     C    8    Vxx=   -0.0100    axis=( -0.246327  0.294284  0.923429)
     C    8    Vyy=   -0.5559    axis=(  0.969184  0.072330  0.235481)
     C    8    Vzz=    0.5660    axis=(  0.002507  0.952977 -0.303032)
     C    8  Q=         1.0000 1e-30 m^2  Cq=         1.3298 MHz  eta= 0.96456

     H    9    Vxx=   -0.1060    axis=( -0.571920 -0.028250  0.819823)
     H    9    Vyy=   -0.3293    axis=(  0.386889  0.871980  0.299947)
     H    9    Vzz=    0.4353    axis=( -0.723343  0.488726 -0.487773)
     H    9  Q=         1.0000 1e-30 m^2  Cq=         1.0229 MHz  eta= 0.51296

     C   10    Vxx=    0.1375    axis=( -0.628066  0.279114  0.726381)
     C   10    Vyy=    0.4707    axis=( -0.618485 -0.745537 -0.248298)
     C   10    Vzz=   -0.6082    axis=(  0.472240 -0.605203  0.640874)
     C   10  Q=         1.0000 1e-30 m^2  Cq=        -1.4291 MHz  eta= 0.54790

     C   11    Vxx=   -0.1342    axis=(  0.185917 -0.273648  0.943690)
     C   11    Vyy=   -0.2758    axis=(  0.977529 -0.045608 -0.205809)
     C   11    Vzz=    0.4100    axis=(  0.099359  0.960748  0.259020)
     C   11  Q=         1.0000 1e-30 m^2  Cq=         0.9633 MHz  eta= 0.34529

     Cl  12    Vxx=   -1.9642    axis=( -0.695978  0.622302  0.358267)
     Cl  12    Vyy=   -2.8591    axis=(  0.255465 -0.251705  0.933479)
     Cl  12    Vzz=    4.8233    axis=( -0.671083 -0.741205 -0.016204)
     Cl  12  Q=        -8.1650 1e-30 m^2  Cq=       -92.5325 MHz  eta= 0.18553

     H   13    Vxx=   -0.1180    axis=(  0.969691 -0.088747  0.227647)
     H   13    Vyy=   -0.2324    axis=(  0.217233 -0.113348 -0.969516)
     H   13    Vzz=    0.3503    axis=(  0.111845  0.989584 -0.090634)
     H   13  Q=         1.0000 1e-30 m^2  Cq=         0.8231 MHz  eta= 0.32649

     C   14    Vxx=   -0.1546    axis=( -0.322383  0.132169  0.937337)
     C   14    Vyy=   -0.7084    axis=(  0.922000 -0.180475  0.342556)
     C   14    Vzz=    0.8630    axis=(  0.214441  0.974659 -0.063678)
     C   14  Q=         1.0000 1e-30 m^2  Cq=         2.0278 MHz  eta= 0.64176

     H   15    Vxx=   -0.0352    axis=( -0.274940 -0.049837  0.960169)
     H   15    Vyy=   -0.4157    axis=( -0.395494  0.916116 -0.065697)
     H   15    Vzz=    0.4509    axis=( -0.876352 -0.397804 -0.271587)
     H   15  Q=         1.0000 1e-30 m^2  Cq=         1.0595 MHz  eta= 0.84380

     C   16    Vxx=   -0.0500    axis=( -0.641972  0.574069 -0.508248)
     C   16    Vyy=   -0.4384    axis=( -0.331418  0.389989  0.859111)
     C   16    Vzz=    0.4883    axis=( -0.691400 -0.719968  0.060105)
     C   16  Q=         1.0000 1e-30 m^2  Cq=         1.1474 MHz  eta= 0.79536

     C   17    Vxx=   -0.0412    axis=(  0.693143  0.015459 -0.720634)
     C   17    Vyy=   -0.7679    axis=( -0.665263  0.398549 -0.631335)
     C   17    Vzz=    0.8091    axis=( -0.277448 -0.917017 -0.286535)
     C   17  Q=         1.0000 1e-30 m^2  Cq=         1.9010 MHz  eta= 0.89817

     Cl  18    Vxx=    0.6703    axis=(  0.764106 -0.263964  0.588613)
     Cl  18    Vyy=    2.3347    axis=(  0.338008 -0.613340 -0.713838)
     Cl  18    Vzz=   -3.0050    axis=(  0.549447  0.744404 -0.379434)
     Cl  18  Q=        -8.1650 1e-30 m^2  Cq=        57.6496 MHz  eta= 0.55388

     H   19    Vxx=   -0.0282    axis=(  0.995873  0.090102 -0.010867)
     H   19    Vyy=   -0.6283    axis=( -0.047597  0.620484  0.782773)
     H   19    Vzz=    0.6566    axis=(  0.077272 -0.779025  0.622212)
     H   19  Q=         1.0000 1e-30 m^2  Cq=         1.5427 MHz  eta= 0.91401

     C   20    Vxx=   -0.0332    axis=(  0.865552 -0.105928 -0.489488)
     C   20    Vyy=   -0.7548    axis=( -0.367188  0.530431 -0.764079)
     C   20    Vzz=    0.7880    axis=(  0.340577  0.841084  0.420220)
     C   20  Q=         1.0000 1e-30 m^2  Cq=         1.8515 MHz  eta= 0.91561

     H   21    Vxx=   -0.1057    axis=( -0.588777 -0.089980  0.803272)
     H   21    Vyy=   -0.4187    axis=( -0.191133  0.981100 -0.030196)
     H   21    Vzz=    0.5244    axis=( -0.785372 -0.171310 -0.594847)
     H   21  Q=         1.0000 1e-30 m^2  Cq=         1.2322 MHz  eta= 0.59695

     C   22    Vxx=   -0.0843    axis=(  0.260796 -0.233077  0.936836)
     C   22    Vyy=   -0.6187    axis=(  0.965045  0.036863 -0.259477)
     C   22    Vzz=    0.7030    axis=(  0.025943  0.971759  0.234543)
     C   22  Q=         1.0000 1e-30 m^2  Cq=         1.6517 MHz  eta= 0.76011

     C   23    Vxx=   -0.0640    axis=( -0.355900  0.509849  0.783191)
     C   23    Vyy=   -0.7987    axis=( -0.495007  0.607991 -0.620738)
     C   23    Vzz=    0.8628    axis=( -0.792656 -0.608606  0.035994)
     C   23  Q=         1.0000 1e-30 m^2  Cq=         2.0271 MHz  eta= 0.85160

     Cl  24    Vxx=   -0.8819    axis=(  0.900759 -0.433967  0.017470)
     Cl  24    Vyy=   -1.7903    axis=( -0.019772 -0.081155 -0.996505)
     Cl  24    Vzz=    2.6722    axis=(  0.433868  0.897266 -0.081681)
     Cl  24  Q=        -8.1650 1e-30 m^2  Cq=       -51.2648 MHz  eta= 0.33996

     Initialization:
     gipaw_setup  :      9.18s CPU     10.61s WALL (       1 calls)

     Linear response

     Apply operators

     Induced current

     Other routines
     efg          :      9.08s CPU     11.33s WALL (       1 calls)

     General routines
     calbec       :      3.22s CPU      4.20s WALL (      16 calls)
     fft          :      1.60s CPU      2.30s WALL (      15 calls)
     ffts         :      0.04s CPU      0.10s WALL (       2 calls)
     fftw         :      3.11s CPU      3.79s WALL (     672 calls)
     davcio       :      0.02s CPU      0.32s WALL (      32 calls)

     Parallel routines
     fft_scatter  :      2.07s CPU      3.33s WALL (     689 calls)

     Plugins

     GIPAW        :     61.10s CPU     72.90s WALL (       1 calls)
