
     Program QE v.6.0 (svn rev. 13079) starts on 23Dec2016 at 16:10:17 

     This program is part of the open-source Quantum ESPRESSO suite
     for quantum simulation of materials; please cite
         "P. Giannozzi et al., J. Phys.:Condens. Matter 21 395502 (2009);
          URL http://www.quantum-espresso.org", 
     in publications or presentations arising from this work. More details at
     http://www.quantum-espresso.org/quote

     Parallel version (MPI), running on     8 processors
     R & G space division:  proc/nbgrp/npool/nimage =       8

     ***** This is GIPAW svn revision unknown      *****

     Parallelizing q-star over 1 images

     Reading data from directory:
     /users/majewski/paradichlorobenzene/pbe/9_constraint/scratch/pbe.ecut100.np8.dt60.pcl2phi-129368.save
     Message from routine read_xml_file:
     file /users/majewski/paradichlorobenzene/pbe/9_constraint/scratch/pbe.ecut100.np8.dt60.pcl2phi-129368.save not guaranteed to be safe for post-processing

   Info: using nr1, nr2, nr3 values from input

   Info: using nr1, nr2, nr3 values from input

     IMPORTANT: XC functional enforced from input :
     Exchange-correlation      =  SLA  PW   PBX  PBC ( 1  4  3  4 0 0)
     Any further DFT definition will be discarded
     Please, verify this is what you really want

               file C.pbe-n-kjpaw_psl.1.0.0.UPF: wavefunction(s)  2S 2P renormalized
               file Cl.pbe-n-kjpaw_psl.1.0.0.UPF: wavefunction(s)  3S 3P renormalized
               file H.pbe-kjpaw_psl.1.0.0.UPF: wavefunction(s)  1S renormalized

     Parallelization info
     --------------------
     sticks:   dense  smooth     PW     G-vecs:    dense   smooth      PW
     Min        3057    1223    332               144436    36536    5170
     Max        3059    1225    333               144437    36537    5171
     Sum       24467    9791   2657              1155489   292295   41363


     Subspace diagonalization in iterative solution of the eigenvalue problem:
     a serial algorithm will be used

     GIPAW projectors -----------------------------------------------
     atom=  C    l=0  rc=    1.2000  rs=    0.8000
     atom=  C    l=0  rc=    1.2000  rs=    0.8000
     atom=  C    l=1  rc=    1.4000  rs=    0.9333
     atom=  C    l=1  rc=    1.4000  rs=    0.9333
     projs nearly linearly dependent: l=1  n1,n2= 1, 2  s=  0.99951561

     atom=  Cl   l=0  rc=    1.6000  rs=    1.0667
     atom=  Cl   l=0  rc=    1.6000  rs=    1.0667
     atom=  Cl   l=1  rc=    1.6000  rs=    1.0667
     atom=  Cl   l=1  rc=    1.6000  rs=    1.0667
     atom=  Cl   l=2  rc=    1.6000  rs=    1.0667
     atom=  Cl   l=2  rc=    1.6000  rs=    1.0667
     projs nearly linearly dependent: l=2  n1,n2= 1, 2  s=  0.99993509

     atom=  H    l=0  rc=    1.0000  rs=    0.6667
     atom=  H    l=0  rc=    1.0000  rs=    0.6667
     projs nearly linearly dependent: l=0  n1,n2= 1, 2  s=  0.99968852
     -----------------------------------------------------------------

     GIPAW integrals: -------------------------------------------
     Atom  i/j   nmr_para   nmr_dia   epr_rmc  epr_para   epr_dia
       C   1 1   0.83E+03  0.17E-01  0.93E+01  0.24E+08  0.24E+03
       C   2 1   0.86E+03 -0.61E-01  0.94E+01  0.25E+08  0.25E+03
       C   2 2   0.90E+03 -0.15E+00  0.97E+01  0.26E+08  0.26E+03
       C   3 3   0.33E+01  0.34E+00  0.18E+01  0.55E+03  0.21E+02
       C   4 3   0.35E+01  0.37E+00  0.20E+01  0.59E+03  0.22E+02
       C   4 4   0.38E+01  0.39E+00  0.22E+01  0.63E+03  0.24E+02
       Cl  1 1   0.14E+04 -0.47E+00  0.84E+01  0.32E+09  0.42E+03
       Cl  2 1   0.21E+04 -0.37E+00  0.12E+02  0.49E+09  0.65E+03
       Cl  2 2   0.33E+04 -0.16E+00  0.21E+02  0.76E+09  0.10E+04
       Cl  3 3   0.21E+02  0.79E-01  0.89E+01  0.23E+05  0.13E+03
       Cl  4 3   0.24E+02  0.67E-01  0.99E+01  0.27E+05  0.15E+03
       Cl  4 4   0.28E+02  0.44E-01  0.11E+02  0.32E+05  0.18E+03
       Cl  5 5   0.77E+00  0.19E+00  0.18E+01  0.12E+03  0.22E+02
       Cl  6 5   0.80E+00  0.19E+00  0.19E+01  0.12E+03  0.23E+02
       Cl  6 6   0.83E+00  0.20E+00  0.19E+01  0.12E+03  0.23E+02
       H   1 1   0.39E+02  0.19E+00  0.29E+00  0.78E+05  0.13E+02
       H   2 1   0.41E+02  0.21E+00  0.32E+00  0.82E+05  0.14E+02
       H   2 2   0.43E+02  0.22E+00  0.36E+00  0.86E+05  0.15E+02
     ------------------------------------------------------------

     alpha_pv=     34.1095 eV

     Number of occupied bands for each k-point:
     k-point:     1    nbnd_occ=  42
     k-point:     2    nbnd_occ=  42
     k-point:     3    nbnd_occ=  42
     k-point:     4    nbnd_occ=  42
     k-point:     5    nbnd_occ=  42
     k-point:     6    nbnd_occ=  42
     k-point:     7    nbnd_occ=  42
     k-point:     8    nbnd_occ=  42
     k-point:     9    nbnd_occ=  42
     k-point:    10    nbnd_occ=  42
     k-point:    11    nbnd_occ=  42
     k-point:    12    nbnd_occ=  42
     k-point:    13    nbnd_occ=  42
     k-point:    14    nbnd_occ=  42
     k-point:    15    nbnd_occ=  42
     k-point:    16    nbnd_occ=  42


     q-space interpolation up to   110.00 Rydberg

     GIPAW job: efg                                                                             


     ELECTRIC FIELD GRADIENTS TENSORS IN Hartree/bohrradius^2:

     ----- bare term -----
     Cl   1        0.308624        0.028704        0.233372
     Cl   1        0.028704        0.253045        0.464001
     Cl   1        0.233372        0.464001       -0.561669

     C    2       -0.586509       -0.007193       -0.229010
     C    2       -0.007193        0.005132       -0.280457
     C    2       -0.229010       -0.280457        0.581377

     C    3       -0.033384        0.262528       -0.125712
     C    3        0.262528       -0.433436       -0.447029
     C    3       -0.125712       -0.447029        0.466820

     H    4       -0.569793       -0.137213       -0.114497
     H    4       -0.137213        0.401295       -0.269355
     H    4       -0.114497       -0.269355        0.168499

     C    5       -0.583273        0.389128       -0.460250
     C    5        0.389128        0.339420       -0.264605
     C    5       -0.460250       -0.264605        0.243852

     H    6        0.458941       -0.057466        0.066571
     H    6       -0.057466       -0.272228       -0.424474
     H    6        0.066571       -0.424474       -0.186713

     H    7        0.461788       -0.053723       -0.165594
     H    7       -0.053723       -0.635865       -0.100065
     H    7       -0.165594       -0.100065        0.174077

     C    8       -0.561412       -0.063081       -0.318116
     C    8       -0.063081       -0.050371        0.292911
     C    8       -0.318116        0.292911        0.611783

     H    9       -0.316741        0.197612       -0.483176
     H    9        0.197612        0.384619        0.201207
     H    9       -0.483176        0.201207       -0.067879

     C   10       -0.193085       -0.384461       -0.055473
     C   10       -0.384461       -0.356198        0.530276
     C   10       -0.055473        0.530276        0.549283

     C   11       -0.398460        0.009432       -0.313580
     C   11        0.009432       -0.016619        0.361699
     C   11       -0.313580        0.361699        0.415079

     Cl  12       -0.001696       -0.203586       -0.091276
     Cl  12       -0.203586        0.024052        0.073587
     Cl  12       -0.091276        0.073587       -0.022355

     H   13        0.454001        0.013968        0.171536
     H   13        0.013968        0.026534       -0.477849
     H   13        0.171536       -0.477849       -0.480534

     C   14       -0.122609        0.383145        0.004267
     C   14        0.383145       -0.436399       -0.333726
     C   14        0.004267       -0.333726        0.559007

     H   15       -0.522060       -0.514492       -0.202362
     H   15       -0.514492        0.170350       -0.083688
     H   15       -0.202362       -0.083688        0.351710

     C   16       -0.418280        0.392826       -0.355720
     C   16        0.392826        0.154167       -0.284716
     C   16       -0.355720       -0.284716        0.264114

     C   17       -0.026826        0.362751       -0.172776
     C   17        0.362751       -0.093850       -0.609699
     C   17       -0.172776       -0.609699        0.120676

     Cl  18       -0.016388        0.169128       -0.094811
     Cl  18        0.169128        0.080496       -0.102154
     Cl  18       -0.094811       -0.102154       -0.064109

     H   19        0.313461        0.141327       -0.325953
     H   19        0.141327       -0.096647        0.507216
     H   19       -0.325953        0.507216       -0.216814

     C   20       -0.225765       -0.340122       -0.015766
     C   20       -0.340122       -0.345279        0.406633
     C   20       -0.015766        0.406633        0.571045

     H   21        0.017844        0.005714       -0.546295
     H   21        0.005714        0.356298       -0.150418
     H   21       -0.546295       -0.150418       -0.374143

     C   22       -0.295157       -0.123474       -0.224126
     C   22       -0.123474       -0.105624        0.418221
     C   22       -0.224126        0.418221        0.400781

     C   23       -0.088895       -0.208746       -0.206697
     C   23       -0.208746       -0.284358        0.294327
     C   23       -0.206697        0.294327        0.373252

     Cl  24       -0.096887        0.016188       -0.048609
     Cl  24        0.016188       -0.075079        0.081362
     Cl  24       -0.048609        0.081362        0.171966

     ----- ionic term -----
     Cl   1        0.188643       -0.168300       -0.063611
     Cl   1       -0.168300       -0.089924        0.028679
     Cl   1       -0.063611        0.028679       -0.098719

     C    2        0.305515       -0.071515        0.110321
     C    2       -0.071515       -0.116740        0.481674
     C    2        0.110321        0.481674       -0.188775

     C    3        0.201683       -0.158722        0.072420
     C    3       -0.158722       -0.011438        0.445010
     C    3        0.072420        0.445010       -0.190245

     H    4        0.743487        0.367976        0.521598
     H    4        0.367976       -0.450310        0.230795
     H    4        0.521598        0.230795       -0.293177

     C    5        0.332100       -0.115922        0.179198
     C    5       -0.115922       -0.057906        0.334463
     C    5        0.179198        0.334463       -0.274194

     H    6       -0.509418        0.110882        0.093232
     H    6        0.110882        0.568645        0.756595
     H    6        0.093232        0.756595       -0.059226

     H    7       -0.489727        0.031378        0.001865
     H    7        0.031378        0.795523       -0.586782
     H    7        0.001865       -0.586782       -0.305796

     C    8        0.252778        0.259003        0.353475
     C    8        0.259003        0.105661       -0.214517
     C    8        0.353475       -0.214517       -0.358438

     H    9        0.348878       -0.179689        0.782998
     H    9       -0.179689       -0.458722       -0.206330
     H    9        0.782998       -0.206330        0.109844

     C   10        0.095919        0.284326        0.291776
     C   10        0.284326        0.183531       -0.271809
     C   10        0.291776       -0.271809       -0.279450

     C   11        0.142246        0.212302        0.348362
     C   11        0.212302        0.137259       -0.285754
     C   11        0.348362       -0.285754       -0.279504

     Cl  12        0.120624        0.213544        0.055441
     Cl  12        0.213544        0.037862        0.033813
     Cl  12        0.055441        0.033813       -0.158486

     H   13       -0.481612       -0.101277       -0.100234
     H   13       -0.101277        0.421174        0.791254
     H   13       -0.100234        0.791254        0.060438

     C   14        0.376417       -0.173125        0.077413
     C   14       -0.173125       -0.098158        0.371544
     C   14        0.077413        0.371544       -0.278259

     H   15        0.689731        0.337943        0.589138
     H   15        0.337943       -0.461464        0.239382
     H   15        0.589138        0.239382       -0.228267

     C   16        0.251759       -0.212777        0.055668
     C   16       -0.212777        0.017465        0.435727
     C   16        0.055668        0.435727       -0.269223

     C   17        0.251206       -0.182393        0.212311
     C   17       -0.182393        0.028804        0.384326
     C   17        0.212311        0.384326       -0.280010

     Cl  18        0.117295       -0.214322        0.003761
     Cl  18       -0.214322        0.028039       -0.001873
     Cl  18        0.003761       -0.001873       -0.145334

     H   19       -0.505716       -0.185894        0.120354
     H   19       -0.185894        0.689154       -0.653992
     H   19        0.120354       -0.653992       -0.183439

     C   20        0.196618        0.208224        0.324300
     C   20        0.208224        0.109405       -0.258669
     C   20        0.324300       -0.258669       -0.306023

     H   21        0.561641       -0.205313        0.711757
     H   21       -0.205313       -0.440710       -0.210457
     H   21        0.711757       -0.210457       -0.120931

     C   22        0.094997        0.266480        0.226553
     C   22        0.266480        0.257584       -0.338730
     C   22        0.226553       -0.338730       -0.352581

     C   23        0.182214        0.166192        0.310468
     C   23        0.166192        0.125831       -0.369530
     C   23        0.310468       -0.369530       -0.308046

     Cl  24        0.143226        0.213469        0.000406
     Cl  24        0.213469       -0.008057       -0.004983
     Cl  24        0.000406       -0.004983       -0.135168

     ----- GIPAW term -----
     Cl   1        0.396800       -0.289938       -0.156507
     Cl   1       -0.289938       -0.049542        0.273409
     Cl   1       -0.156507        0.273409       -0.347258

     C    2       -0.158136       -0.079796        0.023439
     C    2       -0.079796       -0.119932        0.004923
     C    2        0.023439        0.004923        0.278068

     C    3       -0.087691        0.035849       -0.002333
     C    3        0.035849       -0.044612        0.084192
     C    3       -0.002333        0.084192        0.132303

     H    4       -0.000000        0.000000        0.000000
     H    4        0.000000        0.000000        0.000000
     H    4        0.000000        0.000000        0.000000

     C    5       -0.093358        0.199392       -0.090974
     C    5        0.199392        0.169760       -0.065804
     C    5       -0.090974       -0.065804       -0.076402

     H    6       -0.000000        0.000000        0.000000
     H    6        0.000000        0.000000        0.000000
     H    6        0.000000        0.000000        0.000000

     H    7       -0.000000        0.000000        0.000000
     H    7        0.000000        0.000000        0.000000
     H    7        0.000000        0.000000        0.000000

     C    8       -0.183199        0.001748       -0.027050
     C    8        0.001748       -0.097033        0.126131
     C    8       -0.027050        0.126131        0.280233

     H    9       -0.000000        0.000000        0.000000
     H    9        0.000000        0.000000        0.000000
     H    9        0.000000        0.000000        0.000000

     C   10       -0.070670       -0.036570        0.051443
     C   10       -0.036570       -0.087720        0.127229
     C   10        0.051443        0.127229        0.158389

     C   11       -0.032310        0.101399        0.037416
     C   11        0.101399       -0.053768       -0.009216
     C   11        0.037416       -0.009216        0.086078

     Cl  12        1.476858        0.521695       -0.781777
     Cl  12        0.521695        0.415953        0.697995
     Cl  12       -0.781777        0.697995       -1.892812

     H   13       -0.000000        0.000000        0.000000
     H   13        0.000000        0.000000        0.000000
     H   13        0.000000        0.000000        0.000000

     C   14       -0.054381        0.097525        0.123604
     C   14        0.097525       -0.189914        0.030935
     C   14        0.123604        0.030935        0.244295

     H   15       -0.000000        0.000000        0.000000
     H   15        0.000000        0.000000        0.000000
     H   15        0.000000        0.000000        0.000000

     C   16       -0.073123        0.209984       -0.085519
     C   16        0.209984        0.154340       -0.028636
     C   16       -0.085519       -0.028636       -0.081217

     C   17        0.070175        0.137538       -0.104526
     C   17        0.137538        0.050860       -0.168373
     C   17       -0.104526       -0.168373       -0.121035

     Cl  18        1.296666       -0.276467       -1.033766
     Cl  18       -0.276467        0.708613       -1.033113
     Cl  18       -1.033766       -1.033113       -2.005279

     H   19       -0.000000        0.000000        0.000000
     H   19        0.000000        0.000000        0.000000
     H   19        0.000000        0.000000        0.000000

     C   20       -0.099034       -0.039018        0.092064
     C   20       -0.039018       -0.195693        0.106535
     C   20        0.092064        0.106535        0.294727

     H   21       -0.000000        0.000000        0.000000
     H   21        0.000000        0.000000        0.000000
     H   21        0.000000        0.000000        0.000000

     C   22       -0.176879        0.010714       -0.033874
     C   22        0.010714       -0.063995        0.166360
     C   22       -0.033874        0.166360        0.240874

     C   23       -0.068014        0.017577       -0.038312
     C   23        0.017577       -0.076168        0.115424
     C   23       -0.038312        0.115424        0.144181

     Cl  24       -0.368742        1.936248        0.008444
     Cl  24        1.936248       -0.784764        1.518739
     Cl  24        0.008444        1.518739        1.153505

     ----- total EFG -----
     Cl   1        0.894066       -0.429534        0.013254
     Cl   1       -0.429534        0.113579        0.766089
     Cl   1        0.013254        0.766089       -1.007645

     C    2       -0.439130       -0.158504       -0.095250
     C    2       -0.158504       -0.231540        0.206139
     C    2       -0.095250        0.206139        0.670670

     C    3        0.080608        0.139655       -0.055624
     C    3        0.139655       -0.489486        0.082173
     C    3       -0.055624        0.082173        0.408878

     H    4        0.173693        0.230763        0.407101
     H    4        0.230763       -0.049015       -0.038560
     H    4        0.407101       -0.038560       -0.124678

     C    5       -0.344531        0.472599       -0.372026
     C    5        0.472599        0.451274        0.004054
     C    5       -0.372026        0.004054       -0.106743

     H    6       -0.050478        0.053415        0.159804
     H    6        0.053415        0.296416        0.332122
     H    6        0.159804        0.332122       -0.245939

     H    7       -0.027938       -0.022345       -0.163729
     H    7       -0.022345        0.159658       -0.686848
     H    7       -0.163729       -0.686848       -0.131719

     C    8       -0.491833        0.197670        0.008309
     C    8        0.197670       -0.041744        0.204526
     C    8        0.008309        0.204526        0.533577

     H    9        0.032137        0.017923        0.299822
     H    9        0.017923       -0.074102       -0.005122
     H    9        0.299822       -0.005122        0.041966

     C   10       -0.167835       -0.136705        0.287747
     C   10       -0.136705       -0.260387        0.385696
     C   10        0.287747        0.385696        0.428222

     C   11       -0.288524        0.323132        0.072199
     C   11        0.323132        0.066872        0.066729
     C   11        0.072199        0.066729        0.221652

     Cl  12        1.595786        0.531653       -0.817611
     Cl  12        0.531653        0.477867        0.805395
     Cl  12       -0.817611        0.805395       -2.073653

     H   13       -0.027611       -0.087309        0.071302
     H   13       -0.087309        0.447707        0.313405
     H   13        0.071302        0.313405       -0.420096

     C   14        0.199427        0.307545        0.205284
     C   14        0.307545       -0.724471        0.068753
     C   14        0.205284        0.068753        0.525043

     H   15        0.167671       -0.176549        0.386775
     H   15       -0.176549       -0.291114        0.155694
     H   15        0.386775        0.155694        0.123443

     C   16       -0.239645        0.390032       -0.385571
     C   16        0.390032        0.325971        0.122376
     C   16       -0.385571        0.122376       -0.086326

     C   17        0.294555        0.317897       -0.064991
     C   17        0.317897       -0.014187       -0.393746
     C   17       -0.064991       -0.393746       -0.280368

     Cl  18        1.397573       -0.321661       -1.124816
     Cl  18       -0.321661        0.817148       -1.137140
     Cl  18       -1.124816       -1.137140       -2.214722

     H   19       -0.192254       -0.044567       -0.205599
     H   19       -0.044567        0.592507       -0.146776
     H   19       -0.205599       -0.146776       -0.400253

     C   20       -0.128182       -0.170915        0.400598
     C   20       -0.170915       -0.431567        0.254500
     C   20        0.400598        0.254500        0.559749

     H   21        0.579485       -0.199600        0.165462
     H   21       -0.199600       -0.084412       -0.360875
     H   21        0.165462       -0.360875       -0.495073

     C   22       -0.377038        0.153720       -0.031447
     C   22        0.153720        0.087964        0.245851
     C   22       -0.031447        0.245851        0.289074

     C   23        0.025306       -0.024977        0.065459
     C   23       -0.024977       -0.234694        0.040220
     C   23        0.065459        0.040220        0.209388

     Cl  24       -0.322403        2.165905       -0.039759
     Cl  24        2.165905       -0.867900        1.595118
     Cl  24       -0.039759        1.595118        1.190303

     ----- total EFG (symmetrized) -----
     Cl   1        0.894066       -0.429534        0.013254
     Cl   1       -0.429534        0.113579        0.766089
     Cl   1        0.013254        0.766089       -1.007645

     C    2       -0.439130       -0.158504       -0.095250
     C    2       -0.158504       -0.231540        0.206139
     C    2       -0.095250        0.206139        0.670670

     C    3        0.080608        0.139655       -0.055624
     C    3        0.139655       -0.489486        0.082173
     C    3       -0.055624        0.082173        0.408878

     H    4        0.173693        0.230763        0.407101
     H    4        0.230763       -0.049015       -0.038560
     H    4        0.407101       -0.038560       -0.124678

     C    5       -0.344531        0.472599       -0.372026
     C    5        0.472599        0.451274        0.004054
     C    5       -0.372026        0.004054       -0.106743

     H    6       -0.050478        0.053415        0.159804
     H    6        0.053415        0.296416        0.332122
     H    6        0.159804        0.332122       -0.245939

     H    7       -0.027938       -0.022345       -0.163729
     H    7       -0.022345        0.159658       -0.686848
     H    7       -0.163729       -0.686848       -0.131719

     C    8       -0.491833        0.197670        0.008309
     C    8        0.197670       -0.041744        0.204526
     C    8        0.008309        0.204526        0.533577

     H    9        0.032137        0.017923        0.299822
     H    9        0.017923       -0.074102       -0.005122
     H    9        0.299822       -0.005122        0.041966

     C   10       -0.167835       -0.136705        0.287747
     C   10       -0.136705       -0.260387        0.385696
     C   10        0.287747        0.385696        0.428222

     C   11       -0.288524        0.323132        0.072199
     C   11        0.323132        0.066872        0.066729
     C   11        0.072199        0.066729        0.221652

     Cl  12        1.595786        0.531653       -0.817611
     Cl  12        0.531653        0.477867        0.805395
     Cl  12       -0.817611        0.805395       -2.073653

     H   13       -0.027611       -0.087309        0.071302
     H   13       -0.087309        0.447707        0.313405
     H   13        0.071302        0.313405       -0.420096

     C   14        0.199427        0.307545        0.205284
     C   14        0.307545       -0.724471        0.068753
     C   14        0.205284        0.068753        0.525043

     H   15        0.167671       -0.176549        0.386775
     H   15       -0.176549       -0.291114        0.155694
     H   15        0.386775        0.155694        0.123443

     C   16       -0.239645        0.390032       -0.385571
     C   16        0.390032        0.325971        0.122376
     C   16       -0.385571        0.122376       -0.086326

     C   17        0.294555        0.317897       -0.064991
     C   17        0.317897       -0.014187       -0.393746
     C   17       -0.064991       -0.393746       -0.280368

     Cl  18        1.397573       -0.321661       -1.124816
     Cl  18       -0.321661        0.817148       -1.137140
     Cl  18       -1.124816       -1.137140       -2.214722

     H   19       -0.192254       -0.044567       -0.205599
     H   19       -0.044567        0.592507       -0.146776
     H   19       -0.205599       -0.146776       -0.400253

     C   20       -0.128182       -0.170915        0.400598
     C   20       -0.170915       -0.431567        0.254500
     C   20        0.400598        0.254500        0.559749

     H   21        0.579485       -0.199600        0.165462
     H   21       -0.199600       -0.084412       -0.360875
     H   21        0.165462       -0.360875       -0.495073

     C   22       -0.377038        0.153720       -0.031447
     C   22        0.153720        0.087964        0.245851
     C   22       -0.031447        0.245851        0.289074

     C   23        0.025306       -0.024977        0.065459
     C   23       -0.024977       -0.234694        0.040220
     C   23        0.065459        0.040220        0.209388

     Cl  24       -0.322403        2.165905       -0.039759
     Cl  24        2.165905       -0.867900        1.595118
     Cl  24       -0.039759        1.595118        1.190303


     NQR/NMR SPECTROSCOPIC PARAMETERS:
     Cl   1    Vxx=    0.2799    axis=(  0.506924  0.738484  0.444599)
     Cl   1    Vyy=    1.1354    axis=(  0.857085 -0.486768 -0.168707)
     Cl   1    Vzz=   -1.4154    axis=( -0.091829 -0.466581  0.879698)
     Cl   1  Q=        -8.1650 1e-30 m^2  Cq=        27.1528 MHz  eta= 0.60441

     C    2    Vxx=   -0.2045    axis=( -0.470077  0.846331 -0.250503)
     C    2    Vyy=   -0.5250    axis=(  0.875805  0.482478 -0.013413)
     C    2    Vzz=    0.7295    axis=( -0.109510  0.225697  0.968023)
     C    2  Q=         1.0000 1e-30 m^2  Cq=         1.7141 MHz  eta= 0.43930

     C    3    Vxx=    0.1089    axis=(  0.964063  0.240491  0.112899)
     C    3    Vyy=    0.4221    axis=(  0.132941 -0.068763 -0.988736)
     C    3    Vzz=   -0.5310    axis=( -0.230019  0.968213 -0.098263)
     C    3  Q=         1.0000 1e-30 m^2  Cq=        -1.2476 MHz  eta= 0.58971

     H    4    Vxx=   -0.0342    axis=( -0.024576  0.875026 -0.483452)
     H    4    Vyy=   -0.4765    axis=( -0.583988  0.379940  0.717359)
     H    4    Vzz=    0.5107    axis=(  0.811390  0.299960  0.501667)
     H    4  Q=         1.0000 1e-30 m^2  Cq=         1.2000 MHz  eta= 0.86610

     C    5    Vxx=    0.0445    axis=( -0.343126  0.390143  0.854431)
     C    5    Vyy=    0.7038    axis=( -0.462366 -0.861970  0.207906)
     C    5    Vzz=   -0.7483    axis=(  0.817608 -0.323722  0.476153)
     C    5  Q=         1.0000 1e-30 m^2  Cq=        -1.7582 MHz  eta= 0.88104

     H    6    Vxx=   -0.0378    axis=(  0.925804 -0.330403  0.183632)
     H    6    Vyy=   -0.4427    axis=(  0.306455  0.371647 -0.876335)
     H    6    Vzz=    0.4805    axis=(  0.221297  0.867590  0.445326)
     H    6  Q=         1.0000 1e-30 m^2  Cq=         1.1290 MHz  eta= 0.84249

     H    7    Vxx=   -0.0087    axis=(  0.972563 -0.216658 -0.084744)
     H    7    Vyy=   -0.7173    axis=(  0.202195  0.607044  0.768515)
     H    7    Vzz=    0.7260    axis=( -0.115061 -0.764564  0.634195)
     H    7  Q=         1.0000 1e-30 m^2  Cq=         1.7059 MHz  eta= 0.97605

     C    8    Vxx=   -0.0330    axis=(  0.369922  0.872124 -0.320247)
     C    8    Vyy=   -0.5703    axis=(  0.926796 -0.370468  0.061664)
     C    8    Vzz=    0.6033    axis=(  0.064862  0.319615  0.945325)
     C    8  Q=         1.0000 1e-30 m^2  Cq=         1.4175 MHz  eta= 0.89059

     H    9    Vxx=   -0.0729    axis=( -0.045999 -0.996072  0.075657)
     H    9    Vyy=   -0.2642    axis=(  0.711139 -0.085841 -0.697792)
     H    9    Vzz=    0.3371    axis=(  0.701545  0.021704  0.712294)
     H    9  Q=         1.0000 1e-30 m^2  Cq=         0.7921 MHz  eta= 0.56758

     C   10    Vxx=   -0.0698    axis=(  0.805777 -0.592178 -0.006945)
     C   10    Vyy=   -0.5866    axis=(  0.532687  0.729852 -0.428440)
     C   10    Vzz=    0.6564    axis=(  0.258782  0.341528  0.903543)
     C   10  Q=         1.0000 1e-30 m^2  Cq=         1.5423 MHz  eta= 0.78718

     C   11    Vxx=    0.1446    axis=(  0.295296  0.567563 -0.768552)
     C   11    Vyy=    0.3361    axis=(  0.410560  0.650981  0.638486)
     C   11    Vzz=   -0.4807    axis=( -0.862694  0.504079  0.040787)
     C   11  Q=         1.0000 1e-30 m^2  Cq=        -1.1296 MHz  eta= 0.39830

     Cl  12    Vxx=    0.6462    axis=( -0.221605  0.914861  0.337520)
     Cl  12    Vyy=    1.8733    axis=(  0.949443  0.281361 -0.139265)
     Cl  12    Vzz=   -2.5195    axis=(  0.222373 -0.289594  0.930959)
     Cl  12  Q=        -8.1650 1e-30 m^2  Cq=        48.3351 MHz  eta= 0.48702

     H   13    Vxx=   -0.0165    axis=(  0.977363  0.044131  0.206916)
     H   13    Vyy=   -0.5391    axis=( -0.183246 -0.312261  0.932156)
     H   13    Vzz=    0.5556    axis=(  0.105749 -0.948971 -0.297105)
     H   13  Q=         1.0000 1e-30 m^2  Cq=         1.3053 MHz  eta= 0.94075

     C   14    Vxx=    0.1631    axis=(  0.822545  0.245274 -0.513089)
     C   14    Vyy=    0.6544    axis=(  0.490053  0.152096  0.858321)
     C   14    Vzz=   -0.8175    axis=( -0.288563  0.957448 -0.004909)
     C   14  Q=         1.0000 1e-30 m^2  Cq=        -1.9208 MHz  eta= 0.60103

     H   15    Vxx=   -0.0311    axis=( -0.492016  0.668285  0.557957)
     H   15    Vyy=   -0.5024    axis=(  0.470352  0.743362 -0.475586)
     H   15    Vzz=    0.5336    axis=(  0.732591 -0.028441  0.680075)
     H   15  Q=         1.0000 1e-30 m^2  Cq=         1.2537 MHz  eta= 0.88327

     C   16    Vxx=    0.1652    axis=( -0.416496  0.382826  0.824607)
     C   16    Vyy=    0.5345    axis=(  0.501207  0.853421 -0.143051)
     C   16    Vzz=   -0.6998    axis=( -0.758500  0.353719 -0.547321)
     C   16  Q=         1.0000 1e-30 m^2  Cq=        -1.6441 MHz  eta= 0.52774

     C   17    Vxx=   -0.0005    axis=( -0.663847  0.502978 -0.553462)
     C   17    Vyy=   -0.5855    axis=( -0.167786  0.621021  0.765625)
     C   17    Vzz=    0.5860    axis=(  0.728804  0.601120 -0.327870)
     C   17  Q=         1.0000 1e-30 m^2  Cq=         1.3769 MHz  eta= 0.99833

     Cl  18    Vxx=    1.1917    axis=( -0.088881  0.953236 -0.288860)
     Cl  18    Vyy=    1.7192    axis=(  0.961007  0.005829 -0.276462)
     Cl  18    Vzz=   -2.9109    axis=(  0.261850  0.302169  0.916585)
     Cl  18  Q=        -8.1650 1e-30 m^2  Cq=        55.8449 MHz  eta= 0.18121

     H   19    Vxx=   -0.0680    axis=(  0.859746 -0.054826 -0.507770)
     H   19    Vyy=   -0.5460    axis=(  0.510361  0.129573  0.850143)
     H   19    Vzz=    0.6140    axis=(  0.019183 -0.990053  0.139381)
     H   19  Q=         1.0000 1e-30 m^2  Cq=         1.4427 MHz  eta= 0.77856

     C   20    Vxx=   -0.1148    axis=(  0.767317 -0.598674 -0.229814)
     C   20    Vyy=   -0.6515    axis=(  0.514773  0.788753 -0.335974)
     C   20    Vzz=    0.7663    axis=(  0.382405  0.139496  0.913404)
     C   20  Q=         1.0000 1e-30 m^2  Cq=         1.8006 MHz  eta= 0.70036

     H   21    Vxx=    0.0109    axis=(  0.408565  0.800972 -0.437629)
     H   21    Vyy=    0.6955    axis=(  0.912045 -0.339708  0.229721)
     H   21    Vzz=   -0.7065    axis=( -0.035334  0.492993  0.869315)
     H   21  Q=         1.0000 1e-30 m^2  Cq=        -1.6599 MHz  eta= 0.96901

     C   22    Vxx=   -0.0194    axis=(  0.369012  0.744794 -0.555978)
     C   22    Vyy=   -0.4392    axis=( -0.926426  0.342764 -0.155714)
     C   22    Vzz=    0.4586    axis=(  0.074595  0.572533  0.816481)
     C   22  Q=         1.0000 1e-30 m^2  Cq=         1.0775 MHz  eta= 0.91540

     C   23    Vxx=    0.0096    axis=(  0.948643 -0.143400 -0.281979)
     C   23    Vyy=    0.2323    axis=(  0.293508  0.066431  0.953646)
     C   23    Vzz=   -0.2420    axis=( -0.118021 -0.987433  0.105108)
     C   23  Q=         1.0000 1e-30 m^2  Cq=        -0.5685 MHz  eta= 0.92045

     Cl  24    Vxx=    0.5857    axis=( -0.682690 -0.273798  0.677472)
     Cl  24    Vyy=    2.5562    axis=( -0.435798 -0.591640 -0.678264)
     Cl  24    Vzz=   -3.1419    axis=( -0.586527  0.758285 -0.284586)
     Cl  24  Q=        -8.1650 1e-30 m^2  Cq=        60.2750 MHz  eta= 0.62716

     Initialization:
     gipaw_setup  :      9.36s CPU     11.05s WALL (       1 calls)

     Linear response

     Apply operators

     Induced current

     Other routines
     efg          :      9.55s CPU     12.53s WALL (       1 calls)

     General routines
     calbec       :      3.27s CPU      4.33s WALL (      16 calls)
     fft          :      1.32s CPU      1.68s WALL (      15 calls)
     ffts         :      0.05s CPU      0.09s WALL (       2 calls)
     fftw         :      3.59s CPU      4.82s WALL (     672 calls)
     davcio       :      0.01s CPU      0.33s WALL (      32 calls)

     Parallel routines
     fft_scatter  :      2.35s CPU      3.80s WALL (     689 calls)

     Plugins

     GIPAW        :     63.14s CPU     75.88s WALL (       1 calls)
