
     Program QE v.6.0 (svn rev. 13079) starts on 17Dec2016 at  1:41:12 

     This program is part of the open-source Quantum ESPRESSO suite
     for quantum simulation of materials; please cite
         "P. Giannozzi et al., J. Phys.:Condens. Matter 21 395502 (2009);
          URL http://www.quantum-espresso.org", 
     in publications or presentations arising from this work. More details at
     http://www.quantum-espresso.org/quote

     Parallel version (MPI), running on     8 processors
     R & G space division:  proc/nbgrp/npool/nimage =       8

     ***** This is GIPAW svn revision unknown      *****

     Parallelizing q-star over 1 images

     Reading data from directory:
     /users/majewski/paradichlorobenzene/pbe/9_constraint/scratch/pbe.ecut100.np8.dt60.pcl2phi-129368.save
     Message from routine read_xml_file:
     file /users/majewski/paradichlorobenzene/pbe/9_constraint/scratch/pbe.ecut100.np8.dt60.pcl2phi-129368.save not guaranteed to be safe for post-processing

   Info: using nr1, nr2, nr3 values from input

   Info: using nr1, nr2, nr3 values from input

     IMPORTANT: XC functional enforced from input :
     Exchange-correlation      =  SLA  PW   PBX  PBC ( 1  4  3  4 0 0)
     Any further DFT definition will be discarded
     Please, verify this is what you really want

               file C.pbe-n-kjpaw_psl.1.0.0.UPF: wavefunction(s)  2S 2P renormalized
               file Cl.pbe-n-kjpaw_psl.1.0.0.UPF: wavefunction(s)  3S 3P renormalized
               file H.pbe-kjpaw_psl.1.0.0.UPF: wavefunction(s)  1S renormalized

     Parallelization info
     --------------------
     sticks:   dense  smooth     PW     G-vecs:    dense   smooth      PW
     Min        3057    1223    332               144436    36536    5170
     Max        3059    1225    333               144437    36537    5171
     Sum       24467    9791   2657              1155489   292295   41363


     Subspace diagonalization in iterative solution of the eigenvalue problem:
     a serial algorithm will be used

     GIPAW projectors -----------------------------------------------
     atom=  C    l=0  rc=    1.2000  rs=    0.8000
     atom=  C    l=0  rc=    1.2000  rs=    0.8000
     atom=  C    l=1  rc=    1.4000  rs=    0.9333
     atom=  C    l=1  rc=    1.4000  rs=    0.9333
     projs nearly linearly dependent: l=1  n1,n2= 1, 2  s=  0.99951561

     atom=  Cl   l=0  rc=    1.6000  rs=    1.0667
     atom=  Cl   l=0  rc=    1.6000  rs=    1.0667
     atom=  Cl   l=1  rc=    1.6000  rs=    1.0667
     atom=  Cl   l=1  rc=    1.6000  rs=    1.0667
     atom=  Cl   l=2  rc=    1.6000  rs=    1.0667
     atom=  Cl   l=2  rc=    1.6000  rs=    1.0667
     projs nearly linearly dependent: l=2  n1,n2= 1, 2  s=  0.99993509

     atom=  H    l=0  rc=    1.0000  rs=    0.6667
     atom=  H    l=0  rc=    1.0000  rs=    0.6667
     projs nearly linearly dependent: l=0  n1,n2= 1, 2  s=  0.99968852
     -----------------------------------------------------------------

     GIPAW integrals: -------------------------------------------
     Atom  i/j   nmr_para   nmr_dia   epr_rmc  epr_para   epr_dia
       C   1 1   0.83E+03  0.17E-01  0.93E+01  0.24E+08  0.24E+03
       C   2 1   0.86E+03 -0.61E-01  0.94E+01  0.25E+08  0.25E+03
       C   2 2   0.90E+03 -0.15E+00  0.97E+01  0.26E+08  0.26E+03
       C   3 3   0.33E+01  0.34E+00  0.18E+01  0.55E+03  0.21E+02
       C   4 3   0.35E+01  0.37E+00  0.20E+01  0.59E+03  0.22E+02
       C   4 4   0.38E+01  0.39E+00  0.22E+01  0.63E+03  0.24E+02
       Cl  1 1   0.14E+04 -0.47E+00  0.84E+01  0.32E+09  0.42E+03
       Cl  2 1   0.21E+04 -0.37E+00  0.12E+02  0.49E+09  0.65E+03
       Cl  2 2   0.33E+04 -0.16E+00  0.21E+02  0.76E+09  0.10E+04
       Cl  3 3   0.21E+02  0.79E-01  0.89E+01  0.23E+05  0.13E+03
       Cl  4 3   0.24E+02  0.67E-01  0.99E+01  0.27E+05  0.15E+03
       Cl  4 4   0.28E+02  0.44E-01  0.11E+02  0.32E+05  0.18E+03
       Cl  5 5   0.77E+00  0.19E+00  0.18E+01  0.12E+03  0.22E+02
       Cl  6 5   0.80E+00  0.19E+00  0.19E+01  0.12E+03  0.23E+02
       Cl  6 6   0.83E+00  0.20E+00  0.19E+01  0.12E+03  0.23E+02
       H   1 1   0.39E+02  0.19E+00  0.29E+00  0.78E+05  0.13E+02
       H   2 1   0.41E+02  0.21E+00  0.32E+00  0.82E+05  0.14E+02
       H   2 2   0.43E+02  0.22E+00  0.36E+00  0.86E+05  0.15E+02
     ------------------------------------------------------------

     alpha_pv=     34.3840 eV

     Number of occupied bands for each k-point:
     k-point:     1    nbnd_occ=  42
     k-point:     2    nbnd_occ=  42
     k-point:     3    nbnd_occ=  42
     k-point:     4    nbnd_occ=  42
     k-point:     5    nbnd_occ=  42
     k-point:     6    nbnd_occ=  42
     k-point:     7    nbnd_occ=  42
     k-point:     8    nbnd_occ=  42
     k-point:     9    nbnd_occ=  42
     k-point:    10    nbnd_occ=  42
     k-point:    11    nbnd_occ=  42
     k-point:    12    nbnd_occ=  42
     k-point:    13    nbnd_occ=  42
     k-point:    14    nbnd_occ=  42
     k-point:    15    nbnd_occ=  42
     k-point:    16    nbnd_occ=  42


     q-space interpolation up to   110.00 Rydberg

     GIPAW job: efg                                                                             


     ELECTRIC FIELD GRADIENTS TENSORS IN Hartree/bohrradius^2:

     ----- bare term -----
     Cl   1       -0.048313       -0.108556       -0.053214
     Cl   1       -0.108556       -0.026264        0.110442
     Cl   1       -0.053214        0.110442        0.074576

     C    2       -0.632467        0.255882       -0.218352
     C    2        0.255882        0.133511       -0.124271
     C    2       -0.218352       -0.124271        0.498957

     C    3        0.263790        0.024427        0.151776
     C    3        0.024427       -0.294840       -0.139075
     C    3        0.151776       -0.139075        0.031050

     H    4       -0.378688       -0.355970        0.243962
     H    4       -0.355970        0.244809        0.078808
     H    4        0.243962        0.078808        0.133879

     C    5       -0.559991        0.224142       -0.255220
     C    5        0.224142        0.274806       -0.019540
     C    5       -0.255220       -0.019540        0.285185

     H    6        0.464284       -0.209078        0.063214
     H    6       -0.209078       -0.570095       -0.066743
     H    6        0.063214       -0.066743        0.105810

     H    7        0.087718       -0.266850        0.028653
     H    7       -0.266850       -0.376790        0.435350
     H    7        0.028653        0.435350        0.289071

     C    8       -0.295667        0.047437       -0.380183
     C    8        0.047437       -0.038411        0.496004
     C    8       -0.380183        0.496004        0.334078

     H    9       -0.194917        0.181503       -0.445861
     H    9        0.181503        0.330496        0.333445
     H    9       -0.445861        0.333445       -0.135580

     C   10       -0.346663       -0.367590       -0.269269
     C   10       -0.367590       -0.098476        0.305742
     C   10       -0.269269        0.305742        0.445138

     C   11       -0.150024        0.026502       -0.328865
     C   11        0.026502       -0.044330        0.678685
     C   11       -0.328865        0.678685        0.194355

     Cl  12       -0.088850       -0.095107       -0.017674
     Cl  12       -0.095107        0.074114        0.004272
     Cl  12       -0.017674        0.004272        0.014736

     H   13        0.462099       -0.008756       -0.033244
     H   13       -0.008756       -0.818915       -0.047562
     H   13       -0.033244       -0.047562        0.356815

     C   14       -0.131549       -0.075762       -0.326422
     C   14       -0.075762       -0.129806       -0.332820
     C   14       -0.326422       -0.332820        0.261355

     H   15       -0.127334       -0.482865       -0.184108
     H   15       -0.482865       -0.289461       -0.006823
     H   15       -0.184108       -0.006823        0.416795

     C   16       -0.698139        0.389676       -0.294383
     C   16        0.389676        0.342975       -0.180841
     C   16       -0.294383       -0.180841        0.355164

     C   17        0.008772       -0.083183       -0.278792
     C   17       -0.083183       -0.238491       -0.427065
     C   17       -0.278792       -0.427065        0.229718

     Cl  18       -0.240052        0.293779       -0.000152
     Cl  18        0.293779        0.078241       -0.068811
     Cl  18       -0.000152       -0.068811        0.161811

     H   19        0.366854        0.046675       -0.182701
     H   19        0.046675       -0.289258        0.490858
     H   19       -0.182701        0.490858       -0.077596

     C   20       -0.515076       -0.332811       -0.186459
     C   20       -0.332811        0.108986        0.438793
     C   20       -0.186459        0.438793        0.406089

     H   21        0.030290        0.042575       -0.499175
     H   21        0.042575        0.342526       -0.166470
     H   21       -0.499175       -0.166470       -0.372816

     C   22       -0.135356       -0.175433       -0.218277
     C   22       -0.175433       -0.098606        0.570638
     C   22       -0.218277        0.570638        0.233962

     C   23       -0.252593       -0.285130       -0.270455
     C   23       -0.285130       -0.068428        0.294151
     C   23       -0.270455        0.294151        0.321021

     Cl  24        0.118934        0.126978        0.156780
     Cl  24        0.126978       -0.105142       -0.346428
     Cl  24        0.156780       -0.346428       -0.013792

     ----- ionic term -----
     Cl   1        0.145045       -0.213935        0.041112
     Cl   1       -0.213935        0.023343       -0.023854
     Cl   1        0.041112       -0.023854       -0.168388

     C    2        0.253812       -0.087226        0.222542
     C    2       -0.087226        0.258981        0.300751
     C    2        0.222542        0.300751       -0.512793

     C    3        0.256856       -0.172115        0.081875
     C    3       -0.172115        0.266273        0.351017
     C    3        0.081875        0.351017       -0.523129

     H    4        0.716609        0.501918        0.478896
     H    4        0.501918       -0.271738        0.245239
     H    4        0.478896        0.245239       -0.444872

     C    5        0.481965       -0.095147        0.101709
     C    5       -0.095147        0.045494        0.308475
     C    5        0.101709        0.308475       -0.527459

     H    6       -0.496198        0.091370        0.018385
     H    6        0.091370        0.705540        0.671058
     H    6        0.018385        0.671058       -0.209341

     H    7       -0.512686        0.124255       -0.023170
     H    7        0.124255        0.570831       -0.723259
     H    7       -0.023170       -0.723259       -0.058145

     C    8        0.205411        0.339767        0.356719
     C    8        0.339767       -0.016893       -0.241377
     C    8        0.356719       -0.241377       -0.188517

     H    9        0.501093       -0.243929        0.727653
     H    9       -0.243929       -0.472378       -0.243137
     H    9        0.727653       -0.243137       -0.028715

     C   10        0.142028        0.312420        0.225812
     C   10        0.312420        0.082526       -0.350721
     C   10        0.225812       -0.350721       -0.224554

     C   11        0.172789        0.238175        0.269389
     C   11        0.238175        0.043513       -0.372759
     C   11        0.269389       -0.372759       -0.216302

     Cl  12        0.149351        0.201132        0.024269
     Cl  12        0.201132        0.009219        0.005762
     Cl  12        0.024269        0.005762       -0.158570

     H   13       -0.520280        0.123645        0.039551
     H   13        0.123645        1.028930        0.347631
     H   13        0.039551        0.347631       -0.508650

     C   14        0.354469       -0.060585        0.150467
     C   14       -0.060585        0.147200        0.243080
     C   14        0.150467        0.243080       -0.501669

     H   15        0.644075        0.519634        0.482508
     H   15        0.519634       -0.255370        0.254319
     H   15        0.482508        0.254319       -0.388706

     C   16        0.173339       -0.085399        0.090309
     C   16       -0.085399        0.256171        0.395986
     C   16        0.090309        0.395986       -0.429509

     C   17        0.363178       -0.023340        0.076648
     C   17       -0.023340        0.130522        0.412185
     C   17        0.076648        0.412185       -0.493700

     Cl  18        0.167460       -0.183063       -0.065815
     Cl  18       -0.183063       -0.043246        0.037284
     Cl  18       -0.065815        0.037284       -0.124214

     H   19       -0.496108       -0.189058        0.074145
     H   19       -0.189058        0.776530       -0.603181
     H   19        0.074145       -0.603181       -0.280422

     C   20        0.231818        0.203510        0.292184
     C   20        0.203510        0.101164       -0.258606
     C   20        0.292184       -0.258606       -0.332982

     H   21        0.509543       -0.276297        0.730628
     H   21       -0.276297       -0.397563       -0.248133
     H   21        0.730628       -0.248133       -0.111980

     C   22        0.106075        0.258063        0.227075
     C   22        0.258063        0.236476       -0.345366
     C   22        0.227075       -0.345366       -0.342551

     C   23        0.047143        0.296221        0.377367
     C   23        0.296221        0.186896       -0.306925
     C   23        0.377367       -0.306925       -0.234039

     Cl  24        0.100582        0.246904        0.042982
     Cl  24        0.246904        0.062462        0.024540
     Cl  24        0.042982        0.024540       -0.163044

     ----- GIPAW term -----
     Cl   1        0.529789       -2.756617       -0.831486
     Cl   1       -2.756617       -0.158230        1.290469
     Cl   1       -0.831486        1.290469       -0.371559

     C    2       -0.118373       -0.032771       -0.068411
     C    2       -0.032771       -0.055370        0.062566
     C    2       -0.068411        0.062566        0.173742

     C    3        0.019595       -0.010501        0.019148
     C    3       -0.010501       -0.010389        0.035690
     C    3        0.019148        0.035690       -0.009206

     H    4       -0.000000        0.000000        0.000000
     H    4        0.000000        0.000000        0.000000
     H    4        0.000000        0.000000        0.000000

     C    5       -0.067525        0.008339       -0.023294
     C    5        0.008339        0.008169        0.041239
     C    5       -0.023294        0.041239        0.059355

     H    6       -0.000000        0.000000        0.000000
     H    6        0.000000        0.000000        0.000000
     H    6        0.000000        0.000000        0.000000

     H    7       -0.000000        0.000000        0.000000
     H    7        0.000000        0.000000        0.000000
     H    7        0.000000        0.000000        0.000000

     C    8       -0.005163        0.091347       -0.017762
     C    8        0.091347       -0.011941        0.143637
     C    8       -0.017762        0.143637        0.017104

     H    9       -0.000000        0.000000        0.000000
     H    9        0.000000        0.000000        0.000000
     H    9        0.000000        0.000000        0.000000

     C   10       -0.062964        0.019134       -0.089501
     C   10        0.019134        0.028431       -0.007836
     C   10       -0.089501       -0.007836        0.034533

     C   11       -0.009048        0.104316       -0.072555
     C   11        0.104316        0.075497        0.194643
     C   11       -0.072555        0.194643       -0.066449

     Cl  12        0.924179        1.821252       -0.162624
     Cl  12        1.821252        0.694113        0.012893
     Cl  12       -0.162624        0.012893       -1.618292

     H   13       -0.000000        0.000000        0.000000
     H   13        0.000000        0.000000        0.000000
     H   13        0.000000        0.000000        0.000000

     C   14       -0.102661       -0.098985       -0.087224
     C   14       -0.098985        0.089356        0.115804
     C   14       -0.087224        0.115804        0.013305

     H   15       -0.000000        0.000000        0.000000
     H   15        0.000000        0.000000        0.000000
     H   15        0.000000        0.000000        0.000000

     C   16       -0.243911        0.088578       -0.057006
     C   16        0.088578        0.317797        0.019765
     C   16       -0.057006        0.019765       -0.073887

     C   17       -0.060665       -0.124676       -0.036802
     C   17       -0.124676        0.087914        0.149785
     C   17       -0.036802        0.149785       -0.027249

     Cl  18       -1.143062       -0.112877       -0.310067
     Cl  18       -0.112877        2.301622       -1.705140
     Cl  18       -0.310067       -1.705140       -1.158561

     H   19       -0.000000        0.000000        0.000000
     H   19        0.000000        0.000000        0.000000
     H   19        0.000000        0.000000        0.000000

     C   20       -0.176872       -0.043793       -0.011831
     C   20       -0.043793        0.063686        0.230965
     C   20       -0.011831        0.230965        0.113186

     H   21       -0.000000        0.000000        0.000000
     H   21        0.000000        0.000000        0.000000
     H   21        0.000000        0.000000        0.000000

     C   22       -0.139900       -0.029585       -0.064410
     C   22       -0.029585        0.045930        0.238543
     C   22       -0.064410        0.238543        0.093970

     C   23       -0.086502       -0.010887       -0.055641
     C   23       -0.010887        0.035775        0.161305
     C   23       -0.055641        0.161305        0.050727

     Cl  24        0.024408        0.252540       -0.533090
     Cl  24        0.252540        0.315455        0.937757
     Cl  24       -0.533090        0.937757       -0.339864

     ----- total EFG -----
     Cl   1        0.626522       -3.079108       -0.843587
     Cl   1       -3.079108       -0.161151        1.377056
     Cl   1       -0.843587        1.377056       -0.465371

     C    2       -0.497028        0.135885       -0.064221
     C    2        0.135885        0.337122        0.239046
     C    2       -0.064221        0.239046        0.159906

     C    3        0.540241       -0.158188        0.252800
     C    3       -0.158188       -0.038956        0.247632
     C    3        0.252800        0.247632       -0.501285

     H    4        0.337921        0.145948        0.722858
     H    4        0.145948       -0.026929        0.324047
     H    4        0.722858        0.324047       -0.310992

     C    5       -0.145550        0.137334       -0.176805
     C    5        0.137334        0.328469        0.330174
     C    5       -0.176805        0.330174       -0.182919

     H    6       -0.031914       -0.117708        0.081599
     H    6       -0.117708        0.135445        0.604315
     H    6        0.081599        0.604315       -0.103531

     H    7       -0.424968       -0.142596        0.005484
     H    7       -0.142596        0.194041       -0.287910
     H    7        0.005484       -0.287910        0.230926

     C    8       -0.095420        0.478551       -0.041226
     C    8        0.478551       -0.067245        0.398265
     C    8       -0.041226        0.398265        0.162665

     H    9        0.306177       -0.062427        0.281793
     H    9       -0.062427       -0.141882        0.090307
     H    9        0.281793        0.090307       -0.164295

     C   10       -0.267599       -0.036036       -0.132958
     C   10       -0.036036        0.012481       -0.052815
     C   10       -0.132958       -0.052815        0.255118

     C   11        0.013717        0.368993       -0.132031
     C   11        0.368993        0.074680        0.500569
     C   11       -0.132031        0.500569       -0.088397

     Cl  12        0.984681        1.927277       -0.156029
     Cl  12        1.927277        0.777446        0.022927
     Cl  12       -0.156029        0.022927       -1.762127

     H   13       -0.058181        0.114889        0.006307
     H   13        0.114889        0.210016        0.300069
     H   13        0.006307        0.300069       -0.151835

     C   14        0.120259       -0.235332       -0.263179
     C   14       -0.235332        0.106750        0.026063
     C   14       -0.263179        0.026063       -0.227009

     H   15        0.516742        0.036769        0.298400
     H   15        0.036769       -0.544831        0.247497
     H   15        0.298400        0.247497        0.028089

     C   16       -0.768711        0.392854       -0.261080
     C   16        0.392854        0.916944        0.234910
     C   16       -0.261080        0.234910       -0.148233

     C   17        0.311286       -0.231198       -0.238946
     C   17       -0.231198       -0.020055        0.134906
     C   17       -0.238946        0.134906       -0.291231

     Cl  18       -1.215653       -0.002162       -0.376034
     Cl  18       -0.002162        2.336617       -1.736668
     Cl  18       -0.376034       -1.736668       -1.120964

     H   19       -0.129254       -0.142383       -0.108556
     H   19       -0.142383        0.487271       -0.112324
     H   19       -0.108556       -0.112324       -0.358017

     C   20       -0.460130       -0.173094        0.093894
     C   20       -0.173094        0.273836        0.411152
     C   20        0.093894        0.411152        0.186293

     H   21        0.539834       -0.233723        0.231453
     H   21       -0.233723       -0.055037       -0.414603
     H   21        0.231453       -0.414603       -0.484796

     C   22       -0.169182        0.053044       -0.055612
     C   22        0.053044        0.183801        0.463814
     C   22       -0.055612        0.463814       -0.014619

     C   23       -0.291952        0.000204        0.051272
     C   23        0.000204        0.154243        0.148531
     C   23        0.051272        0.148531        0.137709

     Cl  24        0.243924        0.626421       -0.333328
     Cl  24        0.626421        0.272775        0.615869
     Cl  24       -0.333328        0.615869       -0.516699

     ----- total EFG (symmetrized) -----
     Cl   1        0.626522       -3.079108       -0.843587
     Cl   1       -3.079108       -0.161151        1.377056
     Cl   1       -0.843587        1.377056       -0.465371

     C    2       -0.497028        0.135885       -0.064221
     C    2        0.135885        0.337122        0.239046
     C    2       -0.064221        0.239046        0.159906

     C    3        0.540241       -0.158188        0.252800
     C    3       -0.158188       -0.038956        0.247632
     C    3        0.252800        0.247632       -0.501285

     H    4        0.337921        0.145948        0.722858
     H    4        0.145948       -0.026929        0.324047
     H    4        0.722858        0.324047       -0.310992

     C    5       -0.145550        0.137334       -0.176805
     C    5        0.137334        0.328469        0.330174
     C    5       -0.176805        0.330174       -0.182919

     H    6       -0.031914       -0.117708        0.081599
     H    6       -0.117708        0.135445        0.604315
     H    6        0.081599        0.604315       -0.103531

     H    7       -0.424968       -0.142596        0.005484
     H    7       -0.142596        0.194041       -0.287910
     H    7        0.005484       -0.287910        0.230926

     C    8       -0.095420        0.478551       -0.041226
     C    8        0.478551       -0.067245        0.398265
     C    8       -0.041226        0.398265        0.162665

     H    9        0.306177       -0.062427        0.281793
     H    9       -0.062427       -0.141882        0.090307
     H    9        0.281793        0.090307       -0.164295

     C   10       -0.267599       -0.036036       -0.132958
     C   10       -0.036036        0.012481       -0.052815
     C   10       -0.132958       -0.052815        0.255118

     C   11        0.013717        0.368993       -0.132031
     C   11        0.368993        0.074680        0.500569
     C   11       -0.132031        0.500569       -0.088397

     Cl  12        0.984681        1.927277       -0.156029
     Cl  12        1.927277        0.777446        0.022927
     Cl  12       -0.156029        0.022927       -1.762127

     H   13       -0.058181        0.114889        0.006307
     H   13        0.114889        0.210016        0.300069
     H   13        0.006307        0.300069       -0.151835

     C   14        0.120259       -0.235332       -0.263179
     C   14       -0.235332        0.106750        0.026063
     C   14       -0.263179        0.026063       -0.227009

     H   15        0.516742        0.036769        0.298400
     H   15        0.036769       -0.544831        0.247497
     H   15        0.298400        0.247497        0.028089

     C   16       -0.768711        0.392854       -0.261080
     C   16        0.392854        0.916944        0.234910
     C   16       -0.261080        0.234910       -0.148233

     C   17        0.311286       -0.231198       -0.238946
     C   17       -0.231198       -0.020055        0.134906
     C   17       -0.238946        0.134906       -0.291231

     Cl  18       -1.215653       -0.002162       -0.376034
     Cl  18       -0.002162        2.336617       -1.736668
     Cl  18       -0.376034       -1.736668       -1.120964

     H   19       -0.129254       -0.142383       -0.108556
     H   19       -0.142383        0.487271       -0.112324
     H   19       -0.108556       -0.112324       -0.358017

     C   20       -0.460130       -0.173094        0.093894
     C   20       -0.173094        0.273836        0.411152
     C   20        0.093894        0.411152        0.186293

     H   21        0.539834       -0.233723        0.231453
     H   21       -0.233723       -0.055037       -0.414603
     H   21        0.231453       -0.414603       -0.484796

     C   22       -0.169182        0.053044       -0.055612
     C   22        0.053044        0.183801        0.463814
     C   22       -0.055612        0.463814       -0.014619

     C   23       -0.291952        0.000204        0.051272
     C   23        0.000204        0.154243        0.148531
     C   23        0.051272        0.148531        0.137709

     Cl  24        0.243924        0.626421       -0.333328
     Cl  24        0.626421        0.272775        0.615869
     Cl  24       -0.333328        0.615869       -0.516699


     NQR/NMR SPECTROSCOPIC PARAMETERS:
     Cl   1    Vxx=   -0.9103    axis=(  0.396925 -0.052932  0.916324)
     Cl   1    Vyy=   -2.9777    axis=(  0.604097  0.766686 -0.217389)
     Cl   1    Vzz=    3.8881    axis=( -0.691026  0.639836  0.336293)
     Cl   1  Q=        -8.1650 1e-30 m^2  Cq=       -74.5907 MHz  eta= 0.53173

     C    2    Vxx=    0.0254    axis=( -0.236884 -0.524047  0.818083)
     C    2    Vyy=    0.5092    axis=( -0.076673 -0.829340 -0.553459)
     C    2    Vzz=   -0.5346    axis=(  0.968508 -0.193830  0.156277)
     C    2  Q=         1.0000 1e-30 m^2  Cq=        -1.2561 MHz  eta= 0.90507

     C    3    Vxx=    0.0654    axis=(  0.073199  0.901475  0.426596)
     C    3    Vyy=    0.6149    axis=(  0.969159 -0.165221  0.182845)
     C    3    Vzz=   -0.6803    axis=( -0.235313 -0.400056  0.885767)
     C    3  Q=         1.0000 1e-30 m^2  Cq=        -1.5984 MHz  eta= 0.80778

     H    4    Vxx=   -0.0753    axis=(  0.397264 -0.916742 -0.042014)
     H    4    Vyy=   -0.8286    axis=(  0.487328  0.249532 -0.836807)
     H    4    Vzz=    0.9039    axis=(  0.777620  0.311959  0.545884)
     H    4  Q=         1.0000 1e-30 m^2  Cq=         2.1238 MHz  eta= 0.83334

     C    5    Vxx=   -0.0073    axis=(  0.836184  0.170550 -0.521258)
     C    5    Vyy=   -0.4866    axis=( -0.542899  0.392270 -0.742553)
     C    5    Vzz=    0.4939    axis=(  0.077832  0.903901  0.420601)
     C    5  Q=         1.0000 1e-30 m^2  Cq=         1.1605 MHz  eta= 0.97035

     H    6    Vxx=   -0.0026    axis=(  0.972675 -0.096019  0.211385)
     H    6    Vyy=   -0.6318    axis=(  0.224275  0.624015 -0.748536)
     H    6    Vzz=    0.6343    axis=( -0.060034  0.775491  0.628499)
     H    6  Q=         1.0000 1e-30 m^2  Cq=         1.4904 MHz  eta= 0.99192

     H    7    Vxx=   -0.0505    axis=( -0.246797  0.674925  0.695390)
     H    7    Vyy=   -0.4617    axis=( -0.962839 -0.252006 -0.097126)
     H    7    Vzz=    0.5122    axis=(  0.109690 -0.693519  0.712039)
     H    7  Q=         1.0000 1e-30 m^2  Cq=         1.2034 MHz  eta= 0.80298

     C    8    Vxx=    0.0915    axis=( -0.664959 -0.197617  0.720262)
     C    8    Vyy=    0.5892    axis=( -0.438191 -0.677723 -0.590492)
     C    8    Vzz=   -0.6806    axis=( -0.604829  0.708265 -0.364064)
     C    8  Q=         1.0000 1e-30 m^2  Cq=        -1.5992 MHz  eta= 0.73126

     H    9    Vxx=   -0.0866    axis=(  0.166392 -0.888018 -0.428647)
     H    9    Vyy=   -0.3520    axis=(  0.386146  0.458670 -0.800321)
     H    9    Vzz=    0.4386    axis=(  0.907306 -0.032354  0.419224)
     H    9  Q=         1.0000 1e-30 m^2  Cq=         1.0305 MHz  eta= 0.60514

     C   10    Vxx=    0.0129    axis=(  0.179729 -0.977042 -0.114399)
     C   10    Vyy=    0.2936    axis=(  0.218489  0.153036 -0.963765)
     C   10    Vzz=   -0.3066    axis=(  0.959146  0.148222  0.240977)
     C   10  Q=         1.0000 1e-30 m^2  Cq=        -0.7203 MHz  eta= 0.91567

     C   11    Vxx=    0.1039    axis=(  0.804392 -0.015951 -0.593885)
     C   11    Vyy=    0.5828    axis=( -0.385714 -0.774330 -0.501635)
     C   11    Vzz=   -0.6866    axis=(  0.451861 -0.632581  0.629018)
     C   11  Q=         1.0000 1e-30 m^2  Cq=        -1.6133 MHz  eta= 0.69743

     Cl  12    Vxx=   -1.0281    axis=( -0.675256  0.718663  0.165990)
     Cl  12    Vyy=   -1.7851    axis=(  0.129392 -0.106137  0.985897)
     Cl  12    Vzz=    2.8132    axis=(  0.726145  0.687211 -0.021320)
     Cl  12  Q=        -8.1650 1e-30 m^2  Cq=       -53.9699 MHz  eta= 0.26907

     H   13    Vxx=   -0.0714    axis=(  0.956082 -0.094498 -0.277448)
     H   13    Vyy=   -0.3314    axis=( -0.193699  0.506717 -0.840071)
     H   13    Vzz=    0.4027    axis=(  0.219972  0.856918  0.466159)
     H   13  Q=         1.0000 1e-30 m^2  Cq=         0.9463 MHz  eta= 0.64560

     C   14    Vxx=   -0.0332    axis=(  0.415937  0.784888 -0.459290)
     C   14    Vyy=   -0.3874    axis=( -0.523963 -0.205955 -0.826466)
     C   14    Vzz=    0.4206    axis=( -0.743276  0.584409  0.325588)
     C   14  Q=         1.0000 1e-30 m^2  Cq=         0.9882 MHz  eta= 0.84207

     H   15    Vxx=   -0.0331    axis=( -0.463652  0.358572  0.810218)
     H   15    Vyy=   -0.6416    axis=(  0.066387  0.925938 -0.371795)
     H   15    Vzz=    0.6747    axis=( -0.883527 -0.118595 -0.453118)
     H   15  Q=         1.0000 1e-30 m^2  Cq=         1.5853 MHz  eta= 0.90177

     C   16    Vxx=   -0.0590    axis=( -0.378273 -0.069907  0.923051)
     C   16    Vyy=   -0.9714    axis=( -0.906013  0.232482 -0.353684)
     C   16    Vzz=    1.0305    axis=( -0.189868 -0.970085 -0.151278)
     C   16  Q=         1.0000 1e-30 m^2  Cq=         2.4212 MHz  eta= 0.88543

     C   17    Vxx=   -0.1384    axis=(  0.472779  0.880364  0.037934)
     C   17    Vyy=   -0.3841    axis=( -0.264573  0.182882 -0.946866)
     C   17    Vzz=    0.5225    axis=( -0.840524  0.437622  0.319383)
     C   17  Q=         1.0000 1e-30 m^2  Cq=         1.2276 MHz  eta= 0.47019

     Cl  18    Vxx=   -1.0648    axis=(  0.912322 -0.185740 -0.364925)
     Cl  18    Vyy=   -1.9982    axis=(  0.408107  0.339690  0.847384)
     Cl  18    Vzz=    3.0630    axis=( -0.033432 -0.922015  0.385708)
     Cl  18  Q=        -8.1650 1e-30 m^2  Cq=       -58.7629 MHz  eta= 0.30474

     H   19    Vxx=   -0.0983    axis=(  0.892312  0.134309 -0.430975)
     H   19    Vyy=   -0.4290    axis=(  0.407082  0.173200  0.896820)
     H   19    Vzz=    0.5272    axis=(  0.195096 -0.975686  0.099874)
     H   19  Q=         1.0000 1e-30 m^2  Cq=         1.2388 MHz  eta= 0.62729

     C   20    Vxx=   -0.0915    axis=( -0.443561  0.569082 -0.692387)
     C   20    Vyy=   -0.5561    axis=( -0.894117 -0.334166  0.298139)
     C   20    Vzz=    0.6476    axis=( -0.061707  0.751318  0.657049)
     C   20  Q=         1.0000 1e-30 m^2  Cq=         1.5216 MHz  eta= 0.71747

     H   21    Vxx=    0.0075    axis=(  0.508963  0.761257 -0.401802)
     H   21    Vyy=    0.7343    axis=( -0.858335  0.413614 -0.303619)
     H   21    Vzz=   -0.7419    axis=( -0.064941  0.499411  0.863928)
     H   21  Q=         1.0000 1e-30 m^2  Cq=        -1.7431 MHz  eta= 0.97969

     C   22    Vxx=   -0.1452    axis=( -0.954226 -0.181384  0.237808)
     C   22    Vyy=   -0.4137    axis=(  0.298961 -0.601560  0.740775)
     C   22    Vzz=    0.5590    axis=( -0.008691 -0.777962 -0.628251)
     C   22  Q=         1.0000 1e-30 m^2  Cq=         1.3133 MHz  eta= 0.48031

     C   23    Vxx=    0.0018    axis=( -0.123531  0.692679 -0.710588)
     C   23    Vyy=    0.2969    axis=(  0.060447  0.719996  0.691341)
     C   23    Vzz=   -0.2987    axis=( -0.990498 -0.042449  0.130812)
     C   23  Q=         1.0000 1e-30 m^2  Cq=        -0.7019 MHz  eta= 0.98771

     Cl  24    Vxx=    0.2031    axis=( -0.669009  0.382644  0.637190)
     Cl  24    Vyy=    0.9243    axis=( -0.614932 -0.766488 -0.185350)
     Cl  24    Vzz=   -1.1274    axis=(  0.417476 -0.515829  0.748087)
     Cl  24  Q=        -8.1650 1e-30 m^2  Cq=        21.6281 MHz  eta= 0.63967

     Initialization:
     gipaw_setup  :      9.04s CPU     11.04s WALL (       1 calls)

     Linear response

     Apply operators

     Induced current

     Other routines
     efg          :      9.46s CPU     12.07s WALL (       1 calls)

     General routines
     calbec       :      3.26s CPU      4.05s WALL (      16 calls)
     fft          :      1.76s CPU      2.81s WALL (      15 calls)
     ffts         :      0.06s CPU      0.10s WALL (       2 calls)
     fftw         :      3.48s CPU      4.67s WALL (     672 calls)
     davcio       :      0.03s CPU      0.34s WALL (      32 calls)

     Parallel routines
     fft_scatter  :      2.71s CPU      4.73s WALL (     689 calls)

     Plugins

     GIPAW        :     61.53s CPU     75.60s WALL (       1 calls)
