
     Program QE v.6.0 (svn rev. 13079) starts on 23Dec2016 at 21:35:20 

     This program is part of the open-source Quantum ESPRESSO suite
     for quantum simulation of materials; please cite
         "P. Giannozzi et al., J. Phys.:Condens. Matter 21 395502 (2009);
          URL http://www.quantum-espresso.org", 
     in publications or presentations arising from this work. More details at
     http://www.quantum-espresso.org/quote

     Parallel version (MPI), running on     8 processors
     R & G space division:  proc/nbgrp/npool/nimage =       8

     ***** This is GIPAW svn revision unknown      *****

     Parallelizing q-star over 1 images

     Reading data from directory:
     /users/majewski/paradichlorobenzene/pbe/9_constraint/scratch/pbe.ecut100.np8.dt60.pcl2phi-129368.save
     Message from routine read_xml_file:
     file /users/majewski/paradichlorobenzene/pbe/9_constraint/scratch/pbe.ecut100.np8.dt60.pcl2phi-129368.save not guaranteed to be safe for post-processing

   Info: using nr1, nr2, nr3 values from input

   Info: using nr1, nr2, nr3 values from input

     IMPORTANT: XC functional enforced from input :
     Exchange-correlation      =  SLA  PW   PBX  PBC ( 1  4  3  4 0 0)
     Any further DFT definition will be discarded
     Please, verify this is what you really want

               file C.pbe-n-kjpaw_psl.1.0.0.UPF: wavefunction(s)  2S 2P renormalized
               file Cl.pbe-n-kjpaw_psl.1.0.0.UPF: wavefunction(s)  3S 3P renormalized
               file H.pbe-kjpaw_psl.1.0.0.UPF: wavefunction(s)  1S renormalized

     Parallelization info
     --------------------
     sticks:   dense  smooth     PW     G-vecs:    dense   smooth      PW
     Min        3057    1223    332               144436    36536    5170
     Max        3059    1225    333               144437    36537    5171
     Sum       24467    9791   2657              1155489   292295   41363


     Subspace diagonalization in iterative solution of the eigenvalue problem:
     a serial algorithm will be used

     GIPAW projectors -----------------------------------------------
     atom=  C    l=0  rc=    1.2000  rs=    0.8000
     atom=  C    l=0  rc=    1.2000  rs=    0.8000
     atom=  C    l=1  rc=    1.4000  rs=    0.9333
     atom=  C    l=1  rc=    1.4000  rs=    0.9333
     projs nearly linearly dependent: l=1  n1,n2= 1, 2  s=  0.99951561

     atom=  Cl   l=0  rc=    1.6000  rs=    1.0667
     atom=  Cl   l=0  rc=    1.6000  rs=    1.0667
     atom=  Cl   l=1  rc=    1.6000  rs=    1.0667
     atom=  Cl   l=1  rc=    1.6000  rs=    1.0667
     atom=  Cl   l=2  rc=    1.6000  rs=    1.0667
     atom=  Cl   l=2  rc=    1.6000  rs=    1.0667
     projs nearly linearly dependent: l=2  n1,n2= 1, 2  s=  0.99993509

     atom=  H    l=0  rc=    1.0000  rs=    0.6667
     atom=  H    l=0  rc=    1.0000  rs=    0.6667
     projs nearly linearly dependent: l=0  n1,n2= 1, 2  s=  0.99968852
     -----------------------------------------------------------------

     GIPAW integrals: -------------------------------------------
     Atom  i/j   nmr_para   nmr_dia   epr_rmc  epr_para   epr_dia
       C   1 1   0.83E+03  0.17E-01  0.93E+01  0.24E+08  0.24E+03
       C   2 1   0.86E+03 -0.61E-01  0.94E+01  0.25E+08  0.25E+03
       C   2 2   0.90E+03 -0.15E+00  0.97E+01  0.26E+08  0.26E+03
       C   3 3   0.33E+01  0.34E+00  0.18E+01  0.55E+03  0.21E+02
       C   4 3   0.35E+01  0.37E+00  0.20E+01  0.59E+03  0.22E+02
       C   4 4   0.38E+01  0.39E+00  0.22E+01  0.63E+03  0.24E+02
       Cl  1 1   0.14E+04 -0.47E+00  0.84E+01  0.32E+09  0.42E+03
       Cl  2 1   0.21E+04 -0.37E+00  0.12E+02  0.49E+09  0.65E+03
       Cl  2 2   0.33E+04 -0.16E+00  0.21E+02  0.76E+09  0.10E+04
       Cl  3 3   0.21E+02  0.79E-01  0.89E+01  0.23E+05  0.13E+03
       Cl  4 3   0.24E+02  0.67E-01  0.99E+01  0.27E+05  0.15E+03
       Cl  4 4   0.28E+02  0.44E-01  0.11E+02  0.32E+05  0.18E+03
       Cl  5 5   0.77E+00  0.19E+00  0.18E+01  0.12E+03  0.22E+02
       Cl  6 5   0.80E+00  0.19E+00  0.19E+01  0.12E+03  0.23E+02
       Cl  6 6   0.83E+00  0.20E+00  0.19E+01  0.12E+03  0.23E+02
       H   1 1   0.39E+02  0.19E+00  0.29E+00  0.78E+05  0.13E+02
       H   2 1   0.41E+02  0.21E+00  0.32E+00  0.82E+05  0.14E+02
       H   2 2   0.43E+02  0.22E+00  0.36E+00  0.86E+05  0.15E+02
     ------------------------------------------------------------

     alpha_pv=     34.2139 eV

     Number of occupied bands for each k-point:
     k-point:     1    nbnd_occ=  42
     k-point:     2    nbnd_occ=  42
     k-point:     3    nbnd_occ=  42
     k-point:     4    nbnd_occ=  42
     k-point:     5    nbnd_occ=  42
     k-point:     6    nbnd_occ=  42
     k-point:     7    nbnd_occ=  42
     k-point:     8    nbnd_occ=  42
     k-point:     9    nbnd_occ=  42
     k-point:    10    nbnd_occ=  42
     k-point:    11    nbnd_occ=  42
     k-point:    12    nbnd_occ=  42
     k-point:    13    nbnd_occ=  42
     k-point:    14    nbnd_occ=  42
     k-point:    15    nbnd_occ=  42
     k-point:    16    nbnd_occ=  42


     q-space interpolation up to   110.00 Rydberg

     GIPAW job: efg                                                                             


     ELECTRIC FIELD GRADIENTS TENSORS IN Hartree/bohrradius^2:

     ----- bare term -----
     Cl   1        0.297588        0.074678        0.136906
     Cl   1        0.074678        0.354021        0.200650
     Cl   1        0.136906        0.200650       -0.651609

     C    2       -0.546708       -0.044142       -0.221199
     C    2       -0.044142       -0.005996       -0.320398
     C    2       -0.221199       -0.320398        0.552705

     C    3       -0.054593        0.283987       -0.136264
     C    3        0.283987       -0.423105       -0.475460
     C    3       -0.136264       -0.475460        0.477698

     H    4       -0.569679       -0.007242       -0.142787
     H    4       -0.007242        0.330436       -0.328864
     H    4       -0.142787       -0.328864        0.239243

     C    5       -0.616587        0.368693       -0.390228
     C    5        0.368693        0.295212       -0.335713
     C    5       -0.390228       -0.335713        0.321375

     H    6        0.454619       -0.055238        0.098261
     H    6       -0.055238       -0.212503       -0.405458
     H    6        0.098261       -0.405458       -0.242116

     H    7        0.512311        0.098938       -0.045905
     H    7        0.098938       -0.648615       -0.111956
     H    7       -0.045905       -0.111956        0.136304

     C    8       -0.519100        0.094827       -0.254807
     C    8        0.094827       -0.022543        0.336752
     C    8       -0.254807        0.336752        0.541643

     H    9       -0.292572        0.290479       -0.437742
     H    9        0.290479       -0.025351        0.136487
     H    9       -0.437742        0.136487        0.317923

     C   10       -0.182668       -0.378175       -0.002752
     C   10       -0.378175       -0.428433        0.539119
     C   10       -0.002752        0.539119        0.611102

     C   11       -0.210367        0.107346       -0.362743
     C   11        0.107346       -0.081052        0.545300
     C   11       -0.362743        0.545300        0.291419

     Cl  12        0.000740       -0.153501       -0.078127
     Cl  12       -0.153501       -0.039139        0.037851
     Cl  12       -0.078127        0.037851        0.038399

     H   13        0.500751       -0.035859       -0.029899
     H   13       -0.035859        0.021107       -0.481555
     H   13       -0.029899       -0.481555       -0.521859

     C   14       -0.162002        0.292910       -0.095123
     C   14        0.292910       -0.393329       -0.319259
     C   14       -0.095123       -0.319259        0.555331

     H   15       -0.468491       -0.408940       -0.437857
     H   15       -0.408940        0.238283       -0.220377
     H   15       -0.437857       -0.220377        0.230208

     C   16       -0.331061        0.317270       -0.337546
     C   16        0.317270        0.037695       -0.316285
     C   16       -0.337546       -0.316285        0.293365

     C   17       -0.015300        0.308260       -0.205769
     C   17        0.308260       -0.138397       -0.599551
     C   17       -0.205769       -0.599551        0.153697

     Cl  18       -0.090904        0.177060       -0.082691
     Cl  18        0.177060        0.071868       -0.119479
     Cl  18       -0.082691       -0.119479        0.019036

     H   19        0.374915        0.067829       -0.334227
     H   19        0.067829        0.024148        0.408265
     H   19       -0.334227        0.408265       -0.399063

     C   20       -0.235524       -0.324847       -0.019722
     C   20       -0.324847       -0.298196        0.402702
     C   20       -0.019722        0.402702        0.533720

     H   21        0.135443        0.057738       -0.394805
     H   21        0.057738        0.413260       -0.085952
     H   21       -0.394805       -0.085952       -0.548703

     C   22       -0.264335       -0.096543       -0.191332
     C   22       -0.096543       -0.055491        0.305729
     C   22       -0.191332        0.305729        0.319825

     C   23       -0.148222       -0.291449       -0.083997
     C   23       -0.291449       -0.447335        0.438633
     C   23       -0.083997        0.438633        0.595557

     Cl  24       -0.068445       -0.005458       -0.089104
     Cl  24       -0.005458       -0.002617        0.130415
     Cl  24       -0.089104        0.130415        0.071062

     ----- ionic term -----
     Cl   1        0.145053       -0.178699       -0.048741
     Cl   1       -0.178699       -0.038849        0.030495
     Cl   1       -0.048741        0.030495       -0.106204

     C    2        0.248342       -0.067463        0.141584
     C    2       -0.067463       -0.064054        0.486730
     C    2        0.141584        0.486730       -0.184287

     C    3        0.236817       -0.218089        0.069415
     C    3       -0.218089       -0.026943        0.430444
     C    3        0.069415        0.430444       -0.209874

     H    4        0.797228        0.259017        0.548711
     H    4        0.259017       -0.508229        0.182970
     H    4        0.548711        0.182970       -0.288998

     C    5        0.301005       -0.196932        0.149846
     C    5       -0.196932       -0.052424        0.343636
     C    5        0.149846        0.343636       -0.248581

     H    6       -0.527312        0.048045        0.043467
     H    6        0.048045        0.570605        0.775041
     H    6        0.043467        0.775041       -0.043294

     H    7       -0.448965       -0.230411        0.106821
     H    7       -0.230411        0.830438       -0.525356
     H    7        0.106821       -0.525356       -0.381474

     C    8        0.307978        0.114267        0.352690
     C    8        0.114267        0.042666       -0.259370
     C    8        0.352690       -0.259370       -0.350644

     H    9        0.454579       -0.412875        0.674400
     H    9       -0.412875       -0.303101       -0.339674
     H    9        0.674400       -0.339674       -0.151477

     C   10        0.086221        0.162504        0.225315
     C   10        0.162504        0.262070       -0.388037
     C   10        0.225315       -0.388037       -0.348292

     C   11        0.063930        0.220833        0.305504
     C   11        0.220833        0.238512       -0.345388
     C   11        0.305504       -0.345388       -0.302442

     Cl  12        0.128026        0.217065        0.046703
     Cl  12        0.217065        0.032776        0.023129
     Cl  12        0.046703        0.023129       -0.160803

     H   13       -0.506255        0.033222        0.021223
     H   13        0.033222        0.429938        0.800981
     H   13        0.021223        0.800981        0.076317

     C   14        0.333968       -0.093142        0.157739
     C   14       -0.093142       -0.064865        0.367714
     C   14        0.157739        0.367714       -0.269103

     H   15        0.588519        0.323383        0.663668
     H   15        0.323383       -0.461734        0.262284
     H   15        0.663668        0.262284       -0.126785

     C   16        0.172967       -0.174624        0.116439
     C   16       -0.174624        0.061113        0.437431
     C   16        0.116439        0.437431       -0.234081

     C   17        0.236552       -0.192928        0.193478
     C   17       -0.192928        0.014869        0.418885
     C   17        0.193478        0.418885       -0.251421

     Cl  18        0.144847       -0.207379       -0.023870
     Cl  18       -0.207379       -0.007127        0.017964
     Cl  18       -0.023870        0.017964       -0.137720

     H   19       -0.508340       -0.179959        0.132252
     H   19       -0.179959        0.586855       -0.712463
     H   19        0.132252       -0.712463       -0.078516

     C   20        0.163378        0.212611        0.310128
     C   20        0.212611        0.086468       -0.266914
     C   20        0.310128       -0.266914       -0.249846

     H   21        0.352613       -0.189545        0.785536
     H   21       -0.189545       -0.462900       -0.234620
     H   21        0.785536       -0.234620        0.110287

     C   22        0.039474        0.298558        0.226970
     C   22        0.298558        0.174811       -0.380830
     C   22        0.226970       -0.380830       -0.214285

     C   23        0.144105        0.194150        0.291704
     C   23        0.194150        0.107844       -0.427225
     C   23        0.291704       -0.427225       -0.251949

     Cl  24        0.104305        0.228800        0.008506
     Cl  24        0.228800        0.034129        0.001456
     Cl  24        0.008506        0.001456       -0.138434

     ----- GIPAW term -----
     Cl   1        0.149622       -0.471592       -0.241583
     Cl   1       -0.471592       -0.213075        0.031222
     Cl   1       -0.241583        0.031222        0.063453

     C    2       -0.150287       -0.085806        0.021365
     C    2       -0.085806       -0.121882       -0.032827
     C    2        0.021365       -0.032827        0.272169

     C    3       -0.071004        0.042370       -0.006096
     C    3        0.042370       -0.064970        0.034703
     C    3       -0.006096        0.034703        0.135975

     H    4       -0.000000        0.000000        0.000000
     H    4        0.000000        0.000000        0.000000
     H    4        0.000000        0.000000        0.000000

     C    5       -0.158775        0.130829       -0.081223
     C    5        0.130829        0.177876       -0.125766
     C    5       -0.081223       -0.125766       -0.019101

     H    6       -0.000000        0.000000        0.000000
     H    6        0.000000        0.000000        0.000000
     H    6        0.000000        0.000000        0.000000

     H    7       -0.000000        0.000000        0.000000
     H    7        0.000000        0.000000        0.000000
     H    7        0.000000        0.000000        0.000000

     C    8       -0.088056        0.066126        0.143939
     C    8        0.066126       -0.116906        0.093798
     C    8        0.143939        0.093798        0.204962

     H    9       -0.000000        0.000000        0.000000
     H    9        0.000000        0.000000        0.000000
     H    9        0.000000        0.000000        0.000000

     C   10       -0.099616       -0.035682        0.072091
     C   10       -0.035682       -0.131248        0.137808
     C   10        0.072091        0.137808        0.230864

     C   11        0.038695        0.171865       -0.023157
     C   11        0.171865       -0.029664        0.104430
     C   11       -0.023157        0.104430       -0.009031

     Cl  12        1.646281        1.356130       -0.627096
     Cl  12        1.356130       -0.149207        0.307076
     Cl  12       -0.627096        0.307076       -1.497074

     H   13       -0.000000        0.000000        0.000000
     H   13        0.000000        0.000000        0.000000
     H   13        0.000000        0.000000        0.000000

     C   14       -0.088477        0.063931        0.051769
     C   14        0.063931       -0.170757        0.047275
     C   14        0.051769        0.047275        0.259234

     H   15       -0.000000        0.000000        0.000000
     H   15        0.000000        0.000000        0.000000
     H   15        0.000000        0.000000        0.000000

     C   16       -0.018225        0.159290       -0.043527
     C   16        0.159290        0.054902       -0.003786
     C   16       -0.043527       -0.003786       -0.036677

     C   17        0.096256        0.080198       -0.055825
     C   17        0.080198        0.050696       -0.117529
     C   17       -0.055825       -0.117529       -0.146952

     Cl  18        0.403482        0.091183       -1.268705
     Cl  18        0.091183        0.910246       -1.723256
     Cl  18       -1.268705       -1.723256       -1.313728

     H   19       -0.000000        0.000000        0.000000
     H   19        0.000000        0.000000        0.000000
     H   19        0.000000        0.000000        0.000000

     C   20       -0.112126       -0.029674        0.072620
     C   20       -0.029674       -0.176314        0.128725
     C   20        0.072620        0.128725        0.288440

     H   21       -0.000000        0.000000        0.000000
     H   21        0.000000        0.000000        0.000000
     H   21        0.000000        0.000000        0.000000

     C   22       -0.150995        0.016159       -0.016563
     C   22        0.016159       -0.062150        0.115789
     C   22       -0.016563        0.115789        0.213145

     C   23       -0.071344        0.058509        0.084187
     C   23        0.058509       -0.161003        0.130013
     C   23        0.084187        0.130013        0.232348

     Cl  24       -0.234297        1.588757       -0.539992
     Cl  24        1.588757        0.447636        2.145151
     Cl  24       -0.539992        2.145151       -0.213339

     ----- total EFG -----
     Cl   1        0.592262       -0.575613       -0.153418
     Cl   1       -0.575613        0.102097        0.262367
     Cl   1       -0.153418        0.262367       -0.694360

     C    2       -0.448654       -0.197411       -0.058249
     C    2       -0.197411       -0.191933        0.133505
     C    2       -0.058249        0.133505        0.640587

     C    3        0.111219        0.108268       -0.072945
     C    3        0.108268       -0.515019       -0.010313
     C    3       -0.072945       -0.010313        0.403799

     H    4        0.227549        0.251775        0.405924
     H    4        0.251775       -0.177793       -0.145893
     H    4        0.405924       -0.145893       -0.049756

     C    5       -0.474358        0.302590       -0.321605
     C    5        0.302590        0.420664       -0.117843
     C    5       -0.321605       -0.117843        0.053693

     H    6       -0.072693       -0.007193        0.141727
     H    6       -0.007193        0.358102        0.369583
     H    6        0.141727        0.369583       -0.285409

     H    7        0.063346       -0.131474        0.060917
     H    7       -0.131474        0.181823       -0.637312
     H    7        0.060917       -0.637312       -0.245170

     C    8       -0.299178        0.275221        0.241822
     C    8        0.275221       -0.096783        0.171180
     C    8        0.241822        0.171180        0.395962

     H    9        0.162007       -0.122396        0.236658
     H    9       -0.122396       -0.328452       -0.203187
     H    9        0.236658       -0.203187        0.166445

     C   10       -0.196063       -0.251353        0.294654
     C   10       -0.251353       -0.297611        0.288890
     C   10        0.294654        0.288890        0.493674

     C   11       -0.107742        0.500044       -0.080396
     C   11        0.500044        0.127796        0.304342
     C   11       -0.080396        0.304342       -0.020054

     Cl  12        1.775048        1.419694       -0.658520
     Cl  12        1.419694       -0.155570        0.368055
     Cl  12       -0.658520        0.368055       -1.619477

     H   13       -0.005503       -0.002637       -0.008677
     H   13       -0.002637        0.451045        0.319427
     H   13       -0.008677        0.319427       -0.445542

     C   14        0.083490        0.263700        0.114385
     C   14        0.263700       -0.628951        0.095729
     C   14        0.114385        0.095729        0.545462

     H   15        0.120028       -0.085557        0.225811
     H   15       -0.085557       -0.223451        0.041907
     H   15        0.225811        0.041907        0.103423

     C   16       -0.176319        0.301935       -0.264634
     C   16        0.301935        0.153711        0.117360
     C   16       -0.264634        0.117360        0.022608

     C   17        0.317509        0.195529       -0.068115
     C   17        0.195529       -0.072833       -0.298195
     C   17       -0.068115       -0.298195       -0.244676

     Cl  18        0.457425        0.060863       -1.375266
     Cl  18        0.060863        0.974987       -1.824771
     Cl  18       -1.375266       -1.824771       -1.432412

     H   19       -0.133425       -0.112130       -0.201975
     H   19       -0.112130        0.611004       -0.304199
     H   19       -0.201975       -0.304199       -0.477579

     C   20       -0.184272       -0.141910        0.363027
     C   20       -0.141910       -0.388042        0.264512
     C   20        0.363027        0.264512        0.572314

     H   21        0.488057       -0.131807        0.390731
     H   21       -0.131807       -0.049640       -0.320572
     H   21        0.390731       -0.320572       -0.438417

     C   22       -0.375856        0.218174        0.019075
     C   22        0.218174        0.057171        0.040688
     C   22        0.019075        0.040688        0.318686

     C   23       -0.075461       -0.038790        0.291893
     C   23       -0.038790       -0.500494        0.141421
     C   23        0.291893        0.141421        0.575956

     Cl  24       -0.198437        1.812099       -0.620590
     Cl  24        1.812099        0.479148        2.277023
     Cl  24       -0.620590        2.277023       -0.280711

     ----- total EFG (symmetrized) -----
     Cl   1        0.592262       -0.575613       -0.153418
     Cl   1       -0.575613        0.102097        0.262367
     Cl   1       -0.153418        0.262367       -0.694360

     C    2       -0.448654       -0.197411       -0.058249
     C    2       -0.197411       -0.191933        0.133505
     C    2       -0.058249        0.133505        0.640587

     C    3        0.111219        0.108268       -0.072945
     C    3        0.108268       -0.515019       -0.010313
     C    3       -0.072945       -0.010313        0.403799

     H    4        0.227549        0.251775        0.405924
     H    4        0.251775       -0.177793       -0.145893
     H    4        0.405924       -0.145893       -0.049756

     C    5       -0.474358        0.302590       -0.321605
     C    5        0.302590        0.420664       -0.117843
     C    5       -0.321605       -0.117843        0.053693

     H    6       -0.072693       -0.007193        0.141727
     H    6       -0.007193        0.358102        0.369583
     H    6        0.141727        0.369583       -0.285409

     H    7        0.063346       -0.131474        0.060917
     H    7       -0.131474        0.181823       -0.637312
     H    7        0.060917       -0.637312       -0.245170

     C    8       -0.299178        0.275221        0.241822
     C    8        0.275221       -0.096783        0.171180
     C    8        0.241822        0.171180        0.395962

     H    9        0.162007       -0.122396        0.236658
     H    9       -0.122396       -0.328452       -0.203187
     H    9        0.236658       -0.203187        0.166445

     C   10       -0.196063       -0.251353        0.294654
     C   10       -0.251353       -0.297611        0.288890
     C   10        0.294654        0.288890        0.493674

     C   11       -0.107742        0.500044       -0.080396
     C   11        0.500044        0.127796        0.304342
     C   11       -0.080396        0.304342       -0.020054

     Cl  12        1.775048        1.419694       -0.658520
     Cl  12        1.419694       -0.155570        0.368055
     Cl  12       -0.658520        0.368055       -1.619477

     H   13       -0.005503       -0.002637       -0.008677
     H   13       -0.002637        0.451045        0.319427
     H   13       -0.008677        0.319427       -0.445542

     C   14        0.083490        0.263700        0.114385
     C   14        0.263700       -0.628951        0.095729
     C   14        0.114385        0.095729        0.545462

     H   15        0.120028       -0.085557        0.225811
     H   15       -0.085557       -0.223451        0.041907
     H   15        0.225811        0.041907        0.103423

     C   16       -0.176319        0.301935       -0.264634
     C   16        0.301935        0.153711        0.117360
     C   16       -0.264634        0.117360        0.022608

     C   17        0.317509        0.195529       -0.068115
     C   17        0.195529       -0.072833       -0.298195
     C   17       -0.068115       -0.298195       -0.244676

     Cl  18        0.457425        0.060863       -1.375266
     Cl  18        0.060863        0.974987       -1.824771
     Cl  18       -1.375266       -1.824771       -1.432412

     H   19       -0.133425       -0.112130       -0.201975
     H   19       -0.112130        0.611004       -0.304199
     H   19       -0.201975       -0.304199       -0.477579

     C   20       -0.184272       -0.141910        0.363027
     C   20       -0.141910       -0.388042        0.264512
     C   20        0.363027        0.264512        0.572314

     H   21        0.488057       -0.131807        0.390731
     H   21       -0.131807       -0.049640       -0.320572
     H   21        0.390731       -0.320572       -0.438417

     C   22       -0.375856        0.218174        0.019075
     C   22        0.218174        0.057171        0.040688
     C   22        0.019075        0.040688        0.318686

     C   23       -0.075461       -0.038790        0.291893
     C   23       -0.038790       -0.500494        0.141421
     C   23        0.291893        0.141421        0.575956

     Cl  24       -0.198437        1.812099       -0.620590
     Cl  24        1.812099        0.479148        2.277023
     Cl  24       -0.620590        2.277023       -0.280711


     NQR/NMR SPECTROSCOPIC PARAMETERS:
     Cl   1    Vxx=   -0.2432    axis=(  0.579945  0.774334  0.253121)
     Cl   1    Vyy=   -0.7734    axis=( -0.018454 -0.298143  0.954343)
     Cl   1    Vzz=    1.0166    axis=(  0.814447 -0.558137 -0.158617)
     Cl   1  Q=        -8.1650 1e-30 m^2  Cq=       -19.5031 MHz  eta= 0.52145

     C    2    Vxx=   -0.1128    axis=( -0.472977  0.860549 -0.189073)
     C    2    Vyy=   -0.5559    axis=(  0.877306  0.479809 -0.010827)
     C    2    Vzz=    0.6687    axis=( -0.081402  0.170996  0.981903)
     C    2  Q=         1.0000 1e-30 m^2  Cq=         1.5711 MHz  eta= 0.66272

     C    3    Vxx=    0.1109    axis=(  0.956292  0.161398  0.243837)
     C    3    Vyy=    0.4223    axis=( -0.240790 -0.038483  0.969814)
     C    3    Vzz=   -0.5332    axis=( -0.165910  0.986139 -0.002062)
     C    3  Q=         1.0000 1e-30 m^2  Cq=        -1.2528 MHz  eta= 0.58406

     H    4    Vxx=    0.0007    axis=( -0.204949 -0.776338  0.596066)
     H    4    Vyy=    0.5404    axis=(  0.830475  0.184360  0.525665)
     H    4    Vzz=   -0.5411    axis=(  0.517984 -0.602752 -0.606945)
     H    4  Q=         1.0000 1e-30 m^2  Cq=        -1.2713 MHz  eta= 0.99745

     C    5    Vxx=    0.0730    axis=(  0.228174 -0.484729 -0.844378)
     C    5    Vyy=    0.6017    axis=(  0.355599  0.848833 -0.391193)
     C    5    Vzz=   -0.6747    axis=(  0.906359 -0.211000  0.366051)
     C    5  Q=         1.0000 1e-30 m^2  Cq=        -1.5852 MHz  eta= 0.78375

     H    6    Vxx=   -0.0359    axis=(  0.949853 -0.204543  0.236519)
     H    6    Vyy=   -0.4952    axis=(  0.299857  0.381297 -0.874470)
     H    6    Vzz=    0.5310    axis=(  0.088683  0.901540  0.423510)
     H    6  Q=         1.0000 1e-30 m^2  Cq=         1.2477 MHz  eta= 0.86496

     H    7    Vxx=    0.0311    axis=(  0.973159  0.163314 -0.162142)
     H    7    Vyy=    0.6737    axis=( -0.227254  0.793069 -0.565153)
     H    7    Vzz=   -0.7048    axis=(  0.036293  0.586831  0.808896)
     H    7  Q=         1.0000 1e-30 m^2  Cq=        -1.6560 MHz  eta= 0.91165

     C    8    Vxx=   -0.0651    axis=(  0.397014  0.772779 -0.495169)
     C    8    Vyy=   -0.5043    axis=( -0.846062  0.517263  0.128910)
     C    8    Vzz=    0.5694    axis=(  0.355752  0.367765  0.859180)
     C    8  Q=         1.0000 1e-30 m^2  Cq=         1.3378 MHz  eta= 0.77141

     H    9    Vxx=   -0.0641    axis=( -0.751864 -0.146080  0.642932)
     H    9    Vyy=   -0.4039    axis=( -0.077274 -0.948901 -0.305965)
     H    9    Vzz=    0.4681    axis=(  0.654774 -0.279726  0.702157)
     H    9  Q=         1.0000 1e-30 m^2  Cq=         1.0998 MHz  eta= 0.72593

     C   10    Vxx=    0.0071    axis=(  0.743958 -0.665949 -0.055128)
     C   10    Vyy=    0.6436    axis=( -0.264512 -0.217725 -0.939483)
     C   10    Vzz=   -0.6507    axis=(  0.613645  0.713518 -0.338130)
     C   10  Q=         1.0000 1e-30 m^2  Cq=        -1.5288 MHz  eta= 0.97818

     C   11    Vxx=    0.0277    axis=( -0.519427 -0.003259  0.854509)
     C   11    Vyy=    0.5884    axis=( -0.527104 -0.785856 -0.323406)
     C   11    Vzz=   -0.6161    axis=(  0.672575 -0.618401  0.406477)
     C   11  Q=         1.0000 1e-30 m^2  Cq=        -1.4476 MHz  eta= 0.91022

     Cl  12    Vxx=   -0.5501    axis=( -0.349024  0.798866  0.489893)
     Cl  12    Vyy=   -2.0176    axis=(  0.300081 -0.399965  0.866014)
     Cl  12    Vzz=    2.5678    axis=(  0.887769  0.449267 -0.100127)
     Cl  12  Q=        -8.1650 1e-30 m^2  Cq=       -49.2614 MHz  eta= 0.57151

     H   13    Vxx=   -0.0054    axis=(  0.999863  0.012979 -0.010293)
     H   13    Vyy=   -0.5478    axis=( -0.013757  0.304536 -0.952401)
     H   13    Vzz=    0.5533    axis=( -0.009227  0.952412  0.304673)
     H   13  Q=         1.0000 1e-30 m^2  Cq=         1.2999 MHz  eta= 0.98030

     C   14    Vxx=    0.1251    axis=(  0.908825  0.278360 -0.310729)
     C   14    Vyy=    0.5932    axis=(  0.283135  0.135458  0.949466)
     C   14    Vzz=   -0.7184    axis=( -0.306384  0.950877 -0.044294)
     C   14  Q=         1.0000 1e-30 m^2  Cq=        -1.6879 MHz  eta= 0.65158

     H   15    Vxx=   -0.0646    axis=( -0.578268  0.484562  0.656358)
     H   15    Vyy=   -0.2750    axis=(  0.370627  0.872731 -0.317769)
     H   15    Vzz=    0.3396    axis=( -0.726802  0.059508 -0.684264)
     H   15  Q=         1.0000 1e-30 m^2  Cq=         0.7980 MHz  eta= 0.61968

     C   16    Vxx=    0.1721    axis=( -0.311368  0.397319  0.863243)
     C   16    Vyy=    0.3387    axis=( -0.561942 -0.809538  0.169910)
     C   16    Vzz=   -0.5107    axis=(  0.766336 -0.432188  0.475334)
     C   16  Q=         1.0000 1e-30 m^2  Cq=        -1.2000 MHz  eta= 0.32617

     C   17    Vxx=    0.0231    axis=( -0.544682  0.625740 -0.558365)
     C   17    Vyy=    0.4515    axis=(  0.834206  0.472653 -0.284078)
     C   17    Vzz=   -0.4745    axis=( -0.086154  0.620523  0.779441)
     C   17  Q=         1.0000 1e-30 m^2  Cq=        -1.1150 MHz  eta= 0.90284

     Cl  18    Vxx=    0.5678    axis=(  0.840706 -0.533778 -0.091077)
     Cl  18    Vyy=    2.2830    axis=( -0.416839 -0.745311  0.520343)
     Cl  18    Vzz=   -2.8508    axis=( -0.345628 -0.399490 -0.849087)
     Cl  18  Q=        -8.1650 1e-30 m^2  Cq=        54.6906 MHz  eta= 0.60167

     H   19    Vxx=   -0.0409    axis=(  0.915057 -0.030277 -0.402186)
     H   19    Vyy=   -0.6535    axis=( -0.396680 -0.247806 -0.883876)
     H   19    Vzz=    0.6945    axis=( -0.072903  0.968337 -0.238767)
     H   19  Q=         1.0000 1e-30 m^2  Cq=         1.6317 MHz  eta= 0.88209

     C   20    Vxx=   -0.1448    axis=(  0.767380 -0.621068 -0.159384)
     C   20    Vyy=   -0.6074    axis=(  0.547962  0.764299 -0.339977)
     C   20    Vzz=    0.7523    axis=(  0.332966  0.173555  0.926829)
     C   20  Q=         1.0000 1e-30 m^2  Cq=         1.7675 MHz  eta= 0.61498

     H   21    Vxx=   -0.0178    axis=(  0.427772  0.865103 -0.261931)
     H   21    Vyy=   -0.6904    axis=(  0.249808 -0.391647 -0.885555)
     H   21    Vzz=    0.7082    axis=( -0.868681  0.313383 -0.383645)
     H   21  Q=         1.0000 1e-30 m^2  Cq=         1.6639 MHz  eta= 0.94986

     C   22    Vxx=    0.1369    axis=(  0.372508  0.896512 -0.239800)
     C   22    Vyy=    0.3298    axis=(  0.094403  0.220451  0.970819)
     C   22    Vzz=   -0.4667    axis=( -0.923215  0.384276  0.002514)
     C   22  Q=         1.0000 1e-30 m^2  Cq=        -1.0966 MHz  eta= 0.41318

     C   23    Vxx=   -0.1657    axis=(  0.918106 -0.239692 -0.315640)
     C   23    Vyy=   -0.5337    axis=( -0.192426 -0.965814  0.173713)
     C   23    Vzz=    0.6993    axis=(  0.346487  0.098750  0.932843)
     C   23  Q=         1.0000 1e-30 m^2  Cq=         1.6432 MHz  eta= 0.52617

     Cl  24    Vxx=    0.3745    axis=(  0.781269  0.033571 -0.623291)
     Cl  24    Vyy=    2.7998    axis=( -0.368157 -0.781589 -0.503566)
     Cl  24    Vzz=   -3.1743    axis=(  0.504063 -0.622889  0.598272)
     Cl  24  Q=        -8.1650 1e-30 m^2  Cq=        60.8972 MHz  eta= 0.76402

     Initialization:
     gipaw_setup  :      9.00s CPU     10.98s WALL (       1 calls)

     Linear response

     Apply operators

     Induced current

     Other routines
     efg          :      9.41s CPU     11.91s WALL (       1 calls)

     General routines
     calbec       :      3.41s CPU      4.54s WALL (      16 calls)
     fft          :      1.41s CPU      1.81s WALL (      15 calls)
     ffts         :      0.06s CPU      0.08s WALL (       2 calls)
     fftw         :      3.21s CPU      3.85s WALL (     672 calls)
     davcio       :      0.03s CPU      0.33s WALL (      32 calls)

     Parallel routines
     fft_scatter  :      2.02s CPU      2.83s WALL (     689 calls)

     Plugins

     GIPAW        :     60.70s CPU     74.05s WALL (       1 calls)
