
     Program QE v.6.0 (svn rev. 13079) starts on 31Dec2016 at 16:10:55 

     This program is part of the open-source Quantum ESPRESSO suite
     for quantum simulation of materials; please cite
         "P. Giannozzi et al., J. Phys.:Condens. Matter 21 395502 (2009);
          URL http://www.quantum-espresso.org", 
     in publications or presentations arising from this work. More details at
     http://www.quantum-espresso.org/quote

     Parallel version (MPI), running on     8 processors
     R & G space division:  proc/nbgrp/npool/nimage =       8

     ***** This is GIPAW svn revision unknown      *****

     Parallelizing q-star over 1 images

     Reading data from directory:
     /users/majewski/paradichlorobenzene/pbe/9_constraint/scratch/pbe.ecut100.np8.dt60.pcl2phi-129368.save
     Message from routine read_xml_file:
     file /users/majewski/paradichlorobenzene/pbe/9_constraint/scratch/pbe.ecut100.np8.dt60.pcl2phi-129368.save not guaranteed to be safe for post-processing

   Info: using nr1, nr2, nr3 values from input

   Info: using nr1, nr2, nr3 values from input

     IMPORTANT: XC functional enforced from input :
     Exchange-correlation      =  SLA  PW   PBX  PBC ( 1  4  3  4 0 0)
     Any further DFT definition will be discarded
     Please, verify this is what you really want

               file C.pbe-n-kjpaw_psl.1.0.0.UPF: wavefunction(s)  2S 2P renormalized
               file Cl.pbe-n-kjpaw_psl.1.0.0.UPF: wavefunction(s)  3S 3P renormalized
               file H.pbe-kjpaw_psl.1.0.0.UPF: wavefunction(s)  1S renormalized

     Parallelization info
     --------------------
     sticks:   dense  smooth     PW     G-vecs:    dense   smooth      PW
     Min        3057    1223    332               144436    36536    5170
     Max        3059    1225    333               144437    36537    5171
     Sum       24467    9791   2657              1155489   292295   41363


     Subspace diagonalization in iterative solution of the eigenvalue problem:
     a serial algorithm will be used

     GIPAW projectors -----------------------------------------------
     atom=  C    l=0  rc=    1.2000  rs=    0.8000
     atom=  C    l=0  rc=    1.2000  rs=    0.8000
     atom=  C    l=1  rc=    1.4000  rs=    0.9333
     atom=  C    l=1  rc=    1.4000  rs=    0.9333
     projs nearly linearly dependent: l=1  n1,n2= 1, 2  s=  0.99951561

     atom=  Cl   l=0  rc=    1.6000  rs=    1.0667
     atom=  Cl   l=0  rc=    1.6000  rs=    1.0667
     atom=  Cl   l=1  rc=    1.6000  rs=    1.0667
     atom=  Cl   l=1  rc=    1.6000  rs=    1.0667
     atom=  Cl   l=2  rc=    1.6000  rs=    1.0667
     atom=  Cl   l=2  rc=    1.6000  rs=    1.0667
     projs nearly linearly dependent: l=2  n1,n2= 1, 2  s=  0.99993509

     atom=  H    l=0  rc=    1.0000  rs=    0.6667
     atom=  H    l=0  rc=    1.0000  rs=    0.6667
     projs nearly linearly dependent: l=0  n1,n2= 1, 2  s=  0.99968852
     -----------------------------------------------------------------

     GIPAW integrals: -------------------------------------------
     Atom  i/j   nmr_para   nmr_dia   epr_rmc  epr_para   epr_dia
       C   1 1   0.83E+03  0.17E-01  0.93E+01  0.24E+08  0.24E+03
       C   2 1   0.86E+03 -0.61E-01  0.94E+01  0.25E+08  0.25E+03
       C   2 2   0.90E+03 -0.15E+00  0.97E+01  0.26E+08  0.26E+03
       C   3 3   0.33E+01  0.34E+00  0.18E+01  0.55E+03  0.21E+02
       C   4 3   0.35E+01  0.37E+00  0.20E+01  0.59E+03  0.22E+02
       C   4 4   0.38E+01  0.39E+00  0.22E+01  0.63E+03  0.24E+02
       Cl  1 1   0.14E+04 -0.47E+00  0.84E+01  0.32E+09  0.42E+03
       Cl  2 1   0.21E+04 -0.37E+00  0.12E+02  0.49E+09  0.65E+03
       Cl  2 2   0.33E+04 -0.16E+00  0.21E+02  0.76E+09  0.10E+04
       Cl  3 3   0.21E+02  0.79E-01  0.89E+01  0.23E+05  0.13E+03
       Cl  4 3   0.24E+02  0.67E-01  0.99E+01  0.27E+05  0.15E+03
       Cl  4 4   0.28E+02  0.44E-01  0.11E+02  0.32E+05  0.18E+03
       Cl  5 5   0.77E+00  0.19E+00  0.18E+01  0.12E+03  0.22E+02
       Cl  6 5   0.80E+00  0.19E+00  0.19E+01  0.12E+03  0.23E+02
       Cl  6 6   0.83E+00  0.20E+00  0.19E+01  0.12E+03  0.23E+02
       H   1 1   0.39E+02  0.19E+00  0.29E+00  0.78E+05  0.13E+02
       H   2 1   0.41E+02  0.21E+00  0.32E+00  0.82E+05  0.14E+02
       H   2 2   0.43E+02  0.22E+00  0.36E+00  0.86E+05  0.15E+02
     ------------------------------------------------------------

     alpha_pv=     34.1245 eV

     Number of occupied bands for each k-point:
     k-point:     1    nbnd_occ=  42
     k-point:     2    nbnd_occ=  42
     k-point:     3    nbnd_occ=  42
     k-point:     4    nbnd_occ=  42
     k-point:     5    nbnd_occ=  42
     k-point:     6    nbnd_occ=  42
     k-point:     7    nbnd_occ=  42
     k-point:     8    nbnd_occ=  42
     k-point:     9    nbnd_occ=  42
     k-point:    10    nbnd_occ=  42
     k-point:    11    nbnd_occ=  42
     k-point:    12    nbnd_occ=  42
     k-point:    13    nbnd_occ=  42
     k-point:    14    nbnd_occ=  42
     k-point:    15    nbnd_occ=  42
     k-point:    16    nbnd_occ=  42


     q-space interpolation up to   110.00 Rydberg

     GIPAW job: efg                                                                             


     ELECTRIC FIELD GRADIENTS TENSORS IN Hartree/bohrradius^2:

     ----- bare term -----
     Cl   1        0.007013        0.286555        0.015047
     Cl   1        0.286555       -0.142911       -0.022118
     Cl   1        0.015047       -0.022118        0.135899

     C    2        0.066289       -0.391610       -0.539767
     C    2       -0.391610       -0.226645       -0.556996
     C    2       -0.539767       -0.556996        0.160356

     C    3       -0.552677        0.306742       -0.059839
     C    3        0.306742        0.164921       -0.307701
     C    3       -0.059839       -0.307701        0.387756

     H    4       -0.186394       -0.476335       -0.116003
     H    4       -0.476335       -0.164918        0.161660
     H    4       -0.116003        0.161660        0.351312

     C    5       -0.159062       -0.128450       -0.317698
     C    5       -0.128450        0.076425       -0.526802
     C    5       -0.317698       -0.526802        0.082637

     H    6        0.444154       -0.232611        0.008666
     H    6       -0.232611       -0.805451       -0.061271
     H    6        0.008666       -0.061271        0.361297

     H    7        0.504055        0.018876        0.093900
     H    7        0.018876        0.096997        0.179944
     H    7        0.093900        0.179944       -0.601053

     C    8       -0.199030       -0.088054       -0.182966
     C    8       -0.088054        0.216208        0.074210
     C    8       -0.182966        0.074210       -0.017178

     H    9        0.183780        0.060121       -0.238255
     H    9        0.060121        0.329906       -0.208550
     H    9       -0.238255       -0.208550       -0.513686

     C   10        0.195676       -0.118059        0.191086
     C   10       -0.118059       -0.096534       -0.039202
     C   10        0.191086       -0.039202       -0.099143

     C   11       -0.096680       -0.075007       -0.323017
     C   11       -0.075007        0.037222        0.088630
     C   11       -0.323017        0.088630        0.059458

     Cl  12       -0.015057        0.015410        0.087742
     Cl  12        0.015410       -0.026197       -0.144771
     Cl  12        0.087742       -0.144771        0.041254

     H   13       -0.029229       -0.408633        0.234988
     H   13       -0.408633       -0.385722       -0.022269
     H   13        0.234988       -0.022269        0.414951

     C   14       -0.331952        0.356592       -0.135518
     C   14        0.356592        0.158473        0.067639
     C   14       -0.135518        0.067639        0.173479

     H   15       -0.505882       -0.236147        0.251808
     H   15       -0.236147        0.334399       -0.065487
     H   15        0.251808       -0.065487        0.171483

     C   16        0.150835       -0.145153        0.177214
     C   16       -0.145153       -0.293530       -0.372452
     C   16        0.177214       -0.372452        0.142696

     C   17       -0.749982        0.502698       -0.314508
     C   17        0.502698        0.211869       -0.041893
     C   17       -0.314508       -0.041893        0.538113

     Cl  18       -0.026586        0.024934        0.057772
     Cl  18        0.024934       -0.033953        0.003702
     Cl  18        0.057772        0.003702        0.060539

     H   19        0.330167        0.109725       -0.252572
     H   19        0.109725       -0.194298        0.508633
     H   19       -0.252572        0.508633       -0.135869

     C   20       -0.203188       -0.385980       -0.278664
     C   20       -0.385980       -0.183642        0.438083
     C   20       -0.278664        0.438083        0.386830

     H   21       -0.099929        0.095596       -0.553140
     H   21        0.095596        0.409575        0.020665
     H   21       -0.553140        0.020665       -0.309646

     C   22       -0.259962       -0.247271       -0.335869
     C   22       -0.247271       -0.095914        0.433095
     C   22       -0.335869        0.433095        0.355876

     C   23       -0.087272       -0.377810       -0.247917
     C   23       -0.377810       -0.158902        0.551129
     C   23       -0.247917        0.551129        0.246174

     Cl  24        0.051727       -0.058803        0.052428
     Cl  24       -0.058803        0.006483       -0.058330
     Cl  24        0.052428       -0.058330       -0.058210

     ----- ionic term -----
     Cl   1        0.105254       -0.176471       -0.018151
     Cl   1       -0.176471        0.036799        0.016450
     Cl   1       -0.018151        0.016450       -0.142052

     C    2        0.274163       -0.038304        0.147937
     C    2       -0.038304        0.263369        0.324969
     C    2        0.147937        0.324969       -0.537533

     C    3        0.221321       -0.171725        0.120635
     C    3       -0.171725        0.328095        0.300096
     C    3        0.120635        0.300096       -0.549416

     H    4        0.819437        0.432848        0.424286
     H    4        0.432848       -0.330659        0.166434
     H    4        0.424286        0.166434       -0.488779

     C    5        0.418563       -0.137885        0.176953
     C    5       -0.137885        0.140675        0.244085
     C    5        0.176953        0.244085       -0.559237

     H    6       -0.479412        0.239996        0.102000
     H    6        0.239996        0.785948        0.580989
     H    6        0.102000        0.580989       -0.306536

     H    7       -0.485893       -0.216313        0.183872
     H    7       -0.216313        0.473357       -0.750607
     H    7        0.183872       -0.750607        0.012536

     C    8        0.171752        0.208089        0.368713
     C    8        0.208089        0.010312       -0.265333
     C    8        0.368713       -0.265333       -0.182064

     H    9        0.462949       -0.209333        0.775015
     H    9       -0.209333       -0.454844       -0.239629
     H    9        0.775015       -0.239629       -0.008105

     C   10        0.052255        0.306908        0.229383
     C   10        0.306908        0.136708       -0.367333
     C   10        0.229383       -0.367333       -0.188963

     C   11        0.113154        0.291614        0.360958
     C   11        0.291614       -0.014522       -0.354165
     C   11        0.360958       -0.354165       -0.098632

     Cl  12        0.141519        0.216669        0.030257
     Cl  12        0.216669       -0.005833        0.006718
     Cl  12        0.030257        0.006718       -0.135686

     H   13       -0.435762        0.310733        0.141166
     H   13        0.310733        0.733614        0.573293
     H   13        0.141166        0.573293       -0.297851

     C   14        0.380532       -0.044038        0.174224
     C   14       -0.044038        0.147082        0.260634
     C   14        0.174224        0.260634       -0.527615

     H   15        0.671053        0.517291        0.470325
     H   15        0.517291       -0.244007        0.259767
     H   15        0.470325        0.259767       -0.427046

     C   16        0.130832       -0.104889        0.122840
     C   16       -0.104889        0.397419        0.326725
     C   16        0.122840        0.326725       -0.528251

     C   17        0.331914       -0.097732        0.169018
     C   17       -0.097732        0.246657        0.281126
     C   17        0.169018        0.281126       -0.578572

     Cl  18        0.149790       -0.227823       -0.010438
     Cl  18       -0.227823        0.023232        0.001334
     Cl  18       -0.010438        0.001334       -0.173022

     H   19       -0.530163       -0.045085        0.068842
     H   19       -0.045085        0.323059       -0.791200
     H   19        0.068842       -0.791200        0.207104

     C   20        0.176403        0.281460        0.377122
     C   20        0.281460       -0.095356       -0.268547
     C   20        0.377122       -0.268547       -0.081047

     H   21        0.327553       -0.093130        0.771904
     H   21       -0.093130       -0.535233       -0.172101
     H   21        0.771904       -0.172101        0.207680

     C   22        0.069212        0.349668        0.215203
     C   22        0.349668        0.068720       -0.362587
     C   22        0.215203       -0.362587       -0.137932

     C   23        0.122982        0.282111        0.335706
     C   23        0.282111        0.016832       -0.345742
     C   23        0.335706       -0.345742       -0.139814

     Cl  24        0.124028        0.212554        0.037340
     Cl  24        0.212554        0.038954        0.021914
     Cl  24        0.037340        0.021914       -0.162982

     ----- GIPAW term -----
     Cl   1        2.533728       -1.263832        0.125057
     Cl   1       -1.263832       -1.019627       -0.103030
     Cl   1        0.125057       -0.103030       -1.514101

     C    2        0.077990       -0.257417       -0.171714
     C    2       -0.257417       -0.019263        0.040429
     C    2       -0.171714        0.040429       -0.058727

     C    3       -0.152721       -0.108728        0.037714
     C    3       -0.108728        0.227968       -0.097497
     C    3        0.037714       -0.097497       -0.075247

     H    4       -0.000000        0.000000        0.000000
     H    4        0.000000        0.000000        0.000000
     H    4        0.000000        0.000000        0.000000

     C    5       -0.103584       -0.087106       -0.028633
     C    5       -0.087106        0.242023       -0.149421
     C    5       -0.028633       -0.149421       -0.138439

     H    6       -0.000000        0.000000        0.000000
     H    6        0.000000        0.000000        0.000000
     H    6        0.000000        0.000000        0.000000

     H    7       -0.000000        0.000000        0.000000
     H    7        0.000000        0.000000        0.000000
     H    7        0.000000        0.000000        0.000000

     C    8       -0.002125       -0.042170       -0.053618
     C    8       -0.042170        0.009145        0.040420
     C    8       -0.053618        0.040420       -0.007020

     H    9       -0.000000        0.000000        0.000000
     H    9        0.000000        0.000000        0.000000
     H    9        0.000000        0.000000        0.000000

     C   10        0.017598        0.006878        0.025045
     C   10        0.006878        0.001348       -0.024186
     C   10        0.025045       -0.024186       -0.018946

     C   11        0.019447       -0.029003       -0.061229
     C   11       -0.029003        0.023670        0.039549
     C   11       -0.061229        0.039549       -0.043117

     Cl  12        0.033150       -0.092806       -1.079912
     Cl  12       -0.092806        0.287990        1.495663
     Cl  12       -1.079912        1.495663       -0.321140

     H   13       -0.000000        0.000000        0.000000
     H   13        0.000000        0.000000        0.000000
     H   13        0.000000        0.000000        0.000000

     C   14        0.012189       -0.001729       -0.027855
     C   14       -0.001729        0.016648        0.039945
     C   14       -0.027855        0.039945       -0.028837

     H   15       -0.000000        0.000000        0.000000
     H   15        0.000000        0.000000        0.000000
     H   15        0.000000        0.000000        0.000000

     C   16       -0.013668       -0.034111        0.038749
     C   16       -0.034111        0.017558        0.032485
     C   16        0.038749        0.032485       -0.003890

     C   17       -0.093878       -0.065074       -0.082792
     C   17       -0.065074        0.075918        0.121403
     C   17       -0.082792        0.121403        0.017960

     Cl  18        0.034570       -2.270724       -0.715033
     Cl  18       -2.270724        0.251042        1.653237
     Cl  18       -0.715033        1.653237       -0.285612

     H   19       -0.000000        0.000000        0.000000
     H   19        0.000000        0.000000        0.000000
     H   19        0.000000        0.000000        0.000000

     C   20        0.023182       -0.150437       -0.073552
     C   20       -0.150437       -0.035911        0.130427
     C   20       -0.073552        0.130427        0.012729

     H   21       -0.000000        0.000000        0.000000
     H   21        0.000000        0.000000        0.000000
     H   21        0.000000        0.000000        0.000000

     C   22       -0.028024       -0.066090       -0.078881
     C   22       -0.066090        0.003861        0.062350
     C   22       -0.078881        0.062350        0.024163

     C   23        0.098492       -0.102682       -0.164133
     C   23       -0.102682       -0.048544        0.160803
     C   23       -0.164133        0.160803       -0.049947

     Cl  24        1.823184        1.533150        0.503072
     Cl  24        1.533150        0.039132       -0.452147
     Cl  24        0.503072       -0.452147       -1.862316

     ----- total EFG -----
     Cl   1        2.645995       -1.153748        0.121954
     Cl   1       -1.153748       -1.125740       -0.108698
     Cl   1        0.121954       -0.108698       -1.520255

     C    2        0.418443       -0.687331       -0.563543
     C    2       -0.687331        0.017461       -0.191599
     C    2       -0.563543       -0.191599       -0.435904

     C    3       -0.484077        0.026290        0.098511
     C    3        0.026290        0.720984       -0.105102
     C    3        0.098511       -0.105102       -0.236907

     H    4        0.633044       -0.043488        0.308283
     H    4       -0.043488       -0.495577        0.328095
     H    4        0.308283        0.328095       -0.137467

     C    5        0.155916       -0.353440       -0.169378
     C    5       -0.353440        0.459123       -0.432138
     C    5       -0.169378       -0.432138       -0.615039

     H    6       -0.035258        0.007385        0.110666
     H    6        0.007385       -0.019503        0.519718
     H    6        0.110666        0.519718        0.054761

     H    7        0.018163       -0.197437        0.277772
     H    7       -0.197437        0.570354       -0.570663
     H    7        0.277772       -0.570663       -0.588517

     C    8       -0.029403        0.077865        0.132130
     C    8        0.077865        0.235664       -0.150703
     C    8        0.132130       -0.150703       -0.206261

     H    9        0.646729       -0.149212        0.536760
     H    9       -0.149212       -0.124938       -0.448179
     H    9        0.536760       -0.448179       -0.521791

     C   10        0.265530        0.195727        0.445514
     C   10        0.195727        0.041522       -0.430722
     C   10        0.445514       -0.430722       -0.307051

     C   11        0.035920        0.187604       -0.023287
     C   11        0.187604        0.046370       -0.225986
     C   11       -0.023287       -0.225986       -0.082290

     Cl  12        0.159612        0.139273       -0.961913
     Cl  12        0.139273        0.255961        1.357610
     Cl  12       -0.961913        1.357610       -0.415572

     H   13       -0.464991       -0.097900        0.376153
     H   13       -0.097900        0.347892        0.551024
     H   13        0.376153        0.551024        0.117099

     C   14        0.060769        0.310825        0.010851
     C   14        0.310825        0.322204        0.368219
     C   14        0.010851        0.368219       -0.382973

     H   15        0.165171        0.281144        0.722133
     H   15        0.281144        0.090392        0.194280
     H   15        0.722133        0.194280       -0.255562

     C   16        0.267999       -0.284153        0.338803
     C   16       -0.284153        0.121447       -0.013242
     C   16        0.338803       -0.013242       -0.389446

     C   17       -0.511946        0.339892       -0.228283
     C   17        0.339892        0.534445        0.360635
     C   17       -0.228283        0.360635       -0.022499

     Cl  18        0.157774       -2.473614       -0.667698
     Cl  18       -2.473614        0.240322        1.658273
     Cl  18       -0.667698        1.658273       -0.398095

     H   19       -0.199996        0.064641       -0.183730
     H   19        0.064641        0.128761       -0.282567
     H   19       -0.183730       -0.282567        0.071235

     C   20       -0.003603       -0.254957        0.024906
     C   20       -0.254957       -0.314909        0.299963
     C   20        0.024906        0.299963        0.318512

     H   21        0.227624        0.002465        0.218764
     H   21        0.002465       -0.125658       -0.151435
     H   21        0.218764       -0.151435       -0.101967

     C   22       -0.218774        0.036307       -0.199546
     C   22        0.036307       -0.023334        0.132857
     C   22       -0.199546        0.132857        0.242108

     C   23        0.134202       -0.198382       -0.076345
     C   23       -0.198382       -0.190615        0.366191
     C   23       -0.076345        0.366191        0.056413

     Cl  24        1.998939        1.686902        0.592841
     Cl  24        1.686902        0.084569       -0.488563
     Cl  24        0.592841       -0.488563       -2.083508

     ----- total EFG (symmetrized) -----
     Cl   1        2.645995       -1.153748        0.121954
     Cl   1       -1.153748       -1.125740       -0.108698
     Cl   1        0.121954       -0.108698       -1.520255

     C    2        0.418443       -0.687331       -0.563543
     C    2       -0.687331        0.017461       -0.191599
     C    2       -0.563543       -0.191599       -0.435904

     C    3       -0.484077        0.026290        0.098511
     C    3        0.026290        0.720984       -0.105102
     C    3        0.098511       -0.105102       -0.236907

     H    4        0.633044       -0.043488        0.308283
     H    4       -0.043488       -0.495577        0.328095
     H    4        0.308283        0.328095       -0.137467

     C    5        0.155916       -0.353440       -0.169378
     C    5       -0.353440        0.459123       -0.432138
     C    5       -0.169378       -0.432138       -0.615039

     H    6       -0.035258        0.007385        0.110666
     H    6        0.007385       -0.019503        0.519718
     H    6        0.110666        0.519718        0.054761

     H    7        0.018163       -0.197437        0.277772
     H    7       -0.197437        0.570354       -0.570663
     H    7        0.277772       -0.570663       -0.588517

     C    8       -0.029403        0.077865        0.132130
     C    8        0.077865        0.235664       -0.150703
     C    8        0.132130       -0.150703       -0.206261

     H    9        0.646729       -0.149212        0.536760
     H    9       -0.149212       -0.124938       -0.448179
     H    9        0.536760       -0.448179       -0.521791

     C   10        0.265530        0.195727        0.445514
     C   10        0.195727        0.041522       -0.430722
     C   10        0.445514       -0.430722       -0.307051

     C   11        0.035920        0.187604       -0.023287
     C   11        0.187604        0.046370       -0.225986
     C   11       -0.023287       -0.225986       -0.082290

     Cl  12        0.159612        0.139273       -0.961913
     Cl  12        0.139273        0.255961        1.357610
     Cl  12       -0.961913        1.357610       -0.415572

     H   13       -0.464991       -0.097900        0.376153
     H   13       -0.097900        0.347892        0.551024
     H   13        0.376153        0.551024        0.117099

     C   14        0.060769        0.310825        0.010851
     C   14        0.310825        0.322204        0.368219
     C   14        0.010851        0.368219       -0.382973

     H   15        0.165171        0.281144        0.722133
     H   15        0.281144        0.090392        0.194280
     H   15        0.722133        0.194280       -0.255562

     C   16        0.267999       -0.284153        0.338803
     C   16       -0.284153        0.121447       -0.013242
     C   16        0.338803       -0.013242       -0.389446

     C   17       -0.511946        0.339892       -0.228283
     C   17        0.339892        0.534445        0.360635
     C   17       -0.228283        0.360635       -0.022499

     Cl  18        0.157774       -2.473614       -0.667698
     Cl  18       -2.473614        0.240322        1.658273
     Cl  18       -0.667698        1.658273       -0.398095

     H   19       -0.199996        0.064641       -0.183730
     H   19        0.064641        0.128761       -0.282567
     H   19       -0.183730       -0.282567        0.071235

     C   20       -0.003603       -0.254957        0.024906
     C   20       -0.254957       -0.314909        0.299963
     C   20        0.024906        0.299963        0.318512

     H   21        0.227624        0.002465        0.218764
     H   21        0.002465       -0.125658       -0.151435
     H   21        0.218764       -0.151435       -0.101967

     C   22       -0.218774        0.036307       -0.199546
     C   22        0.036307       -0.023334        0.132857
     C   22       -0.199546        0.132857        0.242108

     C   23        0.134202       -0.198382       -0.076345
     C   23       -0.198382       -0.190615        0.366191
     C   23       -0.076345        0.366191        0.056413

     Cl  24        1.998939        1.686902        0.592841
     Cl  24        1.686902        0.084569       -0.488563
     Cl  24        0.592841       -0.488563       -2.083508


     NQR/NMR SPECTROSCOPIC PARAMETERS:
     Cl   1    Vxx=   -1.4072    axis=( -0.248465 -0.818056  0.518699)
     Cl   1    Vyy=   -1.5685    axis=( -0.114087 -0.507050 -0.854333)
     Cl   1    Vzz=    2.9757    axis=(  0.961899 -0.271449  0.032654)
     Cl   1  Q=        -8.1650 1e-30 m^2  Cq=       -57.0878 MHz  eta= 0.05419

     C    2    Vxx=   -0.0331    axis=( -0.238204 -0.704572  0.668459)
     C    2    Vyy=   -0.9877    axis=( -0.519756 -0.488938 -0.700567)
     C    2    Vzz=    1.0209    axis=( -0.820434  0.514314  0.249738)
     C    2  Q=         1.0000 1e-30 m^2  Cq=         2.3986 MHz  eta= 0.93508

     C    3    Vxx=   -0.2111    axis=(  0.346059  0.095480  0.933342)
     C    3    Vyy=   -0.5214    axis=(  0.938125 -0.048852 -0.342835)
     C    3    Vzz=    0.7326    axis=( -0.012862 -0.994232  0.106478)
     C    3  Q=         1.0000 1e-30 m^2  Cq=         1.7213 MHz  eta= 0.42359

     H    4    Vxx=   -0.0252    axis=(  0.320143 -0.561749 -0.762854)
     H    4    Vyy=   -0.7200    axis=(  0.150572  0.825170 -0.544447)
     H    4    Vzz=    0.7452    axis=( -0.935327 -0.059437 -0.348756)
     H    4  Q=         1.0000 1e-30 m^2  Cq=         1.7510 MHz  eta= 0.93226

     C    5    Vxx=    0.0960    axis=(  0.847552  0.339277 -0.408101)
     C    5    Vyy=    0.7521    axis=(  0.451245 -0.865450  0.217656)
     C    5    Vzz=   -0.8481    axis=(  0.279346  0.368628  0.886611)
     C    5  Q=         1.0000 1e-30 m^2  Cq=        -1.9926 MHz  eta= 0.77363

     H    6    Vxx=   -0.0376    axis=(  0.978292 -0.207122 -0.006697)
     H    6    Vyy=   -0.5138    axis=(  0.146853  0.715702 -0.682792)
     H    6    Vzz=    0.5514    axis=(  0.146214  0.666987  0.730582)
     H    6  Q=         1.0000 1e-30 m^2  Cq=         1.2955 MHz  eta= 0.86369

     H    7    Vxx=   -0.0380    axis=(  0.924147  0.373824  0.078792)
     H    7    Vyy=   -0.8623    axis=( -0.214066  0.335868  0.917261)
     H    7    Vzz=    0.9003    axis=(  0.316431 -0.864551  0.390415)
     H    7  Q=         1.0000 1e-30 m^2  Cq=         2.1154 MHz  eta= 0.91554

     C    8    Vxx=    0.0411    axis=( -0.884094 -0.008092 -0.467239)
     C    8    Vyy=    0.2867    axis=(  0.127823  0.957531 -0.258447)
     C    8    Vzz=   -0.3279    axis=( -0.449488  0.288216  0.845513)
     C    8  Q=         1.0000 1e-30 m^2  Cq=        -0.7704 MHz  eta= 0.74905

     H    9    Vxx=   -0.0367    axis=(  0.428632  0.848696 -0.309820)
     H    9    Vyy=   -0.9108    axis=(  0.254050 -0.442302 -0.860132)
     H    9    Vzz=    0.9475    axis=( -0.867025  0.289971 -0.405196)
     H    9  Q=         1.0000 1e-30 m^2  Cq=         2.2262 MHz  eta= 0.92256

     C   10    Vxx=    0.2982    axis=( -0.355442 -0.865073  0.353990)
     C   10    Vyy=    0.5134    axis=(  0.840902 -0.130600  0.525193)
     C   10    Vzz=   -0.8116    axis=( -0.408099  0.484347  0.773862)
     C   10  Q=         1.0000 1e-30 m^2  Cq=        -1.9069 MHz  eta= 0.26515

     C   11    Vxx=   -0.0316    axis=( -0.786647  0.211162 -0.580170)
     C   11    Vyy=   -0.2861    axis=(  0.329684 -0.650839 -0.683899)
     C   11    Vzz=    0.3177    axis=( -0.522011 -0.729259  0.442363)
     C   11  Q=         1.0000 1e-30 m^2  Cq=         0.7466 MHz  eta= 0.80101

     Cl  12    Vxx=    0.3208    axis=(  0.829246  0.555812 -0.058511)
     Cl  12    Vyy=    1.5255    axis=(  0.391078 -0.651866 -0.649714)
     Cl  12    Vzz=   -1.8464    axis=( -0.399260  0.515891 -0.757924)
     Cl  12  Q=        -8.1650 1e-30 m^2  Cq=        35.4216 MHz  eta= 0.65247

     H   13    Vxx=   -0.0499    axis=(  0.617188 -0.581832  0.529671)
     H   13    Vyy=   -0.7677    axis=(  0.774985  0.333236 -0.536984)
     H   13    Vzz=    0.8176    axis=(  0.135929  0.741907  0.656580)
     H   13  Q=         1.0000 1e-30 m^2  Cq=         1.9210 MHz  eta= 0.87797

     C   14    Vxx=   -0.0668    axis=(  0.864461 -0.341910 -0.368517)
     C   14    Vyy=   -0.5633    axis=( -0.201692  0.435584 -0.877261)
     C   14    Vzz=    0.6301    axis=(  0.460464  0.832685  0.307585)
     C   14  Q=         1.0000 1e-30 m^2  Cq=         1.4805 MHz  eta= 0.78799

     H   15    Vxx=   -0.0612    axis=(  0.314978 -0.913647  0.256978)
     H   15    Vyy=   -0.7976    axis=(  0.603029 -0.016431 -0.797550)
     H   15    Vzz=    0.8587    axis=(  0.732902  0.406176  0.545780)
     H   15  Q=         1.0000 1e-30 m^2  Cq=         2.0177 MHz  eta= 0.85752

     C   16    Vxx=   -0.0233    axis=(  0.412067  0.840870  0.350911)
     C   16    Vyy=   -0.5491    axis=(  0.425711  0.162831 -0.890088)
     C   16    Vzz=    0.5724    axis=( -0.805587  0.516162 -0.290870)
     C   16  Q=         1.0000 1e-30 m^2  Cq=         1.3449 MHz  eta= 0.91849

     C   17    Vxx=    0.0148    axis=( -0.511542 -0.238350  0.825539)
     C   17    Vyy=    0.7487    axis=(  0.177934  0.910548  0.373150)
     C   17    Vzz=   -0.7635    axis=( -0.840633  0.337774 -0.423373)
     C   17  Q=         1.0000 1e-30 m^2  Cq=        -1.7939 MHz  eta= 0.96114

     Cl  18    Vxx=   -0.8434    axis=(  0.557263  0.001413  0.830335)
     Cl  18    Vyy=   -2.5619    axis=(  0.568437  0.728281 -0.382735)
     Cl  18    Vzz=    3.4052    axis=( -0.605258  0.685277  0.405041)
     Cl  18  Q=        -8.1650 1e-30 m^2  Cq=       -65.3278 MHz  eta= 0.50465

     H   19    Vxx=   -0.1209    axis=(  0.551577 -0.683643 -0.477907)
     H   19    Vyy=   -0.3105    axis=(  0.790274  0.244983  0.561650)
     H   19    Vzz=    0.4315    axis=(  0.266889  0.687471 -0.675392)
     H   19  Q=         1.0000 1e-30 m^2  Cq=         1.0138 MHz  eta= 0.43947

     C   20    Vxx=    0.0958    axis=(  0.891326 -0.315649  0.325428)
     C   20    Vyy=    0.4511    axis=(  0.181055 -0.410250 -0.893820)
     C   20    Vzz=   -0.5469    axis=(  0.415640  0.855605 -0.308517)
     C   20  Q=         1.0000 1e-30 m^2  Cq=        -1.2851 MHz  eta= 0.64975

     H   21    Vxx=   -0.0326    axis=(  0.393203  0.786267 -0.476630)
     H   21    Vyy=   -0.3138    axis=( -0.302013  0.600069  0.740746)
     H   21    Vzz=    0.3465    axis=(  0.868435 -0.147315  0.473412)
     H   21  Q=         1.0000 1e-30 m^2  Cq=         0.8140 MHz  eta= 0.81166

     C   22    Vxx=   -0.0340    axis=(  0.367491  0.913606 -0.173998)
     C   22    Vyy=   -0.3168    axis=( -0.880526  0.281565 -0.381307)
     C   22    Vzz=    0.3508    axis=( -0.299372  0.293337  0.907926)
     C   22  Q=         1.0000 1e-30 m^2  Cq=         0.8243 MHz  eta= 0.80599

     C   23    Vxx=    0.0459    axis=(  0.822846  0.155887  0.546464)
     C   23    Vyy=    0.4314    axis=(  0.532058 -0.549107 -0.644512)
     C   23    Vzz=   -0.4773    axis=(  0.199596  0.821085 -0.534772)
     C   23  Q=         1.0000 1e-30 m^2  Cq=        -1.1216 MHz  eta= 0.80761

     Cl  24    Vxx=   -0.5612    axis=( -0.428210  0.798545 -0.423039)
     Cl  24    Vyy=   -2.4345    axis=( -0.251885  0.344107  0.904513)
     Cl  24    Vzz=    2.9957    axis=( -0.867865 -0.493879 -0.053791)
     Cl  24  Q=        -8.1650 1e-30 m^2  Cq=       -57.4701 MHz  eta= 0.62533

     Initialization:
     gipaw_setup  :      9.20s CPU     10.77s WALL (       1 calls)

     Linear response

     Apply operators

     Induced current

     Other routines
     efg          :      9.18s CPU     11.37s WALL (       1 calls)

     General routines
     calbec       :      3.07s CPU      3.98s WALL (      16 calls)
     fft          :      1.67s CPU      2.40s WALL (      15 calls)
     ffts         :      0.04s CPU      0.04s WALL (       2 calls)
     fftw         :      3.18s CPU      3.80s WALL (     672 calls)
     davcio       :      0.02s CPU      0.33s WALL (      32 calls)

     Parallel routines
     fft_scatter  :      2.15s CPU      3.33s WALL (     689 calls)

     Plugins

     GIPAW        :     60.50s CPU     71.87s WALL (       1 calls)
