
     Program QE v.6.0 (svn rev. 13079) starts on  2Jan2017 at 17:37: 3 

     This program is part of the open-source Quantum ESPRESSO suite
     for quantum simulation of materials; please cite
         "P. Giannozzi et al., J. Phys.:Condens. Matter 21 395502 (2009);
          URL http://www.quantum-espresso.org", 
     in publications or presentations arising from this work. More details at
     http://www.quantum-espresso.org/quote

     Parallel version (MPI), running on     8 processors
     R & G space division:  proc/nbgrp/npool/nimage =       8

     ***** This is GIPAW svn revision unknown      *****

     Parallelizing q-star over 1 images

     Reading data from directory:
     /users/majewski/paradichlorobenzene/pbe/9_constraint/scratch/pbe.ecut100.np8.dt60.pcl2phi-129368.save
     Message from routine read_xml_file:
     file /users/majewski/paradichlorobenzene/pbe/9_constraint/scratch/pbe.ecut100.np8.dt60.pcl2phi-129368.save not guaranteed to be safe for post-processing

   Info: using nr1, nr2, nr3 values from input

   Info: using nr1, nr2, nr3 values from input

     IMPORTANT: XC functional enforced from input :
     Exchange-correlation      =  SLA  PW   PBX  PBC ( 1  4  3  4 0 0)
     Any further DFT definition will be discarded
     Please, verify this is what you really want

               file C.pbe-n-kjpaw_psl.1.0.0.UPF: wavefunction(s)  2S 2P renormalized
               file Cl.pbe-n-kjpaw_psl.1.0.0.UPF: wavefunction(s)  3S 3P renormalized
               file H.pbe-kjpaw_psl.1.0.0.UPF: wavefunction(s)  1S renormalized

     Parallelization info
     --------------------
     sticks:   dense  smooth     PW     G-vecs:    dense   smooth      PW
     Min        3057    1223    332               144436    36536    5170
     Max        3059    1225    333               144437    36537    5171
     Sum       24467    9791   2657              1155489   292295   41363


     Subspace diagonalization in iterative solution of the eigenvalue problem:
     a serial algorithm will be used

     GIPAW projectors -----------------------------------------------
     atom=  C    l=0  rc=    1.2000  rs=    0.8000
     atom=  C    l=0  rc=    1.2000  rs=    0.8000
     atom=  C    l=1  rc=    1.4000  rs=    0.9333
     atom=  C    l=1  rc=    1.4000  rs=    0.9333
     projs nearly linearly dependent: l=1  n1,n2= 1, 2  s=  0.99951561

     atom=  Cl   l=0  rc=    1.6000  rs=    1.0667
     atom=  Cl   l=0  rc=    1.6000  rs=    1.0667
     atom=  Cl   l=1  rc=    1.6000  rs=    1.0667
     atom=  Cl   l=1  rc=    1.6000  rs=    1.0667
     atom=  Cl   l=2  rc=    1.6000  rs=    1.0667
     atom=  Cl   l=2  rc=    1.6000  rs=    1.0667
     projs nearly linearly dependent: l=2  n1,n2= 1, 2  s=  0.99993509

     atom=  H    l=0  rc=    1.0000  rs=    0.6667
     atom=  H    l=0  rc=    1.0000  rs=    0.6667
     projs nearly linearly dependent: l=0  n1,n2= 1, 2  s=  0.99968852
     -----------------------------------------------------------------

     GIPAW integrals: -------------------------------------------
     Atom  i/j   nmr_para   nmr_dia   epr_rmc  epr_para   epr_dia
       C   1 1   0.83E+03  0.17E-01  0.93E+01  0.24E+08  0.24E+03
       C   2 1   0.86E+03 -0.61E-01  0.94E+01  0.25E+08  0.25E+03
       C   2 2   0.90E+03 -0.15E+00  0.97E+01  0.26E+08  0.26E+03
       C   3 3   0.33E+01  0.34E+00  0.18E+01  0.55E+03  0.21E+02
       C   4 3   0.35E+01  0.37E+00  0.20E+01  0.59E+03  0.22E+02
       C   4 4   0.38E+01  0.39E+00  0.22E+01  0.63E+03  0.24E+02
       Cl  1 1   0.14E+04 -0.47E+00  0.84E+01  0.32E+09  0.42E+03
       Cl  2 1   0.21E+04 -0.37E+00  0.12E+02  0.49E+09  0.65E+03
       Cl  2 2   0.33E+04 -0.16E+00  0.21E+02  0.76E+09  0.10E+04
       Cl  3 3   0.21E+02  0.79E-01  0.89E+01  0.23E+05  0.13E+03
       Cl  4 3   0.24E+02  0.67E-01  0.99E+01  0.27E+05  0.15E+03
       Cl  4 4   0.28E+02  0.44E-01  0.11E+02  0.32E+05  0.18E+03
       Cl  5 5   0.77E+00  0.19E+00  0.18E+01  0.12E+03  0.22E+02
       Cl  6 5   0.80E+00  0.19E+00  0.19E+01  0.12E+03  0.23E+02
       Cl  6 6   0.83E+00  0.20E+00  0.19E+01  0.12E+03  0.23E+02
       H   1 1   0.39E+02  0.19E+00  0.29E+00  0.78E+05  0.13E+02
       H   2 1   0.41E+02  0.21E+00  0.32E+00  0.82E+05  0.14E+02
       H   2 2   0.43E+02  0.22E+00  0.36E+00  0.86E+05  0.15E+02
     ------------------------------------------------------------

     alpha_pv=     34.0000 eV

     Number of occupied bands for each k-point:
     k-point:     1    nbnd_occ=  42
     k-point:     2    nbnd_occ=  42
     k-point:     3    nbnd_occ=  42
     k-point:     4    nbnd_occ=  42
     k-point:     5    nbnd_occ=  42
     k-point:     6    nbnd_occ=  42
     k-point:     7    nbnd_occ=  42
     k-point:     8    nbnd_occ=  42
     k-point:     9    nbnd_occ=  42
     k-point:    10    nbnd_occ=  42
     k-point:    11    nbnd_occ=  42
     k-point:    12    nbnd_occ=  42
     k-point:    13    nbnd_occ=  42
     k-point:    14    nbnd_occ=  42
     k-point:    15    nbnd_occ=  42
     k-point:    16    nbnd_occ=  42


     q-space interpolation up to   110.00 Rydberg

     GIPAW job: efg                                                                             


     ELECTRIC FIELD GRADIENTS TENSORS IN Hartree/bohrradius^2:

     ----- bare term -----
     Cl   1        0.033164       -0.018774       -0.154061
     Cl   1       -0.018774       -0.056331       -0.070989
     Cl   1       -0.154061       -0.070989        0.023167

     C    2       -0.513590        0.241373       -0.368864
     C    2        0.241373        0.097822       -0.221734
     C    2       -0.368864       -0.221734        0.415768

     C    3       -0.037089        0.045442       -0.377360
     C    3        0.045442       -0.333678       -0.516255
     C    3       -0.377360       -0.516255        0.370768

     H    4       -0.659437       -0.220179       -0.101611
     H    4       -0.220179        0.403199       -0.153122
     H    4       -0.101611       -0.153122        0.256238

     C    5       -0.802886        0.368216       -0.400964
     C    5        0.368216        0.411524       -0.137619
     C    5       -0.400964       -0.137619        0.391362

     H    6        0.339769       -0.040978       -0.046878
     H    6       -0.040978       -0.489997       -0.600170
     H    6       -0.046878       -0.600170        0.150228

     H    7        0.317097        0.323409       -0.134680
     H    7        0.323409       -0.535345        0.482966
     H    7       -0.134680        0.482966        0.218249

     C    8       -0.025533       -0.512042       -0.013321
     C    8       -0.512042       -0.317331        0.376260
     C    8       -0.013321        0.376260        0.342864

     H    9       -0.512117        0.502110        0.050251
     H    9        0.502110        0.203123       -0.055690
     H    9        0.050251       -0.055690        0.308995

     C   10       -0.171366       -0.265882       -0.408024
     C   10       -0.265882       -0.057789        0.414752
     C   10       -0.408024        0.414752        0.229155

     C   11       -0.175782       -0.034813       -0.322465
     C   11       -0.034813       -0.048186        0.681223
     C   11       -0.322465        0.681223        0.223968

     Cl  12       -0.059954       -0.149531        0.006967
     Cl  12       -0.149531        0.008612       -0.052951
     Cl  12        0.006967       -0.052951        0.051343

     H   13        0.430852        0.009704       -0.063561
     H   13        0.009704       -0.726573        0.132451
     H   13       -0.063561        0.132451        0.295721

     C   14       -0.154283       -0.050828       -0.243400
     C   14       -0.050828       -0.014714       -0.425344
     C   14       -0.243400       -0.425344        0.168998

     H   15       -0.284596       -0.482635        0.078068
     H   15       -0.482635        0.011094        0.176061
     H   15        0.078068        0.176061        0.273502

     C   16       -0.342897        0.208443        0.039328
     C   16        0.208443        0.010742       -0.119275
     C   16        0.039328       -0.119275        0.332155

     C   17       -0.003590       -0.019918       -0.256960
     C   17       -0.019918        0.056342       -0.666557
     C   17       -0.256960       -0.666557       -0.052752

     Cl  18       -0.192059        0.201869       -0.027671
     Cl  18        0.201869        0.169790       -0.087022
     Cl  18       -0.027671       -0.087022        0.022269

     H   19        0.545267        0.016954        0.020273
     H   19        0.016954       -0.060625        0.253302
     H   19        0.020273        0.253302       -0.484642

     C   20       -0.598265       -0.346679       -0.323805
     C   20       -0.346679        0.204994        0.356894
     C   20       -0.323805        0.356894        0.393271

     H   21       -0.415878       -0.140910       -0.382322
     H   21       -0.140910        0.087347        0.247680
     H   21       -0.382322        0.247680        0.328530

     C   22       -0.000512       -0.223014       -0.148396
     C   22       -0.223014       -0.171670        0.541350
     C   22       -0.148396        0.541350        0.172182

     C   23       -0.664158       -0.189177       -0.280846
     C   23       -0.189177        0.165669        0.092095
     C   23       -0.280846        0.092095        0.498489

     Cl  24       -0.107078        0.001272        0.010140
     Cl  24        0.001272       -0.083724       -0.042177
     Cl  24        0.010140       -0.042177        0.190801

     ----- ionic term -----
     Cl   1        0.195966       -0.205005       -0.018002
     Cl   1       -0.205005       -0.052387        0.010467
     Cl   1       -0.018002        0.010467       -0.143579

     C    2        0.353712       -0.049027        0.123835
     C    2       -0.049027        0.079073        0.357770
     C    2        0.123835        0.357770       -0.432785

     C    3        0.286071       -0.159171        0.124183
     C    3       -0.159171        0.099584        0.345190
     C    3        0.124183        0.345190       -0.385656

     H    4        0.700702        0.388981        0.555840
     H    4        0.388981       -0.379907        0.238092
     H    4        0.555840        0.238092       -0.320795

     C    5        0.375795       -0.123077        0.207300
     C    5       -0.123077        0.020828        0.318052
     C    5        0.207300        0.318052       -0.396622

     H    6       -0.509768       -0.016095        0.007772
     H    6       -0.016095        0.722078        0.664167
     H    6        0.007772        0.664167       -0.212311

     H    7       -0.523838       -0.087796        0.050837
     H    7       -0.087796        0.706439       -0.706582
     H    7        0.050837       -0.706582       -0.182600

     C    8        0.305472        0.131646        0.175301
     C    8        0.131646        0.053505       -0.320771
     C    8        0.175301       -0.320771       -0.358976

     H    9        0.814698       -0.471953        0.386172
     H    9       -0.471953       -0.381242       -0.217861
     H    9        0.386172       -0.217861       -0.433456

     C   10        0.181419        0.120613        0.099162
     C   10        0.120613        0.135027       -0.412513
     C   10        0.099162       -0.412513       -0.316446

     C   11        0.273950        0.116435        0.196085
     C   11        0.116435        0.015618       -0.445233
     C   11        0.196085       -0.445233       -0.289568

     Cl  12        0.139175        0.208552       -0.056626
     Cl  12        0.208552       -0.001408       -0.042935
     Cl  12       -0.056626       -0.042935       -0.137767

     H   13       -0.506621       -0.002113       -0.026528
     H   13       -0.002113        0.850173        0.564444
     H   13       -0.026528        0.564444       -0.343552

     C   14        0.378869       -0.123199        0.103094
     C   14       -0.123199        0.131413        0.277676
     C   14        0.103094        0.277676       -0.510281

     H   15        0.860319        0.365923        0.469412
     H   15        0.365923       -0.383610        0.185040
     H   15        0.469412        0.185040       -0.476709

     C   16        0.243013       -0.179040        0.104512
     C   16       -0.179040        0.283129        0.335556
     C   16        0.104512        0.335556       -0.526142

     C   17        0.185283       -0.069912        0.251519
     C   17       -0.069912        0.273784        0.366339
     C   17        0.251519        0.366339       -0.459067

     Cl  18        0.132214       -0.187948        0.015637
     Cl  18       -0.187948        0.023616        0.001331
     Cl  18        0.015637        0.001331       -0.155831

     H   19       -0.518340       -0.044158        0.046978
     H   19       -0.044158        0.317766       -0.816049
     H   19        0.046978       -0.816049        0.200573

     C   20        0.281573        0.161667        0.207254
     C   20        0.161667       -0.033658       -0.346867
     C   20        0.207254       -0.346867       -0.247915

     H   21        0.707073       -0.257856        0.605186
     H   21       -0.257856       -0.464120       -0.204069
     H   21        0.605186       -0.204069       -0.242953

     C   22        0.148000        0.215974        0.139880
     C   22        0.215974        0.085830       -0.420390
     C   22        0.139880       -0.420390       -0.233829

     C   23        0.276943        0.106862        0.197606
     C   23        0.106862       -0.013788       -0.427042
     C   23        0.197606       -0.427042       -0.263156

     Cl  24        0.155990        0.200262       -0.019545
     Cl  24        0.200262       -0.020154       -0.019024
     Cl  24       -0.019545       -0.019024       -0.135836

     ----- GIPAW term -----
     Cl   1        1.703740       -1.780416       -1.832853
     Cl   1       -1.780416       -0.888877       -0.559292
     Cl   1       -1.832853       -0.559292       -0.814863

     C    2       -0.070592       -0.132961       -0.099748
     C    2       -0.132961        0.101729        0.072710
     C    2       -0.099748        0.072710       -0.031137

     C    3        0.012042       -0.063934       -0.172435
     C    3       -0.063934       -0.083892       -0.035355
     C    3       -0.172435       -0.035355        0.071850

     H    4       -0.000000        0.000000        0.000000
     H    4        0.000000        0.000000        0.000000
     H    4        0.000000        0.000000        0.000000

     C    5       -0.224044        0.071127       -0.047565
     C    5        0.071127        0.260888        0.058603
     C    5       -0.047565        0.058603       -0.036844

     H    6       -0.000000        0.000000        0.000000
     H    6        0.000000        0.000000        0.000000
     H    6        0.000000        0.000000        0.000000

     H    7       -0.000000        0.000000        0.000000
     H    7        0.000000        0.000000        0.000000
     H    7        0.000000        0.000000        0.000000

     C    8        0.050080       -0.235248        0.098999
     C    8       -0.235248       -0.026875       -0.010615
     C    8        0.098999       -0.010615       -0.023205

     H    9       -0.000000        0.000000        0.000000
     H    9        0.000000        0.000000        0.000000
     H    9        0.000000        0.000000        0.000000

     C   10        0.066990       -0.152044       -0.146969
     C   10       -0.152044        0.001675        0.086262
     C   10       -0.146969        0.086262       -0.068665

     C   11       -0.021110        0.062003       -0.094287
     C   11        0.062003        0.055250        0.217173
     C   11       -0.094287        0.217173       -0.034140

     Cl  12       -0.774178        0.477532       -0.720171
     Cl  12        0.477532       -0.362155        1.821995
     Cl  12       -0.720171        1.821995        1.136333

     H   13       -0.000000        0.000000        0.000000
     H   13        0.000000        0.000000        0.000000
     H   13        0.000000        0.000000        0.000000

     C   14       -0.092213       -0.010074       -0.020277
     C   14       -0.010074        0.129613       -0.194899
     C   14       -0.020277       -0.194899       -0.037400

     H   15       -0.000000        0.000000        0.000000
     H   15        0.000000        0.000000        0.000000
     H   15        0.000000        0.000000        0.000000

     C   16       -0.089185        0.005348        0.009488
     C   16        0.005348        0.079167       -0.074120
     C   16        0.009488       -0.074120        0.010017

     C   17       -0.058273       -0.040682       -0.035288
     C   17       -0.040682        0.267489       -0.098385
     C   17       -0.035288       -0.098385       -0.209216

     Cl  18        0.075439       -1.026081       -0.296880
     Cl  18       -1.026081        1.649328       -0.743908
     Cl  18       -0.296880       -0.743908       -1.724767

     H   19       -0.000000        0.000000        0.000000
     H   19        0.000000        0.000000        0.000000
     H   19        0.000000        0.000000        0.000000

     C   20       -0.160147       -0.063653       -0.044861
     C   20       -0.063653        0.140877        0.122257
     C   20       -0.044861        0.122257        0.019270

     H   21       -0.000000        0.000000        0.000000
     H   21        0.000000        0.000000        0.000000
     H   21        0.000000        0.000000        0.000000

     C   22       -0.110579       -0.038873       -0.006787
     C   22       -0.038873        0.202037       -0.033242
     C   22       -0.006787       -0.033242       -0.091459

     C   23       -0.136777       -0.007471        0.069236
     C   23       -0.007471        0.021505       -0.178422
     C   23        0.069236       -0.178422        0.115272

     Cl  24       -0.490824        1.772849       -0.212532
     Cl  24        1.772849       -1.301375       -0.815133
     Cl  24       -0.212532       -0.815133        1.792199

     ----- total EFG -----
     Cl   1        1.932871       -2.004195       -2.004916
     Cl   1       -2.004195       -0.997596       -0.619814
     Cl   1       -2.004916       -0.619814       -0.935275

     C    2       -0.230470        0.059384       -0.344777
     C    2        0.059384        0.278625        0.208745
     C    2       -0.344777        0.208745       -0.048154

     C    3        0.261024       -0.177662       -0.425612
     C    3       -0.177662       -0.317986       -0.206420
     C    3       -0.425612       -0.206420        0.056962

     H    4        0.041265        0.168802        0.454229
     H    4        0.168802        0.023292        0.084970
     H    4        0.454229        0.084970       -0.064557

     C    5       -0.651135        0.316266       -0.241229
     C    5        0.316266        0.693239        0.239036
     C    5       -0.241229        0.239036       -0.042104

     H    6       -0.169999       -0.057072       -0.039106
     H    6       -0.057072        0.232082        0.063997
     H    6       -0.039106        0.063997       -0.062083

     H    7       -0.206742        0.235613       -0.083843
     H    7        0.235613        0.171093       -0.223616
     H    7       -0.083843       -0.223616        0.035648

     C    8        0.330019       -0.615644        0.260979
     C    8       -0.615644       -0.290701        0.044874
     C    8        0.260979        0.044874       -0.039318

     H    9        0.302581        0.030158        0.436423
     H    9        0.030158       -0.178120       -0.273551
     H    9        0.436423       -0.273551       -0.124462

     C   10        0.077044       -0.297314       -0.455831
     C   10       -0.297314        0.078913        0.088501
     C   10       -0.455831        0.088501       -0.155957

     C   11        0.077057        0.143624       -0.220667
     C   11        0.143624        0.022682        0.453162
     C   11       -0.220667        0.453162       -0.099739

     Cl  12       -0.694957        0.536554       -0.769829
     Cl  12        0.536554       -0.354952        1.726109
     Cl  12       -0.769829        1.726109        1.049908

     H   13       -0.075768        0.007591       -0.090089
     H   13        0.007591        0.123600        0.696895
     H   13       -0.090089        0.696895       -0.047832

     C   14        0.132373       -0.184102       -0.160583
     C   14       -0.184102        0.246311       -0.342567
     C   14       -0.160583       -0.342567       -0.378684

     H   15        0.575724       -0.116712        0.547480
     H   15       -0.116712       -0.372517        0.361102
     H   15        0.547480        0.361102       -0.203207

     C   16       -0.189068        0.034751        0.153327
     C   16        0.034751        0.373038        0.142161
     C   16        0.153327        0.142161       -0.183970

     C   17        0.123420       -0.130511       -0.040729
     C   17       -0.130511        0.597615       -0.398603
     C   17       -0.040729       -0.398603       -0.721035

     Cl  18        0.015595       -1.012160       -0.308914
     Cl  18       -1.012160        1.842734       -0.829599
     Cl  18       -0.308914       -0.829599       -1.858329

     H   19        0.026927       -0.027204        0.067251
     H   19       -0.027204        0.257141       -0.562747
     H   19        0.067251       -0.562747       -0.284068

     C   20       -0.476838       -0.248665       -0.161412
     C   20       -0.248665        0.312213        0.132285
     C   20       -0.161412        0.132285        0.164625

     H   21        0.291195       -0.398766        0.222864
     H   21       -0.398766       -0.376773        0.043611
     H   21        0.222864        0.043611        0.085578

     C   22        0.036909       -0.045914       -0.015302
     C   22       -0.045914        0.116197        0.087717
     C   22       -0.015302        0.087717       -0.153107

     C   23       -0.523991       -0.089786       -0.014003
     C   23       -0.089786        0.173385       -0.513370
     C   23       -0.014003       -0.513370        0.350606

     Cl  24       -0.441912        1.974383       -0.221936
     Cl  24        1.974383       -1.405252       -0.876334
     Cl  24       -0.221936       -0.876334        1.847164

     ----- total EFG (symmetrized) -----
     Cl   1        1.932871       -2.004195       -2.004916
     Cl   1       -2.004195       -0.997596       -0.619814
     Cl   1       -2.004916       -0.619814       -0.935275

     C    2       -0.230470        0.059384       -0.344777
     C    2        0.059384        0.278625        0.208745
     C    2       -0.344777        0.208745       -0.048154

     C    3        0.261024       -0.177662       -0.425612
     C    3       -0.177662       -0.317986       -0.206420
     C    3       -0.425612       -0.206420        0.056962

     H    4        0.041265        0.168802        0.454229
     H    4        0.168802        0.023292        0.084970
     H    4        0.454229        0.084970       -0.064557

     C    5       -0.651135        0.316266       -0.241229
     C    5        0.316266        0.693239        0.239036
     C    5       -0.241229        0.239036       -0.042104

     H    6       -0.169999       -0.057072       -0.039106
     H    6       -0.057072        0.232082        0.063997
     H    6       -0.039106        0.063997       -0.062083

     H    7       -0.206742        0.235613       -0.083843
     H    7        0.235613        0.171093       -0.223616
     H    7       -0.083843       -0.223616        0.035648

     C    8        0.330019       -0.615644        0.260979
     C    8       -0.615644       -0.290701        0.044874
     C    8        0.260979        0.044874       -0.039318

     H    9        0.302581        0.030158        0.436423
     H    9        0.030158       -0.178120       -0.273551
     H    9        0.436423       -0.273551       -0.124462

     C   10        0.077044       -0.297314       -0.455831
     C   10       -0.297314        0.078913        0.088501
     C   10       -0.455831        0.088501       -0.155957

     C   11        0.077057        0.143624       -0.220667
     C   11        0.143624        0.022682        0.453162
     C   11       -0.220667        0.453162       -0.099739

     Cl  12       -0.694957        0.536554       -0.769829
     Cl  12        0.536554       -0.354952        1.726109
     Cl  12       -0.769829        1.726109        1.049908

     H   13       -0.075768        0.007591       -0.090089
     H   13        0.007591        0.123600        0.696895
     H   13       -0.090089        0.696895       -0.047832

     C   14        0.132373       -0.184102       -0.160583
     C   14       -0.184102        0.246311       -0.342567
     C   14       -0.160583       -0.342567       -0.378684

     H   15        0.575724       -0.116712        0.547480
     H   15       -0.116712       -0.372517        0.361102
     H   15        0.547480        0.361102       -0.203207

     C   16       -0.189068        0.034751        0.153327
     C   16        0.034751        0.373038        0.142161
     C   16        0.153327        0.142161       -0.183970

     C   17        0.123420       -0.130511       -0.040729
     C   17       -0.130511        0.597615       -0.398603
     C   17       -0.040729       -0.398603       -0.721035

     Cl  18        0.015595       -1.012160       -0.308914
     Cl  18       -1.012160        1.842734       -0.829599
     Cl  18       -0.308914       -0.829599       -1.858329

     H   19        0.026927       -0.027204        0.067251
     H   19       -0.027204        0.257141       -0.562747
     H   19        0.067251       -0.562747       -0.284068

     C   20       -0.476838       -0.248665       -0.161412
     C   20       -0.248665        0.312213        0.132285
     C   20       -0.161412        0.132285        0.164625

     H   21        0.291195       -0.398766        0.222864
     H   21       -0.398766       -0.376773        0.043611
     H   21        0.222864        0.043611        0.085578

     C   22        0.036909       -0.045914       -0.015302
     C   22       -0.045914        0.116197        0.087717
     C   22       -0.015302        0.087717       -0.153107

     C   23       -0.523991       -0.089786       -0.014003
     C   23       -0.089786        0.173385       -0.513370
     C   23       -0.014003       -0.513370        0.350606

     Cl  24       -0.441912        1.974383       -0.221936
     Cl  24        1.974383       -1.405252       -0.876334
     Cl  24       -0.221936       -0.876334        1.847164


     NQR/NMR SPECTROSCOPIC PARAMETERS:
     Cl   1    Vxx=   -0.3464    axis=(  0.008190 -0.702539  0.711598)
     Cl   1    Vyy=   -3.1635    axis=( -0.486086 -0.624685 -0.611138)
     Cl   1    Vzz=    3.5099    axis=( -0.873873  0.340892  0.346611)
     Cl   1  Q=        -8.1650 1e-30 m^2  Cq=       -67.3360 MHz  eta= 0.80260

     C    2    Vxx=    0.1318    axis=(  0.622975  0.545422 -0.560729)
     C    2    Vyy=    0.4025    axis=(  0.220026 -0.810061 -0.543498)
     C    2    Vzz=   -0.5344    axis=(  0.750660 -0.215211  0.624655)
     C    2  Q=         1.0000 1e-30 m^2  Cq=        -1.2556 MHz  eta= 0.50655

     C    3    Vxx=   -0.0256    axis=( -0.443366  0.680957 -0.582859)
     C    3    Vyy=   -0.5712    axis=(  0.427482  0.732189  0.530244)
     C    3    Vzz=    0.5968    axis=(  0.787836 -0.014069 -0.615724)
     C    3  Q=         1.0000 1e-30 m^2  Cq=         1.4023 MHz  eta= 0.91412

     H    4    Vxx=   -0.0398    axis=(  0.191083 -0.930744  0.311773)
     H    4    Vyy=   -0.4741    axis=(  0.676702 -0.105169 -0.728707)
     H    4    Vzz=    0.5139    axis=(  0.711029  0.350221  0.609741)
     H    4  Q=         1.0000 1e-30 m^2  Cq=         1.2075 MHz  eta= 0.84501

     C    5    Vxx=    0.0245    axis=( -0.390572 -0.140493  0.909788)
     C    5    Vyy=    0.8051    axis=(  0.171695  0.959827  0.221929)
     C    5    Vzz=   -0.8296    axis=( -0.904419  0.242885 -0.350760)
     C    5  Q=         1.0000 1e-30 m^2  Cq=        -1.9493 MHz  eta= 0.94083

     H    6    Vxx=   -0.0692    axis=( -0.227821 -0.243452  0.942777)
     H    6    Vyy=   -0.1859    axis=( -0.962194 -0.092142 -0.256306)
     H    6    Vzz=    0.2550    axis=(  0.149267 -0.965526 -0.213256)
     H    6  Q=         1.0000 1e-30 m^2  Cq=         0.5992 MHz  eta= 0.45766

     H    7    Vxx=   -0.1069    axis=(  0.300355  0.430180  0.851312)
     H    7    Vyy=   -0.3215    axis=(  0.884621 -0.459404 -0.079963)
     H    7    Vzz=    0.4285    axis=(  0.356697  0.777106 -0.518530)
     H    7  Q=         1.0000 1e-30 m^2  Cq=         1.0067 MHz  eta= 0.50086

     C    8    Vxx=   -0.0429    axis=( -0.073330  0.351258  0.933403)
     C    8    Vyy=   -0.7169    axis=(  0.536792  0.802688 -0.259896)
     C    8    Vzz=    0.7599    axis=( -0.840522  0.481985 -0.247413)
     C    8  Q=         1.0000 1e-30 m^2  Cq=         1.7854 MHz  eta= 0.88700

     H    9    Vxx=   -0.0326    axis=(  0.430000  0.815859 -0.386619)
     H    9    Vyy=   -0.5623    axis=( -0.390321  0.554136  0.735243)
     H    9    Vzz=    0.5949    axis=(  0.814094 -0.165248  0.556726)
     H    9  Q=         1.0000 1e-30 m^2  Cq=         1.3978 MHz  eta= 0.89042

     C   10    Vxx=   -0.0623    axis=(  0.260380  0.843176 -0.470378)
     C   10    Vyy=   -0.5340    axis=( -0.647981 -0.208560 -0.732546)
     C   10    Vzz=    0.5962    axis=( -0.715768  0.495537  0.492057)
     C   10  Q=         1.0000 1e-30 m^2  Cq=         1.4009 MHz  eta= 0.79112

     C   11    Vxx=    0.1730    axis=( -0.922668 -0.341467  0.179123)
     C   11    Vyy=    0.4238    axis=(  0.134551 -0.720448 -0.680331)
     C   11    Vzz=   -0.5968    axis=(  0.361359 -0.603618  0.710679)
     C   11  Q=         1.0000 1e-30 m^2  Cq=        -1.4023 MHz  eta= 0.42011

     Cl  12    Vxx=   -0.1732    axis=(  0.831971  0.515830 -0.204311)
     Cl  12    Vyy=   -2.0797    axis=( -0.541099  0.672991 -0.504277)
     Cl  12    Vzz=    2.2530    axis=( -0.122621  0.530097  0.839024)
     Cl  12  Q=        -8.1650 1e-30 m^2  Cq=       -43.2222 MHz  eta= 0.84621

     H   13    Vxx=   -0.0705    axis=( -0.990462 -0.129564  0.046878)
     H   13    Vyy=   -0.6731    axis=(  0.120914 -0.654213  0.746583)
     H   13    Vzz=    0.7436    axis=(  0.066062 -0.745130 -0.663639)
     H   13  Q=         1.0000 1e-30 m^2  Cq=         1.7472 MHz  eta= 0.81035

     C   14    Vxx=    0.1586    axis=(  0.880029  0.234851 -0.412788)
     C   14    Vyy=    0.4393    axis=(  0.373152 -0.879589  0.295096)
     C   14    Vzz=   -0.5979    axis=(  0.293780  0.413726  0.861698)
     C   14  Q=         1.0000 1e-30 m^2  Cq=        -1.4048 MHz  eta= 0.46960

     H   15    Vxx=   -0.0528    axis=(  0.345090 -0.755285 -0.557186)
     H   15    Vyy=   -0.8087    axis=(  0.325452  0.653116 -0.683755)
     H   15    Vzz=    0.8615    axis=(  0.880337  0.054620  0.471193)
     H   15  Q=         1.0000 1e-30 m^2  Cq=         2.0242 MHz  eta= 0.87742

     C   16    Vxx=   -0.0675    axis=(  0.726182 -0.262377  0.635466)
     C   16    Vyy=   -0.3482    axis=(  0.676857  0.110822 -0.727725)
     C   16    Vzz=    0.4157    axis=(  0.120514  0.958581  0.258069)
     C   16  Q=         1.0000 1e-30 m^2  Cq=         0.9767 MHz  eta= 0.67547

     C   17    Vxx=    0.1074    axis=(  0.979319  0.159262 -0.124779)
     C   17    Vyy=    0.7306    axis=( -0.186799  0.948657 -0.255256)
     C   17    Vzz=   -0.8380    axis=(  0.077720  0.273285  0.958788)
     C   17  Q=         1.0000 1e-30 m^2  Cq=        -1.9689 MHz  eta= 0.74370

     Cl  18    Vxx=   -0.2209    axis=(  0.894225  0.308039 -0.324766)
     Cl  18    Vyy=   -2.1691    axis=( -0.250743 -0.256301 -0.933508)
     Cl  18    Vzz=    2.3900    axis=( -0.370795  0.916200 -0.151952)
     Cl  18  Q=        -8.1650 1e-30 m^2  Cq=       -45.8501 MHz  eta= 0.81516

     H   19    Vxx=    0.0238    axis=(  0.992998  0.118128  0.000988)
     H   19    Vyy=    0.6168    axis=( -0.099466  0.840576 -0.532483)
     H   19    Vzz=   -0.6406    axis=( -0.063731  0.528656  0.846440)
     H   19  Q=         1.0000 1e-30 m^2  Cq=        -1.5052 MHz  eta= 0.92583

     C   20    Vxx=    0.0872    axis=( -0.015540 -0.519365  0.854411)
     C   20    Vyy=    0.4815    axis=(  0.295380 -0.818761 -0.492322)
     C   20    Vzz=   -0.5686    axis=( -0.955254 -0.244725 -0.166133)
     C   20  Q=         1.0000 1e-30 m^2  Cq=        -1.3360 MHz  eta= 0.69347

     H   21    Vxx=    0.0386    axis=( -0.257428  0.342021  0.903743)
     H   21    Vyy=    0.5521    axis=(  0.857439 -0.350404  0.376849)
     H   21    Vzz=   -0.5907    axis=(  0.445566  0.871916 -0.203059)
     H   21  Q=         1.0000 1e-30 m^2  Cq=        -1.3879 MHz  eta= 0.86931

     C   22    Vxx=    0.0181    axis=(  0.931769  0.350101  0.096103)
     C   22    Vyy=    0.1611    axis=( -0.362971  0.892753  0.266916)
     C   22    Vzz=   -0.1792    axis=(  0.007651 -0.283586  0.958916)
     C   22  Q=         1.0000 1e-30 m^2  Cq=        -0.4210 MHz  eta= 0.79819

     C   23    Vxx=   -0.2380    axis=( -0.260320  0.730713  0.631103)
     C   23    Vyy=   -0.5466    axis=( -0.964845 -0.221345 -0.141703)
     C   23    Vzz=    0.7847    axis=(  0.036147 -0.645805  0.762646)
     C   23  Q=         1.0000 1e-30 m^2  Cq=         1.8436 MHz  eta= 0.39333

     Cl  24    Vxx=    0.6943    axis=(  0.725343  0.473572  0.499607)
     Cl  24    Vyy=    2.3259    axis=( -0.341644 -0.382426  0.858504)
     Cl  24    Vzz=   -3.0201    axis=(  0.597627 -0.793398 -0.115597)
     Cl  24  Q=        -8.1650 1e-30 m^2  Cq=        57.9398 MHz  eta= 0.54023

     Initialization:
     gipaw_setup  :      9.34s CPU     11.07s WALL (       1 calls)

     Linear response

     Apply operators

     Induced current

     Other routines
     efg          :      9.22s CPU     11.42s WALL (       1 calls)

     General routines
     calbec       :      3.29s CPU      4.35s WALL (      16 calls)
     fft          :      1.83s CPU      3.14s WALL (      15 calls)
     ffts         :      0.04s CPU      0.04s WALL (       2 calls)
     fftw         :      3.19s CPU      3.77s WALL (     672 calls)
     davcio       :      0.03s CPU      0.31s WALL (      32 calls)

     Parallel routines
     fft_scatter  :      2.45s CPU      4.19s WALL (     689 calls)

     Plugins

     GIPAW        :     60.67s CPU     71.98s WALL (       1 calls)
