
     Program QE v.6.0 (svn rev. 13079) starts on 21Dec2016 at 19: 4:57 

     This program is part of the open-source Quantum ESPRESSO suite
     for quantum simulation of materials; please cite
         "P. Giannozzi et al., J. Phys.:Condens. Matter 21 395502 (2009);
          URL http://www.quantum-espresso.org", 
     in publications or presentations arising from this work. More details at
     http://www.quantum-espresso.org/quote

     Parallel version (MPI), running on     8 processors
     R & G space division:  proc/nbgrp/npool/nimage =       8

     ***** This is GIPAW svn revision unknown      *****

     Parallelizing q-star over 1 images

     Reading data from directory:
     /users/majewski/paradichlorobenzene/pbe/9_constraint/scratch/pbe.ecut100.np8.dt60.pcl2phi-129368.save
     Message from routine read_xml_file:
     file /users/majewski/paradichlorobenzene/pbe/9_constraint/scratch/pbe.ecut100.np8.dt60.pcl2phi-129368.save not guaranteed to be safe for post-processing

   Info: using nr1, nr2, nr3 values from input

   Info: using nr1, nr2, nr3 values from input

     IMPORTANT: XC functional enforced from input :
     Exchange-correlation      =  SLA  PW   PBX  PBC ( 1  4  3  4 0 0)
     Any further DFT definition will be discarded
     Please, verify this is what you really want

               file C.pbe-n-kjpaw_psl.1.0.0.UPF: wavefunction(s)  2S 2P renormalized
               file Cl.pbe-n-kjpaw_psl.1.0.0.UPF: wavefunction(s)  3S 3P renormalized
               file H.pbe-kjpaw_psl.1.0.0.UPF: wavefunction(s)  1S renormalized

     Parallelization info
     --------------------
     sticks:   dense  smooth     PW     G-vecs:    dense   smooth      PW
     Min        3057    1223    332               144436    36536    5170
     Max        3059    1225    333               144437    36537    5171
     Sum       24467    9791   2657              1155489   292295   41363


     Subspace diagonalization in iterative solution of the eigenvalue problem:
     a serial algorithm will be used

     GIPAW projectors -----------------------------------------------
     atom=  C    l=0  rc=    1.2000  rs=    0.8000
     atom=  C    l=0  rc=    1.2000  rs=    0.8000
     atom=  C    l=1  rc=    1.4000  rs=    0.9333
     atom=  C    l=1  rc=    1.4000  rs=    0.9333
     projs nearly linearly dependent: l=1  n1,n2= 1, 2  s=  0.99951561

     atom=  Cl   l=0  rc=    1.6000  rs=    1.0667
     atom=  Cl   l=0  rc=    1.6000  rs=    1.0667
     atom=  Cl   l=1  rc=    1.6000  rs=    1.0667
     atom=  Cl   l=1  rc=    1.6000  rs=    1.0667
     atom=  Cl   l=2  rc=    1.6000  rs=    1.0667
     atom=  Cl   l=2  rc=    1.6000  rs=    1.0667
     projs nearly linearly dependent: l=2  n1,n2= 1, 2  s=  0.99993509

     atom=  H    l=0  rc=    1.0000  rs=    0.6667
     atom=  H    l=0  rc=    1.0000  rs=    0.6667
     projs nearly linearly dependent: l=0  n1,n2= 1, 2  s=  0.99968852
     -----------------------------------------------------------------

     GIPAW integrals: -------------------------------------------
     Atom  i/j   nmr_para   nmr_dia   epr_rmc  epr_para   epr_dia
       C   1 1   0.83E+03  0.17E-01  0.93E+01  0.24E+08  0.24E+03
       C   2 1   0.86E+03 -0.61E-01  0.94E+01  0.25E+08  0.25E+03
       C   2 2   0.90E+03 -0.15E+00  0.97E+01  0.26E+08  0.26E+03
       C   3 3   0.33E+01  0.34E+00  0.18E+01  0.55E+03  0.21E+02
       C   4 3   0.35E+01  0.37E+00  0.20E+01  0.59E+03  0.22E+02
       C   4 4   0.38E+01  0.39E+00  0.22E+01  0.63E+03  0.24E+02
       Cl  1 1   0.14E+04 -0.47E+00  0.84E+01  0.32E+09  0.42E+03
       Cl  2 1   0.21E+04 -0.37E+00  0.12E+02  0.49E+09  0.65E+03
       Cl  2 2   0.33E+04 -0.16E+00  0.21E+02  0.76E+09  0.10E+04
       Cl  3 3   0.21E+02  0.79E-01  0.89E+01  0.23E+05  0.13E+03
       Cl  4 3   0.24E+02  0.67E-01  0.99E+01  0.27E+05  0.15E+03
       Cl  4 4   0.28E+02  0.44E-01  0.11E+02  0.32E+05  0.18E+03
       Cl  5 5   0.77E+00  0.19E+00  0.18E+01  0.12E+03  0.22E+02
       Cl  6 5   0.80E+00  0.19E+00  0.19E+01  0.12E+03  0.23E+02
       Cl  6 6   0.83E+00  0.20E+00  0.19E+01  0.12E+03  0.23E+02
       H   1 1   0.39E+02  0.19E+00  0.29E+00  0.78E+05  0.13E+02
       H   2 1   0.41E+02  0.21E+00  0.32E+00  0.82E+05  0.14E+02
       H   2 2   0.43E+02  0.22E+00  0.36E+00  0.86E+05  0.15E+02
     ------------------------------------------------------------

     alpha_pv=     33.9730 eV

     Number of occupied bands for each k-point:
     k-point:     1    nbnd_occ=  42
     k-point:     2    nbnd_occ=  42
     k-point:     3    nbnd_occ=  42
     k-point:     4    nbnd_occ=  42
     k-point:     5    nbnd_occ=  42
     k-point:     6    nbnd_occ=  42
     k-point:     7    nbnd_occ=  42
     k-point:     8    nbnd_occ=  42
     k-point:     9    nbnd_occ=  42
     k-point:    10    nbnd_occ=  42
     k-point:    11    nbnd_occ=  42
     k-point:    12    nbnd_occ=  42
     k-point:    13    nbnd_occ=  42
     k-point:    14    nbnd_occ=  42
     k-point:    15    nbnd_occ=  42
     k-point:    16    nbnd_occ=  42


     q-space interpolation up to   110.00 Rydberg

     GIPAW job: efg                                                                             


     ELECTRIC FIELD GRADIENTS TENSORS IN Hartree/bohrradius^2:

     ----- bare term -----
     Cl   1       -0.216748        0.217455       -0.017494
     Cl   1        0.217455        0.193294       -0.053528
     Cl   1       -0.017494       -0.053528        0.023455

     C    2        0.020754        0.131283       -0.144931
     C    2        0.131283       -0.211643       -0.430054
     C    2       -0.144931       -0.430054        0.190889

     C    3       -0.702141        0.307049       -0.299575
     C    3        0.307049        0.169484       -0.026456
     C    3       -0.299575       -0.026456        0.532657

     H    4        0.038809       -0.211954       -0.479620
     H    4       -0.211954        0.316369       -0.429702
     H    4       -0.479620       -0.429702       -0.355178

     C    5       -0.089215        0.197804       -0.112573
     C    5        0.197804       -0.402559       -0.244142
     C    5       -0.112573       -0.244142        0.491774

     H    6        0.482717       -0.035333       -0.005045
     H    6       -0.035333       -0.072112       -0.589190
     H    6       -0.005045       -0.589190       -0.410605

     H    7        0.425357        0.052569       -0.088061
     H    7        0.052569       -0.588185        0.609937
     H    7       -0.088061        0.609937        0.162828

     C    8       -0.829210       -0.324294       -0.412374
     C    8       -0.324294        0.382522        0.031461
     C    8       -0.412374        0.031461        0.446689

     H    9       -0.664642        0.036787       -0.229100
     H    9        0.036787        0.365447        0.197023
     H    9       -0.229100        0.197023        0.299195

     C   10       -0.009908        0.160576       -0.309015
     C   10        0.160576       -0.100614        0.660143
     C   10       -0.309015        0.660143        0.110522

     C   11       -0.435951       -0.312411       -0.221968
     C   11       -0.312411        0.044217        0.438497
     C   11       -0.221968        0.438497        0.391733

     Cl  12       -0.047397       -0.012797       -0.090025
     Cl  12       -0.012797        0.038454        0.124646
     Cl  12       -0.090025        0.124646        0.008943

     H   13        0.460350       -0.067809        0.171074
     H   13       -0.067809       -0.150390       -0.306690
     H   13        0.171074       -0.306690       -0.309960

     C   14       -0.786271        0.398960       -0.432505
     C   14        0.398960        0.463608       -0.066381
     C   14       -0.432505       -0.066381        0.322663

     H   15        0.059451       -0.063256       -0.447232
     H   15       -0.063256        0.103072        0.233210
     H   15       -0.447232        0.233210       -0.162523

     C   16        0.162217        0.381305        0.037944
     C   16        0.381305       -0.278868       -0.571976
     C   16        0.037944       -0.571976        0.116650

     C   17       -0.696593        0.344984       -0.343614
     C   17        0.344984        0.301449       -0.032539
     C   17       -0.343614       -0.032539        0.395143

     Cl  18       -0.036022        0.019327       -0.048233
     Cl  18        0.019327        0.169774       -0.054644
     Cl  18       -0.048233       -0.054644       -0.133752

     H   19        0.177799       -0.336298        0.082363
     H   19       -0.336298       -0.469363        0.391379
     H   19        0.082363        0.391379        0.291564

     C   20       -0.107525        0.278689       -0.426275
     C   20        0.278689        0.002248        0.467644
     C   20       -0.426275        0.467644        0.105277

     H   21       -0.035920        0.157349       -0.364836
     H   21        0.157349       -0.117116        0.484714
     H   21       -0.364836        0.484714        0.153036

     C   22       -0.621053       -0.314229       -0.265933
     C   22       -0.314229        0.230828        0.132409
     C   22       -0.265933        0.132409        0.390225

     C   23       -0.038611        0.099629       -0.305289
     C   23        0.099629        0.044627        0.663925
     C   23       -0.305289        0.663925       -0.006016

     Cl  24       -0.278846       -0.218032        0.004093
     Cl  24       -0.218032        0.188324        0.092845
     Cl  24        0.004093        0.092845        0.090522

     ----- ionic term -----
     Cl   1        0.122376       -0.212481       -0.028405
     Cl   1       -0.212481        0.016869        0.019791
     Cl   1       -0.028405        0.019791       -0.139246

     C    2        0.180305       -0.247180        0.279186
     C    2       -0.247180       -0.022565        0.430942
     C    2        0.279186        0.430942       -0.157740

     C    3        0.153374       -0.258330        0.196334
     C    3       -0.258330        0.048603        0.409481
     C    3        0.196334        0.409481       -0.201977

     H    4        0.516123        0.301847        0.754269
     H    4        0.301847       -0.483911        0.264058
     H    4        0.754269        0.264058       -0.032212

     C    5        0.255548       -0.245158        0.308235
     C    5       -0.245158       -0.045846        0.314511
     C    5        0.308235        0.314511       -0.209702

     H    6       -0.542057        0.025141        0.040279
     H    6        0.025141        0.565908        0.774043
     H    6        0.040279        0.774043       -0.023851

     H    7       -0.481945        0.018521       -0.003787
     H    7        0.018521        0.785464       -0.614048
     H    7       -0.003787       -0.614048       -0.303519

     C    8        0.359353        0.202043        0.261019
     C    8        0.202043        0.079304       -0.246057
     C    8        0.261019       -0.246057       -0.438657

     H    9        0.678140       -0.465054        0.520967
     H    9       -0.465054       -0.299253       -0.246467
     H    9        0.520967       -0.246467       -0.378887

     C   10        0.158405        0.179663        0.206345
     C   10        0.179663        0.265303       -0.363689
     C   10        0.206345       -0.363689       -0.423707

     C   11        0.061966        0.193501        0.308717
     C   11        0.193501        0.254695       -0.403569
     C   11        0.308717       -0.403569       -0.316661

     Cl  12        0.129480        0.242066        0.046616
     Cl  12        0.242066        0.025859        0.015086
     Cl  12        0.046616        0.015086       -0.155339

     H   13       -0.514272        0.025594        0.045506
     H   13        0.025594        0.388491        0.799093
     H   13        0.045506        0.799093        0.125781

     C   14        0.266127       -0.274181        0.303954
     C   14       -0.274181       -0.073950        0.326388
     C   14        0.303954        0.326388       -0.192177

     H   15        0.298048        0.148095        0.787888
     H   15        0.148095       -0.481847        0.238624
     H   15        0.787888        0.238624        0.183799

     C   16        0.053496       -0.336741        0.189726
     C   16       -0.336741        0.104995        0.464016
     C   16        0.189726        0.464016       -0.158490

     C   17        0.120801       -0.224882        0.346618
     C   17       -0.224882        0.010578        0.422961
     C   17        0.346618        0.422961       -0.131380

     Cl  18        0.139402       -0.215337        0.049400
     Cl  18       -0.215337       -0.006991       -0.020898
     Cl  18        0.049400       -0.020898       -0.132411

     H   19       -0.515333        0.114182       -0.041746
     H   19        0.114182        0.649401       -0.692750
     H   19       -0.041746       -0.692750       -0.134068

     C   20        0.194497        0.240856        0.247547
     C   20        0.240856        0.067191       -0.303728
     C   20        0.247547       -0.303728       -0.261688

     H   21        0.506180       -0.317259        0.714161
     H   21       -0.317259       -0.423434       -0.279042
     H   21        0.714161       -0.279042       -0.082746

     C   22        0.142765        0.252158        0.183510
     C   22        0.252158        0.123898       -0.381896
     C   22        0.183510       -0.381896       -0.266662

     C   23        0.274212        0.197832        0.203060
     C   23        0.197832        0.067733       -0.383541
     C   23        0.203060       -0.383541       -0.341945

     Cl  24        0.147041        0.201871        0.003803
     Cl  24        0.201871        0.009835       -0.008460
     Cl  24        0.003803       -0.008460       -0.156877

     ----- GIPAW term -----
     Cl   1       -0.088292       -1.004294       -0.201669
     Cl   1       -1.004294        1.917028       -0.435586
     Cl   1       -0.201669       -0.435586       -1.828736

     C    2       -0.040554       -0.002811        0.039668
     C    2       -0.002811        0.119675        0.134171
     C    2        0.039668        0.134171       -0.079121

     C    3       -0.245134        0.049264       -0.009623
     C    3        0.049264        0.025014        0.171552
     C    3       -0.009623        0.171552        0.220120

     H    4       -0.000000        0.000000        0.000000
     H    4        0.000000        0.000000        0.000000
     H    4        0.000000        0.000000        0.000000

     C    5       -0.106086        0.029805        0.015509
     C    5        0.029805       -0.144201        0.122250
     C    5        0.015509        0.122250        0.250288

     H    6       -0.000000        0.000000        0.000000
     H    6        0.000000        0.000000        0.000000
     H    6        0.000000        0.000000        0.000000

     H    7       -0.000000        0.000000        0.000000
     H    7        0.000000        0.000000        0.000000
     H    7        0.000000        0.000000        0.000000

     C    8       -0.203851        0.067557       -0.085210
     C    8        0.067557        0.239791       -0.138687
     C    8       -0.085210       -0.138687       -0.035939

     H    9       -0.000000        0.000000        0.000000
     H    9        0.000000        0.000000        0.000000
     H    9        0.000000        0.000000        0.000000

     C   10       -0.045360        0.198308       -0.049914
     C   10        0.198308        0.153785        0.118834
     C   10       -0.049914        0.118834       -0.108425

     C   11       -0.103400        0.110638        0.012925
     C   11        0.110638        0.144549        0.186099
     C   11        0.012925        0.186099       -0.041148

     Cl  12       -0.141121        1.475059       -0.549579
     Cl  12        1.475059        1.167176        2.084849
     Cl  12       -0.549579        2.084849       -1.026054

     H   13       -0.000000        0.000000        0.000000
     H   13        0.000000        0.000000        0.000000
     H   13        0.000000        0.000000        0.000000

     C   14       -0.148335        0.145900       -0.030827
     C   14        0.145900        0.227684        0.040898
     C   14       -0.030827        0.040898       -0.079349

     H   15       -0.000000        0.000000        0.000000
     H   15        0.000000        0.000000        0.000000
     H   15        0.000000        0.000000        0.000000

     C   16       -0.050110        0.136128        0.054299
     C   16        0.136128        0.165005        0.029039
     C   16        0.054299        0.029039       -0.114896

     C   17       -0.136323        0.077722        0.038020
     C   17        0.077722        0.156519        0.190649
     C   17        0.038020        0.190649       -0.020196

     Cl  18        0.351249       -1.554577       -0.293338
     Cl  18       -1.554577        2.195547       -0.672092
     Cl  18       -0.293338       -0.672092       -2.546796

     H   19       -0.000000        0.000000        0.000000
     H   19        0.000000        0.000000        0.000000
     H   19        0.000000        0.000000        0.000000

     C   20       -0.048400        0.203431       -0.093312
     C   20        0.203431        0.167004        0.004264
     C   20       -0.093312        0.004264       -0.118604

     H   21       -0.000000        0.000000        0.000000
     H   21        0.000000        0.000000        0.000000
     H   21        0.000000        0.000000        0.000000

     C   22       -0.156875        0.122411       -0.068778
     C   22        0.122411        0.234587       -0.072938
     C   22       -0.068778       -0.072938       -0.077712

     C   23       -0.049276        0.108045       -0.043815
     C   23        0.108045        0.247186        0.096165
     C   23       -0.043815        0.096165       -0.197910

     Cl  24       -0.432967        1.408386       -0.029135
     Cl  24        1.408386        1.963812        0.810065
     Cl  24       -0.029135        0.810065       -1.530845

     ----- total EFG -----
     Cl   1       -0.182664       -0.999320       -0.247567
     Cl   1       -0.999320        2.127190       -0.469324
     Cl   1       -0.247567       -0.469324       -1.944526

     C    2        0.160506       -0.118709        0.173922
     C    2       -0.118709       -0.114533        0.135058
     C    2        0.173922        0.135058       -0.045972

     C    3       -0.793901        0.097984       -0.112864
     C    3        0.097984        0.243102        0.554577
     C    3       -0.112864        0.554577        0.550800

     H    4        0.554932        0.089893        0.274649
     H    4        0.089893       -0.167542       -0.165644
     H    4        0.274649       -0.165644       -0.387389

     C    5        0.060247       -0.017549        0.211171
     C    5       -0.017549       -0.592606        0.192619
     C    5        0.211171        0.192619        0.532359

     H    6       -0.059340       -0.010192        0.035234
     H    6       -0.010192        0.493796        0.184853
     H    6        0.035234        0.184853       -0.434456

     H    7       -0.056587        0.071090       -0.091848
     H    7        0.071090        0.197278       -0.004110
     H    7       -0.091848       -0.004110       -0.140691

     C    8       -0.673708       -0.054694       -0.236566
     C    8       -0.054694        0.701616       -0.353283
     C    8       -0.236566       -0.353283       -0.027908

     H    9        0.013499       -0.428268        0.291867
     H    9       -0.428268        0.066193       -0.049444
     H    9        0.291867       -0.049444       -0.079692

     C   10        0.103136        0.538548       -0.152585
     C   10        0.538548        0.318473        0.415287
     C   10       -0.152585        0.415287       -0.421610

     C   11       -0.477385       -0.008272        0.099674
     C   11       -0.008272        0.443461        0.221027
     C   11        0.099674        0.221027        0.033925

     Cl  12       -0.059039        1.704328       -0.592987
     Cl  12        1.704328        1.231489        2.224582
     Cl  12       -0.592987        2.224582       -1.172450

     H   13       -0.053922       -0.042215        0.216581
     H   13       -0.042215        0.238101        0.492403
     H   13        0.216581        0.492403       -0.184180

     C   14       -0.668478        0.270679       -0.159379
     C   14        0.270679        0.617342        0.300906
     C   14       -0.159379        0.300906        0.051137

     H   15        0.357499        0.084839        0.340657
     H   15        0.084839       -0.378775        0.471834
     H   15        0.340657        0.471834        0.021276

     C   16        0.165604        0.180692        0.281970
     C   16        0.180692       -0.008868       -0.078921
     C   16        0.281970       -0.078921       -0.156736

     C   17       -0.712114        0.197824        0.041025
     C   17        0.197824        0.468546        0.581070
     C   17        0.041025        0.581070        0.243568

     Cl  18        0.454629       -1.750587       -0.292171
     Cl  18       -1.750587        2.358329       -0.747633
     Cl  18       -0.292171       -0.747633       -2.812958

     H   19       -0.337534       -0.222116        0.040617
     H   19       -0.222116        0.180038       -0.301371
     H   19        0.040617       -0.301371        0.157496

     C   20        0.038572        0.722976       -0.272040
     C   20        0.722976        0.236443        0.168180
     C   20       -0.272040        0.168180       -0.275015

     H   21        0.470260       -0.159910        0.349325
     H   21       -0.159910       -0.540550        0.205672
     H   21        0.349325        0.205672        0.070290

     C   22       -0.635162        0.060339       -0.151200
     C   22        0.060339        0.589312       -0.322425
     C   22       -0.151200       -0.322425        0.045850

     C   23        0.186324        0.405506       -0.146045
     C   23        0.405506        0.359546        0.376549
     C   23       -0.146045        0.376549       -0.545870

     Cl  24       -0.564771        1.392226       -0.021238
     Cl  24        1.392226        2.161971        0.894450
     Cl  24       -0.021238        0.894450       -1.597200

     ----- total EFG (symmetrized) -----
     Cl   1       -0.182664       -0.999320       -0.247567
     Cl   1       -0.999320        2.127190       -0.469324
     Cl   1       -0.247567       -0.469324       -1.944526

     C    2        0.160506       -0.118709        0.173922
     C    2       -0.118709       -0.114533        0.135058
     C    2        0.173922        0.135058       -0.045972

     C    3       -0.793901        0.097984       -0.112864
     C    3        0.097984        0.243102        0.554577
     C    3       -0.112864        0.554577        0.550800

     H    4        0.554932        0.089893        0.274649
     H    4        0.089893       -0.167542       -0.165644
     H    4        0.274649       -0.165644       -0.387389

     C    5        0.060247       -0.017549        0.211171
     C    5       -0.017549       -0.592606        0.192619
     C    5        0.211171        0.192619        0.532359

     H    6       -0.059340       -0.010192        0.035234
     H    6       -0.010192        0.493796        0.184853
     H    6        0.035234        0.184853       -0.434456

     H    7       -0.056587        0.071090       -0.091848
     H    7        0.071090        0.197278       -0.004110
     H    7       -0.091848       -0.004110       -0.140691

     C    8       -0.673708       -0.054694       -0.236566
     C    8       -0.054694        0.701616       -0.353283
     C    8       -0.236566       -0.353283       -0.027908

     H    9        0.013499       -0.428268        0.291867
     H    9       -0.428268        0.066193       -0.049444
     H    9        0.291867       -0.049444       -0.079692

     C   10        0.103136        0.538548       -0.152585
     C   10        0.538548        0.318473        0.415287
     C   10       -0.152585        0.415287       -0.421610

     C   11       -0.477385       -0.008272        0.099674
     C   11       -0.008272        0.443461        0.221027
     C   11        0.099674        0.221027        0.033925

     Cl  12       -0.059039        1.704328       -0.592987
     Cl  12        1.704328        1.231489        2.224582
     Cl  12       -0.592987        2.224582       -1.172450

     H   13       -0.053922       -0.042215        0.216581
     H   13       -0.042215        0.238101        0.492403
     H   13        0.216581        0.492403       -0.184180

     C   14       -0.668478        0.270679       -0.159379
     C   14        0.270679        0.617342        0.300906
     C   14       -0.159379        0.300906        0.051137

     H   15        0.357499        0.084839        0.340657
     H   15        0.084839       -0.378775        0.471834
     H   15        0.340657        0.471834        0.021276

     C   16        0.165604        0.180692        0.281970
     C   16        0.180692       -0.008868       -0.078921
     C   16        0.281970       -0.078921       -0.156736

     C   17       -0.712114        0.197824        0.041025
     C   17        0.197824        0.468546        0.581070
     C   17        0.041025        0.581070        0.243568

     Cl  18        0.454629       -1.750587       -0.292171
     Cl  18       -1.750587        2.358329       -0.747633
     Cl  18       -0.292171       -0.747633       -2.812958

     H   19       -0.337534       -0.222116        0.040617
     H   19       -0.222116        0.180038       -0.301371
     H   19        0.040617       -0.301371        0.157496

     C   20        0.038572        0.722976       -0.272040
     C   20        0.722976        0.236443        0.168180
     C   20       -0.272040        0.168180       -0.275015

     H   21        0.470260       -0.159910        0.349325
     H   21       -0.159910       -0.540550        0.205672
     H   21        0.349325        0.205672        0.070290

     C   22       -0.635162        0.060339       -0.151200
     C   22        0.060339        0.589312       -0.322425
     C   22       -0.151200       -0.322425        0.045850

     C   23        0.186324        0.405506       -0.146045
     C   23        0.405506        0.359546        0.376549
     C   23       -0.146045        0.376549       -0.545870

     Cl  24       -0.564771        1.392226       -0.021238
     Cl  24        1.392226        2.161971        0.894450
     Cl  24       -0.021238        0.894450       -1.597200


     NQR/NMR SPECTROSCOPIC PARAMETERS:
     Cl   1    Vxx=   -0.4528    axis=(  0.917381  0.309896 -0.249754)
     Cl   1    Vyy=   -2.0749    axis=(  0.209488  0.157601  0.965027)
     Cl   1    Vzz=    2.5278    axis=(  0.338419 -0.937617  0.079661)
     Cl   1  Q=        -8.1650 1e-30 m^2  Cq=       -48.4937 MHz  eta= 0.64171

     C    2    Vxx=    0.0437    axis=(  0.228862 -0.725595 -0.648949)
     C    2    Vyy=    0.2639    axis=( -0.887074  0.119093 -0.446000)
     C    2    Vzz=   -0.3076    axis=( -0.400901 -0.677738  0.616400)
     C    2  Q=         1.0000 1e-30 m^2  Cq=        -0.7227 MHz  eta= 0.71585

     C    3    Vxx=   -0.1456    axis=(  0.219870  0.780168 -0.585657)
     C    3    Vyy=   -0.8274    axis=( -0.975373  0.165063 -0.146294)
     C    3    Vzz=    0.9730    axis=( -0.017464  0.603400  0.797248)
     C    3  Q=         1.0000 1e-30 m^2  Cq=         2.2862 MHz  eta= 0.70073

     H    4    Vxx=   -0.0817    axis=(  0.059992  0.899214 -0.433376)
     H    4    Vyy=   -0.5499    axis=( -0.250449  0.433830  0.865486)
     H    4    Vzz=    0.6316    axis=(  0.966269  0.056617  0.251233)
     H    4  Q=         1.0000 1e-30 m^2  Cq=         1.4840 MHz  eta= 0.74125

     C    5    Vxx=   -0.0090    axis=( -0.938447  0.133375  0.318634)
     C    5    Vyy=   -0.6288    axis=(  0.079274  0.980987 -0.177147)
     C    5    Vzz=    0.6378    axis=(  0.336203  0.140984  0.931177)
     C    5  Q=         1.0000 1e-30 m^2  Cq=         1.4985 MHz  eta= 0.97191

     H    6    Vxx=   -0.0561    axis=(  0.996111 -0.010928  0.087432)
     H    6    Vyy=   -0.4731    axis=( -0.087925 -0.187941  0.978237)
     H    6    Vzz=    0.5293    axis=(  0.005741 -0.982120 -0.188171)
     H    6  Q=         1.0000 1e-30 m^2  Cq=         1.2436 MHz  eta= 0.78788

     H    7    Vxx=   -0.0152    axis=(  0.780746 -0.272108 -0.562488)
     H    7    Vyy=   -0.2029    axis=(  0.560985 -0.091215  0.822786)
     H    7    Vzz=    0.2181    axis=(  0.275194  0.957934 -0.081433)
     H    7  Q=         1.0000 1e-30 m^2  Cq=         0.5123 MHz  eta= 0.86066

     C    8    Vxx=   -0.0751    axis=( -0.370998  0.362695  0.854876)
     C    8    Vyy=   -0.7705    axis=(  0.928269  0.119043  0.352343)
     C    8    Vzz=    0.8456    axis=(  0.026026  0.924273 -0.380843)
     C    8  Q=         1.0000 1e-30 m^2  Cq=         1.9869 MHz  eta= 0.82232

     H    9    Vxx=   -0.0785    axis=(  0.100583  0.574976  0.811964)
     H    9    Vyy=   -0.4821    axis=(  0.720080  0.521091 -0.458201)
     H    9    Vzz=    0.5607    axis=(  0.686562 -0.630767  0.361616)
     H    9  Q=         1.0000 1e-30 m^2  Cq=         1.3174 MHz  eta= 0.71981

     C   10    Vxx=   -0.0238    axis=(  0.700471 -0.342468 -0.626143)
     C   10    Vyy=   -0.7820    axis=( -0.431486  0.495613 -0.753782)
     C   10    Vzz=    0.8058    axis=( -0.568471 -0.798175 -0.199393)
     C   10  Q=         1.0000 1e-30 m^2  Cq=         1.8933 MHz  eta= 0.94100

     C   11    Vxx=   -0.0421    axis=(  0.211642 -0.401915  0.890883)
     C   11    Vyy=   -0.4989    axis=(  0.976817  0.056973 -0.206354)
     C   11    Vzz=    0.5410    axis=(  0.032181  0.913903  0.404655)
     C   11  Q=         1.0000 1e-30 m^2  Cq=         1.2712 MHz  eta= 0.84433

     Cl  12    Vxx=    0.1190    axis=(  0.815145 -0.112570 -0.568213)
     Cl  12    Vyy=    3.0457    axis=( -0.385680 -0.837362 -0.387396)
     Cl  12    Vzz=   -3.1646    axis=(  0.432191 -0.534932  0.725988)
     Cl  12  Q=        -8.1650 1e-30 m^2  Cq=        60.7115 MHz  eta= 0.92482

     H   13    Vxx=    0.0130    axis=(  0.922046 -0.316039  0.223496)
     H   13    Vyy=    0.5747    axis=(  0.140805  0.811683  0.566873)
     H   13    Vzz=   -0.5877    axis=( -0.360562 -0.491214  0.792909)
     H   13  Q=         1.0000 1e-30 m^2  Cq=        -1.3809 MHz  eta= 0.95561

     C   14    Vxx=    0.0099    axis=( -0.329192 -0.297268  0.896250)
     C   14    Vyy=    0.7725    axis=( -0.134327 -0.924758 -0.356062)
     C   14    Vzz=   -0.7824    axis=(  0.934660 -0.237603  0.264492)
     C   14  Q=         1.0000 1e-30 m^2  Cq=        -1.8383 MHz  eta= 0.97476

     H   15    Vxx=    0.0237    axis=( -0.679514  0.493366  0.543002)
     H   15    Vyy=    0.6819    axis=( -0.723528 -0.328046 -0.607366)
     H   15    Vzz=   -0.7056    axis=(  0.121524  0.805591 -0.579875)
     H   15  Q=         1.0000 1e-30 m^2  Cq=        -1.6579 MHz  eta= 0.93288

     C   16    Vxx=    0.0210    axis=( -0.080349  0.857447 -0.508260)
     C   16    Vyy=    0.3691    axis=(  0.853497  0.322570  0.409258)
     C   16    Vzz=   -0.3901    axis=( -0.514866  0.400915  0.757747)
     C   16  Q=         1.0000 1e-30 m^2  Cq=        -0.9165 MHz  eta= 0.89243

     C   17    Vxx=   -0.2187    axis=( -0.178021 -0.604932  0.776122)
     C   17    Vyy=   -0.7483    axis=(  0.978270 -0.193990  0.073186)
     C   17    Vzz=    0.9670    axis=(  0.106287  0.772285  0.626321)
     C   17  Q=         1.0000 1e-30 m^2  Cq=         2.2721 MHz  eta= 0.54759

     Cl  18    Vxx=   -0.4228    axis=(  0.848337  0.466862 -0.249728)
     Cl  18    Vyy=   -3.0159    axis=(  0.178243  0.192307  0.965012)
     Cl  18    Vzz=    3.4387    axis=(  0.498552 -0.863167  0.079926)
     Cl  18  Q=        -8.1650 1e-30 m^2  Cq=       -65.9691 MHz  eta= 0.75412

     H   19    Vxx=   -0.0838    axis=( -0.362980  0.552005  0.750690)
     H   19    Vyy=   -0.4294    axis=(  0.905029  0.400573  0.143054)
     H   19    Vzz=    0.5132    axis=( -0.221739  0.731322 -0.644981)
     H   19  Q=         1.0000 1e-30 m^2  Cq=         1.2058 MHz  eta= 0.67360

     C   20    Vxx=   -0.0825    axis=( -0.365572  0.380807  0.849319)
     C   20    Vyy=   -0.7872    axis=( -0.651779  0.546685 -0.525661)
     C   20    Vzz=    0.8697    axis=( -0.664485 -0.745736  0.048349)
     C   20  Q=         1.0000 1e-30 m^2  Cq=         2.0436 MHz  eta= 0.81026

     H   21    Vxx=   -0.0076    axis=( -0.432149  0.434623  0.790158)
     H   21    Vyy=   -0.6663    axis=(  0.238689  0.900076 -0.364540)
     H   21    Vzz=    0.6739    axis=( -0.869640  0.031066 -0.492708)
     H   21  Q=         1.0000 1e-30 m^2  Cq=         1.5834 MHz  eta= 0.97735

     C   22    Vxx=   -0.0822    axis=( -0.192154  0.438749  0.877825)
     C   22    Vyy=   -0.6673    axis=(  0.977577  0.007060  0.210461)
     C   22    Vzz=    0.7495    axis=(  0.086142  0.898582 -0.430267)
     C   22  Q=         1.0000 1e-30 m^2  Cq=         1.7610 MHz  eta= 0.78064

     C   23    Vxx=    0.0458    axis=( -0.769996  0.434931  0.466843)
     C   23    Vyy=    0.7234    axis=(  0.562524  0.808049  0.174997)
     C   23    Vzz=   -0.7692    axis=(  0.301120 -0.397357  0.866853)
     C   23  Q=         1.0000 1e-30 m^2  Cq=        -1.8073 MHz  eta= 0.88086

     Cl  24    Vxx=   -0.9813    axis=(  0.869114 -0.266358 -0.416767)
     Cl  24    Vyy=   -1.9153    axis=( -0.332564  0.309020 -0.891015)
     Cl  24    Vzz=    2.8966    axis=(  0.366118  0.912995  0.179993)
     Cl  24  Q=        -8.1650 1e-30 m^2  Cq=       -55.5698 MHz  eta= 0.32247

     Initialization:
     gipaw_setup  :      9.54s CPU     11.10s WALL (       1 calls)

     Linear response

     Apply operators

     Induced current

     Other routines
     efg          :      9.31s CPU     11.99s WALL (       1 calls)

     General routines
     calbec       :      3.26s CPU      4.55s WALL (      16 calls)
     fft          :      1.81s CPU      3.08s WALL (      15 calls)
     ffts         :      0.04s CPU      0.04s WALL (       2 calls)
     fftw         :      3.28s CPU      3.98s WALL (     672 calls)
     davcio       :      0.04s CPU      0.33s WALL (      32 calls)

     Parallel routines
     fft_scatter  :      2.47s CPU      4.23s WALL (     689 calls)

     Plugins

     GIPAW        :     61.98s CPU     77.89s WALL (       1 calls)
