
     Program QE v.6.0 (svn rev. 13079) starts on 25Dec2016 at  4:32:43 

     This program is part of the open-source Quantum ESPRESSO suite
     for quantum simulation of materials; please cite
         "P. Giannozzi et al., J. Phys.:Condens. Matter 21 395502 (2009);
          URL http://www.quantum-espresso.org", 
     in publications or presentations arising from this work. More details at
     http://www.quantum-espresso.org/quote

     Parallel version (MPI), running on     8 processors
     R & G space division:  proc/nbgrp/npool/nimage =       8

     ***** This is GIPAW svn revision unknown      *****

     Parallelizing q-star over 1 images

     Reading data from directory:
     /users/majewski/paradichlorobenzene/pbe/9_constraint/scratch/pbe.ecut100.np8.dt60.pcl2phi-129368.save
     Message from routine read_xml_file:
     file /users/majewski/paradichlorobenzene/pbe/9_constraint/scratch/pbe.ecut100.np8.dt60.pcl2phi-129368.save not guaranteed to be safe for post-processing

   Info: using nr1, nr2, nr3 values from input

   Info: using nr1, nr2, nr3 values from input

     IMPORTANT: XC functional enforced from input :
     Exchange-correlation      =  SLA  PW   PBX  PBC ( 1  4  3  4 0 0)
     Any further DFT definition will be discarded
     Please, verify this is what you really want

               file C.pbe-n-kjpaw_psl.1.0.0.UPF: wavefunction(s)  2S 2P renormalized
               file Cl.pbe-n-kjpaw_psl.1.0.0.UPF: wavefunction(s)  3S 3P renormalized
               file H.pbe-kjpaw_psl.1.0.0.UPF: wavefunction(s)  1S renormalized

     Parallelization info
     --------------------
     sticks:   dense  smooth     PW     G-vecs:    dense   smooth      PW
     Min        3057    1223    332               144436    36536    5170
     Max        3059    1225    333               144437    36537    5171
     Sum       24467    9791   2657              1155489   292295   41363


     Subspace diagonalization in iterative solution of the eigenvalue problem:
     a serial algorithm will be used

     GIPAW projectors -----------------------------------------------
     atom=  C    l=0  rc=    1.2000  rs=    0.8000
     atom=  C    l=0  rc=    1.2000  rs=    0.8000
     atom=  C    l=1  rc=    1.4000  rs=    0.9333
     atom=  C    l=1  rc=    1.4000  rs=    0.9333
     projs nearly linearly dependent: l=1  n1,n2= 1, 2  s=  0.99951561

     atom=  Cl   l=0  rc=    1.6000  rs=    1.0667
     atom=  Cl   l=0  rc=    1.6000  rs=    1.0667
     atom=  Cl   l=1  rc=    1.6000  rs=    1.0667
     atom=  Cl   l=1  rc=    1.6000  rs=    1.0667
     atom=  Cl   l=2  rc=    1.6000  rs=    1.0667
     atom=  Cl   l=2  rc=    1.6000  rs=    1.0667
     projs nearly linearly dependent: l=2  n1,n2= 1, 2  s=  0.99993509

     atom=  H    l=0  rc=    1.0000  rs=    0.6667
     atom=  H    l=0  rc=    1.0000  rs=    0.6667
     projs nearly linearly dependent: l=0  n1,n2= 1, 2  s=  0.99968852
     -----------------------------------------------------------------

     GIPAW integrals: -------------------------------------------
     Atom  i/j   nmr_para   nmr_dia   epr_rmc  epr_para   epr_dia
       C   1 1   0.83E+03  0.17E-01  0.93E+01  0.24E+08  0.24E+03
       C   2 1   0.86E+03 -0.61E-01  0.94E+01  0.25E+08  0.25E+03
       C   2 2   0.90E+03 -0.15E+00  0.97E+01  0.26E+08  0.26E+03
       C   3 3   0.33E+01  0.34E+00  0.18E+01  0.55E+03  0.21E+02
       C   4 3   0.35E+01  0.37E+00  0.20E+01  0.59E+03  0.22E+02
       C   4 4   0.38E+01  0.39E+00  0.22E+01  0.63E+03  0.24E+02
       Cl  1 1   0.14E+04 -0.47E+00  0.84E+01  0.32E+09  0.42E+03
       Cl  2 1   0.21E+04 -0.37E+00  0.12E+02  0.49E+09  0.65E+03
       Cl  2 2   0.33E+04 -0.16E+00  0.21E+02  0.76E+09  0.10E+04
       Cl  3 3   0.21E+02  0.79E-01  0.89E+01  0.23E+05  0.13E+03
       Cl  4 3   0.24E+02  0.67E-01  0.99E+01  0.27E+05  0.15E+03
       Cl  4 4   0.28E+02  0.44E-01  0.11E+02  0.32E+05  0.18E+03
       Cl  5 5   0.77E+00  0.19E+00  0.18E+01  0.12E+03  0.22E+02
       Cl  6 5   0.80E+00  0.19E+00  0.19E+01  0.12E+03  0.23E+02
       Cl  6 6   0.83E+00  0.20E+00  0.19E+01  0.12E+03  0.23E+02
       H   1 1   0.39E+02  0.19E+00  0.29E+00  0.78E+05  0.13E+02
       H   2 1   0.41E+02  0.21E+00  0.32E+00  0.82E+05  0.14E+02
       H   2 2   0.43E+02  0.22E+00  0.36E+00  0.86E+05  0.15E+02
     ------------------------------------------------------------

     alpha_pv=     33.7015 eV

     Number of occupied bands for each k-point:
     k-point:     1    nbnd_occ=  42
     k-point:     2    nbnd_occ=  42
     k-point:     3    nbnd_occ=  42
     k-point:     4    nbnd_occ=  42
     k-point:     5    nbnd_occ=  42
     k-point:     6    nbnd_occ=  42
     k-point:     7    nbnd_occ=  42
     k-point:     8    nbnd_occ=  42
     k-point:     9    nbnd_occ=  42
     k-point:    10    nbnd_occ=  42
     k-point:    11    nbnd_occ=  42
     k-point:    12    nbnd_occ=  42
     k-point:    13    nbnd_occ=  42
     k-point:    14    nbnd_occ=  42
     k-point:    15    nbnd_occ=  42
     k-point:    16    nbnd_occ=  42


     q-space interpolation up to   110.00 Rydberg

     GIPAW job: efg                                                                             


     ELECTRIC FIELD GRADIENTS TENSORS IN Hartree/bohrradius^2:

     ----- bare term -----
     Cl   1        0.064083        0.073916        0.025446
     Cl   1        0.073916       -0.067386        0.008885
     Cl   1        0.025446        0.008885        0.003303

     C    2       -0.574546        0.414523       -0.333284
     C    2        0.414523        0.261309       -0.237723
     C    2       -0.333284       -0.237723        0.313238

     C    3        0.067449       -0.259547       -0.377475
     C    3       -0.259547       -0.210537       -0.569191
     C    3       -0.377475       -0.569191        0.143088

     H    4       -0.647645        0.090784        0.026652
     H    4        0.090784        0.327267       -0.274350
     H    4        0.026652       -0.274350        0.320377

     C    5       -0.389881        0.317242       -0.216017
     C    5        0.317242        0.011898       -0.183818
     C    5       -0.216017       -0.183818        0.377983

     H    6       -0.127852       -0.162320       -0.134718
     H    6       -0.162320       -0.249049       -0.457716
     H    6       -0.134718       -0.457716        0.376900

     H    7        0.440735        0.176012       -0.065193
     H    7        0.176012       -0.645494        0.507489
     H    7       -0.065193        0.507489        0.204759

     C    8       -0.106414       -0.163780       -0.171682
     C    8       -0.163780       -0.020671        0.422187
     C    8       -0.171682        0.422187        0.127085

     H    9       -0.154382        0.335065       -0.484273
     H    9        0.335065        0.106777        0.404962
     H    9       -0.484273        0.404962        0.047605

     C   10       -0.681888       -0.408721       -0.315989
     C   10       -0.408721        0.332299        0.163471
     C   10       -0.315989        0.163471        0.349589

     C   11        0.021333       -0.289719       -0.124369
     C   11       -0.289719       -0.113338        0.544828
     C   11       -0.124369        0.544828        0.092005

     Cl  12       -0.097713       -0.205122       -0.039661
     Cl  12       -0.205122        0.148162        0.053734
     Cl  12       -0.039661        0.053734       -0.050449

     H   13        0.320947       -0.361548        0.112658
     H   13       -0.361548       -0.620195        0.150230
     H   13        0.112658        0.150230        0.299249

     C   14       -0.086326        0.019465       -0.133373
     C   14        0.019465       -0.117938       -0.183205
     C   14       -0.133373       -0.183205        0.204264

     H   15       -0.325513       -0.459772        0.128102
     H   15       -0.459772        0.084273        0.162102
     H   15        0.128102        0.162102        0.241240

     C   16       -0.267786        0.194405        0.021656
     C   16        0.194405       -0.037744       -0.170675
     C   16        0.021656       -0.170675        0.305530

     C   17       -0.165040       -0.257867       -0.305366
     C   17       -0.257867       -0.014656       -0.713410
     C   17       -0.305366       -0.713410        0.179696

     Cl  18       -0.083185        0.186054       -0.012891
     Cl  18        0.186054       -0.044957       -0.013721
     Cl  18       -0.012891       -0.013721        0.128142

     H   19        0.454480        0.035983       -0.041441
     H   19        0.035983       -0.500444        0.574615
     H   19       -0.041441        0.574615        0.045964

     C   20       -0.859373       -0.418828       -0.416542
     C   20       -0.418828        0.521696        0.100936
     C   20       -0.416542        0.100936        0.337677

     H   21       -0.141454       -0.157864       -0.518184
     H   21       -0.157864       -0.046796       -0.066045
     H   21       -0.518184       -0.066045        0.188250

     C   22        0.047112       -0.146917       -0.164373
     C   22       -0.146917       -0.050013        0.625052
     C   22       -0.164373        0.625052        0.002901

     C   23       -0.550268       -0.372891       -0.413294
     C   23       -0.372891        0.305130        0.266071
     C   23       -0.413294        0.266071        0.245138

     Cl  24       -0.004136       -0.053339        0.041608
     Cl  24       -0.053339        0.044647       -0.085335
     Cl  24        0.041608       -0.085335       -0.040511

     ----- ionic term -----
     Cl   1        0.108177       -0.189037       -0.030285
     Cl   1       -0.189037        0.018318        0.020234
     Cl   1       -0.030285        0.020234       -0.126495

     C    2        0.257466       -0.029534        0.189060
     C    2       -0.029534        0.207858        0.335187
     C    2        0.189060        0.335187       -0.465325

     C    3        0.179597       -0.111481        0.128280
     C    3       -0.111481        0.303350        0.329223
     C    3        0.128280        0.329223       -0.482947

     H    4        0.803541        0.397862        0.446492
     H    4        0.397862       -0.361679        0.177792
     H    4        0.446492        0.177792       -0.441863

     C    5        0.309831       -0.109944        0.177153
     C    5       -0.109944        0.146987        0.272180
     C    5        0.177153        0.272180       -0.456818

     H    6       -0.487350        0.232261        0.118749
     H    6        0.232261        0.720851        0.619072
     H    6        0.118749        0.619072       -0.233500

     H    7       -0.512261       -0.070764        0.059454
     H    7       -0.070764        0.582438       -0.738984
     H    7        0.059454       -0.738984       -0.070177

     C    8        0.234955        0.185279        0.254842
     C    8        0.185279        0.054379       -0.309523
     C    8        0.254842       -0.309523       -0.289334

     H    9        0.490939       -0.207665        0.740498
     H    9       -0.207665       -0.473852       -0.225458
     H    9        0.740498       -0.225458       -0.017087

     C   10        0.122832        0.265582        0.194820
     C   10        0.265582        0.164027       -0.361655
     C   10        0.194820       -0.361655       -0.286859

     C   11        0.223173        0.217259        0.237657
     C   11        0.217259        0.093338       -0.366347
     C   11        0.237657       -0.366347       -0.316511

     Cl  12        0.139871        0.191506       -0.009043
     Cl  12        0.191506        0.012797       -0.015250
     Cl  12       -0.009043       -0.015250       -0.152668

     H   13       -0.459769        0.232163        0.090240
     H   13        0.232163        0.766891        0.581442
     H   13        0.090240        0.581442       -0.307122

     C   14        0.390555       -0.151525        0.203202
     C   14       -0.151525        0.118543        0.253985
     C   14        0.203202        0.253985       -0.509098

     H   15        0.862258        0.349266        0.459343
     H   15        0.349266       -0.380593        0.168328
     H   15        0.459343        0.168328       -0.481665

     C   16        0.250223       -0.192822        0.148093
     C   16       -0.192822        0.252490        0.301739
     C   16        0.148093        0.301739       -0.502713

     C   17        0.242646       -0.104173        0.244585
     C   17       -0.104173        0.232271        0.268708
     C   17        0.244585        0.268708       -0.474918

     Cl  18        0.106316       -0.189550        0.039014
     Cl  18       -0.189550        0.067072       -0.024966
     Cl  18        0.039014       -0.024966       -0.173388

     H   19       -0.508865       -0.102569        0.079583
     H   19       -0.102569        0.646388       -0.712161
     H   19        0.079583       -0.712161       -0.137523

     C   20        0.276952        0.183799        0.286038
     C   20        0.183799        0.040667       -0.273007
     C   20        0.286038       -0.273007       -0.317619

     H   21        0.589885       -0.229920        0.716960
     H   21       -0.229920       -0.459840       -0.209635
     H   21        0.716960       -0.209635       -0.130045

     C   22        0.093606        0.207890        0.224439
     C   22        0.207890        0.186031       -0.406892
     C   22        0.224439       -0.406892       -0.279637

     C   23        0.093392        0.145313        0.232350
     C   23        0.145313        0.164350       -0.483472
     C   23        0.232350       -0.483472       -0.257741

     Cl  24        0.133862        0.201720       -0.018509
     Cl  24        0.201720        0.002773       -0.024492
     Cl  24       -0.018509       -0.024492       -0.136635

     ----- GIPAW term -----
     Cl   1       -0.184982       -1.222762        0.056827
     Cl   1       -1.222762        2.190683        1.137333
     Cl   1        0.056827        1.137333       -2.005701

     C    2       -0.148814        0.017576       -0.042120
     C    2        0.017576        0.254386       -0.097856
     C    2       -0.042120       -0.097856       -0.105572

     C    3       -0.018419       -0.225624       -0.123751
     C    3       -0.225624        0.106635        0.042814
     C    3       -0.123751        0.042814       -0.088216

     H    4       -0.000000        0.000000        0.000000
     H    4        0.000000        0.000000        0.000000
     H    4        0.000000        0.000000        0.000000

     C    5        0.062185       -0.162282       -0.028027
     C    5       -0.162282        0.040679        0.018833
     C    5       -0.028027        0.018833       -0.102865

     H    6       -0.000000        0.000000        0.000000
     H    6        0.000000        0.000000        0.000000
     H    6        0.000000        0.000000        0.000000

     H    7       -0.000000        0.000000        0.000000
     H    7        0.000000        0.000000        0.000000
     H    7        0.000000        0.000000        0.000000

     C    8       -0.106195       -0.080637        0.002288
     C    8       -0.080637        0.239275        0.009420
     C    8        0.002288        0.009420       -0.133081

     H    9       -0.000000        0.000000        0.000000
     H    9        0.000000        0.000000        0.000000
     H    9        0.000000        0.000000        0.000000

     C   10       -0.229472       -0.128596       -0.057037
     C   10       -0.128596        0.297700       -0.040456
     C   10       -0.057037       -0.040456       -0.068227

     C   11        0.038293       -0.094794        0.020100
     C   11       -0.094794        0.142014        0.013225
     C   11        0.020100        0.013225       -0.180307

     Cl  12        0.699934        0.567311       -0.390688
     Cl  12        0.567311        1.420055        0.470003
     Cl  12       -0.390688        0.470003       -2.119990

     H   13       -0.000000        0.000000        0.000000
     H   13        0.000000        0.000000        0.000000
     H   13        0.000000        0.000000        0.000000

     C   14       -0.038038        0.032356       -0.030202
     C   14        0.032356        0.030552       -0.105996
     C   14       -0.030202       -0.105996        0.007486

     H   15       -0.000000        0.000000        0.000000
     H   15        0.000000        0.000000        0.000000
     H   15        0.000000        0.000000        0.000000

     C   16       -0.084840        0.024766       -0.010786
     C   16        0.024766        0.049956       -0.093067
     C   16       -0.010786       -0.093067        0.034884

     C   17       -0.068597       -0.165324        0.000299
     C   17       -0.165324        0.060854       -0.247760
     C   17        0.000299       -0.247760        0.007742

     Cl  18        1.500487       -1.974727       -0.144289
     Cl  18       -1.974727       -0.144567       -0.034963
     Cl  18       -0.144289       -0.034963       -1.355920

     H   19       -0.000000        0.000000        0.000000
     H   19        0.000000        0.000000        0.000000
     H   19        0.000000        0.000000        0.000000

     C   20       -0.223818       -0.127243       -0.037638
     C   20       -0.127243        0.308666       -0.050259
     C   20       -0.037638       -0.050259       -0.084848

     H   21       -0.000000        0.000000        0.000000
     H   21        0.000000        0.000000        0.000000
     H   21        0.000000        0.000000        0.000000

     C   22       -0.116214       -0.016345       -0.015792
     C   22       -0.016345        0.271529        0.076322
     C   22       -0.015792        0.076322       -0.155315

     C   23       -0.132825       -0.050507       -0.066805
     C   23       -0.050507        0.280751        0.058321
     C   23       -0.066805        0.058321       -0.147925

     Cl  24       -0.043007        0.744630        0.471963
     Cl  24        0.744630        1.854347       -1.705637
     Cl  24        0.471963       -1.705637       -1.811340

     ----- total EFG -----
     Cl   1       -0.012722       -1.337882        0.051988
     Cl   1       -1.337882        2.141615        1.166452
     Cl   1        0.051988        1.166452       -2.128893

     C    2       -0.465894        0.402566       -0.186344
     C    2        0.402566        0.723553       -0.000392
     C    2       -0.186344       -0.000392       -0.257659

     C    3        0.228627       -0.596653       -0.372947
     C    3       -0.596653        0.199447       -0.197154
     C    3       -0.372947       -0.197154       -0.428074

     H    4        0.155897        0.488646        0.473144
     H    4        0.488646       -0.034411       -0.096558
     H    4        0.473144       -0.096558       -0.121485

     C    5       -0.017864        0.045016       -0.066890
     C    5        0.045016        0.199564        0.107196
     C    5       -0.066890        0.107196       -0.181700

     H    6       -0.615202        0.069941       -0.015969
     H    6        0.069941        0.471802        0.161356
     H    6       -0.015969        0.161356        0.143400

     H    7       -0.071526        0.105249       -0.005738
     H    7        0.105249       -0.063056       -0.231495
     H    7       -0.005738       -0.231495        0.134581

     C    8        0.022346       -0.059138        0.085449
     C    8       -0.059138        0.272983        0.122084
     C    8        0.085449        0.122084       -0.295329

     H    9        0.336557        0.127400        0.256225
     H    9        0.127400       -0.367075        0.179504
     H    9        0.256225        0.179504        0.030518

     C   10       -0.788529       -0.271735       -0.178207
     C   10       -0.271735        0.794025       -0.238640
     C   10       -0.178207       -0.238640       -0.005497

     C   11        0.282799       -0.167254        0.133389
     C   11       -0.167254        0.122014        0.191706
     C   11        0.133389        0.191706       -0.404813

     Cl  12        0.742093        0.553695       -0.439391
     Cl  12        0.553695        1.581014        0.508488
     Cl  12       -0.439391        0.508488       -2.323107

     H   13       -0.138822       -0.129385        0.202898
     H   13       -0.129385        0.146695        0.731672
     H   13        0.202898        0.731672       -0.007873

     C   14        0.266191       -0.099703        0.039626
     C   14       -0.099703        0.031157       -0.035215
     C   14        0.039626       -0.035215       -0.297348

     H   15        0.536745       -0.110506        0.587445
     H   15       -0.110506       -0.296320        0.330431
     H   15        0.587445        0.330431       -0.240425

     C   16       -0.102403        0.026349        0.158963
     C   16        0.026349        0.264702        0.037997
     C   16        0.158963        0.037997       -0.162299

     C   17        0.009010       -0.527365       -0.060482
     C   17       -0.527365        0.278470       -0.692462
     C   17       -0.060482       -0.692462       -0.287479

     Cl  18        1.523618       -1.978224       -0.118166
     Cl  18       -1.978224       -0.122452       -0.073650
     Cl  18       -0.118166       -0.073650       -1.401166

     H   19       -0.054385       -0.066586        0.038142
     H   19       -0.066586        0.145944       -0.137546
     H   19        0.038142       -0.137546       -0.091559

     C   20       -0.806238       -0.362271       -0.168142
     C   20       -0.362271        0.871029       -0.222330
     C   20       -0.168142       -0.222330       -0.064790

     H   21        0.448431       -0.387784        0.198776
     H   21       -0.387784       -0.506636       -0.275680
     H   21        0.198776       -0.275680        0.058205

     C   22        0.024504        0.044628        0.044274
     C   22        0.044628        0.407547        0.294483
     C   22        0.044274        0.294483       -0.432051

     C   23       -0.589701       -0.278086       -0.247749
     C   23       -0.278086        0.750230       -0.159080
     C   23       -0.247749       -0.159080       -0.160529

     Cl  24        0.086719        0.893010        0.495062
     Cl  24        0.893010        1.901767       -1.815465
     Cl  24        0.495062       -1.815465       -1.988486

     ----- total EFG (symmetrized) -----
     Cl   1       -0.012722       -1.337882        0.051988
     Cl   1       -1.337882        2.141615        1.166452
     Cl   1        0.051988        1.166452       -2.128893

     C    2       -0.465894        0.402566       -0.186344
     C    2        0.402566        0.723553       -0.000392
     C    2       -0.186344       -0.000392       -0.257659

     C    3        0.228627       -0.596653       -0.372947
     C    3       -0.596653        0.199447       -0.197154
     C    3       -0.372947       -0.197154       -0.428074

     H    4        0.155897        0.488646        0.473144
     H    4        0.488646       -0.034411       -0.096558
     H    4        0.473144       -0.096558       -0.121485

     C    5       -0.017864        0.045016       -0.066890
     C    5        0.045016        0.199564        0.107196
     C    5       -0.066890        0.107196       -0.181700

     H    6       -0.615202        0.069941       -0.015969
     H    6        0.069941        0.471802        0.161356
     H    6       -0.015969        0.161356        0.143400

     H    7       -0.071526        0.105249       -0.005738
     H    7        0.105249       -0.063056       -0.231495
     H    7       -0.005738       -0.231495        0.134581

     C    8        0.022346       -0.059138        0.085449
     C    8       -0.059138        0.272983        0.122084
     C    8        0.085449        0.122084       -0.295329

     H    9        0.336557        0.127400        0.256225
     H    9        0.127400       -0.367075        0.179504
     H    9        0.256225        0.179504        0.030518

     C   10       -0.788529       -0.271735       -0.178207
     C   10       -0.271735        0.794025       -0.238640
     C   10       -0.178207       -0.238640       -0.005497

     C   11        0.282799       -0.167254        0.133389
     C   11       -0.167254        0.122014        0.191706
     C   11        0.133389        0.191706       -0.404813

     Cl  12        0.742093        0.553695       -0.439391
     Cl  12        0.553695        1.581014        0.508488
     Cl  12       -0.439391        0.508488       -2.323107

     H   13       -0.138822       -0.129385        0.202898
     H   13       -0.129385        0.146695        0.731672
     H   13        0.202898        0.731672       -0.007873

     C   14        0.266191       -0.099703        0.039626
     C   14       -0.099703        0.031157       -0.035215
     C   14        0.039626       -0.035215       -0.297348

     H   15        0.536745       -0.110506        0.587445
     H   15       -0.110506       -0.296320        0.330431
     H   15        0.587445        0.330431       -0.240425

     C   16       -0.102403        0.026349        0.158963
     C   16        0.026349        0.264702        0.037997
     C   16        0.158963        0.037997       -0.162299

     C   17        0.009010       -0.527365       -0.060482
     C   17       -0.527365        0.278470       -0.692462
     C   17       -0.060482       -0.692462       -0.287479

     Cl  18        1.523618       -1.978224       -0.118166
     Cl  18       -1.978224       -0.122452       -0.073650
     Cl  18       -0.118166       -0.073650       -1.401166

     H   19       -0.054385       -0.066586        0.038142
     H   19       -0.066586        0.145944       -0.137546
     H   19        0.038142       -0.137546       -0.091559

     C   20       -0.806238       -0.362271       -0.168142
     C   20       -0.362271        0.871029       -0.222330
     C   20       -0.168142       -0.222330       -0.064790

     H   21        0.448431       -0.387784        0.198776
     H   21       -0.387784       -0.506636       -0.275680
     H   21        0.198776       -0.275680        0.058205

     C   22        0.024504        0.044628        0.044274
     C   22        0.044628        0.407547        0.294483
     C   22        0.044274        0.294483       -0.432051

     C   23       -0.589701       -0.278086       -0.247749
     C   23       -0.278086        0.750230       -0.159080
     C   23       -0.247749       -0.159080       -0.160529

     Cl  24        0.086719        0.893010        0.495062
     Cl  24        0.893010        1.901767       -1.815465
     Cl  24        0.495062       -1.815465       -1.988486


     NQR/NMR SPECTROSCOPIC PARAMETERS:
     Cl   1    Vxx=   -0.4981    axis=(  0.901674  0.337597  0.270210)
     Cl   1    Vyy=   -2.4944    axis=( -0.174638 -0.287351  0.941770)
     Cl   1    Vzz=    2.9925    axis=(  0.395584 -0.896358 -0.200140)
     Cl   1  Q=        -8.1650 1e-30 m^2  Cq=       -57.4096 MHz  eta= 0.66713

     C    2    Vxx=   -0.1827    axis=( -0.368638  0.164157  0.914964)
     C    2    Vyy=   -0.6671    axis=(  0.880255 -0.254698  0.400350)
     C    2    Vzz=    0.8498    axis=(  0.298760  0.952985 -0.050609)
     C    2  Q=         1.0000 1e-30 m^2  Cq=         1.9966 MHz  eta= 0.57012

     C    3    Vxx=   -0.0127    axis=( -0.434983 -0.597163  0.673933)
     C    3    Vyy=   -0.8131    axis=( -0.517265 -0.446913 -0.729867)
     C    3    Vzz=    0.8258    axis=( -0.737039  0.666082  0.114492)
     C    3  Q=         1.0000 1e-30 m^2  Cq=         1.9402 MHz  eta= 0.96933

     H    4    Vxx=    0.0178    axis=( -0.064714  0.703542 -0.707701)
     H    4    Vyy=    0.6924    axis=( -0.784415 -0.474246 -0.399731)
     H    4    Vzz=   -0.7102    axis=( -0.616851  0.529263  0.582559)
     H    4  Q=         1.0000 1e-30 m^2  Cq=        -1.6687 MHz  eta= 0.94996

     C    5    Vxx=    0.0058    axis=(  0.936988 -0.024900 -0.348474)
     C    5    Vyy=    0.2306    axis=(  0.112293  0.965993  0.232911)
     C    5    Vzz=   -0.2365    axis=(  0.330823 -0.257366  0.907920)
     C    5  Q=         1.0000 1e-30 m^2  Cq=        -0.5556 MHz  eta= 0.95080

     H    6    Vxx=    0.0798    axis=( -0.058631 -0.371028  0.926769)
     H    6    Vyy=    0.5408    axis=(  0.050863  0.926050  0.373957)
     H    6    Vzz=   -0.6206    axis=( -0.996983  0.069064 -0.035424)
     H    6  Q=         1.0000 1e-30 m^2  Cq=        -1.4582 MHz  eta= 0.74280

     H    7    Vxx=   -0.0422    axis=( -0.886038 -0.267329 -0.378778)
     H    7    Vyy=   -0.2563    axis=(  0.429899 -0.779618 -0.455393)
     H    7    Vzz=    0.2985    axis=( -0.173562 -0.566331  0.805695)
     H    7  Q=         1.0000 1e-30 m^2  Cq=         0.7014 MHz  eta= 0.71713

     C    8    Vxx=    0.0412    axis=( -0.955633 -0.097389 -0.277996)
     C    8    Vyy=    0.3043    axis=( -0.150502  0.972709  0.176597)
     C    8    Vzz=   -0.3455    axis=( -0.253211 -0.210601  0.944210)
     C    8  Q=         1.0000 1e-30 m^2  Cq=        -0.8117 MHz  eta= 0.76162

     H    9    Vxx=   -0.0898    axis=( -0.553144  0.258573  0.791942)
     H    9    Vyy=   -0.4373    axis=( -0.043174  0.940438 -0.337213)
     H    9    Vzz=    0.5271    axis=( -0.831966 -0.220718 -0.509034)
     H    9  Q=         1.0000 1e-30 m^2  Cq=         1.2385 MHz  eta= 0.65914

     C   10    Vxx=   -0.0005    axis=( -0.277853  0.187917  0.942064)
     C   10    Vyy=   -0.8878    axis=( -0.951560 -0.188239 -0.243105)
     C   10    Vzz=    0.8884    axis=(  0.131649 -0.963978  0.231117)
     C   10  Q=         1.0000 1e-30 m^2  Cq=         2.0873 MHz  eta= 0.99879

     C   11    Vxx=    0.1204    axis=(  0.472568  0.782402  0.405617)
     C   11    Vyy=    0.3882    axis=(  0.851980 -0.523304  0.016803)
     C   11    Vzz=   -0.5085    axis=( -0.225408 -0.337638  0.913888)
     C   11  Q=         1.0000 1e-30 m^2  Cq=        -1.1949 MHz  eta= 0.52657

     Cl  12    Vxx=    0.5961    axis=( -0.894590  0.397651  0.203915)
     Cl  12    Vyy=    1.8734    axis=(  0.417831  0.906121  0.066045)
     Cl  12    Vzz=   -2.4695    axis=(  0.158509 -0.144286  0.976758)
     Cl  12  Q=        -8.1650 1e-30 m^2  Cq=        47.3766 MHz  eta= 0.51721

     H   13    Vxx=   -0.0493    axis=(  0.932445 -0.272048  0.237775)
     H   13    Vyy=   -0.7575    axis=( -0.358679 -0.617650  0.699898)
     H   13    Vzz=    0.8069    axis=(  0.043544  0.737901  0.673503)
     H   13  Q=         1.0000 1e-30 m^2  Cq=         1.8958 MHz  eta= 0.87772

     C   14    Vxx=   -0.0042    axis=(  0.353546  0.933204 -0.064311)
     C   14    Vyy=   -0.3026    axis=(  0.053707 -0.088889 -0.994593)
     C   14    Vzz=    0.3068    axis=( -0.933874  0.348181 -0.081545)
     C   14  Q=         1.0000 1e-30 m^2  Cq=         0.7209 MHz  eta= 0.97269

     H   15    Vxx=   -0.0617    axis=(  0.316370 -0.820227 -0.476590)
     H   15    Vyy=   -0.7941    axis=(  0.371087  0.569367 -0.733563)
     H   15    Vzz=    0.8558    axis=(  0.873043  0.055221  0.484506)
     H   15  Q=         1.0000 1e-30 m^2  Cq=         2.0107 MHz  eta= 0.85580

     C   16    Vxx=    0.0213    axis=(  0.761765 -0.179616  0.622456)
     C   16    Vyy=    0.2731    axis=(  0.124596  0.983480  0.131313)
     C   16    Vzz=   -0.2944    axis=( -0.635759 -0.022474  0.771560)
     C   16  Q=         1.0000 1e-30 m^2  Cq=        -0.6917 MHz  eta= 0.85545

     C   17    Vxx=   -0.0354    axis=(  0.816633  0.133133 -0.561592)
     C   17    Vyy=   -0.8991    axis=(  0.389858  0.590251  0.706835)
     C   17    Vzz=    0.9345    axis=(  0.425583 -0.796166  0.430115)
     C   17  Q=         1.0000 1e-30 m^2  Cq=         2.1956 MHz  eta= 0.92429

     Cl  18    Vxx=   -1.2936    axis=( -0.351690 -0.546253  0.760211)
     Cl  18    Vyy=   -1.5504    axis=(  0.428960  0.627772  0.649535)
     Cl  18    Vzz=    2.8440    axis=( -0.832050  0.554535  0.013540)
     Cl  18  Q=        -8.1650 1e-30 m^2  Cq=       -54.5600 MHz  eta= 0.09030

     H   19    Vxx=   -0.0744    axis=(  0.962107  0.270789 -0.031975)
     H   19    Vyy=   -0.1551    axis=( -0.081984  0.399121  0.913226)
     H   19    Vzz=    0.2295    axis=(  0.260053 -0.876000  0.406197)
     H   19  Q=         1.0000 1e-30 m^2  Cq=         0.5392 MHz  eta= 0.35166

     C   20    Vxx=   -0.0461    axis=( -0.270536  0.124549  0.954619)
     C   20    Vyy=   -0.9329    axis=(  0.945795  0.219449  0.239403)
     C   20    Vzz=    0.9790    axis=( -0.179673  0.967641 -0.177166)
     C   20  Q=         1.0000 1e-30 m^2  Cq=         2.3003 MHz  eta= 0.90573

     H   21    Vxx=   -0.0130    axis=( -0.473419 -0.115756  0.873198)
     H   21    Vyy=   -0.6980    axis=(  0.266824  0.925904  0.267406)
     H   21    Vzz=    0.7110    axis=( -0.839452  0.359586 -0.407454)
     H   21  Q=         1.0000 1e-30 m^2  Cq=         1.6706 MHz  eta= 0.96338

     C   22    Vxx=    0.0195    axis=(  0.991952 -0.125692  0.015287)
     C   22    Vyy=    0.5070    axis=(  0.115245  0.946262  0.302171)
     C   22    Vzz=   -0.5266    axis=( -0.052446 -0.297978  0.953131)
     C   22  Q=         1.0000 1e-30 m^2  Cq=        -1.2372 MHz  eta= 0.92581

     C   23    Vxx=   -0.0482    axis=( -0.428807  0.030540  0.902880)
     C   23    Vyy=   -0.7699    axis=(  0.886689  0.205550  0.414165)
     C   23    Vzz=    0.8181    axis=( -0.172939  0.978170 -0.115221)
     C   23  Q=         1.0000 1e-30 m^2  Cq=         1.9223 MHz  eta= 0.88206

     Cl  24    Vxx=    0.1356    axis=(  0.934353 -0.132320  0.330870)
     Cl  24    Vyy=    2.7807    axis=( -0.243825 -0.914516  0.322815)
     Cl  24    Vzz=   -2.9163    axis=(  0.259872 -0.382298 -0.886744)
     Cl  24  Q=        -8.1650 1e-30 m^2  Cq=        55.9470 MHz  eta= 0.90703

     Initialization:
     gipaw_setup  :      9.32s CPU     10.97s WALL (       1 calls)

     Linear response

     Apply operators

     Induced current

     Other routines
     efg          :      9.37s CPU     11.63s WALL (       1 calls)

     General routines
     calbec       :      3.20s CPU      4.22s WALL (      16 calls)
     fft          :      1.53s CPU      2.12s WALL (      15 calls)
     ffts         :      0.04s CPU      0.04s WALL (       2 calls)
     fftw         :      3.36s CPU      4.02s WALL (     672 calls)
     davcio       :      0.03s CPU      0.36s WALL (      32 calls)

     Parallel routines
     fft_scatter  :      2.22s CPU      3.27s WALL (     689 calls)

     Plugins

     GIPAW        :     60.54s CPU     74.13s WALL (       1 calls)
