
     Program QE v.6.0 (svn rev. 13079) starts on 15Dec2016 at  8:52:35 

     This program is part of the open-source Quantum ESPRESSO suite
     for quantum simulation of materials; please cite
         "P. Giannozzi et al., J. Phys.:Condens. Matter 21 395502 (2009);
          URL http://www.quantum-espresso.org", 
     in publications or presentations arising from this work. More details at
     http://www.quantum-espresso.org/quote

     Parallel version (MPI), running on     8 processors
     R & G space division:  proc/nbgrp/npool/nimage =       8

     ***** This is GIPAW svn revision unknown      *****

     Parallelizing q-star over 1 images

     Reading data from directory:
     /users/majewski/paradichlorobenzene/pbe/9_constraint/scratch/pbe.ecut100.np8.dt60.pcl2phi-129368.save
     Message from routine read_xml_file:
     file /users/majewski/paradichlorobenzene/pbe/9_constraint/scratch/pbe.ecut100.np8.dt60.pcl2phi-129368.save not guaranteed to be safe for post-processing

   Info: using nr1, nr2, nr3 values from input

   Info: using nr1, nr2, nr3 values from input

     IMPORTANT: XC functional enforced from input :
     Exchange-correlation      =  SLA  PW   PBX  PBC ( 1  4  3  4 0 0)
     Any further DFT definition will be discarded
     Please, verify this is what you really want

               file C.pbe-n-kjpaw_psl.1.0.0.UPF: wavefunction(s)  2S 2P renormalized
               file Cl.pbe-n-kjpaw_psl.1.0.0.UPF: wavefunction(s)  3S 3P renormalized
               file H.pbe-kjpaw_psl.1.0.0.UPF: wavefunction(s)  1S renormalized

     Parallelization info
     --------------------
     sticks:   dense  smooth     PW     G-vecs:    dense   smooth      PW
     Min        3057    1223    332               144436    36536    5170
     Max        3059    1225    333               144437    36537    5171
     Sum       24467    9791   2657              1155489   292295   41363


     Subspace diagonalization in iterative solution of the eigenvalue problem:
     a serial algorithm will be used

     GIPAW projectors -----------------------------------------------
     atom=  C    l=0  rc=    1.2000  rs=    0.8000
     atom=  C    l=0  rc=    1.2000  rs=    0.8000
     atom=  C    l=1  rc=    1.4000  rs=    0.9333
     atom=  C    l=1  rc=    1.4000  rs=    0.9333
     projs nearly linearly dependent: l=1  n1,n2= 1, 2  s=  0.99951561

     atom=  Cl   l=0  rc=    1.6000  rs=    1.0667
     atom=  Cl   l=0  rc=    1.6000  rs=    1.0667
     atom=  Cl   l=1  rc=    1.6000  rs=    1.0667
     atom=  Cl   l=1  rc=    1.6000  rs=    1.0667
     atom=  Cl   l=2  rc=    1.6000  rs=    1.0667
     atom=  Cl   l=2  rc=    1.6000  rs=    1.0667
     projs nearly linearly dependent: l=2  n1,n2= 1, 2  s=  0.99993509

     atom=  H    l=0  rc=    1.0000  rs=    0.6667
     atom=  H    l=0  rc=    1.0000  rs=    0.6667
     projs nearly linearly dependent: l=0  n1,n2= 1, 2  s=  0.99968852
     -----------------------------------------------------------------

     GIPAW integrals: -------------------------------------------
     Atom  i/j   nmr_para   nmr_dia   epr_rmc  epr_para   epr_dia
       C   1 1   0.83E+03  0.17E-01  0.93E+01  0.24E+08  0.24E+03
       C   2 1   0.86E+03 -0.61E-01  0.94E+01  0.25E+08  0.25E+03
       C   2 2   0.90E+03 -0.15E+00  0.97E+01  0.26E+08  0.26E+03
       C   3 3   0.33E+01  0.34E+00  0.18E+01  0.55E+03  0.21E+02
       C   4 3   0.35E+01  0.37E+00  0.20E+01  0.59E+03  0.22E+02
       C   4 4   0.38E+01  0.39E+00  0.22E+01  0.63E+03  0.24E+02
       Cl  1 1   0.14E+04 -0.47E+00  0.84E+01  0.32E+09  0.42E+03
       Cl  2 1   0.21E+04 -0.37E+00  0.12E+02  0.49E+09  0.65E+03
       Cl  2 2   0.33E+04 -0.16E+00  0.21E+02  0.76E+09  0.10E+04
       Cl  3 3   0.21E+02  0.79E-01  0.89E+01  0.23E+05  0.13E+03
       Cl  4 3   0.24E+02  0.67E-01  0.99E+01  0.27E+05  0.15E+03
       Cl  4 4   0.28E+02  0.44E-01  0.11E+02  0.32E+05  0.18E+03
       Cl  5 5   0.77E+00  0.19E+00  0.18E+01  0.12E+03  0.22E+02
       Cl  6 5   0.80E+00  0.19E+00  0.19E+01  0.12E+03  0.23E+02
       Cl  6 6   0.83E+00  0.20E+00  0.19E+01  0.12E+03  0.23E+02
       H   1 1   0.39E+02  0.19E+00  0.29E+00  0.78E+05  0.13E+02
       H   2 1   0.41E+02  0.21E+00  0.32E+00  0.82E+05  0.14E+02
       H   2 2   0.43E+02  0.22E+00  0.36E+00  0.86E+05  0.15E+02
     ------------------------------------------------------------

     alpha_pv=     34.2435 eV

     Number of occupied bands for each k-point:
     k-point:     1    nbnd_occ=  42
     k-point:     2    nbnd_occ=  42
     k-point:     3    nbnd_occ=  42
     k-point:     4    nbnd_occ=  42
     k-point:     5    nbnd_occ=  42
     k-point:     6    nbnd_occ=  42
     k-point:     7    nbnd_occ=  42
     k-point:     8    nbnd_occ=  42
     k-point:     9    nbnd_occ=  42
     k-point:    10    nbnd_occ=  42
     k-point:    11    nbnd_occ=  42
     k-point:    12    nbnd_occ=  42
     k-point:    13    nbnd_occ=  42
     k-point:    14    nbnd_occ=  42
     k-point:    15    nbnd_occ=  42
     k-point:    16    nbnd_occ=  42


     q-space interpolation up to   110.00 Rydberg

     GIPAW job: efg                                                                             


     ELECTRIC FIELD GRADIENTS TENSORS IN Hartree/bohrradius^2:

     ----- bare term -----
     Cl   1       -0.021966        0.050052        0.009482
     Cl   1        0.050052        0.003170       -0.008912
     Cl   1        0.009482       -0.008912        0.018796

     C    2       -0.582639       -0.035795       -0.200342
     C    2       -0.035795        0.045398       -0.234686
     C    2       -0.200342       -0.234686        0.537241

     C    3       -0.007636        0.159825       -0.164821
     C    3        0.159825       -0.381411       -0.428948
     C    3       -0.164821       -0.428948        0.389047

     H    4       -0.445344        0.143568       -0.330115
     H    4        0.143568        0.103064       -0.297723
     H    4       -0.330115       -0.297723        0.342280

     C    5       -0.509137        0.320706       -0.239190
     C    5        0.320706        0.084642       -0.339984
     C    5       -0.239190       -0.339984        0.424496

     H    6        0.339414        0.057454       -0.378714
     H    6        0.057454       -0.068498       -0.306874
     H    6       -0.378714       -0.306874       -0.270916

     H    7        0.383476        0.114060       -0.122237
     H    7        0.114060       -0.331673        0.563870
     H    7       -0.122237        0.563870       -0.051804

     C    8       -0.259189       -0.146429       -0.384148
     C    8       -0.146429       -0.189279        0.414617
     C    8       -0.384148        0.414617        0.448468

     H    9       -0.395061        0.141526       -0.530519
     H    9        0.141526        0.312784        0.146071
     H    9       -0.530519        0.146071        0.082276

     C   10       -0.140255       -0.324684       -0.242967
     C   10       -0.324684       -0.229076        0.558570
     C   10       -0.242967        0.558570        0.369331

     C   11       -0.088683        0.076427       -0.463871
     C   11        0.076427       -0.097620        0.510283
     C   11       -0.463871        0.510283        0.186304

     Cl  12       -0.046935       -0.103961        0.075864
     Cl  12       -0.103961       -0.063317       -0.017251
     Cl  12        0.075864       -0.017251        0.110252

     H   13        0.413615       -0.009103       -0.218835
     H   13       -0.009103        0.113434       -0.245934
     H   13       -0.218835       -0.245934       -0.527050

     C   14       -0.113658        0.344338        0.073134
     C   14        0.344338       -0.121882       -0.283270
     C   14        0.073134       -0.283270        0.235541

     H   15       -0.097933        0.194696       -0.525948
     H   15        0.194696        0.055410        0.164391
     H   15       -0.525948        0.164391        0.042523

     C   16       -0.243855        0.042842       -0.225890
     C   16        0.042842       -0.125827       -0.597255
     C   16       -0.225890       -0.597255        0.369682

     C   17       -0.146042       -0.110211       -0.387726
     C   17       -0.110211       -0.099044       -0.558417
     C   17       -0.387726       -0.558417        0.245086

     Cl  18       -0.162098        0.149021        0.025384
     Cl  18        0.149021       -0.061929       -0.037604
     Cl  18        0.025384       -0.037604        0.224027

     H   19        0.447985       -0.015238       -0.276044
     H   19       -0.015238        0.032913        0.273459
     H   19       -0.276044        0.273459       -0.480898

     C   20       -0.414785       -0.334269       -0.050869
     C   20       -0.334269       -0.043748        0.459047
     C   20       -0.050869        0.459047        0.458533

     H   21        0.114310        0.029719       -0.429359
     H   21        0.029719        0.318942       -0.214940
     H   21       -0.429359       -0.214940       -0.433252

     C   22       -0.162230       -0.019239       -0.235096
     C   22       -0.019239       -0.087296        0.668892
     C   22       -0.235096        0.668892        0.249526

     C   23       -0.256130       -0.102395       -0.367888
     C   23       -0.102395       -0.070577        0.452839
     C   23       -0.367888        0.452839        0.326707

     Cl  24       -0.068116       -0.150663       -0.135984
     Cl  24       -0.150663        0.000222        0.138341
     Cl  24       -0.135984        0.138341        0.067894

     ----- ionic term -----
     Cl   1        0.087417       -0.197180       -0.009714
     Cl   1       -0.197180        0.038859        0.019405
     Cl   1       -0.009714        0.019405       -0.126276

     C    2        0.135890       -0.188251        0.300987
     C    2       -0.188251        0.006029        0.428402
     C    2        0.300987        0.428402       -0.141920

     C    3        0.128316       -0.232014        0.151643
     C    3       -0.232014        0.071864        0.472215
     C    3        0.151643        0.472215       -0.200180

     H    4        0.683565        0.184224        0.672734
     H    4        0.184224       -0.506720        0.181551
     H    4        0.672734        0.181551       -0.176845

     C    5        0.290356       -0.171584        0.233697
     C    5       -0.171584       -0.078036        0.370953
     C    5        0.233697        0.370953       -0.212320

     H    6       -0.492462        0.195717        0.179742
     H    6        0.195717        0.315027        0.815469
     H    6        0.179742        0.815469        0.177434

     H    7       -0.506549       -0.191382        0.125260
     H    7       -0.191382        0.655110       -0.697340
     H    7        0.125260       -0.697340       -0.148561

     C    8        0.192512        0.144460        0.294523
     C    8        0.144460        0.042773       -0.309999
     C    8        0.294523       -0.309999       -0.235285

     H    9        0.654154       -0.309940        0.641175
     H    9       -0.309940       -0.428946       -0.240231
     H    9        0.641175       -0.240231       -0.225208

     C   10        0.097936        0.183610        0.188164
     C   10        0.183610        0.159084       -0.429429
     C   10        0.188164       -0.429429       -0.257020

     C   11        0.102337        0.215605        0.293326
     C   11        0.215605        0.068305       -0.414767
     C   11        0.293326       -0.414767       -0.170642

     Cl  12        0.130235        0.206647       -0.005126
     Cl  12        0.206647        0.006620       -0.017576
     Cl  12       -0.005126       -0.017576       -0.136855

     H   13       -0.528771        0.132099        0.127276
     H   13        0.132099        0.468606        0.805330
     H   13        0.127276        0.805330        0.060165

     C   14        0.262220       -0.270427        0.221994
     C   14       -0.270427       -0.061916        0.345854
     C   14        0.221994        0.345854       -0.200304

     H   15        0.676347        0.012844        0.700944
     H   15        0.012844       -0.568526        0.095170
     H   15        0.700944        0.095170       -0.107821

     C   16        0.177954       -0.315535        0.129085
     C   16       -0.315535       -0.022004        0.428216
     C   16        0.129085        0.428216       -0.155950

     C   17        0.233309       -0.167825        0.211529
     C   17       -0.167825       -0.104252        0.477346
     C   17        0.211529        0.477346       -0.129057

     Cl  18        0.107896       -0.205822       -0.063697
     Cl  18       -0.205822        0.000799        0.040727
     Cl  18       -0.063697        0.040727       -0.108695

     H   19       -0.508043       -0.134622        0.115838
     H   19       -0.134622        0.434267       -0.775534
     H   19        0.115838       -0.775534        0.073776

     C   20        0.197137        0.247884        0.286531
     C   20        0.247884       -0.034698       -0.302425
     C   20        0.286531       -0.302425       -0.162439

     H   21        0.285021       -0.116879        0.790834
     H   21       -0.116879       -0.496331       -0.193608
     H   21        0.790834       -0.193608        0.211310

     C   22        0.040818        0.285849        0.207256
     C   22        0.285849        0.089149       -0.433146
     C   22        0.207256       -0.433146       -0.129967

     C   23        0.082310        0.210501        0.346411
     C   23        0.210501        0.078024       -0.401521
     C   23        0.346411       -0.401521       -0.160334

     Cl  24        0.087744        0.237284        0.051372
     Cl  24        0.237284        0.058919        0.028670
     Cl  24        0.051372        0.028670       -0.146664

     ----- GIPAW term -----
     Cl   1       -0.547498       -0.931066        0.786319
     Cl   1       -0.931066       -0.902668        1.433178
     Cl   1        0.786319        1.433178        1.450166

     C    2       -0.120895       -0.064431        0.109725
     C    2       -0.064431       -0.109622        0.052712
     C    2        0.109725        0.052712        0.230517

     C    3       -0.108826       -0.011693       -0.030845
     C    3       -0.011693        0.029657        0.136957
     C    3       -0.030845        0.136957        0.079170

     H    4       -0.000000        0.000000        0.000000
     H    4        0.000000        0.000000        0.000000
     H    4        0.000000        0.000000        0.000000

     C    5       -0.096109       -0.021032        0.000694
     C    5       -0.021032        0.082479       -0.091133
     C    5        0.000694       -0.091133        0.013630

     H    6       -0.000000        0.000000        0.000000
     H    6        0.000000        0.000000        0.000000
     H    6        0.000000        0.000000        0.000000

     H    7       -0.000000        0.000000        0.000000
     H    7        0.000000        0.000000        0.000000
     H    7        0.000000        0.000000        0.000000

     C    8       -0.039082       -0.005032       -0.121161
     C    8       -0.005032       -0.115765        0.067545
     C    8       -0.121161        0.067545        0.154847

     H    9       -0.000000        0.000000        0.000000
     H    9        0.000000        0.000000        0.000000
     H    9        0.000000        0.000000        0.000000

     C   10       -0.054093       -0.069075       -0.069037
     C   10       -0.069075        0.003653        0.126677
     C   10       -0.069037        0.126677        0.050441

     C   11        0.137171        0.129745       -0.083750
     C   11        0.129745       -0.034571        0.076311
     C   11       -0.083750        0.076311       -0.102601

     Cl  12        1.250824        1.730621        0.592291
     Cl  12        1.730621       -0.393406       -0.150201
     Cl  12        0.592291       -0.150201       -0.857417

     H   13       -0.000000        0.000000        0.000000
     H   13        0.000000        0.000000        0.000000
     H   13        0.000000        0.000000        0.000000

     C   14       -0.051081        0.006340        0.075014
     C   14        0.006340       -0.071981       -0.101096
     C   14        0.075014       -0.101096        0.123062

     H   15       -0.000000        0.000000        0.000000
     H   15        0.000000        0.000000        0.000000
     H   15        0.000000        0.000000        0.000000

     C   16       -0.154214       -0.061820        0.005895
     C   16       -0.061820       -0.010554       -0.230108
     C   16        0.005895       -0.230108        0.164768

     C   17        0.070678       -0.178447       -0.047385
     C   17       -0.178447       -0.017070       -0.100538
     C   17       -0.047385       -0.100538       -0.053608

     Cl  18       -0.828099       -1.195188        0.523617
     Cl  18       -1.195188       -1.378701       -0.943235
     Cl  18        0.523617       -0.943235        2.206800

     H   19       -0.000000        0.000000        0.000000
     H   19        0.000000        0.000000        0.000000
     H   19        0.000000        0.000000        0.000000

     C   20       -0.143032       -0.002052        0.070328
     C   20       -0.002052       -0.022013        0.224937
     C   20        0.070328        0.224937        0.165045

     H   21       -0.000000        0.000000        0.000000
     H   21        0.000000        0.000000        0.000000
     H   21        0.000000        0.000000        0.000000

     C   22       -0.135888        0.076157       -0.008285
     C   22        0.076157        0.079381        0.251322
     C   22       -0.008285        0.251322        0.056507

     C   23        0.028373        0.120668       -0.070166
     C   23        0.120668        0.012597        0.062833
     C   23       -0.070166        0.062833       -0.040970

     Cl  24        0.542693        0.466265       -1.399249
     Cl  24        0.466265        0.266484        1.705038
     Cl  24       -1.399249        1.705038       -0.809178

     ----- total EFG -----
     Cl   1       -0.482047       -1.078195        0.786087
     Cl   1       -1.078195       -0.860638        1.443671
     Cl   1        0.786087        1.443671        1.342686

     C    2       -0.567644       -0.288477        0.210370
     C    2       -0.288477       -0.058194        0.246429
     C    2        0.210370        0.246429        0.625838

     C    3        0.011854       -0.083882       -0.044023
     C    3       -0.083882       -0.279891        0.180225
     C    3       -0.044023        0.180225        0.268037

     H    4        0.238222        0.327792        0.342619
     H    4        0.327792       -0.403656       -0.116173
     H    4        0.342619       -0.116173        0.165435

     C    5       -0.314891        0.128091       -0.004798
     C    5        0.128091        0.089085       -0.060163
     C    5       -0.004798       -0.060163        0.225805

     H    6       -0.153048        0.253171       -0.198972
     H    6        0.253171        0.246530        0.508595
     H    6       -0.198972        0.508595       -0.093482

     H    7       -0.123072       -0.077322        0.003023
     H    7       -0.077322        0.323437       -0.133470
     H    7        0.003023       -0.133470       -0.200364

     C    8       -0.105759       -0.007001       -0.210786
     C    8       -0.007001       -0.262271        0.172163
     C    8       -0.210786        0.172163        0.368030

     H    9        0.259093       -0.168414        0.110656
     H    9       -0.168414       -0.116161       -0.094161
     H    9        0.110656       -0.094161       -0.142932

     C   10       -0.096413       -0.210149       -0.123840
     C   10       -0.210149       -0.066340        0.255818
     C   10       -0.123840        0.255818        0.162752

     C   11        0.150825        0.421777       -0.254294
     C   11        0.421777       -0.063887        0.171827
     C   11       -0.254294        0.171827       -0.086939

     Cl  12        1.334124        1.833307        0.663029
     Cl  12        1.833307       -0.450103       -0.185028
     Cl  12        0.663029       -0.185028       -0.884020

     H   13       -0.115156        0.122996       -0.091559
     H   13        0.122996        0.582040        0.559396
     H   13       -0.091559        0.559396       -0.466884

     C   14        0.097480        0.080251        0.370142
     C   14        0.080251       -0.255779       -0.038511
     C   14        0.370142       -0.038511        0.158299

     H   15        0.578413        0.207539        0.174996
     H   15        0.207539       -0.513115        0.259561
     H   15        0.174996        0.259561       -0.065298

     C   16       -0.220116       -0.334512       -0.090910
     C   16       -0.334512       -0.158385       -0.399147
     C   16       -0.090910       -0.399147        0.378501

     C   17        0.157945       -0.456484       -0.223582
     C   17       -0.456484       -0.220366       -0.181609
     C   17       -0.223582       -0.181609        0.062421

     Cl  18       -0.882300       -1.251990        0.485303
     Cl  18       -1.251990       -1.439832       -0.940113
     Cl  18        0.485303       -0.940113        2.322132

     H   19       -0.060058       -0.149860       -0.160206
     H   19       -0.149860        0.467180       -0.502076
     H   19       -0.160206       -0.502076       -0.407122

     C   20       -0.360680       -0.088437        0.305989
     C   20       -0.088437       -0.100459        0.381559
     C   20        0.305989        0.381559        0.461139

     H   21        0.399331       -0.087160        0.361476
     H   21       -0.087160       -0.177389       -0.408549
     H   21        0.361476       -0.408549       -0.221942

     C   22       -0.257300        0.342767       -0.036124
     C   22        0.342767        0.081234        0.487069
     C   22       -0.036124        0.487069        0.176065

     C   23       -0.145447        0.228775       -0.091643
     C   23        0.228775        0.020045        0.114151
     C   23       -0.091643        0.114151        0.125403

     Cl  24        0.562322        0.552886       -1.483861
     Cl  24        0.552886        0.325625        1.872049
     Cl  24       -1.483861        1.872049       -0.887947

     ----- total EFG (symmetrized) -----
     Cl   1       -0.482047       -1.078195        0.786087
     Cl   1       -1.078195       -0.860638        1.443671
     Cl   1        0.786087        1.443671        1.342686

     C    2       -0.567644       -0.288477        0.210370
     C    2       -0.288477       -0.058194        0.246429
     C    2        0.210370        0.246429        0.625838

     C    3        0.011854       -0.083882       -0.044023
     C    3       -0.083882       -0.279891        0.180225
     C    3       -0.044023        0.180225        0.268037

     H    4        0.238222        0.327792        0.342619
     H    4        0.327792       -0.403656       -0.116173
     H    4        0.342619       -0.116173        0.165435

     C    5       -0.314891        0.128091       -0.004798
     C    5        0.128091        0.089085       -0.060163
     C    5       -0.004798       -0.060163        0.225805

     H    6       -0.153048        0.253171       -0.198972
     H    6        0.253171        0.246530        0.508595
     H    6       -0.198972        0.508595       -0.093482

     H    7       -0.123072       -0.077322        0.003023
     H    7       -0.077322        0.323437       -0.133470
     H    7        0.003023       -0.133470       -0.200364

     C    8       -0.105759       -0.007001       -0.210786
     C    8       -0.007001       -0.262271        0.172163
     C    8       -0.210786        0.172163        0.368030

     H    9        0.259093       -0.168414        0.110656
     H    9       -0.168414       -0.116161       -0.094161
     H    9        0.110656       -0.094161       -0.142932

     C   10       -0.096413       -0.210149       -0.123840
     C   10       -0.210149       -0.066340        0.255818
     C   10       -0.123840        0.255818        0.162752

     C   11        0.150825        0.421777       -0.254294
     C   11        0.421777       -0.063887        0.171827
     C   11       -0.254294        0.171827       -0.086939

     Cl  12        1.334124        1.833307        0.663029
     Cl  12        1.833307       -0.450103       -0.185028
     Cl  12        0.663029       -0.185028       -0.884020

     H   13       -0.115156        0.122996       -0.091559
     H   13        0.122996        0.582040        0.559396
     H   13       -0.091559        0.559396       -0.466884

     C   14        0.097480        0.080251        0.370142
     C   14        0.080251       -0.255779       -0.038511
     C   14        0.370142       -0.038511        0.158299

     H   15        0.578413        0.207539        0.174996
     H   15        0.207539       -0.513115        0.259561
     H   15        0.174996        0.259561       -0.065298

     C   16       -0.220116       -0.334512       -0.090910
     C   16       -0.334512       -0.158385       -0.399147
     C   16       -0.090910       -0.399147        0.378501

     C   17        0.157945       -0.456484       -0.223582
     C   17       -0.456484       -0.220366       -0.181609
     C   17       -0.223582       -0.181609        0.062421

     Cl  18       -0.882300       -1.251990        0.485303
     Cl  18       -1.251990       -1.439832       -0.940113
     Cl  18        0.485303       -0.940113        2.322132

     H   19       -0.060058       -0.149860       -0.160206
     H   19       -0.149860        0.467180       -0.502076
     H   19       -0.160206       -0.502076       -0.407122

     C   20       -0.360680       -0.088437        0.305989
     C   20       -0.088437       -0.100459        0.381559
     C   20        0.305989        0.381559        0.461139

     H   21        0.399331       -0.087160        0.361476
     H   21       -0.087160       -0.177389       -0.408549
     H   21        0.361476       -0.408549       -0.221942

     C   22       -0.257300        0.342767       -0.036124
     C   22        0.342767        0.081234        0.487069
     C   22       -0.036124        0.487069        0.176065

     C   23       -0.145447        0.228775       -0.091643
     C   23        0.228775        0.020045        0.114151
     C   23       -0.091643        0.114151        0.125403

     Cl  24        0.562322        0.552886       -1.483861
     Cl  24        0.552886        0.325625        1.872049
     Cl  24       -1.483861        1.872049       -0.887947


     NQR/NMR SPECTROSCOPIC PARAMETERS:
     Cl   1    Vxx=    0.3745    axis=(  0.823917 -0.547284  0.147107)
     Cl   1    Vyy=    2.0815    axis=( -0.107577 -0.405902 -0.907563)
     Cl   1    Vzz=   -2.4560    axis=(  0.556406  0.731931 -0.393305)
     Cl   1  Q=        -8.1650 1e-30 m^2  Cq=        47.1177 MHz  eta= 0.69504

     C    2    Vxx=    0.0445    axis=(  0.471898 -0.860081  0.193836)
     C    2    Vyy=    0.7162    axis=( -0.096589 -0.268966 -0.958294)
     C    2    Vzz=   -0.7608    axis=(  0.876346  0.433495 -0.209999)
     C    2  Q=         1.0000 1e-30 m^2  Cq=        -1.7875 MHz  eta= 0.88289

     C    3    Vxx=    0.0110    axis=(  0.960504 -0.122004  0.250096)
     C    3    Vyy=    0.3358    axis=(  0.204399 -0.300531 -0.931612)
     C    3    Vzz=   -0.3469    axis=(  0.188822  0.945937 -0.263724)
     C    3  Q=         1.0000 1e-30 m^2  Cq=        -0.8150 MHz  eta= 0.93632

     H    4    Vxx=    0.0434    axis=( -0.437124 -0.512601  0.739029)
     H    4    Vyy=    0.5787    axis=(  0.781384  0.190454  0.594278)
     H    4    Vzz=   -0.6221    axis=( -0.445378  0.837238  0.317286)
     H    4  Q=         1.0000 1e-30 m^2  Cq=        -1.4616 MHz  eta= 0.86059

     C    5    Vxx=    0.0988    axis=(  0.263793  0.867792  0.421130)
     C    5    Vyy=    0.2535    axis=( -0.099968 -0.409648  0.906750)
     C    5    Vzz=   -0.3523    axis=( -0.959385  0.281294  0.021311)
     C    5  Q=         1.0000 1e-30 m^2  Cq=        -0.8279 MHz  eta= 0.43903

     H    6    Vxx=    0.0292    axis=(  0.838033  0.206036 -0.505222)
     H    6    Vyy=    0.6243    axis=( -0.128255 -0.825629 -0.549444)
     H    6    Vzz=   -0.6535    axis=( -0.530331  0.525249 -0.665479)
     H    6  Q=         1.0000 1e-30 m^2  Cq=        -1.5354 MHz  eta= 0.91078

     H    7    Vxx=   -0.1326    axis=(  0.977250  0.113209 -0.179347)
     H    7    Vyy=   -0.2347    axis=(  0.146799  0.249267  0.957244)
     H    7    Vzz=    0.3672    axis=(  0.153074 -0.961795  0.226978)
     H    7  Q=         1.0000 1e-30 m^2  Cq=         0.8629 MHz  eta= 0.27794

     C    8    Vxx=   -0.1648    axis=(  0.901537  0.359765  0.240417)
     C    8    Vyy=   -0.3194    axis=(  0.278879 -0.907929  0.312876)
     C    8    Vzz=    0.4842    axis=( -0.330844  0.215022  0.918862)
     C    8  Q=         1.0000 1e-30 m^2  Cq=         1.1377 MHz  eta= 0.31946

     H    9    Vxx=   -0.1339    axis=( -0.442048 -0.584562  0.680354)
     H    9    Vyy=   -0.2272    axis=(  0.095075  0.723677  0.683559)
     H    9    Vzz=    0.3612    axis=(  0.891938 -0.366851  0.264323)
     H    9  Q=         1.0000 1e-30 m^2  Cq=         0.8486 MHz  eta= 0.25834

     C   10    Vxx=   -0.1088    axis=( -0.701611  0.330529 -0.631263)
     C   10    Vyy=   -0.3146    axis=( -0.591067 -0.764749  0.256513)
     C   10    Vzz=    0.4234    axis=( -0.397973  0.553091  0.731921)
     C   10  Q=         1.0000 1e-30 m^2  Cq=         0.9948 MHz  eta= 0.48591

     C   11    Vxx=    0.0735    axis=( -0.165394  0.531267  0.830903)
     C   11    Vyy=    0.4973    axis=( -0.811867 -0.551672  0.191126)
     C   11    Vzz=   -0.5708    axis=(  0.559925 -0.642972  0.522562)
     C   11  Q=         1.0000 1e-30 m^2  Cq=        -1.3412 MHz  eta= 0.74233

     Cl  12    Vxx=   -0.6726    axis=( -0.145110  0.473105 -0.868974)
     Cl  12    Vyy=   -1.8722    axis=( -0.508680  0.717634  0.475654)
     Cl  12    Vzz=    2.5448    axis=(  0.848639  0.511052  0.136523)
     Cl  12  Q=        -8.1650 1e-30 m^2  Cq=       -48.8209 MHz  eta= 0.47142

     H   13    Vxx=   -0.0929    axis=(  0.974302  0.008988 -0.225068)
     H   13    Vyy=   -0.7378    axis=( -0.209960  0.398065 -0.893007)
     H   13    Vzz=    0.8306    axis=(  0.081565  0.917313  0.389722)
     H   13  Q=         1.0000 1e-30 m^2  Cq=         1.9517 MHz  eta= 0.77639

     C   14    Vxx=   -0.1648    axis=( -0.521713 -0.678765  0.516811)
     C   14    Vyy=   -0.3354    axis=(  0.515107 -0.733527 -0.443399)
     C   14    Vzz=    0.5002    axis=(  0.680059  0.034886  0.732327)
     C   14  Q=         1.0000 1e-30 m^2  Cq=         1.1752 MHz  eta= 0.34115

     H   15    Vxx=   -0.0404    axis=(  0.356589 -0.324490 -0.876100)
     H   15    Vyy=   -0.6438    axis=(  0.101381 -0.918769  0.381558)
     H   15    Vzz=    0.6842    axis=( -0.928744 -0.224879 -0.294726)
     H   15  Q=         1.0000 1e-30 m^2  Cq=         1.6076 MHz  eta= 0.88194

     C   16    Vxx=    0.0442    axis=(  0.770921 -0.502923 -0.390831)
     C   16    Vyy=    0.5995    axis=( -0.108970  0.500425 -0.858895)
     C   16    Vzz=   -0.6437    axis=(  0.627540  0.704729  0.330985)
     C   16  Q=         1.0000 1e-30 m^2  Cq=        -1.5125 MHz  eta= 0.86268

     C   17    Vxx=    0.1512    axis=(  0.000729 -0.439855  0.898068)
     C   17    Vyy=    0.4838    axis=(  0.841871 -0.484398 -0.237931)
     C   17    Vzz=   -0.6350    axis=(  0.539678  0.756231  0.369949)
     C   17  Q=         1.0000 1e-30 m^2  Cq=        -1.4919 MHz  eta= 0.52380

     Cl  18    Vxx=   -0.2326    axis=( -0.772660  0.534000  0.343278)
     Cl  18    Vyy=   -2.4852    axis=(  0.594462  0.798359  0.096113)
     Cl  18    Vzz=    2.7179    axis=(  0.222734 -0.278329  0.934303)
     Cl  18  Q=        -8.1650 1e-30 m^2  Cq=       -52.1413 MHz  eta= 0.82881

     H   19    Vxx=    0.0008    axis=(  0.946247 -0.041298 -0.320798)
     H   19    Vyy=    0.7025    axis=( -0.095432  0.912015 -0.398899)
     H   19    Vzz=   -0.7033    axis=(  0.309047  0.408072  0.859050)
     H   19  Q=         1.0000 1e-30 m^2  Cq=        -1.6524 MHz  eta= 0.99774

     C   20    Vxx=   -0.1341    axis=(  0.582949 -0.786375  0.204415)
     C   20    Vyy=   -0.5732    axis=(  0.781485  0.473799 -0.405950)
     C   20    Vzz=    0.7073    axis=(  0.222377  0.396395  0.890741)
     C   20  Q=         1.0000 1e-30 m^2  Cq=         1.6619 MHz  eta= 0.62087

     H   21    Vxx=    0.0008    axis=(  0.546987  0.718314 -0.429918)
     H   21    Vyy=    0.6517    axis=(  0.810314 -0.325337  0.487388)
     H   21    Vzz=   -0.6525    axis=(  0.210229 -0.614963 -0.760016)
     H   21  Q=         1.0000 1e-30 m^2  Cq=        -1.5331 MHz  eta= 0.99767

     C   22    Vxx=   -0.0606    axis=( -0.716324 -0.347236  0.605233)
     C   22    Vyy=   -0.6062    axis=( -0.657806  0.625380 -0.419751)
     C   22    Vzz=    0.6668    axis=( -0.232748 -0.698803 -0.676389)
     C   22  Q=         1.0000 1e-30 m^2  Cq=         1.5668 MHz  eta= 0.81818

     C   23    Vxx=    0.1343    axis=(  0.560113  0.392752 -0.729397)
     C   23    Vyy=    0.2137    axis=( -0.302045 -0.723041 -0.621273)
     C   23    Vzz=   -0.3480    axis=(  0.771390 -0.568294  0.286356)
     C   23  Q=         1.0000 1e-30 m^2  Cq=        -0.8177 MHz  eta= 0.22812

     Cl  24    Vxx=    1.0092    axis=( -0.787278 -0.616554  0.007375)
     Cl  24    Vyy=    1.9148    axis=(  0.465494 -0.602147 -0.648640)
     Cl  24    Vzz=   -2.9240    axis=(  0.404363 -0.507227  0.761060)
     Cl  24  Q=        -8.1650 1e-30 m^2  Cq=        56.0958 MHz  eta= 0.30971

     Initialization:
     gipaw_setup  :      9.48s CPU     11.73s WALL (       1 calls)

     Linear response

     Apply operators

     Induced current

     Other routines
     efg          :      9.38s CPU     12.32s WALL (       1 calls)

     General routines
     calbec       :      3.18s CPU      4.37s WALL (      16 calls)
     fft          :      1.37s CPU      1.57s WALL (      15 calls)
     ffts         :      0.04s CPU      0.05s WALL (       2 calls)
     fftw         :      3.30s CPU      4.05s WALL (     672 calls)
     davcio       :      0.06s CPU      0.33s WALL (      32 calls)

     Parallel routines
     fft_scatter  :      1.99s CPU      2.65s WALL (     689 calls)

     Plugins

     GIPAW        :     61.19s CPU     78.41s WALL (       1 calls)
