
     Program QE v.6.0 (svn rev. 13079) starts on 14Jan2017 at 14: 8:36 

     This program is part of the open-source Quantum ESPRESSO suite
     for quantum simulation of materials; please cite
         "P. Giannozzi et al., J. Phys.:Condens. Matter 21 395502 (2009);
          URL http://www.quantum-espresso.org", 
     in publications or presentations arising from this work. More details at
     http://www.quantum-espresso.org/quote

     Parallel version (MPI), running on     8 processors
     R & G space division:  proc/nbgrp/npool/nimage =       8

     ***** This is GIPAW svn revision unknown      *****

     Parallelizing q-star over 1 images

     Reading data from directory:
     /users/majewski/paradichlorobenzene/pbe/9_constraint/scratch/pbe.ecut100.np8.dt60.pcl2phi-129368.save
     Message from routine read_xml_file:
     file /users/majewski/paradichlorobenzene/pbe/9_constraint/scratch/pbe.ecut100.np8.dt60.pcl2phi-129368.save not guaranteed to be safe for post-processing

   Info: using nr1, nr2, nr3 values from input

   Info: using nr1, nr2, nr3 values from input

     IMPORTANT: XC functional enforced from input :
     Exchange-correlation      =  SLA  PW   PBX  PBC ( 1  4  3  4 0 0)
     Any further DFT definition will be discarded
     Please, verify this is what you really want

               file C.pbe-n-kjpaw_psl.1.0.0.UPF: wavefunction(s)  2S 2P renormalized
               file Cl.pbe-n-kjpaw_psl.1.0.0.UPF: wavefunction(s)  3S 3P renormalized
               file H.pbe-kjpaw_psl.1.0.0.UPF: wavefunction(s)  1S renormalized

     Parallelization info
     --------------------
     sticks:   dense  smooth     PW     G-vecs:    dense   smooth      PW
     Min        3057    1223    332               144436    36536    5170
     Max        3059    1225    333               144437    36537    5171
     Sum       24467    9791   2657              1155489   292295   41363


     Subspace diagonalization in iterative solution of the eigenvalue problem:
     a serial algorithm will be used

     GIPAW projectors -----------------------------------------------
     atom=  C    l=0  rc=    1.2000  rs=    0.8000
     atom=  C    l=0  rc=    1.2000  rs=    0.8000
     atom=  C    l=1  rc=    1.4000  rs=    0.9333
     atom=  C    l=1  rc=    1.4000  rs=    0.9333
     projs nearly linearly dependent: l=1  n1,n2= 1, 2  s=  0.99951561

     atom=  Cl   l=0  rc=    1.6000  rs=    1.0667
     atom=  Cl   l=0  rc=    1.6000  rs=    1.0667
     atom=  Cl   l=1  rc=    1.6000  rs=    1.0667
     atom=  Cl   l=1  rc=    1.6000  rs=    1.0667
     atom=  Cl   l=2  rc=    1.6000  rs=    1.0667
     atom=  Cl   l=2  rc=    1.6000  rs=    1.0667
     projs nearly linearly dependent: l=2  n1,n2= 1, 2  s=  0.99993509

     atom=  H    l=0  rc=    1.0000  rs=    0.6667
     atom=  H    l=0  rc=    1.0000  rs=    0.6667
     projs nearly linearly dependent: l=0  n1,n2= 1, 2  s=  0.99968852
     -----------------------------------------------------------------

     GIPAW integrals: -------------------------------------------
     Atom  i/j   nmr_para   nmr_dia   epr_rmc  epr_para   epr_dia
       C   1 1   0.83E+03  0.17E-01  0.93E+01  0.24E+08  0.24E+03
       C   2 1   0.86E+03 -0.61E-01  0.94E+01  0.25E+08  0.25E+03
       C   2 2   0.90E+03 -0.15E+00  0.97E+01  0.26E+08  0.26E+03
       C   3 3   0.33E+01  0.34E+00  0.18E+01  0.55E+03  0.21E+02
       C   4 3   0.35E+01  0.37E+00  0.20E+01  0.59E+03  0.22E+02
       C   4 4   0.38E+01  0.39E+00  0.22E+01  0.63E+03  0.24E+02
       Cl  1 1   0.14E+04 -0.47E+00  0.84E+01  0.32E+09  0.42E+03
       Cl  2 1   0.21E+04 -0.37E+00  0.12E+02  0.49E+09  0.65E+03
       Cl  2 2   0.33E+04 -0.16E+00  0.21E+02  0.76E+09  0.10E+04
       Cl  3 3   0.21E+02  0.79E-01  0.89E+01  0.23E+05  0.13E+03
       Cl  4 3   0.24E+02  0.67E-01  0.99E+01  0.27E+05  0.15E+03
       Cl  4 4   0.28E+02  0.44E-01  0.11E+02  0.32E+05  0.18E+03
       Cl  5 5   0.77E+00  0.19E+00  0.18E+01  0.12E+03  0.22E+02
       Cl  6 5   0.80E+00  0.19E+00  0.19E+01  0.12E+03  0.23E+02
       Cl  6 6   0.83E+00  0.20E+00  0.19E+01  0.12E+03  0.23E+02
       H   1 1   0.39E+02  0.19E+00  0.29E+00  0.78E+05  0.13E+02
       H   2 1   0.41E+02  0.21E+00  0.32E+00  0.82E+05  0.14E+02
       H   2 2   0.43E+02  0.22E+00  0.36E+00  0.86E+05  0.15E+02
     ------------------------------------------------------------

     alpha_pv=     34.1861 eV

     Number of occupied bands for each k-point:
     k-point:     1    nbnd_occ=  42
     k-point:     2    nbnd_occ=  42
     k-point:     3    nbnd_occ=  42
     k-point:     4    nbnd_occ=  42
     k-point:     5    nbnd_occ=  42
     k-point:     6    nbnd_occ=  42
     k-point:     7    nbnd_occ=  42
     k-point:     8    nbnd_occ=  42
     k-point:     9    nbnd_occ=  42
     k-point:    10    nbnd_occ=  42
     k-point:    11    nbnd_occ=  42
     k-point:    12    nbnd_occ=  42
     k-point:    13    nbnd_occ=  42
     k-point:    14    nbnd_occ=  42
     k-point:    15    nbnd_occ=  42
     k-point:    16    nbnd_occ=  42


     q-space interpolation up to   110.00 Rydberg

     GIPAW job: efg                                                                             


     ELECTRIC FIELD GRADIENTS TENSORS IN Hartree/bohrradius^2:

     ----- bare term -----
     Cl   1       -0.042507        0.053822       -0.069959
     Cl   1        0.053822       -0.033519       -0.030945
     Cl   1       -0.069959       -0.030945        0.076027

     C    2       -0.152629        0.053999       -0.449505
     C    2        0.053999       -0.138347       -0.510769
     C    2       -0.449505       -0.510769        0.290976

     C    3       -0.239061        0.274687       -0.287511
     C    3        0.274687       -0.190610       -0.533339
     C    3       -0.287511       -0.533339        0.429671

     H    4       -0.030698       -0.005177       -0.536782
     H    4       -0.005177        0.230828        0.189600
     H    4       -0.536782        0.189600       -0.200130

     C    5       -0.379200        0.228732       -0.357798
     C    5        0.228732       -0.056111       -0.396839
     C    5       -0.357798       -0.396839        0.435311

     H    6        0.323241       -0.154478       -0.086968
     H    6       -0.154478       -0.477130       -0.491527
     H    6       -0.086968       -0.491527        0.153889

     H    7        0.537254        0.021737        0.014270
     H    7        0.021737       -0.025573        0.283070
     H    7        0.014270        0.283070       -0.511681

     C    8       -0.480991       -0.321078       -0.306502
     C    8       -0.321078        0.129888        0.412358
     C    8       -0.306502        0.412358        0.351103

     H    9        0.081211        0.060277       -0.429420
     H    9        0.060277        0.256186       -0.244430
     H    9       -0.429420       -0.244430       -0.337397

     C   10       -0.111854       -0.346998       -0.237918
     C   10       -0.346998       -0.204884        0.600061
     C   10       -0.237918        0.600061        0.316739

     C   11       -0.308101       -0.143754       -0.418384
     C   11       -0.143754        0.034590        0.408497
     C   11       -0.418384        0.408497        0.273511

     Cl  12       -0.012551        0.001268        0.000894
     Cl  12        0.001268        0.022575       -0.039284
     Cl  12        0.000894       -0.039284       -0.010024

     H   13        0.447319       -0.180877        0.017505
     H   13       -0.180877       -0.648957       -0.129966
     H   13        0.017505       -0.129966        0.201638

     C   14       -0.363123        0.345295       -0.379092
     C   14        0.345295       -0.140498       -0.307345
     C   14       -0.379092       -0.307345        0.503621

     H   15       -0.512242       -0.247849       -0.428302
     H   15       -0.247849        0.315423       -0.178952
     H   15       -0.428302       -0.178952        0.196819

     C   16       -0.241829        0.255185       -0.289112
     C   16        0.255185       -0.171297       -0.481045
     C   16       -0.289112       -0.481045        0.413126

     C   17       -0.129148        0.052991       -0.463161
     C   17        0.052991       -0.214050       -0.526761
     C   17       -0.463161       -0.526761        0.343198

     Cl  18       -0.068544        0.043702       -0.070525
     Cl  18        0.043702       -0.044362       -0.045493
     Cl  18       -0.070525       -0.045493        0.112906

     H   19        0.410133       -0.016555        0.194472
     H   19       -0.016555       -0.058089        0.489995
     H   19        0.194472        0.489995       -0.352044

     C   20       -0.305976       -0.246277       -0.266371
     C   20       -0.246277       -0.225860        0.425753
     C   20       -0.266371        0.425753        0.531836

     H   21        0.126897        0.052815       -0.395830
     H   21        0.052815        0.361032       -0.187407
     H   21       -0.395830       -0.187407       -0.487929

     C   22       -0.417262       -0.283215       -0.335094
     C   22       -0.283215       -0.140206        0.308762
     C   22       -0.335094        0.308762        0.557468

     C   23       -0.101611       -0.191820       -0.265639
     C   23       -0.191820       -0.202443        0.514272
     C   23       -0.265639        0.514272        0.304054

     Cl  24       -0.034230       -0.007729       -0.063854
     Cl  24       -0.007729        0.036790        0.088813
     Cl  24       -0.063854        0.088813       -0.002559

     ----- ionic term -----
     Cl   1        0.145092       -0.217805        0.013138
     Cl   1       -0.217805        0.006049        0.000935
     Cl   1        0.013138        0.000935       -0.151141

     C    2        0.236859       -0.185265        0.288686
     C    2       -0.185265        0.074665        0.392276
     C    2        0.288686        0.392276       -0.311524

     C    3        0.095105       -0.275890        0.271155
     C    3       -0.275890        0.158916        0.332374
     C    3        0.271155        0.332374       -0.254022

     H    4        0.528129        0.114317        0.763376
     H    4        0.114317       -0.500400        0.161675
     H    4        0.763376        0.161675       -0.027729

     C    5        0.184685       -0.178321        0.379165
     C    5       -0.178321        0.084277        0.259820
     C    5        0.379165        0.259820       -0.268962

     H    6       -0.520185        0.153863        0.109548
     H    6        0.153863        0.684437        0.669215
     H    6        0.109548        0.669215       -0.164252

     H    7       -0.521563       -0.080655        0.082956
     H    7       -0.080655        0.504003       -0.773309
     H    7        0.082956       -0.773309        0.017560

     C    8        0.235155        0.274653        0.220222
     C    8        0.274653       -0.040726       -0.304025
     C    8        0.220222       -0.304025       -0.194430

     H    9        0.346815       -0.067990        0.809926
     H    9       -0.067990       -0.531726       -0.144226
     H    9        0.809926       -0.144226        0.184911

     C   10        0.116531        0.315672        0.165753
     C   10        0.315672        0.071599       -0.398955
     C   10        0.165753       -0.398955       -0.188130

     C   11        0.130951        0.241399        0.287205
     C   11        0.241399        0.025856       -0.399467
     C   11        0.287205       -0.399467       -0.156807

     Cl  12        0.134669        0.219503        0.003112
     Cl  12        0.219503        0.000753       -0.006034
     Cl  12        0.003112       -0.006034       -0.135422

     H   13       -0.488146        0.057487        0.034144
     H   13        0.057487        0.845862        0.558008
     H   13        0.034144        0.558008       -0.357715

     C   14        0.315843       -0.256079        0.314077
     C   14       -0.256079        0.125195        0.224613
     C   14        0.314077        0.224613       -0.441038

     H   15        0.654972        0.327965        0.652086
     H   15        0.327965       -0.396920        0.225638
     H   15        0.652086        0.225638       -0.258053

     C   16        0.175207       -0.243431        0.262206
     C   16       -0.243431        0.259787        0.308232
     C   16        0.262206        0.308232       -0.434994

     C   17        0.105327       -0.130670        0.395170
     C   17       -0.130670        0.187801        0.325004
     C   17        0.395170        0.325004       -0.293127

     Cl  18        0.106396       -0.188707        0.061038
     Cl  18       -0.188707        0.032795       -0.034201
     Cl  18        0.061038       -0.034201       -0.139191

     H   19       -0.519011        0.042767        0.000661
     H   19        0.042767        0.572476       -0.753101
     H   19        0.000661       -0.753101       -0.053465

     C   20        0.236599        0.304313        0.295465
     C   20        0.304313       -0.023457       -0.275771
     C   20        0.295465       -0.275771       -0.213141

     H   21        0.369271       -0.013043        0.848948
     H   21       -0.013043       -0.558674       -0.091941
     H   21        0.848948       -0.091941        0.189403

     C   22        0.146147        0.382809        0.211891
     C   22        0.382809        0.008975       -0.304076
     C   22        0.211891       -0.304076       -0.155122

     C   23        0.104218        0.296564        0.252621
     C   23        0.296564        0.027824       -0.322804
     C   23        0.252621       -0.322804       -0.132043

     Cl  24        0.085099        0.209014        0.020286
     Cl  24        0.209014        0.047469        0.011919
     Cl  24        0.020286        0.011919       -0.132568

     ----- GIPAW term -----
     Cl   1        1.188577       -2.023830       -0.529230
     Cl   1       -2.023830       -0.108832       -0.251511
     Cl   1       -0.529230       -0.251511       -1.079745

     C    2        0.049218       -0.095522       -0.120376
     C    2       -0.095522       -0.021563       -0.114292
     C    2       -0.120376       -0.114292       -0.027655

     C    3       -0.116312        0.047583       -0.098713
     C    3        0.047583       -0.033790       -0.162660
     C    3       -0.098713       -0.162660        0.150102

     H    4       -0.000000        0.000000        0.000000
     H    4        0.000000        0.000000        0.000000
     H    4        0.000000        0.000000        0.000000

     C    5       -0.045880        0.037639       -0.056758
     C    5        0.037639       -0.027148       -0.082583
     C    5       -0.056758       -0.082583        0.073028

     H    6       -0.000000        0.000000        0.000000
     H    6        0.000000        0.000000        0.000000
     H    6        0.000000        0.000000        0.000000

     H    7       -0.000000        0.000000        0.000000
     H    7        0.000000        0.000000        0.000000
     H    7        0.000000        0.000000        0.000000

     C    8       -0.148828       -0.098553       -0.094777
     C    8       -0.098553        0.049429        0.215901
     C    8       -0.094777        0.215901        0.099399

     H    9       -0.000000        0.000000        0.000000
     H    9        0.000000        0.000000        0.000000
     H    9        0.000000        0.000000        0.000000

     C   10       -0.066056       -0.098800       -0.081858
     C   10       -0.098800        0.035625        0.170741
     C   10       -0.081858        0.170741        0.030431

     C   11        0.004709        0.059649       -0.076180
     C   11        0.059649        0.078323        0.056576
     C   11       -0.076180        0.056576       -0.083032

     Cl  12        1.282982        2.206738       -0.008481
     Cl  12        2.206738        0.291672       -0.296208
     Cl  12       -0.008481       -0.296208       -1.574654

     H   13       -0.000000        0.000000        0.000000
     H   13        0.000000        0.000000        0.000000
     H   13        0.000000        0.000000        0.000000

     C   14       -0.010340        0.064477       -0.130577
     C   14        0.064477       -0.085747       -0.055009
     C   14       -0.130577       -0.055009        0.096087

     H   15       -0.000000        0.000000        0.000000
     H   15        0.000000        0.000000        0.000000
     H   15        0.000000        0.000000        0.000000

     C   16       -0.062683        0.028499       -0.067239
     C   16        0.028499       -0.010302       -0.077835
     C   16       -0.067239       -0.077835        0.072985

     C   17        0.024567       -0.085773       -0.146233
     C   17       -0.085773       -0.064739       -0.135665
     C   17       -0.146233       -0.135665        0.040172

     Cl  18       -0.576334       -1.187143       -0.793669
     Cl  18       -1.187143       -0.697631       -1.753327
     Cl  18       -0.793669       -1.753327        1.273965

     H   19       -0.000000        0.000000        0.000000
     H   19        0.000000        0.000000        0.000000
     H   19        0.000000        0.000000        0.000000

     C   20       -0.105061       -0.039502       -0.069088
     C   20       -0.039502       -0.151007        0.122383
     C   20       -0.069088        0.122383        0.256068

     H   21       -0.000000        0.000000        0.000000
     H   21        0.000000        0.000000        0.000000
     H   21        0.000000        0.000000        0.000000

     C   22       -0.184252       -0.027648       -0.125526
     C   22       -0.027648       -0.102283        0.048860
     C   22       -0.125526        0.048860        0.286534

     C   23        0.101863        0.068716       -0.042100
     C   23        0.068716       -0.039997        0.078630
     C   23       -0.042100        0.078630       -0.061866

     Cl  24        1.004839        2.042247       -0.438652
     Cl  24        2.042247        0.466243        0.777117
     Cl  24       -0.438652        0.777117       -1.471083

     ----- total EFG -----
     Cl   1        1.291161       -2.187813       -0.586052
     Cl   1       -2.187813       -0.136302       -0.281520
     Cl   1       -0.586052       -0.281520       -1.154859

     C    2        0.133448       -0.226788       -0.281195
     C    2       -0.226788       -0.085245       -0.232785
     C    2       -0.281195       -0.232785       -0.048203

     C    3       -0.260267        0.046380       -0.115069
     C    3        0.046380       -0.065484       -0.363624
     C    3       -0.115069       -0.363624        0.325752

     H    4        0.497431        0.109140        0.226594
     H    4        0.109140       -0.269572        0.351275
     H    4        0.226594        0.351275       -0.227858

     C    5       -0.240395        0.088051       -0.035390
     C    5        0.088051        0.001018       -0.219601
     C    5       -0.035390       -0.219601        0.239377

     H    6       -0.196944       -0.000615        0.022580
     H    6       -0.000615        0.207307        0.177688
     H    6        0.022580        0.177688       -0.010362

     H    7        0.015691       -0.058918        0.097226
     H    7       -0.058918        0.478430       -0.490239
     H    7        0.097226       -0.490239       -0.494121

     C    8       -0.394663       -0.144979       -0.181057
     C    8       -0.144979        0.138591        0.324234
     C    8       -0.181057        0.324234        0.256072

     H    9        0.428027       -0.007713        0.380505
     H    9       -0.007713       -0.275540       -0.388656
     H    9        0.380505       -0.388656       -0.152486

     C   10       -0.061379       -0.130126       -0.154023
     C   10       -0.130126       -0.097660        0.371847
     C   10       -0.154023        0.371847        0.159040

     C   11       -0.172442        0.157294       -0.207359
     C   11        0.157294        0.138769        0.065605
     C   11       -0.207359        0.065605        0.033672

     Cl  12        1.405100        2.427508       -0.004475
     Cl  12        2.427508        0.315000       -0.341527
     Cl  12       -0.004475       -0.341527       -1.720099

     H   13       -0.040828       -0.123391        0.051649
     H   13       -0.123391        0.196905        0.428041
     H   13        0.051649        0.428041       -0.156077

     C   14       -0.057620        0.153693       -0.195592
     C   14        0.153693       -0.101050       -0.137741
     C   14       -0.195592       -0.137741        0.158670

     H   15        0.142730        0.080116        0.223784
     H   15        0.080116       -0.081497        0.046686
     H   15        0.223784        0.046686       -0.061234

     C   16       -0.129305        0.040253       -0.094145
     C   16        0.040253        0.078188       -0.250649
     C   16       -0.094145       -0.250649        0.051117

     C   17        0.000746       -0.163452       -0.214223
     C   17       -0.163452       -0.090988       -0.337421
     C   17       -0.214223       -0.337421        0.090242

     Cl  18       -0.538482       -1.332148       -0.803156
     Cl  18       -1.332148       -0.709198       -1.833021
     Cl  18       -0.803156       -1.833021        1.247680

     H   19       -0.108878        0.026212        0.195132
     H   19        0.026212        0.514387       -0.263106
     H   19        0.195132       -0.263106       -0.405509

     C   20       -0.174439        0.018534       -0.039995
     C   20        0.018534       -0.400323        0.272365
     C   20       -0.039995        0.272365        0.574762

     H   21        0.496168        0.039772        0.453118
     H   21        0.039772       -0.197642       -0.279348
     H   21        0.453118       -0.279348       -0.298526

     C   22       -0.455366        0.071946       -0.248728
     C   22        0.071946       -0.233514        0.053546
     C   22       -0.248728        0.053546        0.688881

     C   23        0.104469        0.173460       -0.055118
     C   23        0.173460       -0.214615        0.270098
     C   23       -0.055118        0.270098        0.110146

     Cl  24        1.055708        2.243532       -0.482221
     Cl  24        2.243532        0.550502        0.877849
     Cl  24       -0.482221        0.877849       -1.606210

     ----- total EFG (symmetrized) -----
     Cl   1        1.291161       -2.187813       -0.586052
     Cl   1       -2.187813       -0.136302       -0.281520
     Cl   1       -0.586052       -0.281520       -1.154859

     C    2        0.133448       -0.226788       -0.281195
     C    2       -0.226788       -0.085245       -0.232785
     C    2       -0.281195       -0.232785       -0.048203

     C    3       -0.260267        0.046380       -0.115069
     C    3        0.046380       -0.065484       -0.363624
     C    3       -0.115069       -0.363624        0.325752

     H    4        0.497431        0.109140        0.226594
     H    4        0.109140       -0.269572        0.351275
     H    4        0.226594        0.351275       -0.227858

     C    5       -0.240395        0.088051       -0.035390
     C    5        0.088051        0.001018       -0.219601
     C    5       -0.035390       -0.219601        0.239377

     H    6       -0.196944       -0.000615        0.022580
     H    6       -0.000615        0.207307        0.177688
     H    6        0.022580        0.177688       -0.010362

     H    7        0.015691       -0.058918        0.097226
     H    7       -0.058918        0.478430       -0.490239
     H    7        0.097226       -0.490239       -0.494121

     C    8       -0.394663       -0.144979       -0.181057
     C    8       -0.144979        0.138591        0.324234
     C    8       -0.181057        0.324234        0.256072

     H    9        0.428027       -0.007713        0.380505
     H    9       -0.007713       -0.275540       -0.388656
     H    9        0.380505       -0.388656       -0.152486

     C   10       -0.061379       -0.130126       -0.154023
     C   10       -0.130126       -0.097660        0.371847
     C   10       -0.154023        0.371847        0.159040

     C   11       -0.172442        0.157294       -0.207359
     C   11        0.157294        0.138769        0.065605
     C   11       -0.207359        0.065605        0.033672

     Cl  12        1.405100        2.427508       -0.004475
     Cl  12        2.427508        0.315000       -0.341527
     Cl  12       -0.004475       -0.341527       -1.720099

     H   13       -0.040828       -0.123391        0.051649
     H   13       -0.123391        0.196905        0.428041
     H   13        0.051649        0.428041       -0.156077

     C   14       -0.057620        0.153693       -0.195592
     C   14        0.153693       -0.101050       -0.137741
     C   14       -0.195592       -0.137741        0.158670

     H   15        0.142730        0.080116        0.223784
     H   15        0.080116       -0.081497        0.046686
     H   15        0.223784        0.046686       -0.061234

     C   16       -0.129305        0.040253       -0.094145
     C   16        0.040253        0.078188       -0.250649
     C   16       -0.094145       -0.250649        0.051117

     C   17        0.000746       -0.163452       -0.214223
     C   17       -0.163452       -0.090988       -0.337421
     C   17       -0.214223       -0.337421        0.090242

     Cl  18       -0.538482       -1.332148       -0.803156
     Cl  18       -1.332148       -0.709198       -1.833021
     Cl  18       -0.803156       -1.833021        1.247680

     H   19       -0.108878        0.026212        0.195132
     H   19        0.026212        0.514387       -0.263106
     H   19        0.195132       -0.263106       -0.405509

     C   20       -0.174439        0.018534       -0.039995
     C   20        0.018534       -0.400323        0.272365
     C   20       -0.039995        0.272365        0.574762

     H   21        0.496168        0.039772        0.453118
     H   21        0.039772       -0.197642       -0.279348
     H   21        0.453118       -0.279348       -0.298526

     C   22       -0.455366        0.071946       -0.248728
     C   22        0.071946       -0.233514        0.053546
     C   22       -0.248728        0.053546        0.688881

     C   23        0.104469        0.173460       -0.055118
     C   23        0.173460       -0.214615        0.270098
     C   23       -0.055118        0.270098        0.110146

     Cl  24        1.055708        2.243532       -0.482221
     Cl  24        2.243532        0.550502        0.877849
     Cl  24       -0.482221        0.877849       -1.606210


     NQR/NMR SPECTROSCOPIC PARAMETERS:
     Cl   1    Vxx=   -0.8190    axis=( -0.256037 -0.472808  0.843148)
     Cl   1    Vyy=   -2.0836    axis=( -0.523696 -0.665290 -0.532101)
     Cl   1    Vzz=    2.9027    axis=( -0.812519  0.577790  0.077268)
     Cl   1  Q=        -8.1650 1e-30 m^2  Cq=       -55.6862 MHz  eta= 0.43567

     C    2    Vxx=    0.1560    axis=(  0.198147 -0.770663  0.605654)
     C    2    Vyy=    0.3464    axis=(  0.847731 -0.175433 -0.500575)
     C    2    Vzz=   -0.5024    axis=( -0.492026 -0.612619 -0.618553)
     C    2  Q=         1.0000 1e-30 m^2  Cq=        -1.1805 MHz  eta= 0.37899

     C    3    Vxx=   -0.2615    axis=(  0.736668 -0.630025 -0.245743)
     C    3    Vyy=   -0.2998    axis=(  0.659945  0.590428  0.464615)
     C    3    Vzz=    0.5613    axis=( -0.147625 -0.504444  0.850731)
     C    3  Q=         1.0000 1e-30 m^2  Cq=         1.3189 MHz  eta= 0.06812

     H    4    Vxx=   -0.0083    axis=(  0.421096 -0.660268 -0.621871)
     H    4    Vyy=   -0.6063    axis=( -0.074067 -0.708365  0.701949)
     H    4    Vzz=    0.6146    axis=( -0.903987 -0.249528 -0.347194)
     H    4  Q=         1.0000 1e-30 m^2  Cq=         1.4440 MHz  eta= 0.97289

     C    5    Vxx=   -0.1069    axis=(  0.367393  0.767979  0.524624)
     C    5    Vyy=   -0.2725    axis=( -0.922018  0.374787  0.097050)
     C    5    Vzz=    0.3793    axis=( -0.122090 -0.519368  0.845784)
     C    5  Q=         1.0000 1e-30 m^2  Cq=         0.8913 MHz  eta= 0.43652

     H    6    Vxx=   -0.1055    axis=(  0.213139 -0.482212  0.849731)
     H    6    Vyy=   -0.2015    axis=( -0.976799 -0.086597  0.195869)
     H    6    Vzz=    0.3071    axis=( -0.020866 -0.871764 -0.489482)
     H    6  Q=         1.0000 1e-30 m^2  Cq=         0.7215 MHz  eta= 0.31262

     H    7    Vxx=    0.0095    axis=(  0.986492  0.160114  0.034583)
     H    7    Vyy=    0.6951    axis=( -0.134489  0.912205 -0.387033)
     H    7    Vzz=   -0.7047    axis=( -0.093516  0.377155  0.921417)
     H    7  Q=         1.0000 1e-30 m^2  Cq=        -1.6557 MHz  eta= 0.97293

     C    8    Vxx=   -0.1321    axis=(  0.013880  0.770598 -0.637171)
     C    8    Vyy=   -0.4498    axis=( -0.972844 -0.136836 -0.186682)
     C    8    Vzz=    0.5819    axis=( -0.231045  0.622459  0.747772)
     C    8  Q=         1.0000 1e-30 m^2  Cq=         1.3673 MHz  eta= 0.54593

     H    9    Vxx=    0.0103    axis=(  0.489225  0.697966 -0.522975)
     H    9    Vyy=    0.6559    axis=( -0.839740  0.214998 -0.498610)
     H    9    Vzz=   -0.6662    axis=( -0.235574  0.683095  0.691293)
     H    9  Q=         1.0000 1e-30 m^2  Cq=        -1.5653 MHz  eta= 0.96918

     C   10    Vxx=   -0.1327    axis=(  0.938459  0.141515  0.315069)
     C   10    Vyy=   -0.3638    axis=(  0.065832  0.822198 -0.565382)
     C   10    Vzz=    0.4965    axis=( -0.339059  0.551329  0.762283)
     C   10  Q=         1.0000 1e-30 m^2  Cq=         1.1666 MHz  eta= 0.46540

     C   11    Vxx=    0.1484    axis=( -0.321014  0.446342  0.835302)
     C   11    Vyy=    0.2097    axis=( -0.484817 -0.835102  0.259916)
     C   11    Vzz=   -0.3581    axis=(  0.813574 -0.321531  0.484474)
     C   11  Q=         1.0000 1e-30 m^2  Cq=        -0.8414 MHz  eta= 0.17104

     Cl  12    Vxx=   -1.4102    axis=( -0.504428  0.583838 -0.636150)
     Cl  12    Vyy=   -1.9471    axis=( -0.373283  0.516892  0.770378)
     Cl  12    Vzz=    3.3573    axis=(  0.778596  0.626064 -0.042798)
     Cl  12  Q=        -8.1650 1e-30 m^2  Cq=       -64.4079 MHz  eta= 0.15991

     H   13    Vxx=   -0.0220    axis=(  0.957087 -0.025062  0.288715)
     H   13    Vyy=   -0.4718    axis=(  0.253661  0.554226 -0.792773)
     H   13    Vzz=    0.4939    axis=( -0.140145  0.831989  0.536800)
     H   13  Q=         1.0000 1e-30 m^2  Cq=         1.1604 MHz  eta= 0.91084

     C   14    Vxx=   -0.1221    axis=(  0.485164  0.602663  0.633572)
     C   14    Vyy=   -0.2373    axis=( -0.713401  0.691789 -0.111746)
     C   14    Vzz=    0.3594    axis=( -0.505644 -0.397775  0.765571)
     C   14  Q=         1.0000 1e-30 m^2  Cq=         0.8445 MHz  eta= 0.32043

     H   15    Vxx=   -0.1033    axis=(  0.173158 -0.972195  0.157650)
     H   15    Vyy=   -0.2053    axis=( -0.546630  0.038285  0.836499)
     H   15    Vzz=    0.3087    axis=(  0.819275  0.231023  0.524801)
     H   15  Q=         1.0000 1e-30 m^2  Cq=         0.7253 MHz  eta= 0.33044

     C   16    Vxx=   -0.1232    axis=(  0.827411 -0.495132 -0.265019)
     C   16    Vyy=   -0.2116    axis=(  0.524880  0.513965  0.678484)
     C   16    Vzz=    0.3348    axis=(  0.199728  0.700489 -0.685145)
     C   16  Q=         1.0000 1e-30 m^2  Cq=         0.7867 MHz  eta= 0.26386

     C   17    Vxx=    0.1221    axis=( -0.845044  0.529419  0.074942)
     C   17    Vyy=    0.3673    axis=( -0.249775 -0.514777  0.820132)
     C   17    Vzz=   -0.4894    axis=( -0.472772 -0.674330 -0.567245)
     C   17  Q=         1.0000 1e-30 m^2  Cq=        -1.1499 MHz  eta= 0.50086

     Cl  18    Vxx=    0.5066    axis=(  0.830049 -0.479097 -0.285456)
     Cl  18    Vyy=    2.3471    axis=(  0.001558  0.513844 -0.857882)
     Cl  18    Vzz=   -2.8537    axis=(  0.557689  0.711639  0.427262)
     Cl  18  Q=        -8.1650 1e-30 m^2  Cq=        54.7466 MHz  eta= 0.64493

     H   19    Vxx=   -0.0252    axis=(  0.916772  0.138200  0.374740)
     H   19    Vyy=   -0.5601    axis=(  0.397634 -0.227370 -0.888927)
     H   19    Vzz=    0.5853    axis=( -0.037645  0.963952 -0.263399)
     H   19  Q=         1.0000 1e-30 m^2  Cq=         1.3751 MHz  eta= 0.91401

     C   20    Vxx=   -0.1732    axis=(  0.994760  0.100905  0.016447)
     C   20    Vyy=   -0.4739    axis=( -0.093468  0.962775 -0.253629)
     C   20    Vzz=    0.6471    axis=( -0.041427  0.250763  0.967162)
     C   20  Q=         1.0000 1e-30 m^2  Cq=         1.5204 MHz  eta= 0.46462

     H   21    Vxx=   -0.0458    axis=(  0.291830  0.857202 -0.424311)
     H   21    Vyy=   -0.6630    axis=( -0.328925  0.506508  0.797031)
     H   21    Vzz=    0.7089    axis=(  0.898133 -0.093031  0.429769)
     H   21  Q=         1.0000 1e-30 m^2  Cq=         1.6656 MHz  eta= 0.87071

     C   22    Vxx=   -0.2125    axis=(  0.268199  0.963217  0.016787)
     C   22    Vyy=   -0.5295    axis=( -0.942166  0.265894 -0.204020)
     C   22    Vzz=    0.7421    axis=( -0.200979  0.038901  0.978823)
     C   22  Q=         1.0000 1e-30 m^2  Cq=         1.7436 MHz  eta= 0.42715

     C   23    Vxx=    0.1528    axis=( -0.900698 -0.117840  0.418160)
     C   23    Vyy=    0.2745    axis=(  0.295288  0.539951  0.788199)
     C   23    Vzz=   -0.4273    axis=(  0.318667 -0.833407  0.451536)
     C   23  Q=         1.0000 1e-30 m^2  Cq=        -1.0039 MHz  eta= 0.28500

     Cl  24    Vxx=   -0.5580    axis=( -0.521679  0.520525  0.675947)
     Cl  24    Vyy=   -2.5141    axis=(  0.429084 -0.524719  0.735226)
     Cl  24    Vzz=    3.0722    axis=( -0.737386 -0.673590 -0.050386)
     Cl  24  Q=        -8.1650 1e-30 m^2  Cq=       -58.9383 MHz  eta= 0.63671

     Initialization:
     gipaw_setup  :      9.09s CPU     10.85s WALL (       1 calls)

     Linear response

     Apply operators

     Induced current

     Other routines
     efg          :      9.19s CPU     11.74s WALL (       1 calls)

     General routines
     calbec       :      3.33s CPU      4.39s WALL (      16 calls)
     fft          :      1.42s CPU      1.85s WALL (      15 calls)
     ffts         :      0.04s CPU      0.04s WALL (       2 calls)
     fftw         :      3.06s CPU      3.88s WALL (     672 calls)
     davcio       :      0.04s CPU      0.31s WALL (      32 calls)

     Parallel routines
     fft_scatter  :      1.86s CPU      2.79s WALL (     689 calls)

     Plugins

     GIPAW        :     60.30s CPU     72.18s WALL (       1 calls)
