
     Program QE v.6.0 (svn rev. 13079) starts on 23Dec2016 at  3: 6:38 

     This program is part of the open-source Quantum ESPRESSO suite
     for quantum simulation of materials; please cite
         "P. Giannozzi et al., J. Phys.:Condens. Matter 21 395502 (2009);
          URL http://www.quantum-espresso.org", 
     in publications or presentations arising from this work. More details at
     http://www.quantum-espresso.org/quote

     Parallel version (MPI), running on     8 processors
     R & G space division:  proc/nbgrp/npool/nimage =       8

     ***** This is GIPAW svn revision unknown      *****

     Parallelizing q-star over 1 images

     Reading data from directory:
     /users/majewski/paradichlorobenzene/pbe/9_constraint/scratch/pbe.ecut100.np8.dt60.pcl2phi-129368.save
     Message from routine read_xml_file:
     file /users/majewski/paradichlorobenzene/pbe/9_constraint/scratch/pbe.ecut100.np8.dt60.pcl2phi-129368.save not guaranteed to be safe for post-processing

   Info: using nr1, nr2, nr3 values from input

   Info: using nr1, nr2, nr3 values from input

     IMPORTANT: XC functional enforced from input :
     Exchange-correlation      =  SLA  PW   PBX  PBC ( 1  4  3  4 0 0)
     Any further DFT definition will be discarded
     Please, verify this is what you really want

               file C.pbe-n-kjpaw_psl.1.0.0.UPF: wavefunction(s)  2S 2P renormalized
               file Cl.pbe-n-kjpaw_psl.1.0.0.UPF: wavefunction(s)  3S 3P renormalized
               file H.pbe-kjpaw_psl.1.0.0.UPF: wavefunction(s)  1S renormalized

     Parallelization info
     --------------------
     sticks:   dense  smooth     PW     G-vecs:    dense   smooth      PW
     Min        3057    1223    332               144436    36536    5170
     Max        3059    1225    333               144437    36537    5171
     Sum       24467    9791   2657              1155489   292295   41363


     Subspace diagonalization in iterative solution of the eigenvalue problem:
     a serial algorithm will be used

     GIPAW projectors -----------------------------------------------
     atom=  C    l=0  rc=    1.2000  rs=    0.8000
     atom=  C    l=0  rc=    1.2000  rs=    0.8000
     atom=  C    l=1  rc=    1.4000  rs=    0.9333
     atom=  C    l=1  rc=    1.4000  rs=    0.9333
     projs nearly linearly dependent: l=1  n1,n2= 1, 2  s=  0.99951561

     atom=  Cl   l=0  rc=    1.6000  rs=    1.0667
     atom=  Cl   l=0  rc=    1.6000  rs=    1.0667
     atom=  Cl   l=1  rc=    1.6000  rs=    1.0667
     atom=  Cl   l=1  rc=    1.6000  rs=    1.0667
     atom=  Cl   l=2  rc=    1.6000  rs=    1.0667
     atom=  Cl   l=2  rc=    1.6000  rs=    1.0667
     projs nearly linearly dependent: l=2  n1,n2= 1, 2  s=  0.99993509

     atom=  H    l=0  rc=    1.0000  rs=    0.6667
     atom=  H    l=0  rc=    1.0000  rs=    0.6667
     projs nearly linearly dependent: l=0  n1,n2= 1, 2  s=  0.99968852
     -----------------------------------------------------------------

     GIPAW integrals: -------------------------------------------
     Atom  i/j   nmr_para   nmr_dia   epr_rmc  epr_para   epr_dia
       C   1 1   0.83E+03  0.17E-01  0.93E+01  0.24E+08  0.24E+03
       C   2 1   0.86E+03 -0.61E-01  0.94E+01  0.25E+08  0.25E+03
       C   2 2   0.90E+03 -0.15E+00  0.97E+01  0.26E+08  0.26E+03
       C   3 3   0.33E+01  0.34E+00  0.18E+01  0.55E+03  0.21E+02
       C   4 3   0.35E+01  0.37E+00  0.20E+01  0.59E+03  0.22E+02
       C   4 4   0.38E+01  0.39E+00  0.22E+01  0.63E+03  0.24E+02
       Cl  1 1   0.14E+04 -0.47E+00  0.84E+01  0.32E+09  0.42E+03
       Cl  2 1   0.21E+04 -0.37E+00  0.12E+02  0.49E+09  0.65E+03
       Cl  2 2   0.33E+04 -0.16E+00  0.21E+02  0.76E+09  0.10E+04
       Cl  3 3   0.21E+02  0.79E-01  0.89E+01  0.23E+05  0.13E+03
       Cl  4 3   0.24E+02  0.67E-01  0.99E+01  0.27E+05  0.15E+03
       Cl  4 4   0.28E+02  0.44E-01  0.11E+02  0.32E+05  0.18E+03
       Cl  5 5   0.77E+00  0.19E+00  0.18E+01  0.12E+03  0.22E+02
       Cl  6 5   0.80E+00  0.19E+00  0.19E+01  0.12E+03  0.23E+02
       Cl  6 6   0.83E+00  0.20E+00  0.19E+01  0.12E+03  0.23E+02
       H   1 1   0.39E+02  0.19E+00  0.29E+00  0.78E+05  0.13E+02
       H   2 1   0.41E+02  0.21E+00  0.32E+00  0.82E+05  0.14E+02
       H   2 2   0.43E+02  0.22E+00  0.36E+00  0.86E+05  0.15E+02
     ------------------------------------------------------------

     alpha_pv=     34.3051 eV

     Number of occupied bands for each k-point:
     k-point:     1    nbnd_occ=  42
     k-point:     2    nbnd_occ=  42
     k-point:     3    nbnd_occ=  42
     k-point:     4    nbnd_occ=  42
     k-point:     5    nbnd_occ=  42
     k-point:     6    nbnd_occ=  42
     k-point:     7    nbnd_occ=  42
     k-point:     8    nbnd_occ=  42
     k-point:     9    nbnd_occ=  42
     k-point:    10    nbnd_occ=  42
     k-point:    11    nbnd_occ=  42
     k-point:    12    nbnd_occ=  42
     k-point:    13    nbnd_occ=  42
     k-point:    14    nbnd_occ=  42
     k-point:    15    nbnd_occ=  42
     k-point:    16    nbnd_occ=  42


     q-space interpolation up to   110.00 Rydberg

     GIPAW job: efg                                                                             


     ELECTRIC FIELD GRADIENTS TENSORS IN Hartree/bohrradius^2:

     ----- bare term -----
     Cl   1        0.017739        0.054824        0.086848
     Cl   1        0.054824        0.004316        0.175449
     Cl   1        0.086848        0.175449       -0.022055

     C    2       -0.208089        0.132235       -0.262167
     C    2        0.132235       -0.047654       -0.595377
     C    2       -0.262167       -0.595377        0.255743

     C    3       -0.045866        0.172257        0.123872
     C    3        0.172257       -0.153379       -0.103329
     C    3        0.123872       -0.103329        0.199245

     H    4       -0.174346       -0.439169        0.049033
     H    4       -0.439169       -0.128323        0.209035
     H    4        0.049033        0.209035        0.302669

     C    5       -0.403126       -0.074037       -0.245431
     C    5       -0.074037       -0.032918       -0.249366
     C    5       -0.245431       -0.249366        0.436044

     H    6        0.465847       -0.049702       -0.078108
     H    6       -0.049702       -0.655398        0.209960
     H    6       -0.078108        0.209960        0.189551

     H    7        0.360007        0.074420       -0.062056
     H    7        0.074420       -0.530970        0.573074
     H    7       -0.062056        0.573074        0.170963

     C    8       -0.773467       -0.320259       -0.412577
     C    8       -0.320259        0.251397        0.088086
     C    8       -0.412577        0.088086        0.522071

     H    9       -0.014542        0.157705       -0.367608
     H    9        0.157705        0.385279       -0.130425
     H    9       -0.367608       -0.130425       -0.370737

     C   10        0.008355       -0.457548       -0.093653
     C   10       -0.457548       -0.322027        0.539820
     C   10       -0.093653        0.539820        0.313672

     C   11       -0.512185       -0.161106       -0.371698
     C   11       -0.161106        0.051718        0.249939
     C   11       -0.371698        0.249939        0.460467

     Cl  12       -0.026228       -0.069066       -0.056575
     Cl  12       -0.069066        0.118775        0.062681
     Cl  12       -0.056575        0.062681       -0.092547

     H   13        0.377735       -0.151749       -0.017682
     H   13       -0.151749       -0.586593       -0.357186
     H   13       -0.017682       -0.357186        0.208858

     C   14       -0.464675        0.248636       -0.392153
     C   14        0.248636        0.042147       -0.347970
     C   14       -0.392153       -0.347970        0.422528

     H   15       -0.310244       -0.492962        0.047506
     H   15       -0.492962        0.070389        0.177952
     H   15        0.047506        0.177952        0.239855

     C   16       -0.357239        0.351809       -0.164077
     C   16        0.351809       -0.128261       -0.519892
     C   16       -0.164077       -0.519892        0.485500

     C   17       -0.099812        0.140659       -0.275526
     C   17        0.140659       -0.210937       -0.517982
     C   17       -0.275526       -0.517982        0.310749

     Cl  18        0.037016        0.143527       -0.063726
     Cl  18        0.143527        0.072566       -0.052947
     Cl  18       -0.063726       -0.052947       -0.109581

     H   19        0.405558       -0.049291        0.037294
     H   19       -0.049291       -0.492067        0.574889
     H   19        0.037294        0.574889        0.086509

     C   20       -0.185436       -0.059464       -0.347646
     C   20       -0.059464       -0.257905        0.341951
     C   20       -0.347646        0.341951        0.443341

     H   21        0.078927        0.127321       -0.338580
     H   21        0.127321        0.224697        0.512737
     H   21       -0.338580        0.512737       -0.303623

     C   22       -0.598800       -0.299815       -0.338919
     C   22       -0.299815        0.008106        0.125263
     C   22       -0.338919        0.125263        0.590695

     C   23       -0.002498       -0.127172       -0.156473
     C   23       -0.127172       -0.556772        0.321837
     C   23       -0.156473        0.321837        0.559270

     Cl  24       -0.113743       -0.042022       -0.058751
     Cl  24       -0.042022       -0.081525        0.048270
     Cl  24       -0.058751        0.048270        0.195268

     ----- ionic term -----
     Cl   1        0.190876       -0.202134       -0.024812
     Cl   1       -0.202134       -0.029094        0.022643
     Cl   1       -0.024812        0.022643       -0.161782

     C    2        0.333314       -0.122507        0.109487
     C    2       -0.122507        0.183617        0.365027
     C    2        0.109487        0.365027       -0.516931

     C    3        0.201262       -0.152310        0.078153
     C    3       -0.152310        0.285179        0.375509
     C    3        0.078153        0.375509       -0.486441

     H    4        0.583366        0.543121        0.483935
     H    4        0.543121       -0.192199        0.305732
     H    4        0.483935        0.305732       -0.391168

     C    5        0.408629       -0.042741        0.111065
     C    5       -0.042741        0.121121        0.285885
     C    5        0.111065        0.285885       -0.529749

     H    6       -0.527961        0.052810        0.006036
     H    6        0.052810        0.878144        0.559468
     H    6        0.006036        0.559468       -0.350182

     H    7       -0.507824       -0.140866        0.105562
     H    7       -0.140866        0.632790       -0.698159
     H    7        0.105562       -0.698159       -0.124966

     C    8        0.203911        0.255368        0.320597
     C    8        0.255368        0.069900       -0.258926
     C    8        0.320597       -0.258926       -0.273811

     H    9        0.198837       -0.134312        0.781551
     H    9       -0.134312       -0.480708       -0.214529
     H    9        0.781551       -0.214529        0.281871

     C   10        0.043193        0.347177        0.231434
     C   10        0.347177        0.152725       -0.372744
     C   10        0.231434       -0.372744       -0.195918

     C   11        0.149731        0.220754        0.312597
     C   11        0.220754        0.099770       -0.390153
     C   11        0.312597       -0.390153       -0.249501

     Cl  12        0.135504        0.232912        0.043686
     Cl  12        0.232912        0.027762        0.025469
     Cl  12        0.043686        0.025469       -0.163267

     H   13       -0.497624        0.166209        0.068165
     H   13        0.166209        0.844536        0.568196
     H   13        0.068165        0.568196       -0.346912

     C   14        0.472052       -0.100832        0.120774
     C   14       -0.100832        0.051131        0.296572
     C   14        0.120774        0.296572       -0.523183

     H   15        0.764912        0.534434        0.304574
     H   15        0.534434       -0.257050        0.188466
     H   15        0.304574        0.188466       -0.507862

     C   16        0.318863       -0.189333        0.019490
     C   16       -0.189333        0.197611        0.356219
     C   16        0.019490        0.356219       -0.516473

     C   17        0.336949       -0.000693        0.117641
     C   17       -0.000693        0.157622        0.358895
     C   17        0.117641        0.358895       -0.494572

     Cl  18        0.170821       -0.169673       -0.012176
     Cl  18       -0.169673       -0.045568        0.004245
     Cl  18       -0.012176        0.004245       -0.125253

     H   19       -0.500879       -0.065384        0.053953
     H   19       -0.065384        0.743581       -0.636980
     H   19        0.053953       -0.636980       -0.242702

     C   20        0.273726        0.168886        0.325164
     C   20        0.168886        0.047219       -0.281038
     C   20        0.325164       -0.281038       -0.320945

     H   21        0.327383       -0.408263        0.709081
     H   21       -0.408263       -0.324839       -0.380163
     H   21        0.709081       -0.380163       -0.002544

     C   22        0.060184        0.188515        0.219877
     C   22        0.188515        0.251363       -0.406214
     C   22        0.219877       -0.406214       -0.311547

     C   23        0.047362        0.216853        0.282847
     C   23        0.216853        0.224526       -0.365810
     C   23        0.282847       -0.365810       -0.271888

     Cl  24        0.096528        0.206593        0.017387
     Cl  24        0.206593        0.046143        0.012222
     Cl  24        0.017387        0.012222       -0.142671

     ----- GIPAW term -----
     Cl   1       -0.241357       -0.084890       -1.022819
     Cl   1       -0.084890       -0.043966       -1.485184
     Cl   1       -1.022819       -1.485184        0.285322

     C    2       -0.047904        0.021687       -0.134872
     C    2        0.021687       -0.004814       -0.219684
     C    2       -0.134872       -0.219684        0.052718

     C    3       -0.028139        0.004979        0.016322
     C    3        0.004979       -0.005311       -0.033892
     C    3        0.016322       -0.033892        0.033450

     H    4       -0.000000        0.000000        0.000000
     H    4        0.000000        0.000000        0.000000
     H    4        0.000000        0.000000        0.000000

     C    5       -0.122982       -0.030213        0.012215
     C    5       -0.030213       -0.049020       -0.131728
     C    5        0.012215       -0.131728        0.172001

     H    6       -0.000000        0.000000        0.000000
     H    6        0.000000        0.000000        0.000000
     H    6        0.000000        0.000000        0.000000

     H    7       -0.000000        0.000000        0.000000
     H    7        0.000000        0.000000        0.000000
     H    7        0.000000        0.000000        0.000000

     C    8       -0.198776       -0.084651       -0.021653
     C    8       -0.084651        0.099038       -0.129187
     C    8       -0.021653       -0.129187        0.099737

     H    9       -0.000000        0.000000        0.000000
     H    9        0.000000        0.000000        0.000000
     H    9        0.000000        0.000000        0.000000

     C   10       -0.007927       -0.157060        0.017914
     C   10       -0.157060        0.030428        0.034182
     C   10        0.017914        0.034182       -0.022501

     C   11       -0.089249        0.098062       -0.075150
     C   11        0.098062        0.026378       -0.074906
     C   11       -0.075150       -0.074906        0.062871

     Cl  12        0.936711        1.389463       -0.409742
     Cl  12        1.389463        1.256285        0.603667
     Cl  12       -0.409742        0.603667       -2.192996

     H   13       -0.000000        0.000000        0.000000
     H   13        0.000000        0.000000        0.000000
     H   13        0.000000        0.000000        0.000000

     C   14       -0.064179        0.057804       -0.057546
     C   14        0.057804        0.008439       -0.057987
     C   14       -0.057546       -0.057987        0.055741

     H   15       -0.000000        0.000000        0.000000
     H   15        0.000000        0.000000        0.000000
     H   15        0.000000        0.000000        0.000000

     C   16       -0.149824        0.050586       -0.034015
     C   16        0.050586        0.042828       -0.187198
     C   16       -0.034015       -0.187198        0.106996

     C   17        0.082037       -0.093095       -0.032678
     C   17       -0.093095       -0.036497       -0.072845
     C   17       -0.032678       -0.072845       -0.045541

     Cl  18        2.067534        0.171574       -0.858111
     Cl  18        0.171574        0.443382       -0.639579
     Cl  18       -0.858111       -0.639579       -2.510916

     H   19       -0.000000        0.000000        0.000000
     H   19        0.000000        0.000000        0.000000
     H   19        0.000000        0.000000        0.000000

     C   20       -0.068058        0.044247       -0.115607
     C   20        0.044247       -0.107398       -0.044738
     C   20       -0.115607       -0.044738        0.175456

     H   21       -0.000000        0.000000        0.000000
     H   21        0.000000        0.000000        0.000000
     H   21        0.000000        0.000000        0.000000

     C   22       -0.237482       -0.023327       -0.080759
     C   22       -0.023327       -0.037172       -0.106666
     C   22       -0.080759       -0.106666        0.274654

     C   23       -0.078177        0.054899        0.020628
     C   23        0.054899       -0.181292       -0.070675
     C   23        0.020628       -0.070675        0.259470

     Cl  24       -0.633055        1.492854       -0.459302
     Cl  24        1.492854       -1.204086        1.117822
     Cl  24       -0.459302        1.117822        1.837141

     ----- total EFG -----
     Cl   1       -0.032741       -0.232200       -0.960783
     Cl   1       -0.232200       -0.068744       -1.287092
     Cl   1       -0.960783       -1.287092        0.101485

     C    2        0.077321        0.031414       -0.287553
     C    2        0.031414        0.131149       -0.450034
     C    2       -0.287553       -0.450034       -0.208471

     C    3        0.127256        0.024927        0.218348
     C    3        0.024927        0.126489        0.238288
     C    3        0.218348        0.238288       -0.253745

     H    4        0.409021        0.103952        0.532968
     H    4        0.103952       -0.320522        0.514767
     H    4        0.532968        0.514767       -0.088499

     C    5       -0.117479       -0.146991       -0.122151
     C    5       -0.146991        0.039183       -0.095208
     C    5       -0.122151       -0.095208        0.078296

     H    6       -0.062115        0.003109       -0.072073
     H    6        0.003109        0.222746        0.769428
     H    6       -0.072073        0.769428       -0.160631

     H    7       -0.147817       -0.066446        0.043506
     H    7       -0.066446        0.101820       -0.125085
     H    7        0.043506       -0.125085        0.045997

     C    8       -0.768332       -0.149542       -0.113633
     C    8       -0.149542        0.420335       -0.300028
     C    8       -0.113633       -0.300028        0.347997

     H    9        0.184295        0.023393        0.413944
     H    9        0.023393       -0.095429       -0.344954
     H    9        0.413944       -0.344954       -0.088866

     C   10        0.043622       -0.267431        0.155695
     C   10       -0.267431       -0.138875        0.201258
     C   10        0.155695        0.201258        0.095253

     C   11       -0.451703        0.157710       -0.134252
     C   11        0.157710        0.177867       -0.215120
     C   11       -0.134252       -0.215120        0.273837

     Cl  12        1.045987        1.553309       -0.422631
     Cl  12        1.553309        1.402822        0.691817
     Cl  12       -0.422631        0.691817       -2.448810

     H   13       -0.119889        0.014460        0.050482
     H   13        0.014460        0.257943        0.211011
     H   13        0.050482        0.211011       -0.138054

     C   14       -0.056802        0.205608       -0.328925
     C   14        0.205608        0.101717       -0.109385
     C   14       -0.328925       -0.109385       -0.044914

     H   15        0.454668        0.041471        0.352080
     H   15        0.041471       -0.186661        0.366419
     H   15        0.352080        0.366419       -0.268007

     C   16       -0.188200        0.213062       -0.178602
     C   16        0.213062        0.112178       -0.350872
     C   16       -0.178602       -0.350872        0.076023

     C   17        0.319175        0.046871       -0.190563
     C   17        0.046871       -0.089811       -0.231931
     C   17       -0.190563       -0.231931       -0.229363

     Cl  18        2.275371        0.145428       -0.934013
     Cl  18        0.145428        0.470380       -0.688280
     Cl  18       -0.934013       -0.688280       -2.745751

     H   19       -0.095320       -0.114675        0.091247
     H   19       -0.114675        0.251513       -0.062091
     H   19        0.091247       -0.062091       -0.156193

     C   20        0.020231        0.153670       -0.138089
     C   20        0.153670       -0.318084        0.016175
     C   20       -0.138089        0.016175        0.297852

     H   21        0.406310       -0.280941        0.370501
     H   21       -0.280941       -0.100143        0.132574
     H   21        0.370501        0.132574       -0.306167

     C   22       -0.776099       -0.134627       -0.199800
     C   22       -0.134627        0.222296       -0.387617
     C   22       -0.199800       -0.387617        0.553802

     C   23       -0.033313        0.144580        0.147002
     C   23        0.144580       -0.513538       -0.114648
     C   23        0.147002       -0.114648        0.546852

     Cl  24       -0.650270        1.657425       -0.500666
     Cl  24        1.657425       -1.239469        1.178314
     Cl  24       -0.500666        1.178314        1.889738

     ----- total EFG (symmetrized) -----
     Cl   1       -0.032741       -0.232200       -0.960783
     Cl   1       -0.232200       -0.068744       -1.287092
     Cl   1       -0.960783       -1.287092        0.101485

     C    2        0.077321        0.031414       -0.287553
     C    2        0.031414        0.131149       -0.450034
     C    2       -0.287553       -0.450034       -0.208471

     C    3        0.127256        0.024927        0.218348
     C    3        0.024927        0.126489        0.238288
     C    3        0.218348        0.238288       -0.253745

     H    4        0.409021        0.103952        0.532968
     H    4        0.103952       -0.320522        0.514767
     H    4        0.532968        0.514767       -0.088499

     C    5       -0.117479       -0.146991       -0.122151
     C    5       -0.146991        0.039183       -0.095208
     C    5       -0.122151       -0.095208        0.078296

     H    6       -0.062115        0.003109       -0.072073
     H    6        0.003109        0.222746        0.769428
     H    6       -0.072073        0.769428       -0.160631

     H    7       -0.147817       -0.066446        0.043506
     H    7       -0.066446        0.101820       -0.125085
     H    7        0.043506       -0.125085        0.045997

     C    8       -0.768332       -0.149542       -0.113633
     C    8       -0.149542        0.420335       -0.300028
     C    8       -0.113633       -0.300028        0.347997

     H    9        0.184295        0.023393        0.413944
     H    9        0.023393       -0.095429       -0.344954
     H    9        0.413944       -0.344954       -0.088866

     C   10        0.043622       -0.267431        0.155695
     C   10       -0.267431       -0.138875        0.201258
     C   10        0.155695        0.201258        0.095253

     C   11       -0.451703        0.157710       -0.134252
     C   11        0.157710        0.177867       -0.215120
     C   11       -0.134252       -0.215120        0.273837

     Cl  12        1.045987        1.553309       -0.422631
     Cl  12        1.553309        1.402822        0.691817
     Cl  12       -0.422631        0.691817       -2.448810

     H   13       -0.119889        0.014460        0.050482
     H   13        0.014460        0.257943        0.211011
     H   13        0.050482        0.211011       -0.138054

     C   14       -0.056802        0.205608       -0.328925
     C   14        0.205608        0.101717       -0.109385
     C   14       -0.328925       -0.109385       -0.044914

     H   15        0.454668        0.041471        0.352080
     H   15        0.041471       -0.186661        0.366419
     H   15        0.352080        0.366419       -0.268007

     C   16       -0.188200        0.213062       -0.178602
     C   16        0.213062        0.112178       -0.350872
     C   16       -0.178602       -0.350872        0.076023

     C   17        0.319175        0.046871       -0.190563
     C   17        0.046871       -0.089811       -0.231931
     C   17       -0.190563       -0.231931       -0.229363

     Cl  18        2.275371        0.145428       -0.934013
     Cl  18        0.145428        0.470380       -0.688280
     Cl  18       -0.934013       -0.688280       -2.745751

     H   19       -0.095320       -0.114675        0.091247
     H   19       -0.114675        0.251513       -0.062091
     H   19        0.091247       -0.062091       -0.156193

     C   20        0.020231        0.153670       -0.138089
     C   20        0.153670       -0.318084        0.016175
     C   20       -0.138089        0.016175        0.297852

     H   21        0.406310       -0.280941        0.370501
     H   21       -0.280941       -0.100143        0.132574
     H   21        0.370501        0.132574       -0.306167

     C   22       -0.776099       -0.134627       -0.199800
     C   22       -0.134627        0.222296       -0.387617
     C   22       -0.199800       -0.387617        0.553802

     C   23       -0.033313        0.144580        0.147002
     C   23        0.144580       -0.513538       -0.114648
     C   23        0.147002       -0.114648        0.546852

     Cl  24       -0.650270        1.657425       -0.500666
     Cl  24        1.657425       -1.239469        1.178314
     Cl  24       -0.500666        1.178314        1.889738


     NQR/NMR SPECTROSCOPIC PARAMETERS:
     Cl   1    Vxx=    0.1769    axis=( -0.801838  0.596750  0.030756)
     Cl   1    Vyy=    1.5296    axis=( -0.378182 -0.546657  0.747090)
     Cl   1    Vzz=   -1.7065    axis=( -0.462639 -0.587414 -0.664011)
     Cl   1  Q=        -8.1650 1e-30 m^2  Cq=        32.7392 MHz  eta= 0.79266

     C    2    Vxx=    0.0643    axis=(  0.847836 -0.529899 -0.019521)
     C    2    Vyy=    0.5304    axis=(  0.419836  0.693313 -0.585709)
     C    2    Vzz=   -0.5947    axis=(  0.323900  0.488390  0.810286)
     C    2  Q=         1.0000 1e-30 m^2  Cq=        -1.3972 MHz  eta= 0.78372

     C    3    Vxx=    0.1021    axis=(  0.732216 -0.681039 -0.006762)
     C    3    Vyy=    0.3305    axis=(  0.598346  0.638502  0.484042)
     C    3    Vzz=   -0.4325    axis=( -0.325334 -0.358469  0.875019)
     C    3  Q=         1.0000 1e-30 m^2  Cq=        -1.0163 MHz  eta= 0.52812

     H    4    Vxx=   -0.0754    axis=(  0.619669 -0.652671 -0.435925)
     H    4    Vyy=   -0.7957    axis=(  0.243244  0.687770 -0.683963)
     H    4    Vzz=    0.8711    axis=(  0.746219  0.317795  0.584948)
     H    4  Q=         1.0000 1e-30 m^2  Cq=         2.0467 MHz  eta= 0.82688

     C    5    Vxx=    0.1172    axis=(  0.631141 -0.618918 -0.467549)
     C    5    Vyy=    0.1560    axis=( -0.020665 -0.615972  0.787497)
     C    5    Vzz=   -0.2731    axis=(  0.775393  0.487360  0.401556)
     C    5  Q=         1.0000 1e-30 m^2  Cq=        -0.6417 MHz  eta= 0.14212

     H    6    Vxx=   -0.0592    axis=(  0.995415  0.088439 -0.036429)
     H    6    Vyy=   -0.7668    axis=( -0.083148  0.611874 -0.786573)
     H    6    Vzz=    0.8260    axis=( -0.047274  0.785995  0.616422)
     H    6  Q=         1.0000 1e-30 m^2  Cq=         1.9407 MHz  eta= 0.85665

     H    7    Vxx=   -0.0538    axis=( -0.064047  0.608536  0.790937)
     H    7    Vyy=   -0.1653    axis=(  0.975443  0.205538 -0.079150)
     H    7    Vzz=    0.2191    axis=( -0.210734  0.766445 -0.606756)
     H    7  Q=         1.0000 1e-30 m^2  Cq=         0.5148 MHz  eta= 0.50925

     C    8    Vxx=    0.1201    axis=( -0.202527  0.639869  0.741317)
     C    8    Vyy=    0.6873    axis=(  0.026071 -0.753213  0.657260)
     C    8    Vzz=   -0.8074    axis=( -0.978930 -0.152440 -0.135864)
     C    8  Q=         1.0000 1e-30 m^2  Cq=        -1.8970 MHz  eta= 0.70257

     H    9    Vxx=    0.0338    axis=(  0.574103  0.778790 -0.252768)
     H    9    Vyy=    0.5448    axis=( -0.706696  0.315402 -0.633326)
     H    9    Vzz=   -0.5786    axis=( -0.413505  0.542225  0.731441)
     H    9  Q=         1.0000 1e-30 m^2  Cq=        -1.3595 MHz  eta= 0.88325

     C   10    Vxx=    0.2109    axis=( -0.042186  0.522267  0.851738)
     C   10    Vyy=    0.2381    axis=(  0.845747 -0.435192  0.308739)
     C   10    Vzz=   -0.4490    axis=(  0.531913  0.733380 -0.423347)
     C   10  Q=         1.0000 1e-30 m^2  Cq=        -1.0550 MHz  eta= 0.06040

     C   11    Vxx=    0.0082    axis=(  0.070316  0.757525  0.649008)
     C   11    Vyy=    0.4903    axis=( -0.211691 -0.624467  0.751816)
     C   11    Vzz=   -0.4985    axis=( -0.974804  0.190254 -0.116451)
     C   11  Q=         1.0000 1e-30 m^2  Cq=        -1.1713 MHz  eta= 0.96709

     Cl  12    Vxx=   -0.0864    axis=( -0.726282  0.613705  0.309646)
     Cl  12    Vyy=   -2.7125    axis=(  0.204709 -0.236922  0.949717)
     Cl  12    Vzz=    2.7989    axis=( -0.656208 -0.753150 -0.046441)
     Cl  12  Q=        -8.1650 1e-30 m^2  Cq=       -53.6947 MHz  eta= 0.93828

     H   13    Vxx=   -0.1087    axis=(  0.945646 -0.189434  0.264326)
     H   13    Vyy=   -0.2430    axis=(  0.317370  0.360330 -0.877176)
     H   13    Vzz=    0.3517    axis=(  0.070922  0.913388  0.400866)
     H   13  Q=         1.0000 1e-30 m^2  Cq=         0.8263 MHz  eta= 0.38196

     C   14    Vxx=   -0.0393    axis=( -0.277562  0.807935  0.519807)
     C   14    Vyy=   -0.3915    axis=( -0.740893  0.164427 -0.651185)
     C   14    Vzz=    0.4308    axis=( -0.611586 -0.565866  0.552955)
     C   14  Q=         1.0000 1e-30 m^2  Cq=         1.0123 MHz  eta= 0.81758

     H   15    Vxx=    0.0096    axis=(  0.437730 -0.771018 -0.462519)
     H   15    Vyy=    0.6406    axis=( -0.870634 -0.235049 -0.432145)
     H   15    Vzz=   -0.6502    axis=(  0.224476  0.591847 -0.774162)
     H   15  Q=         1.0000 1e-30 m^2  Cq=        -1.5278 MHz  eta= 0.97047

     C   16    Vxx=   -0.2510    axis=(  0.336444  0.544730  0.768163)
     C   16    Vyy=   -0.2988    axis=(  0.873412 -0.485475 -0.038274)
     C   16    Vzz=    0.5498    axis=(  0.352075  0.683800 -0.639109)
     C   16  Q=         1.0000 1e-30 m^2  Cq=         1.2919 MHz  eta= 0.08691

     C   17    Vxx=    0.0155    axis=(  0.402524 -0.800162  0.444651)
     C   17    Vyy=    0.4087    axis=( -0.898340 -0.251921  0.359890)
     C   17    Vzz=   -0.4242    axis=( -0.175953 -0.544312 -0.820222)
     C   17  Q=         1.0000 1e-30 m^2  Cq=        -0.9966 MHz  eta= 0.92694

     Cl  18    Vxx=    0.5556    axis=(  0.166917 -0.973591  0.155757)
     Cl  18    Vyy=    2.4799    axis=(  0.971998  0.135985 -0.191643)
     Cl  18    Vzz=   -3.0354    axis=(  0.165401  0.183384  0.969027)
     Cl  18  Q=        -8.1650 1e-30 m^2  Cq=        58.2332 MHz  eta= 0.63395

     H   19    Vxx=   -0.0798    axis=( -0.730876 -0.361503 -0.578909)
     H   19    Vyy=   -0.2227    axis=(  0.607186  0.042951 -0.793398)
     H   19    Vzz=    0.3024    axis=(  0.311680 -0.931381  0.188107)
     H   19  Q=         1.0000 1e-30 m^2  Cq=         0.7106 MHz  eta= 0.47250

     C   20    Vxx=    0.0260    axis=( -0.830289 -0.389519 -0.398616)
     C   20    Vyy=    0.3579    axis=( -0.404776 -0.070200  0.911717)
     C   20    Vzz=   -0.3839    axis=( -0.383114  0.918339 -0.099381)
     C   20  Q=         1.0000 1e-30 m^2  Cq=        -0.9021 MHz  eta= 0.86442

     H   21    Vxx=   -0.0427    axis=( -0.081817 -0.839387 -0.537341)
     H   21    Vyy=   -0.5843    axis=(  0.422476  0.459102 -0.781498)
     H   21    Vzz=    0.6270    axis=(  0.902674 -0.290953  0.317059)
     H   21  Q=         1.0000 1e-30 m^2  Cq=         1.4732 MHz  eta= 0.86393

     C   22    Vxx=    0.0272    axis=( -0.263363  0.821904  0.505088)
     C   22    Vyy=    0.8152    axis=( -0.060287 -0.536570  0.841700)
     C   22    Vzz=   -0.8424    axis=(  0.962811  0.191222  0.190862)
     C   22  Q=         1.0000 1e-30 m^2  Cq=        -1.9794 MHz  eta= 0.93535

     C   23    Vxx=   -0.0136    axis=(  0.932912  0.311300 -0.181018)
     C   23    Vyy=   -0.5741    axis=( -0.289978  0.947474  0.134931)
     C   23    Vzz=    0.5877    axis=(  0.213514 -0.073387  0.974180)
     C   23  Q=         1.0000 1e-30 m^2  Cq=         1.3809 MHz  eta= 0.95374

     Cl  24    Vxx=    0.6562    axis=(  0.797516  0.563754 -0.214823)
     Cl  24    Vyy=    2.2850    axis=( -0.023424 -0.326877 -0.944777)
     Cl  24    Vzz=   -2.9412    axis=( -0.602843  0.758507 -0.247484)
     Cl  24  Q=        -8.1650 1e-30 m^2  Cq=        56.4256 MHz  eta= 0.55378

     Initialization:
     gipaw_setup  :      9.25s CPU     10.80s WALL (       1 calls)

     Linear response

     Apply operators

     Induced current

     Other routines
     efg          :      9.41s CPU     11.88s WALL (       1 calls)

     General routines
     calbec       :      3.34s CPU      4.40s WALL (      16 calls)
     fft          :      1.59s CPU      2.39s WALL (      15 calls)
     ffts         :      0.05s CPU      0.06s WALL (       2 calls)
     fftw         :      3.30s CPU      4.02s WALL (     672 calls)
     davcio       :      0.06s CPU      0.34s WALL (      32 calls)

     Parallel routines
     fft_scatter  :      2.30s CPU      3.68s WALL (     689 calls)

     Plugins

     GIPAW        :     61.42s CPU     74.33s WALL (       1 calls)
