
     Program QE v.6.0 (svn rev. 13079) starts on 28Dec2016 at 18:38:41 

     This program is part of the open-source Quantum ESPRESSO suite
     for quantum simulation of materials; please cite
         "P. Giannozzi et al., J. Phys.:Condens. Matter 21 395502 (2009);
          URL http://www.quantum-espresso.org", 
     in publications or presentations arising from this work. More details at
     http://www.quantum-espresso.org/quote

     Parallel version (MPI), running on     8 processors
     R & G space division:  proc/nbgrp/npool/nimage =       8

     ***** This is GIPAW svn revision unknown      *****

     Parallelizing q-star over 1 images

     Reading data from directory:
     /users/majewski/paradichlorobenzene/pbe/9_constraint/scratch/pbe.ecut100.np8.dt60.pcl2phi-129368.save
     Message from routine read_xml_file:
     file /users/majewski/paradichlorobenzene/pbe/9_constraint/scratch/pbe.ecut100.np8.dt60.pcl2phi-129368.save not guaranteed to be safe for post-processing

   Info: using nr1, nr2, nr3 values from input

   Info: using nr1, nr2, nr3 values from input

     IMPORTANT: XC functional enforced from input :
     Exchange-correlation      =  SLA  PW   PBX  PBC ( 1  4  3  4 0 0)
     Any further DFT definition will be discarded
     Please, verify this is what you really want

               file C.pbe-n-kjpaw_psl.1.0.0.UPF: wavefunction(s)  2S 2P renormalized
               file Cl.pbe-n-kjpaw_psl.1.0.0.UPF: wavefunction(s)  3S 3P renormalized
               file H.pbe-kjpaw_psl.1.0.0.UPF: wavefunction(s)  1S renormalized

     Parallelization info
     --------------------
     sticks:   dense  smooth     PW     G-vecs:    dense   smooth      PW
     Min        3057    1223    332               144436    36536    5170
     Max        3059    1225    333               144437    36537    5171
     Sum       24467    9791   2657              1155489   292295   41363


     Subspace diagonalization in iterative solution of the eigenvalue problem:
     a serial algorithm will be used

     GIPAW projectors -----------------------------------------------
     atom=  C    l=0  rc=    1.2000  rs=    0.8000
     atom=  C    l=0  rc=    1.2000  rs=    0.8000
     atom=  C    l=1  rc=    1.4000  rs=    0.9333
     atom=  C    l=1  rc=    1.4000  rs=    0.9333
     projs nearly linearly dependent: l=1  n1,n2= 1, 2  s=  0.99951561

     atom=  Cl   l=0  rc=    1.6000  rs=    1.0667
     atom=  Cl   l=0  rc=    1.6000  rs=    1.0667
     atom=  Cl   l=1  rc=    1.6000  rs=    1.0667
     atom=  Cl   l=1  rc=    1.6000  rs=    1.0667
     atom=  Cl   l=2  rc=    1.6000  rs=    1.0667
     atom=  Cl   l=2  rc=    1.6000  rs=    1.0667
     projs nearly linearly dependent: l=2  n1,n2= 1, 2  s=  0.99993509

     atom=  H    l=0  rc=    1.0000  rs=    0.6667
     atom=  H    l=0  rc=    1.0000  rs=    0.6667
     projs nearly linearly dependent: l=0  n1,n2= 1, 2  s=  0.99968852
     -----------------------------------------------------------------

     GIPAW integrals: -------------------------------------------
     Atom  i/j   nmr_para   nmr_dia   epr_rmc  epr_para   epr_dia
       C   1 1   0.83E+03  0.17E-01  0.93E+01  0.24E+08  0.24E+03
       C   2 1   0.86E+03 -0.61E-01  0.94E+01  0.25E+08  0.25E+03
       C   2 2   0.90E+03 -0.15E+00  0.97E+01  0.26E+08  0.26E+03
       C   3 3   0.33E+01  0.34E+00  0.18E+01  0.55E+03  0.21E+02
       C   4 3   0.35E+01  0.37E+00  0.20E+01  0.59E+03  0.22E+02
       C   4 4   0.38E+01  0.39E+00  0.22E+01  0.63E+03  0.24E+02
       Cl  1 1   0.14E+04 -0.47E+00  0.84E+01  0.32E+09  0.42E+03
       Cl  2 1   0.21E+04 -0.37E+00  0.12E+02  0.49E+09  0.65E+03
       Cl  2 2   0.33E+04 -0.16E+00  0.21E+02  0.76E+09  0.10E+04
       Cl  3 3   0.21E+02  0.79E-01  0.89E+01  0.23E+05  0.13E+03
       Cl  4 3   0.24E+02  0.67E-01  0.99E+01  0.27E+05  0.15E+03
       Cl  4 4   0.28E+02  0.44E-01  0.11E+02  0.32E+05  0.18E+03
       Cl  5 5   0.77E+00  0.19E+00  0.18E+01  0.12E+03  0.22E+02
       Cl  6 5   0.80E+00  0.19E+00  0.19E+01  0.12E+03  0.23E+02
       Cl  6 6   0.83E+00  0.20E+00  0.19E+01  0.12E+03  0.23E+02
       H   1 1   0.39E+02  0.19E+00  0.29E+00  0.78E+05  0.13E+02
       H   2 1   0.41E+02  0.21E+00  0.32E+00  0.82E+05  0.14E+02
       H   2 2   0.43E+02  0.22E+00  0.36E+00  0.86E+05  0.15E+02
     ------------------------------------------------------------

     alpha_pv=     33.8465 eV

     Number of occupied bands for each k-point:
     k-point:     1    nbnd_occ=  42
     k-point:     2    nbnd_occ=  42
     k-point:     3    nbnd_occ=  42
     k-point:     4    nbnd_occ=  42
     k-point:     5    nbnd_occ=  42
     k-point:     6    nbnd_occ=  42
     k-point:     7    nbnd_occ=  42
     k-point:     8    nbnd_occ=  42
     k-point:     9    nbnd_occ=  42
     k-point:    10    nbnd_occ=  42
     k-point:    11    nbnd_occ=  42
     k-point:    12    nbnd_occ=  42
     k-point:    13    nbnd_occ=  42
     k-point:    14    nbnd_occ=  42
     k-point:    15    nbnd_occ=  42
     k-point:    16    nbnd_occ=  42


     q-space interpolation up to   110.00 Rydberg

     GIPAW job: efg                                                                             


     ELECTRIC FIELD GRADIENTS TENSORS IN Hartree/bohrradius^2:

     ----- bare term -----
     Cl   1        0.020810       -0.038174       -0.058507
     Cl   1       -0.038174       -0.012006       -0.019359
     Cl   1       -0.058507       -0.019359       -0.008803

     C    2        0.024273        0.451159       -0.173571
     C    2        0.451159       -0.224734       -0.549824
     C    2       -0.173571       -0.549824        0.200461

     C    3       -0.424448        0.315982       -0.300772
     C    3        0.315982        0.070681       -0.246480
     C    3       -0.300772       -0.246480        0.353766

     H    4       -0.119708       -0.219177       -0.578801
     H    4       -0.219177        0.389756       -0.294978
     H    4       -0.578801       -0.294978       -0.270048

     C    5       -0.090536        0.426197       -0.116507
     C    5        0.426197       -0.217020       -0.413292
     C    5       -0.116507       -0.413292        0.307555

     H    6        0.398104       -0.168107       -0.107799
     H    6       -0.168107       -0.464157       -0.574306
     H    6       -0.107799       -0.574306        0.066054

     H    7       -0.065018        0.281385        0.025546
     H    7        0.281385       -0.327713        0.391546
     H    7        0.025546        0.391546        0.392731

     C    8       -0.444471       -0.331552       -0.425522
     C    8       -0.331552       -0.052102        0.112519
     C    8       -0.425522        0.112519        0.496573

     H    9       -0.651332        0.162408        0.180719
     H    9        0.162408        0.396273        0.124656
     H    9        0.180719        0.124656        0.255059

     C   10        0.106099        0.166750       -0.456440
     C   10        0.166750       -0.335485        0.498149
     C   10       -0.456440        0.498149        0.229385

     C   11       -0.339488       -0.277001       -0.371761
     C   11       -0.277001       -0.107082        0.291539
     C   11       -0.371761        0.291539        0.446570

     Cl  12       -0.028161        0.111066       -0.063726
     Cl  12        0.111066       -0.025559       -0.084651
     Cl  12       -0.063726       -0.084651        0.053720

     H   13        0.356150       -0.067580        0.249869
     H   13       -0.067580       -0.116437       -0.384042
     H   13        0.249869       -0.384042       -0.239714

     C   14       -0.438493        0.337263       -0.473055
     C   14        0.337263        0.281814       -0.275453
     C   14       -0.473055       -0.275453        0.156679

     H   15        0.025595       -0.135807       -0.379440
     H   15       -0.135807        0.336415        0.181482
     H   15       -0.379440        0.181482       -0.362010

     C   16        0.110658        0.520774       -0.110878
     C   16        0.520774       -0.307508       -0.447401
     C   16       -0.110878       -0.447401        0.196851

     C   17       -0.281480        0.285133       -0.506612
     C   17        0.285133        0.130618       -0.363974
     C   17       -0.506612       -0.363974        0.150862

     Cl  18       -0.047136        0.124886       -0.107499
     Cl  18        0.124886        0.075438       -0.129362
     Cl  18       -0.107499       -0.129362       -0.028302

     H   19        0.179762       -0.173411        0.313467
     H   19       -0.173411       -0.095569        0.538793
     H   19        0.313467        0.538793       -0.084193

     C   20       -0.065588        0.229070       -0.540040
     C   20        0.229070       -0.134575        0.434021
     C   20       -0.540040        0.434021        0.200163

     H   21       -0.402377        0.380419       -0.316437
     H   21        0.380419        0.171816        0.048021
     H   21       -0.316437        0.048021        0.230560

     C   22       -0.321621       -0.354663       -0.096405
     C   22       -0.354663       -0.088586        0.385211
     C   22       -0.096405        0.385211        0.410207

     C   23       -0.088003        0.318308       -0.370405
     C   23        0.318308       -0.044051        0.705054
     C   23       -0.370405        0.705054        0.132054

     Cl  24       -0.252012       -0.197350       -0.002949
     Cl  24       -0.197350        0.178916        0.063216
     Cl  24       -0.002949        0.063216        0.073096

     ----- ionic term -----
     Cl   1        0.108521       -0.221271       -0.001206
     Cl   1       -0.221271        0.051863        0.004901
     Cl   1       -0.001206        0.004901       -0.160384

     C    2        0.174381       -0.254393        0.267516
     C    2       -0.254393        0.064716        0.360470
     C    2        0.267516        0.360470       -0.239097

     C    3        0.100752       -0.259538        0.209197
     C    3       -0.259538        0.089213        0.353438
     C    3        0.209197        0.353438       -0.189966

     H    4        0.399126        0.218401        0.745334
     H    4        0.218401       -0.488476        0.237613
     H    4        0.745334        0.237613        0.089350

     C    5        0.193696       -0.225436        0.284243
     C    5       -0.225436        0.021444        0.285292
     C    5        0.284243        0.285292       -0.215141

     H    6       -0.531246        0.012939        0.024785
     H    6        0.012939        0.562988        0.753217
     H    6        0.024785        0.753217       -0.031742

     H    7       -0.471539       -0.246677        0.125208
     H    7       -0.246677        0.690522       -0.661478
     H    7        0.125208       -0.661478       -0.218983

     C    8        0.386419        0.039857        0.220333
     C    8        0.039857        0.033930       -0.305174
     C    8        0.220333       -0.305174       -0.420348

     H    9        0.862569       -0.396435        0.396464
     H    9       -0.396435       -0.397917       -0.174733
     H    9        0.396464       -0.174733       -0.464653

     C   10        0.220786        0.123543        0.126347
     C   10        0.123543        0.179474       -0.380344
     C   10        0.126347       -0.380344       -0.400261

     C   11        0.179586        0.074335        0.284227
     C   11        0.074335        0.149085       -0.433047
     C   11        0.284227       -0.433047       -0.328671

     Cl  12        0.115474        0.203692       -0.005826
     Cl  12        0.203692        0.022985       -0.009155
     Cl  12       -0.005826       -0.009155       -0.138459

     H   13       -0.506795        0.058682        0.070683
     H   13        0.058682        0.583725        0.745314
     H   13        0.070683        0.745314       -0.076930

     C   14        0.296197       -0.284745        0.306220
     C   14       -0.284745        0.017520        0.272805
     C   14        0.306220        0.272805       -0.313717

     H   15        0.508814        0.203000        0.754097
     H   15        0.203000       -0.457547        0.223947
     H   15        0.754097        0.223947       -0.051267

     C   16        0.153239       -0.350570        0.204976
     C   16       -0.350570        0.147756        0.346765
     C   16        0.204976        0.346765       -0.300995

     C   17        0.142673       -0.247925        0.266365
     C   17       -0.247925        0.077142        0.367077
     C   17        0.266365        0.367077       -0.219815

     Cl  18        0.152471       -0.217087        0.020948
     Cl  18       -0.217087       -0.011833       -0.002715
     Cl  18        0.020948       -0.002715       -0.140638

     H   19       -0.514148        0.024008       -0.002740
     H   19        0.024008        0.488425       -0.774921
     H   19       -0.002740       -0.774921        0.025722

     C   20        0.312946        0.160807        0.214092
     C   20        0.160807       -0.029988       -0.362978
     C   20        0.214092       -0.362978       -0.282958

     H   21        0.785277       -0.307188        0.538886
     H   21       -0.307188       -0.434222       -0.209359
     H   21        0.538886       -0.209359       -0.351055

     C   22        0.234630        0.218445        0.099707
     C   22        0.218445        0.104919       -0.408766
     C   22        0.099707       -0.408766       -0.339549

     C   23        0.325678        0.110129        0.215612
     C   23        0.110129        0.051407       -0.390794
     C   23        0.215612       -0.390794       -0.377085

     Cl  24        0.161178        0.198398        0.017632
     Cl  24        0.198398       -0.010716       -0.001448
     Cl  24        0.017632       -0.001448       -0.150462

     ----- GIPAW term -----
     Cl   1        1.541068       -2.430776       -0.485832
     Cl   1       -2.430776       -0.040648       -0.148244
     Cl   1       -0.485832       -0.148244       -1.500419

     C    2        0.179246        0.126536       -0.076245
     C    2        0.126536       -0.040053       -0.109378
     C    2       -0.076245       -0.109378       -0.139193

     C    3       -0.074084        0.148708        0.006402
     C    3        0.148708        0.058841        0.051720
     C    3        0.006402        0.051720        0.015244

     H    4       -0.000000        0.000000        0.000000
     H    4        0.000000        0.000000        0.000000
     H    4        0.000000        0.000000        0.000000

     C    5        0.015272        0.201344        0.038007
     C    5        0.201344        0.026012       -0.036098
     C    5        0.038007       -0.036098       -0.041284

     H    6       -0.000000        0.000000        0.000000
     H    6        0.000000        0.000000        0.000000
     H    6        0.000000        0.000000        0.000000

     H    7       -0.000000        0.000000        0.000000
     H    7        0.000000        0.000000        0.000000
     H    7        0.000000        0.000000        0.000000

     C    8        0.003788        0.048262       -0.172738
     C    8        0.048262       -0.048029       -0.078606
     C    8       -0.172738       -0.078606        0.044242

     H    9       -0.000000        0.000000        0.000000
     H    9        0.000000        0.000000        0.000000
     H    9        0.000000        0.000000        0.000000

     C   10        0.132892        0.121978       -0.239697
     C   10        0.121978       -0.126393        0.014671
     C   10       -0.239697        0.014671       -0.006499

     C   11        0.056598        0.120482       -0.174749
     C   11        0.120482       -0.065380       -0.025608
     C   11       -0.174749       -0.025608        0.008782

     Cl  12        0.754342        2.911165       -1.156624
     Cl  12        2.911165       -0.202219       -1.242290
     Cl  12       -1.156624       -1.242290       -0.552123

     H   13       -0.000000        0.000000        0.000000
     H   13        0.000000        0.000000        0.000000
     H   13        0.000000        0.000000        0.000000

     C   14       -0.022635        0.195184       -0.135309
     C   14        0.195184        0.092351       -0.108737
     C   14       -0.135309       -0.108737       -0.069716

     H   15       -0.000000        0.000000        0.000000
     H   15        0.000000        0.000000        0.000000
     H   15        0.000000        0.000000        0.000000

     C   16        0.066271        0.184954       -0.103133
     C   16        0.184954       -0.035070       -0.120628
     C   16       -0.103133       -0.120628       -0.031201

     C   17       -0.019529        0.110120       -0.141340
     C   17        0.110120        0.132882       -0.147658
     C   17       -0.141340       -0.147658       -0.113354

     Cl  18        0.582906       -0.620550       -0.956590
     Cl  18       -0.620550        1.115689       -1.494133
     Cl  18       -0.956590       -1.494133       -1.698595

     H   19       -0.000000        0.000000        0.000000
     H   19        0.000000        0.000000        0.000000
     H   19        0.000000        0.000000        0.000000

     C   20        0.107642        0.185903       -0.193772
     C   20        0.185903       -0.080832        0.013875
     C   20       -0.193772        0.013875       -0.026810

     H   21       -0.000000        0.000000        0.000000
     H   21        0.000000        0.000000        0.000000
     H   21        0.000000        0.000000        0.000000

     C   22       -0.034880        0.086399        0.027399
     C   22        0.086399        0.066830        0.076149
     C   22        0.027399        0.076149       -0.031950

     C   23        0.033039        0.258721       -0.012678
     C   23        0.258721        0.064868        0.181941
     C   23       -0.012678        0.181941       -0.097907

     Cl  24       -0.185974        1.508379       -0.076079
     Cl  24        1.508379        1.776567        0.501465
     Cl  24       -0.076079        0.501465       -1.590593

     ----- total EFG -----
     Cl   1        1.670398       -2.690220       -0.545545
     Cl   1       -2.690220       -0.000792       -0.162703
     Cl   1       -0.545545       -0.162703       -1.669606

     C    2        0.377900        0.323302        0.017700
     C    2        0.323302       -0.200070       -0.298733
     C    2        0.017700       -0.298733       -0.177829

     C    3       -0.397780        0.205152       -0.085173
     C    3        0.205152        0.218735        0.158678
     C    3       -0.085173        0.158678        0.179044

     H    4        0.279418       -0.000777        0.166533
     H    4       -0.000777       -0.098720       -0.057365
     H    4        0.166533       -0.057365       -0.180698

     C    5        0.118433        0.402106        0.205743
     C    5        0.402106       -0.169563       -0.164099
     C    5        0.205743       -0.164099        0.051130

     H    6       -0.133142       -0.155168       -0.083014
     H    6       -0.155168        0.098830        0.178911
     H    6       -0.083014        0.178911        0.034312

     H    7       -0.536557        0.034708        0.150754
     H    7        0.034708        0.362808       -0.269932
     H    7        0.150754       -0.269932        0.173749

     C    8       -0.054264       -0.243433       -0.377927
     C    8       -0.243433       -0.066202       -0.271261
     C    8       -0.377927       -0.271261        0.120466

     H    9        0.211238       -0.234027        0.577183
     H    9       -0.234027       -0.001644       -0.050076
     H    9        0.577183       -0.050076       -0.209594

     C   10        0.459777        0.412271       -0.569790
     C   10        0.412271       -0.282404        0.132475
     C   10       -0.569790        0.132475       -0.177374

     C   11       -0.103304       -0.082185       -0.262283
     C   11       -0.082185       -0.023377       -0.167116
     C   11       -0.262283       -0.167116        0.126681

     Cl  12        0.841655        3.225922       -1.226176
     Cl  12        3.225922       -0.204793       -1.336097
     Cl  12       -1.226176       -1.336097       -0.636863

     H   13       -0.150644       -0.008898        0.320552
     H   13       -0.008898        0.467288        0.361271
     H   13        0.320552        0.361271       -0.316644

     C   14       -0.164931        0.247702       -0.302145
     C   14        0.247702        0.391685       -0.111385
     C   14       -0.302145       -0.111385       -0.226754

     H   15        0.534409        0.067193        0.374658
     H   15        0.067193       -0.121132        0.405429
     H   15        0.374658        0.405429       -0.413277

     C   16        0.330168        0.355158       -0.009036
     C   16        0.355158       -0.194823       -0.221264
     C   16       -0.009036       -0.221264       -0.135346

     C   17       -0.158336        0.147328       -0.381587
     C   17        0.147328        0.340643       -0.144555
     C   17       -0.381587       -0.144555       -0.182307

     Cl  18        0.688241       -0.712752       -1.043140
     Cl  18       -0.712752        1.179294       -1.626211
     Cl  18       -1.043140       -1.626211       -1.867535

     H   19       -0.334386       -0.149403        0.310728
     H   19       -0.149403        0.392856       -0.236127
     H   19        0.310728       -0.236127       -0.058471

     C   20        0.355000        0.575780       -0.519720
     C   20        0.575780       -0.245395        0.084918
     C   20       -0.519720        0.084918       -0.109606

     H   21        0.382900        0.073230        0.222449
     H   21        0.073230       -0.262405       -0.161338
     H   21        0.222449       -0.161338       -0.120495

     C   22       -0.121872       -0.049819        0.030700
     C   22       -0.049819        0.083164        0.052594
     C   22        0.030700        0.052594        0.038708

     C   23        0.270713        0.687158       -0.167471
     C   23        0.687158        0.072225        0.496201
     C   23       -0.167471        0.496201       -0.342938

     Cl  24       -0.276808        1.509427       -0.061396
     Cl  24        1.509427        1.944766        0.563233
     Cl  24       -0.061396        0.563233       -1.667958

     ----- total EFG (symmetrized) -----
     Cl   1        1.670398       -2.690220       -0.545545
     Cl   1       -2.690220       -0.000792       -0.162703
     Cl   1       -0.545545       -0.162703       -1.669606

     C    2        0.377900        0.323302        0.017700
     C    2        0.323302       -0.200070       -0.298733
     C    2        0.017700       -0.298733       -0.177829

     C    3       -0.397780        0.205152       -0.085173
     C    3        0.205152        0.218735        0.158678
     C    3       -0.085173        0.158678        0.179044

     H    4        0.279418       -0.000777        0.166533
     H    4       -0.000777       -0.098720       -0.057365
     H    4        0.166533       -0.057365       -0.180698

     C    5        0.118433        0.402106        0.205743
     C    5        0.402106       -0.169563       -0.164099
     C    5        0.205743       -0.164099        0.051130

     H    6       -0.133142       -0.155168       -0.083014
     H    6       -0.155168        0.098830        0.178911
     H    6       -0.083014        0.178911        0.034312

     H    7       -0.536557        0.034708        0.150754
     H    7        0.034708        0.362808       -0.269932
     H    7        0.150754       -0.269932        0.173749

     C    8       -0.054264       -0.243433       -0.377927
     C    8       -0.243433       -0.066202       -0.271261
     C    8       -0.377927       -0.271261        0.120466

     H    9        0.211238       -0.234027        0.577183
     H    9       -0.234027       -0.001644       -0.050076
     H    9        0.577183       -0.050076       -0.209594

     C   10        0.459777        0.412271       -0.569790
     C   10        0.412271       -0.282404        0.132475
     C   10       -0.569790        0.132475       -0.177374

     C   11       -0.103304       -0.082185       -0.262283
     C   11       -0.082185       -0.023377       -0.167116
     C   11       -0.262283       -0.167116        0.126681

     Cl  12        0.841655        3.225922       -1.226176
     Cl  12        3.225922       -0.204793       -1.336097
     Cl  12       -1.226176       -1.336097       -0.636863

     H   13       -0.150644       -0.008898        0.320552
     H   13       -0.008898        0.467288        0.361271
     H   13        0.320552        0.361271       -0.316644

     C   14       -0.164931        0.247702       -0.302145
     C   14        0.247702        0.391685       -0.111385
     C   14       -0.302145       -0.111385       -0.226754

     H   15        0.534409        0.067193        0.374658
     H   15        0.067193       -0.121132        0.405429
     H   15        0.374658        0.405429       -0.413277

     C   16        0.330168        0.355158       -0.009036
     C   16        0.355158       -0.194823       -0.221264
     C   16       -0.009036       -0.221264       -0.135346

     C   17       -0.158336        0.147328       -0.381587
     C   17        0.147328        0.340643       -0.144555
     C   17       -0.381587       -0.144555       -0.182307

     Cl  18        0.688241       -0.712752       -1.043140
     Cl  18       -0.712752        1.179294       -1.626211
     Cl  18       -1.043140       -1.626211       -1.867535

     H   19       -0.334386       -0.149403        0.310728
     H   19       -0.149403        0.392856       -0.236127
     H   19        0.310728       -0.236127       -0.058471

     C   20        0.355000        0.575780       -0.519720
     C   20        0.575780       -0.245395        0.084918
     C   20       -0.519720        0.084918       -0.109606

     H   21        0.382900        0.073230        0.222449
     H   21        0.073230       -0.262405       -0.161338
     H   21        0.222449       -0.161338       -0.120495

     C   22       -0.121872       -0.049819        0.030700
     C   22       -0.049819        0.083164        0.052594
     C   22        0.030700        0.052594        0.038708

     C   23        0.270713        0.687158       -0.167471
     C   23        0.687158        0.072225        0.496201
     C   23       -0.167471        0.496201       -0.342938

     Cl  24       -0.276808        1.509427       -0.061396
     Cl  24        1.509427        1.944766        0.563233
     Cl  24       -0.061396        0.563233       -1.667958


     NQR/NMR SPECTROSCOPIC PARAMETERS:
     Cl   1    Vxx=   -1.3607    axis=(  0.305151  0.507252 -0.805964)
     Cl   1    Vyy=   -2.3133    axis=(  0.506295  0.630395  0.588445)
     Cl   1    Vzz=    3.6739    axis=(  0.806565 -0.587621 -0.064453)
     Cl   1  Q=        -8.1650 1e-30 m^2  Cq=       -70.4828 MHz  eta= 0.25930

     C    2    Vxx=    0.0168    axis=(  0.395692 -0.484697  0.780061)
     C    2    Vyy=    0.5403    axis=( -0.877559 -0.449983  0.165548)
     C    2    Vzz=   -0.5571    axis=(  0.270773 -0.750056 -0.603405)
     C    2  Q=         1.0000 1e-30 m^2  Cq=        -1.3090 MHz  eta= 0.93980

     C    3    Vxx=    0.1117    axis=( -0.339244 -0.515918  0.786602)
     C    3    Vyy=    0.3734    axis=( -0.147235 -0.796762 -0.586081)
     C    3    Vzz=   -0.4851    axis=( -0.929105  0.314640 -0.194336)
     C    3  Q=         1.0000 1e-30 m^2  Cq=        -1.1397 MHz  eta= 0.53943

     H    4    Vxx=   -0.0804    axis=(  0.142206  0.942365 -0.302862)
     H    4    Vyy=   -0.2538    axis=( -0.280806  0.331809  0.900584)
     H    4    Vzz=    0.3342    axis=(  0.949171 -0.043023  0.311807)
     H    4  Q=         1.0000 1e-30 m^2  Cq=         0.7851 MHz  eta= 0.51879

     C    5    Vxx=    0.1384    axis=(  0.014997 -0.454859  0.890437)
     C    5    Vyy=    0.4199    axis=( -0.831651 -0.500064 -0.241439)
     C    5    Vzz=   -0.5584    axis=(  0.555096 -0.736912 -0.385783)
     C    5  Q=         1.0000 1e-30 m^2  Cq=        -1.3119 MHz  eta= 0.50419

     H    6    Vxx=   -0.1039    axis=(  0.297754 -0.493321  0.817299)
     H    6    Vyy=   -0.2111    axis=(  0.883855  0.465984 -0.040734)
     H    6    Vzz=    0.3150    axis=( -0.360753  0.734502  0.574773)
     H    6  Q=         1.0000 1e-30 m^2  Cq=         0.7402 MHz  eta= 0.34027

     H    7    Vxx=    0.0187    axis=( -0.246676 -0.582600 -0.774421)
     H    7    Vyy=    0.5576    axis=( -0.055562  0.806303 -0.588887)
     H    7    Vzz=   -0.5763    axis=( -0.967504  0.102236  0.231266)
     H    7  Q=         1.0000 1e-30 m^2  Cq=        -1.3540 MHz  eta= 0.93511

     C    8    Vxx=    0.1668    axis=(  0.555976 -0.807961  0.195167)
     C    8    Vyy=    0.4321    axis=( -0.546526 -0.178433  0.818212)
     C    8    Vzz=   -0.5989    axis=(  0.626259  0.561570  0.540776)
     C    8  Q=         1.0000 1e-30 m^2  Cq=        -1.4072 MHz  eta= 0.44286

     H    9    Vxx=   -0.0582    axis=(  0.161472  0.938512  0.305158)
     H    9    Vyy=   -0.6283    axis=( -0.588810 -0.156530  0.792970)
     H    9    Vzz=    0.6865    axis=(  0.791979 -0.307723  0.527330)
     H    9  Q=         1.0000 1e-30 m^2  Cq=         1.6130 MHz  eta= 0.83047

     C   10    Vxx=   -0.1128    axis=(  0.101973  0.754465  0.648371)
     C   10    Vyy=   -0.7584    axis=(  0.496192 -0.603477  0.624187)
     C   10    Vzz=    0.8712    axis=( -0.862204 -0.258066  0.435897)
     C   10  Q=         1.0000 1e-30 m^2  Cq=         2.0471 MHz  eta= 0.74098

     C   11    Vxx=    0.0280    axis=(  0.536261 -0.844043 -0.004059)
     C   11    Vyy=    0.3273    axis=(  0.455755  0.293604 -0.840288)
     C   11    Vzz=   -0.3554    axis=(  0.710431  0.448763  0.542125)
     C   11  Q=         1.0000 1e-30 m^2  Cq=        -0.8350 MHz  eta= 0.84222

     Cl  12    Vxx=   -1.2736    axis=(  0.342668  0.129013  0.930556)
     Cl  12    Vyy=   -2.9766    axis=(  0.617984 -0.777003 -0.119842)
     Cl  12    Vzz=    4.2502    axis=(  0.707584  0.616134 -0.345982)
     Cl  12  Q=        -8.1650 1e-30 m^2  Cq=       -81.5380 MHz  eta= 0.40068

     H   13    Vxx=    0.0201    axis=(  0.835387 -0.335252  0.435587)
     H   13    Vyy=    0.6253    axis=( -0.154539 -0.903749 -0.399194)
     H   13    Vzz=   -0.6454    axis=(  0.527491  0.266166 -0.806789)
     H   13  Q=         1.0000 1e-30 m^2  Cq=        -1.5165 MHz  eta= 0.93781

     C   14    Vxx=   -0.0412    axis=(  0.579634 -0.497654 -0.645263)
     C   14    Vyy=   -0.5083    axis=(  0.698397 -0.104587  0.708027)
     C   14    Vzz=    0.5496    axis=( -0.419839 -0.861047  0.286938)
     C   14  Q=         1.0000 1e-30 m^2  Cq=         1.2913 MHz  eta= 0.84990

     H   15    Vxx=    0.0401    axis=(  0.411079 -0.821596 -0.394961)
     H   15    Vyy=    0.7172    axis=(  0.885799  0.257657  0.385971)
     H   15    Vzz=   -0.7574    axis=( -0.215348 -0.508520  0.833686)
     H   15  Q=         1.0000 1e-30 m^2  Cq=        -1.7795 MHz  eta= 0.89398

     C   16    Vxx=   -0.0432    axis=(  0.372399 -0.369808  0.851212)
     C   16    Vyy=   -0.4848    axis=( -0.342195  0.797846  0.496331)
     C   16    Vzz=    0.5280    axis=( -0.862683 -0.476114  0.170571)
     C   16  Q=         1.0000 1e-30 m^2  Cq=         1.2405 MHz  eta= 0.83646

     C   17    Vxx=    0.0598    axis=(  0.579535 -0.592165 -0.559893)
     C   17    Vyy=    0.4923    axis=( -0.424559 -0.805816  0.412808)
     C   17    Vzz=   -0.5521    axis=(  0.695621  0.001529  0.718407)
     C   17  Q=         1.0000 1e-30 m^2  Cq=        -1.2972 MHz  eta= 0.78345

     Cl  18    Vxx=    1.0455    axis=(  0.913310  0.114337 -0.390885)
     Cl  18    Vyy=    1.9465    axis=(  0.251530 -0.913215  0.320580)
     Cl  18    Vzz=   -2.9919    axis=(  0.320308  0.391108  0.862808)
     Cl  18  Q=        -8.1650 1e-30 m^2  Cq=        57.3990 MHz  eta= 0.30115

     H   19    Vxx=   -0.0377    axis=(  0.460411  0.544299  0.701256)
     H   19    Vyy=   -0.5364    axis=(  0.837430 -0.004235 -0.546528)
     H   19    Vzz=    0.5742    axis=(  0.294505 -0.838880  0.457762)
     H   19  Q=         1.0000 1e-30 m^2  Cq=         1.3490 MHz  eta= 0.86854

     C   20    Vxx=   -0.0839    axis=(  0.066677  0.640072  0.765417)
     C   20    Vyy=   -0.7963    axis=(  0.557413 -0.660147  0.503484)
     C   20    Vzz=    0.8802    axis=( -0.827553 -0.393083  0.400801)
     C   20  Q=         1.0000 1e-30 m^2  Cq=         2.0681 MHz  eta= 0.80944

     H   21    Vxx=   -0.0545    axis=( -0.256614 -0.647352  0.717694)
     H   21    Vyy=   -0.4128    axis=( -0.238448  0.762010  0.602066)
     H   21    Vzz=    0.4673    axis=(  0.936639  0.016634  0.349902)
     H   21  Q=         1.0000 1e-30 m^2  Cq=         1.0980 MHz  eta= 0.76672

     C   22    Vxx=    0.0226    axis=(  0.331132 -0.448301  0.830288)
     C   22    Vyy=    0.1208    axis=( -0.111524  0.855168  0.506212)
     C   22    Vzz=   -0.1433    axis=( -0.936971 -0.260220  0.233177)
     C   22  Q=         1.0000 1e-30 m^2  Cq=        -0.3368 MHz  eta= 0.68531

     C   23    Vxx=    0.0328    axis=(  0.557028 -0.373628 -0.741702)
     C   23    Vyy=    0.9021    axis=( -0.702025 -0.688988 -0.180157)
     C   23    Vzz=   -0.9349    axis=( -0.443712  0.621046 -0.646082)
     C   23  Q=         1.0000 1e-30 m^2  Cq=        -2.1967 MHz  eta= 0.92985

     Cl  24    Vxx=   -0.9220    axis=(  0.853695 -0.379408 -0.356728)
     Cl  24    Vyy=   -1.8373    axis=(  0.277201 -0.248834  0.928031)
     Cl  24    Vzz=    2.7593    axis=( -0.440868 -0.891140 -0.107256)
     Cl  24  Q=        -8.1650 1e-30 m^2  Cq=       -52.9359 MHz  eta= 0.33172

     Initialization:
     gipaw_setup  :      9.12s CPU     10.75s WALL (       1 calls)

     Linear response

     Apply operators

     Induced current

     Other routines
     efg          :      8.92s CPU     10.89s WALL (       1 calls)

     General routines
     calbec       :      3.08s CPU      3.83s WALL (      16 calls)
     fft          :      1.53s CPU      2.09s WALL (      15 calls)
     ffts         :      0.03s CPU      0.04s WALL (       2 calls)
     fftw         :      3.10s CPU      3.70s WALL (     672 calls)
     davcio       :      0.03s CPU      0.32s WALL (      32 calls)

     Parallel routines
     fft_scatter  :      1.99s CPU      2.87s WALL (     689 calls)

     Plugins

     GIPAW        :     59.82s CPU     73.02s WALL (       1 calls)
