
     Program QE v.6.0 (svn rev. 13079) starts on 10Jan2017 at 22:41:11 

     This program is part of the open-source Quantum ESPRESSO suite
     for quantum simulation of materials; please cite
         "P. Giannozzi et al., J. Phys.:Condens. Matter 21 395502 (2009);
          URL http://www.quantum-espresso.org", 
     in publications or presentations arising from this work. More details at
     http://www.quantum-espresso.org/quote

     Parallel version (MPI), running on     8 processors
     R & G space division:  proc/nbgrp/npool/nimage =       8

     ***** This is GIPAW svn revision unknown      *****

     Parallelizing q-star over 1 images

     Reading data from directory:
     /users/majewski/paradichlorobenzene/pbe/9_constraint/scratch/pbe.ecut100.np8.dt60.pcl2phi-129368.save
     Message from routine read_xml_file:
     file /users/majewski/paradichlorobenzene/pbe/9_constraint/scratch/pbe.ecut100.np8.dt60.pcl2phi-129368.save not guaranteed to be safe for post-processing

   Info: using nr1, nr2, nr3 values from input

   Info: using nr1, nr2, nr3 values from input

     IMPORTANT: XC functional enforced from input :
     Exchange-correlation      =  SLA  PW   PBX  PBC ( 1  4  3  4 0 0)
     Any further DFT definition will be discarded
     Please, verify this is what you really want

               file C.pbe-n-kjpaw_psl.1.0.0.UPF: wavefunction(s)  2S 2P renormalized
               file Cl.pbe-n-kjpaw_psl.1.0.0.UPF: wavefunction(s)  3S 3P renormalized
               file H.pbe-kjpaw_psl.1.0.0.UPF: wavefunction(s)  1S renormalized

     Parallelization info
     --------------------
     sticks:   dense  smooth     PW     G-vecs:    dense   smooth      PW
     Min        3057    1223    332               144436    36536    5170
     Max        3059    1225    333               144437    36537    5171
     Sum       24467    9791   2657              1155489   292295   41363


     Subspace diagonalization in iterative solution of the eigenvalue problem:
     a serial algorithm will be used

     GIPAW projectors -----------------------------------------------
     atom=  C    l=0  rc=    1.2000  rs=    0.8000
     atom=  C    l=0  rc=    1.2000  rs=    0.8000
     atom=  C    l=1  rc=    1.4000  rs=    0.9333
     atom=  C    l=1  rc=    1.4000  rs=    0.9333
     projs nearly linearly dependent: l=1  n1,n2= 1, 2  s=  0.99951561

     atom=  Cl   l=0  rc=    1.6000  rs=    1.0667
     atom=  Cl   l=0  rc=    1.6000  rs=    1.0667
     atom=  Cl   l=1  rc=    1.6000  rs=    1.0667
     atom=  Cl   l=1  rc=    1.6000  rs=    1.0667
     atom=  Cl   l=2  rc=    1.6000  rs=    1.0667
     atom=  Cl   l=2  rc=    1.6000  rs=    1.0667
     projs nearly linearly dependent: l=2  n1,n2= 1, 2  s=  0.99993509

     atom=  H    l=0  rc=    1.0000  rs=    0.6667
     atom=  H    l=0  rc=    1.0000  rs=    0.6667
     projs nearly linearly dependent: l=0  n1,n2= 1, 2  s=  0.99968852
     -----------------------------------------------------------------

     GIPAW integrals: -------------------------------------------
     Atom  i/j   nmr_para   nmr_dia   epr_rmc  epr_para   epr_dia
       C   1 1   0.83E+03  0.17E-01  0.93E+01  0.24E+08  0.24E+03
       C   2 1   0.86E+03 -0.61E-01  0.94E+01  0.25E+08  0.25E+03
       C   2 2   0.90E+03 -0.15E+00  0.97E+01  0.26E+08  0.26E+03
       C   3 3   0.33E+01  0.34E+00  0.18E+01  0.55E+03  0.21E+02
       C   4 3   0.35E+01  0.37E+00  0.20E+01  0.59E+03  0.22E+02
       C   4 4   0.38E+01  0.39E+00  0.22E+01  0.63E+03  0.24E+02
       Cl  1 1   0.14E+04 -0.47E+00  0.84E+01  0.32E+09  0.42E+03
       Cl  2 1   0.21E+04 -0.37E+00  0.12E+02  0.49E+09  0.65E+03
       Cl  2 2   0.33E+04 -0.16E+00  0.21E+02  0.76E+09  0.10E+04
       Cl  3 3   0.21E+02  0.79E-01  0.89E+01  0.23E+05  0.13E+03
       Cl  4 3   0.24E+02  0.67E-01  0.99E+01  0.27E+05  0.15E+03
       Cl  4 4   0.28E+02  0.44E-01  0.11E+02  0.32E+05  0.18E+03
       Cl  5 5   0.77E+00  0.19E+00  0.18E+01  0.12E+03  0.22E+02
       Cl  6 5   0.80E+00  0.19E+00  0.19E+01  0.12E+03  0.23E+02
       Cl  6 6   0.83E+00  0.20E+00  0.19E+01  0.12E+03  0.23E+02
       H   1 1   0.39E+02  0.19E+00  0.29E+00  0.78E+05  0.13E+02
       H   2 1   0.41E+02  0.21E+00  0.32E+00  0.82E+05  0.14E+02
       H   2 2   0.43E+02  0.22E+00  0.36E+00  0.86E+05  0.15E+02
     ------------------------------------------------------------

     alpha_pv=     33.9641 eV

     Number of occupied bands for each k-point:
     k-point:     1    nbnd_occ=  42
     k-point:     2    nbnd_occ=  42
     k-point:     3    nbnd_occ=  42
     k-point:     4    nbnd_occ=  42
     k-point:     5    nbnd_occ=  42
     k-point:     6    nbnd_occ=  42
     k-point:     7    nbnd_occ=  42
     k-point:     8    nbnd_occ=  42
     k-point:     9    nbnd_occ=  42
     k-point:    10    nbnd_occ=  42
     k-point:    11    nbnd_occ=  42
     k-point:    12    nbnd_occ=  42
     k-point:    13    nbnd_occ=  42
     k-point:    14    nbnd_occ=  42
     k-point:    15    nbnd_occ=  42
     k-point:    16    nbnd_occ=  42


     q-space interpolation up to   110.00 Rydberg

     GIPAW job: efg                                                                             


     ELECTRIC FIELD GRADIENTS TENSORS IN Hartree/bohrradius^2:

     ----- bare term -----
     Cl   1       -0.014933        0.179394       -0.028131
     Cl   1        0.179394        0.083217       -0.011484
     Cl   1       -0.028131       -0.011484       -0.068284

     C    2       -0.317935        0.299808       -0.483685
     C    2        0.299808        0.225885       -0.226071
     C    2       -0.483685       -0.226071        0.092050

     C    3        0.106360        0.463131       -0.058928
     C    3        0.463131       -0.197671       -0.563641
     C    3       -0.058928       -0.563641        0.091312

     H    4        0.079237        0.022068       -0.463684
     H    4        0.022068        0.031756        0.248553
     H    4       -0.463684        0.248553       -0.110993

     C    5       -0.543684        0.362205       -0.461513
     C    5        0.362205        0.276165       -0.295009
     C    5       -0.461513       -0.295009        0.267520

     H    6        0.496707       -0.053265        0.098659
     H    6       -0.053265       -0.156664       -0.336729
     H    6        0.098659       -0.336729       -0.340042

     H    7        0.408534        0.261346        0.062979
     H    7        0.261346       -0.641430        0.104439
     H    7        0.062979        0.104439        0.232896

     C    8       -0.494094       -0.059571       -0.321488
     C    8       -0.059571       -0.065664        0.379183
     C    8       -0.321488        0.379183        0.559758

     H    9       -0.373828        0.374385        0.229147
     H    9        0.374385        0.232118       -0.098241
     H    9        0.229147       -0.098241        0.141710

     C   10       -0.027700       -0.213642        0.003082
     C   10       -0.213642       -0.435996        0.343929
     C   10        0.003082        0.343929        0.463696

     C   11       -0.437856        0.088146       -0.243176
     C   11        0.088146       -0.043544        0.454621
     C   11       -0.243176        0.454621        0.481400

     Cl  12       -0.169972       -0.064435        0.019617
     Cl  12       -0.064435       -0.115056        0.047392
     Cl  12        0.019617        0.047392        0.285027

     H   13        0.492041       -0.011504        0.084024
     H   13       -0.011504        0.046224       -0.447108
     H   13        0.084024       -0.447108       -0.538265

     C   14       -0.175020        0.303353       -0.085063
     C   14        0.303353       -0.398283       -0.337640
     C   14       -0.085063       -0.337640        0.573303

     H   15        0.152439       -0.062889       -0.338266
     H   15       -0.062889        0.375575        0.166019
     H   15       -0.338266        0.166019       -0.528014

     C   16       -0.242651        0.200087       -0.256453
     C   16        0.200087       -0.142935       -0.525575
     C   16       -0.256453       -0.525575        0.385586

     C   17       -0.134906        0.167130       -0.232628
     C   17        0.167130       -0.320975       -0.500928
     C   17       -0.232628       -0.500928        0.455881

     Cl  18       -0.059200        0.099152       -0.097603
     Cl  18        0.099152       -0.003272       -0.093737
     Cl  18       -0.097603       -0.093737        0.062472

     H   19       -0.178667        0.367130       -0.148645
     H   19        0.367130       -0.205724        0.358610
     H   19       -0.148645        0.358610        0.384391

     C   20       -0.104038       -0.468148       -0.214573
     C   20       -0.468148       -0.298736        0.373320
     C   20       -0.214573        0.373320        0.402774

     H   21       -0.620093        0.310946        0.160625
     H   21        0.310946        0.391591        0.040656
     H   21        0.160625        0.040656        0.228502

     C   22        0.034814        0.018577       -0.459518
     C   22        0.018577       -0.323489        0.505211
     C   22       -0.459518        0.505211        0.288676

     C   23       -0.363976       -0.237597       -0.295643
     C   23       -0.237597       -0.001145        0.378204
     C   23       -0.295643        0.378204        0.365121

     Cl  24       -0.040379        0.089779       -0.069330
     Cl  24        0.089779       -0.054237       -0.059996
     Cl  24       -0.069330       -0.059996        0.094616

     ----- ionic term -----
     Cl   1        0.127513       -0.209393        0.019553
     Cl   1       -0.209393        0.017329       -0.000734
     Cl   1        0.019553       -0.000734       -0.144842

     C    2        0.074524       -0.234900        0.365116
     C    2       -0.234900        0.038231        0.386339
     C    2        0.365116        0.386339       -0.112755

     C    3        0.056632       -0.304665        0.241560
     C    3       -0.304665        0.145956        0.346653
     C    3        0.241560        0.346653       -0.202589

     H    4        0.521403        0.064791        0.761638
     H    4        0.064791       -0.501058        0.126207
     H    4        0.761638        0.126207       -0.020346

     C    5        0.148612       -0.253802        0.357961
     C    5       -0.253802        0.003942        0.268389
     C    5        0.357961        0.268389       -0.152554

     H    6       -0.535895        0.084017        0.093330
     H    6        0.084017        0.419209        0.785903
     H    6        0.093330        0.785903        0.116686

     H    7       -0.484769       -0.182207        0.104760
     H    7       -0.182207        0.616122       -0.703503
     H    7        0.104760       -0.703503       -0.131353

     C    8        0.391244        0.090319        0.165723
     C    8        0.090319        0.041748       -0.307875
     C    8        0.165723       -0.307875       -0.432993

     H    9        0.852587       -0.465566        0.323494
     H    9       -0.465566       -0.310976       -0.172563
     H    9        0.323494       -0.172563       -0.541611

     C   10        0.170291        0.129659        0.065280
     C   10        0.129659        0.277637       -0.413353
     C   10        0.065280       -0.413353       -0.447928

     C   11        0.224992        0.076458        0.142455
     C   11        0.076458        0.240421       -0.383328
     C   11        0.142455       -0.383328       -0.465413

     Cl  12        0.131324        0.196871        0.009300
     Cl  12        0.196871        0.025705       -0.005009
     Cl  12        0.009300       -0.005009       -0.157029

     H   13       -0.543188       -0.034410       -0.021738
     H   13       -0.034410        0.392069        0.790208
     H   13       -0.021738        0.790208        0.151120

     C   14        0.094862       -0.253117        0.329142
     C   14       -0.253117        0.008251        0.289290
     C   14        0.329142        0.289290       -0.103113

     H   15        0.228489        0.092444        0.811423
     H   15        0.092444       -0.508668        0.178138
     H   15        0.811423        0.178138        0.280179

     C   16       -0.075830       -0.302663        0.222066
     C   16       -0.302663        0.182715        0.416158
     C   16        0.222066        0.416158       -0.106884

     C   17        0.013297       -0.285090        0.336754
     C   17       -0.285090        0.126208        0.392092
     C   17        0.336754        0.392092       -0.139505

     Cl  18        0.066857       -0.214553        0.024710
     Cl  18       -0.214553        0.078606       -0.016433
     Cl  18        0.024710       -0.016433       -0.145463

     H   19       -0.430487       -0.329455        0.185540
     H   19       -0.329455        0.610373       -0.650601
     H   19        0.185540       -0.650601       -0.179886

     C   20        0.337124        0.018755        0.144563
     C   20        0.018755        0.108704       -0.278143
     C   20        0.144563       -0.278143       -0.445828

     H   21        0.793114       -0.427547        0.405977
     H   21       -0.427547       -0.346333       -0.192682
     H   21        0.405977       -0.192682       -0.446781

     C   22        0.184959        0.118180        0.094408
     C   22        0.118180        0.257890       -0.344231
     C   22        0.094408       -0.344231       -0.442849

     C   23        0.347525        0.095882        0.157166
     C   23        0.095882        0.133435       -0.348483
     C   23        0.157166       -0.348483       -0.480960

     Cl  24        0.136551        0.207343       -0.034375
     Cl  24        0.207343        0.005528       -0.025532
     Cl  24       -0.034375       -0.025532       -0.142079

     ----- GIPAW term -----
     Cl   1        0.931341        0.582512       -0.257916
     Cl   1        0.582512        1.701797       -0.272705
     Cl   1       -0.257916       -0.272705       -2.633138

     C    2        0.052677        0.160185       -0.046042
     C    2        0.160185        0.141353        0.010847
     C    2       -0.046042        0.010847       -0.194031

     C    3       -0.008584        0.193215       -0.037753
     C    3        0.193215        0.108067       -0.127573
     C    3       -0.037753       -0.127573       -0.099483

     H    4       -0.000000        0.000000        0.000000
     H    4        0.000000        0.000000        0.000000
     H    4        0.000000        0.000000        0.000000

     C    5       -0.075713        0.182231       -0.094983
     C    5        0.182231        0.131438       -0.071877
     C    5       -0.094983       -0.071877       -0.055725

     H    6       -0.000000        0.000000        0.000000
     H    6        0.000000        0.000000        0.000000
     H    6        0.000000        0.000000        0.000000

     H    7       -0.000000        0.000000        0.000000
     H    7        0.000000        0.000000        0.000000
     H    7        0.000000        0.000000        0.000000

     C    8       -0.170204       -0.002057       -0.039981
     C    8       -0.002057       -0.067483        0.185678
     C    8       -0.039981        0.185678        0.237687

     H    9       -0.000000        0.000000        0.000000
     H    9        0.000000        0.000000        0.000000
     H    9        0.000000        0.000000        0.000000

     C   10       -0.084331       -0.017748       -0.017784
     C   10       -0.017748       -0.126007        0.057243
     C   10       -0.017784        0.057243        0.210339

     C   11       -0.134699        0.095521       -0.016081
     C   11        0.095521       -0.103181        0.132937
     C   11       -0.016081        0.132937        0.237880

     Cl  12       -0.282846        1.707512        0.133039
     Cl  12        1.707512       -1.213212        0.501181
     Cl  12        0.133039        0.501181        1.496058

     H   13       -0.000000        0.000000        0.000000
     H   13        0.000000        0.000000        0.000000
     H   13        0.000000        0.000000        0.000000

     C   14       -0.088441        0.060834        0.057426
     C   14        0.060834       -0.190054        0.016353
     C   14        0.057426        0.016353        0.278495

     H   15       -0.000000        0.000000        0.000000
     H   15        0.000000        0.000000        0.000000
     H   15        0.000000        0.000000        0.000000

     C   16       -0.162409        0.026276       -0.080979
     C   16        0.026276       -0.032495       -0.213748
     C   16       -0.080979       -0.213748        0.194904

     C   17        0.011031       -0.099730        0.008151
     C   17       -0.099730       -0.101997       -0.100061
     C   17        0.008151       -0.100061        0.090966

     Cl  18        0.057794       -0.341835       -1.352561
     Cl  18       -0.341835        0.418594       -2.044163
     Cl  18       -1.352561       -2.044163       -0.476388

     H   19       -0.000000        0.000000        0.000000
     H   19        0.000000        0.000000        0.000000
     H   19        0.000000        0.000000        0.000000

     C   20        0.139676       -0.141872       -0.044358
     C   20       -0.141872       -0.128376        0.079241
     C   20       -0.044358        0.079241       -0.011300

     H   21       -0.000000        0.000000        0.000000
     H   21        0.000000        0.000000        0.000000
     H   21        0.000000        0.000000        0.000000

     C   22        0.103292        0.062810       -0.236866
     C   22        0.062810       -0.126119        0.050528
     C   22       -0.236866        0.050528        0.022827

     C   23       -0.006917        0.146591       -0.042036
     C   23        0.146591        0.082341        0.059246
     C   23       -0.042036        0.059246       -0.075424

     Cl  24        0.854278        2.628653       -0.725110
     Cl  24        2.628653       -0.432568       -0.577676
     Cl  24       -0.725110       -0.577676       -0.421710

     ----- total EFG -----
     Cl   1        1.043921        0.552513       -0.266493
     Cl   1        0.552513        1.802344       -0.284923
     Cl   1       -0.266493       -0.284923       -2.846265

     C    2       -0.190734        0.225093       -0.164611
     C    2        0.225093        0.405469        0.171114
     C    2       -0.164611        0.171114       -0.214735

     C    3        0.154408        0.351680        0.144880
     C    3        0.351680        0.056352       -0.344561
     C    3        0.144880       -0.344561       -0.210760

     H    4        0.600640        0.086859        0.297955
     H    4        0.086859       -0.469301        0.374761
     H    4        0.297955        0.374761       -0.131339

     C    5       -0.470785        0.290634       -0.198535
     C    5        0.290634        0.411544       -0.098497
     C    5       -0.198535       -0.098497        0.059241

     H    6       -0.039188        0.030752        0.191989
     H    6        0.030752        0.262545        0.449174
     H    6        0.191989        0.449174       -0.223357

     H    7       -0.076235        0.079139        0.167739
     H    7        0.079139       -0.025308       -0.599064
     H    7        0.167739       -0.599064        0.101543

     C    8       -0.273054        0.028691       -0.195747
     C    8        0.028691       -0.091398        0.256986
     C    8       -0.195747        0.256986        0.364452

     H    9        0.478759       -0.091181        0.552641
     H    9       -0.091181       -0.078858       -0.270803
     H    9        0.552641       -0.270803       -0.399901

     C   10        0.058260       -0.101731        0.050578
     C   10       -0.101731       -0.284366       -0.012181
     C   10        0.050578       -0.012181        0.226106

     C   11       -0.347563        0.260125       -0.116802
     C   11        0.260125        0.093696        0.204230
     C   11       -0.116802        0.204230        0.253867

     Cl  12       -0.321493        1.839948        0.161956
     Cl  12        1.839948       -1.302563        0.543564
     Cl  12        0.161956        0.543564        1.624057

     H   13       -0.051147       -0.045914        0.062286
     H   13       -0.045914        0.438292        0.343100
     H   13        0.062286        0.343100       -0.387145

     C   14       -0.168599        0.111070        0.301505
     C   14        0.111070       -0.580086       -0.031996
     C   14        0.301505       -0.031996        0.748685

     H   15        0.380928        0.029555        0.473158
     H   15        0.029555       -0.133093        0.344157
     H   15        0.473158        0.344157       -0.247835

     C   16       -0.480890       -0.076300       -0.115367
     C   16       -0.076300        0.007285       -0.323165
     C   16       -0.115367       -0.323165        0.473605

     C   17       -0.110578       -0.217691        0.112277
     C   17       -0.217691       -0.296765       -0.208897
     C   17        0.112277       -0.208897        0.407342

     Cl  18        0.065452       -0.457237       -1.425454
     Cl  18       -0.457237        0.493928       -2.154333
     Cl  18       -1.425454       -2.154333       -0.559380

     H   19       -0.609153        0.037675        0.036896
     H   19        0.037675        0.404648       -0.291991
     H   19        0.036896       -0.291991        0.204505

     C   20        0.372762       -0.591265       -0.114368
     C   20       -0.591265       -0.318408        0.174418
     C   20       -0.114368        0.174418       -0.054354

     H   21        0.173021       -0.116601        0.566602
     H   21       -0.116601        0.045258       -0.152027
     H   21        0.566602       -0.152027       -0.218279

     C   22        0.323065        0.199567       -0.601976
     C   22        0.199567       -0.191718        0.211508
     C   22       -0.601976        0.211508       -0.131347

     C   23       -0.023368        0.004876       -0.180512
     C   23        0.004876        0.214631        0.088968
     C   23       -0.180512        0.088968       -0.191263

     Cl  24        0.950450        2.925774       -0.828816
     Cl  24        2.925774       -0.481277       -0.663204
     Cl  24       -0.828816       -0.663204       -0.469173

     ----- total EFG (symmetrized) -----
     Cl   1        1.043921        0.552513       -0.266493
     Cl   1        0.552513        1.802344       -0.284923
     Cl   1       -0.266493       -0.284923       -2.846265

     C    2       -0.190734        0.225093       -0.164611
     C    2        0.225093        0.405469        0.171114
     C    2       -0.164611        0.171114       -0.214735

     C    3        0.154408        0.351680        0.144880
     C    3        0.351680        0.056352       -0.344561
     C    3        0.144880       -0.344561       -0.210760

     H    4        0.600640        0.086859        0.297955
     H    4        0.086859       -0.469301        0.374761
     H    4        0.297955        0.374761       -0.131339

     C    5       -0.470785        0.290634       -0.198535
     C    5        0.290634        0.411544       -0.098497
     C    5       -0.198535       -0.098497        0.059241

     H    6       -0.039188        0.030752        0.191989
     H    6        0.030752        0.262545        0.449174
     H    6        0.191989        0.449174       -0.223357

     H    7       -0.076235        0.079139        0.167739
     H    7        0.079139       -0.025308       -0.599064
     H    7        0.167739       -0.599064        0.101543

     C    8       -0.273054        0.028691       -0.195747
     C    8        0.028691       -0.091398        0.256986
     C    8       -0.195747        0.256986        0.364452

     H    9        0.478759       -0.091181        0.552641
     H    9       -0.091181       -0.078858       -0.270803
     H    9        0.552641       -0.270803       -0.399901

     C   10        0.058260       -0.101731        0.050578
     C   10       -0.101731       -0.284366       -0.012181
     C   10        0.050578       -0.012181        0.226106

     C   11       -0.347563        0.260125       -0.116802
     C   11        0.260125        0.093696        0.204230
     C   11       -0.116802        0.204230        0.253867

     Cl  12       -0.321493        1.839948        0.161956
     Cl  12        1.839948       -1.302563        0.543564
     Cl  12        0.161956        0.543564        1.624057

     H   13       -0.051147       -0.045914        0.062286
     H   13       -0.045914        0.438292        0.343100
     H   13        0.062286        0.343100       -0.387145

     C   14       -0.168599        0.111070        0.301505
     C   14        0.111070       -0.580086       -0.031996
     C   14        0.301505       -0.031996        0.748685

     H   15        0.380928        0.029555        0.473158
     H   15        0.029555       -0.133093        0.344157
     H   15        0.473158        0.344157       -0.247835

     C   16       -0.480890       -0.076300       -0.115367
     C   16       -0.076300        0.007285       -0.323165
     C   16       -0.115367       -0.323165        0.473605

     C   17       -0.110578       -0.217691        0.112277
     C   17       -0.217691       -0.296765       -0.208897
     C   17        0.112277       -0.208897        0.407342

     Cl  18        0.065452       -0.457237       -1.425454
     Cl  18       -0.457237        0.493928       -2.154333
     Cl  18       -1.425454       -2.154333       -0.559380

     H   19       -0.609153        0.037675        0.036896
     H   19        0.037675        0.404648       -0.291991
     H   19        0.036896       -0.291991        0.204505

     C   20        0.372762       -0.591265       -0.114368
     C   20       -0.591265       -0.318408        0.174418
     C   20       -0.114368        0.174418       -0.054354

     H   21        0.173021       -0.116601        0.566602
     H   21       -0.116601        0.045258       -0.152027
     H   21        0.566602       -0.152027       -0.218279

     C   22        0.323065        0.199567       -0.601976
     C   22        0.199567       -0.191718        0.211508
     C   22       -0.601976        0.211508       -0.131347

     C   23       -0.023368        0.004876       -0.180512
     C   23        0.004876        0.214631        0.088968
     C   23       -0.180512        0.088968       -0.191263

     Cl  24        0.950450        2.925774       -0.828816
     Cl  24        2.925774       -0.481277       -0.663204
     Cl  24       -0.828816       -0.663204       -0.469173


     NQR/NMR SPECTROSCOPIC PARAMETERS:
     Cl   1    Vxx=    0.7559    axis=(  0.880828 -0.472620 -0.027782)
     Cl   1    Vyy=    2.1218    axis=(  0.469595  0.879636 -0.075638)
     Cl   1    Vzz=   -2.8777    axis=(  0.060186  0.053577  0.996748)
     Cl   1  Q=        -8.1650 1e-30 m^2  Cq=        55.2067 MHz  eta= 0.47467

     C    2    Vxx=   -0.0411    axis=(  0.688377 -0.070348 -0.721934)
     C    2    Vyy=   -0.4582    axis=( -0.673209  0.308583 -0.671986)
     C    2    Vzz=    0.4993    axis=( -0.270050 -0.948592 -0.165062)
     C    2  Q=         1.0000 1e-30 m^2  Cq=         1.1732 MHz  eta= 0.83537

     C    3    Vxx=    0.1055    axis=(  0.623121 -0.370371  0.688872)
     C    3    Vyy=    0.4864    axis=( -0.664057 -0.715865  0.215791)
     C    3    Vzz=   -0.5920    axis=(  0.413217 -0.591914 -0.692018)
     C    3  Q=         1.0000 1e-30 m^2  Cq=        -1.3909 MHz  eta= 0.64343

     H    4    Vxx=   -0.0275    axis=(  0.420974 -0.537210 -0.730881)
     H    4    Vyy=   -0.7179    axis=( -0.072999 -0.823209  0.563026)
     H    4    Vzz=    0.7454    axis=( -0.904130 -0.183666 -0.385765)
     H    4  Q=         1.0000 1e-30 m^2  Cq=         1.7514 MHz  eta= 0.92621

     C    5    Vxx=    0.0511    axis=(  0.144700 -0.367691 -0.918621)
     C    5    Vyy=    0.5479    axis=( -0.316140 -0.896911  0.309203)
     C    5    Vzz=   -0.5990    axis=(  0.937613 -0.245671  0.246025)
     C    5  Q=         1.0000 1e-30 m^2  Cq=        -1.4075 MHz  eta= 0.82943

     H    6    Vxx=   -0.0202    axis=(  0.931822 -0.332480  0.145483)
     H    6    Vyy=   -0.5371    axis=( -0.294722 -0.459343  0.837939)
     H    6    Vzz=    0.5573    axis=( -0.211772 -0.823687 -0.526015)
     H    6  Q=         1.0000 1e-30 m^2  Cq=         1.3094 MHz  eta= 0.92756

     H    7    Vxx=   -0.0293    axis=(  0.947599  0.293083  0.127114)
     H    7    Vyy=   -0.6186    axis=( -0.302748  0.696855  0.650182)
     H    7    Vzz=    0.6479    axis=(  0.101977 -0.654595  0.749070)
     H    7  Q=         1.0000 1e-30 m^2  Cq=         1.5223 MHz  eta= 0.90969

     C    8    Vxx=   -0.1424    axis=(  0.513944  0.828681 -0.221695)
     C    8    Vyy=   -0.3736    axis=( -0.831550  0.417806 -0.366009)
     C    8    Vzz=    0.5160    axis=( -0.210679  0.372459  0.903819)
     C    8  Q=         1.0000 1e-30 m^2  Cq=         1.2124 MHz  eta= 0.44822

     H    9    Vxx=   -0.0597    axis=(  0.341158  0.922576 -0.180178)
     H    9    Vyy=   -0.7331    axis=( -0.375196  0.309393  0.873787)
     H    9    Vzz=    0.7928    axis=(  0.861881 -0.230498  0.451699)
     H    9  Q=         1.0000 1e-30 m^2  Cq=         1.8627 MHz  eta= 0.84942

     C   10    Vxx=    0.0690    axis=( -0.915135  0.252643  0.314166)
     C   10    Vyy=    0.2433    axis=(  0.303702 -0.080466  0.949363)
     C   10    Vzz=   -0.3123    axis=( -0.265130 -0.964208  0.003091)
     C   10  Q=         1.0000 1e-30 m^2  Cq=        -0.7338 MHz  eta= 0.55823

     C   11    Vxx=    0.1198    axis=(  0.505395  0.656612 -0.559854)
     C   11    Vyy=    0.3976    axis=(  0.087777  0.606327  0.790356)
     C   11    Vzz=   -0.5174    axis=(  0.858412 -0.448584  0.248799)
     C   11  Q=         1.0000 1e-30 m^2  Cq=        -1.2156 MHz  eta= 0.53695

     Cl  12    Vxx=    0.8347    axis=(  0.718934  0.494751 -0.488216)
     Cl  12    Vyy=    1.9071    axis=(  0.350690  0.348253  0.869331)
     Cl  12    Vzz=   -2.7419    axis=(  0.600125 -0.796205  0.076867)
     Cl  12  Q=        -8.1650 1e-30 m^2  Cq=        52.6013 MHz  eta= 0.39113

     H   13    Vxx=   -0.0403    axis=(  0.987174 -0.018940  0.158524)
     H   13    Vyy=   -0.5228    axis=( -0.155512 -0.338695  0.927955)
     H   13    Vzz=    0.5631    axis=(  0.036116 -0.940705 -0.337297)
     H   13  Q=         1.0000 1e-30 m^2  Cq=         1.3230 MHz  eta= 0.85698

     C   14    Vxx=   -0.2216    axis=( -0.911712 -0.306831  0.273196)
     C   14    Vyy=   -0.6173    axis=( -0.294174  0.951764  0.087222)
     C   14    Vzz=    0.8389    axis=(  0.286780  0.000846  0.957996)
     C   14  Q=         1.0000 1e-30 m^2  Cq=         1.9711 MHz  eta= 0.47178

     H   15    Vxx=   -0.0156    axis=(  0.447777 -0.833708 -0.323152)
     H   15    Vyy=   -0.6669    axis=(  0.346015  0.494818 -0.797138)
     H   15    Vzz=    0.6824    axis=(  0.824481  0.245125  0.510043)
     H   15  Q=         1.0000 1e-30 m^2  Cq=         1.6034 MHz  eta= 0.95437

     C   16    Vxx=   -0.1186    axis=( -0.310745  0.858511  0.407918)
     C   16    Vyy=   -0.5245    axis=(  0.948513  0.252397  0.191361)
     C   16    Vzz=    0.6431    axis=( -0.061329 -0.446380  0.892740)
     C   16  Q=         1.0000 1e-30 m^2  Cq=         1.5111 MHz  eta= 0.63102

     C   17    Vxx=   -0.0549    axis=( -0.826217  0.410272  0.386060)
     C   17    Vyy=   -0.4568    axis=(  0.493089  0.858084  0.143373)
     C   17    Vzz=    0.5117    axis=(  0.272450 -0.308819  0.911264)
     C   17  Q=         1.0000 1e-30 m^2  Cq=         1.2023 MHz  eta= 0.78526

     Cl  18    Vxx=    0.5894    axis=( -0.860445  0.483370  0.161206)
     Cl  18    Vyy=    2.3325    axis=( -0.271642 -0.702817  0.657464)
     Cl  18    Vzz=   -2.9219    axis=(  0.431096  0.521921  0.736040)
     Cl  18  Q=        -8.1650 1e-30 m^2  Cq=        56.0550 MHz  eta= 0.59658

     H   19    Vxx=    0.0003    axis=(  0.084862  0.578152  0.811504)
     H   19    Vyy=    0.6133    axis=(  0.007560  0.814045 -0.580753)
     H   19    Vzz=   -0.6136    axis=( -0.996364  0.055419  0.064711)
     H   19  Q=         1.0000 1e-30 m^2  Cq=        -1.4418 MHz  eta= 0.99891

     C   20    Vxx=   -0.0824    axis=(  0.273746  0.024764  0.961483)
     C   20    Vyy=   -0.6727    axis=(  0.473107  0.866898 -0.157027)
     C   20    Vzz=    0.7551    axis=( -0.837396  0.497870  0.225593)
     C   20  Q=         1.0000 1e-30 m^2  Cq=         1.7742 MHz  eta= 0.78169

     H   21    Vxx=   -0.0071    axis=(  0.293214  0.950546  0.102407)
     H   21    Vyy=   -0.6270    axis=( -0.567352  0.086787  0.818889)
     H   21    Vzz=    0.6340    axis=(  0.769505 -0.298211  0.564741)
     H   21  Q=         1.0000 1e-30 m^2  Cq=         1.4897 MHz  eta= 0.97764

     C   22    Vxx=   -0.0335    axis=(  0.236523  0.871747  0.429086)
     C   22    Vyy=   -0.7080    axis=( -0.508684  0.487358 -0.709735)
     C   22    Vzz=    0.7415    axis=( -0.827827 -0.050401  0.558715)
     C   22  Q=         1.0000 1e-30 m^2  Cq=         1.7422 MHz  eta= 0.90974

     C   23    Vxx=    0.0791    axis=(  0.838684  0.277476 -0.468633)
     C   23    Vyy=    0.2387    axis=(  0.165553 -0.949649 -0.266005)
     C   23    Vzz=   -0.3178    axis=(  0.518847 -0.145510  0.842392)
     C   23  Q=         1.0000 1e-30 m^2  Cq=        -0.7467 MHz  eta= 0.50215

     Cl  24    Vxx=   -0.7510    axis=(  0.204825  0.154680  0.966499)
     Cl  24    Vyy=   -2.7775    axis=( -0.616727  0.787163  0.004721)
     Cl  24    Vzz=    3.5285    axis=( -0.760063 -0.597033  0.256626)
     Cl  24  Q=        -8.1650 1e-30 m^2  Cq=       -67.6925 MHz  eta= 0.57435

     Initialization:
     gipaw_setup  :      9.49s CPU     11.78s WALL (       1 calls)

     Linear response

     Apply operators

     Induced current

     Other routines
     efg          :     11.82s CPU     26.85s WALL (       1 calls)

     General routines
     calbec       :      3.48s CPU      4.88s WALL (      16 calls)
     fft          :      1.44s CPU      2.05s WALL (      15 calls)
     ffts         :      0.04s CPU      0.05s WALL (       2 calls)
     fftw         :      5.49s CPU     10.14s WALL (     672 calls)
     davcio       :      0.10s CPU      8.47s WALL (      32 calls)

     Parallel routines
     fft_scatter  :      4.28s CPU      9.41s WALL (     689 calls)

     Plugins

     GIPAW        :     63.78s CPU     88.77s WALL (       1 calls)
