
     Program QE v.6.0 (svn rev. 13079) starts on 18Dec2016 at 23:35:28 

     This program is part of the open-source Quantum ESPRESSO suite
     for quantum simulation of materials; please cite
         "P. Giannozzi et al., J. Phys.:Condens. Matter 21 395502 (2009);
          URL http://www.quantum-espresso.org", 
     in publications or presentations arising from this work. More details at
     http://www.quantum-espresso.org/quote

     Parallel version (MPI), running on     8 processors
     R & G space division:  proc/nbgrp/npool/nimage =       8

     ***** This is GIPAW svn revision unknown      *****

     Parallelizing q-star over 1 images

     Reading data from directory:
     /users/majewski/paradichlorobenzene/pbe/9_constraint/scratch/pbe.ecut100.np8.dt60.pcl2phi-129368.save
     Message from routine read_xml_file:
     file /users/majewski/paradichlorobenzene/pbe/9_constraint/scratch/pbe.ecut100.np8.dt60.pcl2phi-129368.save not guaranteed to be safe for post-processing

   Info: using nr1, nr2, nr3 values from input

   Info: using nr1, nr2, nr3 values from input

     IMPORTANT: XC functional enforced from input :
     Exchange-correlation      =  SLA  PW   PBX  PBC ( 1  4  3  4 0 0)
     Any further DFT definition will be discarded
     Please, verify this is what you really want

               file C.pbe-n-kjpaw_psl.1.0.0.UPF: wavefunction(s)  2S 2P renormalized
               file Cl.pbe-n-kjpaw_psl.1.0.0.UPF: wavefunction(s)  3S 3P renormalized
               file H.pbe-kjpaw_psl.1.0.0.UPF: wavefunction(s)  1S renormalized

     Parallelization info
     --------------------
     sticks:   dense  smooth     PW     G-vecs:    dense   smooth      PW
     Min        3057    1223    332               144436    36536    5170
     Max        3059    1225    333               144437    36537    5171
     Sum       24467    9791   2657              1155489   292295   41363


     Subspace diagonalization in iterative solution of the eigenvalue problem:
     a serial algorithm will be used

     GIPAW projectors -----------------------------------------------
     atom=  C    l=0  rc=    1.2000  rs=    0.8000
     atom=  C    l=0  rc=    1.2000  rs=    0.8000
     atom=  C    l=1  rc=    1.4000  rs=    0.9333
     atom=  C    l=1  rc=    1.4000  rs=    0.9333
     projs nearly linearly dependent: l=1  n1,n2= 1, 2  s=  0.99951561

     atom=  Cl   l=0  rc=    1.6000  rs=    1.0667
     atom=  Cl   l=0  rc=    1.6000  rs=    1.0667
     atom=  Cl   l=1  rc=    1.6000  rs=    1.0667
     atom=  Cl   l=1  rc=    1.6000  rs=    1.0667
     atom=  Cl   l=2  rc=    1.6000  rs=    1.0667
     atom=  Cl   l=2  rc=    1.6000  rs=    1.0667
     projs nearly linearly dependent: l=2  n1,n2= 1, 2  s=  0.99993509

     atom=  H    l=0  rc=    1.0000  rs=    0.6667
     atom=  H    l=0  rc=    1.0000  rs=    0.6667
     projs nearly linearly dependent: l=0  n1,n2= 1, 2  s=  0.99968852
     -----------------------------------------------------------------

     GIPAW integrals: -------------------------------------------
     Atom  i/j   nmr_para   nmr_dia   epr_rmc  epr_para   epr_dia
       C   1 1   0.83E+03  0.17E-01  0.93E+01  0.24E+08  0.24E+03
       C   2 1   0.86E+03 -0.61E-01  0.94E+01  0.25E+08  0.25E+03
       C   2 2   0.90E+03 -0.15E+00  0.97E+01  0.26E+08  0.26E+03
       C   3 3   0.33E+01  0.34E+00  0.18E+01  0.55E+03  0.21E+02
       C   4 3   0.35E+01  0.37E+00  0.20E+01  0.59E+03  0.22E+02
       C   4 4   0.38E+01  0.39E+00  0.22E+01  0.63E+03  0.24E+02
       Cl  1 1   0.14E+04 -0.47E+00  0.84E+01  0.32E+09  0.42E+03
       Cl  2 1   0.21E+04 -0.37E+00  0.12E+02  0.49E+09  0.65E+03
       Cl  2 2   0.33E+04 -0.16E+00  0.21E+02  0.76E+09  0.10E+04
       Cl  3 3   0.21E+02  0.79E-01  0.89E+01  0.23E+05  0.13E+03
       Cl  4 3   0.24E+02  0.67E-01  0.99E+01  0.27E+05  0.15E+03
       Cl  4 4   0.28E+02  0.44E-01  0.11E+02  0.32E+05  0.18E+03
       Cl  5 5   0.77E+00  0.19E+00  0.18E+01  0.12E+03  0.22E+02
       Cl  6 5   0.80E+00  0.19E+00  0.19E+01  0.12E+03  0.23E+02
       Cl  6 6   0.83E+00  0.20E+00  0.19E+01  0.12E+03  0.23E+02
       H   1 1   0.39E+02  0.19E+00  0.29E+00  0.78E+05  0.13E+02
       H   2 1   0.41E+02  0.21E+00  0.32E+00  0.82E+05  0.14E+02
       H   2 2   0.43E+02  0.22E+00  0.36E+00  0.86E+05  0.15E+02
     ------------------------------------------------------------

     alpha_pv=     34.7299 eV

     Number of occupied bands for each k-point:
     k-point:     1    nbnd_occ=  42
     k-point:     2    nbnd_occ=  42
     k-point:     3    nbnd_occ=  42
     k-point:     4    nbnd_occ=  42
     k-point:     5    nbnd_occ=  42
     k-point:     6    nbnd_occ=  42
     k-point:     7    nbnd_occ=  42
     k-point:     8    nbnd_occ=  42
     k-point:     9    nbnd_occ=  42
     k-point:    10    nbnd_occ=  42
     k-point:    11    nbnd_occ=  42
     k-point:    12    nbnd_occ=  42
     k-point:    13    nbnd_occ=  42
     k-point:    14    nbnd_occ=  42
     k-point:    15    nbnd_occ=  42
     k-point:    16    nbnd_occ=  42


     q-space interpolation up to   110.00 Rydberg

     GIPAW job: efg                                                                             


     ELECTRIC FIELD GRADIENTS TENSORS IN Hartree/bohrradius^2:

     ----- bare term -----
     Cl   1       -0.071521        0.059467       -0.033656
     Cl   1        0.059467       -0.034253        0.005356
     Cl   1       -0.033656        0.005356        0.105774

     C    2       -0.032627        0.292661       -0.096306
     C    2        0.292661       -0.373974       -0.467595
     C    2       -0.096306       -0.467595        0.406601

     C    3       -0.439651        0.361051       -0.268492
     C    3        0.361051        0.056945       -0.446729
     C    3       -0.268492       -0.446729        0.382706

     H    4       -0.188737       -0.494017       -0.226100
     H    4       -0.494017       -0.211478       -0.013579
     H    4       -0.226100       -0.013579        0.400215

     C    5       -0.496723        0.100531       -0.347253
     C    5        0.100531       -0.073370       -0.389670
     C    5       -0.347253       -0.389670        0.570093

     H    6        0.490464       -0.181566        0.019151
     H    6       -0.181566       -0.680206        0.067063
     H    6        0.019151        0.067063        0.189742

     H    7        0.425059        0.001337       -0.056960
     H    7        0.001337       -0.693204        0.242316
     H    7       -0.056960        0.242316        0.268145

     C    8       -0.334962       -0.212093       -0.342465
     C    8       -0.212093       -0.084749        0.472741
     C    8       -0.342465        0.472741        0.419710

     H    9       -0.505126        0.496962       -0.068592
     H    9        0.496962        0.199877       -0.011433
     H    9       -0.068592       -0.011433        0.305249

     C   10       -0.467702       -0.383850       -0.316298
     C   10       -0.383850        0.120162        0.368638
     C   10       -0.316298        0.368638        0.347540

     C   11       -0.065499       -0.047747       -0.302425
     C   11       -0.047747       -0.250059        0.506392
     C   11       -0.302425        0.506392        0.315558

     Cl  12       -0.172711       -0.176383       -0.059757
     Cl  12       -0.176383        0.094348        0.163623
     Cl  12       -0.059757        0.163623        0.078362

     H   13        0.450653        0.013922       -0.098367
     H   13        0.013922       -0.665670       -0.130055
     H   13       -0.098367       -0.130055        0.215018

     C   14       -0.489165        0.007634       -0.320400
     C   14        0.007634       -0.035591       -0.424842
     C   14       -0.320400       -0.424842        0.524756

     H   15       -0.410496       -0.432573       -0.208836
     H   15       -0.432573        0.173007       -0.000509
     H   15       -0.208836       -0.000509        0.237489

     C   16       -0.348184        0.363143       -0.108747
     C   16        0.363143       -0.129165       -0.499942
     C   16       -0.108747       -0.499942        0.477349

     C   17       -0.061996        0.001405       -0.347752
     C   17        0.001405       -0.308943       -0.491683
     C   17       -0.347752       -0.491683        0.370939

     Cl  18       -0.189819        0.194378        0.036964
     Cl  18        0.194378        0.073558        0.160214
     Cl  18        0.036964        0.160214        0.116261

     H   19        0.383543        0.282254        0.084479
     H   19        0.282254       -0.614532        0.118034
     H   19        0.084479        0.118034        0.230989

     C   20       -0.453271       -0.155018       -0.340368
     C   20       -0.155018       -0.091861        0.272956
     C   20       -0.340368        0.272956        0.545132

     H   21       -0.396570        0.451885        0.119962
     H   21        0.451885        0.218480       -0.127173
     H   21        0.119962       -0.127173        0.178090

     C   22       -0.135020       -0.226001       -0.056593
     C   22       -0.226001       -0.354705        0.398659
     C   22       -0.056593        0.398659        0.489725

     C   23       -0.392338       -0.107546       -0.369367
     C   23       -0.107546       -0.093558        0.435260
     C   23       -0.369367        0.435260        0.485897

     Cl  24       -0.066589       -0.040213        0.022595
     Cl  24       -0.040213       -0.043603        0.014547
     Cl  24        0.022595        0.014547        0.110192

     ----- ionic term -----
     Cl   1        0.124301       -0.219813        0.075540
     Cl   1       -0.219813        0.034065       -0.050740
     Cl   1        0.075540       -0.050740       -0.158366

     C    2        0.194826       -0.175431        0.311195
     C    2       -0.175431        0.256279        0.238567
     C    2        0.311195        0.238567       -0.451104

     C    3        0.200101       -0.188214        0.220367
     C    3       -0.188214        0.274223        0.279195
     C    3        0.220367        0.279195       -0.474324

     H    4        0.544242        0.482041        0.588829
     H    4        0.482041       -0.244414        0.298574
     H    4        0.588829        0.298574       -0.299828

     C    5        0.362949       -0.089761        0.300444
     C    5       -0.089761        0.108320        0.256817
     C    5        0.300444        0.256817       -0.471269

     H    6       -0.493920        0.121194        0.054230
     H    6        0.121194        0.820156        0.577049
     H    6        0.054230        0.577049       -0.326236

     H    7       -0.507342       -0.002995        0.017275
     H    7       -0.002995        0.756739       -0.642734
     H    7        0.017275       -0.642734       -0.249397

     C    8        0.412458        0.157317        0.190130
     C    8        0.157317        0.088898       -0.256001
     C    8        0.190130       -0.256001       -0.501356

     H    9        0.757223       -0.355827        0.526446
     H    9       -0.355827       -0.420192       -0.204339
     H    9        0.526446       -0.204339       -0.337032

     C   10        0.273055        0.199629        0.158023
     C   10        0.199629        0.177816       -0.301536
     C   10        0.158023       -0.301536       -0.450870

     C   11        0.307358        0.080974        0.114363
     C   11        0.080974        0.148133       -0.368699
     C   11        0.114363       -0.368699       -0.455491

     Cl  12        0.168475        0.197250       -0.049799
     Cl  12        0.197250       -0.023254       -0.030359
     Cl  12       -0.049799       -0.030359       -0.145221

     H   13       -0.522139        0.065290        0.055628
     H   13        0.065290        0.764055        0.624130
     H   13        0.055628        0.624130       -0.241916

     C   14        0.325358       -0.181423        0.271980
     C   14       -0.181423        0.110717        0.255832
     C   14        0.271980        0.255832       -0.436075

     H   15        0.722873        0.359275        0.563234
     H   15        0.359275       -0.358764        0.231750
     H   15        0.563234        0.231750       -0.364108

     C   16        0.213722       -0.240781        0.187407
     C   16       -0.240781        0.292149        0.313400
     C   16        0.187407        0.313400       -0.505871

     C   17        0.286649       -0.100606        0.257339
     C   17       -0.100606        0.213415        0.358798
     C   17        0.257339        0.358798       -0.500064

     Cl  18        0.207475       -0.212367        0.018192
     Cl  18       -0.212367       -0.032863       -0.000715
     Cl  18        0.018192       -0.000715       -0.174612

     H   19       -0.512226       -0.114421        0.050321
     H   19       -0.114421        0.612410       -0.710403
     H   19        0.050321       -0.710403       -0.100184

     C   20        0.337443        0.121742        0.150064
     C   20        0.121742        0.112001       -0.301385
     C   20        0.150064       -0.301385       -0.449444

     H   21        0.727485       -0.428862        0.509316
     H   21       -0.428862       -0.334301       -0.231583
     H   21        0.509316       -0.231583       -0.393184

     C   22        0.203891        0.200781        0.119789
     C   22        0.200781        0.288836       -0.339436
     C   22        0.119789       -0.339436       -0.492727

     C   23        0.283784        0.146470        0.193572
     C   23        0.146470        0.246258       -0.314063
     C   23        0.193572       -0.314063       -0.530042

     Cl  24        0.151081        0.241339        0.013203
     Cl  24        0.241339        0.035339        0.006323
     Cl  24        0.013203        0.006323       -0.186420

     ----- GIPAW term -----
     Cl   1       -0.797881       -1.343557       -0.060664
     Cl   1       -1.343557       -1.422334       -0.494234
     Cl   1       -0.060664       -0.494234        2.220214

     C    2        0.101467       -0.036834        0.089131
     C    2       -0.036834       -0.119468       -0.035532
     C    2        0.089131       -0.035532        0.018001

     C    3       -0.163432        0.113677       -0.095941
     C    3        0.113677        0.147218       -0.168443
     C    3       -0.095941       -0.168443        0.016214

     H    4       -0.000000        0.000000        0.000000
     H    4        0.000000        0.000000        0.000000
     H    4        0.000000        0.000000        0.000000

     C    5       -0.166003        0.016388       -0.062357
     C    5        0.016388       -0.071698       -0.179346
     C    5       -0.062357       -0.179346        0.237700

     H    6       -0.000000        0.000000        0.000000
     H    6        0.000000        0.000000        0.000000
     H    6        0.000000        0.000000        0.000000

     H    7       -0.000000        0.000000        0.000000
     H    7        0.000000        0.000000        0.000000
     H    7        0.000000        0.000000        0.000000

     C    8       -0.067831       -0.057202       -0.070122
     C    8       -0.057202        0.000118        0.162886
     C    8       -0.070122        0.162886        0.067713

     H    9       -0.000000        0.000000        0.000000
     H    9        0.000000        0.000000        0.000000
     H    9        0.000000        0.000000        0.000000

     C   10       -0.148479       -0.140555       -0.094781
     C   10       -0.140555        0.175131        0.089923
     C   10       -0.094781        0.089923       -0.026652

     C   11        0.046879        0.118960       -0.039598
     C   11        0.118960       -0.038267        0.033478
     C   11       -0.039598        0.033478       -0.008612

     Cl  12        0.046204        0.966235       -0.633693
     Cl  12        0.966235        0.962633        1.555379
     Cl  12       -0.633693        1.555379       -1.008837

     H   13       -0.000000        0.000000        0.000000
     H   13        0.000000        0.000000        0.000000
     H   13        0.000000        0.000000        0.000000

     C   14       -0.117132       -0.045403        0.040924
     C   14       -0.045403       -0.067933       -0.150771
     C   14        0.040924       -0.150771        0.185065

     H   15       -0.000000        0.000000        0.000000
     H   15        0.000000        0.000000        0.000000
     H   15        0.000000        0.000000        0.000000

     C   16       -0.124577        0.009510        0.016361
     C   16        0.009510        0.050072       -0.161029
     C   16        0.016361       -0.161029        0.074505

     C   17        0.024093       -0.136529       -0.072333
     C   17       -0.136529       -0.083264       -0.026209
     C   17       -0.072333       -0.026209        0.059171

     Cl  18       -0.125800       -0.887285        0.415281
     Cl  18       -0.887285        0.885083        1.669540
     Cl  18        0.415281        1.669540       -0.759283

     H   19       -0.000000        0.000000        0.000000
     H   19        0.000000        0.000000        0.000000
     H   19        0.000000        0.000000        0.000000

     C   20       -0.139457       -0.043017       -0.109196
     C   20       -0.043017       -0.087105        0.138150
     C   20       -0.109196        0.138150        0.226563

     H   21       -0.000000        0.000000        0.000000
     H   21        0.000000        0.000000        0.000000
     H   21        0.000000        0.000000        0.000000

     C   22       -0.109605       -0.032735       -0.050911
     C   22       -0.032735       -0.106948        0.122179
     C   22       -0.050911        0.122179        0.216552

     C   23       -0.056327        0.090867       -0.133453
     C   23        0.090867       -0.084783        0.071757
     C   23       -0.133453        0.071757        0.141111

     Cl  24        1.018258        2.127804        0.148898
     Cl  24        2.127804       -0.240709        0.114145
     Cl  24        0.148898        0.114145       -0.777550

     ----- total EFG -----
     Cl   1       -0.745100       -1.503903       -0.018780
     Cl   1       -1.503903       -1.422521       -0.539618
     Cl   1       -0.018780       -0.539618        2.167622

     C    2        0.263666        0.080396        0.304020
     C    2        0.080396       -0.237163       -0.264561
     C    2        0.304020       -0.264561       -0.026502

     C    3       -0.402982        0.286513       -0.144067
     C    3        0.286513        0.478385       -0.335976
     C    3       -0.144067       -0.335976       -0.075403

     H    4        0.355505       -0.011976        0.362729
     H    4       -0.011976       -0.455892        0.284995
     H    4        0.362729        0.284995        0.100387

     C    5       -0.299777        0.027157       -0.109166
     C    5        0.027157       -0.036748       -0.312199
     C    5       -0.109166       -0.312199        0.336525

     H    6       -0.003456       -0.060372        0.073381
     H    6       -0.060372        0.139950        0.644111
     H    6        0.073381        0.644111       -0.136494

     H    7       -0.082283       -0.001658       -0.039685
     H    7       -0.001658        0.063535       -0.400418
     H    7       -0.039685       -0.400418        0.018748

     C    8        0.009665       -0.111978       -0.222457
     C    8       -0.111978        0.004267        0.379626
     C    8       -0.222457        0.379626       -0.013933

     H    9        0.252097        0.141135        0.457854
     H    9        0.141135       -0.220315       -0.215772
     H    9        0.457854       -0.215772       -0.031783

     C   10       -0.343126       -0.324776       -0.253056
     C   10       -0.324776        0.473109        0.157025
     C   10       -0.253056        0.157025       -0.129983

     C   11        0.288737        0.152187       -0.227659
     C   11        0.152187       -0.140192        0.171170
     C   11       -0.227659        0.171170       -0.148545

     Cl  12        0.041968        0.987102       -0.743248
     Cl  12        0.987102        1.033728        1.688644
     Cl  12       -0.743248        1.688644       -1.075696

     H   13       -0.071486        0.079212       -0.042739
     H   13        0.079212        0.098385        0.494074
     H   13       -0.042739        0.494074       -0.026899

     C   14       -0.280940       -0.219191       -0.007496
     C   14       -0.219191        0.007194       -0.319781
     C   14       -0.007496       -0.319781        0.273746

     H   15        0.312377       -0.073298        0.354398
     H   15       -0.073298       -0.185757        0.231241
     H   15        0.354398        0.231241       -0.126620

     C   16       -0.259039        0.131873        0.095021
     C   16        0.131873        0.213056       -0.347571
     C   16        0.095021       -0.347571        0.045983

     C   17        0.248746       -0.235730       -0.162745
     C   17       -0.235730       -0.178792       -0.159094
     C   17       -0.162745       -0.159094       -0.069954

     Cl  18       -0.108144       -0.905274        0.470437
     Cl  18       -0.905274        0.925778        1.829039
     Cl  18        0.470437        1.829039       -0.817634

     H   19       -0.128683        0.167834        0.134799
     H   19        0.167834       -0.002122       -0.592369
     H   19        0.134799       -0.592369        0.130805

     C   20       -0.255285       -0.076292       -0.299501
     C   20       -0.076292       -0.066966        0.109721
     C   20       -0.299501        0.109721        0.322251

     H   21        0.330915        0.023023        0.629278
     H   21        0.023023       -0.115820       -0.358756
     H   21        0.629278       -0.358756       -0.215094

     C   22       -0.040733       -0.057955        0.012285
     C   22       -0.057955       -0.172816        0.181402
     C   22        0.012285        0.181402        0.213550

     C   23       -0.164881        0.129792       -0.309248
     C   23        0.129792        0.067916        0.192954
     C   23       -0.309248        0.192954        0.096965

     Cl  24        1.102750        2.328929        0.184696
     Cl  24        2.328929       -0.248973        0.135015
     Cl  24        0.184696        0.135015       -0.853778

     ----- total EFG (symmetrized) -----
     Cl   1       -0.745100       -1.503903       -0.018780
     Cl   1       -1.503903       -1.422521       -0.539618
     Cl   1       -0.018780       -0.539618        2.167622

     C    2        0.263666        0.080396        0.304020
     C    2        0.080396       -0.237163       -0.264561
     C    2        0.304020       -0.264561       -0.026502

     C    3       -0.402982        0.286513       -0.144067
     C    3        0.286513        0.478385       -0.335976
     C    3       -0.144067       -0.335976       -0.075403

     H    4        0.355505       -0.011976        0.362729
     H    4       -0.011976       -0.455892        0.284995
     H    4        0.362729        0.284995        0.100387

     C    5       -0.299777        0.027157       -0.109166
     C    5        0.027157       -0.036748       -0.312199
     C    5       -0.109166       -0.312199        0.336525

     H    6       -0.003456       -0.060372        0.073381
     H    6       -0.060372        0.139950        0.644111
     H    6        0.073381        0.644111       -0.136494

     H    7       -0.082283       -0.001658       -0.039685
     H    7       -0.001658        0.063535       -0.400418
     H    7       -0.039685       -0.400418        0.018748

     C    8        0.009665       -0.111978       -0.222457
     C    8       -0.111978        0.004267        0.379626
     C    8       -0.222457        0.379626       -0.013933

     H    9        0.252097        0.141135        0.457854
     H    9        0.141135       -0.220315       -0.215772
     H    9        0.457854       -0.215772       -0.031783

     C   10       -0.343126       -0.324776       -0.253056
     C   10       -0.324776        0.473109        0.157025
     C   10       -0.253056        0.157025       -0.129983

     C   11        0.288737        0.152187       -0.227659
     C   11        0.152187       -0.140192        0.171170
     C   11       -0.227659        0.171170       -0.148545

     Cl  12        0.041968        0.987102       -0.743248
     Cl  12        0.987102        1.033728        1.688644
     Cl  12       -0.743248        1.688644       -1.075696

     H   13       -0.071486        0.079212       -0.042739
     H   13        0.079212        0.098385        0.494074
     H   13       -0.042739        0.494074       -0.026899

     C   14       -0.280940       -0.219191       -0.007496
     C   14       -0.219191        0.007194       -0.319781
     C   14       -0.007496       -0.319781        0.273746

     H   15        0.312377       -0.073298        0.354398
     H   15       -0.073298       -0.185757        0.231241
     H   15        0.354398        0.231241       -0.126620

     C   16       -0.259039        0.131873        0.095021
     C   16        0.131873        0.213056       -0.347571
     C   16        0.095021       -0.347571        0.045983

     C   17        0.248746       -0.235730       -0.162745
     C   17       -0.235730       -0.178792       -0.159094
     C   17       -0.162745       -0.159094       -0.069954

     Cl  18       -0.108144       -0.905274        0.470437
     Cl  18       -0.905274        0.925778        1.829039
     Cl  18        0.470437        1.829039       -0.817634

     H   19       -0.128683        0.167834        0.134799
     H   19        0.167834       -0.002122       -0.592369
     H   19        0.134799       -0.592369        0.130805

     C   20       -0.255285       -0.076292       -0.299501
     C   20       -0.076292       -0.066966        0.109721
     C   20       -0.299501        0.109721        0.322251

     H   21        0.330915        0.023023        0.629278
     H   21        0.023023       -0.115820       -0.358756
     H   21        0.629278       -0.358756       -0.215094

     C   22       -0.040733       -0.057955        0.012285
     C   22       -0.057955       -0.172816        0.181402
     C   22        0.012285        0.181402        0.213550

     C   23       -0.164881        0.129792       -0.309248
     C   23        0.129792        0.067916        0.192954
     C   23       -0.309248        0.192954        0.096965

     Cl  24        1.102750        2.328929        0.184696
     Cl  24        2.328929       -0.248973        0.135015
     Cl  24        0.184696        0.135015       -0.853778


     NQR/NMR SPECTROSCOPIC PARAMETERS:
     Cl   1    Vxx=    0.4009    axis=(  0.784353 -0.595538 -0.173563)
     Cl   1    Vyy=    2.2636    axis=( -0.082460  0.177213 -0.980712)
     Cl   1    Vzz=   -2.6645    axis=(  0.614809  0.783537  0.089890)
     Cl   1  Q=        -8.1650 1e-30 m^2  Cq=        51.1167 MHz  eta= 0.69906

     C    2    Vxx=    0.0331    axis=( -0.485305 -0.681120  0.548228)
     C    2    Vyy=    0.4644    axis=(  0.813265 -0.121407  0.569087)
     C    2    Vzz=   -0.4975    axis=(  0.321058 -0.722036 -0.612851)
     C    2  Q=         1.0000 1e-30 m^2  Cq=        -1.1688 MHz  eta= 0.86708

     C    3    Vxx=   -0.2337    axis=( -0.028055  0.435773  0.899619)
     C    3    Vyy=   -0.4941    axis=( -0.961666  0.233831 -0.143257)
     C    3    Vzz=    0.7278    axis=( -0.272786 -0.869152  0.412508)
     C    3  Q=         1.0000 1e-30 m^2  Cq=         1.7100 MHz  eta= 0.35788

     H    4    Vxx=   -0.0322    axis=( -0.599713  0.458190  0.656053)
     H    4    Vyy=   -0.6039    axis=(  0.180049  0.876086 -0.447275)
     H    4    Vzz=    0.6360    axis=( -0.779696 -0.150115 -0.607897)
     H    4  Q=         1.0000 1e-30 m^2  Cq=         1.4944 MHz  eta= 0.89890

     C    5    Vxx=   -0.2056    axis=( -0.263694  0.857907  0.440977)
     C    5    Vyy=   -0.3223    axis=(  0.955806  0.170773  0.239316)
     C    5    Vzz=    0.5278    axis=( -0.130004 -0.484594  0.865025)
     C    5  Q=         1.0000 1e-30 m^2  Cq=         1.2402 MHz  eta= 0.22107

     H    6    Vxx=    0.0101    axis=(  0.990007 -0.087651  0.110466)
     H    6    Vyy=    0.6605    axis=( -0.001264  0.777815  0.628492)
     H    6    Vzz=   -0.6706    axis=( -0.141010 -0.622351  0.769932)
     H    6  Q=         1.0000 1e-30 m^2  Cq=        -1.5756 MHz  eta= 0.96995

     H    7    Vxx=   -0.0804    axis=( -0.993080  0.109151  0.043340)
     H    7    Vyy=   -0.3631    axis=(  0.106446  0.680671  0.724815)
     H    7    Vzz=    0.4435    axis=( -0.049614 -0.724412  0.687579)
     H    7  Q=         1.0000 1e-30 m^2  Cq=         1.0420 MHz  eta= 0.63755

     C    8    Vxx=   -0.0881    axis=(  0.866020  0.480413  0.138613)
     C    8    Vyy=   -0.4037    axis=(  0.229681 -0.628459  0.743159)
     C    8    Vzz=    0.4918    axis=( -0.444135  0.611754  0.654600)
     C    8  Q=         1.0000 1e-30 m^2  Cq=         1.1555 MHz  eta= 0.64188

     H    9    Vxx=   -0.0270    axis=(  0.371592  0.798987 -0.472799)
     H    9    Vyy=   -0.5628    axis=( -0.468076  0.601034  0.647814)
     H    9    Vzz=    0.5898    axis=(  0.801763 -0.019417  0.597326)
     H    9  Q=         1.0000 1e-30 m^2  Cq=         1.3858 MHz  eta= 0.90846

     C   10    Vxx=   -0.1072    axis=( -0.334373 -0.415987  0.845665)
     C   10    Vyy=   -0.5504    axis=( -0.870420 -0.207723 -0.446340)
     C   10    Vzz=    0.6576    axis=( -0.361335  0.885328  0.292626)
     C   10  Q=         1.0000 1e-30 m^2  Cq=         1.5450 MHz  eta= 0.67405

     C   11    Vxx=    0.0216    axis=(  0.103006  0.766867  0.633486)
     C   11    Vyy=    0.3972    axis=( -0.928096 -0.155000  0.338545)
     C   11    Vzz=   -0.4188    axis=(  0.357809 -0.622808  0.695761)
     C   11  Q=         1.0000 1e-30 m^2  Cq=        -0.9841 MHz  eta= 0.89663

     Cl  12    Vxx=    0.4068    axis=(  0.869979 -0.047937 -0.490753)
     Cl  12    Vyy=    2.1135    axis=( -0.273581 -0.874949 -0.399523)
     Cl  12    Vzz=   -2.5203    axis=(  0.410232 -0.481837  0.774302)
     Cl  12  Q=        -8.1650 1e-30 m^2  Cq=        48.3506 MHz  eta= 0.67715

     H   13    Vxx=   -0.0556    axis=( -0.977809 -0.095420  0.186507)
     H   13    Vyy=   -0.4798    axis=(  0.202966 -0.652052  0.730502)
     H   13    Vzz=    0.5354    axis=( -0.051908 -0.752146 -0.656950)
     H   13  Q=         1.0000 1e-30 m^2  Cq=         1.2580 MHz  eta= 0.79229

     C   14    Vxx=   -0.0625    axis=( -0.604615  0.583898  0.541760)
     C   14    Vyy=   -0.4424    axis=(  0.781391  0.566732  0.261234)
     C   14    Vzz=    0.5050    axis=(  0.154499 -0.581272  0.798907)
     C   14  Q=         1.0000 1e-30 m^2  Cq=         1.1865 MHz  eta= 0.75229

     H   15    Vxx=   -0.0102    axis=(  0.357728 -0.794919 -0.490036)
     H   15    Vyy=   -0.5032    axis=(  0.363137  0.601876 -0.711250)
     H   15    Vzz=    0.5135    axis=(  0.860327  0.076484  0.503972)
     H   15  Q=         1.0000 1e-30 m^2  Cq=         1.2064 MHz  eta= 0.96019

     C   16    Vxx=   -0.0880    axis=(  0.666202  0.419788  0.616403)
     C   16    Vyy=   -0.4018    axis=(  0.743149 -0.442929 -0.501540)
     C   16    Vzz=    0.4898    axis=( -0.062482 -0.792207  0.607046)
     C   16  Q=         1.0000 1e-30 m^2  Cq=         1.1508 MHz  eta= 0.64056

     C   17    Vxx=    0.0437    axis=( -0.010437 -0.574243  0.818618)
     C   17    Vyy=    0.3722    axis=(  0.918301 -0.329504 -0.219432)
     C   17    Vzz=   -0.4159    axis=(  0.395745  0.749448  0.530767)
     C   17  Q=         1.0000 1e-30 m^2  Cq=        -0.9773 MHz  eta= 0.78977

     Cl  18    Vxx=    0.1263    axis=(  0.896006 -0.001295  0.444040)
     Cl  18    Vyy=    2.2046    axis=(  0.234803 -0.847370 -0.476268)
     Cl  18    Vzz=   -2.3309    axis=(  0.376883  0.531001 -0.758945)
     Cl  18  Q=        -8.1650 1e-30 m^2  Cq=        44.7180 MHz  eta= 0.89163

     H   19    Vxx=   -0.0357    axis=(  0.917442  0.286406  0.276175)
     H   19    Vyy=   -0.6249    axis=( -0.397582  0.686373  0.608950)
     H   19    Vzz=    0.6606    axis=( -0.015152 -0.668478  0.743577)
     H   19  Q=         1.0000 1e-30 m^2  Cq=         1.5521 MHz  eta= 0.89188

     C   20    Vxx=   -0.0958    axis=(  0.006014  0.968266 -0.249851)
     C   20    Vyy=   -0.3851    axis=( -0.922007 -0.091358 -0.376239)
     C   20    Vzz=    0.4808    axis=( -0.387126  0.232627  0.892199)
     C   20  Q=         1.0000 1e-30 m^2  Cq=         1.1297 MHz  eta= 0.60171

     H   21    Vxx=   -0.0020    axis=(  0.413884  0.875044 -0.250994)
     H   21    Vyy=   -0.7799    axis=( -0.450319  0.436423  0.778940)
     H   21    Vzz=    0.7819    axis=(  0.791146 -0.209364  0.574677)
     H   21  Q=         1.0000 1e-30 m^2  Cq=         1.8372 MHz  eta= 0.99482

     C   22    Vxx=   -0.0255    axis=(  0.965813 -0.227995  0.123387)
     C   22    Vyy=   -0.2602    axis=(  0.257386  0.900166 -0.351359)
     C   22    Vzz=    0.2857    axis=( -0.030961  0.371105  0.928075)
     C   22  Q=         1.0000 1e-30 m^2  Cq=         0.6712 MHz  eta= 0.82160

     C   23    Vxx=    0.1189    axis=(  0.531338  0.836069 -0.136631)
     C   23    Vyy=    0.3402    axis=( -0.404887  0.392289  0.825939)
     C   23    Vzz=   -0.4591    axis=( -0.744141  0.383533 -0.546952)
     C   23  Q=         1.0000 1e-30 m^2  Cq=        -1.0786 MHz  eta= 0.48214

     Cl  24    Vxx=   -0.8678    axis=( -0.047513 -0.038953  0.998111)
     Cl  24    Vyy=   -1.9981    axis=( -0.600636  0.799518  0.002611)
     Cl  24    Vzz=    2.8660    axis=( -0.798109 -0.599377 -0.061384)
     Cl  24  Q=        -8.1650 1e-30 m^2  Cq=       -54.9822 MHz  eta= 0.39438

     Initialization:
     gipaw_setup  :      9.04s CPU     10.83s WALL (       1 calls)

     Linear response

     Apply operators

     Induced current

     Other routines
     efg          :      9.32s CPU     11.65s WALL (       1 calls)

     General routines
     calbec       :      3.42s CPU      4.48s WALL (      16 calls)
     fft          :      1.79s CPU      2.85s WALL (      15 calls)
     ffts         :      0.04s CPU      0.05s WALL (       2 calls)
     fftw         :      3.15s CPU      3.78s WALL (     672 calls)
     davcio       :      0.03s CPU      0.31s WALL (      32 calls)

     Parallel routines
     fft_scatter  :      2.26s CPU      3.75s WALL (     689 calls)

     Plugins

     GIPAW        :     60.89s CPU     74.53s WALL (       1 calls)
