
     Program QE v.6.0 (svn rev. 13079) starts on 13Jan2017 at  2:33: 5 

     This program is part of the open-source Quantum ESPRESSO suite
     for quantum simulation of materials; please cite
         "P. Giannozzi et al., J. Phys.:Condens. Matter 21 395502 (2009);
          URL http://www.quantum-espresso.org", 
     in publications or presentations arising from this work. More details at
     http://www.quantum-espresso.org/quote

     Parallel version (MPI), running on     8 processors
     R & G space division:  proc/nbgrp/npool/nimage =       8

     ***** This is GIPAW svn revision unknown      *****

     Parallelizing q-star over 1 images

     Reading data from directory:
     /users/majewski/paradichlorobenzene/pbe/9_constraint/scratch/pbe.ecut100.np8.dt60.pcl2phi-129368.save
     Message from routine read_xml_file:
     file /users/majewski/paradichlorobenzene/pbe/9_constraint/scratch/pbe.ecut100.np8.dt60.pcl2phi-129368.save not guaranteed to be safe for post-processing

   Info: using nr1, nr2, nr3 values from input

   Info: using nr1, nr2, nr3 values from input

     IMPORTANT: XC functional enforced from input :
     Exchange-correlation      =  SLA  PW   PBX  PBC ( 1  4  3  4 0 0)
     Any further DFT definition will be discarded
     Please, verify this is what you really want

               file C.pbe-n-kjpaw_psl.1.0.0.UPF: wavefunction(s)  2S 2P renormalized
               file Cl.pbe-n-kjpaw_psl.1.0.0.UPF: wavefunction(s)  3S 3P renormalized
               file H.pbe-kjpaw_psl.1.0.0.UPF: wavefunction(s)  1S renormalized

     Parallelization info
     --------------------
     sticks:   dense  smooth     PW     G-vecs:    dense   smooth      PW
     Min        3057    1223    332               144436    36536    5170
     Max        3059    1225    333               144437    36537    5171
     Sum       24467    9791   2657              1155489   292295   41363


     Subspace diagonalization in iterative solution of the eigenvalue problem:
     a serial algorithm will be used

     GIPAW projectors -----------------------------------------------
     atom=  C    l=0  rc=    1.2000  rs=    0.8000
     atom=  C    l=0  rc=    1.2000  rs=    0.8000
     atom=  C    l=1  rc=    1.4000  rs=    0.9333
     atom=  C    l=1  rc=    1.4000  rs=    0.9333
     projs nearly linearly dependent: l=1  n1,n2= 1, 2  s=  0.99951561

     atom=  Cl   l=0  rc=    1.6000  rs=    1.0667
     atom=  Cl   l=0  rc=    1.6000  rs=    1.0667
     atom=  Cl   l=1  rc=    1.6000  rs=    1.0667
     atom=  Cl   l=1  rc=    1.6000  rs=    1.0667
     atom=  Cl   l=2  rc=    1.6000  rs=    1.0667
     atom=  Cl   l=2  rc=    1.6000  rs=    1.0667
     projs nearly linearly dependent: l=2  n1,n2= 1, 2  s=  0.99993509

     atom=  H    l=0  rc=    1.0000  rs=    0.6667
     atom=  H    l=0  rc=    1.0000  rs=    0.6667
     projs nearly linearly dependent: l=0  n1,n2= 1, 2  s=  0.99968852
     -----------------------------------------------------------------

     GIPAW integrals: -------------------------------------------
     Atom  i/j   nmr_para   nmr_dia   epr_rmc  epr_para   epr_dia
       C   1 1   0.83E+03  0.17E-01  0.93E+01  0.24E+08  0.24E+03
       C   2 1   0.86E+03 -0.61E-01  0.94E+01  0.25E+08  0.25E+03
       C   2 2   0.90E+03 -0.15E+00  0.97E+01  0.26E+08  0.26E+03
       C   3 3   0.33E+01  0.34E+00  0.18E+01  0.55E+03  0.21E+02
       C   4 3   0.35E+01  0.37E+00  0.20E+01  0.59E+03  0.22E+02
       C   4 4   0.38E+01  0.39E+00  0.22E+01  0.63E+03  0.24E+02
       Cl  1 1   0.14E+04 -0.47E+00  0.84E+01  0.32E+09  0.42E+03
       Cl  2 1   0.21E+04 -0.37E+00  0.12E+02  0.49E+09  0.65E+03
       Cl  2 2   0.33E+04 -0.16E+00  0.21E+02  0.76E+09  0.10E+04
       Cl  3 3   0.21E+02  0.79E-01  0.89E+01  0.23E+05  0.13E+03
       Cl  4 3   0.24E+02  0.67E-01  0.99E+01  0.27E+05  0.15E+03
       Cl  4 4   0.28E+02  0.44E-01  0.11E+02  0.32E+05  0.18E+03
       Cl  5 5   0.77E+00  0.19E+00  0.18E+01  0.12E+03  0.22E+02
       Cl  6 5   0.80E+00  0.19E+00  0.19E+01  0.12E+03  0.23E+02
       Cl  6 6   0.83E+00  0.20E+00  0.19E+01  0.12E+03  0.23E+02
       H   1 1   0.39E+02  0.19E+00  0.29E+00  0.78E+05  0.13E+02
       H   2 1   0.41E+02  0.21E+00  0.32E+00  0.82E+05  0.14E+02
       H   2 2   0.43E+02  0.22E+00  0.36E+00  0.86E+05  0.15E+02
     ------------------------------------------------------------

     alpha_pv=     34.5631 eV

     Number of occupied bands for each k-point:
     k-point:     1    nbnd_occ=  42
     k-point:     2    nbnd_occ=  42
     k-point:     3    nbnd_occ=  42
     k-point:     4    nbnd_occ=  42
     k-point:     5    nbnd_occ=  42
     k-point:     6    nbnd_occ=  42
     k-point:     7    nbnd_occ=  42
     k-point:     8    nbnd_occ=  42
     k-point:     9    nbnd_occ=  42
     k-point:    10    nbnd_occ=  42
     k-point:    11    nbnd_occ=  42
     k-point:    12    nbnd_occ=  42
     k-point:    13    nbnd_occ=  42
     k-point:    14    nbnd_occ=  42
     k-point:    15    nbnd_occ=  42
     k-point:    16    nbnd_occ=  42


     q-space interpolation up to   110.00 Rydberg

     GIPAW job: efg                                                                             


     ELECTRIC FIELD GRADIENTS TENSORS IN Hartree/bohrradius^2:

     ----- bare term -----
     Cl   1        0.183785        0.042472       -0.353855
     Cl   1        0.042472        0.343410       -0.065198
     Cl   1       -0.353855       -0.065198       -0.527196

     C    2       -0.195934        0.299283       -0.144149
     C    2        0.299283       -0.301621       -0.399683
     C    2       -0.144149       -0.399683        0.497555

     C    3       -0.078621        0.432834       -0.287095
     C    3        0.432834       -0.264153       -0.386444
     C    3       -0.287095       -0.386444        0.342773

     H    4        0.051582       -0.105546       -0.237049
     H    4       -0.105546        0.523114       -0.148240
     H    4       -0.237049       -0.148240       -0.574696

     C    5       -0.582614        0.308073       -0.480284
     C    5        0.308073        0.343665       -0.092446
     C    5       -0.480284       -0.092446        0.238949

     H    6       -0.263676        0.156888       -0.022822
     H    6        0.156888       -0.080685       -0.491189
     H    6       -0.022822       -0.491189        0.344361

     H    7        0.302136        0.254971        0.076986
     H    7        0.254971       -0.544477       -0.243786
     H    7        0.076986       -0.243786        0.242341

     C    8       -0.052718        0.011857       -0.143656
     C    8        0.011857       -0.109653        0.227685
     C    8       -0.143656        0.227685        0.162371

     H    9       -0.238355        0.417102        0.121437
     H    9        0.417102       -0.014896       -0.181749
     H    9        0.121437       -0.181749        0.253252

     C   10       -0.086441       -0.081485        0.191487
     C   10       -0.081485       -0.084485       -0.172890
     C   10        0.191487       -0.172890        0.170927

     C   11       -0.091147        0.012103       -0.269496
     C   11        0.012103        0.048937        0.718047
     C   11       -0.269496        0.718047        0.042210

     Cl  12       -0.151875       -0.222403       -0.049062
     Cl  12       -0.222403        0.088089        0.103844
     Cl  12       -0.049062        0.103844        0.063786

     H   13        0.248300        0.143964       -0.138256
     H   13        0.143964       -0.540926        0.101841
     H   13       -0.138256        0.101841        0.292626

     C   14       -0.089928       -0.261691       -0.374970
     C   14       -0.261691       -0.114489       -0.342097
     C   14       -0.374970       -0.342097        0.204418

     H   15        0.051532       -0.143229       -0.282563
     H   15       -0.143229       -0.266741       -0.415731
     H   15       -0.282563       -0.415731        0.215209

     C   16       -0.609230        0.401640       -0.249472
     C   16        0.401640        0.056375       -0.161530
     C   16       -0.249472       -0.161530        0.552855

     C   17        0.260816        0.133084       -0.086326
     C   17        0.133084       -0.522280       -0.539889
     C   17       -0.086326       -0.539889        0.261464

     Cl  18        0.255734        0.103951       -0.198295
     Cl  18        0.103951       -0.025529       -0.604286
     Cl  18       -0.198295       -0.604286       -0.230205

     H   19        0.370628        0.161170        0.054628
     H   19        0.161170       -0.550532        0.429347
     H   19        0.054628        0.429347        0.179903

     C   20       -0.809880       -0.327793       -0.427871
     C   20       -0.327793        0.338723        0.041018
     C   20       -0.427871        0.041018        0.471157

     H   21       -0.529744        0.189348        0.236416
     H   21        0.189348        0.368893        0.132217
     H   21        0.236416        0.132217        0.160851

     C   22        0.054888       -0.033872       -0.139572
     C   22       -0.033872       -0.529660        0.350276
     C   22       -0.139572        0.350276        0.474771

     C   23       -0.739198       -0.289491       -0.365886
     C   23       -0.289491        0.184632        0.040018
     C   23       -0.365886        0.040018        0.554566

     Cl  24       -0.065635        0.019257        0.031355
     Cl  24        0.019257       -0.050562       -0.059293
     Cl  24        0.031355       -0.059293        0.116197

     ----- ionic term -----
     Cl   1        0.214355       -0.203116        0.077906
     Cl   1       -0.203116       -0.078736       -0.030603
     Cl   1        0.077906       -0.030603       -0.135619

     C    2        0.223710       -0.149076        0.368937
     C    2       -0.149076        0.076596        0.373907
     C    2        0.368937        0.373907       -0.300305

     C    3        0.137285       -0.280265        0.295040
     C    3       -0.280265        0.140622        0.306300
     C    3        0.295040        0.306300       -0.277906

     H    4        0.288738        0.322101        0.741223
     H    4        0.322101       -0.351591        0.360046
     H    4        0.741223        0.360046        0.062854

     C    5        0.203681       -0.229079        0.385440
     C    5       -0.229079        0.018217        0.253500
     C    5        0.385440        0.253500       -0.221898

     H    6       -0.487074       -0.217848       -0.086676
     H    6       -0.217848        0.699481        0.624690
     H    6       -0.086676        0.624690       -0.212408

     H    7       -0.483176       -0.234461        0.024449
     H    7       -0.234461        1.046231       -0.257089
     H    7        0.024449       -0.257089       -0.563055

     C    8        0.440267        0.097728       -0.008421
     C    8        0.097728        0.167997       -0.208828
     C    8       -0.008421       -0.208828       -0.608264

     H    9        0.818066       -0.366275        0.435539
     H    9       -0.366275       -0.399509       -0.178807
     H    9        0.435539       -0.178807       -0.418556

     C   10        0.307807        0.219921        0.025389
     C   10        0.219921        0.233038       -0.293936
     C   10        0.025389       -0.293936       -0.540845

     C   11        0.327576        0.073789        0.161963
     C   11        0.073789        0.191425       -0.262772
     C   11        0.161963       -0.262772       -0.519002

     Cl  12        0.134068        0.183930       -0.009215
     Cl  12        0.183930        0.022684        0.001317
     Cl  12       -0.009215        0.001317       -0.156753

     H   13       -0.520393       -0.091199       -0.008096
     H   13       -0.091199        0.944472        0.474796
     H   13       -0.008096        0.474796       -0.424079

     C   14        0.260709       -0.168137        0.437420
     C   14       -0.168137        0.095161        0.212686
     C   14        0.437420        0.212686       -0.355870

     H   15        0.478808        0.367959        0.686020
     H   15        0.367959       -0.316139        0.307825
     H   15        0.686020        0.307825       -0.162669

     C   16        0.194254       -0.307978        0.323181
     C   16       -0.307978        0.185039        0.220990
     C   16        0.323181        0.220990       -0.379293

     C   17        0.153015       -0.259207        0.373227
     C   17       -0.259207        0.133192        0.297349
     C   17        0.373227        0.297349       -0.286207

     Cl  18        0.194831       -0.197410        0.089830
     Cl  18       -0.197410       -0.036667       -0.041805
     Cl  18        0.089830       -0.041805       -0.158165

     H   19       -0.520409       -0.142116        0.059357
     H   19       -0.142116        0.869396       -0.532751
     H   19        0.059357       -0.532751       -0.348988

     C   20        0.387474        0.080364        0.084289
     C   20        0.080364        0.085163       -0.303787
     C   20        0.084289       -0.303787       -0.472637

     H   21        0.823559       -0.406326        0.373288
     H   21       -0.406326       -0.360239       -0.183328
     H   21        0.373288       -0.183328       -0.463319

     C   22        0.249891        0.136588       -0.001029
     C   22        0.136588        0.214013       -0.375683
     C   22       -0.001029       -0.375683       -0.463904

     C   23        0.294351        0.064965        0.022385
     C   23        0.064965        0.224517       -0.332550
     C   23        0.022385       -0.332550       -0.518869

     Cl  24        0.142367        0.234748       -0.038167
     Cl  24        0.234748        0.010111       -0.020450
     Cl  24       -0.038167       -0.020450       -0.152478

     ----- GIPAW term -----
     Cl   1        0.157173       -0.628473        0.249823
     Cl   1       -0.628473       -0.259638        0.142634
     Cl   1        0.249823        0.142634        0.102465

     C    2       -0.095867       -0.040530        0.021768
     C    2       -0.040530       -0.075980       -0.173029
     C    2        0.021768       -0.173029        0.171847

     C    3       -0.007916        0.119387       -0.190454
     C    3        0.119387       -0.102899       -0.123909
     C    3       -0.190454       -0.123909        0.110816

     H    4       -0.000000        0.000000        0.000000
     H    4        0.000000        0.000000        0.000000
     H    4        0.000000        0.000000        0.000000

     C    5        0.020205        0.202244        0.033874
     C    5        0.202244        0.069859        0.089922
     C    5        0.033874        0.089922       -0.090064

     H    6       -0.000000        0.000000        0.000000
     H    6        0.000000        0.000000        0.000000
     H    6        0.000000        0.000000        0.000000

     H    7       -0.000000        0.000000        0.000000
     H    7        0.000000        0.000000        0.000000
     H    7        0.000000        0.000000        0.000000

     C    8       -0.040617       -0.024639       -0.020950
     C    8       -0.024639        0.062308        0.111984
     C    8       -0.020950        0.111984       -0.021691

     H    9       -0.000000        0.000000        0.000000
     H    9        0.000000        0.000000        0.000000
     H    9        0.000000        0.000000        0.000000

     C   10        0.007411        0.016392        0.026587
     C   10        0.016392        0.004857       -0.033353
     C   10        0.026587       -0.033353       -0.012268

     C   11       -0.062950        0.028633       -0.066540
     C   11        0.028633        0.172679        0.228931
     C   11       -0.066540        0.228931       -0.109728

     Cl  12       -0.289149       -0.184075       -0.898101
     Cl  12       -0.184075        1.583033        1.803713
     Cl  12       -0.898101        1.803713       -1.293885

     H   13       -0.000000        0.000000        0.000000
     H   13        0.000000        0.000000        0.000000
     H   13        0.000000        0.000000        0.000000

     C   14       -0.003323       -0.101548        0.015179
     C   14       -0.101548        0.024140       -0.103833
     C   14        0.015179       -0.103833       -0.020817

     H   15       -0.000000        0.000000        0.000000
     H   15        0.000000        0.000000        0.000000
     H   15        0.000000        0.000000        0.000000

     C   16       -0.048747       -0.071238       -0.036798
     C   16       -0.071238        0.065048        0.014048
     C   16       -0.036798        0.014048       -0.016301

     C   17       -0.032363        0.003036        0.040592
     C   17        0.003036        0.031720        0.126944
     C   17        0.040592        0.126944        0.000644

     Cl  18        0.406009       -0.073416        0.115678
     Cl  18       -0.073416       -0.165652       -0.473289
     Cl  18        0.115678       -0.473289       -0.240358

     H   19       -0.000000        0.000000        0.000000
     H   19        0.000000        0.000000        0.000000
     H   19        0.000000        0.000000        0.000000

     C   20       -0.209735        0.029141       -0.089166
     C   20        0.029141        0.202712       -0.143033
     C   20       -0.089166       -0.143033        0.007022

     H   21       -0.000000        0.000000        0.000000
     H   21        0.000000        0.000000        0.000000
     H   21        0.000000        0.000000        0.000000

     C   22       -0.073557        0.043077       -0.088163
     C   22        0.043077       -0.131464       -0.085507
     C   22       -0.088163       -0.085507        0.205020

     C   23       -0.174552        0.075507       -0.089368
     C   23        0.075507        0.072296       -0.193899
     C   23       -0.089368       -0.193899        0.102256

     Cl  24       -0.436297        1.857163       -0.231477
     Cl  24        1.857163       -0.759753       -1.573307
     Cl  24       -0.231477       -1.573307        1.196049

     ----- total EFG -----
     Cl   1        0.555313       -0.789118       -0.026126
     Cl   1       -0.789118        0.005036        0.046833
     Cl   1       -0.026126        0.046833       -0.560349

     C    2       -0.068092        0.109678        0.246556
     C    2        0.109678       -0.301005       -0.198805
     C    2        0.246556       -0.198805        0.369097

     C    3        0.050748        0.271955       -0.182510
     C    3        0.271955       -0.226430       -0.204052
     C    3       -0.182510       -0.204052        0.175683

     H    4        0.340320        0.216555        0.504174
     H    4        0.216555        0.171523        0.211807
     H    4        0.504174        0.211807       -0.511843

     C    5       -0.358728        0.281238       -0.060970
     C    5        0.281238        0.431740        0.250975
     C    5       -0.060970        0.250975       -0.073012

     H    6       -0.750750       -0.060959       -0.109497
     H    6       -0.060959        0.618797        0.133501
     H    6       -0.109497        0.133501        0.131953

     H    7       -0.181040        0.020509        0.101434
     H    7        0.020509        0.501755       -0.500876
     H    7        0.101434       -0.500876       -0.320714

     C    8        0.346932        0.084946       -0.173026
     C    8        0.084946        0.120652        0.130841
     C    8       -0.173026        0.130841       -0.467584

     H    9        0.579710        0.050828        0.556977
     H    9        0.050828       -0.414406       -0.360556
     H    9        0.556977       -0.360556       -0.165305

     C   10        0.228776        0.154828        0.243463
     C   10        0.154828        0.153411       -0.500178
     C   10        0.243463       -0.500178       -0.382187

     C   11        0.173479        0.114526       -0.174073
     C   11        0.114526        0.413041        0.684206
     C   11       -0.174073        0.684206       -0.586520

     Cl  12       -0.306955       -0.222549       -0.956378
     Cl  12       -0.222549        1.693806        1.908875
     Cl  12       -0.956378        1.908875       -1.386851

     H   13       -0.272094        0.052765       -0.146351
     H   13        0.052765        0.403546        0.576638
     H   13       -0.146351        0.576638       -0.131453

     C   14        0.167458       -0.531375        0.077629
     C   14       -0.531375        0.004812       -0.233244
     C   14        0.077629       -0.233244       -0.172270

     H   15        0.530341        0.224730        0.403457
     H   15        0.224730       -0.582881       -0.107906
     H   15        0.403457       -0.107906        0.052540

     C   16       -0.463723        0.022423        0.036911
     C   16        0.022423        0.306462        0.073507
     C   16        0.036911        0.073507        0.157261

     C   17        0.381468       -0.123086        0.327493
     C   17       -0.123086       -0.357368       -0.115596
     C   17        0.327493       -0.115596       -0.024100

     Cl  18        0.856575       -0.166876        0.007214
     Cl  18       -0.166876       -0.227847       -1.119380
     Cl  18        0.007214       -1.119380       -0.628727

     H   19       -0.149780        0.019054        0.113985
     H   19        0.019054        0.318865       -0.103404
     H   19        0.113985       -0.103404       -0.169084

     C   20       -0.632141       -0.218289       -0.432748
     C   20       -0.218289        0.626599       -0.405802
     C   20       -0.432748       -0.405802        0.005542

     H   21        0.293815       -0.216978        0.609704
     H   21       -0.216978        0.008654       -0.051111
     H   21        0.609704       -0.051111       -0.302469

     C   22        0.231222        0.145793       -0.228764
     C   22        0.145793       -0.447110       -0.110914
     C   22       -0.228764       -0.110914        0.215888

     C   23       -0.619398       -0.149019       -0.432869
     C   23       -0.149019        0.481445       -0.486432
     C   23       -0.432869       -0.486432        0.137953

     Cl  24       -0.359564        2.111167       -0.238289
     Cl  24        2.111167       -0.800204       -1.653050
     Cl  24       -0.238289       -1.653050        1.159768

     ----- total EFG (symmetrized) -----
     Cl   1        0.555313       -0.789118       -0.026126
     Cl   1       -0.789118        0.005036        0.046833
     Cl   1       -0.026126        0.046833       -0.560349

     C    2       -0.068092        0.109678        0.246556
     C    2        0.109678       -0.301005       -0.198805
     C    2        0.246556       -0.198805        0.369097

     C    3        0.050748        0.271955       -0.182510
     C    3        0.271955       -0.226430       -0.204052
     C    3       -0.182510       -0.204052        0.175683

     H    4        0.340320        0.216555        0.504174
     H    4        0.216555        0.171523        0.211807
     H    4        0.504174        0.211807       -0.511843

     C    5       -0.358728        0.281238       -0.060970
     C    5        0.281238        0.431740        0.250975
     C    5       -0.060970        0.250975       -0.073012

     H    6       -0.750750       -0.060959       -0.109497
     H    6       -0.060959        0.618797        0.133501
     H    6       -0.109497        0.133501        0.131953

     H    7       -0.181040        0.020509        0.101434
     H    7        0.020509        0.501755       -0.500876
     H    7        0.101434       -0.500876       -0.320714

     C    8        0.346932        0.084946       -0.173026
     C    8        0.084946        0.120652        0.130841
     C    8       -0.173026        0.130841       -0.467584

     H    9        0.579710        0.050828        0.556977
     H    9        0.050828       -0.414406       -0.360556
     H    9        0.556977       -0.360556       -0.165305

     C   10        0.228776        0.154828        0.243463
     C   10        0.154828        0.153411       -0.500178
     C   10        0.243463       -0.500178       -0.382187

     C   11        0.173479        0.114526       -0.174073
     C   11        0.114526        0.413041        0.684206
     C   11       -0.174073        0.684206       -0.586520

     Cl  12       -0.306955       -0.222549       -0.956378
     Cl  12       -0.222549        1.693806        1.908875
     Cl  12       -0.956378        1.908875       -1.386851

     H   13       -0.272094        0.052765       -0.146351
     H   13        0.052765        0.403546        0.576638
     H   13       -0.146351        0.576638       -0.131453

     C   14        0.167458       -0.531375        0.077629
     C   14       -0.531375        0.004812       -0.233244
     C   14        0.077629       -0.233244       -0.172270

     H   15        0.530341        0.224730        0.403457
     H   15        0.224730       -0.582881       -0.107906
     H   15        0.403457       -0.107906        0.052540

     C   16       -0.463723        0.022423        0.036911
     C   16        0.022423        0.306462        0.073507
     C   16        0.036911        0.073507        0.157261

     C   17        0.381468       -0.123086        0.327493
     C   17       -0.123086       -0.357368       -0.115596
     C   17        0.327493       -0.115596       -0.024100

     Cl  18        0.856575       -0.166876        0.007214
     Cl  18       -0.166876       -0.227847       -1.119380
     Cl  18        0.007214       -1.119380       -0.628727

     H   19       -0.149780        0.019054        0.113985
     H   19        0.019054        0.318865       -0.103404
     H   19        0.113985       -0.103404       -0.169084

     C   20       -0.632141       -0.218289       -0.432748
     C   20       -0.218289        0.626599       -0.405802
     C   20       -0.432748       -0.405802        0.005542

     H   21        0.293815       -0.216978        0.609704
     H   21       -0.216978        0.008654       -0.051111
     H   21        0.609704       -0.051111       -0.302469

     C   22        0.231222        0.145793       -0.228764
     C   22        0.145793       -0.447110       -0.110914
     C   22       -0.228764       -0.110914        0.215888

     C   23       -0.619398       -0.149019       -0.432869
     C   23       -0.149019        0.481445       -0.486432
     C   23       -0.432869       -0.486432        0.137953

     Cl  24       -0.359564        2.111167       -0.238289
     Cl  24        2.111167       -0.800204       -1.653050
     Cl  24       -0.238289       -1.653050        1.159768


     NQR/NMR SPECTROSCOPIC PARAMETERS:
     Cl   1    Vxx=   -0.5354    axis=( -0.451729 -0.602590 -0.657895)
     Cl   1    Vyy=   -0.5819    axis=( -0.363670 -0.549002  0.752556)
     Cl   1    Vzz=    1.1173    axis=( -0.814669  0.579208  0.028856)
     Cl   1  Q=        -8.1650 1e-30 m^2  Cq=       -21.4345 MHz  eta= 0.04162

     C    2    Vxx=   -0.0595    axis=(  0.811015  0.544488 -0.213981)
     C    2    Vyy=   -0.4450    axis=( -0.460802  0.819891  0.339765)
     C    2    Vzz=    0.5045    axis=(  0.360439 -0.176951  0.915845)
     C    2  Q=         1.0000 1e-30 m^2  Cq=         1.1855 MHz  eta= 0.76410

     C    3    Vxx=   -0.0568    axis=( -0.668178 -0.214050 -0.712546)
     C    3    Vyy=   -0.4062    axis=( -0.455300  0.875090  0.164071)
     C    3    Vzz=    0.4629    axis=(  0.588422  0.434051 -0.682173)
     C    3  Q=         1.0000 1e-30 m^2  Cq=         1.0877 MHz  eta= 0.75479

     H    4    Vxx=    0.0337    axis=(  0.468829 -0.878463  0.092212)
     H    4    Vyy=    0.7239    axis=( -0.789740 -0.463642 -0.401680)
     H    4    Vzz=   -0.7576    axis=(  0.395614  0.115496 -0.911126)
     H    4  Q=         1.0000 1e-30 m^2  Cq=        -1.7801 MHz  eta= 0.91099

     C    5    Vxx=   -0.0995    axis=( -0.420733 -0.195747  0.885814)
     C    5    Vyy=   -0.4967    axis=( -0.872406  0.355076 -0.335899)
     C    5    Vzz=    0.5962    axis=( -0.248780 -0.914114 -0.320163)
     C    5  Q=         1.0000 1e-30 m^2  Cq=         1.4008 MHz  eta= 0.66616

     H    6    Vxx=    0.1072    axis=( -0.103760 -0.262706  0.959281)
     H    6    Vyy=    0.6583    axis=(  0.061722 -0.964328 -0.257412)
     H    6    Vzz=   -0.7656    axis=(  0.992685  0.032499  0.116273)
     H    6  Q=         1.0000 1e-30 m^2  Cq=        -1.7988 MHz  eta= 0.71985

     H    7    Vxx=   -0.1566    axis=(  0.969667  0.128155  0.208141)
     H    7    Vyy=   -0.5827    axis=( -0.242914  0.410527  0.878897)
     H    7    Vzz=    0.7393    axis=(  0.027187 -0.902798  0.429205)
     H    7  Q=         1.0000 1e-30 m^2  Cq=         1.7370 MHz  eta= 0.57645

     C    8    Vxx=    0.1400    axis=( -0.176884  0.950598  0.255098)
     C    8    Vyy=    0.3952    axis=(  0.962002  0.221755 -0.159301)
     C    8    Vzz=   -0.5351    axis=(  0.208001 -0.217227  0.953702)
     C    8  Q=         1.0000 1e-30 m^2  Cq=        -1.2573 MHz  eta= 0.47692

     H    9    Vxx=   -0.1042    axis=( -0.404803 -0.720646  0.562854)
     H    9    Vyy=   -0.7859    axis=(  0.296619 -0.685744 -0.664660)
     H    9    Vzz=    0.8901    axis=(  0.864958 -0.102103  0.491348)
     H    9  Q=         1.0000 1e-30 m^2  Cq=         2.0914 MHz  eta= 0.76577

     C   10    Vxx=    0.3121    axis=(  0.959041  0.097838  0.265835)
     C   10    Vyy=    0.4534    axis=(  0.051058  0.863382 -0.501961)
     C   10    Vzz=   -0.7654    axis=( -0.278628  0.494974  0.823023)
     C   10  Q=         1.0000 1e-30 m^2  Cq=        -1.7984 MHz  eta= 0.18461

     C   11    Vxx=    0.2100    axis=(  0.983161  0.043522 -0.177483)
     C   11    Vyy=    0.7615    axis=(  0.041332  0.893098  0.447959)
     C   11    Vzz=   -0.9715    axis=(  0.178006 -0.447752  0.876261)
     C   11  Q=         1.0000 1e-30 m^2  Cq=        -2.2826 MHz  eta= 0.56773

     Cl  12    Vxx=   -0.1668    axis=(  0.921270  0.326695 -0.211027)
     Cl  12    Vyy=   -2.5681    axis=( -0.330449  0.371376 -0.867688)
     Cl  12    Vzz=    2.7349    axis=( -0.205099  0.869109  0.450094)
     Cl  12  Q=        -8.1650 1e-30 m^2  Cq=       -52.4675 MHz  eta= 0.87802

     H   13    Vxx=   -0.1972    axis=( -0.893359 -0.267852  0.360783)
     H   13    Vyy=   -0.5757    axis=(  0.448102 -0.471435  0.759575)
     H   13    Vzz=    0.7729    axis=(  0.033368 -0.840241 -0.541186)
     H   13  Q=         1.0000 1e-30 m^2  Cq=         1.8159 MHz  eta= 0.48976

     C   14    Vxx=   -0.1712    axis=( -0.438637 -0.150101  0.886040)
     C   14    Vyy=   -0.5057    axis=(  0.541115  0.743066  0.393761)
     C   14    Vzz=    0.6769    axis=(  0.717490 -0.652167  0.244715)
     C   14  Q=         1.0000 1e-30 m^2  Cq=         1.5905 MHz  eta= 0.49423

     H   15    Vxx=   -0.0952    axis=( -0.405251 -0.371567  0.835290)
     H   15    Vyy=   -0.6804    axis=( -0.265021  0.922193  0.281646)
     H   15    Vzz=    0.7756    axis=( -0.874949 -0.107232 -0.472193)
     H   15  Q=         1.0000 1e-30 m^2  Cq=         1.8224 MHz  eta= 0.75451

     C   16    Vxx=    0.1282    axis=(  0.042868 -0.385527  0.921700)
     C   16    Vyy=    0.3381    axis=(  0.043463  0.922394  0.383796)
     C   16    Vzz=   -0.4663    axis=( -0.998135  0.023607  0.056298)
     C   16  Q=         1.0000 1e-30 m^2  Cq=        -1.0957 MHz  eta= 0.45005

     C   17    Vxx=   -0.1978    axis=( -0.514388 -0.206265  0.832382)
     C   17    Vyy=   -0.3944    axis=(  0.041305  0.963557  0.264295)
     C   17    Vzz=    0.5922    axis=( -0.856562  0.170332 -0.487123)
     C   17  Q=         1.0000 1e-30 m^2  Cq=         1.3914 MHz  eta= 0.33185

     Cl  18    Vxx=    0.6321    axis=(  0.500783  0.648714 -0.573050)
     Cl  18    Vyy=    0.9376    axis=( -0.864555  0.406968 -0.294825)
     Cl  18    Vzz=   -1.5697    axis=(  0.041956  0.643076  0.764652)
     Cl  18  Q=        -8.1650 1e-30 m^2  Cq=        30.1146 MHz  eta= 0.19458

     H   19    Vxx=   -0.0527    axis=( -0.765402 -0.135807 -0.629060)
     H   19    Vyy=   -0.2872    axis=( -0.643495  0.148355  0.750936)
     H   19    Vzz=    0.3399    axis=( -0.008658  0.979565 -0.200943)
     H   19  Q=         1.0000 1e-30 m^2  Cq=         0.7986 MHz  eta= 0.68980

     C   20    Vxx=    0.1182    axis=(  0.542591 -0.369235 -0.754494)
     C   20    Vyy=    0.8271    axis=(  0.003299 -0.897266  0.441478)
     C   20    Vzz=   -0.9452    axis=( -0.839991 -0.242031 -0.485630)
     C   20  Q=         1.0000 1e-30 m^2  Cq=        -2.2209 MHz  eta= 0.74999

     H   21    Vxx=   -0.0453    axis=(  0.180789  0.954047  0.238977)
     H   21    Vyy=   -0.6907    axis=( -0.540389 -0.106662  0.834628)
     H   21    Vzz=    0.7360    axis=(  0.821764 -0.280032  0.496273)
     H   21  Q=         1.0000 1e-30 m^2  Cq=         1.7292 MHz  eta= 0.87699

     C   22    Vxx=   -0.0044    axis=(  0.682454  0.041928  0.729725)
     C   22    Vyy=   -0.4834    axis=( -0.167847  0.980664  0.100628)
     C   22    Vzz=    0.4879    axis=( -0.711395 -0.191156  0.676296)
     C   22  Q=         1.0000 1e-30 m^2  Cq=         1.1463 MHz  eta= 0.98184

     C   23    Vxx=    0.0667    axis=( -0.525392  0.561242  0.639508)
     C   23    Vyy=    0.8385    axis=( -0.100214 -0.787188  0.608516)
     C   23    Vzz=   -0.9052    axis=( -0.844938 -0.255622 -0.469827)
     C   23  Q=         1.0000 1e-30 m^2  Cq=        -2.1268 MHz  eta= 0.85267

     Cl  24    Vxx=    0.2604    axis=(  0.674609  0.275394  0.684880)
     Cl  24    Vyy=    2.7426    axis=( -0.448992 -0.583359  0.676830)
     Cl  24    Vzz=   -3.0030    axis=(  0.585926 -0.764101 -0.269890)
     Cl  24  Q=        -8.1650 1e-30 m^2  Cq=        57.6103 MHz  eta= 0.82660

     Initialization:
     gipaw_setup  :      8.98s CPU     11.09s WALL (       1 calls)

     Linear response

     Apply operators

     Induced current

     Other routines
     efg          :      9.27s CPU     12.25s WALL (       1 calls)

     General routines
     calbec       :      3.25s CPU      4.40s WALL (      16 calls)
     fft          :      1.58s CPU      2.16s WALL (      15 calls)
     ffts         :      0.04s CPU      0.05s WALL (       2 calls)
     fftw         :      3.20s CPU      4.36s WALL (     672 calls)
     davcio       :      0.04s CPU      0.34s WALL (      32 calls)

     Parallel routines
     fft_scatter  :      2.07s CPU      3.39s WALL (     689 calls)

     Plugins

     GIPAW        :     60.50s CPU     73.48s WALL (       1 calls)
