
     Program QE v.6.0 (svn rev. 13079) starts on  1Jan2017 at 19:32:31 

     This program is part of the open-source Quantum ESPRESSO suite
     for quantum simulation of materials; please cite
         "P. Giannozzi et al., J. Phys.:Condens. Matter 21 395502 (2009);
          URL http://www.quantum-espresso.org", 
     in publications or presentations arising from this work. More details at
     http://www.quantum-espresso.org/quote

     Parallel version (MPI), running on     8 processors
     R & G space division:  proc/nbgrp/npool/nimage =       8

     ***** This is GIPAW svn revision unknown      *****

     Parallelizing q-star over 1 images

     Reading data from directory:
     /users/majewski/paradichlorobenzene/pbe/9_constraint/scratch/pbe.ecut100.np8.dt60.pcl2phi-129368.save
     Message from routine read_xml_file:
     file /users/majewski/paradichlorobenzene/pbe/9_constraint/scratch/pbe.ecut100.np8.dt60.pcl2phi-129368.save not guaranteed to be safe for post-processing

   Info: using nr1, nr2, nr3 values from input

   Info: using nr1, nr2, nr3 values from input

     IMPORTANT: XC functional enforced from input :
     Exchange-correlation      =  SLA  PW   PBX  PBC ( 1  4  3  4 0 0)
     Any further DFT definition will be discarded
     Please, verify this is what you really want

               file C.pbe-n-kjpaw_psl.1.0.0.UPF: wavefunction(s)  2S 2P renormalized
               file Cl.pbe-n-kjpaw_psl.1.0.0.UPF: wavefunction(s)  3S 3P renormalized
               file H.pbe-kjpaw_psl.1.0.0.UPF: wavefunction(s)  1S renormalized

     Parallelization info
     --------------------
     sticks:   dense  smooth     PW     G-vecs:    dense   smooth      PW
     Min        3057    1223    332               144436    36536    5170
     Max        3059    1225    333               144437    36537    5171
     Sum       24467    9791   2657              1155489   292295   41363


     Subspace diagonalization in iterative solution of the eigenvalue problem:
     a serial algorithm will be used

     GIPAW projectors -----------------------------------------------
     atom=  C    l=0  rc=    1.2000  rs=    0.8000
     atom=  C    l=0  rc=    1.2000  rs=    0.8000
     atom=  C    l=1  rc=    1.4000  rs=    0.9333
     atom=  C    l=1  rc=    1.4000  rs=    0.9333
     projs nearly linearly dependent: l=1  n1,n2= 1, 2  s=  0.99951561

     atom=  Cl   l=0  rc=    1.6000  rs=    1.0667
     atom=  Cl   l=0  rc=    1.6000  rs=    1.0667
     atom=  Cl   l=1  rc=    1.6000  rs=    1.0667
     atom=  Cl   l=1  rc=    1.6000  rs=    1.0667
     atom=  Cl   l=2  rc=    1.6000  rs=    1.0667
     atom=  Cl   l=2  rc=    1.6000  rs=    1.0667
     projs nearly linearly dependent: l=2  n1,n2= 1, 2  s=  0.99993509

     atom=  H    l=0  rc=    1.0000  rs=    0.6667
     atom=  H    l=0  rc=    1.0000  rs=    0.6667
     projs nearly linearly dependent: l=0  n1,n2= 1, 2  s=  0.99968852
     -----------------------------------------------------------------

     GIPAW integrals: -------------------------------------------
     Atom  i/j   nmr_para   nmr_dia   epr_rmc  epr_para   epr_dia
       C   1 1   0.83E+03  0.17E-01  0.93E+01  0.24E+08  0.24E+03
       C   2 1   0.86E+03 -0.61E-01  0.94E+01  0.25E+08  0.25E+03
       C   2 2   0.90E+03 -0.15E+00  0.97E+01  0.26E+08  0.26E+03
       C   3 3   0.33E+01  0.34E+00  0.18E+01  0.55E+03  0.21E+02
       C   4 3   0.35E+01  0.37E+00  0.20E+01  0.59E+03  0.22E+02
       C   4 4   0.38E+01  0.39E+00  0.22E+01  0.63E+03  0.24E+02
       Cl  1 1   0.14E+04 -0.47E+00  0.84E+01  0.32E+09  0.42E+03
       Cl  2 1   0.21E+04 -0.37E+00  0.12E+02  0.49E+09  0.65E+03
       Cl  2 2   0.33E+04 -0.16E+00  0.21E+02  0.76E+09  0.10E+04
       Cl  3 3   0.21E+02  0.79E-01  0.89E+01  0.23E+05  0.13E+03
       Cl  4 3   0.24E+02  0.67E-01  0.99E+01  0.27E+05  0.15E+03
       Cl  4 4   0.28E+02  0.44E-01  0.11E+02  0.32E+05  0.18E+03
       Cl  5 5   0.77E+00  0.19E+00  0.18E+01  0.12E+03  0.22E+02
       Cl  6 5   0.80E+00  0.19E+00  0.19E+01  0.12E+03  0.23E+02
       Cl  6 6   0.83E+00  0.20E+00  0.19E+01  0.12E+03  0.23E+02
       H   1 1   0.39E+02  0.19E+00  0.29E+00  0.78E+05  0.13E+02
       H   2 1   0.41E+02  0.21E+00  0.32E+00  0.82E+05  0.14E+02
       H   2 2   0.43E+02  0.22E+00  0.36E+00  0.86E+05  0.15E+02
     ------------------------------------------------------------

     alpha_pv=     33.8084 eV

     Number of occupied bands for each k-point:
     k-point:     1    nbnd_occ=  42
     k-point:     2    nbnd_occ=  42
     k-point:     3    nbnd_occ=  42
     k-point:     4    nbnd_occ=  42
     k-point:     5    nbnd_occ=  42
     k-point:     6    nbnd_occ=  42
     k-point:     7    nbnd_occ=  42
     k-point:     8    nbnd_occ=  42
     k-point:     9    nbnd_occ=  42
     k-point:    10    nbnd_occ=  42
     k-point:    11    nbnd_occ=  42
     k-point:    12    nbnd_occ=  42
     k-point:    13    nbnd_occ=  42
     k-point:    14    nbnd_occ=  42
     k-point:    15    nbnd_occ=  42
     k-point:    16    nbnd_occ=  42


     q-space interpolation up to   110.00 Rydberg

     GIPAW job: efg                                                                             


     ELECTRIC FIELD GRADIENTS TENSORS IN Hartree/bohrradius^2:

     ----- bare term -----
     Cl   1       -0.025749        0.051030        0.035802
     Cl   1        0.051030        0.005953        0.064159
     Cl   1        0.035802        0.064159        0.019796

     C    2        0.040244        0.376249       -0.099078
     C    2        0.376249       -0.225625       -0.514781
     C    2       -0.099078       -0.514781        0.185381

     C    3       -0.506303        0.219413       -0.227079
     C    3        0.219413        0.000519       -0.215352
     C    3       -0.227079       -0.215352        0.505784

     H    4       -0.229093       -0.141110       -0.646941
     H    4       -0.141110        0.437860       -0.141650
     H    4       -0.646941       -0.141650       -0.208767

     C    5       -0.169725        0.297482       -0.031256
     C    5        0.297482       -0.364591       -0.350432
     C    5       -0.031256       -0.350432        0.534317

     H    6        0.493927       -0.023338        0.033468
     H    6       -0.023338        0.106649       -0.337004
     H    6        0.033468       -0.337004       -0.600576

     H    7        0.221546        0.371226       -0.206770
     H    7        0.371226       -0.406889        0.499000
     H    7       -0.206770        0.499000        0.185342

     C    8        0.016100       -0.522203        0.133193
     C    8       -0.522203       -0.509780        0.353200
     C    8        0.133193        0.353200        0.493680

     H    9       -0.199789        0.266727       -0.624784
     H    9        0.266727        0.376587        0.295400
     H    9       -0.624784        0.295400       -0.176798

     C   10       -0.423925       -0.099135       -0.168245
     C   10       -0.099135       -0.018599        0.242046
     C   10       -0.168245        0.242046        0.442524

     C   11       -0.102762       -0.165019       -0.196019
     C   11       -0.165019       -0.493627        0.421205
     C   11       -0.196019        0.421205        0.596389

     Cl  12       -0.120352       -0.057025       -0.108799
     Cl  12       -0.057025       -0.077062        0.118371
     Cl  12       -0.108799        0.118371        0.197414

     H   13        0.214562        0.032959        0.169105
     H   13        0.032959       -0.236377       -0.520631
     H   13        0.169105       -0.520631        0.021815

     C   14       -0.273050        0.148285       -0.484147
     C   14        0.148285        0.053290       -0.355857
     C   14       -0.484147       -0.355857        0.219760

     H   15       -0.502274       -0.247877       -0.468636
     H   15       -0.247877        0.332251       -0.222870
     H   15       -0.468636       -0.222870        0.170022

     C   16       -0.029655        0.443622        0.052396
     C   16        0.443622       -0.564675       -0.477827
     C   16        0.052396       -0.477827        0.594330

     C   17       -0.534367       -0.066170       -0.226780
     C   17       -0.066170       -0.024840       -0.342529
     C   17       -0.226780       -0.342529        0.559207

     Cl  18        0.150931        0.098800        0.063359
     Cl  18        0.098800        0.194342        0.178016
     Cl  18        0.063359        0.178016       -0.345273

     H   19        0.465826        0.237089        0.090097
     H   19        0.237089       -0.592908       -0.012965
     H   19        0.090097       -0.012965        0.127082

     C   20       -0.715800       -0.096386       -0.312286
     C   20       -0.096386        0.044022        0.157004
     C   20       -0.312286        0.157004        0.671778

     H   21       -0.505308        0.268823       -0.359701
     H   21        0.268823        0.380037        0.206599
     H   21       -0.359701        0.206599        0.125271

     C   22       -0.004439       -0.371098        0.076591
     C   22       -0.371098       -0.613136        0.419051
     C   22        0.076591        0.419051        0.617574

     C   23       -0.483704        0.092004       -0.215755
     C   23        0.092004        0.042051        0.255748
     C   23       -0.215755        0.255748        0.441653

     Cl  24       -0.112917       -0.072597        0.083161
     Cl  24       -0.072597       -0.098148       -0.034419
     Cl  24        0.083161       -0.034419        0.211065

     ----- ionic term -----
     Cl   1        0.109961       -0.223245        0.018604
     Cl   1       -0.223245        0.023975       -0.005914
     Cl   1        0.018604       -0.005914       -0.133936

     C    2        0.158803       -0.178914        0.254559
     C    2       -0.178914        0.051411        0.428709
     C    2        0.254559        0.428709       -0.210213

     C    3        0.204353       -0.254635        0.133896
     C    3       -0.254635        0.013934        0.422205
     C    3        0.133896        0.422205       -0.218287

     H    4        0.573372        0.223139        0.733349
     H    4        0.223139       -0.505400        0.224673
     H    4        0.733349        0.224673       -0.067971

     C    5        0.343618       -0.185610        0.195848
     C    5       -0.185610       -0.100462        0.355577
     C    5        0.195848        0.355577       -0.243156

     H    6       -0.510639       -0.013111       -0.008025
     H    6       -0.013111        0.403646        0.806290
     H    6       -0.008025        0.806290        0.106992

     H    7       -0.518534       -0.121753        0.047403
     H    7       -0.121753        0.844937       -0.553639
     H    7        0.047403       -0.553639       -0.326403

     C    8        0.276115        0.148851        0.264721
     C    8        0.148851        0.138590       -0.270003
     C    8        0.264721       -0.270003       -0.414705

     H    9        0.532505       -0.365340        0.685118
     H    9       -0.365340       -0.400095       -0.278636
     H    9        0.685118       -0.278636       -0.132411

     C   10        0.153152        0.171342        0.220054
     C   10        0.171342        0.201015       -0.344835
     C   10        0.220054       -0.344835       -0.354167

     C   11        0.249418        0.131818        0.315021
     C   11        0.131818        0.122586       -0.355957
     C   11        0.315021       -0.355957       -0.372004

     Cl  12        0.105001        0.223250        0.001776
     Cl  12        0.223250        0.042037        0.000112
     Cl  12        0.001776        0.000112       -0.147038

     H   13       -0.529159        0.059568        0.055682
     H   13        0.059568        0.575389        0.766321
     H   13        0.055682        0.766321       -0.046230

     C   14        0.244237       -0.119162        0.207298
     C   14       -0.119162       -0.016287        0.358138
     C   14        0.207298        0.358138       -0.227950

     H   15        0.587540        0.310818        0.660391
     H   15        0.310818       -0.452194        0.257483
     H   15        0.660391        0.257483       -0.135346

     C   16        0.142584       -0.188565        0.115328
     C   16       -0.188565        0.048301        0.445773
     C   16        0.115328        0.445773       -0.190884

     C   17        0.243924       -0.149098        0.185725
     C   17       -0.149098       -0.043601        0.465622
     C   17        0.185725        0.465622       -0.200323

     Cl  18        0.170280       -0.193188       -0.032210
     Cl  18       -0.193188       -0.046004        0.027943
     Cl  18       -0.032210        0.027943       -0.124277

     H   19       -0.469222       -0.230652        0.120481
     H   19       -0.230652        0.781599       -0.583775
     H   19        0.120481       -0.583775       -0.312377

     C   20        0.348903        0.164009        0.306262
     C   20        0.164009        0.070499       -0.283115
     C   20        0.306262       -0.283115       -0.419402

     H   21        0.574305       -0.261585        0.716771
     H   21       -0.261585       -0.429863       -0.237201
     H   21        0.716771       -0.237201       -0.144443

     C   22        0.164349        0.229212        0.213816
     C   22        0.229212        0.213471       -0.369811
     C   22        0.213816       -0.369811       -0.377820

     C   23        0.224271        0.075003        0.302117
     C   23        0.075003        0.137586       -0.373214
     C   23        0.302117       -0.373214       -0.361857

     Cl  24        0.153243        0.192147        0.029156
     Cl  24        0.192147       -0.005052        0.006503
     Cl  24        0.029156        0.006503       -0.148192

     ----- GIPAW term -----
     Cl   1        1.236114       -1.841706        0.321386
     Cl   1       -1.841706        0.126701        0.503894
     Cl   1        0.321386        0.503894       -1.362814

     C    2        0.116267        0.103312        0.037702
     C    2        0.103312        0.026322       -0.019372
     C    2        0.037702       -0.019372       -0.142590

     C    3       -0.154446        0.063281        0.077062
     C    3        0.063281       -0.043706        0.069891
     C    3        0.077062        0.069891        0.198152

     H    4       -0.000000        0.000000        0.000000
     H    4        0.000000        0.000000        0.000000
     H    4        0.000000        0.000000        0.000000

     C    5       -0.103587        0.034671        0.060651
     C    5        0.034671       -0.202593       -0.064421
     C    5        0.060651       -0.064421        0.306181

     H    6       -0.000000        0.000000        0.000000
     H    6        0.000000        0.000000        0.000000
     H    6        0.000000        0.000000        0.000000

     H    7       -0.000000        0.000000        0.000000
     H    7        0.000000        0.000000        0.000000
     H    7        0.000000        0.000000        0.000000

     C    8        0.044073       -0.142105        0.200175
     C    8       -0.142105       -0.192286       -0.027029
     C    8        0.200175       -0.027029        0.148213

     H    9       -0.000000        0.000000        0.000000
     H    9        0.000000        0.000000        0.000000
     H    9        0.000000        0.000000        0.000000

     C   10       -0.082135       -0.026593        0.159117
     C   10       -0.026593       -0.100344       -0.033565
     C   10        0.159117       -0.033565        0.182479

     C   11       -0.077888        0.067749        0.007516
     C   11        0.067749       -0.192481        0.064739
     C   11        0.007516        0.064739        0.270368

     Cl  12        0.103312        1.576148       -0.918872
     Cl  12        1.576148       -0.596231        1.276341
     Cl  12       -0.918872        1.276341        0.492919

     H   13       -0.000000        0.000000        0.000000
     H   13        0.000000        0.000000        0.000000
     H   13        0.000000        0.000000        0.000000

     C   14        0.129041        0.085425       -0.069776
     C   14        0.085425       -0.059240       -0.052918
     C   14       -0.069776       -0.052918       -0.069802

     H   15       -0.000000        0.000000        0.000000
     H   15        0.000000        0.000000        0.000000
     H   15        0.000000        0.000000        0.000000

     C   16       -0.043494        0.092458        0.122915
     C   16        0.092458       -0.168615        0.006814
     C   16        0.122915        0.006814        0.212109

     C   17       -0.143970       -0.096598        0.040397
     C   17       -0.096598       -0.126190       -0.033567
     C   17        0.040397       -0.033567        0.270160

     Cl  18       -0.363194       -0.591483       -0.426394
     Cl  18       -0.591483       -0.731177       -0.481606
     Cl  18       -0.426394       -0.481606        1.094371

     H   19       -0.000000        0.000000        0.000000
     H   19        0.000000        0.000000        0.000000
     H   19        0.000000        0.000000        0.000000

     C   20       -0.203359       -0.004083        0.035908
     C   20       -0.004083       -0.106609       -0.008437
     C   20        0.035908       -0.008437        0.309968

     H   21       -0.000000        0.000000        0.000000
     H   21        0.000000        0.000000        0.000000
     H   21        0.000000        0.000000        0.000000

     C   22       -0.089588       -0.045838        0.089399
     C   22       -0.045838       -0.191462        0.000887
     C   22        0.089399        0.000887        0.281050

     C   23       -0.031986        0.053837        0.170107
     C   23        0.053837       -0.111135       -0.057484
     C   23        0.170107       -0.057484        0.143121

     Cl  24        0.513459        1.755861        0.703656
     Cl  24        1.755861       -0.783604       -0.310137
     Cl  24        0.703656       -0.310137        0.270146

     ----- total EFG -----
     Cl   1        1.320326       -2.013921        0.375793
     Cl   1       -2.013921        0.156629        0.562140
     Cl   1        0.375793        0.562140       -1.476954

     C    2        0.315314        0.300648        0.193183
     C    2        0.300648       -0.147892       -0.105444
     C    2        0.193183       -0.105444       -0.167422

     C    3       -0.456397        0.028060       -0.016120
     C    3        0.028060       -0.029252        0.276744
     C    3       -0.016120        0.276744        0.485649

     H    4        0.344278        0.082028        0.086408
     H    4        0.082028       -0.067540        0.083024
     H    4        0.086408        0.083024       -0.276739

     C    5        0.070306        0.146544        0.225243
     C    5        0.146544       -0.667647       -0.059276
     C    5        0.225243       -0.059276        0.597341

     H    6       -0.016711       -0.036449        0.025443
     H    6       -0.036449        0.510295        0.469286
     H    6        0.025443        0.469286       -0.493584

     H    7       -0.296987        0.249474       -0.159367
     H    7        0.249474        0.438048       -0.054639
     H    7       -0.159367       -0.054639       -0.141061

     C    8        0.336288       -0.515458        0.598089
     C    8       -0.515458       -0.563476        0.056168
     C    8        0.598089        0.056168        0.227188

     H    9        0.332716       -0.098614        0.060334
     H    9       -0.098614       -0.023508        0.016763
     H    9        0.060334        0.016763       -0.309208

     C   10       -0.352908        0.045614        0.210926
     C   10        0.045614        0.082072       -0.136354
     C   10        0.210926       -0.136354        0.270836

     C   11        0.068769        0.034548        0.126519
     C   11        0.034548       -0.563522        0.129988
     C   11        0.126519        0.129988        0.494753

     Cl  12        0.087961        1.742374       -1.025895
     Cl  12        1.742374       -0.631256        1.394824
     Cl  12       -1.025895        1.394824        0.543295

     H   13       -0.314597        0.092527        0.224787
     H   13        0.092527        0.339012        0.245691
     H   13        0.224787        0.245691       -0.024415

     C   14        0.100228        0.114548       -0.346625
     C   14        0.114548       -0.022237       -0.050637
     C   14       -0.346625       -0.050637       -0.077991

     H   15        0.085266        0.062942        0.191755
     H   15        0.062942       -0.119942        0.034613
     H   15        0.191755        0.034613        0.034676

     C   16        0.069435        0.347514        0.290639
     C   16        0.347514       -0.684989       -0.025240
     C   16        0.290639       -0.025240        0.615554

     C   17       -0.434413       -0.311867       -0.000658
     C   17       -0.311867       -0.194632        0.089526
     C   17       -0.000658        0.089526        0.629044

     Cl  18       -0.041983       -0.685872       -0.395246
     Cl  18       -0.685872       -0.582838       -0.275647
     Cl  18       -0.395246       -0.275647        0.624822

     H   19       -0.003396        0.006438        0.210578
     H   19        0.006438        0.188691       -0.596740
     H   19        0.210578       -0.596740       -0.185294

     C   20       -0.570256        0.063541        0.029884
     C   20        0.063541        0.007912       -0.134548
     C   20        0.029884       -0.134548        0.562344

     H   21        0.068997        0.007238        0.357070
     H   21        0.007238       -0.049825       -0.030602
     H   21        0.357070       -0.030602       -0.019172

     C   22        0.070323       -0.187725        0.379805
     C   22       -0.187725       -0.591127        0.050127
     C   22        0.379805        0.050127        0.520804

     C   23       -0.291418        0.220844        0.256469
     C   23        0.220844        0.068502       -0.174950
     C   23        0.256469       -0.174950        0.222917

     Cl  24        0.553785        1.875410        0.815974
     Cl  24        1.875410       -0.886804       -0.338053
     Cl  24        0.815974       -0.338053        0.333020

     ----- total EFG (symmetrized) -----
     Cl   1        1.320326       -2.013921        0.375793
     Cl   1       -2.013921        0.156629        0.562140
     Cl   1        0.375793        0.562140       -1.476954

     C    2        0.315314        0.300648        0.193183
     C    2        0.300648       -0.147892       -0.105444
     C    2        0.193183       -0.105444       -0.167422

     C    3       -0.456397        0.028060       -0.016120
     C    3        0.028060       -0.029252        0.276744
     C    3       -0.016120        0.276744        0.485649

     H    4        0.344278        0.082028        0.086408
     H    4        0.082028       -0.067540        0.083024
     H    4        0.086408        0.083024       -0.276739

     C    5        0.070306        0.146544        0.225243
     C    5        0.146544       -0.667647       -0.059276
     C    5        0.225243       -0.059276        0.597341

     H    6       -0.016711       -0.036449        0.025443
     H    6       -0.036449        0.510295        0.469286
     H    6        0.025443        0.469286       -0.493584

     H    7       -0.296987        0.249474       -0.159367
     H    7        0.249474        0.438048       -0.054639
     H    7       -0.159367       -0.054639       -0.141061

     C    8        0.336288       -0.515458        0.598089
     C    8       -0.515458       -0.563476        0.056168
     C    8        0.598089        0.056168        0.227188

     H    9        0.332716       -0.098614        0.060334
     H    9       -0.098614       -0.023508        0.016763
     H    9        0.060334        0.016763       -0.309208

     C   10       -0.352908        0.045614        0.210926
     C   10        0.045614        0.082072       -0.136354
     C   10        0.210926       -0.136354        0.270836

     C   11        0.068769        0.034548        0.126519
     C   11        0.034548       -0.563522        0.129988
     C   11        0.126519        0.129988        0.494753

     Cl  12        0.087961        1.742374       -1.025895
     Cl  12        1.742374       -0.631256        1.394824
     Cl  12       -1.025895        1.394824        0.543295

     H   13       -0.314597        0.092527        0.224787
     H   13        0.092527        0.339012        0.245691
     H   13        0.224787        0.245691       -0.024415

     C   14        0.100228        0.114548       -0.346625
     C   14        0.114548       -0.022237       -0.050637
     C   14       -0.346625       -0.050637       -0.077991

     H   15        0.085266        0.062942        0.191755
     H   15        0.062942       -0.119942        0.034613
     H   15        0.191755        0.034613        0.034676

     C   16        0.069435        0.347514        0.290639
     C   16        0.347514       -0.684989       -0.025240
     C   16        0.290639       -0.025240        0.615554

     C   17       -0.434413       -0.311867       -0.000658
     C   17       -0.311867       -0.194632        0.089526
     C   17       -0.000658        0.089526        0.629044

     Cl  18       -0.041983       -0.685872       -0.395246
     Cl  18       -0.685872       -0.582838       -0.275647
     Cl  18       -0.395246       -0.275647        0.624822

     H   19       -0.003396        0.006438        0.210578
     H   19        0.006438        0.188691       -0.596740
     H   19        0.210578       -0.596740       -0.185294

     C   20       -0.570256        0.063541        0.029884
     C   20        0.063541        0.007912       -0.134548
     C   20        0.029884       -0.134548        0.562344

     H   21        0.068997        0.007238        0.357070
     H   21        0.007238       -0.049825       -0.030602
     H   21        0.357070       -0.030602       -0.019172

     C   22        0.070323       -0.187725        0.379805
     C   22       -0.187725       -0.591127        0.050127
     C   22        0.379805        0.050127        0.520804

     C   23       -0.291418        0.220844        0.256469
     C   23        0.220844        0.068502       -0.174950
     C   23        0.256469       -0.174950        0.222917

     Cl  24        0.553785        1.875410        0.815974
     Cl  24        1.875410       -0.886804       -0.338053
     Cl  24        0.815974       -0.338053        0.333020


     NQR/NMR SPECTROSCOPIC PARAMETERS:
     Cl   1    Vxx=   -0.7398    axis=(  0.448975  0.585265  0.675193)
     Cl   1    Vyy=   -2.0953    axis=( -0.401338 -0.543041  0.737587)
     Cl   1    Vzz=    2.8351    axis=( -0.798341  0.602139  0.008923)
     Cl   1  Q=        -8.1650 1e-30 m^2  Cq=       -54.3900 MHz  eta= 0.47811

     C    2    Vxx=   -0.0606    axis=( -0.093882  0.618609 -0.780070)
     C    2    Vyy=   -0.4288    axis=( -0.429263  0.681806  0.592346)
     C    2    Vzz=    0.4893    axis=( -0.898287 -0.390466 -0.201536)
     C    2  Q=         1.0000 1e-30 m^2  Cq=         1.1498 MHz  eta= 0.75251

     C    3    Vxx=   -0.1464    axis=(  0.103207  0.912121 -0.396715)
     C    3    Vyy=   -0.4597    axis=(  0.994654 -0.093291  0.044270)
     C    3    Vzz=    0.6062    axis=( -0.003369  0.399163  0.916874)
     C    3  Q=         1.0000 1e-30 m^2  Cq=         1.4243 MHz  eta= 0.51684

     H    4    Vxx=   -0.0652    axis=(  0.243114 -0.932613 -0.266697)
     H    4    Vyy=   -0.3105    axis=( -0.088564 -0.295140  0.951341)
     H    4    Vzz=    0.3757    axis=( -0.965946 -0.207665 -0.154349)
     H    4  Q=         1.0000 1e-30 m^2  Cq=         0.8828 MHz  eta= 0.65303

     C    5    Vxx=    0.0233    axis=( -0.915088 -0.222914  0.336039)
     C    5    Vyy=    0.6805    axis=(  0.345506 -0.003704  0.938409)
     C    5    Vzz=   -0.7038    axis=( -0.207940  0.974831  0.080407)
     C    5  Q=         1.0000 1e-30 m^2  Cq=        -1.6536 MHz  eta= 0.93382

     H    6    Vxx=   -0.0155    axis=(  0.997850  0.011607  0.064497)
     H    6    Vyy=   -0.6809    axis=(  0.055732  0.367459 -0.928368)
     H    6    Vzz=    0.6964    axis=( -0.034475  0.929967  0.366023)
     H    6  Q=         1.0000 1e-30 m^2  Cq=         1.6361 MHz  eta= 0.95551

     H    7    Vxx=   -0.0914    axis=(  0.368458 -0.265540 -0.890914)
     H    7    Vyy=   -0.4384    axis=( -0.875703  0.222556 -0.428501)
     H    7    Vzz=    0.5298    axis=(  0.312062  0.938060 -0.150532)
     H    7  Q=         1.0000 1e-30 m^2  Cq=         1.2448 MHz  eta= 0.65483

     C    8    Vxx=   -0.0724    axis=( -0.419997  0.525498  0.739902)
     C    8    Vyy=   -0.8932    axis=(  0.489950  0.817567 -0.302544)
     C    8    Vzz=    0.9656    axis=( -0.763906  0.235447 -0.600843)
     C    8  Q=         1.0000 1e-30 m^2  Cq=         2.2687 MHz  eta= 0.85000

     H    9    Vxx=   -0.0454    axis=( -0.233531 -0.965555 -0.114750)
     H    9    Vyy=   -0.3172    axis=(  0.105880  0.092059 -0.990108)
     H    9    Vzz=    0.3626    axis=(  0.966568 -0.243370  0.080735)
     H    9  Q=         1.0000 1e-30 m^2  Cq=         0.8519 MHz  eta= 0.74976

     C   10    Vxx=    0.0492    axis=(  0.265670  0.913205  0.308993)
     C   10    Vyy=    0.3824    axis=( -0.234528  0.372103 -0.898074)
     C   10    Vzz=   -0.4316    axis=( -0.935102  0.166124  0.313029)
     C   10  Q=         1.0000 1e-30 m^2  Cq=        -1.0141 MHz  eta= 0.77200

     C   11    Vxx=    0.0340    axis=( -0.964426  0.001746  0.264347)
     C   11    Vyy=    0.5458    axis=(  0.262628  0.120360  0.957361)
     C   11    Vzz=   -0.5798    axis=( -0.030146  0.992729 -0.116537)
     C   11  Q=         1.0000 1e-30 m^2  Cq=        -1.3624 MHz  eta= 0.88263

     Cl  12    Vxx=    1.3665    axis=( -0.620136  0.006849  0.784465)
     Cl  12    Vyy=    1.5493    axis=( -0.551268 -0.715259 -0.429544)
     Cl  12    Vzz=   -2.9158    axis=(  0.558154 -0.698826  0.447333)
     Cl  12  Q=        -8.1650 1e-30 m^2  Cq=        55.9372 MHz  eta= 0.06270

     H   13    Vxx=   -0.0670    axis=(  0.449400 -0.535207  0.715257)
     H   13    Vyy=   -0.4391    axis=( -0.863622 -0.055522  0.501073)
     H   13    Vzz=    0.5061    axis=(  0.228465  0.842894  0.487168)
     H   13  Q=         1.0000 1e-30 m^2  Cq=         1.1891 MHz  eta= 0.73513

     C   14    Vxx=   -0.0540    axis=(  0.156735 -0.956434 -0.246308)
     C   14    Vyy=   -0.3497    axis=(  0.622838 -0.097828  0.776210)
     C   14    Vzz=    0.4038    axis=( -0.766490 -0.275069  0.580370)
     C   14  Q=         1.0000 1e-30 m^2  Cq=         0.9488 MHz  eta= 0.73229

     H   15    Vxx=   -0.1179    axis=(  0.360184  0.703646 -0.612494)
     H   15    Vyy=   -0.1483    axis=( -0.562355  0.687629  0.459263)
     H   15    Vzz=    0.2662    axis=(  0.744328  0.179020  0.643372)
     H   15  Q=         1.0000 1e-30 m^2  Cq=         0.6254 MHz  eta= 0.11440

     C   16    Vxx=    0.0813    axis=( -0.818186 -0.385092  0.426938)
     C   16    Vyy=    0.7514    axis=(  0.428056  0.087756  0.899482)
     C   16    Vzz=   -0.8327    axis=(  0.383850 -0.918696 -0.093040)
     C   16  Q=         1.0000 1e-30 m^2  Cq=        -1.9566 MHz  eta= 0.80465

     C   17    Vxx=    0.0108    axis=( -0.569620  0.813339 -0.118374)
     C   17    Vyy=    0.6399    axis=( -0.035343  0.119651  0.992187)
     C   17    Vzz=   -0.6506    axis=(  0.821148  0.569353 -0.039410)
     C   17  Q=         1.0000 1e-30 m^2  Cq=        -1.5287 MHz  eta= 0.96694

     Cl  18    Vxx=    0.3539    axis=(  0.689916 -0.616691  0.379089)
     Cl  18    Vyy=    0.8103    axis=(  0.449878 -0.045002 -0.891956)
     Cl  18    Vzz=   -1.1642    axis=(  0.567121  0.785918  0.246388)
     Cl  18  Q=        -8.1650 1e-30 m^2  Cq=        22.3342 MHz  eta= 0.39199

     H   19    Vxx=    0.0199    axis=(  0.948549  0.301847  0.095622)
     H   19    Vyy=    0.6497    axis=(  0.186416 -0.776491  0.601922)
     H   19    Vzz=   -0.6696    axis=(  0.255938 -0.553127 -0.792809)
     H   19  Q=         1.0000 1e-30 m^2  Cq=        -1.5733 MHz  eta= 0.94062

     C   20    Vxx=   -0.0145    axis=(  0.122472  0.967917  0.219402)
     C   20    Vyy=   -0.5789    axis=(  0.992388 -0.116563 -0.039728)
     C   20    Vzz=    0.5935    axis=(  0.012879 -0.222598  0.974825)
     C   20  Q=         1.0000 1e-30 m^2  Cq=         1.3944 MHz  eta= 0.95098

     H   21    Vxx=   -0.0477    axis=( -0.089191 -0.994793  0.049305)
     H   21    Vyy=   -0.3375    axis=( -0.657831  0.096005  0.747022)
     H   21    Vzz=    0.3852    axis=(  0.747866 -0.034194  0.662969)
     H   21  Q=         1.0000 1e-30 m^2  Cq=         0.9051 MHz  eta= 0.75255

     C   22    Vxx=   -0.0776    axis=(  0.806135 -0.341855 -0.482992)
     C   22    Vyy=   -0.6614    axis=(  0.313910  0.938975 -0.140664)
     C   22    Vzz=    0.7390    axis=(  0.501604 -0.038222  0.864252)
     C   22  Q=         1.0000 1e-30 m^2  Cq=         1.7364 MHz  eta= 0.78992

     C   23    Vxx=    0.1633    axis=(  0.518650  0.830091  0.204819)
     C   23    Vyy=    0.3597    axis=(  0.230703 -0.366546  0.901343)
     C   23    Vzz=   -0.5230    axis=(  0.823273 -0.420230 -0.381614)
     C   23  Q=         1.0000 1e-30 m^2  Cq=        -1.2289 MHz  eta= 0.37548

     Cl  24    Vxx=    0.3880    axis=( -0.099743 -0.389545  0.915590)
     Cl  24    Vyy=    1.9938    axis=( -0.815229 -0.495586 -0.299661)
     Cl  24    Vzz=   -2.3818    axis=(  0.570485 -0.776305 -0.268137)
     Cl  24  Q=        -8.1650 1e-30 m^2  Cq=        45.6928 MHz  eta= 0.67423

     Initialization:
     gipaw_setup  :      9.04s CPU     10.93s WALL (       1 calls)

     Linear response

     Apply operators

     Induced current

     Other routines
     efg          :      9.52s CPU     12.14s WALL (       1 calls)

     General routines
     calbec       :      3.42s CPU      4.61s WALL (      16 calls)
     fft          :      1.38s CPU      1.58s WALL (      15 calls)
     ffts         :      0.03s CPU      0.04s WALL (       2 calls)
     fftw         :      3.33s CPU      4.18s WALL (     672 calls)
     davcio       :      0.03s CPU      0.31s WALL (      32 calls)

     Parallel routines
     fft_scatter  :      2.09s CPU      2.92s WALL (     689 calls)

     Plugins

     GIPAW        :     61.03s CPU     73.85s WALL (       1 calls)
