
     Program QE v.6.0 (svn rev. 13079) starts on 19Dec2016 at 15:13:57 

     This program is part of the open-source Quantum ESPRESSO suite
     for quantum simulation of materials; please cite
         "P. Giannozzi et al., J. Phys.:Condens. Matter 21 395502 (2009);
          URL http://www.quantum-espresso.org", 
     in publications or presentations arising from this work. More details at
     http://www.quantum-espresso.org/quote

     Parallel version (MPI), running on     8 processors
     R & G space division:  proc/nbgrp/npool/nimage =       8

     ***** This is GIPAW svn revision unknown      *****

     Parallelizing q-star over 1 images

     Reading data from directory:
     /users/majewski/paradichlorobenzene/pbe/9_constraint/scratch/pbe.ecut100.np8.dt60.pcl2phi-129368.save
     Message from routine read_xml_file:
     file /users/majewski/paradichlorobenzene/pbe/9_constraint/scratch/pbe.ecut100.np8.dt60.pcl2phi-129368.save not guaranteed to be safe for post-processing

   Info: using nr1, nr2, nr3 values from input

   Info: using nr1, nr2, nr3 values from input

     IMPORTANT: XC functional enforced from input :
     Exchange-correlation      =  SLA  PW   PBX  PBC ( 1  4  3  4 0 0)
     Any further DFT definition will be discarded
     Please, verify this is what you really want

               file C.pbe-n-kjpaw_psl.1.0.0.UPF: wavefunction(s)  2S 2P renormalized
               file Cl.pbe-n-kjpaw_psl.1.0.0.UPF: wavefunction(s)  3S 3P renormalized
               file H.pbe-kjpaw_psl.1.0.0.UPF: wavefunction(s)  1S renormalized

     Parallelization info
     --------------------
     sticks:   dense  smooth     PW     G-vecs:    dense   smooth      PW
     Min        3057    1223    332               144436    36536    5170
     Max        3059    1225    333               144437    36537    5171
     Sum       24467    9791   2657              1155489   292295   41363


     Subspace diagonalization in iterative solution of the eigenvalue problem:
     a serial algorithm will be used

     GIPAW projectors -----------------------------------------------
     atom=  C    l=0  rc=    1.2000  rs=    0.8000
     atom=  C    l=0  rc=    1.2000  rs=    0.8000
     atom=  C    l=1  rc=    1.4000  rs=    0.9333
     atom=  C    l=1  rc=    1.4000  rs=    0.9333
     projs nearly linearly dependent: l=1  n1,n2= 1, 2  s=  0.99951561

     atom=  Cl   l=0  rc=    1.6000  rs=    1.0667
     atom=  Cl   l=0  rc=    1.6000  rs=    1.0667
     atom=  Cl   l=1  rc=    1.6000  rs=    1.0667
     atom=  Cl   l=1  rc=    1.6000  rs=    1.0667
     atom=  Cl   l=2  rc=    1.6000  rs=    1.0667
     atom=  Cl   l=2  rc=    1.6000  rs=    1.0667
     projs nearly linearly dependent: l=2  n1,n2= 1, 2  s=  0.99993509

     atom=  H    l=0  rc=    1.0000  rs=    0.6667
     atom=  H    l=0  rc=    1.0000  rs=    0.6667
     projs nearly linearly dependent: l=0  n1,n2= 1, 2  s=  0.99968852
     -----------------------------------------------------------------

     GIPAW integrals: -------------------------------------------
     Atom  i/j   nmr_para   nmr_dia   epr_rmc  epr_para   epr_dia
       C   1 1   0.83E+03  0.17E-01  0.93E+01  0.24E+08  0.24E+03
       C   2 1   0.86E+03 -0.61E-01  0.94E+01  0.25E+08  0.25E+03
       C   2 2   0.90E+03 -0.15E+00  0.97E+01  0.26E+08  0.26E+03
       C   3 3   0.33E+01  0.34E+00  0.18E+01  0.55E+03  0.21E+02
       C   4 3   0.35E+01  0.37E+00  0.20E+01  0.59E+03  0.22E+02
       C   4 4   0.38E+01  0.39E+00  0.22E+01  0.63E+03  0.24E+02
       Cl  1 1   0.14E+04 -0.47E+00  0.84E+01  0.32E+09  0.42E+03
       Cl  2 1   0.21E+04 -0.37E+00  0.12E+02  0.49E+09  0.65E+03
       Cl  2 2   0.33E+04 -0.16E+00  0.21E+02  0.76E+09  0.10E+04
       Cl  3 3   0.21E+02  0.79E-01  0.89E+01  0.23E+05  0.13E+03
       Cl  4 3   0.24E+02  0.67E-01  0.99E+01  0.27E+05  0.15E+03
       Cl  4 4   0.28E+02  0.44E-01  0.11E+02  0.32E+05  0.18E+03
       Cl  5 5   0.77E+00  0.19E+00  0.18E+01  0.12E+03  0.22E+02
       Cl  6 5   0.80E+00  0.19E+00  0.19E+01  0.12E+03  0.23E+02
       Cl  6 6   0.83E+00  0.20E+00  0.19E+01  0.12E+03  0.23E+02
       H   1 1   0.39E+02  0.19E+00  0.29E+00  0.78E+05  0.13E+02
       H   2 1   0.41E+02  0.21E+00  0.32E+00  0.82E+05  0.14E+02
       H   2 2   0.43E+02  0.22E+00  0.36E+00  0.86E+05  0.15E+02
     ------------------------------------------------------------

     alpha_pv=     34.2791 eV

     Number of occupied bands for each k-point:
     k-point:     1    nbnd_occ=  42
     k-point:     2    nbnd_occ=  42
     k-point:     3    nbnd_occ=  42
     k-point:     4    nbnd_occ=  42
     k-point:     5    nbnd_occ=  42
     k-point:     6    nbnd_occ=  42
     k-point:     7    nbnd_occ=  42
     k-point:     8    nbnd_occ=  42
     k-point:     9    nbnd_occ=  42
     k-point:    10    nbnd_occ=  42
     k-point:    11    nbnd_occ=  42
     k-point:    12    nbnd_occ=  42
     k-point:    13    nbnd_occ=  42
     k-point:    14    nbnd_occ=  42
     k-point:    15    nbnd_occ=  42
     k-point:    16    nbnd_occ=  42


     q-space interpolation up to   110.00 Rydberg

     GIPAW job: efg                                                                             


     ELECTRIC FIELD GRADIENTS TENSORS IN Hartree/bohrradius^2:

     ----- bare term -----
     Cl   1       -0.134996        0.221987       -0.174916
     Cl   1        0.221987       -0.131531       -0.033095
     Cl   1       -0.174916       -0.033095        0.266527

     C    2       -0.007706       -0.108462       -0.533347
     C    2       -0.108462       -0.346581       -0.490595
     C    2       -0.533347       -0.490595        0.354287

     C    3       -0.075934        0.392144       -0.228446
     C    3        0.392144       -0.190524       -0.167638
     C    3       -0.228446       -0.167638        0.266458

     H    4        0.133170       -0.063817       -0.169710
     H    4       -0.063817        0.463615       -0.060471
     H    4       -0.169710       -0.060471       -0.596785

     C    5       -0.099863       -0.054700       -0.520602
     C    5       -0.054700       -0.173900       -0.376662
     C    5       -0.520602       -0.376662        0.273763

     H    6        0.157182        0.101237        0.381441
     H    6        0.101237        0.050919       -0.449060
     H    6        0.381441       -0.449060       -0.208100

     H    7        0.402852       -0.004242       -0.075046
     H    7       -0.004242       -0.623659        0.302850
     H    7       -0.075046        0.302850        0.220807

     C    8       -0.440406       -0.215381       -0.376413
     C    8       -0.215381       -0.024936        0.368963
     C    8       -0.376413        0.368963        0.465342

     H    9       -0.576437        0.116644       -0.314492
     H    9        0.116644        0.339672        0.212881
     H    9       -0.314492        0.212881        0.236765

     C   10       -0.153093       -0.255692       -0.241091
     C   10       -0.255692       -0.363447        0.515059
     C   10       -0.241091        0.515059        0.516540

     C   11       -0.389236        0.045699       -0.304092
     C   11        0.045699       -0.038797        0.397105
     C   11       -0.304092        0.397105        0.428034

     Cl  12       -0.136318       -0.148324        0.135494
     Cl  12       -0.148324       -0.123004       -0.034305
     Cl  12        0.135494       -0.034305        0.259323

     H   13        0.379952       -0.030349        0.042494
     H   13       -0.030349       -0.335901       -0.520055
     H   13        0.042494       -0.520055       -0.044051

     C   14       -0.567412        0.316747       -0.367546
     C   14        0.316747        0.130781       -0.291739
     C   14       -0.367546       -0.291739        0.436631

     H   15       -0.184636       -0.049086       -0.554667
     H   15       -0.049086        0.232834        0.055891
     H   15       -0.554667        0.055891       -0.048198

     C   16       -0.078521        0.265443       -0.211906
     C   16        0.265443       -0.147991       -0.637855
     C   16       -0.211906       -0.637855        0.226511

     C   17       -0.408958        0.211049       -0.356480
     C   17        0.211049        0.066139       -0.353119
     C   17       -0.356480       -0.353119        0.342819

     Cl  18       -0.080254       -0.051567       -0.045825
     Cl  18       -0.051567       -0.025869       -0.133579
     Cl  18       -0.045825       -0.133579        0.106123

     H   19        0.375289        0.357161        0.120041
     H   19        0.357161       -0.653686       -0.084942
     H   19        0.120041       -0.084942        0.278397

     C   20       -0.201581       -0.391304       -0.317147
     C   20       -0.391304       -0.191948        0.426171
     C   20       -0.317147        0.426171        0.393529

     H   21       -0.422927        0.424174        0.176027
     H   21        0.424174        0.207885       -0.107431
     H   21        0.176027       -0.107431        0.215042

     C   22       -0.044605       -0.056217       -0.250237
     C   22       -0.056217       -0.317244        0.379340
     C   22       -0.250237        0.379340        0.361848

     C   23       -0.220178       -0.199791       -0.351129
     C   23       -0.199791       -0.143924        0.525062
     C   23       -0.351129        0.525062        0.364103

     Cl  24       -0.012962       -0.047434        0.042457
     Cl  24       -0.047434        0.052403       -0.035364
     Cl  24        0.042457       -0.035364       -0.039441

     ----- ionic term -----
     Cl   1        0.142273       -0.233180        0.031955
     Cl   1       -0.233180        0.007332       -0.009570
     Cl   1        0.031955       -0.009570       -0.149605

     C    2        0.105263       -0.287803        0.327350
     C    2       -0.287803        0.040261        0.416490
     C    2        0.327350        0.416490       -0.145524

     C    3       -0.022198       -0.312870        0.230919
     C    3       -0.312870        0.139681        0.400789
     C    3        0.230919        0.400789       -0.117484

     H    4        0.190818        0.192007        0.786940
     H    4        0.192007       -0.465894        0.279313
     H    4        0.786940        0.279313        0.275075

     C    5        0.135575       -0.262743        0.363398
     C    5       -0.262743        0.006207        0.286225
     C    5        0.363398        0.286225       -0.141782

     H    6       -0.541442       -0.084614       -0.042105
     H    6       -0.084614        0.519331        0.766592
     H    6       -0.042105        0.766592        0.022111

     H    7       -0.513998       -0.063850        0.019998
     H    7       -0.063850        0.794822       -0.615577
     H    7        0.019998       -0.615577       -0.280825

     C    8        0.346194        0.129847        0.160423
     C    8        0.129847        0.092464       -0.287287
     C    8        0.160423       -0.287287       -0.438658

     H    9        0.643605       -0.229648        0.696606
     H    9       -0.229648       -0.477208       -0.201549
     H    9        0.696606       -0.201549       -0.166398

     C   10        0.190130        0.186909        0.168645
     C   10        0.186909        0.136621       -0.371022
     C   10        0.168645       -0.371022       -0.326751

     C   11        0.308463        0.082298        0.157807
     C   11        0.082298        0.125463       -0.395549
     C   11        0.157807       -0.395549       -0.433926

     Cl  12        0.137234        0.221671       -0.016061
     Cl  12        0.221671        0.017182       -0.021904
     Cl  12       -0.016061       -0.021904       -0.154416

     H   13       -0.526366       -0.010846        0.008269
     H   13       -0.010846        0.547122        0.755410
     H   13        0.008269        0.755410       -0.020756

     C   14        0.175064       -0.253351        0.341046
     C   14       -0.253351        0.006920        0.295838
     C   14        0.341046        0.295838       -0.181984

     H   15        0.524141        0.251786        0.711803
     H   15        0.251786       -0.431058        0.242228
     H   15        0.711803        0.242228       -0.093083

     C   16        0.083147       -0.289881        0.221871
     C   16       -0.289881        0.166744        0.385561
     C   16        0.221871        0.385561       -0.249891

     C   17        0.074669       -0.224951        0.405000
     C   17       -0.224951        0.055520        0.378652
     C   17        0.405000        0.378652       -0.130188

     Cl  18        0.131984       -0.215750        0.051675
     Cl  18       -0.215750        0.011674       -0.030160
     Cl  18        0.051675       -0.030160       -0.143658

     H   19       -0.504681       -0.158481        0.049404
     H   19       -0.158481        0.903455       -0.498864
     H   19        0.049404       -0.498864       -0.398773

     C   20        0.352824        0.045688        0.129040
     C   20        0.045688        0.123305       -0.278145
     C   20        0.129040       -0.278145       -0.476129

     H   21        0.729687       -0.512593        0.394968
     H   21       -0.512593       -0.294045       -0.234708
     H   21        0.394968       -0.234708       -0.435642

     C   22        0.131962        0.065682        0.077276
     C   22        0.065682        0.306889       -0.410155
     C   22        0.077276       -0.410155       -0.438852

     C   23        0.246646        0.056659        0.131595
     C   23        0.056659        0.203172       -0.424743
     C   23        0.131595       -0.424743       -0.449818

     Cl  24        0.139395        0.192170       -0.060783
     Cl  24        0.192170       -0.002742       -0.041834
     Cl  24       -0.060783       -0.041834       -0.136653

     ----- GIPAW term -----
     Cl   1        0.528060       -0.871848       -2.028992
     Cl   1       -0.871848       -1.296209       -0.400619
     Cl   1       -2.028992       -0.400619        0.768149

     C    2        0.040790       -0.125774       -0.219022
     C    2       -0.125774       -0.151535       -0.060884
     C    2       -0.219022       -0.060884        0.110745

     C    3        0.011846        0.058226       -0.160832
     C    3        0.058226       -0.103299       -0.030964
     C    3       -0.160832       -0.030964        0.091453

     H    4       -0.000000        0.000000        0.000000
     H    4        0.000000        0.000000        0.000000
     H    4        0.000000        0.000000        0.000000

     C    5        0.063133       -0.048818       -0.246135
     C    5       -0.048818       -0.168195       -0.040548
     C    5       -0.246135       -0.040548        0.105062

     H    6       -0.000000        0.000000        0.000000
     H    6        0.000000        0.000000        0.000000
     H    6        0.000000        0.000000        0.000000

     H    7       -0.000000        0.000000        0.000000
     H    7        0.000000        0.000000        0.000000
     H    7        0.000000        0.000000        0.000000

     C    8       -0.068196       -0.033831       -0.053096
     C    8       -0.033831       -0.023804        0.071256
     C    8       -0.053096        0.071256        0.092000

     H    9       -0.000000        0.000000        0.000000
     H    9        0.000000        0.000000        0.000000
     H    9        0.000000        0.000000        0.000000

     C   10       -0.072729       -0.029352       -0.089212
     C   10       -0.029352       -0.099886        0.080499
     C   10       -0.089212        0.080499        0.172614

     C   11       -0.036752        0.118609        0.041005
     C   11        0.118609       -0.071460        0.018059
     C   11        0.041005        0.018059        0.108212

     Cl  12        0.300866        1.210463        1.468556
     Cl  12        1.210463       -1.262013       -0.393800
     Cl  12        1.468556       -0.393800        0.961147

     H   13       -0.000000        0.000000        0.000000
     H   13        0.000000        0.000000        0.000000
     H   13        0.000000        0.000000        0.000000

     C   14       -0.120613        0.055549       -0.053733
     C   14        0.055549        0.081100       -0.034205
     C   14       -0.053733       -0.034205        0.039514

     H   15       -0.000000        0.000000        0.000000
     H   15        0.000000        0.000000        0.000000
     H   15        0.000000        0.000000        0.000000

     C   16       -0.087984        0.060599       -0.048707
     C   16        0.060599        0.124945       -0.154688
     C   16       -0.048707       -0.154688       -0.036961

     C   17       -0.043604       -0.109042       -0.064709
     C   17       -0.109042        0.116355       -0.029198
     C   17       -0.064709       -0.029198       -0.072751

     Cl  18        0.009505       -2.264967        0.017711
     Cl  18       -2.264967        0.010064       -1.782302
     Cl  18        0.017711       -1.782302       -0.019569

     H   19       -0.000000        0.000000        0.000000
     H   19        0.000000        0.000000        0.000000
     H   19        0.000000        0.000000        0.000000

     C   20        0.014004       -0.170505       -0.135149
     C   20       -0.170505       -0.045565        0.170622
     C   20       -0.135149        0.170622        0.031561

     H   21       -0.000000        0.000000        0.000000
     H   21        0.000000        0.000000        0.000000
     H   21        0.000000        0.000000        0.000000

     C   22       -0.017089       -0.019287       -0.176979
     C   22       -0.019287       -0.117670        0.073412
     C   22       -0.176979        0.073412        0.134759

     C   23        0.043333        0.037184       -0.155475
     C   23        0.037184       -0.065904        0.126592
     C   23       -0.155475        0.126592        0.022571

     Cl  24       -0.409452        0.798025       -1.144342
     Cl  24        0.798025       -0.989760        1.183331
     Cl  24       -1.144342        1.183331        1.399211

     ----- total EFG -----
     Cl   1        0.535337       -0.883041       -2.171953
     Cl   1       -0.883041       -1.420408       -0.443284
     Cl   1       -2.171953       -0.443284        0.885071

     C    2        0.138347       -0.522039       -0.425019
     C    2       -0.522039       -0.457855       -0.134989
     C    2       -0.425019       -0.134989        0.319508

     C    3       -0.086286        0.137500       -0.158359
     C    3        0.137500       -0.154142        0.202186
     C    3       -0.158359        0.202186        0.240428

     H    4        0.323988        0.128189        0.617231
     H    4        0.128189       -0.002278        0.218843
     H    4        0.617231        0.218843       -0.321710

     C    5        0.098845       -0.366260       -0.403339
     C    5       -0.366260       -0.335888       -0.130985
     C    5       -0.403339       -0.130985        0.237043

     H    6       -0.384260        0.016624        0.339337
     H    6        0.016624        0.570250        0.317532
     H    6        0.339337        0.317532       -0.185989

     H    7       -0.111146       -0.068093       -0.055048
     H    7       -0.068093        0.171164       -0.312727
     H    7       -0.055048       -0.312727       -0.060018

     C    8       -0.162409       -0.119365       -0.269087
     C    8       -0.119365        0.043724        0.152932
     C    8       -0.269087        0.152932        0.118684

     H    9        0.067168       -0.113004        0.382114
     H    9       -0.113004       -0.137535        0.011332
     H    9        0.382114        0.011332        0.070367

     C   10       -0.035691       -0.098135       -0.161657
     C   10       -0.098135       -0.326712        0.224537
     C   10       -0.161657        0.224537        0.362403

     C   11       -0.117525        0.246607       -0.105280
     C   11        0.246607        0.015205        0.019615
     C   11       -0.105280        0.019615        0.102320

     Cl  12        0.301782        1.283809        1.587989
     Cl  12        1.283809       -1.367835       -0.450009
     Cl  12        1.587989       -0.450009        1.066053

     H   13       -0.146414       -0.041195        0.050763
     H   13       -0.041195        0.211221        0.235355
     H   13        0.050763        0.235355       -0.064807

     C   14       -0.512962        0.118944       -0.080233
     C   14        0.118944        0.218801       -0.030107
     C   14       -0.080233       -0.030107        0.294160

     H   15        0.339505        0.202700        0.157137
     H   15        0.202700       -0.198224        0.298119
     H   15        0.157137        0.298119       -0.141282

     C   16       -0.083357        0.036162       -0.038742
     C   16        0.036162        0.143699       -0.406982
     C   16       -0.038742       -0.406982       -0.060342

     C   17       -0.377893       -0.122944       -0.016189
     C   17       -0.122944        0.238014       -0.003665
     C   17       -0.016189       -0.003665        0.139880

     Cl  18        0.061234       -2.532284        0.023561
     Cl  18       -2.532284       -0.004131       -1.946042
     Cl  18        0.023561       -1.946042       -0.057103

     H   19       -0.129393        0.198680        0.169445
     H   19        0.198680        0.249769       -0.583806
     H   19        0.169445       -0.583806       -0.120376

     C   20        0.165247       -0.516121       -0.323256
     C   20       -0.516121       -0.114208        0.318647
     C   20       -0.323256        0.318647       -0.051039

     H   21        0.306760       -0.088419        0.570994
     H   21       -0.088419       -0.086160       -0.342138
     H   21        0.570994       -0.342138       -0.220600

     C   22        0.070268       -0.009823       -0.349940
     C   22       -0.009823       -0.128025        0.042598
     C   22       -0.349940        0.042598        0.057756

     C   23        0.069801       -0.105948       -0.375010
     C   23       -0.105948       -0.006657        0.226911
     C   23       -0.375010        0.226911       -0.063144

     Cl  24       -0.283019        0.942761       -1.162668
     Cl  24        0.942761       -0.940099        1.106133
     Cl  24       -1.162668        1.106133        1.223118

     ----- total EFG (symmetrized) -----
     Cl   1        0.535337       -0.883041       -2.171953
     Cl   1       -0.883041       -1.420408       -0.443284
     Cl   1       -2.171953       -0.443284        0.885071

     C    2        0.138347       -0.522039       -0.425019
     C    2       -0.522039       -0.457855       -0.134989
     C    2       -0.425019       -0.134989        0.319508

     C    3       -0.086286        0.137500       -0.158359
     C    3        0.137500       -0.154142        0.202186
     C    3       -0.158359        0.202186        0.240428

     H    4        0.323988        0.128189        0.617231
     H    4        0.128189       -0.002278        0.218843
     H    4        0.617231        0.218843       -0.321710

     C    5        0.098845       -0.366260       -0.403339
     C    5       -0.366260       -0.335888       -0.130985
     C    5       -0.403339       -0.130985        0.237043

     H    6       -0.384260        0.016624        0.339337
     H    6        0.016624        0.570250        0.317532
     H    6        0.339337        0.317532       -0.185989

     H    7       -0.111146       -0.068093       -0.055048
     H    7       -0.068093        0.171164       -0.312727
     H    7       -0.055048       -0.312727       -0.060018

     C    8       -0.162409       -0.119365       -0.269087
     C    8       -0.119365        0.043724        0.152932
     C    8       -0.269087        0.152932        0.118684

     H    9        0.067168       -0.113004        0.382114
     H    9       -0.113004       -0.137535        0.011332
     H    9        0.382114        0.011332        0.070367

     C   10       -0.035691       -0.098135       -0.161657
     C   10       -0.098135       -0.326712        0.224537
     C   10       -0.161657        0.224537        0.362403

     C   11       -0.117525        0.246607       -0.105280
     C   11        0.246607        0.015205        0.019615
     C   11       -0.105280        0.019615        0.102320

     Cl  12        0.301782        1.283809        1.587989
     Cl  12        1.283809       -1.367835       -0.450009
     Cl  12        1.587989       -0.450009        1.066053

     H   13       -0.146414       -0.041195        0.050763
     H   13       -0.041195        0.211221        0.235355
     H   13        0.050763        0.235355       -0.064807

     C   14       -0.512962        0.118944       -0.080233
     C   14        0.118944        0.218801       -0.030107
     C   14       -0.080233       -0.030107        0.294160

     H   15        0.339505        0.202700        0.157137
     H   15        0.202700       -0.198224        0.298119
     H   15        0.157137        0.298119       -0.141282

     C   16       -0.083357        0.036162       -0.038742
     C   16        0.036162        0.143699       -0.406982
     C   16       -0.038742       -0.406982       -0.060342

     C   17       -0.377893       -0.122944       -0.016189
     C   17       -0.122944        0.238014       -0.003665
     C   17       -0.016189       -0.003665        0.139880

     Cl  18        0.061234       -2.532284        0.023561
     Cl  18       -2.532284       -0.004131       -1.946042
     Cl  18        0.023561       -1.946042       -0.057103

     H   19       -0.129393        0.198680        0.169445
     H   19        0.198680        0.249769       -0.583806
     H   19        0.169445       -0.583806       -0.120376

     C   20        0.165247       -0.516121       -0.323256
     C   20       -0.516121       -0.114208        0.318647
     C   20       -0.323256        0.318647       -0.051039

     H   21        0.306760       -0.088419        0.570994
     H   21       -0.088419       -0.086160       -0.342138
     H   21        0.570994       -0.342138       -0.220600

     C   22        0.070268       -0.009823       -0.349940
     C   22       -0.009823       -0.128025        0.042598
     C   22       -0.349940        0.042598        0.057756

     C   23        0.069801       -0.105948       -0.375010
     C   23       -0.105948       -0.006657        0.226911
     C   23       -0.375010        0.226911       -0.063144

     Cl  24       -0.283019        0.942761       -1.162668
     Cl  24        0.942761       -0.940099        1.106133
     Cl  24       -1.162668        1.106133        1.223118


     NQR/NMR SPECTROSCOPIC PARAMETERS:
     Cl   1    Vxx=   -0.5059    axis=( -0.476438  0.710841 -0.517408)
     Cl   1    Vyy=   -2.4014    axis=(  0.548508  0.700240  0.456949)
     Cl   1    Vzz=    2.9073    axis=(  0.687128 -0.066094 -0.723524)
     Cl   1  Q=        -8.1650 1e-30 m^2  Cq=       -55.7746 MHz  eta= 0.65198

     C    2    Vxx=    0.1411    axis=(  0.465571 -0.560222  0.685124)
     C    2    Vyy=    0.7181    axis=(  0.703547 -0.235359 -0.670543)
     C    2    Vzz=   -0.8591    axis=( -0.536903 -0.794202 -0.284567)
     C    2  Q=         1.0000 1e-30 m^2  Cq=        -2.0186 MHz  eta= 0.67160

     C    3    Vxx=    0.0214    axis=(  0.787264  0.616615 -0.000003)
     C    3    Vyy=    0.3485    axis=(  0.239152 -0.305342 -0.921723)
     C    3    Vzz=   -0.3699    axis=( -0.568349  0.725639 -0.387850)
     C    3  Q=         1.0000 1e-30 m^2  Cq=        -0.8691 MHz  eta= 0.88424

     H    4    Vxx=   -0.0466    axis=(  0.332641 -0.943046 -0.003862)
     H    4    Vyy=   -0.7169    axis=(  0.486147  0.174985 -0.856178)
     H    4    Vzz=    0.7635    axis=(  0.808091  0.282922  0.516666)
     H    4  Q=         1.0000 1e-30 m^2  Cq=         1.7939 MHz  eta= 0.87794

     C    5    Vxx=    0.0637    axis=( -0.470032  0.632647 -0.615490)
     C    5    Vyy=    0.6009    axis=( -0.690020  0.171459  0.703188)
     C    5    Vzz=   -0.6646    axis=(  0.550401  0.755221  0.355948)
     C    5  Q=         1.0000 1e-30 m^2  Cq=        -1.5614 MHz  eta= 0.80841

     H    6    Vxx=   -0.0373    axis=( -0.640638  0.369367 -0.673165)
     H    6    Vyy=   -0.6661    axis=( -0.756449 -0.153135  0.635873)
     H    6    Vzz=    0.7034    axis=(  0.131785  0.916580  0.377511)
     H    6  Q=         1.0000 1e-30 m^2  Cq=         1.6528 MHz  eta= 0.89401

     H    7    Vxx=   -0.0772    axis=(  0.921209 -0.181060 -0.344370)
     H    7    Vyy=   -0.3130    axis=(  0.385882  0.538224  0.749273)
     H    7    Vzz=    0.3902    axis=( -0.049685  0.823123 -0.565685)
     H    7  Q=         1.0000 1e-30 m^2  Cq=         0.9168 MHz  eta= 0.60438

     C    8    Vxx=   -0.0622    axis=(  0.187955  0.869960 -0.455898)
     C    8    Vyy=   -0.3271    axis=( -0.864772 -0.073489 -0.496758)
     C    8    Vzz=    0.3893    axis=( -0.465663  0.487616  0.738504)
     C    8  Q=         1.0000 1e-30 m^2  Cq=         0.9148 MHz  eta= 0.68044

     H    9    Vxx=   -0.1088    axis=( -0.195830  0.912188  0.359949)
     H    9    Vyy=   -0.3508    axis=(  0.676278  0.391431 -0.624043)
     H    9    Vzz=    0.4596    axis=( -0.710140  0.121219 -0.693547)
     H    9  Q=         1.0000 1e-30 m^2  Cq=         1.0800 MHz  eta= 0.52657

     C   10    Vxx=   -0.0922    axis=(  0.933098 -0.049412  0.356210)
     C   10    Vyy=   -0.4005    axis=( -0.146353 -0.956957  0.250629)
     C   10    Vzz=    0.4927    axis=( -0.328494  0.285994  0.900166)
     C   10  Q=         1.0000 1e-30 m^2  Cq=         1.1577 MHz  eta= 0.62573

     C   11    Vxx=    0.1017    axis=(  0.090290  0.457853  0.884431)
     C   11    Vyy=    0.2262    axis=( -0.611056 -0.675784  0.412222)
     C   11    Vzz=   -0.3280    axis=( -0.786421  0.577657 -0.218757)
     C   11  Q=         1.0000 1e-30 m^2  Cq=        -0.7706 MHz  eta= 0.37963

     Cl  12    Vxx=    0.1089    axis=( -0.523966 -0.630129  0.573060)
     Cl  12    Vyy=    2.3771    axis=(  0.653268  0.134412  0.745100)
     Cl  12    Vzz=   -2.4861    axis=( -0.546535  0.764768  0.341216)
     Cl  12  Q=        -8.1650 1e-30 m^2  Cq=        47.6942 MHz  eta= 0.91237

     H   13    Vxx=   -0.1034    axis=(  0.830420 -0.259912  0.492796)
     H   13    Vyy=   -0.2429    axis=( -0.556716 -0.421509  0.715820)
     H   13    Vzz=    0.3463    axis=( -0.021668  0.868779  0.494726)
     H   13  Q=         1.0000 1e-30 m^2  Cq=         0.8136 MHz  eta= 0.40280

     C   14    Vxx=    0.2166    axis=( -0.096199 -0.890294 -0.445109)
     C   14    Vyy=    0.3219    axis=(  0.146834  0.429597 -0.891003)
     C   14    Vzz=   -0.5385    axis=(  0.984472 -0.151071  0.089399)
     C   14  Q=         1.0000 1e-30 m^2  Cq=        -1.2653 MHz  eta= 0.19554

     H   15    Vxx=   -0.0375    axis=(  0.551149 -0.518137 -0.654040)
     H   15    Vyy=   -0.4720    axis=( -0.062637  0.755935 -0.651643)
     H   15    Vzz=    0.5095    axis=(  0.832052  0.400120  0.384178)
     H   15  Q=         1.0000 1e-30 m^2  Cq=         1.1972 MHz  eta= 0.85271

     C   16    Vxx=   -0.0881    axis=( -0.995087  0.092279 -0.035858)
     C   16    Vyy=   -0.3781    axis=(  0.028456  0.613513  0.789172)
     C   16    Vzz=    0.4662    axis=( -0.094823 -0.784275  0.613125)
     C   16  Q=         1.0000 1e-30 m^2  Cq=         1.0955 MHz  eta= 0.62205

     C   17    Vxx=    0.1404    axis=( -0.030894 -0.001380  0.999522)
     C   17    Vyy=    0.2617    axis=( -0.188669  0.982031 -0.004476)
     C   17    Vzz=   -0.4020    axis=( -0.981555 -0.188717 -0.030599)
     C   17  Q=         1.0000 1e-30 m^2  Cq=        -0.9446 MHz  eta= 0.30163

     Cl  18    Vxx=   -0.0359    axis=( -0.609391 -0.016005  0.792708)
     Cl  18    Vyy=   -3.1762    axis=(  0.551738  0.709456  0.438471)
     Cl  18    Vzz=    3.2121    axis=(  0.569409 -0.704568  0.423506)
     Cl  18  Q=        -8.1650 1e-30 m^2  Cq=       -61.6229 MHz  eta= 0.97763

     H   19    Vxx=   -0.0137    axis=(  0.900208  0.189685  0.391977)
     H   19    Vyy=   -0.6682    axis=( -0.428214  0.549135  0.717693)
     H   19    Vzz=    0.6819    axis=( -0.079112 -0.813923  0.575561)
     H   19  Q=         1.0000 1e-30 m^2  Cq=         1.6022 MHz  eta= 0.95968

     C   20    Vxx=   -0.2789    axis=(  0.495663 -0.112854  0.861152)
     C   20    Vyy=   -0.5205    axis=( -0.528908 -0.825683  0.196224)
     C   20    Vzz=    0.7994    axis=(  0.688894 -0.552731 -0.468950)
     C   20  Q=         1.0000 1e-30 m^2  Cq=         1.8783 MHz  eta= 0.30234

     H   21    Vxx=   -0.0657    axis=(  0.471160  0.864829 -0.173433)
     H   21    Vyy=   -0.6902    axis=( -0.429486  0.396680  0.811287)
     H   21    Vzz=    0.7559    axis=(  0.770422 -0.307759  0.558332)
     H   21  Q=         1.0000 1e-30 m^2  Cq=         1.7760 MHz  eta= 0.82612

     C   22    Vxx=   -0.1271    axis=(  0.150266  0.986999  0.057028)
     C   22    Vyy=   -0.2894    axis=(  0.687800 -0.145801  0.711107)
     C   22    Vzz=    0.4165    axis=( -0.710177  0.067631  0.700767)
     C   22  Q=         1.0000 1e-30 m^2  Cq=         0.9786 MHz  eta= 0.38988

     C   23    Vxx=   -0.0800    axis=( -0.516189 -0.855736  0.035569)
     C   23    Vyy=   -0.4106    axis=(  0.546094 -0.296849  0.783366)
     C   23    Vzz=    0.4906    axis=(  0.659795 -0.423789 -0.620543)
     C   23  Q=         1.0000 1e-30 m^2  Cq=         1.1526 MHz  eta= 0.67385

     Cl  24    Vxx=    0.3429    axis=(  0.736187  0.662040  0.140469)
     Cl  24    Vyy=    1.9747    axis=(  0.371581 -0.221923 -0.901486)
     Cl  24    Vzz=   -2.3176    axis=( -0.565647  0.715858 -0.409378)
     Cl  24  Q=        -8.1650 1e-30 m^2  Cq=        44.4620 MHz  eta= 0.70405

     Initialization:
     gipaw_setup  :      9.22s CPU     10.93s WALL (       1 calls)

     Linear response

     Apply operators

     Induced current

     Other routines
     efg          :      8.99s CPU     11.15s WALL (       1 calls)

     General routines
     calbec       :      3.15s CPU      4.01s WALL (      16 calls)
     fft          :      1.56s CPU      2.20s WALL (      15 calls)
     ffts         :      0.04s CPU      0.04s WALL (       2 calls)
     fftw         :      3.04s CPU      3.75s WALL (     672 calls)
     davcio       :      0.01s CPU      0.34s WALL (      32 calls)

     Parallel routines
     fft_scatter  :      2.00s CPU      3.12s WALL (     689 calls)

     Plugins

     GIPAW        :     60.86s CPU     74.38s WALL (       1 calls)
