
     Program QE v.6.0 (svn rev. 13079) starts on 25Dec2016 at  9: 9:48 

     This program is part of the open-source Quantum ESPRESSO suite
     for quantum simulation of materials; please cite
         "P. Giannozzi et al., J. Phys.:Condens. Matter 21 395502 (2009);
          URL http://www.quantum-espresso.org", 
     in publications or presentations arising from this work. More details at
     http://www.quantum-espresso.org/quote

     Parallel version (MPI), running on     8 processors
     R & G space division:  proc/nbgrp/npool/nimage =       8

     ***** This is GIPAW svn revision unknown      *****

     Parallelizing q-star over 1 images

     Reading data from directory:
     /users/majewski/paradichlorobenzene/pbe/9_constraint/scratch/pbe.ecut100.np8.dt60.pcl2phi-129368.save
     Message from routine read_xml_file:
     file /users/majewski/paradichlorobenzene/pbe/9_constraint/scratch/pbe.ecut100.np8.dt60.pcl2phi-129368.save not guaranteed to be safe for post-processing

   Info: using nr1, nr2, nr3 values from input

   Info: using nr1, nr2, nr3 values from input

     IMPORTANT: XC functional enforced from input :
     Exchange-correlation      =  SLA  PW   PBX  PBC ( 1  4  3  4 0 0)
     Any further DFT definition will be discarded
     Please, verify this is what you really want

               file C.pbe-n-kjpaw_psl.1.0.0.UPF: wavefunction(s)  2S 2P renormalized
               file Cl.pbe-n-kjpaw_psl.1.0.0.UPF: wavefunction(s)  3S 3P renormalized
               file H.pbe-kjpaw_psl.1.0.0.UPF: wavefunction(s)  1S renormalized

     Parallelization info
     --------------------
     sticks:   dense  smooth     PW     G-vecs:    dense   smooth      PW
     Min        3057    1223    332               144436    36536    5170
     Max        3059    1225    333               144437    36537    5171
     Sum       24467    9791   2657              1155489   292295   41363


     Subspace diagonalization in iterative solution of the eigenvalue problem:
     a serial algorithm will be used

     GIPAW projectors -----------------------------------------------
     atom=  C    l=0  rc=    1.2000  rs=    0.8000
     atom=  C    l=0  rc=    1.2000  rs=    0.8000
     atom=  C    l=1  rc=    1.4000  rs=    0.9333
     atom=  C    l=1  rc=    1.4000  rs=    0.9333
     projs nearly linearly dependent: l=1  n1,n2= 1, 2  s=  0.99951561

     atom=  Cl   l=0  rc=    1.6000  rs=    1.0667
     atom=  Cl   l=0  rc=    1.6000  rs=    1.0667
     atom=  Cl   l=1  rc=    1.6000  rs=    1.0667
     atom=  Cl   l=1  rc=    1.6000  rs=    1.0667
     atom=  Cl   l=2  rc=    1.6000  rs=    1.0667
     atom=  Cl   l=2  rc=    1.6000  rs=    1.0667
     projs nearly linearly dependent: l=2  n1,n2= 1, 2  s=  0.99993509

     atom=  H    l=0  rc=    1.0000  rs=    0.6667
     atom=  H    l=0  rc=    1.0000  rs=    0.6667
     projs nearly linearly dependent: l=0  n1,n2= 1, 2  s=  0.99968852
     -----------------------------------------------------------------

     GIPAW integrals: -------------------------------------------
     Atom  i/j   nmr_para   nmr_dia   epr_rmc  epr_para   epr_dia
       C   1 1   0.83E+03  0.17E-01  0.93E+01  0.24E+08  0.24E+03
       C   2 1   0.86E+03 -0.61E-01  0.94E+01  0.25E+08  0.25E+03
       C   2 2   0.90E+03 -0.15E+00  0.97E+01  0.26E+08  0.26E+03
       C   3 3   0.33E+01  0.34E+00  0.18E+01  0.55E+03  0.21E+02
       C   4 3   0.35E+01  0.37E+00  0.20E+01  0.59E+03  0.22E+02
       C   4 4   0.38E+01  0.39E+00  0.22E+01  0.63E+03  0.24E+02
       Cl  1 1   0.14E+04 -0.47E+00  0.84E+01  0.32E+09  0.42E+03
       Cl  2 1   0.21E+04 -0.37E+00  0.12E+02  0.49E+09  0.65E+03
       Cl  2 2   0.33E+04 -0.16E+00  0.21E+02  0.76E+09  0.10E+04
       Cl  3 3   0.21E+02  0.79E-01  0.89E+01  0.23E+05  0.13E+03
       Cl  4 3   0.24E+02  0.67E-01  0.99E+01  0.27E+05  0.15E+03
       Cl  4 4   0.28E+02  0.44E-01  0.11E+02  0.32E+05  0.18E+03
       Cl  5 5   0.77E+00  0.19E+00  0.18E+01  0.12E+03  0.22E+02
       Cl  6 5   0.80E+00  0.19E+00  0.19E+01  0.12E+03  0.23E+02
       Cl  6 6   0.83E+00  0.20E+00  0.19E+01  0.12E+03  0.23E+02
       H   1 1   0.39E+02  0.19E+00  0.29E+00  0.78E+05  0.13E+02
       H   2 1   0.41E+02  0.21E+00  0.32E+00  0.82E+05  0.14E+02
       H   2 2   0.43E+02  0.22E+00  0.36E+00  0.86E+05  0.15E+02
     ------------------------------------------------------------

     alpha_pv=     34.2945 eV

     Number of occupied bands for each k-point:
     k-point:     1    nbnd_occ=  42
     k-point:     2    nbnd_occ=  42
     k-point:     3    nbnd_occ=  42
     k-point:     4    nbnd_occ=  42
     k-point:     5    nbnd_occ=  42
     k-point:     6    nbnd_occ=  42
     k-point:     7    nbnd_occ=  42
     k-point:     8    nbnd_occ=  42
     k-point:     9    nbnd_occ=  42
     k-point:    10    nbnd_occ=  42
     k-point:    11    nbnd_occ=  42
     k-point:    12    nbnd_occ=  42
     k-point:    13    nbnd_occ=  42
     k-point:    14    nbnd_occ=  42
     k-point:    15    nbnd_occ=  42
     k-point:    16    nbnd_occ=  42


     q-space interpolation up to   110.00 Rydberg

     GIPAW job: efg                                                                             


     ELECTRIC FIELD GRADIENTS TENSORS IN Hartree/bohrradius^2:

     ----- bare term -----
     Cl   1       -0.016281        0.046074        0.017474
     Cl   1        0.046074        0.114376        0.080150
     Cl   1        0.017474        0.080150       -0.098094

     C    2       -0.541619        0.397754       -0.207216
     C    2        0.397754        0.156212       -0.319476
     C    2       -0.207216       -0.319476        0.385408

     C    3        0.089195       -0.147826       -0.290193
     C    3       -0.147826       -0.086844       -0.598183
     C    3       -0.290193       -0.598183       -0.002350

     H    4       -0.280235        0.130058       -0.584977
     H    4        0.130058        0.219105        0.073278
     H    4       -0.584977        0.073278        0.061130

     C    5       -0.556085        0.328260       -0.025108
     C    5        0.328260        0.225681       -0.292771
     C    5       -0.025108       -0.292771        0.330404

     H    6        0.143718        0.047208       -0.361806
     H    6        0.047208       -0.208949       -0.433828
     H    6       -0.361806       -0.433828        0.065231

     H    7        0.227650        0.433861        0.055168
     H    7        0.433861       -0.581436        0.029498
     H    7        0.055168        0.029498        0.353786

     C    8       -0.017453       -0.291003       -0.037749
     C    8       -0.291003       -0.133915        0.396590
     C    8       -0.037749        0.396590        0.151369

     H    9       -0.290192        0.548990       -0.295898
     H    9        0.548990       -0.062871        0.177840
     H    9       -0.295898        0.177840        0.353063

     C   10       -0.551742       -0.397351       -0.336185
     C   10       -0.397351        0.270503        0.136776
     C   10       -0.336185        0.136776        0.281239

     C   11        0.025843       -0.188247       -0.133772
     C   11       -0.188247       -0.101023        0.512274
     C   11       -0.133772        0.512274        0.075181

     Cl  12       -0.185148       -0.194802       -0.015349
     Cl  12       -0.194802        0.174800        0.018412
     Cl  12       -0.015349        0.018412        0.010348

     H   13        0.397109       -0.301606        0.060815
     H   13       -0.301606       -0.723424        0.090321
     H   13        0.060815        0.090321        0.326316

     C   14       -0.027484       -0.141320       -0.236172
     C   14       -0.141320       -0.112329       -0.221845
     C   14       -0.236172       -0.221845        0.139813

     H   15       -0.160093       -0.457415       -0.119858
     H   15       -0.457415       -0.212197        0.161348
     H   15       -0.119858        0.161348        0.372290

     C   16       -0.264729        0.283820        0.131238
     C   16        0.283820       -0.053456       -0.173850
     C   16        0.131238       -0.173850        0.318185

     C   17       -0.096747       -0.298884       -0.336095
     C   17       -0.298884       -0.004425       -0.725703
     C   17       -0.336095       -0.725703        0.101172

     Cl  18       -0.164884        0.202713       -0.059739
     Cl  18        0.202713        0.004412        0.029411
     Cl  18       -0.059739        0.029411        0.160472

     H   19        0.501107        0.003218       -0.060072
     H   19        0.003218       -0.451459        0.496200
     H   19       -0.060072        0.496200       -0.049647

     C   20       -0.835588       -0.425425       -0.445763
     C   20       -0.425425        0.498889        0.059023
     C   20       -0.445763        0.059023        0.336699

     H   21       -0.157108       -0.115776       -0.518233
     H   21       -0.115776       -0.122501        0.071022
     H   21       -0.518233        0.071022        0.279608

     C   22        0.146259       -0.319629       -0.010679
     C   22       -0.319629       -0.312391        0.556446
     C   22       -0.010679        0.556446        0.166132

     C   23       -0.643135       -0.400261       -0.394287
     C   23       -0.400261        0.342410        0.061019
     C   23       -0.394287        0.061019        0.300725

     Cl  24       -0.015239       -0.035923        0.043996
     Cl  24       -0.035923        0.050110       -0.100946
     Cl  24        0.043996       -0.100946       -0.034871

     ----- ionic term -----
     Cl   1        0.129946       -0.243393       -0.047673
     Cl   1       -0.243393        0.019233        0.036638
     Cl   1       -0.047673        0.036638       -0.149179

     C    2        0.216499       -0.144614        0.165230
     C    2       -0.144614        0.159372        0.471440
     C    2        0.165230        0.471440       -0.375871

     C    3        0.083863       -0.156788        0.182850
     C    3       -0.156788        0.219967        0.434324
     C    3        0.182850        0.434324       -0.303829

     H    4        0.530804        0.419410        0.631548
     H    4        0.419410       -0.331559        0.306047
     H    4        0.631548        0.306047       -0.199245

     C    5        0.269906       -0.130957        0.294407
     C    5       -0.130957        0.086676        0.277695
     C    5        0.294407        0.277695       -0.356582

     H    6       -0.500324        0.227366        0.129308
     H    6        0.227366        0.750634        0.620380
     H    6        0.129308        0.620380       -0.250310

     H    7       -0.465333       -0.292997        0.094075
     H    7       -0.292997        0.875067       -0.478683
     H    7        0.094075       -0.478683       -0.409734

     C    8        0.297826        0.090728        0.248542
     C    8        0.090728        0.133768       -0.258960
     C    8        0.248542       -0.258960       -0.431595

     H    9        0.623896       -0.334174        0.646749
     H    9       -0.334174       -0.409985       -0.248952
     H    9        0.646749       -0.248952       -0.213911

     C   10        0.143375        0.177538        0.201868
     C   10        0.177538        0.223367       -0.372315
     C   10        0.201868       -0.372315       -0.366742

     C   11        0.209999        0.161264        0.310007
     C   11        0.161264        0.131049       -0.388123
     C   11        0.310007       -0.388123       -0.341048

     Cl  12        0.116630        0.202904       -0.009119
     Cl  12        0.202904        0.036839       -0.009544
     Cl  12       -0.009119       -0.009544       -0.153470

     H   13       -0.438501        0.273385        0.137448
     H   13        0.273385        0.630023        0.658090
     H   13        0.137448        0.658090       -0.191522

     C   14        0.349646       -0.094319        0.228874
     C   14       -0.094319        0.084063        0.303267
     C   14        0.228874        0.303267       -0.433709

     H   15        0.638998        0.360163        0.625826
     H   15        0.360163       -0.345657        0.257816
     H   15        0.625826        0.257816       -0.293341

     C   16        0.145896       -0.193871        0.172435
     C   16       -0.193871        0.296604        0.359240
     C   16        0.172435        0.359240       -0.442499

     C   17        0.178449       -0.160294        0.334730
     C   17       -0.160294        0.223919        0.297752
     C   17        0.334730        0.297752       -0.402368

     Cl  18        0.115601       -0.189857        0.050194
     Cl  18       -0.189857        0.052822       -0.027955
     Cl  18        0.050194       -0.027955       -0.168423

     H   19       -0.499816       -0.161705        0.134799
     H   19       -0.161705        0.533077       -0.751967
     H   19        0.134799       -0.751967       -0.033261

     C   20        0.293981        0.170036        0.308348
     C   20        0.170036       -0.004588       -0.327632
     C   20        0.308348       -0.327632       -0.289393

     H   21        0.558013       -0.186068        0.740227
     H   21       -0.186068       -0.466296       -0.208367
     H   21        0.740227       -0.208367       -0.091717

     C   22        0.092322        0.247829        0.186560
     C   22        0.247829        0.206705       -0.453032
     C   22        0.186560       -0.453032       -0.299026

     C   23        0.167148        0.110596        0.223137
     C   23        0.110596        0.160489       -0.470847
     C   23        0.223137       -0.470847       -0.327637

     Cl  24        0.145417        0.195373       -0.001811
     Cl  24        0.195373       -0.008888       -0.011929
     Cl  24       -0.001811       -0.011929       -0.136529

     ----- GIPAW term -----
     Cl   1        0.064158       -1.089342        0.171332
     Cl   1       -1.089342        2.340353        1.112421
     Cl   1        0.171332        1.112421       -2.404511

     C    2       -0.132666       -0.084259        0.010061
     C    2       -0.084259        0.207031       -0.142496
     C    2        0.010061       -0.142496       -0.074365

     C    3       -0.055522       -0.130464       -0.009195
     C    3       -0.130464        0.137154       -0.133579
     C    3       -0.009195       -0.133579       -0.081632

     H    4       -0.000000        0.000000        0.000000
     H    4        0.000000        0.000000        0.000000
     H    4        0.000000        0.000000        0.000000

     C    5       -0.125214       -0.089354        0.080400
     C    5       -0.089354        0.160437       -0.139575
     C    5        0.080400       -0.139575       -0.035223

     H    6       -0.000000        0.000000        0.000000
     H    6        0.000000        0.000000        0.000000
     H    6        0.000000        0.000000        0.000000

     H    7       -0.000000        0.000000        0.000000
     H    7        0.000000        0.000000        0.000000
     H    7        0.000000        0.000000        0.000000

     C    8       -0.045490       -0.162816        0.033650
     C    8       -0.162816        0.172430        0.026777
     C    8        0.033650        0.026777       -0.126940

     H    9       -0.000000        0.000000        0.000000
     H    9        0.000000        0.000000        0.000000
     H    9        0.000000        0.000000        0.000000

     C   10       -0.118623       -0.205196       -0.054608
     C   10       -0.205196        0.215358       -0.024888
     C   10       -0.054608       -0.024888       -0.096735

     C   11       -0.021673       -0.048082        0.029677
     C   11       -0.048082        0.192023       -0.055237
     C   11        0.029677       -0.055237       -0.170350

     Cl  12        0.185834        1.140585       -0.165805
     Cl  12        1.140585        1.657758        0.111751
     Cl  12       -0.165805        0.111751       -1.843592

     H   13       -0.000000        0.000000        0.000000
     H   13        0.000000        0.000000        0.000000
     H   13        0.000000        0.000000        0.000000

     C   14       -0.029587       -0.031545       -0.005082
     C   14       -0.031545        0.055524       -0.091595
     C   14       -0.005082       -0.091595       -0.025937

     H   15       -0.000000        0.000000        0.000000
     H   15        0.000000        0.000000        0.000000
     H   15        0.000000        0.000000        0.000000

     C   16       -0.068485       -0.019389        0.052211
     C   16       -0.019389        0.052639       -0.080972
     C   16        0.052211       -0.080972        0.015846

     C   17       -0.048214       -0.183531        0.000176
     C   17       -0.183531        0.103626       -0.223757
     C   17        0.000176       -0.223757       -0.055412

     Cl  18        0.955084       -2.119928       -0.565524
     Cl  18       -2.119928        0.309899        0.380871
     Cl  18       -0.565524        0.380871       -1.264984

     H   19       -0.000000        0.000000        0.000000
     H   19        0.000000        0.000000        0.000000
     H   19        0.000000        0.000000        0.000000

     C   20       -0.176302       -0.161384       -0.024364
     C   20       -0.161384        0.257359       -0.075938
     C   20       -0.024364       -0.075938       -0.081058

     H   21       -0.000000        0.000000        0.000000
     H   21        0.000000        0.000000        0.000000
     H   21        0.000000        0.000000        0.000000

     C   22       -0.080214       -0.099682        0.052824
     C   22       -0.099682        0.170818       -0.089691
     C   22        0.052824       -0.089691       -0.090604

     C   23       -0.113217       -0.114844        0.006497
     C   23       -0.114844        0.220829       -0.132523
     C   23        0.006497       -0.132523       -0.107612

     Cl  24       -0.110031        1.119711        0.366822
     Cl  24        1.119711        1.733030       -1.830786
     Cl  24        0.366822       -1.830786       -1.622999

     ----- total EFG -----
     Cl   1        0.177823       -1.286661        0.141133
     Cl   1       -1.286661        2.473962        1.229208
     Cl   1        0.141133        1.229208       -2.651784

     C    2       -0.457787        0.168881       -0.031925
     C    2        0.168881        0.522615        0.009468
     C    2       -0.031925        0.009468       -0.064828

     C    3        0.117536       -0.435079       -0.116539
     C    3       -0.435079        0.270276       -0.297438
     C    3       -0.116539       -0.297438       -0.387812

     H    4        0.250569        0.549468        0.046571
     H    4        0.549468       -0.112453        0.379325
     H    4        0.046571        0.379325       -0.138115

     C    5       -0.411394        0.107949        0.349698
     C    5        0.107949        0.472794       -0.154651
     C    5        0.349698       -0.154651       -0.061400

     H    6       -0.356606        0.274574       -0.232498
     H    6        0.274574        0.541685        0.186552
     H    6       -0.232498        0.186552       -0.185079

     H    7       -0.237683        0.140864        0.149243
     H    7        0.140864        0.293631       -0.449185
     H    7        0.149243       -0.449185       -0.055948

     C    8        0.234883       -0.363091        0.244443
     C    8       -0.363091        0.172283        0.164406
     C    8        0.244443        0.164406       -0.407166

     H    9        0.333704        0.214816        0.350850
     H    9        0.214816       -0.472856       -0.071112
     H    9        0.350850       -0.071112        0.139151

     C   10       -0.526990       -0.425008       -0.188925
     C   10       -0.425008        0.709228       -0.260426
     C   10       -0.188925       -0.260426       -0.182238

     C   11        0.214168       -0.075065        0.205912
     C   11       -0.075065        0.222049        0.068913
     C   11        0.205912        0.068913       -0.436217

     Cl  12        0.117316        1.148687       -0.190273
     Cl  12        1.148687        1.869397        0.120619
     Cl  12       -0.190273        0.120619       -1.986713

     H   13       -0.041392       -0.028221        0.198263
     H   13       -0.028221       -0.093402        0.748411
     H   13        0.198263        0.748411        0.134794

     C   14        0.292575       -0.267184       -0.012380
     C   14       -0.267184        0.027258       -0.010173
     C   14       -0.012380       -0.010173       -0.319833

     H   15        0.478905       -0.097252        0.505967
     H   15       -0.097252       -0.557854        0.419164
     H   15        0.505967        0.419164        0.078949

     C   16       -0.187318        0.070560        0.355884
     C   16        0.070560        0.295786        0.104419
     C   16        0.355884        0.104419       -0.108468

     C   17        0.033488       -0.642709       -0.001190
     C   17       -0.642709        0.323121       -0.651708
     C   17       -0.001190       -0.651708       -0.356609

     Cl  18        0.905801       -2.107072       -0.575070
     Cl  18       -2.107072        0.367134        0.382327
     Cl  18       -0.575070        0.382327       -1.272935

     H   19        0.001291       -0.158487        0.074727
     H   19       -0.158487        0.081618       -0.255768
     H   19        0.074727       -0.255768       -0.082909

     C   20       -0.717909       -0.416773       -0.161779
     C   20       -0.416773        0.751661       -0.344547
     C   20       -0.161779       -0.344547       -0.033752

     H   21        0.400905       -0.301844        0.221995
     H   21       -0.301844       -0.588797       -0.137346
     H   21        0.221995       -0.137346        0.187892

     C   22        0.158367       -0.171482        0.228705
     C   22       -0.171482        0.065132        0.013723
     C   22        0.228705        0.013723       -0.223499

     C   23       -0.589204       -0.404509       -0.164652
     C   23       -0.404509        0.723728       -0.542350
     C   23       -0.164652       -0.542350       -0.134524

     Cl  24        0.020147        1.279161        0.409007
     Cl  24        1.279161        1.774252       -1.943661
     Cl  24        0.409007       -1.943661       -1.794399

     ----- total EFG (symmetrized) -----
     Cl   1        0.177823       -1.286661        0.141133
     Cl   1       -1.286661        2.473962        1.229208
     Cl   1        0.141133        1.229208       -2.651784

     C    2       -0.457787        0.168881       -0.031925
     C    2        0.168881        0.522615        0.009468
     C    2       -0.031925        0.009468       -0.064828

     C    3        0.117536       -0.435079       -0.116539
     C    3       -0.435079        0.270276       -0.297438
     C    3       -0.116539       -0.297438       -0.387812

     H    4        0.250569        0.549468        0.046571
     H    4        0.549468       -0.112453        0.379325
     H    4        0.046571        0.379325       -0.138115

     C    5       -0.411394        0.107949        0.349698
     C    5        0.107949        0.472794       -0.154651
     C    5        0.349698       -0.154651       -0.061400

     H    6       -0.356606        0.274574       -0.232498
     H    6        0.274574        0.541685        0.186552
     H    6       -0.232498        0.186552       -0.185079

     H    7       -0.237683        0.140864        0.149243
     H    7        0.140864        0.293631       -0.449185
     H    7        0.149243       -0.449185       -0.055948

     C    8        0.234883       -0.363091        0.244443
     C    8       -0.363091        0.172283        0.164406
     C    8        0.244443        0.164406       -0.407166

     H    9        0.333704        0.214816        0.350850
     H    9        0.214816       -0.472856       -0.071112
     H    9        0.350850       -0.071112        0.139151

     C   10       -0.526990       -0.425008       -0.188925
     C   10       -0.425008        0.709228       -0.260426
     C   10       -0.188925       -0.260426       -0.182238

     C   11        0.214168       -0.075065        0.205912
     C   11       -0.075065        0.222049        0.068913
     C   11        0.205912        0.068913       -0.436217

     Cl  12        0.117316        1.148687       -0.190273
     Cl  12        1.148687        1.869397        0.120619
     Cl  12       -0.190273        0.120619       -1.986713

     H   13       -0.041392       -0.028221        0.198263
     H   13       -0.028221       -0.093402        0.748411
     H   13        0.198263        0.748411        0.134794

     C   14        0.292575       -0.267184       -0.012380
     C   14       -0.267184        0.027258       -0.010173
     C   14       -0.012380       -0.010173       -0.319833

     H   15        0.478905       -0.097252        0.505967
     H   15       -0.097252       -0.557854        0.419164
     H   15        0.505967        0.419164        0.078949

     C   16       -0.187318        0.070560        0.355884
     C   16        0.070560        0.295786        0.104419
     C   16        0.355884        0.104419       -0.108468

     C   17        0.033488       -0.642709       -0.001190
     C   17       -0.642709        0.323121       -0.651708
     C   17       -0.001190       -0.651708       -0.356609

     Cl  18        0.905801       -2.107072       -0.575070
     Cl  18       -2.107072        0.367134        0.382327
     Cl  18       -0.575070        0.382327       -1.272935

     H   19        0.001291       -0.158487        0.074727
     H   19       -0.158487        0.081618       -0.255768
     H   19        0.074727       -0.255768       -0.082909

     C   20       -0.717909       -0.416773       -0.161779
     C   20       -0.416773        0.751661       -0.344547
     C   20       -0.161779       -0.344547       -0.033752

     H   21        0.400905       -0.301844        0.221995
     H   21       -0.301844       -0.588797       -0.137346
     H   21        0.221995       -0.137346        0.187892

     C   22        0.158367       -0.171482        0.228705
     C   22       -0.171482        0.065132        0.013723
     C   22        0.228705        0.013723       -0.223499

     C   23       -0.589204       -0.404509       -0.164652
     C   23       -0.404509        0.723728       -0.542350
     C   23       -0.164652       -0.542350       -0.134524

     Cl  24        0.020147        1.279161        0.409007
     Cl  24        1.279161        1.774252       -1.943661
     Cl  24        0.409007       -1.943661       -1.794399


     NQR/NMR SPECTROSCOPIC PARAMETERS:
     Cl   1    Vxx=   -0.2531    axis=(  0.916511  0.331530  0.223822)
     Cl   1    Vyy=   -2.9928    axis=(  0.143751  0.249181 -0.957729)
     Cl   1    Vzz=    3.2459    axis=( -0.373288  0.909943  0.180719)
     Cl   1  Q=        -8.1650 1e-30 m^2  Cq=       -62.2713 MHz  eta= 0.84403

     C    2    Vxx=   -0.0623    axis=( -0.077775  0.006319  0.996951)
     C    2    Vyy=   -0.4886    axis=( -0.983236  0.164930 -0.077751)
     C    2    Vzz=    0.5509    axis=( -0.164918 -0.986285 -0.006615)
     C    2  Q=         1.0000 1e-30 m^2  Cq=         1.2944 MHz  eta= 0.77391

     C    3    Vxx=   -0.0413    axis=(  0.696556  0.411689 -0.587641)
     C    3    Vyy=   -0.6186    axis=(  0.397645  0.460225  0.793770)
     C    3    Vzz=    0.6599    axis=( -0.597234  0.786578 -0.156867)
     C    3  Q=         1.0000 1e-30 m^2  Cq=         1.5506 MHz  eta= 0.87485

     H    4    Vxx=   -0.0594    axis=(  0.536904 -0.234161 -0.810495)
     H    4    Vyy=   -0.6722    axis=(  0.424521 -0.755227  0.499413)
     H    4    Vzz=    0.7315    axis=( -0.729051 -0.612210 -0.306078)
     H    4  Q=         1.0000 1e-30 m^2  Cq=         1.7188 MHz  eta= 0.83767

     C    5    Vxx=    0.1396    axis=(  0.552574  0.196878  0.809877)
     C    5    Vyy=    0.5146    axis=( -0.019075 -0.968458  0.248444)
     C    5    Vzz=   -0.6542    axis=(  0.833246 -0.152732 -0.531389)
     C    5  Q=         1.0000 1e-30 m^2  Cq=        -1.5371 MHz  eta= 0.57321

     H    6    Vxx=   -0.0231    axis=( -0.569031  0.005027  0.822301)
     H    6    Vyy=   -0.6140    axis=( -0.789566  0.276060 -0.548066)
     H    6    Vzz=    0.6370    axis=( -0.229760 -0.961127 -0.153117)
     H    6  Q=         1.0000 1e-30 m^2  Cq=         1.4968 MHz  eta= 0.92763

     H    7    Vxx=   -0.0892    axis=(  0.803321  0.304766  0.511657)
     H    7    Vyy=   -0.5129    axis=(  0.594192 -0.468054 -0.654111)
     H    7    Vzz=    0.6021    axis=( -0.040132 -0.829484  0.557087)
     H    7  Q=         1.0000 1e-30 m^2  Cq=         1.4147 MHz  eta= 0.70376

     C    8    Vxx=    0.0251    axis=(  0.514794  0.663173  0.543312)
     C    8    Vyy=    0.5735    axis=( -0.755039  0.650894 -0.079082)
     C    8    Vzz=   -0.5986    axis=( -0.406083 -0.369511  0.835798)
     C    8  Q=         1.0000 1e-30 m^2  Cq=        -1.4065 MHz  eta= 0.91607

     H    9    Vxx=   -0.0499    axis=( -0.497166 -0.383393  0.778354)
     H    9    Vyy=   -0.5663    axis=( -0.315707  0.915520  0.249302)
     H    9    Vzz=    0.6162    axis=( -0.808180 -0.121787 -0.576206)
     H    9  Q=         1.0000 1e-30 m^2  Cq=         1.4479 MHz  eta= 0.83797

     C   10    Vxx=   -0.1023    axis=(  0.448474 -0.051478 -0.892312)
     C   10    Vyy=   -0.7754    axis=( -0.854680 -0.316808 -0.411284)
     C   10    Vzz=    0.8778    axis=( -0.261519  0.947092 -0.186077)
     C   10  Q=         1.0000 1e-30 m^2  Cq=         2.0624 MHz  eta= 0.76688

     C   11    Vxx=    0.1967    axis=( -0.511513 -0.820341 -0.255724)
     C   11    Vyy=    0.3097    axis=( -0.810890  0.559294 -0.172184)
     C   11    Vzz=   -0.5064    axis=( -0.284275 -0.119290  0.951293)
     C   11  Q=         1.0000 1e-30 m^2  Cq=        -1.1898 MHz  eta= 0.22303

     Cl  12    Vxx=   -0.4192    axis=( -0.887724  0.438099  0.141473)
     Cl  12    Vyy=   -2.0189    axis=(  0.124460 -0.067477  0.989928)
     Cl  12    Vzz=    2.4381    axis=( -0.443233 -0.896390 -0.005376)
     Cl  12  Q=        -8.1650 1e-30 m^2  Cq=       -46.7738 MHz  eta= 0.65609

     H   13    Vxx=   -0.0308    axis=(  0.965739 -0.259097  0.014742)
     H   13    Vyy=   -0.7681    axis=(  0.205968  0.730678 -0.650912)
     H   13    Vzz=    0.7989    axis=(  0.157878  0.631648  0.759010)
     H   13  Q=         1.0000 1e-30 m^2  Cq=         1.8770 MHz  eta= 0.92290

     C   14    Vxx=   -0.1371    axis=(  0.524506  0.847379 -0.082723)
     C   14    Vyy=   -0.3211    axis=(  0.049199  0.066832  0.996550)
     C   14    Vzz=    0.4583    axis=( -0.849984  0.526766  0.006637)
     C   14  Q=         1.0000 1e-30 m^2  Cq=         1.0767 MHz  eta= 0.40152

     H   15    Vxx=    0.0062    axis=( -0.550791  0.556942  0.621647)
     H   15    Vyy=    0.8422    axis=(  0.794831  0.122715  0.594294)
     H   15    Vzz=   -0.8484    axis=(  0.254702  0.821436 -0.510265)
     H   15  Q=         1.0000 1e-30 m^2  Cq=        -1.9934 MHz  eta= 0.98542

     C   16    Vxx=    0.1211    axis=(  0.554832 -0.580487  0.595983)
     C   16    Vyy=    0.3852    axis=(  0.375720  0.813975  0.443034)
     C   16    Vzz=   -0.5063    axis=(  0.742291  0.021887 -0.669720)
     C   16  Q=         1.0000 1e-30 m^2  Cq=        -1.1897 MHz  eta= 0.52150

     C   17    Vxx=   -0.1371    axis=( -0.765256 -0.204232  0.610469)
     C   17    Vyy=   -0.9010    axis=( -0.403941 -0.586036 -0.702420)
     C   17    Vzz=    1.0381    axis=(  0.501213 -0.784125  0.365970)
     C   17  Q=         1.0000 1e-30 m^2  Cq=         2.4391 MHz  eta= 0.73589

     Cl  18    Vxx=   -1.3319    axis=( -0.228428 -0.474584  0.850053)
     Cl  18    Vyy=   -1.5418    axis=( -0.629266 -0.594263 -0.500875)
     Cl  18    Vzz=    2.8737    axis=(  0.742863 -0.649323 -0.162893)
     Cl  18  Q=        -8.1650 1e-30 m^2  Cq=       -55.1296 MHz  eta= 0.07306

     H   19    Vxx=   -0.0785    axis=(  0.885101  0.265210 -0.382439)
     H   19    Vyy=   -0.2742    axis=(  0.147394  0.619706  0.770869)
     H   19    Vzz=    0.3527    axis=(  0.441442 -0.738666  0.509412)
     H   19  Q=         1.0000 1e-30 m^2  Cq=         0.8288 MHz  eta= 0.55496

     C   20    Vxx=   -0.0504    axis=( -0.351738  0.209189  0.912425)
     C   20    Vyy=   -0.9008    axis=(  0.913422  0.289938  0.285649)
     C   20    Vzz=    0.9512    axis=( -0.204792  0.933903 -0.293061)
     C   20  Q=         1.0000 1e-30 m^2  Cq=         2.2349 MHz  eta= 0.89407

     H   21    Vxx=    0.0505    axis=( -0.502276  0.051711  0.863160)
     H   21    Vyy=    0.6295    axis=( -0.827464  0.261056 -0.497145)
     H   21    Vzz=   -0.6800    axis=( -0.251041 -0.963938 -0.088333)
     H   21  Q=         1.0000 1e-30 m^2  Cq=        -1.5977 MHz  eta= 0.85152

     C   22    Vxx=    0.0020    axis=( -0.344474 -0.848851 -0.400985)
     C   22    Vyy=    0.3476    axis=(  0.817765 -0.481096  0.315923)
     C   22    Vzz=   -0.3496    axis=( -0.461084 -0.219084  0.859886)
     C   22  Q=         1.0000 1e-30 m^2  Cq=        -0.8215 MHz  eta= 0.98842

     C   23    Vxx=   -0.1792    axis=(  0.551942 -0.233554 -0.800508)
     C   23    Vyy=   -0.8619    axis=( -0.813241 -0.363036 -0.454802)
     C   23    Vzz=    1.0411    axis=( -0.184392  0.902030 -0.390310)
     C   23  Q=         1.0000 1e-30 m^2  Cq=         2.4462 MHz  eta= 0.65568

     Cl  24    Vxx=   -0.0531    axis=(  0.891496 -0.183485  0.414207)
     Cl  24    Vyy=   -2.9338    axis=(  0.304971 -0.433039 -0.848216)
     Cl  24    Vzz=    2.9868    axis=(  0.335003  0.882502 -0.330096)
     Cl  24  Q=        -8.1650 1e-30 m^2  Cq=       -57.3011 MHz  eta= 0.96445

     Initialization:
     gipaw_setup  :      9.01s CPU     11.18s WALL (       1 calls)

     Linear response

     Apply operators

     Induced current

     Other routines
     efg          :      9.15s CPU     11.63s WALL (       1 calls)

     General routines
     calbec       :      3.10s CPU      3.84s WALL (      16 calls)
     fft          :      1.33s CPU      1.73s WALL (      15 calls)
     ffts         :      0.04s CPU      0.10s WALL (       2 calls)
     fftw         :      3.24s CPU      4.33s WALL (     672 calls)
     davcio       :      0.03s CPU      0.34s WALL (      32 calls)

     Parallel routines
     fft_scatter  :      2.06s CPU      3.25s WALL (     689 calls)

     Plugins

     GIPAW        :     60.71s CPU     72.10s WALL (       1 calls)
