
     Program QE v.6.0 (svn rev. 13079) starts on 28Dec2016 at 19: 5:18 

     This program is part of the open-source Quantum ESPRESSO suite
     for quantum simulation of materials; please cite
         "P. Giannozzi et al., J. Phys.:Condens. Matter 21 395502 (2009);
          URL http://www.quantum-espresso.org", 
     in publications or presentations arising from this work. More details at
     http://www.quantum-espresso.org/quote

     Parallel version (MPI), running on     8 processors
     R & G space division:  proc/nbgrp/npool/nimage =       8

     ***** This is GIPAW svn revision unknown      *****

     Parallelizing q-star over 1 images

     Reading data from directory:
     /users/majewski/paradichlorobenzene/pbe/9_constraint/scratch/pbe.ecut100.np8.dt60.pcl2phi-129368.save
     Message from routine read_xml_file:
     file /users/majewski/paradichlorobenzene/pbe/9_constraint/scratch/pbe.ecut100.np8.dt60.pcl2phi-129368.save not guaranteed to be safe for post-processing

   Info: using nr1, nr2, nr3 values from input

   Info: using nr1, nr2, nr3 values from input

     IMPORTANT: XC functional enforced from input :
     Exchange-correlation      =  SLA  PW   PBX  PBC ( 1  4  3  4 0 0)
     Any further DFT definition will be discarded
     Please, verify this is what you really want

               file C.pbe-n-kjpaw_psl.1.0.0.UPF: wavefunction(s)  2S 2P renormalized
               file Cl.pbe-n-kjpaw_psl.1.0.0.UPF: wavefunction(s)  3S 3P renormalized
               file H.pbe-kjpaw_psl.1.0.0.UPF: wavefunction(s)  1S renormalized

     Parallelization info
     --------------------
     sticks:   dense  smooth     PW     G-vecs:    dense   smooth      PW
     Min        3057    1223    332               144436    36536    5170
     Max        3059    1225    333               144437    36537    5171
     Sum       24467    9791   2657              1155489   292295   41363


     Subspace diagonalization in iterative solution of the eigenvalue problem:
     a serial algorithm will be used

     GIPAW projectors -----------------------------------------------
     atom=  C    l=0  rc=    1.2000  rs=    0.8000
     atom=  C    l=0  rc=    1.2000  rs=    0.8000
     atom=  C    l=1  rc=    1.4000  rs=    0.9333
     atom=  C    l=1  rc=    1.4000  rs=    0.9333
     projs nearly linearly dependent: l=1  n1,n2= 1, 2  s=  0.99951561

     atom=  Cl   l=0  rc=    1.6000  rs=    1.0667
     atom=  Cl   l=0  rc=    1.6000  rs=    1.0667
     atom=  Cl   l=1  rc=    1.6000  rs=    1.0667
     atom=  Cl   l=1  rc=    1.6000  rs=    1.0667
     atom=  Cl   l=2  rc=    1.6000  rs=    1.0667
     atom=  Cl   l=2  rc=    1.6000  rs=    1.0667
     projs nearly linearly dependent: l=2  n1,n2= 1, 2  s=  0.99993509

     atom=  H    l=0  rc=    1.0000  rs=    0.6667
     atom=  H    l=0  rc=    1.0000  rs=    0.6667
     projs nearly linearly dependent: l=0  n1,n2= 1, 2  s=  0.99968852
     -----------------------------------------------------------------

     GIPAW integrals: -------------------------------------------
     Atom  i/j   nmr_para   nmr_dia   epr_rmc  epr_para   epr_dia
       C   1 1   0.83E+03  0.17E-01  0.93E+01  0.24E+08  0.24E+03
       C   2 1   0.86E+03 -0.61E-01  0.94E+01  0.25E+08  0.25E+03
       C   2 2   0.90E+03 -0.15E+00  0.97E+01  0.26E+08  0.26E+03
       C   3 3   0.33E+01  0.34E+00  0.18E+01  0.55E+03  0.21E+02
       C   4 3   0.35E+01  0.37E+00  0.20E+01  0.59E+03  0.22E+02
       C   4 4   0.38E+01  0.39E+00  0.22E+01  0.63E+03  0.24E+02
       Cl  1 1   0.14E+04 -0.47E+00  0.84E+01  0.32E+09  0.42E+03
       Cl  2 1   0.21E+04 -0.37E+00  0.12E+02  0.49E+09  0.65E+03
       Cl  2 2   0.33E+04 -0.16E+00  0.21E+02  0.76E+09  0.10E+04
       Cl  3 3   0.21E+02  0.79E-01  0.89E+01  0.23E+05  0.13E+03
       Cl  4 3   0.24E+02  0.67E-01  0.99E+01  0.27E+05  0.15E+03
       Cl  4 4   0.28E+02  0.44E-01  0.11E+02  0.32E+05  0.18E+03
       Cl  5 5   0.77E+00  0.19E+00  0.18E+01  0.12E+03  0.22E+02
       Cl  6 5   0.80E+00  0.19E+00  0.19E+01  0.12E+03  0.23E+02
       Cl  6 6   0.83E+00  0.20E+00  0.19E+01  0.12E+03  0.23E+02
       H   1 1   0.39E+02  0.19E+00  0.29E+00  0.78E+05  0.13E+02
       H   2 1   0.41E+02  0.21E+00  0.32E+00  0.82E+05  0.14E+02
       H   2 2   0.43E+02  0.22E+00  0.36E+00  0.86E+05  0.15E+02
     ------------------------------------------------------------

     alpha_pv=     33.9160 eV

     Number of occupied bands for each k-point:
     k-point:     1    nbnd_occ=  42
     k-point:     2    nbnd_occ=  42
     k-point:     3    nbnd_occ=  42
     k-point:     4    nbnd_occ=  42
     k-point:     5    nbnd_occ=  42
     k-point:     6    nbnd_occ=  42
     k-point:     7    nbnd_occ=  42
     k-point:     8    nbnd_occ=  42
     k-point:     9    nbnd_occ=  42
     k-point:    10    nbnd_occ=  42
     k-point:    11    nbnd_occ=  42
     k-point:    12    nbnd_occ=  42
     k-point:    13    nbnd_occ=  42
     k-point:    14    nbnd_occ=  42
     k-point:    15    nbnd_occ=  42
     k-point:    16    nbnd_occ=  42


     q-space interpolation up to   110.00 Rydberg

     GIPAW job: efg                                                                             


     ELECTRIC FIELD GRADIENTS TENSORS IN Hartree/bohrradius^2:

     ----- bare term -----
     Cl   1        0.026391       -0.027601       -0.058015
     Cl   1       -0.027601       -0.006982       -0.024056
     Cl   1       -0.058015       -0.024056       -0.019409

     C    2        0.005570        0.429213       -0.189372
     C    2        0.429213       -0.190903       -0.570059
     C    2       -0.189372       -0.570059        0.185333

     C    3       -0.370135        0.306136       -0.313295
     C    3        0.306136        0.049085       -0.280459
     C    3       -0.313295       -0.280459        0.321050

     H    4       -0.173768       -0.199783       -0.604063
     H    4       -0.199783        0.409155       -0.235770
     H    4       -0.604063       -0.235770       -0.235387

     C    5       -0.114735        0.421239       -0.172992
     C    5        0.421239       -0.213149       -0.436273
     C    5       -0.172992       -0.436273        0.327884

     H    6        0.408970       -0.081388       -0.039082
     H    6       -0.081388       -0.609099       -0.471281
     H    6       -0.039082       -0.471281        0.200129

     H    7       -0.070871        0.336261        0.100832
     H    7        0.336261       -0.338881        0.319659
     H    7        0.100832        0.319659        0.409752

     C    8       -0.409457       -0.332293       -0.400600
     C    8       -0.332293       -0.054857        0.100980
     C    8       -0.400600        0.100980        0.464314

     H    9       -0.668225        0.092127        0.151181
     H    9        0.092127        0.387730        0.160932
     H    9        0.151181        0.160932        0.280495

     C   10        0.116908        0.191219       -0.453487
     C   10        0.191219       -0.322827        0.506479
     C   10       -0.453487        0.506479        0.205919

     C   11       -0.347013       -0.298041       -0.366661
     C   11       -0.298041       -0.100319        0.261692
     C   11       -0.366661        0.261692        0.447332

     Cl  12       -0.024509        0.113849       -0.067149
     Cl  12        0.113849       -0.025008       -0.082999
     Cl  12       -0.067149       -0.082999        0.049518

     H   13        0.302976       -0.060535        0.258370
     H   13       -0.060535       -0.129842       -0.417694
     H   13        0.258370       -0.417694       -0.173134

     C   14       -0.418990        0.331600       -0.486012
     C   14        0.331600        0.269769       -0.279193
     C   14       -0.486012       -0.279193        0.149221

     H   15        0.005107       -0.132742       -0.412786
     H   15       -0.132742        0.294780        0.186813
     H   15       -0.412786        0.186813       -0.299887

     C   16        0.109160        0.532018       -0.115366
     C   16        0.532018       -0.303119       -0.476894
     C   16       -0.115366       -0.476894        0.193958

     C   17       -0.291885        0.293047       -0.496416
     C   17        0.293047        0.138267       -0.345683
     C   17       -0.496416       -0.345683        0.153617

     Cl  18       -0.040461        0.139478       -0.101928
     Cl  18        0.139478        0.082585       -0.117380
     Cl  18       -0.101928       -0.117380       -0.042124

     H   19        0.165510       -0.199366        0.306963
     H   19       -0.199366       -0.114000        0.541753
     H   19        0.306963        0.541753       -0.051511

     C   20       -0.081745        0.222834       -0.522902
     C   20        0.222834       -0.145337        0.411785
     C   20       -0.522902        0.411785        0.227082

     H   21       -0.400727        0.332752       -0.410176
     H   21        0.332752        0.165615        0.113115
     H   21       -0.410176        0.113115        0.235112

     C   22       -0.280614       -0.357096       -0.070136
     C   22       -0.357096       -0.119282        0.379867
     C   22       -0.070136        0.379867        0.399896

     C   23       -0.090614        0.276055       -0.372726
     C   23        0.276055       -0.042412        0.692677
     C   23       -0.372726        0.692677        0.133026

     Cl  24       -0.248064       -0.196477       -0.003902
     Cl  24       -0.196477        0.178017        0.066430
     Cl  24       -0.003902        0.066430        0.070047

     ----- ionic term -----
     Cl   1        0.110069       -0.220167        0.002575
     Cl   1       -0.220167        0.050200        0.001525
     Cl   1        0.002575        0.001525       -0.160269

     C    2        0.179668       -0.230971        0.282338
     C    2       -0.230971        0.063186        0.376533
     C    2        0.282338        0.376533       -0.242854

     C    3        0.111512       -0.261949        0.220234
     C    3       -0.261949        0.080216        0.354764
     C    3        0.220234        0.354764       -0.191728

     H    4        0.408898        0.198774        0.750387
     H    4        0.198774       -0.502197        0.220385
     H    4        0.750387        0.220385        0.093299

     C    5        0.228015       -0.250013        0.297041
     C    5       -0.250013        0.016438        0.271143
     C    5        0.297041        0.271143       -0.244453

     H    6       -0.518961       -0.039049        0.000755
     H    6       -0.039049        0.629568        0.719347
     H    6        0.000755        0.719347       -0.110607

     H    7       -0.464570       -0.264164        0.113024
     H    7       -0.264164        0.770236       -0.593893
     H    7        0.113024       -0.593893       -0.305665

     C    8        0.373622        0.071346        0.203239
     C    8        0.071346        0.054779       -0.282449
     C    8        0.203239       -0.282449       -0.428401

     H    9        0.864565       -0.347079        0.426154
     H    9       -0.347079       -0.422450       -0.169507
     H    9        0.426154       -0.169507       -0.442116

     C   10        0.230390        0.148402        0.128675
     C   10        0.148402        0.168893       -0.372954
     C   10        0.128675       -0.372954       -0.399283

     C   11        0.175630        0.100276        0.265065
     C   11        0.100276        0.151976       -0.419102
     C   11        0.265065       -0.419102       -0.327606

     Cl  12        0.118497        0.209493       -0.007438
     Cl  12        0.209493        0.023615       -0.009518
     Cl  12       -0.007438       -0.009518       -0.142111

     H   13       -0.509197        0.058609        0.064230
     H   13        0.058609        0.609153        0.735523
     H   13        0.064230        0.735523       -0.099956

     C   14        0.296835       -0.252631        0.307831
     C   14       -0.252631        0.021022        0.282179
     C   14        0.307831        0.282179       -0.317857

     H   15        0.531247        0.204494        0.744638
     H   15        0.204494       -0.455192        0.219352
     H   15        0.744638        0.219352       -0.076055

     C   16        0.152487       -0.326951        0.205306
     C   16       -0.326951        0.154148        0.345839
     C   16        0.205306        0.345839       -0.306635

     C   17        0.164822       -0.252031        0.281854
     C   17       -0.252031        0.074393        0.361281
     C   17        0.281854        0.361281       -0.239215

     Cl  18        0.153404       -0.220768        0.018461
     Cl  18       -0.220768       -0.009484       -0.000523
     Cl  18        0.018461       -0.000523       -0.143920

     H   19       -0.510750        0.049532       -0.020361
     H   19        0.049532        0.512588       -0.764902
     H   19       -0.020361       -0.764902       -0.001838

     C   20        0.297289        0.198854        0.182759
     C   20        0.198854       -0.006429       -0.357329
     C   20        0.182759       -0.357329       -0.290860

     H   21        0.751558       -0.276561        0.587192
     H   21       -0.276561       -0.445890       -0.214586
     H   21        0.587192       -0.214586       -0.305667

     C   22        0.222157        0.257045        0.092129
     C   22        0.257045        0.120519       -0.414228
     C   22        0.092129       -0.414228       -0.342676

     C   23        0.306797        0.158673        0.189686
     C   23        0.158673        0.065570       -0.378546
     C   23        0.189686       -0.378546       -0.372367

     Cl  24        0.162568        0.200917        0.014489
     Cl  24        0.200917       -0.011282       -0.002847
     Cl  24        0.014489       -0.002847       -0.151287

     ----- GIPAW term -----
     Cl   1        1.592181       -2.355195       -0.479237
     Cl   1       -2.355195       -0.005970       -0.185604
     Cl   1       -0.479237       -0.185604       -1.586211

     C    2        0.152235        0.129960       -0.092915
     C    2        0.129960       -0.018281       -0.128146
     C    2       -0.092915       -0.128146       -0.133954

     C    3       -0.038563        0.152122       -0.008310
     C    3        0.152122        0.049414        0.027189
     C    3       -0.008310        0.027189       -0.010851

     H    4       -0.000000        0.000000        0.000000
     H    4        0.000000        0.000000        0.000000
     H    4        0.000000        0.000000        0.000000

     C    5        0.036786        0.189562       -0.000827
     C    5        0.189562       -0.003629       -0.083746
     C    5       -0.000827       -0.083746       -0.033158

     H    6       -0.000000        0.000000        0.000000
     H    6        0.000000        0.000000        0.000000
     H    6        0.000000        0.000000        0.000000

     H    7       -0.000000        0.000000        0.000000
     H    7        0.000000        0.000000        0.000000
     H    7        0.000000        0.000000        0.000000

     C    8        0.038939        0.078459       -0.161959
     C    8        0.078459       -0.040635       -0.083932
     C    8       -0.161959       -0.083932        0.001696

     H    9       -0.000000        0.000000        0.000000
     H    9        0.000000        0.000000        0.000000
     H    9        0.000000        0.000000        0.000000

     C   10        0.144294        0.131997       -0.229976
     C   10        0.131997       -0.119930        0.014758
     C   10       -0.229976        0.014758       -0.024365

     C   11        0.065516        0.131269       -0.176276
     C   11        0.131269       -0.060271       -0.040859
     C   11       -0.176276       -0.040859       -0.005245

     Cl  12        0.811306        2.937482       -1.175745
     Cl  12        2.937482       -0.202195       -1.209240
     Cl  12       -1.175745       -1.209240       -0.609111

     H   13       -0.000000        0.000000        0.000000
     H   13        0.000000        0.000000        0.000000
     H   13        0.000000        0.000000        0.000000

     C   14       -0.004618        0.198526       -0.138288
     C   14        0.198526        0.080708       -0.103377
     C   14       -0.138288       -0.103377       -0.076090

     H   15       -0.000000        0.000000        0.000000
     H   15        0.000000        0.000000        0.000000
     H   15        0.000000        0.000000        0.000000

     C   16        0.062709        0.197706       -0.100402
     C   16        0.197706       -0.023178       -0.129147
     C   16       -0.100402       -0.129147       -0.039532

     C   17       -0.027849        0.110778       -0.135374
     C   17        0.110778        0.137673       -0.145003
     C   17       -0.135374       -0.145003       -0.109824

     Cl  18        0.638327       -0.423449       -0.934683
     Cl  18       -0.423449        1.236760       -1.405976
     Cl  18       -0.934683       -1.405976       -1.875087

     H   19       -0.000000        0.000000        0.000000
     H   19        0.000000        0.000000        0.000000
     H   19        0.000000        0.000000        0.000000

     C   20        0.067015        0.186427       -0.196754
     C   20        0.186427       -0.066733       -0.011868
     C   20       -0.196754       -0.011868       -0.000281

     H   21       -0.000000        0.000000        0.000000
     H   21        0.000000        0.000000        0.000000
     H   21        0.000000        0.000000        0.000000

     C   22        0.003840        0.107024        0.041088
     C   22        0.107024        0.045731        0.071934
     C   22        0.041088        0.071934       -0.049571

     C   23        0.028413        0.242860       -0.029717
     C   23        0.242860        0.076085        0.170940
     C   23       -0.029717        0.170940       -0.104498

     Cl  24       -0.169618        1.482701       -0.084258
     Cl  24        1.482701        1.760736        0.531964
     Cl  24       -0.084258        0.531964       -1.591118

     ----- total EFG -----
     Cl   1        1.728641       -2.602963       -0.534678
     Cl   1       -2.602963        0.037248       -0.208135
     Cl   1       -0.534678       -0.208135       -1.765889

     C    2        0.337473        0.328202        0.000051
     C    2        0.328202       -0.145998       -0.321672
     C    2        0.000051       -0.321672       -0.191475

     C    3       -0.297185        0.196309       -0.101371
     C    3        0.196309        0.178715        0.101493
     C    3       -0.101371        0.101493        0.118471

     H    4        0.235130       -0.001009        0.146324
     H    4       -0.001009       -0.093042       -0.015385
     H    4        0.146324       -0.015385       -0.142088

     C    5        0.150066        0.360788        0.123222
     C    5        0.360788       -0.200340       -0.248876
     C    5        0.123222       -0.248876        0.050274

     H    6       -0.109992       -0.120436       -0.038327
     H    6       -0.120436        0.020469        0.248066
     H    6       -0.038327        0.248066        0.089523

     H    7       -0.535442        0.072097        0.213856
     H    7        0.072097        0.431355       -0.274234
     H    7        0.213856       -0.274234        0.104087

     C    8        0.003103       -0.182488       -0.359319
     C    8       -0.182488       -0.040712       -0.265402
     C    8       -0.359319       -0.265402        0.037609

     H    9        0.196340       -0.254952        0.577335
     H    9       -0.254952       -0.034720       -0.008575
     H    9        0.577335       -0.008575       -0.161620

     C   10        0.491592        0.471619       -0.554788
     C   10        0.471619       -0.273863        0.148282
     C   10       -0.554788        0.148282       -0.217729

     C   11       -0.105868       -0.066495       -0.277872
     C   11       -0.066495       -0.008613       -0.198268
     C   11       -0.277872       -0.198268        0.114481

     Cl  12        0.905293        3.260823       -1.250331
     Cl  12        3.260823       -0.203589       -1.301756
     Cl  12       -1.250331       -1.301756       -0.701705

     H   13       -0.206221       -0.001925        0.322600
     H   13       -0.001925        0.479311        0.317829
     H   13        0.322600        0.317829       -0.273090

     C   14       -0.126773        0.277495       -0.316469
     C   14        0.277495        0.371499       -0.100390
     C   14       -0.316469       -0.100390       -0.244726

     H   15        0.536355        0.071752        0.331852
     H   15        0.071752       -0.160412        0.406166
     H   15        0.331852        0.406166       -0.375942

     C   16        0.324357        0.402774       -0.010461
     C   16        0.402774       -0.172148       -0.260202
     C   16       -0.010461       -0.260202       -0.152208

     C   17       -0.154912        0.151794       -0.349936
     C   17        0.151794        0.350333       -0.129405
     C   17       -0.349936       -0.129405       -0.195421

     Cl  18        0.751270       -0.504739       -1.018150
     Cl  18       -0.504739        1.309860       -1.523879
     Cl  18       -1.018150       -1.523879       -2.061131

     H   19       -0.345240       -0.149834        0.286602
     H   19       -0.149834        0.398588       -0.223149
     H   19        0.286602       -0.223149       -0.053348

     C   20        0.282559        0.608116       -0.536897
     C   20        0.608116       -0.218500        0.042588
     C   20       -0.536897        0.042588       -0.064059

     H   21        0.350831        0.056192        0.177017
     H   21        0.056192       -0.280275       -0.101472
     H   21        0.177017       -0.101472       -0.070556

     C   22       -0.054616        0.006974        0.063081
     C   22        0.006974        0.046968        0.037573
     C   22        0.063081        0.037573        0.007648

     C   23        0.244596        0.677588       -0.212758
     C   23        0.677588        0.099243        0.485071
     C   23       -0.212758        0.485071       -0.343839

     Cl  24       -0.255114        1.487141       -0.073671
     Cl  24        1.487141        1.927472        0.595547
     Cl  24       -0.073671        0.595547       -1.672357

     ----- total EFG (symmetrized) -----
     Cl   1        1.728641       -2.602963       -0.534678
     Cl   1       -2.602963        0.037248       -0.208135
     Cl   1       -0.534678       -0.208135       -1.765889

     C    2        0.337473        0.328202        0.000051
     C    2        0.328202       -0.145998       -0.321672
     C    2        0.000051       -0.321672       -0.191475

     C    3       -0.297185        0.196309       -0.101371
     C    3        0.196309        0.178715        0.101493
     C    3       -0.101371        0.101493        0.118471

     H    4        0.235130       -0.001009        0.146324
     H    4       -0.001009       -0.093042       -0.015385
     H    4        0.146324       -0.015385       -0.142088

     C    5        0.150066        0.360788        0.123222
     C    5        0.360788       -0.200340       -0.248876
     C    5        0.123222       -0.248876        0.050274

     H    6       -0.109992       -0.120436       -0.038327
     H    6       -0.120436        0.020469        0.248066
     H    6       -0.038327        0.248066        0.089523

     H    7       -0.535442        0.072097        0.213856
     H    7        0.072097        0.431355       -0.274234
     H    7        0.213856       -0.274234        0.104087

     C    8        0.003103       -0.182488       -0.359319
     C    8       -0.182488       -0.040712       -0.265402
     C    8       -0.359319       -0.265402        0.037609

     H    9        0.196340       -0.254952        0.577335
     H    9       -0.254952       -0.034720       -0.008575
     H    9        0.577335       -0.008575       -0.161620

     C   10        0.491592        0.471619       -0.554788
     C   10        0.471619       -0.273863        0.148282
     C   10       -0.554788        0.148282       -0.217729

     C   11       -0.105868       -0.066495       -0.277872
     C   11       -0.066495       -0.008613       -0.198268
     C   11       -0.277872       -0.198268        0.114481

     Cl  12        0.905293        3.260823       -1.250331
     Cl  12        3.260823       -0.203589       -1.301756
     Cl  12       -1.250331       -1.301756       -0.701705

     H   13       -0.206221       -0.001925        0.322600
     H   13       -0.001925        0.479311        0.317829
     H   13        0.322600        0.317829       -0.273090

     C   14       -0.126773        0.277495       -0.316469
     C   14        0.277495        0.371499       -0.100390
     C   14       -0.316469       -0.100390       -0.244726

     H   15        0.536355        0.071752        0.331852
     H   15        0.071752       -0.160412        0.406166
     H   15        0.331852        0.406166       -0.375942

     C   16        0.324357        0.402774       -0.010461
     C   16        0.402774       -0.172148       -0.260202
     C   16       -0.010461       -0.260202       -0.152208

     C   17       -0.154912        0.151794       -0.349936
     C   17        0.151794        0.350333       -0.129405
     C   17       -0.349936       -0.129405       -0.195421

     Cl  18        0.751270       -0.504739       -1.018150
     Cl  18       -0.504739        1.309860       -1.523879
     Cl  18       -1.018150       -1.523879       -2.061131

     H   19       -0.345240       -0.149834        0.286602
     H   19       -0.149834        0.398588       -0.223149
     H   19        0.286602       -0.223149       -0.053348

     C   20        0.282559        0.608116       -0.536897
     C   20        0.608116       -0.218500        0.042588
     C   20       -0.536897        0.042588       -0.064059

     H   21        0.350831        0.056192        0.177017
     H   21        0.056192       -0.280275       -0.101472
     H   21        0.177017       -0.101472       -0.070556

     C   22       -0.054616        0.006974        0.063081
     C   22        0.006974        0.046968        0.037573
     C   22        0.063081        0.037573        0.007648

     C   23        0.244596        0.677588       -0.212758
     C   23        0.677588        0.099243        0.485071
     C   23       -0.212758        0.485071       -0.343839

     Cl  24       -0.255114        1.487141       -0.073671
     Cl  24        1.487141        1.927472        0.595547
     Cl  24       -0.073671        0.595547       -1.672357


     NQR/NMR SPECTROSCOPIC PARAMETERS:
     Cl   1    Vxx=   -1.3357    axis=( -0.363181 -0.577715  0.730989)
     Cl   1    Vyy=   -2.3020    axis=( -0.459317 -0.571585 -0.679940)
     Cl   1    Vzz=    3.6378    axis=( -0.810634  0.582697  0.057766)
     Cl   1  Q=        -8.1650 1e-30 m^2  Cq=       -69.7892 MHz  eta= 0.26563

     C    2    Vxx=    0.0164    axis=(  0.485037 -0.474602  0.734501)
     C    2    Vyy=    0.5367    axis=( -0.833215 -0.505817  0.223387)
     C    2    Vzz=   -0.5531    axis=(  0.265503 -0.720348 -0.640786)
     C    2  Q=         1.0000 1e-30 m^2  Cq=        -1.2996 MHz  eta= 0.94067

     C    3    Vxx=    0.1230    axis=( -0.361331 -0.321504  0.875257)
     C    3    Vyy=    0.2775    axis=( -0.227084 -0.880073 -0.417020)
     C    3    Vzz=   -0.4005    axis=(  0.904363 -0.349439  0.244989)
     C    3  Q=         1.0000 1e-30 m^2  Cq=        -0.9410 MHz  eta= 0.38557

     H    4    Vxx=   -0.0911    axis=(  0.059940  0.990113 -0.126820)
     H    4    Vyy=   -0.1942    axis=( -0.319159  0.139389  0.937394)
     H    4    Vzz=    0.2853    axis=(  0.945804 -0.015711  0.324359)
     H    4  Q=         1.0000 1e-30 m^2  Cq=         0.6704 MHz  eta= 0.36121

     C    5    Vxx=    0.1738    axis=(  0.324680 -0.286524  0.901381)
     C    5    Vyy=    0.3792    axis=( -0.819760 -0.560612  0.117077)
     C    5    Vzz=   -0.5530    axis=(  0.471779 -0.776929 -0.416900)
     C    5  Q=         1.0000 1e-30 m^2  Cq=        -1.2993 MHz  eta= 0.37150

     H    6    Vxx=   -0.0958    axis=( -0.814721  0.260932 -0.517826)
     H    6    Vyy=   -0.2365    axis=( -0.527274 -0.704958  0.474359)
     H    6    Vzz=    0.3323    axis=( -0.241270  0.659507  0.711927)
     H    6  Q=         1.0000 1e-30 m^2  Cq=         0.7808 MHz  eta= 0.42356

     H    7    Vxx=    0.0341    axis=(  0.360599  0.484656  0.796917)
     H    7    Vyy=    0.5888    axis=(  0.040910 -0.861797  0.505602)
     H    7    Vzz=   -0.6229    axis=(  0.931823 -0.149718 -0.330590)
     H    7  Q=         1.0000 1e-30 m^2  Cq=        -1.4636 MHz  eta= 0.89059

     C    8    Vxx=    0.1455    axis=(  0.542802 -0.815885  0.199242)
     C    8    Vyy=    0.3947    axis=( -0.604183 -0.214552  0.767418)
     C    8    Vzz=   -0.5402    axis=(  0.583377  0.536935  0.609403)
     C    8  Q=         1.0000 1e-30 m^2  Cq=        -1.2693 MHz  eta= 0.46129

     H    9    Vxx=   -0.0601    axis=(  0.079343  0.924435  0.372994)
     H    9    Vyy=   -0.6247    axis=( -0.607788 -0.251717  0.753148)
     H    9    Vzz=    0.6847    axis=(  0.790126 -0.286458  0.541888)
     H    9  Q=         1.0000 1e-30 m^2  Cq=         1.6088 MHz  eta= 0.82457

     C   10    Vxx=   -0.1017    axis=(  0.053533  0.731836  0.679375)
     C   10    Vyy=   -0.8015    axis=(  0.489658 -0.612178  0.620865)
     C   10    Vzz=    0.9032    axis=( -0.870270 -0.299425  0.391121)
     C   10  Q=         1.0000 1e-30 m^2  Cq=         2.1221 MHz  eta= 0.77477

     C   11    Vxx=    0.0219    axis=(  0.565610 -0.822244 -0.063256)
     C   11    Vyy=    0.3535    axis=( -0.442018 -0.367025  0.818482)
     C   11    Vzz=   -0.3753    axis=( -0.696208 -0.434981 -0.571039)
     C   11  Q=         1.0000 1e-30 m^2  Cq=        -0.8819 MHz  eta= 0.88344

     Cl  12    Vxx=   -1.3265    axis=(  0.326961  0.134878  0.935363)
     Cl  12    Vyy=   -2.9765    axis=(  0.619739 -0.777823 -0.104472)
     Cl  12    Vzz=    4.3030    axis=(  0.713456  0.613840 -0.337907)
     Cl  12  Q=        -8.1650 1e-30 m^2  Cq=       -82.5510 MHz  eta= 0.38347

     H   13    Vxx=    0.0065    axis=( -0.785055  0.343350 -0.515557)
     H   13    Vyy=    0.6120    axis=(  0.148347  0.912310  0.381686)
     H   13    Vzz=   -0.6184    axis=( -0.601400 -0.223164  0.767148)
     H   13  Q=         1.0000 1e-30 m^2  Cq=        -1.4531 MHz  eta= 0.97905

     C   14    Vxx=   -0.0413    axis=(  0.570380 -0.535024 -0.623230)
     C   14    Vyy=   -0.5206    axis=(  0.674466 -0.127972  0.727131)
     C   14    Vzz=    0.5619    axis=( -0.468788 -0.835088  0.287863)
     C   14  Q=         1.0000 1e-30 m^2  Cq=         1.3202 MHz  eta= 0.85308

     H   15    Vxx=    0.0339    axis=(  0.411340 -0.791771 -0.451550)
     H   15    Vyy=    0.6949    axis=( -0.893306 -0.251750 -0.372325)
     H   15    Vzz=   -0.7288    axis=(  0.181119  0.556525 -0.810849)
     H   15  Q=         1.0000 1e-30 m^2  Cq=        -1.7125 MHz  eta= 0.90684

     C   16    Vxx=   -0.0438    axis=(  0.421103 -0.363290  0.831080)
     C   16    Vyy=   -0.5327    axis=(  0.357993 -0.775320 -0.520308)
     C   16    Vzz=    0.5765    axis=( -0.833375 -0.516624  0.196434)
     C   16  Q=         1.0000 1e-30 m^2  Cq=         1.3546 MHz  eta= 0.84817

     C   17    Vxx=    0.0453    axis=(  0.602343 -0.546579 -0.581751)
     C   17    Vyy=    0.4805    axis=( -0.403309 -0.837317  0.369109)
     C   17    Vzz=   -0.5258    axis=(  0.688858 -0.012295  0.724792)
     C   17  Q=         1.0000 1e-30 m^2  Cq=        -1.2354 MHz  eta= 0.82762

     Cl  18    Vxx=    1.0811    axis=(  0.949710  0.010756 -0.312947)
     Cl  18    Vyy=    1.9092    axis=(  0.119031 -0.936788  0.329028)
     Cl  18    Vzz=   -2.9903    axis=(  0.289626  0.349732  0.890957)
     Cl  18  Q=        -8.1650 1e-30 m^2  Cq=        57.3670 MHz  eta= 0.27696

     H   19    Vxx=   -0.0415    axis=(  0.435826  0.520669  0.734138)
     H   19    Vyy=   -0.5211    axis=(  0.855489  0.013778 -0.517638)
     H   19    Vzz=    0.5625    axis=(  0.279633 -0.853647  0.439422)
     H   19  Q=         1.0000 1e-30 m^2  Cq=         1.3217 MHz  eta= 0.85257

     C   20    Vxx=   -0.0868    axis=(  0.082655  0.630903  0.771447)
     C   20    Vyy=   -0.8052    axis=(  0.595926 -0.651740  0.469155)
     C   20    Vzz=    0.8919    axis=( -0.798774 -0.420947  0.429841)
     C   20  Q=         1.0000 1e-30 m^2  Cq=         2.0957 MHz  eta= 0.80547

     H   21    Vxx=   -0.0722    axis=(  0.283299  0.481034 -0.829667)
     H   21    Vyy=   -0.3436    axis=(  0.184361 -0.876290 -0.445114)
     H   21    Vzz=    0.4158    axis=( -0.941145 -0.026858 -0.336936)
     H   21  Q=         1.0000 1e-30 m^2  Cq=         0.9770 MHz  eta= 0.65288

     C   22    Vxx=    0.0122    axis=( -0.454153  0.694547 -0.557987)
     C   22    Vyy=    0.0831    axis=(  0.322006  0.711927  0.624077)
     C   22    Vzz=   -0.0953    axis=( -0.830697 -0.103751  0.546972)
     C   22  Q=         1.0000 1e-30 m^2  Cq=        -0.2239 MHz  eta= 0.74345

     C   23    Vxx=    0.0631    axis=( -0.551580  0.380744  0.742155)
     C   23    Vyy=    0.8798    axis=( -0.695398 -0.701249 -0.157072)
     C   23    Vzz=   -0.9430    axis=(  0.460631 -0.602731  0.651563)
     C   23  Q=         1.0000 1e-30 m^2  Cq=        -2.2156 MHz  eta= 0.86608

     Cl  24    Vxx=   -0.8786    axis=(  0.853502 -0.375701 -0.361086)
     Cl  24    Vyy=   -1.8588    axis=(  0.279246 -0.255277  0.925665)
     Cl  24    Vzz=    2.7374    axis=( -0.439951 -0.890888 -0.112967)
     Cl  24  Q=        -8.1650 1e-30 m^2  Cq=       -52.5154 MHz  eta= 0.35810

     Initialization:
     gipaw_setup  :      9.06s CPU     10.80s WALL (       1 calls)

     Linear response

     Apply operators

     Induced current

     Other routines
     efg          :      9.26s CPU     11.75s WALL (       1 calls)

     General routines
     calbec       :      3.17s CPU      4.14s WALL (      16 calls)
     fft          :      1.49s CPU      1.98s WALL (      15 calls)
     ffts         :      0.05s CPU      0.06s WALL (       2 calls)
     fftw         :      3.10s CPU      3.68s WALL (     672 calls)
     davcio       :      0.02s CPU      0.31s WALL (      32 calls)

     Parallel routines
     fft_scatter  :      1.96s CPU      2.91s WALL (     689 calls)

     Plugins

     GIPAW        :     61.04s CPU     74.90s WALL (       1 calls)
