
     Program QE v.6.0 (svn rev. 13079) starts on 20Dec2016 at  6:34: 3 

     This program is part of the open-source Quantum ESPRESSO suite
     for quantum simulation of materials; please cite
         "P. Giannozzi et al., J. Phys.:Condens. Matter 21 395502 (2009);
          URL http://www.quantum-espresso.org", 
     in publications or presentations arising from this work. More details at
     http://www.quantum-espresso.org/quote

     Parallel version (MPI), running on     8 processors
     R & G space division:  proc/nbgrp/npool/nimage =       8

     ***** This is GIPAW svn revision unknown      *****

     Parallelizing q-star over 1 images

     Reading data from directory:
     /users/majewski/paradichlorobenzene/pbe/9_constraint/scratch/pbe.ecut100.np8.dt60.pcl2phi-129368.save
     Message from routine read_xml_file:
     file /users/majewski/paradichlorobenzene/pbe/9_constraint/scratch/pbe.ecut100.np8.dt60.pcl2phi-129368.save not guaranteed to be safe for post-processing

   Info: using nr1, nr2, nr3 values from input

   Info: using nr1, nr2, nr3 values from input

     IMPORTANT: XC functional enforced from input :
     Exchange-correlation      =  SLA  PW   PBX  PBC ( 1  4  3  4 0 0)
     Any further DFT definition will be discarded
     Please, verify this is what you really want

               file C.pbe-n-kjpaw_psl.1.0.0.UPF: wavefunction(s)  2S 2P renormalized
               file Cl.pbe-n-kjpaw_psl.1.0.0.UPF: wavefunction(s)  3S 3P renormalized
               file H.pbe-kjpaw_psl.1.0.0.UPF: wavefunction(s)  1S renormalized

     Parallelization info
     --------------------
     sticks:   dense  smooth     PW     G-vecs:    dense   smooth      PW
     Min        3057    1223    332               144436    36536    5170
     Max        3059    1225    333               144437    36537    5171
     Sum       24467    9791   2657              1155489   292295   41363


     Subspace diagonalization in iterative solution of the eigenvalue problem:
     a serial algorithm will be used

     GIPAW projectors -----------------------------------------------
     atom=  C    l=0  rc=    1.2000  rs=    0.8000
     atom=  C    l=0  rc=    1.2000  rs=    0.8000
     atom=  C    l=1  rc=    1.4000  rs=    0.9333
     atom=  C    l=1  rc=    1.4000  rs=    0.9333
     projs nearly linearly dependent: l=1  n1,n2= 1, 2  s=  0.99951561

     atom=  Cl   l=0  rc=    1.6000  rs=    1.0667
     atom=  Cl   l=0  rc=    1.6000  rs=    1.0667
     atom=  Cl   l=1  rc=    1.6000  rs=    1.0667
     atom=  Cl   l=1  rc=    1.6000  rs=    1.0667
     atom=  Cl   l=2  rc=    1.6000  rs=    1.0667
     atom=  Cl   l=2  rc=    1.6000  rs=    1.0667
     projs nearly linearly dependent: l=2  n1,n2= 1, 2  s=  0.99993509

     atom=  H    l=0  rc=    1.0000  rs=    0.6667
     atom=  H    l=0  rc=    1.0000  rs=    0.6667
     projs nearly linearly dependent: l=0  n1,n2= 1, 2  s=  0.99968852
     -----------------------------------------------------------------

     GIPAW integrals: -------------------------------------------
     Atom  i/j   nmr_para   nmr_dia   epr_rmc  epr_para   epr_dia
       C   1 1   0.83E+03  0.17E-01  0.93E+01  0.24E+08  0.24E+03
       C   2 1   0.86E+03 -0.61E-01  0.94E+01  0.25E+08  0.25E+03
       C   2 2   0.90E+03 -0.15E+00  0.97E+01  0.26E+08  0.26E+03
       C   3 3   0.33E+01  0.34E+00  0.18E+01  0.55E+03  0.21E+02
       C   4 3   0.35E+01  0.37E+00  0.20E+01  0.59E+03  0.22E+02
       C   4 4   0.38E+01  0.39E+00  0.22E+01  0.63E+03  0.24E+02
       Cl  1 1   0.14E+04 -0.47E+00  0.84E+01  0.32E+09  0.42E+03
       Cl  2 1   0.21E+04 -0.37E+00  0.12E+02  0.49E+09  0.65E+03
       Cl  2 2   0.33E+04 -0.16E+00  0.21E+02  0.76E+09  0.10E+04
       Cl  3 3   0.21E+02  0.79E-01  0.89E+01  0.23E+05  0.13E+03
       Cl  4 3   0.24E+02  0.67E-01  0.99E+01  0.27E+05  0.15E+03
       Cl  4 4   0.28E+02  0.44E-01  0.11E+02  0.32E+05  0.18E+03
       Cl  5 5   0.77E+00  0.19E+00  0.18E+01  0.12E+03  0.22E+02
       Cl  6 5   0.80E+00  0.19E+00  0.19E+01  0.12E+03  0.23E+02
       Cl  6 6   0.83E+00  0.20E+00  0.19E+01  0.12E+03  0.23E+02
       H   1 1   0.39E+02  0.19E+00  0.29E+00  0.78E+05  0.13E+02
       H   2 1   0.41E+02  0.21E+00  0.32E+00  0.82E+05  0.14E+02
       H   2 2   0.43E+02  0.22E+00  0.36E+00  0.86E+05  0.15E+02
     ------------------------------------------------------------

     alpha_pv=     34.2478 eV

     Number of occupied bands for each k-point:
     k-point:     1    nbnd_occ=  42
     k-point:     2    nbnd_occ=  42
     k-point:     3    nbnd_occ=  42
     k-point:     4    nbnd_occ=  42
     k-point:     5    nbnd_occ=  42
     k-point:     6    nbnd_occ=  42
     k-point:     7    nbnd_occ=  42
     k-point:     8    nbnd_occ=  42
     k-point:     9    nbnd_occ=  42
     k-point:    10    nbnd_occ=  42
     k-point:    11    nbnd_occ=  42
     k-point:    12    nbnd_occ=  42
     k-point:    13    nbnd_occ=  42
     k-point:    14    nbnd_occ=  42
     k-point:    15    nbnd_occ=  42
     k-point:    16    nbnd_occ=  42


     q-space interpolation up to   110.00 Rydberg

     GIPAW job: efg                                                                             


     ELECTRIC FIELD GRADIENTS TENSORS IN Hartree/bohrradius^2:

     ----- bare term -----
     Cl   1       -0.140807        0.264542       -0.106109
     Cl   1        0.264542       -0.085590       -0.029644
     Cl   1       -0.106109       -0.029644        0.226397

     C    2        0.085377       -0.116988       -0.592448
     C    2       -0.116988       -0.110549       -0.499017
     C    2       -0.592448       -0.499017        0.025172

     C    3        0.040313        0.386084        0.067259
     C    3        0.386084       -0.265517       -0.086803
     C    3        0.067259       -0.086803        0.225204

     H    4        0.172398       -0.073866       -0.191024
     H    4       -0.073866        0.379993        0.185445
     H    4       -0.191024        0.185445       -0.552391

     C    5       -0.080239       -0.024941       -0.551888
     C    5       -0.024941       -0.092856       -0.390684
     C    5       -0.551888       -0.390684        0.173095

     H    6        0.235117        0.037243        0.378432
     H    6        0.037243        0.083417       -0.398759
     H    6        0.378432       -0.398759       -0.318534

     H    7        0.383892        0.040815       -0.165851
     H    7        0.040815       -0.304579        0.489811
     H    7       -0.165851        0.489811       -0.079312

     C    8       -0.527002       -0.322695       -0.389021
     C    8       -0.322695        0.141465        0.363786
     C    8       -0.389021        0.363786        0.385538

     H    9       -0.553916        0.072345        0.054973
     H    9        0.072345        0.392195        0.322005
     H    9        0.054973        0.322005        0.161721

     C   10        0.003049       -0.423788       -0.036804
     C   10       -0.423788       -0.426356        0.474784
     C   10       -0.036804        0.474784        0.423307

     C   11       -0.541173       -0.248929       -0.348475
     C   11       -0.248929        0.214219        0.133305
     C   11       -0.348475        0.133305        0.326955

     Cl  12       -0.067987       -0.081407        0.051703
     Cl  12       -0.081407       -0.024666       -0.066193
     Cl  12        0.051703       -0.066193        0.092653

     H   13        0.382979        0.080313       -0.345395
     H   13        0.080313       -0.007263       -0.243303
     H   13       -0.345395       -0.243303       -0.375716

     C   14       -0.487607        0.341829        0.018168
     C   14        0.341829        0.150039       -0.319080
     C   14        0.018168       -0.319080        0.337568

     H   15        0.099340        0.108139       -0.364172
     H   15        0.108139        0.059577        0.195297
     H   15       -0.364172        0.195297       -0.158917

     C   16        0.158709       -0.048737       -0.239392
     C   16       -0.048737       -0.108150       -0.433359
     C   16       -0.239392       -0.433359       -0.050559

     C   17       -0.528354        0.331583       -0.242799
     C   17        0.331583        0.156558       -0.300556
     C   17       -0.242799       -0.300556        0.371796

     Cl  18        0.145840       -0.032065       -0.021570
     Cl  18       -0.032065       -0.259121        0.064947
     Cl  18       -0.021570        0.064947        0.113281

     H   19       -0.009264        0.330207       -0.246228
     H   19        0.330207       -0.239677        0.448240
     H   19       -0.246228        0.448240        0.248941

     C   20        0.055303       -0.545226       -0.100429
     C   20       -0.545226       -0.425121        0.358564
     C   20       -0.100429        0.358564        0.369818

     H   21       -0.613167        0.438128        0.057361
     H   21        0.438128        0.298316       -0.004264
     H   21        0.057361       -0.004264        0.314851

     C   22       -0.083798       -0.176639       -0.405755
     C   22       -0.176639       -0.107862        0.397427
     C   22       -0.405755        0.397427        0.191660

     C   23       -0.243884       -0.162488       -0.209956
     C   23       -0.162488       -0.048193        0.453441
     C   23       -0.209956        0.453441        0.292077

     Cl  24        0.114342       -0.024701        0.161623
     Cl  24       -0.024701        0.146146       -0.226092
     Cl  24        0.161623       -0.226092       -0.260488

     ----- ionic term -----
     Cl   1        0.138428       -0.202528        0.040741
     Cl   1       -0.202528       -0.002741       -0.015051
     Cl   1        0.040741       -0.015051       -0.135687

     C    2        0.037075       -0.335291        0.324523
     C    2       -0.335291        0.023959        0.334827
     C    2        0.324523        0.334827       -0.061034

     C    3       -0.013474       -0.445314        0.231696
     C    3       -0.445314        0.185670        0.345395
     C    3        0.231696        0.345395       -0.172195

     H    4        0.369938        0.011431        0.809020
     H    4        0.011431       -0.520111        0.113527
     H    4        0.809020        0.113527        0.150174

     C    5        0.105273       -0.384822        0.360761
     C    5       -0.384822        0.054549        0.230817
     C    5        0.360761        0.230817       -0.159822

     H    6       -0.541093       -0.014461        0.028429
     H    6       -0.014461        0.439342        0.777304
     H    6        0.028429        0.777304        0.101751

     H    7       -0.492725       -0.210663        0.120595
     H    7       -0.210663        0.596763       -0.744349
     H    7        0.120595       -0.744349       -0.104038

     C    8        0.366304        0.110057        0.128203
     C    8        0.110057        0.038112       -0.335719
     C    8        0.128203       -0.335719       -0.404416

     H    9        0.930581       -0.310470        0.331756
     H    9       -0.310470       -0.429360       -0.149374
     H    9        0.331756       -0.149374       -0.501221

     C   10        0.244791        0.217401        0.040271
     C   10        0.217401        0.148958       -0.383384
     C   10        0.040271       -0.383384       -0.393750

     C   11        0.265035        0.186009        0.168423
     C   11        0.186009        0.085402       -0.375037
     C   11        0.168423       -0.375037       -0.350437

     Cl  12        0.114420        0.207123       -0.026017
     Cl  12        0.207123        0.019286       -0.030727
     Cl  12       -0.026017       -0.030727       -0.133706

     H   13       -0.552120        0.114893        0.088230
     H   13        0.114893        0.419083        0.787259
     H   13        0.088230        0.787259        0.133037

     C   14        0.062790       -0.291907        0.335484
     C   14       -0.291907        0.004191        0.233492
     C   14        0.335484        0.233492       -0.066982

     H   15        0.353217       -0.029472        0.781099
     H   15       -0.029472       -0.497134        0.043249
     H   15        0.781099        0.043249        0.143918

     C   16       -0.019780       -0.343021        0.238544
     C   16       -0.343021        0.108658        0.350572
     C   16        0.238544        0.350572       -0.088878

     C   17       -0.025195       -0.318272        0.351565
     C   17       -0.318272        0.082129        0.377792
     C   17        0.351565        0.377792       -0.056934

     Cl  18        0.052619       -0.233264        0.015580
     Cl  18       -0.233264        0.097695       -0.009997
     Cl  18        0.015580       -0.009997       -0.150314

     H   19       -0.501453       -0.126206        0.099299
     H   19       -0.126206        0.586302       -0.760020
     H   19        0.099299       -0.760020       -0.084848

     C   20        0.394027        0.216476        0.160216
     C   20        0.216476       -0.027978       -0.322039
     C   20        0.160216       -0.322039       -0.366049

     H   21        0.736812       -0.339742        0.554236
     H   21       -0.339742       -0.449677       -0.226743
     H   21        0.554236       -0.226743       -0.287135

     C   22        0.250301        0.213759        0.091943
     C   22        0.213759        0.048559       -0.410041
     C   22        0.091943       -0.410041       -0.298861

     C   23        0.329419        0.120388        0.110445
     C   23        0.120388        0.004153       -0.411978
     C   23        0.110445       -0.411978       -0.333572

     Cl  24        0.134372        0.198244       -0.047831
     Cl  24        0.198244        0.003485       -0.038762
     Cl  24       -0.047831       -0.038762       -0.137857

     ----- GIPAW term -----
     Cl   1        0.591651       -0.253053       -2.238604
     Cl   1       -0.253053       -1.345917       -0.694131
     Cl   1       -2.238604       -0.694131        0.754266

     C    2        0.206977       -0.020765       -0.192922
     C    2       -0.020765       -0.095389       -0.085976
     C    2       -0.192922       -0.085976       -0.111589

     C    3        0.063818        0.024812       -0.025559
     C    3        0.024812       -0.059135        0.011522
     C    3       -0.025559        0.011522       -0.004683

     H    4       -0.000000        0.000000        0.000000
     H    4        0.000000        0.000000        0.000000
     H    4        0.000000        0.000000        0.000000

     C    5        0.125804       -0.006907       -0.243229
     C    5       -0.006907       -0.151318       -0.071089
     C    5       -0.243229       -0.071089        0.025514

     H    6       -0.000000        0.000000        0.000000
     H    6        0.000000        0.000000        0.000000
     H    6        0.000000        0.000000        0.000000

     H    7       -0.000000        0.000000        0.000000
     H    7        0.000000        0.000000        0.000000
     H    7        0.000000        0.000000        0.000000

     C    8       -0.110671       -0.097231       -0.078264
     C    8       -0.097231        0.080073        0.106417
     C    8       -0.078264        0.106417        0.030598

     H    9       -0.000000        0.000000        0.000000
     H    9        0.000000        0.000000        0.000000
     H    9        0.000000        0.000000        0.000000

     C   10       -0.040077       -0.123778        0.064710
     C   10       -0.123778       -0.028562       -0.053709
     C   10        0.064710       -0.053709        0.068639

     C   11       -0.067435       -0.060075        0.044120
     C   11       -0.060075        0.110706       -0.144114
     C   11        0.044120       -0.144114       -0.043271

     Cl  12       -0.174511        0.611194        1.256002
     Cl  12        0.611194       -0.454567       -1.841375
     Cl  12        1.256002       -1.841375        0.629077

     H   13       -0.000000        0.000000        0.000000
     H   13        0.000000        0.000000        0.000000
     H   13        0.000000        0.000000        0.000000

     C   14       -0.080740       -0.114598        0.105937
     C   14       -0.114598        0.122518       -0.138716
     C   14        0.105937       -0.138716       -0.041778

     H   15       -0.000000        0.000000        0.000000
     H   15        0.000000        0.000000        0.000000
     H   15        0.000000        0.000000        0.000000

     C   16       -0.040368       -0.056849       -0.010510
     C   16       -0.056849        0.084157       -0.093867
     C   16       -0.010510       -0.093867       -0.043789

     C   17       -0.083438       -0.164700       -0.011613
     C   17       -0.164700        0.204089       -0.062532
     C   17       -0.011613       -0.062532       -0.120651

     Cl  18        0.122681        0.002657       -0.301618
     Cl  18        0.002657        1.832178       -0.518917
     Cl  18       -0.301618       -0.518917       -1.954860

     H   19       -0.000000        0.000000        0.000000
     H   19        0.000000        0.000000        0.000000
     H   19        0.000000        0.000000        0.000000

     C   20        0.245899       -0.167012        0.009158
     C   20       -0.167012       -0.180521        0.061104
     C   20        0.009158        0.061104       -0.065378

     H   21       -0.000000        0.000000        0.000000
     H   21        0.000000        0.000000        0.000000
     H   21        0.000000        0.000000        0.000000

     C   22        0.086174       -0.127597       -0.206655
     C   22       -0.127597       -0.042564        0.110440
     C   22       -0.206655        0.110440       -0.043610

     C   23       -0.040234       -0.021443       -0.132155
     C   23       -0.021443       -0.048075        0.154271
     C   23       -0.132155        0.154271        0.088310

     Cl  24       -0.155537        0.478614       -0.771032
     Cl  24        0.478614       -0.541057        0.785269
     Cl  24       -0.771032        0.785269        0.696594

     ----- total EFG -----
     Cl   1        0.589271       -0.191039       -2.303972
     Cl   1       -0.191039       -1.434248       -0.738827
     Cl   1       -2.303972       -0.738827        0.844977

     C    2        0.329429       -0.473043       -0.460847
     C    2       -0.473043       -0.181978       -0.250166
     C    2       -0.460847       -0.250166       -0.147451

     C    3        0.090657       -0.034418        0.273397
     C    3       -0.034418       -0.138982        0.270113
     C    3        0.273397        0.270113        0.048325

     H    4        0.542336       -0.062434        0.617996
     H    4       -0.062434       -0.140118        0.298972
     H    4        0.617996        0.298972       -0.402218

     C    5        0.150838       -0.416670       -0.434356
     C    5       -0.416670       -0.189625       -0.230956
     C    5       -0.434356       -0.230956        0.038787

     H    6       -0.305976        0.022782        0.406861
     H    6        0.022782        0.522759        0.378545
     H    6        0.406861        0.378545       -0.216783

     H    7       -0.108833       -0.169848       -0.045256
     H    7       -0.169848        0.292183       -0.254538
     H    7       -0.045256       -0.254538       -0.183350

     C    8       -0.271369       -0.309870       -0.339083
     C    8       -0.309870        0.259649        0.134484
     C    8       -0.339083        0.134484        0.011720

     H    9        0.376664       -0.238125        0.386729
     H    9       -0.238125       -0.037165        0.172630
     H    9        0.386729        0.172630       -0.339500

     C   10        0.207763       -0.330165        0.068177
     C   10       -0.330165       -0.305960        0.037691
     C   10        0.068177        0.037691        0.098197

     C   11       -0.343572       -0.122995       -0.135932
     C   11       -0.122995        0.410326       -0.385846
     C   11       -0.135932       -0.385846       -0.066753

     Cl  12       -0.128077        0.736910        1.281688
     Cl  12        0.736910       -0.459947       -1.938295
     Cl  12        1.281688       -1.938295        0.588024

     H   13       -0.169141        0.195206       -0.257165
     H   13        0.195206        0.411820        0.543956
     H   13       -0.257165        0.543956       -0.242679

     C   14       -0.505557       -0.064677        0.459588
     C   14       -0.064677        0.276749       -0.224305
     C   14        0.459588       -0.224305        0.228808

     H   15        0.452556        0.078667        0.416928
     H   15        0.078667       -0.437557        0.238546
     H   15        0.416928        0.238546       -0.014999

     C   16        0.098561       -0.448608       -0.011358
     C   16       -0.448608        0.084666       -0.176653
     C   16       -0.011358       -0.176653       -0.183227

     C   17       -0.636987       -0.151389        0.097153
     C   17       -0.151389        0.442776        0.014703
     C   17        0.097153        0.014703        0.194211

     Cl  18        0.321141       -0.262673       -0.307607
     Cl  18       -0.262673        1.670752       -0.463967
     Cl  18       -0.307607       -0.463967       -1.991892

     H   19       -0.510718        0.204002       -0.146929
     H   19        0.204002        0.346625       -0.311780
     H   19       -0.146929       -0.311780        0.164093

     C   20        0.695229       -0.495762        0.068944
     C   20       -0.495762       -0.633620        0.097629
     C   20        0.068944        0.097629       -0.061609

     H   21        0.123645        0.098386        0.611597
     H   21        0.098386       -0.151361       -0.231008
     H   21        0.611597       -0.231008        0.027716

     C   22        0.252677       -0.090476       -0.520467
     C   22       -0.090476       -0.101867        0.097826
     C   22       -0.520467        0.097826       -0.150811

     C   23        0.045301       -0.063542       -0.231666
     C   23       -0.063542       -0.092115        0.195734
     C   23       -0.231666        0.195734        0.046815

     Cl  24        0.093177        0.652157       -0.657239
     Cl  24        0.652157       -0.391427        0.520414
     Cl  24       -0.657239        0.520414        0.298249

     ----- total EFG (symmetrized) -----
     Cl   1        0.589271       -0.191039       -2.303972
     Cl   1       -0.191039       -1.434248       -0.738827
     Cl   1       -2.303972       -0.738827        0.844977

     C    2        0.329429       -0.473043       -0.460847
     C    2       -0.473043       -0.181978       -0.250166
     C    2       -0.460847       -0.250166       -0.147451

     C    3        0.090657       -0.034418        0.273397
     C    3       -0.034418       -0.138982        0.270113
     C    3        0.273397        0.270113        0.048325

     H    4        0.542336       -0.062434        0.617996
     H    4       -0.062434       -0.140118        0.298972
     H    4        0.617996        0.298972       -0.402218

     C    5        0.150838       -0.416670       -0.434356
     C    5       -0.416670       -0.189625       -0.230956
     C    5       -0.434356       -0.230956        0.038787

     H    6       -0.305976        0.022782        0.406861
     H    6        0.022782        0.522759        0.378545
     H    6        0.406861        0.378545       -0.216783

     H    7       -0.108833       -0.169848       -0.045256
     H    7       -0.169848        0.292183       -0.254538
     H    7       -0.045256       -0.254538       -0.183350

     C    8       -0.271369       -0.309870       -0.339083
     C    8       -0.309870        0.259649        0.134484
     C    8       -0.339083        0.134484        0.011720

     H    9        0.376664       -0.238125        0.386729
     H    9       -0.238125       -0.037165        0.172630
     H    9        0.386729        0.172630       -0.339500

     C   10        0.207763       -0.330165        0.068177
     C   10       -0.330165       -0.305960        0.037691
     C   10        0.068177        0.037691        0.098197

     C   11       -0.343572       -0.122995       -0.135932
     C   11       -0.122995        0.410326       -0.385846
     C   11       -0.135932       -0.385846       -0.066753

     Cl  12       -0.128077        0.736910        1.281688
     Cl  12        0.736910       -0.459947       -1.938295
     Cl  12        1.281688       -1.938295        0.588024

     H   13       -0.169141        0.195206       -0.257165
     H   13        0.195206        0.411820        0.543956
     H   13       -0.257165        0.543956       -0.242679

     C   14       -0.505557       -0.064677        0.459588
     C   14       -0.064677        0.276749       -0.224305
     C   14        0.459588       -0.224305        0.228808

     H   15        0.452556        0.078667        0.416928
     H   15        0.078667       -0.437557        0.238546
     H   15        0.416928        0.238546       -0.014999

     C   16        0.098561       -0.448608       -0.011358
     C   16       -0.448608        0.084666       -0.176653
     C   16       -0.011358       -0.176653       -0.183227

     C   17       -0.636987       -0.151389        0.097153
     C   17       -0.151389        0.442776        0.014703
     C   17        0.097153        0.014703        0.194211

     Cl  18        0.321141       -0.262673       -0.307607
     Cl  18       -0.262673        1.670752       -0.463967
     Cl  18       -0.307607       -0.463967       -1.991892

     H   19       -0.510718        0.204002       -0.146929
     H   19        0.204002        0.346625       -0.311780
     H   19       -0.146929       -0.311780        0.164093

     C   20        0.695229       -0.495762        0.068944
     C   20       -0.495762       -0.633620        0.097629
     C   20        0.068944        0.097629       -0.061609

     H   21        0.123645        0.098386        0.611597
     H   21        0.098386       -0.151361       -0.231008
     H   21        0.611597       -0.231008        0.027716

     C   22        0.252677       -0.090476       -0.520467
     C   22       -0.090476       -0.101867        0.097826
     C   22       -0.520467        0.097826       -0.150811

     C   23        0.045301       -0.063542       -0.231666
     C   23       -0.063542       -0.092115        0.195734
     C   23       -0.231666        0.195734        0.046815

     Cl  24        0.093177        0.652157       -0.657239
     Cl  24        0.652157       -0.391427        0.520414
     Cl  24       -0.657239        0.520414        0.298249


     NQR/NMR SPECTROSCOPIC PARAMETERS:
     Cl   1    Vxx=   -0.8843    axis=(  0.541558 -0.735380  0.407346)
     Cl   1    Vyy=   -2.1776    axis=(  0.501029  0.671434  0.546028)
     Cl   1    Vzz=    3.0619    axis=( -0.675044 -0.091613  0.732068)
     Cl   1  Q=        -8.1650 1e-30 m^2  Cq=       -58.7418 MHz  eta= 0.42239

     C    2    Vxx=    0.0859    axis=(  0.012687 -0.694398  0.719480)
     C    2    Vyy=    0.7153    axis=(  0.863399 -0.355330 -0.358167)
     C    2    Vzz=   -0.8012    axis=(  0.504363  0.625742  0.595034)
     C    2  Q=         1.0000 1e-30 m^2  Cq=        -1.8824 MHz  eta= 0.78564

     C    3    Vxx=    0.0121    axis=(  0.692867 -0.663349 -0.282671)
     C    3    Vyy=    0.3986    axis=(  0.607217  0.325350  0.724869)
     C    3    Vzz=   -0.4107    axis=( -0.388874 -0.673880  0.628221)
     C    3  Q=         1.0000 1e-30 m^2  Cq=        -0.9649 MHz  eta= 0.94122

     H    4    Vxx=   -0.0198    axis=(  0.246828 -0.915735 -0.317026)
     H    4    Vyy=   -0.8343    axis=(  0.391298  0.393474 -0.831904)
     H    4    Vzz=    0.8541    axis=(  0.886545  0.081285  0.455446)
     H    4  Q=         1.0000 1e-30 m^2  Cq=         2.0068 MHz  eta= 0.95367

     C    5    Vxx=    0.1506    axis=(  0.201257 -0.706825  0.678154)
     C    5    Vyy=    0.5795    axis=(  0.803398 -0.276969 -0.527105)
     C    5    Vzz=   -0.7301    axis=( -0.560399 -0.650912 -0.512120)
     C    5  Q=         1.0000 1e-30 m^2  Cq=        -1.7154 MHz  eta= 0.58743

     H    6    Vxx=    0.0017    axis=( -0.705734  0.436359 -0.558149)
     H    6    Vyy=    0.7177    axis=(  0.194316  0.876822  0.439800)
     H    6    Vzz=   -0.7194    axis=( -0.681308 -0.201924  0.703595)
     H    6  Q=         1.0000 1e-30 m^2  Cq=        -1.6903 MHz  eta= 0.99523

     H    7    Vxx=   -0.0892    axis=(  0.856599  0.038052 -0.514578)
     H    7    Vyy=   -0.3493    axis=(  0.450854  0.429805  0.782304)
     H    7    Vzz=    0.4385    axis=(  0.250936 -0.902120  0.351014)
     H    7  Q=         1.0000 1e-30 m^2  Cq=         1.0302 MHz  eta= 0.59317

     C    8    Vxx=   -0.0046    axis=(  0.214511  0.631059 -0.745486)
     C    8    Vyy=   -0.5451    axis=( -0.852436 -0.251632 -0.458294)
     C    8    Vzz=    0.5497    axis=(  0.476799 -0.733789 -0.483960)
     C    8  Q=         1.0000 1e-30 m^2  Cq=         1.2916 MHz  eta= 0.98344

     H    9    Vxx=    0.0370    axis=( -0.072299 -0.876397 -0.476131)
     H    9    Vyy=    0.5851    axis=( -0.908016  0.255345 -0.332124)
     H    9    Vzz=   -0.6221    axis=( -0.412650 -0.408322  0.814244)
     H    9  Q=         1.0000 1e-30 m^2  Cq=        -1.4616 MHz  eta= 0.88111

     C   10    Vxx=    0.0980    axis=( -0.096559  0.170402  0.980632)
     C   10    Vyy=    0.3765    axis=(  0.891876 -0.422561  0.161247)
     C   10    Vzz=   -0.4746    axis=( -0.441853 -0.890172  0.111175)
     C   10  Q=         1.0000 1e-30 m^2  Cq=        -1.1150 MHz  eta= 0.58684

     C   11    Vxx=   -0.1324    axis=(  0.641371 -0.342690 -0.686445)
     C   11    Vyy=   -0.4949    axis=(  0.765966  0.337352  0.547257)
     C   11    Vzz=    0.6272    axis=( -0.044034  0.876788 -0.478857)
     C   11  Q=         1.0000 1e-30 m^2  Cq=         1.4737 MHz  eta= 0.57792

     Cl  12    Vxx=    0.4495    axis=(  0.830959  0.553486  0.056226)
     Cl  12    Vyy=    2.2406    axis=( -0.282738  0.507184 -0.814140)
     Cl  12    Vzz=   -2.6901    axis=( -0.479132  0.660619  0.577940)
     Cl  12  Q=        -8.1650 1e-30 m^2  Cq=        51.6086 MHz  eta= 0.66582

     H   13    Vxx=    0.0107    axis=(  0.867414  0.197318 -0.456791)
     H   13    Vyy=    0.7217    axis=( -0.053416 -0.875783 -0.479741)
     H   13    Vzz=   -0.7324    axis=( -0.494711  0.440534 -0.749126)
     H   13  Q=         1.0000 1e-30 m^2  Cq=        -1.7208 MHz  eta= 0.97081

     C   14    Vxx=    0.1186    axis=(  0.281246  0.820637  0.497449)
     C   14    Vyy=    0.6096    axis=( -0.341119  0.570011 -0.747480)
     C   14    Vzz=   -0.7282    axis=( -0.896961  0.040536  0.440248)
     C   14  Q=         1.0000 1e-30 m^2  Cq=        -1.7110 MHz  eta= 0.67423

     H   15    Vxx=   -0.1699    axis=(  0.531185 -0.471310 -0.704066)
     H   15    Vyy=   -0.5581    axis=(  0.131081  0.866706 -0.481288)
     H   15    Vzz=    0.7280    axis=( -0.837055 -0.163363 -0.522161)
     H   15  Q=         1.0000 1e-30 m^2  Cq=         1.7105 MHz  eta= 0.53333

     C   16    Vxx=   -0.1259    axis=(  0.453683  0.248645 -0.855773)
     C   16    Vyy=   -0.4330    axis=(  0.567438  0.659858  0.492546)
     C   16    Vzz=    0.5588    axis=(  0.687158 -0.709058  0.158276)
     C   16  Q=         1.0000 1e-30 m^2  Cq=         1.3131 MHz  eta= 0.54951

     C   17    Vxx=    0.2054    axis=(  0.112730  0.010351  0.993572)
     C   17    Vyy=    0.4636    axis=( -0.135826  0.990720  0.005090)
     C   17    Vzz=   -0.6690    axis=( -0.984298 -0.135527  0.113090)
     C   17  Q=         1.0000 1e-30 m^2  Cq=        -1.5719 MHz  eta= 0.38598

     Cl  18    Vxx=    0.3335    axis=(  0.977980  0.137684 -0.156841)
     Cl  18    Vyy=    1.7637    axis=( -0.155635  0.981832 -0.108549)
     Cl  18    Vzz=   -2.0972    axis=(  0.139046  0.130568  0.981641)
     Cl  18  Q=        -8.1650 1e-30 m^2  Cq=        40.2333 MHz  eta= 0.68196

     H   19    Vxx=   -0.0695    axis=(  0.008792  0.596860  0.802297)
     H   19    Vyy=   -0.5659    axis=(  0.976742 -0.177022  0.120989)
     H   19    Vzz=    0.6354    axis=(  0.214237  0.782573 -0.584535)
     H   19  Q=         1.0000 1e-30 m^2  Cq=         1.4928 MHz  eta= 0.78134

     C   20    Vxx=   -0.0456    axis=(  0.011392  0.154412  0.987941)
     C   20    Vyy=   -0.8156    axis=(  0.314434  0.937333 -0.150128)
     C   20    Vzz=    0.8611    axis=( -0.949211  0.312352 -0.037875)
     C   20  Q=         1.0000 1e-30 m^2  Cq=         2.0233 MHz  eta= 0.89420

     H   21    Vxx=   -0.0472    axis=( -0.368721 -0.896086  0.247131)
     H   21    Vyy=   -0.6509    axis=(  0.592211 -0.431381 -0.680585)
     H   21    Vzz=    0.6981    axis=(  0.716471 -0.104592  0.689732)
     H   21  Q=         1.0000 1e-30 m^2  Cq=         1.6401 MHz  eta= 0.86486

     C   22    Vxx=   -0.1227    axis=(  0.186493  0.981790 -0.036181)
     C   22    Vyy=   -0.5095    axis=( -0.556236  0.075158 -0.827619)
     C   22    Vzz=    0.6322    axis=( -0.809828  0.174471  0.560123)
     C   22  Q=         1.0000 1e-30 m^2  Cq=         1.4853 MHz  eta= 0.61194

     C   23    Vxx=   -0.0913    axis=(  0.704693  0.670661  0.231565)
     C   23    Vyy=   -0.2644    axis=(  0.377617 -0.630823  0.677841)
     C   23    Vzz=    0.3557    axis=( -0.600678  0.390226  0.697789)
     C   23  Q=         1.0000 1e-30 m^2  Cq=         0.8358 MHz  eta= 0.48665

     Cl  24    Vxx=    0.4034    axis=(  0.494655  0.722326  0.483283)
     Cl  24    Vyy=    0.8620    axis=( -0.668333 -0.039317  0.742823)
     Cl  24    Vzz=   -1.2654    axis=( -0.555561  0.690435 -0.463305)
     Cl  24  Q=        -8.1650 1e-30 m^2  Cq=        24.2761 MHz  eta= 0.36247

     Initialization:
     gipaw_setup  :      9.53s CPU     11.25s WALL (       1 calls)

     Linear response

     Apply operators

     Induced current

     Other routines
     efg          :     13.58s CPU     21.10s WALL (       1 calls)

     General routines
     calbec       :      3.15s CPU      3.94s WALL (      16 calls)
     fft          :      1.66s CPU      2.50s WALL (      15 calls)
     ffts         :      0.05s CPU      0.06s WALL (       2 calls)
     fftw         :      7.52s CPU     13.62s WALL (     672 calls)
     davcio       :      0.03s CPU      0.32s WALL (      32 calls)

     Parallel routines
     fft_scatter  :      6.62s CPU     13.15s WALL (     689 calls)

     Plugins

     GIPAW        :     67.01s CPU     88.09s WALL (       1 calls)
