
     Program QE v.6.0 (svn rev. 13079) starts on  4Jan2017 at  3:50:25 

     This program is part of the open-source Quantum ESPRESSO suite
     for quantum simulation of materials; please cite
         "P. Giannozzi et al., J. Phys.:Condens. Matter 21 395502 (2009);
          URL http://www.quantum-espresso.org", 
     in publications or presentations arising from this work. More details at
     http://www.quantum-espresso.org/quote

     Parallel version (MPI), running on     8 processors
     R & G space division:  proc/nbgrp/npool/nimage =       8

     ***** This is GIPAW svn revision unknown      *****

     Parallelizing q-star over 1 images

     Reading data from directory:
     /users/majewski/paradichlorobenzene/pbe/9_constraint/scratch/pbe.ecut100.np8.dt60.pcl2phi-129368.save
     Message from routine read_xml_file:
     file /users/majewski/paradichlorobenzene/pbe/9_constraint/scratch/pbe.ecut100.np8.dt60.pcl2phi-129368.save not guaranteed to be safe for post-processing

   Info: using nr1, nr2, nr3 values from input

   Info: using nr1, nr2, nr3 values from input

     IMPORTANT: XC functional enforced from input :
     Exchange-correlation      =  SLA  PW   PBX  PBC ( 1  4  3  4 0 0)
     Any further DFT definition will be discarded
     Please, verify this is what you really want

               file C.pbe-n-kjpaw_psl.1.0.0.UPF: wavefunction(s)  2S 2P renormalized
               file Cl.pbe-n-kjpaw_psl.1.0.0.UPF: wavefunction(s)  3S 3P renormalized
               file H.pbe-kjpaw_psl.1.0.0.UPF: wavefunction(s)  1S renormalized

     Parallelization info
     --------------------
     sticks:   dense  smooth     PW     G-vecs:    dense   smooth      PW
     Min        3057    1223    332               144436    36536    5170
     Max        3059    1225    333               144437    36537    5171
     Sum       24467    9791   2657              1155489   292295   41363


     Subspace diagonalization in iterative solution of the eigenvalue problem:
     a serial algorithm will be used

     GIPAW projectors -----------------------------------------------
     atom=  C    l=0  rc=    1.2000  rs=    0.8000
     atom=  C    l=0  rc=    1.2000  rs=    0.8000
     atom=  C    l=1  rc=    1.4000  rs=    0.9333
     atom=  C    l=1  rc=    1.4000  rs=    0.9333
     projs nearly linearly dependent: l=1  n1,n2= 1, 2  s=  0.99951561

     atom=  Cl   l=0  rc=    1.6000  rs=    1.0667
     atom=  Cl   l=0  rc=    1.6000  rs=    1.0667
     atom=  Cl   l=1  rc=    1.6000  rs=    1.0667
     atom=  Cl   l=1  rc=    1.6000  rs=    1.0667
     atom=  Cl   l=2  rc=    1.6000  rs=    1.0667
     atom=  Cl   l=2  rc=    1.6000  rs=    1.0667
     projs nearly linearly dependent: l=2  n1,n2= 1, 2  s=  0.99993509

     atom=  H    l=0  rc=    1.0000  rs=    0.6667
     atom=  H    l=0  rc=    1.0000  rs=    0.6667
     projs nearly linearly dependent: l=0  n1,n2= 1, 2  s=  0.99968852
     -----------------------------------------------------------------

     GIPAW integrals: -------------------------------------------
     Atom  i/j   nmr_para   nmr_dia   epr_rmc  epr_para   epr_dia
       C   1 1   0.83E+03  0.17E-01  0.93E+01  0.24E+08  0.24E+03
       C   2 1   0.86E+03 -0.61E-01  0.94E+01  0.25E+08  0.25E+03
       C   2 2   0.90E+03 -0.15E+00  0.97E+01  0.26E+08  0.26E+03
       C   3 3   0.33E+01  0.34E+00  0.18E+01  0.55E+03  0.21E+02
       C   4 3   0.35E+01  0.37E+00  0.20E+01  0.59E+03  0.22E+02
       C   4 4   0.38E+01  0.39E+00  0.22E+01  0.63E+03  0.24E+02
       Cl  1 1   0.14E+04 -0.47E+00  0.84E+01  0.32E+09  0.42E+03
       Cl  2 1   0.21E+04 -0.37E+00  0.12E+02  0.49E+09  0.65E+03
       Cl  2 2   0.33E+04 -0.16E+00  0.21E+02  0.76E+09  0.10E+04
       Cl  3 3   0.21E+02  0.79E-01  0.89E+01  0.23E+05  0.13E+03
       Cl  4 3   0.24E+02  0.67E-01  0.99E+01  0.27E+05  0.15E+03
       Cl  4 4   0.28E+02  0.44E-01  0.11E+02  0.32E+05  0.18E+03
       Cl  5 5   0.77E+00  0.19E+00  0.18E+01  0.12E+03  0.22E+02
       Cl  6 5   0.80E+00  0.19E+00  0.19E+01  0.12E+03  0.23E+02
       Cl  6 6   0.83E+00  0.20E+00  0.19E+01  0.12E+03  0.23E+02
       H   1 1   0.39E+02  0.19E+00  0.29E+00  0.78E+05  0.13E+02
       H   2 1   0.41E+02  0.21E+00  0.32E+00  0.82E+05  0.14E+02
       H   2 2   0.43E+02  0.22E+00  0.36E+00  0.86E+05  0.15E+02
     ------------------------------------------------------------

     alpha_pv=     34.0486 eV

     Number of occupied bands for each k-point:
     k-point:     1    nbnd_occ=  42
     k-point:     2    nbnd_occ=  42
     k-point:     3    nbnd_occ=  42
     k-point:     4    nbnd_occ=  42
     k-point:     5    nbnd_occ=  42
     k-point:     6    nbnd_occ=  42
     k-point:     7    nbnd_occ=  42
     k-point:     8    nbnd_occ=  42
     k-point:     9    nbnd_occ=  42
     k-point:    10    nbnd_occ=  42
     k-point:    11    nbnd_occ=  42
     k-point:    12    nbnd_occ=  42
     k-point:    13    nbnd_occ=  42
     k-point:    14    nbnd_occ=  42
     k-point:    15    nbnd_occ=  42
     k-point:    16    nbnd_occ=  42


     q-space interpolation up to   110.00 Rydberg

     GIPAW job: efg                                                                             


     ELECTRIC FIELD GRADIENTS TENSORS IN Hartree/bohrradius^2:

     ----- bare term -----
     Cl   1        0.138557       -0.048152       -0.016934
     Cl   1       -0.048152       -0.264270        0.014728
     Cl   1       -0.016934        0.014728        0.125713

     C    2       -0.804698        0.373764       -0.312290
     C    2        0.373764        0.241494       -0.017074
     C    2       -0.312290       -0.017074        0.563204

     C    3        0.106932        0.213977       -0.069173
     C    3        0.213977       -0.428759       -0.459993
     C    3       -0.069173       -0.459993        0.321826

     H    4       -0.183258        0.076210       -0.527676
     H    4        0.076210       -0.095222       -0.077945
     H    4       -0.527676       -0.077945        0.278480

     C    5       -0.933252        0.332266       -0.433949
     C    5        0.332266        0.350923        0.025384
     C    5       -0.433949        0.025384        0.582330

     H    6        0.424418       -0.050558       -0.092197
     H    6       -0.050558       -0.601700       -0.695316
     H    6       -0.092197       -0.695316        0.177282

     H    7        0.290866        0.223775        0.060284
     H    7        0.223775       -0.517204       -0.265259
     H    7        0.060284       -0.265259        0.226338

     C    8        0.079863        0.162109       -0.046658
     C    8        0.162109       -0.134677       -0.229148
     C    8       -0.046658       -0.229148        0.054814

     H    9       -0.186824        0.315337        0.180168
     H    9        0.315337        0.010117       -0.166670
     H    9        0.180168       -0.166670        0.176708

     C   10        0.103653       -0.092985        0.227961
     C   10       -0.092985       -0.081367       -0.155860
     C   10        0.227961       -0.155860       -0.022286

     C   11       -0.158878        0.163746       -0.219805
     C   11        0.163746       -0.013620        0.443349
     C   11       -0.219805        0.443349        0.172498

     Cl  12        0.013589       -0.242435       -0.006831
     Cl  12       -0.242435        0.050047       -0.202056
     Cl  12       -0.006831       -0.202056       -0.063635

     H   13        0.383664        0.055777        0.187080
     H   13        0.055777       -0.011115       -0.508954
     H   13        0.187080       -0.508954       -0.372549

     C   14        0.038042       -0.023854       -0.131850
     C   14       -0.023854       -0.274296       -0.237874
     C   14       -0.131850       -0.237874        0.236254

     H   15        0.124888       -0.112351       -0.370917
     H   15       -0.112351        0.454490       -0.242129
     H   15       -0.370917       -0.242129       -0.579377

     C   16       -0.409136        0.304882       -0.249074
     C   16        0.304882        0.216171       -0.044799
     C   16       -0.249074       -0.044799        0.192966

     C   17        0.119308        0.021465       -0.159317
     C   17        0.021465       -0.522288       -0.294500
     C   17       -0.159317       -0.294500        0.402979

     Cl  18       -0.002913        0.204612       -0.032454
     Cl  18        0.204612        0.011224       -0.175659
     Cl  18       -0.032454       -0.175659       -0.008312

     H   19        0.269048       -0.069588       -0.389488
     H   19       -0.069588       -0.130955        0.358658
     H   19       -0.389488        0.358658       -0.138093

     C   20       -0.572625       -0.309830       -0.114114
     C   20       -0.309830        0.206252        0.323500
     C   20       -0.114114        0.323500        0.366373

     H   21       -0.697562        0.219095       -0.054786
     H   21        0.219095        0.414094        0.132523
     H   21       -0.054786        0.132523        0.283468

     C   22        0.055875        0.285112       -0.361887
     C   22        0.285112       -0.130726        0.654438
     C   22       -0.361887        0.654438        0.074851

     C   23       -0.487405       -0.358874       -0.294683
     C   23       -0.358874        0.143688        0.375157
     C   23       -0.294683        0.375157        0.343716

     Cl  24       -0.039108        0.003181       -0.053970
     Cl  24        0.003181        0.158092        0.080099
     Cl  24       -0.053970        0.080099       -0.118984

     ----- ionic term -----
     Cl   1        0.088667       -0.208469        0.061244
     Cl   1       -0.208469        0.071314       -0.042746
     Cl   1        0.061244       -0.042746       -0.159982

     C    2        0.044328       -0.242647        0.346447
     C    2       -0.242647        0.164619        0.350917
     C    2        0.346447        0.350917       -0.208947

     C    3        0.053701       -0.296703        0.228307
     C    3       -0.296703        0.170294        0.376467
     C    3        0.228307        0.376467       -0.223995

     H    4        0.400948        0.146421        0.780171
     H    4        0.146421       -0.463883        0.187821
     H    4        0.780171        0.187821        0.062935

     C    5        0.229720       -0.211034        0.339783
     C    5       -0.211034       -0.016020        0.291632
     C    5        0.339783        0.291632       -0.213700

     H    6       -0.524023        0.052541        0.029501
     H    6        0.052541        0.474951        0.776234
     H    6        0.029501        0.776234        0.049072

     H    7       -0.485498       -0.245410        0.057413
     H    7       -0.245410        0.940883       -0.431931
     H    7        0.057413       -0.431931       -0.455385

     C    8        0.381121        0.041824        0.119529
     C    8        0.041824        0.187263       -0.232447
     C    8        0.119529       -0.232447       -0.568384

     H    9        0.862765       -0.492400        0.221108
     H    9       -0.492400       -0.256292       -0.123656
     H    9        0.221108       -0.123656       -0.606473

     C   10        0.204043        0.131964        0.052787
     C   10        0.131964        0.341648       -0.302229
     C   10        0.052787       -0.302229       -0.545691

     C   11        0.316638        0.098343        0.154502
     C   11        0.098343        0.222659       -0.326954
     C   11        0.154502       -0.326954       -0.539296

     Cl  12        0.158143        0.192942       -0.020097
     Cl  12        0.192942        0.011016       -0.026334
     Cl  12       -0.020097       -0.026334       -0.169158

     H   13       -0.526892       -0.034552        0.014763
     H   13       -0.034552        0.541613        0.750096
     H   13        0.014763        0.750096       -0.014721

     C   14        0.223741       -0.259386        0.318322
     C   14       -0.259386        0.009037        0.281796
     C   14        0.318322        0.281796       -0.232778

     H   15        0.543418        0.215600        0.764831
     H   15        0.215600       -0.486385        0.231458
     H   15        0.764831        0.231458       -0.057033

     C   16        0.142451       -0.297632        0.216809
     C   16       -0.297632        0.126813        0.353115
     C   16        0.216809        0.353115       -0.269263

     C   17        0.263633       -0.235238        0.335103
     C   17       -0.235238       -0.020345        0.355987
     C   17        0.335103        0.355987       -0.243288

     Cl  18        0.178498       -0.209332        0.019163
     Cl  18       -0.209332       -0.034631       -0.007400
     Cl  18        0.019163       -0.007400       -0.143867

     H   19       -0.480097       -0.177208        0.129766
     H   19       -0.177208        0.518482       -0.733974
     H   19        0.129766       -0.733974       -0.038385

     C   20        0.397893        0.078345        0.183638
     C   20        0.078345        0.036445       -0.300588
     C   20        0.183638       -0.300588       -0.434338

     H   21        0.629659       -0.565069        0.435499
     H   21       -0.565069       -0.222494       -0.263016
     H   21        0.435499       -0.263016       -0.407165

     C   22        0.167610        0.063909        0.115644
     C   22        0.063909        0.287435       -0.373051
     C   22        0.115644       -0.373051       -0.455045

     C   23        0.316975        0.025257        0.138566
     C   23        0.025257        0.217947       -0.349239
     C   23        0.138566       -0.349239       -0.534922

     Cl  24        0.131067        0.232504       -0.011751
     Cl  24        0.232504        0.015285       -0.011133
     Cl  24       -0.011751       -0.011133       -0.146352

     ----- GIPAW term -----
     Cl   1        0.183021        0.111423       -0.072753
     Cl   1        0.111423        1.852853       -0.004784
     Cl   1       -0.072753       -0.004784       -2.035874

     C    2       -0.167468       -0.026334       -0.046724
     C    2       -0.026334        0.058999        0.176631
     C    2       -0.046724        0.176631        0.108470

     C    3       -0.107268        0.031732        0.027679
     C    3        0.031732        0.084294        0.177694
     C    3        0.027679        0.177694        0.022974

     H    4       -0.000000        0.000000        0.000000
     H    4        0.000000        0.000000        0.000000
     H    4        0.000000        0.000000        0.000000

     C    5       -0.218538        0.051440       -0.014122
     C    5        0.051440        0.081742        0.194393
     C    5       -0.014122        0.194393        0.136796

     H    6       -0.000000        0.000000        0.000000
     H    6        0.000000        0.000000        0.000000
     H    6        0.000000        0.000000        0.000000

     H    7       -0.000000        0.000000        0.000000
     H    7        0.000000        0.000000        0.000000
     H    7        0.000000        0.000000        0.000000

     C    8        0.026103        0.015207        0.010835
     C    8        0.015207       -0.007937       -0.034971
     C    8        0.010835       -0.034971       -0.018166

     H    9       -0.000000        0.000000        0.000000
     H    9        0.000000        0.000000        0.000000
     H    9        0.000000        0.000000        0.000000

     C   10        0.024475        0.007419        0.023578
     C   10        0.007419        0.007975       -0.035812
     C   10        0.023578       -0.035812       -0.032450

     C   11       -0.061674        0.068033       -0.018519
     C   11        0.068033       -0.007933        0.142270
     C   11       -0.018519        0.142270        0.069607

     Cl  12       -0.769283        0.390425       -0.103354
     Cl  12        0.390425       -0.435035        1.266012
     Cl  12       -0.103354        1.266012        1.204317

     H   13       -0.000000        0.000000        0.000000
     H   13        0.000000        0.000000        0.000000
     H   13        0.000000        0.000000        0.000000

     C   14       -0.048626       -0.046659       -0.045481
     C   14       -0.046659       -0.083104        0.095090
     C   14       -0.045481        0.095090        0.131730

     H   15       -0.000000        0.000000        0.000000
     H   15        0.000000        0.000000        0.000000
     H   15        0.000000        0.000000        0.000000

     C   16       -0.096339        0.001809       -0.057214
     C   16        0.001809       -0.000681        0.058236
     C   16       -0.057214        0.058236        0.097019

     C   17       -0.054697       -0.061350       -0.013407
     C   17       -0.061350       -0.123370        0.088034
     C   17       -0.013407        0.088034        0.178067

     Cl  18       -0.771370       -0.320983        0.445570
     Cl  18       -0.320983       -0.341411        1.414886
     Cl  18        0.445570        1.414886        1.112781

     H   19       -0.000000        0.000000        0.000000
     H   19        0.000000        0.000000        0.000000
     H   19        0.000000        0.000000        0.000000

     C   20       -0.115568        0.110708        0.061010
     C   20        0.110708        0.169997        0.120355
     C   20        0.061010        0.120355       -0.054429

     H   21       -0.000000        0.000000        0.000000
     H   21        0.000000        0.000000        0.000000
     H   21        0.000000        0.000000        0.000000

     C   22        0.021084        0.259475       -0.063293
     C   22        0.259475        0.108188        0.093217
     C   22       -0.063293        0.093217       -0.129272

     C   23       -0.145293        0.023702       -0.033481
     C   23        0.023702        0.196420        0.186844
     C   23       -0.033481        0.186844       -0.051127

     Cl  24        0.309378        1.778207       -0.298220
     Cl  24        1.778207        2.082227        0.961229
     Cl  24       -0.298220        0.961229       -2.391605

     ----- total EFG -----
     Cl   1        0.410246       -0.145198       -0.028443
     Cl   1       -0.145198        1.659897       -0.032801
     Cl   1       -0.028443       -0.032801       -2.070143

     C    2       -0.927839        0.104782       -0.012567
     C    2        0.104782        0.465112        0.510473
     C    2       -0.012567        0.510473        0.462727

     C    3        0.053365       -0.050995        0.186813
     C    3       -0.050995       -0.174171        0.094168
     C    3        0.186813        0.094168        0.120806

     H    4        0.217690        0.222630        0.252494
     H    4        0.222630       -0.559105        0.109876
     H    4        0.252494        0.109876        0.341415

     C    5       -0.922071        0.172671       -0.108288
     C    5        0.172671        0.416645        0.511408
     C    5       -0.108288        0.511408        0.505426

     H    6       -0.099605        0.001984       -0.062695
     H    6        0.001984       -0.126749        0.080918
     H    6       -0.062695        0.080918        0.226354

     H    7       -0.194632       -0.021635        0.117696
     H    7       -0.021635        0.423679       -0.697190
     H    7        0.117696       -0.697190       -0.229047

     C    8        0.487087        0.219140        0.083706
     C    8        0.219140        0.044650       -0.496566
     C    8        0.083706       -0.496566       -0.531736

     H    9        0.675941       -0.177063        0.401275
     H    9       -0.177063       -0.246175       -0.290326
     H    9        0.401275       -0.290326       -0.429766

     C   10        0.332170        0.046398        0.304326
     C   10        0.046398        0.268256       -0.493902
     C   10        0.304326       -0.493902       -0.600426

     C   11        0.096085        0.330122       -0.083821
     C   11        0.330122        0.201105        0.258665
     C   11       -0.083821        0.258665       -0.297191

     Cl  12       -0.597551        0.340932       -0.130282
     Cl  12        0.340932       -0.373972        1.037622
     Cl  12       -0.130282        1.037622        0.971523

     H   13       -0.143227        0.021225        0.201843
     H   13        0.021225        0.530497        0.241142
     H   13        0.201843        0.241142       -0.387270

     C   14        0.213157       -0.329899        0.140990
     C   14       -0.329899       -0.348363        0.139012
     C   14        0.140990        0.139012        0.135206

     H   15        0.668306        0.103249        0.393914
     H   15        0.103249       -0.031895       -0.010671
     H   15        0.393914       -0.010671       -0.636411

     C   16       -0.363024        0.009060       -0.089480
     C   16        0.009060        0.342303        0.366552
     C   16       -0.089480        0.366552        0.020722

     C   17        0.328244       -0.275123        0.162379
     C   17       -0.275123       -0.666003        0.149521
     C   17        0.162379        0.149521        0.337759

     Cl  18       -0.595785       -0.325703        0.432278
     Cl  18       -0.325703       -0.364817        1.231828
     Cl  18        0.432278        1.231828        0.960602

     H   19       -0.211049       -0.246796       -0.259722
     H   19       -0.246796        0.387527       -0.375317
     H   19       -0.259722       -0.375317       -0.176478

     C   20       -0.290299       -0.120777        0.130534
     C   20       -0.120777        0.412694        0.143266
     C   20        0.130534        0.143266       -0.122395

     H   21       -0.067903       -0.345974        0.380713
     H   21       -0.345974        0.191600       -0.130493
     H   21        0.380713       -0.130493       -0.123697

     C   22        0.244569        0.608496       -0.309536
     C   22        0.608496        0.264896        0.374604
     C   22       -0.309536        0.374604       -0.509465

     C   23       -0.315723       -0.309915       -0.189598
     C   23       -0.309915        0.558055        0.212762
     C   23       -0.189598        0.212762       -0.242333

     Cl  24        0.401338        2.013893       -0.363941
     Cl  24        2.013893        2.255603        1.030195
     Cl  24       -0.363941        1.030195       -2.656942

     ----- total EFG (symmetrized) -----
     Cl   1        0.410246       -0.145198       -0.028443
     Cl   1       -0.145198        1.659897       -0.032801
     Cl   1       -0.028443       -0.032801       -2.070143

     C    2       -0.927839        0.104782       -0.012567
     C    2        0.104782        0.465112        0.510473
     C    2       -0.012567        0.510473        0.462727

     C    3        0.053365       -0.050995        0.186813
     C    3       -0.050995       -0.174171        0.094168
     C    3        0.186813        0.094168        0.120806

     H    4        0.217690        0.222630        0.252494
     H    4        0.222630       -0.559105        0.109876
     H    4        0.252494        0.109876        0.341415

     C    5       -0.922071        0.172671       -0.108288
     C    5        0.172671        0.416645        0.511408
     C    5       -0.108288        0.511408        0.505426

     H    6       -0.099605        0.001984       -0.062695
     H    6        0.001984       -0.126749        0.080918
     H    6       -0.062695        0.080918        0.226354

     H    7       -0.194632       -0.021635        0.117696
     H    7       -0.021635        0.423679       -0.697190
     H    7        0.117696       -0.697190       -0.229047

     C    8        0.487087        0.219140        0.083706
     C    8        0.219140        0.044650       -0.496566
     C    8        0.083706       -0.496566       -0.531736

     H    9        0.675941       -0.177063        0.401275
     H    9       -0.177063       -0.246175       -0.290326
     H    9        0.401275       -0.290326       -0.429766

     C   10        0.332170        0.046398        0.304326
     C   10        0.046398        0.268256       -0.493902
     C   10        0.304326       -0.493902       -0.600426

     C   11        0.096085        0.330122       -0.083821
     C   11        0.330122        0.201105        0.258665
     C   11       -0.083821        0.258665       -0.297191

     Cl  12       -0.597551        0.340932       -0.130282
     Cl  12        0.340932       -0.373972        1.037622
     Cl  12       -0.130282        1.037622        0.971523

     H   13       -0.143227        0.021225        0.201843
     H   13        0.021225        0.530497        0.241142
     H   13        0.201843        0.241142       -0.387270

     C   14        0.213157       -0.329899        0.140990
     C   14       -0.329899       -0.348363        0.139012
     C   14        0.140990        0.139012        0.135206

     H   15        0.668306        0.103249        0.393914
     H   15        0.103249       -0.031895       -0.010671
     H   15        0.393914       -0.010671       -0.636411

     C   16       -0.363024        0.009060       -0.089480
     C   16        0.009060        0.342303        0.366552
     C   16       -0.089480        0.366552        0.020722

     C   17        0.328244       -0.275123        0.162379
     C   17       -0.275123       -0.666003        0.149521
     C   17        0.162379        0.149521        0.337759

     Cl  18       -0.595785       -0.325703        0.432278
     Cl  18       -0.325703       -0.364817        1.231828
     Cl  18        0.432278        1.231828        0.960602

     H   19       -0.211049       -0.246796       -0.259722
     H   19       -0.246796        0.387527       -0.375317
     H   19       -0.259722       -0.375317       -0.176478

     C   20       -0.290299       -0.120777        0.130534
     C   20       -0.120777        0.412694        0.143266
     C   20        0.130534        0.143266       -0.122395

     H   21       -0.067903       -0.345974        0.380713
     H   21       -0.345974        0.191600       -0.130493
     H   21        0.380713       -0.130493       -0.123697

     C   22        0.244569        0.608496       -0.309536
     C   22        0.608496        0.264896        0.374604
     C   22       -0.309536        0.374604       -0.509465

     C   23       -0.315723       -0.309915       -0.189598
     C   23       -0.309915        0.558055        0.212762
     C   23       -0.189598        0.212762       -0.242333

     Cl  24        0.401338        2.013893       -0.363941
     Cl  24        2.013893        2.255603        1.030195
     Cl  24       -0.363941        1.030195       -2.656942


     NQR/NMR SPECTROSCOPIC PARAMETERS:
     Cl   1    Vxx=    0.3940    axis=(  0.993440  0.113612 -0.012980)
     Cl   1    Vyy=    1.6768    axis=(  0.113719 -0.993482  0.007834)
     Cl   1    Vzz=   -2.0708    axis=(  0.012005  0.009259  0.999885)
     Cl   1  Q=        -8.1650 1e-30 m^2  Cq=        39.7270 MHz  eta= 0.61946

     C    2    Vxx=   -0.0389    axis=( -0.092417 -0.699029  0.709097)
     C    2    Vyy=   -0.9378    axis=( -0.995126  0.089437 -0.041529)
     C    2    Vzz=    0.9766    axis=( -0.034390 -0.709479 -0.703887)
     C    2  Q=         1.0000 1e-30 m^2  Cq=         2.2947 MHz  eta= 0.92042

     C    3    Vxx=   -0.0344    axis=( -0.676835  0.564852  0.472055)
     C    3    Vyy=   -0.2462    axis=(  0.396772  0.820068 -0.412384)
     C    3    Vzz=    0.2806    axis=(  0.620053  0.091818  0.779169)
     C    3  Q=         1.0000 1e-30 m^2  Cq=         0.6592 MHz  eta= 0.75500

     H    4    Vxx=    0.0362    axis=(  0.733933  0.152310 -0.661924)
     H    4    Vyy=    0.5841    axis=(  0.634159  0.195391  0.748107)
     H    4    Vzz=   -0.6203    axis=( -0.243278  0.968826 -0.046816)
     H    4  Q=         1.0000 1e-30 m^2  Cq=        -1.4575 MHz  eta= 0.88338

     C    5    Vxx=   -0.0084    axis=( -0.213976 -0.714524  0.666085)
     C    5    Vyy=   -0.9667    axis=( -0.976637  0.170338 -0.131014)
     C    5    Vzz=    0.9751    axis=( -0.019847 -0.678558 -0.734279)
     C    5  Q=         1.0000 1e-30 m^2  Cq=         2.2911 MHz  eta= 0.98280

     H    6    Vxx=   -0.1044    axis=(  0.921878  0.378682  0.082108)
     H    6    Vyy=   -0.1501    axis=( -0.348400  0.902815 -0.252076)
     H    6    Vzz=    0.2545    axis=( -0.169585  0.203777  0.964218)
     H    6  Q=         1.0000 1e-30 m^2  Cq=         0.5979 MHz  eta= 0.17971

     H    7    Vxx=   -0.1851    axis=(  0.981349  0.158850  0.108264)
     H    7    Vyy=   -0.6882    axis=( -0.176414  0.520442  0.835475)
     H    7    Vzz=    0.8733    axis=(  0.076370 -0.838992  0.538758)
     H    7  Q=         1.0000 1e-30 m^2  Cq=         2.0520 MHz  eta= 0.57600

     C    8    Vxx=    0.2490    axis=( -0.480667  0.715689 -0.506704)
     C    8    Vyy=    0.5939    axis=( -0.866075 -0.477979  0.146456)
     C    8    Vzz=   -0.8429    axis=( -0.137377  0.509240  0.849589)
     C    8  Q=         1.0000 1e-30 m^2  Cq=        -1.9805 MHz  eta= 0.40910

     H    9    Vxx=   -0.1833    axis=(  0.361305  0.841094 -0.402517)
     H    9    Vyy=   -0.6846    axis=( -0.187761  0.488461  0.852145)
     H    9    Vzz=    0.8679    axis=(  0.913348 -0.232307  0.334408)
     H    9  Q=         1.0000 1e-30 m^2  Cq=         2.0392 MHz  eta= 0.57761

     C   10    Vxx=    0.3558    axis=(  0.834027  0.551383 -0.019361)
     C   10    Vyy=    0.5399    axis=( -0.498915  0.738752 -0.453132)
     C   10    Vzz=   -0.8956    axis=( -0.235547  0.387584  0.891233)
     C   10  Q=         1.0000 1e-30 m^2  Cq=        -2.1044 MHz  eta= 0.20554

     C   11    Vxx=   -0.0178    axis=( -0.714369  0.393460  0.578676)
     C   11    Vyy=   -0.4928    axis=(  0.379937 -0.476362  0.792923)
     C   11    Vzz=    0.5106    axis=( -0.587643 -0.786300 -0.190808)
     C   11  Q=         1.0000 1e-30 m^2  Cq=         1.1997 MHz  eta= 0.93012

     Cl  12    Vxx=   -0.3688    axis=(  0.843712  0.461053 -0.274918)
     Cl  12    Vyy=   -1.1677    axis=( -0.536294  0.746129 -0.394563)
     Cl  12    Vzz=    1.5365    axis=(  0.023210  0.480334  0.876778)
     Cl  12  Q=        -8.1650 1e-30 m^2  Cq=       -29.4775 MHz  eta= 0.51996

     H   13    Vxx=   -0.0571    axis=(  0.893968 -0.197402  0.402310)
     H   13    Vyy=   -0.5397    axis=(  0.437433  0.189409 -0.879077)
     H   13    Vzz=    0.5967    axis=(  0.097330  0.961851  0.255676)
     H   13  Q=         1.0000 1e-30 m^2  Cq=         1.4021 MHz  eta= 0.80870

     C   14    Vxx=    0.1630    axis=( -0.178363  0.363628  0.914309)
     C   14    Vyy=    0.3882    axis=(  0.888511 -0.339725  0.308441)
     C   14    Vzz=   -0.5512    axis=(  0.422771  0.867388 -0.262493)
     C   14  Q=         1.0000 1e-30 m^2  Cq=        -1.2952 MHz  eta= 0.40864

     H   15    Vxx=   -0.0412    axis=( -0.098312  0.991701 -0.082848)
     H   15    Vyy=   -0.7481    axis=( -0.271160  0.053406  0.961051)
     H   15    Vzz=    0.7894    axis=(  0.957500  0.116948  0.263659)
     H   15  Q=         1.0000 1e-30 m^2  Cq=         1.8547 MHz  eta= 0.89552

     C   16    Vxx=   -0.1836    axis=( -0.402436 -0.518759  0.754277)
     C   16    Vyy=   -0.4000    axis=( -0.914390  0.188171 -0.358446)
     C   16    Vzz=    0.5836    axis=(  0.044014 -0.833955 -0.550075)
     C   16  Q=         1.0000 1e-30 m^2  Cq=         1.3712 MHz  eta= 0.37068

     C   17    Vxx=    0.2651    axis=( -0.604581  0.297320  0.738974)
     C   17    Vyy=    0.5034    axis=( -0.751837  0.093429 -0.652696)
     C   17    Vzz=   -0.7685    axis=(  0.263101  0.950196 -0.167051)
     C   17  Q=         1.0000 1e-30 m^2  Cq=        -1.8056 MHz  eta= 0.31014

     Cl  18    Vxx=   -0.3020    axis=(  0.843883 -0.498776  0.197696)
     Cl  18    Vyy=   -1.4134    axis=(  0.528681  0.710249 -0.464804)
     Cl  18    Vzz=    1.7154    axis=(  0.091419  0.496758  0.863061)
     Cl  18  Q=        -8.1650 1e-30 m^2  Cq=       -32.9091 MHz  eta= 0.64789

     H   19    Vxx=    0.0510    axis=(  0.762066 -0.144926 -0.631072)
     H   19    Vyy=    0.5911    axis=( -0.152169  0.907247 -0.392106)
     H   19    Vzz=   -0.6421    axis=(  0.629365  0.394840  0.669329)
     H   19  Q=         1.0000 1e-30 m^2  Cq=        -1.5087 MHz  eta= 0.84126

     C   20    Vxx=   -0.0592    axis=(  0.534215 -0.117432  0.837152)
     C   20    Vyy=   -0.3997    axis=( -0.836877 -0.213314  0.504116)
     C   20    Vzz=    0.4589    axis=( -0.119377  0.969900  0.212232)
     C   20  Q=         1.0000 1e-30 m^2  Cq=         1.0783 MHz  eta= 0.74203

     H   21    Vxx=   -0.0796    axis=( -0.315607 -0.707056 -0.632822)
     H   21    Vyy=   -0.5127    axis=(  0.732744  0.242128 -0.635972)
     H   21    Vzz=    0.5923    axis=(  0.602892 -0.664414  0.441674)
     H   21  Q=         1.0000 1e-30 m^2  Cq=         1.3916 MHz  eta= 0.73113

     C   22    Vxx=    0.0566    axis=( -0.571165  0.505425  0.646774)
     C   22    Vyy=    0.8654    axis=( -0.688510 -0.723995 -0.042252)
     C   22    Vzz=   -0.9221    axis=(  0.446906 -0.469444  0.761510)
     C   22  Q=         1.0000 1e-30 m^2  Cq=        -2.1665 MHz  eta= 0.87718

     C   23    Vxx=   -0.2405    axis=( -0.442618 -0.387283  0.808766)
     C   23    Vyy=   -0.4871    axis=( -0.838327 -0.141407 -0.526510)
     C   23    Vzz=    0.7275    axis=( -0.318273  0.911052  0.262080)
     C   23  Q=         1.0000 1e-30 m^2  Cq=         1.7094 MHz  eta= 0.33899

     Cl  24    Vxx=   -0.5529    axis=( -0.815298  0.451762  0.362216)
     Cl  24    Vyy=   -3.0664    axis=(  0.257892 -0.276777  0.925681)
     Cl  24    Vzz=    3.6192    axis=(  0.518441  0.848119  0.109150)
     Cl  24  Q=        -8.1650 1e-30 m^2  Cq=       -69.4334 MHz  eta= 0.69448

     Initialization:
     gipaw_setup  :      9.08s CPU     10.84s WALL (       1 calls)

     Linear response

     Apply operators

     Induced current

     Other routines
     efg          :      9.12s CPU     11.65s WALL (       1 calls)

     General routines
     calbec       :      3.26s CPU      4.21s WALL (      16 calls)
     fft          :      1.38s CPU      1.63s WALL (      15 calls)
     ffts         :      0.03s CPU      0.04s WALL (       2 calls)
     fftw         :      3.14s CPU      3.99s WALL (     672 calls)
     davcio       :      0.02s CPU      0.33s WALL (      32 calls)

     Parallel routines
     fft_scatter  :      2.02s CPU      2.75s WALL (     689 calls)

     Plugins

     GIPAW        :     61.46s CPU     71.87s WALL (       1 calls)
