
     Program QE v.6.0 (svn rev. 13079) starts on 16Jan2017 at 19:50:49 

     This program is part of the open-source Quantum ESPRESSO suite
     for quantum simulation of materials; please cite
         "P. Giannozzi et al., J. Phys.:Condens. Matter 21 395502 (2009);
          URL http://www.quantum-espresso.org", 
     in publications or presentations arising from this work. More details at
     http://www.quantum-espresso.org/quote

     Parallel version (MPI), running on     8 processors
     R & G space division:  proc/nbgrp/npool/nimage =       8

     ***** This is GIPAW svn revision unknown      *****

     Parallelizing q-star over 1 images

     Reading data from directory:
     /users/majewski/paradichlorobenzene/pbe/9_constraint/scratch/pbe.ecut100.np8.dt60.pcl2phi-129368.save
     Message from routine read_xml_file:
     file /users/majewski/paradichlorobenzene/pbe/9_constraint/scratch/pbe.ecut100.np8.dt60.pcl2phi-129368.save not guaranteed to be safe for post-processing

   Info: using nr1, nr2, nr3 values from input

   Info: using nr1, nr2, nr3 values from input

     IMPORTANT: XC functional enforced from input :
     Exchange-correlation      =  SLA  PW   PBX  PBC ( 1  4  3  4 0 0)
     Any further DFT definition will be discarded
     Please, verify this is what you really want

               file C.pbe-n-kjpaw_psl.1.0.0.UPF: wavefunction(s)  2S 2P renormalized
               file Cl.pbe-n-kjpaw_psl.1.0.0.UPF: wavefunction(s)  3S 3P renormalized
               file H.pbe-kjpaw_psl.1.0.0.UPF: wavefunction(s)  1S renormalized

     Parallelization info
     --------------------
     sticks:   dense  smooth     PW     G-vecs:    dense   smooth      PW
     Min        3057    1223    332               144436    36536    5170
     Max        3059    1225    333               144437    36537    5171
     Sum       24467    9791   2657              1155489   292295   41363


     Subspace diagonalization in iterative solution of the eigenvalue problem:
     a serial algorithm will be used

     GIPAW projectors -----------------------------------------------
     atom=  C    l=0  rc=    1.2000  rs=    0.8000
     atom=  C    l=0  rc=    1.2000  rs=    0.8000
     atom=  C    l=1  rc=    1.4000  rs=    0.9333
     atom=  C    l=1  rc=    1.4000  rs=    0.9333
     projs nearly linearly dependent: l=1  n1,n2= 1, 2  s=  0.99951561

     atom=  Cl   l=0  rc=    1.6000  rs=    1.0667
     atom=  Cl   l=0  rc=    1.6000  rs=    1.0667
     atom=  Cl   l=1  rc=    1.6000  rs=    1.0667
     atom=  Cl   l=1  rc=    1.6000  rs=    1.0667
     atom=  Cl   l=2  rc=    1.6000  rs=    1.0667
     atom=  Cl   l=2  rc=    1.6000  rs=    1.0667
     projs nearly linearly dependent: l=2  n1,n2= 1, 2  s=  0.99993509

     atom=  H    l=0  rc=    1.0000  rs=    0.6667
     atom=  H    l=0  rc=    1.0000  rs=    0.6667
     projs nearly linearly dependent: l=0  n1,n2= 1, 2  s=  0.99968852
     -----------------------------------------------------------------

     GIPAW integrals: -------------------------------------------
     Atom  i/j   nmr_para   nmr_dia   epr_rmc  epr_para   epr_dia
       C   1 1   0.83E+03  0.17E-01  0.93E+01  0.24E+08  0.24E+03
       C   2 1   0.86E+03 -0.61E-01  0.94E+01  0.25E+08  0.25E+03
       C   2 2   0.90E+03 -0.15E+00  0.97E+01  0.26E+08  0.26E+03
       C   3 3   0.33E+01  0.34E+00  0.18E+01  0.55E+03  0.21E+02
       C   4 3   0.35E+01  0.37E+00  0.20E+01  0.59E+03  0.22E+02
       C   4 4   0.38E+01  0.39E+00  0.22E+01  0.63E+03  0.24E+02
       Cl  1 1   0.14E+04 -0.47E+00  0.84E+01  0.32E+09  0.42E+03
       Cl  2 1   0.21E+04 -0.37E+00  0.12E+02  0.49E+09  0.65E+03
       Cl  2 2   0.33E+04 -0.16E+00  0.21E+02  0.76E+09  0.10E+04
       Cl  3 3   0.21E+02  0.79E-01  0.89E+01  0.23E+05  0.13E+03
       Cl  4 3   0.24E+02  0.67E-01  0.99E+01  0.27E+05  0.15E+03
       Cl  4 4   0.28E+02  0.44E-01  0.11E+02  0.32E+05  0.18E+03
       Cl  5 5   0.77E+00  0.19E+00  0.18E+01  0.12E+03  0.22E+02
       Cl  6 5   0.80E+00  0.19E+00  0.19E+01  0.12E+03  0.23E+02
       Cl  6 6   0.83E+00  0.20E+00  0.19E+01  0.12E+03  0.23E+02
       H   1 1   0.39E+02  0.19E+00  0.29E+00  0.78E+05  0.13E+02
       H   2 1   0.41E+02  0.21E+00  0.32E+00  0.82E+05  0.14E+02
       H   2 2   0.43E+02  0.22E+00  0.36E+00  0.86E+05  0.15E+02
     ------------------------------------------------------------

     alpha_pv=     33.8069 eV

     Number of occupied bands for each k-point:
     k-point:     1    nbnd_occ=  42
     k-point:     2    nbnd_occ=  42
     k-point:     3    nbnd_occ=  42
     k-point:     4    nbnd_occ=  42
     k-point:     5    nbnd_occ=  42
     k-point:     6    nbnd_occ=  42
     k-point:     7    nbnd_occ=  42
     k-point:     8    nbnd_occ=  42
     k-point:     9    nbnd_occ=  42
     k-point:    10    nbnd_occ=  42
     k-point:    11    nbnd_occ=  42
     k-point:    12    nbnd_occ=  42
     k-point:    13    nbnd_occ=  42
     k-point:    14    nbnd_occ=  42
     k-point:    15    nbnd_occ=  42
     k-point:    16    nbnd_occ=  42


     q-space interpolation up to   110.00 Rydberg

     GIPAW job: efg                                                                             


     ELECTRIC FIELD GRADIENTS TENSORS IN Hartree/bohrradius^2:

     ----- bare term -----
     Cl   1       -0.053458        0.221088        0.050886
     Cl   1        0.221088       -0.224860        0.167987
     Cl   1        0.050886        0.167987        0.278318

     C    2        0.234815        0.047134       -0.152604
     C    2        0.047134       -0.262764       -0.607654
     C    2       -0.152604       -0.607654        0.027949

     C    3       -0.303366        0.031162        0.021658
     C    3        0.031162       -0.110528        0.149887
     C    3        0.021658        0.149887        0.413894

     H    4       -0.097537       -0.356920       -0.022299
     H    4       -0.356920       -0.238813        0.098096
     H    4       -0.022299        0.098096        0.336350

     C    5        0.093783       -0.056369       -0.140212
     C    5       -0.056369       -0.156024       -0.243082
     C    5       -0.140212       -0.243082        0.062240

     H    6        0.351886       -0.213041        0.039894
     H    6       -0.213041       -0.635910        0.140831
     H    6        0.039894        0.140831        0.284025

     H    7        0.390775        0.092761        0.204746
     H    7        0.092761       -0.174335        0.366783
     H    7        0.204746        0.366783       -0.216441

     C    8       -0.424231       -0.162873       -0.144510
     C    8       -0.162873        0.167289       -0.124331
     C    8       -0.144510       -0.124331        0.256942

     H    9        0.124681       -0.013293       -0.419883
     H    9       -0.013293        0.154432       -0.276918
     H    9       -0.419883       -0.276918       -0.279112

     C   10        0.162273       -0.125331       -0.115967
     C   10       -0.125331       -0.094082        0.507018
     C   10       -0.115967        0.507018       -0.068191

     C   11       -0.609372       -0.416859       -0.338861
     C   11       -0.416859        0.294661        0.226867
     C   11       -0.338861        0.226867        0.314711

     Cl  12       -0.015593       -0.007426       -0.050450
     Cl  12       -0.007426        0.117909        0.046311
     Cl  12       -0.050450        0.046311       -0.102316

     H   13        0.386278       -0.210625        0.106325
     H   13       -0.210625       -0.548563       -0.205997
     H   13        0.106325       -0.205997        0.162285

     C   14       -0.801660        0.345554       -0.420977
     C   14        0.345554        0.323858       -0.043705
     C   14       -0.420977       -0.043705        0.477802

     H   15       -0.456370       -0.310116        0.239714
     H   15       -0.310116        0.335335       -0.012479
     H   15        0.239714       -0.012479        0.121035

     C   16        0.257066       -0.037107        0.072876
     C   16       -0.037107       -0.442970       -0.351858
     C   16        0.072876       -0.351858        0.185905

     C   17       -0.823016        0.456301       -0.328373
     C   17        0.456301        0.283108       -0.022960
     C   17       -0.328373       -0.022960        0.539908

     Cl  18       -0.017476       -0.085280       -0.023789
     Cl  18       -0.085280        0.081055        0.074694
     Cl  18       -0.023789        0.074694       -0.063579

     H   19        0.441196        0.027553       -0.016823
     H   19        0.027553       -0.794059        0.081318
     H   19       -0.016823        0.081318        0.352863

     C   20       -0.050665        0.159546       -0.337395
     C   20        0.159546       -0.000357        0.457715
     C   20       -0.337395        0.457715        0.051022

     H   21        0.059759        0.134057       -0.304681
     H   21        0.134057       -0.167121        0.495890
     H   21       -0.304681        0.495890        0.107362

     C   22       -0.741712       -0.318778       -0.258779
     C   22       -0.318778        0.300605        0.098271
     C   22       -0.258779        0.098271        0.441107

     C   23        0.178728        0.001630       -0.219637
     C   23        0.001630       -0.149359        0.603397
     C   23       -0.219637        0.603397       -0.029369

     Cl  24       -0.183906       -0.276797        0.002239
     Cl  24       -0.276797        0.097213       -0.014529
     Cl  24        0.002239       -0.014529        0.086693

     ----- ionic term -----
     Cl   1        0.143178       -0.163673       -0.051883
     Cl   1       -0.163673       -0.000767        0.036556
     Cl   1       -0.051883        0.036556       -0.142411

     C    2        0.239729       -0.006759        0.072091
     C    2       -0.006759        0.300495        0.353969
     C    2        0.072091        0.353969       -0.540224

     C    3        0.196693       -0.086040        0.081154
     C    3       -0.086040        0.346975        0.327087
     C    3        0.081154        0.327087       -0.543668

     H    4        0.640044        0.547597        0.432794
     H    4        0.547597       -0.197404        0.257965
     H    4        0.432794        0.257965       -0.442640

     C    5        0.427662       -0.066245        0.089315
     C    5       -0.066245        0.145370        0.219496
     C    5        0.089315        0.219496       -0.573033

     H    6       -0.509611        0.164885        0.053837
     H    6        0.164885        0.956988        0.440317
     H    6        0.053837        0.440317       -0.447377

     H    7       -0.526324       -0.004909        0.025524
     H    7       -0.004909        0.783193       -0.634637
     H    7        0.025524       -0.634637       -0.256869

     C    8        0.230293        0.229799        0.275625
     C    8        0.229799       -0.024107       -0.301995
     C    8        0.275625       -0.301995       -0.206186

     H    9        0.365068       -0.203051        0.767402
     H    9       -0.203051       -0.455557       -0.241827
     H    9        0.767402       -0.241827        0.090489

     C   10        0.143382        0.261506        0.184376
     C   10        0.261506        0.051363       -0.422374
     C   10        0.184376       -0.422374       -0.194745

     C   11        0.173497        0.178142        0.290585
     C   11        0.178142        0.039536       -0.454447
     C   11        0.290585       -0.454447       -0.213032

     Cl  12        0.168269        0.236150        0.014294
     Cl  12        0.236150       -0.019163        0.003523
     Cl  12        0.014294        0.003523       -0.149106

     H   13       -0.489752        0.169382        0.058901
     H   13        0.169382        0.826742        0.544933
     H   13        0.058901        0.544933       -0.336990

     C   14        0.367772       -0.032242        0.094366
     C   14       -0.032242        0.131405        0.277129
     C   14        0.094366        0.277129       -0.499177

     H   15        0.632865        0.568307        0.440838
     H   15        0.568307       -0.179950        0.259457
     H   15        0.440838        0.259457       -0.452915

     C   16        0.205577       -0.079359        0.076861
     C   16       -0.079359        0.301931        0.320009
     C   16        0.076861        0.320009       -0.507508

     C   17        0.328276       -0.030652        0.149509
     C   17       -0.030652        0.227159        0.244263
     C   17        0.149509        0.244263       -0.555435

     Cl  18        0.169190       -0.214937        0.032479
     Cl  18       -0.214937       -0.007201       -0.018137
     Cl  18        0.032479       -0.018137       -0.161989

     H   19       -0.505812       -0.116975        0.069599
     H   19       -0.116975        0.825480       -0.595206
     H   19        0.069599       -0.595206       -0.319668

     C   20        0.272431        0.158987        0.323607
     C   20        0.158987        0.051837       -0.291786
     C   20        0.323607       -0.291786       -0.324268

     H   21        0.323607       -0.296847        0.746000
     H   21       -0.296847       -0.415322       -0.329207
     H   21        0.746000       -0.329207        0.091715

     C   22        0.076201        0.246562        0.221194
     C   22        0.246562        0.148712       -0.436966
     C   22        0.221194       -0.436966       -0.224913

     C   23        0.066016        0.186335        0.318795
     C   23        0.186335        0.073650       -0.442571
     C   23        0.318795       -0.442571       -0.139666

     Cl  24        0.135126        0.161159        0.015804
     Cl  24        0.161159        0.008580        0.001537
     Cl  24        0.015804        0.001537       -0.143706

     ----- GIPAW term -----
     Cl   1       -0.754670        0.336361       -0.315904
     Cl   1        0.336361        1.367931       -1.086298
     Cl   1       -0.315904       -1.086298       -0.613260

     C    2       -0.027835        0.006306        0.007538
     C    2        0.006306        0.151631        0.060067
     C    2        0.007538        0.060067       -0.123796

     C    3       -0.015193       -0.021728        0.008274
     C    3       -0.021728        0.001281        0.027408
     C    3        0.008274        0.027408        0.013912

     H    4       -0.000000        0.000000        0.000000
     H    4        0.000000        0.000000        0.000000
     H    4        0.000000        0.000000        0.000000

     C    5       -0.017166        0.008203       -0.002790
     C    5        0.008203        0.101637       -0.044730
     C    5       -0.002790       -0.044730       -0.084471

     H    6       -0.000000        0.000000        0.000000
     H    6        0.000000        0.000000        0.000000
     H    6        0.000000        0.000000        0.000000

     H    7       -0.000000        0.000000        0.000000
     H    7        0.000000        0.000000        0.000000
     H    7        0.000000        0.000000        0.000000

     C    8       -0.030028        0.000113        0.001605
     C    8        0.000113        0.026430       -0.020489
     C    8        0.001605       -0.020489        0.003598

     H    9       -0.000000        0.000000        0.000000
     H    9        0.000000        0.000000        0.000000
     H    9        0.000000        0.000000        0.000000

     C   10       -0.061586       -0.023305       -0.014310
     C   10       -0.023305        0.155682        0.102365
     C   10       -0.014310        0.102365       -0.094096

     C   11       -0.157719       -0.007831       -0.040630
     C   11       -0.007831        0.277083        0.077020
     C   11       -0.040630        0.077020       -0.119364

     Cl  12        0.030505        1.756263       -0.218680
     Cl  12        1.756263        2.477660        0.830536
     Cl  12       -0.218680        0.830536       -2.508165

     H   13       -0.000000        0.000000        0.000000
     H   13        0.000000        0.000000        0.000000
     H   13        0.000000        0.000000        0.000000

     C   14       -0.133247        0.009714       -0.050865
     C   14        0.009714        0.046027        0.112668
     C   14       -0.050865        0.112668        0.087220

     H   15       -0.000000        0.000000        0.000000
     H   15        0.000000        0.000000        0.000000
     H   15        0.000000        0.000000        0.000000

     C   16       -0.006750       -0.031815        0.013411
     C   16       -0.031815       -0.015945        0.067315
     C   16        0.013411        0.067315        0.022696

     C   17       -0.149114       -0.012740       -0.038818
     C   17       -0.012740        0.110375        0.152904
     C   17       -0.038818        0.152904        0.038739

     Cl  18        0.596670       -3.029898       -0.481666
     Cl  18       -3.029898        1.463093        1.009567
     Cl  18       -0.481666        1.009567       -2.059764

     H   19       -0.000000        0.000000        0.000000
     H   19        0.000000        0.000000        0.000000
     H   19        0.000000        0.000000        0.000000

     C   20       -0.077652        0.094367       -0.042508
     C   20        0.094367        0.219415        0.042580
     C   20       -0.042508        0.042580       -0.141764

     H   21       -0.000000        0.000000        0.000000
     H   21        0.000000        0.000000        0.000000
     H   21        0.000000        0.000000        0.000000

     C   22       -0.193840        0.043736       -0.040626
     C   22        0.043736        0.258375       -0.045979
     C   22       -0.040626       -0.045979       -0.064536

     C   23       -0.037497        0.011439       -0.013929
     C   23        0.011439        0.188215       -0.022988
     C   23       -0.013929       -0.022988       -0.150717

     Cl  24       -0.547946       -0.565237        0.100943
     Cl  24       -0.565237        2.607983       -0.568085
     Cl  24        0.100943       -0.568085       -2.060037

     ----- total EFG -----
     Cl   1       -0.664951        0.393776       -0.316900
     Cl   1        0.393776        1.142304       -0.881754
     Cl   1       -0.316900       -0.881754       -0.477354

     C    2        0.446709        0.046682       -0.072975
     C    2        0.046682        0.189362       -0.193619
     C    2       -0.072975       -0.193619       -0.636072

     C    3       -0.121865       -0.076607        0.111086
     C    3       -0.076607        0.237728        0.504382
     C    3        0.111086        0.504382       -0.115862

     H    4        0.542507        0.190677        0.410496
     H    4        0.190677       -0.436217        0.356060
     H    4        0.410496        0.356060       -0.106289

     C    5        0.504280       -0.114412       -0.053687
     C    5       -0.114412        0.090984       -0.068316
     C    5       -0.053687       -0.068316       -0.595263

     H    6       -0.157725       -0.048156        0.093731
     H    6       -0.048156        0.321078        0.581148
     H    6        0.093731        0.581148       -0.163353

     H    7       -0.135549        0.087852        0.230270
     H    7        0.087852        0.608859       -0.267854
     H    7        0.230270       -0.267854       -0.473310

     C    8       -0.223967        0.067038        0.132720
     C    8        0.067038        0.169613       -0.446815
     C    8        0.132720       -0.446815        0.054354

     H    9        0.489749       -0.216344        0.347519
     H    9       -0.216344       -0.301125       -0.518745
     H    9        0.347519       -0.518745       -0.188623

     C   10        0.244069        0.112870        0.054099
     C   10        0.112870        0.112963        0.187008
     C   10        0.054099        0.187008       -0.357032

     C   11       -0.593594       -0.246548       -0.088906
     C   11       -0.246548        0.611280       -0.150561
     C   11       -0.088906       -0.150561       -0.017685

     Cl  12        0.183180        1.984986       -0.254836
     Cl  12        1.984986        2.576406        0.880371
     Cl  12       -0.254836        0.880371       -2.759587

     H   13       -0.103474       -0.041243        0.165226
     H   13       -0.041243        0.278179        0.338936
     H   13        0.165226        0.338936       -0.174705

     C   14       -0.567135        0.323026       -0.377476
     C   14        0.323026        0.501290        0.346091
     C   14       -0.377476        0.346091        0.065845

     H   15        0.176496        0.258190        0.680552
     H   15        0.258190        0.155384        0.246978
     H   15        0.680552        0.246978       -0.331880

     C   16        0.455892       -0.148281        0.163147
     C   16       -0.148281       -0.156984        0.035465
     C   16        0.163147        0.035465       -0.298907

     C   17       -0.643854        0.412909       -0.217682
     C   17        0.412909        0.620641        0.374206
     C   17       -0.217682        0.374206        0.023212

     Cl  18        0.748384       -3.330115       -0.472976
     Cl  18       -3.330115        1.536947        1.066124
     Cl  18       -0.472976        1.066124       -2.285331

     H   19       -0.064616       -0.089422        0.052776
     H   19       -0.089422        0.031421       -0.513889
     H   19        0.052776       -0.513889        0.033195

     C   20        0.144115        0.412899       -0.056295
     C   20        0.412899        0.270896        0.208509
     C   20       -0.056295        0.208509       -0.415010

     H   21        0.383365       -0.162790        0.441319
     H   21       -0.162790       -0.582442        0.166684
     H   21        0.441319        0.166684        0.199077

     C   22       -0.859351       -0.028480       -0.078211
     C   22       -0.028480        0.707692       -0.384674
     C   22       -0.078211       -0.384674        0.151659

     C   23        0.207247        0.199404        0.085230
     C   23        0.199404        0.112506        0.137838
     C   23        0.085230        0.137838       -0.319752

     Cl  24       -0.596726       -0.680875        0.118986
     Cl  24       -0.680875        2.713776       -0.581077
     Cl  24        0.118986       -0.581077       -2.117050

     ----- total EFG (symmetrized) -----
     Cl   1       -0.664951        0.393776       -0.316900
     Cl   1        0.393776        1.142304       -0.881754
     Cl   1       -0.316900       -0.881754       -0.477354

     C    2        0.446709        0.046682       -0.072975
     C    2        0.046682        0.189362       -0.193619
     C    2       -0.072975       -0.193619       -0.636072

     C    3       -0.121865       -0.076607        0.111086
     C    3       -0.076607        0.237728        0.504382
     C    3        0.111086        0.504382       -0.115862

     H    4        0.542507        0.190677        0.410496
     H    4        0.190677       -0.436217        0.356060
     H    4        0.410496        0.356060       -0.106289

     C    5        0.504280       -0.114412       -0.053687
     C    5       -0.114412        0.090984       -0.068316
     C    5       -0.053687       -0.068316       -0.595263

     H    6       -0.157725       -0.048156        0.093731
     H    6       -0.048156        0.321078        0.581148
     H    6        0.093731        0.581148       -0.163353

     H    7       -0.135549        0.087852        0.230270
     H    7        0.087852        0.608859       -0.267854
     H    7        0.230270       -0.267854       -0.473310

     C    8       -0.223967        0.067038        0.132720
     C    8        0.067038        0.169613       -0.446815
     C    8        0.132720       -0.446815        0.054354

     H    9        0.489749       -0.216344        0.347519
     H    9       -0.216344       -0.301125       -0.518745
     H    9        0.347519       -0.518745       -0.188623

     C   10        0.244069        0.112870        0.054099
     C   10        0.112870        0.112963        0.187008
     C   10        0.054099        0.187008       -0.357032

     C   11       -0.593594       -0.246548       -0.088906
     C   11       -0.246548        0.611280       -0.150561
     C   11       -0.088906       -0.150561       -0.017685

     Cl  12        0.183180        1.984986       -0.254836
     Cl  12        1.984986        2.576406        0.880371
     Cl  12       -0.254836        0.880371       -2.759587

     H   13       -0.103474       -0.041243        0.165226
     H   13       -0.041243        0.278179        0.338936
     H   13        0.165226        0.338936       -0.174705

     C   14       -0.567135        0.323026       -0.377476
     C   14        0.323026        0.501290        0.346091
     C   14       -0.377476        0.346091        0.065845

     H   15        0.176496        0.258190        0.680552
     H   15        0.258190        0.155384        0.246978
     H   15        0.680552        0.246978       -0.331880

     C   16        0.455892       -0.148281        0.163147
     C   16       -0.148281       -0.156984        0.035465
     C   16        0.163147        0.035465       -0.298907

     C   17       -0.643854        0.412909       -0.217682
     C   17        0.412909        0.620641        0.374206
     C   17       -0.217682        0.374206        0.023212

     Cl  18        0.748384       -3.330115       -0.472976
     Cl  18       -3.330115        1.536947        1.066124
     Cl  18       -0.472976        1.066124       -2.285331

     H   19       -0.064616       -0.089422        0.052776
     H   19       -0.089422        0.031421       -0.513889
     H   19        0.052776       -0.513889        0.033195

     C   20        0.144115        0.412899       -0.056295
     C   20        0.412899        0.270896        0.208509
     C   20       -0.056295        0.208509       -0.415010

     H   21        0.383365       -0.162790        0.441319
     H   21       -0.162790       -0.582442        0.166684
     H   21        0.441319        0.166684        0.199077

     C   22       -0.859351       -0.028480       -0.078211
     C   22       -0.028480        0.707692       -0.384674
     C   22       -0.078211       -0.384674        0.151659

     C   23        0.207247        0.199404        0.085230
     C   23        0.199404        0.112506        0.137838
     C   23        0.085230        0.137838       -0.319752

     Cl  24       -0.596726       -0.680875        0.118986
     Cl  24       -0.680875        2.713776       -0.581077
     Cl  24        0.118986       -0.581077       -2.117050


     NQR/NMR SPECTROSCOPIC PARAMETERS:
     Cl   1    Vxx=   -0.6792    axis=(  0.802431 -0.391490 -0.450378)
     Cl   1    Vyy=   -0.9544    axis=(  0.559224  0.229933  0.796492)
     Cl   1    Vzz=    1.6336    axis=(  0.208262  0.890992 -0.403436)
     Cl   1  Q=        -8.1650 1e-30 m^2  Cq=       -31.3398 MHz  eta= 0.16846

     C    2    Vxx=    0.2164    axis=( -0.253462  0.947782 -0.193564)
     C    2    Vyy=    0.4661    axis=(  0.965826  0.236735 -0.105532)
     C    2    Vzz=   -0.6825    axis=(  0.054198  0.213698  0.975395)
     C    2  Q=         1.0000 1e-30 m^2  Cq=        -1.6037 MHz  eta= 0.36584

     C    3    Vxx=   -0.0761    axis=(  0.946924 -0.187977  0.260768)
     C    3    Vyy=   -0.5193    axis=(  0.321448  0.547336 -0.772719)
     C    3    Vzz=    0.5954    axis=(  0.002526  0.815529  0.578710)
     C    3  Q=         1.0000 1e-30 m^2  Cq=         1.3990 MHz  eta= 0.74449

     H    4    Vxx=   -0.1617    axis=(  0.532271 -0.508324 -0.676974)
     H    4    Vyy=   -0.6675    axis=(  0.062984  0.821225 -0.567117)
     H    4    Vzz=    0.8292    axis=( -0.844228 -0.259221 -0.469131)
     H    4  Q=         1.0000 1e-30 m^2  Cq=         1.9482 MHz  eta= 0.61001

     C    5    Vxx=    0.0709    axis=(  0.239755  0.963618 -0.118144)
     C    5    Vyy=    0.5349    axis=(  0.969037 -0.244932 -0.031226)
     C    5    Vzz=   -0.6058    axis=(  0.059027  0.106999  0.992505)
     C    5  Q=         1.0000 1e-30 m^2  Cq=        -1.4234 MHz  eta= 0.76596

     H    6    Vxx=   -0.1317    axis=(  0.970078 -0.145902  0.194065)
     H    6    Vyy=   -0.5769    axis=(  0.242395  0.536244 -0.808509)
     H    6    Vzz=    0.7086    axis=(  0.013897  0.831357  0.555565)
     H    6  Q=         1.0000 1e-30 m^2  Cq=         1.6650 MHz  eta= 0.62821

     H    7    Vxx=   -0.0212    axis=( -0.902621 -0.055597 -0.426831)
     H    7    Vyy=   -0.6517    axis=( -0.428230  0.216280  0.877407)
     H    7    Vzz=    0.6730    axis=(  0.043534  0.974747 -0.219027)
     H    7  Q=         1.0000 1e-30 m^2  Cq=         1.5812 MHz  eta= 0.93685

     C    8    Vxx=   -0.1277    axis=(  0.825052  0.405443  0.393580)
     C    8    Vyy=   -0.4366    axis=(  0.562957 -0.529799 -0.634344)
     C    8    Vzz=    0.5643    axis=(  0.048672 -0.744936  0.665358)
     C    8  Q=         1.0000 1e-30 m^2  Cq=         1.3259 MHz  eta= 0.54738

     H    9    Vxx=   -0.0311    axis=(  0.606036  0.573429 -0.551272)
     H    9    Vyy=   -0.7712    axis=( -0.064135  0.726011  0.684685)
     H    9    Vzz=    0.8023    axis=(  0.792848 -0.379588  0.476766)
     H    9  Q=         1.0000 1e-30 m^2  Cq=         1.8851 MHz  eta= 0.92255

     C   10    Vxx=    0.0827    axis=(  0.609430 -0.753828 -0.245638)
     C   10    Vyy=    0.3400    axis=(  0.792545  0.570788  0.214647)
     C   10    Vzz=   -0.4227    axis=( -0.021600 -0.325492  0.945298)
     C   10  Q=         1.0000 1e-30 m^2  Cq=        -0.9931 MHz  eta= 0.60890

     C   11    Vxx=   -0.0210    axis=( -0.213202  0.146880  0.965904)
     C   11    Vyy=   -0.6635    axis=(  0.961446  0.207296  0.180695)
     C   11    Vzz=    0.6844    axis=( -0.173687  0.967189 -0.185413)
     C   11  Q=         1.0000 1e-30 m^2  Cq=         1.6081 MHz  eta= 0.93876

     Cl  12    Vxx=   -0.7354    axis=(  0.852067 -0.432213 -0.295253)
     Cl  12    Vyy=   -3.0261    axis=(  0.214908 -0.225464  0.950253)
     Cl  12    Vzz=    3.7615    axis=( -0.477281 -0.873131 -0.099224)
     Cl  12  Q=        -8.1650 1e-30 m^2  Cq=       -72.1626 MHz  eta= 0.60898

     H   13    Vxx=   -0.0247    axis=(  0.892282 -0.277253  0.356318)
     H   13    Vyy=   -0.4379    axis=(  0.444743  0.403972 -0.799381)
     H   13    Vzz=    0.4626    axis=(  0.077688  0.871744  0.483764)
     H   13  Q=         1.0000 1e-30 m^2  Cq=         1.0869 MHz  eta= 0.89330

     C   14    Vxx=    0.1825    axis=( -0.531630 -0.314882  0.786269)
     C   14    Vyy=    0.7027    axis=(  0.101202  0.898057  0.428078)
     C   14    Vzz=   -0.8851    axis=( -0.840909  0.307152 -0.445567)
     C   14  Q=         1.0000 1e-30 m^2  Cq=        -2.0797 MHz  eta= 0.58770

     H   15    Vxx=   -0.0254    axis=(  0.416322 -0.884171  0.211939)
     H   15    Vyy=   -0.8077    axis=(  0.556313  0.063338 -0.828555)
     H   15    Vzz=    0.8331    axis=(  0.719161  0.462850  0.518245)
     H   15  Q=         1.0000 1e-30 m^2  Cq=         1.9574 MHz  eta= 0.93905

     C   16    Vxx=   -0.1617    axis=( -0.119939 -0.917303 -0.379696)
     C   16    Vyy=   -0.3564    axis=(  0.244798  0.343322 -0.906755)
     C   16    Vzz=    0.5181    axis=(  0.962127 -0.201704  0.183376)
     C   16  Q=         1.0000 1e-30 m^2  Cq=         1.2173 MHz  eta= 0.37579

     C   17    Vxx=    0.0261    axis=( -0.432988 -0.245227  0.867401)
     C   17    Vyy=    0.8573    axis=( -0.199159 -0.912475 -0.357385)
     C   17    Vzz=   -0.8834    axis=(  0.879123 -0.327494  0.346252)
     C   17  Q=         1.0000 1e-30 m^2  Cq=        -2.0757 MHz  eta= 0.94095

     Cl  18    Vxx=   -1.9649    axis=(  0.676186  0.470405  0.567003)
     Cl  18    Vyy=   -2.7090    axis=(  0.347217  0.475307 -0.808408)
     Cl  18    Vzz=    4.6739    axis=( -0.649779  0.743507  0.158063)
     Cl  18  Q=        -8.1650 1e-30 m^2  Cq=       -89.6666 MHz  eta= 0.15921

     H   19    Vxx=   -0.0791    axis=(  0.985320  0.066868 -0.157076)
     H   19    Vyy=   -0.4832    axis=(  0.063470  0.710655  0.700672)
     H   19    Vzz=    0.5623    axis=( -0.158479  0.700356 -0.695979)
     H   19  Q=         1.0000 1e-30 m^2  Cq=         1.3213 MHz  eta= 0.71868

     C   20    Vxx=   -0.1117    axis=( -0.714014  0.508035  0.481751)
     C   20    Vyy=   -0.5281    axis=(  0.310440 -0.387017  0.868242)
     C   20    Vzz=    0.6398    axis=(  0.627543  0.769492  0.118621)
     C   20  Q=         1.0000 1e-30 m^2  Cq=         1.5032 MHz  eta= 0.65085

     H   21    Vxx=   -0.0572    axis=( -0.568691  0.403707  0.716667)
     H   21    Vyy=   -0.6852    axis=(  0.265243  0.914735 -0.304805)
     H   21    Vzz=    0.7424    axis=( -0.778612  0.016751 -0.627282)
     H   21  Q=         1.0000 1e-30 m^2  Cq=         1.7444 MHz  eta= 0.84584

     C   22    Vxx=   -0.0367    axis=( -0.099890  0.453794  0.885490)
     C   22    Vyy=   -0.8677    axis=( -0.994981 -0.040345 -0.091565)
     C   22    Vzz=    0.9044    axis=( -0.005826 -0.890193  0.455547)
     C   22  Q=         1.0000 1e-30 m^2  Cq=         2.1249 MHz  eta= 0.91894

     C   23    Vxx=   -0.0361    axis=(  0.658491 -0.735481 -0.159554)
     C   23    Vyy=   -0.3614    axis=( -0.054191 -0.257795  0.964679)
     C   23    Vzz=    0.3975    axis=( -0.750635 -0.626586 -0.209612)
     C   23  Q=         1.0000 1e-30 m^2  Cq=         0.9340 MHz  eta= 0.81825

     Cl  24    Vxx=   -0.7313    axis=(  0.980932  0.194332  0.002739)
     Cl  24    Vyy=   -2.1869    axis=( -0.025402  0.114226  0.993130)
     Cl  24    Vzz=    2.9182    axis=(  0.192684 -0.974263  0.116985)
     Cl  24  Q=        -8.1650 1e-30 m^2  Cq=       -55.9844 MHz  eta= 0.49881

     Initialization:
     gipaw_setup  :      9.04s CPU     11.10s WALL (       1 calls)

     Linear response

     Apply operators

     Induced current

     Other routines
     efg          :      9.37s CPU     12.12s WALL (       1 calls)

     General routines
     calbec       :      3.29s CPU      4.44s WALL (      16 calls)
     fft          :      1.48s CPU      2.06s WALL (      15 calls)
     ffts         :      0.03s CPU      0.04s WALL (       2 calls)
     fftw         :      3.30s CPU      4.26s WALL (     672 calls)
     davcio       :      0.03s CPU      0.35s WALL (      32 calls)

     Parallel routines
     fft_scatter  :      2.11s CPU      3.48s WALL (     689 calls)

     Plugins

     GIPAW        :     61.00s CPU     72.98s WALL (       1 calls)
