
     Program QE v.6.0 (svn rev. 13079) starts on 17Jan2017 at  9:50:49 

     This program is part of the open-source Quantum ESPRESSO suite
     for quantum simulation of materials; please cite
         "P. Giannozzi et al., J. Phys.:Condens. Matter 21 395502 (2009);
          URL http://www.quantum-espresso.org", 
     in publications or presentations arising from this work. More details at
     http://www.quantum-espresso.org/quote

     Parallel version (MPI), running on     8 processors
     R & G space division:  proc/nbgrp/npool/nimage =       8

     ***** This is GIPAW svn revision unknown      *****

     Parallelizing q-star over 1 images

     Reading data from directory:
     /users/majewski/paradichlorobenzene/pbe/9_constraint/scratch/pbe.ecut100.np8.dt60.pcl2phi-129368.save
     Message from routine read_xml_file:
     file /users/majewski/paradichlorobenzene/pbe/9_constraint/scratch/pbe.ecut100.np8.dt60.pcl2phi-129368.save not guaranteed to be safe for post-processing

   Info: using nr1, nr2, nr3 values from input

   Info: using nr1, nr2, nr3 values from input

     IMPORTANT: XC functional enforced from input :
     Exchange-correlation      =  SLA  PW   PBX  PBC ( 1  4  3  4 0 0)
     Any further DFT definition will be discarded
     Please, verify this is what you really want

               file C.pbe-n-kjpaw_psl.1.0.0.UPF: wavefunction(s)  2S 2P renormalized
               file Cl.pbe-n-kjpaw_psl.1.0.0.UPF: wavefunction(s)  3S 3P renormalized
               file H.pbe-kjpaw_psl.1.0.0.UPF: wavefunction(s)  1S renormalized

     Parallelization info
     --------------------
     sticks:   dense  smooth     PW     G-vecs:    dense   smooth      PW
     Min        3057    1223    332               144436    36536    5170
     Max        3059    1225    333               144437    36537    5171
     Sum       24467    9791   2657              1155489   292295   41363


     Subspace diagonalization in iterative solution of the eigenvalue problem:
     a serial algorithm will be used

     GIPAW projectors -----------------------------------------------
     atom=  C    l=0  rc=    1.2000  rs=    0.8000
     atom=  C    l=0  rc=    1.2000  rs=    0.8000
     atom=  C    l=1  rc=    1.4000  rs=    0.9333
     atom=  C    l=1  rc=    1.4000  rs=    0.9333
     projs nearly linearly dependent: l=1  n1,n2= 1, 2  s=  0.99951561

     atom=  Cl   l=0  rc=    1.6000  rs=    1.0667
     atom=  Cl   l=0  rc=    1.6000  rs=    1.0667
     atom=  Cl   l=1  rc=    1.6000  rs=    1.0667
     atom=  Cl   l=1  rc=    1.6000  rs=    1.0667
     atom=  Cl   l=2  rc=    1.6000  rs=    1.0667
     atom=  Cl   l=2  rc=    1.6000  rs=    1.0667
     projs nearly linearly dependent: l=2  n1,n2= 1, 2  s=  0.99993509

     atom=  H    l=0  rc=    1.0000  rs=    0.6667
     atom=  H    l=0  rc=    1.0000  rs=    0.6667
     projs nearly linearly dependent: l=0  n1,n2= 1, 2  s=  0.99968852
     -----------------------------------------------------------------

     GIPAW integrals: -------------------------------------------
     Atom  i/j   nmr_para   nmr_dia   epr_rmc  epr_para   epr_dia
       C   1 1   0.83E+03  0.17E-01  0.93E+01  0.24E+08  0.24E+03
       C   2 1   0.86E+03 -0.61E-01  0.94E+01  0.25E+08  0.25E+03
       C   2 2   0.90E+03 -0.15E+00  0.97E+01  0.26E+08  0.26E+03
       C   3 3   0.33E+01  0.34E+00  0.18E+01  0.55E+03  0.21E+02
       C   4 3   0.35E+01  0.37E+00  0.20E+01  0.59E+03  0.22E+02
       C   4 4   0.38E+01  0.39E+00  0.22E+01  0.63E+03  0.24E+02
       Cl  1 1   0.14E+04 -0.47E+00  0.84E+01  0.32E+09  0.42E+03
       Cl  2 1   0.21E+04 -0.37E+00  0.12E+02  0.49E+09  0.65E+03
       Cl  2 2   0.33E+04 -0.16E+00  0.21E+02  0.76E+09  0.10E+04
       Cl  3 3   0.21E+02  0.79E-01  0.89E+01  0.23E+05  0.13E+03
       Cl  4 3   0.24E+02  0.67E-01  0.99E+01  0.27E+05  0.15E+03
       Cl  4 4   0.28E+02  0.44E-01  0.11E+02  0.32E+05  0.18E+03
       Cl  5 5   0.77E+00  0.19E+00  0.18E+01  0.12E+03  0.22E+02
       Cl  6 5   0.80E+00  0.19E+00  0.19E+01  0.12E+03  0.23E+02
       Cl  6 6   0.83E+00  0.20E+00  0.19E+01  0.12E+03  0.23E+02
       H   1 1   0.39E+02  0.19E+00  0.29E+00  0.78E+05  0.13E+02
       H   2 1   0.41E+02  0.21E+00  0.32E+00  0.82E+05  0.14E+02
       H   2 2   0.43E+02  0.22E+00  0.36E+00  0.86E+05  0.15E+02
     ------------------------------------------------------------

     alpha_pv=     34.0542 eV

     Number of occupied bands for each k-point:
     k-point:     1    nbnd_occ=  42
     k-point:     2    nbnd_occ=  42
     k-point:     3    nbnd_occ=  42
     k-point:     4    nbnd_occ=  42
     k-point:     5    nbnd_occ=  42
     k-point:     6    nbnd_occ=  42
     k-point:     7    nbnd_occ=  42
     k-point:     8    nbnd_occ=  42
     k-point:     9    nbnd_occ=  42
     k-point:    10    nbnd_occ=  42
     k-point:    11    nbnd_occ=  42
     k-point:    12    nbnd_occ=  42
     k-point:    13    nbnd_occ=  42
     k-point:    14    nbnd_occ=  42
     k-point:    15    nbnd_occ=  42
     k-point:    16    nbnd_occ=  42


     q-space interpolation up to   110.00 Rydberg

     GIPAW job: efg                                                                             


     ELECTRIC FIELD GRADIENTS TENSORS IN Hartree/bohrradius^2:

     ----- bare term -----
     Cl   1       -0.058719        0.251196       -0.044721
     Cl   1        0.251196       -0.182358       -0.217056
     Cl   1       -0.044721       -0.217056        0.241077

     C    2        0.098458       -0.077399       -0.289129
     C    2       -0.077399       -0.037362       -0.629225
     C    2       -0.289129       -0.629225       -0.061096

     C    3       -0.571146        0.344774       -0.064960
     C    3        0.344774        0.030303       -0.096245
     C    3       -0.064960       -0.096245        0.540843

     H    4        0.011110       -0.192826       -0.285372
     H    4       -0.192826       -0.394283       -0.286886
     H    4       -0.285372       -0.286886        0.383173

     C    5       -0.009146       -0.199190       -0.448104
     C    5       -0.199190       -0.127941       -0.426550
     C    5       -0.448104       -0.426550        0.137087

     H    6        0.407919        0.130955        0.040096
     H    6        0.130955       -0.661732       -0.443322
     H    6        0.040096       -0.443322        0.253814

     H    7        0.342813        0.096955        0.273275
     H    7        0.096955       -0.098262        0.344433
     H    7        0.273275        0.344433       -0.244550

     C    8       -0.631091       -0.357849       -0.406523
     C    8       -0.357849        0.410209        0.115390
     C    8       -0.406523        0.115390        0.220882

     H    9       -0.086544        0.082854       -0.514574
     H    9        0.082854        0.160114       -0.143218
     H    9       -0.514574       -0.143218       -0.073570

     C   10        0.140047       -0.289067       -0.040597
     C   10       -0.289067       -0.140188        0.500717
     C   10       -0.040597        0.500717        0.000142

     C   11       -0.370416       -0.335553       -0.446425
     C   11       -0.335553        0.170072        0.308474
     C   11       -0.446425        0.308474        0.200344

     Cl  12        0.005655       -0.035638       -0.078441
     Cl  12       -0.035638       -0.023773        0.024976
     Cl  12       -0.078441        0.024976        0.018119

     H   13        0.476623       -0.070369        0.133042
     H   13       -0.070369       -0.222038       -0.352641
     H   13        0.133042       -0.352641       -0.254585

     C   14       -0.766092        0.357972       -0.265478
     C   14        0.357972        0.449291       -0.201650
     C   14       -0.265478       -0.201650        0.316801

     H   15       -0.301934       -0.073374       -0.562081
     H   15       -0.073374        0.296174       -0.052577
     H   15       -0.562081       -0.052577        0.005760

     C   16       -0.012319       -0.045974       -0.257233
     C   16       -0.045974       -0.038060       -0.666584
     C   16       -0.257233       -0.666584        0.050378

     C   17       -0.433146        0.351815       -0.198776
     C   17        0.351815        0.038121       -0.284377
     C   17       -0.198776       -0.284377        0.395024

     Cl  18        0.120774       -0.166960       -0.062918
     Cl  18       -0.166960       -0.008568        0.017290
     Cl  18       -0.062918        0.017290       -0.112206

     H   19        0.452342       -0.003278       -0.022310
     H   19       -0.003278       -0.814349        0.127683
     H   19       -0.022310        0.127683        0.362007

     C   20       -0.084073       -0.030231       -0.215313
     C   20       -0.030231        0.027088        0.454514
     C   20       -0.215313        0.454514        0.056985

     H   21        0.068649        0.207565       -0.342953
     H   21        0.207565       -0.108973        0.501280
     H   21       -0.342953        0.501280        0.040325

     C   22       -0.787151       -0.362781       -0.358248
     C   22       -0.362781        0.337379        0.028978
     C   22       -0.358248        0.028978        0.449772

     C   23        0.081402       -0.218302       -0.067410
     C   23       -0.218302       -0.191532        0.487191
     C   23       -0.067410        0.487191        0.110130

     Cl  24       -0.190849       -0.278918        0.013944
     Cl  24       -0.278918        0.159723       -0.057668
     Cl  24        0.013944       -0.057668        0.031127

     ----- ionic term -----
     Cl   1        0.159550       -0.172329        0.067636
     Cl   1       -0.172329       -0.019333       -0.033488
     Cl   1        0.067636       -0.033488       -0.140218

     C    2        0.214892       -0.163105        0.334342
     C    2       -0.163105        0.068120        0.337476
     C    2        0.334342        0.337476       -0.283011

     C    3        0.182594       -0.249737        0.171810
     C    3       -0.249737        0.154976        0.374086
     C    3        0.171810        0.374086       -0.337570

     H    4        0.487801        0.342996        0.701339
     H    4        0.342996       -0.357358        0.305096
     H    4        0.701339        0.305096       -0.130443

     C    5        0.295662       -0.090921        0.244531
     C    5       -0.090921        0.019859        0.343817
     C    5        0.244531        0.343817       -0.315521

     H    6       -0.490798        0.121360        0.097922
     H    6        0.121360        0.478863        0.763657
     H    6        0.097922        0.763657        0.011935

     H    7       -0.517634        0.010954        0.008663
     H    7        0.010954        0.538911       -0.750553
     H    7        0.008663       -0.750553       -0.021276

     C    8        0.193704        0.241056        0.294791
     C    8        0.241056        0.024103       -0.292351
     C    8        0.294791       -0.292351       -0.217808

     H    9        0.565428       -0.383197        0.659530
     H    9       -0.383197       -0.346417       -0.297929
     H    9        0.659530       -0.297929       -0.219010

     C   10        0.093810        0.230878        0.211645
     C   10        0.230878        0.202085       -0.427120
     C   10        0.211645       -0.427120       -0.295895

     C   11        0.100152        0.160286        0.330170
     C   11        0.160286        0.137623       -0.458140
     C   11        0.330170       -0.458140       -0.237775

     Cl  12        0.146513        0.226267        0.036935
     Cl  12        0.226267       -0.004829        0.011339
     Cl  12        0.036935        0.011339       -0.141684

     H   13       -0.530416       -0.051076       -0.021888
     H   13       -0.051076        0.590396        0.746405
     H   13       -0.021888        0.746405       -0.059980

     C   14        0.272100       -0.174935        0.239325
     C   14       -0.174935       -0.007806        0.342185
     C   14        0.239325        0.342185       -0.264294

     H   15        0.428826        0.422278        0.655440
     H   15        0.422278       -0.319467        0.361692
     H   15        0.655440        0.361692       -0.109359

     C   16        0.127602       -0.228555        0.128119
     C   16       -0.228555        0.151854        0.465658
     C   16        0.128119        0.465658       -0.279456

     C   17        0.197922       -0.168530        0.178475
     C   17       -0.168530        0.116617        0.475998
     C   17        0.178475        0.475998       -0.314538

     Cl  18        0.181772       -0.241244       -0.001994
     Cl  18       -0.241244       -0.033735        0.005943
     Cl  18       -0.001994        0.005943       -0.148036

     H   19       -0.522628        0.025471        0.012025
     H   19        0.025471        0.758428       -0.648722
     H   19        0.012025       -0.648722       -0.235800

     C   20        0.228172        0.213657        0.364602
     C   20        0.213657        0.085142       -0.257719
     C   20        0.364602       -0.257719       -0.313314

     H   21        0.408116       -0.341023        0.727441
     H   21       -0.341023       -0.410731       -0.310167
     H   21        0.727441       -0.310167        0.002615

     C   22        0.116084        0.280263        0.259665
     C   22        0.280263        0.150939       -0.321661
     C   22        0.259665       -0.321661       -0.267023

     C   23        0.136714        0.253527        0.254231
     C   23        0.253527        0.091084       -0.378167
     C   23        0.254231       -0.378167       -0.227798

     Cl  24        0.133017        0.202467        0.002351
     Cl  24        0.202467        0.020983       -0.000917
     Cl  24        0.002351       -0.000917       -0.154001

     ----- GIPAW term -----
     Cl   1       -0.794061        0.255734        0.299512
     Cl   1        0.255734        1.086339        1.381736
     Cl   1        0.299512        1.381736       -0.292278

     C    2       -0.053167       -0.053093       -0.032161
     C    2       -0.053093        0.227390       -0.029142
     C    2       -0.032161       -0.029142       -0.174222

     C    3       -0.063475       -0.086775        0.015079
     C    3       -0.086775        0.092946        0.001484
     C    3        0.015079        0.001484       -0.029471

     H    4       -0.000000        0.000000        0.000000
     H    4        0.000000        0.000000        0.000000
     H    4        0.000000        0.000000        0.000000

     C    5       -0.014972       -0.083980       -0.048976
     C    5       -0.083980        0.086544       -0.034272
     C    5       -0.048976       -0.034272       -0.071572

     H    6       -0.000000        0.000000        0.000000
     H    6        0.000000        0.000000        0.000000
     H    6        0.000000        0.000000        0.000000

     H    7       -0.000000        0.000000        0.000000
     H    7        0.000000        0.000000        0.000000
     H    7        0.000000        0.000000        0.000000

     C    8       -0.102899       -0.155458       -0.060364
     C    8       -0.155458        0.182911        0.033890
     C    8       -0.060364        0.033890       -0.080012

     H    9       -0.000000        0.000000        0.000000
     H    9        0.000000        0.000000        0.000000
     H    9        0.000000        0.000000        0.000000

     C   10       -0.040089       -0.101960       -0.021106
     C   10       -0.101960        0.125454        0.110697
     C   10       -0.021106        0.110697       -0.085365

     C   11       -0.075133       -0.093492       -0.108067
     C   11       -0.093492        0.171666        0.143882
     C   11       -0.108067        0.143882       -0.096533

     Cl  12       -0.226082        0.653992       -0.883774
     Cl  12        0.653992        1.035710        2.098768
     Cl  12       -0.883774        2.098768       -0.809629

     H   13       -0.000000        0.000000        0.000000
     H   13        0.000000        0.000000        0.000000
     H   13        0.000000        0.000000        0.000000

     C   14       -0.211299        0.039598       -0.018511
     C   14        0.039598        0.277722       -0.085276
     C   14       -0.018511       -0.085276       -0.066423

     H   15       -0.000000        0.000000        0.000000
     H   15        0.000000        0.000000        0.000000
     H   15        0.000000        0.000000        0.000000

     C   16       -0.108028       -0.116405       -0.035823
     C   16       -0.116405        0.241977       -0.119255
     C   16       -0.035823       -0.119255       -0.133949

     C   17        0.013677       -0.206033       -0.009895
     C   17       -0.206033        0.111680       -0.033638
     C   17       -0.009895       -0.033638       -0.125356

     Cl  18        2.417779       -3.345910       -0.600402
     Cl  18       -3.345910       -0.146164        0.184986
     Cl  18       -0.600402        0.184986       -2.271615

     H   19       -0.000000        0.000000        0.000000
     H   19        0.000000        0.000000        0.000000
     H   19        0.000000        0.000000        0.000000

     C   20       -0.098932       -0.020629       -0.016489
     C   20       -0.020629        0.251143        0.094225
     C   20       -0.016489        0.094225       -0.152211

     H   21       -0.000000        0.000000        0.000000
     H   21        0.000000        0.000000        0.000000
     H   21        0.000000        0.000000        0.000000

     C   22       -0.219476       -0.019523       -0.057539
     C   22       -0.019523        0.229995       -0.134466
     C   22       -0.057539       -0.134466       -0.010518

     C   23       -0.036407       -0.067733        0.059074
     C   23       -0.067733        0.168736       -0.111775
     C   23        0.059074       -0.111775       -0.132328

     Cl  24       -0.318134       -0.220035        0.219535
     Cl  24       -0.220035        2.354451       -0.896597
     Cl  24        0.219535       -0.896597       -2.036316

     ----- total EFG -----
     Cl   1       -0.693229        0.334601        0.322427
     Cl   1        0.334601        0.884648        1.131191
     Cl   1        0.322427        1.131191       -0.191419

     C    2        0.260183       -0.293597        0.013053
     C    2       -0.293597        0.258147       -0.320890
     C    2        0.013053       -0.320890       -0.518330

     C    3       -0.452026        0.008262        0.121928
     C    3        0.008262        0.278224        0.279324
     C    3        0.121928        0.279324        0.173802

     H    4        0.498911        0.150170        0.415967
     H    4        0.150170       -0.751641        0.018210
     H    4        0.415967        0.018210        0.252730

     C    5        0.271543       -0.374092       -0.252549
     C    5       -0.374092       -0.021538       -0.117005
     C    5       -0.252549       -0.117005       -0.250005

     H    6       -0.082879        0.252315        0.138018
     H    6        0.252315       -0.182870        0.320335
     H    6        0.138018        0.320335        0.265749

     H    7       -0.174822        0.107909        0.281938
     H    7        0.107909        0.440648       -0.406120
     H    7        0.281938       -0.406120       -0.265826

     C    8       -0.540285       -0.272251       -0.172097
     C    8       -0.272251        0.617223       -0.143070
     C    8       -0.172097       -0.143070       -0.076938

     H    9        0.478884       -0.300343        0.144956
     H    9       -0.300343       -0.186303       -0.441147
     H    9        0.144956       -0.441147       -0.292580

     C   10        0.193768       -0.160149        0.149942
     C   10       -0.160149        0.187350        0.184293
     C   10        0.149942        0.184293       -0.381119

     C   11       -0.345397       -0.268760       -0.224323
     C   11       -0.268760        0.479361       -0.005784
     C   11       -0.224323       -0.005784       -0.133964

     Cl  12       -0.073914        0.844620       -0.925279
     Cl  12        0.844620        1.007107        2.135083
     Cl  12       -0.925279        2.135083       -0.933193

     H   13       -0.053792       -0.121444        0.111154
     H   13       -0.121444        0.368358        0.393764
     H   13        0.111154        0.393764       -0.314566

     C   14       -0.705290        0.222635       -0.044664
     C   14        0.222635        0.719207        0.055259
     C   14       -0.044664        0.055259       -0.013916

     H   15        0.126892        0.348904        0.093359
     H   15        0.348904       -0.023293        0.309116
     H   15        0.093359        0.309116       -0.103599

     C   16        0.007255       -0.390934       -0.164937
     C   16       -0.390934        0.355771       -0.320181
     C   16       -0.164937       -0.320181       -0.363027

     C   17       -0.221547       -0.022749       -0.030196
     C   17       -0.022749        0.266418        0.157983
     C   17       -0.030196        0.157983       -0.044871

     Cl  18        2.720324       -3.754114       -0.665314
     Cl  18       -3.754114       -0.188467        0.208219
     Cl  18       -0.665314        0.208219       -2.531858

     H   19       -0.070286        0.022192       -0.010284
     H   19        0.022192       -0.055921       -0.521038
     H   19       -0.010284       -0.521038        0.126207

     C   20        0.045167        0.162797        0.132800
     C   20        0.162797        0.363373        0.291020
     C   20        0.132800        0.291020       -0.408540

     H   21        0.476765       -0.133459        0.384488
     H   21       -0.133459       -0.519704        0.191113
     H   21        0.384488        0.191113        0.042939

     C   22       -0.890543       -0.102041       -0.156122
     C   22       -0.102041        0.718313       -0.427149
     C   22       -0.156122       -0.427149        0.172231

     C   23        0.181708       -0.032508        0.245895
     C   23       -0.032508        0.068288       -0.002751
     C   23        0.245895       -0.002751       -0.249996

     Cl  24       -0.375966       -0.296486        0.235830
     Cl  24       -0.296486        2.535157       -0.955182
     Cl  24        0.235830       -0.955182       -2.159191

     ----- total EFG (symmetrized) -----
     Cl   1       -0.693229        0.334601        0.322427
     Cl   1        0.334601        0.884648        1.131191
     Cl   1        0.322427        1.131191       -0.191419

     C    2        0.260183       -0.293597        0.013053
     C    2       -0.293597        0.258147       -0.320890
     C    2        0.013053       -0.320890       -0.518330

     C    3       -0.452026        0.008262        0.121928
     C    3        0.008262        0.278224        0.279324
     C    3        0.121928        0.279324        0.173802

     H    4        0.498911        0.150170        0.415967
     H    4        0.150170       -0.751641        0.018210
     H    4        0.415967        0.018210        0.252730

     C    5        0.271543       -0.374092       -0.252549
     C    5       -0.374092       -0.021538       -0.117005
     C    5       -0.252549       -0.117005       -0.250005

     H    6       -0.082879        0.252315        0.138018
     H    6        0.252315       -0.182870        0.320335
     H    6        0.138018        0.320335        0.265749

     H    7       -0.174822        0.107909        0.281938
     H    7        0.107909        0.440648       -0.406120
     H    7        0.281938       -0.406120       -0.265826

     C    8       -0.540285       -0.272251       -0.172097
     C    8       -0.272251        0.617223       -0.143070
     C    8       -0.172097       -0.143070       -0.076938

     H    9        0.478884       -0.300343        0.144956
     H    9       -0.300343       -0.186303       -0.441147
     H    9        0.144956       -0.441147       -0.292580

     C   10        0.193768       -0.160149        0.149942
     C   10       -0.160149        0.187350        0.184293
     C   10        0.149942        0.184293       -0.381119

     C   11       -0.345397       -0.268760       -0.224323
     C   11       -0.268760        0.479361       -0.005784
     C   11       -0.224323       -0.005784       -0.133964

     Cl  12       -0.073914        0.844620       -0.925279
     Cl  12        0.844620        1.007107        2.135083
     Cl  12       -0.925279        2.135083       -0.933193

     H   13       -0.053792       -0.121444        0.111154
     H   13       -0.121444        0.368358        0.393764
     H   13        0.111154        0.393764       -0.314566

     C   14       -0.705290        0.222635       -0.044664
     C   14        0.222635        0.719207        0.055259
     C   14       -0.044664        0.055259       -0.013916

     H   15        0.126892        0.348904        0.093359
     H   15        0.348904       -0.023293        0.309116
     H   15        0.093359        0.309116       -0.103599

     C   16        0.007255       -0.390934       -0.164937
     C   16       -0.390934        0.355771       -0.320181
     C   16       -0.164937       -0.320181       -0.363027

     C   17       -0.221547       -0.022749       -0.030196
     C   17       -0.022749        0.266418        0.157983
     C   17       -0.030196        0.157983       -0.044871

     Cl  18        2.720324       -3.754114       -0.665314
     Cl  18       -3.754114       -0.188467        0.208219
     Cl  18       -0.665314        0.208219       -2.531858

     H   19       -0.070286        0.022192       -0.010284
     H   19        0.022192       -0.055921       -0.521038
     H   19       -0.010284       -0.521038        0.126207

     C   20        0.045167        0.162797        0.132800
     C   20        0.162797        0.363373        0.291020
     C   20        0.132800        0.291020       -0.408540

     H   21        0.476765       -0.133459        0.384488
     H   21       -0.133459       -0.519704        0.191113
     H   21        0.384488        0.191113        0.042939

     C   22       -0.890543       -0.102041       -0.156122
     C   22       -0.102041        0.718313       -0.427149
     C   22       -0.156122       -0.427149        0.172231

     C   23        0.181708       -0.032508        0.245895
     C   23       -0.032508        0.068288       -0.002751
     C   23        0.245895       -0.002751       -0.249996

     Cl  24       -0.375966       -0.296486        0.235830
     Cl  24       -0.296486        2.535157       -0.955182
     Cl  24        0.235830       -0.955182       -2.159191


     NQR/NMR SPECTROSCOPIC PARAMETERS:
     Cl   1    Vxx=   -0.7316    axis=(  0.867842 -0.392697  0.304367)
     Cl   1    Vyy=   -0.9548    axis=( -0.459860 -0.402959  0.791298)
     Cl   1    Vzz=    1.6864    axis=(  0.188093  0.826688  0.530291)
     Cl   1  Q=        -8.1650 1e-30 m^2  Cq=       -32.3527 MHz  eta= 0.13241

     C    2    Vxx=    0.0373    axis=(  0.763988  0.566345 -0.309155)
     C    2    Vyy=    0.6057    axis=( -0.636650  0.739545 -0.218518)
     C    2    Vzz=   -0.6430    axis=(  0.104877  0.363768  0.925567)
     C    2  Q=         1.0000 1e-30 m^2  Cq=        -1.5107 MHz  eta= 0.88411

     C    3    Vxx=   -0.0397    axis=( -0.203720  0.649149 -0.732874)
     C    3    Vyy=   -0.4779    axis=( -0.975086 -0.067417  0.211333)
     C    3    Vzz=    0.5176    axis=(  0.087778  0.757668  0.646710)
     C    3  Q=         1.0000 1e-30 m^2  Cq=         1.2162 MHz  eta= 0.84653

     H    4    Vxx=   -0.0501    axis=( -0.582444 -0.103753  0.806222)
     H    4    Vyy=   -0.7705    axis=( -0.128597  0.991092  0.034640)
     H    4    Vzz=    0.8206    axis=( -0.802634 -0.083502 -0.590597)
     H    4  Q=         1.0000 1e-30 m^2  Cq=         1.9281 MHz  eta= 0.87784

     C    5    Vxx=   -0.0422    axis=( -0.253305 -0.678190  0.689851)
     C    5    Vyy=   -0.5122    axis=( -0.478884 -0.531695 -0.698548)
     C    5    Vzz=    0.5544    axis=( -0.840539  0.507305  0.190094)
     C    5  Q=         1.0000 1e-30 m^2  Cq=         1.3027 MHz  eta= 0.84761

     H    6    Vxx=   -0.0922    axis=(  0.792066  0.270273 -0.547342)
     H    6    Vyy=   -0.4381    axis=( -0.479509  0.830350 -0.283884)
     H    6    Vzz=    0.5303    axis=(  0.377760  0.487310  0.787291)
     H    6  Q=         1.0000 1e-30 m^2  Cq=         1.2459 MHz  eta= 0.65240

     H    7    Vxx=    0.0182    axis=(  0.841060  0.247536  0.480982)
     H    7    Vyy=    0.6261    axis=(  0.026058 -0.906665  0.421046)
     H    7    Vzz=   -0.6443    axis=(  0.540313 -0.341592 -0.769010)
     H    7  Q=         1.0000 1e-30 m^2  Cq=        -1.5139 MHz  eta= 0.94360

     C    8    Vxx=   -0.0232    axis=( -0.344717  0.062697  0.936610)
     C    8    Vyy=   -0.6690    axis=(  0.918144  0.230214  0.322510)
     C    8    Vzz=    0.6922    axis=( -0.195400  0.971118 -0.136924)
     C    8  Q=         1.0000 1e-30 m^2  Cq=         1.6263 MHz  eta= 0.93304

     H    9    Vxx=   -0.0034    axis=(  0.543004  0.577849 -0.609292)
     H    9    Vyy=   -0.6916    axis=(  0.085675  0.683671  0.724744)
     H    9    Vzz=    0.6950    axis=(  0.835348 -0.445740  0.321729)
     H    9  Q=         1.0000 1e-30 m^2  Cq=         1.6329 MHz  eta= 0.99026

     C   10    Vxx=    0.1378    axis=(  0.667171  0.619946  0.412978)
     C   10    Vyy=    0.3516    axis=(  0.693097 -0.719778 -0.039204)
     C   10    Vzz=   -0.4894    axis=( -0.272947 -0.312389  0.909897)
     C   10  Q=         1.0000 1e-30 m^2  Cq=        -1.1498 MHz  eta= 0.43695

     C   11    Vxx=   -0.0231    axis=( -0.427885 -0.218788  0.876953)
     C   11    Vyy=   -0.5414    axis=(  0.851767  0.226947  0.472216)
     C   11    Vzz=    0.5644    axis=( -0.302337  0.949014  0.089249)
     C   11  Q=         1.0000 1e-30 m^2  Cq=         1.3262 MHz  eta= 0.91826

     Cl  12    Vxx=    0.4555    axis=(  0.908510  0.136952 -0.394782)
     Cl  12    Vyy=    2.4024    axis=(  0.096668  0.850254  0.517420)
     Cl  12    Vzz=   -2.8579    axis=(  0.406527 -0.508244  0.759226)
     Cl  12  Q=        -8.1650 1e-30 m^2  Cq=        54.8275 MHz  eta= 0.68125

     H   13    Vxx=   -0.0134    axis=(  0.948120 -0.025260  0.316908)
     H   13    Vyy=   -0.5417    axis=(  0.298678  0.412256 -0.860718)
     H   13    Vzz=    0.5551    axis=( -0.108906  0.910718  0.398413)
     H   13  Q=         1.0000 1e-30 m^2  Cq=         1.3044 MHz  eta= 0.95171

     C   14    Vxx=   -0.0131    axis=( -0.080522 -0.050635  0.995466)
     C   14    Vyy=   -0.7431    axis=( -0.985636  0.152786 -0.071955)
     C   14    Vzz=    0.7562    axis=( -0.148449 -0.986961 -0.062211)
     C   14  Q=         1.0000 1e-30 m^2  Cq=         1.7767 MHz  eta= 0.96531

     H   15    Vxx=   -0.0914    axis=( -0.670094  0.230340  0.705632)
     H   15    Vyy=   -0.4375    axis=( -0.357439  0.733023 -0.578718)
     H   15    Vzz=    0.5288    axis=(  0.650546  0.640017  0.408862)
     H   15  Q=         1.0000 1e-30 m^2  Cq=         1.2425 MHz  eta= 0.65451

     C   16    Vxx=   -0.0069    axis=(  0.750226  0.279857 -0.599033)
     C   16    Vyy=   -0.6382    axis=(  0.459436  0.430884  0.776697)
     C   16    Vzz=    0.6451    axis=( -0.475477  0.857916 -0.194684)
     C   16  Q=         1.0000 1e-30 m^2  Cq=         1.5157 MHz  eta= 0.97868

     C   17    Vxx=   -0.1079    axis=( -0.162074 -0.392074  0.905544)
     C   17    Vyy=   -0.2266    axis=(  0.985031 -0.009696  0.172102)
     C   17    Vzz=    0.3345    axis=( -0.058696  0.919883  0.387777)
     C   17  Q=         1.0000 1e-30 m^2  Cq=         0.7859 MHz  eta= 0.35498

     Cl  18    Vxx=   -2.4533    axis=( -0.253398 -0.496362  0.830310)
     Cl  18    Vyy=   -2.8951    axis=( -0.507970 -0.662189 -0.550883)
     Cl  18    Vzz=    5.3483    axis=( -0.823259  0.561365  0.084340)
     Cl  18  Q=        -8.1650 1e-30 m^2  Cq=      -102.6052 MHz  eta= 0.08260

     H   19    Vxx=   -0.0708    axis=(  0.999092 -0.003670  0.042449)
     H   19    Vyy=   -0.4940    axis=( -0.024498  0.765660  0.642779)
     H   19    Vzz=    0.5649    axis=( -0.034860 -0.643235  0.764875)
     H   19  Q=         1.0000 1e-30 m^2  Cq=         1.3272 MHz  eta= 0.74930

     C   20    Vxx=   -0.0232    axis=(  0.917263 -0.397978  0.015552)
     C   20    Vyy=   -0.5165    axis=( -0.140727 -0.287323  0.947439)
     C   20    Vzz=    0.5397    axis=( -0.372592 -0.871240 -0.319557)
     C   20  Q=         1.0000 1e-30 m^2  Cq=         1.2682 MHz  eta= 0.91398

     H   21    Vxx=   -0.0634    axis=( -0.439805  0.453357  0.775267)
     H   21    Vyy=   -0.6382    axis=(  0.239527  0.891181 -0.385258)
     H   21    Vzz=    0.7016    axis=( -0.865562  0.016259 -0.500537)
     H   21  Q=         1.0000 1e-30 m^2  Cq=         1.6485 MHz  eta= 0.81922

     C   22    Vxx=   -0.0219    axis=( -0.209270  0.466948  0.859166)
     C   22    Vyy=   -0.9305    axis=( -0.977825 -0.107136 -0.179946)
     C   22    Vzz=    0.9523    axis=(  0.008022 -0.877771  0.479014)
     C   22  Q=         1.0000 1e-30 m^2  Cq=         2.2376 MHz  eta= 0.95402

     C   23    Vxx=    0.0644    axis=(  0.110924  0.990757  0.078078)
     C   23    Vyy=    0.2972    axis=( -0.903748  0.133241 -0.406800)
     C   23    Vzz=   -0.3616    axis=( -0.413443 -0.025439  0.910174)
     C   23  Q=         1.0000 1e-30 m^2  Cq=        -0.8497 MHz  eta= 0.64365

     Cl  24    Vxx=   -0.3966    axis=(  0.990324  0.121813  0.066490)
     Cl  24    Vyy=   -2.3616    axis=(  0.088527 -0.185537 -0.978641)
     Cl  24    Vzz=    2.7582    axis=( -0.106875  0.975058 -0.194526)
     Cl  24  Q=        -8.1650 1e-30 m^2  Cq=       -52.9150 MHz  eta= 0.71242

     Initialization:
     gipaw_setup  :      9.16s CPU     11.15s WALL (       1 calls)

     Linear response

     Apply operators

     Induced current

     Other routines
     efg          :      9.62s CPU     12.36s WALL (       1 calls)

     General routines
     calbec       :      3.32s CPU      4.32s WALL (      16 calls)
     fft          :      1.85s CPU      2.99s WALL (      15 calls)
     ffts         :      0.04s CPU      0.04s WALL (       2 calls)
     fftw         :      3.60s CPU      4.64s WALL (     672 calls)
     davcio       :      0.04s CPU      0.31s WALL (      32 calls)

     Parallel routines
     fft_scatter  :      2.79s CPU      4.80s WALL (     689 calls)

     Plugins

     GIPAW        :     61.09s CPU     73.18s WALL (       1 calls)
