
     Program QE v.6.0 (svn rev. 13079) starts on 19Dec2016 at  1: 0:42 

     This program is part of the open-source Quantum ESPRESSO suite
     for quantum simulation of materials; please cite
         "P. Giannozzi et al., J. Phys.:Condens. Matter 21 395502 (2009);
          URL http://www.quantum-espresso.org", 
     in publications or presentations arising from this work. More details at
     http://www.quantum-espresso.org/quote

     Parallel version (MPI), running on     8 processors
     R & G space division:  proc/nbgrp/npool/nimage =       8

     ***** This is GIPAW svn revision unknown      *****

     Parallelizing q-star over 1 images

     Reading data from directory:
     /users/majewski/paradichlorobenzene/pbe/9_constraint/scratch/pbe.ecut100.np8.dt60.pcl2phi-129368.save
     Message from routine read_xml_file:
     file /users/majewski/paradichlorobenzene/pbe/9_constraint/scratch/pbe.ecut100.np8.dt60.pcl2phi-129368.save not guaranteed to be safe for post-processing

   Info: using nr1, nr2, nr3 values from input

   Info: using nr1, nr2, nr3 values from input

     IMPORTANT: XC functional enforced from input :
     Exchange-correlation      =  SLA  PW   PBX  PBC ( 1  4  3  4 0 0)
     Any further DFT definition will be discarded
     Please, verify this is what you really want

               file C.pbe-n-kjpaw_psl.1.0.0.UPF: wavefunction(s)  2S 2P renormalized
               file Cl.pbe-n-kjpaw_psl.1.0.0.UPF: wavefunction(s)  3S 3P renormalized
               file H.pbe-kjpaw_psl.1.0.0.UPF: wavefunction(s)  1S renormalized

     Parallelization info
     --------------------
     sticks:   dense  smooth     PW     G-vecs:    dense   smooth      PW
     Min        3057    1223    332               144436    36536    5170
     Max        3059    1225    333               144437    36537    5171
     Sum       24467    9791   2657              1155489   292295   41363


     Subspace diagonalization in iterative solution of the eigenvalue problem:
     a serial algorithm will be used

     GIPAW projectors -----------------------------------------------
     atom=  C    l=0  rc=    1.2000  rs=    0.8000
     atom=  C    l=0  rc=    1.2000  rs=    0.8000
     atom=  C    l=1  rc=    1.4000  rs=    0.9333
     atom=  C    l=1  rc=    1.4000  rs=    0.9333
     projs nearly linearly dependent: l=1  n1,n2= 1, 2  s=  0.99951561

     atom=  Cl   l=0  rc=    1.6000  rs=    1.0667
     atom=  Cl   l=0  rc=    1.6000  rs=    1.0667
     atom=  Cl   l=1  rc=    1.6000  rs=    1.0667
     atom=  Cl   l=1  rc=    1.6000  rs=    1.0667
     atom=  Cl   l=2  rc=    1.6000  rs=    1.0667
     atom=  Cl   l=2  rc=    1.6000  rs=    1.0667
     projs nearly linearly dependent: l=2  n1,n2= 1, 2  s=  0.99993509

     atom=  H    l=0  rc=    1.0000  rs=    0.6667
     atom=  H    l=0  rc=    1.0000  rs=    0.6667
     projs nearly linearly dependent: l=0  n1,n2= 1, 2  s=  0.99968852
     -----------------------------------------------------------------

     GIPAW integrals: -------------------------------------------
     Atom  i/j   nmr_para   nmr_dia   epr_rmc  epr_para   epr_dia
       C   1 1   0.83E+03  0.17E-01  0.93E+01  0.24E+08  0.24E+03
       C   2 1   0.86E+03 -0.61E-01  0.94E+01  0.25E+08  0.25E+03
       C   2 2   0.90E+03 -0.15E+00  0.97E+01  0.26E+08  0.26E+03
       C   3 3   0.33E+01  0.34E+00  0.18E+01  0.55E+03  0.21E+02
       C   4 3   0.35E+01  0.37E+00  0.20E+01  0.59E+03  0.22E+02
       C   4 4   0.38E+01  0.39E+00  0.22E+01  0.63E+03  0.24E+02
       Cl  1 1   0.14E+04 -0.47E+00  0.84E+01  0.32E+09  0.42E+03
       Cl  2 1   0.21E+04 -0.37E+00  0.12E+02  0.49E+09  0.65E+03
       Cl  2 2   0.33E+04 -0.16E+00  0.21E+02  0.76E+09  0.10E+04
       Cl  3 3   0.21E+02  0.79E-01  0.89E+01  0.23E+05  0.13E+03
       Cl  4 3   0.24E+02  0.67E-01  0.99E+01  0.27E+05  0.15E+03
       Cl  4 4   0.28E+02  0.44E-01  0.11E+02  0.32E+05  0.18E+03
       Cl  5 5   0.77E+00  0.19E+00  0.18E+01  0.12E+03  0.22E+02
       Cl  6 5   0.80E+00  0.19E+00  0.19E+01  0.12E+03  0.23E+02
       Cl  6 6   0.83E+00  0.20E+00  0.19E+01  0.12E+03  0.23E+02
       H   1 1   0.39E+02  0.19E+00  0.29E+00  0.78E+05  0.13E+02
       H   2 1   0.41E+02  0.21E+00  0.32E+00  0.82E+05  0.14E+02
       H   2 2   0.43E+02  0.22E+00  0.36E+00  0.86E+05  0.15E+02
     ------------------------------------------------------------

     alpha_pv=     34.2904 eV

     Number of occupied bands for each k-point:
     k-point:     1    nbnd_occ=  42
     k-point:     2    nbnd_occ=  42
     k-point:     3    nbnd_occ=  42
     k-point:     4    nbnd_occ=  42
     k-point:     5    nbnd_occ=  42
     k-point:     6    nbnd_occ=  42
     k-point:     7    nbnd_occ=  42
     k-point:     8    nbnd_occ=  42
     k-point:     9    nbnd_occ=  42
     k-point:    10    nbnd_occ=  42
     k-point:    11    nbnd_occ=  42
     k-point:    12    nbnd_occ=  42
     k-point:    13    nbnd_occ=  42
     k-point:    14    nbnd_occ=  42
     k-point:    15    nbnd_occ=  42
     k-point:    16    nbnd_occ=  42


     q-space interpolation up to   110.00 Rydberg

     GIPAW job: efg                                                                             


     ELECTRIC FIELD GRADIENTS TENSORS IN Hartree/bohrradius^2:

     ----- bare term -----
     Cl   1       -0.078726        0.091451       -0.023274
     Cl   1        0.091451       -0.023928        0.002930
     Cl   1       -0.023274        0.002930        0.102654

     C    2       -0.063363        0.125554       -0.239178
     C    2        0.125554       -0.296804       -0.488187
     C    2       -0.239178       -0.488187        0.360166

     C    3       -0.264723        0.291941       -0.340652
     C    3        0.291941       -0.122448       -0.487020
     C    3       -0.340652       -0.487020        0.387171

     H    4       -0.352349       -0.414833       -0.385962
     H    4       -0.414833        0.087311       -0.199998
     H    4       -0.385962       -0.199998        0.265037

     C    5       -0.518357        0.128477       -0.361561
     C    5        0.128477       -0.078227       -0.354602
     C    5       -0.361561       -0.354602        0.596585

     H    6        0.492540       -0.031651       -0.088264
     H    6       -0.031651       -0.673276        0.005700
     H    6       -0.088264        0.005700        0.180737

     H    7        0.393206       -0.004208       -0.034711
     H    7       -0.004208       -0.631385        0.390912
     H    7       -0.034711        0.390912        0.238179

     C    8       -0.320258       -0.119851       -0.345207
     C    8       -0.119851       -0.055293        0.494810
     C    8       -0.345207        0.494810        0.375552

     H    9       -0.386913        0.521711       -0.111384
     H    9        0.521711        0.072281       -0.050252
     H    9       -0.111384       -0.050252        0.314632

     C   10       -0.255186       -0.285041       -0.332104
     C   10       -0.285041       -0.139898        0.481942
     C   10       -0.332104        0.481942        0.395084

     C   11       -0.061514       -0.090197       -0.276916
     C   11       -0.090197       -0.190690        0.538090
     C   11       -0.276916        0.538090        0.252203

     Cl  12       -0.212846       -0.172841       -0.027408
     Cl  12       -0.172841        0.081342        0.175988
     Cl  12       -0.027408        0.175988        0.131503

     H   13        0.484267        0.001052       -0.112133
     H   13        0.001052       -0.668193        0.132444
     H   13       -0.112133        0.132444        0.183926

     C   14       -0.424434       -0.035922       -0.324558
     C   14       -0.035922       -0.032687       -0.457945
     C   14       -0.324558       -0.457945        0.457121

     H   15       -0.258875       -0.430432       -0.318258
     H   15       -0.430432       -0.084258       -0.075633
     H   15       -0.318258       -0.075633        0.343133

     C   16       -0.443488        0.359224       -0.176785
     C   16        0.359224        0.013728       -0.436874
     C   16       -0.176785       -0.436874        0.429760

     C   17       -0.050254       -0.019980       -0.351959
     C   17       -0.019980       -0.329942       -0.476876
     C   17       -0.351959       -0.476876        0.380196

     Cl  18       -0.114504        0.122721        0.050744
     Cl  18        0.122721        0.021850        0.131039
     Cl  18        0.050744        0.131039        0.092653

     H   19        0.498044        0.122785       -0.021149
     H   19        0.122785       -0.662858       -0.170852
     H   19       -0.021149       -0.170852        0.164815

     C   20       -0.487984       -0.108171       -0.326337
     C   20       -0.108171       -0.070958        0.281871
     C   20       -0.326337        0.281871        0.558942

     H   21       -0.419398        0.388116        0.209098
     H   21        0.388116        0.246866       -0.089828
     H   21        0.209098       -0.089828        0.172531

     C   22       -0.073660       -0.148957       -0.024181
     C   22       -0.148957       -0.278668        0.288095
     C   22       -0.024181        0.288095        0.352328

     C   23       -0.264769        0.011743       -0.350337
     C   23        0.011743       -0.085517        0.569588
     C   23       -0.350337        0.569588        0.350286

     Cl  24       -0.078547       -0.024676        0.014199
     Cl  24       -0.024676       -0.056475        0.009109
     Cl  24        0.014199        0.009109        0.135021

     ----- ionic term -----
     Cl   1        0.128778       -0.217868        0.079972
     Cl   1       -0.217868        0.027342       -0.047711
     Cl   1        0.079972       -0.047711       -0.156120

     C    2        0.167167       -0.080991        0.376179
     C    2       -0.080991        0.269927        0.334436
     C    2        0.376179        0.334436       -0.437094

     C    3        0.107059       -0.149716        0.264711
     C    3       -0.149716        0.309627        0.335714
     C    3        0.264711        0.335714       -0.416686

     H    4        0.480960        0.384049        0.689653
     H    4        0.384049       -0.328160        0.303556
     H    4        0.689653        0.303556       -0.152799

     C    5        0.299079       -0.106094        0.285192
     C    5       -0.106094        0.135022        0.256544
     C    5        0.285192        0.256544       -0.434101

     H    6       -0.505067        0.021987        0.009236
     H    6        0.021987        0.781911        0.601994
     H    6        0.009236        0.601994       -0.276844

     H    7       -0.523397       -0.042818        0.034695
     H    7       -0.042818        0.679381       -0.686558
     H    7        0.034695       -0.686558       -0.155984

     C    8        0.318799        0.069812        0.216502
     C    8        0.069812        0.106163       -0.301610
     C    8        0.216502       -0.301610       -0.424962

     H    9        0.637853       -0.496458        0.515275
     H    9       -0.496458       -0.300932       -0.272848
     H    9        0.515275       -0.272848       -0.336921

     C   10        0.126413        0.114166        0.145268
     C   10        0.114166        0.275366       -0.414966
     C   10        0.145268       -0.414966       -0.401780

     C   11        0.264324        0.091054        0.097785
     C   11        0.091054        0.213567       -0.449796
     C   11        0.097785       -0.449796       -0.477891

     Cl  12        0.170474        0.223066       -0.050746
     Cl  12        0.223066       -0.013014       -0.033807
     Cl  12       -0.050746       -0.033807       -0.157461

     H   13       -0.518235        0.099775        0.058122
     H   13        0.099775        0.978814        0.413658
     H   13        0.058122        0.413658       -0.460578

     C   14        0.337227       -0.120262        0.316435
     C   14       -0.120262        0.123195        0.240399
     C   14        0.316435        0.240399       -0.460422

     H   15        0.619661        0.407928        0.606507
     H   15        0.407928       -0.332918        0.268823
     H   15        0.606507        0.268823       -0.286743

     C   16        0.211830       -0.193152        0.208549
     C   16       -0.193152        0.256128        0.312219
     C   16        0.208549        0.312219       -0.467959

     C   17        0.249114       -0.084555        0.251949
     C   17       -0.084555        0.214205        0.353427
     C   17        0.251949        0.353427       -0.463319

     Cl  18        0.185402       -0.195296        0.011946
     Cl  18       -0.195296       -0.023877       -0.000629
     Cl  18        0.011946       -0.000629       -0.161525

     H   19       -0.506480       -0.062245       -0.002529
     H   19       -0.062245        0.857889       -0.544648
     H   19       -0.002529       -0.544648       -0.351409

     C   20        0.355485        0.085944        0.111568
     C   20        0.085944        0.143263       -0.275421
     C   20        0.111568       -0.275421       -0.498748

     H   21        0.832561       -0.417248        0.427402
     H   21       -0.417248       -0.360050       -0.180649
     H   21        0.427402       -0.180649       -0.472511

     C   22        0.228250        0.112105        0.104518
     C   22        0.112105        0.296399       -0.314378
     C   22        0.104518       -0.314378       -0.524649

     C   23        0.226886        0.029327        0.230929
     C   23        0.029327        0.301471       -0.345508
     C   23        0.230929       -0.345508       -0.528357

     Cl  24        0.137834        0.211892        0.004505
     Cl  24        0.211892        0.032201       -0.002025
     Cl  24        0.004505       -0.002025       -0.170035

     ----- GIPAW term -----
     Cl   1       -0.866724       -1.194401       -0.237672
     Cl   1       -1.194401       -1.453502       -0.221867
     Cl   1       -0.237672       -0.221867        2.320225

     C    2        0.049582       -0.089892       -0.000516
     C    2       -0.089892       -0.067395       -0.029304
     C    2       -0.000516       -0.029304        0.017813

     C    3       -0.062711        0.097418       -0.137423
     C    3        0.097418        0.013862       -0.131268
     C    3       -0.137423       -0.131268        0.048849

     H    4       -0.000000        0.000000        0.000000
     H    4        0.000000        0.000000        0.000000
     H    4        0.000000        0.000000        0.000000

     C    5       -0.168138        0.024104       -0.077228
     C    5        0.024104       -0.087065       -0.153317
     C    5       -0.077228       -0.153317        0.255204

     H    6       -0.000000        0.000000        0.000000
     H    6        0.000000        0.000000        0.000000
     H    6        0.000000        0.000000        0.000000

     H    7       -0.000000        0.000000        0.000000
     H    7        0.000000        0.000000        0.000000
     H    7        0.000000        0.000000        0.000000

     C    8       -0.065487       -0.004351       -0.048304
     C    8       -0.004351        0.025782        0.158320
     C    8       -0.048304        0.158320        0.039704

     H    9       -0.000000        0.000000        0.000000
     H    9        0.000000        0.000000        0.000000
     H    9        0.000000        0.000000        0.000000

     C   10       -0.055368       -0.079315       -0.121398
     C   10       -0.079315        0.004534        0.111143
     C   10       -0.121398        0.111143        0.050834

     C   11        0.062519        0.086115       -0.032709
     C   11        0.086115        0.007826        0.054637
     C   11       -0.032709        0.054637       -0.070345

     Cl  12       -0.211054        1.228172       -0.334930
     Cl  12        1.228172        0.860634        1.670678
     Cl  12       -0.334930        1.670678       -0.649580

     H   13       -0.000000        0.000000        0.000000
     H   13        0.000000        0.000000        0.000000
     H   13        0.000000        0.000000        0.000000

     C   14       -0.070439       -0.071002        0.051132
     C   14       -0.071002       -0.055966       -0.157300
     C   14        0.051132       -0.157300        0.126404

     H   15       -0.000000        0.000000        0.000000
     H   15        0.000000        0.000000        0.000000
     H   15        0.000000        0.000000        0.000000

     C   16       -0.159933        0.017457       -0.021595
     C   16        0.017457        0.138772       -0.129767
     C   16       -0.021595       -0.129767        0.021161

     C   17        0.013235       -0.141136       -0.078460
     C   17       -0.141136       -0.089408       -0.003288
     C   17       -0.078460       -0.003288        0.076173

     Cl  18        0.526510       -1.342769        0.495825
     Cl  18       -1.342769        0.294289        1.173305
     Cl  18        0.495825        1.173305       -0.820799

     H   19       -0.000000        0.000000        0.000000
     H   19        0.000000        0.000000        0.000000
     H   19        0.000000        0.000000        0.000000

     C   20       -0.158326       -0.023574       -0.076745
     C   20       -0.023574       -0.084844        0.140690
     C   20       -0.076745        0.140690        0.243170

     H   21       -0.000000        0.000000        0.000000
     H   21        0.000000        0.000000        0.000000
     H   21        0.000000        0.000000        0.000000

     C   22       -0.066129       -0.023656       -0.052736
     C   22       -0.023656       -0.070069        0.080518
     C   22       -0.052736        0.080518        0.136197

     C   23       -0.015735        0.127239       -0.074119
     C   23        0.127239       -0.027363        0.142336
     C   23       -0.074119        0.142336        0.043098

     Cl  24        0.855725        2.150131        0.077354
     Cl  24        2.150131       -0.367347        0.072655
     Cl  24        0.077354        0.072655       -0.488378

     ----- total EFG -----
     Cl   1       -0.816671       -1.320818       -0.180974
     Cl   1       -1.320818       -1.450088       -0.266648
     Cl   1       -0.180974       -0.266648        2.266759

     C    2        0.153386       -0.045328        0.136485
     C    2       -0.045328       -0.094272       -0.183054
     C    2        0.136485       -0.183054       -0.059115

     C    3       -0.220376        0.239643       -0.213364
     C    3        0.239643        0.201041       -0.282573
     C    3       -0.213364       -0.282573        0.019335

     H    4        0.128611       -0.030784        0.303691
     H    4       -0.030784       -0.240849        0.103557
     H    4        0.303691        0.103557        0.112238

     C    5       -0.387417        0.046487       -0.153597
     C    5        0.046487       -0.030271       -0.251375
     C    5       -0.153597       -0.251375        0.417688

     H    6       -0.012527       -0.009664       -0.079028
     H    6       -0.009664        0.108635        0.607694
     H    6       -0.079028        0.607694       -0.096108

     H    7       -0.130191       -0.047026       -0.000015
     H    7       -0.047026        0.047995       -0.295646
     H    7       -0.000015       -0.295646        0.082195

     C    8       -0.066946       -0.054390       -0.177009
     C    8       -0.054390        0.076652        0.351520
     C    8       -0.177009        0.351520       -0.009706

     H    9        0.250940        0.025254        0.403891
     H    9        0.025254       -0.228652       -0.323100
     H    9        0.403891       -0.323100       -0.022289

     C   10       -0.184141       -0.250190       -0.308233
     C   10       -0.250190        0.140003        0.178120
     C   10       -0.308233        0.178120        0.044138

     C   11        0.265330        0.086972       -0.211840
     C   11        0.086972        0.030703        0.142931
     C   11       -0.211840        0.142931       -0.296033

     Cl  12       -0.253425        1.278397       -0.413085
     Cl  12        1.278397        0.928963        1.812859
     Cl  12       -0.413085        1.812859       -0.675537

     H   13       -0.033968        0.100827       -0.054011
     H   13        0.100827        0.310620        0.546102
     H   13       -0.054011        0.546102       -0.276653

     C   14       -0.157646       -0.227186        0.043009
     C   14       -0.227186        0.034542       -0.374846
     C   14        0.043009       -0.374846        0.123103

     H   15        0.360787       -0.022504        0.288248
     H   15       -0.022504       -0.417177        0.193190
     H   15        0.288248        0.193190        0.056390

     C   16       -0.391591        0.183528        0.010168
     C   16        0.183528        0.408628       -0.254422
     C   16        0.010168       -0.254422       -0.017037

     C   17        0.212096       -0.245671       -0.178470
     C   17       -0.245671       -0.205145       -0.126738
     C   17       -0.178470       -0.126738       -0.006950

     Cl  18        0.597408       -1.415345        0.558514
     Cl  18       -1.415345        0.292262        1.303715
     Cl  18        0.558514        1.303715       -0.889670

     H   19       -0.008437        0.060540       -0.023678
     H   19        0.060540        0.195031       -0.715500
     H   19       -0.023678       -0.715500       -0.186594

     C   20       -0.290824       -0.045802       -0.291514
     C   20       -0.045802       -0.012539        0.147140
     C   20       -0.291514        0.147140        0.303364

     H   21        0.413163       -0.029132        0.636500
     H   21       -0.029132       -0.113184       -0.270477
     H   21        0.636500       -0.270477       -0.299980

     C   22        0.088462       -0.060509        0.027601
     C   22       -0.060509       -0.052338        0.054234
     C   22        0.027601        0.054234       -0.036124

     C   23       -0.053617        0.168309       -0.193527
     C   23        0.168309        0.188590        0.366417
     C   23       -0.193527        0.366417       -0.134973

     Cl  24        0.915012        2.337347        0.096058
     Cl  24        2.337347       -0.391620        0.079739
     Cl  24        0.096058        0.079739       -0.523392

     ----- total EFG (symmetrized) -----
     Cl   1       -0.816671       -1.320818       -0.180974
     Cl   1       -1.320818       -1.450088       -0.266648
     Cl   1       -0.180974       -0.266648        2.266759

     C    2        0.153386       -0.045328        0.136485
     C    2       -0.045328       -0.094272       -0.183054
     C    2        0.136485       -0.183054       -0.059115

     C    3       -0.220376        0.239643       -0.213364
     C    3        0.239643        0.201041       -0.282573
     C    3       -0.213364       -0.282573        0.019335

     H    4        0.128611       -0.030784        0.303691
     H    4       -0.030784       -0.240849        0.103557
     H    4        0.303691        0.103557        0.112238

     C    5       -0.387417        0.046487       -0.153597
     C    5        0.046487       -0.030271       -0.251375
     C    5       -0.153597       -0.251375        0.417688

     H    6       -0.012527       -0.009664       -0.079028
     H    6       -0.009664        0.108635        0.607694
     H    6       -0.079028        0.607694       -0.096108

     H    7       -0.130191       -0.047026       -0.000015
     H    7       -0.047026        0.047995       -0.295646
     H    7       -0.000015       -0.295646        0.082195

     C    8       -0.066946       -0.054390       -0.177009
     C    8       -0.054390        0.076652        0.351520
     C    8       -0.177009        0.351520       -0.009706

     H    9        0.250940        0.025254        0.403891
     H    9        0.025254       -0.228652       -0.323100
     H    9        0.403891       -0.323100       -0.022289

     C   10       -0.184141       -0.250190       -0.308233
     C   10       -0.250190        0.140003        0.178120
     C   10       -0.308233        0.178120        0.044138

     C   11        0.265330        0.086972       -0.211840
     C   11        0.086972        0.030703        0.142931
     C   11       -0.211840        0.142931       -0.296033

     Cl  12       -0.253425        1.278397       -0.413085
     Cl  12        1.278397        0.928963        1.812859
     Cl  12       -0.413085        1.812859       -0.675537

     H   13       -0.033968        0.100827       -0.054011
     H   13        0.100827        0.310620        0.546102
     H   13       -0.054011        0.546102       -0.276653

     C   14       -0.157646       -0.227186        0.043009
     C   14       -0.227186        0.034542       -0.374846
     C   14        0.043009       -0.374846        0.123103

     H   15        0.360787       -0.022504        0.288248
     H   15       -0.022504       -0.417177        0.193190
     H   15        0.288248        0.193190        0.056390

     C   16       -0.391591        0.183528        0.010168
     C   16        0.183528        0.408628       -0.254422
     C   16        0.010168       -0.254422       -0.017037

     C   17        0.212096       -0.245671       -0.178470
     C   17       -0.245671       -0.205145       -0.126738
     C   17       -0.178470       -0.126738       -0.006950

     Cl  18        0.597408       -1.415345        0.558514
     Cl  18       -1.415345        0.292262        1.303715
     Cl  18        0.558514        1.303715       -0.889670

     H   19       -0.008437        0.060540       -0.023678
     H   19        0.060540        0.195031       -0.715500
     H   19       -0.023678       -0.715500       -0.186594

     C   20       -0.290824       -0.045802       -0.291514
     C   20       -0.045802       -0.012539        0.147140
     C   20       -0.291514        0.147140        0.303364

     H   21        0.413163       -0.029132        0.636500
     H   21       -0.029132       -0.113184       -0.270477
     H   21        0.636500       -0.270477       -0.299980

     C   22        0.088462       -0.060509        0.027601
     C   22       -0.060509       -0.052338        0.054234
     C   22        0.027601        0.054234       -0.036124

     C   23       -0.053617        0.168309       -0.193527
     C   23        0.168309        0.188590        0.366417
     C   23       -0.193527        0.366417       -0.134973

     Cl  24        0.915012        2.337347        0.096058
     Cl  24        2.337347       -0.391620        0.079739
     Cl  24        0.096058        0.079739       -0.523392


     NQR/NMR SPECTROSCOPIC PARAMETERS:
     Cl   1    Vxx=    0.2246    axis=(  0.785992 -0.618138 -0.011058)
     Cl   1    Vyy=    2.2886    axis=(  0.032808  0.059565 -0.997685)
     Cl   1    Vzz=   -2.5133    axis=(  0.617366  0.783809  0.067098)
     Cl   1  Q=        -8.1650 1e-30 m^2  Cq=        48.2155 MHz  eta= 0.82125

     C    2    Vxx=    0.0020    axis=(  0.618889  0.621667 -0.480111)
     C    2    Vyy=    0.2676    axis=( -0.770551  0.361914 -0.524661)
     C    2    Vzz=   -0.2696    axis=( -0.152406  0.694657  0.703011)
     C    2  Q=         1.0000 1e-30 m^2  Cq=        -0.6334 MHz  eta= 0.98535

     C    3    Vxx=   -0.1820    axis=(  0.145781 -0.644744 -0.750369)
     C    3    Vyy=   -0.3591    axis=( -0.910381  0.209455 -0.356839)
     C    3    Vzz=    0.5412    axis=(  0.387238  0.735142 -0.556428)
     C    3  Q=         1.0000 1e-30 m^2  Cq=         1.2715 MHz  eta= 0.32733

     H    4    Vxx=   -0.1139    axis=( -0.602650  0.586952  0.540649)
     H    4    Vyy=   -0.3142    axis=(  0.371856  0.806000 -0.460528)
     H    4    Vzz=    0.4281    axis=( -0.706071 -0.076494 -0.703998)
     H    4  Q=         1.0000 1e-30 m^2  Cq=         1.0058 MHz  eta= 0.46807

     C    5    Vxx=   -0.1415    axis=( -0.071803  0.916955  0.392477)
     C    5    Vyy=   -0.4157    axis=(  0.983465 -0.000503  0.181100)
     C    5    Vzz=    0.5572    axis=( -0.166258 -0.398991  0.901756)
     C    5  Q=         1.0000 1e-30 m^2  Cq=         1.3093 MHz  eta= 0.49211

     H    6    Vxx=   -0.0130    axis=(  0.991773  0.127639 -0.009775)
     H    6    Vyy=   -0.6149    axis=( -0.089869  0.639852 -0.763225)
     H    6    Vzz=    0.6279    axis=( -0.091163  0.757825  0.646058)
     H    6  Q=         1.0000 1e-30 m^2  Cq=         1.4752 MHz  eta= 0.95861

     H    7    Vxx=   -0.1216    axis=( -0.952486  0.172926  0.250732)
     H    7    Vyy=   -0.2417    axis=( -0.297456 -0.705148 -0.643651)
     H    7    Vzz=    0.3634    axis=(  0.065499 -0.687651  0.723081)
     H    7  Q=         1.0000 1e-30 m^2  Cq=         0.8537 MHz  eta= 0.33041

     C    8    Vxx=   -0.0813    axis=( -0.885214 -0.459937  0.069667)
     C    8    Vyy=   -0.3570    axis=(  0.351215 -0.562599  0.748418)
     C    8    Vzz=    0.4383    axis=(  0.305031 -0.686979 -0.659558)
     C    8  Q=         1.0000 1e-30 m^2  Cq=         1.0298 MHz  eta= 0.62913

     H    9    Vxx=   -0.0178    axis=(  0.564123  0.710985 -0.419841)
     H    9    Vyy=   -0.5619    axis=( -0.348448  0.665969  0.659598)
     H    9    Vzz=    0.5797    axis=(  0.748565 -0.225801  0.623429)
     H    9  Q=         1.0000 1e-30 m^2  Cq=         1.3621 MHz  eta= 0.93851

     C   10    Vxx=   -0.0763    axis=(  0.168752  0.735562 -0.656103)
     C   10    Vyy=   -0.4231    axis=( -0.850419 -0.227869 -0.474197)
     C   10    Vzz=    0.4993    axis=(  0.498307 -0.637984 -0.587083)
     C   10  Q=         1.0000 1e-30 m^2  Cq=         1.1732 MHz  eta= 0.69449

     C   11    Vxx=    0.0842    axis=(  0.022891 -0.931552 -0.362886)
     C   11    Vyy=    0.3413    axis=( -0.948974 -0.134443  0.285261)
     C   11    Vzz=   -0.4256    axis=(  0.314523 -0.337839  0.887096)
     C   11  Q=         1.0000 1e-30 m^2  Cq=        -0.9999 MHz  eta= 0.60409

     Cl  12    Vxx=   -0.0039    axis=(  0.822571 -0.023064 -0.568194)
     Cl  12    Vyy=   -2.4029    axis=(  0.462557 -0.554072  0.692131)
     Cl  12    Vzz=    2.4068    axis=( -0.330784 -0.832149 -0.445095)
     Cl  12  Q=        -8.1650 1e-30 m^2  Cq=       -46.1729 MHz  eta= 0.99673

     H   13    Vxx=   -0.0226    axis=(  0.982227  0.009964 -0.187430)
     H   13    Vyy=   -0.6196    axis=( -0.165957  0.512581 -0.842448)
     H   13    Vzz=    0.6422    axis=(  0.087679  0.858581  0.505125)
     H   13  Q=         1.0000 1e-30 m^2  Cq=         1.5089 MHz  eta= 0.92950

     C   14    Vxx=   -0.1107    axis=( -0.774107  0.268645  0.573227)
     C   14    Vyy=   -0.3979    axis=( -0.570625 -0.688207 -0.448061)
     C   14    Vzz=    0.5085    axis=(  0.274129 -0.673944  0.686041)
     C   14  Q=         1.0000 1e-30 m^2  Cq=         1.1948 MHz  eta= 0.56481

     H   15    Vxx=   -0.0372    axis=( -0.519169  0.411613  0.749025)
     H   15    Vyy=   -0.5044    axis=(  0.154085  0.907106 -0.391683)
     H   15    Vzz=    0.5417    axis=( -0.840667 -0.087936 -0.534365)
     H   15  Q=         1.0000 1e-30 m^2  Cq=         1.2727 MHz  eta= 0.86250

     C   16    Vxx=   -0.1123    axis=(  0.261298  0.347706  0.900457)
     C   16    Vyy=   -0.4432    axis=(  0.950092 -0.257365 -0.176321)
     C   16    Vzz=    0.5555    axis=(  0.170438  0.901589 -0.397602)
     C   16  Q=         1.0000 1e-30 m^2  Cq=         1.3053 MHz  eta= 0.59559

     C   17    Vxx=    0.0486    axis=(  0.116551 -0.531798  0.838813)
     C   17    Vyy=    0.3631    axis=( -0.892782  0.313938  0.323083)
     C   17    Vzz=   -0.4117    axis=( -0.435150 -0.786533 -0.438190)
     C   17  Q=         1.0000 1e-30 m^2  Cq=        -0.9673 MHz  eta= 0.76388

     Cl  18    Vxx=    0.3413    axis=(  0.618723  0.382716  0.686083)
     Cl  18    Vyy=    1.9611    axis=( -0.665410  0.719548  0.198697)
     Cl  18    Vzz=   -2.3024    axis=( -0.417625 -0.579465  0.699864)
     Cl  18  Q=        -8.1650 1e-30 m^2  Cq=        44.1701 MHz  eta= 0.70356

     H   19    Vxx=   -0.0131    axis=(  0.996314 -0.049890  0.069786)
     H   19    Vyy=   -0.7367    axis=( -0.024943  0.609873  0.792106)
     H   19    Vzz=    0.7499    axis=( -0.082078 -0.790927  0.606381)
     H   19  Q=         1.0000 1e-30 m^2  Cq=         1.7619 MHz  eta= 0.96499

     C   20    Vxx=   -0.0608    axis=(  0.147956  0.952442 -0.266389)
     C   20    Vyy=   -0.4104    axis=( -0.922566  0.035867 -0.384168)
     C   20    Vzz=    0.4712    axis=( -0.356344  0.302602  0.883997)
     C   20  Q=         1.0000 1e-30 m^2  Cq=         1.1072 MHz  eta= 0.74192

     H   21    Vxx=   -0.0653    axis=(  0.320426  0.926247 -0.198476)
     H   21    Vyy=   -0.7501    axis=( -0.446293  0.332425  0.830853)
     H   21    Vzz=    0.8154    axis=(  0.835554 -0.177648  0.519895)
     H   21  Q=         1.0000 1e-30 m^2  Cq=         1.9159 MHz  eta= 0.83982

     C   22    Vxx=    0.0077    axis=(  0.153732  0.572535  0.805338)
     C   22    Vyy=    0.1113    axis=( -0.942287  0.330270 -0.054923)
     C   22    Vzz=   -0.1190    axis=( -0.297425 -0.750417  0.590266)
     C   22  Q=         1.0000 1e-30 m^2  Cq=        -0.2796 MHz  eta= 0.87054

     C   23    Vxx=    0.0838    axis=(  0.870761  0.188857 -0.453991)
     C   23    Vyy=    0.4304    axis=( -0.087198 -0.849354 -0.520572)
     C   23    Vzz=   -0.5142    axis=( -0.483913  0.492881 -0.723116)
     C   23  Q=         1.0000 1e-30 m^2  Cq=        -1.2082 MHz  eta= 0.67413

     Cl  24    Vxx=   -0.5282    axis=( -0.032876 -0.020766  0.999244)
     Cl  24    Vyy=   -2.1653    axis=( -0.604414  0.796663 -0.003329)
     Cl  24    Vzz=    2.6935    axis=( -0.795992 -0.604067 -0.038742)
     Cl  24  Q=        -8.1650 1e-30 m^2  Cq=       -51.6728 MHz  eta= 0.60778

     Initialization:
     gipaw_setup  :      9.24s CPU     11.71s WALL (       1 calls)

     Linear response

     Apply operators

     Induced current

     Other routines
     efg          :      9.46s CPU     11.83s WALL (       1 calls)

     General routines
     calbec       :      3.30s CPU      4.14s WALL (      16 calls)
     fft          :      1.79s CPU      3.48s WALL (      15 calls)
     ffts         :      0.03s CPU      0.04s WALL (       2 calls)
     fftw         :      3.31s CPU      3.96s WALL (     672 calls)
     davcio       :      0.02s CPU      0.33s WALL (      32 calls)

     Parallel routines
     fft_scatter  :      2.45s CPU      4.59s WALL (     689 calls)

     Plugins

     GIPAW        :     62.90s CPU     85.70s WALL (       1 calls)
