
     Program QE v.5.3.0 (svn rev. 11974) starts on 23May2016 at 22:39:45 

     This program is part of the open-source Quantum ESPRESSO suite
     for quantum simulation of materials; please cite
         "P. Giannozzi et al., J. Phys.:Condens. Matter 21 395502 (2009);
          URL http://www.quantum-espresso.org", 
     in publications or presentations arising from this work. More details at
     http://www.quantum-espresso.org/quote

     Parallel version (MPI), running on    32 processors
     R & G space division:  proc/nbgrp/npool/nimage =      32

     ***** This is GIPAW svn revision unknown      *****

     Parallelizing q-star over 1 images

     Reading data from directory:
     ./scratch/scf.pbe-ec-300-kp444.HMX-792827-nofor.nostress.save

   Info: using nr1, nr2, nr3 values from input

   Info: using nr1, nr2, nr3 values from input

     IMPORTANT: XC functional enforced from input :
     Exchange-correlation      =  SLA  PW   PBX  PBC ( 1  4  3  4 0 0)
     Any further DFT definition will be discarded
     Please, verify this is what you really want

               file N.pbe-n-kjpaw_psl.1.0.0.UPF: wavefunction(s)  2S renormalized
               file C.pbe-n-kjpaw_psl.1.0.0.UPF: wavefunction(s)  2S 2P renormalized
               file H.pbe-kjpaw_psl.1.0.0.UPF: wavefunction(s)  1S renormalized
               file O.pbe-n-kjpaw_psl.1.0.0.UPF: wavefunction(s)  2S 2P renormalized

     Parallelization info
     --------------------
     sticks:   dense  smooth     PW     G-vecs:    dense   smooth      PW
     Min        1911     764    197               300894    76080   10032
     Max        1912     765    198               300897    76141   10037
     Sum       61155   24453   6333              9628619  2435687  321123


     Subspace diagonalization in iterative solution of the eigenvalue problem:
     a serial algorithm will be used

     GIPAW projectors -----------------------------------------------
     atom=  N    l=0  rc=    1.3000  rs=    0.8667
     atom=  N    l=0  rc=    1.3000  rs=    0.8667
     atom=  N    l=1  rc=    1.3500  rs=    0.9000
     atom=  N    l=1  rc=    1.3500  rs=    0.9000
     projs nearly linearly dependent: l=1  n1,n2= 1, 2  s=  0.99908189

     atom=  C    l=0  rc=    1.2000  rs=    0.8000
     atom=  C    l=0  rc=    1.2000  rs=    0.8000
     atom=  C    l=1  rc=    1.4000  rs=    0.9333
     atom=  C    l=1  rc=    1.4000  rs=    0.9333
     projs nearly linearly dependent: l=1  n1,n2= 1, 2  s=  0.99951561

     atom=  H    l=0  rc=    1.0000  rs=    0.6667
     atom=  H    l=0  rc=    1.0000  rs=    0.6667
     projs nearly linearly dependent: l=0  n1,n2= 1, 2  s=  0.99968852

     atom=  O    l=0  rc=    1.3000  rs=    0.8667
     atom=  O    l=0  rc=    1.3000  rs=    0.8667
     atom=  O    l=1  rc=    1.3500  rs=    0.9000
     atom=  O    l=1  rc=    1.3500  rs=    0.9000
     projs nearly linearly dependent: l=1  n1,n2= 1, 2  s=  0.99790100
     -----------------------------------------------------------------

     GIPAW integrals: -------------------------------------------
     Atom  i/j   nmr_para   nmr_dia   epr_rmc  epr_para   epr_dia
       N   1 1   0.67E+03 -0.31E+00  0.62E+01  0.27E+08  0.20E+03
       N   2 1   0.75E+03 -0.37E+00  0.67E+01  0.30E+08  0.23E+03
       N   2 2   0.85E+03 -0.45E+00  0.74E+01  0.35E+08  0.26E+03
       N   3 3   0.59E+01  0.56E+00  0.34E+01  0.12E+04  0.45E+02
       N   4 3   0.65E+01  0.61E+00  0.38E+01  0.13E+04  0.48E+02
       N   4 4   0.71E+01  0.67E+00  0.43E+01  0.15E+04  0.52E+02
       C   1 1   0.83E+03  0.17E-01  0.93E+01  0.24E+08  0.24E+03
       C   2 1   0.86E+03 -0.61E-01  0.94E+01  0.25E+08  0.25E+03
       C   2 2   0.90E+03 -0.15E+00  0.97E+01  0.26E+08  0.26E+03
       C   3 3   0.33E+01  0.34E+00  0.18E+01  0.55E+03  0.21E+02
       C   4 3   0.35E+01  0.37E+00  0.20E+01  0.59E+03  0.22E+02
       C   4 4   0.38E+01  0.39E+00  0.22E+01  0.63E+03  0.24E+02
       H   1 1   0.39E+02  0.19E+00  0.29E+00  0.78E+05  0.13E+02
       H   2 1   0.41E+02  0.21E+00  0.32E+00  0.82E+05  0.14E+02
       H   2 2   0.43E+02  0.22E+00  0.36E+00  0.86E+05  0.15E+02
       O   1 1   0.81E+03 -0.32E+00  0.65E+01  0.43E+08  0.24E+03
       O   2 1   0.91E+03 -0.39E+00  0.71E+01  0.48E+08  0.27E+03
       O   2 2   0.10E+04 -0.48E+00  0.78E+01  0.55E+08  0.31E+03
       O   3 3   0.99E+01  0.87E+00  0.58E+01  0.24E+04  0.75E+02
       O   4 3   0.11E+02  0.97E+00  0.67E+01  0.27E+04  0.83E+02
       O   4 4   0.12E+02  0.11E+01  0.76E+01  0.31E+04  0.93E+02
     ------------------------------------------------------------

     alpha_pv=     50.8989 eV

     Number of occupied bands for each k-point:
     k-point:     1    nbnd_occ= 112
     k-point:     2    nbnd_occ= 112
     k-point:     3    nbnd_occ= 112
     k-point:     4    nbnd_occ= 112
     k-point:     5    nbnd_occ= 112
     k-point:     6    nbnd_occ= 112
     k-point:     7    nbnd_occ= 112
     k-point:     8    nbnd_occ= 112
     k-point:     9    nbnd_occ= 112
     k-point:    10    nbnd_occ= 112
     k-point:    11    nbnd_occ= 112
     k-point:    12    nbnd_occ= 112
     k-point:    13    nbnd_occ= 112
     k-point:    14    nbnd_occ= 112
     k-point:    15    nbnd_occ= 112
     k-point:    16    nbnd_occ= 112
     k-point:    17    nbnd_occ= 112
     k-point:    18    nbnd_occ= 112
     k-point:    19    nbnd_occ= 112
     k-point:    20    nbnd_occ= 112
     k-point:    21    nbnd_occ= 112
     k-point:    22    nbnd_occ= 112
     k-point:    23    nbnd_occ= 112
     k-point:    24    nbnd_occ= 112
     k-point:    25    nbnd_occ= 112
     k-point:    26    nbnd_occ= 112
     k-point:    27    nbnd_occ= 112
     k-point:    28    nbnd_occ= 112
     k-point:    29    nbnd_occ= 112
     k-point:    30    nbnd_occ= 112
     k-point:    31    nbnd_occ= 112
     k-point:    32    nbnd_occ= 112


     GIPAW job: efg                                                                             


     ELECTRIC FIELD GRADIENTS TENSORS IN Hartree/bohrradius^2:

     ----- bare term -----
     N    1       -0.054919       -0.134771        0.151716
     N    1       -0.134771        0.056256       -0.136404
     N    1        0.151716       -0.136404       -0.001338

     O    2       -0.050360       -0.278640        0.178265
     O    2       -0.278640        0.119073       -0.241853
     O    2        0.178265       -0.241853       -0.068713

     N    3       -0.143543       -0.471027        0.636122
     N    3       -0.471027        0.556499       -0.642511
     N    3        0.636122       -0.642511       -0.412956

     N    4       -0.144527        0.082432        0.235961
     N    4        0.082432        0.070353        0.147508
     N    4        0.235961        0.147508        0.074174

     O    5       -0.144142        0.058895        0.114640
     O    5        0.058895        0.147255        0.369535
     O    5        0.114640        0.369535       -0.003113

     N    6       -0.293548        0.449086        0.107286
     N    6        0.449086        0.218750        0.951970
     N    6        0.107286        0.951970        0.074798

     O    7       -0.037352       -0.294994        0.133453
     O    7       -0.294994        0.170237       -0.401401
     O    7        0.133453       -0.401401       -0.132885

     C    8       -0.085784       -0.071441        0.094920
     C    8       -0.071441        0.004671       -0.049235
     C    8        0.094920       -0.049235        0.081113

     H    9       -0.336707       -0.247471       -0.586805
     H    9       -0.247471        0.487424       -0.125081
     H    9       -0.586805       -0.125081       -0.150718

     H   10        0.251376        0.290468        0.247636
     H   10        0.290468       -0.643623       -0.401000
     H   10        0.247636       -0.401000        0.392246

     O   11       -0.273241        0.179582        0.070226
     O   11        0.179582        0.188246        0.305020
     O   11        0.070226        0.305020        0.084995

     C   12       -0.022845       -0.059730        0.072902
     C   12       -0.059730        0.025414        0.037727
     C   12        0.072902        0.037727       -0.002569

     H   13       -0.407236       -0.444534       -0.413082
     H   13       -0.444534        0.221724       -0.214272
     H   13       -0.413082       -0.214272        0.185512

     H   14        0.315952       -0.024033        0.178864
     H   14       -0.024033       -0.073841        0.613122
     H   14        0.178864        0.613122       -0.242111

     H   15        0.315947        0.024033        0.178863
     H   15        0.024033       -0.073837       -0.613120
     H   15        0.178863       -0.613120       -0.242110

     H   16       -0.407238        0.444534       -0.413083
     H   16        0.444534        0.221726        0.214273
     H   16       -0.413083        0.214273        0.185513

     C   17       -0.022847        0.059730        0.072901
     C   17        0.059730        0.025416       -0.037725
     C   17        0.072901       -0.037725       -0.002569

     O   18       -0.273235       -0.179581        0.070225
     O   18       -0.179581        0.188243       -0.305017
     O   18        0.070225       -0.305017        0.084992

     H   19        0.251379       -0.290469        0.247636
     H   19       -0.290469       -0.643624        0.400998
     H   19        0.247636        0.400998        0.392245

     H   20       -0.336707        0.247469       -0.586803
     H   20        0.247469        0.487422        0.125076
     H   20       -0.586803        0.125076       -0.150715

     C   21       -0.085780        0.071438        0.094921
     C   21        0.071438        0.004667        0.049231
     C   21        0.094921        0.049231        0.081113

     O   22       -0.037376        0.295111        0.133521
     O   22        0.295111        0.170317        0.401523
     O   22        0.133521        0.401523       -0.132941

     N   23       -0.293547       -0.449085        0.107287
     N   23       -0.449085        0.218751       -0.951967
     N   23        0.107287       -0.951967        0.074796

     O   24       -0.144145       -0.058893        0.114640
     O   24       -0.058893        0.147256       -0.369533
     O   24        0.114640       -0.369533       -0.003111

     N   25       -0.144529       -0.082433        0.235962
     N   25       -0.082433        0.070353       -0.147510
     N   25        0.235962       -0.147510        0.074176

     N   26       -0.143538        0.471021        0.636118
     N   26        0.471021        0.556498        0.642512
     N   26        0.636118        0.642512       -0.412960

     O   27       -0.050307        0.278527        0.178196
     O   27        0.278527        0.118991        0.241748
     O   27        0.178196        0.241748       -0.068683

     N   28       -0.054928        0.134769        0.151713
     N   28        0.134769        0.056254        0.136391
     N   28        0.151713        0.136391       -0.001326

     H   29        0.315952       -0.024033        0.178864
     H   29       -0.024033       -0.073841        0.613122
     H   29        0.178864        0.613122       -0.242111

     H   30       -0.407236       -0.444534       -0.413082
     H   30       -0.444534        0.221724       -0.214272
     H   30       -0.413082       -0.214272        0.185512

     C   31       -0.022845       -0.059730        0.072902
     C   31       -0.059730        0.025414        0.037727
     C   31        0.072902        0.037727       -0.002569

     O   32       -0.273241        0.179582        0.070226
     O   32        0.179582        0.188246        0.305020
     O   32        0.070226        0.305020        0.084995

     H   33        0.251376        0.290468        0.247636
     H   33        0.290468       -0.643623       -0.401000
     H   33        0.247636       -0.401000        0.392246

     H   34       -0.336707       -0.247471       -0.586805
     H   34       -0.247471        0.487424       -0.125081
     H   34       -0.586805       -0.125081       -0.150718

     C   35       -0.085784       -0.071441        0.094920
     C   35       -0.071441        0.004671       -0.049235
     C   35        0.094920       -0.049235        0.081113

     O   36       -0.037352       -0.294994        0.133453
     O   36       -0.294994        0.170237       -0.401401
     O   36        0.133453       -0.401401       -0.132885

     N   37       -0.293548        0.449086        0.107286
     N   37        0.449086        0.218750        0.951970
     N   37        0.107286        0.951970        0.074798

     O   38       -0.144142        0.058895        0.114640
     O   38        0.058895        0.147255        0.369535
     O   38        0.114640        0.369535       -0.003113

     N   39       -0.144527        0.082432        0.235961
     N   39        0.082432        0.070353        0.147508
     N   39        0.235961        0.147508        0.074174

     N   40       -0.143543       -0.471027        0.636122
     N   40       -0.471027        0.556499       -0.642511
     N   40        0.636122       -0.642511       -0.412956

     O   41       -0.050360       -0.278640        0.178265
     O   41       -0.278640        0.119073       -0.241853
     O   41        0.178265       -0.241853       -0.068713

     N   42       -0.054919       -0.134771        0.151716
     N   42       -0.134771        0.056256       -0.136404
     N   42        0.151716       -0.136404       -0.001338

     H   43        0.315947        0.024033        0.178863
     H   43        0.024033       -0.073837       -0.613120
     H   43        0.178863       -0.613120       -0.242110

     H   44       -0.407238        0.444534       -0.413083
     H   44        0.444534        0.221726        0.214273
     H   44       -0.413083        0.214273        0.185513

     C   45       -0.022847        0.059730        0.072901
     C   45        0.059730        0.025416       -0.037725
     C   45        0.072901       -0.037725       -0.002569

     O   46       -0.273235       -0.179581        0.070225
     O   46       -0.179581        0.188243       -0.305017
     O   46        0.070225       -0.305017        0.084992

     H   47        0.251379       -0.290469        0.247636
     H   47       -0.290469       -0.643624        0.400998
     H   47        0.247636        0.400998        0.392245

     H   48       -0.336707        0.247469       -0.586803
     H   48        0.247469        0.487422        0.125076
     H   48       -0.586803        0.125076       -0.150715

     C   49       -0.085780        0.071438        0.094921
     C   49        0.071438        0.004667        0.049231
     C   49        0.094921        0.049231        0.081113

     O   50       -0.037376        0.295111        0.133521
     O   50        0.295111        0.170317        0.401523
     O   50        0.133521        0.401523       -0.132941

     N   51       -0.293547       -0.449085        0.107287
     N   51       -0.449085        0.218751       -0.951967
     N   51        0.107287       -0.951967        0.074796

     O   52       -0.144145       -0.058893        0.114640
     O   52       -0.058893        0.147256       -0.369533
     O   52        0.114640       -0.369533       -0.003111

     N   53       -0.144529       -0.082433        0.235962
     N   53       -0.082433        0.070353       -0.147510
     N   53        0.235962       -0.147510        0.074176

     N   54       -0.143538        0.471021        0.636118
     N   54        0.471021        0.556498        0.642512
     N   54        0.636118        0.642512       -0.412960

     O   55       -0.050307        0.278527        0.178196
     O   55        0.278527        0.118991        0.241748
     O   55        0.178196        0.241748       -0.068683

     N   56       -0.054928        0.134769        0.151713
     N   56        0.134769        0.056254        0.136391
     N   56        0.151713        0.136391       -0.001326

     ----- ionic term -----
     N    1        0.194955        0.432425       -0.209786
     N    1        0.432425       -0.170528        0.437471
     N    1       -0.209786        0.437471       -0.024427

     O    2        0.400602        0.246082       -0.618211
     O    2        0.246082       -0.339948       -0.063090
     O    2       -0.618211       -0.063090       -0.060654

     N    3        0.137823        0.499599       -0.670182
     N    3        0.499599       -0.562454        0.671251
     N    3       -0.670182        0.671251        0.424631

     N    4        0.367589       -0.163126       -0.495868
     N    4       -0.163126       -0.151866       -0.425321
     N    4       -0.495868       -0.425321       -0.215723

     O    5       -0.433935        0.033624       -0.072960
     O    5        0.033624        0.079334       -0.702938
     O    5       -0.072960       -0.702938        0.354602

     N    6        0.319767       -0.448650       -0.097820
     N    6       -0.448650       -0.223206       -1.004047
     N    6       -0.097820       -1.004047       -0.096561

     O    7       -0.389873       -0.000714       -0.204554
     O    7       -0.000714       -0.228498        0.638325
     O    7       -0.204554        0.638325        0.618370

     C    8        0.151194        0.072265       -0.217794
     C    8        0.072265       -0.089585       -0.158467
     C    8       -0.217794       -0.158467       -0.061609

     H    9        0.465584        0.413756        0.964488
     H    9        0.413756       -0.711393        0.264651
     H    9        0.964488        0.264651        0.245809

     H   10       -0.476635       -0.464403       -0.337197
     H   10       -0.464403        1.027385        0.671147
     H   10       -0.337197        0.671147       -0.550750

     O   11        0.484763       -0.579346        0.335550
     O   11       -0.579346       -0.139319       -0.246810
     O   11        0.335550       -0.246810       -0.345444

     C   12       -0.023463       -0.151729       -0.075229
     C   12       -0.151729       -0.036244        0.092851
     C   12       -0.075229        0.092851        0.059707

     H   13        0.695319        0.764844        0.618272
     H   13        0.764844       -0.309361        0.345339
     H   13        0.618272        0.345339       -0.385959

     H   14       -0.537899        0.154935       -0.330275
     H   14        0.154935        0.178396       -0.993601
     H   14       -0.330275       -0.993601        0.359502

     H   15       -0.537899       -0.154935       -0.330275
     H   15       -0.154935        0.178396        0.993601
     H   15       -0.330275        0.993601        0.359502

     H   16        0.695319       -0.764844        0.618272
     H   16       -0.764844       -0.309361       -0.345339
     H   16        0.618272       -0.345339       -0.385959

     C   17       -0.023463        0.151729       -0.075229
     C   17        0.151729       -0.036244       -0.092851
     C   17       -0.075229       -0.092851        0.059707

     O   18        0.484763        0.579346        0.335550
     O   18        0.579346       -0.139319        0.246810
     O   18        0.335550        0.246810       -0.345444

     H   19       -0.476635        0.464403       -0.337197
     H   19        0.464403        1.027385       -0.671147
     H   19       -0.337197       -0.671147       -0.550750

     H   20        0.465584       -0.413756        0.964488
     H   20       -0.413756       -0.711393       -0.264651
     H   20        0.964488       -0.264651        0.245809

     C   21        0.151194       -0.072265       -0.217794
     C   21       -0.072265       -0.089585        0.158467
     C   21       -0.217794        0.158467       -0.061609

     O   22       -0.389873        0.000714       -0.204554
     O   22        0.000714       -0.228498       -0.638325
     O   22       -0.204554       -0.638325        0.618370

     N   23        0.319767        0.448650       -0.097820
     N   23        0.448650       -0.223206        1.004047
     N   23       -0.097820        1.004047       -0.096561

     O   24       -0.433935       -0.033624       -0.072960
     O   24       -0.033624        0.079334        0.702938
     O   24       -0.072960        0.702938        0.354602

     N   25        0.367589        0.163126       -0.495868
     N   25        0.163126       -0.151866        0.425321
     N   25       -0.495868        0.425321       -0.215723

     N   26        0.137823       -0.499599       -0.670182
     N   26       -0.499599       -0.562454       -0.671251
     N   26       -0.670182       -0.671251        0.424631

     O   27        0.400602       -0.246082       -0.618211
     O   27       -0.246082       -0.339948        0.063090
     O   27       -0.618211        0.063090       -0.060654

     N   28        0.194955       -0.432425       -0.209786
     N   28       -0.432425       -0.170528       -0.437471
     N   28       -0.209786       -0.437471       -0.024427

     H   29       -0.537899        0.154935       -0.330275
     H   29        0.154935        0.178396       -0.993601
     H   29       -0.330275       -0.993601        0.359502

     H   30        0.695319        0.764844        0.618272
     H   30        0.764844       -0.309361        0.345339
     H   30        0.618272        0.345339       -0.385959

     C   31       -0.023463       -0.151729       -0.075229
     C   31       -0.151729       -0.036244        0.092851
     C   31       -0.075229        0.092851        0.059707

     O   32        0.484763       -0.579346        0.335550
     O   32       -0.579346       -0.139319       -0.246810
     O   32        0.335550       -0.246810       -0.345444

     H   33       -0.476635       -0.464403       -0.337197
     H   33       -0.464403        1.027385        0.671147
     H   33       -0.337197        0.671147       -0.550750

     H   34        0.465584        0.413756        0.964488
     H   34        0.413756       -0.711393        0.264651
     H   34        0.964488        0.264651        0.245809

     C   35        0.151194        0.072265       -0.217794
     C   35        0.072265       -0.089585       -0.158467
     C   35       -0.217794       -0.158467       -0.061609

     O   36       -0.389873       -0.000714       -0.204554
     O   36       -0.000714       -0.228498        0.638325
     O   36       -0.204554        0.638325        0.618370

     N   37        0.319767       -0.448650       -0.097820
     N   37       -0.448650       -0.223206       -1.004047
     N   37       -0.097820       -1.004047       -0.096561

     O   38       -0.433935        0.033624       -0.072960
     O   38        0.033624        0.079334       -0.702938
     O   38       -0.072960       -0.702938        0.354602

     N   39        0.367589       -0.163126       -0.495868
     N   39       -0.163126       -0.151866       -0.425321
     N   39       -0.495868       -0.425321       -0.215723

     N   40        0.137823        0.499599       -0.670182
     N   40        0.499599       -0.562454        0.671251
     N   40       -0.670182        0.671251        0.424631

     O   41        0.400602        0.246082       -0.618211
     O   41        0.246082       -0.339948       -0.063090
     O   41       -0.618211       -0.063090       -0.060654

     N   42        0.194955        0.432425       -0.209786
     N   42        0.432425       -0.170528        0.437471
     N   42       -0.209786        0.437471       -0.024427

     H   43       -0.537899       -0.154935       -0.330275
     H   43       -0.154935        0.178396        0.993601
     H   43       -0.330275        0.993601        0.359502

     H   44        0.695319       -0.764844        0.618272
     H   44       -0.764844       -0.309361       -0.345339
     H   44        0.618272       -0.345339       -0.385959

     C   45       -0.023463        0.151729       -0.075229
     C   45        0.151729       -0.036244       -0.092851
     C   45       -0.075229       -0.092851        0.059707

     O   46        0.484763        0.579346        0.335550
     O   46        0.579346       -0.139319        0.246810
     O   46        0.335550        0.246810       -0.345444

     H   47       -0.476635        0.464403       -0.337197
     H   47        0.464403        1.027385       -0.671147
     H   47       -0.337197       -0.671147       -0.550750

     H   48        0.465584       -0.413756        0.964488
     H   48       -0.413756       -0.711393       -0.264651
     H   48        0.964488       -0.264651        0.245809

     C   49        0.151194       -0.072265       -0.217794
     C   49       -0.072265       -0.089585        0.158467
     C   49       -0.217794        0.158467       -0.061609

     O   50       -0.389873        0.000714       -0.204554
     O   50        0.000714       -0.228498       -0.638325
     O   50       -0.204554       -0.638325        0.618370

     N   51        0.319767        0.448650       -0.097820
     N   51        0.448650       -0.223206        1.004047
     N   51       -0.097820        1.004047       -0.096561

     O   52       -0.433935       -0.033624       -0.072960
     O   52       -0.033624        0.079334        0.702938
     O   52       -0.072960        0.702938        0.354602

     N   53        0.367589        0.163126       -0.495868
     N   53        0.163126       -0.151866        0.425321
     N   53       -0.495868        0.425321       -0.215723

     N   54        0.137823       -0.499599       -0.670182
     N   54       -0.499599       -0.562454       -0.671251
     N   54       -0.670182       -0.671251        0.424631

     O   55        0.400602       -0.246082       -0.618211
     O   55       -0.246082       -0.339948        0.063090
     O   55       -0.618211        0.063090       -0.060654

     N   56        0.194955       -0.432425       -0.209786
     N   56       -0.432425       -0.170528       -0.437471
     N   56       -0.209786       -0.437471       -0.024427

     ----- GIPAW term -----
     N    1        0.226443        0.468316       -0.124751
     N    1        0.468316       -0.204197        0.493189
     N    1       -0.124751        0.493189       -0.022246

     O    2        0.822511       -0.119105       -1.016069
     O    2       -0.119105       -0.485892       -0.777266
     O    2       -1.016069       -0.777266       -0.336619

     N    3        0.003206        0.081267       -0.000044
     N    3        0.081267        0.022121        0.043057
     N    3       -0.000044        0.043057       -0.025328

     N    4        0.333196       -0.156315       -0.409719
     N    4       -0.156315       -0.108500       -0.462847
     N    4       -0.409719       -0.462847       -0.224696

     O    5       -1.417612        0.243957        0.113512
     O    5        0.243957        0.565266       -0.721488
     O    5        0.113512       -0.721488        0.852346

     N    6        0.083688        0.033037       -0.026683
     N    6        0.033037       -0.042525       -0.054579
     N    6       -0.026683       -0.054579       -0.041163

     O    7       -1.031781       -0.747620       -0.124928
     O    7       -0.747620       -0.091984        0.503236
     O    7       -0.124928        0.503236        1.123765

     C    8        0.065143       -0.004480       -0.138235
     C    8       -0.004480       -0.090300       -0.239067
     C    8       -0.138235       -0.239067        0.025156

     H    9        0.000000        0.000000        0.000000
     H    9        0.000000       -0.000000        0.000000
     H    9        0.000000        0.000000       -0.000000

     H   10        0.000000        0.000000        0.000000
     H   10        0.000000       -0.000000        0.000000
     H   10        0.000000        0.000000       -0.000000

     O   11        0.472959       -0.920395        0.992713
     O   11       -0.920395        0.142789        0.208581
     O   11        0.992713        0.208581       -0.615748

     C   12       -0.052086       -0.247902       -0.002785
     C   12       -0.247902       -0.013650        0.149332
     C   12       -0.002785        0.149332        0.065737

     H   13        0.000000        0.000000        0.000000
     H   13        0.000000       -0.000000        0.000000
     H   13        0.000000        0.000000       -0.000000

     H   14        0.000000        0.000000        0.000000
     H   14        0.000000       -0.000000        0.000000
     H   14        0.000000        0.000000       -0.000000

     H   15        0.000000        0.000000        0.000000
     H   15        0.000000       -0.000000        0.000000
     H   15        0.000000        0.000000       -0.000000

     H   16        0.000000        0.000000        0.000000
     H   16        0.000000       -0.000000        0.000000
     H   16        0.000000        0.000000       -0.000000

     C   17       -0.052084        0.247903       -0.002785
     C   17        0.247903       -0.013650       -0.149330
     C   17       -0.002785       -0.149330        0.065734

     O   18        0.472968        0.920399        0.992711
     O   18        0.920399        0.142780       -0.208569
     O   18        0.992711       -0.208569       -0.615748

     H   19        0.000000        0.000000        0.000000
     H   19        0.000000       -0.000000        0.000000
     H   19        0.000000        0.000000       -0.000000

     H   20        0.000000        0.000000        0.000000
     H   20        0.000000       -0.000000        0.000000
     H   20        0.000000        0.000000       -0.000000

     C   21        0.065149        0.004479       -0.138235
     C   21        0.004479       -0.090304        0.239068
     C   21       -0.138235        0.239068        0.025155

     O   22       -1.031839        0.747892       -0.124780
     O   22        0.747892       -0.091806       -0.502955
     O   22       -0.124780       -0.502955        1.123645

     N   23        0.083690       -0.033034       -0.026683
     N   23       -0.033034       -0.042524        0.054580
     N   23       -0.026683        0.054580       -0.041166

     O   24       -1.417617       -0.243954        0.113511
     O   24       -0.243954        0.565264        0.721483
     O   24        0.113511        0.721483        0.852353

     N   25        0.333195        0.156315       -0.409716
     N   25        0.156315       -0.108501        0.462845
     N   25       -0.409716        0.462845       -0.224693

     N   26        0.003262       -0.081290       -0.000067
     N   26       -0.081290        0.022109       -0.043023
     N   26       -0.000067       -0.043023       -0.025371

     O   27        0.822646        0.118843       -1.016227
     O   27        0.118843       -0.486079        0.777033
     O   27       -1.016227        0.777033       -0.336567

     N   28        0.226444       -0.468322       -0.124757
     N   28       -0.468322       -0.204204       -0.493196
     N   28       -0.124757       -0.493196       -0.022241

     H   29        0.000000        0.000000        0.000000
     H   29        0.000000       -0.000000        0.000000
     H   29        0.000000        0.000000       -0.000000

     H   30        0.000000        0.000000        0.000000
     H   30        0.000000       -0.000000        0.000000
     H   30        0.000000        0.000000       -0.000000

     C   31       -0.052086       -0.247902       -0.002785
     C   31       -0.247902       -0.013650        0.149332
     C   31       -0.002785        0.149332        0.065737

     O   32        0.472959       -0.920395        0.992713
     O   32       -0.920395        0.142789        0.208581
     O   32        0.992713        0.208581       -0.615748

     H   33        0.000000        0.000000        0.000000
     H   33        0.000000       -0.000000        0.000000
     H   33        0.000000        0.000000       -0.000000

     H   34        0.000000        0.000000        0.000000
     H   34        0.000000       -0.000000        0.000000
     H   34        0.000000        0.000000       -0.000000

     C   35        0.065143       -0.004480       -0.138235
     C   35       -0.004480       -0.090300       -0.239067
     C   35       -0.138235       -0.239067        0.025156

     O   36       -1.031781       -0.747620       -0.124928
     O   36       -0.747620       -0.091984        0.503236
     O   36       -0.124928        0.503236        1.123765

     N   37        0.083688        0.033037       -0.026683
     N   37        0.033037       -0.042525       -0.054579
     N   37       -0.026683       -0.054579       -0.041163

     O   38       -1.417612        0.243957        0.113512
     O   38        0.243957        0.565266       -0.721488
     O   38        0.113512       -0.721488        0.852346

     N   39        0.333196       -0.156315       -0.409719
     N   39       -0.156315       -0.108500       -0.462847
     N   39       -0.409719       -0.462847       -0.224696

     N   40        0.003206        0.081267       -0.000044
     N   40        0.081267        0.022121        0.043057
     N   40       -0.000044        0.043057       -0.025328

     O   41        0.822511       -0.119105       -1.016069
     O   41       -0.119105       -0.485892       -0.777267
     O   41       -1.016069       -0.777267       -0.336619

     N   42        0.226443        0.468316       -0.124751
     N   42        0.468316       -0.204197        0.493189
     N   42       -0.124751        0.493189       -0.022246

     H   43        0.000000        0.000000        0.000000
     H   43        0.000000       -0.000000        0.000000
     H   43        0.000000        0.000000       -0.000000

     H   44        0.000000        0.000000        0.000000
     H   44        0.000000       -0.000000        0.000000
     H   44        0.000000        0.000000       -0.000000

     C   45       -0.052084        0.247903       -0.002785
     C   45        0.247903       -0.013650       -0.149330
     C   45       -0.002785       -0.149330        0.065734

     O   46        0.472968        0.920399        0.992711
     O   46        0.920399        0.142780       -0.208569
     O   46        0.992711       -0.208569       -0.615748

     H   47        0.000000        0.000000        0.000000
     H   47        0.000000       -0.000000        0.000000
     H   47        0.000000        0.000000       -0.000000

     H   48        0.000000        0.000000        0.000000
     H   48        0.000000       -0.000000        0.000000
     H   48        0.000000        0.000000       -0.000000

     C   49        0.065149        0.004479       -0.138235
     C   49        0.004479       -0.090304        0.239068
     C   49       -0.138235        0.239068        0.025155

     O   50       -1.031839        0.747892       -0.124780
     O   50        0.747892       -0.091806       -0.502955
     O   50       -0.124780       -0.502955        1.123645

     N   51        0.083690       -0.033034       -0.026683
     N   51       -0.033034       -0.042524        0.054580
     N   51       -0.026683        0.054580       -0.041166

     O   52       -1.417617       -0.243954        0.113511
     O   52       -0.243954        0.565264        0.721483
     O   52        0.113511        0.721483        0.852353

     N   53        0.333195        0.156315       -0.409716
     N   53        0.156315       -0.108501        0.462845
     N   53       -0.409716        0.462845       -0.224693

     N   54        0.003262       -0.081290       -0.000067
     N   54       -0.081290        0.022109       -0.043023
     N   54       -0.000067       -0.043023       -0.025371

     O   55        0.822646        0.118843       -1.016227
     O   55        0.118843       -0.486079        0.777033
     O   55       -1.016227        0.777033       -0.336567

     N   56        0.226444       -0.468322       -0.124757
     N   56       -0.468322       -0.204204       -0.493196
     N   56       -0.124757       -0.493196       -0.022241

     ----- total EFG -----
     N    1        0.366479        0.765970       -0.182821
     N    1        0.765970       -0.318468        0.794256
     N    1       -0.182821        0.794256       -0.048010

     O    2        1.172752       -0.151663       -1.456015
     O    2       -0.151663       -0.706766       -1.082210
     O    2       -1.456015       -1.082210       -0.465986

     N    3       -0.002514        0.109839       -0.034104
     N    3        0.109839        0.016167        0.071798
     N    3       -0.034104        0.071798       -0.013653

     N    4        0.556258       -0.237009       -0.669626
     N    4       -0.237009       -0.190013       -0.740659
     N    4       -0.669626       -0.740659       -0.366245

     O    5       -1.995690        0.336476        0.155193
     O    5        0.336476        0.791855       -1.054891
     O    5        0.155193       -1.054891        1.203835

     N    6        0.109907        0.033472       -0.017217
     N    6        0.033472       -0.046982       -0.106656
     N    6       -0.017217       -0.106656       -0.062925

     O    7       -1.459005       -1.043328       -0.196029
     O    7       -1.043328       -0.150244        0.740161
     O    7       -0.196029        0.740161        1.609250

     C    8        0.130553       -0.003657       -0.261109
     C    8       -0.003657       -0.175214       -0.446769
     C    8       -0.261109       -0.446769        0.044661

     H    9        0.128877        0.166285        0.377683
     H    9        0.166285       -0.223968        0.139569
     H    9        0.377683        0.139569        0.095091

     H   10       -0.225259       -0.173935       -0.089561
     H   10       -0.173935        0.383762        0.270148
     H   10       -0.089561        0.270148       -0.158504

     O   11        0.684481       -1.320159        1.398488
     O   11       -1.320159        0.191716        0.266791
     O   11        1.398488        0.266791       -0.876197

     C   12       -0.098395       -0.459361       -0.005112
     C   12       -0.459361       -0.024480        0.279910
     C   12       -0.005112        0.279910        0.122875

     H   13        0.288083        0.320309        0.205190
     H   13        0.320309       -0.087636        0.131067
     H   13        0.205190        0.131067       -0.200446

     H   14       -0.221947        0.130902       -0.151411
     H   14        0.130902        0.104555       -0.380479
     H   14       -0.151411       -0.380479        0.117391

     H   15       -0.221951       -0.130902       -0.151412
     H   15       -0.130902        0.104559        0.380481
     H   15       -0.151412        0.380481        0.117392

     H   16        0.288081       -0.320309        0.205189
     H   16       -0.320309       -0.087635       -0.131066
     H   16        0.205189       -0.131066       -0.200446

     C   17       -0.098395        0.459362       -0.005113
     C   17        0.459362       -0.024478       -0.279906
     C   17       -0.005113       -0.279906        0.122872

     O   18        0.684497        1.320163        1.398486
     O   18        1.320163        0.191704       -0.266776
     O   18        1.398486       -0.266776       -0.876200

     H   19       -0.225256        0.173934       -0.089561
     H   19        0.173934        0.383761       -0.270149
     H   19       -0.089561       -0.270149       -0.158505

