
     Program QE v.5.3.0 (svn rev. 11974) starts on 18Apr2016 at 15:25:30 

     This program is part of the open-source Quantum ESPRESSO suite
     for quantum simulation of materials; please cite
         "P. Giannozzi et al., J. Phys.:Condens. Matter 21 395502 (2009);
          URL http://www.quantum-espresso.org", 
     in publications or presentations arising from this work. More details at
     http://www.quantum-espresso.org/quote

     Parallel version (MPI), running on    16 processors
     R & G space division:  proc/nbgrp/npool/nimage =      16

     ***** This is GIPAW svn revision unknown      *****

     Parallelizing q-star over 1 images
     Message from routine gipaw_readin:
     *** iverbosity is obsolete, use verbosity instead ***

     Reading data from directory:
     ./scratch/ecut100-scf.save
     Message from routine read_xml_file:
     file ./scratch/ecut100-scf.save not guaranteed to be safe for post-processing

   Info: using nr1, nr2, nr3 values from input

   Info: using nr1, nr2, nr3 values from input

     IMPORTANT: XC functional enforced from input :
     Exchange-correlation      =  SLA  PW   PBX  PBC ( 1  4  3  4 0 0)
     Any further DFT definition will be discarded
     Please, verify this is what you really want


     Parallelization info
     --------------------
     sticks:   dense  smooth     PW     G-vecs:    dense   smooth      PW
     Min         745     372     98               163911    57944    7810
     Max         746     373     99               163918    57981    7815
     Sum       11925    5965   1573              2622595   927433  124975


     Subspace diagonalization in iterative solution of the eigenvalue problem:
     a serial algorithm will be used

     GIPAW projectors -----------------------------------------------
     atom=  Cl   l=0  rc=    1.3400  rs=    0.8933
     atom=  Cl   l=0  rc=    1.3400  rs=    0.8933
     atom=  Cl   l=1  rc=    1.3400  rs=    0.8933
     atom=  Cl   l=1  rc=    1.3400  rs=    0.8933
     atom=  Cl   l=2  rc=    1.4000  rs=    0.9333
     projs nearly linearly dependent: l=1  n1,n2= 1, 2  s= -0.99868369

     atom=  C    l=0  rc=    1.7500  rs=    1.1667
     atom=  C    l=0  rc=    1.7500  rs=    1.1667
     atom=  C    l=1  rc=    1.7500  rs=    1.1667
     atom=  C    l=1  rc=    1.7500  rs=    1.1667
     projs nearly linearly dependent: l=1  n1,n2= 1, 2  s= -0.99430547

     atom=  Mn   l=0  rc=    1.6000  rs=    1.0667
     atom=  Mn   l=1  rc=    1.6000  rs=    1.0667
     atom=  Mn   l=2  rc=    1.6000  rs=    1.0667
     atom=  Mn   l=0  rc=    1.6000  rs=    1.0667
     atom=  Mn   l=1  rc=    1.6000  rs=    1.0667
     atom=  Mn   l=2  rc=    1.6000  rs=    1.0667

     atom=  H    l=0  rc=    1.2000  rs=    0.8000
     atom=  H    l=0  rc=    1.2000  rs=    0.8000
     projs nearly linearly dependent: l=0  n1,n2= 1, 2  s= -0.99707079

     atom=  N    l=0  rc=    1.5000  rs=    1.0000
     atom=  N    l=0  rc=    1.5000  rs=    1.0000
     atom=  N    l=1  rc=    1.5000  rs=    1.0000
     atom=  N    l=1  rc=    1.5000  rs=    1.0000
     projs nearly linearly dependent: l=1  n1,n2= 1, 2  s= -0.99478590
     -----------------------------------------------------------------

     alpha_pv=    159.7485 eV

     GIPAW job: efg                                                                             


     ELECTRIC FIELD GRADIENTS TENSORS IN Hartree/bohrradius^2:

     ----- bare term -----
     Cl   1       -0.056493       -0.032264       -0.001237
     Cl   1       -0.032264       -0.051932        0.000501
     Cl   1       -0.001237        0.000501        0.108425

     Cl   2        0.030883        0.000030       -0.000110
     Cl   2        0.000030       -0.026954        0.001735
     Cl   2       -0.000110        0.001735       -0.003929

     N    3        0.020996       -0.000024        0.000039
     N    3       -0.000024       -0.076874       -0.012968
     N    3        0.000039       -0.012968        0.055879

     C    4        0.045060       -0.000037        0.000010
     C    4       -0.000037        0.013597        0.023092
     C    4        0.000010        0.023092       -0.058656

     H    5        0.678631        0.000027       -0.000045
     H    5        0.000027       -1.307572        0.162140
     H    5       -0.000045        0.162140        0.628941

     H    6       -0.523152       -0.311711        0.829738
     H    6       -0.311711        0.438603        0.211356
     H    6        0.829738        0.211356        0.084549

     H    7        0.470195        0.000035        0.000025
     H    7        0.000035       -0.754527        0.248903
     H    7        0.000025        0.248903        0.284332

     H    8       -0.289362       -0.158992        0.499605
     H    8       -0.158992        0.411692        0.085734
     H    8        0.499605        0.085734       -0.122331

     Mn   9       -0.018087        0.006000       -0.000772
     Mn   9        0.006000       -0.015085        0.011225
     Mn   9       -0.000772        0.011225        0.033172

     Mn  10        0.018607        0.000950        0.007016
     Mn  10        0.000950        0.011002       -0.003560
     Mn  10        0.007016       -0.003560       -0.029608

     H   11       -0.523198        0.311510       -0.829717
     H   11        0.311510        0.438665        0.211194
     H   11       -0.829717        0.211194        0.084533

     H   12       -0.289355        0.158986       -0.499593
     H   12        0.158986        0.411695        0.085746
     H   12       -0.499593        0.085746       -0.122340

     Cl  13       -0.056145        0.031411        0.001635
     Cl  13        0.031411       -0.052012        0.001215
     Cl  13        0.001635        0.001215        0.108156

     Cl  14       -0.056493       -0.032264       -0.001237
     Cl  14       -0.032264       -0.051932        0.000501
     Cl  14       -0.001237        0.000501        0.108425

     Cl  15       -0.056145        0.031411        0.001635
     Cl  15        0.031411       -0.052012        0.001215
     Cl  15        0.001635        0.001215        0.108156

     Cl  16        0.030883        0.000030       -0.000110
     Cl  16        0.000030       -0.026954        0.001735
     Cl  16       -0.000110        0.001735       -0.003929

     H   17       -0.290437       -0.159251       -0.499066
     H   17       -0.159251        0.412247       -0.085779
     H   17       -0.499066       -0.085779       -0.121809

     H   18       -0.530675       -0.311798       -0.833150
     H   18       -0.311798        0.438757       -0.211768
     H   18       -0.833150       -0.211768        0.091918

     H   19       -0.290441        0.159255        0.499071
     H   19        0.159255        0.412241       -0.085771
     H   19        0.499071       -0.085771       -0.121800

     H   20        0.468975       -0.000005        0.000015
     H   20       -0.000005       -0.755345       -0.249152
     H   20        0.000015       -0.249152        0.286370

     H   21       -0.530668        0.311873        0.833167
     H   21        0.311873        0.438732       -0.211824
     H   21        0.833167       -0.211824        0.091936

     H   22        0.676022        0.000007       -0.000014
     H   22        0.000007       -1.309199       -0.161377
     H   22       -0.000014       -0.161377        0.633177

     C   23        0.040297        0.000005        0.000018
     C   23        0.000005        0.014964       -0.024856
     C   23        0.000018       -0.024856       -0.055261

     N   24        0.018302        0.000022        0.000015
     N   24        0.000022       -0.076891        0.015224
     N   24        0.000015        0.015224        0.058590

     H   25       -0.289072       -0.158673       -0.499516
     H   25       -0.158673        0.412160       -0.085692
     H   25       -0.499516       -0.085692       -0.123088

     H   26       -0.521853       -0.311195       -0.828970
     H   26       -0.311195        0.437571       -0.210975
     H   26       -0.828970       -0.210975        0.084282

     H   27       -0.289063        0.158662        0.499522
     H   27        0.158662        0.412155       -0.085702
     H   27        0.499522       -0.085702       -0.123092

     H   28        0.470609       -0.000013       -0.000031
     H   28       -0.000013       -0.754252       -0.250030
     H   28       -0.000031       -0.250030        0.283643

     H   29       -0.521946        0.311029        0.829003
     H   29        0.311029        0.437651       -0.210820
     H   29        0.829003       -0.210820        0.084295

     H   30        0.679263       -0.000029        0.000045
     H   30       -0.000029       -1.307372       -0.161680
     H   30        0.000045       -0.161680        0.628109

     C   31        0.045257       -0.000012       -0.000012
     C   31       -0.000012        0.012943       -0.024058
     C   31       -0.000012       -0.024058       -0.058200

     N   32        0.023513       -0.000059        0.000004
     N   32       -0.000059       -0.078805        0.014361
     N   32        0.000004        0.014361        0.055293

     H   33       -0.289128        0.159378       -0.500114
     H   33        0.159378        0.410610        0.086400
     H   33       -0.500114        0.086400       -0.121481

     H   34       -0.523788        0.312996       -0.830080
     H   34        0.312996        0.431191        0.212708
     H   34       -0.830080        0.212708        0.092597

     H   35       -0.289124       -0.159374        0.500112
     H   35       -0.159374        0.410610        0.086405
     H   35        0.500112        0.086405       -0.121486

     H   36        0.471826        0.000008       -0.000016
     H   36        0.000008       -0.756955        0.251299
     H   36       -0.000016        0.251299        0.285129

     H   37       -0.523815       -0.312926        0.830087
     H   37       -0.312926        0.431216        0.212638
     H   37        0.830087        0.212638        0.092599

     H   38        0.681583        0.000014        0.000018
     H   38        0.000014       -1.314736        0.157489
     H   38        0.000018        0.157489        0.633154

     C   39        0.042709        0.000010       -0.000008
     C   39        0.000010        0.012192        0.026481
     C   39       -0.000008        0.026481       -0.054901

     N   40        0.025541        0.000043        0.000016
     N   40        0.000043       -0.083948       -0.015462
     N   40        0.000016       -0.015462        0.058407

     H   41       -0.289355        0.158986       -0.499593
     H   41        0.158986        0.411695        0.085746
     H   41       -0.499593        0.085746       -0.122340

     H   42       -0.523198        0.311510       -0.829717
     H   42        0.311510        0.438665        0.211194
     H   42       -0.829717        0.211194        0.084533

     H   43       -0.289362       -0.158992        0.499605
     H   43       -0.158992        0.411692        0.085734
     H   43        0.499605        0.085734       -0.122331

     H   44        0.470195        0.000035        0.000025
     H   44        0.000035       -0.754527        0.248903
     H   44        0.000025        0.248903        0.284332

     H   45       -0.523152       -0.311711        0.829738
     H   45       -0.311711        0.438603        0.211356
     H   45        0.829738        0.211356        0.084549

     H   46        0.678631        0.000027       -0.000045
     H   46        0.000027       -1.307572        0.162140
     H   46       -0.000045        0.162140        0.628941

     C   47        0.045060       -0.000037        0.000010
     C   47       -0.000037        0.013597        0.023092
     C   47        0.000010        0.023092       -0.058656

     N   48        0.020996       -0.000024        0.000039
     N   48       -0.000024       -0.076874       -0.012968
     N   48        0.000039       -0.012968        0.055879

     Cl  49        0.030765       -0.000100        0.000010
     Cl  49       -0.000100       -0.022531       -0.004253
     Cl  49        0.000010       -0.004253       -0.008234

     H   50       -0.290437       -0.159251       -0.499066
     H   50       -0.159251        0.412247       -0.085779
     H   50       -0.499066       -0.085779       -0.121809

     H   51       -0.530675       -0.311798       -0.833150
     H   51       -0.311798        0.438757       -0.211768
     H   51       -0.833150       -0.211768        0.091918

     H   52       -0.290441        0.159255        0.499071
     H   52        0.159255        0.412241       -0.085771
     H   52        0.499071       -0.085771       -0.121800

     H   53        0.468975       -0.000005        0.000015
     H   53       -0.000005       -0.755345       -0.249152
     H   53        0.000015       -0.249152        0.286370

     H   54       -0.530668        0.311873        0.833167
     H   54        0.311873        0.438732       -0.211824
     H   54        0.833167       -0.211824        0.091936

     H   55        0.676022        0.000007       -0.000014
     H   55        0.000007       -1.309199       -0.161377
     H   55       -0.000014       -0.161377        0.633177

     C   56        0.040297        0.000005        0.000018
     C   56        0.000005        0.014964       -0.024856
     C   56        0.000018       -0.024856       -0.055261

     N   57        0.018302        0.000022        0.000015
     N   57        0.000022       -0.076891        0.015224
     N   57        0.000015        0.015224        0.058590

     Cl  58        0.030765       -0.000100        0.000010
     Cl  58       -0.000100       -0.022531       -0.004253
     Cl  58        0.000010       -0.004253       -0.008234

     Cl  59        0.030068       -0.001182       -0.000000
     Cl  59       -0.001182       -0.029751       -0.001388
     Cl  59       -0.000000       -0.001388       -0.000317

     H   60       -0.289072       -0.158673       -0.499516
     H   60       -0.158673        0.412160       -0.085692
     H   60       -0.499516       -0.085692       -0.123088

     H   61       -0.521853       -0.311195       -0.828970
     H   61       -0.311195        0.437571       -0.210975
     H   61       -0.828970       -0.210975        0.084282

     H   62       -0.289063        0.158662        0.499522
     H   62        0.158662        0.412155       -0.085702
     H   62        0.499522       -0.085702       -0.123092

     H   63        0.470609       -0.000013       -0.000031
     H   63       -0.000013       -0.754252       -0.250030
     H   63       -0.000031       -0.250030        0.283643

     H   64       -0.521946        0.311029        0.829003
     H   64        0.311029        0.437651       -0.210820
     H   64        0.829003       -0.210820        0.084295

     H   65        0.679263       -0.000029        0.000045
     H   65       -0.000029       -1.307372       -0.161680
     H   65        0.000045       -0.161680        0.628109

     C   66        0.045257       -0.000012       -0.000012
     C   66       -0.000012        0.012943       -0.024058
     C   66       -0.000012       -0.024058       -0.058200

     N   67        0.023513       -0.000059        0.000004
     N   67       -0.000059       -0.078805        0.014361
     N   67        0.000004        0.014361        0.055293

     Cl  68        0.030068       -0.001182       -0.000000
     Cl  68       -0.001182       -0.029751       -0.001388
     Cl  68       -0.000000       -0.001388       -0.000317

     Cl  69        0.033798        0.000157       -0.000048
     Cl  69        0.000157       -0.027789        0.002833
     Cl  69       -0.000048        0.002833       -0.006009

     Cl  70       -0.061105        0.045439        0.000355
     Cl  70        0.045439       -0.060955        0.001238
     Cl  70        0.000355        0.001238        0.122059

     Cl  71       -0.061360       -0.044768       -0.000218
     Cl  71       -0.044768       -0.060566        0.000722
     Cl  71       -0.000218        0.000722        0.121926

     Cl  72       -0.061105        0.045439        0.000355
     Cl  72        0.045439       -0.060955        0.001238
     Cl  72        0.000355        0.001238        0.122059

     H   73       -0.289128        0.159378       -0.500114
     H   73        0.159378        0.410610        0.086400
     H   73       -0.500114        0.086400       -0.121481

     H   74       -0.523788        0.312996       -0.830080
     H   74        0.312996        0.431191        0.212708
     H   74       -0.830080        0.212708        0.092597

     Mn  75       -0.008748       -0.001622        0.001291
     Mn  75       -0.001622       -0.000324       -0.011799
     Mn  75        0.001291       -0.011799        0.009072

     Mn  76        0.032061       -0.001634        0.001316
     Mn  76       -0.001634       -0.014347        0.013799
     Mn  76        0.001316        0.013799       -0.017713

     H   77       -0.289124       -0.159374        0.500112
     H   77       -0.159374        0.410610        0.086405
     H   77        0.500112        0.086405       -0.121486

     H   78        0.471826        0.000008       -0.000016
     H   78        0.000008       -0.756955        0.251299
     H   78       -0.000016        0.251299        0.285129

     H   79       -0.523815       -0.312926        0.830087
     H   79       -0.312926        0.431216        0.212638
     H   79        0.830087        0.212638        0.092599

     H   80        0.681583        0.000014        0.000018
     H   80        0.000014       -1.314736        0.157489
     H   80        0.000018        0.157489        0.633154

     C   81        0.042709        0.000010       -0.000008
     C   81        0.000010        0.012192        0.026481
     C   81       -0.000008        0.026481       -0.054901

     N   82        0.025541        0.000043        0.000016
     N   82        0.000043       -0.083948       -0.015462
     N   82        0.000016       -0.015462        0.058407

     Cl  83        0.033798        0.000157       -0.000048
     Cl  83        0.000157       -0.027789        0.002833
     Cl  83       -0.000048        0.002833       -0.006009

     Cl  84       -0.061360       -0.044768       -0.000218
     Cl  84       -0.044768       -0.060566        0.000722
     Cl  84       -0.000218        0.000722        0.121926

     ----- ionic term -----
     Cl   1        0.157309        0.299377        0.000018
     Cl   1        0.299377        0.174764       -0.000046
     Cl   1        0.000018       -0.000046       -0.332073

     Cl   2       -0.158462       -0.000000        0.000000
     Cl   2       -0.000000       -0.072317       -0.060062
     Cl   2        0.000000       -0.060062        0.230779

     N    3       -0.054268       -0.000000       -0.000000
     N    3       -0.000000        0.041837        0.119292
     N    3       -0.000000        0.119292        0.012430

     C    4       -0.167922        0.000000        0.000000
     C    4        0.000000       -0.061606        0.157909
     C    4        0.000000        0.157909        0.229528

     H    5       -0.797593        0.000000       -0.000000
     H    5        0.000000        1.508501       -0.181109
     H    5       -0.000000       -0.181109       -0.710908

     H    6        0.695693        0.385533       -1.044498
     H    6        0.385533       -0.553934       -0.256804
     H    6       -1.044498       -0.256804       -0.141759

     H    7       -0.618468        0.000000        0.000000
     H    7        0.000000        0.952675       -0.354131
     H    7        0.000000       -0.354131       -0.334206

     H    8        0.404923        0.234393       -0.669672
     H    8        0.234393       -0.544757       -0.124042
     H    8       -0.669672       -0.124042        0.139834

     Mn   9        0.020415        0.000000        0.000000
     Mn   9        0.000000        0.028762       -0.013874
     Mn   9        0.000000       -0.013874       -0.049178

     Mn  10        0.020455        0.000000        0.000000
     Mn  10        0.000000        0.028762        0.013944
     Mn  10        0.000000        0.013944       -0.049217

     H   11        0.695693       -0.385533        1.044498
     H   11       -0.385533       -0.553934       -0.256804
     H   11        1.044498       -0.256804       -0.141759

     H   12        0.404923       -0.234393        0.669672
     H   12       -0.234393       -0.544757       -0.124042
     H   12        0.669672       -0.124042        0.139834

     Cl  13        0.157309       -0.299377       -0.000018
     Cl  13       -0.299377        0.174764       -0.000046
     Cl  13       -0.000018       -0.000046       -0.332073

     Cl  14        0.157309        0.299377        0.000018
     Cl  14        0.299377        0.174764       -0.000046
     Cl  14        0.000018       -0.000046       -0.332073

     Cl  15        0.157309       -0.299377       -0.000018
     Cl  15       -0.299377        0.174764       -0.000046
     Cl  15       -0.000018       -0.000046       -0.332073

     Cl  16       -0.158462       -0.000000       -0.000000
     Cl  16       -0.000000       -0.072317       -0.060062
     Cl  16       -0.000000       -0.060062        0.230779

     H   17        0.404768        0.234371        0.669596
     H   17        0.234371       -0.544683        0.124047
     H   17        0.669596        0.124047        0.139915

     H   18        0.695541        0.385572        1.044460
     H   18        0.385572       -0.553905        0.256864
     H   18        1.044460        0.256864       -0.141636

     H   19        0.404768       -0.234371       -0.669596
     H   19       -0.234371       -0.544683        0.124047
     H   19       -0.669596        0.124047        0.139915

     H   20       -0.618538       -0.000000        0.000000
     H   20       -0.000000        0.952773        0.354132
     H   20        0.000000        0.354132       -0.334235

     H   21        0.695541       -0.385572       -1.044460
     H   21       -0.385572       -0.553905        0.256864
     H   21       -1.044460        0.256864       -0.141636

     H   22       -0.797706        0.000000       -0.000000
     H   22        0.000000        1.508663        0.181010
     H   22       -0.000000        0.181010       -0.710957

     C   23       -0.168023       -0.000000        0.000000
     C   23       -0.000000       -0.061523       -0.157900
     C   23        0.000000       -0.157900        0.229546

     N   24       -0.054363       -0.000000        0.000000
     N   24       -0.000000        0.041891       -0.119287
     N   24        0.000000       -0.119287        0.012472

     H   25        0.404739        0.233924        0.669684
     H   25        0.233924       -0.544739        0.123755
     H   25        0.669684        0.123755        0.140000

     H   26        0.695347        0.384926        1.044421
     H   26        0.384926       -0.553954        0.256261
     H   26        1.044421        0.256261       -0.141393

     H   27        0.404739       -0.233924       -0.669684
     H   27       -0.233924       -0.544739        0.123755
     H   27       -0.669684        0.123755        0.140000

     H   28       -0.618625       -0.000000       -0.000000
     H   28       -0.000000        0.952849        0.354921
     H   28       -0.000000        0.354921       -0.334224

     H   29        0.695347       -0.384926       -1.044421
     H   29       -0.384926       -0.553954        0.256261
     H   29       -1.044421        0.256261       -0.141393

     H   30       -0.797900       -0.000000        0.000000
     H   30       -0.000000        1.508709        0.182005
     H   30        0.000000        0.182005       -0.710809

     C   31       -0.168064        0.000000       -0.000000
     C   31        0.000000       -0.061128       -0.158063
     C   31       -0.000000       -0.158063        0.229192

     N   32       -0.054509       -0.000000        0.000000
     N   32       -0.000000        0.042251       -0.119486
     N   32       -0.000000       -0.119486        0.012257

     H   33        0.404668       -0.234749        0.669440
     H   33       -0.234749       -0.544547       -0.124301
     H   33        0.669440       -0.124301        0.139879

     H   34        0.695285       -0.386169        1.044013
     H   34       -0.386169       -0.553379       -0.257472
     H   34        1.044013       -0.257472       -0.141906

     H   35        0.404668        0.234749       -0.669440
     H   35        0.234749       -0.544547       -0.124301
     H   35       -0.669440       -0.124301        0.139879

     H   36       -0.618605       -0.000000       -0.000000
     H   36       -0.000000        0.953013       -0.353489
     H   36       -0.000000       -0.353489       -0.334408

     H   37        0.695285        0.386169       -1.044013
     H   37        0.386169       -0.553379       -0.257472
     H   37       -1.044013       -0.257472       -0.141906

     H   38       -0.797781        0.000000        0.000000
     H   38        0.000000        1.509267       -0.180110
     H   38        0.000000       -0.180110       -0.711486

     C   39       -0.168107       -0.000000       -0.000000
     C   39       -0.000000       -0.061649        0.157818
     C   39       -0.000000        0.157818        0.229756

     N   40       -0.054495       -0.000000       -0.000000
     N   40       -0.000000        0.042002        0.119170
     N   40       -0.000000        0.119170        0.012493

     H   41        0.404923       -0.234393        0.669672
     H   41       -0.234393       -0.544757       -0.124042
     H   41        0.669672       -0.124042        0.139834

     H   42        0.695693       -0.385533        1.044498
     H   42       -0.385533       -0.553934       -0.256804
     H   42        1.044498       -0.256804       -0.141759

     H   43        0.404923        0.234393       -0.669672
     H   43        0.234393       -0.544757       -0.124042
     H   43       -0.669672       -0.124042        0.139834

     H   44       -0.618468       -0.000000       -0.000000
     H   44       -0.000000        0.952675       -0.354131
     H   44       -0.000000       -0.354131       -0.334206

     H   45        0.695693        0.385533       -1.044498
     H   45        0.385533       -0.553934       -0.256804
     H   45       -1.044498       -0.256804       -0.141759

     H   46       -0.797593        0.000000       -0.000000
     H   46        0.000000        1.508501       -0.181109
     H   46       -0.000000       -0.181109       -0.710908

     C   47       -0.167922        0.000000        0.000000
     C   47        0.000000       -0.061606        0.157909
     C   47        0.000000        0.157909        0.229528

     N   48       -0.054268       -0.000000        0.000000
     N   48       -0.000000        0.041837        0.119292
     N   48        0.000000        0.119292        0.012430

     Cl  49       -0.158418        0.000000        0.000000
     Cl  49        0.000000       -0.072339        0.060268
     Cl  49        0.000000        0.060268        0.230757

     H   50        0.404768        0.234371        0.669596
     H   50        0.234371       -0.544683        0.124047
     H   50        0.669596        0.124047        0.139915

     H   51        0.695541        0.385572        1.044460
     H   51        0.385572       -0.553905        0.256864
     H   51        1.044460        0.256864       -0.141636

     H   52        0.404768       -0.234371       -0.669596
     H   52       -0.234371       -0.544683        0.124047
     H   52       -0.669596        0.124047        0.139915

     H   53       -0.618538        0.000000        0.000000
     H   53        0.000000        0.952773        0.354132
     H   53        0.000000        0.354132       -0.334235

     H   54        0.695541       -0.385572       -1.044460
     H   54       -0.385572       -0.553905        0.256864
     H   54       -1.044460        0.256864       -0.141636

     H   55       -0.797706        0.000000       -0.000000
     H   55        0.000000        1.508663        0.181010
     H   55       -0.000000        0.181010       -0.710957

     C   56       -0.168023       -0.000000       -0.000000
     C   56       -0.000000       -0.061523       -0.157900
     C   56       -0.000000       -0.157900        0.229546

     N   57       -0.054363       -0.000000        0.000000
     N   57       -0.000000        0.041891       -0.119287
     N   57        0.000000       -0.119287        0.012472

     Cl  58       -0.158418        0.000000        0.000000
     Cl  58        0.000000       -0.072339        0.060268
     Cl  58        0.000000        0.060268        0.230757

     Cl  59       -0.158426       -0.000000       -0.000000
     Cl  59       -0.000000       -0.072355        0.060153
     Cl  59       -0.000000        0.060153        0.230781

     H   60        0.404739        0.233924        0.669684
     H   60        0.233924       -0.544739        0.123755
     H   60        0.669684        0.123755        0.140000

     H   61        0.695347        0.384926        1.044421
     H   61        0.384926       -0.553954        0.256261
     H   61        1.044421        0.256261       -0.141393

     H   62        0.404739       -0.233924       -0.669684
     H   62       -0.233924       -0.544739        0.123755
     H   62       -0.669684        0.123755        0.140000

     H   63       -0.618625       -0.000000       -0.000000
     H   63       -0.000000        0.952849        0.354921
     H   63       -0.000000        0.354921       -0.334224

     H   64        0.695347       -0.384926       -1.044421
     H   64       -0.384926       -0.553954        0.256261
     H   64       -1.044421        0.256261       -0.141393

     H   65       -0.797900        0.000000        0.000000
     H   65        0.000000        1.508709        0.182005
     H   65        0.000000        0.182005       -0.710809

     C   66       -0.168064       -0.000000        0.000000
     C   66       -0.000000       -0.061128       -0.158063
     C   66        0.000000       -0.158063        0.229192

     N   67       -0.054509       -0.000000       -0.000000
     N   67       -0.000000        0.042251       -0.119486
     N   67       -0.000000       -0.119486        0.012257

     Cl  68       -0.158426       -0.000000       -0.000000
     Cl  68       -0.000000       -0.072355        0.060153
     Cl  68       -0.000000        0.060153        0.230781

     Cl  69       -0.158469        0.000000       -0.000000
     Cl  69        0.000000       -0.072338       -0.060168
     Cl  69       -0.000000       -0.060168        0.230807

     Cl  70        0.157295       -0.299358       -0.000004
     Cl  70       -0.299358        0.174732       -0.000073
     Cl  70       -0.000004       -0.000073       -0.332027

     Cl  71        0.157295        0.299358        0.000004
     Cl  71        0.299358        0.174732       -0.000073
     Cl  71        0.000004       -0.000073       -0.332027

     Cl  72        0.157295       -0.299358       -0.000004
     Cl  72       -0.299358        0.174732       -0.000073
     Cl  72       -0.000004       -0.000073       -0.332027

     H   73        0.404668       -0.234749        0.669440
     H   73       -0.234749       -0.544547       -0.124301
     H   73        0.669440       -0.124301        0.139879

     H   74        0.695285       -0.386169        1.044013
     H   74       -0.386169       -0.553379       -0.257472
     H   74        1.044013       -0.257472       -0.141906

     Mn  75        0.020473        0.000000       -0.000000
     Mn  75        0.000000        0.028799        0.013952
     Mn  75       -0.000000        0.013952       -0.049271

     Mn  76        0.020348        0.000000        0.000000
     Mn  76        0.000000        0.028727       -0.013913
     Mn  76        0.000000       -0.013913       -0.049075

     H   77        0.404668        0.234749       -0.669440
     H   77        0.234749       -0.544547       -0.124301
     H   77       -0.669440       -0.124301        0.139879

     H   78       -0.618605       -0.000000       -0.000000
     H   78       -0.000000        0.953013       -0.353489
     H   78       -0.000000       -0.353489       -0.334408

     H   79        0.695285        0.386169       -1.044013
     H   79        0.386169       -0.553379       -0.257472
     H   79       -1.044013       -0.257472       -0.141906

     H   80       -0.797781        0.000000       -0.000000
     H   80        0.000000        1.509267       -0.180110
     H   80       -0.000000       -0.180110       -0.711486

     C   81       -0.168107       -0.000000        0.000000
     C   81       -0.000000       -0.061649        0.157818
     C   81        0.000000        0.157818        0.229756

     N   82       -0.054495       -0.000000       -0.000000
     N   82       -0.000000        0.042002        0.119170
     N   82       -0.000000        0.119170        0.012493

     Cl  83       -0.158469        0.000000       -0.000000
     Cl  83        0.000000       -0.072338       -0.060168
     Cl  83       -0.000000       -0.060168        0.230807

     Cl  84        0.157295        0.299358        0.000004
     Cl  84        0.299358        0.174732       -0.000073
     Cl  84        0.000004       -0.000073       -0.332027

     ----- GIPAW term -----
     Cl   1        0.278540        1.027378       -0.012993
     Cl   1        1.027378        0.573379        0.012335
     Cl   1       -0.012993        0.012335       -0.851919

     Cl   2       -0.574947       -0.000452       -0.002343
     Cl   2       -0.000452       -0.269724       -0.276463
     Cl   2       -0.002343       -0.276463        0.844671

     N    3       -0.030233        0.000019        0.000033
     N    3        0.000019       -0.031111        0.073367
     N    3        0.000033        0.073367        0.061344

     C    4       -0.070699       -0.000019       -0.000005
     C    4       -0.000019       -0.021959        0.119354
     C    4       -0.000005        0.119354        0.092658

     H    5        0.000000        0.000000       -0.000000
     H    5        0.000000       -0.000000       -0.000000
     H    5       -0.000000       -0.000000       -0.000000

     H    6        0.000000        0.000000       -0.000000
     H    6        0.000000       -0.000000       -0.000000
     H    6       -0.000000       -0.000000       -0.000000

     H    7        0.000000        0.000000       -0.000000
     H    7        0.000000       -0.000000       -0.000000
     H    7       -0.000000       -0.000000       -0.000000

     H    8        0.000000        0.000000       -0.000000
     H    8        0.000000       -0.000000       -0.000000
     H    8       -0.000000       -0.000000       -0.000000

     Mn   9       -0.350106        0.120396       -0.021018
     Mn   9        0.120396       -0.143342        0.021954
     Mn   9       -0.021018        0.021954        0.493448

     Mn  10        0.480595        0.005176        0.166954
     Mn  10        0.005176        0.441405        0.195710
     Mn  10        0.166954        0.195710       -0.922000

     H   11        0.000000        0.000000       -0.000000
     H   11        0.000000       -0.000000       -0.000000
     H   11       -0.000000       -0.000000       -0.000000

     H   12        0.000000        0.000000       -0.000000
     H   12        0.000000       -0.000000       -0.000000
     H   12       -0.000000       -0.000000       -0.000000

     Cl  13        0.279799       -1.029317        0.018742
     Cl  13       -1.029317        0.568289        0.019353
     Cl  13        0.018742        0.019353       -0.848088

     Cl  14        0.278540        1.027378       -0.012993
     Cl  14        1.027378        0.573379        0.012335
     Cl  14       -0.012993        0.012335       -0.851919

     Cl  15        0.279799       -1.029317        0.018742
     Cl  15       -1.029317        0.568289        0.019353
     Cl  15        0.018742        0.019353       -0.848088

     Cl  16       -0.574947       -0.000452       -0.002343
     Cl  16       -0.000452       -0.269724       -0.276463
     Cl  16       -0.002343       -0.276463        0.844671

     H   17        0.000000        0.000000       -0.000000
     H   17        0.000000       -0.000000       -0.000000
     H   17       -0.000000       -0.000000       -0.000000

     H   18        0.000000        0.000000       -0.000000
     H   18        0.000000       -0.000000       -0.000000
     H   18       -0.000000       -0.000000       -0.000000

     H   19        0.000000        0.000000       -0.000000
     H   19        0.000000       -0.000000       -0.000000
     H   19       -0.000000       -0.000000       -0.000000

     H   20        0.000000        0.000000       -0.000000
     H   20        0.000000       -0.000000       -0.000000
     H   20       -0.000000       -0.000000       -0.000000

     H   21        0.000000        0.000000       -0.000000
     H   21        0.000000       -0.000000       -0.000000
     H   21       -0.000000       -0.000000       -0.000000

     H   22        0.000000        0.000000       -0.000000
     H   22        0.000000       -0.000000       -0.000000
     H   22       -0.000000       -0.000000       -0.000000

     C   23       -0.072798        0.000000        0.000008
     C   23        0.000000       -0.020600       -0.120497
     C   23        0.000008       -0.120497        0.093398

     N   24       -0.028272        0.000000        0.000008
     N   24        0.000000       -0.030922       -0.071389
     N   24        0.000008       -0.071389        0.059194

     H   25        0.000000        0.000000       -0.000000
     H   25        0.000000       -0.000000       -0.000000
     H   25       -0.000000       -0.000000       -0.000000

     H   26        0.000000        0.000000       -0.000000
     H   26        0.000000       -0.000000       -0.000000
     H   26       -0.000000       -0.000000       -0.000000

     H   27        0.000000        0.000000       -0.000000
     H   27        0.000000       -0.000000       -0.000000
     H   27       -0.000000       -0.000000       -0.000000

     H   28        0.000000        0.000000       -0.000000
     H   28        0.000000       -0.000000       -0.000000
     H   28       -0.000000       -0.000000       -0.000000

     H   29        0.000000        0.000000       -0.000000
     H   29        0.000000       -0.000000       -0.000000
     H   29       -0.000000       -0.000000       -0.000000

     H   30        0.000000        0.000000       -0.000000
     H   30        0.000000       -0.000000       -0.000000
     H   30       -0.000000       -0.000000       -0.000000

     C   31       -0.070773       -0.000001       -0.000003
     C   31       -0.000001       -0.022355       -0.120012
     C   31       -0.000003       -0.120012        0.093129

     N   32       -0.028811       -0.000013       -0.000003
     N   32       -0.000013       -0.032114       -0.072635
     N   32       -0.000003       -0.072635        0.060925

     H   33        0.000000        0.000000       -0.000000
     H   33        0.000000       -0.000000       -0.000000
     H   33       -0.000000       -0.000000       -0.000000

     H   34        0.000000        0.000000       -0.000000
