
     Program QE v.5.3.0 (svn rev. 11974) starts on 26Jun2016 at  0:58:26 

     This program is part of the open-source Quantum ESPRESSO suite
     for quantum simulation of materials; please cite
         "P. Giannozzi et al., J. Phys.:Condens. Matter 21 395502 (2009);
          URL http://www.quantum-espresso.org", 
     in publications or presentations arising from this work. More details at
     http://www.quantum-espresso.org/quote

     Parallel version (MPI), running on     8 processors
     R & G space division:  proc/nbgrp/npool/nimage =       8

     ***** This is GIPAW svn revision unknown      *****

     Parallelizing q-star over 1 images

     Reading data from directory:
     ./scratch/scf.pbe.ec-60.kp-444.HMX-792931.np-8.default-conv-thr.save

   Info: using nr1, nr2, nr3 values from input

   Info: using nr1, nr2, nr3 values from input

     IMPORTANT: XC functional enforced from input :
     Exchange-correlation      =  SLA  PW   PBX  PBC ( 1  4  3  4 0 0)
     Any further DFT definition will be discarded
     Please, verify this is what you really want

               file N.pbe-n-kjpaw_psl.1.0.0.UPF: wavefunction(s)  2S renormalized
               file C.pbe-n-kjpaw_psl.1.0.0.UPF: wavefunction(s)  2S 2P renormalized
               file H.pbe-kjpaw_psl.1.0.0.UPF: wavefunction(s)  1S renormalized
               file O.pbe-n-kjpaw_psl.1.0.0.UPF: wavefunction(s)  2S 2P renormalized

     Parallelization info
     --------------------
     sticks:   dense  smooth     PW     G-vecs:    dense   smooth      PW
     Min        1524     610    164               107269    27139    3816
     Max        1525     611    165               107272    27151    3817
     Sum       12193    4881   1319               858157   217169   30533


     Check: negative/imaginary core charge=   -0.000001    0.000000

     Subspace diagonalization in iterative solution of the eigenvalue problem:
     a serial algorithm will be used

     GIPAW projectors -----------------------------------------------
     atom=  N    l=0  rc=    1.3000  rs=    0.8667
     atom=  N    l=0  rc=    1.3000  rs=    0.8667
     atom=  N    l=1  rc=    1.3500  rs=    0.9000
     atom=  N    l=1  rc=    1.3500  rs=    0.9000
     projs nearly linearly dependent: l=1  n1,n2= 1, 2  s=  0.99908189

     atom=  C    l=0  rc=    1.2000  rs=    0.8000
     atom=  C    l=0  rc=    1.2000  rs=    0.8000
     atom=  C    l=1  rc=    1.4000  rs=    0.9333
     atom=  C    l=1  rc=    1.4000  rs=    0.9333
     projs nearly linearly dependent: l=1  n1,n2= 1, 2  s=  0.99951561

     atom=  H    l=0  rc=    1.0000  rs=    0.6667
     atom=  H    l=0  rc=    1.0000  rs=    0.6667
     projs nearly linearly dependent: l=0  n1,n2= 1, 2  s=  0.99968852

     atom=  O    l=0  rc=    1.3000  rs=    0.8667
     atom=  O    l=0  rc=    1.3000  rs=    0.8667
     atom=  O    l=1  rc=    1.3500  rs=    0.9000
     atom=  O    l=1  rc=    1.3500  rs=    0.9000
     projs nearly linearly dependent: l=1  n1,n2= 1, 2  s=  0.99790100
     -----------------------------------------------------------------

     GIPAW integrals: -------------------------------------------
     Atom  i/j   nmr_para   nmr_dia   epr_rmc  epr_para   epr_dia
       N   1 1   0.67E+03 -0.31E+00  0.62E+01  0.27E+08  0.20E+03
       N   2 1   0.75E+03 -0.37E+00  0.67E+01  0.30E+08  0.23E+03
       N   2 2   0.85E+03 -0.45E+00  0.74E+01  0.35E+08  0.26E+03
       N   3 3   0.59E+01  0.56E+00  0.34E+01  0.12E+04  0.45E+02
       N   4 3   0.65E+01  0.61E+00  0.38E+01  0.13E+04  0.48E+02
       N   4 4   0.71E+01  0.67E+00  0.43E+01  0.15E+04  0.52E+02
       C   1 1   0.83E+03  0.17E-01  0.93E+01  0.24E+08  0.24E+03
       C   2 1   0.86E+03 -0.61E-01  0.94E+01  0.25E+08  0.25E+03
       C   2 2   0.90E+03 -0.15E+00  0.97E+01  0.26E+08  0.26E+03
       C   3 3   0.33E+01  0.34E+00  0.18E+01  0.55E+03  0.21E+02
       C   4 3   0.35E+01  0.37E+00  0.20E+01  0.59E+03  0.22E+02
       C   4 4   0.38E+01  0.39E+00  0.22E+01  0.63E+03  0.24E+02
       H   1 1   0.39E+02  0.19E+00  0.29E+00  0.78E+05  0.13E+02
       H   2 1   0.41E+02  0.21E+00  0.32E+00  0.82E+05  0.14E+02
       H   2 2   0.43E+02  0.22E+00  0.36E+00  0.86E+05  0.15E+02
       O   1 1   0.81E+03 -0.32E+00  0.65E+01  0.43E+08  0.24E+03
       O   2 1   0.91E+03 -0.39E+00  0.71E+01  0.48E+08  0.27E+03
       O   2 2   0.10E+04 -0.48E+00  0.78E+01  0.55E+08  0.31E+03
       O   3 3   0.99E+01  0.87E+00  0.58E+01  0.24E+04  0.75E+02
       O   4 3   0.11E+02  0.97E+00  0.67E+01  0.27E+04  0.83E+02
       O   4 4   0.12E+02  0.11E+01  0.76E+01  0.31E+04  0.93E+02
     ------------------------------------------------------------

     alpha_pv=     50.6528 eV

     Number of occupied bands for each k-point:
     k-point:     1    nbnd_occ= 112
     k-point:     2    nbnd_occ= 112
     k-point:     3    nbnd_occ= 112
     k-point:     4    nbnd_occ= 112
     k-point:     5    nbnd_occ= 112
     k-point:     6    nbnd_occ= 112
     k-point:     7    nbnd_occ= 112
     k-point:     8    nbnd_occ= 112
     k-point:     9    nbnd_occ= 112
     k-point:    10    nbnd_occ= 112
     k-point:    11    nbnd_occ= 112
     k-point:    12    nbnd_occ= 112
     k-point:    13    nbnd_occ= 112
     k-point:    14    nbnd_occ= 112
     k-point:    15    nbnd_occ= 112
     k-point:    16    nbnd_occ= 112


     GIPAW job: efg                                                                             


     ELECTRIC FIELD GRADIENTS TENSORS IN Hartree/bohrradius^2:

     ----- bare term -----
     N    1       -0.051268       -0.129009        0.148804
     N    1       -0.129009        0.055456       -0.132483
     N    1        0.148804       -0.132483       -0.004188

     O    2       -0.055152       -0.281283        0.182256
     O    2       -0.281283        0.123113       -0.238820
     O    2        0.182256       -0.238820       -0.067962

     N    3       -0.154101       -0.471516        0.633488
     N    3       -0.471516        0.556114       -0.625649
     N    3        0.633488       -0.625649       -0.402013

     N    4       -0.138114        0.088731        0.228531
     N    4        0.088731        0.063984        0.137404
     N    4        0.228531        0.137404        0.074129

     O    5       -0.148986        0.057323        0.114062
     O    5        0.057323        0.152140        0.365965
     O    5        0.114062        0.365965       -0.003154

     N    6       -0.294275        0.449256        0.093939
     N    6        0.449256        0.226420        0.946795
     N    6        0.093939        0.946795        0.067855

     O    7       -0.050589       -0.296830        0.122970
     O    7       -0.296830        0.162002       -0.382105
     O    7        0.122970       -0.382105       -0.111413

     C    8       -0.082542       -0.066834        0.094540
     C    8       -0.066834        0.002512       -0.045754
     C    8        0.094540       -0.045754        0.080030

     H    9       -0.328038       -0.253036       -0.576971
     H    9       -0.253036        0.476309       -0.132327
     H    9       -0.576971       -0.132327       -0.148271

     H   10        0.250771        0.294053        0.242181
     H   10        0.294053       -0.642531       -0.386053
     H   10        0.242181       -0.386053        0.391761

     O   11       -0.271346        0.174358        0.065721
     O   11        0.174358        0.190051        0.304477
     O   11        0.065721        0.304477        0.081295

     C   12       -0.062885       -0.048868        0.079922
     C   12       -0.048868        0.060341        0.050696
     C   12        0.079922        0.050696        0.002544

     H   13       -0.463956       -0.420771       -0.401405
     H   13       -0.420771        0.267568       -0.190523
     H   13       -0.401405       -0.190523        0.196387

     H   14        0.298116       -0.029077        0.192646
     H   14       -0.029077       -0.050140        0.605253
     H   14        0.192646        0.605253       -0.247976

     H   15        0.298116        0.029080        0.192649
     H   15        0.029080       -0.050140       -0.605249
     H   15        0.192649       -0.605249       -0.247976

     H   16       -0.463955        0.420771       -0.401401
     H   16        0.420771        0.267567        0.190520
     H   16       -0.401401        0.190520        0.196388

     C   17       -0.062879        0.048865        0.079911
     C   17        0.048865        0.060337       -0.050705
     C   17        0.079911       -0.050705        0.002542

     O   18       -0.271309       -0.174358        0.065706
     O   18       -0.174358        0.190013       -0.304421
     O   18        0.065706       -0.304421        0.081296

     H   19        0.250773       -0.294052        0.242182
     H   19       -0.294052       -0.642534        0.386057
     H   19        0.242182        0.386057        0.391761

     H   20       -0.328038        0.253036       -0.576971
     H   20        0.253036        0.476308        0.132327
     H   20       -0.576971        0.132327       -0.148270

     C   21       -0.082534        0.066826        0.094541
     C   21        0.066826        0.002494        0.045758
     C   21        0.094541        0.045758        0.080040

     O   22       -0.050611        0.296798        0.122958
     O   22        0.296798        0.162028        0.382105
     O   22        0.122958        0.382105       -0.111418

     N   23       -0.294268       -0.449251        0.093954
     N   23       -0.449251        0.226424       -0.946800
     N   23        0.093954       -0.946800        0.067844

     O   24       -0.148991       -0.057312        0.114067
     O   24       -0.057312        0.152135       -0.365998
     O   24        0.114067       -0.365998       -0.003145

     N   25       -0.138119       -0.088767        0.228529
     N   25       -0.088767        0.064010       -0.137451
     N   25        0.228529       -0.137451        0.074110

     N   26       -0.154113        0.471520        0.633487
     N   26        0.471520        0.556131        0.625657
     N   26        0.633487        0.625657       -0.402018

     O   27       -0.055148        0.281290        0.182264
     O   27        0.281290        0.123118        0.238825
     O   27        0.182264        0.238825       -0.067970

     N   28       -0.051258        0.129002        0.148800
     N   28        0.129002        0.055440        0.132444
     N   28        0.148800        0.132444       -0.004181

     H   29        0.298116       -0.029077        0.192646
     H   29       -0.029077       -0.050140        0.605253
     H   29        0.192646        0.605253       -0.247976

     H   30       -0.463956       -0.420771       -0.401405
     H   30       -0.420771        0.267568       -0.190523
     H   30       -0.401405       -0.190523        0.196387

     C   31       -0.062885       -0.048868        0.079922
     C   31       -0.048868        0.060341        0.050696
     C   31        0.079922        0.050696        0.002544

     O   32       -0.271346        0.174358        0.065721
     O   32        0.174358        0.190052        0.304477
     O   32        0.065721        0.304477        0.081295

     H   33        0.250771        0.294053        0.242181
     H   33        0.294053       -0.642531       -0.386053
     H   33        0.242181       -0.386053        0.391761

     H   34       -0.328038       -0.253036       -0.576971
     H   34       -0.253036        0.476309       -0.132327
     H   34       -0.576971       -0.132327       -0.148271

     C   35       -0.082542       -0.066834        0.094540
     C   35       -0.066834        0.002512       -0.045754
     C   35        0.094540       -0.045754        0.080030

     O   36       -0.050590       -0.296831        0.122970
     O   36       -0.296831        0.162003       -0.382105
     O   36        0.122970       -0.382105       -0.111413

     N   37       -0.294275        0.449256        0.093939
     N   37        0.449256        0.226420        0.946795
     N   37        0.093939        0.946795        0.067855

     O   38       -0.148986        0.057323        0.114062
     O   38        0.057323        0.152140        0.365965
     O   38        0.114062        0.365965       -0.003154

     N   39       -0.138114        0.088731        0.228531
     N   39        0.088731        0.063984        0.137404
     N   39        0.228531        0.137404        0.074129

     N   40       -0.154101       -0.471516        0.633488
     N   40       -0.471516        0.556114       -0.625649
     N   40        0.633488       -0.625649       -0.402013

     O   41       -0.055152       -0.281283        0.182256
     O   41       -0.281283        0.123113       -0.238820
     O   41        0.182256       -0.238820       -0.067962

     N   42       -0.051268       -0.129009        0.148804
     N   42       -0.129009        0.055456       -0.132483
     N   42        0.148804       -0.132483       -0.004188

     H   43        0.298116        0.029080        0.192649
     H   43        0.029080       -0.050140       -0.605249
     H   43        0.192649       -0.605249       -0.247976

     H   44       -0.463955        0.420771       -0.401401
     H   44        0.420771        0.267567        0.190520
     H   44       -0.401401        0.190520        0.196388

     C   45       -0.062879        0.048865        0.079911
     C   45        0.048865        0.060337       -0.050705
     C   45        0.079911       -0.050705        0.002542

     O   46       -0.271309       -0.174358        0.065706
     O   46       -0.174358        0.190013       -0.304421
     O   46        0.065706       -0.304421        0.081296

     H   47        0.250773       -0.294052        0.242182
     H   47       -0.294052       -0.642534        0.386057
     H   47        0.242182        0.386057        0.391761

     H   48       -0.328038        0.253036       -0.576971
     H   48        0.253036        0.476308        0.132327
     H   48       -0.576971        0.132327       -0.148270

     C   49       -0.082534        0.066826        0.094541
     C   49        0.066826        0.002494        0.045758
     C   49        0.094541        0.045758        0.080040

     O   50       -0.050611        0.296798        0.122958
     O   50        0.296798        0.162028        0.382105
     O   50        0.122958        0.382105       -0.111417

     N   51       -0.294268       -0.449251        0.093954
     N   51       -0.449251        0.226424       -0.946800
     N   51        0.093954       -0.946800        0.067844

     O   52       -0.148991       -0.057312        0.114067
     O   52       -0.057312        0.152136       -0.365998
     O   52        0.114067       -0.365998       -0.003145

     N   53       -0.138119       -0.088767        0.228529
     N   53       -0.088767        0.064010       -0.137451
     N   53        0.228529       -0.137451        0.074110

     N   54       -0.154113        0.471520        0.633487
     N   54        0.471520        0.556131        0.625657
     N   54        0.633487        0.625657       -0.402018

     O   55       -0.055148        0.281290        0.182264
     O   55        0.281290        0.123118        0.238825
     O   55        0.182264        0.238825       -0.067970

     N   56       -0.051258        0.129002        0.148800
     N   56        0.129002        0.055440        0.132444
     N   56        0.148800        0.132444       -0.004181

     ----- ionic term -----
     N    1        0.193993        0.428424       -0.205999
     N    1        0.428424       -0.169164        0.434933
     N    1       -0.205999        0.434933       -0.024829

     O    2        0.399826        0.243623       -0.621273
     O    2        0.243623       -0.340478       -0.063734
     O    2       -0.621273       -0.063734       -0.059347

     N    3        0.148594        0.500703       -0.667288
     N    3        0.500703       -0.561139        0.653225
     N    3       -0.667288        0.653225        0.412545

     N    4        0.365378       -0.168396       -0.486181
     N    4       -0.168396       -0.151764       -0.420060
     N    4       -0.486181       -0.420060       -0.213614

     O    5       -0.430810        0.031616       -0.071805
     O    5        0.031616        0.072996       -0.697598
     O    5       -0.071805       -0.697598        0.357815

     N    6        0.321723       -0.447837       -0.085214
     N    6       -0.447837       -0.232147       -0.997740
     N    6       -0.085214       -0.997740       -0.089576

     O    7       -0.381950        0.001787       -0.194924
     O    7        0.001787       -0.225050        0.623615
     O    7       -0.194924        0.623615        0.607000

     C    8        0.149641        0.067610       -0.217599
     C    8        0.067610       -0.092913       -0.162229
     C    8       -0.217599       -0.162229       -0.056727

     H    9        0.447846        0.415744        0.932401
     H    9        0.415744       -0.684478        0.269346
     H    9        0.932401        0.269346        0.236632

     H   10       -0.463236       -0.462304       -0.326779
     H   10       -0.462304        1.010346        0.637025
     H   10       -0.326779        0.637025       -0.547109

     O   11        0.483740       -0.572434        0.341458
     O   11       -0.572434       -0.144076       -0.246065
     O   11        0.341458       -0.246065       -0.339664

     C   12        0.007680       -0.160743       -0.079287
     C   12       -0.160743       -0.062929        0.082656
     C   12       -0.079287        0.082656        0.055250

     H   13        0.789644        0.726831        0.601322
     H   13        0.726831       -0.383568        0.307170
     H   13        0.601322        0.307170       -0.406076

     H   14       -0.513467        0.163881       -0.351312
     H   14        0.163881        0.143359       -0.981711
     H   14       -0.351312       -0.981711        0.370108

     H   15       -0.513467       -0.163881       -0.351312
     H   15       -0.163881        0.143359        0.981711
     H   15       -0.351312        0.981711        0.370108

     H   16        0.789644       -0.726831        0.601322
     H   16       -0.726831       -0.383568       -0.307170
     H   16        0.601322       -0.307170       -0.406076

     C   17        0.007680        0.160743       -0.079287
     C   17        0.160743       -0.062929       -0.082656
     C   17       -0.079287       -0.082656        0.055250

     O   18        0.483740        0.572434        0.341458
     O   18        0.572434       -0.144076        0.246065
     O   18        0.341458        0.246065       -0.339664

     H   19       -0.463236        0.462304       -0.326779
     H   19        0.462304        1.010346       -0.637025
     H   19       -0.326779       -0.637025       -0.547109

     H   20        0.447846       -0.415744        0.932401
     H   20       -0.415744       -0.684478       -0.269346
     H   20        0.932401       -0.269346        0.236632

     C   21        0.149641       -0.067610       -0.217599
     C   21       -0.067610       -0.092913        0.162229
     C   21       -0.217599        0.162229       -0.056727

     O   22       -0.381950       -0.001787       -0.194924
     O   22       -0.001787       -0.225050       -0.623615
     O   22       -0.194924       -0.623615        0.607000

     N   23        0.321723        0.447837       -0.085214
     N   23        0.447837       -0.232147        0.997740
     N   23       -0.085214        0.997740       -0.089576

     O   24       -0.430810       -0.031616       -0.071805
     O   24       -0.031616        0.072996        0.697598
     O   24       -0.071805        0.697598        0.357815

     N   25        0.365378        0.168396       -0.486181
     N   25        0.168396       -0.151764        0.420060
     N   25       -0.486181        0.420060       -0.213614

     N   26        0.148594       -0.500703       -0.667288
     N   26       -0.500703       -0.561139       -0.653225
     N   26       -0.667288       -0.653225        0.412545

     O   27        0.399826       -0.243623       -0.621273
     O   27       -0.243623       -0.340478        0.063734
     O   27       -0.621273        0.063734       -0.059347

     N   28        0.193993       -0.428424       -0.205999
     N   28       -0.428424       -0.169164       -0.434933
     N   28       -0.205999       -0.434933       -0.024829

     H   29       -0.513467        0.163881       -0.351312
     H   29        0.163881        0.143359       -0.981711
     H   29       -0.351312       -0.981711        0.370108

     H   30        0.789644        0.726831        0.601322
     H   30        0.726831       -0.383568        0.307170
     H   30        0.601322        0.307170       -0.406076

     C   31        0.007680       -0.160743       -0.079287
     C   31       -0.160743       -0.062929        0.082656
     C   31       -0.079287        0.082656        0.055250

     O   32        0.483740       -0.572434        0.341458
     O   32       -0.572434       -0.144076       -0.246065
     O   32        0.341458       -0.246065       -0.339664

     H   33       -0.463236       -0.462304       -0.326779
     H   33       -0.462304        1.010346        0.637025
     H   33       -0.326779        0.637025       -0.547109

     H   34        0.447846        0.415744        0.932401
     H   34        0.415744       -0.684478        0.269346
     H   34        0.932401        0.269346        0.236632

     C   35        0.149641        0.067610       -0.217599
     C   35        0.067610       -0.092913       -0.162229
     C   35       -0.217599       -0.162229       -0.056727

     O   36       -0.381950        0.001787       -0.194924
     O   36        0.001787       -0.225050        0.623615
     O   36       -0.194924        0.623615        0.607000

     N   37        0.321723       -0.447837       -0.085214
     N   37       -0.447837       -0.232147       -0.997740
     N   37       -0.085214       -0.997740       -0.089576

     O   38       -0.430810        0.031616       -0.071805
     O   38        0.031616        0.072996       -0.697598
     O   38       -0.071805       -0.697598        0.357815

     N   39        0.365378       -0.168396       -0.486181
     N   39       -0.168396       -0.151764       -0.420060
     N   39       -0.486181       -0.420060       -0.213614

     N   40        0.148594        0.500703       -0.667288
     N   40        0.500703       -0.561139        0.653225
     N   40       -0.667288        0.653225        0.412545

     O   41        0.399826        0.243623       -0.621273
     O   41        0.243623       -0.340478       -0.063734
     O   41       -0.621273       -0.063734       -0.059347

     N   42        0.193993        0.428424       -0.205999
     N   42        0.428424       -0.169164        0.434933
     N   42       -0.205999        0.434933       -0.024829

     H   43       -0.513467       -0.163881       -0.351312
     H   43       -0.163881        0.143359        0.981711
     H   43       -0.351312        0.981711        0.370108

     H   44        0.789644       -0.726831        0.601322
     H   44       -0.726831       -0.383568       -0.307170
     H   44        0.601322       -0.307170       -0.406076

     C   45        0.007680        0.160743       -0.079287
     C   45        0.160743       -0.062929       -0.082656
     C   45       -0.079287       -0.082656        0.055250

     O   46        0.483740        0.572434        0.341458
     O   46        0.572434       -0.144076        0.246065
     O   46        0.341458        0.246065       -0.339664

     H   47       -0.463236        0.462304       -0.326779
     H   47        0.462304        1.010346       -0.637025
     H   47       -0.326779       -0.637025       -0.547109

     H   48        0.447846       -0.415744        0.932401
     H   48       -0.415744       -0.684478       -0.269346
     H   48        0.932401       -0.269346        0.236632

     C   49        0.149641       -0.067610       -0.217599
     C   49       -0.067610       -0.092913        0.162229
     C   49       -0.217599        0.162229       -0.056727

     O   50       -0.381950       -0.001787       -0.194924
     O   50       -0.001787       -0.225050       -0.623615
     O   50       -0.194924       -0.623615        0.607000

     N   51        0.321723        0.447837       -0.085214
     N   51        0.447837       -0.232147        0.997740
     N   51       -0.085214        0.997740       -0.089576

     O   52       -0.430810       -0.031616       -0.071805
     O   52       -0.031616        0.072996        0.697598
     O   52       -0.071805        0.697598        0.357815

     N   53        0.365378        0.168396       -0.486181
     N   53        0.168396       -0.151764        0.420060
     N   53       -0.486181        0.420060       -0.213614

     N   54        0.148594       -0.500703       -0.667288
     N   54       -0.500703       -0.561139       -0.653225
     N   54       -0.667288       -0.653225        0.412545

     O   55        0.399826       -0.243623       -0.621273
     O   55       -0.243623       -0.340478        0.063734
     O   55       -0.621273        0.063734       -0.059347

     N   56        0.193993       -0.428424       -0.205999
     N   56       -0.428424       -0.169164       -0.434933
     N   56       -0.205999       -0.434933       -0.024829

     ----- GIPAW term -----
     N    1        0.230600        0.467631       -0.124420
     N    1        0.467631       -0.203305        0.491535
     N    1       -0.124420        0.491535       -0.027295

     O    2        0.803483       -0.130582       -1.007871
     O    2       -0.130582       -0.474282       -0.766166
     O    2       -1.007871       -0.766166       -0.329201

     N    3        0.000240        0.081256       -0.002422
     N    3        0.081256        0.020932        0.045758
     N    3       -0.002422        0.045758       -0.021172

     N    4        0.340726       -0.154207       -0.402404
     N    4       -0.154207       -0.120730       -0.468639
     N    4       -0.402404       -0.468639       -0.219996

     O    5       -1.414823        0.233240        0.114067
     O    5        0.233240        0.559931       -0.715890
     O    5        0.114067       -0.715890        0.854892

     N    6        0.085256        0.032888       -0.027117
     N    6        0.032888       -0.043749       -0.055470
     N    6       -0.027117       -0.055470       -0.041508

     O    7       -1.043934       -0.741953       -0.130861
     O    7       -0.741953       -0.107205        0.520258
     O    7       -0.130861        0.520258        1.151139

     C    8        0.065814       -0.004928       -0.134757
     C    8       -0.004928       -0.094226       -0.234323
     C    8       -0.134757       -0.234323        0.028411

     H    9        0.000000        0.000000        0.000000
     H    9        0.000000       -0.000000        0.000000
     H    9        0.000000        0.000000       -0.000000

     H   10        0.000000        0.000000        0.000000
     H   10        0.000000       -0.000000        0.000000
     H   10        0.000000        0.000000       -0.000000

     O   11        0.473712       -0.912886        0.989558
     O   11       -0.912886        0.134897        0.206974
     O   11        0.989558        0.206974       -0.608609

     C   12       -0.063330       -0.244639        0.000992
     C   12       -0.244639       -0.002664        0.151534
     C   12        0.000992        0.151534        0.065993

     H   13        0.000000        0.000000        0.000000
     H   13        0.000000       -0.000000        0.000000
     H   13        0.000000        0.000000       -0.000000

     H   14        0.000000        0.000000        0.000000
     H   14        0.000000       -0.000000        0.000000
     H   14        0.000000        0.000000       -0.000000

     H   15        0.000000        0.000000        0.000000
     H   15        0.000000       -0.000000        0.000000
     H   15        0.000000        0.000000       -0.000000

     H   16        0.000000        0.000000        0.000000
     H   16        0.000000       -0.000000        0.000000
     H   16        0.000000        0.000000       -0.000000

     C   17       -0.063328        0.244632        0.000982
     C   17        0.244632       -0.002666       -0.151538
     C   17        0.000982       -0.151538        0.065994

     O   18        0.473802        0.912882        0.989517
     O   18        0.912882        0.134805       -0.206849
     O   18        0.989517       -0.206849       -0.608606

     H   19        0.000000        0.000000        0.000000
     H   19        0.000000       -0.000000        0.000000
     H   19        0.000000        0.000000       -0.000000

     H   20        0.000000        0.000000        0.000000
     H   20        0.000000       -0.000000        0.000000
     H   20        0.000000        0.000000       -0.000000

     C   21        0.065824        0.004916       -0.134757
     C   21        0.004916       -0.094243        0.234323
     C   21       -0.134757        0.234323        0.028419

     O   22       -1.043998        0.741874       -0.130885
     O   22        0.741874       -0.107138       -0.520249
     O   22       -0.130885       -0.520249        1.151135

     N   23        0.085273       -0.032889       -0.027090
     N   23       -0.032889       -0.043740        0.055461
     N   23       -0.027090        0.055461       -0.041532

     O   24       -1.414831       -0.233217        0.114076
     O   24       -0.233217        0.559922        0.715798
     O   24        0.114076        0.715798        0.854909

     N   25        0.340717        0.154148       -0.402401
     N   25        0.154148       -0.120694        0.468559
     N   25       -0.402401        0.468559       -0.220024

     N   26        0.000228       -0.081249       -0.002422
     N   26       -0.081249        0.020946       -0.045743
     N   26       -0.002422       -0.045743       -0.021174

     O   27        0.803502        0.130596       -1.007858
     O   27        0.130596       -0.474284        0.766184
     O   27       -1.007858        0.766184       -0.329218

     N   28        0.230615       -0.467637       -0.124428
     N   28       -0.467637       -0.203333       -0.491583
     N   28       -0.124428       -0.491583       -0.027282

     H   29        0.000000        0.000000        0.000000
     H   29        0.000000       -0.000000        0.000000
     H   29        0.000000        0.000000       -0.000000

     H   30        0.000000        0.000000        0.000000
     H   30        0.000000       -0.000000        0.000000
     H   30        0.000000        0.000000       -0.000000

     C   31       -0.063330       -0.244639        0.000992
     C   31       -0.244639       -0.002664        0.151534
     C   31        0.000992        0.151534        0.065993

     O   32        0.473712       -0.912887        0.989558
     O   32       -0.912887        0.134897        0.206975
     O   32        0.989558        0.206975       -0.608610

     H   33        0.000000        0.000000        0.000000
     H   33        0.000000       -0.000000        0.000000
     H   33        0.000000        0.000000       -0.000000

     H   34        0.000000        0.000000        0.000000
     H   34        0.000000       -0.000000        0.000000
     H   34        0.000000        0.000000       -0.000000

     C   35        0.065814       -0.004928       -0.134757
     C   35       -0.004928       -0.094226       -0.234323
     C   35       -0.134757       -0.234323        0.028411

     O   36       -1.043935       -0.741953       -0.130861
     O   36       -0.741953       -0.107205        0.520258
     O   36       -0.130861        0.520258        1.151139

     N   37        0.085256        0.032888       -0.027117
     N   37        0.032888       -0.043749       -0.055470
     N   37       -0.027117       -0.055470       -0.041507

     O   38       -1.414823        0.233240        0.114067
     O   38        0.233240        0.559931       -0.715890
     O   38        0.114067       -0.715890        0.854892

     N   39        0.340726       -0.154207       -0.402404
     N   39       -0.154207       -0.120730       -0.468639
     N   39       -0.402404       -0.468639       -0.219997

     N   40        0.000240        0.081256       -0.002422
     N   40        0.081256        0.020932        0.045758
     N   40       -0.002422        0.045758       -0.021172

     O   41        0.803483       -0.130582       -1.007871
     O   41       -0.130582       -0.474282       -0.766166
     O   41       -1.007871       -0.766166       -0.329200

     N   42        0.230600        0.467631       -0.124420
     N   42        0.467631       -0.203305        0.491535
     N   42       -0.124420        0.491535       -0.027295

     H   43        0.000000        0.000000        0.000000
     H   43        0.000000       -0.000000        0.000000
     H   43        0.000000        0.000000       -0.000000

     H   44        0.000000        0.000000        0.000000
     H   44        0.000000       -0.000000        0.000000
     H   44        0.000000        0.000000       -0.000000

     C   45       -0.063328        0.244632        0.000982
     C   45        0.244632       -0.002666       -0.151538
     C   45        0.000982       -0.151538        0.065994

     O   46        0.473802        0.912882        0.989516
     O   46        0.912882        0.134805       -0.206849
     O   46        0.989516       -0.206849       -0.608606

     H   47        0.000000        0.000000        0.000000
     H   47        0.000000       -0.000000        0.000000
     H   47        0.000000        0.000000       -0.000000

     H   48        0.000000        0.000000        0.000000
     H   48        0.000000       -0.000000        0.000000
     H   48        0.000000        0.000000       -0.000000

     C   49        0.065824        0.004916       -0.134757
     C   49        0.004916       -0.094243        0.234323
     C   49       -0.134757        0.234323        0.028419

     O   50       -1.043998        0.741874       -0.130885
     O   50        0.741874       -0.107138       -0.520250
     O   50       -0.130885       -0.520250        1.151136

     N   51        0.085273       -0.032889       -0.027090
     N   51       -0.032889       -0.043740        0.055461
     N   51       -0.027090        0.055461       -0.041533

     O   52       -1.414831       -0.233217        0.114076
     O   52       -0.233217        0.559922        0.715798
     O   52        0.114076        0.715798        0.854909

     N   53        0.340717        0.154148       -0.402401
     N   53        0.154148       -0.120694        0.468559
     N   53       -0.402401        0.468559       -0.220024

     N   54        0.000228       -0.081250       -0.002422
     N   54       -0.081250        0.020946       -0.045743
     N   54       -0.002422       -0.045743       -0.021174

     O   55        0.803502        0.130596       -1.007858
     O   55        0.130596       -0.474285        0.766184
     O   55       -1.007858        0.766184       -0.329218

     N   56        0.230615       -0.467637       -0.124428
     N   56       -0.467637       -0.203333       -0.491583
     N   56       -0.124428       -0.491583       -0.027282

     ----- total EFG -----
     N    1        0.373324        0.767047       -0.181615
     N    1        0.767047       -0.317013        0.793984
     N    1       -0.181615        0.793984       -0.056311

     O    2        1.148157       -0.168242       -1.446887
     O    2       -0.168242       -0.691647       -1.068720
     O    2       -1.446887       -1.068720       -0.456510

     N    3       -0.005267        0.110443       -0.036222
     N    3        0.110443        0.015908        0.073334
     N    3       -0.036222        0.073334       -0.010641

     N    4        0.567991       -0.233872       -0.660054
     N    4       -0.233872       -0.208509       -0.751294
     N    4       -0.660054       -0.751294       -0.359482

     O    5       -1.994619        0.322179        0.156324
     O    5        0.322179        0.785067       -1.047522
     O    5        0.156324       -1.047522        1.209552

     N    6        0.112704        0.034307       -0.018391
     N    6        0.034307       -0.049475       -0.106415
     N    6       -0.018391       -0.106415       -0.063229

     O    7       -1.476474       -1.036996       -0.202815
     O    7       -1.036996       -0.170253        0.761768
     O    7       -0.202815        0.761768        1.646726

     C    8        0.132914       -0.004152       -0.257816
     C    8       -0.004152       -0.184627       -0.442306
     C    8       -0.257816       -0.442306        0.051714

     H    9        0.119808        0.162708        0.355430
     H    9        0.162708       -0.208170        0.137020
     H    9        0.355430        0.137020        0.088361

     H   10       -0.212466       -0.168252       -0.084598
     H   10       -0.168252        0.367814        0.250972
     H   10       -0.084598        0.250972       -0.155349

     O   11        0.686106       -1.310962        1.396737
     O   11       -1.310962        0.180872        0.265387
     O   11        1.396737        0.265387       -0.866978

     C   12       -0.118535       -0.454251        0.001628
     C   12       -0.454251       -0.005252        0.284886
     C   12        0.001628        0.284886        0.123787

     H   13        0.325688        0.306060        0.199917
     H   13        0.306060       -0.115999        0.116647
     H   13        0.199917        0.116647       -0.209689

     H   14       -0.215351        0.134804       -0.158666
     H   14        0.134804        0.093219       -0.376458
     H   14       -0.158666       -0.376458        0.122132

     H   15       -0.215352       -0.134802       -0.158663
     H   15       -0.134802        0.093219        0.376461
     H   15       -0.158663        0.376461        0.122132

     H   16        0.325689       -0.306060        0.199921
     H   16       -0.306060       -0.116000       -0.116650
     H   16        0.199921       -0.116650       -0.209689

     C   17       -0.118527        0.454240        0.001606
     C   17        0.454240       -0.005259       -0.284899
     C   17        0.001606       -0.284899        0.123786

     O   18        0.686232        1.310959        1.396680
     O   18        1.310959        0.180741       -0.265206
     O   18        1.396680       -0.265206       -0.866974

     H   19       -0.212463        0.168253       -0.084597
     H   19        0.168253        0.367811       -0.250968
     H   19       -0.084597       -0.250968       -0.155348

     H   20        0.119808       -0.162708        0.355430
     H   20       -0.162708       -0.208170       -0.137020
     H   20        0.355430       -0.137020        0.088362

     C   21        0.132931        0.004132       -0.257814
     C   21        0.004132       -0.184663        0.442310
     C   21       -0.257814        0.442310        0.051732

     O   22       -1.476558        1.036886       -0.202852
     O   22        1.036886       -0.170160       -0.761760
