
     Program QE v.5.3.0 (svn rev. 11974) starts on 23Jul2016 at  0:56:40 

     This program is part of the open-source Quantum ESPRESSO suite
     for quantum simulation of materials; please cite
         "P. Giannozzi et al., J. Phys.:Condens. Matter 21 395502 (2009);
          URL http://www.quantum-espresso.org", 
     in publications or presentations arising from this work. More details at
     http://www.quantum-espresso.org/quote

     Parallel version (MPI), running on    32 processors
     R & G space division:  proc/nbgrp/npool/nimage =      32

     ***** This is GIPAW svn revision unknown      *****

     Parallelizing q-star over 1 images

     Reading data from directory:
     ./scratch/relax.pbe.ec-80.kp-2x4x2.HMX-792927.np-32.default-conv-thr.save

 %%%%%%%%%%%%%%%%%%%%%%%%%%%%%%%%%%%%%%%%%%%%%%%%%%%%%%%%%%%%%%%%%%%%%%%%%%%%%%
     Error in routine pw_readfile (1):
     error opening xml data file
 %%%%%%%%%%%%%%%%%%%%%%%%%%%%%%%%%%%%%%%%%%%%%%%%%%%%%%%%%%%%%%%%%%%%%%%%%%%%%%

     stopping ...

     Program QE v.5.3.0 (svn rev. 11974) starts on 23Jul2016 at  0:58:42 

     This program is part of the open-source Quantum ESPRESSO suite
     for quantum simulation of materials; please cite
         "P. Giannozzi et al., J. Phys.:Condens. Matter 21 395502 (2009);
          URL http://www.quantum-espresso.org", 
     in publications or presentations arising from this work. More details at
     http://www.quantum-espresso.org/quote

     Parallel version (MPI), running on    32 processors
     R & G space division:  proc/nbgrp/npool/nimage =      32

     ***** This is GIPAW svn revision unknown      *****

     Parallelizing q-star over 1 images

     Reading data from directory:
     ./scratch/relax.pbe.ec-80.kp-4x2x4.HMX-792927.np-32.default-conv-thr.save

   Info: using nr1, nr2, nr3 values from input

   Info: using nr1, nr2, nr3 values from input

     IMPORTANT: XC functional enforced from input :
     Exchange-correlation      =  SLA  PW   PBX  PBC ( 1  4  3  4 0 0)
     Any further DFT definition will be discarded
     Please, verify this is what you really want

               file N.pbe-n-kjpaw_psl.1.0.0.UPF: wavefunction(s)  2S renormalized
               file C.pbe-n-kjpaw_psl.1.0.0.UPF: wavefunction(s)  2S 2P renormalized
               file H.pbe-kjpaw_psl.1.0.0.UPF: wavefunction(s)  1S renormalized
               file O.pbe-n-kjpaw_psl.1.0.0.UPF: wavefunction(s)  2S 2P renormalized

     Parallelization info
     --------------------
     sticks:   dense  smooth     PW     G-vecs:    dense   smooth      PW
     Min         509     203     54                41432    10469    1444
     Max         510     204     55                41436    10506    1448
     Sum       16309    6521   1745              1325869   335487   46273


     Subspace diagonalization in iterative solution of the eigenvalue problem:
     a serial algorithm will be used

     GIPAW projectors -----------------------------------------------
     atom=  N    l=0  rc=    1.3000  rs=    0.8667
     atom=  N    l=0  rc=    1.3000  rs=    0.8667
     atom=  N    l=1  rc=    1.3500  rs=    0.9000
     atom=  N    l=1  rc=    1.3500  rs=    0.9000
     projs nearly linearly dependent: l=1  n1,n2= 1, 2  s=  0.99908189

     atom=  C    l=0  rc=    1.2000  rs=    0.8000
     atom=  C    l=0  rc=    1.2000  rs=    0.8000
     atom=  C    l=1  rc=    1.4000  rs=    0.9333
     atom=  C    l=1  rc=    1.4000  rs=    0.9333
     projs nearly linearly dependent: l=1  n1,n2= 1, 2  s=  0.99951561

     atom=  H    l=0  rc=    1.0000  rs=    0.6667
     atom=  H    l=0  rc=    1.0000  rs=    0.6667
     projs nearly linearly dependent: l=0  n1,n2= 1, 2  s=  0.99968852

     atom=  O    l=0  rc=    1.3000  rs=    0.8667
     atom=  O    l=0  rc=    1.3000  rs=    0.8667
     atom=  O    l=1  rc=    1.3500  rs=    0.9000
     atom=  O    l=1  rc=    1.3500  rs=    0.9000
     projs nearly linearly dependent: l=1  n1,n2= 1, 2  s=  0.99790100
     -----------------------------------------------------------------

     GIPAW integrals: -------------------------------------------
     Atom  i/j   nmr_para   nmr_dia   epr_rmc  epr_para   epr_dia
       N   1 1   0.67E+03 -0.31E+00  0.62E+01  0.27E+08  0.20E+03
       N   2 1   0.75E+03 -0.37E+00  0.67E+01  0.30E+08  0.23E+03
       N   2 2   0.85E+03 -0.45E+00  0.74E+01  0.35E+08  0.26E+03
       N   3 3   0.59E+01  0.56E+00  0.34E+01  0.12E+04  0.45E+02
       N   4 3   0.65E+01  0.61E+00  0.38E+01  0.13E+04  0.48E+02
       N   4 4   0.71E+01  0.67E+00  0.43E+01  0.15E+04  0.52E+02
       C   1 1   0.83E+03  0.17E-01  0.93E+01  0.24E+08  0.24E+03
       C   2 1   0.86E+03 -0.61E-01  0.94E+01  0.25E+08  0.25E+03
       C   2 2   0.90E+03 -0.15E+00  0.97E+01  0.26E+08  0.26E+03
       C   3 3   0.33E+01  0.34E+00  0.18E+01  0.55E+03  0.21E+02
       C   4 3   0.35E+01  0.37E+00  0.20E+01  0.59E+03  0.22E+02
       C   4 4   0.38E+01  0.39E+00  0.22E+01  0.63E+03  0.24E+02
       H   1 1   0.39E+02  0.19E+00  0.29E+00  0.78E+05  0.13E+02
       H   2 1   0.41E+02  0.21E+00  0.32E+00  0.82E+05  0.14E+02
       H   2 2   0.43E+02  0.22E+00  0.36E+00  0.86E+05  0.15E+02
       O   1 1   0.81E+03 -0.32E+00  0.65E+01  0.43E+08  0.24E+03
       O   2 1   0.91E+03 -0.39E+00  0.71E+01  0.48E+08  0.27E+03
       O   2 2   0.10E+04 -0.48E+00  0.78E+01  0.55E+08  0.31E+03
       O   3 3   0.99E+01  0.87E+00  0.58E+01  0.24E+04  0.75E+02
       O   4 3   0.11E+02  0.97E+00  0.67E+01  0.27E+04  0.83E+02
       O   4 4   0.12E+02  0.11E+01  0.76E+01  0.31E+04  0.93E+02
     ------------------------------------------------------------

     alpha_pv=     50.0530 eV

     Number of occupied bands for each k-point:
     k-point:     1    nbnd_occ= 112
     k-point:     2    nbnd_occ= 112
     k-point:     3    nbnd_occ= 112
     k-point:     4    nbnd_occ= 112
     k-point:     5    nbnd_occ= 112
     k-point:     6    nbnd_occ= 112
     k-point:     7    nbnd_occ= 112
     k-point:     8    nbnd_occ= 112
     k-point:     9    nbnd_occ= 112
     k-point:    10    nbnd_occ= 112
     k-point:    11    nbnd_occ= 112
     k-point:    12    nbnd_occ= 112
     k-point:    13    nbnd_occ= 112
     k-point:    14    nbnd_occ= 112
     k-point:    15    nbnd_occ= 112
     k-point:    16    nbnd_occ= 112


     GIPAW job: relax                                                                           


 %%%%%%%%%%%%%%%%%%%%%%%%%%%%%%%%%%%%%%%%%%%%%%%%%%%%%%%%%%%%%%%%%%%%%%%%%%%%%%
     Error in routine gipaw_main (1):
     wrong or undefined job in input
 %%%%%%%%%%%%%%%%%%%%%%%%%%%%%%%%%%%%%%%%%%%%%%%%%%%%%%%%%%%%%%%%%%%%%%%%%%%%%%

     stopping ...

     Program QE v.5.3.0 (svn rev. 11974) starts on 23Jul2016 at  1: 0:41 

     This program is part of the open-source Quantum ESPRESSO suite
     for quantum simulation of materials; please cite
         "P. Giannozzi et al., J. Phys.:Condens. Matter 21 395502 (2009);
          URL http://www.quantum-espresso.org", 
     in publications or presentations arising from this work. More details at
     http://www.quantum-espresso.org/quote

     Parallel version (MPI), running on    32 processors
     R & G space division:  proc/nbgrp/npool/nimage =      32

     ***** This is GIPAW svn revision unknown      *****

     Parallelizing q-star over 1 images

     Reading data from directory:
     ./scratch/relax.pbe.ec-80.kp-4x2x4.HMX-792927.np-32.default-conv-thr.save

   Info: using nr1, nr2, nr3 values from input

   Info: using nr1, nr2, nr3 values from input

     IMPORTANT: XC functional enforced from input :
     Exchange-correlation      =  SLA  PW   PBX  PBC ( 1  4  3  4 0 0)
     Any further DFT definition will be discarded
     Please, verify this is what you really want

               file N.pbe-n-kjpaw_psl.1.0.0.UPF: wavefunction(s)  2S renormalized
               file C.pbe-n-kjpaw_psl.1.0.0.UPF: wavefunction(s)  2S 2P renormalized
               file H.pbe-kjpaw_psl.1.0.0.UPF: wavefunction(s)  1S renormalized
               file O.pbe-n-kjpaw_psl.1.0.0.UPF: wavefunction(s)  2S 2P renormalized

     Parallelization info
     --------------------
     sticks:   dense  smooth     PW     G-vecs:    dense   smooth      PW
     Min         509     203     54                41432    10469    1444
     Max         510     204     55                41436    10506    1448
     Sum       16309    6521   1745              1325869   335487   46273


     Subspace diagonalization in iterative solution of the eigenvalue problem:
     a serial algorithm will be used

     GIPAW projectors -----------------------------------------------
     atom=  N    l=0  rc=    1.3000  rs=    0.8667
     atom=  N    l=0  rc=    1.3000  rs=    0.8667
     atom=  N    l=1  rc=    1.3500  rs=    0.9000
     atom=  N    l=1  rc=    1.3500  rs=    0.9000
     projs nearly linearly dependent: l=1  n1,n2= 1, 2  s=  0.99908189

     atom=  C    l=0  rc=    1.2000  rs=    0.8000
     atom=  C    l=0  rc=    1.2000  rs=    0.8000
     atom=  C    l=1  rc=    1.4000  rs=    0.9333
     atom=  C    l=1  rc=    1.4000  rs=    0.9333
     projs nearly linearly dependent: l=1  n1,n2= 1, 2  s=  0.99951561

     atom=  H    l=0  rc=    1.0000  rs=    0.6667
     atom=  H    l=0  rc=    1.0000  rs=    0.6667
     projs nearly linearly dependent: l=0  n1,n2= 1, 2  s=  0.99968852

     atom=  O    l=0  rc=    1.3000  rs=    0.8667
     atom=  O    l=0  rc=    1.3000  rs=    0.8667
     atom=  O    l=1  rc=    1.3500  rs=    0.9000
     atom=  O    l=1  rc=    1.3500  rs=    0.9000
     projs nearly linearly dependent: l=1  n1,n2= 1, 2  s=  0.99790100
     -----------------------------------------------------------------

     GIPAW integrals: -------------------------------------------
     Atom  i/j   nmr_para   nmr_dia   epr_rmc  epr_para   epr_dia
       N   1 1   0.67E+03 -0.31E+00  0.62E+01  0.27E+08  0.20E+03
       N   2 1   0.75E+03 -0.37E+00  0.67E+01  0.30E+08  0.23E+03
       N   2 2   0.85E+03 -0.45E+00  0.74E+01  0.35E+08  0.26E+03
       N   3 3   0.59E+01  0.56E+00  0.34E+01  0.12E+04  0.45E+02
       N   4 3   0.65E+01  0.61E+00  0.38E+01  0.13E+04  0.48E+02
       N   4 4   0.71E+01  0.67E+00  0.43E+01  0.15E+04  0.52E+02
       C   1 1   0.83E+03  0.17E-01  0.93E+01  0.24E+08  0.24E+03
       C   2 1   0.86E+03 -0.61E-01  0.94E+01  0.25E+08  0.25E+03
       C   2 2   0.90E+03 -0.15E+00  0.97E+01  0.26E+08  0.26E+03
       C   3 3   0.33E+01  0.34E+00  0.18E+01  0.55E+03  0.21E+02
       C   4 3   0.35E+01  0.37E+00  0.20E+01  0.59E+03  0.22E+02
       C   4 4   0.38E+01  0.39E+00  0.22E+01  0.63E+03  0.24E+02
       H   1 1   0.39E+02  0.19E+00  0.29E+00  0.78E+05  0.13E+02
       H   2 1   0.41E+02  0.21E+00  0.32E+00  0.82E+05  0.14E+02
       H   2 2   0.43E+02  0.22E+00  0.36E+00  0.86E+05  0.15E+02
       O   1 1   0.81E+03 -0.32E+00  0.65E+01  0.43E+08  0.24E+03
       O   2 1   0.91E+03 -0.39E+00  0.71E+01  0.48E+08  0.27E+03
       O   2 2   0.10E+04 -0.48E+00  0.78E+01  0.55E+08  0.31E+03
       O   3 3   0.99E+01  0.87E+00  0.58E+01  0.24E+04  0.75E+02
       O   4 3   0.11E+02  0.97E+00  0.67E+01  0.27E+04  0.83E+02
       O   4 4   0.12E+02  0.11E+01  0.76E+01  0.31E+04  0.93E+02
     ------------------------------------------------------------

     alpha_pv=     50.0530 eV

     Number of occupied bands for each k-point:
     k-point:     1    nbnd_occ= 112
     k-point:     2    nbnd_occ= 112
     k-point:     3    nbnd_occ= 112
     k-point:     4    nbnd_occ= 112
     k-point:     5    nbnd_occ= 112
     k-point:     6    nbnd_occ= 112
     k-point:     7    nbnd_occ= 112
     k-point:     8    nbnd_occ= 112
     k-point:     9    nbnd_occ= 112
     k-point:    10    nbnd_occ= 112
     k-point:    11    nbnd_occ= 112
     k-point:    12    nbnd_occ= 112
     k-point:    13    nbnd_occ= 112
     k-point:    14    nbnd_occ= 112
     k-point:    15    nbnd_occ= 112
     k-point:    16    nbnd_occ= 112


     GIPAW job: efg                                                                             


     ELECTRIC FIELD GRADIENTS TENSORS IN Hartree/bohrradius^2:

     ----- bare term -----
     N    1       -0.050999       -0.112011        0.149246
     N    1       -0.112011        0.061912       -0.124207
     N    1        0.149246       -0.124207       -0.010913

     O    2       -0.034990       -0.270250        0.156662
     O    2       -0.270250        0.107506       -0.237654
     O    2        0.156662       -0.237654       -0.072516

     N    3       -0.150263       -0.453514        0.609277
     N    3       -0.453514        0.540318       -0.587576
     N    3        0.609277       -0.587576       -0.390055

     N    4       -0.132427        0.092151        0.223787
     N    4        0.092151        0.054143        0.138538
     N    4        0.223787        0.138538        0.078284

     O    5       -0.166065        0.056835        0.110414
     O    5        0.056835        0.154707        0.326963
     O    5        0.110414        0.326963        0.011358

     N    6       -0.281856        0.432173        0.093163
     N    6        0.432173        0.218470        0.901884
     N    6        0.093163        0.901884        0.063386

     O    7       -0.069011       -0.298354        0.106086
     O    7       -0.298354        0.148858       -0.349268
     O    7        0.106086       -0.349268       -0.079847

     C    8       -0.091347       -0.072867        0.166742
     C    8       -0.072867        0.049182        0.041458
     C    8        0.166742        0.041458        0.042165

     H    9       -0.268621       -0.225559       -0.527273
     H    9       -0.225559        0.428003       -0.122204
     H    9       -0.527273       -0.122204       -0.159382

     H   10        0.226551        0.257895        0.236494
     H   10        0.257895       -0.554043       -0.369955
     H   10        0.236494       -0.369955        0.327493

     O   11       -0.242242        0.141619        0.085080
     O   11        0.141619        0.180593        0.286243
     O   11        0.085080        0.286243        0.061649

     C   12       -0.051352        0.070959        0.094156
     C   12        0.070959        0.059050       -0.013064
     C   12        0.094156       -0.013064       -0.007698

     H   13       -0.409500       -0.366141       -0.347890
     H   13       -0.366141        0.246326       -0.169602
     H   13       -0.347890       -0.169602        0.163173

     H   14        0.237439        0.010396        0.157403
     H   14        0.010396       -0.032457        0.529811
     H   14        0.157403        0.529811       -0.204982

     H   15        0.237388       -0.010382        0.157430
     H   15       -0.010382       -0.032424       -0.529776
     H   15        0.157430       -0.529776       -0.204964

     H   16       -0.409486        0.366129       -0.347944
     H   16        0.366129        0.246340        0.169630
     H   16       -0.347944        0.169630        0.163146

     C   17       -0.051366       -0.070979        0.094141
     C   17       -0.070979        0.059067        0.013120
     C   17        0.094141        0.013120       -0.007701

     O   18       -0.242728       -0.142265        0.084719
     O   18       -0.142265        0.180714       -0.286570
     O   18        0.084719       -0.286570        0.062014

     H   19        0.226539       -0.257897        0.236484
     H   19       -0.257897       -0.554079        0.369931
     H   19        0.236484        0.369931        0.327540

     H   20       -0.268583        0.225578       -0.527250
     H   20        0.225578        0.427992        0.122208
     H   20       -0.527250        0.122208       -0.159408

     C   21       -0.091339        0.072873        0.166734
     C   21        0.072873        0.049146       -0.041424
     C   21        0.166734       -0.041424        0.042193

     O   22       -0.068661        0.298266        0.106335
     O   22        0.298266        0.149107        0.349694
     O   22        0.106335        0.349694       -0.080446

     N   23       -0.282858       -0.432744        0.092795
     N   23       -0.432744        0.218734       -0.901365
     N   23        0.092795       -0.901365        0.064124

     O   24       -0.166611       -0.056797        0.110380
     O   24       -0.056797        0.154844       -0.326073
     O   24        0.110380       -0.326073        0.011767

     N   25       -0.132677       -0.092269        0.223770
     N   25       -0.092269        0.054241       -0.138388
     N   25        0.223770       -0.138388        0.078436

     N   26       -0.149376        0.453284        0.608643
     N   26        0.453284        0.539980        0.588200
     N   26        0.608643        0.588200       -0.390604

     O   27       -0.034362        0.269975        0.155822
     O   27        0.269975        0.106908        0.237782
     O   27        0.155822        0.237782       -0.072547

     N   28       -0.050794        0.111995        0.149154
     N   28        0.111995        0.061860        0.124393
     N   28        0.149154        0.124393       -0.011066

     H   29        0.237439        0.010396        0.157403
     H   29        0.010396       -0.032457        0.529811
     H   29        0.157403        0.529811       -0.204982

     H   30       -0.409500       -0.366141       -0.347890
     H   30       -0.366141        0.246326       -0.169602
     H   30       -0.347890       -0.169602        0.163173

     C   31       -0.051352        0.070959        0.094156
     C   31        0.070959        0.059050       -0.013064
     C   31        0.094156       -0.013064       -0.007698

     O   32       -0.242242        0.141619        0.085080
     O   32        0.141619        0.180593        0.286243
     O   32        0.085080        0.286243        0.061649

     H   33        0.226551        0.257895        0.236494
     H   33        0.257895       -0.554043       -0.369955
     H   33        0.236494       -0.369955        0.327493

     H   34       -0.268621       -0.225559       -0.527273
     H   34       -0.225559        0.428003       -0.122204
     H   34       -0.527273       -0.122204       -0.159382

     C   35       -0.091347       -0.072867        0.166742
     C   35       -0.072867        0.049182        0.041458
     C   35        0.166742        0.041458        0.042165

     O   36       -0.069011       -0.298354        0.106086
     O   36       -0.298354        0.148858       -0.349268
     O   36        0.106086       -0.349268       -0.079847

     N   37       -0.281856        0.432173        0.093163
     N   37        0.432173        0.218470        0.901884
     N   37        0.093163        0.901884        0.063386

     O   38       -0.166065        0.056835        0.110414
     O   38        0.056835        0.154707        0.326963
     O   38        0.110414        0.326963        0.011358

     N   39       -0.132427        0.092151        0.223787
     N   39        0.092151        0.054143        0.138538
     N   39        0.223787        0.138538        0.078284

     N   40       -0.150263       -0.453514        0.609277
     N   40       -0.453514        0.540318       -0.587576
     N   40        0.609277       -0.587576       -0.390055

     O   41       -0.034990       -0.270250        0.156662
     O   41       -0.270250        0.107506       -0.237654
     O   41        0.156662       -0.237654       -0.072516

     N   42       -0.050999       -0.112011        0.149246
     N   42       -0.112011        0.061912       -0.124207
     N   42        0.149246       -0.124207       -0.010913

     H   43        0.237388       -0.010382        0.157430
     H   43       -0.010382       -0.032424       -0.529776
     H   43        0.157430       -0.529776       -0.204964

     H   44       -0.409486        0.366129       -0.347944
     H   44        0.366129        0.246340        0.169630
     H   44       -0.347944        0.169630        0.163146

     C   45       -0.051366       -0.070979        0.094141
     C   45       -0.070979        0.059067        0.013120
     C   45        0.094141        0.013120       -0.007701

     O   46       -0.242728       -0.142265        0.084719
     O   46       -0.142265        0.180714       -0.286570
     O   46        0.084719       -0.286570        0.062014

     H   47        0.226539       -0.257897        0.236484
     H   47       -0.257897       -0.554079        0.369931
     H   47        0.236484        0.369931        0.327540

     H   48       -0.268583        0.225578       -0.527250
     H   48        0.225578        0.427992        0.122208
     H   48       -0.527250        0.122208       -0.159408

     C   49       -0.091339        0.072873        0.166734
     C   49        0.072873        0.049146       -0.041424
     C   49        0.166734       -0.041424        0.042193

     O   50       -0.068661        0.298266        0.106335
     O   50        0.298266        0.149107        0.349694
     O   50        0.106335        0.349694       -0.080446

     N   51       -0.282858       -0.432744        0.092795
     N   51       -0.432744        0.218734       -0.901365
     N   51        0.092795       -0.901365        0.064124

     O   52       -0.166611       -0.056797        0.110380
     O   52       -0.056797        0.154844       -0.326073
     O   52        0.110380       -0.326073        0.011767

     N   53       -0.132677       -0.092269        0.223770
     N   53       -0.092269        0.054241       -0.138388
     N   53        0.223770       -0.138388        0.078436

     N   54       -0.149376        0.453284        0.608643
     N   54        0.453284        0.539980        0.588200
     N   54        0.608643        0.588200       -0.390604

     O   55       -0.034362        0.269975        0.155822
     O   55        0.269975        0.106908        0.237782
     O   55        0.155822        0.237782       -0.072547

     N   56       -0.050794        0.111995        0.149154
     N   56        0.111995        0.061860        0.124393
     N   56        0.149154        0.124393       -0.011066

     ----- ionic term -----
     N    1        0.190452        0.412530       -0.202461
     N    1        0.412530       -0.171156        0.422614
     N    1       -0.202461        0.422614       -0.019296

     O    2        0.383382        0.241566       -0.600230
     O    2        0.241566       -0.328574       -0.066766
     O    2       -0.600230       -0.066766       -0.054808

     N    3        0.148504        0.485812       -0.643699
     N    3        0.485812       -0.551410        0.617859
     N    3       -0.643699        0.617859        0.402906

     N    4        0.354466       -0.167116       -0.479836
     N    4       -0.167116       -0.141325       -0.412763
     N    4       -0.479836       -0.412763       -0.213141

     O    5       -0.416227        0.024694       -0.062620
     O    5        0.024694        0.072439       -0.669690
     O    5       -0.062620       -0.669690        0.343788

     N    6        0.313484       -0.433462       -0.088002
     N    6       -0.433462       -0.228210       -0.959164
     N    6       -0.088002       -0.959164       -0.085274

     O    7       -0.363569       -0.001932       -0.188872
     O    7       -0.001932       -0.223354        0.593315
     O    7       -0.188872        0.593315        0.586923

     C    8        0.146645        0.082030       -0.271381
     C    8        0.082030       -0.117823       -0.228546
     C    8       -0.271381       -0.228546       -0.028822

     H    9        0.321679        0.306380        0.709413
     H    9        0.306380       -0.538513        0.189697
     H    9        0.709413        0.189697        0.216833

     H   10       -0.332932       -0.342949       -0.287271
     H   10       -0.342949        0.731163        0.502925
     H   10       -0.287271        0.502925       -0.398232

     O   11        0.470026       -0.545350        0.326538
     O   11       -0.545350       -0.138870       -0.230100
     O   11        0.326538       -0.230100       -0.331156

     C   12        0.005324       -0.252573       -0.092038
     C   12       -0.252573       -0.058403        0.135126
     C   12       -0.092038        0.135126        0.053079

     H   13        0.565556        0.508904        0.438699
     H   13        0.508904       -0.301773        0.225534
     H   13        0.438699        0.225534       -0.263784

     H   14       -0.340279        0.049229       -0.231872
     H   14        0.049229        0.079173       -0.709447
     H   14       -0.231872       -0.709447        0.261106

     H   15       -0.340198       -0.049216       -0.231865
     H   15       -0.049216        0.079119        0.709351
     H   15       -0.231865        0.709351        0.261079

     H   16        0.565575       -0.508918        0.438774
     H   16       -0.508918       -0.301796       -0.225575
     H   16        0.438774       -0.225575       -0.263780

     C   17        0.005341        0.252609       -0.092015
     C   17        0.252609       -0.058425       -0.135206
     C   17       -0.092015       -0.135206        0.053084

     O   18        0.470419        0.545722        0.326738
     O   18        0.545722       -0.139002        0.230210
     O   18        0.326738        0.230210       -0.331417

     H   19       -0.332952        0.342966       -0.287273
     H   19        0.342966        0.731263       -0.502940
     H   19       -0.287273       -0.502940       -0.398311

     H   20        0.321632       -0.306409        0.709368
     H   20       -0.306409       -0.538482       -0.189715
     H   20        0.709368       -0.189715        0.216851

     C   21        0.146630       -0.082026       -0.271375
     C   21       -0.082026       -0.117791        0.228489
     C   21       -0.271375        0.228489       -0.028839

     O   22       -0.363849        0.001940       -0.188853
     O   22        0.001940       -0.223404       -0.593654
     O   22       -0.188853       -0.593654        0.587253

     N   23        0.314547        0.434064       -0.087612
     N   23        0.434064       -0.228496        0.958615
     N   23       -0.087612        0.958615       -0.086050

     O   24       -0.415895       -0.024647       -0.062538
     O   24       -0.024647        0.072378        0.669168
     O   24       -0.062538        0.669168        0.343517

     N   25        0.354733        0.167233       -0.479793
     N   25        0.167233       -0.141427        0.412632
     N   25       -0.479793        0.412632       -0.213306

     N   26        0.147559       -0.485576       -0.643037
     N   26       -0.485576       -0.551055       -0.618536
     N   26       -0.643037       -0.618536        0.403497

     O   27        0.382959       -0.241363       -0.599751
     O   27       -0.241363       -0.328231        0.066663
     O   27       -0.599751        0.066663       -0.054727

     N   28        0.190253       -0.412480       -0.202347
     N   28       -0.412480       -0.171092       -0.422788
     N   28       -0.202347       -0.422788       -0.019160

     H   29       -0.340279        0.049229       -0.231872
     H   29        0.049229        0.079173       -0.709447
     H   29       -0.231872       -0.709447        0.261106

     H   30        0.565556        0.508904        0.438699
     H   30        0.508904       -0.301773        0.225534
     H   30        0.438699        0.225534       -0.263784

     C   31        0.005324       -0.252573       -0.092038
     C   31       -0.252573       -0.058403        0.135126
     C   31       -0.092038        0.135126        0.053079

     O   32        0.470026       -0.545350        0.326538
     O   32       -0.545350       -0.138870       -0.230100
     O   32        0.326538       -0.230100       -0.331156

     H   33       -0.332932       -0.342949       -0.287271
     H   33       -0.342949        0.731163        0.502925
     H   33       -0.287271        0.502925       -0.398232

     H   34        0.321679        0.306380        0.709413
     H   34        0.306380       -0.538513        0.189697
     H   34        0.709413        0.189697        0.216833

     C   35        0.146645        0.082030       -0.271381
     C   35        0.082030       -0.117823       -0.228546
     C   35       -0.271381       -0.228546       -0.028822

     O   36       -0.363569       -0.001932       -0.188872
     O   36       -0.001932       -0.223354        0.593315
     O   36       -0.188872        0.593315        0.586923

     N   37        0.313484       -0.433462       -0.088002
     N   37       -0.433462       -0.228210       -0.959164
     N   37       -0.088002       -0.959164       -0.085274

     O   38       -0.416227        0.024694       -0.062620
     O   38        0.024694        0.072439       -0.669690
     O   38       -0.062620       -0.669690        0.343788

     N   39        0.354466       -0.167116       -0.479836
     N   39       -0.167116       -0.141325       -0.412763
     N   39       -0.479836       -0.412763       -0.213141

     N   40        0.148504        0.485812       -0.643699
     N   40        0.485812       -0.551410        0.617859
     N   40       -0.643699        0.617859        0.402906

     O   41        0.383382        0.241566       -0.600230
     O   41        0.241566       -0.328574       -0.066766
     O   41       -0.600230       -0.066766       -0.054808

     N   42        0.190452        0.412530       -0.202461
     N   42        0.412530       -0.171156        0.422614
     N   42       -0.202461        0.422614       -0.019296

     H   43       -0.340198       -0.049216       -0.231865
     H   43       -0.049216        0.079119        0.709351
     H   43       -0.231865        0.709351        0.261079

     H   44        0.565575       -0.508918        0.438774
     H   44       -0.508918       -0.301796       -0.225575
     H   44        0.438774       -0.225575       -0.263780

     C   45        0.005341        0.252609       -0.092015
     C   45        0.252609       -0.058425       -0.135206
     C   45       -0.092015       -0.135206        0.053084

     O   46        0.470419        0.545722        0.326738
     O   46        0.545722       -0.139002        0.230210
     O   46        0.326738        0.230210       -0.331417

     H   47       -0.332952        0.342966       -0.287273
     H   47        0.342966        0.731263       -0.502940
     H   47       -0.287273       -0.502940       -0.398311

     H   48        0.321632       -0.306409        0.709368
     H   48       -0.306409       -0.538482       -0.189715
     H   48        0.709368       -0.189715        0.216851

     C   49        0.146630       -0.082026       -0.271375
     C   49       -0.082026       -0.117791        0.228489
     C   49       -0.271375        0.228489       -0.028839

     O   50       -0.363849        0.001940       -0.188853
     O   50        0.001940       -0.223404       -0.593654
     O   50       -0.188853       -0.593654        0.587253

     N   51        0.314547        0.434064       -0.087612
     N   51        0.434064       -0.228496        0.958615
     N   51       -0.087612        0.958615       -0.086050

     O   52       -0.415895       -0.024647       -0.062538
     O   52       -0.024647        0.072378        0.669168
     O   52       -0.062538        0.669168        0.343517

     N   53        0.354733        0.167233       -0.479793
     N   53        0.167233       -0.141427        0.412632
     N   53       -0.479793        0.412632       -0.213306

     N   54        0.147559       -0.485576       -0.643037
     N   54       -0.485576       -0.551055       -0.618536
     N   54       -0.643037       -0.618536        0.403497

     O   55        0.382959       -0.241363       -0.599751
     O   55       -0.241363       -0.328231        0.066663
     O   55       -0.599751        0.066663       -0.054727

     N   56        0.190253       -0.412480       -0.202347
     N   56       -0.412480       -0.171092       -0.422788
     N   56       -0.202347       -0.422788       -0.019160

     ----- GIPAW term -----
     N    1        0.225514        0.475445       -0.121835
     N    1        0.475445       -0.195751        0.490852
     N    1       -0.121835        0.490852       -0.029763

     O    2        0.826080       -0.106071       -1.036349
     O    2       -0.106071       -0.494479       -0.775468
     O    2       -1.036349       -0.775468       -0.331601

     N    3        0.005497        0.088150       -0.008605
     N    3        0.088150        0.007096        0.055829
     N    3       -0.008605        0.055829       -0.012593

     N    4        0.338850       -0.147500       -0.404179
     N    4       -0.147500       -0.122612       -0.461234
     N    4       -0.404179       -0.461234       -0.216238

     O    5       -1.437715        0.216507        0.127366
     O    5        0.216507        0.570522       -0.762066
     O    5        0.127366       -0.762066        0.867194

     N    6        0.092931        0.024504       -0.031734
     N    6        0.024504       -0.051054       -0.073637
     N    6       -0.031734       -0.073637       -0.041878

     O    7       -1.058520       -0.761137       -0.164546
     O    7       -0.761137       -0.141678        0.542080
     O    7       -0.164546        0.542080        1.200198

     C    8        0.048272        0.002972       -0.099235
     C    8        0.002972       -0.062228       -0.187466
     C    8       -0.099235       -0.187466        0.013956

     H    9        0.000000        0.000000        0.000000
     H    9        0.000000       -0.000000        0.000000
     H    9        0.000000        0.000000       -0.000000

     H   10        0.000000        0.000000        0.000000
     H   10        0.000000       -0.000000        0.000000
     H   10        0.000000        0.000000       -0.000000

     O   11        0.524129       -0.944052        1.013765
     O   11       -0.944052        0.122418        0.196219
     O   11        1.013765        0.196219       -0.646547

     C   12       -0.046066       -0.184120        0.005474
     C   12       -0.184120       -0.000906        0.122053
     C   12        0.005474        0.122053        0.046972

     H   13        0.000000        0.000000        0.000000
     H   13        0.000000       -0.000000        0.000000
     H   13        0.000000        0.000000       -0.000000

     H   14        0.000000        0.000000        0.000000
     H   14        0.000000       -0.000000        0.000000
     H   14        0.000000        0.000000       -0.000000

     H   15        0.000000        0.000000        0.000000
     H   15        0.000000       -0.000000        0.000000
     H   15        0.000000        0.000000       -0.000000

     H   16        0.000000        0.000000        0.000000
     H   16        0.000000       -0.000000        0.000000
     H   16        0.000000        0.000000       -0.000000

     C   17       -0.046062        0.184132        0.005480
     C   17        0.184132       -0.000912       -0.122074
     C   17        0.005480       -0.122074        0.046974

     O   18        0.523756        0.943187        1.013258
     O   18        0.943187        0.122429       -0.196848
     O   18        1.013258       -0.196848       -0.646185

     H   19        0.000000        0.000000        0.000000
     H   19        0.000000       -0.000000        0.000000
     H   19        0.000000        0.000000       -0.000000

     H   20        0.000000        0.000000        0.000000
     H   20        0.000000       -0.000000        0.000000
     H   20        0.000000        0.000000       -0.000000

     C   21        0.048264       -0.002957       -0.099234
     C   21       -0.002957       -0.062235        0.187444
     C   21       -0.099234        0.187444        0.013971

     O   22       -1.058245        0.760912       -0.163808
     O   22        0.760912       -0.141117       -0.541734
     O   22       -0.163808       -0.541734        1.199361

     N   23        0.092851       -0.024557       -0.031766
     N   23       -0.024557       -0.051043        0.073687
     N   23       -0.031766        0.073687       -0.041808

     O   24       -1.438410       -0.216292        0.127478
     O   24       -0.216292        0.570748        0.763248
     O   24        0.127478        0.763248        0.867662

     N   25        0.338889        0.147503       -0.404137
     N   25        0.147503       -0.122621        0.461256
     N   25       -0.404137        0.461256       -0.216268

     N   26        0.005569       -0.088193       -0.008667
     N   26       -0.088193        0.007065       -0.055802
     N   26       -0.008667       -0.055802       -0.012634

     O   27        0.826793        0.105802       -1.037501
     O   27        0.105802       -0.495295        0.775565
     O   27       -1.037501        0.775565       -0.331498

     N   28        0.225515       -0.475390       -0.121797
     N   28       -0.475390       -0.195731       -0.490847
     N   28       -0.121797       -0.490847       -0.029784

     H   29        0.000000        0.000000        0.000000
     H   29        0.000000       -0.000000        0.000000
     H   29        0.000000        0.000000       -0.000000

     H   30        0.000000        0.000000        0.000000
     H   30        0.000000       -0.000000        0.000000
     H   30        0.000000        0.000000       -0.000000

     C   31       -0.046066       -0.184120        0.005474
     C   31       -0.184120       -0.000906        0.122053
     C   31        0.005474        0.122053        0.046972

     O   32        0.524129       -0.944052        1.013765
     O   32       -0.944052        0.122418        0.196219
     O   32        1.013765        0.196219       -0.646547

     H   33        0.000000        0.000000        0.000000
     H   33        0.000000       -0.000000        0.000000
     H   33        0.000000        0.000000       -0.000000

     H   34        0.000000        0.000000        0.000000
     H   34        0.000000       -0.000000        0.000000
     H   34        0.000000        0.000000       -0.000000

     C   35        0.048272        0.002972       -0.099235
     C   35        0.002972       -0.062228       -0.187466
     C   35       -0.099235       -0.187466        0.013956

     O   36       -1.058520       -0.761137       -0.164546
     O   36       -0.761137       -0.141678        0.542080
     O   36       -0.164546        0.542080        1.200198

     N   37        0.092931        0.024504       -0.031734
     N   37        0.024504       -0.051054       -0.073637
     N   37       -0.031734       -0.073637       -0.041878

     O   38       -1.437715        0.216507        0.127366
     O   38        0.216507        0.570522       -0.762066
     O   38        0.127366       -0.762066        0.867194

     N   39        0.338850       -0.147500       -0.404179
     N   39       -0.147500       -0.122612       -0.461234
     N   39       -0.404179       -0.461234       -0.216238

     N   40        0.005497        0.088150       -0.008605
     N   40        0.088150        0.007096        0.055829
     N   40       -0.008605        0.055829       -0.012593

     O   41        0.826080       -0.106071       -1.036349
     O   41       -0.106071       -0.494479       -0.775468
     O   41       -1.036349       -0.775468       -0.331601

     N   42        0.225514        0.475445       -0.121835
