
     Program QE v.5.3.0 (svn rev. 11974) starts on 23Jul2016 at  1:16:38 

     This program is part of the open-source Quantum ESPRESSO suite
     for quantum simulation of materials; please cite
         "P. Giannozzi et al., J. Phys.:Condens. Matter 21 395502 (2009);
          URL http://www.quantum-espresso.org", 
     in publications or presentations arising from this work. More details at
     http://www.quantum-espresso.org/quote

     Parallel version (MPI), running on    32 processors
     R & G space division:  proc/nbgrp/npool/nimage =      32

     ***** This is GIPAW svn revision unknown      *****

     Parallelizing q-star over 1 images

     Reading data from directory:
     ./scratch/relax.pbe.ec-80.kp-4x2x4.HMX-792933.np-32.default-conv-thr.save

   Info: using nr1, nr2, nr3 values from input

   Info: using nr1, nr2, nr3 values from input

     IMPORTANT: XC functional enforced from input :
     Exchange-correlation      =  SLA  PW   PBX  PBC ( 1  4  3  4 0 0)
     Any further DFT definition will be discarded
     Please, verify this is what you really want

               file N.pbe-n-kjpaw_psl.1.0.0.UPF: wavefunction(s)  2S renormalized
               file C.pbe-n-kjpaw_psl.1.0.0.UPF: wavefunction(s)  2S 2P renormalized
               file H.pbe-kjpaw_psl.1.0.0.UPF: wavefunction(s)  1S renormalized
               file O.pbe-n-kjpaw_psl.1.0.0.UPF: wavefunction(s)  2S 2P renormalized

     Parallelization info
     --------------------
     sticks:   dense  smooth     PW     G-vecs:    dense   smooth      PW
     Min         504     202     54                41009    10339    1430
     Max         505     203     55                41014    10397    1432
     Sum       16155    6475   1737              1312375   331997   45785


     Subspace diagonalization in iterative solution of the eigenvalue problem:
     a serial algorithm will be used

     GIPAW projectors -----------------------------------------------
     atom=  N    l=0  rc=    1.3000  rs=    0.8667
     atom=  N    l=0  rc=    1.3000  rs=    0.8667
     atom=  N    l=1  rc=    1.3500  rs=    0.9000
     atom=  N    l=1  rc=    1.3500  rs=    0.9000
     projs nearly linearly dependent: l=1  n1,n2= 1, 2  s=  0.99908189

     atom=  C    l=0  rc=    1.2000  rs=    0.8000
     atom=  C    l=0  rc=    1.2000  rs=    0.8000
     atom=  C    l=1  rc=    1.4000  rs=    0.9333
     atom=  C    l=1  rc=    1.4000  rs=    0.9333
     projs nearly linearly dependent: l=1  n1,n2= 1, 2  s=  0.99951561

     atom=  H    l=0  rc=    1.0000  rs=    0.6667
     atom=  H    l=0  rc=    1.0000  rs=    0.6667
     projs nearly linearly dependent: l=0  n1,n2= 1, 2  s=  0.99968852

     atom=  O    l=0  rc=    1.3000  rs=    0.8667
     atom=  O    l=0  rc=    1.3000  rs=    0.8667
     atom=  O    l=1  rc=    1.3500  rs=    0.9000
     atom=  O    l=1  rc=    1.3500  rs=    0.9000
     projs nearly linearly dependent: l=1  n1,n2= 1, 2  s=  0.99790100
     -----------------------------------------------------------------

     GIPAW integrals: -------------------------------------------
     Atom  i/j   nmr_para   nmr_dia   epr_rmc  epr_para   epr_dia
       N   1 1   0.67E+03 -0.31E+00  0.62E+01  0.27E+08  0.20E+03
       N   2 1   0.75E+03 -0.37E+00  0.67E+01  0.30E+08  0.23E+03
       N   2 2   0.85E+03 -0.45E+00  0.74E+01  0.35E+08  0.26E+03
       N   3 3   0.59E+01  0.56E+00  0.34E+01  0.12E+04  0.45E+02
       N   4 3   0.65E+01  0.61E+00  0.38E+01  0.13E+04  0.48E+02
       N   4 4   0.71E+01  0.67E+00  0.43E+01  0.15E+04  0.52E+02
       C   1 1   0.83E+03  0.17E-01  0.93E+01  0.24E+08  0.24E+03
       C   2 1   0.86E+03 -0.61E-01  0.94E+01  0.25E+08  0.25E+03
       C   2 2   0.90E+03 -0.15E+00  0.97E+01  0.26E+08  0.26E+03
       C   3 3   0.33E+01  0.34E+00  0.18E+01  0.55E+03  0.21E+02
       C   4 3   0.35E+01  0.37E+00  0.20E+01  0.59E+03  0.22E+02
       C   4 4   0.38E+01  0.39E+00  0.22E+01  0.63E+03  0.24E+02
       H   1 1   0.39E+02  0.19E+00  0.29E+00  0.78E+05  0.13E+02
       H   2 1   0.41E+02  0.21E+00  0.32E+00  0.82E+05  0.14E+02
       H   2 2   0.43E+02  0.22E+00  0.36E+00  0.86E+05  0.15E+02
       O   1 1   0.81E+03 -0.32E+00  0.65E+01  0.43E+08  0.24E+03
       O   2 1   0.91E+03 -0.39E+00  0.71E+01  0.48E+08  0.27E+03
       O   2 2   0.10E+04 -0.48E+00  0.78E+01  0.55E+08  0.31E+03
       O   3 3   0.99E+01  0.87E+00  0.58E+01  0.24E+04  0.75E+02
       O   4 3   0.11E+02  0.97E+00  0.67E+01  0.27E+04  0.83E+02
       O   4 4   0.12E+02  0.11E+01  0.76E+01  0.31E+04  0.93E+02
     ------------------------------------------------------------

     alpha_pv=     50.0648 eV

     Number of occupied bands for each k-point:
     k-point:     1    nbnd_occ= 112
     k-point:     2    nbnd_occ= 112
     k-point:     3    nbnd_occ= 112
     k-point:     4    nbnd_occ= 112
     k-point:     5    nbnd_occ= 112
     k-point:     6    nbnd_occ= 112
     k-point:     7    nbnd_occ= 112
     k-point:     8    nbnd_occ= 112
     k-point:     9    nbnd_occ= 112
     k-point:    10    nbnd_occ= 112
     k-point:    11    nbnd_occ= 112
     k-point:    12    nbnd_occ= 112
     k-point:    13    nbnd_occ= 112
     k-point:    14    nbnd_occ= 112
     k-point:    15    nbnd_occ= 112
     k-point:    16    nbnd_occ= 112


     GIPAW job: efg                                                                             


     ELECTRIC FIELD GRADIENTS TENSORS IN Hartree/bohrradius^2:

     ----- bare term -----
     N    1       -0.050975       -0.112320        0.146586
     N    1       -0.112320        0.061575       -0.126791
     N    1        0.146586       -0.126791       -0.010600

     O    2       -0.037009       -0.264969        0.152821
     O    2       -0.264969        0.107401       -0.235850
     O    2        0.152821       -0.235850       -0.070392

     N    3       -0.158478       -0.446779        0.605183
     N    3       -0.446779        0.541805       -0.592457
     N    3        0.605183       -0.592457       -0.383328

     N    4       -0.130887        0.090987        0.222984
     N    4        0.090987        0.056544        0.133197
     N    4        0.222984        0.133197        0.074343

     O    5       -0.167435        0.054670        0.108714
     O    5        0.054670        0.156407        0.326310
     O    5        0.108714        0.326310        0.011027

     N    6       -0.281849        0.426562        0.087982
     N    6        0.426562        0.226529        0.900420
     N    6        0.087982        0.900420        0.055321

     O    7       -0.074459       -0.295379        0.102933
     O    7       -0.295379        0.151299       -0.349648
     O    7        0.102933       -0.349648       -0.076840

     C    8       -0.088763       -0.069103        0.166258
     C    8       -0.069103        0.047130        0.040696
     C    8        0.166258        0.040696        0.041633

     H    9       -0.263533       -0.231297       -0.522577
     H    9       -0.231297        0.422475       -0.130223
     H    9       -0.522577       -0.130223       -0.158942

     H   10        0.230172        0.264503        0.229262
     H   10        0.264503       -0.569820       -0.353635
     H   10        0.229262       -0.353635        0.339648

     O   11       -0.242392        0.140472        0.080514
     O   11        0.140472        0.183266        0.287313
     O   11        0.080514        0.287313        0.059126

     C   12       -0.050683        0.071748        0.088488
     C   12        0.071748        0.060242       -0.010993
     C   12        0.088488       -0.010993       -0.009559

     H   13       -0.411993       -0.362801       -0.350754
     H   13       -0.362801        0.250544       -0.165473
     H   13       -0.350754       -0.165473        0.161449

     H   14        0.238939        0.010952        0.150339
     H   14        0.010952       -0.030947        0.530519
     H   14        0.150339        0.530519       -0.207993

     H   15        0.238921       -0.010953        0.150341
     H   15       -0.010953       -0.030951       -0.530500
     H   15        0.150341       -0.530500       -0.207970

     H   16       -0.412010        0.362795       -0.350781
     H   16        0.362795        0.250560        0.165477
     H   16       -0.350781        0.165477        0.161450

     C   17       -0.050702       -0.071751        0.088482
     C   17       -0.071751        0.060246        0.011023
     C   17        0.088482        0.011023       -0.009543

     O   18       -0.242414       -0.140523        0.080491
     O   18       -0.140523        0.183260       -0.287346
     O   18        0.080491       -0.287346        0.059154

     H   19        0.230144       -0.264522        0.229270
     H   19       -0.264522       -0.569815        0.353618
     H   19        0.229270        0.353618        0.339672

     H   20       -0.263523        0.231301       -0.522565
     H   20        0.231301        0.422461        0.130221
     H   20       -0.522565        0.130221       -0.158938

     C   21       -0.088767        0.069122        0.166256
     C   21        0.069122        0.047114       -0.040690
     C   21        0.166256       -0.040690        0.041653

     O   22       -0.074176        0.295296        0.103121
     O   22        0.295296        0.151472        0.349979
     O   22        0.103121        0.349979       -0.077297

     N   23       -0.282015       -0.426589        0.088000
     N   23       -0.426589        0.226574       -0.900308
     N   23        0.088000       -0.900308        0.055442

     O   24       -0.167528       -0.054675        0.108705
     O   24       -0.054675        0.156421       -0.326156
     O   24        0.108705       -0.326156        0.011106

     N   25       -0.130951       -0.090983        0.223015
     N   25       -0.090983        0.056579       -0.133188
     N   25        0.223015       -0.133188        0.074373

     N   26       -0.157774        0.446625        0.604700
     N   26        0.446625        0.541528        0.592949
     N   26        0.604700        0.592949       -0.383754

     O   27       -0.036522        0.264795        0.152186
     O   27        0.264795        0.106937        0.235950
     O   27        0.152186        0.235950       -0.070415

     N   28       -0.050838        0.112338        0.146509
     N   28        0.112338        0.061525        0.126941
     N   28        0.146509        0.126941       -0.010687

     H   29        0.238939        0.010952        0.150339
     H   29        0.010952       -0.030947        0.530519
     H   29        0.150339        0.530519       -0.207993

     H   30       -0.411993       -0.362801       -0.350754
     H   30       -0.362801        0.250544       -0.165473
     H   30       -0.350754       -0.165473        0.161449

     C   31       -0.050683        0.071748        0.088488
     C   31        0.071748        0.060242       -0.010993
     C   31        0.088488       -0.010993       -0.009559

     O   32       -0.242392        0.140472        0.080514
     O   32        0.140472        0.183266        0.287313
     O   32        0.080514        0.287313        0.059126

     H   33        0.230172        0.264503        0.229262
     H   33        0.264503       -0.569820       -0.353635
     H   33        0.229262       -0.353635        0.339648

     H   34       -0.263533       -0.231297       -0.522577
     H   34       -0.231297        0.422475       -0.130223
     H   34       -0.522577       -0.130223       -0.158942

     C   35       -0.088763       -0.069103        0.166258
     C   35       -0.069103        0.047130        0.040696
     C   35        0.166258        0.040696        0.041633

     O   36       -0.074459       -0.295379        0.102933
     O   36       -0.295379        0.151299       -0.349648
     O   36        0.102933       -0.349648       -0.076840

     N   37       -0.281849        0.426562        0.087982
     N   37        0.426562        0.226529        0.900420
     N   37        0.087982        0.900420        0.055321

     O   38       -0.167435        0.054670        0.108714
     O   38        0.054670        0.156407        0.326310
     O   38        0.108714        0.326310        0.011027

     N   39       -0.130887        0.090987        0.222984
     N   39        0.090987        0.056544        0.133197
     N   39        0.222984        0.133197        0.074343

     N   40       -0.158478       -0.446779        0.605183
     N   40       -0.446779        0.541805       -0.592457
     N   40        0.605183       -0.592457       -0.383328

     O   41       -0.037009       -0.264969        0.152821
     O   41       -0.264969        0.107401       -0.235850
     O   41        0.152821       -0.235850       -0.070392

     N   42       -0.050975       -0.112320        0.146586
     N   42       -0.112320        0.061575       -0.126791
     N   42        0.146586       -0.126791       -0.010600

     H   43        0.238921       -0.010953        0.150341
     H   43       -0.010953       -0.030951       -0.530500
     H   43        0.150341       -0.530500       -0.207970

     H   44       -0.412010        0.362795       -0.350781
     H   44        0.362795        0.250560        0.165477
     H   44       -0.350781        0.165477        0.161450

     C   45       -0.050702       -0.071751        0.088482
     C   45       -0.071751        0.060246        0.011023
     C   45        0.088482        0.011023       -0.009543

     O   46       -0.242414       -0.140523        0.080491
     O   46       -0.140523        0.183260       -0.287346
     O   46        0.080491       -0.287346        0.059154

     H   47        0.230144       -0.264522        0.229270
     H   47       -0.264522       -0.569815        0.353618
     H   47        0.229270        0.353618        0.339672

     H   48       -0.263523        0.231301       -0.522565
     H   48        0.231301        0.422461        0.130221
     H   48       -0.522565        0.130221       -0.158938

     C   49       -0.088767        0.069122        0.166256
     C   49        0.069122        0.047114       -0.040690
     C   49        0.166256       -0.040690        0.041653

     O   50       -0.074176        0.295296        0.103121
     O   50        0.295296        0.151472        0.349979
     O   50        0.103121        0.349979       -0.077297

     N   51       -0.282015       -0.426589        0.088000
     N   51       -0.426589        0.226574       -0.900308
     N   51        0.088000       -0.900308        0.055442

     O   52       -0.167528       -0.054675        0.108705
     O   52       -0.054675        0.156421       -0.326156
     O   52        0.108705       -0.326156        0.011106

     N   53       -0.130951       -0.090983        0.223015
     N   53       -0.090983        0.056579       -0.133188
     N   53        0.223015       -0.133188        0.074373

     N   54       -0.157774        0.446625        0.604700
     N   54        0.446625        0.541528        0.592949
     N   54        0.604700        0.592949       -0.383754

     O   55       -0.036522        0.264795        0.152186
     O   55        0.264795        0.106937        0.235950
     O   55        0.152186        0.235950       -0.070415

     N   56       -0.050838        0.112338        0.146509
     N   56        0.112338        0.061525        0.126941
     N   56        0.146509        0.126941       -0.010687

     ----- ionic term -----
     N    1        0.193849        0.410795       -0.197796
     N    1        0.410795       -0.174574        0.424109
     N    1       -0.197796        0.424109       -0.019276

     O    2        0.386220        0.231718       -0.598603
     O    2        0.231718       -0.330413       -0.064607
     O    2       -0.598603       -0.064607       -0.055807

     N    3        0.156736        0.478560       -0.640466
     N    3        0.478560       -0.552597        0.622952
     N    3       -0.640466        0.622952        0.395861

     N    4        0.355406       -0.165416       -0.476827
     N    4       -0.165416       -0.146332       -0.407156
     N    4       -0.476827       -0.407156       -0.209074

     O    5       -0.416025        0.028086       -0.067203
     O    5        0.028086        0.067789       -0.666980
     O    5       -0.067203       -0.666980        0.348237

     N    6        0.313904       -0.426130       -0.081307
     N    6       -0.426130       -0.236304       -0.958029
     N    6       -0.081307       -0.958029       -0.077600

     O    7       -0.361510       -0.003920       -0.187136
     O    7       -0.003920       -0.220479        0.594683
     O    7       -0.187136        0.594683        0.581989

     C    8        0.145738        0.076896       -0.271407
     C    8        0.076896       -0.123221       -0.225661
     C    8       -0.271407       -0.225661       -0.022516

     H    9        0.315429        0.315075        0.703512
     H    9        0.315075       -0.530784        0.200810
     H    9        0.703512        0.200810        0.215356

     H   10       -0.335926       -0.350825       -0.278350
     H   10       -0.350825        0.751578        0.481172
     H   10       -0.278350        0.481172       -0.415652

     O   11        0.466020       -0.541692        0.336441
     O   11       -0.541692       -0.142602       -0.233664
     O   11        0.336441       -0.233664       -0.323418

     C   12        0.001632       -0.252823       -0.086298
     C   12       -0.252823       -0.057624        0.133592
     C   12       -0.086298        0.133592        0.055992

     H   13        0.570621        0.504828        0.441203
     H   13        0.504828       -0.307803        0.220378
     H   13        0.441203        0.220378       -0.262818

     H   14       -0.341809        0.047901       -0.224129
     H   14        0.047901        0.076699       -0.709566
     H   14       -0.224129       -0.709566        0.265111

     H   15       -0.341776       -0.047884       -0.224116
     H   15       -0.047884        0.076693        0.709518
     H   15       -0.224116        0.709518        0.265083

     H   16        0.570663       -0.504839        0.441243
     H   16       -0.504839       -0.307829       -0.220390
     H   16        0.441243       -0.220390       -0.262834

     C   17        0.001637        0.252833       -0.086291
     C   17        0.252833       -0.057628       -0.133635
     C   17       -0.086291       -0.133635        0.055991

     O   18        0.466069        0.541718        0.336443
     O   18        0.541718       -0.142614        0.233655
     O   18        0.336443        0.233655       -0.323456

     H   19       -0.335902        0.350849       -0.278363
     H   19        0.350849        0.751583       -0.481165
     H   19       -0.278363       -0.481165       -0.415681

     H   20        0.315413       -0.315076        0.703482
     H   20       -0.315076       -0.530757       -0.200807
     H   20        0.703482       -0.200807        0.215344

     C   21        0.145728       -0.076904       -0.271413
     C   21       -0.076904       -0.123195        0.225653
     C   21       -0.271413        0.225653       -0.022532

     O   22       -0.361731        0.003931       -0.187129
     O   22        0.003931       -0.220516       -0.594958
     O   22       -0.187129       -0.594958        0.582247

     N   23        0.314083        0.426158       -0.081327
     N   23        0.426158       -0.236353        0.957914
     N   23       -0.081327        0.957914       -0.077729

     O   24       -0.415969       -0.028094       -0.067210
     O   24       -0.028094        0.067787        0.666888
     O   24       -0.067210        0.666888        0.348182

     N   25        0.355468        0.165415       -0.476855
     N   25        0.165415       -0.146359        0.407145
     N   25       -0.476855        0.407145       -0.209109

     N   26        0.155989       -0.478398       -0.639961
     N   26       -0.478398       -0.552308       -0.623483
     N   26       -0.639961       -0.623483        0.396319

     O   27        0.385881       -0.231575       -0.598236
     O   27       -0.231575       -0.330142        0.064537
     O   27       -0.598236        0.064537       -0.055739

     N   28        0.193700       -0.410789       -0.197708
     N   28       -0.410789       -0.174507       -0.424248
     N   28       -0.197708       -0.424248       -0.019193

     H   29       -0.341809        0.047901       -0.224129
     H   29        0.047901        0.076699       -0.709566
     H   29       -0.224129       -0.709566        0.265111

     H   30        0.570621        0.504828        0.441203
     H   30        0.504828       -0.307803        0.220378
     H   30        0.441203        0.220378       -0.262818

     C   31        0.001632       -0.252823       -0.086298
     C   31       -0.252823       -0.057624        0.133592
     C   31       -0.086298        0.133592        0.055992

     O   32        0.466020       -0.541692        0.336441
     O   32       -0.541692       -0.142602       -0.233664
     O   32        0.336441       -0.233664       -0.323418

     H   33       -0.335926       -0.350825       -0.278350
     H   33       -0.350825        0.751578        0.481172
     H   33       -0.278350        0.481172       -0.415652

     H   34        0.315429        0.315075        0.703512
     H   34        0.315075       -0.530784        0.200810
     H   34        0.703512        0.200810        0.215356

     C   35        0.145738        0.076896       -0.271407
     C   35        0.076896       -0.123221       -0.225661
     C   35       -0.271407       -0.225661       -0.022516

     O   36       -0.361510       -0.003920       -0.187136
     O   36       -0.003920       -0.220479        0.594683
     O   36       -0.187136        0.594683        0.581989

     N   37        0.313904       -0.426130       -0.081307
     N   37       -0.426130       -0.236304       -0.958029
     N   37       -0.081307       -0.958029       -0.077600

     O   38       -0.416025        0.028086       -0.067203
     O   38        0.028086        0.067789       -0.666980
     O   38       -0.067203       -0.666980        0.348237

     N   39        0.355406       -0.165416       -0.476827
     N   39       -0.165416       -0.146332       -0.407156
     N   39       -0.476827       -0.407156       -0.209074

     N   40        0.156736        0.478560       -0.640466
     N   40        0.478560       -0.552597        0.622952
     N   40       -0.640466        0.622952        0.395861

     O   41        0.386220        0.231718       -0.598603
     O   41        0.231718       -0.330413       -0.064607
     O   41       -0.598603       -0.064607       -0.055807

     N   42        0.193849        0.410795       -0.197796
     N   42        0.410795       -0.174574        0.424109
     N   42       -0.197796        0.424109       -0.019276

     H   43       -0.341776       -0.047884       -0.224116
     H   43       -0.047884        0.076693        0.709518
     H   43       -0.224116        0.709518        0.265083

     H   44        0.570663       -0.504839        0.441243
     H   44       -0.504839       -0.307829       -0.220390
     H   44        0.441243       -0.220390       -0.262834

     C   45        0.001637        0.252833       -0.086291
     C   45        0.252833       -0.057628       -0.133635
     C   45       -0.086291       -0.133635        0.055991

     O   46        0.466069        0.541718        0.336443
     O   46        0.541718       -0.142614        0.233655
     O   46        0.336443        0.233655       -0.323456

     H   47       -0.335902        0.350849       -0.278363
     H   47        0.350849        0.751583       -0.481165
     H   47       -0.278363       -0.481165       -0.415681

     H   48        0.315413       -0.315076        0.703482
     H   48       -0.315076       -0.530757       -0.200807
     H   48        0.703482       -0.200807        0.215344

     C   49        0.145728       -0.076904       -0.271413
     C   49       -0.076904       -0.123195        0.225653
     C   49       -0.271413        0.225653       -0.022532

     O   50       -0.361731        0.003931       -0.187129
     O   50        0.003931       -0.220516       -0.594958
     O   50       -0.187129       -0.594958        0.582247

     N   51        0.314083        0.426158       -0.081327
     N   51        0.426158       -0.236353        0.957914
     N   51       -0.081327        0.957914       -0.077729

     O   52       -0.415969       -0.028094       -0.067210
     O   52       -0.028094        0.067787        0.666888
     O   52       -0.067210        0.666888        0.348182

     N   53        0.355468        0.165415       -0.476855
     N   53        0.165415       -0.146359        0.407145
     N   53       -0.476855        0.407145       -0.209109

     N   54        0.155989       -0.478398       -0.639961
     N   54       -0.478398       -0.552308       -0.623483
     N   54       -0.639961       -0.623483        0.396319

     O   55        0.385881       -0.231575       -0.598236
     O   55       -0.231575       -0.330142        0.064537
     O   55       -0.598236        0.064537       -0.055739

     N   56        0.193700       -0.410789       -0.197708
     N   56       -0.410789       -0.174507       -0.424248
     N   56       -0.197708       -0.424248       -0.019193

     ----- GIPAW term -----
     N    1        0.231032        0.471800       -0.118824
     N    1        0.471800       -0.202363        0.489051
     N    1       -0.118824        0.489051       -0.028669

     O    2        0.827411       -0.116083       -1.042362
     O    2       -0.116083       -0.499077       -0.765954
     O    2       -1.042362       -0.765954       -0.328335

     N    3        0.005994        0.087574       -0.009950
     N    3        0.087574        0.007044        0.055842
     N    3       -0.009950        0.055842       -0.013038

     N    4        0.342286       -0.146980       -0.400928
     N    4       -0.146980       -0.127236       -0.460894
     N    4       -0.400928       -0.460894       -0.215050

     O    5       -1.440709        0.218930        0.111905
     O    5        0.218930        0.564225       -0.757176
     O    5        0.111905       -0.757176        0.876484

     N    6        0.094270        0.027072       -0.029157
     N    6        0.027072       -0.050996       -0.074254
     N    6       -0.029157       -0.074254       -0.043274

     O    7       -1.067409       -0.758078       -0.168578
     O    7       -0.758078       -0.128710        0.543890
     O    7       -0.168578        0.543890        1.196119

     C    8        0.049625        0.001570       -0.100135
     C    8        0.001570       -0.069320       -0.185528
     C    8       -0.100135       -0.185528        0.019695

     H    9        0.000000        0.000000        0.000000
     H    9        0.000000       -0.000000        0.000000
     H    9        0.000000        0.000000       -0.000000

     H   10        0.000000        0.000000        0.000000
     H   10        0.000000       -0.000000        0.000000
     H   10        0.000000        0.000000       -0.000000

     O   11        0.513871       -0.938280        1.025905
     O   11       -0.938280        0.120785        0.190735
     O   11        1.025905        0.190735       -0.634656

     C   12       -0.049116       -0.183703        0.005252
     C   12       -0.183703        0.000986        0.122332
     C   12        0.005252        0.122332        0.048130

     H   13        0.000000        0.000000        0.000000
     H   13        0.000000       -0.000000        0.000000
     H   13        0.000000        0.000000       -0.000000

     H   14        0.000000        0.000000        0.000000
     H   14        0.000000       -0.000000        0.000000
     H   14        0.000000        0.000000       -0.000000

     H   15        0.000000        0.000000        0.000000
     H   15        0.000000       -0.000000        0.000000
     H   15        0.000000        0.000000       -0.000000

     H   16        0.000000        0.000000        0.000000
     H   16        0.000000       -0.000000        0.000000
     H   16        0.000000        0.000000       -0.000000

     C   17       -0.049132        0.183708        0.005256
     C   17        0.183708        0.000989       -0.122344
     C   17        0.005256       -0.122344        0.048143

     O   18        0.513933        0.938209        1.025842
     O   18        0.938209        0.120744       -0.190850
     O   18        1.025842       -0.190850       -0.634677

     H   19        0.000000        0.000000        0.000000
     H   19        0.000000       -0.000000        0.000000
     H   19        0.000000        0.000000       -0.000000

     H   20        0.000000        0.000000        0.000000
     H   20        0.000000       -0.000000        0.000000
     H   20        0.000000        0.000000       -0.000000

     C   21        0.049611       -0.001559       -0.100146
     C   21       -0.001559       -0.069312        0.185523
     C   21       -0.100146        0.185523        0.019701

     O   22       -1.067172        0.757884       -0.168038
     O   22        0.757884       -0.128320       -0.543643
     O   22       -0.168038       -0.543643        1.195492

     N   23        0.094263       -0.027077       -0.029162
     N   23       -0.027077       -0.050996        0.074269
     N   23       -0.029162        0.074269       -0.043267

     O   24       -1.440830       -0.218961        0.111862
     O   24       -0.218961        0.564256        0.757380
     O   24        0.111862        0.757380        0.876574

     N   25        0.342284        0.146984       -0.400926
     N   25        0.146984       -0.127223        0.460889
     N   25       -0.400926        0.460889       -0.215061

     N   26        0.006045       -0.087598       -0.009993
     N   26       -0.087598        0.007021       -0.055822
     N   26       -0.009993       -0.055822       -0.013067

     O   27        0.827934        0.115941       -1.043225
     O   27        0.115941       -0.499703        0.766049
     O   27       -1.043225        0.766049       -0.328232

     N   28        0.231001       -0.471761       -0.118801
     N   28       -0.471761       -0.202334       -0.489044
     N   28       -0.118801       -0.489044       -0.028667

     H   29        0.000000        0.000000        0.000000
     H   29        0.000000       -0.000000        0.000000
     H   29        0.000000        0.000000       -0.000000

     H   30        0.000000        0.000000        0.000000
     H   30        0.000000       -0.000000        0.000000
     H   30        0.000000        0.000000       -0.000000

     C   31       -0.049116       -0.183703        0.005252
     C   31       -0.183703        0.000986        0.122332
     C   31        0.005252        0.122332        0.048130

     O   32        0.513871       -0.938280        1.025905
     O   32       -0.938280        0.120785        0.190735
     O   32        1.025905        0.190735       -0.634656

     H   33        0.000000        0.000000        0.000000
     H   33        0.000000       -0.000000        0.000000
     H   33        0.000000        0.000000       -0.000000

     H   34        0.000000        0.000000        0.000000
     H   34        0.000000       -0.000000        0.000000
     H   34        0.000000        0.000000       -0.000000

     C   35        0.049625        0.001570       -0.100135
     C   35        0.001570       -0.069320       -0.185528
     C   35       -0.100135       -0.185528        0.019695

     O   36       -1.067409       -0.758078       -0.168578
     O   36       -0.758078       -0.128710        0.543890
     O   36       -0.168578        0.543890        1.196119

     N   37        0.094270        0.027072       -0.029157
     N   37        0.027072       -0.050996       -0.074254
     N   37       -0.029157       -0.074254       -0.043274

     O   38       -1.440709        0.218930        0.111905
     O   38        0.218930        0.564225       -0.757176
     O   38        0.111905       -0.757176        0.876484

     N   39        0.342286       -0.146980       -0.400928
     N   39       -0.146980       -0.127236       -0.460894
     N   39       -0.400928       -0.460894       -0.215050

     N   40        0.005994        0.087574       -0.009950
     N   40        0.087574        0.007044        0.055842
     N   40       -0.009950        0.055842       -0.013038

     O   41        0.827411       -0.116083       -1.042362
     O   41       -0.116083       -0.499077       -0.765954
     O   41       -1.042362       -0.765954       -0.328335

     N   42        0.231032        0.471800       -0.118824
     N   42        0.471800       -0.202363        0.489051
     N   42       -0.118824        0.489051       -0.028669

     H   43        0.000000        0.000000        0.000000
     H   43        0.000000       -0.000000        0.000000
     H   43        0.000000        0.000000       -0.000000

     H   44        0.000000        0.000000        0.000000
     H   44        0.000000       -0.000000        0.000000
     H   44        0.000000        0.000000       -0.000000

     C   45       -0.049132        0.183708        0.005256
     C   45        0.183708        0.000989       -0.122344
     C   45        0.005256       -0.122344        0.048143

     O   46        0.513933        0.938209        1.025842
     O   46        0.938209        0.120744       -0.190850
     O   46        1.025842       -0.190850       -0.634677

     H   47        0.000000        0.000000        0.000000
     H   47        0.000000       -0.000000        0.000000
     H   47        0.000000        0.000000       -0.000000

     H   48        0.000000        0.000000        0.000000
     H   48        0.000000       -0.000000        0.000000
     H   48        0.000000        0.000000       -0.000000

     C   49        0.049611       -0.001559       -0.100146
     C   49       -0.001559       -0.069312        0.185523
     C   49       -0.100146        0.185523        0.019701

     O   50       -1.067172        0.757884       -0.168038
     O   50        0.757884       -0.128320       -0.543643
     O   50       -0.168038       -0.543643        1.195492

     N   51        0.094263       -0.027077       -0.029162
     N   51       -0.027077       -0.050996        0.074269
     N   51       -0.029162        0.074269       -0.043267

     O   52       -1.440830       -0.218961        0.111862
     O   52       -0.218961        0.564256        0.757380
     O   52        0.111862        0.757380        0.876574

     N   53        0.342284        0.146984       -0.400926
     N   53        0.146984       -0.127223        0.460889
     N   53       -0.400926        0.460889       -0.215061

     N   54        0.006045       -0.087598       -0.009993
     N   54       -0.087598        0.007021       -0.055822
     N   54       -0.009993       -0.055822       -0.013067

     O   55        0.827934        0.115941       -1.043225
     O   55        0.115941       -0.499703        0.766049
     O   55       -1.043225        0.766049       -0.328232

     N   56        0.231001       -0.471761       -0.118801
     N   56       -0.471761       -0.202334       -0.489044
     N   56       -0.118801       -0.489044       -0.028667

     ----- total EFG -----
     N    1        0.373906        0.770274       -0.170034
     N    1        0.770274       -0.315362        0.786369
     N    1       -0.170034        0.786369       -0.058545

     O    2        1.176622       -0.149334       -1.488144
     O    2       -0.149334       -0.722088       -1.066411
     O    2       -1.488144       -1.066411       -0.454534

     N    3        0.004252        0.119355       -0.045234
     N    3        0.119355       -0.003747        0.086337
     N    3       -0.045234        0.086337       -0.000505

     N    4        0.566805       -0.221409       -0.654771
     N    4       -0.221409       -0.217024       -0.734854
     N    4       -0.654771       -0.734854       -0.349781

     O    5       -2.024169        0.301686        0.153416
     O    5        0.301686        0.788421       -1.097846
     O    5        0.153416       -1.097846        1.235748

     N    6        0.126325        0.027503       -0.022482
     N    6        0.027503       -0.060771       -0.131863
     N    6       -0.022482       -0.131863       -0.065554

     O    7       -1.503378       -1.057376       -0.252781
     O    7       -1.057376       -0.197890        0.788925
     O    7       -0.252781        0.788925        1.701268

     C    8        0.106600        0.009363       -0.205284
     C    8        0.009363       -0.145412       -0.370493
     C    8       -0.205284       -0.370493        0.038812

     H    9        0.051896        0.083778        0.180935
     H    9        0.083778       -0.108309        0.070587
     H    9        0.180935        0.070587        0.056413

     H   10       -0.105754       -0.086322       -0.049088
     H   10       -0.086322        0.181758        0.127537
     H   10       -0.049088        0.127537       -0.076004

     O   11        0.737499       -1.339499        1.442860
     O   11       -1.339499        0.161449        0.244383
     O   11        1.442860        0.244383       -0.898948

     C   12       -0.098168       -0.364778        0.007442
     C   12       -0.364778        0.003604        0.244932
     C   12        0.007442        0.244932        0.094563

     H   13        0.158628        0.142027        0.090449
     H   13        0.142027       -0.057259        0.054905
     H   13        0.090449        0.054905       -0.101369

     H   14       -0.102870        0.058853       -0.073791
     H   14        0.058853        0.045752       -0.179047
     H   14       -0.073791       -0.179047        0.057118

     H   15       -0.102855       -0.058837       -0.073775
     H   15       -0.058837        0.045742        0.179018
     H   15       -0.073775        0.179018        0.057113

     H   16        0.158653       -0.142045        0.090462
     H   16       -0.142045       -0.057269       -0.054913
     H   16        0.090462       -0.054913       -0.101384

     C   17       -0.098198        0.364790        0.007447
     C   17        0.364790        0.003607       -0.244956
     C   17        0.007447       -0.244956        0.094591

     O   18        0.737588        1.339405        1.442776
     O   18        1.339405        0.161391       -0.244541
     O   18        1.442776       -0.244541       -0.898979

     H   19       -0.105758        0.086326       -0.049093
     H   19        0.086326        0.181768       -0.127547
     H   19       -0.049093       -0.127547       -0.076010

     H   20        0.051890       -0.083776        0.180917
     H   20       -0.083776       -0.108296       -0.070586
     H   20        0.180917       -0.070586        0.056406

     C   21        0.106571       -0.009341       -0.205302
     C   21       -0.009341       -0.145393        0.370486
     C   21       -0.205302        0.370486        0.038822

     O   22       -1.503078        1.057111       -0.252047
     O   22        1.057111       -0.197365       -0.788622
     O   22       -0.252047       -0.788622        1.700443

