
     Program QE v.5.3.0 (svn rev. 11974) starts on 31May2016 at 16:27: 7 

     This program is part of the open-source Quantum ESPRESSO suite
     for quantum simulation of materials; please cite
         "P. Giannozzi et al., J. Phys.:Condens. Matter 21 395502 (2009);
          URL http://www.quantum-espresso.org", 
     in publications or presentations arising from this work. More details at
     http://www.quantum-espresso.org/quote

     Parallel version (MPI), running on     8 processors
     R & G space division:  proc/nbgrp/npool/nimage =       8

     ***** This is GIPAW svn revision unknown      *****

     Parallelizing q-star over 1 images

     Reading data from directory:
     ./scratch/scf.pbe.ec-220.kp-444.HMX-792934.np-8.default-conv-thr.save

   Info: using nr1, nr2, nr3 values from input

   Info: using nr1, nr2, nr3 values from input

     IMPORTANT: XC functional enforced from input :
     Exchange-correlation      =  SLA  PW   PBX  PBC ( 1  4  3  4 0 0)
     Any further DFT definition will be discarded
     Please, verify this is what you really want

               file N.pbe-n-kjpaw_psl.1.0.0.UPF: wavefunction(s)  2S renormalized
               file C.pbe-n-kjpaw_psl.1.0.0.UPF: wavefunction(s)  2S 2P renormalized
               file H.pbe-kjpaw_psl.1.0.0.UPF: wavefunction(s)  1S renormalized
               file O.pbe-n-kjpaw_psl.1.0.0.UPF: wavefunction(s)  2S 2P renormalized

     Parallelization info
     --------------------
     sticks:   dense  smooth     PW     G-vecs:    dense   smooth      PW
     Min        5554    2222    578               748055   189229   25172
     Max        5555    2223    579               748056   189278   25175
     Sum       44435   17779   4629              5984445  1513993  201387


     Subspace diagonalization in iterative solution of the eigenvalue problem:
     a serial algorithm will be used

     GIPAW projectors -----------------------------------------------
     atom=  N    l=0  rc=    1.3000  rs=    0.8667
     atom=  N    l=0  rc=    1.3000  rs=    0.8667
     atom=  N    l=1  rc=    1.3500  rs=    0.9000
     atom=  N    l=1  rc=    1.3500  rs=    0.9000
     projs nearly linearly dependent: l=1  n1,n2= 1, 2  s=  0.99908189

     atom=  C    l=0  rc=    1.2000  rs=    0.8000
     atom=  C    l=0  rc=    1.2000  rs=    0.8000
     atom=  C    l=1  rc=    1.4000  rs=    0.9333
     atom=  C    l=1  rc=    1.4000  rs=    0.9333
     projs nearly linearly dependent: l=1  n1,n2= 1, 2  s=  0.99951561

     atom=  H    l=0  rc=    1.0000  rs=    0.6667
     atom=  H    l=0  rc=    1.0000  rs=    0.6667
     projs nearly linearly dependent: l=0  n1,n2= 1, 2  s=  0.99968852

     atom=  O    l=0  rc=    1.3000  rs=    0.8667
     atom=  O    l=0  rc=    1.3000  rs=    0.8667
     atom=  O    l=1  rc=    1.3500  rs=    0.9000
     atom=  O    l=1  rc=    1.3500  rs=    0.9000
     projs nearly linearly dependent: l=1  n1,n2= 1, 2  s=  0.99790100
     -----------------------------------------------------------------

     GIPAW integrals: -------------------------------------------
     Atom  i/j   nmr_para   nmr_dia   epr_rmc  epr_para   epr_dia
       N   1 1   0.67E+03 -0.31E+00  0.62E+01  0.27E+08  0.20E+03
       N   2 1   0.75E+03 -0.37E+00  0.67E+01  0.30E+08  0.23E+03
       N   2 2   0.85E+03 -0.45E+00  0.74E+01  0.35E+08  0.26E+03
       N   3 3   0.59E+01  0.56E+00  0.34E+01  0.12E+04  0.45E+02
       N   4 3   0.65E+01  0.61E+00  0.38E+01  0.13E+04  0.48E+02
       N   4 4   0.71E+01  0.67E+00  0.43E+01  0.15E+04  0.52E+02
       C   1 1   0.83E+03  0.17E-01  0.93E+01  0.24E+08  0.24E+03
       C   2 1   0.86E+03 -0.61E-01  0.94E+01  0.25E+08  0.25E+03
       C   2 2   0.90E+03 -0.15E+00  0.97E+01  0.26E+08  0.26E+03
       C   3 3   0.33E+01  0.34E+00  0.18E+01  0.55E+03  0.21E+02
       C   4 3   0.35E+01  0.37E+00  0.20E+01  0.59E+03  0.22E+02
       C   4 4   0.38E+01  0.39E+00  0.22E+01  0.63E+03  0.24E+02
       H   1 1   0.39E+02  0.19E+00  0.29E+00  0.78E+05  0.13E+02
       H   2 1   0.41E+02  0.21E+00  0.32E+00  0.82E+05  0.14E+02
       H   2 2   0.43E+02  0.22E+00  0.36E+00  0.86E+05  0.15E+02
       O   1 1   0.81E+03 -0.32E+00  0.65E+01  0.43E+08  0.24E+03
       O   2 1   0.91E+03 -0.39E+00  0.71E+01  0.48E+08  0.27E+03
       O   2 2   0.10E+04 -0.48E+00  0.78E+01  0.55E+08  0.31E+03
       O   3 3   0.99E+01  0.87E+00  0.58E+01  0.24E+04  0.75E+02
       O   4 3   0.11E+02  0.97E+00  0.67E+01  0.27E+04  0.83E+02
       O   4 4   0.12E+02  0.11E+01  0.76E+01  0.31E+04  0.93E+02
     ------------------------------------------------------------

     alpha_pv=     50.6178 eV

     Number of occupied bands for each k-point:
     k-point:     1    nbnd_occ= 112
     k-point:     2    nbnd_occ= 112
     k-point:     3    nbnd_occ= 112
     k-point:     4    nbnd_occ= 112
     k-point:     5    nbnd_occ= 112
     k-point:     6    nbnd_occ= 112
     k-point:     7    nbnd_occ= 112
     k-point:     8    nbnd_occ= 112
     k-point:     9    nbnd_occ= 112
     k-point:    10    nbnd_occ= 112
     k-point:    11    nbnd_occ= 112
     k-point:    12    nbnd_occ= 112
     k-point:    13    nbnd_occ= 112
     k-point:    14    nbnd_occ= 112
     k-point:    15    nbnd_occ= 112
     k-point:    16    nbnd_occ= 112


     GIPAW job: efg                                                                             


     ELECTRIC FIELD GRADIENTS TENSORS IN Hartree/bohrradius^2:

     ----- bare term -----
     N    1       -0.051889       -0.129732        0.147410
     N    1       -0.129732        0.057514       -0.134636
     N    1        0.147410       -0.134636       -0.005625

     O    2       -0.055390       -0.278392        0.180696
     O    2       -0.278392        0.123943       -0.237199
     O    2        0.180696       -0.237199       -0.068553

     N    3       -0.157197       -0.469142        0.628458
     N    3       -0.469142        0.556454       -0.622657
     N    3        0.628458       -0.622657       -0.399257

     N    4       -0.140827        0.088968        0.229646
     N    4        0.088968        0.064982        0.135385
     N    4        0.229646        0.135385        0.075845

     O    5       -0.149969        0.055392        0.113036
     O    5        0.055392        0.152063        0.364367
     O    5        0.113036        0.364367       -0.002094

     N    6       -0.294567        0.442162        0.091964
     N    6        0.442162        0.230360        0.944051
     N    6        0.091964        0.944051        0.064207

     O    7       -0.054904       -0.295454        0.119459
     O    7       -0.295454        0.162257       -0.377565
     O    7        0.119459       -0.377565       -0.107353

     C    8       -0.085643       -0.066276        0.100004
     C    8       -0.066276        0.006397       -0.038608
     C    8        0.100004       -0.038608        0.079245

     H    9       -0.324839       -0.255792       -0.572316
     H    9       -0.255792        0.470695       -0.135303
     H    9       -0.572316       -0.135303       -0.145855

     H   10        0.252836        0.294307        0.238344
     H   10        0.294307       -0.644522       -0.378967
     H   10        0.238344       -0.378967        0.391686

     O   11       -0.268913        0.169100        0.064017
     O   11        0.169100        0.190257        0.303175
     O   11        0.064017        0.303175        0.078656

     C   12       -0.069624       -0.046036        0.077401
     C   12       -0.046036        0.065468        0.050548
     C   12        0.077401        0.050548        0.004157

     H   13       -0.473985       -0.416927       -0.404174
     H   13       -0.416927        0.276329       -0.187647
     H   13       -0.404174       -0.187647        0.197656

     H   14        0.295480       -0.031973        0.192670
     H   14       -0.031973       -0.049000        0.605949
     H   14        0.192670        0.605949       -0.246480

     H   15        0.295479        0.031977        0.192672
     H   15        0.031977       -0.048998       -0.605947
     H   15        0.192672       -0.605947       -0.246480

     H   16       -0.473982        0.416927       -0.404170
     H   16        0.416927        0.276325        0.187645
     H   16       -0.404170        0.187645        0.197657

     C   17       -0.069620        0.046030        0.077389
     C   17        0.046030        0.065464       -0.050554
     C   17        0.077389       -0.050554        0.004156

     O   18       -0.268875       -0.169101        0.064001
     O   18       -0.169101        0.190215       -0.303124
     O   18        0.064001       -0.303124        0.078660

     H   19        0.252839       -0.294305        0.238347
     H   19       -0.294305       -0.644518        0.378972
     H   19        0.238347        0.378972        0.391680

     H   20       -0.324845        0.255793       -0.572315
     H   20        0.255793        0.470695        0.135304
     H   20       -0.572315        0.135304       -0.145850

     C   21       -0.085635        0.066264        0.100006
     C   21        0.066264        0.006380        0.038608
     C   21        0.100006        0.038608        0.079255

     O   22       -0.054924        0.295411        0.119448
     O   22        0.295411        0.162277        0.377562
     O   22        0.119448        0.377562       -0.107353

     N   23       -0.294555       -0.442161        0.091980
     N   23       -0.442161        0.230362       -0.944057
     N   23        0.091980       -0.944057        0.064194

     O   24       -0.149965       -0.055381        0.113040
     O   24       -0.055381        0.152053       -0.364398
     O   24        0.113040       -0.364398       -0.002088

     N   25       -0.140835       -0.089008        0.229651
     N   25       -0.089008        0.065005       -0.135441
     N   25        0.229651       -0.135441        0.075830

     N   26       -0.157206        0.469145        0.628457
     N   26        0.469145        0.556466        0.622666
     N   26        0.628457        0.622666       -0.399259

     O   27       -0.055384        0.278401        0.180703
     O   27        0.278401        0.123946        0.237208
     O   27        0.180703        0.237208       -0.068562

     N   28       -0.051877        0.129725        0.147405
     N   28        0.129725        0.057493        0.134600
     N   28        0.147405        0.134600       -0.005615

     H   29        0.295480       -0.031973        0.192670
     H   29       -0.031973       -0.049000        0.605949
     H   29        0.192670        0.605949       -0.246480

     H   30       -0.473985       -0.416927       -0.404174
     H   30       -0.416927        0.276329       -0.187647
     H   30       -0.404174       -0.187647        0.197656

     C   31       -0.069624       -0.046036        0.077401
     C   31       -0.046036        0.065468        0.050548
     C   31        0.077401        0.050548        0.004157

     O   32       -0.268913        0.169100        0.064017
     O   32        0.169100        0.190257        0.303175
     O   32        0.064017        0.303175        0.078656

     H   33        0.252836        0.294307        0.238344
     H   33        0.294307       -0.644522       -0.378967
     H   33        0.238344       -0.378967        0.391686

     H   34       -0.324839       -0.255792       -0.572316
     H   34       -0.255792        0.470695       -0.135303
     H   34       -0.572316       -0.135303       -0.145855

     C   35       -0.085643       -0.066276        0.100004
     C   35       -0.066276        0.006397       -0.038608
     C   35        0.100004       -0.038608        0.079245

     O   36       -0.054904       -0.295454        0.119459
     O   36       -0.295454        0.162257       -0.377565
     O   36        0.119459       -0.377565       -0.107353

     N   37       -0.294567        0.442162        0.091964
     N   37        0.442162        0.230360        0.944051
     N   37        0.091964        0.944051        0.064207

     O   38       -0.149969        0.055392        0.113036
     O   38        0.055392        0.152063        0.364367
     O   38        0.113036        0.364367       -0.002094

     N   39       -0.140827        0.088968        0.229646
     N   39        0.088968        0.064982        0.135385
     N   39        0.229646        0.135385        0.075845

     N   40       -0.157197       -0.469142        0.628458
     N   40       -0.469142        0.556454       -0.622657
     N   40        0.628458       -0.622657       -0.399257

     O   41       -0.055390       -0.278392        0.180696
     O   41       -0.278392        0.123943       -0.237199
     O   41        0.180696       -0.237199       -0.068553

     N   42       -0.051889       -0.129732        0.147410
     N   42       -0.129732        0.057514       -0.134636
     N   42        0.147410       -0.134636       -0.005625

     H   43        0.295479        0.031977        0.192672
     H   43        0.031977       -0.048998       -0.605947
     H   43        0.192672       -0.605947       -0.246480

     H   44       -0.473982        0.416927       -0.404170
     H   44        0.416927        0.276325        0.187645
     H   44       -0.404170        0.187645        0.197657

     C   45       -0.069620        0.046030        0.077389
     C   45        0.046030        0.065464       -0.050554
     C   45        0.077389       -0.050554        0.004156

     O   46       -0.268875       -0.169101        0.064001
     O   46       -0.169101        0.190215       -0.303124
     O   46        0.064001       -0.303124        0.078660

     H   47        0.252839       -0.294305        0.238347
     H   47       -0.294305       -0.644518        0.378972
     H   47        0.238347        0.378972        0.391680

     H   48       -0.324845        0.255793       -0.572315
     H   48        0.255793        0.470695        0.135304
     H   48       -0.572315        0.135304       -0.145850

     C   49       -0.085635        0.066264        0.100006
     C   49        0.066264        0.006380        0.038608
     C   49        0.100006        0.038608        0.079255

     O   50       -0.054924        0.295411        0.119448
     O   50        0.295411        0.162277        0.377562
     O   50        0.119448        0.377562       -0.107353

     N   51       -0.294555       -0.442161        0.091980
     N   51       -0.442161        0.230361       -0.944057
     N   51        0.091980       -0.944057        0.064194

     O   52       -0.149965       -0.055381        0.113040
     O   52       -0.055381        0.152053       -0.364398
     O   52        0.113040       -0.364398       -0.002088

     N   53       -0.140835       -0.089008        0.229651
     N   53       -0.089008        0.065005       -0.135441
     N   53        0.229651       -0.135441        0.075830

     N   54       -0.157207        0.469145        0.628457
     N   54        0.469145        0.556466        0.622666
     N   54        0.628457        0.622666       -0.399259

     O   55       -0.055384        0.278401        0.180703
     O   55        0.278401        0.123946        0.237208
     O   55        0.180703        0.237208       -0.068562

     N   56       -0.051877        0.129725        0.147405
     N   56        0.129725        0.057493        0.134600
     N   56        0.147405        0.134600       -0.005615

     ----- ionic term -----
     N    1        0.196019        0.425736       -0.202737
     N    1        0.425736       -0.171726        0.434973
     N    1       -0.202737        0.434973       -0.024293

     O    2        0.398597        0.239560       -0.621608
     O    2        0.239560       -0.340775       -0.063858
     O    2       -0.621608       -0.063858       -0.057822

     N    3        0.151923        0.498258       -0.663908
     N    3        0.498258       -0.563020        0.650846
     N    3       -0.663908        0.650846        0.411096

     N    4        0.368188       -0.166657       -0.482735
     N    4       -0.166657       -0.154252       -0.416771
     N    4       -0.482735       -0.416771       -0.213936

     O    5       -0.430558        0.033255       -0.073705
     O    5        0.033255        0.071520       -0.695654
     O    5       -0.073705       -0.695654        0.359037

     N    6        0.321399       -0.441171       -0.082017
     N    6       -0.441171       -0.235841       -0.996479
     N    6       -0.082017       -0.996479       -0.085557

     O    7       -0.380084        0.001485       -0.190974
     O    7        0.001485       -0.224555        0.621196
     O    7       -0.190974        0.621196        0.604639

     C    8        0.151529        0.066449       -0.221619
     C    8        0.066449       -0.098549       -0.167177
     C    8       -0.221619       -0.167177       -0.052980

     H    9        0.437860        0.411694        0.905974
     H    9        0.411694       -0.665387        0.265881
     H    9        0.905974        0.265881        0.227527

     H   10       -0.452164       -0.452600       -0.317404
     H   10       -0.452600        0.992331        0.611435
     H   10       -0.317404        0.611435       -0.540166

     O   11        0.480991       -0.567650        0.345449
     O   11       -0.567650       -0.145929       -0.246259
     O   11        0.345449       -0.246259       -0.335062

     C   12        0.013070       -0.162402       -0.076213
     C   12       -0.162402       -0.066407        0.082194
     C   12       -0.076213        0.082194        0.053337

     H   13        0.802924        0.716725        0.602688
     H   13        0.716725       -0.396761        0.301403
     H   13        0.602688        0.301403       -0.406163

     H   14       -0.508097        0.166608       -0.350895
     H   14        0.166608        0.141294       -0.978874
     H   14       -0.350895       -0.978874        0.366803

     H   15       -0.508097       -0.166608       -0.350895
     H   15       -0.166608        0.141294        0.978874
     H   15       -0.350895        0.978874        0.366803

     H   16        0.802924       -0.716725        0.602688
     H   16       -0.716725       -0.396761       -0.301403
     H   16        0.602688       -0.301403       -0.406163

     C   17        0.013070        0.162402       -0.076213
     C   17        0.162402       -0.066407       -0.082194
     C   17       -0.076213       -0.082194        0.053337

     O   18        0.480991        0.567650        0.345449
     O   18        0.567650       -0.145929        0.246259
     O   18        0.345449        0.246259       -0.335062

     H   19       -0.452164        0.452600       -0.317404
     H   19        0.452600        0.992331       -0.611435
     H   19       -0.317404       -0.611435       -0.540166

     H   20        0.437860       -0.411694        0.905974
     H   20       -0.411694       -0.665387       -0.265881
     H   20        0.905974       -0.265881        0.227527

     C   21        0.151529       -0.066449       -0.221619
     C   21       -0.066449       -0.098549        0.167177
     C   21       -0.221619        0.167177       -0.052980

     O   22       -0.380084       -0.001485       -0.190974
     O   22       -0.001485       -0.224555       -0.621196
     O   22       -0.190974       -0.621196        0.604639

     N   23        0.321399        0.441171       -0.082017
     N   23        0.441171       -0.235841        0.996479
     N   23       -0.082017        0.996479       -0.085557

     O   24       -0.430558       -0.033255       -0.073705
     O   24       -0.033255        0.071520        0.695654
     O   24       -0.073705        0.695654        0.359037

     N   25        0.368188        0.166657       -0.482735
     N   25        0.166657       -0.154252        0.416771
     N   25       -0.482735        0.416771       -0.213936

     N   26        0.151923       -0.498258       -0.663908
     N   26       -0.498258       -0.563020       -0.650846
     N   26       -0.663908       -0.650846        0.411096

     O   27        0.398597       -0.239560       -0.621608
     O   27       -0.239560       -0.340775        0.063858
     O   27       -0.621608        0.063858       -0.057822

     N   28        0.196019       -0.425736       -0.202737
     N   28       -0.425736       -0.171726       -0.434973
     N   28       -0.202737       -0.434973       -0.024293

     H   29       -0.508097        0.166608       -0.350895
     H   29        0.166608        0.141294       -0.978874
     H   29       -0.350895       -0.978874        0.366803

     H   30        0.802924        0.716725        0.602688
     H   30        0.716725       -0.396761        0.301403
     H   30        0.602688        0.301403       -0.406163

     C   31        0.013070       -0.162402       -0.076213
     C   31       -0.162402       -0.066407        0.082194
     C   31       -0.076213        0.082194        0.053337

     O   32        0.480991       -0.567650        0.345449
     O   32       -0.567650       -0.145929       -0.246259
     O   32        0.345449       -0.246259       -0.335062

     H   33       -0.452164       -0.452600       -0.317404
     H   33       -0.452600        0.992331        0.611435
     H   33       -0.317404        0.611435       -0.540166

     H   34        0.437860        0.411694        0.905974
     H   34        0.411694       -0.665387        0.265881
     H   34        0.905974        0.265881        0.227527

     C   35        0.151529        0.066449       -0.221619
     C   35        0.066449       -0.098549       -0.167177
     C   35       -0.221619       -0.167177       -0.052980

     O   36       -0.380084        0.001485       -0.190974
     O   36        0.001485       -0.224555        0.621196
     O   36       -0.190974        0.621196        0.604639

     N   37        0.321399       -0.441171       -0.082017
     N   37       -0.441171       -0.235841       -0.996479
     N   37       -0.082017       -0.996479       -0.085557

     O   38       -0.430558        0.033255       -0.073705
     O   38        0.033255        0.071520       -0.695654
     O   38       -0.073705       -0.695654        0.359037

     N   39        0.368188       -0.166657       -0.482735
     N   39       -0.166657       -0.154252       -0.416771
     N   39       -0.482735       -0.416771       -0.213936

     N   40        0.151923        0.498258       -0.663908
     N   40        0.498258       -0.563020        0.650846
     N   40       -0.663908        0.650846        0.411096

     O   41        0.398597        0.239560       -0.621608
     O   41        0.239560       -0.340775       -0.063858
     O   41       -0.621608       -0.063858       -0.057822

     N   42        0.196019        0.425736       -0.202737
     N   42        0.425736       -0.171726        0.434973
     N   42       -0.202737        0.434973       -0.024293

     H   43       -0.508097       -0.166608       -0.350895
     H   43       -0.166608        0.141294        0.978874
     H   43       -0.350895        0.978874        0.366803

     H   44        0.802924       -0.716725        0.602688
     H   44       -0.716725       -0.396761       -0.301403
     H   44        0.602688       -0.301403       -0.406163

     C   45        0.013070        0.162402       -0.076213
     C   45        0.162402       -0.066407       -0.082194
     C   45       -0.076213       -0.082194        0.053337

     O   46        0.480991        0.567650        0.345449
     O   46        0.567650       -0.145929        0.246259
     O   46        0.345449        0.246259       -0.335062

     H   47       -0.452164        0.452600       -0.317404
     H   47        0.452600        0.992331       -0.611435
     H   47       -0.317404       -0.611435       -0.540166

     H   48        0.437860       -0.411694        0.905974
     H   48       -0.411694       -0.665387       -0.265881
     H   48        0.905974       -0.265881        0.227527

     C   49        0.151529       -0.066449       -0.221619
     C   49       -0.066449       -0.098549        0.167177
     C   49       -0.221619        0.167177       -0.052980

     O   50       -0.380084       -0.001485       -0.190974
     O   50       -0.001485       -0.224555       -0.621196
     O   50       -0.190974       -0.621196        0.604639

     N   51        0.321399        0.441171       -0.082017
     N   51        0.441171       -0.235841        0.996479
     N   51       -0.082017        0.996479       -0.085557

     O   52       -0.430558       -0.033255       -0.073705
     O   52       -0.033255        0.071520        0.695654
     O   52       -0.073705        0.695654        0.359037

     N   53        0.368188        0.166657       -0.482735
     N   53        0.166657       -0.154252        0.416771
     N   53       -0.482735        0.416771       -0.213936

     N   54        0.151923       -0.498258       -0.663908
     N   54       -0.498258       -0.563020       -0.650846
     N   54       -0.663908       -0.650846        0.411096

     O   55        0.398597       -0.239560       -0.621608
     O   55       -0.239560       -0.340775        0.063858
     O   55       -0.621608        0.063858       -0.057822

     N   56        0.196019       -0.425736       -0.202737
     N   56       -0.425736       -0.171726       -0.434973
     N   56       -0.202737       -0.434973       -0.024293

     ----- GIPAW term -----
     N    1        0.234799        0.465392       -0.122354
     N    1        0.465392       -0.205286        0.491622
     N    1       -0.122354        0.491622       -0.029513

     O    2        0.804043       -0.134396       -1.018174
     O    2       -0.134396       -0.474966       -0.767395
     O    2       -1.018174       -0.767395       -0.329078

     N    3        0.000476        0.081665       -0.003216
     N    3        0.081665        0.019603        0.046528
     N    3       -0.003216        0.046528       -0.020079

     N    4        0.343821       -0.152092       -0.397800
     N    4       -0.152092       -0.125004       -0.469796
     N    4       -0.397800       -0.469796       -0.218817

     O    5       -1.425298        0.233583        0.107749
     O    5        0.233583        0.560204       -0.718543
     O    5        0.107749       -0.718543        0.865094

     N    6        0.085809        0.033191       -0.025803
     N    6        0.033191       -0.043693       -0.056424
     N    6       -0.025803       -0.056424       -0.042115

     O    7       -1.056904       -0.744137       -0.131041
     O    7       -0.744137       -0.105959        0.528728
     O    7       -0.131041        0.528728        1.162862

     C    8        0.064019       -0.005771       -0.131660
     C    8       -0.005771       -0.094968       -0.229353
     C    8       -0.131660       -0.229353        0.030949

     H    9        0.000000        0.000000        0.000000
     H    9        0.000000       -0.000000        0.000000
     H    9        0.000000        0.000000       -0.000000

     H   10        0.000000        0.000000        0.000000
     H   10        0.000000       -0.000000        0.000000
     H   10        0.000000        0.000000       -0.000000

     O   11        0.475636       -0.920156        1.000876
     O   11       -0.920156        0.132325        0.205204
     O   11        1.000876        0.205204       -0.607961

     C   12       -0.065146       -0.244170        0.001503
     C   12       -0.244170       -0.000611        0.151664
     C   12        0.001503        0.151664        0.065757

     H   13        0.000000        0.000000        0.000000
     H   13        0.000000       -0.000000        0.000000
     H   13        0.000000        0.000000       -0.000000

     H   14        0.000000        0.000000        0.000000
     H   14        0.000000       -0.000000        0.000000
     H   14        0.000000        0.000000       -0.000000

     H   15        0.000000        0.000000        0.000000
     H   15        0.000000       -0.000000        0.000000
     H   15        0.000000        0.000000       -0.000000

     H   16        0.000000        0.000000        0.000000
     H   16        0.000000       -0.000000        0.000000
     H   16        0.000000        0.000000       -0.000000

     C   17       -0.065145        0.244163        0.001492
     C   17        0.244163       -0.000613       -0.151668
     C   17        0.001492       -0.151668        0.065758

     O   18        0.475726        0.920151        1.000834
     O   18        0.920151        0.132225       -0.205080
     O   18        1.000834       -0.205080       -0.607951

     H   19        0.000000        0.000000        0.000000
     H   19        0.000000       -0.000000        0.000000
     H   19        0.000000        0.000000       -0.000000

     H   20        0.000000        0.000000        0.000000
     H   20        0.000000       -0.000000        0.000000
     H   20        0.000000        0.000000       -0.000000

     C   21        0.064028        0.005759       -0.131659
     C   21        0.005759       -0.094986        0.229352
     C   21       -0.131659        0.229352        0.030958

     O   22       -1.056953        0.744028       -0.131070
     O   22        0.744028       -0.105909       -0.528736
     O   22       -0.131070       -0.528736        1.162862

     N   23        0.085828       -0.033191       -0.025774
     N   23       -0.033191       -0.043685        0.056416
     N   23       -0.025774        0.056416       -0.042143

     O   24       -1.425290       -0.233551        0.107756
     O   24       -0.233551        0.560182        0.718463
     O   24        0.107756        0.718463        0.865108

     N   25        0.343812        0.152028       -0.397794
     N   25        0.152028       -0.124967        0.469708
     N   25       -0.397794        0.469708       -0.218844

     N   26        0.000463       -0.081656       -0.003217
     N   26       -0.081656        0.019617       -0.046513
     N   26       -0.003217       -0.046513       -0.020079

     O   27        0.804062        0.134416       -1.018157
     O   27        0.134416       -0.474963        0.767417
     O   27       -1.018157        0.767417       -0.329099

     N   28        0.234816       -0.465400       -0.122364
     N   28       -0.465400       -0.205317       -0.491676
     N   28       -0.122364       -0.491676       -0.029499

     H   29        0.000000        0.000000        0.000000
     H   29        0.000000       -0.000000        0.000000
     H   29        0.000000        0.000000       -0.000000

     H   30        0.000000        0.000000        0.000000
     H   30        0.000000       -0.000000        0.000000
     H   30        0.000000        0.000000       -0.000000

     C   31       -0.065146       -0.244170        0.001503
     C   31       -0.244170       -0.000611        0.151664
     C   31        0.001503        0.151664        0.065757

     O   32        0.475636       -0.920156        1.000876
     O   32       -0.920156        0.132325        0.205204
     O   32        1.000876        0.205204       -0.607961

     H   33        0.000000        0.000000        0.000000
     H   33        0.000000       -0.000000        0.000000
     H   33        0.000000        0.000000       -0.000000

     H   34        0.000000        0.000000        0.000000
     H   34        0.000000       -0.000000        0.000000
     H   34        0.000000        0.000000       -0.000000

     C   35        0.064019       -0.005771       -0.131660
     C   35       -0.005771       -0.094968       -0.229353
     C   35       -0.131660       -0.229353        0.030949

     O   36       -1.056904       -0.744137       -0.131040
     O   36       -0.744137       -0.105959        0.528728
     O   36       -0.131040        0.528728        1.162862

     N   37        0.085809        0.033191       -0.025803
     N   37        0.033191       -0.043693       -0.056424
     N   37       -0.025803       -0.056424       -0.042115

     O   38       -1.425298        0.233583        0.107749
     O   38        0.233583        0.560204       -0.718543
     O   38        0.107749       -0.718543        0.865093

     N   39        0.343821       -0.152092       -0.397800
     N   39       -0.152092       -0.125004       -0.469796
     N   39       -0.397800       -0.469796       -0.218817

     N   40        0.000476        0.081665       -0.003216
     N   40        0.081665        0.019603        0.046528
     N   40       -0.003216        0.046528       -0.020079

     O   41        0.804043       -0.134396       -1.018174
     O   41       -0.134396       -0.474966       -0.767395
     O   41       -1.018174       -0.767395       -0.329078

     N   42        0.234799        0.465392       -0.122354
     N   42        0.465392       -0.205285        0.491622
     N   42       -0.122354        0.491622       -0.029513

     H   43        0.000000        0.000000        0.000000
     H   43        0.000000       -0.000000        0.000000
     H   43        0.000000        0.000000       -0.000000

     H   44        0.000000        0.000000        0.000000
     H   44        0.000000       -0.000000        0.000000
     H   44        0.000000        0.000000       -0.000000

     C   45       -0.065145        0.244163        0.001492
     C   45        0.244163       -0.000613       -0.151668
     C   45        0.001492       -0.151668        0.065758

     O   46        0.475726        0.920151        1.000834
     O   46        0.920151        0.132225       -0.205080
     O   46        1.000834       -0.205080       -0.607951

     H   47        0.000000        0.000000        0.000000
     H   47        0.000000       -0.000000        0.000000
     H   47        0.000000        0.000000       -0.000000

     H   48        0.000000        0.000000        0.000000
     H   48        0.000000       -0.000000        0.000000
     H   48        0.000000        0.000000       -0.000000

     C   49        0.064028        0.005759       -0.131659
     C   49        0.005759       -0.094986        0.229352
     C   49       -0.131659        0.229352        0.030958

     O   50       -1.056953        0.744028       -0.131071
     O   50        0.744028       -0.105909       -0.528737
     O   50       -0.131071       -0.528737        1.162862

     N   51        0.085828       -0.033191       -0.025774
     N   51       -0.033191       -0.043685        0.056416
     N   51       -0.025774        0.056416       -0.042143

     O   52       -1.425290       -0.233551        0.107756
     O   52       -0.233551        0.560182        0.718463
     O   52        0.107756        0.718463        0.865108

     N   53        0.343812        0.152028       -0.397794
     N   53        0.152028       -0.124967        0.469708
     N   53       -0.397794        0.469708       -0.218844

     N   54        0.000463       -0.081657       -0.003217
     N   54       -0.081657        0.019617       -0.046513
     N   54       -0.003217       -0.046513       -0.020079

     O   55        0.804062        0.134417       -1.018157
     O   55        0.134417       -0.474963        0.767417
     O   55       -1.018157        0.767417       -0.329099

     N   56        0.234816       -0.465400       -0.122364
     N   56       -0.465400       -0.205317       -0.491676
     N   56       -0.122364       -0.491676       -0.029499

     ----- total EFG -----
     N    1        0.378929        0.761396       -0.177681
     N    1        0.761396       -0.319498        0.791959
     N    1       -0.177681        0.791959       -0.059431

     O    2        1.147250       -0.173229       -1.459086
     O    2       -0.173229       -0.691798       -1.068451
     O    2       -1.459086       -1.068451       -0.455453

     N    3       -0.004797        0.110781       -0.038666
     N    3        0.110781        0.013037        0.074717
     N    3       -0.038666        0.074717       -0.008239

     N    4        0.571183       -0.229781       -0.650890
     N    4       -0.229781       -0.214275       -0.751183
     N    4       -0.650890       -0.751183       -0.356908

     O    5       -2.005825        0.322230        0.147080
     O    5        0.322230        0.783787       -1.049831
     O    5        0.147080       -1.049831        1.222037

     N    6        0.112641        0.034182       -0.015856
     N    6        0.034182       -0.049175       -0.108852
     N    6       -0.015856       -0.108852       -0.063465

     O    7       -1.491891       -1.038106       -0.202555
     O    7       -1.038106       -0.168257        0.772359
     O    7       -0.202555        0.772359        1.660149

     C    8        0.129905       -0.005598       -0.253275
     C    8       -0.005598       -0.187120       -0.435137
     C    8       -0.253275       -0.435137        0.057215

     H    9        0.113020        0.155901        0.333657
     H    9        0.155901       -0.194692        0.130577
     H    9        0.333657        0.130577        0.081672

     H   10       -0.199328       -0.158293       -0.079060
     H   10       -0.158293        0.347809        0.232468
     H   10       -0.079060        0.232468       -0.148480

     O   11        0.687714       -1.318706        1.410342
     O   11       -1.318706        0.176652        0.262120
     O   11        1.410342        0.262120       -0.864367

     C   12       -0.121700       -0.452608        0.002691
     C   12       -0.452608       -0.001550        0.284405
     C   12        0.002691        0.284405        0.123251

     H   13        0.328939        0.299798        0.198514
     H   13        0.299798       -0.120432        0.113757
     H   13        0.198514        0.113757       -0.208508

     H   14       -0.212617        0.134636       -0.158226
     H   14        0.134636        0.092294       -0.372925
     H   14       -0.158226       -0.372925        0.120323

     H   15       -0.212618       -0.134632       -0.158223
     H   15       -0.134632        0.092295        0.372927
     H   15       -0.158223        0.372927        0.120323

     H   16        0.328942       -0.299798        0.198517
     H   16       -0.299798       -0.120435       -0.113758
     H   16        0.198517       -0.113758       -0.208507

     C   17       -0.121695        0.452594        0.002668
     C   17        0.452594       -0.001557       -0.284415
     C   17        0.002668       -0.284415        0.123251

     O   18        0.687842        1.318701        1.410284
     O   18        1.318701        0.176511       -0.261945
     O   18        1.410284       -0.261945       -0.864353

     H   19       -0.199326        0.158296       -0.079057
     H   19        0.158296        0.347812       -0.232463
     H   19       -0.079057       -0.232463       -0.148487

     H   20        0.113015       -0.155901        0.333659
     H   20       -0.155901       -0.194692       -0.130577
     H   20        0.333659       -0.130577        0.081677

     C   21        0.129922        0.005574       -0.253273
     C   21        0.005574       -0.187155        0.435137
     C   21       -0.253273        0.435137        0.057233

     O   22       -1.491960        1.037954       -0.202597
     O   22        1.037954       -0.168187       -0.772370
     O   22       -0.202597       -0.772370        1.660148

