
     Program QE v.5.3.0 (svn rev. 11974) starts on 31May2016 at 16: 7:45 

     This program is part of the open-source Quantum ESPRESSO suite
     for quantum simulation of materials; please cite
         "P. Giannozzi et al., J. Phys.:Condens. Matter 21 395502 (2009);
          URL http://www.quantum-espresso.org", 
     in publications or presentations arising from this work. More details at
     http://www.quantum-espresso.org/quote

     Parallel version (MPI), running on     8 processors
     R & G space division:  proc/nbgrp/npool/nimage =       8

     ***** This is GIPAW svn revision unknown      *****

     Parallelizing q-star over 1 images

     Reading data from directory:
     ./scratch/scf.pbe.ec-100.kp-444.HMX-792934.np-8.default-conv-thr.save

   Info: using nr1, nr2, nr3 values from input

   Info: using nr1, nr2, nr3 values from input

     IMPORTANT: XC functional enforced from input :
     Exchange-correlation      =  SLA  PW   PBX  PBC ( 1  4  3  4 0 0)
     Any further DFT definition will be discarded
     Please, verify this is what you really want

               file N.pbe-n-kjpaw_psl.1.0.0.UPF: wavefunction(s)  2S renormalized
               file C.pbe-n-kjpaw_psl.1.0.0.UPF: wavefunction(s)  2S 2P renormalized
               file H.pbe-kjpaw_psl.1.0.0.UPF: wavefunction(s)  1S renormalized
               file O.pbe-n-kjpaw_psl.1.0.0.UPF: wavefunction(s)  2S 2P renormalized

     Parallelization info
     --------------------
     sticks:   dense  smooth     PW     G-vecs:    dense   smooth      PW
     Min        2525    1011    269               229257    57965    7947
     Max        2526    1012    270               229260    57999    7948
     Sum       20207    8089   2155              1834077   463901   63577


     Subspace diagonalization in iterative solution of the eigenvalue problem:
     a serial algorithm will be used

     GIPAW projectors -----------------------------------------------
     atom=  N    l=0  rc=    1.3000  rs=    0.8667
     atom=  N    l=0  rc=    1.3000  rs=    0.8667
     atom=  N    l=1  rc=    1.3500  rs=    0.9000
     atom=  N    l=1  rc=    1.3500  rs=    0.9000
     projs nearly linearly dependent: l=1  n1,n2= 1, 2  s=  0.99908189

     atom=  C    l=0  rc=    1.2000  rs=    0.8000
     atom=  C    l=0  rc=    1.2000  rs=    0.8000
     atom=  C    l=1  rc=    1.4000  rs=    0.9333
     atom=  C    l=1  rc=    1.4000  rs=    0.9333
     projs nearly linearly dependent: l=1  n1,n2= 1, 2  s=  0.99951561

     atom=  H    l=0  rc=    1.0000  rs=    0.6667
     atom=  H    l=0  rc=    1.0000  rs=    0.6667
     projs nearly linearly dependent: l=0  n1,n2= 1, 2  s=  0.99968852

     atom=  O    l=0  rc=    1.3000  rs=    0.8667
     atom=  O    l=0  rc=    1.3000  rs=    0.8667
     atom=  O    l=1  rc=    1.3500  rs=    0.9000
     atom=  O    l=1  rc=    1.3500  rs=    0.9000
     projs nearly linearly dependent: l=1  n1,n2= 1, 2  s=  0.99790100
     -----------------------------------------------------------------

     GIPAW integrals: -------------------------------------------
     Atom  i/j   nmr_para   nmr_dia   epr_rmc  epr_para   epr_dia
       N   1 1   0.67E+03 -0.31E+00  0.62E+01  0.27E+08  0.20E+03
       N   2 1   0.75E+03 -0.37E+00  0.67E+01  0.30E+08  0.23E+03
       N   2 2   0.85E+03 -0.45E+00  0.74E+01  0.35E+08  0.26E+03
       N   3 3   0.59E+01  0.56E+00  0.34E+01  0.12E+04  0.45E+02
       N   4 3   0.65E+01  0.61E+00  0.38E+01  0.13E+04  0.48E+02
       N   4 4   0.71E+01  0.67E+00  0.43E+01  0.15E+04  0.52E+02
       C   1 1   0.83E+03  0.17E-01  0.93E+01  0.24E+08  0.24E+03
       C   2 1   0.86E+03 -0.61E-01  0.94E+01  0.25E+08  0.25E+03
       C   2 2   0.90E+03 -0.15E+00  0.97E+01  0.26E+08  0.26E+03
       C   3 3   0.33E+01  0.34E+00  0.18E+01  0.55E+03  0.21E+02
       C   4 3   0.35E+01  0.37E+00  0.20E+01  0.59E+03  0.22E+02
       C   4 4   0.38E+01  0.39E+00  0.22E+01  0.63E+03  0.24E+02
       H   1 1   0.39E+02  0.19E+00  0.29E+00  0.78E+05  0.13E+02
       H   2 1   0.41E+02  0.21E+00  0.32E+00  0.82E+05  0.14E+02
       H   2 2   0.43E+02  0.22E+00  0.36E+00  0.86E+05  0.15E+02
       O   1 1   0.81E+03 -0.32E+00  0.65E+01  0.43E+08  0.24E+03
       O   2 1   0.91E+03 -0.39E+00  0.71E+01  0.48E+08  0.27E+03
       O   2 2   0.10E+04 -0.48E+00  0.78E+01  0.55E+08  0.31E+03
       O   3 3   0.99E+01  0.87E+00  0.58E+01  0.24E+04  0.75E+02
       O   4 3   0.11E+02  0.97E+00  0.67E+01  0.27E+04  0.83E+02
       O   4 4   0.12E+02  0.11E+01  0.76E+01  0.31E+04  0.93E+02
     ------------------------------------------------------------

     alpha_pv=     50.6175 eV

     Number of occupied bands for each k-point:
     k-point:     1    nbnd_occ= 112
     k-point:     2    nbnd_occ= 112
     k-point:     3    nbnd_occ= 112
     k-point:     4    nbnd_occ= 112
     k-point:     5    nbnd_occ= 112
     k-point:     6    nbnd_occ= 112
     k-point:     7    nbnd_occ= 112
     k-point:     8    nbnd_occ= 112
     k-point:     9    nbnd_occ= 112
     k-point:    10    nbnd_occ= 112
     k-point:    11    nbnd_occ= 112
     k-point:    12    nbnd_occ= 112
     k-point:    13    nbnd_occ= 112
     k-point:    14    nbnd_occ= 112
     k-point:    15    nbnd_occ= 112
     k-point:    16    nbnd_occ= 112
     k-point:    17    nbnd_occ= 112
     k-point:    18    nbnd_occ= 112
     k-point:    19    nbnd_occ= 112
     k-point:    20    nbnd_occ= 112
     k-point:    21    nbnd_occ= 112
     k-point:    22    nbnd_occ= 112
     k-point:    23    nbnd_occ= 112
     k-point:    24    nbnd_occ= 112
     k-point:    25    nbnd_occ= 112
     k-point:    26    nbnd_occ= 112
     k-point:    27    nbnd_occ= 112
     k-point:    28    nbnd_occ= 112
     k-point:    29    nbnd_occ= 112
     k-point:    30    nbnd_occ= 112
     k-point:    31    nbnd_occ= 112
     k-point:    32    nbnd_occ= 112


     GIPAW job: efg                                                                             


     ELECTRIC FIELD GRADIENTS TENSORS IN Hartree/bohrradius^2:

     ----- bare term -----
     N    1       -0.051750       -0.129417        0.147408
     N    1       -0.129417        0.057442       -0.134340
     N    1        0.147408       -0.134340       -0.005692

     O    2       -0.055682       -0.278332        0.181069
     O    2       -0.278332        0.124085       -0.236849
     O    2        0.181069       -0.236849       -0.068403

     N    3       -0.157262       -0.469254        0.628347
     N    3       -0.469254        0.556453       -0.622716
     N    3        0.628347       -0.622716       -0.399191

     N    4       -0.140570        0.088910        0.229318
     N    4        0.088910        0.064884        0.135039
     N    4        0.229318        0.135039        0.075685

     O    5       -0.149374        0.055264        0.112979
     O    5        0.055264        0.151797        0.364520
     O    5        0.112979        0.364520       -0.002424

     N    6       -0.294602        0.442110        0.092083
     N    6        0.442110        0.230405        0.943970
     N    6        0.092083        0.943970        0.064198

     O    7       -0.054485       -0.295073        0.119439
     O    7       -0.295073        0.162234       -0.377679
     O    7        0.119439       -0.377679       -0.107749

     C    8       -0.085630       -0.066279        0.099957
     C    8       -0.066279        0.006365       -0.038734
     C    8        0.099957       -0.038734        0.079265

     H    9       -0.324813       -0.255768       -0.572259
     H    9       -0.255768        0.470654       -0.135262
     H    9       -0.572259       -0.135262       -0.145841

     H   10        0.252781        0.294271        0.238321
     H   10        0.294271       -0.644436       -0.378893
     H   10        0.238321       -0.378893        0.391654

     O   11       -0.269166        0.169505        0.063660
     O   11        0.169505        0.190232        0.303176
     O   11        0.063660        0.303176        0.078935

     C   12       -0.069641       -0.046165        0.077400
     C   12       -0.046165        0.065456        0.050625
     C   12        0.077400        0.050625        0.004185

     H   13       -0.473811       -0.416741       -0.404085
     H   13       -0.416741        0.276257       -0.187581
     H   13       -0.404085       -0.187581        0.197554

     H   14        0.295364       -0.031884        0.192621
     H   14       -0.031884       -0.048952        0.605751
     H   14        0.192621        0.605751       -0.246412

     H   15        0.295362        0.031884        0.192621
     H   15        0.031884       -0.048949       -0.605750
     H   15        0.192621       -0.605750       -0.246413

     H   16       -0.473812        0.416742       -0.404085
     H   16        0.416742        0.276257        0.187582
     H   16       -0.404085        0.187582        0.197555

     C   17       -0.069643        0.046165        0.077399
     C   17        0.046165        0.065457       -0.050624
     C   17        0.077399       -0.050624        0.004186

     O   18       -0.269166       -0.169506        0.063659
     O   18       -0.169506        0.190233       -0.303177
     O   18        0.063659       -0.303177        0.078933

     H   19        0.252783       -0.294271        0.238321
     H   19       -0.294271       -0.644436        0.378893
     H   19        0.238321        0.378893        0.391653

     H   20       -0.324813        0.255767       -0.572257
     H   20        0.255767        0.470652        0.135258
     H   20       -0.572257        0.135258       -0.145839

     C   21       -0.085627        0.066277        0.099959
     C   21        0.066277        0.006361        0.038731
     C   21        0.099959        0.038731        0.079266

     O   22       -0.054497        0.295131        0.119471
     O   22        0.295131        0.162273        0.377739
     O   22        0.119471        0.377739       -0.107777

     N   23       -0.294603       -0.442110        0.092084
     N   23       -0.442110        0.230406       -0.943970
     N   23        0.092084       -0.943970        0.064197

     O   24       -0.149371       -0.055261        0.112977
     O   24       -0.055261        0.151795       -0.364512
     O   24        0.112977       -0.364512       -0.002423

     N   25       -0.140570       -0.088911        0.229320
     N   25       -0.088911        0.064885       -0.135041
     N   25        0.229320       -0.135041        0.075685

     N   26       -0.157258        0.469253        0.628344
     N   26        0.469253        0.556452        0.622719
     N   26        0.628344        0.622719       -0.399194

     O   27       -0.055654        0.278274        0.181033
     O   27        0.278274        0.124041        0.236796
     O   27        0.181033        0.236796       -0.068387

     N   28       -0.051757        0.129417        0.147408
     N   28        0.129417        0.057443        0.134335
     N   28        0.147408        0.134335       -0.005685

     H   29        0.295364       -0.031884        0.192621
     H   29       -0.031884       -0.048952        0.605751
     H   29        0.192621        0.605751       -0.246413

     H   30       -0.473811       -0.416741       -0.404085
     H   30       -0.416741        0.276257       -0.187581
     H   30       -0.404085       -0.187581        0.197554

     C   31       -0.069641       -0.046165        0.077400
     C   31       -0.046165        0.065456        0.050625
     C   31        0.077400        0.050625        0.004185

     O   32       -0.269166        0.169505        0.063660
     O   32        0.169505        0.190232        0.303176
     O   32        0.063660        0.303176        0.078935

     H   33        0.252781        0.294271        0.238321
     H   33        0.294271       -0.644436       -0.378893
     H   33        0.238321       -0.378893        0.391654

     H   34       -0.324813       -0.255768       -0.572259
     H   34       -0.255768        0.470654       -0.135262
     H   34       -0.572259       -0.135262       -0.145841

     C   35       -0.085630       -0.066279        0.099957
     C   35       -0.066279        0.006365       -0.038734
     C   35        0.099957       -0.038734        0.079265

     O   36       -0.054485       -0.295073        0.119439
     O   36       -0.295073        0.162234       -0.377679
     O   36        0.119439       -0.377679       -0.107749

     N   37       -0.294602        0.442110        0.092083
     N   37        0.442110        0.230405        0.943970
     N   37        0.092083        0.943970        0.064198

     O   38       -0.149374        0.055264        0.112979
     O   38        0.055264        0.151797        0.364520
     O   38        0.112979        0.364520       -0.002424

     N   39       -0.140570        0.088910        0.229318
     N   39        0.088910        0.064884        0.135039
     N   39        0.229318        0.135039        0.075685

     N   40       -0.157262       -0.469254        0.628347
     N   40       -0.469254        0.556453       -0.622716
     N   40        0.628347       -0.622716       -0.399191

     O   41       -0.055682       -0.278332        0.181069
     O   41       -0.278332        0.124085       -0.236849
     O   41        0.181069       -0.236849       -0.068403

     N   42       -0.051750       -0.129417        0.147408
     N   42       -0.129417        0.057442       -0.134340
     N   42        0.147408       -0.134340       -0.005692

     H   43        0.295362        0.031884        0.192621
     H   43        0.031884       -0.048949       -0.605750
     H   43        0.192621       -0.605750       -0.246413

     H   44       -0.473812        0.416742       -0.404085
     H   44        0.416742        0.276257        0.187582
     H   44       -0.404085        0.187582        0.197555

     C   45       -0.069643        0.046164        0.077399
     C   45        0.046164        0.065457       -0.050624
     C   45        0.077399       -0.050624        0.004186

     O   46       -0.269166       -0.169506        0.063659
     O   46       -0.169506        0.190233       -0.303177
     O   46        0.063659       -0.303177        0.078933

     H   47        0.252783       -0.294271        0.238321
     H   47       -0.294271       -0.644436        0.378893
     H   47        0.238321        0.378893        0.391653

     H   48       -0.324813        0.255767       -0.572257
     H   48        0.255767        0.470652        0.135258
     H   48       -0.572257        0.135258       -0.145839

     C   49       -0.085627        0.066277        0.099959
     C   49        0.066277        0.006361        0.038731
     C   49        0.099959        0.038731        0.079266

     O   50       -0.054497        0.295131        0.119471
     O   50        0.295131        0.162273        0.377739
     O   50        0.119471        0.377739       -0.107777

     N   51       -0.294603       -0.442110        0.092084
     N   51       -0.442110        0.230406       -0.943970
     N   51        0.092084       -0.943970        0.064197

     O   52       -0.149371       -0.055261        0.112977
     O   52       -0.055261        0.151795       -0.364512
     O   52        0.112977       -0.364512       -0.002423

     N   53       -0.140570       -0.088911        0.229320
     N   53       -0.088911        0.064885       -0.135041
     N   53        0.229320       -0.135041        0.075685

     N   54       -0.157258        0.469253        0.628344
     N   54        0.469253        0.556452        0.622719
     N   54        0.628344        0.622719       -0.399194

     O   55       -0.055654        0.278274        0.181033
     O   55        0.278274        0.124041        0.236796
     O   55        0.181033        0.236796       -0.068387

     N   56       -0.051757        0.129417        0.147408
     N   56        0.129417        0.057443        0.134335
     N   56        0.147408        0.134335       -0.005685

     ----- ionic term -----
     N    1        0.196019        0.425736       -0.202737
     N    1        0.425736       -0.171726        0.434973
     N    1       -0.202737        0.434973       -0.024293

     O    2        0.398597        0.239560       -0.621608
     O    2        0.239560       -0.340775       -0.063858
     O    2       -0.621608       -0.063858       -0.057822

     N    3        0.151923        0.498258       -0.663908
     N    3        0.498258       -0.563020        0.650846
     N    3       -0.663908        0.650846        0.411096

     N    4        0.368188       -0.166657       -0.482735
     N    4       -0.166657       -0.154252       -0.416771
     N    4       -0.482735       -0.416771       -0.213936

     O    5       -0.430558        0.033255       -0.073705
     O    5        0.033255        0.071520       -0.695654
     O    5       -0.073705       -0.695654        0.359037

     N    6        0.321399       -0.441171       -0.082017
     N    6       -0.441171       -0.235841       -0.996479
     N    6       -0.082017       -0.996479       -0.085557

     O    7       -0.380084        0.001485       -0.190974
     O    7        0.001485       -0.224555        0.621196
     O    7       -0.190974        0.621196        0.604639

     C    8        0.151529        0.066449       -0.221619
     C    8        0.066449       -0.098549       -0.167177
     C    8       -0.221619       -0.167177       -0.052980

     H    9        0.437860        0.411694        0.905974
     H    9        0.411694       -0.665387        0.265881
     H    9        0.905974        0.265881        0.227527

     H   10       -0.452164       -0.452600       -0.317404
     H   10       -0.452600        0.992331        0.611435
     H   10       -0.317404        0.611435       -0.540166

     O   11        0.480991       -0.567650        0.345449
     O   11       -0.567650       -0.145929       -0.246259
     O   11        0.345449       -0.246259       -0.335062

     C   12        0.013070       -0.162402       -0.076213
     C   12       -0.162402       -0.066407        0.082194
     C   12       -0.076213        0.082194        0.053337

     H   13        0.802924        0.716725        0.602688
     H   13        0.716725       -0.396761        0.301403
     H   13        0.602688        0.301403       -0.406163

     H   14       -0.508097        0.166608       -0.350895
     H   14        0.166608        0.141294       -0.978874
     H   14       -0.350895       -0.978874        0.366803

     H   15       -0.508097       -0.166608       -0.350895
     H   15       -0.166608        0.141294        0.978874
     H   15       -0.350895        0.978874        0.366803

     H   16        0.802924       -0.716725        0.602688
     H   16       -0.716725       -0.396761       -0.301403
     H   16        0.602688       -0.301403       -0.406163

     C   17        0.013070        0.162402       -0.076213
     C   17        0.162402       -0.066407       -0.082194
     C   17       -0.076213       -0.082194        0.053337

     O   18        0.480991        0.567650        0.345449
     O   18        0.567650       -0.145929        0.246259
     O   18        0.345449        0.246259       -0.335062

     H   19       -0.452164        0.452600       -0.317404
     H   19        0.452600        0.992331       -0.611435
     H   19       -0.317404       -0.611435       -0.540166

     H   20        0.437860       -0.411694        0.905974
     H   20       -0.411694       -0.665387       -0.265881
     H   20        0.905974       -0.265881        0.227527

     C   21        0.151529       -0.066449       -0.221619
     C   21       -0.066449       -0.098549        0.167177
     C   21       -0.221619        0.167177       -0.052980

     O   22       -0.380084       -0.001485       -0.190974
     O   22       -0.001485       -0.224555       -0.621196
     O   22       -0.190974       -0.621196        0.604639

     N   23        0.321399        0.441171       -0.082017
     N   23        0.441171       -0.235841        0.996479
     N   23       -0.082017        0.996479       -0.085557

     O   24       -0.430558       -0.033255       -0.073705
     O   24       -0.033255        0.071520        0.695654
     O   24       -0.073705        0.695654        0.359037

     N   25        0.368188        0.166657       -0.482735
     N   25        0.166657       -0.154252        0.416771
     N   25       -0.482735        0.416771       -0.213936

     N   26        0.151923       -0.498258       -0.663908
     N   26       -0.498258       -0.563020       -0.650846
     N   26       -0.663908       -0.650846        0.411096

     O   27        0.398597       -0.239560       -0.621608
     O   27       -0.239560       -0.340775        0.063858
     O   27       -0.621608        0.063858       -0.057822

     N   28        0.196019       -0.425736       -0.202737
     N   28       -0.425736       -0.171726       -0.434973
     N   28       -0.202737       -0.434973       -0.024293

     H   29       -0.508097        0.166608       -0.350895
     H   29        0.166608        0.141294       -0.978874
     H   29       -0.350895       -0.978874        0.366803

     H   30        0.802924        0.716725        0.602688
     H   30        0.716725       -0.396761        0.301403
     H   30        0.602688        0.301403       -0.406163

     C   31        0.013070       -0.162402       -0.076213
     C   31       -0.162402       -0.066407        0.082194
     C   31       -0.076213        0.082194        0.053337

     O   32        0.480991       -0.567650        0.345449
     O   32       -0.567650       -0.145929       -0.246259
     O   32        0.345449       -0.246259       -0.335062

     H   33       -0.452164       -0.452600       -0.317404
     H   33       -0.452600        0.992331        0.611435
     H   33       -0.317404        0.611435       -0.540166

     H   34        0.437860        0.411694        0.905974
     H   34        0.411694       -0.665387        0.265881
     H   34        0.905974        0.265881        0.227527

     C   35        0.151529        0.066449       -0.221619
     C   35        0.066449       -0.098549       -0.167177
     C   35       -0.221619       -0.167177       -0.052980

     O   36       -0.380084        0.001485       -0.190974
     O   36        0.001485       -0.224555        0.621196
     O   36       -0.190974        0.621196        0.604639

     N   37        0.321399       -0.441171       -0.082017
     N   37       -0.441171       -0.235841       -0.996479
     N   37       -0.082017       -0.996479       -0.085557

     O   38       -0.430558        0.033255       -0.073705
     O   38        0.033255        0.071520       -0.695654
     O   38       -0.073705       -0.695654        0.359037

     N   39        0.368188       -0.166657       -0.482735
     N   39       -0.166657       -0.154252       -0.416771
     N   39       -0.482735       -0.416771       -0.213936

     N   40        0.151923        0.498258       -0.663908
     N   40        0.498258       -0.563020        0.650846
     N   40       -0.663908        0.650846        0.411096

     O   41        0.398597        0.239560       -0.621608
     O   41        0.239560       -0.340775       -0.063858
     O   41       -0.621608       -0.063858       -0.057822

     N   42        0.196019        0.425736       -0.202737
     N   42        0.425736       -0.171726        0.434973
     N   42       -0.202737        0.434973       -0.024293

     H   43       -0.508097       -0.166608       -0.350895
     H   43       -0.166608        0.141294        0.978874
     H   43       -0.350895        0.978874        0.366803

     H   44        0.802924       -0.716725        0.602688
     H   44       -0.716725       -0.396761       -0.301403
     H   44        0.602688       -0.301403       -0.406163

     C   45        0.013070        0.162402       -0.076213
     C   45        0.162402       -0.066407       -0.082194
     C   45       -0.076213       -0.082194        0.053337

     O   46        0.480991        0.567650        0.345449
     O   46        0.567650       -0.145929        0.246259
     O   46        0.345449        0.246259       -0.335062

     H   47       -0.452164        0.452600       -0.317404
     H   47        0.452600        0.992331       -0.611435
     H   47       -0.317404       -0.611435       -0.540166

     H   48        0.437860       -0.411694        0.905974
     H   48       -0.411694       -0.665387       -0.265881
     H   48        0.905974       -0.265881        0.227527

     C   49        0.151529       -0.066449       -0.221619
     C   49       -0.066449       -0.098549        0.167177
     C   49       -0.221619        0.167177       -0.052980

     O   50       -0.380084       -0.001485       -0.190974
     O   50       -0.001485       -0.224555       -0.621196
     O   50       -0.190974       -0.621196        0.604639

     N   51        0.321399        0.441171       -0.082017
     N   51        0.441171       -0.235841        0.996479
     N   51       -0.082017        0.996479       -0.085557

     O   52       -0.430558       -0.033255       -0.073705
     O   52       -0.033255        0.071520        0.695654
     O   52       -0.073705        0.695654        0.359037

     N   53        0.368188        0.166657       -0.482735
     N   53        0.166657       -0.154252        0.416771
     N   53       -0.482735        0.416771       -0.213936

     N   54        0.151923       -0.498258       -0.663908
     N   54       -0.498258       -0.563020       -0.650846
     N   54       -0.663908       -0.650846        0.411096

     O   55        0.398597       -0.239560       -0.621608
     O   55       -0.239560       -0.340775        0.063858
     O   55       -0.621608        0.063858       -0.057822

     N   56        0.196019       -0.425736       -0.202737
     N   56       -0.425736       -0.171726       -0.434973
     N   56       -0.202737       -0.434973       -0.024293

     ----- GIPAW term -----
     N    1        0.234820        0.465399       -0.122357
     N    1        0.465399       -0.205298        0.491635
     N    1       -0.122357        0.491635       -0.029522

     O    2        0.803464       -0.134328       -1.017430
     O    2       -0.134328       -0.474630       -0.766847
     O    2       -1.017430       -0.766847       -0.328833

     N    3        0.000451        0.081628       -0.003191
     N    3        0.081628        0.019637        0.046498
     N    3       -0.003191        0.046498       -0.020087

     N    4        0.343898       -0.152105       -0.397894
     N    4       -0.152105       -0.125027       -0.469894
     N    4       -0.397894       -0.469894       -0.218871

     O    5       -1.424242        0.233413        0.107611
     O    5        0.233413        0.559745       -0.718170
     O    5        0.107611       -0.718170        0.864497

     N    6        0.085872        0.033233       -0.025886
     N    6        0.033233       -0.043746       -0.056451
     N    6       -0.025886       -0.056451       -0.042127

     O    7       -1.056120       -0.743470       -0.131033
     O    7       -0.743470       -0.105946        0.528415
     O    7       -0.131033        0.528415        1.162066

     C    8        0.064002       -0.005771       -0.131647
     C    8       -0.005771       -0.094959       -0.229349
     C    8       -0.131647       -0.229349        0.030957

     H    9        0.000000        0.000000        0.000000
     H    9        0.000000       -0.000000        0.000000
     H    9        0.000000        0.000000       -0.000000

     H   10        0.000000        0.000000        0.000000
     H   10        0.000000       -0.000000        0.000000
     H   10        0.000000        0.000000       -0.000000

     O   11        0.475124       -0.919339        1.000216
     O   11       -0.919339        0.132342        0.205365
     O   11        1.000216        0.205365       -0.607466

     C   12       -0.065131       -0.244170        0.001502
     C   12       -0.244170       -0.000610        0.151647
     C   12        0.001502        0.151647        0.065741

     H   13        0.000000        0.000000        0.000000
     H   13        0.000000       -0.000000        0.000000
     H   13        0.000000        0.000000       -0.000000

     H   14        0.000000        0.000000        0.000000
     H   14        0.000000       -0.000000        0.000000
     H   14        0.000000        0.000000       -0.000000

     H   15        0.000000        0.000000        0.000000
     H   15        0.000000       -0.000000        0.000000
     H   15        0.000000        0.000000       -0.000000

     H   16        0.000000        0.000000        0.000000
     H   16        0.000000       -0.000000        0.000000
     H   16        0.000000        0.000000       -0.000000

     C   17       -0.065131        0.244169        0.001502
     C   17        0.244169       -0.000610       -0.151647
     C   17        0.001502       -0.151647        0.065741

     O   18        0.475121        0.919339        1.000214
     O   18        0.919339        0.132345       -0.205365
     O   18        1.000214       -0.205365       -0.607466

     H   19        0.000000        0.000000        0.000000
     H   19        0.000000       -0.000000        0.000000
     H   19        0.000000        0.000000       -0.000000

     H   20        0.000000        0.000000        0.000000
     H   20        0.000000       -0.000000        0.000000
     H   20        0.000000        0.000000       -0.000000

     C   21        0.064006        0.005769       -0.131646
     C   21        0.005769       -0.094963        0.229349
     C   21       -0.131646        0.229349        0.030957

     O   22       -1.056147        0.743605       -0.130961
     O   22        0.743605       -0.105857       -0.528273
     O   22       -0.130961       -0.528273        1.162004

     N   23        0.085870       -0.033233       -0.025886
     N   23       -0.033233       -0.043745        0.056451
     N   23       -0.025886        0.056451       -0.042125

     O   24       -1.424236       -0.233407        0.107607
     O   24       -0.233407        0.559737        0.718182
     O   24        0.107607        0.718182        0.864499

     N   25        0.343898        0.152104       -0.397891
     N   25        0.152104       -0.125027        0.469890
     N   25       -0.397891        0.469890       -0.218871

     N   26        0.000479       -0.081637       -0.003203
     N   26       -0.081637        0.019631       -0.046477
     N   26       -0.003203       -0.046477       -0.020110

     O   27        0.803535        0.134193       -1.017513
     O   27        0.134193       -0.474730        0.766727
     O   27       -1.017513        0.766727       -0.328804

     N   28        0.234818       -0.465400       -0.122358
     N   28       -0.465400       -0.205300       -0.491636
     N   28       -0.122358       -0.491636       -0.029519

     H   29        0.000000        0.000000        0.000000
     H   29        0.000000       -0.000000        0.000000
     H   29        0.000000        0.000000       -0.000000

     H   30        0.000000        0.000000        0.000000
     H   30        0.000000       -0.000000        0.000000
     H   30        0.000000        0.000000       -0.000000

     C   31       -0.065131       -0.244170        0.001502
     C   31       -0.244170       -0.000610        0.151647
     C   31        0.001502        0.151647        0.065741

     O   32        0.475124       -0.919339        1.000216
     O   32       -0.919339        0.132342        0.205365
     O   32        1.000216        0.205365       -0.607466

     H   33        0.000000        0.000000        0.000000
     H   33        0.000000       -0.000000        0.000000
     H   33        0.000000        0.000000       -0.000000

     H   34        0.000000        0.000000        0.000000
     H   34        0.000000       -0.000000        0.000000
     H   34        0.000000        0.000000       -0.000000

     C   35        0.064002       -0.005771       -0.131647
     C   35       -0.005771       -0.094959       -0.229349
     C   35       -0.131647       -0.229349        0.030957

     O   36       -1.056120       -0.743470       -0.131033
     O   36       -0.743470       -0.105946        0.528415
     O   36       -0.131033        0.528415        1.162066

     N   37        0.085872        0.033233       -0.025886
     N   37        0.033233       -0.043746       -0.056451
     N   37       -0.025886       -0.056451       -0.042127

     O   38       -1.424242        0.233413        0.107611
     O   38        0.233413        0.559745       -0.718170
     O   38        0.107611       -0.718170        0.864497

     N   39        0.343898       -0.152105       -0.397894
     N   39       -0.152105       -0.125027       -0.469894
     N   39       -0.397894       -0.469894       -0.218871

     N   40        0.000451        0.081628       -0.003191
     N   40        0.081628        0.019637        0.046498
     N   40       -0.003191        0.046498       -0.020087

     O   41        0.803464       -0.134328       -1.017430
     O   41       -0.134328       -0.474630       -0.766847
     O   41       -1.017430       -0.766847       -0.328833

     N   42        0.234820        0.465399       -0.122357
     N   42        0.465399       -0.205298        0.491635
     N   42       -0.122357        0.491635       -0.029522

     H   43        0.000000        0.000000        0.000000
     H   43        0.000000       -0.000000        0.000000
     H   43        0.000000        0.000000       -0.000000

     H   44        0.000000        0.000000        0.000000
     H   44        0.000000       -0.000000        0.000000
     H   44        0.000000        0.000000       -0.000000

     C   45       -0.065131        0.244169        0.001502
     C   45        0.244169       -0.000610       -0.151647
     C   45        0.001502       -0.151647        0.065741

     O   46        0.475121        0.919339        1.000214
     O   46        0.919339        0.132345       -0.205365
     O   46        1.000214       -0.205365       -0.607465

     H   47        0.000000        0.000000        0.000000
     H   47        0.000000       -0.000000        0.000000
     H   47        0.000000        0.000000       -0.000000

     H   48        0.000000        0.000000        0.000000
     H   48        0.000000       -0.000000        0.000000
     H   48        0.000000        0.000000       -0.000000

     C   49        0.064006        0.005769       -0.131646
     C   49        0.005769       -0.094963        0.229349
     C   49       -0.131646        0.229349        0.030957

     O   50       -1.056147        0.743605       -0.130961
     O   50        0.743605       -0.105857       -0.528273
     O   50       -0.130961       -0.528273        1.162004

     N   51        0.085870       -0.033233       -0.025886
     N   51       -0.033233       -0.043745        0.056451
     N   51       -0.025886        0.056451       -0.042125

     O   52       -1.424236       -0.233407        0.107607
     O   52       -0.233407        0.559737        0.718182
     O   52        0.107607        0.718182        0.864499

     N   53        0.343898        0.152104       -0.397891
     N   53        0.152104       -0.125027        0.469890
     N   53       -0.397891        0.469890       -0.218871

     N   54        0.000479       -0.081637       -0.003203
     N   54       -0.081637        0.019631       -0.046477
     N   54       -0.003203       -0.046477       -0.020110

     O   55        0.803535        0.134193       -1.017513
     O   55        0.134193       -0.474730        0.766727
     O   55       -1.017513        0.766727       -0.328804

     N   56        0.234818       -0.465400       -0.122358
     N   56       -0.465400       -0.205300       -0.491636
     N   56       -0.122358       -0.491636       -0.029519

     ----- total EFG -----
     N    1        0.379088        0.761718       -0.177685
     N    1        0.761718       -0.319581        0.792268
     N    1       -0.177685        0.792268       -0.059507

     O    2        1.146379       -0.173100       -1.457969
     O    2       -0.173100       -0.691320       -1.067554
     O    2       -1.457969       -1.067554       -0.455059

     N    3       -0.004888        0.110632       -0.038752
     N    3        0.110632        0.013069        0.074627
     N    3       -0.038752        0.074627       -0.008182

     N    4        0.571516       -0.229852       -0.651311
     N    4       -0.229852       -0.214395       -0.751627
     N    4       -0.651311       -0.751627       -0.357122

     O    5       -2.004173        0.321932        0.146885
     O    5        0.321932        0.783062       -1.049304
     O    5        0.146885       -1.049304        1.221111

     N    6        0.112669        0.034172       -0.015821
     N    6        0.034172       -0.049182       -0.108960
     N    6       -0.015821       -0.108960       -0.063486

     O    7       -1.490689       -1.037058       -0.202569
     O    7       -1.037058       -0.168267        0.771932
     O    7       -0.202569        0.771932        1.658957

     C    8        0.129900       -0.005602       -0.253309
     C    8       -0.005602       -0.187143       -0.435259
     C    8       -0.253309       -0.435259        0.057242

     H    9        0.113047        0.155925        0.333715
     H    9        0.155925       -0.194733        0.130619
     H    9        0.333715        0.130619        0.081686

     H   10       -0.199383       -0.158329       -0.079083
     H   10       -0.158329        0.347895        0.232542
     H   10       -0.079083        0.232542       -0.148512

     O   11        0.686949       -1.317484        1.409325
     O   11       -1.317484        0.176644        0.262282
     O   11        1.409325        0.262282       -0.863593

     C   12       -0.121702       -0.452737        0.002690
     C   12       -0.452737       -0.001561        0.284466
     C   12        0.002690        0.284466        0.123264

     H   13        0.329113        0.299984        0.198603
     H   13        0.299984       -0.120504        0.113823
     H   13        0.198603        0.113823       -0.208609

     H   14       -0.212733        0.134724       -0.158274
     H   14        0.134724        0.092342       -0.373123
     H   14       -0.158274       -0.373123        0.120391

     H   15       -0.212735       -0.134724       -0.158274
     H   15       -0.134724        0.092344        0.373124
     H   15       -0.158274        0.373124        0.120390

     H   16        0.329112       -0.299983        0.198603
     H   16       -0.299983       -0.120503       -0.113822
     H   16        0.198603       -0.113822       -0.208608

     C   17       -0.121704        0.452736        0.002688
     C   17        0.452736       -0.001560       -0.284465
     C   17        0.002688       -0.284465        0.123264

     O   18        0.686946        1.317483        1.409323
     O   18        1.317483        0.176648       -0.262284
     O   18        1.409323       -0.262284       -0.863594

     H   19       -0.199381        0.158329       -0.079083
     H   19        0.158329        0.347895       -0.232542
