
     Program QE v.5.3.0 (svn rev. 11974) starts on 23May2016 at 19:29:44 

     This program is part of the open-source Quantum ESPRESSO suite
     for quantum simulation of materials; please cite
         "P. Giannozzi et al., J. Phys.:Condens. Matter 21 395502 (2009);
          URL http://www.quantum-espresso.org", 
     in publications or presentations arising from this work. More details at
     http://www.quantum-espresso.org/quote

     Parallel version (MPI), running on    32 processors
     R & G space division:  proc/nbgrp/npool/nimage =      32

     ***** This is GIPAW svn revision unknown      *****

     Parallelizing q-star over 1 images

     Reading data from directory:
     ./scratch/scf.pbe-ec-220-kp444.HMX-792828-nofor.nostress.save

   Info: using nr1, nr2, nr3 values from input

   Info: using nr1, nr2, nr3 values from input

     IMPORTANT: XC functional enforced from input :
     Exchange-correlation      =  SLA  PW   PBX  PBC ( 1  4  3  4 0 0)
     Any further DFT definition will be discarded
     Please, verify this is what you really want

               file N.pbe-n-kjpaw_psl.1.0.0.UPF: wavefunction(s)  2S renormalized
               file C.pbe-n-kjpaw_psl.1.0.0.UPF: wavefunction(s)  2S 2P renormalized
               file H.pbe-kjpaw_psl.1.0.0.UPF: wavefunction(s)  1S renormalized
               file O.pbe-n-kjpaw_psl.1.0.0.UPF: wavefunction(s)  2S 2P renormalized

     Parallelization info
     --------------------
     sticks:   dense  smooth     PW     G-vecs:    dense   smooth      PW
     Min        1404     562    146               189850    48011    6388
     Max        1405     563    147               189854    48064    6392
     Sum       44955   18005   4683              6075291  1537253  204471


     Subspace diagonalization in iterative solution of the eigenvalue problem:
     a serial algorithm will be used

     GIPAW projectors -----------------------------------------------
     atom=  N    l=0  rc=    1.3000  rs=    0.8667
     atom=  N    l=0  rc=    1.3000  rs=    0.8667
     atom=  N    l=1  rc=    1.3500  rs=    0.9000
     atom=  N    l=1  rc=    1.3500  rs=    0.9000
     projs nearly linearly dependent: l=1  n1,n2= 1, 2  s=  0.99908189

     atom=  C    l=0  rc=    1.2000  rs=    0.8000
     atom=  C    l=0  rc=    1.2000  rs=    0.8000
     atom=  C    l=1  rc=    1.4000  rs=    0.9333
     atom=  C    l=1  rc=    1.4000  rs=    0.9333
     projs nearly linearly dependent: l=1  n1,n2= 1, 2  s=  0.99951561

     atom=  H    l=0  rc=    1.0000  rs=    0.6667
     atom=  H    l=0  rc=    1.0000  rs=    0.6667
     projs nearly linearly dependent: l=0  n1,n2= 1, 2  s=  0.99968852

     atom=  O    l=0  rc=    1.3000  rs=    0.8667
     atom=  O    l=0  rc=    1.3000  rs=    0.8667
     atom=  O    l=1  rc=    1.3500  rs=    0.9000
     atom=  O    l=1  rc=    1.3500  rs=    0.9000
     projs nearly linearly dependent: l=1  n1,n2= 1, 2  s=  0.99790100
     -----------------------------------------------------------------

     GIPAW integrals: -------------------------------------------
     Atom  i/j   nmr_para   nmr_dia   epr_rmc  epr_para   epr_dia
       N   1 1   0.67E+03 -0.31E+00  0.62E+01  0.27E+08  0.20E+03
       N   2 1   0.75E+03 -0.37E+00  0.67E+01  0.30E+08  0.23E+03
       N   2 2   0.85E+03 -0.45E+00  0.74E+01  0.35E+08  0.26E+03
       N   3 3   0.59E+01  0.56E+00  0.34E+01  0.12E+04  0.45E+02
       N   4 3   0.65E+01  0.61E+00  0.38E+01  0.13E+04  0.48E+02
       N   4 4   0.71E+01  0.67E+00  0.43E+01  0.15E+04  0.52E+02
       C   1 1   0.83E+03  0.17E-01  0.93E+01  0.24E+08  0.24E+03
       C   2 1   0.86E+03 -0.61E-01  0.94E+01  0.25E+08  0.25E+03
       C   2 2   0.90E+03 -0.15E+00  0.97E+01  0.26E+08  0.26E+03
       C   3 3   0.33E+01  0.34E+00  0.18E+01  0.55E+03  0.21E+02
       C   4 3   0.35E+01  0.37E+00  0.20E+01  0.59E+03  0.22E+02
       C   4 4   0.38E+01  0.39E+00  0.22E+01  0.63E+03  0.24E+02
       H   1 1   0.39E+02  0.19E+00  0.29E+00  0.78E+05  0.13E+02
       H   2 1   0.41E+02  0.21E+00  0.32E+00  0.82E+05  0.14E+02
       H   2 2   0.43E+02  0.22E+00  0.36E+00  0.86E+05  0.15E+02
       O   1 1   0.81E+03 -0.32E+00  0.65E+01  0.43E+08  0.24E+03
       O   2 1   0.91E+03 -0.39E+00  0.71E+01  0.48E+08  0.27E+03
       O   2 2   0.10E+04 -0.48E+00  0.78E+01  0.55E+08  0.31E+03
       O   3 3   0.99E+01  0.87E+00  0.58E+01  0.24E+04  0.75E+02
       O   4 3   0.11E+02  0.97E+00  0.67E+01  0.27E+04  0.83E+02
       O   4 4   0.12E+02  0.11E+01  0.76E+01  0.31E+04  0.93E+02
     ------------------------------------------------------------

     alpha_pv=     50.7894 eV

     Number of occupied bands for each k-point:
     k-point:     1    nbnd_occ= 112
     k-point:     2    nbnd_occ= 112
     k-point:     3    nbnd_occ= 112
     k-point:     4    nbnd_occ= 112
     k-point:     5    nbnd_occ= 112
     k-point:     6    nbnd_occ= 112
     k-point:     7    nbnd_occ= 112
     k-point:     8    nbnd_occ= 112
     k-point:     9    nbnd_occ= 112
     k-point:    10    nbnd_occ= 112
     k-point:    11    nbnd_occ= 112
     k-point:    12    nbnd_occ= 112
     k-point:    13    nbnd_occ= 112
     k-point:    14    nbnd_occ= 112
     k-point:    15    nbnd_occ= 112
     k-point:    16    nbnd_occ= 112


     GIPAW job: efg                                                                             


     ELECTRIC FIELD GRADIENTS TENSORS IN Hartree/bohrradius^2:

     ----- bare term -----
     N    1       -0.052108       -0.129706        0.157342
     N    1       -0.129706        0.058806       -0.135271
     N    1        0.157342       -0.135271       -0.006699

     O    2       -0.058478       -0.287043        0.184651
     O    2       -0.287043        0.121366       -0.242294
     O    2        0.184651       -0.242294       -0.062888

     N    3       -0.145723       -0.466146        0.646710
     N    3       -0.466146        0.557689       -0.634353
     N    3        0.646710       -0.634353       -0.411966

     N    4       -0.135040        0.083208        0.235849
     N    4        0.083208        0.062887        0.146715
     N    4        0.235849        0.146715        0.072153

     O    5       -0.134354        0.061724        0.114620
     O    5        0.061724        0.145890        0.384993
     O    5        0.114620        0.384993       -0.011536

     N    6       -0.281218        0.456669        0.099999
     N    6        0.456669        0.214534        0.967044
     N    6        0.099999        0.967044        0.066684

     O    7       -0.042133       -0.296646        0.128059
     O    7       -0.296646        0.161596       -0.393071
     O    7        0.128059       -0.393071       -0.119462

     C    8       -0.089203       -0.072789        0.108588
     C    8       -0.072789        0.012577       -0.026612
     C    8        0.108588       -0.026612        0.076626

     H    9       -0.332963       -0.245314       -0.577367
     H    9       -0.245314        0.480203       -0.124108
     H    9       -0.577367       -0.124108       -0.147240

     H   10        0.242962        0.286678        0.244518
     H   10        0.286678       -0.629649       -0.392477
     H   10        0.244518       -0.392477        0.386687

     O   11       -0.278250        0.184514        0.067759
     O   11        0.184514        0.190270        0.308349
     O   11        0.067759        0.308349        0.087979

     C   12       -0.064645       -0.048846        0.083968
     C   12       -0.048846        0.066321        0.035976
     C   12        0.083968        0.035976       -0.001676

     H   13       -0.463163       -0.410225       -0.417279
     H   13       -0.410225        0.279446       -0.196353
     H   13       -0.417279       -0.196353        0.183717

     H   14        0.286874       -0.040908        0.211677
     H   14       -0.040908       -0.053453        0.597841
     H   14        0.211677        0.597841       -0.233421

     H   15        0.286873        0.040911        0.211679
     H   15        0.040911       -0.053452       -0.597840
     H   15        0.211679       -0.597840       -0.233421

     H   16       -0.463161        0.410226       -0.417276
     H   16        0.410226        0.279443        0.196352
     H   16       -0.417276        0.196352        0.183718

     C   17       -0.064641        0.048840        0.083958
     C   17        0.048840        0.066316       -0.035981
     C   17        0.083958       -0.035981       -0.001676

     O   18       -0.278220       -0.184515        0.067746
     O   18       -0.184515        0.190235       -0.308305
     O   18        0.067746       -0.308305        0.087985

     H   19        0.242965       -0.286675        0.244521
     H   19       -0.286675       -0.629647        0.392481
     H   19        0.244521        0.392481        0.386682

     H   20       -0.332968        0.245314       -0.577366
     H   20        0.245314        0.480203        0.124108
     H   20       -0.577366        0.124108       -0.147235

     C   21       -0.089195        0.072778        0.108589
     C   21        0.072778        0.012562        0.026615
     C   21        0.108589        0.026615        0.076633

     O   22       -0.042155        0.296609        0.128048
     O   22        0.296609        0.161617        0.393070
     O   22        0.128048        0.393070       -0.119463

     N   23       -0.281208       -0.456668        0.100013
     N   23       -0.456668        0.214536       -0.967050
     N   23        0.100013       -0.967050        0.066671

     O   24       -0.134352       -0.061712        0.114623
     O   24       -0.061712        0.145883       -0.385023
     O   24        0.114623       -0.385023       -0.011532

     N   25       -0.135049       -0.083239        0.235849
     N   25       -0.083239        0.062912       -0.146761
     N   25        0.235849       -0.146761        0.072137

     N   26       -0.145728        0.466146        0.646707
     N   26        0.466146        0.557698        0.634361
     N   26        0.646707        0.634361       -0.411970

     O   27       -0.058472        0.287050        0.184661
     O   27        0.287050        0.121369        0.242300
     O   27        0.184661        0.242300       -0.062897

     N   28       -0.052099        0.129702        0.157340
     N   28        0.129702        0.058792        0.135243
     N   28        0.157340        0.135243       -0.006692

     H   29        0.286874       -0.040908        0.211677
     H   29       -0.040908       -0.053453        0.597841
     H   29        0.211677        0.597841       -0.233421

     H   30       -0.463163       -0.410225       -0.417279
     H   30       -0.410225        0.279446       -0.196353
     H   30       -0.417279       -0.196353        0.183717

     C   31       -0.064645       -0.048846        0.083968
     C   31       -0.048846        0.066321        0.035976
     C   31        0.083968        0.035976       -0.001676

     O   32       -0.278250        0.184514        0.067759
     O   32        0.184514        0.190270        0.308349
     O   32        0.067759        0.308349        0.087980

     H   33        0.242962        0.286678        0.244518
     H   33        0.286678       -0.629649       -0.392477
     H   33        0.244518       -0.392477        0.386687

     H   34       -0.332963       -0.245314       -0.577367
     H   34       -0.245314        0.480203       -0.124108
     H   34       -0.577367       -0.124108       -0.147240

     C   35       -0.089203       -0.072789        0.108588
     C   35       -0.072789        0.012577       -0.026612
     C   35        0.108588       -0.026612        0.076626

     O   36       -0.042133       -0.296646        0.128059
     O   36       -0.296646        0.161596       -0.393071
     O   36        0.128059       -0.393071       -0.119462

     N   37       -0.281218        0.456669        0.099999
     N   37        0.456669        0.214534        0.967044
     N   37        0.099999        0.967044        0.066684

     O   38       -0.134354        0.061724        0.114620
     O   38        0.061724        0.145890        0.384993
     O   38        0.114620        0.384993       -0.011536

     N   39       -0.135040        0.083208        0.235849
     N   39        0.083208        0.062887        0.146715
     N   39        0.235849        0.146715        0.072153

     N   40       -0.145723       -0.466146        0.646710
     N   40       -0.466146        0.557689       -0.634353
     N   40        0.646710       -0.634353       -0.411966

     O   41       -0.058478       -0.287043        0.184651
     O   41       -0.287043        0.121366       -0.242294
     O   41        0.184651       -0.242294       -0.062888

     N   42       -0.052108       -0.129706        0.157342
     N   42       -0.129706        0.058806       -0.135271
     N   42        0.157342       -0.135271       -0.006699

     H   43        0.286873        0.040911        0.211679
     H   43        0.040911       -0.053452       -0.597840
     H   43        0.211679       -0.597840       -0.233421

     H   44       -0.463161        0.410226       -0.417276
     H   44        0.410226        0.279443        0.196352
     H   44       -0.417276        0.196352        0.183718

     C   45       -0.064641        0.048840        0.083958
     C   45        0.048840        0.066316       -0.035981
     C   45        0.083958       -0.035981       -0.001676

     O   46       -0.278220       -0.184515        0.067746
     O   46       -0.184515        0.190235       -0.308305
     O   46        0.067746       -0.308305        0.087985

     H   47        0.242965       -0.286675        0.244521
     H   47       -0.286675       -0.629647        0.392481
     H   47        0.244521        0.392481        0.386682

     H   48       -0.332968        0.245314       -0.577366
     H   48        0.245314        0.480203        0.124108
     H   48       -0.577366        0.124108       -0.147235

     C   49       -0.089195        0.072778        0.108589
     C   49        0.072778        0.012562        0.026615
     C   49        0.108589        0.026615        0.076633

     O   50       -0.042155        0.296609        0.128048
     O   50        0.296609        0.161617        0.393070
     O   50        0.128048        0.393070       -0.119463

     N   51       -0.281208       -0.456668        0.100013
     N   51       -0.456668        0.214536       -0.967050
     N   51        0.100013       -0.967050        0.066671

     O   52       -0.134352       -0.061712        0.114623
     O   52       -0.061712        0.145883       -0.385023
     O   52        0.114623       -0.385023       -0.011532

     N   53       -0.135049       -0.083239        0.235849
     N   53       -0.083239        0.062912       -0.146761
     N   53        0.235849       -0.146761        0.072137

     N   54       -0.145728        0.466146        0.646707
     N   54        0.466146        0.557698        0.634361
     N   54        0.646707        0.634361       -0.411970

     O   55       -0.058472        0.287050        0.184661
     O   55        0.287050        0.121369        0.242301
     O   55        0.184661        0.242301       -0.062897

     N   56       -0.052099        0.129702        0.157340
     N   56        0.129702        0.058792        0.135243
     N   56        0.157340        0.135243       -0.006692

     ----- ionic term -----
     N    1        0.189583        0.429699       -0.215591
     N    1        0.429699       -0.170564        0.435351
     N    1       -0.215591        0.435351       -0.019019

     O    2        0.399826        0.245891       -0.624409
     O    2        0.245891       -0.342831       -0.060412
     O    2       -0.624409       -0.060412       -0.056995

     N    3        0.139555        0.493860       -0.682225
     N    3        0.493860       -0.563677        0.662280
     N    3       -0.682225        0.662280        0.424122

     N    4        0.357038       -0.164004       -0.495286
     N    4       -0.164004       -0.145124       -0.427209
     N    4       -0.495286       -0.427209       -0.211914

     O    5       -0.439450        0.030030       -0.072062
     O    5        0.030030        0.078425       -0.713027
     O    5       -0.072062       -0.713027        0.361025

     N    6        0.306332       -0.456389       -0.091158
     N    6       -0.456389       -0.218918       -1.019356
     N    6       -0.091158       -1.019356       -0.087414

     O    7       -0.384492       -0.001407       -0.205032
     O    7       -0.001407       -0.225775        0.630715
     O    7       -0.205032        0.630715        0.610267

     C    8        0.153334        0.074962       -0.229080
     C    8        0.074962       -0.096363       -0.176893
     C    8       -0.229080       -0.176893       -0.056971

     H    9        0.448306        0.395351        0.915123
     H    9        0.395351       -0.680881        0.249131
     H    9        0.915123        0.249131        0.232575

     H   10       -0.441713       -0.442428       -0.325653
     H   10       -0.442428        0.969416        0.631297
     H   10       -0.325653        0.631297       -0.527703

     O   11        0.484461       -0.583736        0.337454
     O   11       -0.583736       -0.137983       -0.250467
     O   11        0.337454       -0.250467       -0.346477

     C   12        0.008484       -0.160016       -0.085001
     C   12       -0.160016       -0.068066        0.092283
     C   12       -0.085001        0.092283        0.059581

     H   13        0.784489        0.707155        0.627804
     H   13        0.707155       -0.401394        0.316597
     H   13        0.627804        0.316597       -0.383095

     H   14       -0.489772        0.181001       -0.373974
     H   14        0.181001        0.146513       -0.961966
     H   14       -0.373974       -0.961966        0.343259

     H   15       -0.489772       -0.181001       -0.373974
     H   15       -0.181001        0.146513        0.961966
     H   15       -0.373974        0.961966        0.343259

     H   16        0.784489       -0.707155        0.627804
     H   16       -0.707155       -0.401394       -0.316597
     H   16        0.627804       -0.316597       -0.383095

     C   17        0.008484        0.160016       -0.085001
     C   17        0.160016       -0.068066       -0.092283
     C   17       -0.085001       -0.092283        0.059581

     O   18        0.484461        0.583736        0.337454
     O   18        0.583736       -0.137983        0.250467
     O   18        0.337454        0.250467       -0.346477

     H   19       -0.441713        0.442428       -0.325653
     H   19        0.442428        0.969416       -0.631297
     H   19       -0.325653       -0.631297       -0.527703

     H   20        0.448306       -0.395351        0.915123
     H   20       -0.395351       -0.680881       -0.249131
     H   20        0.915123       -0.249131        0.232575

     C   21        0.153334       -0.074962       -0.229080
     C   21       -0.074962       -0.096363        0.176893
     C   21       -0.229080        0.176893       -0.056971

     O   22       -0.384492        0.001407       -0.205032
     O   22        0.001407       -0.225775       -0.630715
     O   22       -0.205032       -0.630715        0.610267

     N   23        0.306332        0.456389       -0.091158
     N   23        0.456389       -0.218918        1.019356
     N   23       -0.091158        1.019356       -0.087414

     O   24       -0.439450       -0.030030       -0.072062
     O   24       -0.030030        0.078425        0.713027
     O   24       -0.072062        0.713027        0.361025

     N   25        0.357038        0.164004       -0.495286
     N   25        0.164004       -0.145124        0.427209
     N   25       -0.495286        0.427209       -0.211914

     N   26        0.139555       -0.493860       -0.682225
     N   26       -0.493860       -0.563677       -0.662280
     N   26       -0.682225       -0.662280        0.424122

     O   27        0.399826       -0.245891       -0.624409
     O   27       -0.245891       -0.342831        0.060412
     O   27       -0.624409        0.060412       -0.056995

     N   28        0.189583       -0.429699       -0.215591
     N   28       -0.429699       -0.170564       -0.435351
     N   28       -0.215591       -0.435351       -0.019019

     H   29       -0.489772        0.181001       -0.373974
     H   29        0.181001        0.146513       -0.961966
     H   29       -0.373974       -0.961966        0.343259

     H   30        0.784489        0.707155        0.627804
     H   30        0.707155       -0.401394        0.316597
     H   30        0.627804        0.316597       -0.383095

     C   31        0.008484       -0.160016       -0.085001
     C   31       -0.160016       -0.068066        0.092283
     C   31       -0.085001        0.092283        0.059581

     O   32        0.484461       -0.583736        0.337454
     O   32       -0.583736       -0.137983       -0.250467
     O   32        0.337454       -0.250467       -0.346477

     H   33       -0.441713       -0.442428       -0.325653
     H   33       -0.442428        0.969416        0.631297
     H   33       -0.325653        0.631297       -0.527703

     H   34        0.448306        0.395351        0.915123
     H   34        0.395351       -0.680881        0.249131
     H   34        0.915123        0.249131        0.232575

     C   35        0.153334        0.074962       -0.229080
     C   35        0.074962       -0.096363       -0.176893
     C   35       -0.229080       -0.176893       -0.056971

     O   36       -0.384492       -0.001407       -0.205032
     O   36       -0.001407       -0.225775        0.630715
     O   36       -0.205032        0.630715        0.610267

     N   37        0.306332       -0.456389       -0.091158
     N   37       -0.456389       -0.218918       -1.019356
     N   37       -0.091158       -1.019356       -0.087414

     O   38       -0.439450        0.030030       -0.072062
     O   38        0.030030        0.078425       -0.713027
     O   38       -0.072062       -0.713027        0.361025

     N   39        0.357038       -0.164004       -0.495286
     N   39       -0.164004       -0.145124       -0.427209
     N   39       -0.495286       -0.427209       -0.211914

     N   40        0.139555        0.493860       -0.682225
     N   40        0.493860       -0.563677        0.662280
     N   40       -0.682225        0.662280        0.424122

     O   41        0.399826        0.245891       -0.624409
     O   41        0.245891       -0.342831       -0.060412
     O   41       -0.624409       -0.060412       -0.056995

     N   42        0.189583        0.429699       -0.215591
     N   42        0.429699       -0.170564        0.435351
     N   42       -0.215591        0.435351       -0.019019

     H   43       -0.489772       -0.181001       -0.373974
     H   43       -0.181001        0.146513        0.961966
     H   43       -0.373974        0.961966        0.343259

     H   44        0.784489       -0.707155        0.627804
     H   44       -0.707155       -0.401394       -0.316597
     H   44        0.627804       -0.316597       -0.383095

     C   45        0.008484        0.160016       -0.085001
     C   45        0.160016       -0.068066       -0.092283
     C   45       -0.085001       -0.092283        0.059581

     O   46        0.484461        0.583736        0.337454
     O   46        0.583736       -0.137983        0.250467
     O   46        0.337454        0.250467       -0.346477

     H   47       -0.441713        0.442428       -0.325653
     H   47        0.442428        0.969416       -0.631297
     H   47       -0.325653       -0.631297       -0.527703

     H   48        0.448306       -0.395351        0.915123
     H   48       -0.395351       -0.680881       -0.249131
     H   48        0.915123       -0.249131        0.232575

     C   49        0.153334       -0.074962       -0.229080
     C   49       -0.074962       -0.096363        0.176893
     C   49       -0.229080        0.176893       -0.056971

     O   50       -0.384492        0.001407       -0.205032
     O   50        0.001407       -0.225775       -0.630715
     O   50       -0.205032       -0.630715        0.610267

     N   51        0.306332        0.456389       -0.091158
     N   51        0.456389       -0.218918        1.019356
     N   51       -0.091158        1.019356       -0.087414

     O   52       -0.439450       -0.030030       -0.072062
     O   52       -0.030030        0.078425        0.713027
     O   52       -0.072062        0.713027        0.361025

     N   53        0.357038        0.164004       -0.495286
     N   53        0.164004       -0.145124        0.427209
     N   53       -0.495286        0.427209       -0.211914

     N   54        0.139555       -0.493860       -0.682225
     N   54       -0.493860       -0.563677       -0.662280
     N   54       -0.682225       -0.662280        0.424122

     O   55        0.399826       -0.245891       -0.624409
     O   55       -0.245891       -0.342831        0.060412
     O   55       -0.624409        0.060412       -0.056995

     N   56        0.189583       -0.429699       -0.215591
     N   56       -0.429699       -0.170564       -0.435351
     N   56       -0.215591       -0.435351       -0.019019

     ----- GIPAW term -----
     N    1        0.222776        0.471960       -0.126215
     N    1        0.471960       -0.200855        0.490488
     N    1       -0.126215        0.490488       -0.021921

     O    2        0.798474       -0.142444       -1.014007
     O    2       -0.142444       -0.486554       -0.771544
     O    2       -1.014007       -0.771544       -0.311920

     N    3       -0.000140        0.079794       -0.001664
     N    3        0.079794        0.022740        0.044251
     N    3       -0.001664        0.044251       -0.022599

     N    4        0.333902       -0.155804       -0.408208
     N    4       -0.155804       -0.112094       -0.467267
     N    4       -0.408208       -0.467267       -0.221808

     O    5       -1.403583        0.242634        0.115642
     O    5        0.242634        0.559131       -0.701785
     O    5        0.115642       -0.701785        0.844452

     N    6        0.083469        0.034300       -0.028608
     N    6        0.034300       -0.042803       -0.051614
     N    6       -0.028608       -0.051614       -0.040666

     O    7       -1.032741       -0.754132       -0.141818
     O    7       -0.754132       -0.109019        0.509046
     O    7       -0.141818        0.509046        1.141760

     C    8        0.061707       -0.003631       -0.130849
     C    8       -0.003631       -0.085667       -0.227132
     C    8       -0.130849       -0.227132        0.023960

     H    9        0.000000        0.000000        0.000000
     H    9        0.000000       -0.000000        0.000000
     H    9        0.000000        0.000000       -0.000000

     H   10        0.000000        0.000000        0.000000
     H   10        0.000000       -0.000000        0.000000
     H   10        0.000000        0.000000       -0.000000

     O   11        0.457604       -0.916511        0.990239
     O   11       -0.916511        0.151751        0.209268
     O   11        0.990239        0.209268       -0.609355

     C   12       -0.065461       -0.244788       -0.001198
     C   12       -0.244788       -0.001142        0.145672
     C   12       -0.001198        0.145672        0.066604

     H   13        0.000000        0.000000        0.000000
     H   13        0.000000       -0.000000        0.000000
     H   13        0.000000        0.000000       -0.000000

     H   14        0.000000        0.000000        0.000000
     H   14        0.000000       -0.000000        0.000000
     H   14        0.000000        0.000000       -0.000000

     H   15        0.000000        0.000000        0.000000
     H   15        0.000000       -0.000000        0.000000
     H   15        0.000000        0.000000       -0.000000

     H   16        0.000000        0.000000        0.000000
     H   16        0.000000       -0.000000        0.000000
     H   16        0.000000        0.000000       -0.000000

     C   17       -0.065459        0.244782       -0.001208
     C   17        0.244782       -0.001146       -0.145676
     C   17       -0.001208       -0.145676        0.066605

     O   18        0.457675        0.916504        0.990204
     O   18        0.916504        0.151667       -0.209160
     O   18        0.990204       -0.209160       -0.609341

     H   19        0.000000        0.000000        0.000000
     H   19        0.000000       -0.000000        0.000000
     H   19        0.000000        0.000000       -0.000000

     H   20        0.000000        0.000000        0.000000
     H   20        0.000000       -0.000000        0.000000
     H   20        0.000000        0.000000       -0.000000

     C   21        0.061716        0.003619       -0.130848
     C   21        0.003619       -0.085683        0.227133
     C   21       -0.130848        0.227133        0.023967

     O   22       -1.032797        0.754039       -0.141847
     O   22        0.754039       -0.108965       -0.509050
     O   22       -0.141847       -0.509050        1.141762

     N   23        0.083485       -0.034299       -0.028584
     N   23       -0.034299       -0.042795        0.051605
     N   23       -0.028584        0.051605       -0.040690

     O   24       -1.403581       -0.242601        0.115648
     O   24       -0.242601        0.559115        0.701710
     O   24        0.115648        0.701710        0.844466

     N   25        0.333892        0.155754       -0.408208
     N   25        0.155754       -0.112056        0.467194
     N   25       -0.408208        0.467194       -0.221836

     N   26       -0.000147       -0.079792       -0.001671
     N   26       -0.079792        0.022750       -0.044237
     N   26       -0.001671       -0.044237       -0.022604

     O   27        0.798489        0.142460       -1.013983
     O   27        0.142460       -0.486548        0.771557
     O   27       -1.013983        0.771557       -0.311941

     N   28        0.222788       -0.471962       -0.126221
     N   28       -0.471962       -0.200876       -0.490529
     N   28       -0.126221       -0.490529       -0.021912

     H   29        0.000000        0.000000        0.000000
     H   29        0.000000       -0.000000        0.000000
     H   29        0.000000        0.000000       -0.000000

     H   30        0.000000        0.000000        0.000000
     H   30        0.000000       -0.000000        0.000000
     H   30        0.000000        0.000000       -0.000000

     C   31       -0.065461       -0.244788       -0.001198
     C   31       -0.244788       -0.001142        0.145672
     C   31       -0.001198        0.145672        0.066604

     O   32        0.457604       -0.916511        0.990239
     O   32       -0.916511        0.151751        0.209268
     O   32        0.990239        0.209268       -0.609355

     H   33        0.000000        0.000000        0.000000
     H   33        0.000000       -0.000000        0.000000
     H   33        0.000000        0.000000       -0.000000

     H   34        0.000000        0.000000        0.000000
     H   34        0.000000       -0.000000        0.000000
     H   34        0.000000        0.000000       -0.000000

     C   35        0.061707       -0.003631       -0.130849
     C   35       -0.003631       -0.085667       -0.227132
     C   35       -0.130849       -0.227132        0.023960

     O   36       -1.032741       -0.754132       -0.141818
     O   36       -0.754132       -0.109019        0.509046
     O   36       -0.141818        0.509046        1.141760

     N   37        0.083469        0.034300       -0.028608
     N   37        0.034300       -0.042803       -0.051614
     N   37       -0.028608       -0.051614       -0.040666

     O   38       -1.403583        0.242634        0.115642
     O   38        0.242634        0.559131       -0.701785
     O   38        0.115642       -0.701785        0.844452

     N   39        0.333902       -0.155804       -0.408208
     N   39       -0.155804       -0.112094       -0.467267
     N   39       -0.408208       -0.467267       -0.221808

     N   40       -0.000140        0.079794       -0.001664
     N   40        0.079794        0.022740        0.044251
     N   40       -0.001664        0.044251       -0.022599

     O   41        0.798474       -0.142444       -1.014007
     O   41       -0.142444       -0.486554       -0.771544
     O   41       -1.014007       -0.771544       -0.311920

     N   42        0.222776        0.471960       -0.126215
     N   42        0.471960       -0.200855        0.490488
     N   42       -0.126215        0.490488       -0.021921

     H   43        0.000000        0.000000        0.000000
     H   43        0.000000       -0.000000        0.000000
     H   43        0.000000        0.000000       -0.000000

     H   44        0.000000        0.000000        0.000000
     H   44        0.000000       -0.000000        0.000000
     H   44        0.000000        0.000000       -0.000000

     C   45       -0.065459        0.244782       -0.001208
     C   45        0.244782       -0.001146       -0.145676
     C   45       -0.001208       -0.145676        0.066605

     O   46        0.457675        0.916504        0.990204
     O   46        0.916504        0.151667       -0.209160
     O   46        0.990204       -0.209160       -0.609341

     H   47        0.000000        0.000000        0.000000
     H   47        0.000000       -0.000000        0.000000
     H   47        0.000000        0.000000       -0.000000

     H   48        0.000000        0.000000        0.000000
     H   48        0.000000       -0.000000        0.000000
     H   48        0.000000        0.000000       -0.000000

     C   49        0.061716        0.003619       -0.130848
     C   49        0.003619       -0.085683        0.227133
     C   49       -0.130848        0.227133        0.023967

     O   50       -1.032796        0.754039       -0.141847
     O   50        0.754039       -0.108965       -0.509050
     O   50       -0.141847       -0.509050        1.141761

     N   51        0.083485       -0.034300       -0.028584
     N   51       -0.034300       -0.042795        0.051605
     N   51       -0.028584        0.051605       -0.040690

     O   52       -1.403581       -0.242601        0.115648
     O   52       -0.242601        0.559115        0.701709
     O   52        0.115648        0.701709        0.844466

     N   53        0.333892        0.155754       -0.408208
     N   53        0.155754       -0.112056        0.467194
     N   53       -0.408208        0.467194       -0.221836

     N   54       -0.000147       -0.079792       -0.001671
     N   54       -0.079792        0.022750       -0.044237
     N   54       -0.001671       -0.044237       -0.022604

     O   55        0.798489        0.142460       -1.013983
     O   55        0.142460       -0.486548        0.771557
     O   55       -1.013983        0.771557       -0.311941

     N   56        0.222788       -0.471962       -0.126221
     N   56       -0.471962       -0.200876       -0.490529
     N   56       -0.126221       -0.490529       -0.021912

     ----- total EFG -----
     N    1        0.360251        0.771953       -0.184464
     N    1        0.771953       -0.312612        0.790568
     N    1       -0.184464        0.790568       -0.047639

     O    2        1.139822       -0.183597       -1.453765
     O    2       -0.183597       -0.708019       -1.074250
     O    2       -1.453765       -1.074250       -0.431803

     N    3       -0.006308        0.107509       -0.037179
     N    3        0.107509        0.016751        0.072178
     N    3       -0.037179        0.072178       -0.010443

     N    4        0.555900       -0.236600       -0.667645
     N    4       -0.236600       -0.194331       -0.747761
     N    4       -0.667645       -0.747761       -0.361569

     O    5       -1.977387        0.334389        0.158200
     O    5        0.334389        0.783446       -1.029818
     O    5        0.158200       -1.029818        1.193941

     N    6        0.108583        0.034580       -0.019768
     N    6        0.034580       -0.047187       -0.103926
     N    6       -0.019768       -0.103926       -0.061396

     O    7       -1.459367       -1.052184       -0.218790
     O    7       -1.052184       -0.173199        0.746690
     O    7       -0.218790        0.746690        1.632565

     C    8        0.125838       -0.001458       -0.251341
     C    8       -0.001458       -0.169453       -0.430637
     C    8       -0.251341       -0.430637        0.043615

     H    9        0.115343        0.150037        0.337756
     H    9        0.150037       -0.200678        0.125023
     H    9        0.337756        0.125023        0.085335

     H   10       -0.198751       -0.155751       -0.081134
     H   10       -0.155751        0.339766        0.238820
     H   10       -0.081134        0.238820       -0.141016

     O   11        0.663814       -1.315733        1.395452
     O   11       -1.315733        0.204038        0.267150
     O   11        1.395452        0.267150       -0.867852

     C   12       -0.121622       -0.453650       -0.002231
     C   12       -0.453650       -0.002888        0.273931
     C   12       -0.002231        0.273931        0.124510

     H   13        0.321326        0.296929        0.210526
     H   13        0.296929       -0.121948        0.120244
     H   13        0.210526        0.120244       -0.199378

     H   14       -0.202898        0.140093       -0.162297
     H   14        0.140093        0.093059       -0.364125
     H   14       -0.162297       -0.364125        0.109839

     H   15       -0.202899       -0.140089       -0.162294
     H   15       -0.140089        0.093061        0.364126
     H   15       -0.162294        0.364126        0.109838

     H   16        0.321328       -0.296929        0.210528
     H   16       -0.296929       -0.121951       -0.120245
     H   16        0.210528       -0.120245       -0.199377

     C   17       -0.121616        0.453638       -0.002252
     C   17        0.453638       -0.002895       -0.273940
     C   17       -0.002252       -0.273940        0.124511

     O   18        0.663915        1.315725        1.395404
     O   18        1.315725        0.203919       -0.266999
     O   18        1.395404       -0.266999       -0.867833

     H   19       -0.198748        0.155753       -0.081132
     H   19        0.155753        0.339769       -0.238816
     H   19       -0.081132       -0.238816       -0.141021

     H   20        0.115338       -0.150037        0.337758
     H   20       -0.150037       -0.200678       -0.125023
     H   20        0.337758       -0.125023        0.085340

     C   21        0.125855        0.001435       -0.251339
     C   21        0.001435       -0.169483        0.430641
     C   21       -0.251339        0.430641        0.043628

     O   22       -1.459443        1.052055       -0.218830
     O   22        1.052055       -0.173123       -0.746695
     O   22       -0.218830       -0.746695        1.632566

