
     Program QE v.5.3.0 (svn rev. 11974) starts on 26May2016 at 18:44:37 

     This program is part of the open-source Quantum ESPRESSO suite
     for quantum simulation of materials; please cite
         "P. Giannozzi et al., J. Phys.:Condens. Matter 21 395502 (2009);
          URL http://www.quantum-espresso.org", 
     in publications or presentations arising from this work. More details at
     http://www.quantum-espresso.org/quote

     Parallel version (MPI), running on     8 processors
     R & G space division:  proc/nbgrp/npool/nimage =       8

     ***** This is GIPAW svn revision unknown      *****

     Parallelizing q-star over 1 images

     Reading data from directory:
     ./scratch/scf.pbe.ec-100.kp-444.HMX-792934.np-8.default-conv-thr.save

   Info: using nr1, nr2, nr3 values from input

   Info: using nr1, nr2, nr3 values from input

     IMPORTANT: XC functional enforced from input :
     Exchange-correlation      =  SLA  PW   PBX  PBC ( 1  4  3  4 0 0)
     Any further DFT definition will be discarded
     Please, verify this is what you really want

               file N.pbe-n-kjpaw_psl.1.0.0.UPF: wavefunction(s)  2S renormalized
               file C.pbe-n-kjpaw_psl.1.0.0.UPF: wavefunction(s)  2S 2P renormalized
               file H.pbe-kjpaw_psl.1.0.0.UPF: wavefunction(s)  1S renormalized
               file O.pbe-n-kjpaw_psl.1.0.0.UPF: wavefunction(s)  2S 2P renormalized

     Parallelization info
     --------------------
     sticks:   dense  smooth     PW     G-vecs:    dense   smooth      PW
     Min        2513    1005    268               227909    57656    7902
     Max        2514    1006    270               227910    57676    7903
     Sum       20107    8045   2147              1823277   461339   63217


     Subspace diagonalization in iterative solution of the eigenvalue problem:
     a serial algorithm will be used

     GIPAW projectors -----------------------------------------------
     atom=  N    l=0  rc=    1.3000  rs=    0.8667
     atom=  N    l=0  rc=    1.3000  rs=    0.8667
     atom=  N    l=1  rc=    1.3500  rs=    0.9000
     atom=  N    l=1  rc=    1.3500  rs=    0.9000
     projs nearly linearly dependent: l=1  n1,n2= 1, 2  s=  0.99908189

     atom=  C    l=0  rc=    1.2000  rs=    0.8000
     atom=  C    l=0  rc=    1.2000  rs=    0.8000
     atom=  C    l=1  rc=    1.4000  rs=    0.9333
     atom=  C    l=1  rc=    1.4000  rs=    0.9333
     projs nearly linearly dependent: l=1  n1,n2= 1, 2  s=  0.99951561

     atom=  H    l=0  rc=    1.0000  rs=    0.6667
     atom=  H    l=0  rc=    1.0000  rs=    0.6667
     projs nearly linearly dependent: l=0  n1,n2= 1, 2  s=  0.99968852

     atom=  O    l=0  rc=    1.3000  rs=    0.8667
     atom=  O    l=0  rc=    1.3000  rs=    0.8667
     atom=  O    l=1  rc=    1.3500  rs=    0.9000
     atom=  O    l=1  rc=    1.3500  rs=    0.9000
     projs nearly linearly dependent: l=1  n1,n2= 1, 2  s=  0.99790100
     -----------------------------------------------------------------

     GIPAW integrals: -------------------------------------------
     Atom  i/j   nmr_para   nmr_dia   epr_rmc  epr_para   epr_dia
       N   1 1   0.67E+03 -0.31E+00  0.62E+01  0.27E+08  0.20E+03
       N   2 1   0.75E+03 -0.37E+00  0.67E+01  0.30E+08  0.23E+03
       N   2 2   0.85E+03 -0.45E+00  0.74E+01  0.35E+08  0.26E+03
       N   3 3   0.59E+01  0.56E+00  0.34E+01  0.12E+04  0.45E+02
       N   4 3   0.65E+01  0.61E+00  0.38E+01  0.13E+04  0.48E+02
       N   4 4   0.71E+01  0.67E+00  0.43E+01  0.15E+04  0.52E+02
       C   1 1   0.83E+03  0.17E-01  0.93E+01  0.24E+08  0.24E+03
       C   2 1   0.86E+03 -0.61E-01  0.94E+01  0.25E+08  0.25E+03
       C   2 2   0.90E+03 -0.15E+00  0.97E+01  0.26E+08  0.26E+03
       C   3 3   0.33E+01  0.34E+00  0.18E+01  0.55E+03  0.21E+02
       C   4 3   0.35E+01  0.37E+00  0.20E+01  0.59E+03  0.22E+02
       C   4 4   0.38E+01  0.39E+00  0.22E+01  0.63E+03  0.24E+02
       H   1 1   0.39E+02  0.19E+00  0.29E+00  0.78E+05  0.13E+02
       H   2 1   0.41E+02  0.21E+00  0.32E+00  0.82E+05  0.14E+02
       H   2 2   0.43E+02  0.22E+00  0.36E+00  0.86E+05  0.15E+02
       O   1 1   0.81E+03 -0.32E+00  0.65E+01  0.43E+08  0.24E+03
       O   2 1   0.91E+03 -0.39E+00  0.71E+01  0.48E+08  0.27E+03
       O   2 2   0.10E+04 -0.48E+00  0.78E+01  0.55E+08  0.31E+03
       O   3 3   0.99E+01  0.87E+00  0.58E+01  0.24E+04  0.75E+02
       O   4 3   0.11E+02  0.97E+00  0.67E+01  0.27E+04  0.83E+02
       O   4 4   0.12E+02  0.11E+01  0.76E+01  0.31E+04  0.93E+02
     ------------------------------------------------------------

     alpha_pv=     50.5639 eV

     Number of occupied bands for each k-point:
     k-point:     1    nbnd_occ= 112
     k-point:     2    nbnd_occ= 112
     k-point:     3    nbnd_occ= 112
     k-point:     4    nbnd_occ= 112
     k-point:     5    nbnd_occ= 112
     k-point:     6    nbnd_occ= 112
     k-point:     7    nbnd_occ= 112
     k-point:     8    nbnd_occ= 112
     k-point:     9    nbnd_occ= 112
     k-point:    10    nbnd_occ= 112
     k-point:    11    nbnd_occ= 112
     k-point:    12    nbnd_occ= 112
     k-point:    13    nbnd_occ= 112
     k-point:    14    nbnd_occ= 112
     k-point:    15    nbnd_occ= 112
     k-point:    16    nbnd_occ= 112
     k-point:    17    nbnd_occ= 112
     k-point:    18    nbnd_occ= 112
     k-point:    19    nbnd_occ= 112
     k-point:    20    nbnd_occ= 112
     k-point:    21    nbnd_occ= 112
     k-point:    22    nbnd_occ= 112
     k-point:    23    nbnd_occ= 112
     k-point:    24    nbnd_occ= 112
     k-point:    25    nbnd_occ= 112
     k-point:    26    nbnd_occ= 112
     k-point:    27    nbnd_occ= 112
     k-point:    28    nbnd_occ= 112
     k-point:    29    nbnd_occ= 112
     k-point:    30    nbnd_occ= 112
     k-point:    31    nbnd_occ= 112
     k-point:    32    nbnd_occ= 112


     GIPAW job: efg                                                                             


     ELECTRIC FIELD GRADIENTS TENSORS IN Hartree/bohrradius^2:

     ----- bare term -----
     N    1       -0.051866       -0.126426        0.145797
     N    1       -0.126426        0.058102       -0.132422
     N    1        0.145797       -0.132422       -0.006235

     O    2       -0.053438       -0.274179        0.176218
     O    2       -0.274179        0.122881       -0.235056
     O    2        0.176218       -0.235056       -0.069442

     N    3       -0.157107       -0.464683        0.623378
     N    3       -0.464683        0.557253       -0.620841
     N    3        0.623378       -0.620841       -0.400147

     N    4       -0.140454        0.087374        0.226902
     N    4        0.087374        0.065639        0.133189
     N    4        0.226902        0.133189        0.074815

     O    5       -0.150708        0.053587        0.111176
     O    5        0.053587        0.152356        0.363351
     O    5        0.111176        0.363351       -0.001648

     N    6       -0.293780        0.432777        0.090815
     N    6        0.432777        0.234859        0.941513
     N    6        0.090815        0.941513        0.058921

     O    7       -0.057021       -0.294258        0.116813
     O    7       -0.294258        0.163946       -0.376019
     O    7        0.116813       -0.376019       -0.106925

     C    8       -0.084878       -0.065809        0.098076
     C    8       -0.065809        0.005417       -0.040851
     C    8        0.098076       -0.040851        0.079461

     H    9       -0.323323       -0.259243       -0.570496
     H    9       -0.259243        0.468177       -0.138529
     H    9       -0.570496       -0.138529       -0.144854

     H   10        0.256448        0.294922        0.235720
     H   10        0.294922       -0.649568       -0.375093
     H   10        0.235720       -0.375093        0.393120

     O   11       -0.265523        0.162781        0.063151
     O   11        0.162781        0.190452        0.301664
     O   11        0.063151        0.301664        0.075071

     C   12       -0.069425       -0.046325        0.076392
     C   12       -0.046325        0.065934        0.056836
     C   12        0.076392        0.056836        0.003491

     H   13       -0.477825       -0.421173       -0.395880
     H   13       -0.421173        0.272567       -0.183473
     H   13       -0.395880       -0.183473        0.205258

     H   14        0.299578       -0.025575        0.183022
     H   14       -0.025575       -0.044733        0.609842
     H   14        0.183022        0.609842       -0.254846

     H   15        0.299582        0.025575        0.183023
     H   15        0.025575       -0.044735       -0.609844
     H   15        0.183023       -0.609844       -0.254846

     H   16       -0.477823        0.421174       -0.395879
     H   16        0.421174        0.272565        0.183472
     H   16       -0.395879        0.183472        0.205257

     C   17       -0.069424        0.046323        0.076393
     C   17        0.046323        0.065933       -0.056840
     C   17        0.076393       -0.056840        0.003492

     O   18       -0.265513       -0.162773        0.063146
     O   18       -0.162773        0.190443       -0.301646
     O   18        0.063146       -0.301646        0.075069

     H   19        0.256447       -0.294921        0.235720
     H   19       -0.294921       -0.649568        0.375095
     H   19        0.235720        0.375095        0.393121

     H   20       -0.323322        0.259245       -0.570496
     H   20        0.259245        0.468178        0.138534
     H   20       -0.570496        0.138534       -0.144855

     C   21       -0.084878        0.065810        0.098076
     C   21        0.065810        0.005418        0.040854
     C   21        0.098076        0.040854        0.079460

     O   22       -0.057001        0.294169        0.116763
     O   22        0.294169        0.163885        0.375927
     O   22        0.116763        0.375927       -0.106883

     N   23       -0.293779       -0.432776        0.090818
     N   23       -0.432776        0.234858       -0.941515
     N   23        0.090818       -0.941515        0.058921

     O   24       -0.150716       -0.053593        0.111185
     O   24       -0.053593        0.152362       -0.363378
     O   24        0.111185       -0.363378       -0.001646

     N   25       -0.140453       -0.087371        0.226901
     N   25       -0.087371        0.065638       -0.133184
     N   25        0.226901       -0.133184        0.074815

     N   26       -0.157113        0.464687        0.623382
     N   26        0.464687        0.557255        0.620839
     N   26        0.623382        0.620839       -0.400142

     O   27       -0.053477        0.274260        0.176264
     O   27        0.274260        0.122942        0.235134
     O   27        0.176264        0.235134       -0.069465

     N   28       -0.051865        0.126432        0.145799
     N   28        0.126432        0.058105        0.132436
     N   28        0.145799        0.132436       -0.006240

     H   29        0.299578       -0.025575        0.183022
     H   29       -0.025575       -0.044733        0.609842
     H   29        0.183022        0.609842       -0.254846

     H   30       -0.477825       -0.421173       -0.395880
     H   30       -0.421173        0.272567       -0.183473
     H   30       -0.395880       -0.183473        0.205258

     C   31       -0.069425       -0.046325        0.076392
     C   31       -0.046325        0.065934        0.056836
     C   31        0.076392        0.056836        0.003491

     O   32       -0.265523        0.162781        0.063151
     O   32        0.162781        0.190452        0.301664
     O   32        0.063151        0.301664        0.075071

     H   33        0.256448        0.294922        0.235720
     H   33        0.294922       -0.649568       -0.375093
     H   33        0.235720       -0.375093        0.393120

     H   34       -0.323323       -0.259243       -0.570496
     H   34       -0.259243        0.468177       -0.138529
     H   34       -0.570496       -0.138529       -0.144854

     C   35       -0.084878       -0.065809        0.098076
     C   35       -0.065809        0.005417       -0.040851
     C   35        0.098076       -0.040851        0.079461

     O   36       -0.057021       -0.294258        0.116813
     O   36       -0.294258        0.163946       -0.376019
     O   36        0.116813       -0.376019       -0.106925

     N   37       -0.293780        0.432777        0.090815
     N   37        0.432777        0.234859        0.941513
     N   37        0.090815        0.941513        0.058921

     O   38       -0.150708        0.053587        0.111176
     O   38        0.053587        0.152356        0.363351
     O   38        0.111176        0.363351       -0.001648

     N   39       -0.140454        0.087374        0.226902
     N   39        0.087374        0.065639        0.133189
     N   39        0.226902        0.133189        0.074815

     N   40       -0.157107       -0.464683        0.623378
     N   40       -0.464683        0.557253       -0.620841
     N   40        0.623378       -0.620841       -0.400147

     O   41       -0.053438       -0.274179        0.176218
     O   41       -0.274179        0.122881       -0.235056
     O   41        0.176218       -0.235056       -0.069442

     N   42       -0.051866       -0.126426        0.145797
     N   42       -0.126426        0.058102       -0.132422
     N   42        0.145797       -0.132422       -0.006235

     H   43        0.299582        0.025575        0.183023
     H   43        0.025575       -0.044735       -0.609844
     H   43        0.183023       -0.609844       -0.254846

     H   44       -0.477823        0.421174       -0.395879
     H   44        0.421174        0.272565        0.183472
     H   44       -0.395879        0.183472        0.205257

     C   45       -0.069424        0.046323        0.076393
     C   45        0.046323        0.065933       -0.056840
     C   45        0.076393       -0.056840        0.003492

     O   46       -0.265513       -0.162773        0.063146
     O   46       -0.162773        0.190443       -0.301646
     O   46        0.063146       -0.301646        0.075069

     H   47        0.256447       -0.294921        0.235720
     H   47       -0.294921       -0.649568        0.375095
     H   47        0.235720        0.375095        0.393121

     H   48       -0.323322        0.259245       -0.570496
     H   48        0.259245        0.468178        0.138534
     H   48       -0.570496        0.138534       -0.144855

     C   49       -0.084878        0.065810        0.098076
     C   49        0.065810        0.005418        0.040854
     C   49        0.098076        0.040854        0.079460

     O   50       -0.057001        0.294169        0.116763
     O   50        0.294169        0.163885        0.375927
     O   50        0.116763        0.375927       -0.106883

     N   51       -0.293779       -0.432776        0.090818
     N   51       -0.432776        0.234858       -0.941515
     N   51        0.090818       -0.941515        0.058921

     O   52       -0.150716       -0.053593        0.111185
     O   52       -0.053593        0.152362       -0.363378
     O   52        0.111185       -0.363378       -0.001646

     N   53       -0.140453       -0.087371        0.226901
     N   53       -0.087371        0.065638       -0.133184
     N   53        0.226901       -0.133184        0.074815

     N   54       -0.157113        0.464687        0.623382
     N   54        0.464687        0.557255        0.620839
     N   54        0.623382        0.620839       -0.400142

     O   55       -0.053477        0.274260        0.176264
     O   55        0.274260        0.122942        0.235134
     O   55        0.176264        0.235134       -0.069465

     N   56       -0.051865        0.126432        0.145799
     N   56        0.126432        0.058105        0.132436
     N   56        0.145799        0.132436       -0.006240

     ----- ionic term -----
     N    1        0.198312        0.422023       -0.199652
     N    1        0.422023       -0.174470        0.433574
     N    1       -0.199652        0.433574       -0.023842

     O    2        0.395619        0.234801       -0.619636
     O    2        0.234801       -0.339484       -0.064063
     O    2       -0.619636       -0.064063       -0.056135

     N    3        0.151897        0.493807       -0.658966
     N    3        0.493807       -0.564213        0.649207
     N    3       -0.658966        0.649207        0.412317

     N    4        0.369693       -0.164532       -0.478881
     N    4       -0.164532       -0.156659       -0.414930
     N    4       -0.478881       -0.414930       -0.213033

     O    5       -0.430021        0.035662       -0.075746
     O    5        0.035662        0.070296       -0.693625
     O    5       -0.075746       -0.693625        0.359725

     N    6        0.320572       -0.431258       -0.080401
     N    6       -0.431258       -0.240460       -0.994189
     N    6       -0.080401       -0.994189       -0.080111

     O    7       -0.379123        0.001323       -0.187742
     O    7        0.001323       -0.224618        0.619463
     O    7       -0.187742        0.619463        0.603742

     C    8        0.150582        0.065065       -0.220075
     C    8        0.065065       -0.099786       -0.165206
     C    8       -0.220075       -0.165206       -0.050796

     H    9        0.436364        0.416967        0.903208
     H    9        0.416967       -0.661308        0.270540
     H    9        0.903208        0.270540        0.224944

     H   10       -0.455660       -0.452821       -0.313598
     H   10       -0.452821        0.999074        0.604750
     H   10       -0.313598        0.604750       -0.543414

     O   11        0.478715       -0.560782        0.348963
     O   11       -0.560782       -0.149354       -0.245969
     O   11        0.348963       -0.245969       -0.329361

     C   12        0.013142       -0.162476       -0.074050
     C   12       -0.162476       -0.066387        0.077518
     C   12       -0.074050        0.077518        0.053245

     H   13        0.808682        0.723103        0.587862
     H   13        0.723103       -0.390825        0.294229
     H   13        0.587862        0.294229       -0.417857

     H   14       -0.516673        0.156261       -0.338633
     H   14        0.156261        0.134941       -0.986180
     H   14       -0.338633       -0.986180        0.381732

     H   15       -0.516673       -0.156261       -0.338633
     H   15       -0.156261        0.134941        0.986180
     H   15       -0.338633        0.986180        0.381732

     H   16        0.808682       -0.723103        0.587862
     H   16       -0.723103       -0.390825       -0.294229
     H   16        0.587862       -0.294229       -0.417857

     C   17        0.013142        0.162476       -0.074050
     C   17        0.162476       -0.066387       -0.077518
     C   17       -0.074050       -0.077518        0.053245

     O   18        0.478715        0.560782        0.348963
     O   18        0.560782       -0.149354        0.245969
     O   18        0.348963        0.245969       -0.329361

     H   19       -0.455660        0.452821       -0.313598
     H   19        0.452821        0.999074       -0.604750
     H   19       -0.313598       -0.604750       -0.543414

     H   20        0.436364       -0.416967        0.903208
     H   20       -0.416967       -0.661308       -0.270540
     H   20        0.903208       -0.270540        0.224944

     C   21        0.150582       -0.065065       -0.220075
     C   21       -0.065065       -0.099786        0.165206
     C   21       -0.220075        0.165206       -0.050796

     O   22       -0.379123       -0.001323       -0.187742
     O   22       -0.001323       -0.224618       -0.619463
     O   22       -0.187742       -0.619463        0.603742

     N   23        0.320572        0.431258       -0.080401
     N   23        0.431258       -0.240460        0.994189
     N   23       -0.080401        0.994189       -0.080111

     O   24       -0.430021       -0.035662       -0.075746
     O   24       -0.035662        0.070296        0.693625
     O   24       -0.075746        0.693625        0.359725

     N   25        0.369693        0.164532       -0.478881
     N   25        0.164532       -0.156659        0.414930
     N   25       -0.478881        0.414930       -0.213033

     N   26        0.151897       -0.493807       -0.658966
     N   26       -0.493807       -0.564213       -0.649207
     N   26       -0.658966       -0.649207        0.412317

     O   27        0.395619       -0.234801       -0.619636
     O   27       -0.234801       -0.339484        0.064063
     O   27       -0.619636        0.064063       -0.056135

     N   28        0.198312       -0.422023       -0.199652
     N   28       -0.422023       -0.174470       -0.433574
     N   28       -0.199652       -0.433574       -0.023842

     H   29       -0.516673        0.156261       -0.338633
     H   29        0.156261        0.134941       -0.986180
     H   29       -0.338633       -0.986180        0.381732

     H   30        0.808682        0.723103        0.587862
     H   30        0.723103       -0.390825        0.294229
     H   30        0.587862        0.294229       -0.417857

     C   31        0.013142       -0.162476       -0.074050
     C   31       -0.162476       -0.066387        0.077518
     C   31       -0.074050        0.077518        0.053245

     O   32        0.478715       -0.560782        0.348963
     O   32       -0.560782       -0.149354       -0.245969
     O   32        0.348963       -0.245969       -0.329361

     H   33       -0.455660       -0.452821       -0.313598
     H   33       -0.452821        0.999074        0.604750
     H   33       -0.313598        0.604750       -0.543414

     H   34        0.436364        0.416967        0.903208
     H   34        0.416967       -0.661308        0.270540
     H   34        0.903208        0.270540        0.224944

     C   35        0.150582        0.065065       -0.220075
     C   35        0.065065       -0.099786       -0.165206
     C   35       -0.220075       -0.165206       -0.050796

     O   36       -0.379123        0.001323       -0.187742
     O   36        0.001323       -0.224618        0.619463
     O   36       -0.187742        0.619463        0.603742

     N   37        0.320572       -0.431258       -0.080401
     N   37       -0.431258       -0.240460       -0.994189
     N   37       -0.080401       -0.994189       -0.080111

     O   38       -0.430021        0.035662       -0.075746
     O   38        0.035662        0.070296       -0.693625
     O   38       -0.075746       -0.693625        0.359725

     N   39        0.369693       -0.164532       -0.478881
     N   39       -0.164532       -0.156659       -0.414930
     N   39       -0.478881       -0.414930       -0.213033

     N   40        0.151897        0.493807       -0.658966
     N   40        0.493807       -0.564213        0.649207
     N   40       -0.658966        0.649207        0.412317

     O   41        0.395619        0.234801       -0.619636
     O   41        0.234801       -0.339484       -0.064063
     O   41       -0.619636       -0.064063       -0.056135

     N   42        0.198312        0.422023       -0.199652
     N   42        0.422023       -0.174470        0.433574
     N   42       -0.199652        0.433574       -0.023842

     H   43       -0.516673       -0.156261       -0.338633
     H   43       -0.156261        0.134941        0.986180
     H   43       -0.338633        0.986180        0.381732

     H   44        0.808682       -0.723103        0.587862
     H   44       -0.723103       -0.390825       -0.294229
     H   44        0.587862       -0.294229       -0.417857

     C   45        0.013142        0.162476       -0.074050
     C   45        0.162476       -0.066387       -0.077518
     C   45       -0.074050       -0.077518        0.053245

     O   46        0.478715        0.560782        0.348963
     O   46        0.560782       -0.149354        0.245969
     O   46        0.348963        0.245969       -0.329361

     H   47       -0.455660        0.452821       -0.313598
     H   47        0.452821        0.999074       -0.604750
     H   47       -0.313598       -0.604750       -0.543414

     H   48        0.436364       -0.416967        0.903208
     H   48       -0.416967       -0.661308       -0.270540
     H   48        0.903208       -0.270540        0.224944

     C   49        0.150582       -0.065065       -0.220075
     C   49       -0.065065       -0.099786        0.165206
     C   49       -0.220075        0.165206       -0.050796

     O   50       -0.379123       -0.001323       -0.187742
     O   50       -0.001323       -0.224618       -0.619463
     O   50       -0.187742       -0.619463        0.603742

     N   51        0.320572        0.431258       -0.080401
     N   51        0.431258       -0.240460        0.994189
     N   51       -0.080401        0.994189       -0.080111

     O   52       -0.430021       -0.035662       -0.075746
     O   52       -0.035662        0.070296        0.693625
     O   52       -0.075746        0.693625        0.359725

     N   53        0.369693        0.164532       -0.478881
     N   53        0.164532       -0.156659        0.414930
     N   53       -0.478881        0.414930       -0.213033

     N   54        0.151897       -0.493807       -0.658966
     N   54       -0.493807       -0.564213       -0.649207
     N   54       -0.658966       -0.649207        0.412317

     O   55        0.395619       -0.234801       -0.619636
     O   55       -0.234801       -0.339484        0.064063
     O   55       -0.619636        0.064063       -0.056135

     N   56        0.198312       -0.422023       -0.199652
     N   56       -0.422023       -0.174470       -0.433574
     N   56       -0.199652       -0.433574       -0.023842

     ----- GIPAW term -----
     N    1        0.238494        0.464320       -0.120367
     N    1        0.464320       -0.208828        0.492660
     N    1       -0.120367        0.492660       -0.029667

     O    2        0.802577       -0.134756       -1.026124
     O    2       -0.134756       -0.475137       -0.762995
     O    2       -1.026124       -0.762995       -0.327440

     N    3        0.001511        0.082293       -0.003956
     N    3        0.082293        0.018080        0.046936
     N    3       -0.003956        0.046936       -0.019590

     N    4        0.346504       -0.151587       -0.395575
     N    4       -0.151587       -0.127892       -0.470284
     N    4       -0.395575       -0.470284       -0.218612

     O    5       -1.426575        0.234869        0.097947
     O    5        0.234869        0.558598       -0.716745
     O    5        0.097947       -0.716745        0.867977

     N    6        0.086594        0.033194       -0.024757
     N    6        0.033194       -0.043960       -0.057301
     N    6       -0.024757       -0.057301       -0.042634

     O    7       -1.060488       -0.741704       -0.130360
     O    7       -0.741704       -0.102139        0.528887
     O    7       -0.130360        0.528887        1.162628

     C    8        0.063754       -0.006912       -0.132097
     C    8       -0.006912       -0.097161       -0.229305
     C    8       -0.132097       -0.229305        0.033407

     H    9        0.000000        0.000000        0.000000
     H    9        0.000000       -0.000000        0.000000
     H    9        0.000000        0.000000       -0.000000

     H   10        0.000000        0.000000        0.000000
     H   10        0.000000       -0.000000        0.000000
     H   10        0.000000        0.000000       -0.000000

     O   11        0.479792       -0.921091        1.007868
     O   11       -0.921091        0.124610        0.201863
     O   11        1.007868        0.201863       -0.604402

     C   12       -0.064680       -0.244270        0.002747
     C   12       -0.244270       -0.000134        0.153594
     C   12        0.002747        0.153594        0.064814

     H   13        0.000000        0.000000        0.000000
     H   13        0.000000       -0.000000        0.000000
     H   13        0.000000        0.000000       -0.000000

     H   14        0.000000        0.000000        0.000000
     H   14        0.000000       -0.000000        0.000000
     H   14        0.000000        0.000000       -0.000000

     H   15        0.000000        0.000000        0.000000
     H   15        0.000000       -0.000000        0.000000
     H   15        0.000000        0.000000       -0.000000

     H   16        0.000000        0.000000        0.000000
     H   16        0.000000       -0.000000        0.000000
     H   16        0.000000        0.000000       -0.000000

     C   17       -0.064683        0.244269        0.002748
     C   17        0.244269       -0.000134       -0.153597
     C   17        0.002748       -0.153597        0.064817

     O   18        0.479821        0.921107        1.007859
     O   18        0.921107        0.124593       -0.201828
     O   18        1.007859       -0.201828       -0.604414

     H   19        0.000000        0.000000        0.000000
     H   19        0.000000       -0.000000        0.000000
     H   19        0.000000        0.000000       -0.000000

     H   20        0.000000        0.000000        0.000000
     H   20        0.000000       -0.000000        0.000000
     H   20        0.000000        0.000000       -0.000000

     C   21        0.063754        0.006912       -0.132097
     C   21        0.006912       -0.097162        0.229304
     C   21       -0.132097        0.229304        0.033407

     O   22       -1.060440        0.741502       -0.130471
     O   22        0.741502       -0.102276       -0.529098
     O   22       -0.130471       -0.529098        1.162716

     N   23        0.086599       -0.033187       -0.024750
     N   23       -0.033187       -0.043958        0.057299
     N   23       -0.024750        0.057299       -0.042641

     O   24       -1.426591       -0.234879        0.097969
     O   24       -0.234879        0.558612        0.716690
     O   24        0.097969        0.716690        0.867979

     N   25        0.346505        0.151592       -0.395577
     N   25        0.151592       -0.127892        0.470289
     N   25       -0.395577        0.470289       -0.218613

     N   26        0.001466       -0.082277       -0.003939
     N   26       -0.082277        0.018088       -0.046963
     N   26       -0.003939       -0.046963       -0.019554

     O   27        0.802481        0.134943       -1.026021
     O   27        0.134943       -0.474999        0.763170
     O   27       -1.026021        0.763170       -0.327482

     N   28        0.238484       -0.464309       -0.120363
     N   28       -0.464309       -0.208818       -0.492649
     N   28       -0.120363       -0.492649       -0.029666

     H   29        0.000000        0.000000        0.000000
     H   29        0.000000       -0.000000        0.000000
     H   29        0.000000        0.000000       -0.000000

     H   30        0.000000        0.000000        0.000000
     H   30        0.000000       -0.000000        0.000000
     H   30        0.000000        0.000000       -0.000000

     C   31       -0.064680       -0.244270        0.002747
     C   31       -0.244270       -0.000134        0.153594
     C   31        0.002747        0.153594        0.064814

     O   32        0.479792       -0.921091        1.007868
     O   32       -0.921091        0.124610        0.201863
     O   32        1.007868        0.201863       -0.604402

     H   33        0.000000        0.000000        0.000000
     H   33        0.000000       -0.000000        0.000000
     H   33        0.000000        0.000000       -0.000000

     H   34        0.000000        0.000000        0.000000
     H   34        0.000000       -0.000000        0.000000
     H   34        0.000000        0.000000       -0.000000

     C   35        0.063754       -0.006912       -0.132097
     C   35       -0.006912       -0.097161       -0.229305
     C   35       -0.132097       -0.229305        0.033407

     O   36       -1.060488       -0.741704       -0.130360
     O   36       -0.741704       -0.102139        0.528887
     O   36       -0.130360        0.528887        1.162628

     N   37        0.086594        0.033194       -0.024757
     N   37        0.033194       -0.043960       -0.057301
     N   37       -0.024757       -0.057301       -0.042634

     O   38       -1.426575        0.234869        0.097947
     O   38        0.234869        0.558598       -0.716745
     O   38        0.097947       -0.716745        0.867977

     N   39        0.346504       -0.151587       -0.395575
     N   39       -0.151587       -0.127892       -0.470284
     N   39       -0.395575       -0.470284       -0.218612

     N   40        0.001511        0.082293       -0.003956
     N   40        0.082293        0.018080        0.046936
     N   40       -0.003956        0.046936       -0.019590

     O   41        0.802577       -0.134756       -1.026124
     O   41       -0.134756       -0.475137       -0.762995
     O   41       -1.026124       -0.762995       -0.327440

     N   42        0.238494        0.464320       -0.120367
     N   42        0.464320       -0.208828        0.492660
     N   42       -0.120367        0.492660       -0.029667

     H   43        0.000000        0.000000        0.000000
     H   43        0.000000       -0.000000        0.000000
     H   43        0.000000        0.000000       -0.000000

     H   44        0.000000        0.000000        0.000000
     H   44        0.000000       -0.000000        0.000000
     H   44        0.000000        0.000000       -0.000000

     C   45       -0.064683        0.244269        0.002748
     C   45        0.244269       -0.000134       -0.153597
     C   45        0.002748       -0.153597        0.064817

     O   46        0.479821        0.921107        1.007859
     O   46        0.921107        0.124593       -0.201828
     O   46        1.007859       -0.201828       -0.604414

     H   47        0.000000        0.000000        0.000000
     H   47        0.000000       -0.000000        0.000000
     H   47        0.000000        0.000000       -0.000000

     H   48        0.000000        0.000000        0.000000
     H   48        0.000000       -0.000000        0.000000
     H   48        0.000000        0.000000       -0.000000

     C   49        0.063754        0.006912       -0.132097
     C   49        0.006912       -0.097162        0.229304
     C   49       -0.132097        0.229304        0.033407

     O   50       -1.060440        0.741502       -0.130471
     O   50        0.741502       -0.102276       -0.529098
     O   50       -0.130471       -0.529098        1.162716

     N   51        0.086599       -0.033187       -0.024750
     N   51       -0.033187       -0.043958        0.057299
     N   51       -0.024750        0.057299       -0.042641

     O   52       -1.426591       -0.234879        0.097969
     O   52       -0.234879        0.558612        0.716690
     O   52        0.097969        0.716690        0.867979

     N   53        0.346505        0.151592       -0.395577
     N   53        0.151592       -0.127892        0.470289
     N   53       -0.395577        0.470289       -0.218613

     N   54        0.001466       -0.082277       -0.003939
     N   54       -0.082277        0.018088       -0.046963
     N   54       -0.003939       -0.046963       -0.019554

     O   55        0.802481        0.134943       -1.026021
     O   55        0.134943       -0.474999        0.763170
     O   55       -1.026021        0.763170       -0.327482

     N   56        0.238484       -0.464309       -0.120363
     N   56       -0.464309       -0.208818       -0.492649
     N   56       -0.120363       -0.492649       -0.029666

     ----- total EFG -----
     N    1        0.384940        0.759917       -0.174222
     N    1        0.759917       -0.325196        0.793812
     N    1       -0.174222        0.793812       -0.059744

     O    2        1.144757       -0.174134       -1.469542
     O    2       -0.174134       -0.691740       -1.062114
     O    2       -1.469542       -1.062114       -0.453017

     N    3       -0.003700        0.111417       -0.039543
     N    3        0.111417        0.011120        0.075302
     N    3       -0.039543        0.075302       -0.007420

     N    4        0.575743       -0.228746       -0.647554
     N    4       -0.228746       -0.218913       -0.752026
     N    4       -0.647554       -0.752026       -0.356831

     O    5       -2.007304        0.324118        0.133378
     O    5        0.324118        0.781250       -1.047018
     O    5        0.133378       -1.047018        1.226055

     N    6        0.113386        0.034713       -0.014343
     N    6        0.034713       -0.049562       -0.109977
     N    6       -0.014343       -0.109977       -0.063824

     O    7       -1.496633       -1.034639       -0.201289
     O    7       -1.034639       -0.162812        0.772331
     O    7       -0.201289        0.772331        1.659444

     C    8        0.129459       -0.007655       -0.254095
     C    8       -0.007655       -0.191530       -0.435362
     C    8       -0.254095       -0.435362        0.062072

     H    9        0.113041        0.157724        0.332712
     H    9        0.157724       -0.193131        0.132011
     H    9        0.332712        0.132011        0.080090

     H   10       -0.199212       -0.157899       -0.077878
     H   10       -0.157899        0.349506        0.229657
     H   10       -0.077878        0.229657       -0.150294

     O   11        0.692985       -1.319091        1.419981
     O   11       -1.319091        0.165708        0.257558
     O   11        1.419981        0.257558       -0.858692

     C   12       -0.120963       -0.453071        0.005089
     C   12       -0.453071       -0.000587        0.287948
     C   12        0.005089        0.287948        0.121550

     H   13        0.330857        0.301929        0.191983
     H   13        0.301929       -0.118258        0.110756
     H   13        0.191983        0.110756       -0.212599

     H   14       -0.217095        0.130686       -0.155611
     H   14        0.130686        0.090208       -0.376338
     H   14       -0.155611       -0.376338        0.126886

     H   15       -0.217091       -0.130687       -0.155610
     H   15       -0.130687        0.090206        0.376337
     H   15       -0.155610        0.376337        0.126885

     H   16        0.330859       -0.301929        0.191983
     H   16       -0.301929       -0.118260       -0.110757
     H   16        0.191983       -0.110757       -0.212599

     C   17       -0.120965        0.453068        0.005091
     C   17        0.453068       -0.000588       -0.287955
     C   17        0.005091       -0.287955        0.121554

     O   18        0.693023        1.319116        1.419968
     O   18        1.319116        0.165682       -0.257504
     O   18        1.419968       -0.257504       -0.858705

     H   19       -0.199213        0.157900       -0.077878
     H   19        0.157900        0.349506       -0.229655
