
     Program QE v.5.3.0 (svn rev. 11974) starts on 23Jul2016 at  1:12:20 

     This program is part of the open-source Quantum ESPRESSO suite
     for quantum simulation of materials; please cite
         "P. Giannozzi et al., J. Phys.:Condens. Matter 21 395502 (2009);
          URL http://www.quantum-espresso.org", 
     in publications or presentations arising from this work. More details at
     http://www.quantum-espresso.org/quote

     Parallel version (MPI), running on    32 processors
     R & G space division:  proc/nbgrp/npool/nimage =      32

     ***** This is GIPAW svn revision unknown      *****

     Parallelizing q-star over 1 images

     Reading data from directory:
     ./scratch/relax.pbe.ec-80.kp-4x2x4.HMX-792930.np-32.default-conv-thr.save

   Info: using nr1, nr2, nr3 values from input

   Info: using nr1, nr2, nr3 values from input

     IMPORTANT: XC functional enforced from input :
     Exchange-correlation      =  SLA  PW   PBX  PBC ( 1  4  3  4 0 0)
     Any further DFT definition will be discarded
     Please, verify this is what you really want

               file N.pbe-n-kjpaw_psl.1.0.0.UPF: wavefunction(s)  2S renormalized
               file C.pbe-n-kjpaw_psl.1.0.0.UPF: wavefunction(s)  2S 2P renormalized
               file H.pbe-kjpaw_psl.1.0.0.UPF: wavefunction(s)  1S renormalized
               file O.pbe-n-kjpaw_psl.1.0.0.UPF: wavefunction(s)  2S 2P renormalized

     Parallelization info
     --------------------
     sticks:   dense  smooth     PW     G-vecs:    dense   smooth      PW
     Min         511     204     54                41695    10529    1453
     Max         512     205     55                41699    10564    1457
     Sum       16365    6533   1749              1334307   337463   46553


     Subspace diagonalization in iterative solution of the eigenvalue problem:
     a serial algorithm will be used

     GIPAW projectors -----------------------------------------------
     atom=  N    l=0  rc=    1.3000  rs=    0.8667
     atom=  N    l=0  rc=    1.3000  rs=    0.8667
     atom=  N    l=1  rc=    1.3500  rs=    0.9000
     atom=  N    l=1  rc=    1.3500  rs=    0.9000
     projs nearly linearly dependent: l=1  n1,n2= 1, 2  s=  0.99908189

     atom=  C    l=0  rc=    1.2000  rs=    0.8000
     atom=  C    l=0  rc=    1.2000  rs=    0.8000
     atom=  C    l=1  rc=    1.4000  rs=    0.9333
     atom=  C    l=1  rc=    1.4000  rs=    0.9333
     projs nearly linearly dependent: l=1  n1,n2= 1, 2  s=  0.99951561

     atom=  H    l=0  rc=    1.0000  rs=    0.6667
     atom=  H    l=0  rc=    1.0000  rs=    0.6667
     projs nearly linearly dependent: l=0  n1,n2= 1, 2  s=  0.99968852

     atom=  O    l=0  rc=    1.3000  rs=    0.8667
     atom=  O    l=0  rc=    1.3000  rs=    0.8667
     atom=  O    l=1  rc=    1.3500  rs=    0.9000
     atom=  O    l=1  rc=    1.3500  rs=    0.9000
     projs nearly linearly dependent: l=1  n1,n2= 1, 2  s=  0.99790100
     -----------------------------------------------------------------

     GIPAW integrals: -------------------------------------------
     Atom  i/j   nmr_para   nmr_dia   epr_rmc  epr_para   epr_dia
       N   1 1   0.67E+03 -0.31E+00  0.62E+01  0.27E+08  0.20E+03
       N   2 1   0.75E+03 -0.37E+00  0.67E+01  0.30E+08  0.23E+03
       N   2 2   0.85E+03 -0.45E+00  0.74E+01  0.35E+08  0.26E+03
       N   3 3   0.59E+01  0.56E+00  0.34E+01  0.12E+04  0.45E+02
       N   4 3   0.65E+01  0.61E+00  0.38E+01  0.13E+04  0.48E+02
       N   4 4   0.71E+01  0.67E+00  0.43E+01  0.15E+04  0.52E+02
       C   1 1   0.83E+03  0.17E-01  0.93E+01  0.24E+08  0.24E+03
       C   2 1   0.86E+03 -0.61E-01  0.94E+01  0.25E+08  0.25E+03
       C   2 2   0.90E+03 -0.15E+00  0.97E+01  0.26E+08  0.26E+03
       C   3 3   0.33E+01  0.34E+00  0.18E+01  0.55E+03  0.21E+02
       C   4 3   0.35E+01  0.37E+00  0.20E+01  0.59E+03  0.22E+02
       C   4 4   0.38E+01  0.39E+00  0.22E+01  0.63E+03  0.24E+02
       H   1 1   0.39E+02  0.19E+00  0.29E+00  0.78E+05  0.13E+02
       H   2 1   0.41E+02  0.21E+00  0.32E+00  0.82E+05  0.14E+02
       H   2 2   0.43E+02  0.22E+00  0.36E+00  0.86E+05  0.15E+02
       O   1 1   0.81E+03 -0.32E+00  0.65E+01  0.43E+08  0.24E+03
       O   2 1   0.91E+03 -0.39E+00  0.71E+01  0.48E+08  0.27E+03
       O   2 2   0.10E+04 -0.48E+00  0.78E+01  0.55E+08  0.31E+03
       O   3 3   0.99E+01  0.87E+00  0.58E+01  0.24E+04  0.75E+02
       O   4 3   0.11E+02  0.97E+00  0.67E+01  0.27E+04  0.83E+02
       O   4 4   0.12E+02  0.11E+01  0.76E+01  0.31E+04  0.93E+02
     ------------------------------------------------------------

     alpha_pv=     50.0389 eV

     Number of occupied bands for each k-point:
     k-point:     1    nbnd_occ= 112
     k-point:     2    nbnd_occ= 112
     k-point:     3    nbnd_occ= 112
     k-point:     4    nbnd_occ= 112
     k-point:     5    nbnd_occ= 112
     k-point:     6    nbnd_occ= 112
     k-point:     7    nbnd_occ= 112
     k-point:     8    nbnd_occ= 112
     k-point:     9    nbnd_occ= 112
     k-point:    10    nbnd_occ= 112
     k-point:    11    nbnd_occ= 112
     k-point:    12    nbnd_occ= 112
     k-point:    13    nbnd_occ= 112
     k-point:    14    nbnd_occ= 112
     k-point:    15    nbnd_occ= 112
     k-point:    16    nbnd_occ= 112


     GIPAW job: efg                                                                             


     ELECTRIC FIELD GRADIENTS TENSORS IN Hartree/bohrradius^2:

     ----- bare term -----
     N    1       -0.046784       -0.113728        0.150227
     N    1       -0.113728        0.058406       -0.124401
     N    1        0.150227       -0.124401       -0.011622

     O    2       -0.036354       -0.271478        0.157711
     O    2       -0.271478        0.105069       -0.239608
     O    2        0.157711       -0.239608       -0.068715

     N    3       -0.150749       -0.451925        0.613387
     N    3       -0.451925        0.533750       -0.591728
     N    3        0.613387       -0.591728       -0.383001

     N    4       -0.129590        0.089773        0.224654
     N    4        0.089773        0.056020        0.133473
     N    4        0.224654        0.133473        0.073569

     O    5       -0.166528        0.058959        0.111533
     O    5        0.058959        0.153676        0.329206
     O    5        0.111533        0.329206        0.012852

     N    6       -0.278140        0.434153        0.096546
     N    6        0.434153        0.209051        0.903705
     N    6        0.096546        0.903705        0.069088

     O    7       -0.068285       -0.298563        0.108581
     O    7       -0.298563        0.143982       -0.350474
     O    7        0.108581       -0.350474       -0.075697

     C    8       -0.090706       -0.071409        0.167227
     C    8       -0.071409        0.045831        0.042579
     C    8        0.167227        0.042579        0.044875

     H    9       -0.268141       -0.223658       -0.524061
     H    9       -0.223658        0.427205       -0.126213
     H    9       -0.524061       -0.126213       -0.159064

     H   10        0.220745        0.259253        0.231378
     H   10        0.259253       -0.557727       -0.361462
     H   10        0.231378       -0.361462        0.336983

     O   11       -0.242830        0.145128        0.085949
     O   11        0.145128        0.178400        0.289489
     O   11        0.085949        0.289489        0.064430

     C   12       -0.047117        0.070163        0.095602
     C   12        0.070163        0.055538       -0.012858
     C   12        0.095602       -0.012858       -0.008421

     H   13       -0.417534       -0.358133       -0.351405
     H   13       -0.358133        0.255874       -0.165363
     H   13       -0.351405       -0.165363        0.161659

     H   14        0.243237        0.006290        0.157231
     H   14        0.006290       -0.048758        0.529986
     H   14        0.157231        0.529986       -0.194479

     H   15        0.243213       -0.006285        0.157231
     H   15       -0.006285       -0.048762       -0.529963
     H   15        0.157231       -0.529963       -0.194452

     H   16       -0.417548        0.358126       -0.351434
     H   16        0.358126        0.255897        0.165375
     H   16       -0.351434        0.165375        0.161651

     C   17       -0.047125       -0.070173        0.095590
     C   17       -0.070173        0.055560        0.012892
     C   17        0.095590        0.012892       -0.008435

     O   18       -0.242943       -0.145291        0.085852
     O   18       -0.145291        0.178420       -0.289569
     O   18        0.085852       -0.289569        0.064523

     H   19        0.220737       -0.259259        0.231375
     H   19       -0.259259       -0.557754        0.361430
     H   19        0.231375        0.361430        0.337017

     H   20       -0.268116        0.223666       -0.524037
     H   20        0.223666        0.427185        0.126207
     H   20       -0.524037        0.126207       -0.159069

     C   21       -0.090679        0.071411        0.167208
     C   21        0.071411        0.045802       -0.042573
     C   21        0.167208       -0.042573        0.044877

     O   22       -0.067724        0.298416        0.108939
     O   22        0.298416        0.144338        0.351156
     O   22        0.108939        0.351156       -0.076613

     N   23       -0.278437       -0.434302        0.096452
     N   23       -0.434302        0.209142       -0.903538
     N   23        0.096452       -0.903538        0.069294

     O   24       -0.166695       -0.058954        0.111519
     O   24       -0.058954        0.153734       -0.328949
     O   24        0.111519       -0.328949        0.012960

     N   25       -0.129658       -0.089812        0.224649
     N   25       -0.089812        0.056051       -0.133432
     N   25        0.224649       -0.133432        0.073607

     N   26       -0.149669        0.451554        0.612998
     N   26        0.451554        0.533572        0.592513
     N   26        0.612998        0.592513       -0.383903

     O   27       -0.035782        0.271252        0.156949
     O   27        0.271252        0.104515        0.239720
     O   27        0.156949        0.239720       -0.068733

     N   28       -0.046547        0.113633        0.150145
     N   28        0.113633        0.058342        0.124534
     N   28        0.150145        0.124534       -0.011795

     H   29        0.243237        0.006290        0.157231
     H   29        0.006290       -0.048758        0.529986
     H   29        0.157231        0.529986       -0.194479

     H   30       -0.417534       -0.358133       -0.351405
     H   30       -0.358133        0.255874       -0.165363
     H   30       -0.351405       -0.165363        0.161659

     C   31       -0.047117        0.070163        0.095602
     C   31        0.070163        0.055538       -0.012858
     C   31        0.095602       -0.012858       -0.008421

     O   32       -0.242830        0.145128        0.085949
     O   32        0.145128        0.178400        0.289489
     O   32        0.085949        0.289489        0.064430

     H   33        0.220745        0.259253        0.231378
     H   33        0.259253       -0.557727       -0.361462
     H   33        0.231378       -0.361462        0.336983

     H   34       -0.268141       -0.223658       -0.524061
     H   34       -0.223658        0.427205       -0.126213
     H   34       -0.524061       -0.126213       -0.159064

     C   35       -0.090706       -0.071409        0.167227
     C   35       -0.071409        0.045831        0.042579
     C   35        0.167227        0.042579        0.044875

     O   36       -0.068285       -0.298563        0.108581
     O   36       -0.298563        0.143982       -0.350474
     O   36        0.108581       -0.350474       -0.075697

     N   37       -0.278140        0.434153        0.096546
     N   37        0.434153        0.209051        0.903705
     N   37        0.096546        0.903705        0.069088

     O   38       -0.166528        0.058959        0.111533
     O   38        0.058959        0.153676        0.329206
     O   38        0.111533        0.329206        0.012852

     N   39       -0.129590        0.089773        0.224654
     N   39        0.089773        0.056020        0.133473
     N   39        0.224654        0.133473        0.073569

     N   40       -0.150749       -0.451925        0.613387
     N   40       -0.451925        0.533750       -0.591728
     N   40        0.613387       -0.591728       -0.383001

     O   41       -0.036354       -0.271478        0.157711
     O   41       -0.271478        0.105069       -0.239608
     O   41        0.157711       -0.239608       -0.068715

     N   42       -0.046784       -0.113728        0.150227
     N   42       -0.113728        0.058406       -0.124401
     N   42        0.150227       -0.124401       -0.011622

     H   43        0.243213       -0.006285        0.157231
     H   43       -0.006285       -0.048762       -0.529963
     H   43        0.157231       -0.529963       -0.194452

     H   44       -0.417548        0.358126       -0.351434
     H   44        0.358126        0.255897        0.165375
     H   44       -0.351434        0.165375        0.161651

     C   45       -0.047125       -0.070173        0.095590
     C   45       -0.070173        0.055560        0.012892
     C   45        0.095590        0.012892       -0.008435

     O   46       -0.242943       -0.145291        0.085852
     O   46       -0.145291        0.178420       -0.289569
     O   46        0.085852       -0.289569        0.064523

     H   47        0.220737       -0.259259        0.231375
     H   47       -0.259259       -0.557754        0.361430
     H   47        0.231375        0.361430        0.337017

     H   48       -0.268116        0.223666       -0.524037
     H   48        0.223666        0.427185        0.126207
     H   48       -0.524037        0.126207       -0.159069

     C   49       -0.090679        0.071411        0.167208
     C   49        0.071411        0.045802       -0.042573
     C   49        0.167208       -0.042573        0.044877

     O   50       -0.067724        0.298416        0.108939
     O   50        0.298416        0.144338        0.351156
     O   50        0.108939        0.351156       -0.076613

     N   51       -0.278437       -0.434302        0.096452
     N   51       -0.434302        0.209142       -0.903538
     N   51        0.096452       -0.903538        0.069294

     O   52       -0.166695       -0.058954        0.111519
     O   52       -0.058954        0.153734       -0.328949
     O   52        0.111519       -0.328949        0.012960

     N   53       -0.129658       -0.089812        0.224649
     N   53       -0.089812        0.056051       -0.133432
     N   53        0.224649       -0.133432        0.073607

     N   54       -0.149669        0.451554        0.612998
     N   54        0.451554        0.533572        0.592513
     N   54        0.612998        0.592513       -0.383903

     O   55       -0.035782        0.271252        0.156949
     O   55        0.271252        0.104515        0.239720
     O   55        0.156949        0.239720       -0.068733

     N   56       -0.046547        0.113633        0.150145
     N   56        0.113633        0.058342        0.124534
     N   56        0.150145        0.124534       -0.011795

     ----- ionic term -----
     N    1        0.184272        0.415622       -0.204399
     N    1        0.415622       -0.167385        0.421647
     N    1       -0.204399        0.421647       -0.016886

     O    2        0.385547        0.241665       -0.599330
     O    2        0.241665       -0.330360       -0.066008
     O    2       -0.599330       -0.066008       -0.055187

     N    3        0.147883        0.483881       -0.648795
     N    3        0.483881       -0.542731        0.621883
     N    3       -0.648795        0.621883        0.394849

     N    4        0.350959       -0.165467       -0.482744
     N    4       -0.165467       -0.140556       -0.406634
     N    4       -0.482744       -0.406634       -0.210403

     O    5       -0.416026        0.026911       -0.066374
     O    5        0.026911        0.076485       -0.671459
     O    5       -0.066374       -0.671459        0.339541

     N    6        0.310550       -0.434382       -0.090969
     N    6       -0.434382       -0.218029       -0.960785
     N    6       -0.090969       -0.960785       -0.092521

     O    7       -0.362538       -0.004118       -0.193373
     O    7       -0.004118       -0.216485        0.596842
     O    7       -0.193373        0.596842        0.579023

     C    8        0.147946        0.080200       -0.271656
     C    8        0.080200       -0.118133       -0.227277
     C    8       -0.271656       -0.227277       -0.029813

     H    9        0.320062        0.305346        0.705721
     H    9        0.305346       -0.537019        0.195121
     H    9        0.705721        0.195121        0.216957

     H   10       -0.326717       -0.344618       -0.281154
     H   10       -0.344618        0.737275        0.491745
     H   10       -0.281154        0.491745       -0.410559

     O   11        0.466243       -0.550892        0.324921
     O   11       -0.550892       -0.134080       -0.233323
     O   11        0.324921       -0.233323       -0.332162

     C   12       -0.002098       -0.250774       -0.094934
     C   12       -0.250774       -0.055594        0.134666
     C   12       -0.094934        0.134666        0.057691

     H   13        0.576759        0.498489        0.443643
     H   13        0.498489       -0.315116        0.220744
     H   13        0.443643        0.220744       -0.261642

     H   14       -0.346073        0.054754       -0.231431
     H   14        0.054754        0.099748       -0.709441
     H   14       -0.231431       -0.709441        0.246325

     H   15       -0.346037       -0.054745       -0.231416
     H   15       -0.054745        0.099741        0.709391
     H   15       -0.231416        0.709391        0.246296

     H   16        0.576800       -0.498504        0.443686
     H   16       -0.498504       -0.315149       -0.220766
     H   16        0.443686       -0.220766       -0.261651

     C   17       -0.002095        0.250787       -0.094916
     C   17        0.250787       -0.055612       -0.134712
     C   17       -0.094916       -0.134712        0.057706

     O   18        0.466367        0.550983        0.324971
     O   18        0.550983       -0.134129        0.233342
     O   18        0.324971        0.233342       -0.332238

     H   19       -0.326733        0.344631       -0.281155
     H   19        0.344631        0.737347       -0.491742
     H   19       -0.281155       -0.491742       -0.410614

     H   20        0.320031       -0.305354        0.705670
     H   20       -0.305354       -0.536977       -0.195118
     H   20        0.705670       -0.195118        0.216946

     C   21        0.147893       -0.080183       -0.271643
     C   21       -0.080183       -0.118090        0.227255
     C   21       -0.271643        0.227255       -0.029803

     O   22       -0.362943        0.004165       -0.193462
     O   22        0.004165       -0.216618       -0.597333
     O   22       -0.193462       -0.597333        0.579560

     N   23        0.310865        0.434537       -0.090863
     N   23        0.434537       -0.218124        0.960610
     N   23       -0.090863        0.960610       -0.092740

     O   24       -0.415929       -0.026895       -0.066343
     O   24       -0.026895        0.076460        0.671294
     O   24       -0.066343        0.671294        0.339469

     N   25        0.351033        0.165499       -0.482731
     N   25        0.165499       -0.140593        0.406600
     N   25       -0.482731        0.406600       -0.210440

     N   26        0.146729       -0.483476       -0.648380
     N   26       -0.483476       -0.542531       -0.622713
     N   26       -0.648380       -0.622713        0.395802

     O   27        0.385091       -0.241418       -0.598956
     O   27       -0.241418       -0.330079        0.065884
     O   27       -0.598956        0.065884       -0.055012

     N   28        0.184037       -0.415527       -0.204321
     N   28       -0.415527       -0.167322       -0.421791
     N   28       -0.204321       -0.421791       -0.016715

     H   29       -0.346073        0.054754       -0.231431
     H   29        0.054754        0.099748       -0.709441
     H   29       -0.231431       -0.709441        0.246325

     H   30        0.576759        0.498489        0.443643
     H   30        0.498489       -0.315116        0.220744
     H   30        0.443643        0.220744       -0.261642

     C   31       -0.002098       -0.250774       -0.094934
     C   31       -0.250774       -0.055594        0.134666
     C   31       -0.094934        0.134666        0.057691

     O   32        0.466243       -0.550892        0.324921
     O   32       -0.550892       -0.134080       -0.233323
     O   32        0.324921       -0.233323       -0.332162

     H   33       -0.326717       -0.344618       -0.281154
     H   33       -0.344618        0.737275        0.491745
     H   33       -0.281154        0.491745       -0.410559

     H   34        0.320062        0.305346        0.705721
     H   34        0.305346       -0.537019        0.195121
     H   34        0.705721        0.195121        0.216957

     C   35        0.147946        0.080200       -0.271656
     C   35        0.080200       -0.118133       -0.227277
     C   35       -0.271656       -0.227277       -0.029813

     O   36       -0.362538       -0.004118       -0.193373
     O   36       -0.004118       -0.216485        0.596842
     O   36       -0.193373        0.596842        0.579023

     N   37        0.310550       -0.434382       -0.090969
     N   37       -0.434382       -0.218029       -0.960785
     N   37       -0.090969       -0.960785       -0.092521

     O   38       -0.416026        0.026911       -0.066374
     O   38        0.026911        0.076485       -0.671459
     O   38       -0.066374       -0.671459        0.339541

     N   39        0.350959       -0.165467       -0.482744
     N   39       -0.165467       -0.140556       -0.406634
     N   39       -0.482744       -0.406634       -0.210403

     N   40        0.147883        0.483881       -0.648795
     N   40        0.483881       -0.542731        0.621883
     N   40       -0.648795        0.621883        0.394849

     O   41        0.385547        0.241665       -0.599330
     O   41        0.241665       -0.330360       -0.066008
     O   41       -0.599330       -0.066008       -0.055187

     N   42        0.184272        0.415622       -0.204399
     N   42        0.415622       -0.167385        0.421647
     N   42       -0.204399        0.421647       -0.016886

     H   43       -0.346037       -0.054745       -0.231416
     H   43       -0.054745        0.099741        0.709391
     H   43       -0.231416        0.709391        0.246296

     H   44        0.576800       -0.498504        0.443686
     H   44       -0.498504       -0.315149       -0.220766
     H   44        0.443686       -0.220766       -0.261651

     C   45       -0.002095        0.250787       -0.094916
     C   45        0.250787       -0.055612       -0.134712
     C   45       -0.094916       -0.134712        0.057706

     O   46        0.466367        0.550983        0.324971
     O   46        0.550983       -0.134129        0.233342
     O   46        0.324971        0.233342       -0.332238

     H   47       -0.326733        0.344631       -0.281155
     H   47        0.344631        0.737347       -0.491742
     H   47       -0.281155       -0.491742       -0.410614

     H   48        0.320031       -0.305354        0.705670
     H   48       -0.305354       -0.536977       -0.195118
     H   48        0.705670       -0.195118        0.216946

     C   49        0.147893       -0.080183       -0.271643
     C   49       -0.080183       -0.118090        0.227255
     C   49       -0.271643        0.227255       -0.029803

     O   50       -0.362943        0.004165       -0.193462
     O   50        0.004165       -0.216618       -0.597333
     O   50       -0.193462       -0.597333        0.579560

     N   51        0.310865        0.434537       -0.090863
     N   51        0.434537       -0.218124        0.960610
     N   51       -0.090863        0.960610       -0.092740

     O   52       -0.415929       -0.026895       -0.066343
     O   52       -0.026895        0.076460        0.671294
     O   52       -0.066343        0.671294        0.339469

     N   53        0.351033        0.165499       -0.482731
     N   53        0.165499       -0.140593        0.406600
     N   53       -0.482731        0.406600       -0.210440

     N   54        0.146729       -0.483476       -0.648380
     N   54       -0.483476       -0.542531       -0.622713
     N   54       -0.648380       -0.622713        0.395802

     O   55        0.385091       -0.241418       -0.598956
     O   55       -0.241418       -0.330079        0.065884
     O   55       -0.598956        0.065884       -0.055012

     N   56        0.184037       -0.415527       -0.204321
     N   56       -0.415527       -0.167322       -0.421791
     N   56       -0.204321       -0.421791       -0.016715

     ----- GIPAW term -----
     N    1        0.222761        0.477384       -0.123037
     N    1        0.477384       -0.196404        0.488665
     N    1       -0.123037        0.488665       -0.026358

     O    2        0.827881       -0.109099       -1.031312
     O    2       -0.109099       -0.505333       -0.778650
     O    2       -1.031312       -0.778650       -0.322547

     N    3        0.003364        0.087666       -0.010338
     N    3        0.087666        0.010821        0.055663
     N    3       -0.010338        0.055663       -0.014186

     N    4        0.337062       -0.148989       -0.408153
     N    4       -0.148989       -0.117949       -0.459044
     N    4       -0.408153       -0.459044       -0.219113

     O    5       -1.438251        0.227272        0.121183
     O    5        0.227272        0.577282       -0.760558
     O    5        0.121183       -0.760558        0.860969

     N    6        0.094459        0.026076       -0.030962
     N    6        0.026076       -0.050110       -0.073321
     N    6       -0.030962       -0.073321       -0.044348

     O    7       -1.054314       -0.766921       -0.169134
     O    7       -0.766921       -0.137505        0.547529
     O    7       -0.169134        0.547529        1.191819

     C    8        0.049861        0.002722       -0.099247
     C    8        0.002722       -0.065693       -0.185341
     C    8       -0.099247       -0.185341        0.015832

     H    9        0.000000        0.000000        0.000000
     H    9        0.000000       -0.000000        0.000000
     H    9        0.000000        0.000000       -0.000000

     H   10        0.000000        0.000000        0.000000
     H   10        0.000000       -0.000000        0.000000
     H   10        0.000000        0.000000       -0.000000

     O   11        0.513661       -0.948528        1.012199
     O   11       -0.948528        0.128015        0.196765
     O   11        1.012199        0.196765       -0.641676

     C   12       -0.048890       -0.183411        0.003938
     C   12       -0.183411       -0.001732        0.121745
     C   12        0.003938        0.121745        0.050622

     H   13        0.000000        0.000000        0.000000
     H   13        0.000000       -0.000000        0.000000
     H   13        0.000000        0.000000       -0.000000

     H   14        0.000000        0.000000        0.000000
     H   14        0.000000       -0.000000        0.000000
     H   14        0.000000        0.000000       -0.000000

     H   15        0.000000        0.000000        0.000000
     H   15        0.000000       -0.000000        0.000000
     H   15        0.000000        0.000000       -0.000000

     H   16        0.000000        0.000000        0.000000
     H   16        0.000000       -0.000000        0.000000
     H   16        0.000000        0.000000       -0.000000

     C   17       -0.048898        0.183412        0.003945
     C   17        0.183412       -0.001726       -0.121756
     C   17        0.003945       -0.121756        0.050624

     O   18        0.513651        0.948303        1.012049
     O   18        0.948303        0.127958       -0.196944
     O   18        1.012049       -0.196944       -0.641610

     H   19        0.000000        0.000000        0.000000
     H   19        0.000000       -0.000000        0.000000
     H   19        0.000000        0.000000       -0.000000

     H   20        0.000000        0.000000        0.000000
     H   20        0.000000       -0.000000        0.000000
     H   20        0.000000        0.000000       -0.000000

     C   21        0.049834       -0.002700       -0.099255
     C   21       -0.002700       -0.065683        0.185323
     C   21       -0.099255        0.185323        0.015848

     O   22       -1.053755        0.766641       -0.168353
     O   22        0.766641       -0.136841       -0.546831
     O   22       -0.168353       -0.546831        1.190595

     N   23        0.094440       -0.026091       -0.030961
     N   23       -0.026091       -0.050105        0.073337
     N   23       -0.030961        0.073337       -0.044335

     O   24       -1.438472       -0.227217        0.121226
     O   24       -0.227217        0.577371        0.760871
     O   24        0.121226        0.760871        0.861101

     N   25        0.337078        0.148978       -0.408141
     N   25        0.148978       -0.117960        0.459056
     N   25       -0.408141        0.459056       -0.219119

     N   26        0.003444       -0.087680       -0.010370
     N   26       -0.087680        0.010828       -0.055588
     N   26       -0.010370       -0.055588       -0.014272

     O   27        0.828343        0.109077       -1.032498
     O   27        0.109077       -0.506173        0.778650
     O   27       -1.032498        0.778650       -0.322170

     N   28        0.222749       -0.477378       -0.123038
     N   28       -0.477378       -0.196402       -0.488692
     N   28       -0.123038       -0.488692       -0.026346

     H   29        0.000000        0.000000        0.000000
     H   29        0.000000       -0.000000        0.000000
     H   29        0.000000        0.000000       -0.000000

     H   30        0.000000        0.000000        0.000000
     H   30        0.000000       -0.000000        0.000000
     H   30        0.000000        0.000000       -0.000000

     C   31       -0.048890       -0.183411        0.003938
     C   31       -0.183411       -0.001732        0.121745
     C   31        0.003938        0.121745        0.050622

     O   32        0.513661       -0.948528        1.012199
     O   32       -0.948528        0.128015        0.196765
     O   32        1.012199        0.196765       -0.641676

     H   33        0.000000        0.000000        0.000000
     H   33        0.000000       -0.000000        0.000000
     H   33        0.000000        0.000000       -0.000000

     H   34        0.000000        0.000000        0.000000
     H   34        0.000000       -0.000000        0.000000
     H   34        0.000000        0.000000       -0.000000

     C   35        0.049861        0.002722       -0.099247
     C   35        0.002722       -0.065693       -0.185341
     C   35       -0.099247       -0.185341        0.015832

     O   36       -1.054314       -0.766921       -0.169134
     O   36       -0.766921       -0.137505        0.547529
     O   36       -0.169134        0.547529        1.191819

     N   37        0.094459        0.026076       -0.030962
     N   37        0.026076       -0.050110       -0.073321
     N   37       -0.030962       -0.073321       -0.044348

     O   38       -1.438251        0.227272        0.121183
     O   38        0.227272        0.577282       -0.760558
     O   38        0.121183       -0.760558        0.860969

     N   39        0.337062       -0.148989       -0.408153
     N   39       -0.148989       -0.117949       -0.459044
     N   39       -0.408153       -0.459044       -0.219113

     N   40        0.003364        0.087666       -0.010338
     N   40        0.087666        0.010821        0.055663
     N   40       -0.010338        0.055663       -0.014186

     O   41        0.827881       -0.109099       -1.031312
     O   41       -0.109099       -0.505333       -0.778650
     O   41       -1.031312       -0.778650       -0.322547

     N   42        0.222761        0.477384       -0.123037
     N   42        0.477384       -0.196404        0.488665
     N   42       -0.123037        0.488665       -0.026358

     H   43        0.000000        0.000000        0.000000
     H   43        0.000000       -0.000000        0.000000
     H   43        0.000000        0.000000       -0.000000

     H   44        0.000000        0.000000        0.000000
     H   44        0.000000       -0.000000        0.000000
     H   44        0.000000        0.000000       -0.000000

     C   45       -0.048898        0.183412        0.003945
     C   45        0.183412       -0.001726       -0.121756
     C   45        0.003945       -0.121756        0.050624

     O   46        0.513651        0.948303        1.012049
     O   46        0.948303        0.127958       -0.196944
     O   46        1.012049       -0.196944       -0.641610

     H   47        0.000000        0.000000        0.000000
     H   47        0.000000       -0.000000        0.000000
     H   47        0.000000        0.000000       -0.000000

     H   48        0.000000        0.000000        0.000000
     H   48        0.000000       -0.000000        0.000000
     H   48        0.000000        0.000000       -0.000000

     C   49        0.049834       -0.002700       -0.099255
     C   49       -0.002700       -0.065683        0.185323
     C   49       -0.099255        0.185323        0.015848

     O   50       -1.053755        0.766641       -0.168353
     O   50        0.766641       -0.136841       -0.546831
     O   50       -0.168353       -0.546831        1.190595

     N   51        0.094440       -0.026091       -0.030961
     N   51       -0.026091       -0.050105        0.073337
     N   51       -0.030961        0.073337       -0.044335

     O   52       -1.438472       -0.227217        0.121226
     O   52       -0.227217        0.577371        0.760871
     O   52        0.121226        0.760871        0.861101

     N   53        0.337078        0.148978       -0.408141
     N   53        0.148978       -0.117960        0.459056
     N   53       -0.408141        0.459056       -0.219119

     N   54        0.003444       -0.087680       -0.010370
     N   54       -0.087680        0.010828       -0.055588
     N   54       -0.010370       -0.055588       -0.014272

     O   55        0.828343        0.109077       -1.032498
     O   55        0.109077       -0.506173        0.778650
     O   55       -1.032498        0.778650       -0.322170

     N   56        0.222749       -0.477378       -0.123038
     N   56       -0.477378       -0.196402       -0.488692
     N   56       -0.123038       -0.488692       -0.026346

     ----- total EFG -----
     N    1        0.360250        0.779278       -0.177209
     N    1        0.779278       -0.305383        0.785911
     N    1       -0.177209        0.785911       -0.054866

     O    2        1.177074       -0.138912       -1.472931
     O    2       -0.138912       -0.730625       -1.084266
     O    2       -1.472931       -1.084266       -0.446449

     N    3        0.000498        0.119621       -0.045746
     N    3        0.119621        0.001841        0.085818
     N    3       -0.045746        0.085818       -0.002338

     N    4        0.558431       -0.224684       -0.666243
     N    4       -0.224684       -0.202485       -0.732205
     N    4       -0.666243       -0.732205       -0.355946

     O    5       -2.020805        0.313141        0.166341
     O    5        0.313141        0.807444       -1.102811
     O    5        0.166341       -1.102811        1.213362

     N    6        0.126869        0.025847       -0.025384
     N    6        0.025847       -0.059088       -0.130401
     N    6       -0.025384       -0.130401       -0.067781

     O    7       -1.485137       -1.069603       -0.253926
     O    7       -1.069603       -0.210008        0.793897
     O    7       -0.253926        0.793897        1.695145

     C    8        0.107100        0.011513       -0.203676
     C    8        0.011513       -0.137995       -0.370039
     C    8       -0.203676       -0.370039        0.030894

     H    9        0.051922        0.081688        0.181660
     H    9        0.081688       -0.109814        0.068908
     H    9        0.181660        0.068908        0.057893

     H   10       -0.105972       -0.085365       -0.049776
     H   10       -0.085365        0.179548        0.130282
     H   10       -0.049776        0.130282       -0.073576

     O   11        0.737074       -1.354293        1.423070
     O   11       -1.354293        0.172334        0.252930
     O   11        1.423070        0.252930       -0.909408

     C   12       -0.098105       -0.364021        0.004606
     C   12       -0.364021       -0.001788        0.243553
     C   12        0.004606        0.243553        0.099893

     H   13        0.159225        0.140356        0.092237
     H   13        0.140356       -0.059242        0.055381
     H   13        0.092237        0.055381       -0.099983

     H   14       -0.102836        0.061044       -0.074201
     H   14        0.061044        0.050990       -0.179455
     H   14       -0.074201       -0.179455        0.051846

     H   15       -0.102824       -0.061029       -0.074185
     H   15       -0.061029        0.050979        0.179429
     H   15       -0.074185        0.179429        0.051845

     H   16        0.159252       -0.140378        0.092252
     H   16       -0.140378       -0.059252       -0.055391
     H   16        0.092252       -0.055391       -0.100001

     C   17       -0.098117        0.364026        0.004618
     C   17        0.364026       -0.001778       -0.243576
     C   17        0.004618       -0.243576        0.099895

     O   18        0.737075        1.353996        1.422872
     O   18        1.353996        0.172249       -0.253171
     O   18        1.422872       -0.253171       -0.909324

     H   19       -0.105996        0.085371       -0.049780
     H   19        0.085371        0.179594       -0.130312
     H   19       -0.049780       -0.130312       -0.073597

     H   20        0.051915       -0.081687        0.181633
     H   20       -0.081687       -0.109792       -0.068911
     H   20        0.181633       -0.068911        0.057878

     C   21        0.107048       -0.011473       -0.203690
     C   21       -0.011473       -0.137971        0.370004
     C   21       -0.203690        0.370004        0.030923

     O   22       -1.484421        1.069222       -0.252875
     O   22        1.069222       -0.209121       -0.793008
     O   22       -0.252875       -0.793008        1.693542

