
     Program QE v.5.3.0 (svn rev. 11974) starts on 22May2016 at 17:12:31 

     This program is part of the open-source Quantum ESPRESSO suite
     for quantum simulation of materials; please cite
         "P. Giannozzi et al., J. Phys.:Condens. Matter 21 395502 (2009);
          URL http://www.quantum-espresso.org", 
     in publications or presentations arising from this work. More details at
     http://www.quantum-espresso.org/quote

     Parallel version (MPI), running on    32 processors
     R & G space division:  proc/nbgrp/npool/nimage =      32

     ***** This is GIPAW svn revision unknown      *****

     Parallelizing q-star over 1 images

     Reading data from directory:
     ./scratch/scf.pbe-ec-180-kp444.HMX-792827-nofor.nostress.save

   Info: using nr1, nr2, nr3 values from input

   Info: using nr1, nr2, nr3 values from input

     IMPORTANT: XC functional enforced from input :
     Exchange-correlation      =  SLA  PW   PBX  PBC ( 1  4  3  4 0 0)
     Any further DFT definition will be discarded
     Please, verify this is what you really want

               file N.pbe-n-kjpaw_psl.1.0.0.UPF: wavefunction(s)  2S renormalized
               file C.pbe-n-kjpaw_psl.1.0.0.UPF: wavefunction(s)  2S 2P renormalized
               file H.pbe-kjpaw_psl.1.0.0.UPF: wavefunction(s)  1S renormalized
               file O.pbe-n-kjpaw_psl.1.0.0.UPF: wavefunction(s)  2S 2P renormalized

     Parallelization info
     --------------------
     sticks:   dense  smooth     PW     G-vecs:    dense   smooth      PW
     Min        1146     458    119               139839    35353    4732
     Max        1147     459    120               139843    35400    4737
     Sum       36703   14685   3831              4474935  1132147  151523


     Subspace diagonalization in iterative solution of the eigenvalue problem:
     a serial algorithm will be used

     GIPAW projectors -----------------------------------------------
     atom=  N    l=0  rc=    1.3000  rs=    0.8667
     atom=  N    l=0  rc=    1.3000  rs=    0.8667
     atom=  N    l=1  rc=    1.3500  rs=    0.9000
     atom=  N    l=1  rc=    1.3500  rs=    0.9000
     projs nearly linearly dependent: l=1  n1,n2= 1, 2  s=  0.99908189

     atom=  C    l=0  rc=    1.2000  rs=    0.8000
     atom=  C    l=0  rc=    1.2000  rs=    0.8000
     atom=  C    l=1  rc=    1.4000  rs=    0.9333
     atom=  C    l=1  rc=    1.4000  rs=    0.9333
     projs nearly linearly dependent: l=1  n1,n2= 1, 2  s=  0.99951561

     atom=  H    l=0  rc=    1.0000  rs=    0.6667
     atom=  H    l=0  rc=    1.0000  rs=    0.6667
     projs nearly linearly dependent: l=0  n1,n2= 1, 2  s=  0.99968852

     atom=  O    l=0  rc=    1.3000  rs=    0.8667
     atom=  O    l=0  rc=    1.3000  rs=    0.8667
     atom=  O    l=1  rc=    1.3500  rs=    0.9000
     atom=  O    l=1  rc=    1.3500  rs=    0.9000
     projs nearly linearly dependent: l=1  n1,n2= 1, 2  s=  0.99790100
     -----------------------------------------------------------------

     GIPAW integrals: -------------------------------------------
     Atom  i/j   nmr_para   nmr_dia   epr_rmc  epr_para   epr_dia
       N   1 1   0.67E+03 -0.31E+00  0.62E+01  0.27E+08  0.20E+03
       N   2 1   0.75E+03 -0.37E+00  0.67E+01  0.30E+08  0.23E+03
       N   2 2   0.85E+03 -0.45E+00  0.74E+01  0.35E+08  0.26E+03
       N   3 3   0.59E+01  0.56E+00  0.34E+01  0.12E+04  0.45E+02
       N   4 3   0.65E+01  0.61E+00  0.38E+01  0.13E+04  0.48E+02
       N   4 4   0.71E+01  0.67E+00  0.43E+01  0.15E+04  0.52E+02
       C   1 1   0.83E+03  0.17E-01  0.93E+01  0.24E+08  0.24E+03
       C   2 1   0.86E+03 -0.61E-01  0.94E+01  0.25E+08  0.25E+03
       C   2 2   0.90E+03 -0.15E+00  0.97E+01  0.26E+08  0.26E+03
       C   3 3   0.33E+01  0.34E+00  0.18E+01  0.55E+03  0.21E+02
       C   4 3   0.35E+01  0.37E+00  0.20E+01  0.59E+03  0.22E+02
       C   4 4   0.38E+01  0.39E+00  0.22E+01  0.63E+03  0.24E+02
       H   1 1   0.39E+02  0.19E+00  0.29E+00  0.78E+05  0.13E+02
       H   2 1   0.41E+02  0.21E+00  0.32E+00  0.82E+05  0.14E+02
       H   2 2   0.43E+02  0.22E+00  0.36E+00  0.86E+05  0.15E+02
       O   1 1   0.81E+03 -0.32E+00  0.65E+01  0.43E+08  0.24E+03
       O   2 1   0.91E+03 -0.39E+00  0.71E+01  0.48E+08  0.27E+03
       O   2 2   0.10E+04 -0.48E+00  0.78E+01  0.55E+08  0.31E+03
       O   3 3   0.99E+01  0.87E+00  0.58E+01  0.24E+04  0.75E+02
       O   4 3   0.11E+02  0.97E+00  0.67E+01  0.27E+04  0.83E+02
       O   4 4   0.12E+02  0.11E+01  0.76E+01  0.31E+04  0.93E+02
     ------------------------------------------------------------

     alpha_pv=     50.8991 eV

     Number of occupied bands for each k-point:
     k-point:     1    nbnd_occ= 112
     k-point:     2    nbnd_occ= 112
     k-point:     3    nbnd_occ= 112
     k-point:     4    nbnd_occ= 112
     k-point:     5    nbnd_occ= 112
     k-point:     6    nbnd_occ= 112
     k-point:     7    nbnd_occ= 112
     k-point:     8    nbnd_occ= 112
     k-point:     9    nbnd_occ= 112
     k-point:    10    nbnd_occ= 112
     k-point:    11    nbnd_occ= 112
     k-point:    12    nbnd_occ= 112
     k-point:    13    nbnd_occ= 112
     k-point:    14    nbnd_occ= 112
     k-point:    15    nbnd_occ= 112
     k-point:    16    nbnd_occ= 112


     GIPAW job: efg                                                                             


     ELECTRIC FIELD GRADIENTS TENSORS IN Hartree/bohrradius^2:

     ----- bare term -----
     N    1       -0.054821       -0.134552        0.151681
     N    1       -0.134552        0.056190       -0.136208
     N    1        0.151681       -0.136208       -0.001368

     O    2       -0.050282       -0.278718        0.178144
     O    2       -0.278718        0.119031       -0.242024
     O    2        0.178144       -0.242024       -0.068749

     N    3       -0.143515       -0.470964        0.636086
     N    3       -0.470964        0.556479       -0.642473
     N    3        0.636086       -0.642473       -0.412963

     N    4       -0.144348        0.082343        0.235740
     N    4        0.082343        0.070276        0.147251
     N    4        0.235740        0.147251        0.074072

     O    5       -0.144349        0.058941        0.114651
     O    5        0.058941        0.147350        0.369436
     O    5        0.114651        0.369436       -0.003001

     N    6       -0.293455        0.449057        0.107252
     N    6        0.449057        0.218693        0.951826
     N    6        0.107252        0.951826        0.074762

     O    7       -0.037437       -0.294939        0.133328
     O    7       -0.294939        0.170084       -0.401147
     O    7        0.133328       -0.401147       -0.132647

     C    8       -0.085821       -0.071471        0.095049
     C    8       -0.071471        0.004753       -0.049043
     C    8        0.095049       -0.049043        0.081068

     H    9       -0.336746       -0.247538       -0.586966
     H    9       -0.247538        0.487507       -0.125124
     H    9       -0.586966       -0.125124       -0.150761

     H   10        0.251448        0.290537        0.247655
     H   10        0.290537       -0.643771       -0.401100
     H   10        0.247655       -0.401100        0.392323

     O   11       -0.273101        0.179382        0.070362
     O   11        0.179382        0.188228        0.304953
     O   11        0.070362        0.304953        0.084873

     C   12       -0.022821       -0.059522        0.072940
     C   12       -0.059522        0.025407        0.037599
     C   12        0.072940        0.037599       -0.002586

     H   13       -0.407332       -0.444652       -0.413179
     H   13       -0.444652        0.221757       -0.214321
     H   13       -0.413179       -0.214321        0.185575

     H   14        0.316027       -0.024084        0.178933
     H   14       -0.024084       -0.073872        0.613269
     H   14        0.178933        0.613269       -0.242154

     H   15        0.316026        0.024087        0.178935
     H   15        0.024087       -0.073871       -0.613268
     H   15        0.178935       -0.613268       -0.242155

     H   16       -0.407330        0.444652       -0.413177
     H   16        0.444652        0.221754        0.214319
     H   16       -0.413177        0.214319        0.185577

     C   17       -0.022817        0.059516        0.072929
     C   17        0.059516        0.025403       -0.037604
     C   17        0.072929       -0.037604       -0.002586

     O   18       -0.273069       -0.179382        0.070349
     O   18       -0.179382        0.188194       -0.304909
     O   18        0.070349       -0.304909        0.084876

     H   19        0.251451       -0.290535        0.247657
     H   19       -0.290535       -0.643768        0.401105
     H   19        0.247657        0.401105        0.392317

     H   20       -0.336751        0.247538       -0.586965
     H   20        0.247538        0.487508        0.125124
     H   20       -0.586965        0.125124       -0.150756

     C   21       -0.085813        0.071461        0.095052
     C   21        0.071461        0.004738        0.049045
     C   21        0.095052        0.049045        0.081075

     O   22       -0.037460        0.294905        0.133317
     O   22        0.294905        0.170108        0.401147
     O   22        0.133317        0.401147       -0.132648

     N   23       -0.293444       -0.449053        0.107266
     N   23       -0.449053        0.218695       -0.951831
     N   23        0.107266       -0.951831        0.074749

     O   24       -0.144348       -0.058929        0.114654
     O   24       -0.058929        0.147343       -0.369465
     O   24        0.114654       -0.369465       -0.002995

     N   25       -0.144355       -0.082375        0.235742
     N   25       -0.082375        0.070296       -0.147298
     N   25        0.235742       -0.147298        0.074059

     N   26       -0.143524        0.470967        0.636084
     N   26        0.470967        0.556489        0.642481
     N   26        0.636084        0.642481       -0.412966

     O   27       -0.050278        0.278723        0.178148
     O   27        0.278723        0.119036        0.242030
     O   27        0.178148        0.242030       -0.068757

     N   28       -0.054812        0.134550        0.151679
     N   28        0.134550        0.056171        0.136181
     N   28        0.151679        0.136181       -0.001359

     H   29        0.316027       -0.024084        0.178933
     H   29       -0.024084       -0.073872        0.613269
     H   29        0.178933        0.613269       -0.242154

     H   30       -0.407332       -0.444652       -0.413179
     H   30       -0.444652        0.221757       -0.214321
     H   30       -0.413179       -0.214321        0.185575

     C   31       -0.022821       -0.059522        0.072940
     C   31       -0.059522        0.025407        0.037599
     C   31        0.072940        0.037599       -0.002586

     O   32       -0.273101        0.179382        0.070362
     O   32        0.179382        0.188228        0.304953
     O   32        0.070362        0.304953        0.084873

     H   33        0.251448        0.290537        0.247655
     H   33        0.290537       -0.643771       -0.401100
     H   33        0.247655       -0.401100        0.392323

     H   34       -0.336746       -0.247538       -0.586966
     H   34       -0.247538        0.487507       -0.125124
     H   34       -0.586966       -0.125124       -0.150761

     C   35       -0.085821       -0.071471        0.095049
     C   35       -0.071471        0.004753       -0.049043
     C   35        0.095049       -0.049043        0.081068

     O   36       -0.037437       -0.294939        0.133328
     O   36       -0.294939        0.170084       -0.401147
     O   36        0.133328       -0.401147       -0.132647

     N   37       -0.293455        0.449057        0.107252
     N   37        0.449057        0.218693        0.951826
     N   37        0.107252        0.951826        0.074762

     O   38       -0.144349        0.058941        0.114651
     O   38        0.058941        0.147350        0.369436
     O   38        0.114651        0.369436       -0.003001

     N   39       -0.144348        0.082343        0.235740
     N   39        0.082343        0.070276        0.147251
     N   39        0.235740        0.147251        0.074072

     N   40       -0.143515       -0.470964        0.636086
     N   40       -0.470964        0.556479       -0.642473
     N   40        0.636086       -0.642473       -0.412963

     O   41       -0.050282       -0.278718        0.178144
     O   41       -0.278718        0.119031       -0.242024
     O   41        0.178144       -0.242024       -0.068749

     N   42       -0.054821       -0.134552        0.151681
     N   42       -0.134552        0.056190       -0.136208
     N   42        0.151681       -0.136208       -0.001369

     H   43        0.316026        0.024087        0.178935
     H   43        0.024087       -0.073871       -0.613268
     H   43        0.178935       -0.613268       -0.242155

     H   44       -0.407330        0.444652       -0.413177
     H   44        0.444652        0.221754        0.214319
     H   44       -0.413177        0.214319        0.185577

     C   45       -0.022817        0.059516        0.072929
     C   45        0.059516        0.025403       -0.037604
     C   45        0.072929       -0.037604       -0.002586

     O   46       -0.273069       -0.179382        0.070349
     O   46       -0.179382        0.188194       -0.304909
     O   46        0.070349       -0.304909        0.084876

     H   47        0.251451       -0.290535        0.247657
     H   47       -0.290535       -0.643768        0.401105
     H   47        0.247657        0.401105        0.392317

     H   48       -0.336751        0.247538       -0.586965
     H   48        0.247538        0.487508        0.125124
     H   48       -0.586965        0.125124       -0.150756

     C   49       -0.085813        0.071461        0.095052
     C   49        0.071461        0.004738        0.049045
     C   49        0.095052        0.049045        0.081075

     O   50       -0.037460        0.294905        0.133317
     O   50        0.294905        0.170108        0.401147
     O   50        0.133317        0.401147       -0.132648

     N   51       -0.293444       -0.449053        0.107266
     N   51       -0.449053        0.218695       -0.951831
     N   51        0.107266       -0.951831        0.074749

     O   52       -0.144348       -0.058929        0.114654
     O   52       -0.058929        0.147343       -0.369465
     O   52        0.114654       -0.369465       -0.002995

     N   53       -0.144355       -0.082375        0.235742
     N   53       -0.082375        0.070296       -0.147298
     N   53        0.235742       -0.147298        0.074059

     N   54       -0.143524        0.470967        0.636084
     N   54        0.470967        0.556489        0.642481
     N   54        0.636084        0.642481       -0.412966

     O   55       -0.050278        0.278723        0.178148
     O   55        0.278723        0.119036        0.242030
     O   55        0.178148        0.242030       -0.068757

     N   56       -0.054812        0.134550        0.151679
     N   56        0.134550        0.056171        0.136181
     N   56        0.151679        0.136181       -0.001359

     ----- ionic term -----
     N    1        0.194955        0.432425       -0.209786
     N    1        0.432425       -0.170528        0.437471
     N    1       -0.209786        0.437471       -0.024427

     O    2        0.400602        0.246082       -0.618211
     O    2        0.246082       -0.339948       -0.063090
     O    2       -0.618211       -0.063090       -0.060654

     N    3        0.137823        0.499599       -0.670182
     N    3        0.499599       -0.562454        0.671251
     N    3       -0.670182        0.671251        0.424631

     N    4        0.367589       -0.163126       -0.495868
     N    4       -0.163126       -0.151866       -0.425321
     N    4       -0.495868       -0.425321       -0.215723

     O    5       -0.433935        0.033624       -0.072960
     O    5        0.033624        0.079334       -0.702938
     O    5       -0.072960       -0.702938        0.354602

     N    6        0.319767       -0.448650       -0.097820
     N    6       -0.448650       -0.223206       -1.004047
     N    6       -0.097820       -1.004047       -0.096561

     O    7       -0.389873       -0.000714       -0.204554
     O    7       -0.000714       -0.228498        0.638325
     O    7       -0.204554        0.638325        0.618370

     C    8        0.151194        0.072265       -0.217794
     C    8        0.072265       -0.089585       -0.158467
     C    8       -0.217794       -0.158467       -0.061609

     H    9        0.465584        0.413756        0.964488
     H    9        0.413756       -0.711393        0.264651
     H    9        0.964488        0.264651        0.245809

     H   10       -0.476635       -0.464403       -0.337197
     H   10       -0.464403        1.027385        0.671147
     H   10       -0.337197        0.671147       -0.550750

     O   11        0.484763       -0.579346        0.335550
     O   11       -0.579346       -0.139319       -0.246810
     O   11        0.335550       -0.246810       -0.345444

     C   12       -0.023463       -0.151729       -0.075229
     C   12       -0.151729       -0.036244        0.092851
     C   12       -0.075229        0.092851        0.059707

     H   13        0.695319        0.764844        0.618272
     H   13        0.764844       -0.309361        0.345339
     H   13        0.618272        0.345339       -0.385959

     H   14       -0.537899        0.154935       -0.330275
     H   14        0.154935        0.178396       -0.993601
     H   14       -0.330275       -0.993601        0.359502

     H   15       -0.537899       -0.154935       -0.330275
     H   15       -0.154935        0.178396        0.993601
     H   15       -0.330275        0.993601        0.359502

     H   16        0.695319       -0.764844        0.618272
     H   16       -0.764844       -0.309361       -0.345339
     H   16        0.618272       -0.345339       -0.385959

     C   17       -0.023463        0.151729       -0.075229
     C   17        0.151729       -0.036244       -0.092851
     C   17       -0.075229       -0.092851        0.059707

     O   18        0.484763        0.579346        0.335550
     O   18        0.579346       -0.139319        0.246810
     O   18        0.335550        0.246810       -0.345444

     H   19       -0.476635        0.464403       -0.337197
     H   19        0.464403        1.027385       -0.671147
     H   19       -0.337197       -0.671147       -0.550750

     H   20        0.465584       -0.413756        0.964488
     H   20       -0.413756       -0.711393       -0.264651
     H   20        0.964488       -0.264651        0.245809

     C   21        0.151194       -0.072265       -0.217794
     C   21       -0.072265       -0.089585        0.158467
     C   21       -0.217794        0.158467       -0.061609

     O   22       -0.389873        0.000714       -0.204554
     O   22        0.000714       -0.228498       -0.638325
     O   22       -0.204554       -0.638325        0.618370

     N   23        0.319767        0.448650       -0.097820
     N   23        0.448650       -0.223206        1.004047
     N   23       -0.097820        1.004047       -0.096561

     O   24       -0.433935       -0.033624       -0.072960
     O   24       -0.033624        0.079334        0.702938
     O   24       -0.072960        0.702938        0.354602

     N   25        0.367589        0.163126       -0.495868
     N   25        0.163126       -0.151866        0.425321
     N   25       -0.495868        0.425321       -0.215723

     N   26        0.137823       -0.499599       -0.670182
     N   26       -0.499599       -0.562454       -0.671251
     N   26       -0.670182       -0.671251        0.424631

     O   27        0.400602       -0.246082       -0.618211
     O   27       -0.246082       -0.339948        0.063090
     O   27       -0.618211        0.063090       -0.060654

     N   28        0.194955       -0.432425       -0.209786
     N   28       -0.432425       -0.170528       -0.437471
     N   28       -0.209786       -0.437471       -0.024427

     H   29       -0.537899        0.154935       -0.330275
     H   29        0.154935        0.178396       -0.993601
     H   29       -0.330275       -0.993601        0.359502

     H   30        0.695319        0.764844        0.618272
     H   30        0.764844       -0.309361        0.345339
     H   30        0.618272        0.345339       -0.385959

     C   31       -0.023463       -0.151729       -0.075229
     C   31       -0.151729       -0.036244        0.092851
     C   31       -0.075229        0.092851        0.059707

     O   32        0.484763       -0.579346        0.335550
     O   32       -0.579346       -0.139319       -0.246810
     O   32        0.335550       -0.246810       -0.345444

     H   33       -0.476635       -0.464403       -0.337197
     H   33       -0.464403        1.027385        0.671147
     H   33       -0.337197        0.671147       -0.550750

     H   34        0.465584        0.413756        0.964488
     H   34        0.413756       -0.711393        0.264651
     H   34        0.964488        0.264651        0.245809

     C   35        0.151194        0.072265       -0.217794
     C   35        0.072265       -0.089585       -0.158467
     C   35       -0.217794       -0.158467       -0.061609

     O   36       -0.389873       -0.000714       -0.204554
     O   36       -0.000714       -0.228498        0.638325
     O   36       -0.204554        0.638325        0.618370

     N   37        0.319767       -0.448650       -0.097820
     N   37       -0.448650       -0.223206       -1.004047
     N   37       -0.097820       -1.004047       -0.096561

     O   38       -0.433935        0.033624       -0.072960
     O   38        0.033624        0.079334       -0.702938
     O   38       -0.072960       -0.702938        0.354602

     N   39        0.367589       -0.163126       -0.495868
     N   39       -0.163126       -0.151866       -0.425321
     N   39       -0.495868       -0.425321       -0.215723

     N   40        0.137823        0.499599       -0.670182
     N   40        0.499599       -0.562454        0.671251
     N   40       -0.670182        0.671251        0.424631

     O   41        0.400602        0.246082       -0.618211
     O   41        0.246082       -0.339948       -0.063090
     O   41       -0.618211       -0.063090       -0.060654

     N   42        0.194955        0.432425       -0.209786
     N   42        0.432425       -0.170528        0.437471
     N   42       -0.209786        0.437471       -0.024427

     H   43       -0.537899       -0.154935       -0.330275
     H   43       -0.154935        0.178396        0.993601
     H   43       -0.330275        0.993601        0.359502

     H   44        0.695319       -0.764844        0.618272
     H   44       -0.764844       -0.309361       -0.345339
     H   44        0.618272       -0.345339       -0.385959

     C   45       -0.023463        0.151729       -0.075229
     C   45        0.151729       -0.036244       -0.092851
     C   45       -0.075229       -0.092851        0.059707

     O   46        0.484763        0.579346        0.335550
     O   46        0.579346       -0.139319        0.246810
     O   46        0.335550        0.246810       -0.345444

     H   47       -0.476635        0.464403       -0.337197
     H   47        0.464403        1.027385       -0.671147
     H   47       -0.337197       -0.671147       -0.550750

     H   48        0.465584       -0.413756        0.964488
     H   48       -0.413756       -0.711393       -0.264651
     H   48        0.964488       -0.264651        0.245809

     C   49        0.151194       -0.072265       -0.217794
     C   49       -0.072265       -0.089585        0.158467
     C   49       -0.217794        0.158467       -0.061609

     O   50       -0.389873        0.000714       -0.204554
     O   50        0.000714       -0.228498       -0.638325
     O   50       -0.204554       -0.638325        0.618370

     N   51        0.319767        0.448650       -0.097820
     N   51        0.448650       -0.223206        1.004047
     N   51       -0.097820        1.004047       -0.096561

     O   52       -0.433935       -0.033624       -0.072960
     O   52       -0.033624        0.079334        0.702938
     O   52       -0.072960        0.702938        0.354602

     N   53        0.367589        0.163126       -0.495868
     N   53        0.163126       -0.151866        0.425321
     N   53       -0.495868        0.425321       -0.215723

     N   54        0.137823       -0.499599       -0.670182
     N   54       -0.499599       -0.562454       -0.671251
     N   54       -0.670182       -0.671251        0.424631

     O   55        0.400602       -0.246082       -0.618211
     O   55       -0.246082       -0.339948        0.063090
     O   55       -0.618211        0.063090       -0.060654

     N   56        0.194955       -0.432425       -0.209786
     N   56       -0.432425       -0.170528       -0.437471
     N   56       -0.209786       -0.437471       -0.024427

     ----- GIPAW term -----
     N    1        0.226423        0.468285       -0.124733
     N    1        0.468285       -0.204168        0.493137
     N    1       -0.124733        0.493137       -0.022255

     O    2        0.822279       -0.119370       -1.015827
     O    2       -0.119370       -0.485659       -0.777428
     O    2       -1.015827       -0.777428       -0.336620

     N    3        0.003139        0.081216       -0.000020
     N    3        0.081216        0.022139        0.043082
     N    3       -0.000020        0.043082       -0.025279

     N    4        0.333210       -0.156354       -0.409731
     N    4       -0.156354       -0.108517       -0.462905
     N    4       -0.409731       -0.462905       -0.224693

     O    5       -1.417594        0.244011        0.113531
     O    5        0.244011        0.565306       -0.721270
     O    5        0.113531       -0.721270        0.852289

     N    6        0.083719        0.033018       -0.026700
     N    6        0.033018       -0.042547       -0.054620
     N    6       -0.026700       -0.054620       -0.041172

     O    7       -1.031627       -0.747307       -0.125085
     O    7       -0.747307       -0.092221        0.503530
     O    7       -0.125085        0.503530        1.123847

     C    8        0.065137       -0.004485       -0.138236
     C    8       -0.004485       -0.090292       -0.239070
     C    8       -0.138236       -0.239070        0.025155

     H    9        0.000000        0.000000        0.000000
     H    9        0.000000       -0.000000        0.000000
     H    9        0.000000        0.000000       -0.000000

     H   10        0.000000        0.000000        0.000000
     H   10        0.000000       -0.000000        0.000000
     H   10        0.000000        0.000000       -0.000000

     O   11        0.472986       -0.920392        0.992636
     O   11       -0.920392        0.142761        0.208513
     O   11        0.992636        0.208513       -0.615747

     C   12       -0.052088       -0.247910       -0.002782
     C   12       -0.247910       -0.013649        0.149336
     C   12       -0.002782        0.149336        0.065737

     H   13        0.000000        0.000000        0.000000
     H   13        0.000000       -0.000000        0.000000
     H   13        0.000000        0.000000       -0.000000

     H   14        0.000000        0.000000        0.000000
     H   14        0.000000       -0.000000        0.000000
     H   14        0.000000        0.000000       -0.000000

     H   15        0.000000        0.000000        0.000000
     H   15        0.000000       -0.000000        0.000000
     H   15        0.000000        0.000000       -0.000000

     H   16        0.000000        0.000000        0.000000
     H   16        0.000000       -0.000000        0.000000
     H   16        0.000000        0.000000       -0.000000

     C   17       -0.052086        0.247904       -0.002792
     C   17        0.247904       -0.013652       -0.149339
     C   17       -0.002792       -0.149339        0.065738

     O   18        0.473061        0.920384        0.992603
     O   18        0.920384        0.142679       -0.208407
     O   18        0.992603       -0.208407       -0.615739

     H   19        0.000000        0.000000        0.000000
     H   19        0.000000       -0.000000        0.000000
     H   19        0.000000        0.000000       -0.000000

     H   20        0.000000        0.000000        0.000000
     H   20        0.000000       -0.000000        0.000000
     H   20        0.000000        0.000000       -0.000000

     C   21        0.065147        0.004474       -0.138236
     C   21        0.004474       -0.090308        0.239071
     C   21       -0.138236        0.239071        0.025162

     O   22       -1.031683        0.747219       -0.125115
     O   22        0.747219       -0.092162       -0.503533
     O   22       -0.125115       -0.503533        1.123845

     N   23        0.083736       -0.033016       -0.026675
     N   23       -0.033016       -0.042540        0.054614
     N   23       -0.026675        0.054614       -0.041196

     O   24       -1.417593       -0.243981        0.113538
     O   24       -0.243981        0.565289        0.721196
     O   24        0.113538        0.721196        0.852305

     N   25        0.333202        0.156301       -0.409729
     N   25        0.156301       -0.108485        0.462830
     N   25       -0.409729        0.462830       -0.224717

     N   26        0.003128       -0.081208       -0.000022
     N   26       -0.081208        0.022152       -0.043068
     N   26       -0.000022       -0.043068       -0.025280

     O   27        0.822292        0.119380       -1.015817
     O   27        0.119380       -0.485652        0.777443
     O   27       -1.015817        0.777443       -0.336641

     N   28        0.226437       -0.468288       -0.124738
     N   28       -0.468288       -0.204195       -0.493179
     N   28       -0.124738       -0.493179       -0.022242

     H   29        0.000000        0.000000        0.000000
     H   29        0.000000       -0.000000        0.000000
     H   29        0.000000        0.000000       -0.000000

     H   30        0.000000        0.000000        0.000000
     H   30        0.000000       -0.000000        0.000000
     H   30        0.000000        0.000000       -0.000000

     C   31       -0.052088       -0.247910       -0.002782
     C   31       -0.247910       -0.013649        0.149336
     C   31       -0.002782        0.149336        0.065737

     O   32        0.472986       -0.920392        0.992636
     O   32       -0.920392        0.142761        0.208513
     O   32        0.992636        0.208513       -0.615747

     H   33        0.000000        0.000000        0.000000
     H   33        0.000000       -0.000000        0.000000
     H   33        0.000000        0.000000       -0.000000

     H   34        0.000000        0.000000        0.000000
     H   34        0.000000       -0.000000        0.000000
     H   34        0.000000        0.000000       -0.000000

     C   35        0.065137       -0.004485       -0.138236
     C   35       -0.004485       -0.090292       -0.239070
     C   35       -0.138236       -0.239070        0.025155

     O   36       -1.031626       -0.747307       -0.125085
     O   36       -0.747307       -0.092221        0.503530
     O   36       -0.125085        0.503530        1.123847

     N   37        0.083719        0.033018       -0.026700
     N   37        0.033018       -0.042547       -0.054620
     N   37       -0.026700       -0.054620       -0.041172

     O   38       -1.417594        0.244011        0.113531
     O   38        0.244011        0.565305       -0.721269
     O   38        0.113531       -0.721269        0.852289

     N   39        0.333210       -0.156354       -0.409731
     N   39       -0.156354       -0.108517       -0.462905
     N   39       -0.409731       -0.462905       -0.224693

     N   40        0.003140        0.081216       -0.000020
     N   40        0.081216        0.022139        0.043082
     N   40       -0.000020        0.043082       -0.025279

     O   41        0.822279       -0.119370       -1.015827
     O   41       -0.119370       -0.485659       -0.777428
     O   41       -1.015827       -0.777428       -0.336620

     N   42        0.226423        0.468285       -0.124733
     N   42        0.468285       -0.204168        0.493137
     N   42       -0.124733        0.493137       -0.022255

     H   43        0.000000        0.000000        0.000000
     H   43        0.000000       -0.000000        0.000000
     H   43        0.000000        0.000000       -0.000000

     H   44        0.000000        0.000000        0.000000
     H   44        0.000000       -0.000000        0.000000
     H   44        0.000000        0.000000       -0.000000

     C   45       -0.052086        0.247904       -0.002792
     C   45        0.247904       -0.013652       -0.149339
     C   45       -0.002792       -0.149339        0.065738

     O   46        0.473060        0.920384        0.992602
     O   46        0.920384        0.142679       -0.208407
     O   46        0.992602       -0.208407       -0.615739

     H   47        0.000000        0.000000        0.000000
     H   47        0.000000       -0.000000        0.000000
     H   47        0.000000        0.000000       -0.000000

     H   48        0.000000        0.000000        0.000000
     H   48        0.000000       -0.000000        0.000000
     H   48        0.000000        0.000000       -0.000000

     C   49        0.065147        0.004474       -0.138236
     C   49        0.004474       -0.090308        0.239071
     C   49       -0.138236        0.239071        0.025162

     O   50       -1.031683        0.747219       -0.125115
     O   50        0.747219       -0.092162       -0.503533
     O   50       -0.125115       -0.503533        1.123845

     N   51        0.083736       -0.033016       -0.026675
     N   51       -0.033016       -0.042540        0.054614
     N   51       -0.026675        0.054614       -0.041196

     O   52       -1.417593       -0.243981        0.113538
     O   52       -0.243981        0.565289        0.721196
     O   52        0.113538        0.721196        0.852305

     N   53        0.333202        0.156301       -0.409729
     N   53        0.156301       -0.108485        0.462830
     N   53       -0.409729        0.462830       -0.224717

     N   54        0.003128       -0.081208       -0.000022
     N   54       -0.081208        0.022152       -0.043068
     N   54       -0.000022       -0.043068       -0.025280

     O   55        0.822292        0.119380       -1.015817
     O   55        0.119380       -0.485652        0.777443
     O   55       -1.015817        0.777443       -0.336641

     N   56        0.226437       -0.468288       -0.124738
     N   56       -0.468288       -0.204195       -0.493179
     N   56       -0.124738       -0.493179       -0.022242

     ----- total EFG -----
     N    1        0.366557        0.766158       -0.182839
     N    1        0.766158       -0.318506        0.794400
     N    1       -0.182839        0.794400       -0.048051

     O    2        1.172598       -0.152005       -1.455895
     O    2       -0.152005       -0.706576       -1.082543
     O    2       -1.455895       -1.082543       -0.466022

     N    3       -0.002553        0.109851       -0.034116
     N    3        0.109851        0.016164        0.071860
     N    3       -0.034116        0.071860       -0.013611

     N    4        0.556451       -0.237137       -0.669860
     N    4       -0.237137       -0.190107       -0.740975
     N    4       -0.669860       -0.740975       -0.366344

     O    5       -1.995879        0.336576        0.155222
     O    5        0.336576        0.791990       -1.054771
     O    5        0.155222       -1.054771        1.203890

     N    6        0.110031        0.033424       -0.017268
     N    6        0.033424       -0.047060       -0.106841
     N    6       -0.017268       -0.106841       -0.062971

     O    7       -1.458936       -1.042960       -0.196310
     O    7       -1.042960       -0.150635        0.740708
     O    7       -0.196310        0.740708        1.609571

     C    8        0.130510       -0.003692       -0.260981
     C    8       -0.003692       -0.175124       -0.446581
     C    8       -0.260981       -0.446581        0.044614

     H    9        0.128838        0.166217        0.377522
     H    9        0.166217       -0.223885        0.139527
     H    9        0.377522        0.139527        0.095048

     H   10       -0.225187       -0.173866       -0.089542
     H   10       -0.173866        0.383614        0.270047
     H   10       -0.089542        0.270047       -0.158427

     O   11        0.684649       -1.320356        1.398547
     O   11       -1.320356        0.191669        0.266656
     O   11        1.398547        0.266656       -0.876318

     C   12       -0.098372       -0.459160       -0.005070
     C   12       -0.459160       -0.024485        0.279786
     C   12       -0.005070        0.279786        0.122858

     H   13        0.287987        0.320192        0.205093
     H   13        0.320192       -0.087604        0.131019
     H   13        0.205093        0.131019       -0.200383

     H   14       -0.221872        0.130851       -0.151342
     H   14        0.130851        0.104524       -0.380331
     H   14       -0.151342       -0.380331        0.117348

     H   15       -0.221873       -0.130848       -0.151340
     H   15       -0.130848        0.104525        0.380333
     H   15       -0.151340        0.380333        0.117348

     H   16        0.287989       -0.320192        0.205095
     H   16       -0.320192       -0.087607       -0.131021
     H   16        0.205095       -0.131021       -0.200382

     C   17       -0.098366        0.459149       -0.005091
     C   17        0.459149       -0.024493       -0.279794
     C   17       -0.005091       -0.279794        0.122859

     O   18        0.684754        1.320348        1.398501
     O   18        1.320348        0.191553       -0.266506
     O   18        1.398501       -0.266506       -0.876308

     H   19       -0.225184        0.173868       -0.089540
     H   19        0.173868        0.383617       -0.270043
     H   19       -0.089540       -0.270043       -0.158433

     H   20        0.128833       -0.166218        0.377523
     H   20       -0.166218       -0.223885       -0.139527
     H   20        0.377523       -0.139527        0.095053

     C   21        0.130527        0.003670       -0.260977
     C   21        0.003670       -0.175155        0.446584
     C   21       -0.260977        0.446584        0.044627

     O   22       -1.459016        1.042838       -0.196352
     O   22        1.042838       -0.150552       -0.740711
     O   22       -0.196352       -0.740711        1.609568

