
     Program QE v.5.1.2 starts on 31Aug2015 at  8: 5:51 

     This program is part of the open-source Quantum ESPRESSO suite
     for quantum simulation of materials; please cite
         "P. Giannozzi et al., J. Phys.:Condens. Matter 21 395502 (2009);
          URL http://www.quantum-espresso.org", 
     in publications or presentations arising from this work. More details at
     http://www.quantum-espresso.org/quote

     Parallel version (MPI), running on    16 processors
     K-points division:     npool     =       8
     R & G space division:  proc/nbgrp/npool/nimage =       2
     wavefunctions fft division:  fft and procs/group =       2      1

     ***** This is GIPAW svn revision unknown      *****

     Parallelizing q-star over 1 images
     Message from routine gipaw_readin:
     *** iverbosity is obsolete, use verbosity instead ***

     Reading data from directory:
     ./scratch/run-mystery.save

   Info: using nr1, nr2, nr3 values from input

   Info: using nr1s, nr2s, nr3s values from input

     IMPORTANT: XC functional enforced from input :
     Exchange-correlation      =  SLA  PW   PBX  PBC ( 1  4  3  4 0 0)
     Any further DFT definition will be discarded
     Please, verify this is what you really want

               file H.pbe-kjpaw_psl.0.1.UPF: wavefunction(s)  1S renormalized
               file C.pbe-n-kjpaw_psl.0.1.UPF: wavefunction(s)  2P renormalized
               file N.pbe-n-kjpaw_psl.0.1.UPF: wavefunction(s)  2P renormalized
               file S.pbe-n-kjpaw_psl.0.1.UPF: wavefunction(s)  3P renormalized
               file Cl.pbe-n-kjpaw_psl.0.3.0.UPF: wavefunction(s)  3S 3P renormalized
               file Ni.pbe-n-kjpaw_psl.0.1.UPF: wavefunction(s)  4S 3D renormalized

     Parallelization info
     --------------------
     sticks:   dense  smooth     PW     G-vecs:    dense   smooth      PW
     Min        7794    3110    824               687172   173780   23756
     Max        7795    3111    825               687173   173795   23759
     Sum       15589    6221   1649              1374345   347575   47515


     Subspace diagonalization in iterative solution of the eigenvalue problem:
     a serial algorithm will be used

     GIPAW projectors -----------------------------------------------
     atom=  H    l=0  rc=    1.0000  rs=    0.6667
     atom=  H    l=0  rc=    1.0000  rs=    0.6667
     projs nearly linearly dependent: l=0  n1,n2= 1, 2  s=  0.99968852

     atom=  C    l=0  rc=    1.3000  rs=    0.8667
     atom=  C    l=0  rc=    1.3000  rs=    0.8667
     atom=  C    l=1  rc=    1.4500  rs=    0.9667
     atom=  C    l=1  rc=    1.4500  rs=    0.9667
     projs nearly linearly dependent: l=0  n1,n2= 1, 2  s=  0.99877758
     projs nearly linearly dependent: l=1  n1,n2= 1, 2  s=  0.99940894

     atom=  N    l=0  rc=    1.3000  rs=    0.8667
     atom=  N    l=0  rc=    1.3000  rs=    0.8667
     atom=  N    l=1  rc=    1.4500  rs=    0.9667
     atom=  N    l=1  rc=    1.4500  rs=    0.9667
     projs nearly linearly dependent: l=0  n1,n2= 1, 2  s=  0.99709514
     projs nearly linearly dependent: l=1  n1,n2= 1, 2  s=  0.99857174

     atom=  S    l=0  rc=    2.1000  rs=    1.4000
     atom=  S    l=0  rc=    2.1000  rs=    1.4000
     atom=  S    l=1  rc=    2.1000  rs=    1.4000
     atom=  S    l=1  rc=    2.1000  rs=    1.4000

     atom=  Cl   l=0  rc=    1.8000  rs=    1.2000
     atom=  Cl   l=0  rc=    1.8000  rs=    1.2000
     atom=  Cl   l=1  rc=    2.1000  rs=    1.4000
     atom=  Cl   l=1  rc=    2.1000  rs=    1.4000

     atom=  Ni   l=0  rc=    2.2000  rs=    1.4667
     atom=  Ni   l=0  rc=    2.2000  rs=    1.4667
     atom=  Ni   l=1  rc=    2.2000  rs=    1.4667
     atom=  Ni   l=1  rc=    2.2000  rs=    1.4667
     atom=  Ni   l=2  rc=    1.8000  rs=    1.2000
     atom=  Ni   l=2  rc=    1.8000  rs=    1.2000
     projs nearly linearly dependent: l=2  n1,n2= 1, 2  s=  0.99537520
     -----------------------------------------------------------------

     alpha_pv=     41.9866 eV

     GIPAW job: efg                                                                             


     ELECTRIC FIELD GRADIENTS TENSORS IN Hartree/bohrradius^2:

     ----- bare term -----
     C    1        0.387925       -0.481337       -0.529801
     C    1       -0.481337       -0.295678        0.487612
     C    1       -0.529801        0.487612       -0.092247

     C    2        0.387920       -0.481279        0.529800
     C    2       -0.481279       -0.295592       -0.487581
     C    2        0.529800       -0.487581       -0.092328

     C    3       -0.295903        0.481568       -0.487575
     C    3        0.481568        0.388193       -0.529459
     C    3       -0.487575       -0.529459       -0.092289

     C    4       -0.295750        0.481332       -0.487505
     C    4        0.481332        0.387985       -0.529748
     C    4       -0.487505       -0.529748       -0.092234

     C    5       -0.295688        0.481473        0.487556
     C    5        0.481473        0.388068        0.529943
     C    5        0.487556        0.529943       -0.092380

     C    6        0.388128       -0.481514        0.529511
     C    6       -0.481514       -0.295745       -0.487652
     C    6        0.529511       -0.487652       -0.092383

     C    7        0.388132       -0.481573       -0.529512
     C    7       -0.481573       -0.295831        0.487682
     C    7       -0.529512        0.487682       -0.092302

     C    8       -0.295841        0.481709        0.487627
     C    8        0.481709        0.388276        0.529654
     C    8        0.487627        0.529654       -0.092435

     Cl   9        0.030725        0.000272        0.000002
     Cl   9        0.000272        0.028437       -0.000016
     Cl   9        0.000002       -0.000016       -0.059162

     Cl  10        0.040853        0.000089        0.000075
     Cl  10        0.000089        0.040830        0.000008
     Cl  10        0.000075        0.000008       -0.081683

     Cl  11        0.030703        0.000272        0.000002
     Cl  11        0.000272        0.028417       -0.000016
     Cl  11        0.000002       -0.000016       -0.059120

     Cl  12        0.040834        0.000089        0.000075
     Cl  12        0.000089        0.040811        0.000008
     Cl  12        0.000075        0.000008       -0.081645

     H   13        0.175707       -0.139216       -0.623719
     H   13       -0.139216        0.458076       -0.344983
     H   13       -0.623719       -0.344983       -0.633784

     H   14        0.313443        0.615553        0.228672
     H   14        0.615553       -0.670552       -0.616724
     H   14        0.228672       -0.616724        0.357110

     H   15        0.457937        0.139089       -0.344978
     H   15        0.139089        0.175963        0.623271
     H   15       -0.344978        0.623271       -0.633900

     H   16        0.457935        0.139092        0.344977
     H   16        0.139092        0.175966       -0.623267
     H   16        0.344977       -0.623267       -0.633900

     H   17        0.359889        0.525023       -0.305129
     H   17        0.525023       -0.291752        0.794230
     H   17       -0.305129        0.794230       -0.068137

     H   18        0.359930        0.525004        0.305104
     H   18        0.525004       -0.291753       -0.794252
     H   18        0.305104       -0.794252       -0.068178

     H   19       -0.291841       -0.525045        0.794227
     H   19       -0.525045        0.359947        0.305076
     H   19        0.794227        0.305076       -0.068105

     H   20       -0.291744       -0.525038       -0.794214
     H   20       -0.525038        0.359905       -0.305114
     H   20       -0.794214       -0.305114       -0.068161

     H   21       -0.668077        0.721214        0.480918
     H   21        0.721214        0.316667       -0.170595
     H   21        0.480918       -0.170595        0.351410

     H   22        0.316651       -0.721224        0.170601
     H   22       -0.721224       -0.668056        0.480898
     H   22        0.170601        0.480898        0.351405

     H   23       -0.670455       -0.615532        0.616645
     H   23       -0.615532        0.313351        0.228635
     H   23        0.616645        0.228635        0.357104

     H   24       -0.670622       -0.615699       -0.616740
     H   24       -0.615699        0.313349       -0.228722
     H   24       -0.616740       -0.228722        0.357273

     H   25       -0.670600       -0.615697        0.616738
     H   25       -0.615697        0.313340        0.228726
     H   25        0.616738        0.228726        0.357261

     H   26        0.316737       -0.721275       -0.170704
     H   26       -0.721275       -0.668139       -0.481051
     H   26       -0.170704       -0.481051        0.351402

     H   27        0.316713       -0.721270        0.170699
     H   27       -0.721270       -0.668117        0.481021
     H   27        0.170699        0.481021        0.351404

     H   28       -0.668138        0.721260        0.481041
     H   28        0.721260        0.316729       -0.170693
     H   28        0.481041       -0.170693        0.351409

     H   29       -0.668130        0.721275       -0.481074
     H   29        0.721275        0.316722        0.170705
     H   29       -0.481074        0.170705        0.351407

     H   30       -0.291414       -0.524915       -0.794396
     H   30       -0.524915        0.359936       -0.305244
     H   30       -0.794396       -0.305244       -0.068522

     H   31        0.359920        0.524900       -0.305259
     H   31        0.524900       -0.291421        0.794411
     H   31       -0.305259        0.794411       -0.068499

     H   32        0.458049        0.139211        0.345004
     H   32        0.139211        0.175720       -0.623653
     H   32        0.345004       -0.623653       -0.633769

     H   33        0.313431        0.615717        0.228763
     H   33        0.615717       -0.670698       -0.616816
     H   33        0.228763       -0.616816        0.357267

     H   34        0.313432        0.615719       -0.228760
     H   34        0.615719       -0.670700        0.616837
     H   34       -0.228760        0.616837        0.357268

     H   35        0.175953       -0.139097       -0.623334
     H   35       -0.139097        0.457962       -0.344955
     H   35       -0.623334       -0.344955       -0.633915

     H   36        0.175946       -0.139108        0.623339
     H   36       -0.139108        0.457970        0.344962
     H   36        0.623339        0.344962       -0.633917

     H   37        0.458051        0.139208       -0.345005
     H   37        0.139208        0.175717        0.623657
     H   37       -0.345005        0.623657       -0.633768

     H   38        0.359962        0.524881        0.305233
     H   38        0.524881       -0.291422       -0.794434
     H   38        0.305233       -0.794434       -0.068540

     H   39       -0.291511       -0.524923        0.794408
     H   39       -0.524923        0.359978        0.305205
     H   39        0.794408        0.305205       -0.068467

     H   40       -0.670477       -0.615534       -0.616647
     H   40       -0.615534        0.313361       -0.228630
     H   40       -0.616647       -0.228630        0.357116

     H   41        0.316674       -0.721229       -0.170606
     H   41       -0.721229       -0.668077       -0.480928
     H   41       -0.170606       -0.480928        0.351403

     H   42       -0.668068        0.721229       -0.480951
     H   42        0.721229        0.316660        0.170607
     H   42       -0.480951        0.170607        0.351408

     H   43        0.313443        0.615555       -0.228669
     H   43        0.615555       -0.670555        0.616744
     H   43       -0.228669        0.616744        0.357111

     H   44        0.175701       -0.139227        0.623725
     H   44       -0.139227        0.458085        0.344990
     H   44        0.623725        0.344990       -0.633785

     N   45       -0.216402        0.261608       -0.182644
     N   45        0.261608        0.104941       -0.104623
     N   45       -0.182644       -0.104623        0.111461

     N   46        0.105120       -0.260801       -0.104317
     N   46       -0.260801       -0.216299        0.182429
     N   46       -0.104317        0.182429        0.111179

     N   47        0.105085       -0.260806        0.104311
     N   47       -0.260806       -0.216295       -0.182482
     N   47        0.104311       -0.182482        0.111210

     N   48        0.161887       -0.175559       -0.280747
     N   48       -0.175559       -0.011228        0.231382
     N   48       -0.280747        0.231382       -0.150659

     N   49        0.162176       -0.175572        0.280811
     N   49       -0.175572       -0.011364       -0.231082
     N   49        0.280811       -0.231082       -0.150812

     N   50       -0.011547        0.175689       -0.231144
     N   50        0.175689        0.161918       -0.280248
     N   50       -0.231144       -0.280248       -0.150371

     N   51       -0.011435        0.175571       -0.231196
     N   51        0.175571        0.161913       -0.280544
     N   51       -0.231196       -0.280544       -0.150477

     N   52       -0.011227        0.175633        0.231281
     N   52        0.175633        0.161803        0.280712
     N   52        0.231281        0.280712       -0.150575

     N   53        0.162181       -0.175690        0.280515
     N   53       -0.175690       -0.011475       -0.231029
     N   53        0.280515       -0.231029       -0.150706

     N   54        0.105402       -0.260852        0.104240
     N   54       -0.260852       -0.216480       -0.182809
     N   54        0.104240       -0.182809        0.111078

     N   55       -0.216191        0.261513        0.182273
     N   55        0.261513        0.104585        0.104672
     N   55        0.182273        0.104672        0.111607

     N   56       -0.216216        0.261561       -0.182317
     N   56        0.261561        0.104624       -0.104695
     N   56       -0.182317       -0.104695        0.111592

     N   57        0.105437       -0.260848       -0.104245
     N   57       -0.260848       -0.216485        0.182756
     N   57       -0.104245        0.182756        0.111048

     N   58        0.161892       -0.175676       -0.280451
     N   58       -0.175676       -0.011340        0.231331
     N   58       -0.280451        0.231331       -0.150553

     N   59       -0.011339        0.175750        0.231230
     N   59        0.175750        0.161808        0.280416
     N   59        0.231230        0.280416       -0.150469

     N   60       -0.216377        0.261560        0.182600
     N   60        0.261560        0.104901        0.104601
     N   60        0.182600        0.104601        0.111476

     Ni  61        0.009476       -0.000029       -0.000006
     Ni  61       -0.000029        0.009479        0.000017
     Ni  61       -0.000006        0.000017       -0.018955

     Ni  62        0.009497       -0.000029       -0.000006
     Ni  62       -0.000029        0.009499        0.000017
     Ni  62       -0.000006        0.000017       -0.018996

     S   63       -0.017123       -0.120210       -0.076774
     S   63       -0.120210       -0.049523       -0.018728
     S   63       -0.076774       -0.018728        0.066647

     S   64       -0.017121       -0.120207        0.076927
     S   64       -0.120207       -0.049525        0.018680
     S   64        0.076927        0.018680        0.066645

     S   65       -0.050045        0.120655        0.018759
     S   65        0.120655       -0.016885       -0.076668
     S   65        0.018759       -0.076668        0.066930

     S   66       -0.050077        0.120634        0.018720
     S   66        0.120634       -0.016887       -0.076671
     S   66        0.018720       -0.076671        0.066964

     S   67       -0.050048        0.120529       -0.018710
     S   67        0.120529       -0.016889        0.076761
     S   67       -0.018710        0.076761        0.066937

     S   68       -0.017120       -0.120227        0.076924
     S   68       -0.120227       -0.049491        0.018719
     S   68        0.076924        0.018719        0.066611

     S   69       -0.017123       -0.120231       -0.076771
     S   69       -0.120231       -0.049490       -0.018767
     S   69       -0.076771       -0.018767        0.066613

     S   70       -0.050015        0.120550       -0.018749
     S   70        0.120550       -0.016888        0.076758
     S   70       -0.018749        0.076758        0.066903

     ----- ionic term -----
     C    1       -0.369060        0.386359        0.403257
     C    1        0.386359        0.304403       -0.450124
     C    1        0.403257       -0.450124        0.064657

     C    2       -0.369060        0.386359       -0.403257
     C    2        0.386359        0.304403        0.450124
     C    2       -0.403257        0.450124        0.064657

     C    3        0.304505       -0.386563        0.450178
     C    3       -0.386563       -0.369240        0.402996
     C    3        0.450178        0.402996        0.064734

     C    4        0.304403       -0.386359        0.450124
     C    4       -0.386359       -0.369060        0.403257
     C    4        0.450124        0.403257        0.064657

     C    5        0.304403       -0.386359       -0.450124
     C    5       -0.386359       -0.369060       -0.403257
     C    5       -0.450124       -0.403257        0.064657

     C    6       -0.369240        0.386563       -0.402996
     C    6        0.386563        0.304505        0.450178
     C    6       -0.402996        0.450178        0.064734

     C    7       -0.369240        0.386563        0.402996
     C    7        0.386563        0.304505       -0.450178
     C    7        0.402996       -0.450178        0.064734

     C    8        0.304505       -0.386563       -0.450178
     C    8       -0.386563       -0.369240       -0.402996
     C    8       -0.450178       -0.402996        0.064734

     Cl   9       -0.037755        0.000000        0.000000
     Cl   9        0.000000       -0.037755        0.000000
     Cl   9        0.000000        0.000000        0.075509

     Cl  10       -0.076353        0.000000       -0.000000
     Cl  10        0.000000       -0.076353       -0.000000
     Cl  10       -0.000000       -0.000000        0.152705

     Cl  11       -0.037757       -0.000000       -0.000000
     Cl  11       -0.000000       -0.037757       -0.000000
     Cl  11       -0.000000       -0.000000        0.075514

     Cl  12       -0.076307       -0.000000       -0.000000
     Cl  12       -0.000000       -0.076307       -0.000000
     Cl  12       -0.000000       -0.000000        0.152614

     H   13       -0.286970        0.187323        0.845248
     H   13        0.187323       -0.625776        0.512358
     H   13        0.845248        0.512358        0.912746

     H   14       -0.390172       -0.782398       -0.282668
     H   14       -0.782398        0.818130        0.802434
     H   14       -0.282668        0.802434       -0.427958

     H   15       -0.625508       -0.187104        0.512204
     H   15       -0.187104       -0.287211       -0.844562
     H   15        0.512204       -0.844562        0.912719

     H   16       -0.625508       -0.187104       -0.512204
     H   16       -0.187104       -0.287211        0.844562
     H   16       -0.512204        0.844562        0.912719

     H   17       -0.444760       -0.718365        0.420120
     H   17       -0.718365        0.394752       -1.038787
     H   17        0.420120       -1.038787        0.050008

     H   18       -0.444760       -0.718365       -0.420120
     H   18       -0.718365        0.394752        1.038787
     H   18       -0.420120        1.038787        0.050008

     H   19        0.394752        0.718365       -1.038787
     H   19        0.718365       -0.444760       -0.420120
     H   19       -1.038787       -0.420120        0.050008

     H   20        0.394752        0.718365        1.038787
     H   20        0.718365       -0.444760        0.420120
     H   20        1.038787        0.420120        0.050008

     H   21        0.882128       -0.924406       -0.596904
     H   21       -0.924406       -0.418051        0.178473
     H   21       -0.596904        0.178473       -0.464077

     H   22       -0.418051        0.924406       -0.178473
     H   22        0.924406        0.882128       -0.596904
     H   22       -0.178473       -0.596904       -0.464077

     H   23        0.818130        0.782398       -0.802434
     H   23        0.782398       -0.390172       -0.282668
     H   23       -0.802434       -0.282668       -0.427958

     H   24        0.818560        0.782818        0.802784
     H   24        0.782818       -0.390306        0.282856
     H   24        0.802784        0.282856       -0.428254

     H   25        0.818560        0.782818       -0.802784
     H   25        0.782818       -0.390306       -0.282856
     H   25       -0.802784       -0.282856       -0.428254

     H   26       -0.418175        0.924519        0.178613
     H   26        0.924519        0.882286        0.597115
     H   26        0.178613        0.597115       -0.464111

     H   27       -0.418175        0.924519       -0.178613
     H   27        0.924519        0.882286       -0.597115
     H   27       -0.178613       -0.597115       -0.464111

     H   28        0.882286       -0.924519       -0.597115
     H   28       -0.924519       -0.418175        0.178613
     H   28       -0.597115        0.178613       -0.464111

     H   29        0.882286       -0.924519        0.597115
     H   29       -0.924519       -0.418175       -0.178613
     H   29        0.597115       -0.178613       -0.464111

     H   30        0.394300        0.718224        1.039044
     H   30        0.718224       -0.444794        0.420326
     H   30        1.039044        0.420326        0.050495

     H   31       -0.444794       -0.718224        0.420326
     H   31       -0.718224        0.394300       -1.039044
     H   31        0.420326       -1.039044        0.050495

     H   32       -0.625776       -0.187323       -0.512358
     H   32       -0.187323       -0.286970        0.845248
     H   32       -0.512358        0.845248        0.912746

     H   33       -0.390306       -0.782818       -0.282856
     H   33       -0.782818        0.818560        0.802784
     H   33       -0.282856        0.802784       -0.428254

     H   34       -0.390306       -0.782818        0.282856
     H   34       -0.782818        0.818560       -0.802784
     H   34        0.282856       -0.802784       -0.428254

     H   35       -0.287211        0.187104        0.844562
     H   35        0.187104       -0.625508        0.512204
     H   35        0.844562        0.512204        0.912719

     H   36       -0.287211        0.187104       -0.844562
     H   36        0.187104       -0.625508       -0.512204
     H   36       -0.844562       -0.512204        0.912719

     H   37       -0.625776       -0.187323        0.512358
     H   37       -0.187323       -0.286970       -0.845248
     H   37        0.512358       -0.845248        0.912746

     H   38       -0.444794       -0.718224       -0.420326
     H   38       -0.718224        0.394300        1.039044
     H   38       -0.420326        1.039044        0.050495

     H   39        0.394300        0.718224       -1.039044
     H   39        0.718224       -0.444794       -0.420326
     H   39       -1.039044       -0.420326        0.050495

     H   40        0.818130        0.782398        0.802434
     H   40        0.782398       -0.390172        0.282668
     H   40        0.802434        0.282668       -0.427958

     H   41       -0.418051        0.924406        0.178473
     H   41        0.924406        0.882128        0.596904
     H   41        0.178473        0.596904       -0.464077

     H   42        0.882128       -0.924406        0.596904
     H   42       -0.924406       -0.418051       -0.178473
     H   42        0.596904       -0.178473       -0.464077

     H   43       -0.390172       -0.782398        0.282668
     H   43       -0.782398        0.818130       -0.802434
     H   43        0.282668       -0.802434       -0.427958

     H   44       -0.286970        0.187323       -0.845248
     H   44        0.187323       -0.625776       -0.512358
     H   44       -0.845248       -0.512358        0.912746

     N   45        0.273135       -0.377368        0.313613
     N   45       -0.377368       -0.163933        0.208162
     N   45        0.313613        0.208162       -0.109202

     N   46       -0.163694        0.377422        0.208247
     N   46        0.377422        0.272959       -0.313332
     N   46        0.208247       -0.313332       -0.109265

     N   47       -0.163694        0.377422       -0.208247
     N   47        0.377422        0.272959        0.313332
     N   47       -0.208247        0.313332       -0.109265

     N   48       -0.202754        0.273103        0.421140
     N   48        0.273103        0.011094       -0.316788
     N   48        0.421140       -0.316788        0.191659

     N   49       -0.202754        0.273103       -0.421140
     N   49        0.273103        0.011094        0.316788
     N   49       -0.421140        0.316788        0.191659

     N   50        0.011110       -0.273273        0.316798
     N   50       -0.273273       -0.202784        0.420857
     N   50        0.316798        0.420857        0.191674

     N   51        0.011094       -0.273103        0.316788
     N   51       -0.273103       -0.202754        0.421140
     N   51        0.316788        0.421140        0.191659

     N   52        0.011094       -0.273103       -0.316788
     N   52       -0.273103       -0.202754       -0.421140
     N   52       -0.316788       -0.421140        0.191659

     N   53       -0.202784        0.273273       -0.420857
     N   53        0.273273        0.011110        0.316798
     N   53       -0.420857        0.316798        0.191674

     N   54       -0.163933        0.377368       -0.208162
     N   54        0.377368        0.273135        0.313613
     N   54       -0.208162        0.313613       -0.109202

     N   55        0.272959       -0.377422       -0.313332
     N   55       -0.377422       -0.163694       -0.208247
     N   55       -0.313332       -0.208247       -0.109265

     N   56        0.272959       -0.377422        0.313332
     N   56       -0.377422       -0.163694        0.208247
     N   56        0.313332        0.208247       -0.109265

     N   57       -0.163933        0.377368        0.208162
     N   57        0.377368        0.273135       -0.313613
     N   57        0.208162       -0.313613       -0.109202

     N   58       -0.202784        0.273273        0.420857
     N   58        0.273273        0.011110       -0.316798
     N   58        0.420857       -0.316798        0.191674

     N   59        0.011110       -0.273273       -0.316798
     N   59       -0.273273       -0.202784       -0.420857
     N   59       -0.316798       -0.420857        0.191674

     N   60        0.273135       -0.377368       -0.313613
     N   60       -0.377368       -0.163933       -0.208162
     N   60       -0.313613       -0.208162       -0.109202

     Ni  61        0.077961        0.000000        0.000000
     Ni  61        0.000000        0.077961       -0.000000
     Ni  61        0.000000       -0.000000       -0.155921

     Ni  62        0.077952       -0.000000       -0.000000
     Ni  62       -0.000000        0.077952       -0.000000
     Ni  62       -0.000000       -0.000000       -0.155905

     S   63       -0.030677        0.210045        0.159837
     S   63        0.210045        0.158451        0.032458
     S   63        0.159837        0.032458       -0.127774

     S   64       -0.030677        0.210045       -0.159837
     S   64        0.210045        0.158451       -0.032458
     S   64       -0.159837       -0.032458       -0.127774

     S   65        0.158403       -0.210043       -0.032497
     S   65       -0.210043       -0.030658        0.159857
     S   65       -0.032497        0.159857       -0.127745

     S   66        0.158451       -0.210045       -0.032458
     S   66       -0.210045       -0.030677        0.159837
     S   66       -0.032458        0.159837       -0.127774

     S   67        0.158451       -0.210045        0.032458
     S   67       -0.210045       -0.030677       -0.159837
     S   67        0.032458       -0.159837       -0.127774

     S   68       -0.030658        0.210043       -0.159857
     S   68        0.210043        0.158403       -0.032497
     S   68       -0.159857       -0.032497       -0.127745

     S   69       -0.030658        0.210043        0.159857
     S   69        0.210043        0.158403        0.032497
     S   69        0.159857        0.032497       -0.127745

     S   70        0.158403       -0.210043        0.032497
     S   70       -0.210043       -0.030658       -0.159857
     S   70        0.032497       -0.159857       -0.127745

     ----- GIPAW term -----
     C    1        0.032155       -0.089933       -0.102938
     C    1       -0.089933       -0.016762        0.052946
     C    1       -0.102938        0.052946       -0.015393

     C    2        0.032134       -0.089884        0.102939
     C    2       -0.089884       -0.016664       -0.052897
     C    2        0.102939       -0.052897       -0.015470

     C    3       -0.016968        0.090004       -0.052793
     C    3        0.090004        0.032252       -0.102821
     C    3       -0.052793       -0.102821       -0.015284

     C    4       -0.016873        0.089928       -0.052806
     C    4        0.089928        0.032230       -0.102869
     C    4       -0.052806       -0.102869       -0.015357

     C    5       -0.016811        0.090091        0.052881
     C    5        0.090091        0.032335        0.103087
     C    5        0.052881        0.103087       -0.015524

     C    6        0.032155       -0.089960        0.102890
     C    6       -0.089960       -0.016757       -0.052884
     C    6        0.102890       -0.052884       -0.015398

     C    7        0.032176       -0.090008       -0.102890
     C    7       -0.090008       -0.016855        0.052933
     C    7       -0.102890        0.052933       -0.015320

     C    8       -0.016905        0.090167        0.052868
     C    8        0.090167        0.032357        0.103038
     C    8        0.052868        0.103038       -0.015452

     Cl   9        0.269782        0.003416        0.000054
     Cl   9        0.003416        0.241605       -0.000256
     Cl   9        0.000054       -0.000256       -0.511387

     Cl  10        0.011159        0.001186        0.001014
     Cl  10        0.001186        0.010929        0.000120
     Cl  10        0.001014        0.000120       -0.022088

     Cl  11        0.269529        0.003410        0.000059
     Cl  11        0.003410        0.241371       -0.000259
     Cl  11        0.000059       -0.000259       -0.510900

     Cl  12        0.011379        0.001187        0.001015
     Cl  12        0.001187        0.011153        0.000118
     Cl  12        0.001015        0.000118       -0.022532

     H   13       -0.000000        0.000000        0.000000
     H   13        0.000000       -0.000000       -0.000000
     H   13        0.000000       -0.000000        0.000000

     H   14       -0.000000        0.000000        0.000000
     H   14        0.000000       -0.000000       -0.000000
     H   14        0.000000       -0.000000        0.000000

     H   15       -0.000000        0.000000        0.000000
     H   15        0.000000       -0.000000       -0.000000
     H   15        0.000000       -0.000000        0.000000

     H   16       -0.000000        0.000000        0.000000
     H   16        0.000000       -0.000000       -0.000000
     H   16        0.000000       -0.000000        0.000000

     H   17       -0.000000        0.000000        0.000000
     H   17        0.000000       -0.000000       -0.000000
     H   17        0.000000       -0.000000        0.000000

     H   18       -0.000000        0.000000        0.000000
     H   18        0.000000       -0.000000       -0.000000
     H   18        0.000000       -0.000000        0.000000

     H   19       -0.000000        0.000000        0.000000
     H   19        0.000000       -0.000000       -0.000000
     H   19        0.000000       -0.000000        0.000000

     H   20       -0.000000        0.000000        0.000000
     H   20        0.000000       -0.000000       -0.000000
     H   20        0.000000       -0.000000        0.000000

     H   21       -0.000000        0.000000        0.000000
     H   21        0.000000       -0.000000       -0.000000
     H   21        0.000000       -0.000000        0.000000

     H   22       -0.000000        0.000000        0.000000
     H   22        0.000000       -0.000000       -0.000000
     H   22        0.000000       -0.000000        0.000000

     H   23       -0.000000        0.000000        0.000000
     H   23        0.000000       -0.000000       -0.000000
     H   23        0.000000       -0.000000        0.000000

     H   24       -0.000000        0.000000        0.000000
     H   24        0.000000       -0.000000       -0.000000
     H   24        0.000000       -0.000000        0.000000

     H   25       -0.000000        0.000000        0.000000
     H   25        0.000000       -0.000000       -0.000000
     H   25        0.000000       -0.000000        0.000000

     H   26       -0.000000        0.000000        0.000000
     H   26        0.000000       -0.000000       -0.000000
     H   26        0.000000       -0.000000        0.000000

     H   27       -0.000000        0.000000        0.000000
     H   27        0.000000       -0.000000       -0.000000
     H   27        0.000000       -0.000000        0.000000

     H   28       -0.000000        0.000000        0.000000
     H   28        0.000000       -0.000000       -0.000000
     H   28        0.000000       -0.000000        0.000000

     H   29       -0.000000        0.000000        0.000000
     H   29        0.000000       -0.000000       -0.000000
     H   29        0.000000       -0.000000        0.000000

     H   30       -0.000000        0.000000        0.000000
     H   30        0.000000       -0.000000       -0.000000
     H   30        0.000000       -0.000000        0.000000

     H   31       -0.000000        0.000000        0.000000
     H   31        0.000000       -0.000000       -0.000000
     H   31        0.000000       -0.000000        0.000000

     H   32       -0.000000        0.000000        0.000000
     H   32        0.000000       -0.000000       -0.000000
     H   32        0.000000       -0.000000        0.000000

     H   33       -0.000000        0.000000        0.000000
     H   33        0.000000       -0.000000       -0.000000
     H   33        0.000000       -0.000000        0.000000

     H   34       -0.000000        0.000000        0.000000
     H   34        0.000000       -0.000000       -0.000000
     H   34        0.000000       -0.000000        0.000000

     H   35       -0.000000        0.000000        0.000000
     H   35        0.000000       -0.000000       -0.000000
     H   35        0.000000       -0.000000        0.000000

     H   36       -0.000000        0.000000        0.000000
     H   36        0.000000       -0.000000       -0.000000
     H   36        0.000000       -0.000000        0.000000

     H   37       -0.000000        0.000000        0.000000
     H   37        0.000000       -0.000000       -0.000000
     H   37        0.000000       -0.000000        0.000000

     H   38       -0.000000        0.000000        0.000000
     H   38        0.000000       -0.000000       -0.000000
     H   38        0.000000       -0.000000        0.000000

     H   39       -0.000000        0.000000        0.000000
     H   39        0.000000       -0.000000       -0.000000
     H   39        0.000000       -0.000000        0.000000

     H   40       -0.000000        0.000000        0.000000
     H   40        0.000000       -0.000000       -0.000000
     H   40        0.000000       -0.000000        0.000000

     H   41       -0.000000        0.000000        0.000000
     H   41        0.000000       -0.000000       -0.000000
     H   41        0.000000       -0.000000        0.000000

     H   42       -0.000000        0.000000        0.000000
     H   42        0.000000       -0.000000       -0.000000
     H   42        0.000000       -0.000000        0.000000

     H   43       -0.000000        0.000000        0.000000
     H   43        0.000000       -0.000000       -0.000000
     H   43        0.000000       -0.000000        0.000000

     H   44       -0.000000        0.000000        0.000000
     H   44        0.000000       -0.000000       -0.000000
     H   44        0.000000       -0.000000        0.000000

     N   45        0.105879       -0.252489        0.262079
     N   45       -0.252489       -0.096235        0.215321
     N   45        0.262079        0.215321       -0.009644

     N   46       -0.095604        0.254058        0.215985
     N   46        0.254058        0.105835       -0.262017
     N   46        0.215985       -0.262017       -0.010231

     N   47       -0.095683        0.254054       -0.215990
     N   47        0.254054        0.105863        0.261942
     N   47       -0.215990        0.261942       -0.010180

     N   48       -0.084733        0.175220        0.273668
     N   48        0.175220       -0.013894       -0.201805
     N   48        0.273668       -0.201805        0.098627

     N   49       -0.084175        0.175194       -0.273552
     N   49        0.175194       -0.014164        0.202391
     N   49       -0.273552        0.202391        0.098339

     N   50       -0.014501       -0.175273        0.202354
     N   50       -0.175273       -0.084734        0.274114
     N   50        0.202354        0.274114        0.099235

     N   51       -0.014290       -0.175178        0.202198
     N   51       -0.175178       -0.084680        0.274060
     N   51        0.202198        0.274060        0.098971

     N   52       -0.013910       -0.175082       -0.201976
     N   52       -0.175082       -0.084874       -0.273739
     N   52       -0.201976       -0.273739        0.098784

     N   53       -0.084228        0.175289       -0.273606
     N   53        0.175289       -0.014374        0.202548
     N   53       -0.273606        0.202548        0.098603

     N   54       -0.095432        0.253865       -0.215994
     N   54        0.253865        0.105800        0.261783
     N   54       -0.215994        0.261783       -0.010369

     N   55        0.105946       -0.252764       -0.262304
     N   55       -0.252764       -0.096546       -0.215380
     N   55       -0.262304       -0.215380       -0.009401

     N   56        0.105942       -0.252678        0.262239
     N   56       -0.252678       -0.096485        0.215317
     N   56        0.262239        0.215317       -0.009457

     N   57       -0.095353        0.253870        0.215990
     N   57        0.253870        0.105772       -0.261858
     N   57        0.215990       -0.261858       -0.010419

     N   58       -0.084786        0.175315        0.273722
