
     Program QE v.5.3.0 (svn rev. 11974) starts on 22May2016 at 16:29:41 

     This program is part of the open-source Quantum ESPRESSO suite
     for quantum simulation of materials; please cite
         "P. Giannozzi et al., J. Phys.:Condens. Matter 21 395502 (2009);
          URL http://www.quantum-espresso.org", 
     in publications or presentations arising from this work. More details at
     http://www.quantum-espresso.org/quote

     Parallel version (MPI), running on    32 processors
     R & G space division:  proc/nbgrp/npool/nimage =      32

     ***** This is GIPAW svn revision unknown      *****

     Parallelizing q-star over 1 images

     Reading data from directory:
     ./scratch/scf.pbe-ec-100-kp444.HMX-792828-nofor.nostress.save

   Info: using nr1, nr2, nr3 values from input

   Info: using nr1, nr2, nr3 values from input

     IMPORTANT: XC functional enforced from input :
     Exchange-correlation      =  SLA  PW   PBX  PBC ( 1  4  3  4 0 0)
     Any further DFT definition will be discarded
     Please, verify this is what you really want

               file N.pbe-n-kjpaw_psl.1.0.0.UPF: wavefunction(s)  2S renormalized
               file C.pbe-n-kjpaw_psl.1.0.0.UPF: wavefunction(s)  2S 2P renormalized
               file H.pbe-kjpaw_psl.1.0.0.UPF: wavefunction(s)  1S renormalized
               file O.pbe-n-kjpaw_psl.1.0.0.UPF: wavefunction(s)  2S 2P renormalized

     Parallelization info
     --------------------
     sticks:   dense  smooth     PW     G-vecs:    dense   smooth      PW
     Min         638     255     68                58178    14710    2012
     Max         639     256     69                58182    14746    2015
     Sum       20433    8183   2177              1861745   471173   64459


     Subspace diagonalization in iterative solution of the eigenvalue problem:
     a serial algorithm will be used

     GIPAW projectors -----------------------------------------------
     atom=  N    l=0  rc=    1.3000  rs=    0.8667
     atom=  N    l=0  rc=    1.3000  rs=    0.8667
     atom=  N    l=1  rc=    1.3500  rs=    0.9000
     atom=  N    l=1  rc=    1.3500  rs=    0.9000
     projs nearly linearly dependent: l=1  n1,n2= 1, 2  s=  0.99908189

     atom=  C    l=0  rc=    1.2000  rs=    0.8000
     atom=  C    l=0  rc=    1.2000  rs=    0.8000
     atom=  C    l=1  rc=    1.4000  rs=    0.9333
     atom=  C    l=1  rc=    1.4000  rs=    0.9333
     projs nearly linearly dependent: l=1  n1,n2= 1, 2  s=  0.99951561

     atom=  H    l=0  rc=    1.0000  rs=    0.6667
     atom=  H    l=0  rc=    1.0000  rs=    0.6667
     projs nearly linearly dependent: l=0  n1,n2= 1, 2  s=  0.99968852

     atom=  O    l=0  rc=    1.3000  rs=    0.8667
     atom=  O    l=0  rc=    1.3000  rs=    0.8667
     atom=  O    l=1  rc=    1.3500  rs=    0.9000
     atom=  O    l=1  rc=    1.3500  rs=    0.9000
     projs nearly linearly dependent: l=1  n1,n2= 1, 2  s=  0.99790100
     -----------------------------------------------------------------

     GIPAW integrals: -------------------------------------------
     Atom  i/j   nmr_para   nmr_dia   epr_rmc  epr_para   epr_dia
       N   1 1   0.67E+03 -0.31E+00  0.62E+01  0.27E+08  0.20E+03
       N   2 1   0.75E+03 -0.37E+00  0.67E+01  0.30E+08  0.23E+03
       N   2 2   0.85E+03 -0.45E+00  0.74E+01  0.35E+08  0.26E+03
       N   3 3   0.59E+01  0.56E+00  0.34E+01  0.12E+04  0.45E+02
       N   4 3   0.65E+01  0.61E+00  0.38E+01  0.13E+04  0.48E+02
       N   4 4   0.71E+01  0.67E+00  0.43E+01  0.15E+04  0.52E+02
       C   1 1   0.83E+03  0.17E-01  0.93E+01  0.24E+08  0.24E+03
       C   2 1   0.86E+03 -0.61E-01  0.94E+01  0.25E+08  0.25E+03
       C   2 2   0.90E+03 -0.15E+00  0.97E+01  0.26E+08  0.26E+03
       C   3 3   0.33E+01  0.34E+00  0.18E+01  0.55E+03  0.21E+02
       C   4 3   0.35E+01  0.37E+00  0.20E+01  0.59E+03  0.22E+02
       C   4 4   0.38E+01  0.39E+00  0.22E+01  0.63E+03  0.24E+02
       H   1 1   0.39E+02  0.19E+00  0.29E+00  0.78E+05  0.13E+02
       H   2 1   0.41E+02  0.21E+00  0.32E+00  0.82E+05  0.14E+02
       H   2 2   0.43E+02  0.22E+00  0.36E+00  0.86E+05  0.15E+02
       O   1 1   0.81E+03 -0.32E+00  0.65E+01  0.43E+08  0.24E+03
       O   2 1   0.91E+03 -0.39E+00  0.71E+01  0.48E+08  0.27E+03
       O   2 2   0.10E+04 -0.48E+00  0.78E+01  0.55E+08  0.31E+03
       O   3 3   0.99E+01  0.87E+00  0.58E+01  0.24E+04  0.75E+02
       O   4 3   0.11E+02  0.97E+00  0.67E+01  0.27E+04  0.83E+02
       O   4 4   0.12E+02  0.11E+01  0.76E+01  0.31E+04  0.93E+02
     ------------------------------------------------------------

     alpha_pv=     50.7874 eV

     Number of occupied bands for each k-point:
     k-point:     1    nbnd_occ= 112
     k-point:     2    nbnd_occ= 112
     k-point:     3    nbnd_occ= 112
     k-point:     4    nbnd_occ= 112
     k-point:     5    nbnd_occ= 112
     k-point:     6    nbnd_occ= 112
     k-point:     7    nbnd_occ= 112
     k-point:     8    nbnd_occ= 112
     k-point:     9    nbnd_occ= 112
     k-point:    10    nbnd_occ= 112
     k-point:    11    nbnd_occ= 112
     k-point:    12    nbnd_occ= 112
     k-point:    13    nbnd_occ= 112
     k-point:    14    nbnd_occ= 112
     k-point:    15    nbnd_occ= 112
     k-point:    16    nbnd_occ= 112
     k-point:    17    nbnd_occ= 112
     k-point:    18    nbnd_occ= 112
     k-point:    19    nbnd_occ= 112
     k-point:    20    nbnd_occ= 112
     k-point:    21    nbnd_occ= 112
     k-point:    22    nbnd_occ= 112
     k-point:    23    nbnd_occ= 112
     k-point:    24    nbnd_occ= 112
     k-point:    25    nbnd_occ= 112
     k-point:    26    nbnd_occ= 112
     k-point:    27    nbnd_occ= 112
     k-point:    28    nbnd_occ= 112
     k-point:    29    nbnd_occ= 112
     k-point:    30    nbnd_occ= 112
     k-point:    31    nbnd_occ= 112
     k-point:    32    nbnd_occ= 112


     GIPAW job: efg                                                                             


     ELECTRIC FIELD GRADIENTS TENSORS IN Hartree/bohrradius^2:

     ----- bare term -----
     N    1       -0.051934       -0.129380        0.157285
     N    1       -0.129380        0.058678       -0.134919
     N    1        0.157285       -0.134919       -0.006743

     O    2       -0.058694       -0.286889        0.184918
     O    2       -0.286889        0.121385       -0.241859
     O    2        0.184918       -0.241859       -0.062691

     N    3       -0.145870       -0.466239        0.646662
     N    3       -0.466239        0.557703       -0.634311
     N    3        0.646662       -0.634311       -0.411833

     N    4       -0.134879        0.083222        0.235601
     N    4        0.083222        0.062836        0.146542
     N    4        0.235601        0.146542        0.072043

     O    5       -0.133821        0.061569        0.114621
     O    5        0.061569        0.145681        0.385284
     O    5        0.114621        0.385284       -0.011861

     N    6       -0.281322        0.456654        0.100180
     N    6        0.456654        0.214664        0.967103
     N    6        0.100180        0.967103        0.066659

     O    7       -0.041759       -0.296385        0.128184
     O    7       -0.296385        0.161739       -0.393346
     O    7        0.128184       -0.393346       -0.119979

     C    8       -0.089184       -0.072787        0.108537
     C    8       -0.072787        0.012549       -0.026713
     C    8        0.108537       -0.026713        0.076635

     H    9       -0.332945       -0.245302       -0.577291
     H    9       -0.245302        0.480152       -0.124073
     H    9       -0.577291       -0.124073       -0.147207

     H   10        0.242895        0.286641        0.244507
     H   10        0.286641       -0.629538       -0.392425
     H   10        0.244507       -0.392425        0.386643

     O   11       -0.278296        0.184784        0.067295
     O   11        0.184784        0.190099        0.308016
     O   11        0.067295        0.308016        0.088197

     C   12       -0.064675       -0.048955        0.083972
     C   12       -0.048955        0.066286        0.036110
     C   12        0.083972        0.036110       -0.001611

     H   13       -0.462985       -0.410057       -0.417191
     H   13       -0.410057        0.279365       -0.196292
     H   13       -0.417191       -0.196292        0.183620

     H   14        0.286766       -0.040829        0.211641
     H   14       -0.040829       -0.053401        0.597665
     H   14        0.211641        0.597665       -0.233365

     H   15        0.286767        0.040828        0.211641
     H   15        0.040828       -0.053402       -0.597665
     H   15        0.211641       -0.597665       -0.233365

     H   16       -0.462985        0.410058       -0.417190
     H   16        0.410058        0.279365        0.196292
     H   16       -0.417190        0.196292        0.183620

     C   17       -0.064674        0.048955        0.083972
     C   17        0.048955        0.066287       -0.036108
     C   17        0.083972       -0.036108       -0.001613

     O   18       -0.278292       -0.184779        0.067290
     O   18       -0.184779        0.190096       -0.308005
     O   18        0.067290       -0.308005        0.088196

     H   19        0.242894       -0.286641        0.244507
     H   19       -0.286641       -0.629537        0.392425
     H   19        0.244507        0.392425        0.386643

     H   20       -0.332944        0.245302       -0.577291
     H   20        0.245302        0.480151        0.124073
     H   20       -0.577291        0.124073       -0.147207

     C   21       -0.089181        0.072786        0.108537
     C   21        0.072786        0.012545        0.026714
     C   21        0.108537        0.026714        0.076636

     O   22       -0.041759        0.296369        0.128178
     O   22        0.296369        0.161730        0.393330
     O   22        0.128178        0.393330       -0.119971

     N   23       -0.281328       -0.456659        0.100180
     N   23       -0.456659        0.214671       -0.967114
     N   23        0.100180       -0.967114        0.066657

     O   24       -0.133817       -0.061567        0.114613
     O   24       -0.061567        0.145676       -0.385271
     O   24        0.114613       -0.385271       -0.011859

     N   25       -0.134879       -0.083223        0.235604
     N   25       -0.083223        0.062837       -0.146547
     N   25        0.235604       -0.146547        0.072042

     N   26       -0.145872        0.466242        0.646661
     N   26        0.466242        0.557702        0.634309
     N   26        0.646661        0.634309       -0.411831

     O   27       -0.058703        0.286904        0.184923
     O   27        0.286904        0.121392        0.241870
     O   27        0.184923        0.241870       -0.062689

     N   28       -0.051936        0.129382        0.157287
     N   28        0.129382        0.058678        0.134921
     N   28        0.157287        0.134921       -0.006742

     H   29        0.286766       -0.040829        0.211641
     H   29       -0.040829       -0.053401        0.597665
     H   29        0.211641        0.597665       -0.233365

     H   30       -0.462985       -0.410057       -0.417191
     H   30       -0.410057        0.279365       -0.196292
     H   30       -0.417191       -0.196292        0.183620

     C   31       -0.064675       -0.048955        0.083972
     C   31       -0.048955        0.066286        0.036110
     C   31        0.083972        0.036110       -0.001611

     O   32       -0.278296        0.184784        0.067295
     O   32        0.184784        0.190099        0.308016
     O   32        0.067295        0.308016        0.088197

     H   33        0.242895        0.286642        0.244507
     H   33        0.286642       -0.629538       -0.392425
     H   33        0.244507       -0.392425        0.386643

     H   34       -0.332945       -0.245302       -0.577291
     H   34       -0.245302        0.480152       -0.124073
     H   34       -0.577291       -0.124073       -0.147207

     C   35       -0.089184       -0.072787        0.108537
     C   35       -0.072787        0.012549       -0.026713
     C   35        0.108537       -0.026713        0.076635

     O   36       -0.041760       -0.296385        0.128184
     O   36       -0.296385        0.161739       -0.393346
     O   36        0.128184       -0.393346       -0.119979

     N   37       -0.281322        0.456654        0.100180
     N   37        0.456654        0.214664        0.967103
     N   37        0.100180        0.967103        0.066659

     O   38       -0.133821        0.061569        0.114621
     O   38        0.061569        0.145681        0.385284
     O   38        0.114621        0.385284       -0.011861

     N   39       -0.134879        0.083222        0.235601
     N   39        0.083222        0.062836        0.146542
     N   39        0.235601        0.146542        0.072043

     N   40       -0.145870       -0.466239        0.646662
     N   40       -0.466239        0.557703       -0.634311
     N   40        0.646662       -0.634311       -0.411833

     O   41       -0.058694       -0.286889        0.184918
     O   41       -0.286889        0.121385       -0.241859
     O   41        0.184918       -0.241859       -0.062691

     N   42       -0.051934       -0.129380        0.157285
     N   42       -0.129380        0.058678       -0.134919
     N   42        0.157285       -0.134919       -0.006743

     H   43        0.286767        0.040828        0.211641
     H   43        0.040828       -0.053402       -0.597665
     H   43        0.211641       -0.597665       -0.233365

     H   44       -0.462985        0.410058       -0.417190
     H   44        0.410058        0.279365        0.196292
     H   44       -0.417190        0.196292        0.183620

     C   45       -0.064674        0.048955        0.083972
     C   45        0.048955        0.066287       -0.036108
     C   45        0.083972       -0.036108       -0.001613

     O   46       -0.278292       -0.184779        0.067290
     O   46       -0.184779        0.190096       -0.308005
     O   46        0.067290       -0.308005        0.088196

     H   47        0.242894       -0.286641        0.244507
     H   47       -0.286641       -0.629537        0.392425
     H   47        0.244507        0.392425        0.386642

     H   48       -0.332944        0.245302       -0.577291
     H   48        0.245302        0.480151        0.124073
     H   48       -0.577291        0.124073       -0.147207

     C   49       -0.089181        0.072786        0.108537
     C   49        0.072786        0.012545        0.026714
     C   49        0.108537        0.026714        0.076636

     O   50       -0.041759        0.296369        0.128177
     O   50        0.296369        0.161730        0.393330
     O   50        0.128177        0.393330       -0.119972

     N   51       -0.281328       -0.456659        0.100180
     N   51       -0.456659        0.214671       -0.967114
     N   51        0.100180       -0.967114        0.066657

     O   52       -0.133817       -0.061567        0.114613
     O   52       -0.061567        0.145676       -0.385271
     O   52        0.114613       -0.385271       -0.011859

     N   53       -0.134879       -0.083223        0.235604
     N   53       -0.083223        0.062837       -0.146547
     N   53        0.235604       -0.146547        0.072042

     N   54       -0.145871        0.466243        0.646661
     N   54        0.466243        0.557702        0.634309
     N   54        0.646661        0.634309       -0.411831

     O   55       -0.058702        0.286904        0.184923
     O   55        0.286904        0.121391        0.241870
     O   55        0.184923        0.241870       -0.062689

     N   56       -0.051936        0.129382        0.157287
     N   56        0.129382        0.058678        0.134921
     N   56        0.157287        0.134921       -0.006742

     ----- ionic term -----
     N    1        0.189583        0.429699       -0.215591
     N    1        0.429699       -0.170564        0.435351
     N    1       -0.215591        0.435351       -0.019019

     O    2        0.399826        0.245891       -0.624409
     O    2        0.245891       -0.342831       -0.060412
     O    2       -0.624409       -0.060412       -0.056995

     N    3        0.139555        0.493860       -0.682225
     N    3        0.493860       -0.563677        0.662280
     N    3       -0.682225        0.662280        0.424122

     N    4        0.357038       -0.164004       -0.495286
     N    4       -0.164004       -0.145124       -0.427209
     N    4       -0.495286       -0.427209       -0.211914

     O    5       -0.439450        0.030030       -0.072062
     O    5        0.030030        0.078425       -0.713027
     O    5       -0.072062       -0.713027        0.361025

     N    6        0.306332       -0.456389       -0.091158
     N    6       -0.456389       -0.218918       -1.019356
     N    6       -0.091158       -1.019356       -0.087414

     O    7       -0.384492       -0.001407       -0.205032
     O    7       -0.001407       -0.225775        0.630715
     O    7       -0.205032        0.630715        0.610267

     C    8        0.153334        0.074962       -0.229080
     C    8        0.074962       -0.096363       -0.176893
     C    8       -0.229080       -0.176893       -0.056971

     H    9        0.448306        0.395351        0.915123
     H    9        0.395351       -0.680881        0.249131
     H    9        0.915123        0.249131        0.232575

     H   10       -0.441713       -0.442428       -0.325653
     H   10       -0.442428        0.969416        0.631297
     H   10       -0.325653        0.631297       -0.527703

     O   11        0.484461       -0.583736        0.337454
     O   11       -0.583736       -0.137983       -0.250467
     O   11        0.337454       -0.250467       -0.346477

     C   12        0.008484       -0.160016       -0.085001
     C   12       -0.160016       -0.068066        0.092283
     C   12       -0.085001        0.092283        0.059581

     H   13        0.784489        0.707155        0.627804
     H   13        0.707155       -0.401394        0.316597
     H   13        0.627804        0.316597       -0.383095

     H   14       -0.489772        0.181001       -0.373974
     H   14        0.181001        0.146513       -0.961966
     H   14       -0.373974       -0.961966        0.343259

     H   15       -0.489772       -0.181001       -0.373974
     H   15       -0.181001        0.146513        0.961966
     H   15       -0.373974        0.961966        0.343259

     H   16        0.784489       -0.707155        0.627804
     H   16       -0.707155       -0.401394       -0.316597
     H   16        0.627804       -0.316597       -0.383095

     C   17        0.008484        0.160016       -0.085001
     C   17        0.160016       -0.068066       -0.092283
     C   17       -0.085001       -0.092283        0.059581

     O   18        0.484461        0.583736        0.337454
     O   18        0.583736       -0.137983        0.250467
     O   18        0.337454        0.250467       -0.346477

     H   19       -0.441713        0.442428       -0.325653
     H   19        0.442428        0.969416       -0.631297
     H   19       -0.325653       -0.631297       -0.527703

     H   20        0.448306       -0.395351        0.915123
     H   20       -0.395351       -0.680881       -0.249131
     H   20        0.915123       -0.249131        0.232575

     C   21        0.153334       -0.074962       -0.229080
     C   21       -0.074962       -0.096363        0.176893
     C   21       -0.229080        0.176893       -0.056971

     O   22       -0.384492        0.001407       -0.205032
     O   22        0.001407       -0.225775       -0.630715
     O   22       -0.205032       -0.630715        0.610267

     N   23        0.306332        0.456389       -0.091158
     N   23        0.456389       -0.218918        1.019356
     N   23       -0.091158        1.019356       -0.087414

     O   24       -0.439450       -0.030030       -0.072062
     O   24       -0.030030        0.078425        0.713027
     O   24       -0.072062        0.713027        0.361025

     N   25        0.357038        0.164004       -0.495286
     N   25        0.164004       -0.145124        0.427209
     N   25       -0.495286        0.427209       -0.211914

     N   26        0.139555       -0.493860       -0.682225
     N   26       -0.493860       -0.563677       -0.662280
     N   26       -0.682225       -0.662280        0.424122

     O   27        0.399826       -0.245891       -0.624409
     O   27       -0.245891       -0.342831        0.060412
     O   27       -0.624409        0.060412       -0.056995

     N   28        0.189583       -0.429699       -0.215591
     N   28       -0.429699       -0.170564       -0.435351
     N   28       -0.215591       -0.435351       -0.019019

     H   29       -0.489772        0.181001       -0.373974
     H   29        0.181001        0.146513       -0.961966
     H   29       -0.373974       -0.961966        0.343259

     H   30        0.784489        0.707155        0.627804
     H   30        0.707155       -0.401394        0.316597
     H   30        0.627804        0.316597       -0.383095

     C   31        0.008484       -0.160016       -0.085001
     C   31       -0.160016       -0.068066        0.092283
     C   31       -0.085001        0.092283        0.059581

     O   32        0.484461       -0.583736        0.337454
     O   32       -0.583736       -0.137983       -0.250467
     O   32        0.337454       -0.250467       -0.346477

     H   33       -0.441713       -0.442428       -0.325653
     H   33       -0.442428        0.969416        0.631297
     H   33       -0.325653        0.631297       -0.527703

     H   34        0.448306        0.395351        0.915123
     H   34        0.395351       -0.680881        0.249131
     H   34        0.915123        0.249131        0.232575

     C   35        0.153334        0.074962       -0.229080
     C   35        0.074962       -0.096363       -0.176893
     C   35       -0.229080       -0.176893       -0.056971

     O   36       -0.384492       -0.001407       -0.205032
     O   36       -0.001407       -0.225775        0.630715
     O   36       -0.205032        0.630715        0.610267

     N   37        0.306332       -0.456389       -0.091158
     N   37       -0.456389       -0.218918       -1.019356
     N   37       -0.091158       -1.019356       -0.087414

     O   38       -0.439450        0.030030       -0.072062
     O   38        0.030030        0.078425       -0.713027
     O   38       -0.072062       -0.713027        0.361025

     N   39        0.357038       -0.164004       -0.495286
     N   39       -0.164004       -0.145124       -0.427209
     N   39       -0.495286       -0.427209       -0.211914

     N   40        0.139555        0.493860       -0.682225
     N   40        0.493860       -0.563677        0.662280
     N   40       -0.682225        0.662280        0.424122

     O   41        0.399826        0.245891       -0.624409
     O   41        0.245891       -0.342831       -0.060412
     O   41       -0.624409       -0.060412       -0.056995

     N   42        0.189583        0.429699       -0.215591
     N   42        0.429699       -0.170564        0.435351
     N   42       -0.215591        0.435351       -0.019019

     H   43       -0.489772       -0.181001       -0.373974
     H   43       -0.181001        0.146513        0.961966
     H   43       -0.373974        0.961966        0.343259

     H   44        0.784489       -0.707155        0.627804
     H   44       -0.707155       -0.401394       -0.316597
     H   44        0.627804       -0.316597       -0.383095

     C   45        0.008484        0.160016       -0.085001
     C   45        0.160016       -0.068066       -0.092283
     C   45       -0.085001       -0.092283        0.059581

     O   46        0.484461        0.583736        0.337454
     O   46        0.583736       -0.137983        0.250467
     O   46        0.337454        0.250467       -0.346477

     H   47       -0.441713        0.442428       -0.325653
     H   47        0.442428        0.969416       -0.631297
     H   47       -0.325653       -0.631297       -0.527703

     H   48        0.448306       -0.395351        0.915123
     H   48       -0.395351       -0.680881       -0.249131
     H   48        0.915123       -0.249131        0.232575

     C   49        0.153334       -0.074962       -0.229080
     C   49       -0.074962       -0.096363        0.176893
     C   49       -0.229080        0.176893       -0.056971

     O   50       -0.384492        0.001407       -0.205032
     O   50        0.001407       -0.225775       -0.630715
     O   50       -0.205032       -0.630715        0.610267

     N   51        0.306332        0.456389       -0.091158
     N   51        0.456389       -0.218918        1.019356
     N   51       -0.091158        1.019356       -0.087414

     O   52       -0.439450       -0.030030       -0.072062
     O   52       -0.030030        0.078425        0.713027
     O   52       -0.072062        0.713027        0.361025

     N   53        0.357038        0.164004       -0.495286
     N   53        0.164004       -0.145124        0.427209
     N   53       -0.495286        0.427209       -0.211914

     N   54        0.139555       -0.493860       -0.682225
     N   54       -0.493860       -0.563677       -0.662280
     N   54       -0.682225       -0.662280        0.424122

     O   55        0.399826       -0.245891       -0.624409
     O   55       -0.245891       -0.342831        0.060412
     O   55       -0.624409        0.060412       -0.056995

     N   56        0.189583       -0.429699       -0.215591
     N   56       -0.429699       -0.170564       -0.435351
     N   56       -0.215591       -0.435351       -0.019019

     ----- GIPAW term -----
     N    1        0.222859        0.471959       -0.126276
     N    1        0.471959       -0.200962        0.490583
     N    1       -0.126276        0.490583       -0.021898

     O    2        0.798129       -0.142088       -1.013569
     O    2       -0.142088       -0.486627       -0.770728
     O    2       -1.013569       -0.770728       -0.311502

     N    3       -0.000286        0.079807       -0.001464
     N    3        0.079807        0.022840        0.044353
     N    3       -0.001464        0.044353       -0.022554

     N    4        0.333830       -0.155723       -0.408154
     N    4       -0.155723       -0.112063       -0.467103
     N    4       -0.408154       -0.467103       -0.221768

     O    5       -1.402592        0.242366        0.115671
     O    5        0.242366        0.558786       -0.701021
     O    5        0.115671       -0.701021        0.843806

     N    6        0.083419        0.034322       -0.028526
     N    6        0.034322       -0.042713       -0.051482
     N    6       -0.028526       -0.051482       -0.040706

     O    7       -1.032041       -0.753794       -0.141362
     O    7       -0.753794       -0.108525        0.508249
     O    7       -0.141362        0.508249        1.140566

     C    8        0.061720       -0.003624       -0.130855
     C    8       -0.003624       -0.085672       -0.227086
     C    8       -0.130855       -0.227086        0.023952

     H    9        0.000000        0.000000        0.000000
     H    9        0.000000       -0.000000        0.000000
     H    9        0.000000        0.000000       -0.000000

     H   10        0.000000        0.000000        0.000000
     H   10        0.000000       -0.000000        0.000000
     H   10        0.000000        0.000000       -0.000000

     O   11        0.457475       -0.915899        0.989270
     O   11       -0.915899        0.151470        0.208737
     O   11        0.989270        0.208737       -0.608945

     C   12       -0.065471       -0.244746       -0.001196
     C   12       -0.244746       -0.001173        0.145730
     C   12       -0.001196        0.145730        0.066643

     H   13        0.000000        0.000000        0.000000
     H   13        0.000000       -0.000000        0.000000
     H   13        0.000000        0.000000       -0.000000

     H   14        0.000000        0.000000        0.000000
     H   14        0.000000       -0.000000        0.000000
     H   14        0.000000        0.000000       -0.000000

     H   15        0.000000        0.000000        0.000000
     H   15        0.000000       -0.000000        0.000000
     H   15        0.000000        0.000000       -0.000000

     H   16        0.000000        0.000000        0.000000
     H   16        0.000000       -0.000000        0.000000
     H   16        0.000000        0.000000       -0.000000

     C   17       -0.065471        0.244746       -0.001196
     C   17        0.244746       -0.001172       -0.145728
     C   17       -0.001196       -0.145728        0.066643

     O   18        0.457486        0.915914        0.989260
     O   18        0.915914        0.151460       -0.208708
     O   18        0.989260       -0.208708       -0.608946

     H   19        0.000000        0.000000        0.000000
     H   19        0.000000       -0.000000        0.000000
     H   19        0.000000        0.000000       -0.000000

     H   20        0.000000        0.000000        0.000000
     H   20        0.000000       -0.000000        0.000000
     H   20        0.000000        0.000000       -0.000000

     C   21        0.061723        0.003623       -0.130855
     C   21        0.003623       -0.085676        0.227088
     C   21       -0.130855        0.227088        0.023953

     O   22       -1.032051        0.753761       -0.141376
     O   22        0.753761       -0.108541       -0.508289
     O   22       -0.141376       -0.508289        1.140593

     N   23        0.083411       -0.034326       -0.028524
     N   23       -0.034326       -0.042701        0.051465
     N   23       -0.028524        0.051465       -0.040710

     O   24       -1.402581       -0.242362        0.115654
     O   24       -0.242362        0.558773        0.701051
     O   24        0.115654        0.701051        0.843808

     N   25        0.333830        0.155722       -0.408149
     N   25        0.155722       -0.112061        0.467095
     N   25       -0.408149        0.467095       -0.221769

     N   26       -0.000296       -0.079800       -0.001467
     N   26       -0.079800        0.022838       -0.044361
     N   26       -0.001467       -0.044361       -0.022542

     O   27        0.798103        0.142119       -1.013559
     O   27        0.142119       -0.486614        0.770746
     O   27       -1.013559        0.770746       -0.311489

     N   28        0.222855       -0.471957       -0.126272
     N   28       -0.471957       -0.200960       -0.490581
     N   28       -0.126272       -0.490581       -0.021895

     H   29        0.000000        0.000000        0.000000
     H   29        0.000000       -0.000000        0.000000
     H   29        0.000000        0.000000       -0.000000

     H   30        0.000000        0.000000        0.000000
     H   30        0.000000       -0.000000        0.000000
     H   30        0.000000        0.000000       -0.000000

     C   31       -0.065471       -0.244746       -0.001196
     C   31       -0.244746       -0.001173        0.145730
     C   31       -0.001196        0.145730        0.066643

     O   32        0.457475       -0.915899        0.989271
     O   32       -0.915899        0.151470        0.208737
     O   32        0.989271        0.208737       -0.608945

     H   33        0.000000        0.000000        0.000000
     H   33        0.000000       -0.000000        0.000000
     H   33        0.000000        0.000000       -0.000000

     H   34        0.000000        0.000000        0.000000
     H   34        0.000000       -0.000000        0.000000
     H   34        0.000000        0.000000       -0.000000

     C   35        0.061720       -0.003624       -0.130855
     C   35       -0.003624       -0.085672       -0.227086
     C   35       -0.130855       -0.227086        0.023952

     O   36       -1.032042       -0.753794       -0.141362
     O   36       -0.753794       -0.108525        0.508250
     O   36       -0.141362        0.508250        1.140567

     N   37        0.083419        0.034322       -0.028526
     N   37        0.034322       -0.042713       -0.051481
     N   37       -0.028526       -0.051481       -0.040706

     O   38       -1.402592        0.242366        0.115671
     O   38        0.242366        0.558786       -0.701022
     O   38        0.115671       -0.701022        0.843806

     N   39        0.333831       -0.155723       -0.408154
     N   39       -0.155723       -0.112063       -0.467103
     N   39       -0.408154       -0.467103       -0.221768

     N   40       -0.000286        0.079807       -0.001464
     N   40        0.079807        0.022840        0.044353
     N   40       -0.001464        0.044353       -0.022554

     O   41        0.798129       -0.142088       -1.013569
     O   41       -0.142088       -0.486628       -0.770728
     O   41       -1.013569       -0.770728       -0.311501

     N   42        0.222859        0.471959       -0.126276
     N   42        0.471959       -0.200962        0.490583
     N   42       -0.126276        0.490583       -0.021898

     H   43        0.000000        0.000000        0.000000
     H   43        0.000000       -0.000000        0.000000
     H   43        0.000000        0.000000       -0.000000

     H   44        0.000000        0.000000        0.000000
     H   44        0.000000       -0.000000        0.000000
     H   44        0.000000        0.000000       -0.000000

     C   45       -0.065471        0.244746       -0.001196
     C   45        0.244746       -0.001172       -0.145728
     C   45       -0.001196       -0.145728        0.066643

     O   46        0.457486        0.915914        0.989260
     O   46        0.915914        0.151461       -0.208707
     O   46        0.989260       -0.208707       -0.608947

     H   47        0.000000        0.000000        0.000000
     H   47        0.000000       -0.000000        0.000000
     H   47        0.000000        0.000000       -0.000000

     H   48        0.000000        0.000000        0.000000
     H   48        0.000000       -0.000000        0.000000
     H   48        0.000000        0.000000       -0.000000

     C   49        0.061723        0.003623       -0.130855
     C   49        0.003623       -0.085676        0.227088
     C   49       -0.130855        0.227088        0.023953

     O   50       -1.032051        0.753762       -0.141376
     O   50        0.753762       -0.108542       -0.508288
     O   50       -0.141376       -0.508288        1.140593

     N   51        0.083411       -0.034325       -0.028524
     N   51       -0.034325       -0.042700        0.051465
     N   51       -0.028524        0.051465       -0.040711

     O   52       -1.402581       -0.242362        0.115654
     O   52       -0.242362        0.558773        0.701051
     O   52        0.115654        0.701051        0.843808

     N   53        0.333830        0.155722       -0.408149
     N   53        0.155722       -0.112061        0.467095
     N   53       -0.408149        0.467095       -0.221769

     N   54       -0.000295       -0.079800       -0.001467
     N   54       -0.079800        0.022838       -0.044361
     N   54       -0.001467       -0.044361       -0.022542

     O   55        0.798104        0.142119       -1.013560
     O   55        0.142119       -0.486614        0.770746
     O   55       -1.013560        0.770746       -0.311489

     N   56        0.222855       -0.471957       -0.126272
     N   56       -0.471957       -0.200960       -0.490580
     N   56       -0.126272       -0.490580       -0.021895

     ----- total EFG -----
     N    1        0.360508        0.772277       -0.184582
     N    1        0.772277       -0.312847        0.791015
     N    1       -0.184582        0.791015       -0.047661

     O    2        1.139261       -0.183086       -1.453060
     O    2       -0.183086       -0.708073       -1.072999
     O    2       -1.453060       -1.072999       -0.431187

     N    3       -0.006601        0.107428       -0.037026
     N    3        0.107428        0.016866        0.072322
     N    3       -0.037026        0.072322       -0.010265

     N    4        0.555990       -0.236504       -0.667838
     N    4       -0.236504       -0.194351       -0.747771
     N    4       -0.667838       -0.747771       -0.361639

     O    5       -1.975863        0.333965        0.158230
     O    5        0.333965        0.782893       -1.028764
     O    5        0.158230       -1.028764        1.192970

     N    6        0.108428        0.034587       -0.019504
     N    6        0.034587       -0.046968       -0.103735
     N    6       -0.019504       -0.103735       -0.061461

     O    7       -1.458293       -1.051586       -0.218210
     O    7       -1.051586       -0.172561        0.745619
     O    7       -0.218210        0.745619        1.630854

     C    8        0.125870       -0.001449       -0.251397
     C    8       -0.001449       -0.169486       -0.430692
     C    8       -0.251397       -0.430692        0.043616

     H    9        0.115361        0.150049        0.337832
     H    9        0.150049       -0.200729        0.125058
     H    9        0.337832        0.125058        0.085368

     H   10       -0.198819       -0.155787       -0.081146
     H   10       -0.155787        0.339878        0.238872
     H   10       -0.081146        0.238872       -0.141060

     O   11        0.663639       -1.314851        1.394020
     O   11       -1.314851        0.203586        0.266286
     O   11        1.394020        0.266286       -0.867225

     C   12       -0.121661       -0.453718       -0.002225
     C   12       -0.453718       -0.002952        0.274123
     C   12       -0.002225        0.274123        0.124613

     H   13        0.321504        0.297097        0.210614
     H   13        0.297097       -0.122029        0.120305
     H   13        0.210614        0.120305       -0.199475

     H   14       -0.203006        0.140172       -0.162332
     H   14        0.140172        0.093111       -0.364301
     H   14       -0.162332       -0.364301        0.109894

     H   15       -0.203005       -0.140172       -0.162332
     H   15       -0.140172        0.093111        0.364301
     H   15       -0.162332        0.364301        0.109894

     H   16        0.321504       -0.297097        0.210614
     H   16       -0.297097       -0.122030       -0.120305
     H   16        0.210614       -0.120305       -0.199474

     C   17       -0.121660        0.453718       -0.002225
     C   17        0.453718       -0.002951       -0.274120
     C   17       -0.002225       -0.274120        0.124612

     O   18        0.663655        1.314871        1.394004
     O   18        1.314871        0.203572       -0.266247
     O   18        1.394004       -0.266247       -0.867227

     H   19       -0.198819        0.155788       -0.081146
     H   19        0.155788        0.339879       -0.238872
     H   19       -0.081146       -0.238872       -0.141060

