
     Program QE v.5.3.0 (svn rev. 11974) starts on 23May2016 at 17: 2:59 

     This program is part of the open-source Quantum ESPRESSO suite
     for quantum simulation of materials; please cite
         "P. Giannozzi et al., J. Phys.:Condens. Matter 21 395502 (2009);
          URL http://www.quantum-espresso.org", 
     in publications or presentations arising from this work. More details at
     http://www.quantum-espresso.org/quote

     Parallel version (MPI), running on    32 processors
     R & G space division:  proc/nbgrp/npool/nimage =      32

     ***** This is GIPAW svn revision unknown      *****

     Parallelizing q-star over 1 images

     Reading data from directory:
     ./scratch/scf.pbe-ec-260-kp444.HMX-792827-nofor.nostress.save

   Info: using nr1, nr2, nr3 values from input

   Info: using nr1, nr2, nr3 values from input

     IMPORTANT: XC functional enforced from input :
     Exchange-correlation      =  SLA  PW   PBX  PBC ( 1  4  3  4 0 0)
     Any further DFT definition will be discarded
     Please, verify this is what you really want

               file N.pbe-n-kjpaw_psl.1.0.0.UPF: wavefunction(s)  2S renormalized
               file C.pbe-n-kjpaw_psl.1.0.0.UPF: wavefunction(s)  2S 2P renormalized
               file H.pbe-kjpaw_psl.1.0.0.UPF: wavefunction(s)  1S renormalized
               file O.pbe-n-kjpaw_psl.1.0.0.UPF: wavefunction(s)  2S 2P renormalized

     Parallelization info
     --------------------
     sticks:   dense  smooth     PW     G-vecs:    dense   smooth      PW
     Min        1656     662    172               242771    61394    8129
     Max        1657     663    173               242775    61438    8132
     Sum       53005   21191   5529              7768735  1965263  260171


     Subspace diagonalization in iterative solution of the eigenvalue problem:
     a serial algorithm will be used

     GIPAW projectors -----------------------------------------------
     atom=  N    l=0  rc=    1.3000  rs=    0.8667
     atom=  N    l=0  rc=    1.3000  rs=    0.8667
     atom=  N    l=1  rc=    1.3500  rs=    0.9000
     atom=  N    l=1  rc=    1.3500  rs=    0.9000
     projs nearly linearly dependent: l=1  n1,n2= 1, 2  s=  0.99908189

     atom=  C    l=0  rc=    1.2000  rs=    0.8000
     atom=  C    l=0  rc=    1.2000  rs=    0.8000
     atom=  C    l=1  rc=    1.4000  rs=    0.9333
     atom=  C    l=1  rc=    1.4000  rs=    0.9333
     projs nearly linearly dependent: l=1  n1,n2= 1, 2  s=  0.99951561

     atom=  H    l=0  rc=    1.0000  rs=    0.6667
     atom=  H    l=0  rc=    1.0000  rs=    0.6667
     projs nearly linearly dependent: l=0  n1,n2= 1, 2  s=  0.99968852

     atom=  O    l=0  rc=    1.3000  rs=    0.8667
     atom=  O    l=0  rc=    1.3000  rs=    0.8667
     atom=  O    l=1  rc=    1.3500  rs=    0.9000
     atom=  O    l=1  rc=    1.3500  rs=    0.9000
     projs nearly linearly dependent: l=1  n1,n2= 1, 2  s=  0.99790100
     -----------------------------------------------------------------

     GIPAW integrals: -------------------------------------------
     Atom  i/j   nmr_para   nmr_dia   epr_rmc  epr_para   epr_dia
       N   1 1   0.67E+03 -0.31E+00  0.62E+01  0.27E+08  0.20E+03
       N   2 1   0.75E+03 -0.37E+00  0.67E+01  0.30E+08  0.23E+03
       N   2 2   0.85E+03 -0.45E+00  0.74E+01  0.35E+08  0.26E+03
       N   3 3   0.59E+01  0.56E+00  0.34E+01  0.12E+04  0.45E+02
       N   4 3   0.65E+01  0.61E+00  0.38E+01  0.13E+04  0.48E+02
       N   4 4   0.71E+01  0.67E+00  0.43E+01  0.15E+04  0.52E+02
       C   1 1   0.83E+03  0.17E-01  0.93E+01  0.24E+08  0.24E+03
       C   2 1   0.86E+03 -0.61E-01  0.94E+01  0.25E+08  0.25E+03
       C   2 2   0.90E+03 -0.15E+00  0.97E+01  0.26E+08  0.26E+03
       C   3 3   0.33E+01  0.34E+00  0.18E+01  0.55E+03  0.21E+02
       C   4 3   0.35E+01  0.37E+00  0.20E+01  0.59E+03  0.22E+02
       C   4 4   0.38E+01  0.39E+00  0.22E+01  0.63E+03  0.24E+02
       H   1 1   0.39E+02  0.19E+00  0.29E+00  0.78E+05  0.13E+02
       H   2 1   0.41E+02  0.21E+00  0.32E+00  0.82E+05  0.14E+02
       H   2 2   0.43E+02  0.22E+00  0.36E+00  0.86E+05  0.15E+02
       O   1 1   0.81E+03 -0.32E+00  0.65E+01  0.43E+08  0.24E+03
       O   2 1   0.91E+03 -0.39E+00  0.71E+01  0.48E+08  0.27E+03
       O   2 2   0.10E+04 -0.48E+00  0.78E+01  0.55E+08  0.31E+03
       O   3 3   0.99E+01  0.87E+00  0.58E+01  0.24E+04  0.75E+02
       O   4 3   0.11E+02  0.97E+00  0.67E+01  0.27E+04  0.83E+02
       O   4 4   0.12E+02  0.11E+01  0.76E+01  0.31E+04  0.93E+02
     ------------------------------------------------------------

     alpha_pv=     50.8989 eV

     Number of occupied bands for each k-point:
     k-point:     1    nbnd_occ= 112
     k-point:     2    nbnd_occ= 112
     k-point:     3    nbnd_occ= 112
     k-point:     4    nbnd_occ= 112
     k-point:     5    nbnd_occ= 112
     k-point:     6    nbnd_occ= 112
     k-point:     7    nbnd_occ= 112
     k-point:     8    nbnd_occ= 112
     k-point:     9    nbnd_occ= 112
     k-point:    10    nbnd_occ= 112
     k-point:    11    nbnd_occ= 112
     k-point:    12    nbnd_occ= 112
     k-point:    13    nbnd_occ= 112
     k-point:    14    nbnd_occ= 112
     k-point:    15    nbnd_occ= 112
     k-point:    16    nbnd_occ= 112
     k-point:    17    nbnd_occ= 112
     k-point:    18    nbnd_occ= 112
     k-point:    19    nbnd_occ= 112
     k-point:    20    nbnd_occ= 112
     k-point:    21    nbnd_occ= 112
     k-point:    22    nbnd_occ= 112
     k-point:    23    nbnd_occ= 112
     k-point:    24    nbnd_occ= 112
     k-point:    25    nbnd_occ= 112
     k-point:    26    nbnd_occ= 112
     k-point:    27    nbnd_occ= 112
     k-point:    28    nbnd_occ= 112
     k-point:    29    nbnd_occ= 112
     k-point:    30    nbnd_occ= 112
     k-point:    31    nbnd_occ= 112
     k-point:    32    nbnd_occ= 112


     GIPAW job: efg                                                                             


     ELECTRIC FIELD GRADIENTS TENSORS IN Hartree/bohrradius^2:

     ----- bare term -----
     N    1       -0.054922       -0.134755        0.151709
     N    1       -0.134755        0.056245       -0.136374
     N    1        0.151709       -0.136374       -0.001322

     O    2       -0.050295       -0.278527        0.178179
     O    2       -0.278527        0.118974       -0.241748
     O    2        0.178179       -0.241748       -0.068679

     N    3       -0.143534       -0.471005        0.636083
     N    3       -0.471005        0.556470       -0.642488
     N    3        0.636083       -0.642488       -0.412935

     N    4       -0.144524        0.082419        0.235951
     N    4        0.082419        0.070354        0.147487
     N    4        0.235951        0.147487        0.074170

     O    5       -0.144167        0.058897        0.114642
     O    5        0.058897        0.147269        0.369531
     O    5        0.114642        0.369531       -0.003102

     N    6       -0.293538        0.449063        0.107294
     N    6        0.449063        0.218745        0.951918
     N    6        0.107294        0.951918        0.074793

     O    7       -0.037377       -0.295088        0.133510
     O    7       -0.295088        0.170296       -0.401484
     O    7        0.133510       -0.401484       -0.132920

     C    8       -0.085780       -0.071442        0.094930
     C    8       -0.071442        0.004671       -0.049220
     C    8        0.094930       -0.049220        0.081108

     H    9       -0.336725       -0.247516       -0.586894
     H    9       -0.247516        0.487467       -0.125110
     H    9       -0.586894       -0.125110       -0.150741

     H   10        0.251421        0.290503        0.247646
     H   10        0.290503       -0.643713       -0.401056
     H   10        0.247646       -0.401056        0.392292

     O   11       -0.273204        0.179540        0.070232
     O   11        0.179540        0.188223        0.304962
     O   11        0.070232        0.304962        0.084982

     C   12       -0.022846       -0.059722        0.072907
     C   12       -0.059722        0.025415        0.037717
     C   12        0.072907        0.037717       -0.002569

     H   13       -0.407285       -0.444603       -0.413137
     H   13       -0.444603        0.221746       -0.214304
     H   13       -0.413137       -0.214304        0.185539

     H   14        0.316000       -0.024072        0.178899
     H   14       -0.024072       -0.073860        0.613204
     H   14        0.178899        0.613204       -0.242140

     H   15        0.316003        0.024071        0.178901
     H   15        0.024071       -0.073864       -0.613204
     H   15        0.178901       -0.613204       -0.242139

     H   16       -0.407282        0.444603       -0.413136
     H   16        0.444603        0.221745        0.214304
     H   16       -0.413136        0.214304        0.185537

     C   17       -0.022844        0.059722        0.072908
     C   17        0.059722        0.025414       -0.037716
     C   17        0.072908       -0.037716       -0.002571

     O   18       -0.273257       -0.179579        0.070246
     O   18       -0.179579        0.188257       -0.305031
     O   18        0.070246       -0.305031        0.085000

     H   19        0.251419       -0.290504        0.247645
     H   19       -0.290504       -0.643710        0.401058
     H   19        0.247645        0.401058        0.392291

     H   20       -0.336726        0.247517       -0.586896
     H   20        0.247517        0.487469        0.125113
     H   20       -0.586896        0.125113       -0.150743

     C   21       -0.085782        0.071444        0.094928
     C   21        0.071444        0.004675        0.049224
     C   21        0.094928        0.049224        0.081108

     O   22       -0.037354        0.294990        0.133454
     O   22        0.294990        0.170230        0.401381
     O   22        0.133454        0.401381       -0.132876

     N   23       -0.293544       -0.449062        0.107294
     N   23       -0.449062        0.218746       -0.951922
     N   23        0.107294       -0.951922        0.074798

     O   24       -0.144127       -0.058882        0.114625
     O   24       -0.058882        0.147239       -0.369458
     O   24        0.114625       -0.369458       -0.003112

     N   25       -0.144518       -0.082421        0.235951
     N   25       -0.082421        0.070353       -0.147491
     N   25        0.235951       -0.147491        0.074166

     N   26       -0.143535        0.471010        0.636085
     N   26        0.471010        0.556470        0.642485
     N   26        0.636085        0.642485       -0.412934

     O   27       -0.050341        0.278627        0.178241
     O   27        0.278627        0.119046        0.241838
     O   27        0.178241        0.241838       -0.068705

     N   28       -0.054913        0.134754        0.151711
     N   28        0.134754        0.056244        0.136381
     N   28        0.151711        0.136381       -0.001331

     H   29        0.316000       -0.024072        0.178899
     H   29       -0.024072       -0.073860        0.613204
     H   29        0.178899        0.613204       -0.242140

     H   30       -0.407285       -0.444603       -0.413137
     H   30       -0.444603        0.221746       -0.214304
     H   30       -0.413137       -0.214304        0.185539

     C   31       -0.022846       -0.059722        0.072907
     C   31       -0.059722        0.025415        0.037717
     C   31        0.072907        0.037717       -0.002569

     O   32       -0.273204        0.179540        0.070232
     O   32        0.179540        0.188223        0.304962
     O   32        0.070232        0.304962        0.084982

     H   33        0.251421        0.290503        0.247646
     H   33        0.290503       -0.643713       -0.401056
     H   33        0.247646       -0.401056        0.392292

     H   34       -0.336725       -0.247516       -0.586894
     H   34       -0.247516        0.487467       -0.125110
     H   34       -0.586894       -0.125110       -0.150741

     C   35       -0.085780       -0.071442        0.094930
     C   35       -0.071442        0.004671       -0.049220
     C   35        0.094930       -0.049220        0.081108

     O   36       -0.037377       -0.295088        0.133510
     O   36       -0.295088        0.170296       -0.401484
     O   36        0.133510       -0.401484       -0.132920

     N   37       -0.293538        0.449063        0.107294
     N   37        0.449063        0.218745        0.951918
     N   37        0.107294        0.951918        0.074793

     O   38       -0.144167        0.058897        0.114642
     O   38        0.058897        0.147269        0.369531
     O   38        0.114642        0.369531       -0.003102

     N   39       -0.144524        0.082419        0.235951
     N   39        0.082419        0.070354        0.147487
     N   39        0.235951        0.147487        0.074170

     N   40       -0.143534       -0.471005        0.636083
     N   40       -0.471005        0.556470       -0.642488
     N   40        0.636083       -0.642488       -0.412935

     O   41       -0.050295       -0.278527        0.178179
     O   41       -0.278527        0.118974       -0.241748
     O   41        0.178179       -0.241748       -0.068679

     N   42       -0.054922       -0.134755        0.151709
     N   42       -0.134755        0.056245       -0.136375
     N   42        0.151709       -0.136375       -0.001322

     H   43        0.316003        0.024071        0.178901
     H   43        0.024071       -0.073864       -0.613204
     H   43        0.178901       -0.613204       -0.242139

     H   44       -0.407282        0.444603       -0.413136
     H   44        0.444603        0.221745        0.214304
     H   44       -0.413136        0.214304        0.185537

     C   45       -0.022844        0.059722        0.072908
     C   45        0.059722        0.025414       -0.037716
     C   45        0.072908       -0.037716       -0.002571

     O   46       -0.273257       -0.179579        0.070246
     O   46       -0.179579        0.188257       -0.305031
     O   46        0.070246       -0.305031        0.085000

     H   47        0.251419       -0.290504        0.247645
     H   47       -0.290504       -0.643710        0.401058
     H   47        0.247645        0.401058        0.392291

     H   48       -0.336726        0.247517       -0.586896
     H   48        0.247517        0.487469        0.125113
     H   48       -0.586896        0.125113       -0.150743

     C   49       -0.085782        0.071444        0.094928
     C   49        0.071444        0.004675        0.049224
     C   49        0.094928        0.049224        0.081108

     O   50       -0.037354        0.294990        0.133454
     O   50        0.294990        0.170230        0.401381
     O   50        0.133454        0.401381       -0.132876

     N   51       -0.293544       -0.449062        0.107294
     N   51       -0.449062        0.218746       -0.951921
     N   51        0.107294       -0.951921        0.074798

     O   52       -0.144127       -0.058882        0.114625
     O   52       -0.058882        0.147239       -0.369458
     O   52        0.114625       -0.369458       -0.003112

     N   53       -0.144518       -0.082421        0.235951
     N   53       -0.082421        0.070353       -0.147491
     N   53        0.235951       -0.147491        0.074166

     N   54       -0.143535        0.471010        0.636085
     N   54        0.471010        0.556470        0.642485
     N   54        0.636085        0.642485       -0.412934

     O   55       -0.050341        0.278627        0.178241
     O   55        0.278627        0.119046        0.241838
     O   55        0.178241        0.241838       -0.068705

     N   56       -0.054913        0.134754        0.151711
     N   56        0.134754        0.056244        0.136381
     N   56        0.151711        0.136381       -0.001331

     ----- ionic term -----
     N    1        0.194955        0.432425       -0.209786
     N    1        0.432425       -0.170528        0.437471
     N    1       -0.209786        0.437471       -0.024427

     O    2        0.400602        0.246082       -0.618211
     O    2        0.246082       -0.339948       -0.063090
     O    2       -0.618211       -0.063090       -0.060654

     N    3        0.137823        0.499599       -0.670182
     N    3        0.499599       -0.562454        0.671251
     N    3       -0.670182        0.671251        0.424631

     N    4        0.367589       -0.163126       -0.495868
     N    4       -0.163126       -0.151866       -0.425321
     N    4       -0.495868       -0.425321       -0.215723

     O    5       -0.433935        0.033624       -0.072960
     O    5        0.033624        0.079334       -0.702938
     O    5       -0.072960       -0.702938        0.354602

     N    6        0.319767       -0.448650       -0.097820
     N    6       -0.448650       -0.223206       -1.004047
     N    6       -0.097820       -1.004047       -0.096561

     O    7       -0.389873       -0.000714       -0.204554
     O    7       -0.000714       -0.228498        0.638325
     O    7       -0.204554        0.638325        0.618370

     C    8        0.151194        0.072265       -0.217794
     C    8        0.072265       -0.089585       -0.158467
     C    8       -0.217794       -0.158467       -0.061609

     H    9        0.465584        0.413756        0.964488
     H    9        0.413756       -0.711393        0.264651
     H    9        0.964488        0.264651        0.245809

     H   10       -0.476635       -0.464403       -0.337197
     H   10       -0.464403        1.027385        0.671147
     H   10       -0.337197        0.671147       -0.550750

     O   11        0.484763       -0.579346        0.335550
     O   11       -0.579346       -0.139319       -0.246810
     O   11        0.335550       -0.246810       -0.345444

     C   12       -0.023463       -0.151729       -0.075229
     C   12       -0.151729       -0.036244        0.092851
     C   12       -0.075229        0.092851        0.059707

     H   13        0.695319        0.764844        0.618272
     H   13        0.764844       -0.309361        0.345339
     H   13        0.618272        0.345339       -0.385959

     H   14       -0.537899        0.154935       -0.330275
     H   14        0.154935        0.178396       -0.993601
     H   14       -0.330275       -0.993601        0.359502

     H   15       -0.537899       -0.154935       -0.330275
     H   15       -0.154935        0.178396        0.993601
     H   15       -0.330275        0.993601        0.359502

     H   16        0.695319       -0.764844        0.618272
     H   16       -0.764844       -0.309361       -0.345339
     H   16        0.618272       -0.345339       -0.385959

     C   17       -0.023463        0.151729       -0.075229
     C   17        0.151729       -0.036244       -0.092851
     C   17       -0.075229       -0.092851        0.059707

     O   18        0.484763        0.579346        0.335550
     O   18        0.579346       -0.139319        0.246810
     O   18        0.335550        0.246810       -0.345444

     H   19       -0.476635        0.464403       -0.337197
     H   19        0.464403        1.027385       -0.671147
     H   19       -0.337197       -0.671147       -0.550750

     H   20        0.465584       -0.413756        0.964488
     H   20       -0.413756       -0.711393       -0.264651
     H   20        0.964488       -0.264651        0.245809

     C   21        0.151194       -0.072265       -0.217794
     C   21       -0.072265       -0.089585        0.158467
     C   21       -0.217794        0.158467       -0.061609

     O   22       -0.389873        0.000714       -0.204554
     O   22        0.000714       -0.228498       -0.638325
     O   22       -0.204554       -0.638325        0.618370

     N   23        0.319767        0.448650       -0.097820
     N   23        0.448650       -0.223206        1.004047
     N   23       -0.097820        1.004047       -0.096561

     O   24       -0.433935       -0.033624       -0.072960
     O   24       -0.033624        0.079334        0.702938
     O   24       -0.072960        0.702938        0.354602

     N   25        0.367589        0.163126       -0.495868
     N   25        0.163126       -0.151866        0.425321
     N   25       -0.495868        0.425321       -0.215723

     N   26        0.137823       -0.499599       -0.670182
     N   26       -0.499599       -0.562454       -0.671251
     N   26       -0.670182       -0.671251        0.424631

     O   27        0.400602       -0.246082       -0.618211
     O   27       -0.246082       -0.339948        0.063090
     O   27       -0.618211        0.063090       -0.060654

     N   28        0.194955       -0.432425       -0.209786
     N   28       -0.432425       -0.170528       -0.437471
     N   28       -0.209786       -0.437471       -0.024427

     H   29       -0.537899        0.154935       -0.330275
     H   29        0.154935        0.178396       -0.993601
     H   29       -0.330275       -0.993601        0.359502

     H   30        0.695319        0.764844        0.618272
     H   30        0.764844       -0.309361        0.345339
     H   30        0.618272        0.345339       -0.385959

     C   31       -0.023463       -0.151729       -0.075229
     C   31       -0.151729       -0.036244        0.092851
     C   31       -0.075229        0.092851        0.059707

     O   32        0.484763       -0.579346        0.335550
     O   32       -0.579346       -0.139319       -0.246810
     O   32        0.335550       -0.246810       -0.345444

     H   33       -0.476635       -0.464403       -0.337197
     H   33       -0.464403        1.027385        0.671147
     H   33       -0.337197        0.671147       -0.550750

     H   34        0.465584        0.413756        0.964488
     H   34        0.413756       -0.711393        0.264651
     H   34        0.964488        0.264651        0.245809

     C   35        0.151194        0.072265       -0.217794
     C   35        0.072265       -0.089585       -0.158467
     C   35       -0.217794       -0.158467       -0.061609

     O   36       -0.389873       -0.000714       -0.204554
     O   36       -0.000714       -0.228498        0.638325
     O   36       -0.204554        0.638325        0.618370

     N   37        0.319767       -0.448650       -0.097820
     N   37       -0.448650       -0.223206       -1.004047
     N   37       -0.097820       -1.004047       -0.096561

     O   38       -0.433935        0.033624       -0.072960
     O   38        0.033624        0.079334       -0.702938
     O   38       -0.072960       -0.702938        0.354602

     N   39        0.367589       -0.163126       -0.495868
     N   39       -0.163126       -0.151866       -0.425321
     N   39       -0.495868       -0.425321       -0.215723

     N   40        0.137823        0.499599       -0.670182
     N   40        0.499599       -0.562454        0.671251
     N   40       -0.670182        0.671251        0.424631

     O   41        0.400602        0.246082       -0.618211
     O   41        0.246082       -0.339948       -0.063090
     O   41       -0.618211       -0.063090       -0.060654

     N   42        0.194955        0.432425       -0.209786
     N   42        0.432425       -0.170528        0.437471
     N   42       -0.209786        0.437471       -0.024427

     H   43       -0.537899       -0.154935       -0.330275
     H   43       -0.154935        0.178396        0.993601
     H   43       -0.330275        0.993601        0.359502

     H   44        0.695319       -0.764844        0.618272
     H   44       -0.764844       -0.309361       -0.345339
     H   44        0.618272       -0.345339       -0.385959

     C   45       -0.023463        0.151729       -0.075229
     C   45        0.151729       -0.036244       -0.092851
     C   45       -0.075229       -0.092851        0.059707

     O   46        0.484763        0.579346        0.335550
     O   46        0.579346       -0.139319        0.246810
     O   46        0.335550        0.246810       -0.345444

     H   47       -0.476635        0.464403       -0.337197
     H   47        0.464403        1.027385       -0.671147
     H   47       -0.337197       -0.671147       -0.550750

     H   48        0.465584       -0.413756        0.964488
     H   48       -0.413756       -0.711393       -0.264651
     H   48        0.964488       -0.264651        0.245809

     C   49        0.151194       -0.072265       -0.217794
     C   49       -0.072265       -0.089585        0.158467
     C   49       -0.217794        0.158467       -0.061609

     O   50       -0.389873        0.000714       -0.204554
     O   50        0.000714       -0.228498       -0.638325
     O   50       -0.204554       -0.638325        0.618370

     N   51        0.319767        0.448650       -0.097820
     N   51        0.448650       -0.223206        1.004047
     N   51       -0.097820        1.004047       -0.096561

     O   52       -0.433935       -0.033624       -0.072960
     O   52       -0.033624        0.079334        0.702938
     O   52       -0.072960        0.702938        0.354602

     N   53        0.367589        0.163126       -0.495868
     N   53        0.163126       -0.151866        0.425321
     N   53       -0.495868        0.425321       -0.215723

     N   54        0.137823       -0.499599       -0.670182
     N   54       -0.499599       -0.562454       -0.671251
     N   54       -0.670182       -0.671251        0.424631

     O   55        0.400602       -0.246082       -0.618211
     O   55       -0.246082       -0.339948        0.063090
     O   55       -0.618211        0.063090       -0.060654

     N   56        0.194955       -0.432425       -0.209786
     N   56       -0.432425       -0.170528       -0.437471
     N   56       -0.209786       -0.437471       -0.024427

     ----- GIPAW term -----
     N    1        0.226445        0.468319       -0.124756
     N    1        0.468319       -0.204201        0.493191
     N    1       -0.124756        0.493191       -0.022244

     O    2        0.822636       -0.118853       -1.016217
     O    2       -0.118853       -0.486066       -0.777043
     O    2       -1.016217       -0.777043       -0.336570

     N    3        0.003257        0.081288       -0.000065
     N    3        0.081288        0.022111        0.043025
     N    3       -0.000065        0.043025       -0.025369

     N    4        0.333192       -0.156317       -0.409714
     N    4       -0.156317       -0.108501       -0.462844
     N    4       -0.409714       -0.462844       -0.224692

     O    5       -1.417643        0.243969        0.113525
     O    5        0.243969        0.565291       -0.721411
     O    5        0.113525       -0.721411        0.852352

     N    6        0.083697        0.033033       -0.026679
     N    6        0.033033       -0.042528       -0.054578
     N    6       -0.026679       -0.054578       -0.041170

     O    7       -1.031826       -0.747868       -0.124789
     O    7       -0.747868       -0.091820        0.502970
     O    7       -0.124789        0.502970        1.123646

     C    8        0.065149       -0.004479       -0.138236
     C    8       -0.004479       -0.090304       -0.239070
     C    8       -0.138236       -0.239070        0.025156

     H    9        0.000000        0.000000        0.000000
     H    9        0.000000       -0.000000        0.000000
     H    9        0.000000        0.000000       -0.000000

     H   10        0.000000        0.000000        0.000000
     H   10        0.000000       -0.000000        0.000000
     H   10        0.000000        0.000000       -0.000000

     O   11        0.473001       -0.920431        0.992694
     O   11       -0.920431        0.142753        0.208499
     O   11        0.992694        0.208499       -0.615754

     C   12       -0.052085       -0.247904       -0.002785
     C   12       -0.247904       -0.013651        0.149332
     C   12       -0.002785        0.149332        0.065735

     H   13        0.000000        0.000000        0.000000
     H   13        0.000000       -0.000000        0.000000
     H   13        0.000000        0.000000       -0.000000

     H   14        0.000000        0.000000        0.000000
     H   14        0.000000       -0.000000        0.000000
     H   14        0.000000        0.000000       -0.000000

     H   15        0.000000        0.000000        0.000000
     H   15        0.000000       -0.000000        0.000000
     H   15        0.000000        0.000000       -0.000000

     H   16        0.000000        0.000000        0.000000
     H   16        0.000000       -0.000000        0.000000
     H   16        0.000000        0.000000       -0.000000

     C   17       -0.052087        0.247904       -0.002786
     C   17        0.247904       -0.013650       -0.149333
     C   17       -0.002786       -0.149333        0.065737

     O   18        0.472878        0.920334        0.992722
     O   18        0.920334        0.142836       -0.208663
     O   18        0.992722       -0.208663       -0.615714

     H   19        0.000000        0.000000        0.000000
     H   19        0.000000       -0.000000        0.000000
     H   19        0.000000        0.000000       -0.000000

     H   20        0.000000        0.000000        0.000000
     H   20        0.000000       -0.000000        0.000000
     H   20        0.000000        0.000000       -0.000000

     C   21        0.065144        0.004480       -0.138236
     C   21        0.004480       -0.090301        0.239069
     C   21       -0.138236        0.239069        0.025157

     O   22       -1.031778        0.747639       -0.124913
     O   22        0.747639       -0.091968       -0.503208
     O   22       -0.124913       -0.503208        1.123747

     N   23        0.083669       -0.033042       -0.026684
     N   23       -0.033042       -0.042518        0.054591
     N   23       -0.026684        0.054591       -0.041151

     O   24       -1.417552       -0.243936        0.113483
     O   24       -0.243936        0.565226        0.721582
     O   24        0.113483        0.721582        0.852326

     N   25        0.333191        0.156310       -0.409715
     N   25        0.156310       -0.108499        0.462839
     N   25       -0.409715        0.462839       -0.224692

     N   26        0.003212       -0.081269       -0.000046
     N   26       -0.081269        0.022120       -0.043056
     N   26       -0.000046       -0.043056       -0.025332

     O   27        0.822517        0.119087       -1.016076
     O   27        0.119087       -0.485903        0.777244
     O   27       -1.016076        0.777244       -0.336614

     N   28        0.226442       -0.468319       -0.124750
     N   28       -0.468319       -0.204199       -0.493192
     N   28       -0.124750       -0.493192       -0.022243

     H   29        0.000000        0.000000        0.000000
     H   29        0.000000       -0.000000        0.000000
     H   29        0.000000        0.000000       -0.000000

     H   30        0.000000        0.000000        0.000000
     H   30        0.000000       -0.000000        0.000000
     H   30        0.000000        0.000000       -0.000000

     C   31       -0.052085       -0.247904       -0.002785
     C   31       -0.247904       -0.013651        0.149332
     C   31       -0.002785        0.149332        0.065735

     O   32        0.473001       -0.920431        0.992694
     O   32       -0.920431        0.142753        0.208499
     O   32        0.992694        0.208499       -0.615754

     H   33        0.000000        0.000000        0.000000
     H   33        0.000000       -0.000000        0.000000
     H   33        0.000000        0.000000       -0.000000

     H   34        0.000000        0.000000        0.000000
     H   34        0.000000       -0.000000        0.000000
     H   34        0.000000        0.000000       -0.000000

     C   35        0.065149       -0.004479       -0.138236
     C   35       -0.004479       -0.090304       -0.239069
     C   35       -0.138236       -0.239069        0.025156

     O   36       -1.031826       -0.747868       -0.124789
     O   36       -0.747868       -0.091820        0.502970
     O   36       -0.124789        0.502970        1.123646

     N   37        0.083697        0.033033       -0.026679
     N   37        0.033033       -0.042528       -0.054578
     N   37       -0.026679       -0.054578       -0.041170

     O   38       -1.417643        0.243969        0.113525
     O   38        0.243969        0.565291       -0.721411
     O   38        0.113525       -0.721411        0.852352

     N   39        0.333192       -0.156317       -0.409714
     N   39       -0.156317       -0.108501       -0.462844
     N   39       -0.409714       -0.462844       -0.224692

     N   40        0.003257        0.081288       -0.000065
     N   40        0.081288        0.022111        0.043025
     N   40       -0.000065        0.043025       -0.025369

     O   41        0.822636       -0.118853       -1.016217
     O   41       -0.118853       -0.486066       -0.777043
     O   41       -1.016217       -0.777043       -0.336570

     N   42        0.226445        0.468319       -0.124756
     N   42        0.468319       -0.204201        0.493191
     N   42       -0.124756        0.493191       -0.022244

     H   43        0.000000        0.000000        0.000000
     H   43        0.000000       -0.000000        0.000000
     H   43        0.000000        0.000000       -0.000000

     H   44        0.000000        0.000000        0.000000
     H   44        0.000000       -0.000000        0.000000
     H   44        0.000000        0.000000       -0.000000

     C   45       -0.052087        0.247904       -0.002786
     C   45        0.247904       -0.013650       -0.149333
     C   45       -0.002786       -0.149333        0.065737

     O   46        0.472878        0.920334        0.992722
     O   46        0.920334        0.142836       -0.208663
     O   46        0.992722       -0.208663       -0.615714

     H   47        0.000000        0.000000        0.000000
     H   47        0.000000       -0.000000        0.000000
     H   47        0.000000        0.000000       -0.000000

     H   48        0.000000        0.000000        0.000000
     H   48        0.000000       -0.000000        0.000000
     H   48        0.000000        0.000000       -0.000000

     C   49        0.065144        0.004480       -0.138236
     C   49        0.004480       -0.090301        0.239069
     C   49       -0.138236        0.239069        0.025157

     O   50       -1.031778        0.747639       -0.124913
     O   50        0.747639       -0.091968       -0.503208
     O   50       -0.124913       -0.503208        1.123747

     N   51        0.083669       -0.033042       -0.026684
     N   51       -0.033042       -0.042518        0.054591
     N   51       -0.026684        0.054591       -0.041151

     O   52       -1.417552       -0.243936        0.113483
     O   52       -0.243936        0.565226        0.721582
     O   52        0.113483        0.721582        0.852326

     N   53        0.333191        0.156310       -0.409715
     N   53        0.156310       -0.108499        0.462839
     N   53       -0.409715        0.462839       -0.224692

     N   54        0.003212       -0.081269       -0.000046
     N   54       -0.081269        0.022120       -0.043056
     N   54       -0.000046       -0.043056       -0.025332

     O   55        0.822517        0.119087       -1.016076
     O   55        0.119087       -0.485903        0.777244
     O   55       -1.016076        0.777244       -0.336614

     N   56        0.226442       -0.468319       -0.124750
     N   56       -0.468319       -0.204199       -0.493192
     N   56       -0.124750       -0.493192       -0.022243

     ----- total EFG -----
     N    1        0.366477        0.765989       -0.182833
     N    1        0.765989       -0.318484        0.794288
     N    1       -0.182833        0.794288       -0.047993

     O    2        1.172942       -0.151298       -1.456249
     O    2       -0.151298       -0.707040       -1.081882
     O    2       -1.456249       -1.081882       -0.465902

     N    3       -0.002454        0.109882       -0.034164
     N    3        0.109882        0.016127        0.071789
     N    3       -0.034164        0.071789       -0.013673

     N    4        0.556258       -0.237024       -0.669632
     N    4       -0.237024       -0.190013       -0.740678
     N    4       -0.669632       -0.740678       -0.366245

     O    5       -1.995745        0.336489        0.155208
     O    5        0.336489        0.791894       -1.054817
     O    5        0.155208       -1.054817        1.203851

     N    6        0.109926        0.033445       -0.017205
     N    6        0.033445       -0.046989       -0.106707
     N    6       -0.017205       -0.106707       -0.062937

     O    7       -1.459075       -1.043669       -0.195833
     O    7       -1.043669       -0.150021        0.739812
     O    7       -0.195833        0.739812        1.609096

     C    8        0.130563       -0.003656       -0.261099
     C    8       -0.003656       -0.175218       -0.446757
     C    8       -0.261099       -0.446757        0.044655

     H    9        0.128858        0.166240        0.377594
     H    9        0.166240       -0.223926        0.139541
     H    9        0.377594        0.139541        0.095068

     H   10       -0.225214       -0.173900       -0.089551
     H   10       -0.173900        0.383672        0.270091
     H   10       -0.089551        0.270091       -0.158458

     O   11        0.684561       -1.320237        1.398475
     O   11       -1.320237        0.191656        0.266651
     O   11        1.398475        0.266651       -0.876217

     C   12       -0.098394       -0.459355       -0.005106
     C   12       -0.459355       -0.024479        0.279900
     C   12       -0.005106        0.279900        0.122873

     H   13        0.288034        0.320240        0.205135
     H   13        0.320240       -0.087615        0.131035
     H   13        0.205135        0.131035       -0.200420

     H   14       -0.221898        0.130863       -0.151376
     H   14        0.130863        0.104536       -0.380397
     H   14       -0.151376       -0.380397        0.117362

     H   15       -0.221896       -0.130864       -0.151374
     H   15       -0.130864        0.104532        0.380397
     H   15       -0.151374        0.380397        0.117363

     H   16        0.288037       -0.320240        0.205136
     H   16       -0.320240       -0.087616       -0.131035
     H   16        0.205136       -0.131035       -0.200421

     C   17       -0.098394        0.459355       -0.005106
     C   17        0.459355       -0.024479       -0.279900
     C   17       -0.005106       -0.279900        0.122873

     O   18        0.684384        1.320101        1.398518
     O   18        1.320101        0.191774       -0.266885
     O   18        1.398518       -0.266885       -0.876158

     H   19       -0.225216        0.173899       -0.089552
     H   19        0.173899        0.383676       -0.270089
     H   19       -0.089552       -0.270089       -0.158459

