
     Program QE v.5.3.0 (svn rev. 11974) starts on 23Jul2016 at  1: 8:17 

     This program is part of the open-source Quantum ESPRESSO suite
     for quantum simulation of materials; please cite
         "P. Giannozzi et al., J. Phys.:Condens. Matter 21 395502 (2009);
          URL http://www.quantum-espresso.org", 
     in publications or presentations arising from this work. More details at
     http://www.quantum-espresso.org/quote

     Parallel version (MPI), running on    32 processors
     R & G space division:  proc/nbgrp/npool/nimage =      32

     ***** This is GIPAW svn revision unknown      *****

     Parallelizing q-star over 1 images

     Reading data from directory:
     ./scratch/relax.pbe.ec-80.kp-4x2x4.HMX-792929.np-32.default-conv-thr.save

   Info: using nr1, nr2, nr3 values from input

   Info: using nr1, nr2, nr3 values from input

     IMPORTANT: XC functional enforced from input :
     Exchange-correlation      =  SLA  PW   PBX  PBC ( 1  4  3  4 0 0)
     Any further DFT definition will be discarded
     Please, verify this is what you really want

               file N.pbe-n-kjpaw_psl.1.0.0.UPF: wavefunction(s)  2S renormalized
               file C.pbe-n-kjpaw_psl.1.0.0.UPF: wavefunction(s)  2S 2P renormalized
               file H.pbe-kjpaw_psl.1.0.0.UPF: wavefunction(s)  1S renormalized
               file O.pbe-n-kjpaw_psl.1.0.0.UPF: wavefunction(s)  2S 2P renormalized

     Parallelization info
     --------------------
     sticks:   dense  smooth     PW     G-vecs:    dense   smooth      PW
     Min         508     203     54                41382    10441    1442
     Max         509     204     55                41385    10485    1446
     Sum       16281    6509   1745              1324263   334983   46213


     Subspace diagonalization in iterative solution of the eigenvalue problem:
     a serial algorithm will be used

     GIPAW projectors -----------------------------------------------
     atom=  N    l=0  rc=    1.3000  rs=    0.8667
     atom=  N    l=0  rc=    1.3000  rs=    0.8667
     atom=  N    l=1  rc=    1.3500  rs=    0.9000
     atom=  N    l=1  rc=    1.3500  rs=    0.9000
     projs nearly linearly dependent: l=1  n1,n2= 1, 2  s=  0.99908189

     atom=  C    l=0  rc=    1.2000  rs=    0.8000
     atom=  C    l=0  rc=    1.2000  rs=    0.8000
     atom=  C    l=1  rc=    1.4000  rs=    0.9333
     atom=  C    l=1  rc=    1.4000  rs=    0.9333
     projs nearly linearly dependent: l=1  n1,n2= 1, 2  s=  0.99951561

     atom=  H    l=0  rc=    1.0000  rs=    0.6667
     atom=  H    l=0  rc=    1.0000  rs=    0.6667
     projs nearly linearly dependent: l=0  n1,n2= 1, 2  s=  0.99968852

     atom=  O    l=0  rc=    1.3000  rs=    0.8667
     atom=  O    l=0  rc=    1.3000  rs=    0.8667
     atom=  O    l=1  rc=    1.3500  rs=    0.9000
     atom=  O    l=1  rc=    1.3500  rs=    0.9000
     projs nearly linearly dependent: l=1  n1,n2= 1, 2  s=  0.99790100
     -----------------------------------------------------------------

     GIPAW integrals: -------------------------------------------
     Atom  i/j   nmr_para   nmr_dia   epr_rmc  epr_para   epr_dia
       N   1 1   0.67E+03 -0.31E+00  0.62E+01  0.27E+08  0.20E+03
       N   2 1   0.75E+03 -0.37E+00  0.67E+01  0.30E+08  0.23E+03
       N   2 2   0.85E+03 -0.45E+00  0.74E+01  0.35E+08  0.26E+03
       N   3 3   0.59E+01  0.56E+00  0.34E+01  0.12E+04  0.45E+02
       N   4 3   0.65E+01  0.61E+00  0.38E+01  0.13E+04  0.48E+02
       N   4 4   0.71E+01  0.67E+00  0.43E+01  0.15E+04  0.52E+02
       C   1 1   0.83E+03  0.17E-01  0.93E+01  0.24E+08  0.24E+03
       C   2 1   0.86E+03 -0.61E-01  0.94E+01  0.25E+08  0.25E+03
       C   2 2   0.90E+03 -0.15E+00  0.97E+01  0.26E+08  0.26E+03
       C   3 3   0.33E+01  0.34E+00  0.18E+01  0.55E+03  0.21E+02
       C   4 3   0.35E+01  0.37E+00  0.20E+01  0.59E+03  0.22E+02
       C   4 4   0.38E+01  0.39E+00  0.22E+01  0.63E+03  0.24E+02
       H   1 1   0.39E+02  0.19E+00  0.29E+00  0.78E+05  0.13E+02
       H   2 1   0.41E+02  0.21E+00  0.32E+00  0.82E+05  0.14E+02
       H   2 2   0.43E+02  0.22E+00  0.36E+00  0.86E+05  0.15E+02
       O   1 1   0.81E+03 -0.32E+00  0.65E+01  0.43E+08  0.24E+03
       O   2 1   0.91E+03 -0.39E+00  0.71E+01  0.48E+08  0.27E+03
       O   2 2   0.10E+04 -0.48E+00  0.78E+01  0.55E+08  0.31E+03
       O   3 3   0.99E+01  0.87E+00  0.58E+01  0.24E+04  0.75E+02
       O   4 3   0.11E+02  0.97E+00  0.67E+01  0.27E+04  0.83E+02
       O   4 4   0.12E+02  0.11E+01  0.76E+01  0.31E+04  0.93E+02
     ------------------------------------------------------------

     alpha_pv=     50.0620 eV

     Number of occupied bands for each k-point:
     k-point:     1    nbnd_occ= 112
     k-point:     2    nbnd_occ= 112
     k-point:     3    nbnd_occ= 112
     k-point:     4    nbnd_occ= 112
     k-point:     5    nbnd_occ= 112
     k-point:     6    nbnd_occ= 112
     k-point:     7    nbnd_occ= 112
     k-point:     8    nbnd_occ= 112
     k-point:     9    nbnd_occ= 112
     k-point:    10    nbnd_occ= 112
     k-point:    11    nbnd_occ= 112
     k-point:    12    nbnd_occ= 112
     k-point:    13    nbnd_occ= 112
     k-point:    14    nbnd_occ= 112
     k-point:    15    nbnd_occ= 112
     k-point:    16    nbnd_occ= 112


     GIPAW job: efg                                                                             


     ELECTRIC FIELD GRADIENTS TENSORS IN Hartree/bohrradius^2:

     ----- bare term -----
     N    1       -0.051266       -0.111564        0.149042
     N    1       -0.111564        0.061761       -0.123701
     N    1        0.149042       -0.123701       -0.010495

     O    2       -0.034122       -0.269235        0.156095
     O    2       -0.269235        0.106457       -0.237091
     O    2        0.156095       -0.237091       -0.072336

     N    3       -0.149823       -0.452424        0.609029
     N    3       -0.452424        0.538818       -0.587984
     N    3        0.609029       -0.587984       -0.388995

     N    4       -0.132722        0.093125        0.224336
     N    4        0.093125        0.055153        0.137098
     N    4        0.224336        0.137098        0.077569

     O    5       -0.166315        0.057465        0.109994
     O    5        0.057465        0.156983        0.326532
     O    5        0.109994        0.326532        0.009333

     N    6       -0.280617        0.432012        0.093179
     N    6        0.432012        0.224350        0.900761
     N    6        0.093179        0.900761        0.056267

     O    7       -0.069208       -0.297477        0.106842
     O    7       -0.297477        0.148939       -0.349376
     O    7        0.106842       -0.349376       -0.079732

     C    8       -0.090939       -0.073065        0.167572
     C    8       -0.073065        0.050707        0.040468
     C    8        0.167572        0.040468        0.040232

     H    9       -0.264821       -0.228521       -0.526712
     H    9       -0.228521        0.426169       -0.126657
     H    9       -0.526712       -0.126657       -0.161348

     H   10        0.225194        0.258865        0.236770
     H   10        0.258865       -0.553241       -0.367248
     H   10        0.236770       -0.367248        0.328047

     O   11       -0.240818        0.141853        0.084704
     O   11        0.141853        0.182332        0.284987
     O   11        0.084704        0.284987        0.058486

     C   12       -0.051912        0.070694        0.092852
     C   12        0.070694        0.060812       -0.012235
     C   12        0.092852       -0.012235       -0.008900

     H   13       -0.409675       -0.364567       -0.349507
     H   13       -0.364567        0.248040       -0.169350
     H   13       -0.349507       -0.169350        0.161635

     H   14        0.236583        0.009156        0.157896
     H   14        0.009156       -0.033475        0.529391
     H   14        0.157896        0.529391       -0.203109

     H   15        0.236568       -0.009146        0.157899
     H   15       -0.009146       -0.033461       -0.529379
     H   15        0.157899       -0.529379       -0.203107

     H   16       -0.409686        0.364575       -0.349507
     H   16        0.364575        0.248051        0.169354
     H   16       -0.349507        0.169354        0.161635

     C   17       -0.051909       -0.070680        0.092839
     C   17       -0.070680        0.060832        0.012250
     C   17        0.092839        0.012250       -0.008923

     O   18       -0.240846       -0.141885        0.084666
     O   18       -0.141885        0.182341       -0.285007
     O   18        0.084666       -0.285007        0.058505

     H   19        0.225209       -0.258872        0.236760
     H   19       -0.258872       -0.553273        0.367219
     H   19        0.236760        0.367219        0.328063

     H   20       -0.264805        0.228528       -0.526703
     H   20        0.228528        0.426157        0.126654
     H   20       -0.526703        0.126654       -0.161352

     C   21       -0.090894        0.073045        0.167561
     C   21        0.073045        0.050676       -0.040481
     C   21        0.167561       -0.040481        0.040218

     O   22       -0.069093        0.297443        0.106888
     O   22        0.297443        0.148995        0.349488
     O   22        0.106888        0.349488       -0.079902

     N   23       -0.280595       -0.432065        0.093094
     N   23       -0.432065        0.224339       -0.900820
     N   23        0.093094       -0.900820        0.056257

     O   24       -0.166278       -0.057457        0.110001
     O   24       -0.057457        0.156989       -0.326599
     O   24        0.110001       -0.326599        0.009289

     N   25       -0.132684       -0.093134        0.224301
     N   25       -0.093134        0.055131       -0.137081
     N   25        0.224301       -0.137081        0.077553

     N   26       -0.149692        0.452342        0.609115
     N   26        0.452342        0.538889        0.588071
     N   26        0.609115        0.588071       -0.389197

     O   27       -0.034138        0.269253        0.156115
     O   27        0.269253        0.106464        0.237092
     O   27        0.156115        0.237092       -0.072326

     N   28       -0.051223        0.111510        0.149036
     N   28        0.111510        0.061752        0.123691
     N   28        0.149036        0.123691       -0.010529

     H   29        0.236583        0.009156        0.157896
     H   29        0.009156       -0.033475        0.529391
     H   29        0.157896        0.529391       -0.203109

     H   30       -0.409675       -0.364567       -0.349507
     H   30       -0.364567        0.248040       -0.169350
     H   30       -0.349507       -0.169350        0.161635

     C   31       -0.051912        0.070694        0.092852
     C   31        0.070694        0.060812       -0.012235
     C   31        0.092852       -0.012235       -0.008900

     O   32       -0.240818        0.141853        0.084704
     O   32        0.141853        0.182332        0.284987
     O   32        0.084704        0.284987        0.058486

     H   33        0.225194        0.258865        0.236770
     H   33        0.258865       -0.553241       -0.367248
     H   33        0.236770       -0.367248        0.328047

     H   34       -0.264821       -0.228521       -0.526712
     H   34       -0.228521        0.426169       -0.126657
     H   34       -0.526712       -0.126657       -0.161348

     C   35       -0.090939       -0.073065        0.167572
     C   35       -0.073065        0.050707        0.040468
     C   35        0.167572        0.040468        0.040232

     O   36       -0.069208       -0.297477        0.106842
     O   36       -0.297477        0.148939       -0.349376
     O   36        0.106842       -0.349376       -0.079732

     N   37       -0.280617        0.432012        0.093179
     N   37        0.432012        0.224350        0.900761
     N   37        0.093179        0.900761        0.056267

     O   38       -0.166315        0.057465        0.109994
     O   38        0.057465        0.156983        0.326532
     O   38        0.109994        0.326532        0.009333

     N   39       -0.132722        0.093125        0.224336
     N   39        0.093125        0.055153        0.137098
     N   39        0.224336        0.137098        0.077569

     N   40       -0.149823       -0.452424        0.609029
     N   40       -0.452424        0.538818       -0.587984
     N   40        0.609029       -0.587984       -0.388995

     O   41       -0.034122       -0.269235        0.156095
     O   41       -0.269235        0.106457       -0.237091
     O   41        0.156095       -0.237091       -0.072336

     N   42       -0.051266       -0.111564        0.149042
     N   42       -0.111564        0.061761       -0.123701
     N   42        0.149042       -0.123701       -0.010495

     H   43        0.236568       -0.009146        0.157899
     H   43       -0.009146       -0.033461       -0.529379
     H   43        0.157899       -0.529379       -0.203107

     H   44       -0.409686        0.364575       -0.349507
     H   44        0.364575        0.248051        0.169354
     H   44       -0.349507        0.169354        0.161635

     C   45       -0.051909       -0.070680        0.092839
     C   45       -0.070680        0.060832        0.012250
     C   45        0.092839        0.012250       -0.008923

     O   46       -0.240846       -0.141885        0.084666
     O   46       -0.141885        0.182341       -0.285007
     O   46        0.084666       -0.285007        0.058505

     H   47        0.225209       -0.258872        0.236760
     H   47       -0.258872       -0.553273        0.367219
     H   47        0.236760        0.367219        0.328063

     H   48       -0.264805        0.228528       -0.526703
     H   48        0.228528        0.426157        0.126654
     H   48       -0.526703        0.126654       -0.161352

     C   49       -0.090894        0.073045        0.167561
     C   49        0.073045        0.050676       -0.040481
     C   49        0.167561       -0.040481        0.040218

     O   50       -0.069093        0.297443        0.106888
     O   50        0.297443        0.148995        0.349488
     O   50        0.106888        0.349488       -0.079902

     N   51       -0.280595       -0.432065        0.093094
     N   51       -0.432065        0.224339       -0.900820
     N   51        0.093094       -0.900820        0.056257

     O   52       -0.166278       -0.057457        0.110001
     O   52       -0.057457        0.156989       -0.326599
     O   52        0.110001       -0.326599        0.009289

     N   53       -0.132684       -0.093134        0.224301
     N   53       -0.093134        0.055131       -0.137081
     N   53        0.224301       -0.137081        0.077553

     N   54       -0.149692        0.452342        0.609115
     N   54        0.452342        0.538889        0.588071
     N   54        0.609115        0.588071       -0.389197

     O   55       -0.034138        0.269253        0.156115
     O   55        0.269253        0.106464        0.237092
     O   55        0.156115        0.237092       -0.072326

     N   56       -0.051223        0.111510        0.149036
     N   56        0.111510        0.061752        0.123691
     N   56        0.149036        0.123691       -0.010529

     ----- ionic term -----
     N    1        0.189836        0.412768       -0.202057
     N    1        0.412768       -0.171105        0.421789
     N    1       -0.202057        0.421789       -0.018731

     O    2        0.383808        0.241107       -0.598792
     O    2        0.241107       -0.328051       -0.067535
     O    2       -0.598792       -0.067535       -0.055756

     N    3        0.147962        0.484783       -0.643528
     N    3        0.484783       -0.549585        0.618403
     N    3       -0.643528        0.618403        0.401623

     N    4        0.354101       -0.169610       -0.480600
     N    4       -0.169610       -0.144175       -0.411039
     N    4       -0.480600       -0.411039       -0.209926

     O    5       -0.415909        0.025069       -0.063535
     O    5        0.025069        0.067845       -0.668703
     O    5       -0.063535       -0.668703        0.348065

     N    6        0.312305       -0.433308       -0.088086
     N    6       -0.433308       -0.234591       -0.958192
     N    6       -0.088086       -0.958192       -0.077714

     O    7       -0.363212       -0.003060       -0.189834
     O    7       -0.003060       -0.222714        0.593608
     O    7       -0.189834        0.593608        0.585926

     C    8        0.146577        0.082554       -0.271548
     C    8        0.082554       -0.120094       -0.227623
     C    8       -0.271548       -0.227623       -0.026483

     H    9        0.316506        0.309840        0.707901
     H    9        0.309840       -0.535648        0.195078
     H    9        0.707901        0.195078        0.219141

     H   10       -0.331161       -0.344754       -0.287739
     H   10       -0.344754        0.730515        0.499678
     H   10       -0.287739        0.499678       -0.399355

     O   11        0.468364       -0.543949        0.328850
     O   11       -0.543949       -0.139813       -0.230681
     O   11        0.328850       -0.230681       -0.328552

     C   12        0.005158       -0.252690       -0.090997
     C   12       -0.252690       -0.059826        0.133767
     C   12       -0.090997        0.133767        0.054668

     H   13        0.565923        0.506858        0.440761
     H   13        0.506858       -0.304031        0.225305
     H   13        0.440761        0.225305       -0.261892

     H   14       -0.338628        0.050904       -0.232626
     H   14        0.050904        0.080269       -0.708324
     H   14       -0.232626       -0.708324        0.258359

     H   15       -0.338609       -0.050918       -0.232634
     H   15       -0.050918        0.080251        0.708312
     H   15       -0.232634        0.708312        0.258357

     H   16        0.565941       -0.506874        0.440766
     H   16       -0.506874       -0.304044       -0.225312
     H   16        0.440766       -0.225312       -0.261897

     C   17        0.005157        0.252672       -0.090981
     C   17        0.252672       -0.059839       -0.133775
     C   17       -0.090981       -0.133775        0.054681

     O   18        0.468386        0.543970        0.328881
     O   18        0.543970       -0.139831        0.230699
     O   18        0.328881        0.230699       -0.328554

     H   19       -0.331189        0.344771       -0.287731
     H   19        0.344771        0.730574       -0.499660
     H   19       -0.287731       -0.499660       -0.399385

     H   20        0.316486       -0.309848        0.707884
     H   20       -0.309848       -0.535628       -0.195077
     H   20        0.707884       -0.195077        0.219142

     C   21        0.146534       -0.082532       -0.271539
     C   21       -0.082532       -0.120072        0.227628
     C   21       -0.271539        0.227628       -0.026462

     O   22       -0.363291        0.003067       -0.189856
     O   22        0.003067       -0.222750       -0.593684
     O   22       -0.189856       -0.593684        0.586042

     N   23        0.312280        0.433361       -0.087993
     N   23        0.433361       -0.234576        0.958247
     N   23       -0.087993        0.958247       -0.077704

     O   24       -0.415933       -0.025045       -0.063508
     O   24       -0.025045        0.067848        0.668735
     O   24       -0.063508        0.668735        0.348086

     N   25        0.354079        0.169614       -0.480562
     N   25        0.169614       -0.144164        0.411041
     N   25       -0.480562        0.411041       -0.209916

     N   26        0.147821       -0.484689       -0.643617
     N   26       -0.484689       -0.549653       -0.618489
     N   26       -0.643617       -0.618489        0.401833

     O   27        0.383767       -0.241062       -0.598846
     O   27       -0.241062       -0.328073        0.067516
     O   27       -0.598846        0.067516       -0.055693

     N   28        0.189804       -0.412732       -0.202065
     N   28       -0.412732       -0.171106       -0.421780
     N   28       -0.202065       -0.421780       -0.018699

     H   29       -0.338628        0.050904       -0.232626
     H   29        0.050904        0.080269       -0.708324
     H   29       -0.232626       -0.708324        0.258359

     H   30        0.565923        0.506858        0.440761
     H   30        0.506858       -0.304031        0.225305
     H   30        0.440761        0.225305       -0.261892

     C   31        0.005158       -0.252690       -0.090997
     C   31       -0.252690       -0.059826        0.133767
     C   31       -0.090997        0.133767        0.054668

     O   32        0.468364       -0.543949        0.328850
     O   32       -0.543949       -0.139813       -0.230681
     O   32        0.328850       -0.230681       -0.328552

     H   33       -0.331161       -0.344754       -0.287739
     H   33       -0.344754        0.730515        0.499678
     H   33       -0.287739        0.499678       -0.399355

     H   34        0.316506        0.309840        0.707901
     H   34        0.309840       -0.535648        0.195078
     H   34        0.707901        0.195078        0.219141

     C   35        0.146577        0.082554       -0.271548
     C   35        0.082554       -0.120094       -0.227623
     C   35       -0.271548       -0.227623       -0.026483

     O   36       -0.363212       -0.003060       -0.189834
     O   36       -0.003060       -0.222714        0.593608
     O   36       -0.189834        0.593608        0.585926

     N   37        0.312305       -0.433308       -0.088086
     N   37       -0.433308       -0.234591       -0.958192
     N   37       -0.088086       -0.958192       -0.077714

     O   38       -0.415909        0.025069       -0.063535
     O   38        0.025069        0.067845       -0.668703
     O   38       -0.063535       -0.668703        0.348065

     N   39        0.354101       -0.169610       -0.480600
     N   39       -0.169610       -0.144175       -0.411039
     N   39       -0.480600       -0.411039       -0.209926

     N   40        0.147962        0.484783       -0.643528
     N   40        0.484783       -0.549585        0.618403
     N   40       -0.643528        0.618403        0.401623

     O   41        0.383808        0.241107       -0.598792
     O   41        0.241107       -0.328051       -0.067535
     O   41       -0.598792       -0.067535       -0.055756

     N   42        0.189836        0.412768       -0.202057
     N   42        0.412768       -0.171105        0.421789
     N   42       -0.202057        0.421789       -0.018731

     H   43       -0.338609       -0.050918       -0.232634
     H   43       -0.050918        0.080251        0.708312
     H   43       -0.232634        0.708312        0.258357

     H   44        0.565941       -0.506874        0.440766
     H   44       -0.506874       -0.304044       -0.225312
     H   44        0.440766       -0.225312       -0.261897

     C   45        0.005157        0.252672       -0.090981
     C   45        0.252672       -0.059839       -0.133775
     C   45       -0.090981       -0.133775        0.054681

     O   46        0.468386        0.543970        0.328881
     O   46        0.543970       -0.139831        0.230699
     O   46        0.328881        0.230699       -0.328554

     H   47       -0.331189        0.344771       -0.287731
     H   47        0.344771        0.730574       -0.499660
     H   47       -0.287731       -0.499660       -0.399385

     H   48        0.316486       -0.309848        0.707884
     H   48       -0.309848       -0.535628       -0.195077
     H   48        0.707884       -0.195077        0.219142

     C   49        0.146534       -0.082532       -0.271539
     C   49       -0.082532       -0.120072        0.227628
     C   49       -0.271539        0.227628       -0.026462

     O   50       -0.363291        0.003067       -0.189856
     O   50        0.003067       -0.222750       -0.593684
     O   50       -0.189856       -0.593684        0.586042

     N   51        0.312280        0.433361       -0.087993
     N   51        0.433361       -0.234576        0.958247
     N   51       -0.087993        0.958247       -0.077704

     O   52       -0.415933       -0.025045       -0.063508
     O   52       -0.025045        0.067848        0.668735
     O   52       -0.063508        0.668735        0.348086

     N   53        0.354079        0.169614       -0.480562
     N   53        0.169614       -0.144164        0.411041
     N   53       -0.480562        0.411041       -0.209916

     N   54        0.147821       -0.484689       -0.643617
     N   54       -0.484689       -0.549653       -0.618489
     N   54       -0.643617       -0.618489        0.401833

     O   55        0.383767       -0.241062       -0.598846
     O   55       -0.241062       -0.328073        0.067516
     O   55       -0.598846        0.067516       -0.055693

     N   56        0.189804       -0.412732       -0.202065
     N   56       -0.412732       -0.171106       -0.421780
     N   56       -0.202065       -0.421780       -0.018699

     ----- GIPAW term -----
     N    1        0.224076        0.476699       -0.121546
     N    1        0.476699       -0.196169        0.490146
     N    1       -0.121546        0.490146       -0.027907

     O    2        0.829365       -0.104528       -1.034323
     O    2       -0.104528       -0.495978       -0.775955
     O    2       -1.034323       -0.775955       -0.333387

     N    3        0.005395        0.088300       -0.008838
     N    3        0.088300        0.007579        0.056062
     N    3       -0.008838        0.056062       -0.012974

     N    4        0.337732       -0.149849       -0.404473
     N    4       -0.149849       -0.125754       -0.460923
     N    4       -0.404473       -0.460923       -0.211979

     O    5       -1.437572        0.218948        0.124037
     O    5        0.218948        0.565416       -0.760719
     O    5        0.124037       -0.760719        0.872156

     N    6        0.093150        0.024178       -0.031894
     N    6        0.024178       -0.051811       -0.073768
     N    6       -0.031894       -0.073768       -0.041339

     O    7       -1.058134       -0.761589       -0.164837
     O    7       -0.761589       -0.139922        0.542493
     O    7       -0.164837        0.542493        1.198057

     C    8        0.048637        0.003423       -0.098508
     C    8        0.003423       -0.063029       -0.187519
     C    8       -0.098508       -0.187519        0.014392

     H    9        0.000000        0.000000        0.000000
     H    9        0.000000       -0.000000        0.000000
     H    9        0.000000        0.000000       -0.000000

     H   10        0.000000        0.000000        0.000000
     H   10        0.000000       -0.000000        0.000000
     H   10        0.000000        0.000000       -0.000000

     O   11        0.523788       -0.940116        1.018421
     O   11       -0.940116        0.124734        0.191614
     O   11        1.018421        0.191614       -0.648522

     C   12       -0.046780       -0.184380        0.005144
     C   12       -0.184380       -0.000589        0.121424
     C   12        0.005144        0.121424        0.047368

     H   13        0.000000        0.000000        0.000000
     H   13        0.000000       -0.000000        0.000000
     H   13        0.000000        0.000000       -0.000000

     H   14        0.000000        0.000000        0.000000
     H   14        0.000000       -0.000000        0.000000
     H   14        0.000000        0.000000       -0.000000

     H   15        0.000000        0.000000        0.000000
     H   15        0.000000       -0.000000        0.000000
     H   15        0.000000        0.000000       -0.000000

     H   16        0.000000        0.000000        0.000000
     H   16        0.000000       -0.000000        0.000000
     H   16        0.000000        0.000000       -0.000000

     C   17       -0.046779        0.184379        0.005148
     C   17        0.184379       -0.000581       -0.121417
     C   17        0.005148       -0.121417        0.047360

     O   18        0.523759        0.940076        1.018392
     O   18        0.940076        0.124716       -0.191627
     O   18        1.018392       -0.191627       -0.648475

     H   19        0.000000        0.000000        0.000000
     H   19        0.000000       -0.000000        0.000000
     H   19        0.000000        0.000000       -0.000000

     H   20        0.000000        0.000000        0.000000
     H   20        0.000000       -0.000000        0.000000
     H   20        0.000000        0.000000       -0.000000

     C   21        0.048640       -0.003421       -0.098511
     C   21       -0.003421       -0.063040        0.187511
     C   21       -0.098511        0.187511        0.014400

     O   22       -1.058012        0.761514       -0.164760
     O   22        0.761514       -0.139851       -0.542360
     O   22       -0.164760       -0.542360        1.197863

     N   23        0.093151       -0.024187       -0.031890
     N   23       -0.024187       -0.051806        0.073750
     N   23       -0.031890        0.073750       -0.041345

     O   24       -1.437527       -0.218868        0.124123
     O   24       -0.218868        0.565437        0.760611
     O   24        0.124123        0.760611        0.872089

     N   25        0.337761        0.149841       -0.404464
     N   25        0.149841       -0.125771        0.460953
     N   25       -0.404464        0.460953       -0.211990

     N   26        0.005396       -0.088291       -0.008828
     N   26       -0.088291        0.007595       -0.056045
     N   26       -0.008828       -0.056045       -0.012991

     O   27        0.829217        0.104686       -1.034401
     O   27        0.104686       -0.496011        0.775910
     O   27       -1.034401        0.775910       -0.333207

     N   28        0.224090       -0.476727       -0.121567
     N   28       -0.476727       -0.196185       -0.490149
     N   28       -0.121567       -0.490149       -0.027905

     H   29        0.000000        0.000000        0.000000
     H   29        0.000000       -0.000000        0.000000
     H   29        0.000000        0.000000       -0.000000

     H   30        0.000000        0.000000        0.000000
     H   30        0.000000       -0.000000        0.000000
     H   30        0.000000        0.000000       -0.000000

     C   31       -0.046780       -0.184380        0.005144
     C   31       -0.184380       -0.000589        0.121424
     C   31        0.005144        0.121424        0.047368

     O   32        0.523788       -0.940116        1.018421
     O   32       -0.940116        0.124734        0.191614
     O   32        1.018421        0.191614       -0.648522

     H   33        0.000000        0.000000        0.000000
     H   33        0.000000       -0.000000        0.000000
     H   33        0.000000        0.000000       -0.000000

     H   34        0.000000        0.000000        0.000000
     H   34        0.000000       -0.000000        0.000000
     H   34        0.000000        0.000000       -0.000000

     C   35        0.048637        0.003423       -0.098508
     C   35        0.003423       -0.063029       -0.187519
     C   35       -0.098508       -0.187519        0.014392

     O   36       -1.058134       -0.761589       -0.164837
     O   36       -0.761589       -0.139922        0.542493
     O   36       -0.164837        0.542493        1.198057

     N   37        0.093150        0.024178       -0.031894
     N   37        0.024178       -0.051811       -0.073768
     N   37       -0.031894       -0.073768       -0.041339

     O   38       -1.437572        0.218948        0.124037
     O   38        0.218948        0.565416       -0.760719
     O   38        0.124037       -0.760719        0.872156

     N   39        0.337732       -0.149849       -0.404473
     N   39       -0.149849       -0.125754       -0.460923
     N   39       -0.404473       -0.460923       -0.211979

     N   40        0.005395        0.088300       -0.008838
     N   40        0.088300        0.007579        0.056062
     N   40       -0.008838        0.056062       -0.012974

     O   41        0.829365       -0.104528       -1.034323
     O   41       -0.104528       -0.495978       -0.775955
     O   41       -1.034323       -0.775955       -0.333387

     N   42        0.224076        0.476699       -0.121546
     N   42        0.476699       -0.196169        0.490146
     N   42       -0.121546        0.490146       -0.027907

     H   43        0.000000        0.000000        0.000000
     H   43        0.000000       -0.000000        0.000000
     H   43        0.000000        0.000000       -0.000000

     H   44        0.000000        0.000000        0.000000
     H   44        0.000000       -0.000000        0.000000
     H   44        0.000000        0.000000       -0.000000

     C   45       -0.046779        0.184379        0.005148
     C   45        0.184379       -0.000581       -0.121417
     C   45        0.005148       -0.121417        0.047360

     O   46        0.523759        0.940076        1.018392
     O   46        0.940076        0.124716       -0.191627
     O   46        1.018392       -0.191627       -0.648475

     H   47        0.000000        0.000000        0.000000
     H   47        0.000000       -0.000000        0.000000
     H   47        0.000000        0.000000       -0.000000

     H   48        0.000000        0.000000        0.000000
     H   48        0.000000       -0.000000        0.000000
     H   48        0.000000        0.000000       -0.000000

     C   49        0.048640       -0.003421       -0.098511
     C   49       -0.003421       -0.063040        0.187511
     C   49       -0.098511        0.187511        0.014400

     O   50       -1.058012        0.761514       -0.164760
     O   50        0.761514       -0.139851       -0.542360
     O   50       -0.164760       -0.542360        1.197863

     N   51        0.093151       -0.024187       -0.031890
     N   51       -0.024187       -0.051806        0.073750
     N   51       -0.031890        0.073750       -0.041345

     O   52       -1.437527       -0.218868        0.124123
     O   52       -0.218868        0.565437        0.760611
     O   52        0.124123        0.760611        0.872089

     N   53        0.337761        0.149841       -0.404464
     N   53        0.149841       -0.125771        0.460953
     N   53       -0.404464        0.460953       -0.211990

     N   54        0.005396       -0.088291       -0.008828
     N   54       -0.088291        0.007595       -0.056045
     N   54       -0.008828       -0.056045       -0.012991

     O   55        0.829217        0.104686       -1.034401
     O   55        0.104686       -0.496011        0.775910
     O   55       -1.034401        0.775910       -0.333207

     N   56        0.224090       -0.476727       -0.121567
     N   56       -0.476727       -0.196185       -0.490149
     N   56       -0.121567       -0.490149       -0.027905

     ----- total EFG -----
     N    1        0.362646        0.777902       -0.174561
     N    1        0.777902       -0.305513        0.788234
     N    1       -0.174561        0.788234       -0.057133

     O    2        1.179051       -0.132656       -1.477021
     O    2       -0.132656       -0.717572       -1.080581
     O    2       -1.477021       -1.080581       -0.461479

     N    3        0.003534        0.120658       -0.043337
     N    3        0.120658       -0.003188        0.086481
     N    3       -0.043337        0.086481       -0.000347

     N    4        0.559111       -0.226333       -0.660737
     N    4       -0.226333       -0.214776       -0.734865
     N    4       -0.660737       -0.734865       -0.344335

     O    5       -2.019797        0.301482        0.170496
     O    5        0.301482        0.790243       -1.102890
     O    5        0.170496       -1.102890        1.229553

     N    6        0.124838        0.022882       -0.026800
     N    6        0.022882       -0.062052       -0.131199
     N    6       -0.026800       -0.131199       -0.062786

     O    7       -1.490554       -1.062127       -0.247828
     O    7       -1.062127       -0.213697        0.786725
     O    7       -0.247828        0.786725        1.704251

     C    8        0.104275        0.012912       -0.202484
     C    8        0.012912       -0.132416       -0.374675
     C    8       -0.202484       -0.374675        0.028141

     H    9        0.051685        0.081319        0.181189
     H    9        0.081319       -0.109479        0.068421
     H    9        0.181189        0.068421        0.057793

     H   10       -0.105967       -0.085889       -0.050970
     H   10       -0.085889        0.177275        0.132430
     H   10       -0.050970        0.132430       -0.071308

     O   11        0.751334       -1.342212        1.431976
     O   11       -1.342212        0.167253        0.245920
     O   11        1.431976        0.245920       -0.918587

     C   12       -0.093534       -0.366376        0.006999
     C   12       -0.366376        0.000398        0.242956
     C   12        0.006999        0.242956        0.093136

     H   13        0.156248        0.142290        0.091254
     H   13        0.142290       -0.055991        0.055956
     H   13        0.091254        0.055956       -0.100257

     H   14       -0.102045        0.060060       -0.074730
     H   14        0.060060        0.046795       -0.178933
     H   14       -0.074730       -0.178933        0.055250

     H   15       -0.102041       -0.060064       -0.074735
     H   15       -0.060064        0.046790        0.178932
     H   15       -0.074735        0.178932        0.055251

     H   16        0.156256       -0.142299        0.091259
     H   16       -0.142299       -0.055994       -0.055958
     H   16        0.091259       -0.055958       -0.100262

     C   17       -0.093530        0.366371        0.007007
     C   17        0.366371        0.000412       -0.242942
     C   17        0.007007       -0.242942        0.093118

     O   18        0.751299        1.342161        1.431938
     O   18        1.342161        0.167226       -0.245935
     O   18        1.431938       -0.245935       -0.918525

     H   19       -0.105980        0.085899       -0.050971
     H   19        0.085899        0.177302       -0.132440
     H   19       -0.050971       -0.132440       -0.071322

     H   20        0.051680       -0.081319        0.181181
     H   20       -0.081319       -0.109470       -0.068423
     H   20        0.181181       -0.068423        0.057790

     C   21        0.104281       -0.012908       -0.202488
     C   21       -0.012908       -0.132437        0.374658
     C   21       -0.202488        0.374658        0.028155

     O   22       -1.490397        1.062024       -0.247728
     O   22        1.062024       -0.213605       -0.786556
     O   22       -0.247728       -0.786556        1.704002

