
     Program QE v.5.3.0 (svn rev. 11974) starts on 22May2016 at 16:38:11 

     This program is part of the open-source Quantum ESPRESSO suite
     for quantum simulation of materials; please cite
         "P. Giannozzi et al., J. Phys.:Condens. Matter 21 395502 (2009);
          URL http://www.quantum-espresso.org", 
     in publications or presentations arising from this work. More details at
     http://www.quantum-espresso.org/quote

     Parallel version (MPI), running on    32 processors
     R & G space division:  proc/nbgrp/npool/nimage =      32

     ***** This is GIPAW svn revision unknown      *****

     Parallelizing q-star over 1 images

     Reading data from directory:
     ./scratch/scf.pbe-ec-140-kp444.HMX-792828-nofor.nostress.save

   Info: using nr1, nr2, nr3 values from input

   Info: using nr1, nr2, nr3 values from input

     IMPORTANT: XC functional enforced from input :
     Exchange-correlation      =  SLA  PW   PBX  PBC ( 1  4  3  4 0 0)
     Any further DFT definition will be discarded
     Please, verify this is what you really want

               file N.pbe-n-kjpaw_psl.1.0.0.UPF: wavefunction(s)  2S renormalized
               file C.pbe-n-kjpaw_psl.1.0.0.UPF: wavefunction(s)  2S 2P renormalized
               file H.pbe-kjpaw_psl.1.0.0.UPF: wavefunction(s)  1S renormalized
               file O.pbe-n-kjpaw_psl.1.0.0.UPF: wavefunction(s)  2S 2P renormalized

     Parallelization info
     --------------------
     sticks:   dense  smooth     PW     G-vecs:    dense   smooth      PW
     Min         894     358     93                96377    24355    3291
     Max         895     359     94                96379    24410    3295
     Sum       28631   11457   3007              3084115   780325  105417


     Subspace diagonalization in iterative solution of the eigenvalue problem:
     a serial algorithm will be used

     GIPAW projectors -----------------------------------------------
     atom=  N    l=0  rc=    1.3000  rs=    0.8667
     atom=  N    l=0  rc=    1.3000  rs=    0.8667
     atom=  N    l=1  rc=    1.3500  rs=    0.9000
     atom=  N    l=1  rc=    1.3500  rs=    0.9000
     projs nearly linearly dependent: l=1  n1,n2= 1, 2  s=  0.99908189

     atom=  C    l=0  rc=    1.2000  rs=    0.8000
     atom=  C    l=0  rc=    1.2000  rs=    0.8000
     atom=  C    l=1  rc=    1.4000  rs=    0.9333
     atom=  C    l=1  rc=    1.4000  rs=    0.9333
     projs nearly linearly dependent: l=1  n1,n2= 1, 2  s=  0.99951561

     atom=  H    l=0  rc=    1.0000  rs=    0.6667
     atom=  H    l=0  rc=    1.0000  rs=    0.6667
     projs nearly linearly dependent: l=0  n1,n2= 1, 2  s=  0.99968852

     atom=  O    l=0  rc=    1.3000  rs=    0.8667
     atom=  O    l=0  rc=    1.3000  rs=    0.8667
     atom=  O    l=1  rc=    1.3500  rs=    0.9000
     atom=  O    l=1  rc=    1.3500  rs=    0.9000
     projs nearly linearly dependent: l=1  n1,n2= 1, 2  s=  0.99790100
     -----------------------------------------------------------------

     GIPAW integrals: -------------------------------------------
     Atom  i/j   nmr_para   nmr_dia   epr_rmc  epr_para   epr_dia
       N   1 1   0.67E+03 -0.31E+00  0.62E+01  0.27E+08  0.20E+03
       N   2 1   0.75E+03 -0.37E+00  0.67E+01  0.30E+08  0.23E+03
       N   2 2   0.85E+03 -0.45E+00  0.74E+01  0.35E+08  0.26E+03
       N   3 3   0.59E+01  0.56E+00  0.34E+01  0.12E+04  0.45E+02
       N   4 3   0.65E+01  0.61E+00  0.38E+01  0.13E+04  0.48E+02
       N   4 4   0.71E+01  0.67E+00  0.43E+01  0.15E+04  0.52E+02
       C   1 1   0.83E+03  0.17E-01  0.93E+01  0.24E+08  0.24E+03
       C   2 1   0.86E+03 -0.61E-01  0.94E+01  0.25E+08  0.25E+03
       C   2 2   0.90E+03 -0.15E+00  0.97E+01  0.26E+08  0.26E+03
       C   3 3   0.33E+01  0.34E+00  0.18E+01  0.55E+03  0.21E+02
       C   4 3   0.35E+01  0.37E+00  0.20E+01  0.59E+03  0.22E+02
       C   4 4   0.38E+01  0.39E+00  0.22E+01  0.63E+03  0.24E+02
       H   1 1   0.39E+02  0.19E+00  0.29E+00  0.78E+05  0.13E+02
       H   2 1   0.41E+02  0.21E+00  0.32E+00  0.82E+05  0.14E+02
       H   2 2   0.43E+02  0.22E+00  0.36E+00  0.86E+05  0.15E+02
       O   1 1   0.81E+03 -0.32E+00  0.65E+01  0.43E+08  0.24E+03
       O   2 1   0.91E+03 -0.39E+00  0.71E+01  0.48E+08  0.27E+03
       O   2 2   0.10E+04 -0.48E+00  0.78E+01  0.55E+08  0.31E+03
       O   3 3   0.99E+01  0.87E+00  0.58E+01  0.24E+04  0.75E+02
       O   4 3   0.11E+02  0.97E+00  0.67E+01  0.27E+04  0.83E+02
       O   4 4   0.12E+02  0.11E+01  0.76E+01  0.31E+04  0.93E+02
     ------------------------------------------------------------

     alpha_pv=     50.7894 eV

     Number of occupied bands for each k-point:
     k-point:     1    nbnd_occ= 112
     k-point:     2    nbnd_occ= 112
     k-point:     3    nbnd_occ= 112
     k-point:     4    nbnd_occ= 112
     k-point:     5    nbnd_occ= 112
     k-point:     6    nbnd_occ= 112
     k-point:     7    nbnd_occ= 112
     k-point:     8    nbnd_occ= 112
     k-point:     9    nbnd_occ= 112
     k-point:    10    nbnd_occ= 112
     k-point:    11    nbnd_occ= 112
     k-point:    12    nbnd_occ= 112
     k-point:    13    nbnd_occ= 112
     k-point:    14    nbnd_occ= 112
     k-point:    15    nbnd_occ= 112
     k-point:    16    nbnd_occ= 112


     GIPAW job: efg                                                                             


     ELECTRIC FIELD GRADIENTS TENSORS IN Hartree/bohrradius^2:

     ----- bare term -----
     N    1       -0.051839       -0.129131        0.157244
     N    1       -0.129131        0.058591       -0.134700
     N    1        0.157244       -0.134700       -0.006752

     O    2       -0.058120       -0.287099        0.184210
     O    2       -0.287099        0.121150       -0.242618
     O    2        0.184210       -0.242618       -0.063030

     N    3       -0.145731       -0.466049        0.646839
     N    3       -0.466049        0.557818       -0.634355
     N    3        0.646839       -0.634355       -0.412087

     N    4       -0.134620        0.083065        0.235347
     N    4        0.083065        0.062728        0.146203
     N    4        0.235347        0.146203        0.071893

     O    5       -0.134951        0.061821        0.114664
     O    5        0.061821        0.146123        0.384658
     O    5        0.114664        0.384658       -0.011172

     N    6       -0.281107        0.456802        0.099905
     N    6        0.456802        0.214472        0.967112
     N    6        0.099905        0.967112        0.066635

     O    7       -0.042559       -0.296928        0.127985
     O    7       -0.296928        0.161532       -0.392825
     O    7        0.127985       -0.392825       -0.118973

     C    8       -0.089150       -0.072794        0.108540
     C    8       -0.072794        0.012539       -0.026672
     C    8        0.108540       -0.026672        0.076611

     H    9       -0.332969       -0.245312       -0.577361
     H    9       -0.245312        0.480204       -0.124107
     H    9       -0.577361       -0.124107       -0.147235

     H   10        0.242959        0.286675        0.244517
     H   10        0.286675       -0.629647       -0.392472
     H   10        0.244517       -0.392472        0.386688

     O   11       -0.278045        0.184118        0.068191
     O   11        0.184118        0.190321        0.308422
     O   11        0.068191        0.308422        0.087724

     C   12       -0.064653       -0.048911        0.083978
     C   12       -0.048911        0.066301        0.036013
     C   12        0.083978        0.036013       -0.001648

     H   13       -0.463136       -0.410208       -0.417269
     H   13       -0.410208        0.279441       -0.196352
     H   13       -0.417269       -0.196352        0.183695

     H   14        0.286873       -0.040905        0.211653
     H   14       -0.040905       -0.053452        0.597825
     H   14        0.211653        0.597825       -0.233420

     H   15        0.286871        0.040909        0.211656
     H   15        0.040909       -0.053451       -0.597824
     H   15        0.211656       -0.597824       -0.233420

     H   16       -0.463134        0.410209       -0.417267
     H   16        0.410209        0.279438        0.196350
     H   16       -0.417267        0.196350        0.183696

     C   17       -0.064649        0.048905        0.083967
     C   17        0.048905        0.066296       -0.036019
     C   17        0.083967       -0.036019       -0.001648

     O   18       -0.278014       -0.184119        0.068178
     O   18       -0.184119        0.190285       -0.308378
     O   18        0.068178       -0.308378        0.087729

     H   19        0.242961       -0.286673        0.244519
     H   19       -0.286673       -0.629645        0.392477
     H   19        0.244519        0.392477        0.386684

     H   20       -0.332974        0.245312       -0.577360
     H   20        0.245312        0.480205        0.124107
     H   20       -0.577360        0.124107       -0.147231

     C   21       -0.089143        0.072783        0.108542
     C   21        0.072783        0.012524        0.026674
     C   21        0.108542        0.026674        0.076618

     O   22       -0.042578        0.296892        0.127974
     O   22        0.296892        0.161551        0.392823
     O   22        0.127974        0.392823       -0.118973

     N   23       -0.281097       -0.456801        0.099919
     N   23       -0.456801        0.214474       -0.967118
     N   23        0.099919       -0.967118        0.066623

     O   24       -0.134949       -0.061808        0.114667
     O   24       -0.061808        0.146116       -0.384687
     O   24        0.114667       -0.384687       -0.011167

     N   25       -0.134629       -0.083096        0.235347
     N   25       -0.083096        0.062752       -0.146249
     N   25        0.235347       -0.146249        0.071877

     N   26       -0.145736        0.466049        0.646836
     N   26        0.466049        0.557827        0.634363
     N   26        0.646836        0.634363       -0.412091

     O   27       -0.058113        0.287106        0.184220
     O   27        0.287106        0.121151        0.242625
     O   27        0.184220        0.242625       -0.063038

     N   28       -0.051831        0.129127        0.157241
     N   28        0.129127        0.058577        0.134672
     N   28        0.157241        0.134672       -0.006745

     H   29        0.286873       -0.040905        0.211653
     H   29       -0.040905       -0.053452        0.597825
     H   29        0.211653        0.597825       -0.233420

     H   30       -0.463136       -0.410208       -0.417269
     H   30       -0.410208        0.279441       -0.196352
     H   30       -0.417269       -0.196352        0.183695

     C   31       -0.064653       -0.048911        0.083978
     C   31       -0.048911        0.066301        0.036013
     C   31        0.083978        0.036013       -0.001648

     O   32       -0.278045        0.184118        0.068191
     O   32        0.184118        0.190321        0.308422
     O   32        0.068191        0.308422        0.087724

     H   33        0.242959        0.286675        0.244517
     H   33        0.286675       -0.629647       -0.392472
     H   33        0.244517       -0.392472        0.386688

     H   34       -0.332969       -0.245312       -0.577361
     H   34       -0.245312        0.480204       -0.124107
     H   34       -0.577361       -0.124107       -0.147235

     C   35       -0.089150       -0.072794        0.108540
     C   35       -0.072794        0.012539       -0.026672
     C   35        0.108540       -0.026672        0.076611

     O   36       -0.042559       -0.296927        0.127985
     O   36       -0.296927        0.161532       -0.392825
     O   36        0.127985       -0.392825       -0.118973

     N   37       -0.281107        0.456802        0.099905
     N   37        0.456802        0.214472        0.967112
     N   37        0.099905        0.967112        0.066635

     O   38       -0.134951        0.061821        0.114664
     O   38        0.061821        0.146123        0.384658
     O   38        0.114664        0.384658       -0.011172

     N   39       -0.134620        0.083065        0.235347
     N   39        0.083065        0.062728        0.146203
     N   39        0.235347        0.146203        0.071893

     N   40       -0.145731       -0.466049        0.646839
     N   40       -0.466049        0.557818       -0.634355
     N   40        0.646839       -0.634355       -0.412087

     O   41       -0.058120       -0.287099        0.184210
     O   41       -0.287099        0.121150       -0.242618
     O   41        0.184210       -0.242618       -0.063030

     N   42       -0.051839       -0.129131        0.157244
     N   42       -0.129131        0.058591       -0.134700
     N   42        0.157244       -0.134700       -0.006752

     H   43        0.286871        0.040909        0.211656
     H   43        0.040909       -0.053451       -0.597824
     H   43        0.211656       -0.597824       -0.233420

     H   44       -0.463134        0.410209       -0.417267
     H   44        0.410209        0.279438        0.196350
     H   44       -0.417267        0.196350        0.183696

     C   45       -0.064649        0.048905        0.083967
     C   45        0.048905        0.066296       -0.036019
     C   45        0.083967       -0.036019       -0.001648

     O   46       -0.278014       -0.184119        0.068178
     O   46       -0.184119        0.190285       -0.308378
     O   46        0.068178       -0.308378        0.087729

     H   47        0.242961       -0.286673        0.244519
     H   47       -0.286673       -0.629645        0.392477
     H   47        0.244519        0.392477        0.386684

     H   48       -0.332974        0.245312       -0.577360
     H   48        0.245312        0.480205        0.124107
     H   48       -0.577360        0.124107       -0.147231

     C   49       -0.089143        0.072783        0.108542
     C   49        0.072783        0.012524        0.026674
     C   49        0.108542        0.026674        0.076618

     O   50       -0.042578        0.296892        0.127974
     O   50        0.296892        0.161551        0.392823
     O   50        0.127974        0.392823       -0.118973

     N   51       -0.281097       -0.456801        0.099919
     N   51       -0.456801        0.214474       -0.967118
     N   51        0.099919       -0.967118        0.066623

     O   52       -0.134949       -0.061808        0.114667
     O   52       -0.061808        0.146116       -0.384687
     O   52        0.114667       -0.384687       -0.011167

     N   53       -0.134629       -0.083096        0.235347
     N   53       -0.083096        0.062752       -0.146249
     N   53        0.235347       -0.146249        0.071877

     N   54       -0.145736        0.466049        0.646836
     N   54        0.466049        0.557827        0.634363
     N   54        0.646836        0.634363       -0.412091

     O   55       -0.058113        0.287106        0.184220
     O   55        0.287106        0.121151        0.242625
     O   55        0.184220        0.242625       -0.063038

     N   56       -0.051831        0.129127        0.157241
     N   56        0.129127        0.058577        0.134672
     N   56        0.157241        0.134672       -0.006745

     ----- ionic term -----
     N    1        0.189583        0.429699       -0.215591
     N    1        0.429699       -0.170564        0.435351
     N    1       -0.215591        0.435351       -0.019019

     O    2        0.399826        0.245891       -0.624409
     O    2        0.245891       -0.342831       -0.060412
     O    2       -0.624409       -0.060412       -0.056995

     N    3        0.139555        0.493860       -0.682225
     N    3        0.493860       -0.563677        0.662280
     N    3       -0.682225        0.662280        0.424122

     N    4        0.357038       -0.164004       -0.495286
     N    4       -0.164004       -0.145124       -0.427209
     N    4       -0.495286       -0.427209       -0.211914

     O    5       -0.439450        0.030030       -0.072062
     O    5        0.030030        0.078425       -0.713027
     O    5       -0.072062       -0.713027        0.361025

     N    6        0.306332       -0.456389       -0.091158
     N    6       -0.456389       -0.218918       -1.019356
     N    6       -0.091158       -1.019356       -0.087414

     O    7       -0.384492       -0.001407       -0.205032
     O    7       -0.001407       -0.225775        0.630715
     O    7       -0.205032        0.630715        0.610267

     C    8        0.153334        0.074962       -0.229080
     C    8        0.074962       -0.096363       -0.176893
     C    8       -0.229080       -0.176893       -0.056971

     H    9        0.448306        0.395351        0.915123
     H    9        0.395351       -0.680881        0.249131
     H    9        0.915123        0.249131        0.232575

     H   10       -0.441713       -0.442428       -0.325653
     H   10       -0.442428        0.969416        0.631297
     H   10       -0.325653        0.631297       -0.527703

     O   11        0.484461       -0.583736        0.337454
     O   11       -0.583736       -0.137983       -0.250467
     O   11        0.337454       -0.250467       -0.346477

     C   12        0.008484       -0.160016       -0.085001
     C   12       -0.160016       -0.068066        0.092283
     C   12       -0.085001        0.092283        0.059581

     H   13        0.784489        0.707155        0.627804
     H   13        0.707155       -0.401394        0.316597
     H   13        0.627804        0.316597       -0.383095

     H   14       -0.489772        0.181001       -0.373974
     H   14        0.181001        0.146513       -0.961966
     H   14       -0.373974       -0.961966        0.343259

     H   15       -0.489772       -0.181001       -0.373974
     H   15       -0.181001        0.146513        0.961966
     H   15       -0.373974        0.961966        0.343259

     H   16        0.784489       -0.707155        0.627804
     H   16       -0.707155       -0.401394       -0.316597
     H   16        0.627804       -0.316597       -0.383095

     C   17        0.008484        0.160016       -0.085001
     C   17        0.160016       -0.068066       -0.092283
     C   17       -0.085001       -0.092283        0.059581

     O   18        0.484461        0.583736        0.337454
     O   18        0.583736       -0.137983        0.250467
     O   18        0.337454        0.250467       -0.346477

     H   19       -0.441713        0.442428       -0.325653
     H   19        0.442428        0.969416       -0.631297
     H   19       -0.325653       -0.631297       -0.527703

     H   20        0.448306       -0.395351        0.915123
     H   20       -0.395351       -0.680881       -0.249131
     H   20        0.915123       -0.249131        0.232575

     C   21        0.153334       -0.074962       -0.229080
     C   21       -0.074962       -0.096363        0.176893
     C   21       -0.229080        0.176893       -0.056971

     O   22       -0.384492        0.001407       -0.205032
     O   22        0.001407       -0.225775       -0.630715
     O   22       -0.205032       -0.630715        0.610267

     N   23        0.306332        0.456389       -0.091158
     N   23        0.456389       -0.218918        1.019356
     N   23       -0.091158        1.019356       -0.087414

     O   24       -0.439450       -0.030030       -0.072062
     O   24       -0.030030        0.078425        0.713027
     O   24       -0.072062        0.713027        0.361025

     N   25        0.357038        0.164004       -0.495286
     N   25        0.164004       -0.145124        0.427209
     N   25       -0.495286        0.427209       -0.211914

     N   26        0.139555       -0.493860       -0.682225
     N   26       -0.493860       -0.563677       -0.662280
     N   26       -0.682225       -0.662280        0.424122

     O   27        0.399826       -0.245891       -0.624409
     O   27       -0.245891       -0.342831        0.060412
     O   27       -0.624409        0.060412       -0.056995

     N   28        0.189583       -0.429699       -0.215591
     N   28       -0.429699       -0.170564       -0.435351
     N   28       -0.215591       -0.435351       -0.019019

     H   29       -0.489772        0.181001       -0.373974
     H   29        0.181001        0.146513       -0.961966
     H   29       -0.373974       -0.961966        0.343259

     H   30        0.784489        0.707155        0.627804
     H   30        0.707155       -0.401394        0.316597
     H   30        0.627804        0.316597       -0.383095

     C   31        0.008484       -0.160016       -0.085001
     C   31       -0.160016       -0.068066        0.092283
     C   31       -0.085001        0.092283        0.059581

     O   32        0.484461       -0.583736        0.337454
     O   32       -0.583736       -0.137983       -0.250467
     O   32        0.337454       -0.250467       -0.346477

     H   33       -0.441713       -0.442428       -0.325653
     H   33       -0.442428        0.969416        0.631297
     H   33       -0.325653        0.631297       -0.527703

     H   34        0.448306        0.395351        0.915123
     H   34        0.395351       -0.680881        0.249131
     H   34        0.915123        0.249131        0.232575

     C   35        0.153334        0.074962       -0.229080
     C   35        0.074962       -0.096363       -0.176893
     C   35       -0.229080       -0.176893       -0.056971

     O   36       -0.384492       -0.001407       -0.205032
     O   36       -0.001407       -0.225775        0.630715
     O   36       -0.205032        0.630715        0.610267

     N   37        0.306332       -0.456389       -0.091158
     N   37       -0.456389       -0.218918       -1.019356
     N   37       -0.091158       -1.019356       -0.087414

     O   38       -0.439450        0.030030       -0.072062
     O   38        0.030030        0.078425       -0.713027
     O   38       -0.072062       -0.713027        0.361025

     N   39        0.357038       -0.164004       -0.495286
     N   39       -0.164004       -0.145124       -0.427209
     N   39       -0.495286       -0.427209       -0.211914

     N   40        0.139555        0.493860       -0.682225
     N   40        0.493860       -0.563677        0.662280
     N   40       -0.682225        0.662280        0.424122

     O   41        0.399826        0.245891       -0.624409
     O   41        0.245891       -0.342831       -0.060412
     O   41       -0.624409       -0.060412       -0.056995

     N   42        0.189583        0.429699       -0.215591
     N   42        0.429699       -0.170564        0.435351
     N   42       -0.215591        0.435351       -0.019019

     H   43       -0.489772       -0.181001       -0.373974
     H   43       -0.181001        0.146513        0.961966
     H   43       -0.373974        0.961966        0.343259

     H   44        0.784489       -0.707155        0.627804
     H   44       -0.707155       -0.401394       -0.316597
     H   44        0.627804       -0.316597       -0.383095

     C   45        0.008484        0.160016       -0.085001
     C   45        0.160016       -0.068066       -0.092283
     C   45       -0.085001       -0.092283        0.059581

     O   46        0.484461        0.583736        0.337454
     O   46        0.583736       -0.137983        0.250467
     O   46        0.337454        0.250467       -0.346477

     H   47       -0.441713        0.442428       -0.325653
     H   47        0.442428        0.969416       -0.631297
     H   47       -0.325653       -0.631297       -0.527703

     H   48        0.448306       -0.395351        0.915123
     H   48       -0.395351       -0.680881       -0.249131
     H   48        0.915123       -0.249131        0.232575

     C   49        0.153334       -0.074962       -0.229080
     C   49       -0.074962       -0.096363        0.176893
     C   49       -0.229080        0.176893       -0.056971

     O   50       -0.384492        0.001407       -0.205032
     O   50        0.001407       -0.225775       -0.630715
     O   50       -0.205032       -0.630715        0.610267

     N   51        0.306332        0.456389       -0.091158
     N   51        0.456389       -0.218918        1.019356
     N   51       -0.091158        1.019356       -0.087414

     O   52       -0.439450       -0.030030       -0.072062
     O   52       -0.030030        0.078425        0.713027
     O   52       -0.072062        0.713027        0.361025

     N   53        0.357038        0.164004       -0.495286
     N   53        0.164004       -0.145124        0.427209
     N   53       -0.495286        0.427209       -0.211914

     N   54        0.139555       -0.493860       -0.682225
     N   54       -0.493860       -0.563677       -0.662280
     N   54       -0.682225       -0.662280        0.424122

     O   55        0.399826       -0.245891       -0.624409
     O   55       -0.245891       -0.342831        0.060412
     O   55       -0.624409        0.060412       -0.056995

     N   56        0.189583       -0.429699       -0.215591
     N   56       -0.429699       -0.170564       -0.435351
     N   56       -0.215591       -0.435351       -0.019019

     ----- GIPAW term -----
     N    1        0.222785        0.471984       -0.126220
     N    1        0.471984       -0.200862        0.490513
     N    1       -0.126220        0.490513       -0.021923

     O    2        0.798436       -0.142425       -1.013909
     O    2       -0.142425       -0.486487       -0.771508
     O    2       -1.013909       -0.771508       -0.311949

     N    3       -0.000112        0.079812       -0.001675
     N    3        0.079812        0.022735        0.044236
     N    3       -0.001675        0.044236       -0.022624

     N    4        0.333920       -0.155812       -0.408229
     N    4       -0.155812       -0.112100       -0.467290
     N    4       -0.408229       -0.467290       -0.221820

     O    5       -1.403436        0.242605        0.115626
     O    5        0.242605        0.559068       -0.701729
     O    5        0.115626       -0.701729        0.844368

     N    6        0.083481        0.034304       -0.028619
     N    6        0.034304       -0.042812       -0.051619
     N    6       -0.028619       -0.051619       -0.040669

     O    7       -1.032584       -0.754024       -0.141841
     O    7       -0.754024       -0.109024        0.508966
     O    7       -0.141841        0.508966        1.141608

     C    8        0.061709       -0.003630       -0.130852
     C    8       -0.003630       -0.085669       -0.227136
     C    8       -0.130852       -0.227136        0.023960

     H    9        0.000000        0.000000        0.000000
     H    9        0.000000       -0.000000        0.000000
     H    9        0.000000        0.000000       -0.000000

     H   10        0.000000        0.000000        0.000000
     H   10        0.000000       -0.000000        0.000000
     H   10        0.000000        0.000000       -0.000000

     O   11        0.457540       -0.916400        0.990147
     O   11       -0.916400        0.151749        0.209279
     O   11        0.990147        0.209279       -0.609289

     C   12       -0.065462       -0.244791       -0.001199
     C   12       -0.244791       -0.001143        0.145675
     C   12       -0.001199        0.145675        0.066605

     H   13        0.000000        0.000000        0.000000
     H   13        0.000000       -0.000000        0.000000
     H   13        0.000000        0.000000       -0.000000

     H   14        0.000000        0.000000        0.000000
     H   14        0.000000       -0.000000        0.000000
     H   14        0.000000        0.000000       -0.000000

     H   15        0.000000        0.000000        0.000000
     H   15        0.000000       -0.000000        0.000000
     H   15        0.000000        0.000000       -0.000000

     H   16        0.000000        0.000000        0.000000
     H   16        0.000000       -0.000000        0.000000
     H   16        0.000000        0.000000       -0.000000

     C   17       -0.065460        0.244786       -0.001209
     C   17        0.244786       -0.001146       -0.145679
     C   17       -0.001209       -0.145679        0.066606

     O   18        0.457614        0.916395        0.990115
     O   18        0.916395        0.151662       -0.209171
     O   18        0.990115       -0.209171       -0.609277

     H   19        0.000000        0.000000        0.000000
     H   19        0.000000       -0.000000        0.000000
     H   19        0.000000        0.000000       -0.000000

     H   20        0.000000        0.000000        0.000000
     H   20        0.000000       -0.000000        0.000000
     H   20        0.000000        0.000000       -0.000000

     C   21        0.061719        0.003619       -0.130852
     C   21        0.003619       -0.085685        0.227137
     C   21       -0.130852        0.227137        0.023966

     O   22       -1.032631        0.753934       -0.141870
     O   22        0.753934       -0.108979       -0.508975
     O   22       -0.141870       -0.508975        1.141610

     N   23        0.083497       -0.034303       -0.028594
     N   23       -0.034303       -0.042804        0.051611
     N   23       -0.028594        0.051611       -0.040693

     O   24       -1.403433       -0.242573        0.115633
     O   24       -0.242573        0.559052        0.701654
     O   24        0.115633        0.701654        0.844381

     N   25        0.333909        0.155762       -0.408229
     N   25        0.155762       -0.112061        0.467217
     N   25       -0.408229        0.467217       -0.221848

     N   26       -0.000118       -0.079809       -0.001682
     N   26       -0.079809        0.022746       -0.044220
     N   26       -0.001682       -0.044220       -0.022628

     O   27        0.798457        0.142443       -1.013883
     O   27        0.142443       -0.486486        0.771524
     O   27       -1.013883        0.771524       -0.311970

     N   28        0.222797       -0.471986       -0.126226
     N   28       -0.471986       -0.200884       -0.490554
     N   28       -0.126226       -0.490554       -0.021913

     H   29        0.000000        0.000000        0.000000
     H   29        0.000000       -0.000000        0.000000
     H   29        0.000000        0.000000       -0.000000

     H   30        0.000000        0.000000        0.000000
     H   30        0.000000       -0.000000        0.000000
     H   30        0.000000        0.000000       -0.000000

     C   31       -0.065462       -0.244791       -0.001199
     C   31       -0.244791       -0.001143        0.145675
     C   31       -0.001199        0.145675        0.066605

     O   32        0.457540       -0.916400        0.990147
     O   32       -0.916400        0.151749        0.209279
     O   32        0.990147        0.209279       -0.609289

     H   33        0.000000        0.000000        0.000000
     H   33        0.000000       -0.000000        0.000000
     H   33        0.000000        0.000000       -0.000000

     H   34        0.000000        0.000000        0.000000
     H   34        0.000000       -0.000000        0.000000
     H   34        0.000000        0.000000       -0.000000

     C   35        0.061709       -0.003630       -0.130852
     C   35       -0.003630       -0.085669       -0.227136
     C   35       -0.130852       -0.227136        0.023960

     O   36       -1.032584       -0.754024       -0.141841
     O   36       -0.754024       -0.109024        0.508966
     O   36       -0.141841        0.508966        1.141608

     N   37        0.083481        0.034304       -0.028619
     N   37        0.034304       -0.042812       -0.051619
     N   37       -0.028619       -0.051619       -0.040669

     O   38       -1.403436        0.242605        0.115626
     O   38        0.242605        0.559068       -0.701729
     O   38        0.115626       -0.701729        0.844368

     N   39        0.333920       -0.155812       -0.408229
     N   39       -0.155812       -0.112100       -0.467290
     N   39       -0.408229       -0.467290       -0.221820

     N   40       -0.000112        0.079812       -0.001675
     N   40        0.079812        0.022735        0.044236
     N   40       -0.001675        0.044236       -0.022624

     O   41        0.798436       -0.142425       -1.013909
     O   41       -0.142425       -0.486487       -0.771508
     O   41       -1.013909       -0.771508       -0.311949

     N   42        0.222785        0.471984       -0.126220
     N   42        0.471984       -0.200862        0.490513
     N   42       -0.126220        0.490513       -0.021923

     H   43        0.000000        0.000000        0.000000
     H   43        0.000000       -0.000000        0.000000
     H   43        0.000000        0.000000       -0.000000

     H   44        0.000000        0.000000        0.000000
     H   44        0.000000       -0.000000        0.000000
     H   44        0.000000        0.000000       -0.000000

     C   45       -0.065460        0.244786       -0.001209
     C   45        0.244786       -0.001146       -0.145679
     C   45       -0.001209       -0.145679        0.066606

     O   46        0.457614        0.916395        0.990115
     O   46        0.916395        0.151662       -0.209171
     O   46        0.990115       -0.209171       -0.609277

     H   47        0.000000        0.000000        0.000000
     H   47        0.000000       -0.000000        0.000000
     H   47        0.000000        0.000000       -0.000000

     H   48        0.000000        0.000000        0.000000
     H   48        0.000000       -0.000000        0.000000
     H   48        0.000000        0.000000       -0.000000

     C   49        0.061719        0.003619       -0.130852
     C   49        0.003619       -0.085685        0.227137
     C   49       -0.130852        0.227137        0.023966

     O   50       -1.032631        0.753934       -0.141870
     O   50        0.753934       -0.108979       -0.508975
     O   50       -0.141870       -0.508975        1.141610

     N   51        0.083497       -0.034303       -0.028594
     N   51       -0.034303       -0.042804        0.051611
     N   51       -0.028594        0.051611       -0.040693

     O   52       -1.403433       -0.242573        0.115633
     O   52       -0.242573        0.559052        0.701654
     O   52        0.115633        0.701654        0.844381

     N   53        0.333909        0.155762       -0.408229
     N   53        0.155762       -0.112061        0.467217
     N   53       -0.408229        0.467217       -0.221847

     N   54       -0.000118       -0.079809       -0.001682
     N   54       -0.079809        0.022746       -0.044220
     N   54       -0.001682       -0.044220       -0.022628

     O   55        0.798457        0.142443       -1.013883
     O   55        0.142443       -0.486486        0.771525
     O   55       -1.013883        0.771525       -0.311970

     N   56        0.222797       -0.471986       -0.126226
     N   56       -0.471986       -0.200884       -0.490554
     N   56       -0.126226       -0.490554       -0.021913

     ----- total EFG -----
     N    1        0.360528        0.772552       -0.184567
     N    1        0.772552       -0.312835        0.791163
     N    1       -0.184567        0.791163       -0.047694

     O    2        1.140142       -0.183634       -1.454108
     O    2       -0.183634       -0.708168       -1.074538
     O    2       -1.454108       -1.074538       -0.431974

     N    3       -0.006288        0.107623       -0.037061
     N    3        0.107623        0.016876        0.072161
     N    3       -0.037061        0.072161       -0.010588

     N    4        0.556337       -0.236752       -0.668167
     N    4       -0.236752       -0.194496       -0.748297
     N    4       -0.668167       -0.748297       -0.361842

     O    5       -1.977837        0.334456        0.158228
     O    5        0.334456        0.783616       -1.030098
     O    5        0.158228       -1.030098        1.194221

     N    6        0.108706        0.034716       -0.019872
     N    6        0.034716       -0.047258       -0.103863
     N    6       -0.019872       -0.103863       -0.061447

     O    7       -1.459635       -1.052358       -0.218887
     O    7       -1.052358       -0.173267        0.746856
     O    7       -0.218887        0.746856        1.632902

     C    8        0.125893       -0.001463       -0.251392
     C    8       -0.001463       -0.169493       -0.430700
     C    8       -0.251392       -0.430700        0.043600

     H    9        0.115337        0.150039        0.337763
     H    9        0.150039       -0.200676        0.125024
     H    9        0.337763        0.125024        0.085339

     H   10       -0.198755       -0.155753       -0.081136
     H   10       -0.155753        0.339769        0.238824
     H   10       -0.081136        0.238824       -0.141014

     O   11        0.663955       -1.316018        1.395792
     O   11       -1.316018        0.204087        0.267235
     O   11        1.395792        0.267235       -0.868042

     C   12       -0.121631       -0.453718       -0.002222
     C   12       -0.453718       -0.002908        0.273972
     C   12       -0.002222        0.273972        0.124539

     H   13        0.321353        0.296947        0.210535
     H   13        0.296947       -0.121953        0.120246
     H   13        0.210535        0.120246       -0.199400

     H   14       -0.202899        0.140096       -0.162321
     H   14        0.140096        0.093060       -0.364141
     H   14       -0.162321       -0.364141        0.109839

     H   15       -0.202901       -0.140092       -0.162318
     H   15       -0.140092        0.093062        0.364142
     H   15       -0.162318        0.364142        0.109839

     H   16        0.321355       -0.296946        0.210538
     H   16       -0.296946       -0.121956       -0.120247
     H   16        0.210538       -0.120247       -0.199399

     C   17       -0.121624        0.453706       -0.002243
     C   17        0.453706       -0.002916       -0.273981
     C   17       -0.002243       -0.273981        0.124540

     O   18        0.664060        1.316012        1.395747
     O   18        1.316012        0.203964       -0.267082
     O   18        1.395747       -0.267082       -0.868025

     H   19       -0.198752        0.155755       -0.081134
     H   19        0.155755        0.339771       -0.238820
     H   19       -0.081134       -0.238820       -0.141019

     H   20        0.115332       -0.150039        0.337764
     H   20       -0.150039       -0.200676       -0.125024
     H   20        0.337764       -0.125024        0.085344

     C   21        0.125910        0.001439       -0.251389
     C   21        0.001439       -0.169524        0.430703
     C   21       -0.251389        0.430703        0.043613

     O   22       -1.459701        1.052232       -0.218927
     O   22        1.052232       -0.173203       -0.746867
     O   22       -0.218927       -0.746867        1.632904

