
     Program QE v.5.3.0 (svn rev. 11974) starts on 26Jun2016 at  1: 9: 5 

     This program is part of the open-source Quantum ESPRESSO suite
     for quantum simulation of materials; please cite
         "P. Giannozzi et al., J. Phys.:Condens. Matter 21 395502 (2009);
          URL http://www.quantum-espresso.org", 
     in publications or presentations arising from this work. More details at
     http://www.quantum-espresso.org/quote

     Parallel version (MPI), running on     8 processors
     R & G space division:  proc/nbgrp/npool/nimage =       8

     ***** This is GIPAW svn revision unknown      *****

     Parallelizing q-star over 1 images

     Reading data from directory:
     ./scratch/scf.pbe.ec-140.kp-444.HMX-792931.np-8.default-conv-thr.save

   Info: using nr1, nr2, nr3 values from input

   Info: using nr1, nr2, nr3 values from input

     IMPORTANT: XC functional enforced from input :
     Exchange-correlation      =  SLA  PW   PBX  PBC ( 1  4  3  4 0 0)
     Any further DFT definition will be discarded
     Please, verify this is what you really want

               file N.pbe-n-kjpaw_psl.1.0.0.UPF: wavefunction(s)  2S renormalized
               file C.pbe-n-kjpaw_psl.1.0.0.UPF: wavefunction(s)  2S 2P renormalized
               file H.pbe-kjpaw_psl.1.0.0.UPF: wavefunction(s)  1S renormalized
               file O.pbe-n-kjpaw_psl.1.0.0.UPF: wavefunction(s)  2S 2P renormalized

     Parallelization info
     --------------------
     sticks:   dense  smooth     PW     G-vecs:    dense   smooth      PW
     Min        3555    1422    374               382389    96717   13065
     Max        3556    1423    375               382392    96754   13066
     Sum       28445   11379   2993              3059119   773903  104523


     Subspace diagonalization in iterative solution of the eigenvalue problem:
     a serial algorithm will be used

     GIPAW projectors -----------------------------------------------
     atom=  N    l=0  rc=    1.3000  rs=    0.8667
     atom=  N    l=0  rc=    1.3000  rs=    0.8667
     atom=  N    l=1  rc=    1.3500  rs=    0.9000
     atom=  N    l=1  rc=    1.3500  rs=    0.9000
     projs nearly linearly dependent: l=1  n1,n2= 1, 2  s=  0.99908189

     atom=  C    l=0  rc=    1.2000  rs=    0.8000
     atom=  C    l=0  rc=    1.2000  rs=    0.8000
     atom=  C    l=1  rc=    1.4000  rs=    0.9333
     atom=  C    l=1  rc=    1.4000  rs=    0.9333
     projs nearly linearly dependent: l=1  n1,n2= 1, 2  s=  0.99951561

     atom=  H    l=0  rc=    1.0000  rs=    0.6667
     atom=  H    l=0  rc=    1.0000  rs=    0.6667
     projs nearly linearly dependent: l=0  n1,n2= 1, 2  s=  0.99968852

     atom=  O    l=0  rc=    1.3000  rs=    0.8667
     atom=  O    l=0  rc=    1.3000  rs=    0.8667
     atom=  O    l=1  rc=    1.3500  rs=    0.9000
     atom=  O    l=1  rc=    1.3500  rs=    0.9000
     projs nearly linearly dependent: l=1  n1,n2= 1, 2  s=  0.99790100
     -----------------------------------------------------------------

     GIPAW integrals: -------------------------------------------
     Atom  i/j   nmr_para   nmr_dia   epr_rmc  epr_para   epr_dia
       N   1 1   0.67E+03 -0.31E+00  0.62E+01  0.27E+08  0.20E+03
       N   2 1   0.75E+03 -0.37E+00  0.67E+01  0.30E+08  0.23E+03
       N   2 2   0.85E+03 -0.45E+00  0.74E+01  0.35E+08  0.26E+03
       N   3 3   0.59E+01  0.56E+00  0.34E+01  0.12E+04  0.45E+02
       N   4 3   0.65E+01  0.61E+00  0.38E+01  0.13E+04  0.48E+02
       N   4 4   0.71E+01  0.67E+00  0.43E+01  0.15E+04  0.52E+02
       C   1 1   0.83E+03  0.17E-01  0.93E+01  0.24E+08  0.24E+03
       C   2 1   0.86E+03 -0.61E-01  0.94E+01  0.25E+08  0.25E+03
       C   2 2   0.90E+03 -0.15E+00  0.97E+01  0.26E+08  0.26E+03
       C   3 3   0.33E+01  0.34E+00  0.18E+01  0.55E+03  0.21E+02
       C   4 3   0.35E+01  0.37E+00  0.20E+01  0.59E+03  0.22E+02
       C   4 4   0.38E+01  0.39E+00  0.22E+01  0.63E+03  0.24E+02
       H   1 1   0.39E+02  0.19E+00  0.29E+00  0.78E+05  0.13E+02
       H   2 1   0.41E+02  0.21E+00  0.32E+00  0.82E+05  0.14E+02
       H   2 2   0.43E+02  0.22E+00  0.36E+00  0.86E+05  0.15E+02
       O   1 1   0.81E+03 -0.32E+00  0.65E+01  0.43E+08  0.24E+03
       O   2 1   0.91E+03 -0.39E+00  0.71E+01  0.48E+08  0.27E+03
       O   2 2   0.10E+04 -0.48E+00  0.78E+01  0.55E+08  0.31E+03
       O   3 3   0.99E+01  0.87E+00  0.58E+01  0.24E+04  0.75E+02
       O   4 3   0.11E+02  0.97E+00  0.67E+01  0.27E+04  0.83E+02
       O   4 4   0.12E+02  0.11E+01  0.76E+01  0.31E+04  0.93E+02
     ------------------------------------------------------------

     alpha_pv=     50.6502 eV

     Number of occupied bands for each k-point:
     k-point:     1    nbnd_occ= 112
     k-point:     2    nbnd_occ= 112
     k-point:     3    nbnd_occ= 112
     k-point:     4    nbnd_occ= 112
     k-point:     5    nbnd_occ= 112
     k-point:     6    nbnd_occ= 112
     k-point:     7    nbnd_occ= 112
     k-point:     8    nbnd_occ= 112
     k-point:     9    nbnd_occ= 112
     k-point:    10    nbnd_occ= 112
     k-point:    11    nbnd_occ= 112
     k-point:    12    nbnd_occ= 112
     k-point:    13    nbnd_occ= 112
     k-point:    14    nbnd_occ= 112
     k-point:    15    nbnd_occ= 112
     k-point:    16    nbnd_occ= 112


     GIPAW job: efg                                                                             


     ELECTRIC FIELD GRADIENTS TENSORS IN Hartree/bohrradius^2:

     ----- bare term -----
     N    1       -0.051994       -0.130399        0.149076
     N    1       -0.130399        0.055976       -0.133823
     N    1        0.149076       -0.133823       -0.003982

     O    2       -0.054380       -0.280917        0.181292
     O    2       -0.280917        0.122442       -0.238978
     O    2        0.181292       -0.238978       -0.068061

     N    3       -0.154129       -0.471727        0.632195
     N    3       -0.471727        0.555080       -0.625164
     N    3        0.632195       -0.625164       -0.400950

     N    4       -0.139203        0.089084        0.229763
     N    4        0.089084        0.064407        0.138561
     N    4        0.229763        0.138561        0.074796

     O    5       -0.149691        0.057393        0.113988
     O    5        0.057393        0.152310        0.364899
     O    5        0.113988        0.364899       -0.002619

     N    6       -0.294758        0.448424        0.094534
     N    6        0.448424        0.226665        0.945665
     N    6        0.094534        0.945665        0.068093

     O    7       -0.051277       -0.297061        0.122768
     O    7       -0.297061        0.161763       -0.381374
     O    7        0.122768       -0.381374       -0.110487

     C    8       -0.082857       -0.066982        0.095250
     C    8       -0.066982        0.002985       -0.044843
     C    8        0.095250       -0.044843        0.079873

     H    9       -0.328637       -0.253784       -0.578760
     H    9       -0.253784        0.477273       -0.133051
     H    9       -0.578760       -0.133051       -0.148637

     H   10        0.251781        0.294887        0.242477
     H   10        0.294887       -0.644341       -0.387337
     H   10        0.242477       -0.387337        0.392561

     O   11       -0.270707        0.173558        0.066287
     O   11        0.173558        0.189927        0.304235
     O   11        0.066287        0.304235        0.080780

     C   12       -0.062690       -0.047854        0.080030
     C   12       -0.047854        0.060291        0.049963
     C   12        0.080030        0.049963        0.002398

     H   13       -0.465496       -0.422292       -0.402417
     H   13       -0.422292        0.268090       -0.191029
     H   13       -0.402417       -0.191029        0.197406

     H   14        0.299111       -0.029846        0.193428
     H   14       -0.029846       -0.050541        0.607104
     H   14        0.193428        0.607104       -0.248571

     H   15        0.299110        0.029851        0.193431
     H   15        0.029851       -0.050539       -0.607103
     H   15        0.193431       -0.607103       -0.248571

     H   16       -0.465494        0.422292       -0.402414
     H   16        0.422292        0.268087        0.191028
     H   16       -0.402414        0.191028        0.197407

     C   17       -0.062685        0.047847        0.080019
     C   17        0.047847        0.060288       -0.049969
     C   17        0.080019       -0.049969        0.002398

     O   18       -0.270673       -0.173559        0.066273
     O   18       -0.173559        0.189889       -0.304188
     O   18        0.066273       -0.304188        0.080784

     H   19        0.251783       -0.294885        0.242479
     H   19       -0.294885       -0.644338        0.387342
     H   19        0.242479        0.387342        0.392555

     H   20       -0.328642        0.253785       -0.578759
     H   20        0.253785        0.477274        0.133052
     H   20       -0.578759        0.133052       -0.148633

     C   21       -0.082850        0.066971        0.095252
     C   21        0.066971        0.002969        0.044844
     C   21        0.095252        0.044844        0.079881

     O   22       -0.051297        0.297021        0.122756
     O   22        0.297021        0.161784        0.381372
     O   22        0.122756        0.381372       -0.110487

     N   23       -0.294747       -0.448423        0.094549
     N   23       -0.448423        0.226667       -0.945670
     N   23        0.094549       -0.945670        0.068080

     O   24       -0.149688       -0.057382        0.113991
     O   24       -0.057382        0.152302       -0.364929
     O   24        0.113991       -0.364929       -0.002614

     N   25       -0.139211       -0.089120        0.229766
     N   25       -0.089120        0.064430       -0.138612
     N   25        0.229766       -0.138612        0.074781

     N   26       -0.154138        0.471730        0.632194
     N   26        0.471730        0.555090        0.625172
     N   26        0.632194        0.625172       -0.400953

     O   27       -0.054374        0.280924        0.181299
     O   27        0.280924        0.122445        0.238987
     O   27        0.181299        0.238987       -0.068071

     N   28       -0.051983        0.130393        0.149071
     N   28        0.130393        0.055957        0.133791
     N   28        0.149071        0.133791       -0.003973

     H   29        0.299111       -0.029846        0.193428
     H   29       -0.029846       -0.050541        0.607104
     H   29        0.193428        0.607104       -0.248571

     H   30       -0.465496       -0.422292       -0.402417
     H   30       -0.422292        0.268090       -0.191029
     H   30       -0.402417       -0.191029        0.197406

     C   31       -0.062690       -0.047854        0.080030
     C   31       -0.047854        0.060291        0.049963
     C   31        0.080030        0.049963        0.002398

     O   32       -0.270707        0.173558        0.066287
     O   32        0.173558        0.189927        0.304235
     O   32        0.066287        0.304235        0.080780

     H   33        0.251781        0.294887        0.242477
     H   33        0.294887       -0.644341       -0.387337
     H   33        0.242477       -0.387337        0.392561

     H   34       -0.328637       -0.253784       -0.578760
     H   34       -0.253784        0.477273       -0.133051
     H   34       -0.578760       -0.133051       -0.148637

     C   35       -0.082857       -0.066982        0.095250
     C   35       -0.066982        0.002985       -0.044843
     C   35        0.095250       -0.044843        0.079873

     O   36       -0.051277       -0.297061        0.122768
     O   36       -0.297061        0.161763       -0.381374
     O   36        0.122768       -0.381374       -0.110487

     N   37       -0.294758        0.448424        0.094534
     N   37        0.448424        0.226665        0.945665
     N   37        0.094534        0.945665        0.068093

     O   38       -0.149691        0.057393        0.113988
     O   38        0.057393        0.152310        0.364899
     O   38        0.113988        0.364899       -0.002619

     N   39       -0.139203        0.089084        0.229763
     N   39        0.089084        0.064407        0.138561
     N   39        0.229763        0.138561        0.074796

     N   40       -0.154129       -0.471727        0.632195
     N   40       -0.471727        0.555080       -0.625164
     N   40        0.632195       -0.625164       -0.400950

     O   41       -0.054380       -0.280917        0.181292
     O   41       -0.280917        0.122442       -0.238978
     O   41        0.181292       -0.238978       -0.068061

     N   42       -0.051994       -0.130399        0.149076
     N   42       -0.130399        0.055976       -0.133823
     N   42        0.149076       -0.133823       -0.003982

     H   43        0.299110        0.029851        0.193431
     H   43        0.029851       -0.050539       -0.607103
     H   43        0.193431       -0.607103       -0.248571

     H   44       -0.465494        0.422292       -0.402414
     H   44        0.422292        0.268087        0.191028
     H   44       -0.402414        0.191028        0.197407

     C   45       -0.062685        0.047847        0.080019
     C   45        0.047847        0.060288       -0.049969
     C   45        0.080019       -0.049969        0.002398

     O   46       -0.270673       -0.173559        0.066273
     O   46       -0.173559        0.189889       -0.304188
     O   46        0.066273       -0.304188        0.080784

     H   47        0.251783       -0.294885        0.242479
     H   47       -0.294885       -0.644338        0.387342
     H   47        0.242479        0.387342        0.392555

     H   48       -0.328642        0.253785       -0.578759
     H   48        0.253785        0.477274        0.133052
     H   48       -0.578759        0.133052       -0.148633

     C   49       -0.082850        0.066971        0.095252
     C   49        0.066971        0.002969        0.044844
     C   49        0.095252        0.044844        0.079881

     O   50       -0.051297        0.297021        0.122756
     O   50        0.297021        0.161784        0.381372
     O   50        0.122756        0.381372       -0.110487

     N   51       -0.294747       -0.448423        0.094549
     N   51       -0.448423        0.226667       -0.945670
     N   51        0.094549       -0.945670        0.068080

     O   52       -0.149688       -0.057382        0.113991
     O   52       -0.057382        0.152302       -0.364929
     O   52        0.113991       -0.364929       -0.002614

     N   53       -0.139211       -0.089120        0.229766
     N   53       -0.089120        0.064430       -0.138612
     N   53        0.229766       -0.138612        0.074781

     N   54       -0.154138        0.471730        0.632194
     N   54        0.471730        0.555090        0.625172
     N   54        0.632194        0.625172       -0.400953

     O   55       -0.054374        0.280924        0.181299
     O   55        0.280924        0.122445        0.238987
     O   55        0.181299        0.238987       -0.068071

     N   56       -0.051983        0.130393        0.149071
     N   56        0.130393        0.055957        0.133791
     N   56        0.149071        0.133791       -0.003973

     ----- ionic term -----
     N    1        0.193993        0.428424       -0.205999
     N    1        0.428424       -0.169164        0.434933
     N    1       -0.205999        0.434933       -0.024829

     O    2        0.399826        0.243623       -0.621273
     O    2        0.243623       -0.340478       -0.063734
     O    2       -0.621273       -0.063734       -0.059347

     N    3        0.148594        0.500703       -0.667288
     N    3        0.500703       -0.561139        0.653225
     N    3       -0.667288        0.653225        0.412545

     N    4        0.365378       -0.168396       -0.486181
     N    4       -0.168396       -0.151764       -0.420060
     N    4       -0.486181       -0.420060       -0.213614

     O    5       -0.430810        0.031616       -0.071805
     O    5        0.031616        0.072996       -0.697598
     O    5       -0.071805       -0.697598        0.357815

     N    6        0.321723       -0.447837       -0.085214
     N    6       -0.447837       -0.232147       -0.997740
     N    6       -0.085214       -0.997740       -0.089576

     O    7       -0.381950        0.001787       -0.194924
     O    7        0.001787       -0.225050        0.623615
     O    7       -0.194924        0.623615        0.607000

     C    8        0.149641        0.067610       -0.217599
     C    8        0.067610       -0.092913       -0.162229
     C    8       -0.217599       -0.162229       -0.056727

     H    9        0.447846        0.415744        0.932401
     H    9        0.415744       -0.684478        0.269346
     H    9        0.932401        0.269346        0.236632

     H   10       -0.463236       -0.462304       -0.326779
     H   10       -0.462304        1.010346        0.637025
     H   10       -0.326779        0.637025       -0.547109

     O   11        0.483740       -0.572434        0.341458
     O   11       -0.572434       -0.144076       -0.246065
     O   11        0.341458       -0.246065       -0.339664

     C   12        0.007680       -0.160743       -0.079287
     C   12       -0.160743       -0.062929        0.082656
     C   12       -0.079287        0.082656        0.055250

     H   13        0.789644        0.726831        0.601322
     H   13        0.726831       -0.383568        0.307170
     H   13        0.601322        0.307170       -0.406076

     H   14       -0.513467        0.163881       -0.351312
     H   14        0.163881        0.143359       -0.981711
     H   14       -0.351312       -0.981711        0.370108

     H   15       -0.513467       -0.163881       -0.351312
     H   15       -0.163881        0.143359        0.981711
     H   15       -0.351312        0.981711        0.370108

     H   16        0.789644       -0.726831        0.601322
     H   16       -0.726831       -0.383568       -0.307170
     H   16        0.601322       -0.307170       -0.406076

     C   17        0.007680        0.160743       -0.079287
     C   17        0.160743       -0.062929       -0.082656
     C   17       -0.079287       -0.082656        0.055250

     O   18        0.483740        0.572434        0.341458
     O   18        0.572434       -0.144076        0.246065
     O   18        0.341458        0.246065       -0.339664

     H   19       -0.463236        0.462304       -0.326779
     H   19        0.462304        1.010346       -0.637025
     H   19       -0.326779       -0.637025       -0.547109

     H   20        0.447846       -0.415744        0.932401
     H   20       -0.415744       -0.684478       -0.269346
     H   20        0.932401       -0.269346        0.236632

     C   21        0.149641       -0.067610       -0.217599
     C   21       -0.067610       -0.092913        0.162229
     C   21       -0.217599        0.162229       -0.056727

     O   22       -0.381950       -0.001787       -0.194924
     O   22       -0.001787       -0.225050       -0.623615
     O   22       -0.194924       -0.623615        0.607000

     N   23        0.321723        0.447837       -0.085214
     N   23        0.447837       -0.232147        0.997740
     N   23       -0.085214        0.997740       -0.089576

     O   24       -0.430810       -0.031616       -0.071805
     O   24       -0.031616        0.072996        0.697598
     O   24       -0.071805        0.697598        0.357815

     N   25        0.365378        0.168396       -0.486181
     N   25        0.168396       -0.151764        0.420060
     N   25       -0.486181        0.420060       -0.213614

     N   26        0.148594       -0.500703       -0.667288
     N   26       -0.500703       -0.561139       -0.653225
     N   26       -0.667288       -0.653225        0.412545

     O   27        0.399826       -0.243623       -0.621273
     O   27       -0.243623       -0.340478        0.063734
     O   27       -0.621273        0.063734       -0.059347

     N   28        0.193993       -0.428424       -0.205999
     N   28       -0.428424       -0.169164       -0.434933
     N   28       -0.205999       -0.434933       -0.024829

     H   29       -0.513467        0.163881       -0.351312
     H   29        0.163881        0.143359       -0.981711
     H   29       -0.351312       -0.981711        0.370108

     H   30        0.789644        0.726831        0.601322
     H   30        0.726831       -0.383568        0.307170
     H   30        0.601322        0.307170       -0.406076

     C   31        0.007680       -0.160743       -0.079287
     C   31       -0.160743       -0.062929        0.082656
     C   31       -0.079287        0.082656        0.055250

     O   32        0.483740       -0.572434        0.341458
     O   32       -0.572434       -0.144076       -0.246065
     O   32        0.341458       -0.246065       -0.339664

     H   33       -0.463236       -0.462304       -0.326779
     H   33       -0.462304        1.010346        0.637025
     H   33       -0.326779        0.637025       -0.547109

     H   34        0.447846        0.415744        0.932401
     H   34        0.415744       -0.684478        0.269346
     H   34        0.932401        0.269346        0.236632

     C   35        0.149641        0.067610       -0.217599
     C   35        0.067610       -0.092913       -0.162229
     C   35       -0.217599       -0.162229       -0.056727

     O   36       -0.381950        0.001787       -0.194924
     O   36        0.001787       -0.225050        0.623615
     O   36       -0.194924        0.623615        0.607000

     N   37        0.321723       -0.447837       -0.085214
     N   37       -0.447837       -0.232147       -0.997740
     N   37       -0.085214       -0.997740       -0.089576

     O   38       -0.430810        0.031616       -0.071805
     O   38        0.031616        0.072996       -0.697598
     O   38       -0.071805       -0.697598        0.357815

     N   39        0.365378       -0.168396       -0.486181
     N   39       -0.168396       -0.151764       -0.420060
     N   39       -0.486181       -0.420060       -0.213614

     N   40        0.148594        0.500703       -0.667288
     N   40        0.500703       -0.561139        0.653225
     N   40       -0.667288        0.653225        0.412545

     O   41        0.399826        0.243623       -0.621273
     O   41        0.243623       -0.340478       -0.063734
     O   41       -0.621273       -0.063734       -0.059347

     N   42        0.193993        0.428424       -0.205999
     N   42        0.428424       -0.169164        0.434933
     N   42       -0.205999        0.434933       -0.024829

     H   43       -0.513467       -0.163881       -0.351312
     H   43       -0.163881        0.143359        0.981711
     H   43       -0.351312        0.981711        0.370108

     H   44        0.789644       -0.726831        0.601322
     H   44       -0.726831       -0.383568       -0.307170
     H   44        0.601322       -0.307170       -0.406076

     C   45        0.007680        0.160743       -0.079287
     C   45        0.160743       -0.062929       -0.082656
     C   45       -0.079287       -0.082656        0.055250

     O   46        0.483740        0.572434        0.341458
     O   46        0.572434       -0.144076        0.246065
     O   46        0.341458        0.246065       -0.339664

     H   47       -0.463236        0.462304       -0.326779
     H   47        0.462304        1.010346       -0.637025
     H   47       -0.326779       -0.637025       -0.547109

     H   48        0.447846       -0.415744        0.932401
     H   48       -0.415744       -0.684478       -0.269346
     H   48        0.932401       -0.269346        0.236632

     C   49        0.149641       -0.067610       -0.217599
     C   49       -0.067610       -0.092913        0.162229
     C   49       -0.217599        0.162229       -0.056727

     O   50       -0.381950       -0.001787       -0.194924
     O   50       -0.001787       -0.225050       -0.623615
     O   50       -0.194924       -0.623615        0.607000

     N   51        0.321723        0.447837       -0.085214
     N   51        0.447837       -0.232147        0.997740
     N   51       -0.085214        0.997740       -0.089576

     O   52       -0.430810       -0.031616       -0.071805
     O   52       -0.031616        0.072996        0.697598
     O   52       -0.071805        0.697598        0.357815

     N   53        0.365378        0.168396       -0.486181
     N   53        0.168396       -0.151764        0.420060
     N   53       -0.486181        0.420060       -0.213614

     N   54        0.148594       -0.500703       -0.667288
     N   54       -0.500703       -0.561139       -0.653225
     N   54       -0.667288       -0.653225        0.412545

     O   55        0.399826       -0.243623       -0.621273
     O   55       -0.243623       -0.340478        0.063734
     O   55       -0.621273        0.063734       -0.059347

     N   56        0.193993       -0.428424       -0.205999
     N   56       -0.428424       -0.169164       -0.434933
     N   56       -0.205999       -0.434933       -0.024829

     ----- GIPAW term -----
     N    1        0.230665        0.467787       -0.124424
     N    1        0.467787       -0.203358        0.491689
     N    1       -0.124424        0.491689       -0.027308

     O    2        0.808732       -0.131029       -1.014393
     O    2       -0.131029       -0.477513       -0.770636
     O    2       -1.014393       -0.770636       -0.331219

     N    3        0.000271        0.081258       -0.002649
     N    3        0.081258        0.020782        0.045807
     N    3       -0.002649        0.045807       -0.021053

     N    4        0.340826       -0.154208       -0.402526
     N    4       -0.154208       -0.120783       -0.468744
     N    4       -0.402526       -0.468744       -0.220043

     O    5       -1.423437        0.234612        0.114671
     O    5        0.234612        0.563278       -0.720727
     O    5        0.114671       -0.720727        0.860159

     N    6        0.085196        0.032777       -0.027003
     N    6        0.032777       -0.043707       -0.055689
     N    6       -0.027003       -0.055689       -0.041489

     O    7       -1.050379       -0.746649       -0.131569
     O    7       -0.746649       -0.107749        0.523428
     O    7       -0.131569        0.523428        1.158128

     C    8        0.065809       -0.004928       -0.134765
     C    8       -0.004928       -0.094232       -0.234348
     C    8       -0.134765       -0.234348        0.028424

     H    9        0.000000        0.000000        0.000000
     H    9        0.000000       -0.000000        0.000000
     H    9        0.000000        0.000000       -0.000000

     H   10        0.000000        0.000000        0.000000
     H   10        0.000000       -0.000000        0.000000
     H   10        0.000000        0.000000       -0.000000

     O   11        0.476801       -0.918626        0.995681
     O   11       -0.918626        0.135656        0.208164
     O   11        0.995681        0.208164       -0.612457

     C   12       -0.063340       -0.244661        0.000996
     C   12       -0.244661       -0.002660        0.151548
     C   12        0.000996        0.151548        0.066000

     H   13        0.000000        0.000000        0.000000
     H   13        0.000000       -0.000000        0.000000
     H   13        0.000000        0.000000       -0.000000

     H   14        0.000000        0.000000        0.000000
     H   14        0.000000       -0.000000        0.000000
     H   14        0.000000        0.000000       -0.000000

     H   15        0.000000        0.000000        0.000000
     H   15        0.000000       -0.000000        0.000000
     H   15        0.000000        0.000000       -0.000000

     H   16        0.000000        0.000000        0.000000
     H   16        0.000000       -0.000000        0.000000
     H   16        0.000000        0.000000       -0.000000

     C   17       -0.063338        0.244654        0.000985
     C   17        0.244654       -0.002662       -0.151551
     C   17        0.000985       -0.151551        0.066001

     O   18        0.476883        0.918620        0.995644
     O   18        0.918620        0.135565       -0.208050
     O   18        0.995644       -0.208050       -0.612448

     H   19        0.000000        0.000000        0.000000
     H   19        0.000000       -0.000000        0.000000
     H   19        0.000000        0.000000       -0.000000

     H   20        0.000000        0.000000        0.000000
     H   20        0.000000       -0.000000        0.000000
     H   20        0.000000        0.000000       -0.000000

     C   21        0.065818        0.004916       -0.134765
     C   21        0.004916       -0.094249        0.234348
     C   21       -0.134765        0.234348        0.028431

     O   22       -1.050429        0.746551       -0.131599
     O   22        0.746551       -0.107698       -0.523435
     O   22       -0.131599       -0.523435        1.158128

     N   23        0.085214       -0.032776       -0.026976
     N   23       -0.032776       -0.043699        0.055681
     N   23       -0.026976        0.055681       -0.041516

     O   24       -1.423434       -0.234582        0.114676
     O   24       -0.234582        0.563260        0.720650
     O   24        0.114676        0.720650        0.860174

     N   25        0.340817        0.154151       -0.402522
     N   25        0.154151       -0.120747        0.468663
     N   25       -0.402522        0.468663       -0.220070

     N   26        0.000259       -0.081252       -0.002651
     N   26       -0.081252        0.020795       -0.045793
     N   26       -0.002651       -0.045793       -0.021054

     O   27        0.808750        0.131046       -1.014378
     O   27        0.131046       -0.477509        0.770656
     O   27       -1.014378        0.770656       -0.331241

     N   28        0.230681       -0.467792       -0.124432
     N   28       -0.467792       -0.203386       -0.491737
     N   28       -0.124432       -0.491737       -0.027295

     H   29        0.000000        0.000000        0.000000
     H   29        0.000000       -0.000000        0.000000
     H   29        0.000000        0.000000       -0.000000

     H   30        0.000000        0.000000        0.000000
     H   30        0.000000       -0.000000        0.000000
     H   30        0.000000        0.000000       -0.000000

     C   31       -0.063340       -0.244661        0.000996
     C   31       -0.244661       -0.002660        0.151548
     C   31        0.000996        0.151548        0.066000

     O   32        0.476801       -0.918626        0.995681
     O   32       -0.918626        0.135656        0.208164
     O   32        0.995681        0.208164       -0.612457

     H   33        0.000000        0.000000        0.000000
     H   33        0.000000       -0.000000        0.000000
     H   33        0.000000        0.000000       -0.000000

     H   34        0.000000        0.000000        0.000000
     H   34        0.000000       -0.000000        0.000000
     H   34        0.000000        0.000000       -0.000000

     C   35        0.065809       -0.004928       -0.134765
     C   35       -0.004928       -0.094232       -0.234348
     C   35       -0.134765       -0.234348        0.028424

     O   36       -1.050379       -0.746649       -0.131569
     O   36       -0.746649       -0.107749        0.523428
     O   36       -0.131569        0.523428        1.158128

     N   37        0.085196        0.032777       -0.027003
     N   37        0.032777       -0.043707       -0.055689
     N   37       -0.027003       -0.055689       -0.041489

     O   38       -1.423437        0.234612        0.114671
     O   38        0.234612        0.563278       -0.720727
     O   38        0.114671       -0.720727        0.860159

     N   39        0.340826       -0.154208       -0.402526
     N   39       -0.154208       -0.120783       -0.468744
     N   39       -0.402526       -0.468744       -0.220043

     N   40        0.000271        0.081258       -0.002649
     N   40        0.081258        0.020782        0.045807
     N   40       -0.002649        0.045807       -0.021053

     O   41        0.808732       -0.131029       -1.014393
     O   41       -0.131029       -0.477513       -0.770636
     O   41       -1.014393       -0.770636       -0.331219

     N   42        0.230665        0.467787       -0.124424
     N   42        0.467787       -0.203358        0.491689
     N   42       -0.124424        0.491689       -0.027308

     H   43        0.000000        0.000000        0.000000
     H   43        0.000000       -0.000000        0.000000
     H   43        0.000000        0.000000       -0.000000

     H   44        0.000000        0.000000        0.000000
     H   44        0.000000       -0.000000        0.000000
     H   44        0.000000        0.000000       -0.000000

     C   45       -0.063338        0.244654        0.000985
     C   45        0.244654       -0.002662       -0.151551
     C   45        0.000985       -0.151551        0.066001

     O   46        0.476883        0.918620        0.995644
     O   46        0.918620        0.135565       -0.208050
     O   46        0.995644       -0.208050       -0.612448

     H   47        0.000000        0.000000        0.000000
     H   47        0.000000       -0.000000        0.000000
     H   47        0.000000        0.000000       -0.000000

     H   48        0.000000        0.000000        0.000000
     H   48        0.000000       -0.000000        0.000000
     H   48        0.000000        0.000000       -0.000000

     C   49        0.065818        0.004916       -0.134765
     C   49        0.004916       -0.094249        0.234348
     C   49       -0.134765        0.234348        0.028431

     O   50       -1.050429        0.746551       -0.131599
     O   50        0.746551       -0.107698       -0.523435
     O   50       -0.131599       -0.523435        1.158128

     N   51        0.085214       -0.032776       -0.026976
     N   51       -0.032776       -0.043699        0.055681
     N   51       -0.026976        0.055681       -0.041516

     O   52       -1.423434       -0.234582        0.114676
     O   52       -0.234582        0.563260        0.720650
     O   52        0.114676        0.720650        0.860174

     N   53        0.340816        0.154151       -0.402522
     N   53        0.154151       -0.120747        0.468663
     N   53       -0.402522        0.468663       -0.220070

     N   54        0.000260       -0.081252       -0.002651
     N   54       -0.081252        0.020795       -0.045793
     N   54       -0.002651       -0.045793       -0.021054

     O   55        0.808750        0.131046       -1.014378
     O   55        0.131046       -0.477509        0.770656
     O   55       -1.014378        0.770656       -0.331241

     N   56        0.230681       -0.467792       -0.124432
     N   56       -0.467792       -0.203386       -0.491737
     N   56       -0.124432       -0.491737       -0.027295

     ----- total EFG -----
     N    1        0.372664        0.765813       -0.181347
     N    1        0.765813       -0.316546        0.792799
     N    1       -0.181347        0.792799       -0.056118

     O    2        1.154177       -0.168322       -1.454374
     O    2       -0.168322       -0.695550       -1.073348
     O    2       -1.454374       -1.073348       -0.458628

     N    3       -0.005264        0.110234       -0.037743
     N    3        0.110234        0.014723        0.073868
     N    3       -0.037743        0.073868       -0.009458

     N    4        0.567001       -0.233521       -0.658943
     N    4       -0.233521       -0.208139       -0.750243
     N    4       -0.658943       -0.750243       -0.358862

     O    5       -2.003938        0.323621        0.156854
     O    5        0.323621        0.788583       -1.053427
     O    5        0.156854       -1.053427        1.215355

     N    6        0.112161        0.033364       -0.017682
     N    6        0.033364       -0.049188       -0.107764
     N    6       -0.017682       -0.107764       -0.062972

     O    7       -1.483606       -1.041923       -0.203726
     O    7       -1.041923       -0.171036        0.765668
     O    7       -0.203726        0.765668        1.654642

     C    8        0.132592       -0.004301       -0.257114
     C    8       -0.004301       -0.184161       -0.441421
     C    8       -0.257114       -0.441421        0.051569

     H    9        0.119210        0.161960        0.353641
     H    9        0.161960       -0.207205        0.136295
     H    9        0.353641        0.136295        0.087995

     H   10       -0.211456       -0.167417       -0.084302
     H   10       -0.167417        0.366004        0.249688
     H   10       -0.084302        0.249688       -0.154549

     O   11        0.689833       -1.317502        1.403425
     O   11       -1.317502        0.181507        0.266334
     O   11        1.403425        0.266334       -0.871340

     C   12       -0.118350       -0.453259        0.001739
     C   12       -0.453259       -0.005298        0.284167
     C   12        0.001739        0.284167        0.123648

     H   13        0.324148        0.304540        0.198905
     H   13        0.304540       -0.115478        0.116141
     H   13        0.198905        0.116141       -0.208670

     H   14       -0.214356        0.134035       -0.157883
     H   14        0.134035        0.092818       -0.374606
     H   14       -0.157883       -0.374606        0.121537

     H   15       -0.214357       -0.134031       -0.157880
     H   15       -0.134031        0.092820        0.374608
     H   15       -0.157880        0.374608        0.121538

     H   16        0.324150       -0.304540        0.198908
     H   16       -0.304540       -0.115481       -0.116142
     H   16        0.198908       -0.116142       -0.208669

     C   17       -0.118344        0.453245        0.001718
     C   17        0.453245       -0.005304       -0.284177
     C   17        0.001718       -0.284177        0.123648

     O   18        0.689949        1.317495        1.403375
     O   18        1.317495        0.181379       -0.266173
     O   18        1.403375       -0.266173       -0.871328

     H   19       -0.211453        0.167419       -0.084300
     H   19        0.167419        0.366008       -0.249683
     H   19       -0.084300       -0.249683       -0.154554

     H   20        0.119205       -0.161960        0.353642
     H   20       -0.161960       -0.207204       -0.136295
     H   20        0.353642       -0.136295        0.087999

     C   21        0.132608        0.004277       -0.257112
     C   21        0.004277       -0.184193        0.441422
     C   21       -0.257112        0.441422        0.051585

     O   22       -1.483676        1.041785       -0.203768
     O   22        1.041785       -0.170964       -0.765677
     O   22       -0.203768       -0.765677        1.654640

