
     Program QE v.5.3.0 (svn rev. 11974) starts on 23Jul2016 at  3:41:47 

     This program is part of the open-source Quantum ESPRESSO suite
     for quantum simulation of materials; please cite
         "P. Giannozzi et al., J. Phys.:Condens. Matter 21 395502 (2009);
          URL http://www.quantum-espresso.org", 
     in publications or presentations arising from this work. More details at
     http://www.quantum-espresso.org/quote

     Parallel version (MPI), running on    32 processors
     R & G space division:  proc/nbgrp/npool/nimage =      32

     ***** This is GIPAW svn revision unknown      *****

     Parallelizing q-star over 1 images

     Reading data from directory:
     ./scratch/relax.pbe.ec-80.kp-4x2x4.HMX-792932.np-32.default-conv-thr.save

   Info: using nr1, nr2, nr3 values from input

   Info: using nr1, nr2, nr3 values from input

     IMPORTANT: XC functional enforced from input :
     Exchange-correlation      =  SLA  PW   PBX  PBC ( 1  4  3  4 0 0)
     Any further DFT definition will be discarded
     Please, verify this is what you really want

               file N.pbe-n-kjpaw_psl.1.0.0.UPF: wavefunction(s)  2S renormalized
               file C.pbe-n-kjpaw_psl.1.0.0.UPF: wavefunction(s)  2S 2P renormalized
               file H.pbe-kjpaw_psl.1.0.0.UPF: wavefunction(s)  1S renormalized
               file O.pbe-n-kjpaw_psl.1.0.0.UPF: wavefunction(s)  2S 2P renormalized

     Parallelization info
     --------------------
     sticks:   dense  smooth     PW     G-vecs:    dense   smooth      PW
     Min         505     202     54                41089    10379    1433
     Max         506     203     55                41093    10414    1436
     Sum       16183    6479   1737              1314913   332625   45891


     Subspace diagonalization in iterative solution of the eigenvalue problem:
     a serial algorithm will be used

     GIPAW projectors -----------------------------------------------
     atom=  N    l=0  rc=    1.3000  rs=    0.8667
     atom=  N    l=0  rc=    1.3000  rs=    0.8667
     atom=  N    l=1  rc=    1.3500  rs=    0.9000
     atom=  N    l=1  rc=    1.3500  rs=    0.9000
     projs nearly linearly dependent: l=1  n1,n2= 1, 2  s=  0.99908189

     atom=  C    l=0  rc=    1.2000  rs=    0.8000
     atom=  C    l=0  rc=    1.2000  rs=    0.8000
     atom=  C    l=1  rc=    1.4000  rs=    0.9333
     atom=  C    l=1  rc=    1.4000  rs=    0.9333
     projs nearly linearly dependent: l=1  n1,n2= 1, 2  s=  0.99951561

     atom=  H    l=0  rc=    1.0000  rs=    0.6667
     atom=  H    l=0  rc=    1.0000  rs=    0.6667
     projs nearly linearly dependent: l=0  n1,n2= 1, 2  s=  0.99968852

     atom=  O    l=0  rc=    1.3000  rs=    0.8667
     atom=  O    l=0  rc=    1.3000  rs=    0.8667
     atom=  O    l=1  rc=    1.3500  rs=    0.9000
     atom=  O    l=1  rc=    1.3500  rs=    0.9000
     projs nearly linearly dependent: l=1  n1,n2= 1, 2  s=  0.99790100
     -----------------------------------------------------------------

     GIPAW integrals: -------------------------------------------
     Atom  i/j   nmr_para   nmr_dia   epr_rmc  epr_para   epr_dia
       N   1 1   0.67E+03 -0.31E+00  0.62E+01  0.27E+08  0.20E+03
       N   2 1   0.75E+03 -0.37E+00  0.67E+01  0.30E+08  0.23E+03
       N   2 2   0.85E+03 -0.45E+00  0.74E+01  0.35E+08  0.26E+03
       N   3 3   0.59E+01  0.56E+00  0.34E+01  0.12E+04  0.45E+02
       N   4 3   0.65E+01  0.61E+00  0.38E+01  0.13E+04  0.48E+02
       N   4 4   0.71E+01  0.67E+00  0.43E+01  0.15E+04  0.52E+02
       C   1 1   0.83E+03  0.17E-01  0.93E+01  0.24E+08  0.24E+03
       C   2 1   0.86E+03 -0.61E-01  0.94E+01  0.25E+08  0.25E+03
       C   2 2   0.90E+03 -0.15E+00  0.97E+01  0.26E+08  0.26E+03
       C   3 3   0.33E+01  0.34E+00  0.18E+01  0.55E+03  0.21E+02
       C   4 3   0.35E+01  0.37E+00  0.20E+01  0.59E+03  0.22E+02
       C   4 4   0.38E+01  0.39E+00  0.22E+01  0.63E+03  0.24E+02
       H   1 1   0.39E+02  0.19E+00  0.29E+00  0.78E+05  0.13E+02
       H   2 1   0.41E+02  0.21E+00  0.32E+00  0.82E+05  0.14E+02
       H   2 2   0.43E+02  0.22E+00  0.36E+00  0.86E+05  0.15E+02
       O   1 1   0.81E+03 -0.32E+00  0.65E+01  0.43E+08  0.24E+03
       O   2 1   0.91E+03 -0.39E+00  0.71E+01  0.48E+08  0.27E+03
       O   2 2   0.10E+04 -0.48E+00  0.78E+01  0.55E+08  0.31E+03
       O   3 3   0.99E+01  0.87E+00  0.58E+01  0.24E+04  0.75E+02
       O   4 3   0.11E+02  0.97E+00  0.67E+01  0.27E+04  0.83E+02
       O   4 4   0.12E+02  0.11E+01  0.76E+01  0.31E+04  0.93E+02
     ------------------------------------------------------------

     alpha_pv=     50.0761 eV

     Number of occupied bands for each k-point:
     k-point:     1    nbnd_occ= 112
     k-point:     2    nbnd_occ= 112
     k-point:     3    nbnd_occ= 112
     k-point:     4    nbnd_occ= 112
     k-point:     5    nbnd_occ= 112
     k-point:     6    nbnd_occ= 112
     k-point:     7    nbnd_occ= 112
     k-point:     8    nbnd_occ= 112
     k-point:     9    nbnd_occ= 112
     k-point:    10    nbnd_occ= 112
     k-point:    11    nbnd_occ= 112
     k-point:    12    nbnd_occ= 112
     k-point:    13    nbnd_occ= 112
     k-point:    14    nbnd_occ= 112
     k-point:    15    nbnd_occ= 112
     k-point:    16    nbnd_occ= 112


     GIPAW job: efg                                                                             


     ELECTRIC FIELD GRADIENTS TENSORS IN Hartree/bohrradius^2:

     ----- bare term -----
     N    1       -0.052223       -0.111511        0.147626
     N    1       -0.111511        0.062826       -0.124777
     N    1        0.147626       -0.124777       -0.010603

     O    2       -0.033841       -0.267342        0.154243
     O    2       -0.267342        0.107008       -0.234579
     O    2        0.154243       -0.234579       -0.073167

     N    3       -0.150847       -0.451750        0.606634
     N    3       -0.451750        0.541534       -0.586620
     N    3        0.606634       -0.586620       -0.390687

     N    4       -0.133809        0.094496        0.224789
     N    4        0.094496        0.055992        0.138001
     N    4        0.224789        0.138001        0.077818

     O    5       -0.166417        0.056332        0.109346
     O    5        0.056332        0.158670        0.325302
     O    5        0.109346        0.325302        0.007748

     N    6       -0.281271        0.430582        0.090567
     N    6        0.430582        0.232484        0.899178
     N    6        0.090567        0.899178        0.048786

     O    7       -0.070051       -0.296461        0.104913
     O    7       -0.296461        0.150994       -0.349111
     O    7        0.104913       -0.349111       -0.080943

     C    8       -0.089492       -0.072374        0.166882
     C    8       -0.072374        0.051084        0.040593
     C    8        0.166882        0.040593        0.038408

     H    9       -0.262185       -0.231192       -0.526989
     H    9       -0.231192        0.424590       -0.128724
     H    9       -0.526989       -0.128724       -0.162405

     H   10        0.228447        0.259505        0.236373
     H   10        0.259505       -0.556717       -0.365572
     H   10        0.236373       -0.365572        0.328270

     O   11       -0.240682        0.140841        0.083246
     O   11        0.140841        0.185069        0.283358
     O   11        0.083246        0.283358        0.055613

     C   12       -0.052667        0.071509        0.091125
     C   12        0.071509        0.061180       -0.011703
     C   12        0.091125       -0.011703       -0.008513

     H   13       -0.407184       -0.367693       -0.348888
     H   13       -0.367693        0.244593       -0.169660
     H   13       -0.348888       -0.169660        0.162592

     H   14        0.235906        0.010411        0.155702
     H   14        0.010411       -0.029161        0.530173
     H   14        0.155702        0.530173       -0.206745

     H   15        0.235886       -0.010415        0.155706
     H   15       -0.010415       -0.029154       -0.530128
     H   15        0.155706       -0.530128       -0.206732

     H   16       -0.407177        0.367692       -0.348962
     H   16        0.367692        0.244622        0.169697
     H   16       -0.348962        0.169697        0.162555

     C   17       -0.052715       -0.071477        0.091080
     C   17       -0.071477        0.061158        0.011807
     C   17        0.091080        0.011807       -0.008443

     O   18       -0.241030       -0.141417        0.082915
     O   18       -0.141417        0.185146       -0.283635
     O   18        0.082915       -0.283635        0.055884

     H   19        0.228442       -0.259486        0.236379
     H   19       -0.259486       -0.556670        0.365599
     H   19        0.236379        0.365599        0.328228

     H   20       -0.262238        0.231183       -0.527002
     H   20        0.231183        0.424622        0.128724
     H   20       -0.527002        0.128724       -0.162384

     C   21       -0.089553        0.072413        0.166915
     C   21        0.072413        0.051130       -0.040527
     C   21        0.166915       -0.040527        0.038423

     O   22       -0.070999        0.296683        0.104390
     O   22        0.296683        0.150380        0.347932
     O   22        0.104390        0.347932       -0.079380

     N   23       -0.282816       -0.431041        0.090514
     N   23       -0.431041        0.232971       -0.898116
     N   23        0.090514       -0.898116        0.049845

     O   24       -0.167350       -0.056309        0.109279
     O   24       -0.056309        0.158847       -0.323846
     O   24        0.109279       -0.323846        0.008504

     N   25       -0.134304       -0.094569        0.224981
     N   25       -0.094569        0.056249       -0.137876
     N   25        0.224981       -0.137876        0.078056

     N   26       -0.151883        0.452454        0.605858
     N   26        0.452454        0.540907        0.585809
     N   26        0.605858        0.585809       -0.389024

     O   27       -0.033797        0.267296        0.154294
     O   27        0.267296        0.107050        0.234626
     O   27        0.154294        0.234626       -0.073253

     N   28       -0.052426        0.111906        0.147584
     N   28        0.111906        0.062878        0.124941
     N   28        0.147584        0.124941       -0.010453

     H   29        0.235906        0.010411        0.155702
     H   29        0.010411       -0.029161        0.530173
     H   29        0.155702        0.530173       -0.206745

     H   30       -0.407184       -0.367693       -0.348888
     H   30       -0.367693        0.244593       -0.169660
     H   30       -0.348888       -0.169660        0.162592

     C   31       -0.052667        0.071509        0.091125
     C   31        0.071509        0.061180       -0.011703
     C   31        0.091125       -0.011703       -0.008513

     O   32       -0.240682        0.140841        0.083246
     O   32        0.140841        0.185069        0.283358
     O   32        0.083246        0.283358        0.055613

     H   33        0.228447        0.259505        0.236373
     H   33        0.259505       -0.556717       -0.365572
     H   33        0.236373       -0.365572        0.328270

     H   34       -0.262185       -0.231192       -0.526989
     H   34       -0.231192        0.424590       -0.128724
     H   34       -0.526989       -0.128724       -0.162405

     C   35       -0.089492       -0.072374        0.166882
     C   35       -0.072374        0.051084        0.040593
     C   35        0.166882        0.040593        0.038408

     O   36       -0.070051       -0.296461        0.104913
     O   36       -0.296461        0.150994       -0.349111
     O   36        0.104913       -0.349111       -0.080943

     N   37       -0.281271        0.430582        0.090567
     N   37        0.430582        0.232484        0.899178
     N   37        0.090567        0.899178        0.048786

     O   38       -0.166417        0.056332        0.109346
     O   38        0.056332        0.158670        0.325302
     O   38        0.109346        0.325302        0.007748

     N   39       -0.133809        0.094496        0.224789
     N   39        0.094496        0.055992        0.138001
     N   39        0.224789        0.138001        0.077818

     N   40       -0.150847       -0.451750        0.606634
     N   40       -0.451750        0.541534       -0.586620
     N   40        0.606634       -0.586620       -0.390687

     O   41       -0.033841       -0.267342        0.154243
     O   41       -0.267342        0.107008       -0.234579
     O   41        0.154243       -0.234579       -0.073167

     N   42       -0.052223       -0.111511        0.147626
     N   42       -0.111511        0.062826       -0.124777
     N   42        0.147626       -0.124777       -0.010603

     H   43        0.235886       -0.010415        0.155706
     H   43       -0.010415       -0.029154       -0.530128
     H   43        0.155706       -0.530128       -0.206732

     H   44       -0.407177        0.367692       -0.348962
     H   44        0.367692        0.244622        0.169697
     H   44       -0.348962        0.169697        0.162555

     C   45       -0.052715       -0.071477        0.091080
     C   45       -0.071477        0.061158        0.011807
     C   45        0.091080        0.011807       -0.008443

     O   46       -0.241030       -0.141417        0.082915
     O   46       -0.141417        0.185146       -0.283635
     O   46        0.082915       -0.283635        0.055884

     H   47        0.228442       -0.259486        0.236379
     H   47       -0.259486       -0.556670        0.365599
     H   47        0.236379        0.365599        0.328228

     H   48       -0.262238        0.231183       -0.527002
     H   48        0.231183        0.424622        0.128724
     H   48       -0.527002        0.128724       -0.162384

     C   49       -0.089553        0.072413        0.166915
     C   49        0.072413        0.051130       -0.040527
     C   49        0.166915       -0.040527        0.038423

     O   50       -0.070999        0.296683        0.104390
     O   50        0.296683        0.150380        0.347932
     O   50        0.104390        0.347932       -0.079380

     N   51       -0.282816       -0.431041        0.090514
     N   51       -0.431041        0.232971       -0.898116
     N   51        0.090514       -0.898116        0.049845

     O   52       -0.167350       -0.056309        0.109279
     O   52       -0.056309        0.158847       -0.323846
     O   52        0.109279       -0.323846        0.008504

     N   53       -0.134304       -0.094569        0.224981
     N   53       -0.094569        0.056249       -0.137876
     N   53        0.224981       -0.137876        0.078056

     N   54       -0.151883        0.452454        0.605858
     N   54        0.452454        0.540907        0.585809
     N   54        0.605858        0.585809       -0.389024

     O   55       -0.033797        0.267296        0.154294
     O   55        0.267296        0.107050        0.234626
     O   55        0.154294        0.234626       -0.073253

     N   56       -0.052426        0.111906        0.147584
     N   56        0.111906        0.062878        0.124941
     N   56        0.147584        0.124941       -0.010453

     ----- ionic term -----
     N    1        0.192168        0.411418       -0.199781
     N    1        0.411418       -0.172572        0.423061
     N    1       -0.199781        0.423061       -0.019596

     O    2        0.383365        0.238944       -0.598303
     O    2        0.238944       -0.327446       -0.068687
     O    2       -0.598303       -0.068687       -0.055919

     N    3        0.149288        0.484142       -0.641119
     N    3        0.484142       -0.552955        0.617127
     N    3       -0.641119        0.617127        0.403667

     N    4        0.355479       -0.171016       -0.480105
     N    4       -0.171016       -0.147076       -0.411832
     N    4       -0.480105       -0.411832       -0.208403

     O    5       -0.416071        0.024619       -0.062793
     O    5        0.024619        0.062972       -0.666888
     O    5       -0.062793       -0.666888        0.353099

     N    6        0.312876       -0.431922       -0.085321
     N    6       -0.431922       -0.243297       -0.956886
     N    6       -0.085321       -0.956886       -0.069579

     O    7       -0.362988       -0.003266       -0.188276
     O    7       -0.003266       -0.225254        0.591911
     O    7       -0.188276        0.591911        0.588242

     C    8        0.145287        0.081843       -0.271006
     C    8        0.081843       -0.121519       -0.227656
     C    8       -0.271006       -0.227656       -0.023768

     H    9        0.313584        0.313013        0.707829
     H    9        0.313013       -0.533540        0.197635
     H    9        0.707829        0.197635        0.219956

     H   10       -0.334657       -0.345749       -0.287276
     H   10       -0.345749        0.734948        0.497742
     H   10       -0.287276        0.497742       -0.400291

     O   11        0.468616       -0.540700        0.332429
     O   11       -0.540700       -0.142931       -0.230385
     O   11        0.332429       -0.230385       -0.325685

     C   12        0.006669       -0.253565       -0.088832
     C   12       -0.253565       -0.059829        0.133497
     C   12       -0.088832        0.133497        0.053160

     H   13        0.562643        0.510878        0.439284
     H   13        0.510878       -0.299284        0.225525
     H   13        0.439284        0.225525       -0.263359

     H   14       -0.338416        0.049191       -0.230477
     H   14        0.049191        0.074789       -0.709731
     H   14       -0.230477       -0.709731        0.263626

     H   15       -0.338334       -0.049133       -0.230405
     H   15       -0.049133        0.074777        0.709555
     H   15       -0.230405        0.709555        0.263556

     H   16        0.562679       -0.510889        0.439381
     H   16       -0.510889       -0.299332       -0.225573
     H   16        0.439381       -0.225573       -0.263347

     C   17        0.006718        0.253598       -0.088793
     C   17        0.253598       -0.059831       -0.133629
     C   17       -0.088793       -0.133629        0.053113

     O   18        0.469122        0.541029        0.332494
     O   18        0.541029       -0.143109        0.230352
     O   18        0.332494        0.230352       -0.326013

     H   19       -0.334620        0.345717       -0.287284
     H   19        0.345717        0.734845       -0.497729
     H   19       -0.287284       -0.497729       -0.400225

     H   20        0.313656       -0.313025        0.707861
     H   20       -0.313025       -0.533591       -0.197644
     H   20        0.707861       -0.197644        0.219934

     C   21        0.145399       -0.081895       -0.271052
     C   21       -0.081895       -0.121614        0.227617
     C   21       -0.271052        0.227617       -0.023785

     O   22       -0.362446        0.003108       -0.187790
     O   22        0.003108       -0.224821       -0.591247
     O   22       -0.187790       -0.591247        0.587268

     N   23        0.314541        0.432428       -0.085282
     N   23        0.432428       -0.243843        0.955791
     N   23       -0.085282        0.955791       -0.070698

     O   24       -0.415507       -0.024620       -0.062759
     O   24       -0.024620        0.062862        0.666006
     O   24       -0.062759        0.666006        0.352645

     N   25        0.355923        0.171107       -0.480235
     N   25        0.171107       -0.147321        0.411653
     N   25       -0.480235        0.411653       -0.208602

     N   26        0.150405       -0.484958       -0.640333
     N   26       -0.484958       -0.552348       -0.616321
     N   26       -0.640333       -0.616321        0.401943

     O   27        0.383603       -0.239193       -0.598091
     O   27       -0.239193       -0.327335        0.068814
     O   27       -0.598091        0.068814       -0.056268

     N   28        0.192360       -0.411704       -0.199689
     N   28       -0.411704       -0.172534       -0.423107
     N   28       -0.199689       -0.423107       -0.019826

     H   29       -0.338416        0.049191       -0.230477
     H   29        0.049191        0.074789       -0.709731
     H   29       -0.230477       -0.709731        0.263626

     H   30        0.562643        0.510878        0.439284
     H   30        0.510878       -0.299284        0.225525
     H   30        0.439284        0.225525       -0.263359

     C   31        0.006669       -0.253565       -0.088832
     C   31       -0.253565       -0.059829        0.133497
     C   31       -0.088832        0.133497        0.053160

     O   32        0.468616       -0.540700        0.332429
     O   32       -0.540700       -0.142931       -0.230385
     O   32        0.332429       -0.230385       -0.325685

     H   33       -0.334657       -0.345749       -0.287276
     H   33       -0.345749        0.734948        0.497742
     H   33       -0.287276        0.497742       -0.400291

     H   34        0.313584        0.313013        0.707829
     H   34        0.313013       -0.533540        0.197635
     H   34        0.707829        0.197635        0.219956

     C   35        0.145287        0.081843       -0.271006
     C   35        0.081843       -0.121519       -0.227656
     C   35       -0.271006       -0.227656       -0.023768

     O   36       -0.362988       -0.003266       -0.188276
     O   36       -0.003266       -0.225254        0.591911
     O   36       -0.188276        0.591911        0.588242

     N   37        0.312876       -0.431922       -0.085321
     N   37       -0.431922       -0.243297       -0.956886
     N   37       -0.085321       -0.956886       -0.069579

     O   38       -0.416071        0.024619       -0.062793
     O   38        0.024619        0.062972       -0.666888
     O   38       -0.062793       -0.666888        0.353099

     N   39        0.355479       -0.171016       -0.480105
     N   39       -0.171016       -0.147076       -0.411832
     N   39       -0.480105       -0.411832       -0.208403

     N   40        0.149288        0.484142       -0.641119
     N   40        0.484142       -0.552955        0.617127
     N   40       -0.641119        0.617127        0.403667

     O   41        0.383365        0.238944       -0.598303
     O   41        0.238944       -0.327446       -0.068687
     O   41       -0.598303       -0.068687       -0.055919

     N   42        0.192168        0.411418       -0.199781
     N   42        0.411418       -0.172572        0.423061
     N   42       -0.199781        0.423061       -0.019596

     H   43       -0.338334       -0.049133       -0.230405
     H   43       -0.049133        0.074777        0.709555
     H   43       -0.230405        0.709555        0.263556

     H   44        0.562679       -0.510889        0.439381
     H   44       -0.510889       -0.299332       -0.225573
     H   44        0.439381       -0.225573       -0.263347

     C   45        0.006718        0.253598       -0.088793
     C   45        0.253598       -0.059831       -0.133629
     C   45       -0.088793       -0.133629        0.053113

     O   46        0.469122        0.541029        0.332494
     O   46        0.541029       -0.143109        0.230352
     O   46        0.332494        0.230352       -0.326013

     H   47       -0.334620        0.345717       -0.287284
     H   47        0.345717        0.734845       -0.497729
     H   47       -0.287284       -0.497729       -0.400225

     H   48        0.313656       -0.313025        0.707861
     H   48       -0.313025       -0.533591       -0.197644
     H   48        0.707861       -0.197644        0.219934

     C   49        0.145399       -0.081895       -0.271052
     C   49       -0.081895       -0.121614        0.227617
     C   49       -0.271052        0.227617       -0.023785

     O   50       -0.362446        0.003108       -0.187790
     O   50        0.003108       -0.224821       -0.591247
     O   50       -0.187790       -0.591247        0.587268

     N   51        0.314541        0.432428       -0.085282
     N   51        0.432428       -0.243843        0.955791
     N   51       -0.085282        0.955791       -0.070698

     O   52       -0.415507       -0.024620       -0.062759
     O   52       -0.024620        0.062862        0.666006
     O   52       -0.062759        0.666006        0.352645

     N   53        0.355923        0.171107       -0.480235
     N   53        0.171107       -0.147321        0.411653
     N   53       -0.480235        0.411653       -0.208602

     N   54        0.150405       -0.484958       -0.640333
     N   54       -0.484958       -0.552348       -0.616321
     N   54       -0.640333       -0.616321        0.401943

     O   55        0.383603       -0.239193       -0.598091
     O   55       -0.239193       -0.327335        0.068814
     O   55       -0.598091        0.068814       -0.056268

     N   56        0.192360       -0.411704       -0.199689
     N   56       -0.411704       -0.172534       -0.423107
     N   56       -0.199689       -0.423107       -0.019826

     ----- GIPAW term -----
     N    1        0.226259        0.474596       -0.120288
     N    1        0.474596       -0.196489        0.490566
     N    1       -0.120288        0.490566       -0.029770

     O    2        0.828823       -0.104858       -1.037995
     O    2       -0.104858       -0.492977       -0.772383
     O    2       -1.037995       -0.772383       -0.335846

     N    3        0.006121        0.088406       -0.008693
     N    3        0.088406        0.006345        0.056131
     N    3       -0.008693        0.056131       -0.012466

     N    4        0.338295       -0.149794       -0.402798
     N    4       -0.149794       -0.129354       -0.460850
     N    4       -0.402798       -0.460850       -0.208941

     O    5       -1.438269        0.214866        0.124170
     O    5        0.214866        0.558367       -0.759460
     O    5        0.124170       -0.759460        0.879902

     N    6        0.093027        0.024060       -0.031744
     N    6        0.024060       -0.052576       -0.074170
     N    6       -0.031744       -0.074170       -0.040451

     O    7       -1.059558       -0.759478       -0.165972
     O    7       -0.759478       -0.140868        0.538816
     O    7       -0.165972        0.538816        1.200427

     C    8        0.048867        0.003445       -0.098602
     C    8        0.003445       -0.064106       -0.187386
     C    8       -0.098602       -0.187386        0.015239

     H    9        0.000000        0.000000        0.000000
     H    9        0.000000       -0.000000        0.000000
     H    9        0.000000        0.000000       -0.000000

     H   10        0.000000        0.000000        0.000000
     H   10        0.000000       -0.000000        0.000000
     H   10        0.000000        0.000000       -0.000000

     O   11        0.524496       -0.934763        1.023288
     O   11       -0.934763        0.124588        0.188254
     O   11        1.023288        0.188254       -0.649084

     C   12       -0.046063       -0.184282        0.005551
     C   12       -0.184282       -0.000189        0.121757
     C   12        0.005551        0.121757        0.046253

     H   13        0.000000        0.000000        0.000000
     H   13        0.000000       -0.000000        0.000000
     H   13        0.000000        0.000000       -0.000000

     H   14        0.000000        0.000000        0.000000
     H   14        0.000000       -0.000000        0.000000
     H   14        0.000000        0.000000       -0.000000

     H   15        0.000000        0.000000        0.000000
     H   15        0.000000       -0.000000        0.000000
     H   15        0.000000        0.000000       -0.000000

     H   16        0.000000        0.000000        0.000000
     H   16        0.000000       -0.000000        0.000000
     H   16        0.000000        0.000000       -0.000000

     C   17       -0.046055        0.184338        0.005536
     C   17        0.184338       -0.000215       -0.121775
     C   17        0.005536       -0.121775        0.046270

     O   18        0.524791        0.933988        1.022544
     O   18        0.933988        0.124351       -0.189095
     O   18        1.022544       -0.189095       -0.649142

     H   19        0.000000        0.000000        0.000000
     H   19        0.000000       -0.000000        0.000000
     H   19        0.000000        0.000000       -0.000000

     H   20        0.000000        0.000000        0.000000
     H   20        0.000000       -0.000000        0.000000
     H   20        0.000000        0.000000       -0.000000

     C   21        0.048921       -0.003458       -0.098605
     C   21       -0.003458       -0.064152        0.187411
     C   21       -0.098605        0.187411        0.015231

     O   22       -1.060877        0.759680       -0.166254
     O   22        0.759680       -0.141524       -0.540509
     O   22       -0.166254       -0.540509        1.202400

     N   23        0.092963       -0.024063       -0.031807
     N   23       -0.024063       -0.052600        0.074308
     N   23       -0.031807        0.074308       -0.040363

     O   24       -1.439458       -0.214810        0.124068
     O   24       -0.214810        0.558586        0.761357
     O   24        0.124068        0.761357        0.880873

     N   25        0.338236        0.149836       -0.402711
     N   25        0.149836       -0.129346        0.460754
     N   25       -0.402711        0.460754       -0.208889

     N   26        0.006068       -0.088500       -0.008788
     N   26       -0.088500        0.006205       -0.056317
     N   26       -0.008788       -0.056317       -0.012273

     O   27        0.829578        0.104102       -1.037373
     O   27        0.104102       -0.492625        0.772813
     O   27       -1.037373        0.772813       -0.336954

     N   28        0.226270       -0.474445       -0.120218
     N   28       -0.474445       -0.196343       -0.490387
     N   28       -0.120218       -0.490387       -0.029927

     H   29        0.000000        0.000000        0.000000
     H   29        0.000000       -0.000000        0.000000
     H   29        0.000000        0.000000       -0.000000

     H   30        0.000000        0.000000        0.000000
     H   30        0.000000       -0.000000        0.000000
     H   30        0.000000        0.000000       -0.000000

     C   31       -0.046063       -0.184282        0.005551
     C   31       -0.184282       -0.000189        0.121757
     C   31        0.005551        0.121757        0.046253

     O   32        0.524496       -0.934763        1.023288
     O   32       -0.934763        0.124588        0.188254
     O   32        1.023288        0.188254       -0.649084

     H   33        0.000000        0.000000        0.000000
     H   33        0.000000       -0.000000        0.000000
     H   33        0.000000        0.000000       -0.000000

     H   34        0.000000        0.000000        0.000000
     H   34        0.000000       -0.000000        0.000000
     H   34        0.000000        0.000000       -0.000000

     C   35        0.048867        0.003445       -0.098602
     C   35        0.003445       -0.064106       -0.187386
     C   35       -0.098602       -0.187386        0.015239

     O   36       -1.059558       -0.759478       -0.165972
     O   36       -0.759478       -0.140868        0.538816
     O   36       -0.165972        0.538816        1.200427

     N   37        0.093027        0.024060       -0.031744
     N   37        0.024060       -0.052576       -0.074170
     N   37       -0.031744       -0.074170       -0.040451

     O   38       -1.438269        0.214866        0.124170
     O   38        0.214866        0.558367       -0.759460
     O   38        0.124170       -0.759460        0.879902

     N   39        0.338295       -0.149794       -0.402798
     N   39       -0.149794       -0.129354       -0.460850
     N   39       -0.402798       -0.460850       -0.208941

     N   40        0.006121        0.088406       -0.008693
     N   40        0.088406        0.006345        0.056131
     N   40       -0.008693        0.056131       -0.012466

     O   41        0.828823       -0.104858       -1.037995
     O   41       -0.104858       -0.492977       -0.772383
     O   41       -1.037995       -0.772383       -0.335846

     N   42        0.226259        0.474596       -0.120288
     N   42        0.474596       -0.196489        0.490566
     N   42       -0.120288        0.490566       -0.029770

     H   43        0.000000        0.000000        0.000000
     H   43        0.000000       -0.000000        0.000000
     H   43        0.000000        0.000000       -0.000000

     H   44        0.000000        0.000000        0.000000
     H   44        0.000000       -0.000000        0.000000
     H   44        0.000000        0.000000       -0.000000

     C   45       -0.046055        0.184338        0.005536
     C   45        0.184338       -0.000215       -0.121775
     C   45        0.005536       -0.121775        0.046270

     O   46        0.524791        0.933988        1.022544
     O   46        0.933988        0.124351       -0.189095
     O   46        1.022544       -0.189095       -0.649142

     H   47        0.000000        0.000000        0.000000
     H   47        0.000000       -0.000000        0.000000
     H   47        0.000000        0.000000       -0.000000

     H   48        0.000000        0.000000        0.000000
     H   48        0.000000       -0.000000        0.000000
     H   48        0.000000        0.000000       -0.000000

     C   49        0.048921       -0.003458       -0.098605
     C   49       -0.003458       -0.064152        0.187411
     C   49       -0.098605        0.187411        0.015231

     O   50       -1.060877        0.759680       -0.166254
     O   50        0.759680       -0.141524       -0.540509
     O   50       -0.166254       -0.540509        1.202400

     N   51        0.092963       -0.024063       -0.031807
     N   51       -0.024063       -0.052600        0.074308
     N   51       -0.031807        0.074308       -0.040363

     O   52       -1.439458       -0.214810        0.124068
     O   52       -0.214810        0.558586        0.761357
     O   52        0.124068        0.761357        0.880873

     N   53        0.338236        0.149836       -0.402711
     N   53        0.149836       -0.129346        0.460754
     N   53       -0.402711        0.460754       -0.208889

     N   54        0.006068       -0.088500       -0.008788
     N   54       -0.088500        0.006205       -0.056317
     N   54       -0.008788       -0.056317       -0.012273

     O   55        0.829578        0.104102       -1.037373
     O   55        0.104102       -0.492625        0.772813
     O   55       -1.037373        0.772813       -0.336954

     N   56        0.226270       -0.474445       -0.120218
     N   56       -0.474445       -0.196343       -0.490387
     N   56       -0.120218       -0.490387       -0.029927

     ----- total EFG -----
     N    1        0.366204        0.774503       -0.172443
     N    1        0.774503       -0.306235        0.788850
     N    1       -0.172443        0.788850       -0.059969

     O    2        1.178348       -0.133256       -1.482055
     O    2       -0.133256       -0.713416       -1.075649
     O    2       -1.482055       -1.075649       -0.464932

     N    3        0.004562        0.120798       -0.043179
     N    3        0.120798       -0.005076        0.086639
     N    3       -0.043179        0.086639        0.000514

     N    4        0.559965       -0.226313       -0.658114
     N    4       -0.226313       -0.220439       -0.734681
     N    4       -0.658114       -0.734681       -0.339526

     O    5       -2.020757        0.295817        0.170723
     O    5        0.295817        0.780009       -1.101046
     O    5        0.170723       -1.101046        1.240749

     N    6        0.124633        0.022721       -0.026498
     N    6        0.022721       -0.063389       -0.131878
     N    6       -0.026498       -0.131878       -0.061244

     O    7       -1.492597       -1.059205       -0.249335
     O    7       -1.059205       -0.215129        0.781617
     O    7       -0.249335        0.781617        1.707726

     C    8        0.104662        0.012915       -0.202726
     C    8        0.012915       -0.134540       -0.374449
     C    8       -0.202726       -0.374449        0.029879

     H    9        0.051399        0.081821        0.180840
     H    9        0.081821       -0.108950        0.068911
     H    9        0.180840        0.068911        0.057551

     H   10       -0.106210       -0.086244       -0.050903
     H   10       -0.086244        0.178231        0.132170
     H   10       -0.050903        0.132170       -0.072021

     O   11        0.752430       -1.334622        1.438963
     O   11       -1.334622        0.166726        0.241226
     O   11        1.438963        0.241226       -0.919156

     C   12       -0.092062       -0.366339        0.007843
     C   12       -0.366339        0.001162        0.243551
     C   12        0.007843        0.243551        0.090900

     H   13        0.155459        0.143185        0.090395
     H   13        0.143185       -0.054691        0.055865
     H   13        0.090395        0.055865       -0.100768

     H   14       -0.102510        0.059602       -0.074775
     H   14        0.059602        0.045629       -0.179558
     H   14       -0.074775       -0.179558        0.056882

     H   15       -0.102448       -0.059548       -0.074699
     H   15       -0.059548        0.045624        0.179427
     H   15       -0.074699        0.179427        0.056824

     H   16        0.155502       -0.143197        0.090419
     H   16       -0.143197       -0.054710       -0.055876
     H   16        0.090419       -0.055876       -0.100792

     C   17       -0.092052        0.366459        0.007823
     C   17        0.366459        0.001112       -0.243596
     C   17        0.007823       -0.243596        0.090940

     O   18        0.752883        1.333600        1.437953
     O   18        1.333600        0.166388       -0.242378
     O   18        1.437953       -0.242378       -0.919271

     H   19       -0.106179        0.086231       -0.050905
     H   19        0.086231        0.178175       -0.132130
     H   19       -0.050905       -0.132130       -0.071996

     H   20        0.051419       -0.081842        0.180858
     H   20       -0.081842       -0.108969       -0.068920
     H   20        0.180858       -0.068920        0.057550

     C   21        0.104768       -0.012940       -0.202741
     C   21       -0.012940       -0.134637        0.374501
     C   21       -0.202741        0.374501        0.029869

     O   22       -1.494322        1.059470       -0.249654
     O   22        1.059470       -0.215966       -0.783824
     O   22       -0.249654       -0.783824        1.710288

