
     Program QE v.6.0 (svn rev. 13079) starts on 14Jan2017 at  0:14: 1 

     This program is part of the open-source Quantum ESPRESSO suite
     for quantum simulation of materials; please cite
         "P. Giannozzi et al., J. Phys.:Condens. Matter 21 395502 (2009);
          URL http://www.quantum-espresso.org", 
     in publications or presentations arising from this work. More details at
     http://www.quantum-espresso.org/quote

     Parallel version (MPI), running on     8 processors
     R & G space division:  proc/nbgrp/npool/nimage =       8

     ***** This is GIPAW svn revision unknown      *****

     Parallelizing q-star over 1 images

     Reading data from directory:
     /users/majewski/paradichlorobenzene/pbe/9_constraint/scratch/pbe.ecut100.np8.dt60.pcl2phi-129368.save
     Message from routine read_xml_file:
     file /users/majewski/paradichlorobenzene/pbe/9_constraint/scratch/pbe.ecut100.np8.dt60.pcl2phi-129368.save not guaranteed to be safe for post-processing

   Info: using nr1, nr2, nr3 values from input

   Info: using nr1, nr2, nr3 values from input

     IMPORTANT: XC functional enforced from input :
     Exchange-correlation      =  SLA  PW   PBX  PBC ( 1  4  3  4 0 0)
     Any further DFT definition will be discarded
     Please, verify this is what you really want

               file C.pbe-n-kjpaw_psl.1.0.0.UPF: wavefunction(s)  2S 2P renormalized
               file Cl.pbe-n-kjpaw_psl.1.0.0.UPF: wavefunction(s)  3S 3P renormalized
               file H.pbe-kjpaw_psl.1.0.0.UPF: wavefunction(s)  1S renormalized

     Parallelization info
     --------------------
     sticks:   dense  smooth     PW     G-vecs:    dense   smooth      PW
     Min        3057    1223    332               144436    36536    5170
     Max        3059    1225    333               144437    36537    5171
     Sum       24467    9791   2657              1155489   292295   41363


     Subspace diagonalization in iterative solution of the eigenvalue problem:
     a serial algorithm will be used

     GIPAW projectors -----------------------------------------------
     atom=  C    l=0  rc=    1.2000  rs=    0.8000
     atom=  C    l=0  rc=    1.2000  rs=    0.8000
     atom=  C    l=1  rc=    1.4000  rs=    0.9333
     atom=  C    l=1  rc=    1.4000  rs=    0.9333
     projs nearly linearly dependent: l=1  n1,n2= 1, 2  s=  0.99951561

     atom=  Cl   l=0  rc=    1.6000  rs=    1.0667
     atom=  Cl   l=0  rc=    1.6000  rs=    1.0667
     atom=  Cl   l=1  rc=    1.6000  rs=    1.0667
     atom=  Cl   l=1  rc=    1.6000  rs=    1.0667
     atom=  Cl   l=2  rc=    1.6000  rs=    1.0667
     atom=  Cl   l=2  rc=    1.6000  rs=    1.0667
     projs nearly linearly dependent: l=2  n1,n2= 1, 2  s=  0.99993509

     atom=  H    l=0  rc=    1.0000  rs=    0.6667
     atom=  H    l=0  rc=    1.0000  rs=    0.6667
     projs nearly linearly dependent: l=0  n1,n2= 1, 2  s=  0.99968852
     -----------------------------------------------------------------

     GIPAW integrals: -------------------------------------------
     Atom  i/j   nmr_para   nmr_dia   epr_rmc  epr_para   epr_dia
       C   1 1   0.83E+03  0.17E-01  0.93E+01  0.24E+08  0.24E+03
       C   2 1   0.86E+03 -0.61E-01  0.94E+01  0.25E+08  0.25E+03
       C   2 2   0.90E+03 -0.15E+00  0.97E+01  0.26E+08  0.26E+03
       C   3 3   0.33E+01  0.34E+00  0.18E+01  0.55E+03  0.21E+02
       C   4 3   0.35E+01  0.37E+00  0.20E+01  0.59E+03  0.22E+02
       C   4 4   0.38E+01  0.39E+00  0.22E+01  0.63E+03  0.24E+02
       Cl  1 1   0.14E+04 -0.47E+00  0.84E+01  0.32E+09  0.42E+03
       Cl  2 1   0.21E+04 -0.37E+00  0.12E+02  0.49E+09  0.65E+03
       Cl  2 2   0.33E+04 -0.16E+00  0.21E+02  0.76E+09  0.10E+04
       Cl  3 3   0.21E+02  0.79E-01  0.89E+01  0.23E+05  0.13E+03
       Cl  4 3   0.24E+02  0.67E-01  0.99E+01  0.27E+05  0.15E+03
       Cl  4 4   0.28E+02  0.44E-01  0.11E+02  0.32E+05  0.18E+03
       Cl  5 5   0.77E+00  0.19E+00  0.18E+01  0.12E+03  0.22E+02
       Cl  6 5   0.80E+00  0.19E+00  0.19E+01  0.12E+03  0.23E+02
       Cl  6 6   0.83E+00  0.20E+00  0.19E+01  0.12E+03  0.23E+02
       H   1 1   0.39E+02  0.19E+00  0.29E+00  0.78E+05  0.13E+02
       H   2 1   0.41E+02  0.21E+00  0.32E+00  0.82E+05  0.14E+02
       H   2 2   0.43E+02  0.22E+00  0.36E+00  0.86E+05  0.15E+02
     ------------------------------------------------------------

     alpha_pv=     34.3479 eV

     Number of occupied bands for each k-point:
     k-point:     1    nbnd_occ=  42
     k-point:     2    nbnd_occ=  42
     k-point:     3    nbnd_occ=  42
     k-point:     4    nbnd_occ=  42
     k-point:     5    nbnd_occ=  42
     k-point:     6    nbnd_occ=  42
     k-point:     7    nbnd_occ=  42
     k-point:     8    nbnd_occ=  42
     k-point:     9    nbnd_occ=  42
     k-point:    10    nbnd_occ=  42
     k-point:    11    nbnd_occ=  42
     k-point:    12    nbnd_occ=  42
     k-point:    13    nbnd_occ=  42
     k-point:    14    nbnd_occ=  42
     k-point:    15    nbnd_occ=  42
     k-point:    16    nbnd_occ=  42


     q-space interpolation up to   110.00 Rydberg

     GIPAW job: efg                                                                             


     ELECTRIC FIELD GRADIENTS TENSORS IN Hartree/bohrradius^2:

     ----- bare term -----
     Cl   1        0.188763        0.116502        0.009288
     Cl   1        0.116502        0.254726        0.033627
     Cl   1        0.009288        0.033627       -0.443489

     C    2       -0.137351        0.150336       -0.249492
     C    2        0.150336       -0.362448       -0.493803
     C    2       -0.249492       -0.493803        0.499800

     C    3       -0.094602        0.456396       -0.287545
     C    3        0.456396       -0.319070       -0.343831
     C    3       -0.287545       -0.343831        0.413673

     H    4       -0.079737       -0.104745       -0.264526
     H    4       -0.104745        0.478175       -0.318545
     H    4       -0.264526       -0.318545       -0.398437

     C    5       -0.514297        0.027124       -0.300781
     C    5        0.027124        0.018610       -0.298316
     C    5       -0.300781       -0.298316        0.495687

     H    6        0.191252        0.227084       -0.244281
     H    6        0.227084       -0.476538       -0.242059
     H    6       -0.244281       -0.242059        0.285286

     H    7        0.345093       -0.071022        0.057920
     H    7       -0.071022       -0.417847        0.551326
     H    7        0.057920        0.551326        0.072754

     C    8       -0.279890       -0.060493       -0.353055
     C    8       -0.060493       -0.049535        0.497994
     C    8       -0.353055        0.497994        0.329425

     H    9       -0.237115        0.342175       -0.427175
     H    9        0.342175        0.001206        0.283280
     H    9       -0.427175        0.283280        0.235909

     C   10       -0.578731       -0.353567       -0.227778
     C   10       -0.353567        0.188537        0.306195
     C   10       -0.227778        0.306195        0.390194

     C   11       -0.050200        0.006630       -0.309092
     C   11        0.006630       -0.143017        0.558818
     C   11       -0.309092        0.558818        0.193217

     Cl  12       -0.027392       -0.020911       -0.021287
     Cl  12       -0.020911        0.012061        0.006065
     Cl  12       -0.021287        0.006065        0.015330

     H   13        0.329554        0.210378        0.040794
     H   13        0.210378       -0.598743       -0.438529
     H   13        0.040794       -0.438529        0.269189

     C   14       -0.040918       -0.348331       -0.529379
     C   14       -0.348331       -0.087760       -0.472990
     C   14       -0.529379       -0.472990        0.128678

     H   15        0.075494       -0.046940       -0.240773
     H   15       -0.046940        0.261391       -0.489072
     H   15       -0.240773       -0.489072       -0.336885

     C   16       -0.411075        0.393886       -0.368192
     C   16        0.393886        0.070591       -0.002571
     C   16       -0.368192       -0.002571        0.340484

     C   17        0.027320        0.101637       -0.166293
     C   17        0.101637       -0.557771       -0.309503
     C   17       -0.166293       -0.309503        0.530451

     Cl  18        0.019259        0.147634       -0.064892
     Cl  18        0.147634        0.019028       -0.178957
     Cl  18       -0.064892       -0.178957       -0.038287

     H   19        0.329157        0.097912       -0.077493
     H   19        0.097912       -0.479108        0.528956
     H   19       -0.077493        0.528956        0.149951

     C   20       -0.593172       -0.320060       -0.370717
     C   20       -0.320060        0.141541        0.256966
     C   20       -0.370717        0.256966        0.451630

     H   21       -0.227482        0.067953       -0.559151
     H   21        0.067953        0.285084       -0.003341
     H   21       -0.559151       -0.003341       -0.057602

     C   22       -0.111086       -0.219616       -0.240977
     C   22       -0.219616       -0.188646        0.593813
     C   22       -0.240977        0.593813        0.299732

     C   23       -0.307739       -0.171561       -0.344357
     C   23       -0.171561       -0.037703        0.420404
     C   23       -0.344357        0.420404        0.345441

     Cl  24       -0.003879        0.103316       -0.024690
     Cl  24        0.103316        0.075589        0.065260
     Cl  24       -0.024690        0.065260       -0.071710

     ----- ionic term -----
     Cl   1        0.137890       -0.213321        0.115716
     Cl   1       -0.213321       -0.010192       -0.060503
     Cl   1        0.115716       -0.060503       -0.127699

     C    2        0.036604       -0.236790        0.379988
     C    2       -0.236790        0.173147        0.337218
     C    2        0.379988        0.337218       -0.209751

     C    3        0.070996       -0.327470        0.291476
     C    3       -0.327470        0.218042        0.301145
     C    3        0.291476        0.301145       -0.289039

     H    4        0.311400        0.281823        0.776099
     H    4        0.281823       -0.380175        0.319541
     H    4        0.776099        0.319541        0.068775

     C    5        0.194025       -0.219606        0.397662
     C    5       -0.219606        0.078555        0.237407
     C    5        0.397662        0.237407       -0.272580

     H    6       -0.520088       -0.040721       -0.009556
     H    6       -0.040721        0.768104        0.631422
     H    6       -0.009556        0.631422       -0.248015

     H    7       -0.513910        0.014823        0.007616
     H    7        0.014823        0.521967       -0.771203
     H    7        0.007616       -0.771203       -0.008057

     C    8        0.366183        0.223373        0.265262
     C    8        0.223373       -0.010167       -0.321895
     C    8        0.265262       -0.321895       -0.356016

     H    9        0.578063       -0.303549        0.748116
     H    9       -0.303549       -0.462611       -0.252351
     H    9        0.748116       -0.252351       -0.115452

     C   10        0.236557        0.274711        0.197552
     C   10        0.274711        0.144129       -0.347939
     C   10        0.197552       -0.347939       -0.380686

     C   11        0.183818        0.170948        0.248595
     C   11        0.170948        0.149371       -0.363413
     C   11        0.248595       -0.363413       -0.333189

     Cl  12        0.112868        0.195816        0.004917
     Cl  12        0.195816        0.024807       -0.000584
     Cl  12        0.004917       -0.000584       -0.137675

     H   13       -0.533378        0.116340        0.073611
     H   13        0.116340        0.766787        0.621241
     H   13        0.073611        0.621241       -0.233409

     C   14        0.117255       -0.155973        0.377064
     C   14       -0.155973        0.092499        0.267343
     C   14        0.377064        0.267343       -0.209754

     H   15        0.387945        0.341029        0.742993
     H   15        0.341029       -0.365222        0.328585
     H   15        0.742993        0.328585       -0.022723

     C   16        0.113921       -0.287232        0.256713
     C   16       -0.287232        0.166889        0.295315
     C   16        0.256713        0.295315       -0.280810

     C   17        0.235846       -0.230613        0.325902
     C   17       -0.230613        0.030548        0.344235
     C   17        0.325902        0.344235       -0.266394

     Cl  18        0.207601       -0.207229        0.047514
     Cl  18       -0.207229       -0.055021       -0.020862
     Cl  18        0.047514       -0.020862       -0.152580

     H   19       -0.502202       -0.113713        0.082382
     H   19       -0.113713        0.697867       -0.672710
     H   19        0.082382       -0.672710       -0.195665

     C   20        0.279381        0.190645        0.285025
     C   20        0.190645        0.083433       -0.283917
     C   20        0.285025       -0.283917       -0.362814

     H   21        0.472417       -0.264670        0.771069
     H   21       -0.264670       -0.448178       -0.275562
     H   21        0.771069       -0.275562       -0.024239

     C   22        0.108124        0.264218        0.224856
     C   22        0.264218        0.184501       -0.403671
     C   22        0.224856       -0.403671       -0.292624

     C   23        0.182455        0.152380        0.280583
     C   23        0.152380        0.122046       -0.423016
     C   23        0.280583       -0.423016       -0.304501

     Cl  24        0.122006        0.220583        0.020409
     Cl  24        0.220583        0.015751        0.007965
     Cl  24        0.020409        0.007965       -0.137757

     ----- GIPAW term -----
     Cl   1       -0.336665       -0.658036        0.065144
     Cl   1       -0.658036       -0.627718       -0.181199
     Cl   1        0.065144       -0.181199        0.964383

     C    2       -0.022395       -0.094771       -0.008271
     C    2       -0.094771       -0.128269       -0.103645
     C    2       -0.008271       -0.103645        0.150664

     C    3        0.090620        0.047664       -0.154979
     C    3        0.047664       -0.125948       -0.021379
     C    3       -0.154979       -0.021379        0.035328

     H    4       -0.000000        0.000000        0.000000
     H    4        0.000000        0.000000        0.000000
     H    4        0.000000        0.000000        0.000000

     C    5       -0.044555       -0.005499        0.126058
     C    5       -0.005499       -0.101307       -0.025112
     C    5        0.126058       -0.025112        0.145863

     H    6       -0.000000        0.000000        0.000000
     H    6        0.000000        0.000000        0.000000
     H    6        0.000000        0.000000        0.000000

     H    7       -0.000000        0.000000        0.000000
     H    7        0.000000        0.000000        0.000000
     H    7        0.000000        0.000000        0.000000

     C    8       -0.049715        0.032235       -0.048532
     C    8        0.032235        0.042337        0.136529
     C    8       -0.048532        0.136529        0.007378

     H    9       -0.000000        0.000000        0.000000
     H    9        0.000000        0.000000        0.000000
     H    9        0.000000        0.000000        0.000000

     C   10       -0.204260        0.001945       -0.041578
     C   10        0.001945        0.245503        0.048442
     C   10       -0.041578        0.048442       -0.041244

     C   11        0.034978        0.119167       -0.046790
     C   11        0.119167        0.062208        0.045004
     C   11       -0.046790        0.045004       -0.097186

     Cl  12        1.326764        2.265764       -0.177090
     Cl  12        2.265764        0.196197        0.043005
     Cl  12       -0.177090        0.043005       -1.522961

     H   13       -0.000000        0.000000        0.000000
     H   13        0.000000        0.000000        0.000000
     H   13        0.000000        0.000000        0.000000

     C   14        0.112553       -0.244550       -0.154335
     C   14       -0.244550       -0.024340       -0.019465
     C   14       -0.154335       -0.019465       -0.088213

     H   15       -0.000000        0.000000        0.000000
     H   15        0.000000        0.000000        0.000000
     H   15        0.000000        0.000000        0.000000

     C   16       -0.056515       -0.048285       -0.164697
     C   16       -0.048285       -0.011252        0.121362
     C   16       -0.164697        0.121362        0.067767

     C   17       -0.075900       -0.056754        0.002451
     C   17       -0.056754       -0.175126        0.065563
     C   17        0.002451        0.065563        0.251027

     Cl  18       -0.567962       -0.291680        0.691634
     Cl  18       -0.291680       -0.368262        1.353709
     Cl  18        0.691634        1.353709        0.936224

     H   19       -0.000000        0.000000        0.000000
     H   19        0.000000        0.000000        0.000000
     H   19        0.000000        0.000000        0.000000

     C   20       -0.129452       -0.039298       -0.057488
     C   20       -0.039298        0.088279        0.008355
     C   20       -0.057488        0.008355        0.041173

     H   21       -0.000000        0.000000        0.000000
     H   21        0.000000        0.000000        0.000000
     H   21        0.000000        0.000000        0.000000

     C   22       -0.070389       -0.017096       -0.051812
     C   22       -0.017096        0.065550        0.118548
     C   22       -0.051812        0.118548        0.004839

     C   23        0.005561        0.119423       -0.061370
     C   23        0.119423        0.046883        0.063451
     C   23       -0.061370        0.063451       -0.052444

     Cl  24        1.118442        2.771144       -0.091734
     Cl  24        2.771144        0.782741        0.605008
     Cl  24       -0.091734        0.605008       -1.901183

     ----- total EFG -----
     Cl   1       -0.010011       -0.754855        0.190148
     Cl   1       -0.754855       -0.383183       -0.208075
     Cl   1        0.190148       -0.208075        0.393195

     C    2       -0.123142       -0.181225        0.122225
     C    2       -0.181225       -0.317570       -0.260230
     C    2        0.122225       -0.260230        0.440713

     C    3        0.067015        0.176590       -0.151048
     C    3        0.176590       -0.226976       -0.064065
     C    3       -0.151048       -0.064065        0.159962

     H    4        0.231663        0.177078        0.511573
     H    4        0.177078        0.097999        0.000995
     H    4        0.511573        0.000995       -0.329662

     C    5       -0.364827       -0.197982        0.222939
     C    5       -0.197982       -0.004142       -0.086021
     C    5        0.222939       -0.086021        0.368969

     H    6       -0.328836        0.186363       -0.253838
     H    6        0.186363        0.291566        0.389362
     H    6       -0.253838        0.389362        0.037270

     H    7       -0.168817       -0.056199        0.065536
     H    7       -0.056199        0.104120       -0.219878
     H    7        0.065536       -0.219878        0.064697

     C    8        0.036578        0.195115       -0.136325
     C    8        0.195115       -0.017366        0.312629
     C    8       -0.136325        0.312629       -0.019213

     H    9        0.340948        0.038626        0.320941
     H    9        0.038626       -0.461405        0.030928
     H    9        0.320941        0.030928        0.120457

     C   10       -0.546434       -0.076910       -0.071805
     C   10       -0.076910        0.578170        0.006698
     C   10       -0.071805        0.006698       -0.031736

     C   11        0.168596        0.296744       -0.107286
     C   11        0.296744        0.068563        0.240409
     C   11       -0.107286        0.240409       -0.237159

     Cl  12        1.412241        2.440669       -0.193460
     Cl  12        2.440669        0.233065        0.048486
     Cl  12       -0.193460        0.048486       -1.645306

     H   13       -0.203824        0.326718        0.114405
     H   13        0.326718        0.168044        0.182712
     H   13        0.114405        0.182712        0.035780

     C   14        0.188891       -0.748854       -0.306650
     C   14       -0.748854       -0.019601       -0.225112
     C   14       -0.306650       -0.225112       -0.169290

     H   15        0.463439        0.294089        0.502219
     H   15        0.294089       -0.103831       -0.160487
     H   15        0.502219       -0.160487       -0.359608

     C   16       -0.353670        0.058369       -0.276176
     C   16        0.058369        0.226229        0.414106
     C   16       -0.276176        0.414106        0.127441

     C   17        0.187266       -0.185730        0.162061
     C   17       -0.185730       -0.702349        0.100294
     C   17        0.162061        0.100294        0.515084

     Cl  18       -0.341102       -0.351275        0.674256
     Cl  18       -0.351275       -0.404255        1.153890
     Cl  18        0.674256        1.153890        0.745357

     H   19       -0.173045       -0.015801        0.004889
     H   19       -0.015801        0.218759       -0.143754
     H   19        0.004889       -0.143754       -0.045714

     C   20       -0.443242       -0.168712       -0.143180
     C   20       -0.168712        0.313253       -0.018596
     C   20       -0.143180       -0.018596        0.129989

     H   21        0.244935       -0.196718        0.211918
     H   21       -0.196718       -0.163094       -0.278903
     H   21        0.211918       -0.278903       -0.081841

     C   22       -0.073351        0.027505       -0.067933
     C   22        0.027505        0.061404        0.308690
     C   22       -0.067933        0.308690        0.011947

     C   23       -0.119722        0.100242       -0.125144
     C   23        0.100242        0.131226        0.060838
     C   23       -0.125144        0.060838       -0.011504

     Cl  24        1.236570        3.095043       -0.096015
     Cl  24        3.095043        0.874081        0.678232
     Cl  24       -0.096015        0.678232       -2.110650

     ----- total EFG (symmetrized) -----
     Cl   1       -0.010011       -0.754855        0.190148
     Cl   1       -0.754855       -0.383183       -0.208075
     Cl   1        0.190148       -0.208075        0.393195

     C    2       -0.123142       -0.181225        0.122225
     C    2       -0.181225       -0.317570       -0.260230
     C    2        0.122225       -0.260230        0.440713

     C    3        0.067015        0.176590       -0.151048
     C    3        0.176590       -0.226976       -0.064065
     C    3       -0.151048       -0.064065        0.159962

     H    4        0.231663        0.177078        0.511573
     H    4        0.177078        0.097999        0.000995
     H    4        0.511573        0.000995       -0.329662

     C    5       -0.364827       -0.197982        0.222939
     C    5       -0.197982       -0.004142       -0.086021
     C    5        0.222939       -0.086021        0.368969

     H    6       -0.328836        0.186363       -0.253838
     H    6        0.186363        0.291566        0.389362
     H    6       -0.253838        0.389362        0.037270

     H    7       -0.168817       -0.056199        0.065536
     H    7       -0.056199        0.104120       -0.219878
     H    7        0.065536       -0.219878        0.064697

     C    8        0.036578        0.195115       -0.136325
     C    8        0.195115       -0.017366        0.312629
     C    8       -0.136325        0.312629       -0.019213

     H    9        0.340948        0.038626        0.320941
     H    9        0.038626       -0.461405        0.030928
     H    9        0.320941        0.030928        0.120457

     C   10       -0.546434       -0.076910       -0.071805
     C   10       -0.076910        0.578170        0.006698
     C   10       -0.071805        0.006698       -0.031736

     C   11        0.168596        0.296744       -0.107286
     C   11        0.296744        0.068563        0.240409
     C   11       -0.107286        0.240409       -0.237159

     Cl  12        1.412241        2.440669       -0.193460
     Cl  12        2.440669        0.233065        0.048486
     Cl  12       -0.193460        0.048486       -1.645306

     H   13       -0.203824        0.326718        0.114405
     H   13        0.326718        0.168044        0.182712
     H   13        0.114405        0.182712        0.035780

     C   14        0.188891       -0.748854       -0.306650
     C   14       -0.748854       -0.019601       -0.225112
     C   14       -0.306650       -0.225112       -0.169290

     H   15        0.463439        0.294089        0.502219
     H   15        0.294089       -0.103831       -0.160487
     H   15        0.502219       -0.160487       -0.359608

     C   16       -0.353670        0.058369       -0.276176
     C   16        0.058369        0.226229        0.414106
     C   16       -0.276176        0.414106        0.127441

     C   17        0.187266       -0.185730        0.162061
     C   17       -0.185730       -0.702349        0.100294
     C   17        0.162061        0.100294        0.515084

     Cl  18       -0.341102       -0.351275        0.674256
     Cl  18       -0.351275       -0.404255        1.153890
     Cl  18        0.674256        1.153890        0.745357

     H   19       -0.173045       -0.015801        0.004889
     H   19       -0.015801        0.218759       -0.143754
     H   19        0.004889       -0.143754       -0.045714

     C   20       -0.443242       -0.168712       -0.143180
     C   20       -0.168712        0.313253       -0.018596
     C   20       -0.143180       -0.018596        0.129989

     H   21        0.244935       -0.196718        0.211918
     H   21       -0.196718       -0.163094       -0.278903
     H   21        0.211918       -0.278903       -0.081841

     C   22       -0.073351        0.027505       -0.067933
     C   22        0.027505        0.061404        0.308690
     C   22       -0.067933        0.308690        0.011947

     C   23       -0.119722        0.100242       -0.125144
     C   23        0.100242        0.131226        0.060838
     C   23       -0.125144        0.060838       -0.011504

     Cl  24        1.236570        3.095043       -0.096015
     Cl  24        3.095043        0.874081        0.678232
     Cl  24       -0.096015        0.678232       -2.110650


     NQR/NMR SPECTROSCOPIC PARAMETERS:
     Cl   1    Vxx=    0.1949    axis=( -0.479784  0.334553  0.811099)
     Cl   1    Vyy=    0.7809    axis=( -0.629578  0.512601 -0.583842)
     Cl   1    Vzz=   -0.9758    axis=( -0.611096 -0.790768 -0.035311)
     Cl   1  Q=        -8.1650 1e-30 m^2  Cq=        18.7206 MHz  eta= 0.60055

     C    2    Vxx=   -0.1055    axis=( -0.879617  0.321912  0.350209)
     C    2    Vyy=   -0.4594    axis=(  0.406610  0.890909  0.202359)
     C    2    Vzz=    0.5649    axis=(  0.246862 -0.320397  0.914552)
     C    2  Q=         1.0000 1e-30 m^2  Cq=         1.3272 MHz  eta= 0.62653

     C    3    Vxx=   -0.0091    axis=(  0.644189  0.317517  0.695847)
     C    3    Vyy=   -0.3098    axis=( -0.429135  0.903119 -0.014818)
     C    3    Vzz=    0.3189    axis=( -0.633137 -0.289067  0.718037)
     C    3  Q=         1.0000 1e-30 m^2  Cq=         0.7494 MHz  eta= 0.94290

     H    4    Vxx=    0.0602    axis=(  0.199985 -0.944678  0.259981)
     H    4    Vyy=    0.5833    axis=(  0.830919  0.304126  0.465919)
     H    4    Vzz=   -0.6436    axis=( -0.519210  0.122846  0.845772)
     H    4  Q=         1.0000 1e-30 m^2  Cq=        -1.5121 MHz  eta= 0.81280

     C    5    Vxx=    0.0148    axis=( -0.247414  0.894276  0.372902)
     C    5    Vyy=    0.4730    axis=( -0.309733  0.291674 -0.904982)
     C    5    Vzz=   -0.4878    axis=( -0.918070 -0.339405  0.204823)
     C    5  Q=         1.0000 1e-30 m^2  Cq=        -1.1460 MHz  eta= 0.93947

     H    6    Vxx=    0.0307    axis=(  0.658905  0.439928 -0.610170)
     H    6    Vyy=    0.5740    axis=( -0.002304 -0.809969 -0.586469)
     H    6    Vzz=   -0.6047    axis=( -0.752223  0.387833 -0.532678)
     H    6  Q=         1.0000 1e-30 m^2  Cq=        -1.4207 MHz  eta= 0.89861

     H    7    Vxx=   -0.1342    axis=(  0.199301  0.689430  0.696395)
     H    7    Vyy=   -0.1860    axis=(  0.964601 -0.012781 -0.263405)
     H    7    Vzz=    0.3202    axis=( -0.172698  0.724240 -0.667572)
     H    7  Q=         1.0000 1e-30 m^2  Cq=         0.7523 MHz  eta= 0.16160

     C    8    Vxx=    0.1413    axis=(  0.869993  0.135973 -0.473945)
     C    8    Vyy=    0.3040    axis=( -0.224821 -0.746090 -0.626742)
     C    8    Vzz=   -0.4454    axis=(  0.438826 -0.651813  0.618523)
     C    8  Q=         1.0000 1e-30 m^2  Cq=        -1.0465 MHz  eta= 0.36532

     H    9    Vxx=   -0.1086    axis=( -0.581439  0.007662  0.813554)
     H    9    Vyy=   -0.4638    axis=( -0.034389  0.998831 -0.033985)
     H    9    Vzz=    0.5724    axis=( -0.812863 -0.047737 -0.580496)
     H    9  Q=         1.0000 1e-30 m^2  Cq=         1.3449 MHz  eta= 0.62047

     C   10    Vxx=   -0.0224    axis=( -0.131675 -0.027915  0.990900)
     C   10    Vyy=   -0.5612    axis=( -0.988883 -0.065966 -0.133265)
     C   10    Vzz=    0.5836    axis=(  0.069086 -0.997431 -0.018918)
     C   10  Q=         1.0000 1e-30 m^2  Cq=         1.3713 MHz  eta= 0.92330

     C   11    Vxx=    0.0384    axis=( -0.578383  0.489682  0.652445)
     C   11    Vyy=    0.4291    axis=( -0.721604 -0.680139 -0.129225)
     C   11    Vzz=   -0.4675    axis=(  0.380474 -0.545548  0.746737)
     C   11  Q=         1.0000 1e-30 m^2  Cq=        -1.0983 MHz  eta= 0.83577

     Cl  12    Vxx=   -1.5093    axis=( -0.394143  0.531242  0.749956)
     Cl  12    Vyy=   -1.8272    axis=(  0.476306 -0.579799  0.661034)
     Cl  12    Vzz=    3.3365    axis=(  0.785992  0.617750 -0.024510)
     Cl  12  Q=        -8.1650 1e-30 m^2  Cq=       -64.0094 MHz  eta= 0.09529

     H   13    Vxx=   -0.0720    axis=( -0.208196 -0.397003  0.893892)
     H   13    Vyy=   -0.3939    axis=( -0.867056  0.497842  0.019160)
     H   13    Vzz=    0.4660    axis=( -0.452624 -0.771065 -0.447873)
     H   13  Q=         1.0000 1e-30 m^2  Cq=         1.0948 MHz  eta= 0.69090

     C   14    Vxx=    0.0211    axis=( -0.241422 -0.413579  0.877877)
     C   14    Vyy=    0.8482    axis=( -0.765441  0.637224  0.089703)
     C   14    Vzz=   -0.8693    axis=( -0.596503 -0.650306 -0.470410)
     C   14  Q=         1.0000 1e-30 m^2  Cq=        -2.0426 MHz  eta= 0.95147

     H   15    Vxx=   -0.0282    axis=( -0.035641  0.877208 -0.478785)
     H   15    Vyy=   -0.7216    axis=( -0.440406  0.416273  0.795462)
     H   15    Vzz=    0.7498    axis=(  0.897091  0.239211  0.371491)
     H   15  Q=         1.0000 1e-30 m^2  Cq=         1.7618 MHz  eta= 0.92482

     C   16    Vxx=   -0.0564    axis=(  0.594783  0.622485 -0.508671)
     C   16    Vyy=   -0.5592    axis=( -0.789111  0.331341 -0.517221)
     C   16    Vzz=    0.6156    axis=( -0.153419  0.709031  0.688286)
     C   16  Q=         1.0000 1e-30 m^2  Cq=         1.4464 MHz  eta= 0.81679

     C   17    Vxx=    0.1711    axis=( -0.904138  0.233361  0.357880)
     C   17    Vyy=    0.5821    axis=(  0.372135  0.018651  0.927991)
     C   17    Vzz=   -0.7531    axis=(  0.209882  0.972211 -0.103705)
     C   17  Q=         1.0000 1e-30 m^2  Cq=        -1.7696 MHz  eta= 0.54576

     Cl  18    Vxx=   -0.0439    axis=(  0.834318 -0.544871  0.083844)
     Cl  18    Vyy=   -1.5031    axis=(  0.505919  0.696338 -0.509078)
     Cl  18    Vzz=    1.5470    axis=(  0.218998  0.467151  0.856627)
     Cl  18  Q=        -8.1650 1e-30 m^2  Cq=       -29.6782 MHz  eta= 0.94320

     H   19    Vxx=   -0.1087    axis=( -0.028808  0.400588  0.915805)
     H   19    Vyy=   -0.1737    axis=( -0.998934 -0.044585 -0.011921)
     H   19    Vzz=    0.2824    axis=(  0.036056 -0.915173  0.401445)
     H   19  Q=         1.0000 1e-30 m^2  Cq=         0.6636 MHz  eta= 0.22994

     C   20    Vxx=    0.1616    axis=( -0.201374 -0.104597  0.973914)
     C   20    Vyy=    0.3499    axis=( -0.217972  0.974137  0.059552)
     C   20    Vzz=   -0.5115    axis=( -0.954954 -0.200293 -0.218966)
     C   20  Q=         1.0000 1e-30 m^2  Cq=        -1.2017 MHz  eta= 0.36811

     H   21    Vxx=   -0.0898    axis=(  0.652928  0.479330 -0.586454)
     H   21    Vyy=   -0.4045    axis=(  0.020258  0.762950  0.646140)
     H   21    Vzz=    0.4943    axis=( -0.757149  0.433764 -0.488441)
     H   21  Q=         1.0000 1e-30 m^2  Cq=         1.1615 MHz  eta= 0.63660

     C   22    Vxx=   -0.0536    axis=(  0.952657  0.247225 -0.176984)
     C   22    Vyy=   -0.2944    axis=( -0.297575  0.638681 -0.709602)
     C   22    Vzz=    0.3480    axis=(  0.062395 -0.728674 -0.682012)
     C   22  Q=         1.0000 1e-30 m^2  Cq=         0.8176 MHz  eta= 0.69197

     C   23    Vxx=    0.0706    axis=( -0.535092  0.037823  0.843947)
     C   23    Vyy=    0.1685    axis=( -0.274351 -0.952630 -0.131254)
     C   23    Vzz=   -0.2390    axis=(  0.799005 -0.301771  0.520121)
     C   23  Q=         1.0000 1e-30 m^2  Cq=        -0.5617 MHz  eta= 0.40958

     Cl  24    Vxx=   -1.5304    axis=( -0.538561  0.502452  0.676383)
     Cl  24    Vyy=   -2.6504    axis=(  0.434168 -0.522487  0.733830)
     Cl  24    Vzz=    4.1807    axis=(  0.722116  0.688875  0.063243)
     Cl  24  Q=        -8.1650 1e-30 m^2  Cq=       -80.2053 MHz  eta= 0.26789

     Initialization:
     gipaw_setup  :      9.17s CPU     10.90s WALL (       1 calls)

     Linear response

     Apply operators

     Induced current

     Other routines
     efg          :      9.28s CPU     12.29s WALL (       1 calls)

     General routines
     calbec       :      3.23s CPU      4.40s WALL (      16 calls)
     fft          :      1.97s CPU      3.39s WALL (      15 calls)
     ffts         :      0.05s CPU      0.06s WALL (       2 calls)
     fftw         :      3.28s CPU      4.38s WALL (     672 calls)
     davcio       :      0.05s CPU      0.30s WALL (      32 calls)

     Parallel routines
     fft_scatter  :      2.75s CPU      4.89s WALL (     689 calls)

     Plugins

     GIPAW        :     61.53s CPU     74.39s WALL (       1 calls)
