
     Program QE v.6.0 (svn rev. 13079) starts on 20Dec2016 at  2:13:58 

     This program is part of the open-source Quantum ESPRESSO suite
     for quantum simulation of materials; please cite
         "P. Giannozzi et al., J. Phys.:Condens. Matter 21 395502 (2009);
          URL http://www.quantum-espresso.org", 
     in publications or presentations arising from this work. More details at
     http://www.quantum-espresso.org/quote

     Parallel version (MPI), running on     8 processors
     R & G space division:  proc/nbgrp/npool/nimage =       8

     ***** This is GIPAW svn revision unknown      *****

     Parallelizing q-star over 1 images

     Reading data from directory:
     /users/majewski/paradichlorobenzene/pbe/9_constraint/scratch/pbe.ecut100.np8.dt60.pcl2phi-129368.save
     Message from routine read_xml_file:
     file /users/majewski/paradichlorobenzene/pbe/9_constraint/scratch/pbe.ecut100.np8.dt60.pcl2phi-129368.save not guaranteed to be safe for post-processing

   Info: using nr1, nr2, nr3 values from input

   Info: using nr1, nr2, nr3 values from input

     IMPORTANT: XC functional enforced from input :
     Exchange-correlation      =  SLA  PW   PBX  PBC ( 1  4  3  4 0 0)
     Any further DFT definition will be discarded
     Please, verify this is what you really want

               file C.pbe-n-kjpaw_psl.1.0.0.UPF: wavefunction(s)  2S 2P renormalized
               file Cl.pbe-n-kjpaw_psl.1.0.0.UPF: wavefunction(s)  3S 3P renormalized
               file H.pbe-kjpaw_psl.1.0.0.UPF: wavefunction(s)  1S renormalized

     Parallelization info
     --------------------
     sticks:   dense  smooth     PW     G-vecs:    dense   smooth      PW
     Min        3057    1223    332               144436    36536    5170
     Max        3059    1225    333               144437    36537    5171
     Sum       24467    9791   2657              1155489   292295   41363


     Subspace diagonalization in iterative solution of the eigenvalue problem:
     a serial algorithm will be used

     GIPAW projectors -----------------------------------------------
     atom=  C    l=0  rc=    1.2000  rs=    0.8000
     atom=  C    l=0  rc=    1.2000  rs=    0.8000
     atom=  C    l=1  rc=    1.4000  rs=    0.9333
     atom=  C    l=1  rc=    1.4000  rs=    0.9333
     projs nearly linearly dependent: l=1  n1,n2= 1, 2  s=  0.99951561

     atom=  Cl   l=0  rc=    1.6000  rs=    1.0667
     atom=  Cl   l=0  rc=    1.6000  rs=    1.0667
     atom=  Cl   l=1  rc=    1.6000  rs=    1.0667
     atom=  Cl   l=1  rc=    1.6000  rs=    1.0667
     atom=  Cl   l=2  rc=    1.6000  rs=    1.0667
     atom=  Cl   l=2  rc=    1.6000  rs=    1.0667
     projs nearly linearly dependent: l=2  n1,n2= 1, 2  s=  0.99993509

     atom=  H    l=0  rc=    1.0000  rs=    0.6667
     atom=  H    l=0  rc=    1.0000  rs=    0.6667
     projs nearly linearly dependent: l=0  n1,n2= 1, 2  s=  0.99968852
     -----------------------------------------------------------------

     GIPAW integrals: -------------------------------------------
     Atom  i/j   nmr_para   nmr_dia   epr_rmc  epr_para   epr_dia
       C   1 1   0.83E+03  0.17E-01  0.93E+01  0.24E+08  0.24E+03
       C   2 1   0.86E+03 -0.61E-01  0.94E+01  0.25E+08  0.25E+03
       C   2 2   0.90E+03 -0.15E+00  0.97E+01  0.26E+08  0.26E+03
       C   3 3   0.33E+01  0.34E+00  0.18E+01  0.55E+03  0.21E+02
       C   4 3   0.35E+01  0.37E+00  0.20E+01  0.59E+03  0.22E+02
       C   4 4   0.38E+01  0.39E+00  0.22E+01  0.63E+03  0.24E+02
       Cl  1 1   0.14E+04 -0.47E+00  0.84E+01  0.32E+09  0.42E+03
       Cl  2 1   0.21E+04 -0.37E+00  0.12E+02  0.49E+09  0.65E+03
       Cl  2 2   0.33E+04 -0.16E+00  0.21E+02  0.76E+09  0.10E+04
       Cl  3 3   0.21E+02  0.79E-01  0.89E+01  0.23E+05  0.13E+03
       Cl  4 3   0.24E+02  0.67E-01  0.99E+01  0.27E+05  0.15E+03
       Cl  4 4   0.28E+02  0.44E-01  0.11E+02  0.32E+05  0.18E+03
       Cl  5 5   0.77E+00  0.19E+00  0.18E+01  0.12E+03  0.22E+02
       Cl  6 5   0.80E+00  0.19E+00  0.19E+01  0.12E+03  0.23E+02
       Cl  6 6   0.83E+00  0.20E+00  0.19E+01  0.12E+03  0.23E+02
       H   1 1   0.39E+02  0.19E+00  0.29E+00  0.78E+05  0.13E+02
       H   2 1   0.41E+02  0.21E+00  0.32E+00  0.82E+05  0.14E+02
       H   2 2   0.43E+02  0.22E+00  0.36E+00  0.86E+05  0.15E+02
     ------------------------------------------------------------

     alpha_pv=     33.9403 eV

     Number of occupied bands for each k-point:
     k-point:     1    nbnd_occ=  42
     k-point:     2    nbnd_occ=  42
     k-point:     3    nbnd_occ=  42
     k-point:     4    nbnd_occ=  42
     k-point:     5    nbnd_occ=  42
     k-point:     6    nbnd_occ=  42
     k-point:     7    nbnd_occ=  42
     k-point:     8    nbnd_occ=  42
     k-point:     9    nbnd_occ=  42
     k-point:    10    nbnd_occ=  42
     k-point:    11    nbnd_occ=  42
     k-point:    12    nbnd_occ=  42
     k-point:    13    nbnd_occ=  42
     k-point:    14    nbnd_occ=  42
     k-point:    15    nbnd_occ=  42
     k-point:    16    nbnd_occ=  42


     q-space interpolation up to   110.00 Rydberg

     GIPAW job: efg                                                                             


     ELECTRIC FIELD GRADIENTS TENSORS IN Hartree/bohrradius^2:

     ----- bare term -----
     Cl   1       -0.092504        0.302888       -0.157620
     Cl   1        0.302888       -0.122086       -0.039289
     Cl   1       -0.157620       -0.039289        0.214590

     C    2        0.082018       -0.241248       -0.591121
     C    2       -0.241248       -0.289594       -0.513628
     C    2       -0.591121       -0.513628        0.207576

     C    3        0.035385        0.282651        0.082845
     C    3        0.282651       -0.027966        0.061134
     C    3        0.082845        0.061134       -0.007420

     H    4        0.188629       -0.057689       -0.184002
     H    4       -0.057689        0.336073        0.175966
     H    4       -0.184002        0.175966       -0.524701

     C    5       -0.082317       -0.025467       -0.298751
     C    5       -0.025467        0.000454       -0.266118
     C    5       -0.298751       -0.266118        0.081863

     H    6        0.237069        0.034950        0.359221
     H    6        0.034950        0.125432       -0.342606
     H    6        0.359221       -0.342606       -0.362501

     H    7        0.357814       -0.027157       -0.305012
     H    7       -0.027157       -0.193097        0.392139
     H    7       -0.305012        0.392139       -0.164717

     C    8       -0.565640       -0.334119       -0.391806
     C    8       -0.334119        0.184959        0.334046
     C    8       -0.391806        0.334046        0.380681

     H    9       -0.521594        0.007681       -0.271787
     H    9        0.007681        0.273518        0.339029
     H    9       -0.271787        0.339029        0.248076

     C   10       -0.014473       -0.249108       -0.097831
     C   10       -0.249108       -0.511163        0.397709
     C   10       -0.097831        0.397709        0.525636

     C   11       -0.651653       -0.072135       -0.219811
     C   11       -0.072135        0.107442        0.151297
     C   11       -0.219811        0.151297        0.544211

     Cl  12       -0.094132       -0.100929        0.100556
     Cl  12       -0.100929       -0.042356       -0.130942
     Cl  12        0.100556       -0.130942        0.136488

     H   13        0.515992        0.045116       -0.189370
     H   13        0.045116       -0.068365       -0.235037
     H   13       -0.189370       -0.235037       -0.447627

     C   14       -0.616345        0.318854       -0.154182
     C   14        0.318854        0.244771       -0.338085
     C   14       -0.154182       -0.338085        0.371574

     H   15        0.148274        0.049031       -0.361687
     H   15        0.049031        0.120706        0.252126
     H   15       -0.361687        0.252126       -0.268980

     C   16        0.043236        0.002414       -0.207517
     C   16        0.002414       -0.042516       -0.597195
     C   16       -0.207517       -0.597195       -0.000720

     C   17       -0.511233        0.290085       -0.356222
     C   17        0.290085        0.199090       -0.328722
     C   17       -0.356222       -0.328722        0.312143

     Cl  18        0.087554        0.044905       -0.075889
     Cl  18        0.044905       -0.109387        0.041482
     Cl  18       -0.075889        0.041482        0.021833

     H   19       -0.119106        0.431751       -0.173523
     H   19        0.431751       -0.223521        0.330536
     H   19       -0.173523        0.330536        0.342627

     C   20        0.083372       -0.595284        0.080551
     C   20       -0.595284       -0.480219        0.380610
     C   20        0.080551        0.380610        0.396847

     H   21       -0.569455        0.384180        0.159796
     H   21        0.384180        0.308763       -0.023821
     H   21        0.159796       -0.023821        0.260692

     C   22       -0.056364       -0.108888       -0.367895
     C   22       -0.108888       -0.166256        0.393382
     C   22       -0.367895        0.393382        0.222620

     C   23       -0.270064       -0.185325       -0.348104
     C   23       -0.185325       -0.120784        0.544787
     C   23       -0.348104        0.544787        0.390848

     Cl  24        0.154121        0.019862        0.283886
     Cl  24        0.019862        0.259262       -0.228503
     Cl  24        0.283886       -0.228503       -0.413383

     ----- ionic term -----
     Cl   1        0.114879       -0.214689        0.021893
     Cl   1       -0.214689        0.019004       -0.004522
     Cl   1        0.021893       -0.004522       -0.133883

     C    2        0.032203       -0.319682        0.285452
     C    2       -0.319682       -0.023947        0.397312
     C    2        0.285452        0.397312       -0.008256

     C    3        0.026269       -0.419388        0.220608
     C    3       -0.419388        0.049750        0.329252
     C    3        0.220608        0.329252       -0.076020

     H    4        0.368065       -0.009075        0.806425
     H    4       -0.009075       -0.548336        0.071004
     H    4        0.806425        0.071004        0.180271

     C    5        0.049148       -0.365213        0.340484
     C    5       -0.365213       -0.001899        0.229358
     C    5        0.340484        0.229358       -0.047250

     H    6       -0.558844       -0.046953       -0.010000
     H    6       -0.046953        0.498418        0.768867
     H    6       -0.010000        0.768867        0.060426

     H    7       -0.453412       -0.253178        0.188914
     H    7       -0.253178        0.423894       -0.769159
     H    7        0.188914       -0.769159        0.029517

     C    8        0.366231        0.074132        0.185882
     C    8        0.074132       -0.058093       -0.350722
     C    8        0.185882       -0.350722       -0.308139

     H    9        0.661084       -0.248901        0.665595
     H    9       -0.248901       -0.460472       -0.219002
     H    9        0.665595       -0.219002       -0.200612

     C   10        0.158571        0.174383        0.114512
     C   10        0.174383        0.106525       -0.439261
     C   10        0.114512       -0.439261       -0.265096

     C   11        0.250749        0.135803        0.194883
     C   11        0.135803        0.082355       -0.373209
     C   11        0.194883       -0.373209       -0.333104

     Cl  12        0.116307        0.212178        0.012381
     Cl  12        0.212178        0.027675       -0.005424
     Cl  12        0.012381       -0.005424       -0.143983

     H   13       -0.540182        0.053725        0.049721
     H   13        0.053725        0.350819        0.790804
     H   13        0.049721        0.790804        0.189364

     C   14        0.091070       -0.265784        0.331473
     C   14       -0.265784       -0.021247        0.262987
     C   14        0.331473        0.262987       -0.069823

     H   15        0.226090       -0.004066        0.782776
     H   15       -0.004066       -0.505384        0.062233
     H   15        0.782776        0.062233        0.279294

     C   16       -0.034371       -0.314464        0.256422
     C   16       -0.314464        0.111995        0.354047
     C   16        0.256422        0.354047       -0.077624

     C   17       -0.085243       -0.258989        0.384919
     C   17       -0.258989        0.039785        0.367550
     C   17        0.384919        0.367550        0.045458

     Cl  18        0.079762       -0.203802        0.032718
     Cl  18       -0.203802        0.048162       -0.023231
     Cl  18        0.032718       -0.023231       -0.127925

     H   19       -0.456395       -0.311740        0.160371
     H   19       -0.311740        0.709827       -0.648156
     H   19        0.160371       -0.648156       -0.253432

     C   20        0.340349        0.080010        0.116790
     C   20        0.080010        0.029820       -0.325969
     C   20        0.116790       -0.325969       -0.370169

     H   21        0.806568       -0.364553        0.449156
     H   21       -0.364553       -0.435308       -0.206072
     H   21        0.449156       -0.206072       -0.371259

     C   22        0.204474        0.124156        0.042890
     C   22        0.124156        0.129298       -0.421117
     C   22        0.042890       -0.421117       -0.333772

     C   23        0.300383        0.051496        0.156970
     C   23        0.051496        0.024041       -0.406670
     C   23        0.156970       -0.406670       -0.324424

     Cl  24        0.111716        0.160598       -0.062091
     Cl  24        0.160598       -0.005577       -0.043382
     Cl  24       -0.062091       -0.043382       -0.106139

     ----- GIPAW term -----
     Cl   1        1.412286       -0.171347       -2.208340
     Cl   1       -0.171347       -1.295331       -0.604238
     Cl   1       -2.208340       -0.604238       -0.116955

     C    2        0.123557       -0.147245       -0.241482
     C    2       -0.147245       -0.137853       -0.035664
     C    2       -0.241482       -0.035664        0.014296

     C    3        0.024839        0.004859       -0.005930
     C    3        0.004859       -0.011998        0.025314
     C    3       -0.005930        0.025314       -0.012841

     H    4       -0.000000        0.000000        0.000000
     H    4        0.000000        0.000000        0.000000
     H    4        0.000000        0.000000        0.000000

     C    5        0.030164        0.000756       -0.137360
     C    5        0.000756       -0.092033       -0.046483
     C    5       -0.137360       -0.046483        0.061869

     H    6       -0.000000        0.000000        0.000000
     H    6        0.000000        0.000000        0.000000
     H    6        0.000000        0.000000        0.000000

     H    7       -0.000000        0.000000        0.000000
     H    7        0.000000        0.000000        0.000000
     H    7        0.000000        0.000000        0.000000

     C    8       -0.123480       -0.101021       -0.070966
     C    8       -0.101021        0.109117        0.084664
     C    8       -0.070966        0.084664        0.014363

     H    9       -0.000000        0.000000        0.000000
     H    9        0.000000        0.000000        0.000000
     H    9        0.000000        0.000000        0.000000

     C   10       -0.109709       -0.026784        0.003855
     C   10       -0.026784       -0.078253       -0.135570
     C   10        0.003855       -0.135570        0.187961

     C   11       -0.133400        0.025945        0.104228
     C   11        0.025945       -0.067757       -0.122168
     C   11        0.104228       -0.122168        0.201157

     Cl  12        0.130591        0.880214        1.217689
     Cl  12        0.880214       -0.401503       -1.696540
     Cl  12        1.217689       -1.696540        0.270912

     H   13       -0.000000        0.000000        0.000000
     H   13        0.000000        0.000000        0.000000
     H   13        0.000000        0.000000        0.000000

     C   14       -0.156783       -0.068224        0.040643
     C   14       -0.068224        0.192509       -0.134463
     C   14        0.040643       -0.134463       -0.035726

     H   15       -0.000000        0.000000        0.000000
     H   15        0.000000        0.000000        0.000000
     H   15        0.000000        0.000000        0.000000

     C   16       -0.100416       -0.050658       -0.014901
     C   16       -0.050658        0.163101       -0.179268
     C   16       -0.014901       -0.179268       -0.062685

     C   17       -0.113225       -0.067517       -0.054192
     C   17       -0.067517        0.227091       -0.061321
     C   17       -0.054192       -0.061321       -0.113866

     Cl  18       -0.193355       -0.755412       -0.492631
     Cl  18       -0.755412        1.830265       -1.506894
     Cl  18       -0.492631       -1.506894       -1.636910

     H   19       -0.000000        0.000000        0.000000
     H   19        0.000000        0.000000        0.000000
     H   19        0.000000        0.000000        0.000000

     C   20        0.184750       -0.212694        0.151539
     C   20       -0.212694       -0.166441        0.015796
     C   20        0.151539        0.015796       -0.018310

     H   21       -0.000000        0.000000        0.000000
     H   21        0.000000        0.000000        0.000000
     H   21        0.000000        0.000000        0.000000

     C   22        0.065974       -0.084372       -0.211139
     C   22       -0.084372       -0.070998        0.104683
     C   22       -0.211139        0.104683        0.005023

     C   23       -0.012787        0.011248       -0.177625
     C   23        0.011248       -0.075172        0.166952
     C   23       -0.177625        0.166952        0.087959

     Cl  24        0.090295        0.564448       -0.533682
     Cl  24        0.564448       -0.385721        0.373249
     Cl  24       -0.533682        0.373249        0.295426

     ----- total EFG -----
     Cl   1        1.434661       -0.083147       -2.344067
     Cl   1       -0.083147       -1.398413       -0.648049
     Cl   1       -2.344067       -0.648049       -0.036248

     C    2        0.237778       -0.708175       -0.547151
     C    2       -0.708175       -0.451394       -0.151980
     C    2       -0.547151       -0.151980        0.213616

     C    3        0.086494       -0.131878        0.297524
     C    3       -0.131878        0.009786        0.415700
     C    3        0.297524        0.415700       -0.096280

     H    4        0.556693       -0.066765        0.622423
     H    4       -0.066765       -0.212263        0.246970
     H    4        0.622423        0.246970       -0.344430

     C    5       -0.003004       -0.389925       -0.095627
     C    5       -0.389925       -0.093478       -0.083243
     C    5       -0.095627       -0.083243        0.096482

     H    6       -0.321776       -0.012002        0.349221
     H    6       -0.012002        0.623851        0.426260
     H    6        0.349221        0.426260       -0.302075

     H    7       -0.095598       -0.280335       -0.116098
     H    7       -0.280335        0.230797       -0.377020
     H    7       -0.116098       -0.377020       -0.135199

     C    8       -0.322889       -0.361009       -0.276890
     C    8       -0.361009        0.235984        0.067988
     C    8       -0.276890        0.067988        0.086905

     H    9        0.139489       -0.241220        0.393808
     H    9       -0.241220       -0.186954        0.120026
     H    9        0.393808        0.120026        0.047465

     C   10        0.034390       -0.101509        0.020537
     C   10       -0.101509       -0.482891       -0.177123
     C   10        0.020537       -0.177123        0.448501

     C   11       -0.534304        0.089613        0.079299
     C   11        0.089613        0.122040       -0.344080
     C   11        0.079299       -0.344080        0.412264

     Cl  12        0.152766        0.991463        1.330626
     Cl  12        0.991463       -0.416184       -1.832906
     Cl  12        1.330626       -1.832906        0.263418

     H   13       -0.024190        0.098841       -0.139649
     H   13        0.098841        0.282454        0.555767
     H   13       -0.139649        0.555767       -0.258263

     C   14       -0.682058       -0.015154        0.217935
     C   14       -0.015154        0.416033       -0.209561
     C   14        0.217935       -0.209561        0.266025

     H   15        0.374364        0.044965        0.421089
     H   15        0.044965       -0.384678        0.314359
     H   15        0.421089        0.314359        0.010314

     C   16       -0.091551       -0.362708        0.034004
     C   16       -0.362708        0.232580       -0.422416
     C   16        0.034004       -0.422416       -0.141029

     C   17       -0.709701       -0.036421       -0.025495
     C   17       -0.036421        0.465965       -0.022493
     C   17       -0.025495       -0.022493        0.243735

     Cl  18       -0.026038       -0.914310       -0.535803
     Cl  18       -0.914310        1.769041       -1.488644
     Cl  18       -0.535803       -1.488644       -1.743002

     H   19       -0.575501        0.120011       -0.013151
     H   19        0.120011        0.486306       -0.317620
     H   19       -0.013151       -0.317620        0.089195

     C   20        0.608471       -0.727969        0.348879
     C   20       -0.727969       -0.616840        0.070436
     C   20        0.348879        0.070436        0.008369

     H   21        0.237113        0.019628        0.608952
     H   21        0.019628       -0.126545       -0.229892
     H   21        0.608952       -0.229892       -0.110568

     C   22        0.214084       -0.069104       -0.536144
     C   22       -0.069104       -0.107956        0.076948
     C   22       -0.536144        0.076948       -0.106128

     C   23        0.017532       -0.122580       -0.368759
     C   23       -0.122580       -0.171915        0.305068
     C   23       -0.368759        0.305068        0.154383

     Cl  24        0.356132        0.744908       -0.311887
     Cl  24        0.744908       -0.132036        0.101364
     Cl  24       -0.311887        0.101364       -0.224096

     ----- total EFG (symmetrized) -----
     Cl   1        1.434661       -0.083147       -2.344067
     Cl   1       -0.083147       -1.398413       -0.648049
     Cl   1       -2.344067       -0.648049       -0.036248

     C    2        0.237778       -0.708175       -0.547151
     C    2       -0.708175       -0.451394       -0.151980
     C    2       -0.547151       -0.151980        0.213616

     C    3        0.086494       -0.131878        0.297524
     C    3       -0.131878        0.009786        0.415700
     C    3        0.297524        0.415700       -0.096280

     H    4        0.556693       -0.066765        0.622423
     H    4       -0.066765       -0.212263        0.246970
     H    4        0.622423        0.246970       -0.344430

     C    5       -0.003004       -0.389925       -0.095627
     C    5       -0.389925       -0.093478       -0.083243
     C    5       -0.095627       -0.083243        0.096482

     H    6       -0.321776       -0.012002        0.349221
     H    6       -0.012002        0.623851        0.426260
     H    6        0.349221        0.426260       -0.302075

     H    7       -0.095598       -0.280335       -0.116098
     H    7       -0.280335        0.230797       -0.377020
     H    7       -0.116098       -0.377020       -0.135199

     C    8       -0.322889       -0.361009       -0.276890
     C    8       -0.361009        0.235984        0.067988
     C    8       -0.276890        0.067988        0.086905

     H    9        0.139489       -0.241220        0.393808
     H    9       -0.241220       -0.186954        0.120026
     H    9        0.393808        0.120026        0.047465

     C   10        0.034390       -0.101509        0.020537
     C   10       -0.101509       -0.482891       -0.177123
     C   10        0.020537       -0.177123        0.448501

     C   11       -0.534304        0.089613        0.079299
     C   11        0.089613        0.122040       -0.344080
     C   11        0.079299       -0.344080        0.412264

     Cl  12        0.152766        0.991463        1.330626
     Cl  12        0.991463       -0.416184       -1.832906
     Cl  12        1.330626       -1.832906        0.263418

     H   13       -0.024190        0.098841       -0.139649
     H   13        0.098841        0.282454        0.555767
     H   13       -0.139649        0.555767       -0.258263

     C   14       -0.682058       -0.015154        0.217935
     C   14       -0.015154        0.416033       -0.209561
     C   14        0.217935       -0.209561        0.266025

     H   15        0.374364        0.044965        0.421089
     H   15        0.044965       -0.384678        0.314359
     H   15        0.421089        0.314359        0.010314

     C   16       -0.091551       -0.362708        0.034004
     C   16       -0.362708        0.232580       -0.422416
     C   16        0.034004       -0.422416       -0.141029

     C   17       -0.709701       -0.036421       -0.025495
     C   17       -0.036421        0.465965       -0.022493
     C   17       -0.025495       -0.022493        0.243735

     Cl  18       -0.026038       -0.914310       -0.535803
     Cl  18       -0.914310        1.769041       -1.488644
     Cl  18       -0.535803       -1.488644       -1.743002

     H   19       -0.575501        0.120011       -0.013151
     H   19        0.120011        0.486306       -0.317620
     H   19       -0.013151       -0.317620        0.089195

     C   20        0.608471       -0.727969        0.348879
     C   20       -0.727969       -0.616840        0.070436
     C   20        0.348879        0.070436        0.008369

     H   21        0.237113        0.019628        0.608952
     H   21        0.019628       -0.126545       -0.229892
     H   21        0.608952       -0.229892       -0.110568

     C   22        0.214084       -0.069104       -0.536144
     C   22       -0.069104       -0.107956        0.076948
     C   22       -0.536144        0.076948       -0.106128

     C   23        0.017532       -0.122580       -0.368759
     C   23       -0.122580       -0.171915        0.305068
     C   23       -0.368759        0.305068        0.154383

     Cl  24        0.356132        0.744908       -0.311887
     Cl  24        0.744908       -0.132036        0.101364
     Cl  24       -0.311887        0.101364       -0.224096


     NQR/NMR SPECTROSCOPIC PARAMETERS:
     Cl   1    Vxx=   -0.9944    axis=(  0.403281 -0.798891  0.446249)
     Cl   1    Vyy=   -2.1837    axis=( -0.445649 -0.597388 -0.666726)
     Cl   1    Vzz=    3.1782    axis=( -0.799226 -0.070007  0.596940)
     Cl   1  Q=        -8.1650 1e-30 m^2  Cq=       -60.9713 MHz  eta= 0.37420

     C    2    Vxx=    0.1229    axis=(  0.284116 -0.556910  0.780467)
     C    2    Vyy=    0.9212    axis=(  0.777378 -0.342667 -0.527505)
     C    2    Vzz=   -1.0441    axis=( -0.561213 -0.756591 -0.335572)
     C    2  Q=         1.0000 1e-30 m^2  Cq=        -2.4532 MHz  eta= 0.76462

     C    3    Vxx=    0.1853    axis=( -0.818569  0.574147 -0.017299)
     C    3    Vyy=    0.4186    axis=( -0.397542 -0.588005 -0.704422)
     C    3    Vzz=   -0.6039    axis=( -0.414614 -0.569741  0.709571)
     C    3  Q=         1.0000 1e-30 m^2  Cq=        -1.4189 MHz  eta= 0.38639

     H    4    Vxx=   -0.1031    axis=(  0.229475 -0.911615 -0.341026)
     H    4    Vyy=   -0.7741    axis=(  0.403513  0.407951 -0.818995)
     H    4    Vzz=    0.8772    axis=(  0.885730  0.050331  0.461464)
     H    4  Q=         1.0000 1e-30 m^2  Cq=         2.0610 MHz  eta= 0.76500

     C    5    Vxx=    0.1234    axis=( -0.091575 -0.209094  0.973598)
     C    5    Vyy=    0.3454    axis=( -0.752305  0.655093  0.069930)
     C    5    Vzz=   -0.4688    axis=( -0.652419 -0.726039 -0.217293)
     C    5  Q=         1.0000 1e-30 m^2  Cq=        -1.1014 MHz  eta= 0.47372

     H    6    Vxx=   -0.0668    axis=(  0.768760 -0.326168  0.550111)
     H    6    Vyy=   -0.7363    axis=(  0.629891  0.237322 -0.739538)
     H    6    Vzz=    0.8031    axis=(  0.110660  0.915037  0.387894)
     H    6  Q=         1.0000 1e-30 m^2  Cq=         1.8870 MHz  eta= 0.83368

     H    7    Vxx=    0.0017    axis=(  0.794964 -0.024766 -0.606151)
     H    7    Vyy=    0.5231    axis=(  0.303452 -0.848952  0.432663)
     H    7    Vzz=   -0.5248    axis=(  0.525308  0.527889  0.667371)
     H    7  Q=         1.0000 1e-30 m^2  Cq=        -1.2331 MHz  eta= 0.99368

     C    8    Vxx=    0.0722    axis=(  0.089050  0.542981 -0.835010)
     C    8    Vyy=    0.5038    axis=(  0.479206 -0.758293 -0.441988)
     C    8    Vzz=   -0.5760    axis=(  0.873173  0.360783  0.327726)
     C    8  Q=         1.0000 1e-30 m^2  Cq=        -1.3533 MHz  eta= 0.74921

     H    9    Vxx=   -0.0007    axis=( -0.302189  0.761185  0.573829)
     H    9    Vyy=   -0.5056    axis=(  0.562807  0.628322 -0.537085)
     H    9    Vzz=    0.5063    axis=(  0.769370 -0.160654  0.618272)
     H    9  Q=         1.0000 1e-30 m^2  Cq=         1.1897 MHz  eta= 0.99721

     C   10    Vxx=    0.0474    axis=(  0.981965 -0.149179 -0.116149)
     C   10    Vyy=    0.4844    axis=( -0.087108  0.188267 -0.978247)
     C   10    Vzz=   -0.5318    axis=(  0.167801  0.970722  0.171877)
     C   10  Q=         1.0000 1e-30 m^2  Cq=        -1.2495 MHz  eta= 0.82181

     C   11    Vxx=   -0.0757    axis=(  0.249993  0.809963  0.530531)
     C   11    Vyy=   -0.5651    axis=( -0.968142  0.201015  0.149311)
     C   11    Vzz=    0.6408    axis=(  0.014292 -0.550957  0.834412)
     C   11  Q=         1.0000 1e-30 m^2  Cq=         1.5057 MHz  eta= 0.76381

     Cl  12    Vxx=    0.8989    axis=( -0.812610 -0.582404 -0.021699)
     Cl  12    Vyy=    1.9254    axis=(  0.330406 -0.491037  0.806048)
     Cl  12    Vzz=   -2.8243    axis=(  0.480100 -0.647834 -0.591452)
     Cl  12  Q=        -8.1650 1e-30 m^2  Cq=        54.1833 MHz  eta= 0.36347

     H   13    Vxx=    0.0221    axis=(  0.964834  0.126076 -0.230652)
     H   13    Vyy=    0.6303    axis=(  0.015424  0.848803  0.528484)
     H   13    Vzz=   -0.6524    axis=(  0.262408 -0.513457  0.817009)
     H   13  Q=         1.0000 1e-30 m^2  Cq=        -1.5329 MHz  eta= 0.93222

     C   14    Vxx=    0.1511    axis=(  0.188873  0.615852  0.764888)
     C   14    Vyy=    0.5795    axis=( -0.114113  0.787395 -0.605795)
     C   14    Vzz=   -0.7306    axis=(  0.975349 -0.027135 -0.218994)
     C   14  Q=         1.0000 1e-30 m^2  Cq=        -1.7165 MHz  eta= 0.58632

     H   15    Vxx=   -0.1010    axis=(  0.576985 -0.563591 -0.591146)
     H   15    Vyy=   -0.5934    axis=(  0.207125  0.801081 -0.561576)
     H   15    Vzz=    0.6944    axis=( -0.790055 -0.201580 -0.578946)
     H   15  Q=         1.0000 1e-30 m^2  Cq=         1.6316 MHz  eta= 0.70916

     C   16    Vxx=   -0.1450    axis=(  0.782113  0.057107 -0.620514)
     C   16    Vyy=   -0.5076    axis=(  0.469966  0.599830  0.647561)
     C   16    Vzz=    0.6526    axis=( -0.409184  0.798087 -0.442296)
     C   16  Q=         1.0000 1e-30 m^2  Cq=         1.5335 MHz  eta= 0.55561

     C   17    Vxx=    0.2424    axis=(  0.030285 -0.095157 -0.995002)
     C   17    Vyy=    0.4692    axis=(  0.028662 -0.994966  0.096026)
     C   17    Vzz=   -0.7115    axis=(  0.999130  0.031427  0.027405)
     C   17  Q=         1.0000 1e-30 m^2  Cq=        -1.6718 MHz  eta= 0.31878

     Cl  18    Vxx=    0.0578    axis=(  0.908877  0.145641 -0.390809)
     Cl  18    Vyy=    2.5050    axis=( -0.270921  0.918592 -0.287735)
     Cl  18    Vzz=   -2.5628    axis=(  0.317088  0.367394  0.874344)
     Cl  18  Q=        -8.1650 1e-30 m^2  Cq=        49.1667 MHz  eta= 0.95486

     H   19    Vxx=   -0.0826    axis=(  0.091192  0.470738  0.877547)
     H   19    Vyy=   -0.5897    axis=( -0.991841  0.121764  0.037752)
     H   19    Vzz=    0.6723    axis=( -0.089082 -0.873830  0.478001)
     H   19  Q=         1.0000 1e-30 m^2  Cq=         1.5796 MHz  eta= 0.75442

     C   20    Vxx=   -0.0278    axis=( -0.159777  0.309569  0.937357)
     C   20    Vyy=   -1.0017    axis=(  0.440454  0.872152 -0.212957)
     C   20    Vzz=    1.0295    axis=( -0.883443  0.378837 -0.275701)
     C   20  Q=         1.0000 1e-30 m^2  Cq=         2.4189 MHz  eta= 0.94592

     H   21    Vxx=   -0.0699    axis=(  0.334553  0.921262 -0.198373)
     H   21    Vyy=   -0.6452    axis=( -0.535538  0.359069  0.764375)
     H   21    Vzz=    0.7151    axis=(  0.775418 -0.149488  0.613498)
     H   21  Q=         1.0000 1e-30 m^2  Cq=         1.6803 MHz  eta= 0.80447

     C   22    Vxx=   -0.1209    axis=( -0.140892 -0.989237  0.039483)
     C   22    Vyy=   -0.5066    axis=(  0.592810 -0.052356  0.803639)
     C   22    Vzz=    0.6275    axis=(  0.792922 -0.136632 -0.593807)
     C   22  Q=         1.0000 1e-30 m^2  Cq=         1.4744 MHz  eta= 0.61476

     C   23    Vxx=   -0.2024    axis=( -0.745118 -0.623346 -0.237148)
     C   23    Vyy=   -0.3889    axis=(  0.368513 -0.681176  0.632611)
     C   23    Vzz=    0.5913    axis=( -0.555875  0.383978  0.737268)
     C   23  Q=         1.0000 1e-30 m^2  Cq=         1.3893 MHz  eta= 0.31547

     Cl  24    Vxx=   -0.1306    axis=(  0.119620 -0.448921 -0.885529)
     Cl  24    Vyy=   -0.7989    axis=(  0.568293 -0.700400  0.431837)
     Cl  24    Vzz=    0.9295    axis=( -0.814085 -0.554896  0.171337)
     Cl  24  Q=        -8.1650 1e-30 m^2  Cq=       -17.8323 MHz  eta= 0.71904

     Initialization:
     gipaw_setup  :      9.39s CPU     11.40s WALL (       1 calls)

     Linear response

     Apply operators

     Induced current

     Other routines
     efg          :      9.32s CPU     11.72s WALL (       1 calls)

     General routines
     calbec       :      3.40s CPU      4.51s WALL (      16 calls)
     fft          :      1.40s CPU      1.73s WALL (      15 calls)
     ffts         :      0.04s CPU      0.06s WALL (       2 calls)
     fftw         :      3.08s CPU      3.79s WALL (     672 calls)
     davcio       :      0.02s CPU      0.33s WALL (      32 calls)

     Parallel routines
     fft_scatter  :      1.92s CPU      2.72s WALL (     689 calls)

     Plugins

     GIPAW        :     61.98s CPU     75.24s WALL (       1 calls)
