
     Program QE v.6.0 (svn rev. 13079) starts on 16Jan2017 at  0:14:15 

     This program is part of the open-source Quantum ESPRESSO suite
     for quantum simulation of materials; please cite
         "P. Giannozzi et al., J. Phys.:Condens. Matter 21 395502 (2009);
          URL http://www.quantum-espresso.org", 
     in publications or presentations arising from this work. More details at
     http://www.quantum-espresso.org/quote

     Parallel version (MPI), running on     8 processors
     R & G space division:  proc/nbgrp/npool/nimage =       8

     ***** This is GIPAW svn revision unknown      *****

     Parallelizing q-star over 1 images

     Reading data from directory:
     /users/majewski/paradichlorobenzene/pbe/9_constraint/scratch/pbe.ecut100.np8.dt60.pcl2phi-129368.save
     Message from routine read_xml_file:
     file /users/majewski/paradichlorobenzene/pbe/9_constraint/scratch/pbe.ecut100.np8.dt60.pcl2phi-129368.save not guaranteed to be safe for post-processing

   Info: using nr1, nr2, nr3 values from input

   Info: using nr1, nr2, nr3 values from input

     IMPORTANT: XC functional enforced from input :
     Exchange-correlation      =  SLA  PW   PBX  PBC ( 1  4  3  4 0 0)
     Any further DFT definition will be discarded
     Please, verify this is what you really want

               file C.pbe-n-kjpaw_psl.1.0.0.UPF: wavefunction(s)  2S 2P renormalized
               file Cl.pbe-n-kjpaw_psl.1.0.0.UPF: wavefunction(s)  3S 3P renormalized
               file H.pbe-kjpaw_psl.1.0.0.UPF: wavefunction(s)  1S renormalized

     Parallelization info
     --------------------
     sticks:   dense  smooth     PW     G-vecs:    dense   smooth      PW
     Min        3057    1223    332               144436    36536    5170
     Max        3059    1225    333               144437    36537    5171
     Sum       24467    9791   2657              1155489   292295   41363


     Subspace diagonalization in iterative solution of the eigenvalue problem:
     a serial algorithm will be used

     GIPAW projectors -----------------------------------------------
     atom=  C    l=0  rc=    1.2000  rs=    0.8000
     atom=  C    l=0  rc=    1.2000  rs=    0.8000
     atom=  C    l=1  rc=    1.4000  rs=    0.9333
     atom=  C    l=1  rc=    1.4000  rs=    0.9333
     projs nearly linearly dependent: l=1  n1,n2= 1, 2  s=  0.99951561

     atom=  Cl   l=0  rc=    1.6000  rs=    1.0667
     atom=  Cl   l=0  rc=    1.6000  rs=    1.0667
     atom=  Cl   l=1  rc=    1.6000  rs=    1.0667
     atom=  Cl   l=1  rc=    1.6000  rs=    1.0667
     atom=  Cl   l=2  rc=    1.6000  rs=    1.0667
     atom=  Cl   l=2  rc=    1.6000  rs=    1.0667
     projs nearly linearly dependent: l=2  n1,n2= 1, 2  s=  0.99993509

     atom=  H    l=0  rc=    1.0000  rs=    0.6667
     atom=  H    l=0  rc=    1.0000  rs=    0.6667
     projs nearly linearly dependent: l=0  n1,n2= 1, 2  s=  0.99968852
     -----------------------------------------------------------------

     GIPAW integrals: -------------------------------------------
     Atom  i/j   nmr_para   nmr_dia   epr_rmc  epr_para   epr_dia
       C   1 1   0.83E+03  0.17E-01  0.93E+01  0.24E+08  0.24E+03
       C   2 1   0.86E+03 -0.61E-01  0.94E+01  0.25E+08  0.25E+03
       C   2 2   0.90E+03 -0.15E+00  0.97E+01  0.26E+08  0.26E+03
       C   3 3   0.33E+01  0.34E+00  0.18E+01  0.55E+03  0.21E+02
       C   4 3   0.35E+01  0.37E+00  0.20E+01  0.59E+03  0.22E+02
       C   4 4   0.38E+01  0.39E+00  0.22E+01  0.63E+03  0.24E+02
       Cl  1 1   0.14E+04 -0.47E+00  0.84E+01  0.32E+09  0.42E+03
       Cl  2 1   0.21E+04 -0.37E+00  0.12E+02  0.49E+09  0.65E+03
       Cl  2 2   0.33E+04 -0.16E+00  0.21E+02  0.76E+09  0.10E+04
       Cl  3 3   0.21E+02  0.79E-01  0.89E+01  0.23E+05  0.13E+03
       Cl  4 3   0.24E+02  0.67E-01  0.99E+01  0.27E+05  0.15E+03
       Cl  4 4   0.28E+02  0.44E-01  0.11E+02  0.32E+05  0.18E+03
       Cl  5 5   0.77E+00  0.19E+00  0.18E+01  0.12E+03  0.22E+02
       Cl  6 5   0.80E+00  0.19E+00  0.19E+01  0.12E+03  0.23E+02
       Cl  6 6   0.83E+00  0.20E+00  0.19E+01  0.12E+03  0.23E+02
       H   1 1   0.39E+02  0.19E+00  0.29E+00  0.78E+05  0.13E+02
       H   2 1   0.41E+02  0.21E+00  0.32E+00  0.82E+05  0.14E+02
       H   2 2   0.43E+02  0.22E+00  0.36E+00  0.86E+05  0.15E+02
     ------------------------------------------------------------

     alpha_pv=     34.7675 eV

     Number of occupied bands for each k-point:
     k-point:     1    nbnd_occ=  42
     k-point:     2    nbnd_occ=  42
     k-point:     3    nbnd_occ=  42
     k-point:     4    nbnd_occ=  42
     k-point:     5    nbnd_occ=  42
     k-point:     6    nbnd_occ=  42
     k-point:     7    nbnd_occ=  42
     k-point:     8    nbnd_occ=  42
     k-point:     9    nbnd_occ=  42
     k-point:    10    nbnd_occ=  42
     k-point:    11    nbnd_occ=  42
     k-point:    12    nbnd_occ=  42
     k-point:    13    nbnd_occ=  42
     k-point:    14    nbnd_occ=  42
     k-point:    15    nbnd_occ=  42
     k-point:    16    nbnd_occ=  42


     q-space interpolation up to   110.00 Rydberg

     GIPAW job: efg                                                                             


     ELECTRIC FIELD GRADIENTS TENSORS IN Hartree/bohrradius^2:

     ----- bare term -----
     Cl   1        0.084324        0.212434       -0.029302
     Cl   1        0.212434        0.135440        0.209881
     Cl   1       -0.029302        0.209881       -0.219764

     C    2       -0.102509       -0.104948       -0.192418
     C    2       -0.104948       -0.004273       -0.438955
     C    2       -0.192418       -0.438955        0.106782

     C    3       -0.314293        0.235226       -0.202738
     C    3        0.235226        0.028472       -0.279288
     C    3       -0.202738       -0.279288        0.285821

     H    4       -0.580824       -0.410281        0.127181
     H    4       -0.410281        0.326951        0.018606
     H    4        0.127181        0.018606        0.253873

     C    5        0.057729        0.534868        0.061768
     C    5        0.534868       -0.378672       -0.378368
     C    5        0.061768       -0.378368        0.320943

     H    6       -0.030047       -0.342427       -0.317286
     H    6       -0.342427       -0.120830       -0.400232
     H    6       -0.317286       -0.400232        0.150876

     H    7        0.254257        0.087265       -0.013860
     H    7        0.087265       -0.512343        0.581302
     H    7       -0.013860        0.581302        0.258086

     C    8       -0.731370       -0.311554       -0.358207
     C    8       -0.311554        0.311293        0.062982
     C    8       -0.358207        0.062982        0.420077

     H    9       -0.325253       -0.189200       -0.510634
     H    9       -0.189200        0.101082        0.001997
     H    9       -0.510634        0.001997        0.224171

     C   10        0.048078        0.152787       -0.302314
     C   10        0.152787       -0.065180        0.647236
     C   10       -0.302314        0.647236        0.017102

     C   11       -0.649770       -0.445987       -0.245398
     C   11       -0.445987        0.243837        0.195350
     C   11       -0.245398        0.195350        0.405933

     Cl  12        0.066017       -0.060991       -0.015425
     Cl  12       -0.060991       -0.036416       -0.012453
     Cl  12       -0.015425       -0.012453       -0.029601

     H   13        0.058740        0.138251       -0.409501
     H   13        0.138251       -0.141222       -0.408955
     H   13       -0.409501       -0.408955        0.082482

     C   14       -0.693054        0.355678       -0.131199
     C   14        0.355678        0.269002       -0.117331
     C   14       -0.131199       -0.117331        0.424052

     H   15       -0.477730        0.218661       -0.103052
     H   15        0.218661        0.117112       -0.380574
     H   15       -0.103052       -0.380574        0.360618

     C   16        0.262321        0.034499       -0.177844
     C   16        0.034499       -0.426140       -0.665881
     C   16       -0.177844       -0.665881        0.163819

     C   17       -0.699192        0.381810       -0.379189
     C   17        0.381810        0.239356       -0.089011
     C   17       -0.379189       -0.089011        0.459836

     Cl  18        0.333968       -0.044105       -0.181661
     Cl  18       -0.044105        0.139381       -0.489789
     Cl  18       -0.181661       -0.489789       -0.473349

     H   19        0.411817        0.261227       -0.038802
     H   19        0.261227       -0.742853        0.315662
     H   19       -0.038802        0.315662        0.331036

     C   20       -0.163361        0.132696       -0.329447
     C   20        0.132696        0.077325        0.522524
     C   20       -0.329447        0.522524        0.086035

     H   21       -0.222505        0.474869       -0.240586
     H   21        0.474869       -0.153726       -0.009089
     H   21       -0.240586       -0.009089        0.376231

     C   22       -0.633075       -0.313243       -0.115105
     C   22       -0.313243        0.247887        0.271150
     C   22       -0.115105        0.271150        0.385188

     C   23       -0.021056        0.324221       -0.396926
     C   23        0.324221        0.020360        0.709477
     C   23       -0.396926        0.709477        0.000696

     Cl  24       -0.244714       -0.181592       -0.003899
     Cl  24       -0.181592        0.142821        0.027052
     Cl  24       -0.003899        0.027052        0.101893

     ----- ionic term -----
     Cl   1        0.078875       -0.192895       -0.045446
     Cl   1       -0.192895        0.058866        0.046828
     Cl   1       -0.045446        0.046828       -0.137741

     C    2        0.299238       -0.166884        0.138266
     C    2       -0.166884        0.040509        0.386337
     C    2        0.138266        0.386337       -0.339747

     C    3        0.243347       -0.266908        0.044015
     C    3       -0.266908        0.072539        0.444767
     C    3        0.044015        0.444767       -0.315887

     H    4        0.850045        0.161185        0.549741
     H    4        0.161185       -0.534254        0.153213
     H    4        0.549741        0.153213       -0.315791

     C    5        0.388287       -0.211963        0.112904
     C    5       -0.211963       -0.051199        0.380547
     C    5        0.112904        0.380547       -0.337088

     H    6       -0.475049        0.246848        0.193633
     H    6        0.246848        0.425724        0.804444
     H    6        0.193633        0.804444        0.049324

     H    7       -0.507355       -0.122183        0.055597
     H    7       -0.122183        0.800858       -0.604613
     H    7        0.055597       -0.604613       -0.293504

     C    8        0.321688        0.142399        0.293712
     C    8        0.142399        0.120580       -0.253040
     C    8        0.293712       -0.253040       -0.442268

     H    9        0.561074       -0.322646        0.680594
     H    9       -0.322646       -0.380096       -0.247815
     H    9        0.680594       -0.247815       -0.180978

     C   10        0.116803        0.224402        0.228649
     C   10        0.224402        0.239166       -0.341043
     C   10        0.228649       -0.341043       -0.355969

     C   11        0.181402        0.238010        0.250794
     C   11        0.238010        0.177825       -0.370777
     C   11        0.250794       -0.370777       -0.359226

     Cl  12        0.137314        0.236824       -0.003837
     Cl  12        0.236824        0.028298       -0.010155
     Cl  12       -0.003837       -0.010155       -0.165613

     H   13       -0.431980        0.333798        0.202953
     H   13        0.333798        0.600315        0.715368
     H   13        0.202953        0.715368       -0.168335

     C   14        0.375543       -0.136933        0.133103
     C   14       -0.136933        0.014991        0.335300
     C   14        0.133103        0.335300       -0.390535

     H   15        0.788233        0.387529        0.488589
     H   15        0.387529       -0.404802        0.214230
     H   15        0.488589        0.214230       -0.383432

     C   16        0.150595       -0.124233        0.092202
     C   16       -0.124233        0.144937        0.482843
     C   16        0.092202        0.482843       -0.295532

     C   17        0.266058       -0.113554        0.149775
     C   17       -0.113554        0.020139        0.458337
     C   17        0.149775        0.458337       -0.286197

     Cl  18        0.098437       -0.202169       -0.070134
     Cl  18       -0.202169        0.007617        0.052443
     Cl  18       -0.070134        0.052443       -0.106054

     H   19       -0.472026       -0.208257        0.140746
     H   19       -0.208257        0.611272       -0.695931
     H   19        0.140746       -0.695931       -0.139245

     C   20        0.329198        0.199644        0.273654
     C   20        0.199644        0.023375       -0.294493
     C   20        0.273654       -0.294493       -0.352573

     H   21        0.758747       -0.295135        0.597300
     H   21       -0.295135       -0.419030       -0.207597
     H   21        0.597300       -0.207597       -0.339717

     C   22        0.220302        0.226502        0.166735
     C   22        0.226502        0.183991       -0.365034
     C   22        0.166735       -0.365034       -0.404293

     C   23        0.258769        0.095032        0.283775
     C   23        0.095032        0.129572       -0.368771
     C   23        0.283775       -0.368771       -0.388341

     Cl  24        0.134837        0.183151        0.020683
     Cl  24        0.183151        0.014525       -0.002178
     Cl  24        0.020683       -0.002178       -0.149362

     ----- GIPAW term -----
     Cl   1       -0.586181       -0.434380       -0.090589
     Cl   1       -0.434380       -0.681661       -0.734365
     Cl   1       -0.090589       -0.734365        1.267841

     C    2       -0.049779       -0.040925       -0.036859
     C    2       -0.040925        0.016341       -0.138990
     C    2       -0.036859       -0.138990        0.033438

     C    3       -0.084965        0.109316       -0.104067
     C    3        0.109316        0.080195       -0.132699
     C    3       -0.104067       -0.132699        0.004770

     H    4       -0.000000        0.000000        0.000000
     H    4        0.000000        0.000000        0.000000
     H    4        0.000000        0.000000        0.000000

     C    5        0.096486        0.240835        0.086369
     C    5        0.240835       -0.023197       -0.010311
     C    5        0.086369       -0.010311       -0.073288

     H    6       -0.000000        0.000000        0.000000
     H    6        0.000000        0.000000        0.000000
     H    6        0.000000        0.000000        0.000000

     H    7       -0.000000        0.000000        0.000000
     H    7        0.000000        0.000000        0.000000
     H    7        0.000000        0.000000        0.000000

     C    8       -0.131370        0.133034       -0.077282
     C    8        0.133034        0.207218       -0.103507
     C    8       -0.077282       -0.103507       -0.075849

     H    9       -0.000000        0.000000        0.000000
     H    9        0.000000        0.000000        0.000000
     H    9        0.000000        0.000000        0.000000

     C   10       -0.080098        0.167767       -0.045777
     C   10        0.167767        0.227396        0.071984
     C   10       -0.045777        0.071984       -0.147298

     C   11       -0.135579        0.077984       -0.009300
     C   11        0.077984        0.238984        0.051550
     C   11       -0.009300        0.051550       -0.103406

     Cl  12       -0.082700        0.692950       -0.049699
     Cl  12        0.692950        2.601577       -0.222151
     Cl  12       -0.049699       -0.222151       -2.518877

     H   13       -0.000000        0.000000        0.000000
     H   13        0.000000        0.000000        0.000000
     H   13        0.000000        0.000000        0.000000

     C   14       -0.112388       -0.085878        0.025218
     C   14       -0.085878        0.167073       -0.019663
     C   14        0.025218       -0.019663       -0.054685

     H   15       -0.000000        0.000000        0.000000
     H   15        0.000000        0.000000        0.000000
     H   15        0.000000        0.000000        0.000000

     C   16       -0.057811       -0.031202       -0.014349
     C   16       -0.031202        0.113331        0.077727
     C   16       -0.014349        0.077727       -0.055520

     C   17       -0.064543        0.082752        0.036793
     C   17        0.082752        0.062121        0.099176
     C   17        0.036793        0.099176        0.002422

     Cl  18        0.312167       -0.515393       -0.039216
     Cl  18       -0.515393        0.058387        0.025647
     Cl  18       -0.039216        0.025647       -0.370554

     H   19       -0.000000        0.000000        0.000000
     H   19        0.000000        0.000000        0.000000
     H   19        0.000000        0.000000        0.000000

     C   20       -0.100825        0.105138       -0.036219
     C   20        0.105138        0.245184        0.123120
     C   20       -0.036219        0.123120       -0.144359

     H   21       -0.000000        0.000000        0.000000
     H   21        0.000000        0.000000        0.000000
     H   21        0.000000        0.000000        0.000000

     C   22       -0.203650        0.048807        0.006192
     C   22        0.048807        0.273705        0.092481
     C   22        0.006192        0.092481       -0.070055

     C   23       -0.023245        0.229439       -0.042156
     C   23        0.229439        0.198395        0.121577
     C   23       -0.042156        0.121577       -0.175150

     Cl  24        0.040812        1.890221       -0.076371
     Cl  24        1.890221        1.459210        0.154190
     Cl  24       -0.076371        0.154190       -1.500022

     ----- total EFG -----
     Cl   1       -0.422982       -0.414840       -0.165337
     Cl   1       -0.414840       -0.487354       -0.477655
     Cl   1       -0.165337       -0.477655        0.910337

     C    2        0.146951       -0.312757       -0.091011
     C    2       -0.312757        0.052576       -0.191608
     C    2       -0.091011       -0.191608       -0.199527

     C    3       -0.155910        0.077634       -0.262789
     C    3        0.077634        0.181206        0.032781
     C    3       -0.262789        0.032781       -0.025295

     H    4        0.269221       -0.249095        0.676922
     H    4       -0.249095       -0.207303        0.171819
     H    4        0.676922        0.171819       -0.061918

     C    5        0.542502        0.563739        0.261041
     C    5        0.563739       -0.453069       -0.008132
     C    5        0.261041       -0.008132       -0.089433

     H    6       -0.505095       -0.095580       -0.123653
     H    6       -0.095580        0.304895        0.404212
     H    6       -0.123653        0.404212        0.200201

     H    7       -0.253098       -0.034918        0.041737
     H    7       -0.034918        0.288515       -0.023311
     H    7        0.041737       -0.023311       -0.035417

     C    8       -0.541052       -0.036121       -0.141778
     C    8       -0.036121        0.639091       -0.293565
     C    8       -0.141778       -0.293565       -0.098040

     H    9        0.235821       -0.511846        0.169960
     H    9       -0.511846       -0.279013       -0.245818
     H    9        0.169960       -0.245818        0.043193

     C   10        0.084784        0.544955       -0.119442
     C   10        0.544955        0.401382        0.378177
     C   10       -0.119442        0.378177       -0.486166

     C   11       -0.603947       -0.129993       -0.003905
     C   11       -0.129993        0.660646       -0.123878
     C   11       -0.003905       -0.123878       -0.056699

     Cl  12        0.120631        0.868783       -0.068961
     Cl  12        0.868783        2.593460       -0.244759
     Cl  12       -0.068961       -0.244759       -2.714091

     H   13       -0.373240        0.472049       -0.206548
     H   13        0.472049        0.459093        0.306412
     H   13       -0.206548        0.306412       -0.085853

     C   14       -0.429899        0.132866        0.027122
     C   14        0.132866        0.451066        0.198306
     C   14        0.027122        0.198306       -0.021168

     H   15        0.310503        0.606190        0.385537
     H   15        0.606190       -0.287690       -0.166343
     H   15        0.385537       -0.166343       -0.022813

     C   16        0.355105       -0.120936       -0.099992
     C   16       -0.120936       -0.167872       -0.105310
     C   16       -0.099992       -0.105310       -0.187233

     C   17       -0.497676        0.351008       -0.192621
     C   17        0.351008        0.321616        0.468502
     C   17       -0.192621        0.468502        0.176060

     Cl  18        0.744572       -0.761667       -0.291012
     Cl  18       -0.761667        0.205385       -0.411699
     Cl  18       -0.291012       -0.411699       -0.949957

     H   19       -0.060210        0.052970        0.101943
     H   19        0.052970       -0.131582       -0.380269
     H   19        0.101943       -0.380269        0.191791

     C   20        0.065012        0.437478       -0.092012
     C   20        0.437478        0.345884        0.351151
     C   20       -0.092012        0.351151       -0.410896

     H   21        0.536242        0.179734        0.356714
     H   21        0.179734       -0.572756       -0.216686
     H   21        0.356714       -0.216686        0.036514

     C   22       -0.616422       -0.037933        0.057822
     C   22       -0.037933        0.705582       -0.001403
     C   22        0.057822       -0.001403       -0.089160

     C   23        0.214468        0.648692       -0.155307
     C   23        0.648692        0.348327        0.462283
     C   23       -0.155307        0.462283       -0.562795

     Cl  24       -0.069066        1.891780       -0.059586
     Cl  24        1.891780        1.616556        0.179064
     Cl  24       -0.059586        0.179064       -1.547491

     ----- total EFG (symmetrized) -----
     Cl   1       -0.422982       -0.414840       -0.165337
     Cl   1       -0.414840       -0.487354       -0.477655
     Cl   1       -0.165337       -0.477655        0.910337

     C    2        0.146951       -0.312757       -0.091011
     C    2       -0.312757        0.052576       -0.191608
     C    2       -0.091011       -0.191608       -0.199527

     C    3       -0.155910        0.077634       -0.262789
     C    3        0.077634        0.181206        0.032781
     C    3       -0.262789        0.032781       -0.025295

     H    4        0.269221       -0.249095        0.676922
     H    4       -0.249095       -0.207303        0.171819
     H    4        0.676922        0.171819       -0.061918

     C    5        0.542502        0.563739        0.261041
     C    5        0.563739       -0.453069       -0.008132
     C    5        0.261041       -0.008132       -0.089433

     H    6       -0.505095       -0.095580       -0.123653
     H    6       -0.095580        0.304895        0.404212
     H    6       -0.123653        0.404212        0.200201

     H    7       -0.253098       -0.034918        0.041737
     H    7       -0.034918        0.288515       -0.023311
     H    7        0.041737       -0.023311       -0.035417

     C    8       -0.541052       -0.036121       -0.141778
     C    8       -0.036121        0.639091       -0.293565
     C    8       -0.141778       -0.293565       -0.098040

     H    9        0.235821       -0.511846        0.169960
     H    9       -0.511846       -0.279013       -0.245818
     H    9        0.169960       -0.245818        0.043193

     C   10        0.084784        0.544955       -0.119442
     C   10        0.544955        0.401382        0.378177
     C   10       -0.119442        0.378177       -0.486166

     C   11       -0.603947       -0.129993       -0.003905
     C   11       -0.129993        0.660646       -0.123878
     C   11       -0.003905       -0.123878       -0.056699

     Cl  12        0.120631        0.868783       -0.068961
     Cl  12        0.868783        2.593460       -0.244759
     Cl  12       -0.068961       -0.244759       -2.714091

     H   13       -0.373240        0.472049       -0.206548
     H   13        0.472049        0.459093        0.306412
     H   13       -0.206548        0.306412       -0.085853

     C   14       -0.429899        0.132866        0.027122
     C   14        0.132866        0.451066        0.198306
     C   14        0.027122        0.198306       -0.021168

     H   15        0.310503        0.606190        0.385537
     H   15        0.606190       -0.287690       -0.166343
     H   15        0.385537       -0.166343       -0.022813

     C   16        0.355105       -0.120936       -0.099992
     C   16       -0.120936       -0.167872       -0.105310
     C   16       -0.099992       -0.105310       -0.187233

     C   17       -0.497676        0.351008       -0.192621
     C   17        0.351008        0.321616        0.468502
     C   17       -0.192621        0.468502        0.176060

     Cl  18        0.744572       -0.761667       -0.291012
     Cl  18       -0.761667        0.205385       -0.411699
     Cl  18       -0.291012       -0.411699       -0.949957

     H   19       -0.060210        0.052970        0.101943
     H   19        0.052970       -0.131582       -0.380269
     H   19        0.101943       -0.380269        0.191791

     C   20        0.065012        0.437478       -0.092012
     C   20        0.437478        0.345884        0.351151
     C   20       -0.092012        0.351151       -0.410896

     H   21        0.536242        0.179734        0.356714
     H   21        0.179734       -0.572756       -0.216686
     H   21        0.356714       -0.216686        0.036514

     C   22       -0.616422       -0.037933        0.057822
     C   22       -0.037933        0.705582       -0.001403
     C   22        0.057822       -0.001403       -0.089160

     C   23        0.214468        0.648692       -0.155307
     C   23        0.648692        0.348327        0.462283
     C   23       -0.155307        0.462283       -0.562795

     Cl  24       -0.069066        1.891780       -0.059586
     Cl  24        1.891780        1.616556        0.179064
     Cl  24       -0.059586        0.179064       -1.547491


     NQR/NMR SPECTROSCOPIC PARAMETERS:
     Cl   1    Vxx=   -0.0721    axis=(  0.784142 -0.599704 -0.159614)
     Cl   1    Vyy=   -0.9868    axis=(  0.620039  0.746335  0.241942)
     Cl   1    Vzz=    1.0589    axis=( -0.025968 -0.288684  0.957072)
     Cl   1  Q=        -8.1650 1e-30 m^2  Cq=       -20.3144 MHz  eta= 0.86389

     C    2    Vxx=   -0.0071    axis=(  0.525156  0.465864 -0.712167)
     C    2    Vyy=   -0.4146    axis=(  0.432581  0.574539  0.694823)
     C    2    Vzz=    0.4217    axis=( -0.732861  0.672960 -0.100199)
     C    2  Q=         1.0000 1e-30 m^2  Cq=         0.9908 MHz  eta= 0.96645

     C    3    Vxx=    0.1640    axis=(  0.421648 -0.590881 -0.687803)
     C    3    Vyy=    0.2094    axis=(  0.457382  0.793554 -0.401339)
     C    3    Vzz=   -0.3733    axis=(  0.782953 -0.145365  0.604859)
     C    3  Q=         1.0000 1e-30 m^2  Cq=        -0.8772 MHz  eta= 0.12163

     H    4    Vxx=   -0.0601    axis=(  0.221054 -0.875495 -0.429702)
     H    4    Vyy=   -0.7489    axis=(  0.564985  0.474096 -0.675296)
     H    4    Vzz=    0.8090    axis=(  0.794938 -0.093498  0.599443)
     H    4  Q=         1.0000 1e-30 m^2  Cq=         1.9008 MHz  eta= 0.85147

     C    5    Vxx=   -0.1264    axis=( -0.143219 -0.270850  0.951908)
     C    5    Vyy=   -0.7292    axis=( -0.429921  0.883360  0.186662)
     C    5    Vzz=    0.8555    axis=( -0.891435 -0.382512 -0.242958)
     C    5  Q=         1.0000 1e-30 m^2  Cq=         2.0102 MHz  eta= 0.70453

     H    6    Vxx=   -0.1527    axis=( -0.077860 -0.669103  0.739080)
     H    6    Vyy=   -0.5273    axis=( -0.988649 -0.043731 -0.143742)
     H    6    Vzz=    0.6800    axis=(  0.128499 -0.741882 -0.658103)
     H    6  Q=         1.0000 1e-30 m^2  Cq=         1.5978 MHz  eta= 0.55085

     H    7    Vxx=   -0.0303    axis=(  0.169712  0.090327  0.981345)
     H    7    Vyy=   -0.2625    axis=( -0.983027 -0.054891  0.175056)
     H    7    Vzz=    0.2928    axis=(  0.069679 -0.994398  0.079479)
     H    7  Q=         1.0000 1e-30 m^2  Cq=         0.6880 MHz  eta= 0.79274

     C    8    Vxx=   -0.1468    axis=( -0.346621  0.314211  0.883813)
     C    8    Vyy=   -0.5950    axis=(  0.937951  0.105990  0.330171)
     C    8    Vzz=    0.7418    axis=(  0.010068  0.943418 -0.331453)
     C    8  Q=         1.0000 1e-30 m^2  Cq=         1.7430 MHz  eta= 0.60422

     H    9    Vxx=   -0.0539    axis=( -0.447845  0.043063  0.893074)
     H    9    Vyy=   -0.6186    axis=(  0.474752  0.857856  0.196706)
     H    9    Vzz=    0.6725    axis=( -0.757658  0.512082 -0.404631)
     H    9  Q=         1.0000 1e-30 m^2  Cq=         1.5802 MHz  eta= 0.83974

     C   10    Vxx=   -0.0938    axis=( -0.731605  0.365813  0.575270)
     C   10    Vyy=   -0.7593    axis=(  0.402717 -0.448964  0.797653)
     C   10    Vzz=    0.8531    axis=(  0.550067  0.815238  0.181145)
     C   10  Q=         1.0000 1e-30 m^2  Cq=         2.0045 MHz  eta= 0.78014

     C   11    Vxx=   -0.0763    axis=( -0.046145  0.157669  0.986413)
     C   11    Vyy=   -0.6177    axis=( -0.994129 -0.103990 -0.029884)
     C   11    Vzz=    0.6940    axis=(  0.097866 -0.982001  0.161542)
     C   11  Q=         1.0000 1e-30 m^2  Cq=         1.6306 MHz  eta= 0.78006

     Cl  12    Vxx=   -0.1541    axis=(  0.953543 -0.301239  0.003115)
     Cl  12    Vyy=   -2.7257    axis=( -0.010706 -0.044218 -0.998965)
     Cl  12    Vzz=    2.8797    axis=(  0.301065  0.952523 -0.045389)
     Cl  12  Q=        -8.1650 1e-30 m^2  Cq=       -55.2460 MHz  eta= 0.89301

     H   13    Vxx=    0.0194    axis=( -0.510938 -0.049521  0.858190)
     H   13    Vyy=    0.7236    axis=( -0.341227 -0.904631 -0.255357)
     H   13    Vzz=   -0.7431    axis=(  0.788990 -0.423309  0.445313)
     H   13  Q=         1.0000 1e-30 m^2  Cq=        -1.7459 MHz  eta= 0.94768

     C   14    Vxx=   -0.0923    axis=( -0.054403 -0.330562  0.942215)
     C   14    Vyy=   -0.4495    axis=( -0.989101  0.147135 -0.005490)
     C   14    Vzz=    0.5418    axis=( -0.136818 -0.932245 -0.334964)
     C   14  Q=         1.0000 1e-30 m^2  Cq=         1.2731 MHz  eta= 0.65927

     H   15    Vxx=    0.0526    axis=( -0.056874 -0.518446  0.853217)
     H   15    Vyy=    0.7684    axis=( -0.842684 -0.433364 -0.319499)
     H   15    Vzz=   -0.8210    axis=(  0.535397 -0.737163 -0.412239)
     H   15  Q=         1.0000 1e-30 m^2  Cq=        -1.9290 MHz  eta= 0.87195

     C   16    Vxx=   -0.0727    axis=( -0.040420 -0.717733  0.695144)
     C   16    Vyy=   -0.3192    axis=( -0.225110 -0.671285 -0.706188)
     C   16    Vzz=    0.3919    axis=( -0.973495  0.185028  0.134436)
     C   16  Q=         1.0000 1e-30 m^2  Cq=         0.9208 MHz  eta= 0.62905

     C   17    Vxx=    0.0279    axis=( -0.556376 -0.449681  0.698737)
     C   17    Vyy=    0.7412    axis=(  0.127937  0.784522  0.606760)
     C   17    Vzz=   -0.7691    axis=( -0.821022  0.426981 -0.378958)
     C   17  Q=         1.0000 1e-30 m^2  Cq=        -1.8071 MHz  eta= 0.92738

     Cl  18    Vxx=   -0.0504    axis=(  0.503512  0.712345 -0.488918)
     Cl  18    Vyy=   -1.2325    axis=(  0.282207  0.399249  0.872330)
     Cl  18    Vzz=    1.2830    axis=( -0.816599  0.577205  0.000002)
     Cl  18  Q=        -8.1650 1e-30 m^2  Cq=       -24.6128 MHz  eta= 0.92140

     H   19    Vxx=   -0.0375    axis=(  0.954375  0.292396  0.060606)
     H   19    Vyy=   -0.4121    axis=( -0.277045  0.791293  0.545070)
     H   19    Vzz=    0.4496    axis=(  0.111419 -0.536992  0.836197)
     H   19  Q=         1.0000 1e-30 m^2  Cq=         1.0563 MHz  eta= 0.83315

     C   20    Vxx=   -0.0649    axis=(  0.762218 -0.341907 -0.549657)
     C   20    Vyy=   -0.6505    axis=(  0.379826 -0.451358  0.807471)
     C   20    Vzz=    0.7153    axis=( -0.524172 -0.824243 -0.214168)
     C   20  Q=         1.0000 1e-30 m^2  Cq=         1.6808 MHz  eta= 0.81862

     H   21    Vxx=   -0.0146    axis=(  0.383109  0.438908 -0.812765)
     H   21    Vyy=   -0.7102    axis=(  0.236173 -0.897196 -0.373178)
     H   21    Vzz=    0.7248    axis=( -0.893001 -0.048985 -0.447382)
     H   21  Q=         1.0000 1e-30 m^2  Cq=         1.7030 MHz  eta= 0.95967

     C   22    Vxx=   -0.0829    axis=(  0.107264  0.006930  0.994206)
     C   22    Vyy=   -0.6238    axis=( -0.993813 -0.028246  0.107418)
     C   22    Vzz=    0.7067    axis=(  0.028826 -0.999577  0.003857)
     C   22  Q=         1.0000 1e-30 m^2  Cq=         1.6604 MHz  eta= 0.76529

     C   23    Vxx=   -0.0528    axis=( -0.684663  0.424013  0.592832)
     C   23    Vyy=   -0.9215    axis=(  0.383193 -0.482483  0.787638)
     C   23    Vzz=    0.9743    axis=( -0.620000 -0.766436 -0.167859)
     C   23  Q=         1.0000 1e-30 m^2  Cq=         2.2893 MHz  eta= 0.89163

     Cl  24    Vxx=   -1.2296    axis=( -0.768777  0.484748  0.417135)
     Cl  24    Vyy=   -1.6183    axis=(  0.336961 -0.247342  0.908449)
     Cl  24    Vzz=    2.8479    axis=(  0.543544  0.838953  0.026809)
     Cl  24  Q=        -8.1650 1e-30 m^2  Cq=       -54.6361 MHz  eta= 0.13651

     Initialization:
     gipaw_setup  :      8.83s CPU     10.78s WALL (       1 calls)

     Linear response

     Apply operators

     Induced current

     Other routines
     efg          :      9.21s CPU     11.41s WALL (       1 calls)

     General routines
     calbec       :      3.26s CPU      4.11s WALL (      16 calls)
     fft          :      1.30s CPU      1.62s WALL (      15 calls)
     ffts         :      0.04s CPU      0.04s WALL (       2 calls)
     fftw         :      3.23s CPU      3.87s WALL (     672 calls)
     davcio       :      0.00s CPU      0.33s WALL (      32 calls)

     Parallel routines
     fft_scatter  :      1.90s CPU      2.71s WALL (     689 calls)

     Plugins

     GIPAW        :     60.65s CPU     72.14s WALL (       1 calls)
