
     Program QE v.6.0 (svn rev. 13079) starts on 31Dec2016 at 19:34:56 

     This program is part of the open-source Quantum ESPRESSO suite
     for quantum simulation of materials; please cite
         "P. Giannozzi et al., J. Phys.:Condens. Matter 21 395502 (2009);
          URL http://www.quantum-espresso.org", 
     in publications or presentations arising from this work. More details at
     http://www.quantum-espresso.org/quote

     Parallel version (MPI), running on     8 processors
     R & G space division:  proc/nbgrp/npool/nimage =       8

     ***** This is GIPAW svn revision unknown      *****

     Parallelizing q-star over 1 images

     Reading data from directory:
     /users/majewski/paradichlorobenzene/pbe/9_constraint/scratch/pbe.ecut100.np8.dt60.pcl2phi-129368.save
     Message from routine read_xml_file:
     file /users/majewski/paradichlorobenzene/pbe/9_constraint/scratch/pbe.ecut100.np8.dt60.pcl2phi-129368.save not guaranteed to be safe for post-processing

   Info: using nr1, nr2, nr3 values from input

   Info: using nr1, nr2, nr3 values from input

     IMPORTANT: XC functional enforced from input :
     Exchange-correlation      =  SLA  PW   PBX  PBC ( 1  4  3  4 0 0)
     Any further DFT definition will be discarded
     Please, verify this is what you really want

               file C.pbe-n-kjpaw_psl.1.0.0.UPF: wavefunction(s)  2S 2P renormalized
               file Cl.pbe-n-kjpaw_psl.1.0.0.UPF: wavefunction(s)  3S 3P renormalized
               file H.pbe-kjpaw_psl.1.0.0.UPF: wavefunction(s)  1S renormalized

     Parallelization info
     --------------------
     sticks:   dense  smooth     PW     G-vecs:    dense   smooth      PW
     Min        3057    1223    332               144436    36536    5170
     Max        3059    1225    333               144437    36537    5171
     Sum       24467    9791   2657              1155489   292295   41363


     Subspace diagonalization in iterative solution of the eigenvalue problem:
     a serial algorithm will be used

     GIPAW projectors -----------------------------------------------
     atom=  C    l=0  rc=    1.2000  rs=    0.8000
     atom=  C    l=0  rc=    1.2000  rs=    0.8000
     atom=  C    l=1  rc=    1.4000  rs=    0.9333
     atom=  C    l=1  rc=    1.4000  rs=    0.9333
     projs nearly linearly dependent: l=1  n1,n2= 1, 2  s=  0.99951561

     atom=  Cl   l=0  rc=    1.6000  rs=    1.0667
     atom=  Cl   l=0  rc=    1.6000  rs=    1.0667
     atom=  Cl   l=1  rc=    1.6000  rs=    1.0667
     atom=  Cl   l=1  rc=    1.6000  rs=    1.0667
     atom=  Cl   l=2  rc=    1.6000  rs=    1.0667
     atom=  Cl   l=2  rc=    1.6000  rs=    1.0667
     projs nearly linearly dependent: l=2  n1,n2= 1, 2  s=  0.99993509

     atom=  H    l=0  rc=    1.0000  rs=    0.6667
     atom=  H    l=0  rc=    1.0000  rs=    0.6667
     projs nearly linearly dependent: l=0  n1,n2= 1, 2  s=  0.99968852
     -----------------------------------------------------------------

     GIPAW integrals: -------------------------------------------
     Atom  i/j   nmr_para   nmr_dia   epr_rmc  epr_para   epr_dia
       C   1 1   0.83E+03  0.17E-01  0.93E+01  0.24E+08  0.24E+03
       C   2 1   0.86E+03 -0.61E-01  0.94E+01  0.25E+08  0.25E+03
       C   2 2   0.90E+03 -0.15E+00  0.97E+01  0.26E+08  0.26E+03
       C   3 3   0.33E+01  0.34E+00  0.18E+01  0.55E+03  0.21E+02
       C   4 3   0.35E+01  0.37E+00  0.20E+01  0.59E+03  0.22E+02
       C   4 4   0.38E+01  0.39E+00  0.22E+01  0.63E+03  0.24E+02
       Cl  1 1   0.14E+04 -0.47E+00  0.84E+01  0.32E+09  0.42E+03
       Cl  2 1   0.21E+04 -0.37E+00  0.12E+02  0.49E+09  0.65E+03
       Cl  2 2   0.33E+04 -0.16E+00  0.21E+02  0.76E+09  0.10E+04
       Cl  3 3   0.21E+02  0.79E-01  0.89E+01  0.23E+05  0.13E+03
       Cl  4 3   0.24E+02  0.67E-01  0.99E+01  0.27E+05  0.15E+03
       Cl  4 4   0.28E+02  0.44E-01  0.11E+02  0.32E+05  0.18E+03
       Cl  5 5   0.77E+00  0.19E+00  0.18E+01  0.12E+03  0.22E+02
       Cl  6 5   0.80E+00  0.19E+00  0.19E+01  0.12E+03  0.23E+02
       Cl  6 6   0.83E+00  0.20E+00  0.19E+01  0.12E+03  0.23E+02
       H   1 1   0.39E+02  0.19E+00  0.29E+00  0.78E+05  0.13E+02
       H   2 1   0.41E+02  0.21E+00  0.32E+00  0.82E+05  0.14E+02
       H   2 2   0.43E+02  0.22E+00  0.36E+00  0.86E+05  0.15E+02
     ------------------------------------------------------------

     alpha_pv=     33.6875 eV

     Number of occupied bands for each k-point:
     k-point:     1    nbnd_occ=  42
     k-point:     2    nbnd_occ=  42
     k-point:     3    nbnd_occ=  42
     k-point:     4    nbnd_occ=  42
     k-point:     5    nbnd_occ=  42
     k-point:     6    nbnd_occ=  42
     k-point:     7    nbnd_occ=  42
     k-point:     8    nbnd_occ=  42
     k-point:     9    nbnd_occ=  42
     k-point:    10    nbnd_occ=  42
     k-point:    11    nbnd_occ=  42
     k-point:    12    nbnd_occ=  42
     k-point:    13    nbnd_occ=  42
     k-point:    14    nbnd_occ=  42
     k-point:    15    nbnd_occ=  42
     k-point:    16    nbnd_occ=  42


     q-space interpolation up to   110.00 Rydberg

     GIPAW job: efg                                                                             


     ELECTRIC FIELD GRADIENTS TENSORS IN Hartree/bohrradius^2:

     ----- bare term -----
     Cl   1       -0.020406        0.262531        0.029039
     Cl   1        0.262531       -0.122760       -0.029221
     Cl   1        0.029039       -0.029221        0.143167

     C    2        0.079413       -0.384203       -0.557903
     C    2       -0.384203       -0.235953       -0.551193
     C    2       -0.557903       -0.551193        0.156539

     C    3       -0.616612        0.339970       -0.226524
     C    3        0.339970        0.237491       -0.274568
     C    3       -0.226524       -0.274568        0.379121

     H    4       -0.403023       -0.476934       -0.190444
     H    4       -0.476934        0.111656       -0.005263
     H    4       -0.190444       -0.005263        0.291367

     C    5       -0.122417        0.037900       -0.240852
     C    5        0.037900       -0.010716       -0.409638
     C    5       -0.240852       -0.409638        0.133134

     H    6        0.459087       -0.140395       -0.011818
     H    6       -0.140395       -0.822374       -0.142992
     H    6       -0.011818       -0.142992        0.363287

     H    7        0.351545        0.020017        0.310105
     H    7        0.020017        0.139099        0.258438
     H    7        0.310105        0.258438       -0.490644

     C    8       -0.122820       -0.028854       -0.130969
     C    8       -0.028854        0.190619        0.085032
     C    8       -0.130969        0.085032       -0.067799

     H    9        0.168892        0.064856       -0.249291
     H    9        0.064856        0.373997       -0.126944
     H    9       -0.249291       -0.126944       -0.542889

     C   10        0.078648       -0.183954        0.023659
     C   10       -0.183954       -0.000399       -0.008778
     C   10        0.023659       -0.008778       -0.078249

     C   11       -0.061641       -0.076181       -0.360359
     C   11       -0.076181       -0.075593        0.254063
     C   11       -0.360359        0.254063        0.137234

     Cl  12        0.036645        0.040840        0.061979
     Cl  12        0.040840       -0.068353       -0.167530
     Cl  12        0.061979       -0.167530        0.031708

     H   13        0.172746       -0.375533        0.221190
     H   13       -0.375533       -0.439495        0.219859
     H   13        0.221190        0.219859        0.266749

     C   14       -0.272671        0.295737       -0.057019
     C   14        0.295737        0.176293        0.101960
     C   14       -0.057019        0.101960        0.096377

     H   15       -0.381682       -0.163371        0.223025
     H   15       -0.163371        0.179701       -0.081563
     H   15        0.223025       -0.081563        0.201981

     C   16        0.195550       -0.150888        0.294259
     C   16       -0.150888       -0.206633       -0.233388
     C   16        0.294259       -0.233388        0.011083

     C   17       -0.783368        0.383525       -0.304775
     C   17        0.383525        0.223865       -0.032104
     C   17       -0.304775       -0.032104        0.559503

     Cl  18       -0.035828       -0.025604        0.021722
     Cl  18       -0.025604       -0.012619        0.064013
     Cl  18        0.021722        0.064013        0.048447

     H   19        0.259524        0.167580       -0.146044
     H   19        0.167580       -0.390145        0.509057
     H   19       -0.146044        0.509057        0.130621

     C   20       -0.362461       -0.298615       -0.376095
     C   20       -0.298615       -0.129693        0.397222
     C   20       -0.376095        0.397222        0.492154

     H   21       -0.211728        0.142568       -0.534181
     H   21        0.142568        0.375645        0.106010
     H   21       -0.534181        0.106010       -0.163917

     C   22       -0.190639       -0.242533       -0.334348
     C   22       -0.242533       -0.224687        0.505735
     C   22       -0.334348        0.505735        0.415325

     C   23       -0.150495       -0.362268       -0.263462
     C   23       -0.362268       -0.160895        0.483553
     C   23       -0.263462        0.483553        0.311389

     Cl  24        0.037396       -0.050841        0.038013
     Cl  24       -0.050841        0.011442       -0.048894
     Cl  24        0.038013       -0.048894       -0.048838

     ----- ionic term -----
     Cl   1        0.111896       -0.184959       -0.025523
     Cl   1       -0.184959        0.029317        0.022925
     Cl   1       -0.025523        0.022925       -0.141213

     C    2        0.309019       -0.021523        0.119218
     C    2       -0.021523        0.215635        0.343201
     C    2        0.119218        0.343201       -0.524654

     C    3        0.202564       -0.158339        0.139644
     C    3       -0.158339        0.268327        0.328545
     C    3        0.139644        0.328545       -0.470891

     H    4        0.820347        0.288608        0.541249
     H    4        0.288608       -0.433134        0.164652
     H    4        0.541249        0.164652       -0.387212

     C    5        0.324936       -0.113320        0.167131
     C    5       -0.113320        0.187377        0.253996
     C    5        0.167131        0.253996       -0.512313

     H    6       -0.523375        0.147875        0.055457
     H    6        0.147875        0.885224        0.507837
     H    6        0.055457        0.507837       -0.361849

     H    7       -0.525580       -0.069340        0.066983
     H    7       -0.069340        0.546245       -0.758397
     H    7        0.066983       -0.758397       -0.020665

     C    8        0.203379        0.200990        0.337542
     C    8        0.200990       -0.026381       -0.278285
     C    8        0.337542       -0.278285       -0.176997

     H    9        0.423177       -0.184630        0.797257
     H    9       -0.184630       -0.480501       -0.210908
     H    9        0.797257       -0.210908        0.057323

     C   10        0.115923        0.249871        0.244373
     C   10        0.249871        0.058967       -0.327466
     C   10        0.244373       -0.327466       -0.174890

     C   11        0.110442        0.229092        0.350316
     C   11        0.229092        0.004617       -0.347865
     C   11        0.350316       -0.347865       -0.115059

     Cl  12        0.111109        0.195379        0.027077
     Cl  12        0.195379        0.010308        0.004498
     Cl  12        0.027077        0.004498       -0.121417

     H   13       -0.453503        0.284895        0.054234
     H   13        0.284895        0.972367        0.336167
     H   13        0.054234        0.336167       -0.518864

     C   14        0.376172       -0.043332        0.101554
     C   14       -0.043332        0.195712        0.216815
     C   14        0.101554        0.216815       -0.571883

     H   15        1.002982        0.379726        0.241091
     H   15        0.379726       -0.370269        0.102828
     H   15        0.241091        0.102828       -0.632714

     C   16        0.223711       -0.098963        0.061030
     C   16       -0.098963        0.356191        0.275553
     C   16        0.061030        0.275553       -0.579902

     C   17        0.279877        0.003625        0.225793
     C   17        0.003625        0.284787        0.268416
     C   17        0.225793        0.268416       -0.564664

     Cl  18        0.137884       -0.202391        0.010640
     Cl  18       -0.202391        0.033813       -0.009329
     Cl  18        0.010640       -0.009329       -0.171697

     H   19       -0.519243       -0.071255        0.085699
     H   19       -0.071255        0.442901       -0.774338
     H   19        0.085699       -0.774338        0.076342

     C   20        0.206292        0.257371        0.356859
     C   20        0.257371       -0.059445       -0.283936
     C   20        0.356859       -0.283936       -0.146846

     H   21        0.300460       -0.128407        0.767798
     H   21       -0.128407       -0.512129       -0.213862
     H   21        0.767798       -0.213862        0.211669

     C   22        0.065369        0.349620        0.195242
     C   22        0.349620        0.100206       -0.390875
     C   22        0.195242       -0.390875       -0.165575

     C   23        0.116188        0.294319        0.335665
     C   23        0.294319        0.050987       -0.354808
     C   23        0.335665       -0.354808       -0.167176

     Cl  24        0.139050        0.228873        0.051501
     Cl  24        0.228873        0.036136        0.029611
     Cl  24        0.051501        0.029611       -0.175186

     ----- GIPAW term -----
     Cl   1        2.273128       -1.535775        0.244573
     Cl   1       -1.535775       -0.829987       -0.159321
     Cl   1        0.244573       -0.159321       -1.443141

     C    2        0.104618       -0.263113       -0.186135
     C    2       -0.263113       -0.042109        0.026229
     C    2       -0.186135        0.026229       -0.062509

     C    3       -0.216073       -0.018461       -0.039869
     C    3       -0.018461        0.275747       -0.033984
     C    3       -0.039869       -0.033984       -0.059674

     H    4       -0.000000        0.000000        0.000000
     H    4        0.000000        0.000000        0.000000
     H    4        0.000000        0.000000        0.000000

     C    5       -0.119693       -0.002022       -0.022987
     C    5       -0.002022        0.234177        0.027529
     C    5       -0.022987        0.027529       -0.114484

     H    6       -0.000000        0.000000        0.000000
     H    6        0.000000        0.000000        0.000000
     H    6        0.000000        0.000000        0.000000

     H    7       -0.000000        0.000000        0.000000
     H    7        0.000000        0.000000        0.000000
     H    7        0.000000        0.000000        0.000000

     C    8        0.009476       -0.020622       -0.044039
     C    8       -0.020622       -0.007339        0.028275
     C    8       -0.044039        0.028275       -0.002137

     H    9       -0.000000        0.000000        0.000000
     H    9        0.000000        0.000000        0.000000
     H    9        0.000000        0.000000        0.000000

     C   10        0.003377       -0.009547       -0.013491
     C   10       -0.009547       -0.005007       -0.001442
     C   10       -0.013491       -0.001442        0.001630

     C   11        0.000640       -0.021907       -0.111539
     C   11       -0.021907       -0.015021        0.100624
     C   11       -0.111539        0.100624        0.014380

     Cl  12       -0.019473        0.035270       -0.946132
     Cl  12        0.035270        0.519561        1.522750
     Cl  12       -0.946132        1.522750       -0.500088

     H   13       -0.000000        0.000000        0.000000
     H   13        0.000000        0.000000        0.000000
     H   13        0.000000        0.000000        0.000000

     C   14        0.013390        0.001008       -0.003048
     C   14        0.001008        0.024339        0.031453
     C   14       -0.003048        0.031453       -0.037729

     H   15       -0.000000        0.000000        0.000000
     H   15        0.000000        0.000000        0.000000
     H   15        0.000000        0.000000        0.000000

     C   16        0.003391       -0.021516        0.049272
     C   16       -0.021516        0.025179        0.024522
     C   16        0.049272        0.024522       -0.028570

     C   17       -0.149306       -0.035273       -0.063383
     C   17       -0.035273        0.038312        0.156113
     C   17       -0.063383        0.156113        0.110994

     Cl  18        0.085127       -2.465682       -0.678613
     Cl  18       -2.465682        0.437455        1.755760
     Cl  18       -0.678613        1.755760       -0.522582

     H   19       -0.000000        0.000000        0.000000
     H   19        0.000000        0.000000        0.000000
     H   19        0.000000        0.000000        0.000000

     C   20       -0.055137       -0.088975       -0.122893
     C   20       -0.088975       -0.062464        0.135049
     C   20       -0.122893        0.135049        0.117601

     H   21       -0.000000        0.000000        0.000000
     H   21        0.000000        0.000000        0.000000
     H   21        0.000000        0.000000        0.000000

     C   22       -0.038589       -0.049663       -0.135968
     C   22       -0.049663       -0.045161        0.106500
     C   22       -0.135968        0.106500        0.083750

     C   23        0.076807       -0.073541       -0.188485
     C   23       -0.073541       -0.085910        0.139402
     C   23       -0.188485        0.139402        0.009103

     Cl  24        1.705878        1.683145        0.354393
     Cl  24        1.683145        0.111392       -0.372555
     Cl  24        0.354393       -0.372555       -1.817270

     ----- total EFG -----
     Cl   1        2.364618       -1.458203        0.248088
     Cl   1       -1.458203       -0.923430       -0.165616
     Cl   1        0.248088       -0.165616       -1.441188

     C    2        0.493050       -0.668839       -0.624821
     C    2       -0.668839       -0.062427       -0.181762
     C    2       -0.624821       -0.181762       -0.430624

     C    3       -0.630120        0.163169       -0.126749
     C    3        0.163169        0.781565        0.019993
     C    3       -0.126749        0.019993       -0.151445

     H    4        0.417324       -0.188326        0.350805
     H    4       -0.188326       -0.321479        0.159389
     H    4        0.350805        0.159389       -0.095845

     C    5        0.082825       -0.077443       -0.096709
     C    5       -0.077443        0.410838       -0.128113
     C    5       -0.096709       -0.128113       -0.493663

     H    6       -0.064289        0.007481        0.043639
     H    6        0.007481        0.062850        0.364845
     H    6        0.043639        0.364845        0.001439

     H    7       -0.174036       -0.049323        0.377088
     H    7       -0.049323        0.685344       -0.499959
     H    7        0.377088       -0.499959       -0.511309

     C    8        0.090035        0.151513        0.162535
     C    8        0.151513        0.156899       -0.164978
     C    8        0.162535       -0.164978       -0.246934

     H    9        0.592069       -0.119774        0.547966
     H    9       -0.119774       -0.106503       -0.337852
     H    9        0.547966       -0.337852       -0.485566

     C   10        0.197948        0.056371        0.254541
     C   10        0.056371        0.053561       -0.337686
     C   10        0.254541       -0.337686       -0.251509

     C   11        0.049441        0.131004       -0.121583
     C   11        0.131004       -0.085996        0.006822
     C   11       -0.121583        0.006822        0.036555

     Cl  12        0.128281        0.271490       -0.857077
     Cl  12        0.271490        0.461515        1.359718
     Cl  12       -0.857077        1.359718       -0.589796

     H   13       -0.280757       -0.090638        0.275424
     H   13       -0.090638        0.532872        0.556026
     H   13        0.275424        0.556026       -0.252116

     C   14        0.116891        0.253413        0.041488
     C   14        0.253413        0.396344        0.350228
     C   14        0.041488        0.350228       -0.513236

     H   15        0.621300        0.216356        0.464117
     H   15        0.216356       -0.190567        0.021265
     H   15        0.464117        0.021265       -0.430733

     C   16        0.422653       -0.271367        0.404561
     C   16       -0.271367        0.174737        0.066687
     C   16        0.404561        0.066687       -0.597390

     C   17       -0.652797        0.351876       -0.142365
     C   17        0.351876        0.546964        0.392425
     C   17       -0.142365        0.392425        0.105833

     Cl  18        0.187183       -2.693678       -0.646250
     Cl  18       -2.693678        0.458649        1.810444
     Cl  18       -0.646250        1.810444       -0.645832

     H   19       -0.259718        0.096324       -0.060345
     H   19        0.096324        0.052755       -0.265281
     H   19       -0.060345       -0.265281        0.206963

     C   20       -0.211306       -0.130220       -0.142130
     C   20       -0.130220       -0.251602        0.248335
     C   20       -0.142130        0.248335        0.462909

     H   21        0.088732        0.014161        0.233617
     H   21        0.014161       -0.136484       -0.107853
     H   21        0.233617       -0.107853        0.047752

     C   22       -0.163859        0.057425       -0.275074
     C   22        0.057425       -0.169641        0.221360
     C   22       -0.275074        0.221360        0.333499

     C   23        0.042501       -0.141490       -0.116282
     C   23       -0.141490       -0.195818        0.268146
     C   23       -0.116282        0.268146        0.153317

     Cl  24        1.882324        1.861177        0.443907
     Cl  24        1.861177        0.158970       -0.391838
     Cl  24        0.443907       -0.391838       -2.041294

     ----- total EFG (symmetrized) -----
     Cl   1        2.364618       -1.458203        0.248088
     Cl   1       -1.458203       -0.923430       -0.165616
     Cl   1        0.248088       -0.165616       -1.441188

     C    2        0.493050       -0.668839       -0.624821
     C    2       -0.668839       -0.062427       -0.181762
     C    2       -0.624821       -0.181762       -0.430624

     C    3       -0.630120        0.163169       -0.126749
     C    3        0.163169        0.781565        0.019993
     C    3       -0.126749        0.019993       -0.151445

     H    4        0.417324       -0.188326        0.350805
     H    4       -0.188326       -0.321479        0.159389
     H    4        0.350805        0.159389       -0.095845

     C    5        0.082825       -0.077443       -0.096709
     C    5       -0.077443        0.410838       -0.128113
     C    5       -0.096709       -0.128113       -0.493663

     H    6       -0.064289        0.007481        0.043639
     H    6        0.007481        0.062850        0.364845
     H    6        0.043639        0.364845        0.001439

     H    7       -0.174036       -0.049323        0.377088
     H    7       -0.049323        0.685344       -0.499959
     H    7        0.377088       -0.499959       -0.511309

     C    8        0.090035        0.151513        0.162535
     C    8        0.151513        0.156899       -0.164978
     C    8        0.162535       -0.164978       -0.246934

     H    9        0.592069       -0.119774        0.547966
     H    9       -0.119774       -0.106503       -0.337852
     H    9        0.547966       -0.337852       -0.485566

     C   10        0.197948        0.056371        0.254541
     C   10        0.056371        0.053561       -0.337686
     C   10        0.254541       -0.337686       -0.251509

     C   11        0.049441        0.131004       -0.121583
     C   11        0.131004       -0.085996        0.006822
     C   11       -0.121583        0.006822        0.036555

     Cl  12        0.128281        0.271490       -0.857077
     Cl  12        0.271490        0.461515        1.359718
     Cl  12       -0.857077        1.359718       -0.589796

     H   13       -0.280757       -0.090638        0.275424
     H   13       -0.090638        0.532872        0.556026
     H   13        0.275424        0.556026       -0.252116

     C   14        0.116891        0.253413        0.041488
     C   14        0.253413        0.396344        0.350228
     C   14        0.041488        0.350228       -0.513236

     H   15        0.621300        0.216356        0.464117
     H   15        0.216356       -0.190567        0.021265
     H   15        0.464117        0.021265       -0.430733

     C   16        0.422653       -0.271367        0.404561
     C   16       -0.271367        0.174737        0.066687
     C   16        0.404561        0.066687       -0.597390

     C   17       -0.652797        0.351876       -0.142365
     C   17        0.351876        0.546964        0.392425
     C   17       -0.142365        0.392425        0.105833

     Cl  18        0.187183       -2.693678       -0.646250
     Cl  18       -2.693678        0.458649        1.810444
     Cl  18       -0.646250        1.810444       -0.645832

     H   19       -0.259718        0.096324       -0.060345
     H   19        0.096324        0.052755       -0.265281
     H   19       -0.060345       -0.265281        0.206963

     C   20       -0.211306       -0.130220       -0.142130
     C   20       -0.130220       -0.251602        0.248335
     C   20       -0.142130        0.248335        0.462909

     H   21        0.088732        0.014161        0.233617
     H   21        0.014161       -0.136484       -0.107853
     H   21        0.233617       -0.107853        0.047752

     C   22       -0.163859        0.057425       -0.275074
     C   22        0.057425       -0.169641        0.221360
     C   22       -0.275074        0.221360        0.333499

     C   23        0.042501       -0.141490       -0.116282
     C   23       -0.141490       -0.195818        0.268146
     C   23       -0.116282        0.268146        0.153317

     Cl  24        1.882324        1.861177        0.443907
     Cl  24        1.861177        0.158970       -0.391838
     Cl  24        0.443907       -0.391838       -2.041294


     NQR/NMR SPECTROSCOPIC PARAMETERS:
     Cl   1    Vxx=   -1.4016    axis=( -0.282092 -0.601403  0.747488)
     Cl   1    Vyy=   -1.5359    axis=(  0.225535  0.715726  0.660962)
     Cl   1    Vzz=    2.9374    axis=(  0.932501 -0.355037  0.066263)
     Cl   1  Q=        -8.1650 1e-30 m^2  Cq=       -56.3533 MHz  eta= 0.04572

     C    2    Vxx=   -0.0573    axis=(  0.169943  0.743762 -0.646481)
     C    2    Vyy=   -1.0128    axis=(  0.511266  0.494283  0.703059)
     C    2    Vzz=    1.0700    axis=(  0.842453 -0.450004 -0.296260)
     C    2  Q=         1.0000 1e-30 m^2  Cq=         2.5142 MHz  eta= 0.89297

     C    3    Vxx=   -0.1204    axis=( -0.234926  0.020959  0.971787)
     C    3    Vyy=   -0.6798    axis=( -0.965443  0.111020 -0.235786)
     C    3    Vzz=    0.8002    axis=( -0.112829 -0.993597 -0.005847)
     C    3  Q=         1.0000 1e-30 m^2  Cq=         1.8802 MHz  eta= 0.69915

     H    4    Vxx=   -0.0751    axis=( -0.255726  0.655305  0.710760)
     H    4    Vyy=   -0.5308    axis=(  0.356003  0.747375 -0.560975)
     H    4    Vzz=    0.6059    axis=(  0.898814 -0.109577  0.424414)
     H    4  Q=         1.0000 1e-30 m^2  Cq=         1.4237 MHz  eta= 0.75209

     C    5    Vxx=    0.0898    axis=(  0.968388  0.155892 -0.194738)
     C    5    Vyy=    0.4403    axis=(  0.180435 -0.976804  0.115310)
     C    5    Vzz=   -0.5301    axis=(  0.172245  0.146802  0.974054)
     C    5  Q=         1.0000 1e-30 m^2  Cq=        -1.2455 MHz  eta= 0.66116

     H    6    Vxx=   -0.0642    axis=( -0.992190  0.122707 -0.022397)
     H    6    Vyy=   -0.3367    axis=( -0.099462 -0.669952  0.735711)
     H    6    Vzz=    0.4009    axis=( -0.075272 -0.732193 -0.676925)
     H    6  Q=         1.0000 1e-30 m^2  Cq=         0.9420 MHz  eta= 0.67960

     H    7    Vxx=   -0.0347    axis=(  0.876713  0.313410  0.364896)
     H    7    Vyy=   -0.8626    axis=(  0.449100 -0.261615 -0.854322)
     H    7    Vzz=    0.8974    axis=( -0.172291  0.912870 -0.370114)
     H    7  Q=         1.0000 1e-30 m^2  Cq=         2.1084 MHz  eta= 0.92262

     C    8    Vxx=    0.1134    axis=( -0.710934  0.460508 -0.531512)
     C    8    Vyy=    0.2806    axis=( -0.580814 -0.810616  0.074553)
     C    8    Vzz=   -0.3940    axis=( -0.396520  0.361711  0.843764)
     C    8  Q=         1.0000 1e-30 m^2  Cq=        -0.9258 MHz  eta= 0.42439

     H    9    Vxx=   -0.0640    axis=(  0.366814  0.898020 -0.242916)
     H    9    Vyy=   -0.8192    axis=( -0.310078  0.364208  0.878183)
     H    9    Vzz=    0.8832    axis=(  0.877097 -0.246807  0.412052)
     H    9  Q=         1.0000 1e-30 m^2  Cq=         2.0752 MHz  eta= 0.85499

     C   10    Vxx=    0.1890    axis=(  0.653025  0.734261 -0.185523)
     C   10    Vyy=    0.3614    axis=( -0.689142  0.474528 -0.547637)
     C   10    Vzz=   -0.5504    axis=( -0.314073  0.485473  0.815889)
     C   10  Q=         1.0000 1e-30 m^2  Cq=        -1.2933 MHz  eta= 0.31320

     C   11    Vxx=   -0.0072    axis=( -0.305503 -0.573467 -0.760134)
     C   11    Vyy=   -0.1902    axis=(  0.576542 -0.746735  0.331642)
     C   11    Vzz=    0.1973    axis=( -0.757804 -0.336932  0.558757)
     C   11  Q=         1.0000 1e-30 m^2  Cq=         0.4637 MHz  eta= 0.92740

     Cl  12    Vxx=    0.4356    axis=(  0.888321  0.420139 -0.185389)
     Cl  12    Vyy=    1.4566    axis=(  0.234155 -0.761679 -0.604167)
     Cl  12    Vzz=   -1.8921    axis=( -0.395041  0.493284 -0.774993)
     Cl  12  Q=        -8.1650 1e-30 m^2  Cq=        36.2998 MHz  eta= 0.53962

     H   13    Vxx=   -0.0979    axis=(  0.838813 -0.287189  0.462510)
     H   13    Vyy=   -0.7252    axis=(  0.542618  0.371963 -0.753133)
     H   13    Vzz=    0.8230    axis=(  0.044255  0.882704  0.467841)
     H   13  Q=         1.0000 1e-30 m^2  Cq=         1.9338 MHz  eta= 0.76220

     C   14    Vxx=   -0.0038    axis=(  0.897169 -0.394690 -0.198262)
     C   14    Vyy=   -0.6350    axis=( -0.060772  0.334299 -0.940506)
     C   14    Vzz=    0.6388    axis=(  0.437487  0.855841  0.275937)
     C   14  Q=         1.0000 1e-30 m^2  Cq=         1.5009 MHz  eta= 0.98823

     H   15    Vxx=   -0.2253    axis=(  0.135250 -0.969335  0.205174)
     H   15    Vyy=   -0.6144    axis=(  0.369816 -0.142725 -0.918077)
     H   15    Vzz=    0.8396    axis=(  0.919208  0.200046  0.339172)
     H   15  Q=         1.0000 1e-30 m^2  Cq=         1.9728 MHz  eta= 0.46344

     C   16    Vxx=    0.0875    axis=( -0.357668 -0.885205 -0.297464)
     C   16    Vyy=    0.6767    axis=(  0.864914 -0.434123  0.251915)
     C   16    Vzz=   -0.7642    axis=( -0.352132 -0.167179  0.920898)
     C   16  Q=         1.0000 1e-30 m^2  Cq=        -1.7955 MHz  eta= 0.77100

     C   17    Vxx=    0.0011    axis=( -0.381263 -0.364903  0.849402)
     C   17    Vyy=    0.8157    axis=( -0.166326 -0.876734 -0.451302)
     C   17    Vzz=   -0.8169    axis=(  0.909381 -0.313342  0.273573)
     C   17  Q=         1.0000 1e-30 m^2  Cq=        -1.9193 MHz  eta= 0.99719

     Cl  18    Vxx=   -0.9816    axis=( -0.577022 -0.054859 -0.814884)
     Cl  18    Vyy=   -2.7588    axis=( -0.552094 -0.709054  0.438674)
     Cl  18    Vzz=    3.7404    axis=( -0.601862  0.703017  0.378852)
     Cl  18  Q=        -8.1650 1e-30 m^2  Cq=       -71.7573 MHz  eta= 0.47515

     H   19    Vxx=   -0.1350    axis=(  0.269537  0.737232  0.619548)
     H   19    Vyy=   -0.2877    axis=( -0.950555  0.306740  0.048537)
     H   19    Vzz=    0.4227    axis=( -0.154257 -0.601997  0.783457)
     H   19  Q=         1.0000 1e-30 m^2  Cq=         0.9931 MHz  eta= 0.36140

     C   20    Vxx=   -0.2006    axis=( -0.828218  0.442994 -0.343236)
     C   20    Vyy=   -0.3791    axis=(  0.516515  0.841032 -0.160865)
     C   20    Vzz=    0.5796    axis=( -0.217411  0.310518  0.925371)
     C   20  Q=         1.0000 1e-30 m^2  Cq=         1.3619 MHz  eta= 0.30798

     H   21    Vxx=   -0.0670    axis=( -0.539638 -0.738321  0.404565)
     H   21    Vyy=   -0.2447    axis=(  0.450075 -0.659104 -0.602507)
     H   21    Vzz=    0.3118    axis=(  0.711494 -0.143051  0.687977)
     H   21  Q=         1.0000 1e-30 m^2  Cq=         0.7326 MHz  eta= 0.56998

     C   22    Vxx=   -0.1107    axis=(  0.656155  0.754006  0.030581)
     C   22    Vyy=   -0.3943    axis=( -0.670063  0.600787 -0.435970)
     C   22    Vzz=    0.5050    axis=( -0.347097  0.265573  0.899442)
     C   22  Q=         1.0000 1e-30 m^2  Cq=         1.1866 MHz  eta= 0.56163

     C   23    Vxx=   -0.0298    axis=(  0.871807  0.044870  0.487790)
     C   23    Vyy=   -0.3547    axis=( -0.191414 -0.885417  0.423553)
     C   23    Vzz=    0.3845    axis=( -0.450903  0.462627  0.763324)
     C   23  Q=         1.0000 1e-30 m^2  Cq=         0.9035 MHz  eta= 0.84478

     Cl  24    Vxx=   -0.7757    axis=( -0.476866  0.778408 -0.408264)
     Cl  24    Vyy=   -2.3012    axis=( -0.243349  0.329404  0.912291)
     Cl  24    Vzz=    3.0769    axis=( -0.844618 -0.534391 -0.032343)
     Cl  24  Q=        -8.1650 1e-30 m^2  Cq=       -59.0286 MHz  eta= 0.49579

     Initialization:
     gipaw_setup  :      9.07s CPU     10.89s WALL (       1 calls)

     Linear response

     Apply operators

     Induced current

     Other routines
     efg          :      9.21s CPU     11.77s WALL (       1 calls)

     General routines
     calbec       :      3.30s CPU      4.67s WALL (      16 calls)
     fft          :      1.55s CPU      2.28s WALL (      15 calls)
     ffts         :      0.04s CPU      0.05s WALL (       2 calls)
     fftw         :      3.15s CPU      3.83s WALL (     672 calls)
     davcio       :      0.05s CPU      0.31s WALL (      32 calls)

     Parallel routines
     fft_scatter  :      2.16s CPU      3.39s WALL (     689 calls)

     Plugins

     GIPAW        :     59.83s CPU     71.69s WALL (       1 calls)
