
     Program QE v.6.0 (svn rev. 13079) starts on 18Jan2017 at 19:23:44 

     This program is part of the open-source Quantum ESPRESSO suite
     for quantum simulation of materials; please cite
         "P. Giannozzi et al., J. Phys.:Condens. Matter 21 395502 (2009);
          URL http://www.quantum-espresso.org", 
     in publications or presentations arising from this work. More details at
     http://www.quantum-espresso.org/quote

     Parallel version (MPI), running on     8 processors
     R & G space division:  proc/nbgrp/npool/nimage =       8

     ***** This is GIPAW svn revision unknown      *****

     Parallelizing q-star over 1 images

     Reading data from directory:
     /users/majewski/paradichlorobenzene/pbe/9_constraint/scratch/pbe.ecut100.np8.dt60.pcl2phi-129368.save
     Message from routine read_xml_file:
     file /users/majewski/paradichlorobenzene/pbe/9_constraint/scratch/pbe.ecut100.np8.dt60.pcl2phi-129368.save not guaranteed to be safe for post-processing

   Info: using nr1, nr2, nr3 values from input

   Info: using nr1, nr2, nr3 values from input

     IMPORTANT: XC functional enforced from input :
     Exchange-correlation      =  SLA  PW   PBX  PBC ( 1  4  3  4 0 0)
     Any further DFT definition will be discarded
     Please, verify this is what you really want

               file C.pbe-n-kjpaw_psl.1.0.0.UPF: wavefunction(s)  2S 2P renormalized
               file Cl.pbe-n-kjpaw_psl.1.0.0.UPF: wavefunction(s)  3S 3P renormalized
               file H.pbe-kjpaw_psl.1.0.0.UPF: wavefunction(s)  1S renormalized

     Parallelization info
     --------------------
     sticks:   dense  smooth     PW     G-vecs:    dense   smooth      PW
     Min        3057    1223    332               144436    36536    5170
     Max        3059    1225    333               144437    36537    5171
     Sum       24467    9791   2657              1155489   292295   41363


     Subspace diagonalization in iterative solution of the eigenvalue problem:
     a serial algorithm will be used

     GIPAW projectors -----------------------------------------------
     atom=  C    l=0  rc=    1.2000  rs=    0.8000
     atom=  C    l=0  rc=    1.2000  rs=    0.8000
     atom=  C    l=1  rc=    1.4000  rs=    0.9333
     atom=  C    l=1  rc=    1.4000  rs=    0.9333
     projs nearly linearly dependent: l=1  n1,n2= 1, 2  s=  0.99951561

     atom=  Cl   l=0  rc=    1.6000  rs=    1.0667
     atom=  Cl   l=0  rc=    1.6000  rs=    1.0667
     atom=  Cl   l=1  rc=    1.6000  rs=    1.0667
     atom=  Cl   l=1  rc=    1.6000  rs=    1.0667
     atom=  Cl   l=2  rc=    1.6000  rs=    1.0667
     atom=  Cl   l=2  rc=    1.6000  rs=    1.0667
     projs nearly linearly dependent: l=2  n1,n2= 1, 2  s=  0.99993509

     atom=  H    l=0  rc=    1.0000  rs=    0.6667
     atom=  H    l=0  rc=    1.0000  rs=    0.6667
     projs nearly linearly dependent: l=0  n1,n2= 1, 2  s=  0.99968852
     -----------------------------------------------------------------

     GIPAW integrals: -------------------------------------------
     Atom  i/j   nmr_para   nmr_dia   epr_rmc  epr_para   epr_dia
       C   1 1   0.83E+03  0.17E-01  0.93E+01  0.24E+08  0.24E+03
       C   2 1   0.86E+03 -0.61E-01  0.94E+01  0.25E+08  0.25E+03
       C   2 2   0.90E+03 -0.15E+00  0.97E+01  0.26E+08  0.26E+03
       C   3 3   0.33E+01  0.34E+00  0.18E+01  0.55E+03  0.21E+02
       C   4 3   0.35E+01  0.37E+00  0.20E+01  0.59E+03  0.22E+02
       C   4 4   0.38E+01  0.39E+00  0.22E+01  0.63E+03  0.24E+02
       Cl  1 1   0.14E+04 -0.47E+00  0.84E+01  0.32E+09  0.42E+03
       Cl  2 1   0.21E+04 -0.37E+00  0.12E+02  0.49E+09  0.65E+03
       Cl  2 2   0.33E+04 -0.16E+00  0.21E+02  0.76E+09  0.10E+04
       Cl  3 3   0.21E+02  0.79E-01  0.89E+01  0.23E+05  0.13E+03
       Cl  4 3   0.24E+02  0.67E-01  0.99E+01  0.27E+05  0.15E+03
       Cl  4 4   0.28E+02  0.44E-01  0.11E+02  0.32E+05  0.18E+03
       Cl  5 5   0.77E+00  0.19E+00  0.18E+01  0.12E+03  0.22E+02
       Cl  6 5   0.80E+00  0.19E+00  0.19E+01  0.12E+03  0.23E+02
       Cl  6 6   0.83E+00  0.20E+00  0.19E+01  0.12E+03  0.23E+02
       H   1 1   0.39E+02  0.19E+00  0.29E+00  0.78E+05  0.13E+02
       H   2 1   0.41E+02  0.21E+00  0.32E+00  0.82E+05  0.14E+02
       H   2 2   0.43E+02  0.22E+00  0.36E+00  0.86E+05  0.15E+02
     ------------------------------------------------------------

     alpha_pv=     33.9309 eV

     Number of occupied bands for each k-point:
     k-point:     1    nbnd_occ=  42
     k-point:     2    nbnd_occ=  42
     k-point:     3    nbnd_occ=  42
     k-point:     4    nbnd_occ=  42
     k-point:     5    nbnd_occ=  42
     k-point:     6    nbnd_occ=  42
     k-point:     7    nbnd_occ=  42
     k-point:     8    nbnd_occ=  42
     k-point:     9    nbnd_occ=  42
     k-point:    10    nbnd_occ=  42
     k-point:    11    nbnd_occ=  42
     k-point:    12    nbnd_occ=  42
     k-point:    13    nbnd_occ=  42
     k-point:    14    nbnd_occ=  42
     k-point:    15    nbnd_occ=  42
     k-point:    16    nbnd_occ=  42


     q-space interpolation up to   110.00 Rydberg

     GIPAW job: efg                                                                             


     ELECTRIC FIELD GRADIENTS TENSORS IN Hartree/bohrradius^2:

     ----- bare term -----
     Cl   1       -0.089282        0.081702       -0.055883
     Cl   1        0.081702       -0.044826       -0.033317
     Cl   1       -0.055883       -0.033317        0.134109

     C    2       -0.036362        0.030144       -0.422932
     C    2        0.030144       -0.149286       -0.353571
     C    2       -0.422932       -0.353571        0.185648

     C    3       -0.155451        0.419029       -0.341571
     C    3        0.419029       -0.263060       -0.339323
     C    3       -0.341571       -0.339323        0.418511

     H    4       -0.107111       -0.158860       -0.399962
     H    4       -0.158860        0.456604       -0.202968
     H    4       -0.399962       -0.202968       -0.349493

     C    5       -0.334785        0.202799       -0.448069
     C    5        0.202799       -0.037942       -0.421932
     C    5       -0.448069       -0.421932        0.372728

     H    6        0.361723       -0.008273       -0.039567
     H    6       -0.008273       -0.542501       -0.458585
     H    6       -0.039567       -0.458585        0.180778

     H    7        0.441440        0.036168       -0.016257
     H    7        0.036168       -0.222267        0.575259
     H    7       -0.016257        0.575259       -0.219173

     C    8       -0.247700       -0.150254       -0.364892
     C    8       -0.150254       -0.244221        0.396165
     C    8       -0.364892        0.396165        0.491922

     H    9        0.081497        0.115886       -0.311288
     H    9        0.115886        0.496733       -0.001713
     H    9       -0.311288       -0.001713       -0.578229

     C   10       -0.262471       -0.369205       -0.337825
     C   10       -0.369205       -0.224033        0.400599
     C   10       -0.337825        0.400599        0.486504

     C   11       -0.037725        0.105923       -0.497612
     C   11        0.105923       -0.178265        0.537110
     C   11       -0.497612        0.537110        0.215990

     Cl  12        0.031038       -0.212669       -0.021525
     Cl  12       -0.212669       -0.033035        0.011110
     Cl  12       -0.021525        0.011110        0.001998

     H   13        0.276161       -0.374549        0.130472
     H   13       -0.374549       -0.561356       -0.116957
     H   13        0.130472       -0.116957        0.285195

     C   14       -0.346806        0.275787       -0.368365
     C   14        0.275787       -0.164093       -0.245295
     C   14       -0.368365       -0.245295        0.510899

     H   15       -0.297686       -0.385960       -0.426479
     H   15       -0.385960        0.069306       -0.255074
     H   15       -0.426479       -0.255074        0.228380

     C   16       -0.144713        0.214135       -0.398052
     C   16        0.214135       -0.214269       -0.501999
     C   16       -0.398052       -0.501999        0.358982

     C   17       -0.132311        0.175206       -0.306236
     C   17        0.175206       -0.162943       -0.542895
     C   17       -0.306236       -0.542895        0.295253

     Cl  18       -0.126865        0.082044       -0.095552
     Cl  18        0.082044       -0.082985       -0.081920
     Cl  18       -0.095552       -0.081920        0.209850

     H   19        0.169218        0.143850       -0.162522
     H   19        0.143850       -0.356189        0.504526
     H   19       -0.162522        0.504526        0.186971

     C   20       -0.370866       -0.350204       -0.330929
     C   20       -0.350204       -0.091423        0.245107
     C   20       -0.330929        0.245107        0.462289

     H   21       -0.498177       -0.080940       -0.472973
     H   21       -0.080940        0.264136        0.091424
     H   21       -0.472973        0.091424        0.234041

     C   22        0.054947        0.147447       -0.427760
     C   22        0.147447       -0.288962        0.536131
     C   22       -0.427760        0.536131        0.234014

     C   23       -0.525510       -0.194085       -0.376503
     C   23       -0.194085        0.115031        0.229200
     C   23       -0.376503        0.229200        0.410479

     Cl  24       -0.072261       -0.054408        0.071579
     Cl  24       -0.054408        0.022574       -0.155536
     Cl  24        0.071579       -0.155536        0.049686

     ----- ionic term -----
     Cl   1        0.154811       -0.189404        0.042499
     Cl   1       -0.189404       -0.017812       -0.013783
     Cl   1        0.042499       -0.013783       -0.136999

     C    2        0.228867       -0.126694        0.365974
     C    2       -0.126694        0.101325        0.334322
     C    2        0.365974        0.334322       -0.330192

     C    3        0.163144       -0.254116        0.263424
     C    3       -0.254116        0.242280        0.300977
     C    3        0.263424        0.300977       -0.405424

     H    4        0.588453        0.342096        0.690234
     H    4        0.342096       -0.377425        0.259317
     H    4        0.690234        0.259317       -0.211028

     C    5        0.258969       -0.219040        0.353707
     C    5       -0.219040        0.140167        0.226610
     C    5        0.353707        0.226610       -0.399136

     H    6       -0.509509        0.135634        0.083510
     H    6        0.135634        0.852503        0.547231
     H    6        0.083510        0.547231       -0.342994

     H    7       -0.509092       -0.130413        0.101715
     H    7       -0.130413        0.667991       -0.700859
     H    7        0.101715       -0.700859       -0.158898

     C    8        0.265746        0.227768        0.322336
     C    8        0.227768        0.013453       -0.294368
     C    8        0.322336       -0.294368       -0.279198

     H    9        0.318073       -0.157748        0.848368
     H    9       -0.157748       -0.522851       -0.222299
     H    9        0.848368       -0.222299        0.204778

     C   10        0.070126        0.276051        0.213849
     C   10        0.276051        0.123260       -0.402226
     C   10        0.213849       -0.402226       -0.193386

     C   11        0.170509        0.191741        0.257173
     C   11        0.191741        0.088373       -0.409904
     C   11        0.257173       -0.409904       -0.258882

     Cl  12        0.104238        0.206215       -0.001529
     Cl  12        0.206215        0.032229       -0.010034
     Cl  12       -0.001529       -0.010034       -0.136467

     H   13       -0.499712        0.126319        0.074120
     H   13        0.126319        0.647856        0.685713
     H   13        0.074120        0.685713       -0.148144

     C   14        0.271409       -0.170151        0.389568
     C   14       -0.170151        0.061376        0.266178
     C   14        0.389568        0.266178       -0.332785

     H   15        0.372332        0.351798        0.725940
     H   15        0.351798       -0.335484        0.332535
     H   15        0.725940        0.332535       -0.036848

     C   16        0.058655       -0.200850        0.281663
     C   16       -0.200850        0.283829        0.362488
     C   16        0.281663        0.362488       -0.342484

     C   17        0.098216       -0.157541        0.387566
     C   17       -0.157541        0.237293        0.316977
     C   17        0.387566        0.316977       -0.335509

     Cl  18        0.087425       -0.201890        0.075735
     Cl  18       -0.201890        0.065576       -0.054978
     Cl  18        0.075735       -0.054978       -0.153000

     H   19       -0.512276       -0.115123        0.083753
     H   19       -0.115123        0.588847       -0.736196
     H   19        0.083753       -0.736196       -0.076571

     C   20        0.269477        0.166977        0.269070
     C   20        0.166977        0.026139       -0.305080
     C   20        0.269070       -0.305080       -0.295616

     H   21        0.487520       -0.222695        0.763769
     H   21       -0.222695       -0.482506       -0.226698
     H   21        0.763769       -0.226698       -0.005014

     C   22        0.117641        0.176161        0.225573
     C   22        0.176161        0.150614       -0.372190
     C   22        0.225573       -0.372190       -0.268255

     C   23        0.179280        0.183172        0.337754
     C   23        0.183172        0.088328       -0.382736
     C   23        0.337754       -0.382736       -0.267608

     Cl  24        0.115647        0.221811       -0.010797
     Cl  24        0.221811        0.038422       -0.016059
     Cl  24       -0.010797       -0.016059       -0.154069

     ----- GIPAW term -----
     Cl   1       -0.614880       -1.013915       -1.022022
     Cl   1       -1.013915       -1.067312       -1.346063
     Cl   1       -1.022022       -1.346063        1.682193

     C    2        0.010392        0.008249       -0.155266
     C    2        0.008249       -0.057086       -0.118702
     C    2       -0.155266       -0.118702        0.046694

     C    3       -0.022320        0.088727       -0.213347
     C    3        0.088727       -0.129466       -0.082663
     C    3       -0.213347       -0.082663        0.151786

     H    4       -0.000000        0.000000        0.000000
     H    4        0.000000        0.000000        0.000000
     H    4        0.000000        0.000000        0.000000

     C    5       -0.019338        0.062069       -0.138795
     C    5        0.062069       -0.055858       -0.117498
     C    5       -0.138795       -0.117498        0.075195

     H    6       -0.000000        0.000000        0.000000
     H    6        0.000000        0.000000        0.000000
     H    6        0.000000        0.000000        0.000000

     H    7       -0.000000        0.000000        0.000000
     H    7        0.000000        0.000000        0.000000
     H    7        0.000000        0.000000        0.000000

     C    8       -0.071360       -0.011943       -0.142992
     C    8       -0.011943       -0.169168        0.073892
     C    8       -0.142992        0.073892        0.240528

     H    9       -0.000000        0.000000        0.000000
     H    9        0.000000        0.000000        0.000000
     H    9        0.000000        0.000000        0.000000

     C   10       -0.083214       -0.064114       -0.161081
     C   10       -0.064114       -0.089106        0.081356
     C   10       -0.161081        0.081356        0.172321

     C   11        0.121471        0.158075       -0.140753
     C   11        0.158075       -0.057056        0.081772
     C   11       -0.140753        0.081772       -0.064415

     Cl  12        1.941948        0.848969       -0.175464
     Cl  12        0.848969       -0.099802        0.089744
     Cl  12       -0.175464        0.089744       -1.842146

     H   13       -0.000000        0.000000        0.000000
     H   13        0.000000        0.000000        0.000000
     H   13        0.000000        0.000000        0.000000

     C   14       -0.063496        0.085001       -0.176112
     C   14        0.085001       -0.107828       -0.114561
     C   14       -0.176112       -0.114561        0.171324

     H   15       -0.000000        0.000000        0.000000
     H   15        0.000000        0.000000        0.000000
     H   15        0.000000        0.000000        0.000000

     C   16        0.007730        0.075717       -0.194657
     C   16        0.075717       -0.060877       -0.123637
     C   16       -0.194657       -0.123637        0.053147

     C   17        0.083698       -0.059224       -0.086941
     C   17       -0.059224       -0.030254       -0.106005
     C   17       -0.086941       -0.106005       -0.053444

     Cl  18       -0.414033       -1.206709       -1.099792
     Cl  18       -1.206709       -1.010760       -1.354891
     Cl  18       -1.099792       -1.354891        1.424793

     H   19       -0.000000        0.000000        0.000000
     H   19        0.000000        0.000000        0.000000
     H   19        0.000000        0.000000        0.000000

     C   20        0.025709        0.007976       -0.093582
     C   20        0.007976       -0.049528        0.003017
     C   20       -0.093582        0.003017        0.023818

     H   21       -0.000000        0.000000        0.000000
     H   21        0.000000        0.000000        0.000000
     H   21        0.000000        0.000000        0.000000

     C   22        0.074582        0.175897       -0.182893
     C   22        0.175897       -0.046097        0.013019
     C   22       -0.182893        0.013019       -0.028486

     C   23       -0.092831        0.082902       -0.063898
     C   23        0.082902        0.090671       -0.082233
     C   23       -0.063898       -0.082233        0.002161

     Cl  24        0.430477        1.400172        0.628529
     Cl  24        1.400172        0.400347       -1.538897
     Cl  24        0.628529       -1.538897       -0.830824

     ----- total EFG -----
     Cl   1       -0.549352       -1.121617       -1.035406
     Cl   1       -1.121617       -1.129951       -1.393162
     Cl   1       -1.035406       -1.393162        1.679302

     C    2        0.202897       -0.088301       -0.212223
     C    2       -0.088301       -0.105047       -0.137950
     C    2       -0.212223       -0.137950       -0.097850

     C    3       -0.014627        0.253640       -0.291494
     C    3        0.253640       -0.150246       -0.121009
     C    3       -0.291494       -0.121009        0.164873

     H    4        0.481342        0.183236        0.290272
     H    4        0.183236        0.079178        0.056349
     H    4        0.290272        0.056349       -0.560521

     C    5       -0.095154        0.045828       -0.233157
     C    5        0.045828        0.046367       -0.312820
     C    5       -0.233157       -0.312820        0.048787

     H    6       -0.147786        0.127362        0.043943
     H    6        0.127362        0.310002        0.088646
     H    6        0.043943        0.088646       -0.162216

     H    7       -0.067652       -0.094245        0.085458
     H    7       -0.094245        0.445724       -0.125600
     H    7        0.085458       -0.125600       -0.378072

     C    8       -0.053315        0.065571       -0.185547
     C    8        0.065571       -0.399937        0.175689
     C    8       -0.185547        0.175689        0.453252

     H    9        0.399570       -0.041862        0.537079
     H    9       -0.041862       -0.026119       -0.224012
     H    9        0.537079       -0.224012       -0.373451

     C   10       -0.275559       -0.157267       -0.285058
     C   10       -0.157267       -0.189879        0.079730
     C   10       -0.285058        0.079730        0.465438

     C   11        0.254255        0.455739       -0.381192
     C   11        0.455739       -0.146948        0.208978
     C   11       -0.381192        0.208978       -0.107307

     Cl  12        2.077223        0.842515       -0.198517
     Cl  12        0.842515       -0.100608        0.090820
     Cl  12       -0.198517        0.090820       -1.976616

     H   13       -0.223551       -0.248230        0.204592
     H   13       -0.248230        0.086500        0.568755
     H   13        0.204592        0.568755        0.137051

     C   14       -0.138893        0.190636       -0.154909
     C   14        0.190636       -0.210545       -0.093678
     C   14       -0.154909       -0.093678        0.349438

     H   15        0.074646       -0.034162        0.299461
     H   15       -0.034162       -0.266178        0.077461
     H   15        0.299461        0.077461        0.191532

     C   16       -0.078327        0.089002       -0.311046
     C   16        0.089002        0.008682       -0.263148
     C   16       -0.311046       -0.263148        0.069645

     C   17        0.049603       -0.041559       -0.005610
     C   17       -0.041559        0.044096       -0.331922
     C   17       -0.005610       -0.331922       -0.093699

     Cl  18       -0.453474       -1.326556       -1.119609
     Cl  18       -1.326556       -1.028169       -1.491788
     Cl  18       -1.119609       -1.491788        1.481643

     H   19       -0.343058        0.028727       -0.078769
     H   19        0.028727        0.232658       -0.231670
     H   19       -0.078769       -0.231670        0.110401

     C   20       -0.075680       -0.175251       -0.155440
     C   20       -0.175251       -0.114811       -0.056956
     C   20       -0.155440       -0.056956        0.190492

     H   21       -0.010657       -0.303635        0.290796
     H   21       -0.303635       -0.218371       -0.135274
     H   21        0.290796       -0.135274        0.229028

     C   22        0.247171        0.499505       -0.385080
     C   22        0.499505       -0.184445        0.176959
     C   22       -0.385080        0.176959       -0.062726

     C   23       -0.439061        0.071988       -0.102648
     C   23        0.071988        0.294029       -0.235770
     C   23       -0.102648       -0.235770        0.145033

     Cl  24        0.473864        1.567575        0.689311
     Cl  24        1.567575        0.461343       -1.710491
     Cl  24        0.689311       -1.710491       -0.935206

     ----- total EFG (symmetrized) -----
     Cl   1       -0.549352       -1.121617       -1.035406
     Cl   1       -1.121617       -1.129951       -1.393162
     Cl   1       -1.035406       -1.393162        1.679302

     C    2        0.202897       -0.088301       -0.212223
     C    2       -0.088301       -0.105047       -0.137950
     C    2       -0.212223       -0.137950       -0.097850

     C    3       -0.014627        0.253640       -0.291494
     C    3        0.253640       -0.150246       -0.121009
     C    3       -0.291494       -0.121009        0.164873

     H    4        0.481342        0.183236        0.290272
     H    4        0.183236        0.079178        0.056349
     H    4        0.290272        0.056349       -0.560521

     C    5       -0.095154        0.045828       -0.233157
     C    5        0.045828        0.046367       -0.312820
     C    5       -0.233157       -0.312820        0.048787

     H    6       -0.147786        0.127362        0.043943
     H    6        0.127362        0.310002        0.088646
     H    6        0.043943        0.088646       -0.162216

     H    7       -0.067652       -0.094245        0.085458
     H    7       -0.094245        0.445724       -0.125600
     H    7        0.085458       -0.125600       -0.378072

     C    8       -0.053315        0.065571       -0.185547
     C    8        0.065571       -0.399937        0.175689
     C    8       -0.185547        0.175689        0.453252

     H    9        0.399570       -0.041862        0.537079
     H    9       -0.041862       -0.026119       -0.224012
     H    9        0.537079       -0.224012       -0.373451

     C   10       -0.275559       -0.157267       -0.285058
     C   10       -0.157267       -0.189879        0.079730
     C   10       -0.285058        0.079730        0.465438

     C   11        0.254255        0.455739       -0.381192
     C   11        0.455739       -0.146948        0.208978
     C   11       -0.381192        0.208978       -0.107307

     Cl  12        2.077223        0.842515       -0.198517
     Cl  12        0.842515       -0.100608        0.090820
     Cl  12       -0.198517        0.090820       -1.976616

     H   13       -0.223551       -0.248230        0.204592
     H   13       -0.248230        0.086500        0.568755
     H   13        0.204592        0.568755        0.137051

     C   14       -0.138893        0.190636       -0.154909
     C   14        0.190636       -0.210545       -0.093678
     C   14       -0.154909       -0.093678        0.349438

     H   15        0.074646       -0.034162        0.299461
     H   15       -0.034162       -0.266178        0.077461
     H   15        0.299461        0.077461        0.191532

     C   16       -0.078327        0.089002       -0.311046
     C   16        0.089002        0.008682       -0.263148
     C   16       -0.311046       -0.263148        0.069645

     C   17        0.049603       -0.041559       -0.005610
     C   17       -0.041559        0.044096       -0.331922
     C   17       -0.005610       -0.331922       -0.093699

     Cl  18       -0.453474       -1.326556       -1.119609
     Cl  18       -1.326556       -1.028169       -1.491788
     Cl  18       -1.119609       -1.491788        1.481643

     H   19       -0.343058        0.028727       -0.078769
     H   19        0.028727        0.232658       -0.231670
     H   19       -0.078769       -0.231670        0.110401

     C   20       -0.075680       -0.175251       -0.155440
     C   20       -0.175251       -0.114811       -0.056956
     C   20       -0.155440       -0.056956        0.190492

     H   21       -0.010657       -0.303635        0.290796
     H   21       -0.303635       -0.218371       -0.135274
     H   21        0.290796       -0.135274        0.229028

     C   22        0.247171        0.499505       -0.385080
     C   22        0.499505       -0.184445        0.176959
     C   22       -0.385080        0.176959       -0.062726

     C   23       -0.439061        0.071988       -0.102648
     C   23        0.071988        0.294029       -0.235770
     C   23       -0.102648       -0.235770        0.145033

     Cl  24        0.473864        1.567575        0.689311
     Cl  24        1.567575        0.461343       -1.710491
     Cl  24        0.689311       -1.710491       -0.935206


     NQR/NMR SPECTROSCOPIC PARAMETERS:
     Cl   1    Vxx=    0.3185    axis=(  0.796517 -0.604480 -0.012801)
     Cl   1    Vyy=    2.3694    axis=( -0.213805 -0.301407  0.929215)
     Cl   1    Vzz=   -2.6879    axis=( -0.565551 -0.737399 -0.369317)
     Cl   1  Q=        -8.1650 1e-30 m^2  Cq=        51.5665 MHz  eta= 0.76302

     C    2    Vxx=    0.0142    axis=( -0.235777  0.804884 -0.544583)
     C    2    Vyy=    0.3132    axis=(  0.893376 -0.041032 -0.447432)
     C    2    Vzz=   -0.3274    axis=(  0.382476  0.592012  0.709390)
     C    2  Q=         1.0000 1e-30 m^2  Cq=        -0.7693 MHz  eta= 0.91352

     C    3    Vxx=   -0.1179    axis=(  0.402024  0.615473  0.677915)
     C    3    Vyy=   -0.3636    axis=( -0.687329  0.692015 -0.220668)
     C    3    Vzz=    0.4814    axis=( -0.604943 -0.377237  0.701239)
     C    3  Q=         1.0000 1e-30 m^2  Cq=         1.1312 MHz  eta= 0.51040

     H    4    Vxx=    0.0120    axis=(  0.324064 -0.943332  0.071462)
     H    4    Vyy=    0.6241    axis=(  0.912538  0.331619  0.239381)
     H    4    Vzz=   -0.6360    axis=( -0.249514 -0.012363  0.968292)
     H    4  Q=         1.0000 1e-30 m^2  Cq=        -1.4944 MHz  eta= 0.96238

     C    5    Vxx=   -0.0856    axis=( -0.758863  0.632405  0.155533)
     C    5    Vyy=   -0.3517    axis=( -0.541494 -0.480030 -0.690185)
     C    5    Vzz=    0.4373    axis=( -0.361816 -0.607976  0.706721)
     C    5  Q=         1.0000 1e-30 m^2  Cq=         1.0274 MHz  eta= 0.60867

     H    6    Vxx=   -0.1606    axis=(  0.644394 -0.306395  0.700627)
     H    6    Vyy=   -0.2004    axis=( -0.721435  0.060203  0.689860)
     H    6    Vzz=    0.3610    axis=(  0.253549  0.949999  0.182249)
     H    6  Q=         1.0000 1e-30 m^2  Cq=         0.8482 MHz  eta= 0.11044

     H    7    Vxx=   -0.0731    axis=(  0.959433  0.217672  0.179186)
     H    7    Vyy=   -0.4118    axis=( -0.208361  0.119278  0.970751)
     H    7    Vzz=    0.4849    axis=(  0.189933 -0.968706  0.159793)
     H    7  Q=         1.0000 1e-30 m^2  Cq=         1.1394 MHz  eta= 0.69862

     C    8    Vxx=   -0.0761    axis=(  0.925154  0.307800  0.222145)
     C    8    Vyy=   -0.4613    axis=( -0.256392  0.938255 -0.232250)
     C    8    Vzz=    0.5374    axis=( -0.279915  0.157910  0.946949)
     C    8  Q=         1.0000 1e-30 m^2  Cq=         1.2627 MHz  eta= 0.71696

     H    9    Vxx=   -0.0043    axis=(  0.293142  0.944732 -0.146799)
     H    9    Vyy=   -0.6980    axis=( -0.415749  0.264228  0.870251)
     H    9    Vzz=    0.7023    axis=(  0.860942 -0.194075  0.470227)
     H    9  Q=         1.0000 1e-30 m^2  Cq=         1.6502 MHz  eta= 0.98776

     C   10    Vxx=   -0.1455    axis=(  0.396296 -0.868335  0.298235)
     C   10    Vyy=   -0.4379    axis=( -0.853782 -0.467999 -0.228107)
     C   10    Vzz=    0.5834    axis=( -0.337647  0.164229  0.926835)
     C   10  Q=         1.0000 1e-30 m^2  Cq=         1.3708 MHz  eta= 0.50125

     C   11    Vxx=    0.0822    axis=( -0.024354  0.646787  0.762282)
     C   11    Vyy=    0.6226    axis=( -0.849795 -0.415011  0.324982)
     C   11    Vzz=   -0.7048    axis=(  0.526550 -0.639869  0.559744)
     C   11  Q=         1.0000 1e-30 m^2  Cq=        -1.6560 MHz  eta= 0.76678

     Cl  12    Vxx=   -0.3745    axis=( -0.316860  0.943924  0.092770)
     Cl  12    Vyy=   -1.9964    axis=( -0.064254  0.076223 -0.995018)
     Cl  12    Vzz=    2.3709    axis=( -0.946293 -0.321243  0.036499)
     Cl  12  Q=        -8.1650 1e-30 m^2  Cq=       -45.4844 MHz  eta= 0.68408

     H   13    Vxx=    0.0004    axis=(  0.818675 -0.394729  0.417085)
     H   13    Vyy=    0.6818    axis=(  0.029115 -0.696840 -0.716635)
     H   13    Vzz=   -0.6821    axis=(  0.573518  0.598835 -0.558993)
     H   13  Q=         1.0000 1e-30 m^2  Cq=        -1.6028 MHz  eta= 0.99893

     C   14    Vxx=   -0.0588    axis=(  0.682999  0.611501  0.399473)
     C   14    Vyy=   -0.3698    axis=( -0.652683  0.756464 -0.042046)
     C   14    Vzz=    0.4286    axis=( -0.327898 -0.232012  0.915780)
     C   14  Q=         1.0000 1e-30 m^2  Cq=         1.0071 MHz  eta= 0.72556

     H   15    Vxx=   -0.1306    axis=(  0.697101 -0.480005 -0.532584)
     H   15    Vyy=   -0.3097    axis=(  0.342953  0.875570 -0.340237)
     H   15    Vzz=    0.4403    axis=(  0.629630  0.054528  0.774979)
     H   15  Q=         1.0000 1e-30 m^2  Cq=         1.0345 MHz  eta= 0.40665

     C   16    Vxx=   -0.1110    axis=( -0.578140  0.798516  0.167709)
     C   16    Vyy=   -0.3570    axis=( -0.653928 -0.330524 -0.680538)
     C   16    Vzz=    0.4681    axis=( -0.487989 -0.503116  0.713261)
     C   16  Q=         1.0000 1e-30 m^2  Cq=         1.0998 MHz  eta= 0.52561

     C   17    Vxx=    0.0488    axis=(  0.991518  0.036750 -0.124663)
     C   17    Vyy=    0.3173    axis=(  0.107126 -0.774205  0.623803)
     C   17    Vzz=   -0.3661    axis=( -0.073590 -0.631867 -0.771576)
     C   17  Q=         1.0000 1e-30 m^2  Cq=        -0.8601 MHz  eta= 0.73355

     Cl  18    Vxx=    0.6145    axis=(  0.790904 -0.611190 -0.030286)
     Cl  18    Vyy=    2.2782    axis=(  0.217828  0.327438 -0.919421)
     Cl  18    Vzz=   -2.8927    axis=(  0.571858  0.720577  0.392106)
     Cl  18  Q=        -8.1650 1e-30 m^2  Cq=        55.4950 MHz  eta= 0.57512

     H   19    Vxx=   -0.0612    axis=( -0.151590  0.621071  0.768955)
     H   19    Vyy=   -0.3566    axis=( -0.984040 -0.021477 -0.176644)
     H   19    Vzz=    0.4178    axis=( -0.093194 -0.783460  0.614415)
     H   19  Q=         1.0000 1e-30 m^2  Cq=         0.9816 MHz  eta= 0.70707

     C   20    Vxx=    0.0515    axis=(  0.582241 -0.733541  0.350590)
     C   20    Vyy=    0.2636    axis=( -0.446056  0.072309  0.892079)
     C   20    Vzz=   -0.3151    axis=( -0.679727 -0.675788 -0.285099)
     C   20  Q=         1.0000 1e-30 m^2  Cq=        -0.7404 MHz  eta= 0.67304

     H   21    Vxx=   -0.0929    axis=( -0.517349  0.514711  0.683683)
     H   21    Vyy=   -0.4422    axis=( -0.621646 -0.775087  0.113119)
     H   21    Vzz=    0.5350    axis=(  0.588138 -0.366487  0.720959)
     H   21  Q=         1.0000 1e-30 m^2  Cq=         1.2571 MHz  eta= 0.65287

     C   22    Vxx=    0.0631    axis=(  0.018692  0.606116  0.795156)
     C   22    Vyy=    0.6581    axis=( -0.837779 -0.424565  0.343323)
     C   22    Vzz=   -0.7212    axis=(  0.545689 -0.672583  0.499855)
     C   22  Q=         1.0000 1e-30 m^2  Cq=        -1.6946 MHz  eta= 0.82499

     C   23    Vxx=   -0.0241    axis=( -0.090318  0.606126  0.790224)
     C   23    Vyy=   -0.4581    axis=(  0.987619 -0.047681  0.149452)
     C   23    Vzz=    0.4821    axis=(  0.128265  0.793938 -0.594315)
     C   23  Q=         1.0000 1e-30 m^2  Cq=         1.1329 MHz  eta= 0.90012

     Cl  24    Vxx=    0.5133    axis=(  0.705700 -0.270244  0.654947)
     Cl  24    Vyy=    2.2566    axis=( -0.565721 -0.771451  0.291244)
     Cl  24    Vzz=   -2.7699    axis=(  0.426552 -0.576048 -0.697296)
     Cl  24  Q=        -8.1650 1e-30 m^2  Cq=        53.1399 MHz  eta= 0.62937

     Initialization:
     gipaw_setup  :      9.14s CPU     11.00s WALL (       1 calls)

     Linear response

     Apply operators

     Induced current

     Other routines
     efg          :      9.12s CPU     11.39s WALL (       1 calls)

     General routines
     calbec       :      3.15s CPU      4.05s WALL (      16 calls)
     fft          :      1.68s CPU      2.56s WALL (      15 calls)
     ffts         :      0.03s CPU      0.04s WALL (       2 calls)
     fftw         :      3.22s CPU      3.91s WALL (     672 calls)
     davcio       :      0.03s CPU      0.33s WALL (      32 calls)

     Parallel routines
     fft_scatter  :      2.29s CPU      3.59s WALL (     689 calls)

     Plugins

     GIPAW        :     61.56s CPU     71.81s WALL (       1 calls)
