
     Program QE v.6.0 (svn rev. 13079) starts on 21Jan2017 at 23:24:24 

     This program is part of the open-source Quantum ESPRESSO suite
     for quantum simulation of materials; please cite
         "P. Giannozzi et al., J. Phys.:Condens. Matter 21 395502 (2009);
          URL http://www.quantum-espresso.org", 
     in publications or presentations arising from this work. More details at
     http://www.quantum-espresso.org/quote

     Parallel version (MPI), running on     8 processors
     R & G space division:  proc/nbgrp/npool/nimage =       8

     ***** This is GIPAW svn revision unknown      *****

     Parallelizing q-star over 1 images

     Reading data from directory:
     /users/majewski/paradichlorobenzene/pbe/9_constraint/scratch/pbe.ecut100.np8.dt60.pcl2phi-129368.save
     Message from routine read_xml_file:
     file /users/majewski/paradichlorobenzene/pbe/9_constraint/scratch/pbe.ecut100.np8.dt60.pcl2phi-129368.save not guaranteed to be safe for post-processing

   Info: using nr1, nr2, nr3 values from input

   Info: using nr1, nr2, nr3 values from input

     IMPORTANT: XC functional enforced from input :
     Exchange-correlation      =  SLA  PW   PBX  PBC ( 1  4  3  4 0 0)
     Any further DFT definition will be discarded
     Please, verify this is what you really want

               file C.pbe-n-kjpaw_psl.1.0.0.UPF: wavefunction(s)  2S 2P renormalized
               file Cl.pbe-n-kjpaw_psl.1.0.0.UPF: wavefunction(s)  3S 3P renormalized
               file H.pbe-kjpaw_psl.1.0.0.UPF: wavefunction(s)  1S renormalized

     Parallelization info
     --------------------
     sticks:   dense  smooth     PW     G-vecs:    dense   smooth      PW
     Min        3057    1223    332               144436    36536    5170
     Max        3059    1225    333               144437    36537    5171
     Sum       24467    9791   2657              1155489   292295   41363


     Subspace diagonalization in iterative solution of the eigenvalue problem:
     a serial algorithm will be used

     GIPAW projectors -----------------------------------------------
     atom=  C    l=0  rc=    1.2000  rs=    0.8000
     atom=  C    l=0  rc=    1.2000  rs=    0.8000
     atom=  C    l=1  rc=    1.4000  rs=    0.9333
     atom=  C    l=1  rc=    1.4000  rs=    0.9333
     projs nearly linearly dependent: l=1  n1,n2= 1, 2  s=  0.99951561

     atom=  Cl   l=0  rc=    1.6000  rs=    1.0667
     atom=  Cl   l=0  rc=    1.6000  rs=    1.0667
     atom=  Cl   l=1  rc=    1.6000  rs=    1.0667
     atom=  Cl   l=1  rc=    1.6000  rs=    1.0667
     atom=  Cl   l=2  rc=    1.6000  rs=    1.0667
     atom=  Cl   l=2  rc=    1.6000  rs=    1.0667
     projs nearly linearly dependent: l=2  n1,n2= 1, 2  s=  0.99993509

     atom=  H    l=0  rc=    1.0000  rs=    0.6667
     atom=  H    l=0  rc=    1.0000  rs=    0.6667
     projs nearly linearly dependent: l=0  n1,n2= 1, 2  s=  0.99968852
     -----------------------------------------------------------------

     GIPAW integrals: -------------------------------------------
     Atom  i/j   nmr_para   nmr_dia   epr_rmc  epr_para   epr_dia
       C   1 1   0.83E+03  0.17E-01  0.93E+01  0.24E+08  0.24E+03
       C   2 1   0.86E+03 -0.61E-01  0.94E+01  0.25E+08  0.25E+03
       C   2 2   0.90E+03 -0.15E+00  0.97E+01  0.26E+08  0.26E+03
       C   3 3   0.33E+01  0.34E+00  0.18E+01  0.55E+03  0.21E+02
       C   4 3   0.35E+01  0.37E+00  0.20E+01  0.59E+03  0.22E+02
       C   4 4   0.38E+01  0.39E+00  0.22E+01  0.63E+03  0.24E+02
       Cl  1 1   0.14E+04 -0.47E+00  0.84E+01  0.32E+09  0.42E+03
       Cl  2 1   0.21E+04 -0.37E+00  0.12E+02  0.49E+09  0.65E+03
       Cl  2 2   0.33E+04 -0.16E+00  0.21E+02  0.76E+09  0.10E+04
       Cl  3 3   0.21E+02  0.79E-01  0.89E+01  0.23E+05  0.13E+03
       Cl  4 3   0.24E+02  0.67E-01  0.99E+01  0.27E+05  0.15E+03
       Cl  4 4   0.28E+02  0.44E-01  0.11E+02  0.32E+05  0.18E+03
       Cl  5 5   0.77E+00  0.19E+00  0.18E+01  0.12E+03  0.22E+02
       Cl  6 5   0.80E+00  0.19E+00  0.19E+01  0.12E+03  0.23E+02
       Cl  6 6   0.83E+00  0.20E+00  0.19E+01  0.12E+03  0.23E+02
       H   1 1   0.39E+02  0.19E+00  0.29E+00  0.78E+05  0.13E+02
       H   2 1   0.41E+02  0.21E+00  0.32E+00  0.82E+05  0.14E+02
       H   2 2   0.43E+02  0.22E+00  0.36E+00  0.86E+05  0.15E+02
     ------------------------------------------------------------

     alpha_pv=     33.7394 eV

     Number of occupied bands for each k-point:
     k-point:     1    nbnd_occ=  42
     k-point:     2    nbnd_occ=  42
     k-point:     3    nbnd_occ=  42
     k-point:     4    nbnd_occ=  42
     k-point:     5    nbnd_occ=  42
     k-point:     6    nbnd_occ=  42
     k-point:     7    nbnd_occ=  42
     k-point:     8    nbnd_occ=  42
     k-point:     9    nbnd_occ=  42
     k-point:    10    nbnd_occ=  42
     k-point:    11    nbnd_occ=  42
     k-point:    12    nbnd_occ=  42
     k-point:    13    nbnd_occ=  42
     k-point:    14    nbnd_occ=  42
     k-point:    15    nbnd_occ=  42
     k-point:    16    nbnd_occ=  42


     q-space interpolation up to   110.00 Rydberg

     GIPAW job: efg                                                                             


     ELECTRIC FIELD GRADIENTS TENSORS IN Hartree/bohrradius^2:

     ----- bare term -----
     Cl   1       -0.035169        0.017189        0.050039
     Cl   1        0.017189        0.037469        0.122825
     Cl   1        0.050039        0.122825       -0.002300

     C    2       -0.803244        0.325247       -0.285773
     C    2        0.325247        0.244641       -0.028490
     C    2       -0.285773       -0.028490        0.558604

     C    3        0.042631        0.123063       -0.136355
     C    3        0.123063       -0.472262       -0.391284
     C    3       -0.136355       -0.391284        0.429631

     H    4       -0.534045       -0.010321       -0.214942
     H    4       -0.010321        0.295105       -0.353158
     H    4       -0.214942       -0.353158        0.238940

     C    5       -0.911485        0.337246       -0.471377
     C    5        0.337246        0.347766        0.057192
     C    5       -0.471377        0.057192        0.563718

     H    6        0.204401       -0.041236       -0.059679
     H    6       -0.041236       -0.491429       -0.606212
     H    6       -0.059679       -0.606212        0.287028

     H    7        0.402885        0.115697       -0.099648
     H    7        0.115697       -0.370313        0.585933
     H    7       -0.099648        0.585933       -0.032572

     C    8       -0.235015       -0.044508       -0.333432
     C    8       -0.044508       -0.032794        0.496021
     C    8       -0.333432        0.496021        0.267809

     H    9       -0.189192        0.178800       -0.431244
     H    9        0.178800        0.432385        0.108480
     H    9       -0.431244        0.108480       -0.243193

     C   10       -0.121149       -0.439686       -0.213020
     C   10       -0.439686       -0.295869        0.370225
     C   10       -0.213020        0.370225        0.417018

     C   11       -0.074483        0.374575       -0.346425
     C   11        0.374575       -0.107455        0.655250
     C   11       -0.346425        0.655250        0.181938

     Cl  12       -0.091981       -0.115780        0.100780
     Cl  12       -0.115780       -0.089285        0.021294
     Cl  12        0.100780        0.021294        0.181266

     H   13        0.452877       -0.136639       -0.054358
     H   13       -0.136639       -0.608909       -0.544772
     H   13       -0.054358       -0.544772        0.156032

     C   14       -0.083893        0.110278       -0.174907
     C   14        0.110278       -0.178333       -0.319298
     C   14       -0.174907       -0.319298        0.262225

     H   15       -0.019994       -0.365726       -0.281041
     H   15       -0.365726       -0.363853       -0.214954
     H   15       -0.281041       -0.214954        0.383847

     C   16       -0.775014        0.371654       -0.345937
     C   16        0.371654        0.349520       -0.040967
     C   16       -0.345937       -0.040967        0.425493

     C   17        0.023445       -0.027119       -0.230168
     C   17       -0.027119       -0.235534       -0.425630
     C   17       -0.230168       -0.425630        0.212089

     Cl  18       -0.225773        0.250751        0.020795
     Cl  18        0.250751        0.148193        0.127503
     Cl  18        0.020795        0.127503        0.077580

     H   19        0.470489       -0.000094        0.081106
     H   19       -0.000094        0.135970        0.100692
     H   19        0.081106        0.100692       -0.606459

     C   20       -0.407338       -0.322857        0.030055
     C   20       -0.322857        0.185044        0.162277
     C   20        0.030055        0.162277        0.222294

     H   21        0.145560       -0.047177       -0.327145
     H   21       -0.047177        0.125888       -0.226784
     H   21       -0.327145       -0.226784       -0.271448

     C   22        0.345878       -0.026625       -0.055112
     C   22       -0.026625       -0.133763        0.047994
     C   22       -0.055112        0.047994       -0.212115

     C   23       -0.410049       -0.382563       -0.267085
     C   23       -0.382563        0.082407        0.116134
     C   23       -0.267085        0.116134        0.327642

     Cl  24        0.186111        0.103773        0.026662
     Cl  24        0.103773       -0.304111       -0.255822
     Cl  24        0.026662       -0.255822        0.118000

     ----- ionic term -----
     Cl   1        0.136463       -0.213394        0.026238
     Cl   1       -0.213394        0.016518       -0.007063
     Cl   1        0.026238       -0.007063       -0.152981

     C    2        0.261325       -0.128672        0.269416
     C    2       -0.128672        0.096602        0.374378
     C    2        0.269416        0.374378       -0.357927

     C    3        0.183836       -0.231907        0.171910
     C    3       -0.231907        0.156777        0.387074
     C    3        0.171910        0.387074       -0.340613

     H    4        0.629515        0.321181        0.649713
     H    4        0.321181       -0.404137        0.245449
     H    4        0.649713        0.245449       -0.225378

     C    5        0.320257       -0.137582        0.261878
     C    5       -0.137582        0.036954        0.320186
     C    5        0.261878        0.320186       -0.357212

     H    6       -0.486680        0.208579        0.135690
     H    6        0.208579        0.579909        0.723221
     H    6        0.135690        0.723221       -0.093230

     H    7       -0.531049       -0.112034        0.117022
     H    7       -0.112034        0.462777       -0.781769
     H    7        0.117022       -0.781769        0.068272

     C    8        0.147457        0.312544        0.342095
     C    8        0.312544        0.035646       -0.249854
     C    8        0.342095       -0.249854       -0.183104

     H    9        0.501711       -0.132781        0.768728
     H    9       -0.132781       -0.514731       -0.169715
     H    9        0.768728       -0.169715        0.013020

     C   10        0.052138        0.318417        0.241338
     C   10        0.318417        0.138670       -0.359671
     C   10        0.241338       -0.359671       -0.190808

     C   11        0.100111        0.211450        0.360605
     C   11        0.211450       -0.010646       -0.373767
     C   11        0.360605       -0.373767       -0.089466

     Cl  12        0.108124        0.171789        0.007529
     Cl  12        0.171789        0.018111       -0.006271
     Cl  12        0.007529       -0.006271       -0.126235

     H   13       -0.506085        0.105138        0.066675
     H   13        0.105138        0.717704        0.674809
     H   13        0.066675        0.674809       -0.211619

     C   14        0.355908       -0.158505        0.234888
     C   14       -0.158505        0.067949        0.313975
     C   14        0.234888        0.313975       -0.423857

     H   15        0.588924        0.518684        0.531344
     H   15        0.518684       -0.228522        0.286818
     H   15        0.531344        0.286818       -0.360402

     C   16        0.156016       -0.194012        0.133597
     C   16       -0.194012        0.249868        0.413821
     C   16        0.133597        0.413821       -0.405883

     C   17        0.229810       -0.137387        0.245221
     C   17       -0.137387        0.126232        0.395939
     C   17        0.245221        0.395939       -0.356042

     Cl  18        0.138212       -0.184357        0.002911
     Cl  18       -0.184357        0.003051       -0.000129
     Cl  18        0.002911       -0.000129       -0.141264

     H   19       -0.533149        0.071354       -0.054919
     H   19        0.071354        0.263844       -0.800838
     H   19       -0.054919       -0.800838        0.269305

     C   20        0.141440        0.307683        0.346400
     C   20        0.307683       -0.021590       -0.258083
     C   20        0.346400       -0.258083       -0.119851

     H   21        0.424008       -0.104959        0.796144
     H   21       -0.104959       -0.476193       -0.173345
     H   21        0.796144       -0.173345        0.052185

     C   22        0.018503        0.327388        0.247840
     C   22        0.327388        0.142456       -0.338742
     C   22        0.247840       -0.338742       -0.160959

     C   23        0.089297        0.329142        0.327149
     C   23        0.329142        0.054782       -0.335456
     C   23        0.327149       -0.335456       -0.144079

     Cl  24        0.098779        0.244866        0.017166
     Cl  24        0.244866        0.049461        0.002376
     Cl  24        0.017166        0.002376       -0.148240

     ----- GIPAW term -----
     Cl   1       -0.154245       -1.396448        0.337808
     Cl   1       -1.396448        1.231808        2.049006
     Cl   1        0.337808        2.049006       -1.077564

     C    2       -0.173781       -0.000565        0.000463
     C    2       -0.000565        0.043958        0.179950
     C    2        0.000463        0.179950        0.129823

     C    3       -0.116018       -0.023839       -0.026903
     C    3       -0.023839       -0.005365        0.184938
     C    3       -0.026903        0.184938        0.121383

     H    4       -0.000000        0.000000        0.000000
     H    4        0.000000        0.000000        0.000000
     H    4        0.000000        0.000000        0.000000

     C    5       -0.240501        0.004660       -0.084034
     C    5        0.004660        0.141358        0.219463
     C    5       -0.084034        0.219463        0.099143

     H    6       -0.000000        0.000000        0.000000
     H    6        0.000000        0.000000        0.000000
     H    6        0.000000        0.000000        0.000000

     H    7       -0.000000        0.000000        0.000000
     H    7        0.000000        0.000000        0.000000
     H    7        0.000000        0.000000        0.000000

     C    8       -0.065252        0.034863       -0.050139
     C    8        0.034863        0.102320        0.110542
     C    8       -0.050139        0.110542       -0.037067

     H    9       -0.000000        0.000000        0.000000
     H    9        0.000000        0.000000        0.000000
     H    9        0.000000        0.000000        0.000000

     C   10        0.081777       -0.016758       -0.078513
     C   10       -0.016758       -0.089088        0.025565
     C   10       -0.078513        0.025565        0.007311

     C   11        0.108720        0.260277        0.068067
     C   11        0.260277       -0.053731        0.156169
     C   11        0.068067        0.156169       -0.054989

     Cl  12        0.950393        1.757366        0.818017
     Cl  12        1.757366       -0.638440        0.158881
     Cl  12        0.818017        0.158881       -0.311953

     H   13       -0.000000        0.000000        0.000000
     H   13        0.000000        0.000000        0.000000
     H   13        0.000000        0.000000        0.000000

     C   14       -0.121531        0.021681       -0.002243
     C   14        0.021681        0.120772        0.138055
     C   14       -0.002243        0.138055        0.000759

     H   15       -0.000000        0.000000        0.000000
     H   15        0.000000        0.000000        0.000000
     H   15        0.000000        0.000000        0.000000

     C   16       -0.261729        0.030577       -0.067952
     C   16        0.030577        0.274709        0.151321
     C   16       -0.067952        0.151321       -0.012980

     C   17       -0.069661       -0.085758       -0.009499
     C   17       -0.085758        0.112094        0.161906
     C   17       -0.009499        0.161906       -0.042433

     Cl  18       -0.418875       -0.503061        0.259321
     Cl  18       -0.503061        1.803158        1.502880
     Cl  18        0.259321        1.502880       -1.384283

     H   19       -0.000000        0.000000        0.000000
     H   19        0.000000        0.000000        0.000000
     H   19        0.000000        0.000000        0.000000

     C   20       -0.089436        0.025420        0.054164
     C   20        0.025420        0.083732        0.099329
     C   20        0.054164        0.099329        0.005703

     H   21       -0.000000        0.000000        0.000000
     H   21        0.000000        0.000000        0.000000
     H   21        0.000000        0.000000        0.000000

     C   22        0.024995        0.007705        0.000451
     C   22        0.007705        0.010176       -0.022665
     C   22        0.000451       -0.022665       -0.035172

     C   23       -0.078025       -0.024282       -0.031300
     C   23       -0.024282        0.110250        0.076527
     C   23       -0.031300        0.076527       -0.032225

     Cl  24        0.122801        0.183129       -0.513519
     Cl  24        0.183129        0.906761        0.955050
     Cl  24       -0.513519        0.955050       -1.029563

     ----- total EFG -----
     Cl   1       -0.052951       -1.592653        0.414085
     Cl   1       -1.592653        1.285795        2.164769
     Cl   1        0.414085        2.164769       -1.232845

     C    2       -0.715700        0.196010       -0.015894
     C    2        0.196010        0.385200        0.525838
     C    2       -0.015894        0.525838        0.330500

     C    3        0.110449       -0.132684        0.008652
     C    3       -0.132684       -0.320851        0.180728
     C    3        0.008652        0.180728        0.210401

     H    4        0.095470        0.310860        0.434772
     H    4        0.310860       -0.109032       -0.107709
     H    4        0.434772       -0.107709        0.013562

     C    5       -0.831728        0.204324       -0.293533
     C    5        0.204324        0.526079        0.596842
     C    5       -0.293533        0.596842        0.305650

     H    6       -0.282278        0.167343        0.076011
     H    6        0.167343        0.088480        0.117008
     H    6        0.076011        0.117008        0.193798

     H    7       -0.128164        0.003663        0.017374
     H    7        0.003663        0.092464       -0.195836
     H    7        0.017374       -0.195836        0.035700

     C    8       -0.152810        0.302899       -0.041476
     C    8        0.302899        0.105172        0.356709
     C    8       -0.041476        0.356709        0.047638

     H    9        0.312519        0.046020        0.337485
     H    9        0.046020       -0.082346       -0.061235
     H    9        0.337485       -0.061235       -0.230173

     C   10        0.012766       -0.138028       -0.050195
     C   10       -0.138028       -0.246287        0.036119
     C   10       -0.050195        0.036119        0.233521

     C   11        0.134349        0.846303        0.082247
     C   11        0.846303       -0.171831        0.437652
     C   11        0.082247        0.437652        0.037483

     Cl  12        0.966536        1.813375        0.926326
     Cl  12        1.813375       -0.709614        0.173904
     Cl  12        0.926326        0.173904       -0.256922

     H   13       -0.053208       -0.031501        0.012318
     H   13       -0.031501        0.108795        0.130037
     H   13        0.012318        0.130037       -0.055587

     C   14        0.150484       -0.026546        0.057738
     C   14       -0.026546        0.010388        0.132732
     C   14        0.057738        0.132732       -0.160873

     H   15        0.568930        0.152959        0.250303
     H   15        0.152959       -0.592375        0.071864
     H   15        0.250303        0.071864        0.023446

     C   16       -0.880728        0.208219       -0.280293
     C   16        0.208219        0.874097        0.524175
     C   16       -0.280293        0.524175        0.006630

     C   17        0.183594       -0.250264        0.005554
     C   17       -0.250264        0.002792        0.132215
     C   17        0.005554        0.132215       -0.186386

     Cl  18       -0.506437       -0.436667        0.283026
     Cl  18       -0.436667        1.954403        1.630254
     Cl  18        0.283026        1.630254       -1.447966

     H   19       -0.062660        0.071260        0.026188
     H   19        0.071260        0.399814       -0.700147
     H   19        0.026188       -0.700147       -0.337154

     C   20       -0.355333        0.010246        0.430619
     C   20        0.010246        0.247187        0.003522
     C   20        0.430619        0.003522        0.108146

     H   21        0.569568       -0.152136        0.468999
     H   21       -0.152136       -0.350305       -0.400129
     H   21        0.468999       -0.400129       -0.219263

     C   22        0.389377        0.308467        0.193179
     C   22        0.308467        0.018869       -0.313412
     C   22        0.193179       -0.313412       -0.408246

     C   23       -0.398776       -0.077703        0.028765
     C   23       -0.077703        0.247439       -0.142795
     C   23        0.028765       -0.142795        0.151337

     Cl  24        0.407692        0.531768       -0.469691
     Cl  24        0.531768        0.652111        0.701604
     Cl  24       -0.469691        0.701604       -1.059803

     ----- total EFG (symmetrized) -----
     Cl   1       -0.052951       -1.592653        0.414085
     Cl   1       -1.592653        1.285795        2.164769
     Cl   1        0.414085        2.164769       -1.232845

     C    2       -0.715700        0.196010       -0.015894
     C    2        0.196010        0.385200        0.525838
     C    2       -0.015894        0.525838        0.330500

     C    3        0.110449       -0.132684        0.008652
     C    3       -0.132684       -0.320851        0.180728
     C    3        0.008652        0.180728        0.210401

     H    4        0.095470        0.310860        0.434772
     H    4        0.310860       -0.109032       -0.107709
     H    4        0.434772       -0.107709        0.013562

     C    5       -0.831728        0.204324       -0.293533
     C    5        0.204324        0.526079        0.596842
     C    5       -0.293533        0.596842        0.305650

     H    6       -0.282278        0.167343        0.076011
     H    6        0.167343        0.088480        0.117008
     H    6        0.076011        0.117008        0.193798

     H    7       -0.128164        0.003663        0.017374
     H    7        0.003663        0.092464       -0.195836
     H    7        0.017374       -0.195836        0.035700

     C    8       -0.152810        0.302899       -0.041476
     C    8        0.302899        0.105172        0.356709
     C    8       -0.041476        0.356709        0.047638

     H    9        0.312519        0.046020        0.337485
     H    9        0.046020       -0.082346       -0.061235
     H    9        0.337485       -0.061235       -0.230173

     C   10        0.012766       -0.138028       -0.050195
     C   10       -0.138028       -0.246287        0.036119
     C   10       -0.050195        0.036119        0.233521

     C   11        0.134349        0.846303        0.082247
     C   11        0.846303       -0.171831        0.437652
     C   11        0.082247        0.437652        0.037483

     Cl  12        0.966536        1.813375        0.926326
     Cl  12        1.813375       -0.709614        0.173904
     Cl  12        0.926326        0.173904       -0.256922

     H   13       -0.053208       -0.031501        0.012318
     H   13       -0.031501        0.108795        0.130037
     H   13        0.012318        0.130037       -0.055587

     C   14        0.150484       -0.026546        0.057738
     C   14       -0.026546        0.010388        0.132732
     C   14        0.057738        0.132732       -0.160873

     H   15        0.568930        0.152959        0.250303
     H   15        0.152959       -0.592375        0.071864
     H   15        0.250303        0.071864        0.023446

     C   16       -0.880728        0.208219       -0.280293
     C   16        0.208219        0.874097        0.524175
     C   16       -0.280293        0.524175        0.006630

     C   17        0.183594       -0.250264        0.005554
     C   17       -0.250264        0.002792        0.132215
     C   17        0.005554        0.132215       -0.186386

     Cl  18       -0.506437       -0.436667        0.283026
     Cl  18       -0.436667        1.954403        1.630254
     Cl  18        0.283026        1.630254       -1.447966

     H   19       -0.062660        0.071260        0.026188
     H   19        0.071260        0.399814       -0.700147
     H   19        0.026188       -0.700147       -0.337154

     C   20       -0.355333        0.010246        0.430619
     C   20        0.010246        0.247187        0.003522
     C   20        0.430619        0.003522        0.108146

     H   21        0.569568       -0.152136        0.468999
     H   21       -0.152136       -0.350305       -0.400129
     H   21        0.468999       -0.400129       -0.219263

     C   22        0.389377        0.308467        0.193179
     C   22        0.308467        0.018869       -0.313412
     C   22        0.193179       -0.313412       -0.408246

     C   23       -0.398776       -0.077703        0.028765
     C   23       -0.077703        0.247439       -0.142795
     C   23        0.028765       -0.142795        0.151337

     Cl  24        0.407692        0.531768       -0.469691
     Cl  24        0.531768        0.652111        0.701604
     Cl  24       -0.469691        0.701604       -1.059803


     NQR/NMR SPECTROSCOPIC PARAMETERS:
     Cl   1    Vxx=   -0.0427    axis=(  0.835567  0.133200  0.532996)
     Cl   1    Vyy=   -2.9755    axis=( -0.394777 -0.529126  0.751117)
     Cl   1    Vzz=    3.0182    axis=(  0.382071 -0.838024 -0.389536)
     Cl   1  Q=        -8.1650 1e-30 m^2  Cq=       -57.9018 MHz  eta= 0.97170

     C    2    Vxx=   -0.1329    axis=( -0.237167 -0.646338  0.725258)
     C    2    Vyy=   -0.7623    axis=( -0.967985  0.220395 -0.120129)
     C    2    Vzz=    0.8952    axis=( -0.082199 -0.730530 -0.677916)
     C    2  Q=         1.0000 1e-30 m^2  Cq=         2.1034 MHz  eta= 0.70304

     C    3    Vxx=    0.1358    axis=(  0.945073 -0.162303  0.283715)
     C    3    Vyy=    0.2730    axis=( -0.219350  0.328594  0.918647)
     C    3    Vzz=   -0.4088    axis=( -0.242326 -0.930421  0.274944)
     C    3  Q=         1.0000 1e-30 m^2  Cq=        -0.9605 MHz  eta= 0.33548

     H    4    Vxx=    0.0361    axis=( -0.165565 -0.791396  0.588456)
     H    4    Vyy=    0.5359    axis=(  0.766428  0.272251  0.581780)
     H    4    Vzz=   -0.5720    axis=(  0.620626 -0.547332 -0.561473)
     H    4  Q=         1.0000 1e-30 m^2  Cq=        -1.3440 MHz  eta= 0.87381

     C    5    Vxx=   -0.0324    axis=( -0.406749 -0.593435  0.694543)
     C    5    Vyy=   -0.9909    axis=( -0.913371  0.249573 -0.321661)
     C    5    Vzz=    1.0233    axis=(  0.017546 -0.765211 -0.643540)
     C    5  Q=         1.0000 1e-30 m^2  Cq=         2.4044 MHz  eta= 0.93667

     H    6    Vxx=    0.0362    axis=(  0.226812  0.726381 -0.648789)
     H    6    Vyy=    0.3121    axis=(  0.264608  0.595134  0.758814)
     H    6    Vzz=   -0.3483    axis=( -0.937304  0.343782  0.057223)
     H    6  Q=         1.0000 1e-30 m^2  Cq=        -0.8184 MHz  eta= 0.79200

     H    7    Vxx=   -0.1153    axis=(  0.765551  0.434088  0.474868)
     H    7    Vyy=   -0.1468    axis=(  0.642997 -0.490906 -0.587849)
     H    7    Vzz=    0.2622    axis=(  0.022062 -0.755367  0.654931)
     H    7  Q=         1.0000 1e-30 m^2  Cq=         0.6160 MHz  eta= 0.12029

     C    8    Vxx=   -0.0216    axis=( -0.706013 -0.213256  0.675327)
     C    8    Vyy=   -0.4777    axis=( -0.633776  0.615786 -0.468120)
     C    8    Vzz=    0.4994    axis=( -0.316028 -0.758505 -0.569910)
     C    8  Q=         1.0000 1e-30 m^2  Cq=         1.1734 MHz  eta= 0.91332

     H    9    Vxx=   -0.0655    axis=(  0.072374  0.974170 -0.213902)
     H    9    Vyy=   -0.4091    axis=( -0.424529  0.224156  0.877228)
     H    9    Vzz=    0.4746    axis=(  0.902517  0.027319  0.429787)
     H    9  Q=         1.0000 1e-30 m^2  Cq=         1.1152 MHz  eta= 0.72407

     C   10    Vxx=    0.0524    axis=( -0.875317  0.366295 -0.315670)
     C   10    Vyy=    0.2539    axis=( -0.280974  0.146016  0.948543)
     C   10    Vzz=   -0.3064    axis=( -0.393539 -0.918971  0.024891)
     C   10  Q=         1.0000 1e-30 m^2  Cq=        -0.7199 MHz  eta= 0.65778

     C   11    Vxx=   -0.0092    axis=( -0.460565 -0.008135  0.887589)
     C   11    Vyy=   -0.9644    axis=( -0.570509  0.768769 -0.288988)
     C   11    Vzz=    0.9736    axis=( -0.680000 -0.639475 -0.358710)
     C   11  Q=         1.0000 1e-30 m^2  Cq=         2.2876 MHz  eta= 0.98109

     Cl  12    Vxx=   -0.4635    axis=( -0.137579 -0.362392  0.921816)
     Cl  12    Vyy=   -1.9517    axis=(  0.565033 -0.793095 -0.227459)
     Cl  12    Vzz=    2.4152    axis=(  0.813517  0.489563  0.313877)
     Cl  12  Q=        -8.1650 1e-30 m^2  Cq=       -46.3344 MHz  eta= 0.61615

     H   13    Vxx=   -0.0469    axis=(  0.947600 -0.068838  0.311954)
     H   13    Vyy=   -0.1356    axis=(  0.305829  0.477669 -0.823590)
     H   13    Vzz=    0.1824    axis=( -0.092316  0.875839  0.473692)
     H   13  Q=         1.0000 1e-30 m^2  Cq=         0.4287 MHz  eta= 0.48626

     C   14    Vxx=    0.0825    axis=( -0.053380  0.881926  0.468356)
     C   14    Vyy=    0.1609    axis=(  0.985844 -0.028109  0.165291)
     C   14    Vzz=   -0.2434    axis=( -0.158939 -0.470550  0.867941)
     C   14  Q=         1.0000 1e-30 m^2  Cq=        -0.5719 MHz  eta= 0.32225

     H   15    Vxx=   -0.0738    axis=( -0.367083  0.020597  0.929960)
     H   15    Vyy=   -0.6148    axis=( -0.113932  0.991232 -0.066927)
     H   15    Vzz=    0.6886    axis=( -0.923184 -0.130520 -0.361518)
     H   15  Q=         1.0000 1e-30 m^2  Cq=         1.6179 MHz  eta= 0.78575

     C   16    Vxx=   -0.0922    axis=( -0.396390 -0.370308  0.840087)
     C   16    Vyy=   -1.0310    axis=( -0.917377  0.195633 -0.346624)
     C   16    Vzz=    1.1232    axis=( -0.035991 -0.908075 -0.417259)
     C   16  Q=         1.0000 1e-30 m^2  Cq=         2.6391 MHz  eta= 0.83588

     C   17    Vxx=   -0.0734    axis=(  0.515446  0.544037  0.662072)
     C   17    Vyy=   -0.2954    axis=( -0.319385 -0.594981  0.737558)
     C   17    Vzz=    0.3689    axis=( -0.795179  0.591627  0.132923)
     C   17  Q=         1.0000 1e-30 m^2  Cq=         0.8667 MHz  eta= 0.60192

     Cl  18    Vxx=   -0.4280    axis=(  0.964828 -0.003034  0.262865)
     Cl  18    Vyy=   -2.2104    axis=(  0.244722  0.375565 -0.893903)
     Cl  18    Vzz=    2.6383    axis=( -0.096011  0.926791  0.363098)
     Cl  18  Q=        -8.1650 1e-30 m^2  Cq=       -50.6152 MHz  eta= 0.67559

     H   19    Vxx=   -0.0602    axis=(  0.995006 -0.002257  0.099788)
     H   19    Vyy=   -0.7649    axis=( -0.084246  0.517168  0.851728)
     H   19    Vzz=    0.8251    axis=( -0.053529 -0.855881  0.514395)
     H   19  Q=         1.0000 1e-30 m^2  Cq=         1.9386 MHz  eta= 0.85408

     C   20    Vxx=    0.2467    axis=( -0.028703  0.997546 -0.063863)
     C   20    Vyy=    0.3660    axis=(  0.512073  0.069544  0.856122)
     C   20    Vzz=   -0.6127    axis=( -0.858462  0.008129  0.512813)
     C   20  Q=         1.0000 1e-30 m^2  Cq=        -1.4395 MHz  eta= 0.19478

     H   21    Vxx=   -0.1458    axis=( -0.497129 -0.681338  0.537254)
     H   21    Vyy=   -0.7239    axis=(  0.175625 -0.685384 -0.706685)
     H   21    Vzz=    0.8697    axis=(  0.849717 -0.256958  0.460384)
     H   21  Q=         1.0000 1e-30 m^2  Cq=         2.0434 MHz  eta= 0.66471

     C   22    Vxx=    0.1069    axis=( -0.385617  0.716908 -0.580812)
     C   22    Vyy=    0.5642    axis=( -0.874548 -0.484621 -0.017541)
     C   22    Vzz=   -0.6710    axis=( -0.294049  0.501183  0.813849)
     C   22  Q=         1.0000 1e-30 m^2  Cq=        -1.5767 MHz  eta= 0.68151

     C   23    Vxx=    0.0498    axis=( -0.046743  0.572773  0.818380)
     C   23    Vyy=    0.3585    axis=( -0.105121  0.811906 -0.574246)
     C   23    Vzz=   -0.4082    axis=( -0.993360 -0.112871  0.022260)
     C   23  Q=         1.0000 1e-30 m^2  Cq=        -0.9592 MHz  eta= 0.75626

     Cl  24    Vxx=    0.3999    axis=( -0.791565  0.410987  0.452233)
     Cl  24    Vyy=    1.1165    axis=(  0.524160  0.837072  0.156736)
     Cl  24    Vzz=   -1.5164    axis=(  0.314135 -0.361109  0.878020)
     Cl  24  Q=        -8.1650 1e-30 m^2  Cq=        29.0914 MHz  eta= 0.47252

     Initialization:
     gipaw_setup  :      9.14s CPU     10.67s WALL (       1 calls)

     Linear response

     Apply operators

     Induced current

     Other routines
     efg          :      9.37s CPU     11.56s WALL (       1 calls)

     General routines
     calbec       :      3.16s CPU      4.18s WALL (      16 calls)
     fft          :      1.49s CPU      2.16s WALL (      15 calls)
     ffts         :      0.04s CPU      0.05s WALL (       2 calls)
     fftw         :      3.40s CPU      4.00s WALL (     672 calls)
     davcio       :      0.04s CPU      0.32s WALL (      32 calls)

     Parallel routines
     fft_scatter  :      2.01s CPU      3.15s WALL (     689 calls)

     Plugins

     GIPAW        :     60.47s CPU     71.23s WALL (       1 calls)
