
     Program QE v.6.0 (svn rev. 13079) starts on 19Dec2016 at 17:14:27 

     This program is part of the open-source Quantum ESPRESSO suite
     for quantum simulation of materials; please cite
         "P. Giannozzi et al., J. Phys.:Condens. Matter 21 395502 (2009);
          URL http://www.quantum-espresso.org", 
     in publications or presentations arising from this work. More details at
     http://www.quantum-espresso.org/quote

     Parallel version (MPI), running on     8 processors
     R & G space division:  proc/nbgrp/npool/nimage =       8

     ***** This is GIPAW svn revision unknown      *****

     Parallelizing q-star over 1 images

     Reading data from directory:
     /users/majewski/paradichlorobenzene/pbe/9_constraint/scratch/pbe.ecut100.np8.dt60.pcl2phi-129368.save
     Message from routine read_xml_file:
     file /users/majewski/paradichlorobenzene/pbe/9_constraint/scratch/pbe.ecut100.np8.dt60.pcl2phi-129368.save not guaranteed to be safe for post-processing

   Info: using nr1, nr2, nr3 values from input

   Info: using nr1, nr2, nr3 values from input

     IMPORTANT: XC functional enforced from input :
     Exchange-correlation      =  SLA  PW   PBX  PBC ( 1  4  3  4 0 0)
     Any further DFT definition will be discarded
     Please, verify this is what you really want

               file C.pbe-n-kjpaw_psl.1.0.0.UPF: wavefunction(s)  2S 2P renormalized
               file Cl.pbe-n-kjpaw_psl.1.0.0.UPF: wavefunction(s)  3S 3P renormalized
               file H.pbe-kjpaw_psl.1.0.0.UPF: wavefunction(s)  1S renormalized

     Parallelization info
     --------------------
     sticks:   dense  smooth     PW     G-vecs:    dense   smooth      PW
     Min        3057    1223    332               144436    36536    5170
     Max        3059    1225    333               144437    36537    5171
     Sum       24467    9791   2657              1155489   292295   41363


     Subspace diagonalization in iterative solution of the eigenvalue problem:
     a serial algorithm will be used

     GIPAW projectors -----------------------------------------------
     atom=  C    l=0  rc=    1.2000  rs=    0.8000
     atom=  C    l=0  rc=    1.2000  rs=    0.8000
     atom=  C    l=1  rc=    1.4000  rs=    0.9333
     atom=  C    l=1  rc=    1.4000  rs=    0.9333
     projs nearly linearly dependent: l=1  n1,n2= 1, 2  s=  0.99951561

     atom=  Cl   l=0  rc=    1.6000  rs=    1.0667
     atom=  Cl   l=0  rc=    1.6000  rs=    1.0667
     atom=  Cl   l=1  rc=    1.6000  rs=    1.0667
     atom=  Cl   l=1  rc=    1.6000  rs=    1.0667
     atom=  Cl   l=2  rc=    1.6000  rs=    1.0667
     atom=  Cl   l=2  rc=    1.6000  rs=    1.0667
     projs nearly linearly dependent: l=2  n1,n2= 1, 2  s=  0.99993509

     atom=  H    l=0  rc=    1.0000  rs=    0.6667
     atom=  H    l=0  rc=    1.0000  rs=    0.6667
     projs nearly linearly dependent: l=0  n1,n2= 1, 2  s=  0.99968852
     -----------------------------------------------------------------

     GIPAW integrals: -------------------------------------------
     Atom  i/j   nmr_para   nmr_dia   epr_rmc  epr_para   epr_dia
       C   1 1   0.83E+03  0.17E-01  0.93E+01  0.24E+08  0.24E+03
       C   2 1   0.86E+03 -0.61E-01  0.94E+01  0.25E+08  0.25E+03
       C   2 2   0.90E+03 -0.15E+00  0.97E+01  0.26E+08  0.26E+03
       C   3 3   0.33E+01  0.34E+00  0.18E+01  0.55E+03  0.21E+02
       C   4 3   0.35E+01  0.37E+00  0.20E+01  0.59E+03  0.22E+02
       C   4 4   0.38E+01  0.39E+00  0.22E+01  0.63E+03  0.24E+02
       Cl  1 1   0.14E+04 -0.47E+00  0.84E+01  0.32E+09  0.42E+03
       Cl  2 1   0.21E+04 -0.37E+00  0.12E+02  0.49E+09  0.65E+03
       Cl  2 2   0.33E+04 -0.16E+00  0.21E+02  0.76E+09  0.10E+04
       Cl  3 3   0.21E+02  0.79E-01  0.89E+01  0.23E+05  0.13E+03
       Cl  4 3   0.24E+02  0.67E-01  0.99E+01  0.27E+05  0.15E+03
       Cl  4 4   0.28E+02  0.44E-01  0.11E+02  0.32E+05  0.18E+03
       Cl  5 5   0.77E+00  0.19E+00  0.18E+01  0.12E+03  0.22E+02
       Cl  6 5   0.80E+00  0.19E+00  0.19E+01  0.12E+03  0.23E+02
       Cl  6 6   0.83E+00  0.20E+00  0.19E+01  0.12E+03  0.23E+02
       H   1 1   0.39E+02  0.19E+00  0.29E+00  0.78E+05  0.13E+02
       H   2 1   0.41E+02  0.21E+00  0.32E+00  0.82E+05  0.14E+02
       H   2 2   0.43E+02  0.22E+00  0.36E+00  0.86E+05  0.15E+02
     ------------------------------------------------------------

     alpha_pv=     34.6861 eV

     Number of occupied bands for each k-point:
     k-point:     1    nbnd_occ=  42
     k-point:     2    nbnd_occ=  42
     k-point:     3    nbnd_occ=  42
     k-point:     4    nbnd_occ=  42
     k-point:     5    nbnd_occ=  42
     k-point:     6    nbnd_occ=  42
     k-point:     7    nbnd_occ=  42
     k-point:     8    nbnd_occ=  42
     k-point:     9    nbnd_occ=  42
     k-point:    10    nbnd_occ=  42
     k-point:    11    nbnd_occ=  42
     k-point:    12    nbnd_occ=  42
     k-point:    13    nbnd_occ=  42
     k-point:    14    nbnd_occ=  42
     k-point:    15    nbnd_occ=  42
     k-point:    16    nbnd_occ=  42


     q-space interpolation up to   110.00 Rydberg

     GIPAW job: efg                                                                             


     ELECTRIC FIELD GRADIENTS TENSORS IN Hartree/bohrradius^2:

     ----- bare term -----
     Cl   1       -0.083552        0.232174       -0.182725
     Cl   1        0.232174       -0.116502       -0.069228
     Cl   1       -0.182725       -0.069228        0.200054

     C    2        0.041056       -0.208634       -0.495800
     C    2       -0.208634       -0.366118       -0.450795
     C    2       -0.495800       -0.450795        0.325063

     C    3       -0.112678        0.331485       -0.121237
     C    3        0.331485        0.032267        0.002371
     C    3       -0.121237        0.002371        0.080412

     H    4        0.154698       -0.081129       -0.262908
     H    4       -0.081129        0.431931        0.077018
     H    4       -0.262908        0.077018       -0.586629

     C    5       -0.075383       -0.090852       -0.392620
     C    5       -0.090852       -0.177310       -0.314121
     C    5       -0.392620       -0.314121        0.252693

     H    6        0.324832        0.045464        0.308348
     H    6        0.045464        0.088931       -0.411218
     H    6        0.308348       -0.411218       -0.413763

     H    7        0.320821        0.162541       -0.047354
     H    7        0.162541       -0.521789        0.450964
     H    7       -0.047354        0.450964        0.200968

     C    8       -0.479247       -0.213873       -0.387023
     C    8       -0.213873        0.014949        0.339591
     C    8       -0.387023        0.339591        0.464298

     H    9       -0.312550        0.465538       -0.142109
     H    9        0.465538        0.069805       -0.123272
     H    9       -0.142109       -0.123272        0.242745

     C   10       -0.162949       -0.358027       -0.083042
     C   10       -0.358027       -0.416988        0.524035
     C   10       -0.083042        0.524035        0.579937

     C   11       -0.195255        0.127526       -0.360230
     C   11        0.127526       -0.073280        0.502844
     C   11       -0.360230        0.502844        0.268535

     Cl  12       -0.125827       -0.161247        0.138864
     Cl  12       -0.161247       -0.113956       -0.055523
     Cl  12        0.138864       -0.055523        0.239783

     H   13        0.521731       -0.008912       -0.059861
     H   13       -0.008912       -0.252365       -0.358167
     H   13       -0.059861       -0.358167       -0.269366

     C   14       -0.701398        0.332670       -0.319575
     C   14        0.332670        0.304408       -0.222741
     C   14       -0.319575       -0.222741        0.396990

     H   15        0.016213       -0.021802       -0.503216
     H   15       -0.021802        0.224730        0.218636
     H   15       -0.503216        0.218636       -0.240943

     C   16       -0.056344        0.131255       -0.211572
     C   16        0.131255       -0.044283       -0.686025
     C   16       -0.211572       -0.686025        0.100627

     C   17       -0.445855        0.256702       -0.320380
     C   17        0.256702        0.070350       -0.294082
     C   17       -0.320380       -0.294082        0.375506

     Cl  18       -0.095126       -0.014415       -0.069053
     Cl  18       -0.014415       -0.042510       -0.130814
     Cl  18       -0.069053       -0.130814        0.137636

     H   19       -0.013608        0.458998       -0.019566
     H   19        0.458998       -0.380941        0.288356
     H   19       -0.019566        0.288356        0.394549

     C   20       -0.004619       -0.518120       -0.218811
     C   20       -0.518120       -0.364015        0.345236
     C   20       -0.218811        0.345236        0.368633

     H   21       -0.486593        0.366817        0.207037
     H   21        0.366817        0.277274       -0.051482
     H   21        0.207037       -0.051482        0.209319

     C   22       -0.178241       -0.225562       -0.349387
     C   22       -0.225562       -0.139501        0.430702
     C   22       -0.349387        0.430702        0.317742

     C   23       -0.241438       -0.170529       -0.351086
     C   23       -0.170529       -0.123979        0.558773
     C   23       -0.351086        0.558773        0.365417

     Cl  24        0.037549       -0.078039        0.058254
     Cl  24       -0.078039        0.083567       -0.114936
     Cl  24        0.058254       -0.114936       -0.121116

     ----- ionic term -----
     Cl   1        0.113313       -0.196223        0.014068
     Cl   1       -0.196223        0.012929        0.003302
     Cl   1        0.014068        0.003302       -0.126241

     C    2        0.050296       -0.254450        0.303481
     C    2       -0.254450        0.016063        0.397173
     C    2        0.303481        0.397173       -0.066359

     C    3        0.083080       -0.337326        0.249151
     C    3       -0.337326        0.078883        0.317107
     C    3        0.249151        0.317107       -0.161964

     H    4        0.493107        0.079653        0.788744
     H    4        0.079653       -0.524704        0.131154
     H    4        0.788744        0.131154        0.031598

     C    5        0.119876       -0.275405        0.336321
     C    5       -0.275405        0.006532        0.262169
     C    5        0.336321        0.262169       -0.126408

     H    6       -0.550287       -0.002522        0.013897
     H    6       -0.002522        0.465363        0.786321
     H    6        0.013897        0.786321        0.084924

     H    7       -0.486774       -0.194623        0.097135
     H    7       -0.194623        0.688002       -0.686069
     H    7        0.097135       -0.686069       -0.201228

     C    8        0.414181        0.115991        0.172131
     C    8        0.115991        0.046035       -0.320002
     C    8        0.172131       -0.320002       -0.460217

     H    9        0.665483       -0.522152        0.484467
     H    9       -0.522152       -0.263952       -0.263136
     H    9        0.484467       -0.263136       -0.401530

     C   10        0.190249        0.150535        0.106357
     C   10        0.150535        0.239215       -0.419321
     C   10        0.106357       -0.419321       -0.429464

     C   11        0.197681        0.118364        0.146078
     C   11        0.118364        0.206207       -0.416279
     C   11        0.146078       -0.416279       -0.403888

     Cl  12        0.116419        0.205887       -0.020348
     Cl  12        0.205887        0.022757       -0.023524
     Cl  12       -0.020348       -0.023524       -0.139176

     H   13       -0.527065       -0.006269        0.014216
     H   13       -0.006269        0.420596        0.779375
     H   13        0.014216        0.779375        0.106469

     C   14        0.144622       -0.297444        0.332253
     C   14       -0.297444       -0.013826        0.272946
     C   14        0.332253        0.272946       -0.130796

     H   15        0.395026        0.205022        0.753719
     H   15        0.205022       -0.446732        0.247930
     H   15        0.753719        0.247930        0.051707

     C   16        0.045970       -0.342439        0.221826
     C   16       -0.342439        0.142778        0.390349
     C   16        0.221826        0.390349       -0.188747

     C   17        0.050561       -0.307155        0.357703
     C   17       -0.307155        0.062551        0.357116
     C   17        0.357703        0.357116       -0.113112

     Cl  18        0.132132       -0.247477        0.062566
     Cl  18       -0.247477        0.021302       -0.038865
     Cl  18        0.062566       -0.038865       -0.153434

     H   19       -0.512618       -0.164747        0.094972
     H   19       -0.164747        0.701171       -0.692039
     H   19        0.094972       -0.692039       -0.188554

     C   20        0.352258        0.183501        0.128286
     C   20        0.183501        0.092099       -0.323989
     C   20        0.128286       -0.323989       -0.444358

     H   21        0.917729       -0.390812        0.285893
     H   21       -0.390812       -0.418967       -0.158592
     H   21        0.285893       -0.158592       -0.498762

     C   22        0.287581        0.222278        0.037863
     C   22        0.222278        0.170619       -0.370360
     C   22        0.037863       -0.370360       -0.458200

     C   23        0.325395        0.084797        0.116415
     C   23        0.084797        0.088135       -0.415109
     C   23        0.116415       -0.415109       -0.413530

     Cl  24        0.135389        0.199431       -0.070802
     Cl  24        0.199431       -0.001453       -0.046100
     Cl  24       -0.070802       -0.046100       -0.133936

     ----- GIPAW term -----
     Cl   1        1.037805       -0.635403       -1.931923
     Cl   1       -0.635403       -0.998171       -0.764989
     Cl   1       -1.931923       -0.764989       -0.039633

     C    2        0.027201       -0.138947       -0.207795
     C    2       -0.138947       -0.146466        0.001138
     C    2       -0.207795        0.001138        0.119265

     C    3       -0.002332        0.010204       -0.072272
     C    3        0.010204       -0.032230        0.024840
     C    3       -0.072272        0.024840        0.034562

     H    4       -0.000000        0.000000        0.000000
     H    4        0.000000        0.000000        0.000000
     H    4        0.000000        0.000000        0.000000

     C    5        0.013613       -0.060983       -0.192571
     C    5       -0.060983       -0.150994       -0.000119
     C    5       -0.192571       -0.000119        0.137381

     H    6       -0.000000        0.000000        0.000000
     H    6        0.000000        0.000000        0.000000
     H    6        0.000000        0.000000        0.000000

     H    7       -0.000000        0.000000        0.000000
     H    7        0.000000        0.000000        0.000000
     H    7        0.000000        0.000000        0.000000

     C    8       -0.075538       -0.038805       -0.043951
     C    8       -0.038805       -0.014400        0.049916
     C    8       -0.043951        0.049916        0.089938

     H    9       -0.000000        0.000000        0.000000
     H    9        0.000000        0.000000        0.000000
     H    9        0.000000        0.000000        0.000000

     C   10       -0.084274       -0.046839        0.024719
     C   10       -0.046839       -0.121732        0.098931
     C   10        0.024719        0.098931        0.206006

     C   11        0.077926        0.158855        0.016022
     C   11        0.158855       -0.052226        0.071981
     C   11        0.016022        0.071981       -0.025701

     Cl  12        0.370886        1.008608        1.606662
     Cl  12        1.008608       -1.228041       -0.661718
     Cl  12        1.606662       -0.661718        0.857155

     H   13       -0.000000        0.000000        0.000000
     H   13        0.000000        0.000000        0.000000
     H   13        0.000000        0.000000        0.000000

     C   14       -0.181936       -0.016455       -0.035788
     C   14       -0.016455        0.219220       -0.013404
     C   14       -0.035788       -0.013404       -0.037283

     H   15       -0.000000        0.000000        0.000000
     H   15        0.000000        0.000000        0.000000
     H   15        0.000000        0.000000        0.000000

     C   16       -0.127608       -0.001876       -0.035852
     C   16       -0.001876        0.208203       -0.200339
     C   16       -0.035852       -0.200339       -0.080595

     C   17       -0.032961       -0.157936       -0.068564
     C   17       -0.157936        0.118177        0.002426
     C   17       -0.068564        0.002426       -0.085215

     Cl  18       -0.191802       -1.906672       -0.313025
     Cl  18       -1.906672       -0.211797       -1.832650
     Cl  18       -0.313025       -1.832650        0.403600

     H   19       -0.000000        0.000000        0.000000
     H   19        0.000000        0.000000        0.000000
     H   19        0.000000        0.000000        0.000000

     C   20        0.192858       -0.188560       -0.097357
     C   20       -0.188560       -0.145741        0.089445
     C   20       -0.097357        0.089445       -0.047117

     H   21       -0.000000        0.000000        0.000000
     H   21        0.000000        0.000000        0.000000
     H   21        0.000000        0.000000        0.000000

     C   22       -0.020500       -0.119281       -0.201286
     C   22       -0.119281       -0.030527        0.154192
     C   22       -0.201286        0.154192        0.051027

     C   23        0.008662        0.029167       -0.158553
     C   23        0.029167       -0.057934        0.158971
     C   23       -0.158553        0.158971        0.049273

     Cl  24       -0.514587        0.639331       -0.808486
     Cl  24        0.639331       -0.831108        1.104138
     Cl  24       -0.808486        1.104138        1.345695

     ----- total EFG -----
     Cl   1        1.067565       -0.599453       -2.100580
     Cl   1       -0.599453       -1.101744       -0.830915
     Cl   1       -2.100580       -0.830915        0.034179

     C    2        0.118553       -0.602031       -0.400115
     C    2       -0.602031       -0.496522       -0.052483
     C    2       -0.400115       -0.052483        0.377969

     C    3       -0.031930        0.004363        0.055642
     C    3        0.004363        0.078920        0.344318
     C    3        0.055642        0.344318       -0.046990

     H    4        0.647804       -0.001475        0.525835
     H    4       -0.001475       -0.092773        0.208171
     H    4        0.525835        0.208171       -0.555031

     C    5        0.058106       -0.427240       -0.248870
     C    5       -0.427240       -0.321772       -0.052071
     C    5       -0.248870       -0.052071        0.263666

     H    6       -0.225455        0.042942        0.322245
     H    6        0.042942        0.554294        0.375102
     H    6        0.322245        0.375102       -0.328839

     H    7       -0.165953       -0.032082        0.049780
     H    7       -0.032082        0.166213       -0.235105
     H    7        0.049780       -0.235105       -0.000259

     C    8       -0.140603       -0.136687       -0.258844
     C    8       -0.136687        0.046584        0.069505
     C    8       -0.258844        0.069505        0.094019

     H    9        0.352933       -0.056614        0.342358
     H    9       -0.056614       -0.194147       -0.386407
     H    9        0.342358       -0.386407       -0.158786

     C   10       -0.056974       -0.254331        0.048034
     C   10       -0.254331       -0.299505        0.203645
     C   10        0.048034        0.203645        0.356479

     C   11        0.080351        0.404745       -0.198131
     C   11        0.404745        0.080702        0.158547
     C   11       -0.198131        0.158547       -0.161053

     Cl  12        0.361478        1.053248        1.725178
     Cl  12        1.053248       -1.319240       -0.740766
     Cl  12        1.725178       -0.740766        0.957762

     H   13       -0.005334       -0.015182       -0.045645
     H   13       -0.015182        0.168231        0.421208
     H   13       -0.045645        0.421208       -0.162897

     C   14       -0.738713        0.018770       -0.023109
     C   14        0.018770        0.509802        0.036801
     C   14       -0.023109        0.036801        0.228910

     H   15        0.411238        0.183220        0.250503
     H   15        0.183220       -0.222002        0.466566
     H   15        0.250503        0.466566       -0.189236

     C   16       -0.137982       -0.213060       -0.025598
     C   16       -0.213060        0.306697       -0.496015
     C   16       -0.025598       -0.496015       -0.168715

     C   17       -0.428256       -0.208390       -0.031240
     C   17       -0.208390        0.251078        0.065459
     C   17       -0.031240        0.065459        0.177178

     Cl  18       -0.154796       -2.168564       -0.319512
     Cl  18       -2.168564       -0.233005       -2.002329
     Cl  18       -0.319512       -2.002329        0.387801

     H   19       -0.526225        0.294251        0.075405
     H   19        0.294251        0.320231       -0.403683
     H   19        0.075405       -0.403683        0.205995

     C   20        0.540498       -0.523178       -0.187882
     C   20       -0.523178       -0.417656        0.110692
     C   20       -0.187882        0.110692       -0.122842

     H   21        0.431136       -0.023995        0.492929
     H   21       -0.023995       -0.141693       -0.210074
     H   21        0.492929       -0.210074       -0.289443

     C   22        0.088840       -0.122564       -0.512811
     C   22       -0.122564        0.000591        0.214534
     C   22       -0.512811        0.214534       -0.089431

     C   23        0.092619       -0.056565       -0.393225
     C   23       -0.056565       -0.093779        0.302635
     C   23       -0.393225        0.302635        0.001160

     Cl  24       -0.341648        0.760723       -0.821034
     Cl  24        0.760723       -0.748994        0.943102
     Cl  24       -0.821034        0.943102        1.090643

     ----- total EFG (symmetrized) -----
     Cl   1        1.067565       -0.599453       -2.100580
     Cl   1       -0.599453       -1.101744       -0.830915
     Cl   1       -2.100580       -0.830915        0.034179

     C    2        0.118553       -0.602031       -0.400115
     C    2       -0.602031       -0.496522       -0.052483
     C    2       -0.400115       -0.052483        0.377969

     C    3       -0.031930        0.004363        0.055642
     C    3        0.004363        0.078920        0.344318
     C    3        0.055642        0.344318       -0.046990

     H    4        0.647804       -0.001475        0.525835
     H    4       -0.001475       -0.092773        0.208171
     H    4        0.525835        0.208171       -0.555031

     C    5        0.058106       -0.427240       -0.248870
     C    5       -0.427240       -0.321772       -0.052071
     C    5       -0.248870       -0.052071        0.263666

     H    6       -0.225455        0.042942        0.322245
     H    6        0.042942        0.554294        0.375102
     H    6        0.322245        0.375102       -0.328839

     H    7       -0.165953       -0.032082        0.049780
     H    7       -0.032082        0.166213       -0.235105
     H    7        0.049780       -0.235105       -0.000259

     C    8       -0.140603       -0.136687       -0.258844
     C    8       -0.136687        0.046584        0.069505
     C    8       -0.258844        0.069505        0.094019

     H    9        0.352933       -0.056614        0.342358
     H    9       -0.056614       -0.194147       -0.386407
     H    9        0.342358       -0.386407       -0.158786

     C   10       -0.056974       -0.254331        0.048034
     C   10       -0.254331       -0.299505        0.203645
     C   10        0.048034        0.203645        0.356479

     C   11        0.080351        0.404745       -0.198131
     C   11        0.404745        0.080702        0.158547
     C   11       -0.198131        0.158547       -0.161053

     Cl  12        0.361478        1.053248        1.725178
     Cl  12        1.053248       -1.319240       -0.740766
     Cl  12        1.725178       -0.740766        0.957762

     H   13       -0.005334       -0.015182       -0.045645
     H   13       -0.015182        0.168231        0.421208
     H   13       -0.045645        0.421208       -0.162897

     C   14       -0.738713        0.018770       -0.023109
     C   14        0.018770        0.509802        0.036801
     C   14       -0.023109        0.036801        0.228910

     H   15        0.411238        0.183220        0.250503
     H   15        0.183220       -0.222002        0.466566
     H   15        0.250503        0.466566       -0.189236

     C   16       -0.137982       -0.213060       -0.025598
     C   16       -0.213060        0.306697       -0.496015
     C   16       -0.025598       -0.496015       -0.168715

     C   17       -0.428256       -0.208390       -0.031240
     C   17       -0.208390        0.251078        0.065459
     C   17       -0.031240        0.065459        0.177178

     Cl  18       -0.154796       -2.168564       -0.319512
     Cl  18       -2.168564       -0.233005       -2.002329
     Cl  18       -0.319512       -2.002329        0.387801

     H   19       -0.526225        0.294251        0.075405
     H   19        0.294251        0.320231       -0.403683
     H   19        0.075405       -0.403683        0.205995

     C   20        0.540498       -0.523178       -0.187882
     C   20       -0.523178       -0.417656        0.110692
     C   20       -0.187882        0.110692       -0.122842

     H   21        0.431136       -0.023995        0.492929
     H   21       -0.023995       -0.141693       -0.210074
     H   21        0.492929       -0.210074       -0.289443

     C   22        0.088840       -0.122564       -0.512811
     C   22       -0.122564        0.000591        0.214534
     C   22       -0.512811        0.214534       -0.089431

     C   23        0.092619       -0.056565       -0.393225
     C   23       -0.056565       -0.093779        0.302635
     C   23       -0.393225        0.302635        0.001160

     Cl  24       -0.341648        0.760723       -0.821034
     Cl  24        0.760723       -0.748994        0.943102
     Cl  24       -0.821034        0.943102        1.090643


     NQR/NMR SPECTROSCOPIC PARAMETERS:
     Cl   1    Vxx=   -0.3023    axis=(  0.388225 -0.787898  0.478015)
     Cl   1    Vyy=   -2.4123    axis=( -0.482243 -0.615700 -0.623182)
     Cl   1    Vzz=    2.7145    axis=( -0.785317 -0.011416  0.618988)
     Cl   1  Q=        -8.1650 1e-30 m^2  Cq=       -52.0769 MHz  eta= 0.77730

     C    2    Vxx=    0.1495    axis=(  0.477294 -0.503295  0.720336)
     C    2    Vyy=    0.7680    axis=( -0.685910  0.299024  0.663409)
     C    2    Vzz=   -0.9175    axis=( -0.549288 -0.810728 -0.202493)
     C    2  Q=         1.0000 1e-30 m^2  Cq=        -2.1558 MHz  eta= 0.67407

     C    3    Vxx=   -0.0305    axis=(  0.986777 -0.157664  0.037603)
     C    3    Vyy=   -0.3393    axis=(  0.129763  0.629428 -0.766147)
     C    3    Vzz=    0.3698    axis=(  0.097125  0.760896  0.641564)
     C    3  Q=         1.0000 1e-30 m^2  Cq=         0.8689 MHz  eta= 0.83501

     H    4    Vxx=   -0.0446    axis=(  0.165855 -0.961045 -0.221098)
     H    4    Vyy=   -0.8062    axis=(  0.328141  0.265210 -0.906635)
     H    4    Vzz=    0.8509    axis=(  0.929955  0.077819  0.359344)
     H    4  Q=         1.0000 1e-30 m^2  Cq=         1.9992 MHz  eta= 0.89510

     C    5    Vxx=    0.1405    axis=(  0.464711 -0.510919  0.723192)
     C    5    Vyy=    0.4959    axis=( -0.682044  0.314309  0.660322)
     C    5    Vzz=   -0.6365    axis=( -0.564677 -0.800107 -0.202407)
     C    5  Q=         1.0000 1e-30 m^2  Cq=        -1.4955 MHz  eta= 0.55840

     H    6    Vxx=   -0.0551    axis=(  0.808556 -0.348720  0.473954)
     H    6    Vyy=   -0.6633    axis=(  0.563150  0.225093 -0.795107)
     H    6    Vzz=    0.7183    axis=(  0.170586  0.909795  0.378382)
     H    6  Q=         1.0000 1e-30 m^2  Cq=         1.6878 MHz  eta= 0.84664

     H    7    Vxx=   -0.1470    axis=(  0.657548  0.494199  0.568681)
     H    7    Vyy=   -0.1914    axis=(  0.745562 -0.318138 -0.585599)
     H    7    Vzz=    0.3384    axis=(  0.108483 -0.809046  0.577646)
     H    7  Q=         1.0000 1e-30 m^2  Cq=         0.7950 MHz  eta= 0.13107

     C    8    Vxx=   -0.0010    axis=(  0.054293  0.870585 -0.489014)
     C    8    Vyy=   -0.3249    axis=(  0.845755  0.220243  0.485995)
     C    8    Vzz=    0.3259    axis=(  0.530801 -0.439972 -0.724344)
     C    8  Q=         1.0000 1e-30 m^2  Cq=         0.7658 MHz  eta= 0.99397

     H    9    Vxx=    0.0098    axis=(  0.562517  0.694292 -0.448925)
     H    9    Vyy=    0.5979    axis=(  0.796700 -0.310043  0.518789)
     H    9    Vzz=   -0.6077    axis=(  0.221005 -0.649486 -0.727547)
     H    9  Q=         1.0000 1e-30 m^2  Cq=        -1.4279 MHz  eta= 0.96764

     C   10    Vxx=    0.0898    axis=(  0.864780 -0.461905  0.196973)
     C   10    Vyy=    0.4160    axis=(  0.060741 -0.293157 -0.954133)
     C   10    Vzz=   -0.5058    axis=(  0.498463  0.837080 -0.225460)
     C   10  Q=         1.0000 1e-30 m^2  Cq=        -1.1884 MHz  eta= 0.64487

     C   11    Vxx=    0.0213    axis=( -0.382120  0.450644  0.806786)
     C   11    Vyy=    0.4866    axis=( -0.716804 -0.695551  0.049010)
     C   11    Vzz=   -0.5080    axis=(  0.583247 -0.559579  0.588808)
     C   11  Q=         1.0000 1e-30 m^2  Cq=        -1.1936 MHz  eta= 0.91596

     Cl  12    Vxx=    0.0802    axis=(  0.543767  0.673953 -0.500104)
     Cl  12    Vyy=    2.4142    axis=(  0.653240  0.034211  0.756377)
     Cl  12    Vzz=   -2.4944    axis=(  0.526872 -0.737982 -0.421650)
     Cl  12  Q=        -8.1650 1e-30 m^2  Cq=        47.8544 MHz  eta= 0.93567

     H   13    Vxx=   -0.0066    axis=(  0.994452  0.104910 -0.007698)
     H   13    Vyy=   -0.4518    axis=( -0.065432  0.559617 -0.826164)
     H   13    Vzz=    0.4584    axis=( -0.082365  0.822084  0.563376)
     H   13  Q=         1.0000 1e-30 m^2  Cq=         1.0771 MHz  eta= 0.97128

     C   14    Vxx=    0.2248    axis=( -0.026244 -0.126332  0.991641)
     C   14    Vyy=    0.5147    axis=(  0.012517  0.991863  0.126692)
     C   14    Vzz=   -0.7396    axis=( -0.999577  0.015737 -0.024449)
     C   14  Q=         1.0000 1e-30 m^2  Cq=        -1.7377 MHz  eta= 0.39199

     H   15    Vxx=    0.0207    axis=(  0.615683 -0.573669 -0.540221)
     H   15    Vyy=    0.6536    axis=( -0.786830 -0.410318 -0.461018)
     H   15    Vzz=   -0.6743    axis=( -0.042809 -0.708903  0.704005)
     H   15  Q=         1.0000 1e-30 m^2  Cq=        -1.5843 MHz  eta= 0.93853

     C   16    Vxx=   -0.1241    axis=(  0.915250 -0.011047 -0.402735)
     C   16    Vyy=   -0.5306    axis=(  0.343990  0.541811  0.766885)
     C   16    Vzz=    0.6548    axis=(  0.209735 -0.840428  0.499693)
     C   16  Q=         1.0000 1e-30 m^2  Cq=         1.5385 MHz  eta= 0.62080

     C   17    Vxx=    0.1462    axis=(  0.091606 -0.389889  0.916294)
     C   17    Vyy=    0.3411    axis=( -0.254703  0.880380  0.400071)
     C   17    Vzz=   -0.4873    axis=( -0.962671 -0.270032 -0.018658)
     C   17  Q=         1.0000 1e-30 m^2  Cq=        -1.1450 MHz  eta= 0.39997

     Cl  18    Vxx=    0.4516    axis=(  0.690534 -0.087307 -0.718011)
     Cl  18    Vyy=    2.7365    axis=(  0.468024 -0.702924  0.535586)
     Cl  18    Vzz=   -3.1881    axis=(  0.551468  0.705886  0.444531)
     Cl  18  Q=        -8.1650 1e-30 m^2  Cq=        61.1629 MHz  eta= 0.71669

     H   19    Vxx=   -0.0289    axis=( -0.417769 -0.514041 -0.749154)
     H   19    Vyy=   -0.6678    axis=( -0.896330  0.367986  0.247345)
     H   19    Vzz=    0.6968    axis=(  0.148533  0.774822 -0.614483)
     H   19  Q=         1.0000 1e-30 m^2  Cq=         1.6372 MHz  eta= 0.91691

     C   20    Vxx=   -0.1712    axis=(  0.225832 -0.042283  0.973248)
     C   20    Vyy=   -0.6493    axis=(  0.395114  0.917169 -0.051835)
     C   20    Vzz=    0.8205    axis=( -0.890441  0.396250  0.223832)
     C   20  Q=         1.0000 1e-30 m^2  Cq=         1.9279 MHz  eta= 0.58260

     H   21    Vxx=   -0.0900    axis=(  0.287885  0.921832 -0.259513)
     H   21    Vyy=   -0.6080    axis=( -0.392895  0.360819  0.845839)
     H   21    Vzz=    0.6981    axis=(  0.873359 -0.141543  0.466058)
     H   21  Q=         1.0000 1e-30 m^2  Cq=         1.6402 MHz  eta= 0.74201

     C   22    Vxx=   -0.0737    axis=(  0.386654  0.917146 -0.096657)
     C   22    Vyy=   -0.5358    axis=( -0.604499  0.172895 -0.777617)
     C   22    Vzz=    0.6095    axis=( -0.696477  0.359098  0.621264)
     C   22  Q=         1.0000 1e-30 m^2  Cq=         1.4320 MHz  eta= 0.75818

     C   23    Vxx=   -0.0772    axis=(  0.621834  0.766999  0.158225)
     C   23    Vyy=   -0.4650    axis=(  0.456699 -0.519276  0.722342)
     C   23    Vzz=    0.5422    axis=( -0.636198  0.376916  0.673191)
     C   23  Q=         1.0000 1e-30 m^2  Cq=         1.2740 MHz  eta= 0.71522

     Cl  24    Vxx=    0.2390    axis=(  0.771958  0.634298  0.041795)
     Cl  24    Vyy=    1.6221    axis=(  0.277364 -0.276940 -0.919986)
     Cl  24    Vzz=   -1.8610    axis=( -0.571971  0.721782 -0.389717)
     Cl  24  Q=        -8.1650 1e-30 m^2  Cq=        35.7031 MHz  eta= 0.74319

     Initialization:
     gipaw_setup  :      8.95s CPU     10.93s WALL (       1 calls)

     Linear response

     Apply operators

     Induced current

     Other routines
     efg          :      9.02s CPU     11.58s WALL (       1 calls)

     General routines
     calbec       :      3.15s CPU      4.36s WALL (      16 calls)
     fft          :      1.60s CPU      2.41s WALL (      15 calls)
     ffts         :      0.05s CPU      0.08s WALL (       2 calls)
     fftw         :      3.10s CPU      3.81s WALL (     672 calls)
     davcio       :      0.03s CPU      0.33s WALL (      32 calls)

     Parallel routines
     fft_scatter  :      2.13s CPU      3.50s WALL (     689 calls)

     Plugins

     GIPAW        :     60.22s CPU     74.95s WALL (       1 calls)
