
     Program QE v.6.0 (svn rev. 13079) starts on 21Jan2017 at  7:42:35 

     This program is part of the open-source Quantum ESPRESSO suite
     for quantum simulation of materials; please cite
         "P. Giannozzi et al., J. Phys.:Condens. Matter 21 395502 (2009);
          URL http://www.quantum-espresso.org", 
     in publications or presentations arising from this work. More details at
     http://www.quantum-espresso.org/quote

     Parallel version (MPI), running on     8 processors
     R & G space division:  proc/nbgrp/npool/nimage =       8

     ***** This is GIPAW svn revision unknown      *****

     Parallelizing q-star over 1 images

     Reading data from directory:
     /users/majewski/paradichlorobenzene/pbe/9_constraint/scratch/pbe.ecut100.np8.dt60.pcl2phi-129368.save
     Message from routine read_xml_file:
     file /users/majewski/paradichlorobenzene/pbe/9_constraint/scratch/pbe.ecut100.np8.dt60.pcl2phi-129368.save not guaranteed to be safe for post-processing

   Info: using nr1, nr2, nr3 values from input

   Info: using nr1, nr2, nr3 values from input

     IMPORTANT: XC functional enforced from input :
     Exchange-correlation      =  SLA  PW   PBX  PBC ( 1  4  3  4 0 0)
     Any further DFT definition will be discarded
     Please, verify this is what you really want

               file C.pbe-n-kjpaw_psl.1.0.0.UPF: wavefunction(s)  2S 2P renormalized
               file Cl.pbe-n-kjpaw_psl.1.0.0.UPF: wavefunction(s)  3S 3P renormalized
               file H.pbe-kjpaw_psl.1.0.0.UPF: wavefunction(s)  1S renormalized

     Parallelization info
     --------------------
     sticks:   dense  smooth     PW     G-vecs:    dense   smooth      PW
     Min        3057    1223    332               144436    36536    5170
     Max        3059    1225    333               144437    36537    5171
     Sum       24467    9791   2657              1155489   292295   41363


     Subspace diagonalization in iterative solution of the eigenvalue problem:
     a serial algorithm will be used

     GIPAW projectors -----------------------------------------------
     atom=  C    l=0  rc=    1.2000  rs=    0.8000
     atom=  C    l=0  rc=    1.2000  rs=    0.8000
     atom=  C    l=1  rc=    1.4000  rs=    0.9333
     atom=  C    l=1  rc=    1.4000  rs=    0.9333
     projs nearly linearly dependent: l=1  n1,n2= 1, 2  s=  0.99951561

     atom=  Cl   l=0  rc=    1.6000  rs=    1.0667
     atom=  Cl   l=0  rc=    1.6000  rs=    1.0667
     atom=  Cl   l=1  rc=    1.6000  rs=    1.0667
     atom=  Cl   l=1  rc=    1.6000  rs=    1.0667
     atom=  Cl   l=2  rc=    1.6000  rs=    1.0667
     atom=  Cl   l=2  rc=    1.6000  rs=    1.0667
     projs nearly linearly dependent: l=2  n1,n2= 1, 2  s=  0.99993509

     atom=  H    l=0  rc=    1.0000  rs=    0.6667
     atom=  H    l=0  rc=    1.0000  rs=    0.6667
     projs nearly linearly dependent: l=0  n1,n2= 1, 2  s=  0.99968852
     -----------------------------------------------------------------

     GIPAW integrals: -------------------------------------------
     Atom  i/j   nmr_para   nmr_dia   epr_rmc  epr_para   epr_dia
       C   1 1   0.83E+03  0.17E-01  0.93E+01  0.24E+08  0.24E+03
       C   2 1   0.86E+03 -0.61E-01  0.94E+01  0.25E+08  0.25E+03
       C   2 2   0.90E+03 -0.15E+00  0.97E+01  0.26E+08  0.26E+03
       C   3 3   0.33E+01  0.34E+00  0.18E+01  0.55E+03  0.21E+02
       C   4 3   0.35E+01  0.37E+00  0.20E+01  0.59E+03  0.22E+02
       C   4 4   0.38E+01  0.39E+00  0.22E+01  0.63E+03  0.24E+02
       Cl  1 1   0.14E+04 -0.47E+00  0.84E+01  0.32E+09  0.42E+03
       Cl  2 1   0.21E+04 -0.37E+00  0.12E+02  0.49E+09  0.65E+03
       Cl  2 2   0.33E+04 -0.16E+00  0.21E+02  0.76E+09  0.10E+04
       Cl  3 3   0.21E+02  0.79E-01  0.89E+01  0.23E+05  0.13E+03
       Cl  4 3   0.24E+02  0.67E-01  0.99E+01  0.27E+05  0.15E+03
       Cl  4 4   0.28E+02  0.44E-01  0.11E+02  0.32E+05  0.18E+03
       Cl  5 5   0.77E+00  0.19E+00  0.18E+01  0.12E+03  0.22E+02
       Cl  6 5   0.80E+00  0.19E+00  0.19E+01  0.12E+03  0.23E+02
       Cl  6 6   0.83E+00  0.20E+00  0.19E+01  0.12E+03  0.23E+02
       H   1 1   0.39E+02  0.19E+00  0.29E+00  0.78E+05  0.13E+02
       H   2 1   0.41E+02  0.21E+00  0.32E+00  0.82E+05  0.14E+02
       H   2 2   0.43E+02  0.22E+00  0.36E+00  0.86E+05  0.15E+02
     ------------------------------------------------------------

     alpha_pv=     33.7637 eV

     Number of occupied bands for each k-point:
     k-point:     1    nbnd_occ=  42
     k-point:     2    nbnd_occ=  42
     k-point:     3    nbnd_occ=  42
     k-point:     4    nbnd_occ=  42
     k-point:     5    nbnd_occ=  42
     k-point:     6    nbnd_occ=  42
     k-point:     7    nbnd_occ=  42
     k-point:     8    nbnd_occ=  42
     k-point:     9    nbnd_occ=  42
     k-point:    10    nbnd_occ=  42
     k-point:    11    nbnd_occ=  42
     k-point:    12    nbnd_occ=  42
     k-point:    13    nbnd_occ=  42
     k-point:    14    nbnd_occ=  42
     k-point:    15    nbnd_occ=  42
     k-point:    16    nbnd_occ=  42


     q-space interpolation up to   110.00 Rydberg

     GIPAW job: efg                                                                             


     ELECTRIC FIELD GRADIENTS TENSORS IN Hartree/bohrradius^2:

     ----- bare term -----
     Cl   1        0.230877       -0.008241        0.003450
     Cl   1       -0.008241       -0.311652       -0.244313
     Cl   1        0.003450       -0.244313        0.080775

     C    2       -0.809651        0.457145       -0.355904
     C    2        0.457145        0.331283       -0.008662
     C    2       -0.355904       -0.008662        0.478368

     C    3        0.145907       -0.089961       -0.118247
     C    3       -0.089961       -0.457609       -0.500824
     C    3       -0.118247       -0.500824        0.311702

     H    4       -0.532882       -0.020730        0.181916
     H    4       -0.020730        0.286004       -0.264408
     H    4        0.181916       -0.264408        0.246878

     C    5       -0.803258        0.354510       -0.470698
     C    5        0.354510        0.301604        0.027693
     C    5       -0.470698        0.027693        0.501653

     H    6        0.241324       -0.270382        0.183195
     H    6       -0.270382       -0.496021       -0.252417
     H    6        0.183195       -0.252417        0.254697

     H    7        0.312538        0.408085       -0.023807
     H    7        0.408085       -0.677858        0.223996
     H    7       -0.023807        0.223996        0.365321

     C    8       -0.051784       -0.126164       -0.138667
     C    8       -0.126164       -0.044442        0.406663
     C    8       -0.138667        0.406663        0.096227

     H    9       -0.346831        0.337744       -0.435326
     H    9        0.337744        0.131416        0.225141
     H    9       -0.435326        0.225141        0.215415

     C   10       -0.488196       -0.309624       -0.112807
     C   10       -0.309624        0.114690        0.338690
     C   10       -0.112807        0.338690        0.373505

     C   11        0.101223        0.089656       -0.213758
     C   11        0.089656       -0.055657        0.457636
     C   11       -0.213758        0.457636       -0.045566

     Cl  12       -0.222640       -0.270748        0.014121
     Cl  12       -0.270748        0.025128        0.076450
     Cl  12        0.014121        0.076450        0.197512

     H   13        0.377116       -0.258815        0.045171
     H   13       -0.258815       -0.694546        0.093552
     H   13        0.045171        0.093552        0.317431

     C   14       -0.002133        0.139022       -0.080956
     C   14        0.139022       -0.097961       -0.362055
     C   14       -0.080956       -0.362055        0.100093

     H   15       -0.191030       -0.492101       -0.048782
     H   15       -0.492101       -0.178173        0.103173
     H   15       -0.048782        0.103173        0.369203

     C   16       -0.465607        0.236372       -0.125133
     C   16        0.236372        0.124948       -0.144988
     C   16       -0.125133       -0.144988        0.340659

     C   17        0.004510       -0.110094       -0.299499
     C   17       -0.110094        0.045448       -0.659232
     C   17       -0.299499       -0.659232       -0.049959

     Cl  18       -0.315865        0.297054       -0.011068
     Cl  18        0.297054        0.184548        0.075951
     Cl  18       -0.011068        0.075951        0.131317

     H   19        0.516454        0.022252       -0.013161
     H   19        0.022252       -0.348202        0.411012
     H   19       -0.013161        0.411012       -0.168252

     C   20       -0.436919       -0.261581       -0.033876
     C   20       -0.261581        0.214332       -0.005671
     C   20       -0.033876       -0.005671        0.222587

     H   21       -0.029315       -0.140338       -0.513074
     H   21       -0.140338       -0.001445       -0.188992
     H   21       -0.513074       -0.188992        0.030761

     C   22        0.167087       -0.059634       -0.175275
     C   22       -0.059634       -0.093041        0.552578
     C   22       -0.175275        0.552578       -0.074047

     C   23       -0.538089       -0.433730       -0.312558
     C   23       -0.433730        0.160476        0.080030
     C   23       -0.312558        0.080030        0.377613

     Cl  24        0.007643       -0.034356        0.012220
     Cl  24       -0.034356        0.032523       -0.047044
     Cl  24        0.012220       -0.047044       -0.040166

     ----- ionic term -----
     Cl   1        0.115348       -0.204339       -0.009167
     Cl   1       -0.204339        0.038814        0.010862
     Cl   1       -0.009167        0.010862       -0.154162

     C    2        0.223523       -0.061679        0.168905
     C    2       -0.061679        0.268981        0.351170
     C    2        0.168905        0.351170       -0.492504

     C    3        0.210530       -0.106083        0.096220
     C    3       -0.106083        0.279465        0.347625
     C    3        0.096220        0.347625       -0.489996

     H    4        0.886767        0.398362        0.383151
     H    4        0.398362       -0.356235        0.147171
     H    4        0.383151        0.147171       -0.530532

     C    5        0.354724       -0.071628        0.157787
     C    5       -0.071628        0.140691        0.259206
     C    5        0.157787        0.259206       -0.495414

     H    6       -0.490855        0.234016        0.064866
     H    6        0.234016        0.895988        0.466022
     H    6        0.064866        0.466022       -0.405133

     H    7       -0.510593       -0.171788        0.113603
     H    7       -0.171788        0.585400       -0.740549
     H    7        0.113603       -0.740549       -0.074807

     C    8        0.260134        0.207590        0.230066
     C    8        0.207590        0.058381       -0.313370
     C    8        0.230066       -0.313370       -0.318515

     H    9        0.459326       -0.086919        0.781162
     H    9       -0.086919       -0.529011       -0.160456
     H    9        0.781162       -0.160456        0.069685

     C   10        0.053212        0.284167        0.199038
     C   10        0.284167        0.170374       -0.461392
     C   10        0.199038       -0.461392       -0.223585

     C   11        0.144797        0.155578        0.286418
     C   11        0.155578        0.102502       -0.482829
     C   11        0.286418       -0.482829       -0.247298

     Cl  12        0.124610        0.193653        0.002153
     Cl  12        0.193653        0.030428       -0.019097
     Cl  12        0.002153       -0.019097       -0.155038

     H   13       -0.481260        0.120860        0.041932
     H   13        0.120860        0.910615        0.471606
     H   13        0.041932        0.471606       -0.429355

     C   14        0.375434       -0.171545        0.133474
     C   14       -0.171545        0.157973        0.246633
     C   14        0.133474        0.246633       -0.533406

     H   15        0.710792        0.431220        0.513897
     H   15        0.431220       -0.315123        0.247876
     H   15        0.513897        0.247876       -0.395669

     C   16        0.198381       -0.159081        0.128546
     C   16       -0.159081        0.291958        0.363146
     C   16        0.128546        0.363146       -0.490339

     C   17        0.305892       -0.072376        0.229871
     C   17       -0.072376        0.199910        0.316076
     C   17        0.229871        0.316076       -0.505802

     Cl  18        0.140419       -0.187979        0.021649
     Cl  18       -0.187979        0.032874       -0.009263
     Cl  18        0.021649       -0.009263       -0.173293

     H   19       -0.505049       -0.075942        0.058028
     H   19       -0.075942        0.855866       -0.569569
     H   19        0.058028       -0.569569       -0.350817

     C   20        0.298981        0.189068        0.227887
     C   20        0.189068        0.046899       -0.307867
     C   20        0.227887       -0.307867       -0.345879

     H   21        0.543669       -0.258294        0.710373
     H   21       -0.258294       -0.435168       -0.240571
     H   21        0.710373       -0.240571       -0.108501

     C   22        0.169183        0.225638        0.147984
     C   22        0.225638        0.124506       -0.402552
     C   22        0.147984       -0.402552       -0.293689

     C   23        0.228975        0.166207        0.208155
     C   23        0.166207        0.052283       -0.382488
     C   23        0.208155       -0.382488       -0.281258

     Cl  24        0.151960        0.202965       -0.029411
     Cl  24        0.202965       -0.027056       -0.018530
     Cl  24       -0.029411       -0.018530       -0.124904

     ----- GIPAW term -----
     Cl   1        0.050458       -0.385005        0.399668
     Cl   1       -0.385005        0.862795        1.099610
     Cl   1        0.399668        1.099610       -0.913253

     C    2       -0.166232        0.023134       -0.019513
     C    2        0.023134        0.189035        0.156867
     C    2       -0.019513        0.156867       -0.022803

     C    3       -0.059715       -0.077796       -0.037476
     C    3       -0.077796        0.012317        0.113682
     C    3       -0.037476        0.113682        0.047397

     H    4       -0.000000        0.000000        0.000000
     H    4        0.000000        0.000000        0.000000
     H    4        0.000000        0.000000        0.000000

     C    5       -0.147778       -0.068872       -0.121734
     C    5       -0.068872        0.123011        0.174454
     C    5       -0.121734        0.174454        0.024767

     H    6       -0.000000        0.000000        0.000000
     H    6        0.000000        0.000000        0.000000
     H    6        0.000000        0.000000        0.000000

     H    7       -0.000000        0.000000        0.000000
     H    7        0.000000        0.000000        0.000000
     H    7        0.000000        0.000000        0.000000

     C    8       -0.065429       -0.088286       -0.014773
     C    8       -0.088286        0.186426        0.120826
     C    8       -0.014773        0.120826       -0.120997

     H    9       -0.000000        0.000000        0.000000
     H    9        0.000000        0.000000        0.000000
     H    9        0.000000        0.000000        0.000000

     C   10       -0.179936       -0.056568       -0.034272
     C   10       -0.056568        0.172597        0.172912
     C   10       -0.034272        0.172912        0.007339

     C   11       -0.013306        0.022074       -0.032646
     C   11        0.022074        0.076256        0.088453
     C   11       -0.032646        0.088453       -0.062951

     Cl  12       -1.170999        0.665769       -0.011997
     Cl  12        0.665769        0.833956        2.323677
     Cl  12       -0.011997        2.323677        0.337042

     H   13       -0.000000        0.000000        0.000000
     H   13        0.000000        0.000000        0.000000
     H   13        0.000000        0.000000        0.000000

     C   14       -0.044938        0.093904        0.000642
     C   14        0.093904        0.162133       -0.082939
     C   14        0.000642       -0.082939       -0.117195

     H   15       -0.000000        0.000000        0.000000
     H   15        0.000000        0.000000        0.000000
     H   15        0.000000        0.000000        0.000000

     C   16       -0.121962        0.059848       -0.037885
     C   16        0.059848        0.146735       -0.078746
     C   16       -0.037885       -0.078746       -0.024773

     C   17       -0.063493       -0.095866       -0.038117
     C   17       -0.095866        0.270348       -0.068678
     C   17       -0.038117       -0.068678       -0.206855

     Cl  18       -1.071779       -0.728185       -0.103864
     Cl  18       -0.728185        2.602388        1.180991
     Cl  18       -0.103864        1.180991       -1.530609

     H   19       -0.000000        0.000000        0.000000
     H   19        0.000000        0.000000        0.000000
     H   19        0.000000        0.000000        0.000000

     C   20       -0.067350        0.009440        0.021327
     C   20        0.009440        0.074098        0.029034
     C   20        0.021327        0.029034       -0.006748

     H   21       -0.000000        0.000000        0.000000
     H   21        0.000000        0.000000        0.000000
     H   21        0.000000        0.000000        0.000000

     C   22       -0.069581        0.014705       -0.015072
     C   22        0.014705        0.189066        0.078226
     C   22       -0.015072        0.078226       -0.119485

     C   23       -0.091198       -0.033505       -0.029017
     C   23       -0.033505        0.150400        0.035213
     C   23       -0.029017        0.035213       -0.059202

     Cl  24       -0.079055        1.875552       -0.099347
     Cl  24        1.875552        2.241681       -1.081170
     Cl  24       -0.099347       -1.081170       -2.162626

     ----- total EFG -----
     Cl   1        0.396683       -0.597585        0.393950
     Cl   1       -0.597585        0.589957        0.866158
     Cl   1        0.393950        0.866158       -0.986640

     C    2       -0.752361        0.418600       -0.206512
     C    2        0.418600        0.789299        0.499376
     C    2       -0.206512        0.499376       -0.036938

     C    3        0.296722       -0.273840       -0.059503
     C    3       -0.273840       -0.165826       -0.039517
     C    3       -0.059503       -0.039517       -0.130896

     H    4        0.353885        0.377632        0.565067
     H    4        0.377632       -0.070232       -0.117237
     H    4        0.565067       -0.117237       -0.283653

     C    5       -0.596312        0.214010       -0.434645
     C    5        0.214010        0.565306        0.461353
     C    5       -0.434645        0.461353        0.031005

     H    6       -0.249531       -0.036366        0.248061
     H    6       -0.036366        0.399967        0.213605
     H    6        0.248061        0.213605       -0.150436

     H    7       -0.198055        0.236298        0.089795
     H    7        0.236298       -0.092458       -0.516554
     H    7        0.089795       -0.516554        0.290514

     C    8        0.142921       -0.006859        0.076626
     C    8       -0.006859        0.200364        0.214119
     C    8        0.076626        0.214119       -0.343285

     H    9        0.112495        0.250825        0.345836
     H    9        0.250825       -0.397595        0.064685
     H    9        0.345836        0.064685        0.285100

     C   10       -0.614920       -0.082026        0.051958
     C   10       -0.082026        0.457661        0.050210
     C   10        0.051958        0.050210        0.157259

     C   11        0.232714        0.267308        0.040014
     C   11        0.267308        0.123101        0.063260
     C   11        0.040014        0.063260       -0.355815

     Cl  12       -1.269028        0.588674        0.004278
     Cl  12        0.588674        0.889512        2.381030
     Cl  12        0.004278        2.381030        0.379516

     H   13       -0.104145       -0.137955        0.087103
     H   13       -0.137955        0.216069        0.565158
     H   13        0.087103        0.565158       -0.111924

     C   14        0.328363        0.061381        0.053160
     C   14        0.061381        0.222145       -0.198361
     C   14        0.053160       -0.198361       -0.550508

     H   15        0.519762       -0.060880        0.465115
     H   15       -0.060880       -0.493296        0.351049
     H   15        0.465115        0.351049       -0.026466

     C   16       -0.389188        0.137138       -0.034472
     C   16        0.137138        0.563640        0.139412
     C   16       -0.034472        0.139412       -0.174453

     C   17        0.246909       -0.278336       -0.107745
     C   17       -0.278336        0.515706       -0.411834
     C   17       -0.107745       -0.411834       -0.762615

     Cl  18       -1.247226       -0.619111       -0.093283
     Cl  18       -0.619111        2.819811        1.247679
     Cl  18       -0.093283        1.247679       -1.572585

     H   19        0.011406       -0.053690        0.044867
     H   19       -0.053690        0.507664       -0.158557
     H   19        0.044867       -0.158557       -0.519070

     C   20       -0.205288       -0.063074        0.215338
     C   20       -0.063074        0.335328       -0.284504
     C   20        0.215338       -0.284504       -0.130040

     H   21        0.514353       -0.398632        0.197299
     H   21       -0.398632       -0.436613       -0.429563
     H   21        0.197299       -0.429563       -0.077740

     C   22        0.266690        0.180710       -0.042363
     C   22        0.180710        0.220531        0.228253
     C   22       -0.042363        0.228253       -0.487221

     C   23       -0.400312       -0.301029       -0.133420
     C   23       -0.301029        0.363158       -0.267244
     C   23       -0.133420       -0.267244        0.037154

     Cl  24        0.080548        2.044161       -0.116538
     Cl  24        2.044161        2.247148       -1.146745
     Cl  24       -0.116538       -1.146745       -2.327696

     ----- total EFG (symmetrized) -----
     Cl   1        0.396683       -0.597585        0.393950
     Cl   1       -0.597585        0.589957        0.866158
     Cl   1        0.393950        0.866158       -0.986640

     C    2       -0.752361        0.418600       -0.206512
     C    2        0.418600        0.789299        0.499376
     C    2       -0.206512        0.499376       -0.036938

     C    3        0.296722       -0.273840       -0.059503
     C    3       -0.273840       -0.165826       -0.039517
     C    3       -0.059503       -0.039517       -0.130896

     H    4        0.353885        0.377632        0.565067
     H    4        0.377632       -0.070232       -0.117237
     H    4        0.565067       -0.117237       -0.283653

     C    5       -0.596312        0.214010       -0.434645
     C    5        0.214010        0.565306        0.461353
     C    5       -0.434645        0.461353        0.031005

     H    6       -0.249531       -0.036366        0.248061
     H    6       -0.036366        0.399967        0.213605
     H    6        0.248061        0.213605       -0.150436

     H    7       -0.198055        0.236298        0.089795
     H    7        0.236298       -0.092458       -0.516554
     H    7        0.089795       -0.516554        0.290514

     C    8        0.142921       -0.006859        0.076626
     C    8       -0.006859        0.200364        0.214119
     C    8        0.076626        0.214119       -0.343285

     H    9        0.112495        0.250825        0.345836
     H    9        0.250825       -0.397595        0.064685
     H    9        0.345836        0.064685        0.285100

     C   10       -0.614920       -0.082026        0.051958
     C   10       -0.082026        0.457661        0.050210
     C   10        0.051958        0.050210        0.157259

     C   11        0.232714        0.267308        0.040014
     C   11        0.267308        0.123101        0.063260
     C   11        0.040014        0.063260       -0.355815

     Cl  12       -1.269028        0.588674        0.004278
     Cl  12        0.588674        0.889512        2.381030
     Cl  12        0.004278        2.381030        0.379516

     H   13       -0.104145       -0.137955        0.087103
     H   13       -0.137955        0.216069        0.565158
     H   13        0.087103        0.565158       -0.111924

     C   14        0.328363        0.061381        0.053160
     C   14        0.061381        0.222145       -0.198361
     C   14        0.053160       -0.198361       -0.550508

     H   15        0.519762       -0.060880        0.465115
     H   15       -0.060880       -0.493296        0.351049
     H   15        0.465115        0.351049       -0.026466

     C   16       -0.389188        0.137138       -0.034472
     C   16        0.137138        0.563640        0.139412
     C   16       -0.034472        0.139412       -0.174453

     C   17        0.246909       -0.278336       -0.107745
     C   17       -0.278336        0.515706       -0.411834
     C   17       -0.107745       -0.411834       -0.762615

     Cl  18       -1.247226       -0.619111       -0.093283
     Cl  18       -0.619111        2.819811        1.247679
     Cl  18       -0.093283        1.247679       -1.572585

     H   19        0.011406       -0.053690        0.044867
     H   19       -0.053690        0.507664       -0.158557
     H   19        0.044867       -0.158557       -0.519070

     C   20       -0.205288       -0.063074        0.215338
     C   20       -0.063074        0.335328       -0.284504
     C   20        0.215338       -0.284504       -0.130040

     H   21        0.514353       -0.398632        0.197299
     H   21       -0.398632       -0.436613       -0.429563
     H   21        0.197299       -0.429563       -0.077740

     C   22        0.266690        0.180710       -0.042363
     C   22        0.180710        0.220531        0.228253
     C   22       -0.042363        0.228253       -0.487221

     C   23       -0.400312       -0.301029       -0.133420
     C   23       -0.301029        0.363158       -0.267244
     C   23       -0.133420       -0.267244        0.037154

     Cl  24        0.080548        2.044161       -0.116538
     Cl  24        2.044161        2.247148       -1.146745
     Cl  24       -0.116538       -1.146745       -2.327696


     NQR/NMR SPECTROSCOPIC PARAMETERS:
     Cl   1    Vxx=    0.3609    axis=(  0.810682  0.355292  0.465363)
     Cl   1    Vyy=    1.1995    axis=(  0.501594 -0.831426 -0.239027)
     Cl   1    Vzz=   -1.5604    axis=( -0.301991 -0.427198  0.852234)
     Cl   1  Q=        -8.1650 1e-30 m^2  Cq=        29.9358 MHz  eta= 0.53740

     C    2    Vxx=   -0.0911    axis=( -0.440903 -0.274991  0.854392)
     C    2    Vyy=   -0.9822    axis=( -0.882083  0.308741 -0.355822)
     C    2    Vzz=    1.0733    axis=( -0.165938 -0.910527 -0.378689)
     C    2  Q=         1.0000 1e-30 m^2  Cq=         2.5218 MHz  eta= 0.83025

     C    3    Vxx=   -0.1129    axis=( -0.075017 -0.317607  0.945250)
     C    3    Vyy=   -0.3135    axis=(  0.413724  0.852572  0.319301)
     C    3    Vzz=    0.4264    axis=( -0.907307  0.415025  0.067444)
     C    3  Q=         1.0000 1e-30 m^2  Cq=         1.0019 MHz  eta= 0.47048

     H    4    Vxx=   -0.0259    axis=( -0.063261  0.848881 -0.524785)
     H    4    Vyy=   -0.7489    axis=( -0.523594  0.419427  0.741573)
     H    4    Vzz=    0.7748    axis=(  0.849616  0.321687  0.417935)
     H    4  Q=         1.0000 1e-30 m^2  Cq=         1.8205 MHz  eta= 0.93315

     C    5    Vxx=    0.1000    axis=(  0.569369  0.431767 -0.699569)
     C    5    Vyy=    0.8321    axis=(  0.026180 -0.860064 -0.509515)
     C    5    Vzz=   -0.9321    axis=(  0.821665 -0.271787  0.500997)
     C    5  Q=         1.0000 1e-30 m^2  Cq=        -2.1901 MHz  eta= 0.78540

     H    6    Vxx=    0.0081    axis=(  0.683379 -0.299497  0.665804)
     H    6    Vyy=    0.4764    axis=(  0.071730  0.935112  0.347016)
     H    6    Vzz=   -0.4845    axis=( -0.726531 -0.189385  0.660519)
     H    6  Q=         1.0000 1e-30 m^2  Cq=        -1.1385 MHz  eta= 0.96661

     H    7    Vxx=   -0.0527    axis=(  0.849689  0.386224  0.358971)
     H    7    Vyy=   -0.6019    axis=( -0.521708  0.714552  0.466087)
     H    7    Vzz=    0.6546    axis=( -0.076490 -0.583306  0.808643)
     H    7  Q=         1.0000 1e-30 m^2  Cq=         1.5381 MHz  eta= 0.83896

     C    8    Vxx=    0.1500    axis=(  0.980765 -0.180647  0.073942)
     C    8    Vyy=    0.2773    axis=(  0.145678  0.929548  0.338702)
     C    8    Vzz=   -0.4273    axis=( -0.129919 -0.321415  0.937984)
     C    8  Q=         1.0000 1e-30 m^2  Cq=        -1.0039 MHz  eta= 0.29805

     H    9    Vxx=   -0.0907    axis=(  0.644159  0.387466 -0.659492)
     H    9    Vyy=   -0.5083    axis=( -0.425336  0.898056  0.112181)
     H    9    Vzz=    0.5990    axis=(  0.635727  0.208243  0.743294)
     H    9  Q=         1.0000 1e-30 m^2  Cq=         1.4074 MHz  eta= 0.69717

     C   10    Vxx=    0.1544    axis=(  0.081695 -0.141238  0.986599)
     C   10    Vyy=    0.4707    axis=(  0.067531 -0.986849 -0.146865)
     C   10    Vzz=   -0.6251    axis=( -0.994367 -0.078624  0.071082)
     C   10  Q=         1.0000 1e-30 m^2  Cq=        -1.4688 MHz  eta= 0.50610

     C   11    Vxx=   -0.0929    axis=(  0.638476 -0.764728 -0.086828)
     C   11    Vyy=   -0.3641    axis=( -0.011696 -0.122443  0.992407)
     C   11    Vzz=    0.4570    axis=( -0.769553 -0.632612 -0.087121)
     C   11  Q=         1.0000 1e-30 m^2  Cq=         1.0737 MHz  eta= 0.59345

     Cl  12    Vxx=   -1.0892    axis=(  0.860725  0.266134 -0.433964)
     Cl  12    Vyy=   -1.9850    axis=( -0.498812  0.611176 -0.614532)
     Cl  12    Vzz=    3.0742    axis=( -0.101680 -0.745410 -0.658806)
     Cl  12  Q=        -8.1650 1e-30 m^2  Cq=       -58.9771 MHz  eta= 0.29142

     H   13    Vxx=   -0.0601    axis=(  0.949429 -0.119720  0.290262)
     H   13    Vyy=   -0.5850    axis=(  0.303820  0.583591 -0.753070)
     H   13    Vzz=    0.6452    axis=( -0.079237  0.803174  0.590452)
     H   13  Q=         1.0000 1e-30 m^2  Cq=         1.5159 MHz  eta= 0.81363

     C   14    Vxx=    0.2450    axis=( -0.469758  0.848686 -0.243021)
     C   14    Vyy=    0.3582    axis=(  0.879938  0.472277 -0.051616)
     C   14    Vzz=   -0.6032    axis=( -0.070967  0.238091  0.968647)
     C   14  Q=         1.0000 1e-30 m^2  Cq=        -1.4172 MHz  eta= 0.18771

     H   15    Vxx=   -0.0496    axis=(  0.474492 -0.585312 -0.657470)
     H   15    Vyy=   -0.7488    axis=(  0.238147  0.804409 -0.544254)
     H   15    Vzz=    0.7985    axis=( -0.847433 -0.101670 -0.521076)
     H   15  Q=         1.0000 1e-30 m^2  Cq=         1.8760 MHz  eta= 0.87572

     C   16    Vxx=   -0.1847    axis=( -0.250688 -0.132698  0.958930)
     C   16    Vyy=   -0.4211    axis=( -0.959457  0.165880 -0.227872)
     C   16    Vzz=    0.6058    axis=( -0.128829 -0.977177 -0.168902)
     C   16  Q=         1.0000 1e-30 m^2  Cq=         1.4234 MHz  eta= 0.39014

     C   17    Vxx=    0.1610    axis=(  0.884760  0.378458 -0.271973)
     C   17    Vyy=    0.7523    axis=(  0.437819 -0.874973  0.206727)
     C   17    Vzz=   -0.9133    axis=(  0.159731  0.301979  0.939838)
     C   17  Q=         1.0000 1e-30 m^2  Cq=        -2.1458 MHz  eta= 0.64748

     Cl  18    Vxx=   -1.3258    axis=(  0.983782  0.102650  0.147092)
     Cl  18    Vyy=   -1.9101    axis=(  0.115136  0.267425 -0.956675)
     Cl  18    Vzz=    3.2359    axis=( -0.137539  0.958095  0.251269)
     Cl  18  Q=        -8.1650 1e-30 m^2  Cq=       -62.0792 MHz  eta= 0.18059

     H   19    Vxx=    0.0070    axis=(  0.991433  0.121499  0.047938)
     H   19    Vyy=    0.5384    axis=( -0.112981  0.981899 -0.152021)
     H   19    Vzz=   -0.5454    axis=( -0.065541  0.145302  0.987214)
     H   19  Q=         1.0000 1e-30 m^2  Cq=        -1.2814 MHz  eta= 0.97435

     C   20    Vxx=   -0.0872    axis=(  0.714092  0.461203  0.526654)
     C   20    Vyy=   -0.4161    axis=( -0.665725  0.214695  0.714645)
     C   20    Vzz=    0.5033    axis=(  0.216526 -0.860929  0.460346)
     C   20  Q=         1.0000 1e-30 m^2  Cq=         1.1826 MHz  eta= 0.65346

     H   21    Vxx=   -0.0318    axis=(  0.521581  0.323956 -0.789307)
     H   21    Vyy=   -0.7665    axis=(  0.192773  0.856444  0.478897)
     H   21    Vzz=    0.7983    axis=(  0.831139 -0.401940  0.384255)
     H   21  Q=         1.0000 1e-30 m^2  Cq=         1.8758 MHz  eta= 0.92031

     C   22    Vxx=    0.1220    axis=( -0.713149  0.638718  0.288892)
     C   22    Vyy=    0.4429    axis=(  0.691732  0.708008  0.142235)
     C   22    Vzz=   -0.5649    axis=(  0.113690 -0.301271  0.946737)
     C   22  Q=         1.0000 1e-30 m^2  Cq=        -1.3274 MHz  eta= 0.56809

     C   23    Vxx=    0.0249    axis=(  0.455126 -0.266252 -0.849688)
     C   23    Vyy=    0.5586    axis=(  0.223754 -0.889431  0.398556)
     C   23    Vzz=   -0.5835    axis=(  0.861855  0.371514  0.345229)
     C   23  Q=         1.0000 1e-30 m^2  Cq=        -1.3710 MHz  eta= 0.91473

     Cl  24    Vxx=   -0.9962    axis=(  0.851653 -0.431668  0.297238)
     Cl  24    Vyy=   -2.6642    axis=(  0.178865 -0.293697 -0.939015)
     Cl  24    Vzz=    3.6604    axis=(  0.492640  0.852880 -0.172918)
     Cl  24  Q=        -8.1650 1e-30 m^2  Cq=       -70.2228 MHz  eta= 0.45567

     Initialization:
     gipaw_setup  :      9.50s CPU     12.65s WALL (       1 calls)

     Linear response

     Apply operators

     Induced current

     Other routines
     efg          :     13.64s CPU     23.31s WALL (       1 calls)

     General routines
     calbec       :      4.20s CPU      6.16s WALL (      16 calls)
     fft          :      1.71s CPU      3.30s WALL (      15 calls)
     ffts         :      0.07s CPU      0.13s WALL (       2 calls)
     fftw         :      6.34s CPU     12.66s WALL (     672 calls)
     davcio       :      0.04s CPU      0.30s WALL (      32 calls)

     Parallel routines
     fft_scatter  :      5.22s CPU     13.02s WALL (     689 calls)

     Plugins

     GIPAW        :     69.62s CPU     91.57s WALL (       1 calls)
