
     Program QE v.6.0 (svn rev. 13079) starts on 10Jan2017 at 16:26:44 

     This program is part of the open-source Quantum ESPRESSO suite
     for quantum simulation of materials; please cite
         "P. Giannozzi et al., J. Phys.:Condens. Matter 21 395502 (2009);
          URL http://www.quantum-espresso.org", 
     in publications or presentations arising from this work. More details at
     http://www.quantum-espresso.org/quote

     Parallel version (MPI), running on     8 processors
     R & G space division:  proc/nbgrp/npool/nimage =       8

     ***** This is GIPAW svn revision unknown      *****

     Parallelizing q-star over 1 images

     Reading data from directory:
     /users/majewski/paradichlorobenzene/pbe/9_constraint/scratch/pbe.ecut100.np8.dt60.pcl2phi-129368.save
     Message from routine read_xml_file:
     file /users/majewski/paradichlorobenzene/pbe/9_constraint/scratch/pbe.ecut100.np8.dt60.pcl2phi-129368.save not guaranteed to be safe for post-processing

   Info: using nr1, nr2, nr3 values from input

   Info: using nr1, nr2, nr3 values from input

     IMPORTANT: XC functional enforced from input :
     Exchange-correlation      =  SLA  PW   PBX  PBC ( 1  4  3  4 0 0)
     Any further DFT definition will be discarded
     Please, verify this is what you really want

               file C.pbe-n-kjpaw_psl.1.0.0.UPF: wavefunction(s)  2S 2P renormalized
               file Cl.pbe-n-kjpaw_psl.1.0.0.UPF: wavefunction(s)  3S 3P renormalized
               file H.pbe-kjpaw_psl.1.0.0.UPF: wavefunction(s)  1S renormalized

     Parallelization info
     --------------------
     sticks:   dense  smooth     PW     G-vecs:    dense   smooth      PW
     Min        3057    1223    332               144436    36536    5170
     Max        3059    1225    333               144437    36537    5171
     Sum       24467    9791   2657              1155489   292295   41363


     Subspace diagonalization in iterative solution of the eigenvalue problem:
     a serial algorithm will be used

     GIPAW projectors -----------------------------------------------
     atom=  C    l=0  rc=    1.2000  rs=    0.8000
     atom=  C    l=0  rc=    1.2000  rs=    0.8000
     atom=  C    l=1  rc=    1.4000  rs=    0.9333
     atom=  C    l=1  rc=    1.4000  rs=    0.9333
     projs nearly linearly dependent: l=1  n1,n2= 1, 2  s=  0.99951561

     atom=  Cl   l=0  rc=    1.6000  rs=    1.0667
     atom=  Cl   l=0  rc=    1.6000  rs=    1.0667
     atom=  Cl   l=1  rc=    1.6000  rs=    1.0667
     atom=  Cl   l=1  rc=    1.6000  rs=    1.0667
     atom=  Cl   l=2  rc=    1.6000  rs=    1.0667
     atom=  Cl   l=2  rc=    1.6000  rs=    1.0667
     projs nearly linearly dependent: l=2  n1,n2= 1, 2  s=  0.99993509

     atom=  H    l=0  rc=    1.0000  rs=    0.6667
     atom=  H    l=0  rc=    1.0000  rs=    0.6667
     projs nearly linearly dependent: l=0  n1,n2= 1, 2  s=  0.99968852
     -----------------------------------------------------------------

     GIPAW integrals: -------------------------------------------
     Atom  i/j   nmr_para   nmr_dia   epr_rmc  epr_para   epr_dia
       C   1 1   0.83E+03  0.17E-01  0.93E+01  0.24E+08  0.24E+03
       C   2 1   0.86E+03 -0.61E-01  0.94E+01  0.25E+08  0.25E+03
       C   2 2   0.90E+03 -0.15E+00  0.97E+01  0.26E+08  0.26E+03
       C   3 3   0.33E+01  0.34E+00  0.18E+01  0.55E+03  0.21E+02
       C   4 3   0.35E+01  0.37E+00  0.20E+01  0.59E+03  0.22E+02
       C   4 4   0.38E+01  0.39E+00  0.22E+01  0.63E+03  0.24E+02
       Cl  1 1   0.14E+04 -0.47E+00  0.84E+01  0.32E+09  0.42E+03
       Cl  2 1   0.21E+04 -0.37E+00  0.12E+02  0.49E+09  0.65E+03
       Cl  2 2   0.33E+04 -0.16E+00  0.21E+02  0.76E+09  0.10E+04
       Cl  3 3   0.21E+02  0.79E-01  0.89E+01  0.23E+05  0.13E+03
       Cl  4 3   0.24E+02  0.67E-01  0.99E+01  0.27E+05  0.15E+03
       Cl  4 4   0.28E+02  0.44E-01  0.11E+02  0.32E+05  0.18E+03
       Cl  5 5   0.77E+00  0.19E+00  0.18E+01  0.12E+03  0.22E+02
       Cl  6 5   0.80E+00  0.19E+00  0.19E+01  0.12E+03  0.23E+02
       Cl  6 6   0.83E+00  0.20E+00  0.19E+01  0.12E+03  0.23E+02
       H   1 1   0.39E+02  0.19E+00  0.29E+00  0.78E+05  0.13E+02
       H   2 1   0.41E+02  0.21E+00  0.32E+00  0.82E+05  0.14E+02
       H   2 2   0.43E+02  0.22E+00  0.36E+00  0.86E+05  0.15E+02
     ------------------------------------------------------------

     alpha_pv=     34.0591 eV

     Number of occupied bands for each k-point:
     k-point:     1    nbnd_occ=  42
     k-point:     2    nbnd_occ=  42
     k-point:     3    nbnd_occ=  42
     k-point:     4    nbnd_occ=  42
     k-point:     5    nbnd_occ=  42
     k-point:     6    nbnd_occ=  42
     k-point:     7    nbnd_occ=  42
     k-point:     8    nbnd_occ=  42
     k-point:     9    nbnd_occ=  42
     k-point:    10    nbnd_occ=  42
     k-point:    11    nbnd_occ=  42
     k-point:    12    nbnd_occ=  42
     k-point:    13    nbnd_occ=  42
     k-point:    14    nbnd_occ=  42
     k-point:    15    nbnd_occ=  42
     k-point:    16    nbnd_occ=  42


     q-space interpolation up to   110.00 Rydberg

     GIPAW job: efg                                                                             


     ELECTRIC FIELD GRADIENTS TENSORS IN Hartree/bohrradius^2:

     ----- bare term -----
     Cl   1       -0.029594        0.213141        0.091666
     Cl   1        0.213141        0.021741        0.105917
     Cl   1        0.091666        0.105917        0.007853

     C    2       -0.194438        0.180934       -0.494127
     C    2        0.180934        0.105058       -0.345153
     C    2       -0.494127       -0.345153        0.089379

     C    3        0.165156        0.267110        0.009169
     C    3        0.267110       -0.167079       -0.386363
     C    3        0.009169       -0.386363        0.001922

     H    4        0.197421       -0.026942       -0.278783
     H    4       -0.026942        0.216573        0.270834
     H    4       -0.278783        0.270834       -0.413994

     C    5       -0.579586        0.355494       -0.338922
     C    5        0.355494        0.297596       -0.342698
     C    5       -0.338922       -0.342698        0.281990

     H    6        0.454844       -0.050410        0.227912
     H    6       -0.050410        0.068835       -0.200304
     H    6        0.227912       -0.200304       -0.523679

     H    7        0.364097        0.308386        0.050349
     H    7        0.308386       -0.656966        0.145642
     H    7        0.050349        0.145642        0.292869

     C    8       -0.336178       -0.250477       -0.348286
     C    8       -0.250477       -0.103437        0.460134
     C    8       -0.348286        0.460134        0.439614

     H    9       -0.470541        0.490066       -0.053197
     H    9        0.490066        0.195981       -0.039111
     H    9       -0.053197       -0.039111        0.274560

     C   10       -0.177278       -0.226074       -0.351628
     C   10       -0.226074       -0.216360        0.505405
     C   10       -0.351628        0.505405        0.393638

     C   11       -0.322267        0.077583       -0.329320
     C   11        0.077583       -0.072753        0.510793
     C   11       -0.329320        0.510793        0.395019

     Cl  12       -0.141960       -0.130335        0.125712
     Cl  12       -0.130335       -0.125010       -0.020332
     Cl  12        0.125712       -0.020332        0.266970

     H   13        0.435544       -0.073119       -0.247213
     H   13       -0.073119       -0.013717       -0.455092
     H   13       -0.247213       -0.455092       -0.421827

     C   14       -0.124013        0.434113        0.039191
     C   14        0.434113       -0.410660       -0.400091
     C   14        0.039191       -0.400091        0.534672

     H   15        0.033130        0.019278       -0.530671
     H   15        0.019278        0.290285        0.203906
     H   15       -0.530671        0.203906       -0.323415

     C   16       -0.268241        0.073177       -0.230099
     C   16        0.073177       -0.130961       -0.570373
     C   16       -0.230099       -0.570373        0.399202

     C   17       -0.194015        0.119390       -0.431010
     C   17        0.119390       -0.154679       -0.522014
     C   17       -0.431010       -0.522014        0.348694

     Cl  18       -0.037366        0.040102        0.001974
     Cl  18        0.040102       -0.031445        0.037758
     Cl  18        0.001974        0.037758        0.068811

     H   19        0.475605        0.022183        0.134981
     H   19        0.022183       -0.028517        0.392477
     H   19        0.134981        0.392477       -0.447088

     C   20       -0.350391       -0.310818       -0.217357
     C   20       -0.310818       -0.154877        0.437358
     C   20       -0.217357        0.437358        0.505268

     H   21       -0.314368        0.211479       -0.528111
     H   21        0.211479        0.319592        0.221353
     H   21       -0.528111        0.221353       -0.005224

     C   22       -0.144595       -0.160574       -0.269550
     C   22       -0.160574       -0.180055        0.586634
     C   22       -0.269550        0.586634        0.324651

     C   23       -0.189676       -0.138113       -0.317881
     C   23       -0.138113       -0.146723        0.482389
     C   23       -0.317881        0.482389        0.336399

     Cl  24       -0.006983       -0.006496       -0.031566
     Cl  24       -0.006496        0.012488        0.019310
     Cl  24       -0.031566        0.019310       -0.005506

     ----- ionic term -----
     Cl   1        0.122327       -0.209310       -0.013787
     Cl   1       -0.209310        0.005017        0.017586
     Cl   1       -0.013787        0.017586       -0.127344

     C    2        0.067181       -0.240638        0.265093
     C    2       -0.240638       -0.012467        0.478390
     C    2        0.265093        0.478390       -0.054714

     C    3       -0.056372       -0.343553        0.237039
     C    3       -0.343553        0.092671        0.403472
     C    3        0.237039        0.403472       -0.036299

     H    4        0.260730        0.065267        0.803129
     H    4        0.065267       -0.530507        0.126407
     H    4        0.803129        0.126407        0.269777

     C    5        0.076898       -0.370562        0.328899
     C    5       -0.370562        0.003516        0.231503
     C    5        0.328899        0.231503       -0.080414

     H    6       -0.559710       -0.051244       -0.008995
     H    6       -0.051244        0.323447        0.796328
     H    6       -0.008995        0.796328        0.236263

     H    7       -0.507079       -0.165089        0.070777
     H    7       -0.165089        0.767278       -0.627126
     H    7        0.070777       -0.627126       -0.260199

     C    8        0.275222        0.108186        0.224236
     C    8        0.108186        0.111081       -0.274054
     C    8        0.224236       -0.274054       -0.386303

     H    9        0.715629       -0.464835        0.501236
     H    9       -0.464835       -0.329567       -0.238356
     H    9        0.501236       -0.238356       -0.386061

     C   10        0.167669        0.122388        0.177533
     C   10        0.122388        0.165599       -0.362005
     C   10        0.177533       -0.362005       -0.333268

     C   11        0.238596        0.147139        0.285971
     C   11        0.147139        0.074900       -0.407452
     C   11        0.285971       -0.407452       -0.313497

     Cl  12        0.124299        0.218854       -0.006594
     Cl  12        0.218854        0.029050       -0.018137
     Cl  12       -0.006594       -0.018137       -0.153349

     H   13       -0.529605        0.068088        0.041517
     H   13        0.068088        0.442340        0.778449
     H   13        0.041517        0.778449        0.087265

     C   14        0.141655       -0.231180        0.305951
     C   14       -0.231180        0.041302        0.288165
     C   14        0.305951        0.288165       -0.182957

     H   15        0.474239        0.130651        0.786994
     H   15        0.130651       -0.494751        0.169503
     H   15        0.786994        0.169503        0.020512

     C   16        0.031986       -0.260069        0.256806
     C   16       -0.260069        0.181293        0.355001
     C   16        0.256806        0.355001       -0.213280

     C   17       -0.028280       -0.282345        0.377210
     C   17       -0.282345        0.145361        0.306636
     C   17        0.377210        0.306636       -0.117081

     Cl  18        0.042976       -0.207619        0.025754
     Cl  18       -0.207619        0.100163       -0.018783
     Cl  18        0.025754       -0.018783       -0.143139

     H   19       -0.506748        0.043742       -0.011867
     H   19        0.043742        0.415212       -0.792387
     H   19       -0.011867       -0.792387        0.091536

     C   20        0.307180        0.206938        0.246061
     C   20        0.206938       -0.023927       -0.337228
     C   20        0.246061       -0.337228       -0.283253

     H   21        0.495131       -0.370933        0.694472
     H   21       -0.370933       -0.370364       -0.321637
     H   21        0.694472       -0.321637       -0.124767

     C   22        0.083639        0.221207        0.157295
     C   22        0.221207        0.194624       -0.474416
     C   22        0.157295       -0.474416       -0.278263

     C   23        0.211933        0.175589        0.189249
     C   23        0.175589        0.122141       -0.446610
     C   23        0.189249       -0.446610       -0.334074

     Cl  24        0.156195        0.217739       -0.001879
     Cl  24        0.217739       -0.010087       -0.010294
     Cl  24       -0.001879       -0.010294       -0.146108

     ----- GIPAW term -----
     Cl   1        1.157511        0.078028        1.086652
     Cl   1        0.078028        0.464345        1.217881
     Cl   1        1.086652        1.217881       -1.621856

     C    2        0.120929        0.092029       -0.067367
     C    2        0.092029        0.065069       -0.027028
     C    2       -0.067367       -0.027028       -0.185998

     C    3       -0.012792        0.081914       -0.018801
     C    3        0.081914        0.064799       -0.081783
     C    3       -0.018801       -0.081783       -0.052007

     H    4       -0.000000        0.000000        0.000000
     H    4        0.000000        0.000000        0.000000
     H    4        0.000000        0.000000        0.000000

     C    5       -0.162947        0.124136       -0.085910
     C    5        0.124136        0.159801       -0.180130
     C    5       -0.085910       -0.180130        0.003146

     H    6       -0.000000        0.000000        0.000000
     H    6        0.000000        0.000000        0.000000
     H    6        0.000000        0.000000        0.000000

     H    7       -0.000000        0.000000        0.000000
     H    7        0.000000        0.000000        0.000000
     H    7        0.000000        0.000000        0.000000

     C    8       -0.065909       -0.080308       -0.089970
     C    8       -0.080308       -0.016325        0.168351
     C    8       -0.089970        0.168351        0.082234

     H    9       -0.000000        0.000000        0.000000
     H    9        0.000000        0.000000        0.000000
     H    9        0.000000        0.000000        0.000000

     C   10       -0.020993       -0.048770       -0.142765
     C   10       -0.048770       -0.043685        0.104654
     C   10       -0.142765        0.104654        0.064678

     C   11       -0.029985        0.150351       -0.010471
     C   11        0.150351       -0.059296        0.100077
     C   11       -0.010471        0.100077        0.089281

     Cl  12        0.256898        1.384165        1.276824
     Cl  12        1.384165       -1.216636       -0.225506
     Cl  12        1.276824       -0.225506        0.959738

     H   13       -0.000000        0.000000        0.000000
     H   13        0.000000        0.000000        0.000000
     H   13        0.000000        0.000000        0.000000

     C   14        0.016180        0.093848        0.161917
     C   14        0.093848       -0.195163       -0.050601
     C   14        0.161917       -0.050601        0.178983

     H   15       -0.000000        0.000000        0.000000
     H   15        0.000000        0.000000        0.000000
     H   15        0.000000        0.000000        0.000000

     C   16       -0.164820       -0.045192       -0.004551
     C   16       -0.045192       -0.026843       -0.219665
     C   16       -0.004551       -0.219665        0.191662

     C   17       -0.004506       -0.066904       -0.120453
     C   17       -0.066904       -0.020373       -0.159367
     C   17       -0.120453       -0.159367        0.024879

     Cl  18        0.341690        0.454796       -1.156850
     Cl  18        0.454796        0.816342       -1.553523
     Cl  18       -1.156850       -1.553523       -1.158032

     H   19       -0.000000        0.000000        0.000000
     H   19        0.000000        0.000000        0.000000
     H   19        0.000000        0.000000        0.000000

     C   20       -0.079507       -0.044535       -0.001423
     C   20       -0.044535       -0.084240        0.132062
     C   20       -0.001423        0.132062        0.163747

     H   21       -0.000000        0.000000        0.000000
     H   21        0.000000        0.000000        0.000000
     H   21        0.000000        0.000000        0.000000

     C   22       -0.066517        0.020083       -0.054447
     C   22        0.020083        0.036100        0.129498
     C   22       -0.054447        0.129498        0.030417

     C   23        0.058242        0.117672       -0.053483
     C   23        0.117672       -0.019158        0.077951
     C   23       -0.053483        0.077951       -0.039084

     Cl  24        1.415112        2.257584       -0.256006
     Cl  24        2.257584        0.178797        0.150751
     Cl  24       -0.256006        0.150751       -1.593909

     ----- total EFG -----
     Cl   1        1.250245        0.081858        1.164532
     Cl   1        0.081858        0.491102        1.341384
     Cl   1        1.164532        1.341384       -1.741347

     C    2       -0.006328        0.032325       -0.296401
     C    2        0.032325        0.157660        0.106209
     C    2       -0.296401        0.106209       -0.151333

     C    3        0.095993        0.005472        0.227407
     C    3        0.005472       -0.009609       -0.064674
     C    3        0.227407       -0.064674       -0.086383

     H    4        0.458151        0.038325        0.524346
     H    4        0.038325       -0.313934        0.397241
     H    4        0.524346        0.397241       -0.144216

     C    5       -0.665634        0.109067       -0.095933
     C    5        0.109067        0.460913       -0.291325
     C    5       -0.095933       -0.291325        0.204722

     H    6       -0.104866       -0.101654        0.218917
     H    6       -0.101654        0.392282        0.596024
     H    6        0.218917        0.596024       -0.287415

     H    7       -0.142981        0.143298        0.121126
     H    7        0.143298        0.110311       -0.481484
     H    7        0.121126       -0.481484        0.032670

     C    8       -0.126864       -0.222599       -0.214020
     C    8       -0.222599       -0.008681        0.354430
     C    8       -0.214020        0.354430        0.135546

     H    9        0.245088        0.025231        0.448040
     H    9        0.025231       -0.133586       -0.277467
     H    9        0.448040       -0.277467       -0.111502

     C   10       -0.030602       -0.152456       -0.316860
     C   10       -0.152456       -0.094446        0.248054
     C   10       -0.316860        0.248054        0.125048

     C   11       -0.113656        0.375074       -0.053820
     C   11        0.375074       -0.057148        0.203418
     C   11       -0.053820        0.203418        0.170804

     Cl  12        0.239238        1.472683        1.395942
     Cl  12        1.472683       -1.312596       -0.263975
     Cl  12        1.395942       -0.263975        1.073358

     H   13       -0.094061       -0.005031       -0.205696
     H   13       -0.005031        0.428624        0.323357
     H   13       -0.205696        0.323357       -0.334562

     C   14        0.033822        0.296781        0.507059
     C   14        0.296781       -0.564520       -0.162527
     C   14        0.507059       -0.162527        0.530698

     H   15        0.507369        0.149930        0.256323
     H   15        0.149930       -0.204466        0.373409
     H   15        0.256323        0.373409       -0.302903

     C   16       -0.401075       -0.232084        0.022155
     C   16       -0.232084        0.023490       -0.435037
     C   16        0.022155       -0.435037        0.377584

     C   17       -0.226801       -0.229859       -0.174252
     C   17       -0.229859       -0.029691       -0.374745
     C   17       -0.174252       -0.374745        0.256492

     Cl  18        0.347300        0.287278       -1.129122
     Cl  18        0.287278        0.885060       -1.534548
     Cl  18       -1.129122       -1.534548       -1.232360

     H   19       -0.031143        0.065925        0.123114
     H   19        0.065925        0.386695       -0.399910
     H   19        0.123114       -0.399910       -0.355552

     C   20       -0.122717       -0.148415        0.027282
     C   20       -0.148415       -0.263044        0.232192
     C   20        0.027282        0.232192        0.385761

     H   21        0.180763       -0.159454        0.166362
     H   21       -0.159454       -0.050772       -0.100284
     H   21        0.166362       -0.100284       -0.129992

     C   22       -0.127474        0.080717       -0.166702
     C   22        0.080717        0.050670        0.241716
     C   22       -0.166702        0.241716        0.076805

     C   23        0.080500        0.155148       -0.182115
     C   23        0.155148       -0.043740        0.113730
     C   23       -0.182115        0.113730       -0.036759

     Cl  24        1.564324        2.468827       -0.289451
     Cl  24        2.468827        0.181199        0.159766
     Cl  24       -0.289451        0.159766       -1.745523

     ----- total EFG (symmetrized) -----
     Cl   1        1.250245        0.081858        1.164532
     Cl   1        0.081858        0.491102        1.341384
     Cl   1        1.164532        1.341384       -1.741347

     C    2       -0.006328        0.032325       -0.296401
     C    2        0.032325        0.157660        0.106209
     C    2       -0.296401        0.106209       -0.151333

     C    3        0.095993        0.005472        0.227407
     C    3        0.005472       -0.009609       -0.064674
     C    3        0.227407       -0.064674       -0.086383

     H    4        0.458151        0.038325        0.524346
     H    4        0.038325       -0.313934        0.397241
     H    4        0.524346        0.397241       -0.144216

     C    5       -0.665634        0.109067       -0.095933
     C    5        0.109067        0.460913       -0.291325
     C    5       -0.095933       -0.291325        0.204722

     H    6       -0.104866       -0.101654        0.218917
     H    6       -0.101654        0.392282        0.596024
     H    6        0.218917        0.596024       -0.287415

     H    7       -0.142981        0.143298        0.121126
     H    7        0.143298        0.110311       -0.481484
     H    7        0.121126       -0.481484        0.032670

     C    8       -0.126864       -0.222599       -0.214020
     C    8       -0.222599       -0.008681        0.354430
     C    8       -0.214020        0.354430        0.135546

     H    9        0.245088        0.025231        0.448040
     H    9        0.025231       -0.133586       -0.277467
     H    9        0.448040       -0.277467       -0.111502

     C   10       -0.030602       -0.152456       -0.316860
     C   10       -0.152456       -0.094446        0.248054
     C   10       -0.316860        0.248054        0.125048

     C   11       -0.113656        0.375074       -0.053820
     C   11        0.375074       -0.057148        0.203418
     C   11       -0.053820        0.203418        0.170804

     Cl  12        0.239238        1.472683        1.395942
     Cl  12        1.472683       -1.312596       -0.263975
     Cl  12        1.395942       -0.263975        1.073358

     H   13       -0.094061       -0.005031       -0.205696
     H   13       -0.005031        0.428624        0.323357
     H   13       -0.205696        0.323357       -0.334562

     C   14        0.033822        0.296781        0.507059
     C   14        0.296781       -0.564520       -0.162527
     C   14        0.507059       -0.162527        0.530698

     H   15        0.507369        0.149930        0.256323
     H   15        0.149930       -0.204466        0.373409
     H   15        0.256323        0.373409       -0.302903

     C   16       -0.401075       -0.232084        0.022155
     C   16       -0.232084        0.023490       -0.435037
     C   16        0.022155       -0.435037        0.377584

     C   17       -0.226801       -0.229859       -0.174252
     C   17       -0.229859       -0.029691       -0.374745
     C   17       -0.174252       -0.374745        0.256492

     Cl  18        0.347300        0.287278       -1.129122
     Cl  18        0.287278        0.885060       -1.534548
     Cl  18       -1.129122       -1.534548       -1.232360

     H   19       -0.031143        0.065925        0.123114
     H   19        0.065925        0.386695       -0.399910
     H   19        0.123114       -0.399910       -0.355552

     C   20       -0.122717       -0.148415        0.027282
     C   20       -0.148415       -0.263044        0.232192
     C   20        0.027282        0.232192        0.385761

     H   21        0.180763       -0.159454        0.166362
     H   21       -0.159454       -0.050772       -0.100284
     H   21        0.166362       -0.100284       -0.129992

     C   22       -0.127474        0.080717       -0.166702
     C   22        0.080717        0.050670        0.241716
     C   22       -0.166702        0.241716        0.076805

     C   23        0.080500        0.155148       -0.182115
     C   23        0.155148       -0.043740        0.113730
     C   23       -0.182115        0.113730       -0.036759

     Cl  24        1.564324        2.468827       -0.289451
     Cl  24        2.468827        0.181199        0.159766
     Cl  24       -0.289451        0.159766       -1.745523


     NQR/NMR SPECTROSCOPIC PARAMETERS:
     Cl   1    Vxx=    0.7382    axis=(  0.548389 -0.815782 -0.183765)
     Cl   1    Vyy=    1.9050    axis=(  0.795271  0.440855  0.416161)
     Cl   1    Vzz=   -2.6433    axis=( -0.258483 -0.374361  0.890528)
     Cl   1  Q=        -8.1650 1e-30 m^2  Cq=        50.7095 MHz  eta= 0.44142

     C    2    Vxx=    0.1550    axis=( -0.482356 -0.859573  0.168720)
     C    2    Vyy=    0.2482    axis=(  0.640213 -0.477394 -0.601849)
     C    2    Vzz=   -0.4032    axis=(  0.597879 -0.182289  0.780584)
     C    2  Q=         1.0000 1e-30 m^2  Cq=        -0.9473 MHz  eta= 0.23131

     C    3    Vxx=   -0.0003    axis=(  0.229170  0.965931 -0.120240)
     C    3    Vyy=   -0.2535    axis=( -0.533568  0.227974  0.814453)
     C    3    Vzz=    0.2537    axis=(  0.814117 -0.122492  0.567635)
     C    3  Q=         1.0000 1e-30 m^2  Cq=         0.5962 MHz  eta= 0.99795

     H    4    Vxx=   -0.0861    axis=(  0.500730 -0.729162 -0.466467)
     H    4    Vyy=   -0.7272    axis=(  0.290095  0.649089 -0.703227)
     H    4    Vzz=    0.8133    axis=(  0.815546  0.216807  0.536545)
     H    4  Q=         1.0000 1e-30 m^2  Cq=         1.9109 MHz  eta= 0.78821

     C    5    Vxx=    0.0152    axis=( -0.029037  0.551832  0.833450)
     C    5    Vyy=    0.6666    axis=(  0.107346  0.830701 -0.546272)
     C    5    Vzz=   -0.6818    axis=( -0.993798  0.073605 -0.083357)
     C    5  Q=         1.0000 1e-30 m^2  Cq=        -1.6019 MHz  eta= 0.95548

     H    6    Vxx=   -0.0125    axis=(  0.932266 -0.204897  0.298158)
     H    6    Vyy=   -0.7266    axis=(  0.360727  0.463802 -0.809175)
     H    6    Vzz=    0.7391    axis=(  0.027511  0.861919  0.506299)
     H    6  Q=         1.0000 1e-30 m^2  Cq=         1.7367 MHz  eta= 0.96615

     H    7    Vxx=   -0.0484    axis=( -0.889333 -0.284066 -0.358321)
     H    7    Vyy=   -0.5069    axis=( -0.455921  0.610802  0.647346)
     H    7    Vzz=    0.5553    axis=(  0.034974  0.739072 -0.672718)
     H    7  Q=         1.0000 1e-30 m^2  Cq=         1.3048 MHz  eta= 0.82567

     C    8    Vxx=   -0.2429    axis=( -0.777017  0.176076 -0.604352)
     C    8    Vyy=   -0.3190    axis=( -0.479891 -0.787013  0.387704)
     C    8    Vzz=    0.5619    axis=( -0.407368  0.591276  0.696021)
     C    8  Q=         1.0000 1e-30 m^2  Cq=         1.3202 MHz  eta= 0.13549

     H    9    Vxx=   -0.0167    axis=(  0.451917  0.836045 -0.311126)
     H    9    Vyy=   -0.5603    axis=( -0.430368  0.509834  0.744885)
     H    9    Vzz=    0.5770    axis=(  0.781380 -0.202727  0.590209)
     H    9  Q=         1.0000 1e-30 m^2  Cq=         1.3556 MHz  eta= 0.94214

     C   10    Vxx=   -0.2180    axis=( -0.588146 -0.807724  0.040810)
     C   10    Vyy=   -0.2938    axis=(  0.599932 -0.401890  0.691785)
     C   10    Vzz=    0.5118    axis=( -0.542371  0.431354  0.720949)
     C   10  Q=         1.0000 1e-30 m^2  Cq=         1.2026 MHz  eta= 0.14820

     C   11    Vxx=    0.1396    axis=( -0.564395 -0.269087  0.780417)
     C   11    Vyy=    0.3695    axis=( -0.463579 -0.678921 -0.569351)
     C   11    Vzz=   -0.5091    axis=( -0.683046  0.683124 -0.258437)
     C   11  Q=         1.0000 1e-30 m^2  Cq=        -1.1963 MHz  eta= 0.45167

     Cl  12    Vxx=    0.2157    axis=( -0.500368 -0.591399  0.632360)
     Cl  12    Vyy=    2.2625    axis=(  0.656462  0.217073  0.722452)
     Cl  12    Vzz=   -2.4781    axis=( -0.564525  0.776612  0.279615)
     Cl  12  Q=        -8.1650 1e-30 m^2  Cq=        47.5419 MHz  eta= 0.82595

     H   13    Vxx=   -0.0196    axis=(  0.908089  0.251654 -0.334730)
     H   13    Vyy=   -0.5369    axis=( -0.400603  0.289105 -0.869445)
     H   13    Vzz=    0.5565    axis=( -0.122027  0.923628  0.363346)
     H   13  Q=         1.0000 1e-30 m^2  Cq=         1.3075 MHz  eta= 0.92944

     C   14    Vxx=   -0.0575    axis=( -0.700062 -0.554131  0.450391)
     C   14    Vyy=   -0.7897    axis=( -0.475434  0.832301  0.285022)
     C   14    Vzz=    0.8472    axis=(  0.532800  0.014598  0.846115)
     C   14  Q=         1.0000 1e-30 m^2  Cq=         1.9906 MHz  eta= 0.86430

     H   15    Vxx=   -0.0228    axis=(  0.458281 -0.712848 -0.530873)
     H   15    Vyy=   -0.6388    axis=(  0.089687  0.631327 -0.770313)
     H   15    Vzz=    0.6616    axis=(  0.884271  0.305408  0.353258)
     H   15  Q=         1.0000 1e-30 m^2  Cq=         1.5544 MHz  eta= 0.93117

     C   16    Vxx=   -0.1516    axis=( -0.543871  0.636900  0.546409)
     C   16    Vyy=   -0.5393    axis=( -0.827677 -0.514514 -0.224111)
     C   16    Vzz=    0.6909    axis=(  0.138398 -0.574138  0.806977)
     C   16  Q=         1.0000 1e-30 m^2  Cq=         1.6233 MHz  eta= 0.56129

     C   17    Vxx=    0.0323    axis=(  0.742994 -0.562494 -0.362711)
     C   17    Vyy=    0.5148    axis=(  0.020613  0.560903 -0.827625)
     C   17    Vzz=   -0.5471    axis=(  0.668980  0.607444  0.428342)
     C   17  Q=         1.0000 1e-30 m^2  Cq=        -1.2854 MHz  eta= 0.88198

     Cl  18    Vxx=    0.2526    axis=(  0.834319 -0.546921 -0.069207)
     Cl  18    Vyy=    2.0818    axis=( -0.446620 -0.744168  0.496734)
     Cl  18    Vzz=   -2.3344    axis=( -0.323176 -0.383525 -0.865139)
     Cl  18  Q=        -8.1650 1e-30 m^2  Cq=        44.7848 MHz  eta= 0.78355

     H   19    Vxx=    0.0049    axis=(  0.967578  0.082839  0.238599)
     H   19    Vyy=    0.5614    axis=(  0.019478  0.917395 -0.397500)
     H   19    Vzz=   -0.5662    axis=( -0.251819  0.389260  0.886038)
     H   19  Q=         1.0000 1e-30 m^2  Cq=        -1.3304 MHz  eta= 0.98283

     C   20    Vxx=   -0.0465    axis=(  0.888821 -0.424732  0.172045)
     C   20    Vyy=   -0.4145    axis=(  0.456926  0.849979 -0.262209)
     C   20    Vzz=    0.4610    axis=( -0.034866  0.311669  0.949551)
     C   20  Q=         1.0000 1e-30 m^2  Cq=         1.0831 MHz  eta= 0.79819

     H   21    Vxx=   -0.1301    axis=(  0.511051  0.847681 -0.142350)
     H   21    Vyy=   -0.2116    axis=( -0.261113  0.310887  0.913876)
     H   21    Vzz=    0.3417    axis=( -0.818930  0.429867 -0.380220)
     H   21  Q=         1.0000 1e-30 m^2  Cq=         0.8029 MHz  eta= 0.23874

     C   22    Vxx=    0.0139    axis=(  0.732782  0.592436 -0.334738)
     C   22    Vyy=    0.3170    axis=( -0.167919  0.634150  0.754757)
     C   22    Vzz=   -0.3309    axis=(  0.659419 -0.496863  0.564175)
     C   22  Q=         1.0000 1e-30 m^2  Cq=        -0.7775 MHz  eta= 0.91579

     C   23    Vxx=    0.0716    axis=(  0.086578  0.756254  0.648525)
     C   23    Vyy=    0.2311    axis=( -0.844167 -0.289999  0.450868)
     C   23    Vzz=   -0.3026    axis=( -0.529043  0.586499 -0.613297)
     C   23  Q=         1.0000 1e-30 m^2  Cq=        -0.7110 MHz  eta= 0.52712

     Cl  24    Vxx=   -1.4166    axis=( -0.432386  0.600889  0.672291)
     Cl  24    Vyy=   -2.0235    axis=(  0.420870 -0.524896  0.739832)
     Cl  24    Vzz=    3.4401    axis=( -0.797440 -0.602841  0.025938)
     Cl  24  Q=        -8.1650 1e-30 m^2  Cq=       -65.9966 MHz  eta= 0.17644

     Initialization:
     gipaw_setup  :      8.82s CPU     10.59s WALL (       1 calls)

     Linear response

     Apply operators

     Induced current

     Other routines
     efg          :      9.10s CPU     11.54s WALL (       1 calls)

     General routines
     calbec       :      3.24s CPU      4.24s WALL (      16 calls)
     fft          :      1.44s CPU      1.94s WALL (      15 calls)
     ffts         :      0.05s CPU      0.08s WALL (       2 calls)
     fftw         :      3.16s CPU      3.90s WALL (     672 calls)
     davcio       :      0.02s CPU      0.33s WALL (      32 calls)

     Parallel routines
     fft_scatter  :      1.98s CPU      3.03s WALL (     689 calls)

     Plugins

     GIPAW        :     60.12s CPU     71.27s WALL (       1 calls)
