
     Program QE v.6.0 (svn rev. 13079) starts on 22Jan2017 at 13:23:29 

     This program is part of the open-source Quantum ESPRESSO suite
     for quantum simulation of materials; please cite
         "P. Giannozzi et al., J. Phys.:Condens. Matter 21 395502 (2009);
          URL http://www.quantum-espresso.org", 
     in publications or presentations arising from this work. More details at
     http://www.quantum-espresso.org/quote

     Parallel version (MPI), running on     8 processors
     R & G space division:  proc/nbgrp/npool/nimage =       8

     ***** This is GIPAW svn revision unknown      *****

     Parallelizing q-star over 1 images

     Reading data from directory:
     /users/majewski/paradichlorobenzene/pbe/9_constraint/scratch/pbe.ecut100.np8.dt60.pcl2phi-129368.save
     Message from routine read_xml_file:
     file /users/majewski/paradichlorobenzene/pbe/9_constraint/scratch/pbe.ecut100.np8.dt60.pcl2phi-129368.save not guaranteed to be safe for post-processing

   Info: using nr1, nr2, nr3 values from input

   Info: using nr1, nr2, nr3 values from input

     IMPORTANT: XC functional enforced from input :
     Exchange-correlation      =  SLA  PW   PBX  PBC ( 1  4  3  4 0 0)
     Any further DFT definition will be discarded
     Please, verify this is what you really want

               file C.pbe-n-kjpaw_psl.1.0.0.UPF: wavefunction(s)  2S 2P renormalized
               file Cl.pbe-n-kjpaw_psl.1.0.0.UPF: wavefunction(s)  3S 3P renormalized
               file H.pbe-kjpaw_psl.1.0.0.UPF: wavefunction(s)  1S renormalized

     Parallelization info
     --------------------
     sticks:   dense  smooth     PW     G-vecs:    dense   smooth      PW
     Min        3057    1223    332               144436    36536    5170
     Max        3059    1225    333               144437    36537    5171
     Sum       24467    9791   2657              1155489   292295   41363


     Subspace diagonalization in iterative solution of the eigenvalue problem:
     a serial algorithm will be used

     GIPAW projectors -----------------------------------------------
     atom=  C    l=0  rc=    1.2000  rs=    0.8000
     atom=  C    l=0  rc=    1.2000  rs=    0.8000
     atom=  C    l=1  rc=    1.4000  rs=    0.9333
     atom=  C    l=1  rc=    1.4000  rs=    0.9333
     projs nearly linearly dependent: l=1  n1,n2= 1, 2  s=  0.99951561

     atom=  Cl   l=0  rc=    1.6000  rs=    1.0667
     atom=  Cl   l=0  rc=    1.6000  rs=    1.0667
     atom=  Cl   l=1  rc=    1.6000  rs=    1.0667
     atom=  Cl   l=1  rc=    1.6000  rs=    1.0667
     atom=  Cl   l=2  rc=    1.6000  rs=    1.0667
     atom=  Cl   l=2  rc=    1.6000  rs=    1.0667
     projs nearly linearly dependent: l=2  n1,n2= 1, 2  s=  0.99993509

     atom=  H    l=0  rc=    1.0000  rs=    0.6667
     atom=  H    l=0  rc=    1.0000  rs=    0.6667
     projs nearly linearly dependent: l=0  n1,n2= 1, 2  s=  0.99968852
     -----------------------------------------------------------------

     GIPAW integrals: -------------------------------------------
     Atom  i/j   nmr_para   nmr_dia   epr_rmc  epr_para   epr_dia
       C   1 1   0.83E+03  0.17E-01  0.93E+01  0.24E+08  0.24E+03
       C   2 1   0.86E+03 -0.61E-01  0.94E+01  0.25E+08  0.25E+03
       C   2 2   0.90E+03 -0.15E+00  0.97E+01  0.26E+08  0.26E+03
       C   3 3   0.33E+01  0.34E+00  0.18E+01  0.55E+03  0.21E+02
       C   4 3   0.35E+01  0.37E+00  0.20E+01  0.59E+03  0.22E+02
       C   4 4   0.38E+01  0.39E+00  0.22E+01  0.63E+03  0.24E+02
       Cl  1 1   0.14E+04 -0.47E+00  0.84E+01  0.32E+09  0.42E+03
       Cl  2 1   0.21E+04 -0.37E+00  0.12E+02  0.49E+09  0.65E+03
       Cl  2 2   0.33E+04 -0.16E+00  0.21E+02  0.76E+09  0.10E+04
       Cl  3 3   0.21E+02  0.79E-01  0.89E+01  0.23E+05  0.13E+03
       Cl  4 3   0.24E+02  0.67E-01  0.99E+01  0.27E+05  0.15E+03
       Cl  4 4   0.28E+02  0.44E-01  0.11E+02  0.32E+05  0.18E+03
       Cl  5 5   0.77E+00  0.19E+00  0.18E+01  0.12E+03  0.22E+02
       Cl  6 5   0.80E+00  0.19E+00  0.19E+01  0.12E+03  0.23E+02
       Cl  6 6   0.83E+00  0.20E+00  0.19E+01  0.12E+03  0.23E+02
       H   1 1   0.39E+02  0.19E+00  0.29E+00  0.78E+05  0.13E+02
       H   2 1   0.41E+02  0.21E+00  0.32E+00  0.82E+05  0.14E+02
       H   2 2   0.43E+02  0.22E+00  0.36E+00  0.86E+05  0.15E+02
     ------------------------------------------------------------

     alpha_pv=     33.9807 eV

     Number of occupied bands for each k-point:
     k-point:     1    nbnd_occ=  42
     k-point:     2    nbnd_occ=  42
     k-point:     3    nbnd_occ=  42
     k-point:     4    nbnd_occ=  42
     k-point:     5    nbnd_occ=  42
     k-point:     6    nbnd_occ=  42
     k-point:     7    nbnd_occ=  42
     k-point:     8    nbnd_occ=  42
     k-point:     9    nbnd_occ=  42
     k-point:    10    nbnd_occ=  42
     k-point:    11    nbnd_occ=  42
     k-point:    12    nbnd_occ=  42
     k-point:    13    nbnd_occ=  42
     k-point:    14    nbnd_occ=  42
     k-point:    15    nbnd_occ=  42
     k-point:    16    nbnd_occ=  42


     q-space interpolation up to   110.00 Rydberg

     GIPAW job: efg                                                                             


     ELECTRIC FIELD GRADIENTS TENSORS IN Hartree/bohrradius^2:

     ----- bare term -----
     Cl   1        0.035692       -0.096101       -0.114366
     Cl   1       -0.096101       -0.051466        0.003828
     Cl   1       -0.114366        0.003828        0.015774

     C    2       -0.604390        0.245785       -0.388862
     C    2        0.245785        0.037558       -0.138910
     C    2       -0.388862       -0.138910        0.566832

     C    3       -0.031092        0.132952       -0.211062
     C    3        0.132952       -0.154564       -0.578060
     C    3       -0.211062       -0.578060        0.185656

     H    4       -0.126454       -0.062706       -0.535838
     H    4       -0.062706        0.203734        0.107828
     H    4       -0.535838        0.107828       -0.077279

     C    5       -0.892212        0.384698       -0.422475
     C    5        0.384698        0.483358       -0.052557
     C    5       -0.422475       -0.052557        0.408853

     H    6        0.475473       -0.058407        0.016002
     H    6       -0.058407       -0.402631       -0.481193
     H    6        0.016002       -0.481193       -0.072842

     H    7        0.249792        0.298420       -0.039235
     H    7        0.298420       -0.527763        0.372483
     H    7       -0.039235        0.372483        0.277970

     C    8       -0.273257       -0.342484       -0.295101
     C    8       -0.342484       -0.165771        0.403649
     C    8       -0.295101        0.403649        0.439028

     H    9       -0.000123        0.126780       -0.417731
     H    9        0.126780        0.418161       -0.082931
     H    9       -0.417731       -0.082931       -0.418038

     C   10       -0.140097       -0.301444       -0.244712
     C   10       -0.301444       -0.215418        0.573387
     C   10       -0.244712        0.573387        0.355516

     C   11       -0.221633       -0.063041       -0.438602
     C   11       -0.063041       -0.001925        0.426719
     C   11       -0.438602        0.426719        0.223558

     Cl  12       -0.023207       -0.248008       -0.103213
     Cl  12       -0.248008        0.016416        0.085329
     Cl  12       -0.103213        0.085329        0.006792

     H   13        0.398994        0.018157        0.210442
     H   13        0.018157        0.094383       -0.394352
     H   13        0.210442       -0.394352       -0.493377

     C   14       -0.011888       -0.013006       -0.139230
     C   14       -0.013006       -0.123434       -0.213617
     C   14       -0.139230       -0.213617        0.135322

     H   15        0.121696       -0.058649       -0.225799
     H   15       -0.058649        0.373305       -0.283436
     H   15       -0.225799       -0.283436       -0.495000

     C   16       -0.371390        0.307864       -0.262880
     C   16        0.307864        0.124151       -0.034929
     C   16       -0.262880       -0.034929        0.247239

     C   17       -0.003698       -0.070108       -0.293960
     C   17       -0.070108       -0.372911       -0.381640
     C   17       -0.293960       -0.381640        0.376610

     Cl  18       -0.181598        0.215322       -0.008732
     Cl  18        0.215322        0.183514        0.011048
     Cl  18       -0.008732        0.011048       -0.001916

     H   19        0.521893        0.003789       -0.124622
     H   19        0.003789        0.022680        0.277070
     H   19       -0.124622        0.277070       -0.544574

     C   20       -0.385820       -0.298867       -0.111358
     C   20       -0.298867        0.039939        0.369704
     C   20       -0.111358        0.369704        0.345880

     H   21        0.199049        0.013432       -0.165049
     H   21        0.013432        0.166294       -0.237414
     H   21       -0.165049       -0.237414       -0.365343

     C   22        0.161549       -0.131808       -0.012102
     C   22       -0.131808       -0.087859        0.157937
     C   22       -0.012102        0.157937       -0.073690

     C   23       -0.172227       -0.188193       -0.453286
     C   23       -0.188193        0.060610        0.255612
     C   23       -0.453286        0.255612        0.111617

     Cl  24        0.111207        0.274913        0.291825
     Cl  24        0.274913       -0.161357       -0.483049
     Cl  24        0.291825       -0.483049        0.050150

     ----- ionic term -----
     Cl   1        0.165948       -0.226888        0.024671
     Cl   1       -0.226888       -0.021205       -0.006849
     Cl   1        0.024671       -0.006849       -0.144743

     C    2        0.164264       -0.281059        0.288879
     C    2       -0.281059       -0.040318        0.390407
     C    2        0.288879        0.390407       -0.123947

     C    3        0.131497       -0.307105        0.197205
     C    3       -0.307105        0.025911        0.397122
     C    3        0.197205        0.397122       -0.157408

     H    4        0.380731        0.221107        0.772844
     H    4        0.221107       -0.483400        0.262288
     H    4        0.772844        0.262288        0.102670

     C    5        0.285782       -0.250139        0.300570
     C    5       -0.250139       -0.082065        0.299358
     C    5        0.300570        0.299358       -0.203717

     H    6       -0.511257        0.000952        0.026181
     H    6        0.000952        0.475954        0.783418
     H    6        0.026181        0.783418        0.035303

     H    7       -0.517868       -0.162461        0.097604
     H    7       -0.162461        0.694216       -0.654492
     H    7        0.097604       -0.654492       -0.176348

     C    8        0.134273        0.260860        0.403055
     C    8        0.260860        0.078603       -0.223434
     C    8        0.403055       -0.223434       -0.212876

     H    9        0.310530       -0.170684        0.798008
     H    9       -0.170684       -0.479478       -0.222708
     H    9        0.798008       -0.222708        0.168948

     C   10       -0.009606        0.278197        0.271421
     C   10        0.278197        0.215102       -0.347724
     C   10        0.271421       -0.347724       -0.205496

     C   11        0.019174        0.282434        0.365997
     C   11        0.282434        0.139588       -0.308115
     C   11        0.365997       -0.308115       -0.158762

     Cl  12        0.084976        0.218127        0.030308
     Cl  12        0.218127        0.071878        0.021184
     Cl  12        0.030308        0.021184       -0.156854

     H   13       -0.525660        0.029321        0.050807
     H   13        0.029321        0.541909        0.772515
     H   13        0.050807        0.772515       -0.016249

     C   14        0.245921       -0.253610        0.290708
     C   14       -0.253610       -0.077602        0.295078
     C   14        0.290708        0.295078       -0.168319

     H   15        0.302469        0.283562        0.794321
     H   15        0.283562       -0.447144        0.326217
     H   15        0.794321        0.326217        0.144675

     C   16        0.121018       -0.272878        0.183843
     C   16       -0.272878       -0.008276        0.406421
     C   16        0.183843        0.406421       -0.112743

     C   17        0.201886       -0.224840        0.235961
     C   17       -0.224840       -0.092923        0.412091
     C   17        0.235961        0.412091       -0.108963

     Cl  18        0.144562       -0.186688       -0.013619
     Cl  18       -0.186688       -0.028712        0.008652
     Cl  18       -0.013619        0.008652       -0.115850

     H   19       -0.527807       -0.140796        0.096391
     H   19       -0.140796        0.557315       -0.721910
     H   19        0.096391       -0.721910       -0.029508

     C   20        0.070224        0.290733        0.355833
     C   20        0.290733        0.094493       -0.221289
     C   20        0.355833       -0.221289       -0.164718

     H   21        0.069847        0.109602        0.781680
     H   21        0.109602       -0.468201        0.047724
     H   21        0.781680        0.047724        0.398354

     C   22       -0.075609        0.352656        0.270729
     C   22        0.352656        0.186237       -0.287346
     C   22        0.270729       -0.287346       -0.110628

     C   23        0.042401        0.234140        0.429207
     C   23        0.234140        0.060649       -0.325026
     C   23        0.429207       -0.325026       -0.103050

     Cl  24        0.079332        0.202780        0.051473
     Cl  24        0.202780        0.057690        0.027340
     Cl  24        0.051473        0.027340       -0.137022

     ----- GIPAW term -----
     Cl   1        1.562980       -2.653411       -1.067480
     Cl   1       -2.653411       -0.458943        0.088573
     Cl   1       -1.067480        0.088573       -1.104037

     C    2       -0.112729       -0.106211       -0.153686
     C    2       -0.106211       -0.025566        0.127534
     C    2       -0.153686        0.127534        0.138295

     C    3       -0.098247       -0.019933       -0.037634
     C    3       -0.019933        0.175840       -0.025910
     C    3       -0.037634       -0.025910       -0.077593

     H    4       -0.000000        0.000000        0.000000
     H    4        0.000000        0.000000        0.000000
     H    4        0.000000        0.000000        0.000000

     C    5       -0.248486        0.073641       -0.041855
     C    5        0.073641        0.289643        0.121230
     C    5       -0.041855        0.121230       -0.041157

     H    6       -0.000000        0.000000        0.000000
     H    6        0.000000        0.000000        0.000000
     H    6        0.000000        0.000000        0.000000

     H    7       -0.000000        0.000000        0.000000
     H    7        0.000000        0.000000        0.000000
     H    7        0.000000        0.000000        0.000000

     C    8        0.007677       -0.093385       -0.058686
     C    8       -0.093385       -0.059132        0.095395
     C    8       -0.058686        0.095395        0.051455

     H    9       -0.000000        0.000000        0.000000
     H    9        0.000000        0.000000        0.000000
     H    9        0.000000        0.000000        0.000000

     C   10       -0.063167       -0.060042       -0.066884
     C   10       -0.060042        0.017549        0.136152
     C   10       -0.066884        0.136152        0.045619

     C   11        0.071446        0.059353       -0.064857
     C   11        0.059353        0.026131        0.046849
     C   11       -0.064857        0.046849       -0.097577

     Cl  12        1.383938       -0.426707       -1.165374
     Cl  12       -0.426707        0.467850        1.092497
     Cl  12       -1.165374        1.092497       -1.851788

     H   13       -0.000000        0.000000        0.000000
     H   13        0.000000        0.000000        0.000000
     H   13        0.000000        0.000000        0.000000

     C   14       -0.018614       -0.025663       -0.073888
     C   14       -0.025663       -0.098700        0.005964
     C   14       -0.073888        0.005964        0.117314

     H   15       -0.000000        0.000000        0.000000
     H   15        0.000000        0.000000        0.000000
     H   15        0.000000        0.000000        0.000000

     C   16       -0.098791        0.000591       -0.090718
     C   16        0.000591       -0.031793        0.056538
     C   16       -0.090718        0.056538        0.130584

     C   17       -0.055281       -0.132816       -0.054126
     C   17       -0.132816       -0.042953        0.142865
     C   17       -0.054126        0.142865        0.098235

     Cl  18        0.151079       -0.880069       -0.100863
     Cl  18       -0.880069        1.791549        0.153388
     Cl  18       -0.100863        0.153388       -1.942628

     H   19       -0.000000        0.000000        0.000000
     H   19        0.000000        0.000000        0.000000
     H   19        0.000000        0.000000        0.000000

     C   20       -0.144033       -0.037013       -0.009531
     C   20       -0.037013       -0.004419        0.200690
     C   20       -0.009531        0.200690        0.148453

     H   21       -0.000000        0.000000        0.000000
     H   21        0.000000        0.000000        0.000000
     H   21        0.000000        0.000000        0.000000

     C   22       -0.008952       -0.017516       -0.013384
     C   22       -0.017516        0.017783        0.039082
     C   22       -0.013384        0.039082       -0.008831

     C   23        0.007083       -0.080437       -0.123973
     C   23       -0.080437        0.056942        0.112777
     C   23       -0.123973        0.112777       -0.064024

     Cl  24        0.140385        0.449689        0.014512
     Cl  24        0.449689        0.194142        0.130974
     Cl  24        0.014512        0.130974       -0.334527

     ----- total EFG -----
     Cl   1        1.764620       -2.976400       -1.157175
     Cl   1       -2.976400       -0.531614        0.085552
     Cl   1       -1.157175        0.085552       -1.233006

     C    2       -0.552855       -0.141486       -0.253669
     C    2       -0.141486       -0.028326        0.379030
     C    2       -0.253669        0.379030        0.581181

     C    3        0.002158       -0.194086       -0.051491
     C    3       -0.194086        0.047186       -0.206849
     C    3       -0.051491       -0.206849       -0.049345

     H    4        0.254276        0.158401        0.237006
     H    4        0.158401       -0.279667        0.370116
     H    4        0.237006        0.370116        0.025390

     C    5       -0.854916        0.208200       -0.163761
     C    5        0.208200        0.690937        0.368031
     C    5       -0.163761        0.368031        0.163979

     H    6       -0.035784       -0.057455        0.042183
     H    6       -0.057455        0.073323        0.302226
     H    6        0.042183        0.302226       -0.037539

     H    7       -0.268076        0.135959        0.058369
     H    7        0.135959        0.166453       -0.282009
     H    7        0.058369       -0.282009        0.101623

     C    8       -0.131307       -0.175009        0.049268
     C    8       -0.175009       -0.146300        0.275609
     C    8        0.049268        0.275609        0.277607

     H    9        0.310407       -0.043905        0.380277
     H    9       -0.043905       -0.061317       -0.305640
     H    9        0.380277       -0.305640       -0.249090

     C   10       -0.212870       -0.083289       -0.040175
     C   10       -0.083289        0.017232        0.361816
     C   10       -0.040175        0.361816        0.195638

     C   11       -0.131013        0.278747       -0.137462
     C   11        0.278747        0.163795        0.165453
     C   11       -0.137462        0.165453       -0.032782

     Cl  12        1.445706       -0.456588       -1.238279
     Cl  12       -0.456588        0.556144        1.199010
     Cl  12       -1.238279        1.199010       -2.001851

     H   13       -0.126666        0.047478        0.261249
     H   13        0.047478        0.636292        0.378163
     H   13        0.261249        0.378163       -0.509627

     C   14        0.215418       -0.292279        0.077590
     C   14       -0.292279       -0.299735        0.087425
     C   14        0.077590        0.087425        0.084317

     H   15        0.424165        0.224913        0.568522
     H   15        0.224913       -0.073840        0.042781
     H   15        0.568522        0.042781       -0.350325

     C   16       -0.349162        0.035578       -0.169755
     C   16        0.035578        0.084083        0.428030
     C   16       -0.169755        0.428030        0.265080

     C   17        0.142906       -0.427764       -0.112125
     C   17       -0.427764       -0.508788        0.173317
     C   17       -0.112125        0.173317        0.365881

     Cl  18        0.114042       -0.851435       -0.123215
     Cl  18       -0.851435        1.946351        0.173088
     Cl  18       -0.123215        0.173088       -2.060393

     H   19       -0.005914       -0.137007       -0.028231
     H   19       -0.137007        0.579995       -0.444840
     H   19       -0.028231       -0.444840       -0.574081

     C   20       -0.459629       -0.045147        0.234944
     C   20       -0.045147        0.130013        0.349106
     C   20        0.234944        0.349106        0.329615

     H   21        0.268896        0.123034        0.616631
     H   21        0.123034       -0.301907       -0.189690
     H   21        0.616631       -0.189690        0.033011

     C   22        0.076988        0.203331        0.245242
     C   22        0.203331        0.116161       -0.090328
     C   22        0.245242       -0.090328       -0.193149

     C   23       -0.122743       -0.034490       -0.148052
     C   23       -0.034490        0.178201        0.043363
     C   23       -0.148052        0.043363       -0.055458

     Cl  24        0.330923        0.927382        0.357810
     Cl  24        0.927382        0.090476       -0.324735
     Cl  24        0.357810       -0.324735       -0.421399

     ----- total EFG (symmetrized) -----
     Cl   1        1.764620       -2.976400       -1.157175
     Cl   1       -2.976400       -0.531614        0.085552
     Cl   1       -1.157175        0.085552       -1.233006

     C    2       -0.552855       -0.141486       -0.253669
     C    2       -0.141486       -0.028326        0.379030
     C    2       -0.253669        0.379030        0.581181

     C    3        0.002158       -0.194086       -0.051491
     C    3       -0.194086        0.047186       -0.206849
     C    3       -0.051491       -0.206849       -0.049345

     H    4        0.254276        0.158401        0.237006
     H    4        0.158401       -0.279667        0.370116
     H    4        0.237006        0.370116        0.025390

     C    5       -0.854916        0.208200       -0.163761
     C    5        0.208200        0.690937        0.368031
     C    5       -0.163761        0.368031        0.163979

     H    6       -0.035784       -0.057455        0.042183
     H    6       -0.057455        0.073323        0.302226
     H    6        0.042183        0.302226       -0.037539

     H    7       -0.268076        0.135959        0.058369
     H    7        0.135959        0.166453       -0.282009
     H    7        0.058369       -0.282009        0.101623

     C    8       -0.131307       -0.175009        0.049268
     C    8       -0.175009       -0.146300        0.275609
     C    8        0.049268        0.275609        0.277607

     H    9        0.310407       -0.043905        0.380277
     H    9       -0.043905       -0.061317       -0.305640
     H    9        0.380277       -0.305640       -0.249090

     C   10       -0.212870       -0.083289       -0.040175
     C   10       -0.083289        0.017232        0.361816
     C   10       -0.040175        0.361816        0.195638

     C   11       -0.131013        0.278747       -0.137462
     C   11        0.278747        0.163795        0.165453
     C   11       -0.137462        0.165453       -0.032782

     Cl  12        1.445706       -0.456588       -1.238279
     Cl  12       -0.456588        0.556144        1.199010
     Cl  12       -1.238279        1.199010       -2.001851

     H   13       -0.126666        0.047478        0.261249
     H   13        0.047478        0.636292        0.378163
     H   13        0.261249        0.378163       -0.509627

     C   14        0.215418       -0.292279        0.077590
     C   14       -0.292279       -0.299735        0.087425
     C   14        0.077590        0.087425        0.084317

     H   15        0.424165        0.224913        0.568522
     H   15        0.224913       -0.073840        0.042781
     H   15        0.568522        0.042781       -0.350325

     C   16       -0.349162        0.035578       -0.169755
     C   16        0.035578        0.084083        0.428030
     C   16       -0.169755        0.428030        0.265080

     C   17        0.142906       -0.427764       -0.112125
     C   17       -0.427764       -0.508788        0.173317
     C   17       -0.112125        0.173317        0.365881

     Cl  18        0.114042       -0.851435       -0.123215
     Cl  18       -0.851435        1.946351        0.173088
     Cl  18       -0.123215        0.173088       -2.060393

     H   19       -0.005914       -0.137007       -0.028231
     H   19       -0.137007        0.579995       -0.444840
     H   19       -0.028231       -0.444840       -0.574081

     C   20       -0.459629       -0.045147        0.234944
     C   20       -0.045147        0.130013        0.349106
     C   20        0.234944        0.349106        0.329615

     H   21        0.268896        0.123034        0.616631
     H   21        0.123034       -0.301907       -0.189690
     H   21        0.616631       -0.189690        0.033011

     C   22        0.076988        0.203331        0.245242
     C   22        0.203331        0.116161       -0.090328
     C   22        0.245242       -0.090328       -0.193149

     C   23       -0.122743       -0.034490       -0.148052
     C   23       -0.034490        0.178201        0.043363
     C   23       -0.148052        0.043363       -0.055458

     Cl  24        0.330923        0.927382        0.357810
     Cl  24        0.927382        0.090476       -0.324735
     Cl  24        0.357810       -0.324735       -0.421399


     NQR/NMR SPECTROSCOPIC PARAMETERS:
     Cl   1    Vxx=   -1.1880    axis=(  0.066111  0.417861 -0.906102)
     Cl   1    Vyy=   -2.8126    axis=(  0.569964  0.729546  0.378025)
     Cl   1    Vzz=    4.0007    axis=( -0.819006  0.541437  0.189935)
     Cl   1  Q=        -8.1650 1e-30 m^2  Cq=       -76.7505 MHz  eta= 0.40608

     C    2    Vxx=   -0.2092    axis=( -0.041784  0.895592 -0.442911)
     C    2    Vyy=   -0.6147    axis=(  0.977638  0.128093  0.166782)
     C    2    Vzz=    0.8238    axis=( -0.206102  0.426038  0.880917)
     C    2  Q=         1.0000 1e-30 m^2  Cq=         1.9357 MHz  eta= 0.49220

     C    3    Vxx=    0.0295    axis=(  0.730350  0.077028 -0.678716)
     C    3    Vyy=    0.2764    axis=( -0.470932  0.776511 -0.418632)
     C    3    Vzz=   -0.3059    axis=(  0.494784  0.625377  0.603400)
     C    3  Q=         1.0000 1e-30 m^2  Cq=        -0.7189 MHz  eta= 0.80690

     H    4    Vxx=   -0.0215    axis=( -0.718724  0.387070  0.577592)
     H    4    Vyy=   -0.5275    axis=(  0.000330  0.830905 -0.556415)
     H    4    Vzz=    0.5489    axis=( -0.695295 -0.399718 -0.597319)
     H    4  Q=         1.0000 1e-30 m^2  Cq=         1.2898 MHz  eta= 0.92168

     C    5    Vxx=    0.0387    axis=( -0.256191 -0.411703  0.874566)
     C    5    Vyy=    0.8873    axis=(  0.065567  0.895276  0.440660)
     C    5    Vzz=   -0.9260    axis=( -0.964400  0.170236 -0.202368)
     C    5  Q=         1.0000 1e-30 m^2  Cq=        -2.1758 MHz  eta= 0.91642

     H    6    Vxx=   -0.0189    axis=(  0.967672 -0.121458  0.221039)
     H    6    Vyy=   -0.3071    axis=(  0.247533  0.625374 -0.740024)
     H    6    Vzz=    0.3260    axis=( -0.048350  0.770815  0.635222)
     H    6  Q=         1.0000 1e-30 m^2  Cq=         0.7659 MHz  eta= 0.88382

     H    7    Vxx=   -0.0648    axis=( -0.534258 -0.508937 -0.674946)
     H    7    Vyy=   -0.3590    axis=( -0.840038  0.408780  0.356701)
     H    7    Vzz=    0.4238    axis=(  0.094366  0.757550 -0.645920)
     H    7  Q=         1.0000 1e-30 m^2  Cq=         0.9959 MHz  eta= 0.69412

     C    8    Vxx=   -0.0144    axis=(  0.829793 -0.468938  0.302558)
     C    8    Vyy=   -0.4011    axis=(  0.554160  0.756447 -0.347411)
     C    8    Vzz=    0.4155    axis=( -0.065955  0.455945  0.887561)
     C    8  Q=         1.0000 1e-30 m^2  Cq=         0.9763 MHz  eta= 0.93049

     H    9    Vxx=    0.0147    axis=(  0.478566  0.833562 -0.275952)
     H    9    Vyy=    0.5591    axis=( -0.813328  0.302404 -0.497041)
     H    9    Vzz=   -0.5738    axis=( -0.330865  0.462306  0.822679)
     H    9  Q=         1.0000 1e-30 m^2  Cq=        -1.3482 MHz  eta= 0.94890

     C   10    Vxx=   -0.1985    axis=( -0.852003  0.339503 -0.398532)
     C   10    Vyy=   -0.2905    axis=( -0.510112 -0.709619  0.486032)
     C   10    Vzz=    0.4889    axis=( -0.117797  0.617397  0.777782)
     C   10  Q=         1.0000 1e-30 m^2  Cq=         1.1488 MHz  eta= 0.18813

     C   11    Vxx=    0.0627    axis=( -0.524267  0.054760  0.849792)
     C   11    Vyy=    0.3475    axis=(  0.443776  0.869276  0.217766)
     C   11    Vzz=   -0.4102    axis=( -0.726779  0.491284 -0.480034)
     C   11  Q=         1.0000 1e-30 m^2  Cq=        -0.9639 MHz  eta= 0.69439

     Cl  12    Vxx=    0.4476    axis=(  0.542789  0.829489  0.131636)
     Cl  12    Vyy=    2.2727    axis=( -0.804638  0.468674  0.364557)
     Cl  12    Vzz=   -2.7203    axis=(  0.240702 -0.303797  0.921830)
     Cl  12  Q=        -8.1650 1e-30 m^2  Cq=        52.1881 MHz  eta= 0.67089

     H   13    Vxx=   -0.0477    axis=(  0.915995 -0.240945  0.320777)
     H   13    Vyy=   -0.7192    axis=(  0.376004  0.236759 -0.895861)
     H   13    Vzz=    0.7669    axis=(  0.139906  0.941218  0.307466)
     H   13  Q=         1.0000 1e-30 m^2  Cq=         1.8019 MHz  eta= 0.87569

     C   14    Vxx=    0.1027    axis=( -0.042051  0.241171  0.969571)
     C   14    Vyy=    0.3522    axis=( -0.910658  0.389962 -0.136495)
     C   14    Vzz=   -0.4549    axis=( -0.411015 -0.888688  0.203226)
     C   14  Q=         1.0000 1e-30 m^2  Cq=        -1.0688 MHz  eta= 0.54849

     H   15    Vxx=   -0.1218    axis=(  0.162406 -0.960921  0.224178)
     H   15    Vyy=   -0.6592    axis=(  0.480880 -0.121308 -0.868354)
     H   15    Vzz=    0.7810    axis=(  0.861614  0.248829  0.442386)
     H   15  Q=         1.0000 1e-30 m^2  Cq=         1.8351 MHz  eta= 0.68802

     C   16    Vxx=   -0.1699    axis=(  0.566904  0.686919 -0.454711)
     C   16    Vyy=   -0.4547    axis=( -0.815852  0.391749 -0.425345)
     C   16    Vzz=    0.6246    axis=( -0.114045  0.612107  0.782508)
     C   16  Q=         1.0000 1e-30 m^2  Cq=         1.4677 MHz  eta= 0.45603

     C   17    Vxx=    0.1887    axis=( -0.687148  0.252121 -0.681369)
     C   17    Vyy=    0.5424    axis=( -0.587599  0.358690  0.725306)
     C   17    Vzz=   -0.7311    axis=( -0.427265 -0.898764  0.098327)
     C   17  Q=         1.0000 1e-30 m^2  Cq=        -1.7178 MHz  eta= 0.48386

     Cl  18    Vxx=   -0.2191    axis=(  0.929536  0.367695 -0.027638)
     Cl  18    Vyy=   -2.0716    axis=( -0.043091  0.033883 -0.998496)
     Cl  18    Vzz=    2.2907    axis=( -0.366205  0.929329  0.047340)
     Cl  18  Q=        -8.1650 1e-30 m^2  Cq=       -43.9455 MHz  eta= 0.80871

     H   19    Vxx=   -0.0182    axis=(  0.982514  0.117813 -0.144177)
     H   19    Vyy=   -0.7327    axis=(  0.098437  0.328599  0.939326)
     H   19    Vzz=    0.7509    axis=(  0.158042 -0.937093  0.311256)
     H   19  Q=         1.0000 1e-30 m^2  Cq=         1.7642 MHz  eta= 0.95152

     C   20    Vxx=   -0.0613    axis=(  0.374261 -0.791988  0.482372)
     C   20    Vyy=   -0.5565    axis=( -0.914618 -0.229448  0.332908)
     C   20    Vzz=    0.6178    axis=(  0.152980  0.565781  0.810240)
     C   20  Q=         1.0000 1e-30 m^2  Cq=         1.4515 MHz  eta= 0.80160

     H   21    Vxx=   -0.1489    axis=(  0.377783  0.824887 -0.420524)
     H   21    Vyy=   -0.6306    axis=( -0.517799  0.564743  0.642611)
     H   21    Vzz=    0.7794    axis=( -0.767570  0.025020 -0.640476)
     H   21  Q=         1.0000 1e-30 m^2  Cq=         1.8313 MHz  eta= 0.61803

     C   22    Vxx=    0.0786    axis=( -0.392034  0.706911 -0.588716)
     C   22    Vyy=    0.3259    axis=( -0.746703 -0.618311 -0.245207)
     C   22    Vzz=   -0.4045    axis=( -0.537349  0.343466  0.770251)
     C   22  Q=         1.0000 1e-30 m^2  Cq=        -0.9505 MHz  eta= 0.61127

     C   23    Vxx=    0.0404    axis=( -0.578906 -0.373148  0.725002)
     C   23    Vyy=    0.2005    axis=(  0.232634 -0.927772 -0.291756)
     C   23    Vzz=   -0.2409    axis=(  0.781505 -0.000239  0.623900)
     C   23  Q=         1.0000 1e-30 m^2  Cq=        -0.5661 MHz  eta= 0.66429

     Cl  24    Vxx=   -0.0710    axis=(  0.363550 -0.468290  0.805317)
     Cl  24    Vyy=   -1.0769    axis=( -0.542958  0.595942  0.591650)
     Cl  24    Vzz=    1.1479    axis=( -0.756986 -0.652348 -0.037607)
     Cl  24  Q=        -8.1650 1e-30 m^2  Cq=       -22.0217 MHz  eta= 0.87623

     Initialization:
     gipaw_setup  :      9.64s CPU     11.37s WALL (       1 calls)

     Linear response

     Apply operators

     Induced current

     Other routines
     efg          :      9.70s CPU     14.17s WALL (       1 calls)

     General routines
     calbec       :      3.46s CPU      4.91s WALL (      16 calls)
     fft          :      1.77s CPU      2.66s WALL (      15 calls)
     ffts         :      0.03s CPU      0.03s WALL (       2 calls)
     fftw         :      3.56s CPU      4.64s WALL (     672 calls)
     davcio       :      0.03s CPU      1.61s WALL (      32 calls)

     Parallel routines
     fft_scatter  :      2.68s CPU      4.55s WALL (     689 calls)

     Plugins

     GIPAW        :     62.46s CPU     80.47s WALL (       1 calls)
