
     Program QE v.6.0 (svn rev. 13079) starts on 10Jan2017 at 21:13:58 

     This program is part of the open-source Quantum ESPRESSO suite
     for quantum simulation of materials; please cite
         "P. Giannozzi et al., J. Phys.:Condens. Matter 21 395502 (2009);
          URL http://www.quantum-espresso.org", 
     in publications or presentations arising from this work. More details at
     http://www.quantum-espresso.org/quote

     Parallel version (MPI), running on     8 processors
     R & G space division:  proc/nbgrp/npool/nimage =       8

     ***** This is GIPAW svn revision unknown      *****

     Parallelizing q-star over 1 images

     Reading data from directory:
     /users/majewski/paradichlorobenzene/pbe/9_constraint/scratch/pbe.ecut100.np8.dt60.pcl2phi-129368.save
     Message from routine read_xml_file:
     file /users/majewski/paradichlorobenzene/pbe/9_constraint/scratch/pbe.ecut100.np8.dt60.pcl2phi-129368.save not guaranteed to be safe for post-processing

   Info: using nr1, nr2, nr3 values from input

   Info: using nr1, nr2, nr3 values from input

     IMPORTANT: XC functional enforced from input :
     Exchange-correlation      =  SLA  PW   PBX  PBC ( 1  4  3  4 0 0)
     Any further DFT definition will be discarded
     Please, verify this is what you really want

               file C.pbe-n-kjpaw_psl.1.0.0.UPF: wavefunction(s)  2S 2P renormalized
               file Cl.pbe-n-kjpaw_psl.1.0.0.UPF: wavefunction(s)  3S 3P renormalized
               file H.pbe-kjpaw_psl.1.0.0.UPF: wavefunction(s)  1S renormalized

     Parallelization info
     --------------------
     sticks:   dense  smooth     PW     G-vecs:    dense   smooth      PW
     Min        3057    1223    332               144436    36536    5170
     Max        3059    1225    333               144437    36537    5171
     Sum       24467    9791   2657              1155489   292295   41363


     Subspace diagonalization in iterative solution of the eigenvalue problem:
     a serial algorithm will be used

     GIPAW projectors -----------------------------------------------
     atom=  C    l=0  rc=    1.2000  rs=    0.8000
     atom=  C    l=0  rc=    1.2000  rs=    0.8000
     atom=  C    l=1  rc=    1.4000  rs=    0.9333
     atom=  C    l=1  rc=    1.4000  rs=    0.9333
     projs nearly linearly dependent: l=1  n1,n2= 1, 2  s=  0.99951561

     atom=  Cl   l=0  rc=    1.6000  rs=    1.0667
     atom=  Cl   l=0  rc=    1.6000  rs=    1.0667
     atom=  Cl   l=1  rc=    1.6000  rs=    1.0667
     atom=  Cl   l=1  rc=    1.6000  rs=    1.0667
     atom=  Cl   l=2  rc=    1.6000  rs=    1.0667
     atom=  Cl   l=2  rc=    1.6000  rs=    1.0667
     projs nearly linearly dependent: l=2  n1,n2= 1, 2  s=  0.99993509

     atom=  H    l=0  rc=    1.0000  rs=    0.6667
     atom=  H    l=0  rc=    1.0000  rs=    0.6667
     projs nearly linearly dependent: l=0  n1,n2= 1, 2  s=  0.99968852
     -----------------------------------------------------------------

     GIPAW integrals: -------------------------------------------
     Atom  i/j   nmr_para   nmr_dia   epr_rmc  epr_para   epr_dia
       C   1 1   0.83E+03  0.17E-01  0.93E+01  0.24E+08  0.24E+03
       C   2 1   0.86E+03 -0.61E-01  0.94E+01  0.25E+08  0.25E+03
       C   2 2   0.90E+03 -0.15E+00  0.97E+01  0.26E+08  0.26E+03
       C   3 3   0.33E+01  0.34E+00  0.18E+01  0.55E+03  0.21E+02
       C   4 3   0.35E+01  0.37E+00  0.20E+01  0.59E+03  0.22E+02
       C   4 4   0.38E+01  0.39E+00  0.22E+01  0.63E+03  0.24E+02
       Cl  1 1   0.14E+04 -0.47E+00  0.84E+01  0.32E+09  0.42E+03
       Cl  2 1   0.21E+04 -0.37E+00  0.12E+02  0.49E+09  0.65E+03
       Cl  2 2   0.33E+04 -0.16E+00  0.21E+02  0.76E+09  0.10E+04
       Cl  3 3   0.21E+02  0.79E-01  0.89E+01  0.23E+05  0.13E+03
       Cl  4 3   0.24E+02  0.67E-01  0.99E+01  0.27E+05  0.15E+03
       Cl  4 4   0.28E+02  0.44E-01  0.11E+02  0.32E+05  0.18E+03
       Cl  5 5   0.77E+00  0.19E+00  0.18E+01  0.12E+03  0.22E+02
       Cl  6 5   0.80E+00  0.19E+00  0.19E+01  0.12E+03  0.23E+02
       Cl  6 6   0.83E+00  0.20E+00  0.19E+01  0.12E+03  0.23E+02
       H   1 1   0.39E+02  0.19E+00  0.29E+00  0.78E+05  0.13E+02
       H   2 1   0.41E+02  0.21E+00  0.32E+00  0.82E+05  0.14E+02
       H   2 2   0.43E+02  0.22E+00  0.36E+00  0.86E+05  0.15E+02
     ------------------------------------------------------------

     alpha_pv=     33.8104 eV

     Number of occupied bands for each k-point:
     k-point:     1    nbnd_occ=  42
     k-point:     2    nbnd_occ=  42
     k-point:     3    nbnd_occ=  42
     k-point:     4    nbnd_occ=  42
     k-point:     5    nbnd_occ=  42
     k-point:     6    nbnd_occ=  42
     k-point:     7    nbnd_occ=  42
     k-point:     8    nbnd_occ=  42
     k-point:     9    nbnd_occ=  42
     k-point:    10    nbnd_occ=  42
     k-point:    11    nbnd_occ=  42
     k-point:    12    nbnd_occ=  42
     k-point:    13    nbnd_occ=  42
     k-point:    14    nbnd_occ=  42
     k-point:    15    nbnd_occ=  42
     k-point:    16    nbnd_occ=  42


     q-space interpolation up to   110.00 Rydberg

     GIPAW job: efg                                                                             


     ELECTRIC FIELD GRADIENTS TENSORS IN Hartree/bohrradius^2:

     ----- bare term -----
     Cl   1       -0.013679        0.167938       -0.002342
     Cl   1        0.167938        0.107891        0.024506
     Cl   1       -0.002342        0.024506       -0.094213

     C    2       -0.310677        0.312573       -0.504059
     C    2        0.312573        0.220254       -0.258075
     C    2       -0.504059       -0.258075        0.090423

     C    3        0.139319        0.457749       -0.010020
     C    3        0.457749       -0.236918       -0.506901
     C    3       -0.010020       -0.506901        0.097599

     H    4        0.036194       -0.127873       -0.394326
     H    4       -0.127873        0.281076        0.208142
     H    4       -0.394326        0.208142       -0.317270

     C    5       -0.517255        0.364011       -0.470881
     C    5        0.364011        0.277971       -0.308871
     C    5       -0.470881       -0.308871        0.239284

     H    6        0.459855       -0.050592        0.058335
     H    6       -0.050592       -0.249307       -0.423644
     H    6        0.058335       -0.423644       -0.210549

     H    7        0.391339        0.295671        0.077177
     H    7        0.295671       -0.645683        0.081197
     H    7        0.077177        0.081197        0.254344

     C    8       -0.441298       -0.194169       -0.374210
     C    8       -0.194169       -0.098228        0.411345
     C    8       -0.374210        0.411345        0.539526

     H    9       -0.506813        0.365747       -0.004673
     H    9        0.365747        0.370278        0.030535
     H    9       -0.004673        0.030535        0.136536

     C   10       -0.147156       -0.239738       -0.036647
     C   10       -0.239738       -0.337681        0.398858
     C   10       -0.036647        0.398858        0.484838

     C   11       -0.495978        0.095750       -0.226718
     C   11        0.095750       -0.033416        0.388256
     C   11       -0.226718        0.388256        0.529394

     Cl  12       -0.164158       -0.064112        0.040918
     Cl  12       -0.064112       -0.120100        0.022288
     Cl  12        0.040918        0.022288        0.284259

     H   13        0.519211       -0.025508       -0.047857
     H   13       -0.025508        0.050179       -0.355171
     H   13       -0.047857       -0.355171       -0.569389

     C   14       -0.167221        0.408575        0.027730
     C   14        0.408575       -0.378798       -0.418373
     C   14        0.027730       -0.418373        0.546019

     H   15        0.137568       -0.001194       -0.397463
     H   15       -0.001194        0.254552        0.233078
     H   15       -0.397463        0.233078       -0.392120

     C   16       -0.313520        0.167819       -0.245761
     C   16        0.167819       -0.122237       -0.405923
     C   16       -0.245761       -0.405923        0.435757

     C   17       -0.162263        0.188603       -0.229966
     C   17        0.188603       -0.270273       -0.504259
     C   17       -0.229966       -0.504259        0.432537

     Cl  18       -0.048883        0.102626       -0.073179
     Cl  18        0.102626       -0.003103       -0.057891
     Cl  18       -0.073179       -0.057891        0.051986

     H   19        0.134677        0.351580       -0.020593
     H   19        0.351580       -0.456401        0.353551
     H   19       -0.020593        0.353551        0.321724

     C   20       -0.096139       -0.444919       -0.109059
     C   20       -0.444919       -0.318826        0.359597
     C   20       -0.109059        0.359597        0.414965

     H   21       -0.623161        0.339502        0.039811
     H   21        0.339502        0.385820        0.054645
     H   21        0.039811        0.054645        0.237341

     C   22       -0.050580       -0.084924       -0.407132
     C   22       -0.084924       -0.325443        0.507020
     C   22       -0.407132        0.507020        0.376023

     C   23       -0.358241       -0.243867       -0.275413
     C   23       -0.243867       -0.009951        0.415093
     C   23       -0.275413        0.415093        0.368192

     Cl  24       -0.016838        0.073941       -0.071012
     Cl  24        0.073941       -0.045006       -0.020632
     Cl  24       -0.071012       -0.020632        0.061844

     ----- ionic term -----
     Cl   1        0.128583       -0.204041        0.005141
     Cl   1       -0.204041        0.007374        0.006299
     Cl   1        0.005141        0.006299       -0.135956

     C    2        0.076957       -0.274078        0.299644
     C    2       -0.274078        0.059759        0.380304
     C    2        0.299644        0.380304       -0.136716

     C    3        0.018610       -0.292407        0.227123
     C    3       -0.292407        0.183845        0.391805
     C    3        0.227123        0.391805       -0.202454

     H    4        0.452302        0.229280        0.755395
     H    4        0.229280       -0.448588        0.245264
     H    4        0.755395        0.245264       -0.003714

     C    5        0.150380       -0.275649        0.365483
     C    5       -0.275649        0.038491        0.248897
     C    5        0.365483        0.248897       -0.188871

     H    6       -0.524064        0.127962        0.121095
     H    6        0.127962        0.554064        0.745954
     H    6        0.121095        0.745954       -0.030000

     H    7       -0.496093       -0.159146        0.078935
     H    7       -0.159146        0.716190       -0.656306
     H    7        0.078935       -0.656306       -0.220097

     C    8        0.371476        0.166001        0.154606
     C    8        0.166001        0.055737       -0.305401
     C    8        0.154606       -0.305401       -0.427213

     H    9        0.667234       -0.223319        0.675246
     H    9       -0.223319       -0.462480       -0.198132
     H    9        0.675246       -0.198132       -0.204755

     C   10        0.223239        0.218313        0.130075
     C   10        0.218313        0.156550       -0.363532
     C   10        0.130075       -0.363532       -0.379789

     C   11        0.316258        0.103755        0.180588
     C   11        0.103755        0.123990       -0.318837
     C   11        0.180588       -0.318837       -0.440248

     Cl  12        0.132646        0.192148        0.011871
     Cl  12        0.192148        0.020274       -0.003567
     Cl  12        0.011871       -0.003567       -0.152920

     H   13       -0.540352       -0.042686       -0.027418
     H   13       -0.042686        0.345886        0.795816
     H   13       -0.027418        0.795816        0.194466

     C   14        0.134708       -0.344468        0.327792
     C   14       -0.344468        0.024319        0.238716
     C   14        0.327792        0.238716       -0.159028

     H   15        0.359482       -0.027980        0.810767
     H   15       -0.027980       -0.516580        0.061827
     H   15        0.810767        0.061827        0.157098

     C   16        0.024819       -0.397336        0.249823
     C   16       -0.397336        0.144444        0.295877
     C   16        0.249823        0.295877       -0.169263

     C   17        0.041130       -0.310558        0.347338
     C   17       -0.310558        0.097056        0.326362
     C   17        0.347338        0.326362       -0.138186

     Cl  18        0.055444       -0.221120        0.027760
     Cl  18       -0.221120        0.095115       -0.020400
     Cl  18        0.027760       -0.020400       -0.150559

     H   19       -0.506297       -0.133469        0.053485
     H   19       -0.133469        0.825436       -0.588479
     H   19        0.053485       -0.588479       -0.319139

     C   20        0.380922        0.168717        0.110178
     C   20        0.168717        0.119926       -0.290641
     C   20        0.110178       -0.290641       -0.500849

     H   21        0.736427       -0.395170        0.517386
     H   21       -0.395170       -0.363980       -0.225807
     H   21        0.517386       -0.225807       -0.372447

     C   22        0.213039        0.210229        0.079505
     C   22        0.210229        0.256757       -0.363708
     C   22        0.079505       -0.363708       -0.469796

     C   23        0.307978        0.162341        0.153705
     C   23        0.162341        0.146341       -0.336532
     C   23        0.153705       -0.336532       -0.454319

     Cl  24        0.150019        0.213555       -0.032224
     Cl  24        0.213555       -0.004433       -0.023672
     Cl  24       -0.032224       -0.023672       -0.145586

     ----- GIPAW term -----
     Cl   1        0.814024        0.269827        0.075974
     Cl   1        0.269827        1.854491        0.255323
     Cl   1        0.075974        0.255323       -2.668516

     C    2        0.031296        0.156418       -0.083793
     C    2        0.156418        0.156900       -0.036785
     C    2       -0.083793       -0.036785       -0.188196

     C    3        0.015566        0.177401       -0.029244
     C    3        0.177401        0.070246       -0.102383
     C    3       -0.029244       -0.102383       -0.085813

     H    4       -0.000000        0.000000        0.000000
     H    4        0.000000        0.000000        0.000000
     H    4        0.000000        0.000000        0.000000

     C    5       -0.066211        0.191587       -0.114468
     C    5        0.191587        0.125381       -0.097818
     C    5       -0.114468       -0.097818       -0.059170

     H    6       -0.000000        0.000000        0.000000
     H    6        0.000000        0.000000        0.000000
     H    6        0.000000        0.000000        0.000000

     H    7       -0.000000        0.000000        0.000000
     H    7        0.000000        0.000000        0.000000
     H    7        0.000000        0.000000        0.000000

     C    8       -0.130380       -0.055735       -0.106954
     C    8       -0.055735       -0.060575        0.180725
     C    8       -0.106954        0.180725        0.190955

     H    9       -0.000000        0.000000        0.000000
     H    9        0.000000        0.000000        0.000000
     H    9        0.000000        0.000000        0.000000

     C   10       -0.112911       -0.032782       -0.037312
     C   10       -0.032782       -0.095024        0.131837
     C   10       -0.037312        0.131837        0.207935

     C   11       -0.138573        0.102904        0.029906
     C   11        0.102904       -0.122001        0.075634
     C   11        0.029906        0.075634        0.260575

     Cl  12       -0.171299        1.729587        0.354002
     Cl  12        1.729587       -1.209794        0.224503
     Cl  12        0.354002        0.224503        1.381093

     H   13       -0.000000        0.000000        0.000000
     H   13        0.000000        0.000000        0.000000
     H   13        0.000000        0.000000        0.000000

     C   14       -0.006576        0.066632        0.153516
     C   14        0.066632       -0.190575       -0.083130
     C   14        0.153516       -0.083130        0.197151

     H   15       -0.000000        0.000000        0.000000
     H   15        0.000000        0.000000        0.000000
     H   15        0.000000        0.000000        0.000000

     C   16       -0.180855        0.005372       -0.060539
     C   16        0.005372       -0.078012       -0.153390
     C   16       -0.060539       -0.153390        0.258867

     C   17        0.021311       -0.106044        0.011209
     C   17       -0.106044       -0.073437       -0.116427
     C   17        0.011209       -0.116427        0.052125

     Cl  18        0.199344        0.025868       -1.388659
     Cl  18        0.025868        0.559353       -1.931422
     Cl  18       -1.388659       -1.931422       -0.758697

     H   19       -0.000000        0.000000        0.000000
     H   19        0.000000        0.000000        0.000000
     H   19        0.000000        0.000000        0.000000

     C   20        0.172708       -0.051331        0.044957
     C   20       -0.051331       -0.154640        0.065725
     C   20        0.044957        0.065725       -0.018068

     H   21       -0.000000        0.000000        0.000000
     H   21        0.000000        0.000000        0.000000
     H   21        0.000000        0.000000        0.000000

     C   22        0.028296        0.024806       -0.204503
     C   22        0.024806       -0.109794        0.062324
     C   22       -0.204503        0.062324        0.081497

     C   23       -0.022385        0.138934       -0.021141
     C   23        0.138934        0.088785        0.100871
     C   23       -0.021141        0.100871       -0.066400

     Cl  24        1.153042        2.584235       -0.651110
     Cl  24        2.584235       -0.328694       -0.191771
     Cl  24       -0.651110       -0.191771       -0.824348

     ----- total EFG -----
     Cl   1        0.928928        0.233724        0.078773
     Cl   1        0.233724        1.969756        0.286128
     Cl   1        0.078773        0.286128       -2.898685

     C    2       -0.202425        0.194913       -0.288208
     C    2        0.194913        0.436913        0.085443
     C    2       -0.288208        0.085443       -0.234488

     C    3        0.173495        0.342743        0.187859
     C    3        0.342743        0.017173       -0.217480
     C    3        0.187859       -0.217480       -0.190668

     H    4        0.488496        0.101407        0.361069
     H    4        0.101407       -0.167512        0.453405
     H    4        0.361069        0.453405       -0.320984

     C    5       -0.433086        0.279949       -0.219867
     C    5        0.279949        0.441843       -0.157792
     C    5       -0.219867       -0.157792       -0.008756

     H    6       -0.064209        0.077370        0.179430
     H    6        0.077370        0.304757        0.322310
     H    6        0.179430        0.322310       -0.240548

     H    7       -0.104755        0.136526        0.156112
     H    7        0.136526        0.070507       -0.575109
     H    7        0.156112       -0.575109        0.034247

     C    8       -0.200202       -0.083904       -0.326558
     C    8       -0.083904       -0.103066        0.286670
     C    8       -0.326558        0.286670        0.303268

     H    9        0.160421        0.142428        0.670572
     H    9        0.142428       -0.092202       -0.167597
     H    9        0.670572       -0.167597       -0.068219

     C   10       -0.036829       -0.054207        0.056116
     C   10       -0.054207       -0.276155        0.167163
     C   10        0.056116        0.167163        0.312984

     C   11       -0.318293        0.302409       -0.016224
     C   11        0.302409       -0.031428        0.145053
     C   11       -0.016224        0.145053        0.349721

     Cl  12       -0.202811        1.857623        0.406790
     Cl  12        1.857623       -1.309620        0.243224
     Cl  12        0.406790        0.243224        1.512431

     H   13       -0.021141       -0.068194       -0.075275
     H   13       -0.068194        0.396065        0.440645
     H   13       -0.075275        0.440645       -0.374924

     C   14       -0.039088        0.130739        0.509038
     C   14        0.130739       -0.545054       -0.262787
     C   14        0.509038       -0.262787        0.584142

     H   15        0.497050       -0.029174        0.413304
     H   15       -0.029174       -0.262028        0.294905
     H   15        0.413304        0.294905       -0.235022

     C   16       -0.469556       -0.224144       -0.056476
     C   16       -0.224144       -0.055806       -0.263436
     C   16       -0.056476       -0.263436        0.525362

     C   17       -0.099822       -0.227999        0.128582
     C   17       -0.227999       -0.246654       -0.294324
     C   17        0.128582       -0.294324        0.346476

     Cl  18        0.205906       -0.092626       -1.434078
     Cl  18       -0.092626        0.651365       -2.009714
     Cl  18       -1.434078       -2.009714       -0.857270

     H   19       -0.371620        0.218111        0.032892
     H   19        0.218111        0.369035       -0.234928
     H   19        0.032892       -0.234928        0.002585

     C   20        0.457492       -0.327532        0.046077
     C   20       -0.327532       -0.353539        0.134682
     C   20        0.046077        0.134682       -0.103952

     H   21        0.113267       -0.055668        0.557197
     H   21       -0.055668        0.021840       -0.171163
     H   21        0.557197       -0.171163       -0.135107

     C   22        0.190755        0.150111       -0.532129
     C   22        0.150111       -0.178480        0.205636
     C   22       -0.532129        0.205636       -0.012276

     C   23       -0.072649        0.057407       -0.142849
     C   23        0.057407        0.225175        0.179432
     C   23       -0.142849        0.179432       -0.152526

     Cl  24        1.286223        2.871732       -0.754347
     Cl  24        2.871732       -0.378132       -0.236076
     Cl  24       -0.754347       -0.236076       -0.908091

     ----- total EFG (symmetrized) -----
     Cl   1        0.928928        0.233724        0.078773
     Cl   1        0.233724        1.969756        0.286128
     Cl   1        0.078773        0.286128       -2.898685

     C    2       -0.202425        0.194913       -0.288208
     C    2        0.194913        0.436913        0.085443
     C    2       -0.288208        0.085443       -0.234488

     C    3        0.173495        0.342743        0.187859
     C    3        0.342743        0.017173       -0.217480
     C    3        0.187859       -0.217480       -0.190668

     H    4        0.488496        0.101407        0.361069
     H    4        0.101407       -0.167512        0.453405
     H    4        0.361069        0.453405       -0.320984

     C    5       -0.433086        0.279949       -0.219867
     C    5        0.279949        0.441843       -0.157792
     C    5       -0.219867       -0.157792       -0.008756

     H    6       -0.064209        0.077370        0.179430
     H    6        0.077370        0.304757        0.322310
     H    6        0.179430        0.322310       -0.240548

     H    7       -0.104755        0.136526        0.156112
     H    7        0.136526        0.070507       -0.575109
     H    7        0.156112       -0.575109        0.034247

     C    8       -0.200202       -0.083904       -0.326558
     C    8       -0.083904       -0.103066        0.286670
     C    8       -0.326558        0.286670        0.303268

     H    9        0.160421        0.142428        0.670572
     H    9        0.142428       -0.092202       -0.167597
     H    9        0.670572       -0.167597       -0.068219

     C   10       -0.036829       -0.054207        0.056116
     C   10       -0.054207       -0.276155        0.167163
     C   10        0.056116        0.167163        0.312984

     C   11       -0.318293        0.302409       -0.016224
     C   11        0.302409       -0.031428        0.145053
     C   11       -0.016224        0.145053        0.349721

     Cl  12       -0.202811        1.857623        0.406790
     Cl  12        1.857623       -1.309620        0.243224
     Cl  12        0.406790        0.243224        1.512431

     H   13       -0.021141       -0.068194       -0.075275
     H   13       -0.068194        0.396065        0.440645
     H   13       -0.075275        0.440645       -0.374924

     C   14       -0.039088        0.130739        0.509038
     C   14        0.130739       -0.545054       -0.262787
     C   14        0.509038       -0.262787        0.584142

     H   15        0.497050       -0.029174        0.413304
     H   15       -0.029174       -0.262028        0.294905
     H   15        0.413304        0.294905       -0.235022

     C   16       -0.469556       -0.224144       -0.056476
     C   16       -0.224144       -0.055806       -0.263436
     C   16       -0.056476       -0.263436        0.525362

     C   17       -0.099822       -0.227999        0.128582
     C   17       -0.227999       -0.246654       -0.294324
     C   17        0.128582       -0.294324        0.346476

     Cl  18        0.205906       -0.092626       -1.434078
     Cl  18       -0.092626        0.651365       -2.009714
     Cl  18       -1.434078       -2.009714       -0.857270

     H   19       -0.371620        0.218111        0.032892
     H   19        0.218111        0.369035       -0.234928
     H   19        0.032892       -0.234928        0.002585

     C   20        0.457492       -0.327532        0.046077
     C   20       -0.327532       -0.353539        0.134682
     C   20        0.046077        0.134682       -0.103952

     H   21        0.113267       -0.055668        0.557197
     H   21       -0.055668        0.021840       -0.171163
     H   21        0.557197       -0.171163       -0.135107

     C   22        0.190755        0.150111       -0.532129
     C   22        0.150111       -0.178480        0.205636
     C   22       -0.532129        0.205636       -0.012276

     C   23       -0.072649        0.057407       -0.142849
     C   23        0.057407        0.225175        0.179432
     C   23       -0.142849        0.179432       -0.152526

     Cl  24        1.286223        2.871732       -0.754347
     Cl  24        2.871732       -0.378132       -0.236076
     Cl  24       -0.754347       -0.236076       -0.908091


     NQR/NMR SPECTROSCOPIC PARAMETERS:
     Cl   1    Vxx=    0.8789    axis=(  0.977559 -0.210617  0.004432)
     Cl   1    Vyy=    2.0376    axis=(  0.209981  0.975868  0.059916)
     Cl   1    Vzz=   -2.9165    axis=( -0.016944 -0.057641  0.998194)
     Cl   1  Q=        -8.1650 1e-30 m^2  Cq=        55.9524 MHz  eta= 0.39728

     C    2    Vxx=    0.0549    axis=( -0.669763  0.180652  0.720265)
     C    2    Vyy=    0.4917    axis=( -0.267589 -0.963507 -0.007166)
     C    2    Vzz=   -0.5466    axis=(  0.692686 -0.197534  0.693662)
     C    2  Q=         1.0000 1e-30 m^2  Cq=        -1.2843 MHz  eta= 0.79898

     C    3    Vxx=    0.0654    axis=(  0.398016 -0.534271  0.745746)
     C    3    Vyy=    0.4471    axis=( -0.787061 -0.616497 -0.021607)
     C    3    Vzz=   -0.5125    axis=(  0.471294 -0.578348 -0.665879)
     C    3  Q=         1.0000 1e-30 m^2  Cq=        -1.2042 MHz  eta= 0.74478

     H    4    Vxx=    0.0298    axis=(  0.507963 -0.742443 -0.436751)
     H    4    Vyy=    0.7134    axis=( -0.841823 -0.320460 -0.434326)
     H    4    Vzz=   -0.7432    axis=(  0.182501  0.588289 -0.787788)
     H    4  Q=         1.0000 1e-30 m^2  Cq=        -1.7463 MHz  eta= 0.91973

     C    5    Vxx=   -0.0328    axis=( -0.199282  0.412986  0.888667)
     C    5    Vyy=   -0.5686    axis=(  0.928782 -0.209585  0.305678)
     C    5    Vzz=    0.6014    axis=(  0.312492  0.886294 -0.341807)
     C    5  Q=         1.0000 1e-30 m^2  Cq=         1.4131 MHz  eta= 0.89098

     H    6    Vxx=   -0.0552    axis=(  0.900571 -0.380984  0.209340)
     H    6    Vyy=   -0.4384    axis=(  0.347726  0.342343 -0.872862)
     H    6    Vzz=    0.4937    axis=(  0.260880  0.858867  0.440782)
     H    6  Q=         1.0000 1e-30 m^2  Cq=         1.1599 MHz  eta= 0.77624

     H    7    Vxx=   -0.0197    axis=(  0.924657  0.275641  0.262739)
     H    7    Vyy=   -0.6082    axis=( -0.380497  0.641190  0.666406)
     H    7    Vzz=    0.6279    axis=(  0.015223 -0.716168  0.697762)
     H    7  Q=         1.0000 1e-30 m^2  Cq=         1.4754 MHz  eta= 0.93726

     C    8    Vxx=   -0.2132    axis=(  0.439740  0.873935 -0.207042)
     C    8    Vyy=   -0.3762    axis=( -0.810553  0.286886 -0.510587)
     C    8    Vzz=    0.5894    axis=( -0.386823  0.392344  0.834526)
     C    8  Q=         1.0000 1e-30 m^2  Cq=         1.3849 MHz  eta= 0.27657

     H    9    Vxx=   -0.0142    axis=(  0.214906  0.942451 -0.256129)
     H    9    Vyy=   -0.7122    axis=( -0.607976  0.334344  0.720125)
     H    9    Vzz=    0.7263    axis=(  0.764317  0.000961  0.644840)
     H    9  Q=         1.0000 1e-30 m^2  Cq=         1.7066 MHz  eta= 0.96096

     C   10    Vxx=   -0.0260    axis=(  0.970121 -0.238808 -0.042837)
     C   10    Vyy=   -0.3353    axis=(  0.219821  0.939874 -0.261371)
     C   10    Vzz=    0.3613    axis=(  0.102679  0.244145  0.964287)
     C   10  Q=         1.0000 1e-30 m^2  Cq=         0.8489 MHz  eta= 0.85627

     C   11    Vxx=    0.1088    axis=(  0.537842  0.737744 -0.407994)
     C   11    Vyy=    0.4105    axis=(  0.144245  0.396287  0.906725)
     C   11    Vzz=   -0.5194    axis=(  0.830614 -0.546526  0.106724)
     C   11  Q=         1.0000 1e-30 m^2  Cq=        -1.2203 MHz  eta= 0.58094

     Cl  12    Vxx=    0.8479    axis=(  0.649358  0.493913 -0.578260)
     Cl  12    Vyy=    1.8472    axis=(  0.468812  0.338724  0.815770)
     Cl  12    Vzz=   -2.6951    axis=( -0.598790  0.800822  0.011599)
     Cl  12  Q=        -8.1650 1e-30 m^2  Cq=        51.7037 MHz  eta= 0.37079

     H   13    Vxx=   -0.0320    axis=(  0.986501  0.163633 -0.006281)
     H   13    Vyy=   -0.5779    axis=( -0.073282  0.406841 -0.910555)
     H   13    Vzz=    0.6098    axis=( -0.146442  0.898724  0.413340)
     H   13  Q=         1.0000 1e-30 m^2  Cq=         1.4329 MHz  eta= 0.89514

     C   14    Vxx=   -0.1756    axis=( -0.781497 -0.520884  0.343427)
     C   14    Vyy=   -0.7135    axis=( -0.416432  0.845370  0.334566)
     C   14    Vzz=    0.8891    axis=(  0.464592 -0.118448  0.877567)
     C   14  Q=         1.0000 1e-30 m^2  Cq=         2.0890 MHz  eta= 0.60490

     H   15    Vxx=   -0.0572    axis=(  0.341196 -0.787556 -0.513167)
     H   15    Vyy=   -0.6360    axis=(  0.286081  0.607031 -0.741398)
     H   15    Vzz=    0.6932    axis=(  0.895401  0.106155  0.432421)
     H   15  Q=         1.0000 1e-30 m^2  Cq=         1.6287 MHz  eta= 0.83488

     C   16    Vxx=   -0.0363    axis=( -0.466899  0.817738  0.336614)
     C   16    Vyy=   -0.5915    axis=(  0.883893  0.443237  0.149244)
     C   16    Vzz=    0.6278    axis=(  0.027157 -0.367213  0.929740)
     C   16  Q=         1.0000 1e-30 m^2  Cq=         1.4750 MHz  eta= 0.88445

     C   17    Vxx=   -0.0842    axis=( -0.826388  0.318492  0.464377)
     C   17    Vyy=   -0.4531    axis=(  0.463406  0.853162  0.239521)
     C   17    Vzz=    0.5373    axis=(  0.319903 -0.413132  0.852634)
     C   17  Q=         1.0000 1e-30 m^2  Cq=         1.2625 MHz  eta= 0.68658

     Cl  18    Vxx=    0.4315    axis=(  0.838590 -0.536005 -0.097292)
     Cl  18    Vyy=    2.3465    axis=( -0.376624 -0.699478  0.607359)
     Cl  18    Vzz=   -2.7780    axis=( -0.393601 -0.472682 -0.788447)
     Cl  18  Q=        -8.1650 1e-30 m^2  Cq=        53.2950 MHz  eta= 0.68935

     H   19    Vxx=   -0.0688    axis=(  0.324762  0.316430  0.891292)
     H   19    Vyy=   -0.4529    axis=( -0.923434  0.309795  0.226489)
     H   19    Vzz=    0.5217    axis=( -0.204450 -0.896604  0.392812)
     H   19  Q=         1.0000 1e-30 m^2  Cq=         1.2258 MHz  eta= 0.73611

     C   20    Vxx=   -0.0550    axis=(  0.110315  0.305670  0.945725)
     C   20    Vyy=   -0.5182    axis=(  0.314724  0.891824 -0.324960)
     C   20    Vzz=    0.5732    axis=( -0.942751  0.333491  0.002180)
     C   20  Q=         1.0000 1e-30 m^2  Cq=         1.3469 MHz  eta= 0.80795

     H   21    Vxx=   -0.0017    axis=(  0.300734  0.953131  0.033183)
     H   21    Vyy=   -0.5980    axis=( -0.600603  0.162247  0.782912)
     H   21    Vzz=    0.5997    axis=(  0.740834 -0.255378  0.621247)
     H   21  Q=         1.0000 1e-30 m^2  Cq=         1.4091 MHz  eta= 0.99439

     C   22    Vxx=   -0.0270    axis=(  0.342299  0.858330  0.382232)
     C   22    Vyy=   -0.6042    axis=(  0.542328 -0.512687  0.665606)
     C   22    Vzz=    0.6313    axis=( -0.767275  0.020542  0.640989)
     C   22  Q=         1.0000 1e-30 m^2  Cq=         1.4833 MHz  eta= 0.91433

     C   23    Vxx=    0.0232    axis=(  0.848985  0.194980 -0.491129)
     C   23    Vyy=    0.2968    axis=( -0.001049 -0.928810 -0.370554)
     C   23    Vzz=   -0.3200    axis=(  0.528417 -0.315109  0.788341)
     C   23  Q=         1.0000 1e-30 m^2  Cq=        -0.7519 MHz  eta= 0.85517

     Cl  24    Vxx=   -0.9881    axis=(  0.030878  0.230993  0.972465)
     Cl  24    Vyy=   -2.5801    axis=(  0.608646 -0.776091  0.165022)
     Cl  24    Vzz=    3.5682    axis=(  0.792841  0.586792 -0.164557)
     Cl  24  Q=        -8.1650 1e-30 m^2  Cq=       -68.4541 MHz  eta= 0.44615

     Initialization:
     gipaw_setup  :      8.88s CPU     10.65s WALL (       1 calls)

     Linear response

     Apply operators

     Induced current

     Other routines
     efg          :      9.78s CPU     12.59s WALL (       1 calls)

     General routines
     calbec       :      3.43s CPU      4.59s WALL (      16 calls)
     fft          :      1.64s CPU      2.54s WALL (      15 calls)
     ffts         :      0.04s CPU      0.05s WALL (       2 calls)
     fftw         :      3.61s CPU      4.64s WALL (     672 calls)
     davcio       :      0.03s CPU      0.33s WALL (      32 calls)

     Parallel routines
     fft_scatter  :      2.66s CPU      4.43s WALL (     689 calls)

     Plugins

     GIPAW        :     60.94s CPU     73.23s WALL (       1 calls)
