
     Program QE v.6.0 (svn rev. 13079) starts on 25Dec2016 at  6:34:12 

     This program is part of the open-source Quantum ESPRESSO suite
     for quantum simulation of materials; please cite
         "P. Giannozzi et al., J. Phys.:Condens. Matter 21 395502 (2009);
          URL http://www.quantum-espresso.org", 
     in publications or presentations arising from this work. More details at
     http://www.quantum-espresso.org/quote

     Parallel version (MPI), running on     8 processors
     R & G space division:  proc/nbgrp/npool/nimage =       8

     ***** This is GIPAW svn revision unknown      *****

     Parallelizing q-star over 1 images

     Reading data from directory:
     /users/majewski/paradichlorobenzene/pbe/9_constraint/scratch/pbe.ecut100.np8.dt60.pcl2phi-129368.save
     Message from routine read_xml_file:
     file /users/majewski/paradichlorobenzene/pbe/9_constraint/scratch/pbe.ecut100.np8.dt60.pcl2phi-129368.save not guaranteed to be safe for post-processing

   Info: using nr1, nr2, nr3 values from input

   Info: using nr1, nr2, nr3 values from input

     IMPORTANT: XC functional enforced from input :
     Exchange-correlation      =  SLA  PW   PBX  PBC ( 1  4  3  4 0 0)
     Any further DFT definition will be discarded
     Please, verify this is what you really want

               file C.pbe-n-kjpaw_psl.1.0.0.UPF: wavefunction(s)  2S 2P renormalized
               file Cl.pbe-n-kjpaw_psl.1.0.0.UPF: wavefunction(s)  3S 3P renormalized
               file H.pbe-kjpaw_psl.1.0.0.UPF: wavefunction(s)  1S renormalized

     Parallelization info
     --------------------
     sticks:   dense  smooth     PW     G-vecs:    dense   smooth      PW
     Min        3057    1223    332               144436    36536    5170
     Max        3059    1225    333               144437    36537    5171
     Sum       24467    9791   2657              1155489   292295   41363


     Subspace diagonalization in iterative solution of the eigenvalue problem:
     a serial algorithm will be used

     GIPAW projectors -----------------------------------------------
     atom=  C    l=0  rc=    1.2000  rs=    0.8000
     atom=  C    l=0  rc=    1.2000  rs=    0.8000
     atom=  C    l=1  rc=    1.4000  rs=    0.9333
     atom=  C    l=1  rc=    1.4000  rs=    0.9333
     projs nearly linearly dependent: l=1  n1,n2= 1, 2  s=  0.99951561

     atom=  Cl   l=0  rc=    1.6000  rs=    1.0667
     atom=  Cl   l=0  rc=    1.6000  rs=    1.0667
     atom=  Cl   l=1  rc=    1.6000  rs=    1.0667
     atom=  Cl   l=1  rc=    1.6000  rs=    1.0667
     atom=  Cl   l=2  rc=    1.6000  rs=    1.0667
     atom=  Cl   l=2  rc=    1.6000  rs=    1.0667
     projs nearly linearly dependent: l=2  n1,n2= 1, 2  s=  0.99993509

     atom=  H    l=0  rc=    1.0000  rs=    0.6667
     atom=  H    l=0  rc=    1.0000  rs=    0.6667
     projs nearly linearly dependent: l=0  n1,n2= 1, 2  s=  0.99968852
     -----------------------------------------------------------------

     GIPAW integrals: -------------------------------------------
     Atom  i/j   nmr_para   nmr_dia   epr_rmc  epr_para   epr_dia
       C   1 1   0.83E+03  0.17E-01  0.93E+01  0.24E+08  0.24E+03
       C   2 1   0.86E+03 -0.61E-01  0.94E+01  0.25E+08  0.25E+03
       C   2 2   0.90E+03 -0.15E+00  0.97E+01  0.26E+08  0.26E+03
       C   3 3   0.33E+01  0.34E+00  0.18E+01  0.55E+03  0.21E+02
       C   4 3   0.35E+01  0.37E+00  0.20E+01  0.59E+03  0.22E+02
       C   4 4   0.38E+01  0.39E+00  0.22E+01  0.63E+03  0.24E+02
       Cl  1 1   0.14E+04 -0.47E+00  0.84E+01  0.32E+09  0.42E+03
       Cl  2 1   0.21E+04 -0.37E+00  0.12E+02  0.49E+09  0.65E+03
       Cl  2 2   0.33E+04 -0.16E+00  0.21E+02  0.76E+09  0.10E+04
       Cl  3 3   0.21E+02  0.79E-01  0.89E+01  0.23E+05  0.13E+03
       Cl  4 3   0.24E+02  0.67E-01  0.99E+01  0.27E+05  0.15E+03
       Cl  4 4   0.28E+02  0.44E-01  0.11E+02  0.32E+05  0.18E+03
       Cl  5 5   0.77E+00  0.19E+00  0.18E+01  0.12E+03  0.22E+02
       Cl  6 5   0.80E+00  0.19E+00  0.19E+01  0.12E+03  0.23E+02
       Cl  6 6   0.83E+00  0.20E+00  0.19E+01  0.12E+03  0.23E+02
       H   1 1   0.39E+02  0.19E+00  0.29E+00  0.78E+05  0.13E+02
       H   2 1   0.41E+02  0.21E+00  0.32E+00  0.82E+05  0.14E+02
       H   2 2   0.43E+02  0.22E+00  0.36E+00  0.86E+05  0.15E+02
     ------------------------------------------------------------

     alpha_pv=     33.4728 eV

     Number of occupied bands for each k-point:
     k-point:     1    nbnd_occ=  42
     k-point:     2    nbnd_occ=  42
     k-point:     3    nbnd_occ=  42
     k-point:     4    nbnd_occ=  42
     k-point:     5    nbnd_occ=  42
     k-point:     6    nbnd_occ=  42
     k-point:     7    nbnd_occ=  42
     k-point:     8    nbnd_occ=  42
     k-point:     9    nbnd_occ=  42
     k-point:    10    nbnd_occ=  42
     k-point:    11    nbnd_occ=  42
     k-point:    12    nbnd_occ=  42
     k-point:    13    nbnd_occ=  42
     k-point:    14    nbnd_occ=  42
     k-point:    15    nbnd_occ=  42
     k-point:    16    nbnd_occ=  42


     q-space interpolation up to   110.00 Rydberg

     GIPAW job: efg                                                                             


     ELECTRIC FIELD GRADIENTS TENSORS IN Hartree/bohrradius^2:

     ----- bare term -----
     Cl   1        0.026351        0.047765        0.021319
     Cl   1        0.047765        0.020939        0.047739
     Cl   1        0.021319        0.047739       -0.047291

     C    2       -0.569601        0.415561       -0.270427
     C    2        0.415561        0.214126       -0.258549
     C    2       -0.270427       -0.258549        0.355475

     C    3        0.040019       -0.212414       -0.327387
     C    3       -0.212414       -0.086091       -0.647630
     C    3       -0.327387       -0.647630        0.046072

     H    4       -0.541286        0.254420       -0.196212
     H    4        0.254420        0.157239       -0.237059
     H    4       -0.196212       -0.237059        0.384047

     C    5       -0.516988        0.309649       -0.098634
     C    5        0.309649        0.160359       -0.271236
     C    5       -0.098634       -0.271236        0.356628

     H    6        0.157209       -0.036979       -0.201661
     H    6       -0.036979       -0.353858       -0.524068
     H    6       -0.201661       -0.524068        0.196649

     H    7        0.427932        0.242603       -0.034905
     H    7        0.242603       -0.764946        0.302926
     H    7       -0.034905        0.302926        0.337015

     C    8       -0.074187       -0.287673       -0.115597
     C    8       -0.287673       -0.060990        0.438152
     C    8       -0.115597        0.438152        0.135177

     H    9       -0.291769        0.564866       -0.178551
     H    9        0.564866       -0.100273        0.048950
     H    9       -0.178551        0.048950        0.392043

     C   10       -0.633693       -0.423372       -0.333737
     C   10       -0.423372        0.308548        0.118045
     C   10       -0.333737        0.118045        0.325145

     C   11        0.019986       -0.153347       -0.144297
     C   11       -0.153347       -0.153870        0.469530
     C   11       -0.144297        0.469530        0.133883

     Cl  12       -0.118854       -0.194802       -0.032928
     Cl  12       -0.194802        0.151836        0.048424
     Cl  12       -0.032928        0.048424       -0.032982

     H   13        0.435507       -0.114076       -0.007336
     H   13       -0.114076       -0.724663        0.158100
     H   13       -0.007336        0.158100        0.289156

     C   14       -0.046049       -0.085173       -0.184822
     C   14       -0.085173       -0.104501       -0.212888
     C   14       -0.184822       -0.212888        0.150549

     H   15       -0.277134       -0.496487        0.019868
     H   15       -0.496487        0.012135        0.187365
     H   15        0.019868        0.187365        0.264999

     C   16       -0.203683        0.232454        0.102972
     C   16        0.232454       -0.091232       -0.173458
     C   16        0.102972       -0.173458        0.294915

     C   17       -0.103152       -0.314013       -0.332530
     C   17       -0.314013       -0.032926       -0.689807
     C   17       -0.332530       -0.689807        0.136078

     Cl  18       -0.108145        0.184273       -0.046863
     Cl  18        0.184273       -0.029545        0.010223
     Cl  18       -0.046863        0.010223        0.137690

     H   19        0.322313        0.094720        0.147456
     H   19        0.094720       -0.306056        0.499957
     H   19        0.147456        0.499957       -0.016257

     C   20       -0.827324       -0.427091       -0.425977
     C   20       -0.427091        0.511991        0.107513
     C   20       -0.425977        0.107513        0.315333

     H   21       -0.299821        0.076293       -0.552586
     H   21        0.076293        0.165554        0.067353
     H   21       -0.552586        0.067353        0.134266

     C   22        0.056122       -0.320255       -0.097899
     C   22       -0.320255       -0.102408        0.608621
     C   22       -0.097899        0.608621        0.046286

     C   23       -0.740287       -0.455084       -0.384398
     C   23       -0.455084        0.358864        0.035167
     C   23       -0.384398        0.035167        0.381424

     Cl  24       -0.000383       -0.041366        0.042052
     Cl  24       -0.041366        0.034373       -0.082350
     Cl  24        0.042052       -0.082350       -0.033990

     ----- ionic term -----
     Cl   1        0.123882       -0.212952       -0.040747
     Cl   1       -0.212952        0.015779        0.030105
     Cl   1       -0.040747        0.030105       -0.139661

     C    2        0.243498       -0.089823        0.180938
     C    2       -0.089823        0.193512        0.394575
     C    2        0.180938        0.394575       -0.437010

     C    3        0.197107       -0.201160        0.136542
     C    3       -0.201160        0.254539        0.348492
     C    3        0.136542        0.348492       -0.451646

     H    4        0.800927        0.303712        0.506358
     H    4        0.303712       -0.410758        0.172226
     H    4        0.506358        0.172226       -0.390169

     C    5        0.317381       -0.152357        0.223734
     C    5       -0.152357        0.129909        0.290834
     C    5        0.223734        0.290834       -0.447290

     H    6       -0.529406        0.126684        0.067947
     H    6        0.126684        0.780215        0.624047
     H    6        0.067947        0.624047       -0.250809

     H    7       -0.502692       -0.048882        0.038558
     H    7       -0.048882        0.664697       -0.705213
     H    7        0.038558       -0.705213       -0.162005

     C    8        0.339725        0.195103        0.259557
     C    8        0.195103        0.059134       -0.263855
     C    8        0.259557       -0.263855       -0.398859

     H    9        0.731570       -0.419107        0.502304
     H    9       -0.419107       -0.356788       -0.226510
     H    9        0.502304       -0.226510       -0.374782

     C   10        0.164818        0.181167        0.186707
     C   10        0.181167        0.222599       -0.349770
     C   10        0.186707       -0.349770       -0.387418

     C   11        0.155518        0.147209        0.281801
     C   11        0.147209        0.133450       -0.400920
     C   11        0.281801       -0.400920       -0.288968

     Cl  12        0.123779        0.181361       -0.013282
     Cl  12        0.181361        0.018715       -0.017267
     Cl  12       -0.013282       -0.017267       -0.142495

     H   13       -0.483016        0.090909        0.024842
     H   13        0.090909        0.753712        0.615700
     H   13        0.024842        0.615700       -0.270696

     C   14        0.332382       -0.139024        0.187488
     C   14       -0.139024        0.124875        0.291629
     C   14        0.187488        0.291629       -0.457257

     H   15        0.725757        0.322295        0.603010
     H   15        0.322295       -0.385702        0.214981
     H   15        0.603010        0.214981       -0.340055

     C   16        0.160589       -0.148308        0.174944
     C   16       -0.148308        0.297675        0.356963
     C   16        0.174944        0.356963       -0.458264

     C   17        0.214837       -0.058135        0.315931
     C   17       -0.058135        0.239732        0.316669
     C   17        0.315931        0.316669       -0.454570

     Cl  18        0.108223       -0.174642        0.048039
     Cl  18       -0.174642        0.053307       -0.025148
     Cl  18        0.048039       -0.025148       -0.161530

     H   19       -0.513844        0.030629        0.004686
     H   19        0.030629        0.568662       -0.751340
     H   19        0.004686       -0.751340       -0.054818

     C   20        0.263725        0.231155        0.291269
     C   20        0.231155        0.016697       -0.293608
     C   20        0.291269       -0.293608       -0.280422

     H   21        0.574458       -0.374258        0.648056
     H   21       -0.374258       -0.371987       -0.273268
     H   21        0.648056       -0.273268       -0.202471

     C   22        0.172942        0.229852        0.191291
     C   22        0.229852        0.113966       -0.341484
     C   22        0.191291       -0.341484       -0.286908

     C   23        0.300955        0.186387        0.213771
     C   23        0.186387        0.023765       -0.351696
     C   23        0.213771       -0.351696       -0.324721

     Cl  24        0.157121        0.209442       -0.003656
     Cl  24        0.209442       -0.009615       -0.011098
     Cl  24       -0.003656       -0.011098       -0.147506

     ----- GIPAW term -----
     Cl   1       -0.138741       -1.135208        0.133248
     Cl   1       -1.135208        2.332444        1.230329
     Cl   1        0.133248        1.230329       -2.193703

     C    2       -0.146158       -0.025915       -0.019566
     C    2       -0.025915        0.230698       -0.116963
     C    2       -0.019566       -0.116963       -0.084540

     C    3       -0.053627       -0.210655       -0.059007
     C    3       -0.210655        0.194922       -0.069267
     C    3       -0.059007       -0.069267       -0.141295

     H    4       -0.000000        0.000000        0.000000
     H    4        0.000000        0.000000        0.000000
     H    4        0.000000        0.000000        0.000000

     C    5       -0.051052       -0.157826        0.059514
     C    5       -0.157826        0.143569       -0.073676
     C    5        0.059514       -0.073676       -0.092517

     H    6       -0.000000        0.000000        0.000000
     H    6        0.000000        0.000000        0.000000
     H    6        0.000000        0.000000        0.000000

     H    7       -0.000000        0.000000        0.000000
     H    7        0.000000        0.000000        0.000000
     H    7        0.000000        0.000000        0.000000

     C    8       -0.059020       -0.165919        0.002981
     C    8       -0.165919        0.198518        0.082444
     C    8        0.002981        0.082444       -0.139498

     H    9       -0.000000        0.000000        0.000000
     H    9        0.000000        0.000000        0.000000
     H    9        0.000000        0.000000        0.000000

     C   10       -0.173400       -0.191467       -0.038205
     C   10       -0.191467        0.245163       -0.072069
     C   10       -0.038205       -0.072069       -0.071764

     C   11       -0.030494       -0.017229        0.034842
     C   11       -0.017229        0.157844       -0.097170
     C   11        0.034842       -0.097170       -0.127350

     Cl  12        0.580582        0.813896       -0.320795
     Cl  12        0.813896        1.430166        0.402025
     Cl  12       -0.320795        0.402025       -2.010748

     H   13       -0.000000        0.000000        0.000000
     H   13        0.000000        0.000000        0.000000
     H   13        0.000000        0.000000        0.000000

     C   14       -0.038371       -0.007136       -0.010741
     C   14       -0.007136        0.056587       -0.101903
     C   14       -0.010741       -0.101903       -0.018216

     H   15       -0.000000        0.000000        0.000000
     H   15        0.000000        0.000000        0.000000
     H   15        0.000000        0.000000        0.000000

     C   16       -0.069479        0.003754        0.024973
     C   16        0.003754        0.028096       -0.082666
     C   16        0.024973       -0.082666        0.041383

     C   17       -0.041751       -0.178084        0.015255
     C   17       -0.178084        0.062471       -0.211805
     C   17        0.015255       -0.211805       -0.020720

     Cl  18        1.305145       -2.024565       -0.430729
     Cl  18       -2.024565       -0.009529        0.172350
     Cl  18       -0.430729        0.172350       -1.295617

     H   19       -0.000000        0.000000        0.000000
     H   19        0.000000        0.000000        0.000000
     H   19        0.000000        0.000000        0.000000

     C   20       -0.201674       -0.154311       -0.038783
     C   20       -0.154311        0.292176       -0.039472
     C   20       -0.038783       -0.039472       -0.090502

     H   21       -0.000000        0.000000        0.000000
     H   21        0.000000        0.000000        0.000000
     H   21        0.000000        0.000000        0.000000

     C   22       -0.091048       -0.117835       -0.002790
     C   22       -0.117835        0.238731        0.072933
     C   22       -0.002790        0.072933       -0.147682

     C   23       -0.154353       -0.068062       -0.015880
     C   23       -0.068062        0.242346       -0.117925
     C   23       -0.015880       -0.117925       -0.087993

     Cl  24       -0.127458        0.986909        0.380008
     Cl  24        0.986909        1.826628       -1.773880
     Cl  24        0.380008       -1.773880       -1.699171

     ----- total EFG -----
     Cl   1        0.011492       -1.300395        0.113820
     Cl   1       -1.300395        2.369163        1.308172
     Cl   1        0.113820        1.308172       -2.380655

     C    2       -0.472261        0.299823       -0.109055
     C    2        0.299823        0.638337        0.019063
     C    2       -0.109055        0.019063       -0.166076

     C    3        0.183499       -0.624230       -0.249852
     C    3       -0.624230        0.363371       -0.368405
     C    3       -0.249852       -0.368405       -0.546870

     H    4        0.259641        0.558132        0.310146
     H    4        0.558132       -0.253519       -0.064832
     H    4        0.310146       -0.064832       -0.006123

     C    5       -0.250659       -0.000534        0.184615
     C    5       -0.000534        0.433837       -0.054078
     C    5        0.184615       -0.054078       -0.183178

     H    6       -0.372197        0.089705       -0.133713
     H    6        0.089705        0.426357        0.099979
     H    6       -0.133713        0.099979       -0.054160

     H    7       -0.074760        0.193720        0.003653
     H    7        0.193720       -0.100249       -0.402286
     H    7        0.003653       -0.402286        0.175010

     C    8        0.206518       -0.258489        0.146941
     C    8       -0.258489        0.196661        0.256740
     C    8        0.146941        0.256740       -0.403180

     H    9        0.439801        0.145760        0.323753
     H    9        0.145760       -0.457061       -0.177560
     H    9        0.323753       -0.177560        0.017260

     C   10       -0.642274       -0.433672       -0.185236
     C   10       -0.433672        0.776310       -0.303794
     C   10       -0.185236       -0.303794       -0.134036

     C   11        0.145011       -0.023367        0.172346
     C   11       -0.023367        0.137424       -0.028560
     C   11        0.172346       -0.028560       -0.282434

     Cl  12        0.585506        0.800454       -0.367005
     Cl  12        0.800454        1.600717        0.433182
     Cl  12       -0.367005        0.433182       -2.186224

     H   13       -0.047509       -0.023167        0.017506
     H   13       -0.023167        0.029048        0.773800
     H   13        0.017506        0.773800        0.018461

     C   14        0.247963       -0.231333       -0.008075
     C   14       -0.231333        0.076961       -0.023162
     C   14       -0.008075       -0.023162       -0.324923

     H   15        0.448623       -0.174192        0.622878
     H   15       -0.174192       -0.373567        0.402346
     H   15        0.622878        0.402346       -0.075056

     C   16       -0.112573        0.087900        0.302889
     C   16        0.087900        0.234540        0.100840
     C   16        0.302889        0.100840       -0.121966

     C   17        0.069935       -0.550231       -0.001344
     C   17       -0.550231        0.269277       -0.584944
     C   17       -0.001344       -0.584944       -0.339212

     Cl  18        1.305224       -2.014934       -0.429553
     Cl  18       -2.014934        0.014233        0.157426
     Cl  18       -0.429553        0.157426       -1.319457

     H   19       -0.191531        0.125349        0.152142
     H   19        0.125349        0.262606       -0.251383
     H   19        0.152142       -0.251383       -0.071075

     C   20       -0.765274       -0.350247       -0.173490
     C   20       -0.350247        0.820864       -0.225568
     C   20       -0.173490       -0.225568       -0.055590

     H   21        0.274637       -0.297965        0.095471
     H   21       -0.297965       -0.206433       -0.205914
     H   21        0.095471       -0.205914       -0.068205

     C   22        0.138016       -0.208237        0.090602
     C   22       -0.208237        0.250288        0.340069
     C   22        0.090602        0.340069       -0.388304

     C   23       -0.593685       -0.336758       -0.186507
     C   23       -0.336758        0.624975       -0.434455
     C   23       -0.186507       -0.434455       -0.031290

     Cl  24        0.029280        1.154985        0.418404
     Cl  24        1.154985        1.851386       -1.867329
     Cl  24        0.418404       -1.867329       -1.880667

     ----- total EFG (symmetrized) -----
     Cl   1        0.011492       -1.300395        0.113820
     Cl   1       -1.300395        2.369163        1.308172
     Cl   1        0.113820        1.308172       -2.380655

     C    2       -0.472261        0.299823       -0.109055
     C    2        0.299823        0.638337        0.019063
     C    2       -0.109055        0.019063       -0.166076

     C    3        0.183499       -0.624230       -0.249852
     C    3       -0.624230        0.363371       -0.368405
     C    3       -0.249852       -0.368405       -0.546870

     H    4        0.259641        0.558132        0.310146
     H    4        0.558132       -0.253519       -0.064832
     H    4        0.310146       -0.064832       -0.006123

     C    5       -0.250659       -0.000534        0.184615
     C    5       -0.000534        0.433837       -0.054078
     C    5        0.184615       -0.054078       -0.183178

     H    6       -0.372197        0.089705       -0.133713
     H    6        0.089705        0.426357        0.099979
     H    6       -0.133713        0.099979       -0.054160

     H    7       -0.074760        0.193720        0.003653
     H    7        0.193720       -0.100249       -0.402286
     H    7        0.003653       -0.402286        0.175010

     C    8        0.206518       -0.258489        0.146941
     C    8       -0.258489        0.196661        0.256740
     C    8        0.146941        0.256740       -0.403180

     H    9        0.439801        0.145760        0.323753
     H    9        0.145760       -0.457061       -0.177560
     H    9        0.323753       -0.177560        0.017260

     C   10       -0.642274       -0.433672       -0.185236
     C   10       -0.433672        0.776310       -0.303794
     C   10       -0.185236       -0.303794       -0.134036

     C   11        0.145011       -0.023367        0.172346
     C   11       -0.023367        0.137424       -0.028560
     C   11        0.172346       -0.028560       -0.282434

     Cl  12        0.585506        0.800454       -0.367005
     Cl  12        0.800454        1.600717        0.433182
     Cl  12       -0.367005        0.433182       -2.186224

     H   13       -0.047509       -0.023167        0.017506
     H   13       -0.023167        0.029048        0.773800
     H   13        0.017506        0.773800        0.018461

     C   14        0.247963       -0.231333       -0.008075
     C   14       -0.231333        0.076961       -0.023162
     C   14       -0.008075       -0.023162       -0.324923

     H   15        0.448623       -0.174192        0.622878
     H   15       -0.174192       -0.373567        0.402346
     H   15        0.622878        0.402346       -0.075056

     C   16       -0.112573        0.087900        0.302889
     C   16        0.087900        0.234540        0.100840
     C   16        0.302889        0.100840       -0.121966

     C   17        0.069935       -0.550231       -0.001344
     C   17       -0.550231        0.269277       -0.584944
     C   17       -0.001344       -0.584944       -0.339212

     Cl  18        1.305224       -2.014934       -0.429553
     Cl  18       -2.014934        0.014233        0.157426
     Cl  18       -0.429553        0.157426       -1.319457

     H   19       -0.191531        0.125349        0.152142
     H   19        0.125349        0.262606       -0.251383
     H   19        0.152142       -0.251383       -0.071075

     C   20       -0.765274       -0.350247       -0.173490
     C   20       -0.350247        0.820864       -0.225568
     C   20       -0.173490       -0.225568       -0.055590

     H   21        0.274637       -0.297965        0.095471
     H   21       -0.297965       -0.206433       -0.205914
     H   21        0.095471       -0.205914       -0.068205

     C   22        0.138016       -0.208237        0.090602
     C   22       -0.208237        0.250288        0.340069
     C   22        0.090602        0.340069       -0.388304

     C   23       -0.593685       -0.336758       -0.186507
     C   23       -0.336758        0.624975       -0.434455
     C   23       -0.186507       -0.434455       -0.031290

     Cl  24        0.029280        1.154985        0.418404
     Cl  24        1.154985        1.851386       -1.867329
     Cl  24        0.418404       -1.867329       -1.880667


     NQR/NMR SPECTROSCOPIC PARAMETERS:
     Cl   1    Vxx=   -0.3959    axis=(  0.915727  0.309348  0.256412)
     Cl   1    Vyy=   -2.7917    axis=( -0.169169 -0.282007  0.944380)
     Cl   1    Vzz=    3.1876    axis=(  0.364452 -0.908172 -0.205910)
     Cl   1  Q=        -8.1650 1e-30 m^2  Cq=       -61.1528 MHz  eta= 0.75158

     C    2    Vxx=   -0.1365    axis=( -0.248926  0.072557  0.965801)
     C    2    Vyy=   -0.5777    axis=( -0.936810  0.235049 -0.259113)
     C    2    Vzz=    0.7142    axis=( -0.245811 -0.969272  0.009463)
     C    2  Q=         1.0000 1e-30 m^2  Cq=         1.6781 MHz  eta= 0.61765

     C    3    Vxx=   -0.0172    axis=(  0.641632  0.453821 -0.618348)
     C    3    Vyy=   -0.8969    axis=(  0.437852  0.445197  0.781080)
     C    3    Vzz=    0.9141    axis=( -0.629757  0.771911 -0.086947)
     C    3  Q=         1.0000 1e-30 m^2  Cq=         2.1479 MHz  eta= 0.96231

     H    4    Vxx=   -0.0066    axis=( -0.095154 -0.448459  0.888724)
     H    4    Vyy=   -0.6879    axis=( -0.556755  0.764059  0.325941)
     H    4    Vzz=    0.6945    axis=( -0.825209 -0.463787 -0.322385)
     H    4  Q=         1.0000 1e-30 m^2  Cq=         1.6318 MHz  eta= 0.98095

     C    5    Vxx=   -0.0330    axis=(  0.644126  0.088750  0.759754)
     C    5    Vyy=   -0.4060    axis=( -0.764478  0.040940  0.643349)
     C    5    Vzz=    0.4390    axis=(  0.025993 -0.995212  0.094218)
     C    5  Q=         1.0000 1e-30 m^2  Cq=         1.0314 MHz  eta= 0.84975

     H    6    Vxx=   -0.0138    axis=( -0.375336 -0.131892  0.917457)
     H    6    Vyy=   -0.4374    axis=( -0.923533  0.137363 -0.358075)
     H    6    Vzz=    0.4512    axis=( -0.078797 -0.981701 -0.173364)
     H    6  Q=         1.0000 1e-30 m^2  Cq=         1.0602 MHz  eta= 0.93870

     H    7    Vxx=   -0.0283    axis=(  0.895385  0.207303  0.394096)
     H    7    Vyy=   -0.4569    axis=( -0.396723  0.773306  0.494580)
     H    7    Vzz=    0.4852    axis=( -0.202229 -0.599186  0.774648)
     H    7  Q=         1.0000 1e-30 m^2  Cq=         1.1401 MHz  eta= 0.88335

     C    8    Vxx=    0.1007    axis=(  0.681767  0.552010  0.480082)
     C    8    Vyy=    0.4680    axis=( -0.669073  0.735882  0.104019)
     C    8    Vzz=   -0.5687    axis=( -0.295864 -0.392127  0.871034)
     C    8  Q=         1.0000 1e-30 m^2  Cq=        -1.3362 MHz  eta= 0.64585

     H    9    Vxx=   -0.0376    axis=(  0.392168  0.470819 -0.790275)
     H    9    Vyy=   -0.5794    axis=(  0.252913 -0.881171 -0.399466)
     H    9    Vzz=    0.6170    axis=( -0.884443 -0.043213 -0.464643)
     H    9  Q=         1.0000 1e-30 m^2  Cq=         1.4497 MHz  eta= 0.87807

     C   10    Vxx=   -0.0922    axis=(  0.399527 -0.118472 -0.909034)
     C   10    Vyy=   -0.8621    axis=(  0.887134  0.299863  0.350822)
     C   10    Vzz=    0.9543    axis=(  0.231023 -0.946597  0.224904)
     C   10  Q=         1.0000 1e-30 m^2  Cq=         2.2423 MHz  eta= 0.80674

     C   11    Vxx=    0.1258    axis=(  0.358018  0.929736  0.086106)
     C   11    Vyy=    0.2183    axis=( -0.873297  0.366059 -0.321487)
     C   11    Vzz=   -0.3440    axis=( -0.330418  0.039902  0.942991)
     C   11  Q=         1.0000 1e-30 m^2  Cq=        -0.8083 MHz  eta= 0.26878

     Cl  12    Vxx=    0.2592    axis=( -0.867946  0.450083  0.209987)
     Cl  12    Vyy=    2.0510    axis=(  0.469195  0.881706  0.049500)
     Cl  12    Vzz=   -2.3102    axis=(  0.162867 -0.141488  0.976450)
     Cl  12  Q=        -8.1650 1e-30 m^2  Cq=        44.3202 MHz  eta= 0.77559

     H   13    Vxx=   -0.0464    axis=( -0.999155  0.025316 -0.032381)
     H   13    Vyy=   -0.7512    axis=( -0.040815 -0.704173  0.708854)
     H   13    Vzz=    0.7976    axis=(  0.004856 -0.709577 -0.704612)
     H   13  Q=         1.0000 1e-30 m^2  Cq=         1.8740 MHz  eta= 0.88376

     C   14    Vxx=   -0.0819    axis=(  0.569932  0.815983 -0.096694)
     C   14    Vyy=   -0.3273    axis=(  0.047936  0.084459  0.995273)
     C   14    Vzz=    0.4091    axis=( -0.820293  0.571873 -0.009021)
     C   14  Q=         1.0000 1e-30 m^2  Cq=         0.9613 MHz  eta= 0.59980

     H   15    Vxx=    0.0002    axis=(  0.421349 -0.748155 -0.512572)
     H   15    Vyy=    0.8679    axis=( -0.818340 -0.070054 -0.570449)
     H   15    Vzz=   -0.8681    axis=(  0.390876  0.659816 -0.641762)
     H   15  Q=         1.0000 1e-30 m^2  Cq=        -2.0397 MHz  eta= 0.99957

     C   16    Vxx=    0.0746    axis=(  0.556756 -0.639869  0.529707)
     C   16    Vyy=    0.3458    axis=(  0.448872  0.768312  0.456302)
     C   16    Vzz=   -0.4204    axis=( -0.698953 -0.016278  0.714982)
     C   16  Q=         1.0000 1e-30 m^2  Cq=        -0.9877 MHz  eta= 0.64517

     C   17    Vxx=   -0.0978    axis=( -0.777575 -0.238394  0.581847)
     C   17    Vyy=   -0.8079    axis=( -0.365593 -0.581456 -0.726809)
     C   17    Vzz=    0.9056    axis=(  0.511586 -0.777867  0.364970)
     C   17  Q=         1.0000 1e-30 m^2  Cq=         2.1278 MHz  eta= 0.78412

     Cl  18    Vxx=   -1.2780    axis=( -0.267917 -0.516817  0.813093)
     Cl  18    Vyy=   -1.5443    axis=( -0.529171 -0.626313 -0.572460)
     Cl  18    Vzz=    2.8223    axis=( -0.805108  0.583637  0.105684)
     Cl  18  Q=        -8.1650 1e-30 m^2  Cq=       -54.1439 MHz  eta= 0.09436

     H   19    Vxx=   -0.0072    axis=( -0.715197 -0.268850 -0.645146)
     H   19    Vyy=   -0.3931    axis=( -0.695157  0.369328  0.616729)
     H   19    Vzz=    0.4003    axis=(  0.072463  0.889560 -0.451035)
     H   19  Q=         1.0000 1e-30 m^2  Cq=         0.9405 MHz  eta= 0.96417

     C   20    Vxx=   -0.0343    axis=( -0.288348  0.132064  0.948375)
     C   20    Vyy=   -0.8961    axis=(  0.940448  0.225283  0.254567)
     C   20    Vzz=    0.9304    axis=( -0.180034  0.965301 -0.189159)
     C   20  Q=         1.0000 1e-30 m^2  Cq=         2.1860 MHz  eta= 0.92637

     H   21    Vxx=   -0.0600    axis=( -0.464570 -0.249433  0.849681)
     H   21    Vyy=   -0.4161    axis=(  0.309951  0.853013  0.419879)
     H   21    Vzz=    0.4760    axis=(  0.829521 -0.458423  0.318972)
     H   21  Q=         1.0000 1e-30 m^2  Cq=         1.1184 MHz  eta= 0.74809

     C   22    Vxx=    0.1003    axis=( -0.863690 -0.324283 -0.385851)
     C   22    Vyy=    0.4751    axis=( -0.446429  0.847553  0.286974)
     C   22    Vzz=   -0.5754    axis=( -0.233968 -0.420111  0.876793)
     C   22  Q=         1.0000 1e-30 m^2  Cq=        -1.3520 MHz  eta= 0.65136

     C   23    Vxx=   -0.0723    axis=(  0.480606 -0.284677 -0.829444)
     C   23    Vyy=   -0.8035    axis=( -0.862930 -0.321903 -0.389526)
     C   23    Vzz=    0.8758    axis=( -0.156112  0.902960 -0.400365)
     C   23  Q=         1.0000 1e-30 m^2  Cq=         2.0579 MHz  eta= 0.83482

     Cl  24    Vxx=   -0.0207    axis=(  0.906677 -0.177836  0.382507)
     Cl  24    Vyy=   -2.9014    axis=(  0.285183 -0.409736 -0.866479)
     Cl  24    Vzz=    2.9221    axis=(  0.310818  0.894701 -0.320783)
     Cl  24  Q=        -8.1650 1e-30 m^2  Cq=       -56.0596 MHz  eta= 0.98580

     Initialization:
     gipaw_setup  :      9.26s CPU     10.78s WALL (       1 calls)

     Linear response

     Apply operators

     Induced current

     Other routines
     efg          :      9.46s CPU     11.83s WALL (       1 calls)

     General routines
     calbec       :      3.25s CPU      4.21s WALL (      16 calls)
     fft          :      1.52s CPU      2.10s WALL (      15 calls)
     ffts         :      0.03s CPU      0.03s WALL (       2 calls)
     fftw         :      3.47s CPU      4.15s WALL (     672 calls)
     davcio       :      0.02s CPU      0.33s WALL (      32 calls)

     Parallel routines
     fft_scatter  :      2.17s CPU      3.20s WALL (     689 calls)

     Plugins

     GIPAW        :     61.03s CPU     71.39s WALL (       1 calls)
