
     Program QE v.6.0 (svn rev. 13079) starts on 30Dec2016 at  1:38:15 

     This program is part of the open-source Quantum ESPRESSO suite
     for quantum simulation of materials; please cite
         "P. Giannozzi et al., J. Phys.:Condens. Matter 21 395502 (2009);
          URL http://www.quantum-espresso.org", 
     in publications or presentations arising from this work. More details at
     http://www.quantum-espresso.org/quote

     Parallel version (MPI), running on     8 processors
     R & G space division:  proc/nbgrp/npool/nimage =       8

     ***** This is GIPAW svn revision unknown      *****

     Parallelizing q-star over 1 images

     Reading data from directory:
     /users/majewski/paradichlorobenzene/pbe/9_constraint/scratch/pbe.ecut100.np8.dt60.pcl2phi-129368.save
     Message from routine read_xml_file:
     file /users/majewski/paradichlorobenzene/pbe/9_constraint/scratch/pbe.ecut100.np8.dt60.pcl2phi-129368.save not guaranteed to be safe for post-processing

   Info: using nr1, nr2, nr3 values from input

   Info: using nr1, nr2, nr3 values from input

     IMPORTANT: XC functional enforced from input :
     Exchange-correlation      =  SLA  PW   PBX  PBC ( 1  4  3  4 0 0)
     Any further DFT definition will be discarded
     Please, verify this is what you really want

               file C.pbe-n-kjpaw_psl.1.0.0.UPF: wavefunction(s)  2S 2P renormalized
               file Cl.pbe-n-kjpaw_psl.1.0.0.UPF: wavefunction(s)  3S 3P renormalized
               file H.pbe-kjpaw_psl.1.0.0.UPF: wavefunction(s)  1S renormalized

     Parallelization info
     --------------------
     sticks:   dense  smooth     PW     G-vecs:    dense   smooth      PW
     Min        3057    1223    332               144436    36536    5170
     Max        3059    1225    333               144437    36537    5171
     Sum       24467    9791   2657              1155489   292295   41363


     Subspace diagonalization in iterative solution of the eigenvalue problem:
     a serial algorithm will be used

     GIPAW projectors -----------------------------------------------
     atom=  C    l=0  rc=    1.2000  rs=    0.8000
     atom=  C    l=0  rc=    1.2000  rs=    0.8000
     atom=  C    l=1  rc=    1.4000  rs=    0.9333
     atom=  C    l=1  rc=    1.4000  rs=    0.9333
     projs nearly linearly dependent: l=1  n1,n2= 1, 2  s=  0.99951561

     atom=  Cl   l=0  rc=    1.6000  rs=    1.0667
     atom=  Cl   l=0  rc=    1.6000  rs=    1.0667
     atom=  Cl   l=1  rc=    1.6000  rs=    1.0667
     atom=  Cl   l=1  rc=    1.6000  rs=    1.0667
     atom=  Cl   l=2  rc=    1.6000  rs=    1.0667
     atom=  Cl   l=2  rc=    1.6000  rs=    1.0667
     projs nearly linearly dependent: l=2  n1,n2= 1, 2  s=  0.99993509

     atom=  H    l=0  rc=    1.0000  rs=    0.6667
     atom=  H    l=0  rc=    1.0000  rs=    0.6667
     projs nearly linearly dependent: l=0  n1,n2= 1, 2  s=  0.99968852
     -----------------------------------------------------------------

     GIPAW integrals: -------------------------------------------
     Atom  i/j   nmr_para   nmr_dia   epr_rmc  epr_para   epr_dia
       C   1 1   0.83E+03  0.17E-01  0.93E+01  0.24E+08  0.24E+03
       C   2 1   0.86E+03 -0.61E-01  0.94E+01  0.25E+08  0.25E+03
       C   2 2   0.90E+03 -0.15E+00  0.97E+01  0.26E+08  0.26E+03
       C   3 3   0.33E+01  0.34E+00  0.18E+01  0.55E+03  0.21E+02
       C   4 3   0.35E+01  0.37E+00  0.20E+01  0.59E+03  0.22E+02
       C   4 4   0.38E+01  0.39E+00  0.22E+01  0.63E+03  0.24E+02
       Cl  1 1   0.14E+04 -0.47E+00  0.84E+01  0.32E+09  0.42E+03
       Cl  2 1   0.21E+04 -0.37E+00  0.12E+02  0.49E+09  0.65E+03
       Cl  2 2   0.33E+04 -0.16E+00  0.21E+02  0.76E+09  0.10E+04
       Cl  3 3   0.21E+02  0.79E-01  0.89E+01  0.23E+05  0.13E+03
       Cl  4 3   0.24E+02  0.67E-01  0.99E+01  0.27E+05  0.15E+03
       Cl  4 4   0.28E+02  0.44E-01  0.11E+02  0.32E+05  0.18E+03
       Cl  5 5   0.77E+00  0.19E+00  0.18E+01  0.12E+03  0.22E+02
       Cl  6 5   0.80E+00  0.19E+00  0.19E+01  0.12E+03  0.23E+02
       Cl  6 6   0.83E+00  0.20E+00  0.19E+01  0.12E+03  0.23E+02
       H   1 1   0.39E+02  0.19E+00  0.29E+00  0.78E+05  0.13E+02
       H   2 1   0.41E+02  0.21E+00  0.32E+00  0.82E+05  0.14E+02
       H   2 2   0.43E+02  0.22E+00  0.36E+00  0.86E+05  0.15E+02
     ------------------------------------------------------------

     alpha_pv=     33.9249 eV

     Number of occupied bands for each k-point:
     k-point:     1    nbnd_occ=  42
     k-point:     2    nbnd_occ=  42
     k-point:     3    nbnd_occ=  42
     k-point:     4    nbnd_occ=  42
     k-point:     5    nbnd_occ=  42
     k-point:     6    nbnd_occ=  42
     k-point:     7    nbnd_occ=  42
     k-point:     8    nbnd_occ=  42
     k-point:     9    nbnd_occ=  42
     k-point:    10    nbnd_occ=  42
     k-point:    11    nbnd_occ=  42
     k-point:    12    nbnd_occ=  42
     k-point:    13    nbnd_occ=  42
     k-point:    14    nbnd_occ=  42
     k-point:    15    nbnd_occ=  42
     k-point:    16    nbnd_occ=  42


     q-space interpolation up to   110.00 Rydberg

     GIPAW job: efg                                                                             


     ELECTRIC FIELD GRADIENTS TENSORS IN Hartree/bohrradius^2:

     ----- bare term -----
     Cl   1       -0.094841        0.176773        0.013724
     Cl   1        0.176773       -0.061280        0.041395
     Cl   1        0.013724        0.041395        0.156121

     C    2       -0.098165       -0.030883       -0.308122
     C    2       -0.030883        0.005918       -0.697502
     C    2       -0.308122       -0.697502        0.092247

     C    3       -0.589645        0.356950       -0.229944
     C    3        0.356950        0.212017       -0.324919
     C    3       -0.229944       -0.324919        0.377628

     H    4       -0.134893       -0.357124       -0.377945
     H    4       -0.357124       -0.187154       -0.274362
     H    4       -0.377945       -0.274362        0.322047

     C    5       -0.220342       -0.041479       -0.335114
     C    5       -0.041479        0.029526       -0.527278
     C    5       -0.335114       -0.527278        0.190815

     H    6        0.461590       -0.048558       -0.031413
     H    6       -0.048558       -0.800765       -0.189731
     H    6       -0.031413       -0.189731        0.339175

     H    7        0.344825       -0.134926       -0.324428
     H    7       -0.134926       -0.256042        0.385623
     H    7       -0.324428        0.385623       -0.088783

     C    8       -0.876593       -0.360700       -0.334767
     C    8       -0.360700        0.499231        0.116196
     C    8       -0.334767        0.116196        0.377362

     H    9        0.078727       -0.120655       -0.450465
     H    9       -0.120655       -0.033330       -0.220867
     H    9       -0.450465       -0.220867       -0.045397

     C   10        0.162247       -0.102182       -0.149227
     C   10       -0.102182       -0.125192        0.589336
     C   10       -0.149227        0.589336       -0.037055

     C   11       -0.707629       -0.474286       -0.377872
     C   11       -0.474286        0.317777        0.056089
     C   11       -0.377872        0.056089        0.389852

     Cl  12        0.114718       -0.024465       -0.035592
     Cl  12       -0.024465       -0.160713       -0.034747
     Cl  12       -0.035592       -0.034747        0.045995

     H   13        0.540205       -0.000007       -0.056970
     H   13       -0.000007       -0.234393       -0.321977
     H   13       -0.056970       -0.321977       -0.305811

     C   14       -0.755112        0.360137       -0.262443
     C   14        0.360137        0.434668       -0.254930
     C   14       -0.262443       -0.254930        0.320444

     H   15       -0.225652        0.047346       -0.575617
     H   15        0.047346        0.205444        0.064027
     H   15       -0.575617        0.064027        0.020209

     C   16       -0.061200        0.007044       -0.242842
     C   16        0.007044       -0.044801       -0.693256
     C   16       -0.242842       -0.693256        0.106001

     C   17       -0.525402        0.300855       -0.293635
     C   17        0.300855        0.169816       -0.298416
     C   17       -0.293635       -0.298416        0.355586

     Cl  18        0.036759        0.062724       -0.023719
     Cl  18        0.062724        0.027675        0.008574
     Cl  18       -0.023719        0.008574       -0.064434

     H   19        0.452763        0.139331       -0.042994
     H   19        0.139331       -0.687715        0.473252
     H   19       -0.042994        0.473252        0.234952

     C   20       -0.108875        0.038064       -0.276961
     C   20        0.038064       -0.039470        0.391325
     C   20       -0.276961        0.391325        0.148345

     H   21        0.077307        0.165513       -0.362252
     H   21        0.165513        0.114860        0.534461
     H   21       -0.362252        0.534461       -0.192167

     C   22       -0.766716       -0.364324       -0.378588
     C   22       -0.364324        0.282580       -0.019115
     C   22       -0.378588       -0.019115        0.484136

     C   23        0.024182        0.229813       -0.369985
     C   23        0.229813       -0.231960        0.471561
     C   23       -0.369985        0.471561        0.207778

     Cl  24       -0.218874       -0.269109       -0.157800
     Cl  24       -0.269109       -0.070551       -0.099163
     Cl  24       -0.157800       -0.099163        0.289425

     ----- ionic term -----
     Cl   1        0.203290       -0.179675       -0.018267
     Cl   1       -0.179675       -0.052764        0.019092
     Cl   1       -0.018267        0.019092       -0.150526

     C    2        0.327397       -0.189971        0.244563
     C    2       -0.189971       -0.036354        0.382644
     C    2        0.244563        0.382644       -0.291043

     C    3        0.163994       -0.237196        0.174292
     C    3       -0.237196        0.129541        0.390769
     C    3        0.174292        0.390769       -0.293535

     H    4        0.530043        0.348179        0.675317
     H    4        0.348179       -0.396344        0.292960
     H    4        0.675317        0.292960       -0.133699

     C    5        0.306632       -0.203436        0.252246
     C    5       -0.203436        0.057110        0.276005
     C    5        0.252246        0.276005       -0.363742

     H    6       -0.496259        0.086836        0.075836
     H    6        0.086836        0.768262        0.633517
     H    6        0.075836        0.633517       -0.272003

     H    7       -0.482229       -0.219138        0.177232
     H    7       -0.219138        0.466578       -0.744895
     H    7        0.177232       -0.744895        0.015651

     C    8        0.192357        0.188996        0.360417
     C    8        0.188996        0.012869       -0.291829
     C    8        0.360417       -0.291829       -0.205226

     H    9        0.355328       -0.079220        0.787088
     H    9       -0.079220       -0.465520       -0.147885
     H    9        0.787088       -0.147885        0.110192

     C   10        0.051955        0.290498        0.239657
     C   10        0.290498        0.170190       -0.355029
     C   10        0.239657       -0.355029       -0.222145

     C   11        0.178150        0.200818        0.375814
     C   11        0.200818        0.071018       -0.369957
     C   11        0.375814       -0.369957       -0.249168

     Cl  12        0.131652        0.240446        0.033616
     Cl  12        0.240446        0.024703        0.015423
     Cl  12        0.033616        0.015423       -0.156355

     H   13       -0.513679        0.073709        0.054588
     H   13        0.073709        0.536754        0.773090
     H   13        0.054588        0.773090       -0.023075

     C   14        0.345886       -0.202330        0.276825
     C   14       -0.202330       -0.052814        0.309568
     C   14        0.276825        0.309568       -0.293072

     H   15        0.540268        0.312573        0.714949
     H   15        0.312573       -0.417359        0.267836
     H   15        0.714949        0.267836       -0.122909

     C   16        0.167053       -0.237246        0.179396
     C   16       -0.237246        0.117807        0.405214
     C   16        0.179396        0.405214       -0.284860

     C   17        0.130447       -0.210180        0.235338
     C   17       -0.210180        0.157695        0.402210
     C   17        0.235338        0.402210       -0.288141

     Cl  18        0.094125       -0.219779        0.014260
     Cl  18       -0.219779        0.048651        0.003402
     Cl  18        0.014260        0.003402       -0.142776

     H   19       -0.503565       -0.149603        0.099847
     H   19       -0.149603        0.678136       -0.678027
     H   19        0.099847       -0.678027       -0.174572

     C   20        0.264864        0.172255        0.388173
     C   20        0.172255        0.026497       -0.267031
     C   20        0.388173       -0.267031       -0.291361

     H   21        0.421741       -0.305947        0.760759
     H   21       -0.305947       -0.413357       -0.286658
     H   21        0.760759       -0.286658       -0.008383

     C   22        0.076695        0.195610        0.265202
     C   22        0.195610        0.179321       -0.367665
     C   22        0.265202       -0.367665       -0.256016

     C   23        0.108394        0.211551        0.347753
     C   23        0.211551        0.124843       -0.375874
     C   23        0.347753       -0.375874       -0.233237

     Cl  24        0.106595        0.208136        0.019146
     Cl  24        0.208136        0.048636        0.005768
     Cl  24        0.019146        0.005768       -0.155231

     ----- GIPAW term -----
     Cl   1       -0.483078        0.572093       -0.666621
     Cl   1        0.572093        1.670303       -1.402729
     Cl   1       -0.666621       -1.402729       -1.187225

     C    2       -0.022928       -0.086341       -0.061324
     C    2       -0.086341        0.157858       -0.181360
     C    2       -0.061324       -0.181360       -0.134930

     C    3       -0.217242        0.027931       -0.044251
     C    3        0.027931        0.261819       -0.074239
     C    3       -0.044251       -0.074239       -0.044577

     H    4       -0.000000        0.000000        0.000000
     H    4        0.000000        0.000000        0.000000
     H    4        0.000000        0.000000        0.000000

     C    5       -0.086100       -0.070471       -0.043624
     C    5       -0.070471        0.172207       -0.135015
     C    5       -0.043624       -0.135015       -0.086107

     H    6       -0.000000        0.000000        0.000000
     H    6        0.000000        0.000000        0.000000
     H    6        0.000000        0.000000        0.000000

     H    7       -0.000000        0.000000        0.000000
     H    7        0.000000        0.000000        0.000000
     H    7        0.000000        0.000000        0.000000

     C    8       -0.231455        0.001070       -0.027037
     C    8        0.001070        0.318103       -0.020109
     C    8       -0.027037       -0.020109       -0.086648

     H    9       -0.000000        0.000000        0.000000
     H    9        0.000000        0.000000        0.000000
     H    9        0.000000        0.000000        0.000000

     C   10       -0.083561       -0.000752       -0.007533
     C   10       -0.000752        0.229693        0.027365
     C   10       -0.007533        0.027365       -0.146132

     C   11       -0.137721       -0.056011       -0.025394
     C   11       -0.056011        0.230768       -0.061391
     C   11       -0.025394       -0.061391       -0.093047

     Cl  12        0.012022        0.206637       -0.304000
     Cl  12        0.206637        2.194464        0.585513
     Cl  12       -0.304000        0.585513       -2.206487

     H   13       -0.000000        0.000000        0.000000
     H   13        0.000000        0.000000        0.000000
     H   13        0.000000        0.000000        0.000000

     C   14       -0.222669        0.035836       -0.017705
     C   14        0.035836        0.283447       -0.110604
     C   14       -0.017705       -0.110604       -0.060778

     H   15       -0.000000        0.000000        0.000000
     H   15        0.000000        0.000000        0.000000
     H   15        0.000000        0.000000        0.000000

     C   16       -0.116779       -0.085590       -0.028004
     C   16       -0.085590        0.201512       -0.189128
     C   16       -0.028004       -0.189128       -0.084734

     C   17       -0.092663       -0.144063       -0.036043
     C   17       -0.144063        0.208733       -0.041403
     C   17       -0.036043       -0.041403       -0.116070

     Cl  18        0.009101       -0.506678       -0.119727
     Cl  18       -0.506678        2.648233       -0.031754
     Cl  18       -0.119727       -0.031754       -2.657335

     H   19       -0.000000        0.000000        0.000000
     H   19        0.000000        0.000000        0.000000
     H   19        0.000000        0.000000        0.000000

     C   20       -0.118520        0.056402       -0.044360
     C   20        0.056402        0.209074       -0.066904
     C   20       -0.044360       -0.066904       -0.090554

     H   21       -0.000000        0.000000        0.000000
     H   21        0.000000        0.000000        0.000000
     H   21        0.000000        0.000000        0.000000

     C   22       -0.253093       -0.017056       -0.080356
     C   22       -0.017056        0.163571       -0.203883
     C   22       -0.080356       -0.203883        0.089522

     C   23       -0.055607        0.185201       -0.088474
     C   23        0.185201        0.085517       -0.138372
     C   23       -0.088474       -0.138372       -0.029909

     Cl  24        0.315698        1.646242       -1.730956
     Cl  24        1.646242       -0.496266       -1.243281
     Cl  24       -1.730956       -1.243281        0.180568

     ----- total EFG -----
     Cl   1       -0.374630        0.569191       -0.671163
     Cl   1        0.569191        1.556259       -1.342242
     Cl   1       -0.671163       -1.342242       -1.181629

     C    2        0.206305       -0.307196       -0.124884
     C    2       -0.307196        0.127423       -0.496218
     C    2       -0.124884       -0.496218       -0.333727

     C    3       -0.642893        0.147685       -0.099903
     C    3        0.147685        0.603377       -0.008389
     C    3       -0.099903       -0.008389        0.039516

     H    4        0.395149       -0.008945        0.297372
     H    4       -0.008945       -0.583498        0.018598
     H    4        0.297372        0.018598        0.188348

     C    5        0.000190       -0.315386       -0.126492
     C    5       -0.315386        0.258843       -0.386287
     C    5       -0.126492       -0.386287       -0.259033

     H    6       -0.034669        0.038278        0.044423
     H    6        0.038278       -0.032503        0.443786
     H    6        0.044423        0.443786        0.067172

     H    7       -0.137404       -0.354064       -0.147196
     H    7       -0.354064        0.210536       -0.359272
     H    7       -0.147196       -0.359272       -0.073132

     C    8       -0.915691       -0.170634       -0.001388
     C    8       -0.170634        0.830203       -0.195743
     C    8       -0.001388       -0.195743        0.085489

     H    9        0.434055       -0.199875        0.336623
     H    9       -0.199875       -0.498850       -0.368752
     H    9        0.336623       -0.368752        0.064795

     C   10        0.130641        0.187564        0.082896
     C   10        0.187564        0.274691        0.261672
     C   10        0.082896        0.261672       -0.405332

     C   11       -0.667200       -0.329480       -0.027452
     C   11       -0.329480        0.619563       -0.375260
     C   11       -0.027452       -0.375260        0.047637

     Cl  12        0.258392        0.422617       -0.305976
     Cl  12        0.422617        2.058455        0.566189
     Cl  12       -0.305976        0.566189       -2.316847

     H   13        0.026526        0.073702       -0.002383
     H   13        0.073702        0.302361        0.451113
     H   13       -0.002383        0.451113       -0.328886

     C   14       -0.631895        0.193644       -0.003323
     C   14        0.193644        0.665301       -0.055966
     C   14       -0.003323       -0.055966       -0.033406

     H   15        0.314616        0.359919        0.139332
     H   15        0.359919       -0.211916        0.331863
     H   15        0.139332        0.331863       -0.102700

     C   16       -0.010926       -0.315792       -0.091450
     C   16       -0.315792        0.274518       -0.477170
     C   16       -0.091450       -0.477170       -0.263592

     C   17       -0.487619       -0.053388       -0.094341
     C   17       -0.053388        0.536243        0.062390
     C   17       -0.094341        0.062390       -0.048624

     Cl  18        0.139985       -0.663734       -0.129186
     Cl  18       -0.663734        2.724559       -0.019777
     Cl  18       -0.129186       -0.019777       -2.864545

     H   19       -0.050802       -0.010272        0.056853
     H   19       -0.010272       -0.009578       -0.204775
     H   19        0.056853       -0.204775        0.060381

     C   20        0.037469        0.266721        0.066852
     C   20        0.266721        0.196101        0.057391
     C   20        0.066852        0.057391       -0.233570

     H   21        0.499048       -0.140434        0.398507
     H   21       -0.140434       -0.298497        0.247803
     H   21        0.398507        0.247803       -0.200551

     C   22       -0.943114       -0.185769       -0.193743
     C   22       -0.185769        0.625473       -0.590663
     C   22       -0.193743       -0.590663        0.317642

     C   23        0.076969        0.626565       -0.110706
     C   23        0.626565       -0.021600       -0.042686
     C   23       -0.110706       -0.042686       -0.055369

     Cl  24        0.203419        1.585270       -1.869610
     Cl  24        1.585270       -0.518181       -1.336677
     Cl  24       -1.869610       -1.336677        0.314762

     ----- total EFG (symmetrized) -----
     Cl   1       -0.374630        0.569191       -0.671163
     Cl   1        0.569191        1.556259       -1.342242
     Cl   1       -0.671163       -1.342242       -1.181629

     C    2        0.206305       -0.307196       -0.124884
     C    2       -0.307196        0.127423       -0.496218
     C    2       -0.124884       -0.496218       -0.333727

     C    3       -0.642893        0.147685       -0.099903
     C    3        0.147685        0.603377       -0.008389
     C    3       -0.099903       -0.008389        0.039516

     H    4        0.395149       -0.008945        0.297372
     H    4       -0.008945       -0.583498        0.018598
     H    4        0.297372        0.018598        0.188348

     C    5        0.000190       -0.315386       -0.126492
     C    5       -0.315386        0.258843       -0.386287
     C    5       -0.126492       -0.386287       -0.259033

     H    6       -0.034669        0.038278        0.044423
     H    6        0.038278       -0.032503        0.443786
     H    6        0.044423        0.443786        0.067172

     H    7       -0.137404       -0.354064       -0.147196
     H    7       -0.354064        0.210536       -0.359272
     H    7       -0.147196       -0.359272       -0.073132

     C    8       -0.915691       -0.170634       -0.001388
     C    8       -0.170634        0.830203       -0.195743
     C    8       -0.001388       -0.195743        0.085489

     H    9        0.434055       -0.199875        0.336623
     H    9       -0.199875       -0.498850       -0.368752
     H    9        0.336623       -0.368752        0.064795

     C   10        0.130641        0.187564        0.082896
     C   10        0.187564        0.274691        0.261672
     C   10        0.082896        0.261672       -0.405332

     C   11       -0.667200       -0.329480       -0.027452
     C   11       -0.329480        0.619563       -0.375260
     C   11       -0.027452       -0.375260        0.047637

     Cl  12        0.258392        0.422617       -0.305976
     Cl  12        0.422617        2.058455        0.566189
     Cl  12       -0.305976        0.566189       -2.316847

     H   13        0.026526        0.073702       -0.002383
     H   13        0.073702        0.302361        0.451113
     H   13       -0.002383        0.451113       -0.328886

     C   14       -0.631895        0.193644       -0.003323
     C   14        0.193644        0.665301       -0.055966
     C   14       -0.003323       -0.055966       -0.033406

     H   15        0.314616        0.359919        0.139332
     H   15        0.359919       -0.211916        0.331863
     H   15        0.139332        0.331863       -0.102700

     C   16       -0.010926       -0.315792       -0.091450
     C   16       -0.315792        0.274518       -0.477170
     C   16       -0.091450       -0.477170       -0.263592

     C   17       -0.487619       -0.053388       -0.094341
     C   17       -0.053388        0.536243        0.062390
     C   17       -0.094341        0.062390       -0.048624

     Cl  18        0.139985       -0.663734       -0.129186
     Cl  18       -0.663734        2.724559       -0.019777
     Cl  18       -0.129186       -0.019777       -2.864545

     H   19       -0.050802       -0.010272        0.056853
     H   19       -0.010272       -0.009578       -0.204775
     H   19        0.056853       -0.204775        0.060381

     C   20        0.037469        0.266721        0.066852
     C   20        0.266721        0.196101        0.057391
     C   20        0.066852        0.057391       -0.233570

     H   21        0.499048       -0.140434        0.398507
     H   21       -0.140434       -0.298497        0.247803
     H   21        0.398507        0.247803       -0.200551

     C   22       -0.943114       -0.185769       -0.193743
     C   22       -0.185769        0.625473       -0.590663
     C   22       -0.193743       -0.590663        0.317642

     C   23        0.076969        0.626565       -0.110706
     C   23        0.626565       -0.021600       -0.042686
     C   23       -0.110706       -0.042686       -0.055369

     Cl  24        0.203419        1.585270       -1.869610
     Cl  24        1.585270       -0.518181       -1.336677
     Cl  24       -1.869610       -1.336677        0.314762


     NQR/NMR SPECTROSCOPIC PARAMETERS:
     Cl   1    Vxx=   -0.4788    axis=(  0.914130 -0.367955 -0.170224)
     Cl   1    Vyy=   -1.8543    axis=(  0.292413  0.307559  0.905485)
     Cl   1    Vzz=    2.3330    axis=( -0.280824 -0.877506  0.388743)
     Cl   1  Q=        -8.1650 1e-30 m^2  Cq=       -44.7582 MHz  eta= 0.58958

     C    2    Vxx=    0.1645    axis=(  0.795289  0.318042 -0.516106)
     C    2    Vyy=    0.5666    axis=( -0.534655  0.769263 -0.349825)
     C    2    Vzz=   -0.7311    axis=(  0.285762  0.554151  0.781829)
     C    2  Q=         1.0000 1e-30 m^2  Cq=        -1.7178 MHz  eta= 0.54999

     C    3    Vxx=    0.0524    axis=( -0.131567  0.050335  0.990029)
     C    3    Vyy=    0.6213    axis=(  0.118663  0.992329 -0.034683)
     C    3    Vzz=   -0.6737    axis=( -0.984179  0.112917 -0.136530)
     C    3  Q=         1.0000 1e-30 m^2  Cq=        -1.5829 MHz  eta= 0.84454

     H    4    Vxx=   -0.0223    axis=( -0.579254  0.036222  0.814342)
     H    4    Vyy=   -0.5842    axis=(  0.018605  0.999339 -0.031217)
     H    4    Vzz=    0.6066    axis=( -0.814935 -0.002931 -0.579546)
     H    4  Q=         1.0000 1e-30 m^2  Cq=         1.4253 MHz  eta= 0.92631

     C    5    Vxx=    0.0279    axis=(  0.808808  0.156282 -0.566927)
     C    5    Vyy=    0.5615    axis=(  0.401756 -0.850840  0.338620)
     C    5    Vzz=   -0.5894    axis=(  0.429444  0.501645  0.750953)
     C    5  Q=         1.0000 1e-30 m^2  Cq=        -1.3849 MHz  eta= 0.90529

     H    6    Vxx=   -0.0415    axis=(  0.993334 -0.078849 -0.084085)
     H    6    Vyy=   -0.4292    axis=(  0.002739  0.745397 -0.666615)
     H    6    Vzz=    0.4707    axis=(  0.115239  0.661941  0.740644)
     H    6  Q=         1.0000 1e-30 m^2  Cq=         1.1060 MHz  eta= 0.82381

     H    7    Vxx=    0.0421    axis=(  0.697662 -0.056786 -0.714173)
     H    7    Vyy=    0.5349    axis=(  0.352620 -0.840530  0.411301)
     H    7    Vzz=   -0.5770    axis=(  0.623640  0.538780  0.566382)
     H    7  Q=         1.0000 1e-30 m^2  Cq=        -1.3557 MHz  eta= 0.85409

     C    8    Vxx=    0.0390    axis=( -0.042743  0.231237  0.971958)
     C    8    Vyy=    0.8936    axis=( -0.091100  0.967892 -0.234276)
     C    8    Vzz=   -0.9326    axis=( -0.994924 -0.098559 -0.020305)
     C    8  Q=         1.0000 1e-30 m^2  Cq=        -2.1913 MHz  eta= 0.91641

     H    9    Vxx=   -0.0603    axis=(  0.618346  0.321243 -0.717253)
     H    9    Vyy=   -0.6821    axis=(  0.031489  0.901784  0.431038)
     H    9    Vzz=    0.7423    axis=( -0.785275  0.289116 -0.547498)
     H    9  Q=         1.0000 1e-30 m^2  Cq=         1.7442 MHz  eta= 0.83767

     C   10    Vxx=    0.0125    axis=(  0.864032 -0.485629 -0.132714)
     C   10    Vyy=    0.4824    axis=(  0.502464  0.815476  0.287279)
     C   10    Vzz=   -0.4949    axis=( -0.031286 -0.314903  0.948608)
     C   10  Q=         1.0000 1e-30 m^2  Cq=        -1.1629 MHz  eta= 0.94954

     C   11    Vxx=   -0.0941    axis=( -0.249029  0.358166  0.899834)
     C   11    Vyy=   -0.7648    axis=( -0.950522 -0.268556 -0.156162)
     C   11    Vzz=    0.8589    axis=(  0.185724 -0.894201  0.407323)
     C   11  Q=         1.0000 1e-30 m^2  Cq=         2.0181 MHz  eta= 0.78082

     Cl  12    Vxx=    0.2308    axis=(  0.971884 -0.176423 -0.155935)
     Cl  12    Vyy=    2.2060    axis=(  0.194432  0.974854  0.108883)
     Cl  12    Vzz=   -2.4368    axis=(  0.132804 -0.136141  0.981748)
     Cl  12  Q=        -8.1650 1e-30 m^2  Cq=        46.7479 MHz  eta= 0.81059

     H   13    Vxx=    0.0208    axis=(  0.990485 -0.081004 -0.111259)
     H   13    Vyy=    0.5453    axis=(  0.123222  0.882014  0.454826)
     H   13    Vzz=   -0.5660    axis=(  0.061289 -0.464208  0.883603)
     H   13  Q=         1.0000 1e-30 m^2  Cq=        -1.3300 MHz  eta= 0.92663

     C   14    Vxx=   -0.0376    axis=(  0.018621  0.074254  0.997066)
     C   14    Vyy=   -0.6602    axis=( -0.989421  0.144868  0.007689)
     C   14    Vzz=    0.6979    axis=( -0.143872 -0.986661  0.076166)
     C   14  Q=         1.0000 1e-30 m^2  Cq=         1.6397 MHz  eta= 0.89214

     H   15    Vxx=   -0.0691    axis=( -0.571941  0.316798  0.756652)
     H   15    Vyy=   -0.5423    axis=( -0.253549  0.808971 -0.530358)
     H   15    Vzz=    0.6114    axis=(  0.780126  0.495182  0.382360)
     H   15  Q=         1.0000 1e-30 m^2  Cq=         1.4365 MHz  eta= 0.77404

     C   16    Vxx=    0.0007    axis=(  0.857308  0.113795 -0.502070)
     C   16    Vyy=    0.6386    axis=(  0.351604 -0.841792  0.409587)
     C   16    Vzz=   -0.6393    axis=( -0.376030 -0.527672 -0.761685)
     C   16  Q=         1.0000 1e-30 m^2  Cq=        -1.5021 MHz  eta= 0.99777

     C   17    Vxx=   -0.0381    axis=( -0.189781 -0.123439  0.974036)
     C   17    Vyy=   -0.5086    axis=( -0.979895 -0.038380 -0.195787)
     C   17    Vzz=    0.5467    axis=(  0.061551 -0.991610 -0.113673)
     C   17  Q=         1.0000 1e-30 m^2  Cq=         1.2845 MHz  eta= 0.86044

     Cl  18    Vxx=   -0.0146    axis=(  0.970936  0.234945 -0.045642)
     Cl  18    Vyy=   -2.8705    axis=(  0.044818  0.008848  0.998956)
     Cl  18    Vzz=    2.8851    axis=(  0.235104 -0.971968 -0.001939)
     Cl  18  Q=        -8.1650 1e-30 m^2  Cq=       -55.3485 MHz  eta= 0.98991

     H   19    Vxx=   -0.0531    axis=(  0.962109  0.272494  0.009702)
     H   19    Vyy=   -0.1886    axis=( -0.213341  0.730142  0.649137)
     H   19    Vzz=    0.2418    axis=(  0.169802 -0.626610  0.760610)
     H   19  Q=         1.0000 1e-30 m^2  Cq=         0.5681 MHz  eta= 0.56042

     C   20    Vxx=   -0.1573    axis=(  0.763680 -0.610436  0.210144)
     C   20    Vyy=   -0.2493    axis=(  0.247705 -0.023536 -0.968550)
     C   20    Vzz=    0.4066    axis=(  0.596184  0.791716  0.133234)
     C   20  Q=         1.0000 1e-30 m^2  Cq=         0.9554 MHz  eta= 0.22611

     H   21    Vxx=   -0.0536    axis=(  0.245891 -0.755504 -0.607249)
     H   21    Vyy=   -0.6266    axis=(  0.323559  0.654525 -0.683305)
     H   21    Vzz=    0.6802    axis=(  0.913700 -0.028462  0.405392)
     H   21  Q=         1.0000 1e-30 m^2  Cq=         1.5983 MHz  eta= 0.84236

     C   22    Vxx=   -0.0584    axis=( -0.288592  0.579745  0.761978)
     C   22    Vyy=   -1.0240    axis=( -0.957343 -0.186774 -0.220479)
     C   22    Vzz=    1.0824    axis=(  0.014496 -0.793102  0.608916)
     C   22  Q=         1.0000 1e-30 m^2  Cq=         2.5431 MHz  eta= 0.89212

     C   23    Vxx=   -0.0685    axis=(  0.055044  0.161318  0.985366)
     C   23    Vyy=   -0.6044    axis=(  0.681771 -0.727073  0.080947)
     C   23    Vzz=    0.6729    axis=(  0.729492  0.667339 -0.150003)
     C   23  Q=         1.0000 1e-30 m^2  Cq=         1.5811 MHz  eta= 0.79628

     Cl  24    Vxx=   -1.4477    axis=(  0.294503  0.584729  0.755883)
     Cl  24    Vyy=   -1.8115    axis=( -0.722582  0.653885 -0.224298)
     Cl  24    Vzz=    3.2592    axis=( -0.625415 -0.480131  0.615086)
     Cl  24  Q=        -8.1650 1e-30 m^2  Cq=       -62.5254 MHz  eta= 0.11163

     Initialization:
     gipaw_setup  :      9.72s CPU     12.04s WALL (       1 calls)

     Linear response

     Apply operators

     Induced current

     Other routines
     efg          :      9.48s CPU     11.77s WALL (       1 calls)

     General routines
     calbec       :      3.28s CPU      4.23s WALL (      16 calls)
     fft          :      1.66s CPU      2.50s WALL (      15 calls)
     ffts         :      0.04s CPU      0.05s WALL (       2 calls)
     fftw         :      3.29s CPU      3.91s WALL (     672 calls)
     davcio       :      0.03s CPU      0.31s WALL (      32 calls)

     Parallel routines
     fft_scatter  :      2.29s CPU      3.63s WALL (     689 calls)

     Plugins

     GIPAW        :     61.76s CPU     74.48s WALL (       1 calls)
