
     Program QE v.6.0 (svn rev. 13079) starts on 26Dec2016 at  9:41:45 

     This program is part of the open-source Quantum ESPRESSO suite
     for quantum simulation of materials; please cite
         "P. Giannozzi et al., J. Phys.:Condens. Matter 21 395502 (2009);
          URL http://www.quantum-espresso.org", 
     in publications or presentations arising from this work. More details at
     http://www.quantum-espresso.org/quote

     Parallel version (MPI), running on     8 processors
     R & G space division:  proc/nbgrp/npool/nimage =       8

     ***** This is GIPAW svn revision unknown      *****

     Parallelizing q-star over 1 images

     Reading data from directory:
     /users/majewski/paradichlorobenzene/pbe/9_constraint/scratch/pbe.ecut100.np8.dt60.pcl2phi-129368.save
     Message from routine read_xml_file:
     file /users/majewski/paradichlorobenzene/pbe/9_constraint/scratch/pbe.ecut100.np8.dt60.pcl2phi-129368.save not guaranteed to be safe for post-processing

   Info: using nr1, nr2, nr3 values from input

   Info: using nr1, nr2, nr3 values from input

     IMPORTANT: XC functional enforced from input :
     Exchange-correlation      =  SLA  PW   PBX  PBC ( 1  4  3  4 0 0)
     Any further DFT definition will be discarded
     Please, verify this is what you really want

               file C.pbe-n-kjpaw_psl.1.0.0.UPF: wavefunction(s)  2S 2P renormalized
               file Cl.pbe-n-kjpaw_psl.1.0.0.UPF: wavefunction(s)  3S 3P renormalized
               file H.pbe-kjpaw_psl.1.0.0.UPF: wavefunction(s)  1S renormalized

     Parallelization info
     --------------------
     sticks:   dense  smooth     PW     G-vecs:    dense   smooth      PW
     Min        3057    1223    332               144436    36536    5170
     Max        3059    1225    333               144437    36537    5171
     Sum       24467    9791   2657              1155489   292295   41363


     Subspace diagonalization in iterative solution of the eigenvalue problem:
     a serial algorithm will be used

     GIPAW projectors -----------------------------------------------
     atom=  C    l=0  rc=    1.2000  rs=    0.8000
     atom=  C    l=0  rc=    1.2000  rs=    0.8000
     atom=  C    l=1  rc=    1.4000  rs=    0.9333
     atom=  C    l=1  rc=    1.4000  rs=    0.9333
     projs nearly linearly dependent: l=1  n1,n2= 1, 2  s=  0.99951561

     atom=  Cl   l=0  rc=    1.6000  rs=    1.0667
     atom=  Cl   l=0  rc=    1.6000  rs=    1.0667
     atom=  Cl   l=1  rc=    1.6000  rs=    1.0667
     atom=  Cl   l=1  rc=    1.6000  rs=    1.0667
     atom=  Cl   l=2  rc=    1.6000  rs=    1.0667
     atom=  Cl   l=2  rc=    1.6000  rs=    1.0667
     projs nearly linearly dependent: l=2  n1,n2= 1, 2  s=  0.99993509

     atom=  H    l=0  rc=    1.0000  rs=    0.6667
     atom=  H    l=0  rc=    1.0000  rs=    0.6667
     projs nearly linearly dependent: l=0  n1,n2= 1, 2  s=  0.99968852
     -----------------------------------------------------------------

     GIPAW integrals: -------------------------------------------
     Atom  i/j   nmr_para   nmr_dia   epr_rmc  epr_para   epr_dia
       C   1 1   0.83E+03  0.17E-01  0.93E+01  0.24E+08  0.24E+03
       C   2 1   0.86E+03 -0.61E-01  0.94E+01  0.25E+08  0.25E+03
       C   2 2   0.90E+03 -0.15E+00  0.97E+01  0.26E+08  0.26E+03
       C   3 3   0.33E+01  0.34E+00  0.18E+01  0.55E+03  0.21E+02
       C   4 3   0.35E+01  0.37E+00  0.20E+01  0.59E+03  0.22E+02
       C   4 4   0.38E+01  0.39E+00  0.22E+01  0.63E+03  0.24E+02
       Cl  1 1   0.14E+04 -0.47E+00  0.84E+01  0.32E+09  0.42E+03
       Cl  2 1   0.21E+04 -0.37E+00  0.12E+02  0.49E+09  0.65E+03
       Cl  2 2   0.33E+04 -0.16E+00  0.21E+02  0.76E+09  0.10E+04
       Cl  3 3   0.21E+02  0.79E-01  0.89E+01  0.23E+05  0.13E+03
       Cl  4 3   0.24E+02  0.67E-01  0.99E+01  0.27E+05  0.15E+03
       Cl  4 4   0.28E+02  0.44E-01  0.11E+02  0.32E+05  0.18E+03
       Cl  5 5   0.77E+00  0.19E+00  0.18E+01  0.12E+03  0.22E+02
       Cl  6 5   0.80E+00  0.19E+00  0.19E+01  0.12E+03  0.23E+02
       Cl  6 6   0.83E+00  0.20E+00  0.19E+01  0.12E+03  0.23E+02
       H   1 1   0.39E+02  0.19E+00  0.29E+00  0.78E+05  0.13E+02
       H   2 1   0.41E+02  0.21E+00  0.32E+00  0.82E+05  0.14E+02
       H   2 2   0.43E+02  0.22E+00  0.36E+00  0.86E+05  0.15E+02
     ------------------------------------------------------------

     alpha_pv=     34.0233 eV

     Number of occupied bands for each k-point:
     k-point:     1    nbnd_occ=  42
     k-point:     2    nbnd_occ=  42
     k-point:     3    nbnd_occ=  42
     k-point:     4    nbnd_occ=  42
     k-point:     5    nbnd_occ=  42
     k-point:     6    nbnd_occ=  42
     k-point:     7    nbnd_occ=  42
     k-point:     8    nbnd_occ=  42
     k-point:     9    nbnd_occ=  42
     k-point:    10    nbnd_occ=  42
     k-point:    11    nbnd_occ=  42
     k-point:    12    nbnd_occ=  42
     k-point:    13    nbnd_occ=  42
     k-point:    14    nbnd_occ=  42
     k-point:    15    nbnd_occ=  42
     k-point:    16    nbnd_occ=  42


     q-space interpolation up to   110.00 Rydberg

     GIPAW job: efg                                                                             


     ELECTRIC FIELD GRADIENTS TENSORS IN Hartree/bohrradius^2:

     ----- bare term -----
     Cl   1        0.144231        0.010941       -0.051741
     Cl   1        0.010941       -0.090863        0.227601
     Cl   1       -0.051741        0.227601       -0.053369

     C    2       -0.344073        0.339210       -0.153928
     C    2        0.339210       -0.116212       -0.445757
     C    2       -0.153928       -0.445757        0.460285

     C    3        0.058142        0.191273       -0.086850
     C    3        0.191273       -0.097648       -0.286451
     C    3       -0.086850       -0.286451        0.039506

     H    4        0.176435       -0.060903       -0.234755
     H    4       -0.060903        0.347260        0.158006
     H    4       -0.234755        0.158006       -0.523695

     C    5       -0.331109        0.226319       -0.269785
     C    5        0.226319        0.164571       -0.245965
     C    5       -0.269785       -0.245965        0.166538

     H    6        0.352767       -0.036939        0.294552
     H    6       -0.036939        0.158831       -0.178839
     H    6        0.294552       -0.178839       -0.511598

     H    7        0.420328        0.206083       -0.033323
     H    7        0.206083       -0.714123        0.318530
     H    7       -0.033323        0.318530        0.293795

     C    8        0.020455       -0.066625       -0.153613
     C    8       -0.066625       -0.216012        0.395196
     C    8       -0.153613        0.395196        0.195557

     H    9       -0.259727        0.520827       -0.276298
     H    9        0.520827       -0.114423        0.117276
     H    9       -0.276298        0.117276        0.374150

     C   10       -0.698632       -0.336910       -0.240637
     C   10       -0.336910        0.318388        0.147777
     C   10       -0.240637        0.147777        0.380243

     C   11        0.048612        0.187777       -0.348453
     C   11        0.187777       -0.124793        0.574521
     C   11       -0.348453        0.574521        0.076181

     Cl  12       -0.318462       -0.241713       -0.004510
     Cl  12       -0.241713        0.201838        0.017605
     Cl  12       -0.004510        0.017605        0.116624

     H   13        0.246714        0.176733        0.176553
     H   13        0.176733       -0.301548       -0.560791
     H   13        0.176553       -0.560791        0.054834

     C   14       -0.097761       -0.274986       -0.479999
     C   14       -0.274986       -0.064566       -0.505854
     C   14       -0.479999       -0.505854        0.162327

     H   15       -0.043463       -0.095184       -0.302309
     H   15       -0.095184        0.367605       -0.434264
     H   15       -0.302309       -0.434264       -0.324143

     C   16       -0.313619        0.381803       -0.366979
     C   16        0.381803       -0.153435       -0.203777
     C   16       -0.366979       -0.203777        0.467054

     C   17       -0.054933       -0.153027       -0.334350
     C   17       -0.153027        0.018659       -0.681796
     C   17       -0.334350       -0.681796        0.036273

     Cl  18       -0.117776        0.201605       -0.004195
     Cl  18        0.201605       -0.094578       -0.021370
     Cl  18       -0.004195       -0.021370        0.212354

     H   19        0.430317        0.071111       -0.049285
     H   19        0.071111       -0.601224        0.577387
     H   19       -0.049285        0.577387        0.170907

     C   20       -0.889165       -0.377236       -0.471139
     C   20       -0.377236        0.378116        0.006272
     C   20       -0.471139        0.006272        0.511049

     H   21       -0.584078       -0.028411        0.065408
     H   21       -0.028411        0.346471        0.324790
     H   21        0.065408        0.324790        0.237607

     C   22        0.148379        0.068130       -0.117804
     C   22        0.068130       -0.468209        0.484077
     C   22       -0.117804        0.484077        0.319830

     C   23       -0.806470       -0.381142       -0.286886
     C   23       -0.381142        0.257378        0.039403
     C   23       -0.286886        0.039403        0.549093

     Cl  24       -0.029495       -0.021672        0.053683
     Cl  24       -0.021672        0.022393       -0.111013
     Cl  24        0.053683       -0.111013        0.007102

     ----- ionic term -----
     Cl   1        0.108480       -0.232230        0.051890
     Cl   1       -0.232230        0.024354       -0.025586
     Cl   1        0.051890       -0.025586       -0.132834

     C    2        0.049953       -0.324119        0.294271
     C    2       -0.324119        0.076764        0.354287
     C    2        0.294271        0.354287       -0.126718

     C    3        0.022860       -0.331208        0.194352
     C    3       -0.331208        0.089780        0.380802
     C    3        0.194352        0.380802       -0.112640

     H    4        0.174459        0.154074        0.790048
     H    4        0.154074       -0.471578        0.250794
     H    4        0.790048        0.250794        0.297119

     C    5        0.145763       -0.211851        0.308251
     C    5       -0.211851       -0.075264        0.326301
     C    5        0.308251        0.326301       -0.070499

     H    6       -0.528394       -0.065997       -0.069235
     H    6       -0.065997        0.320022        0.797872
     H    6       -0.069235        0.797872        0.208372

     H    7       -0.511805       -0.168840        0.063685
     H    7       -0.168840        0.828243       -0.573670
     H    7        0.063685       -0.573670       -0.316439

     C    8        0.295953        0.105074        0.146565
     C    8        0.105074        0.121558       -0.316508
     C    8        0.146565       -0.316508       -0.417511

     H    9        0.695089       -0.250903        0.665899
     H    9       -0.250903       -0.472722       -0.194615
     H    9        0.665899       -0.194615       -0.222367

     C   10        0.168233        0.149371        0.137759
     C   10        0.149371        0.228653       -0.408387
     C   10        0.137759       -0.408387       -0.396886

     C   11        0.253608        0.033148        0.282892
     C   11        0.033148        0.165649       -0.419343
     C   11        0.282892       -0.419343       -0.419258

     Cl  12        0.113357        0.181714       -0.010967
     Cl  12        0.181714        0.028232       -0.013614
     Cl  12       -0.010967       -0.013614       -0.141589

     H   13       -0.530314        0.012056        0.050191
     H   13        0.012056        0.528970        0.753284
     H   13        0.050191        0.753284        0.001345

     C   14        0.149112       -0.243527        0.331679
     C   14       -0.243527       -0.016199        0.266939
     C   14        0.331679        0.266939       -0.132913

     H   15        0.397492        0.284776        0.725025
     H   15        0.284776       -0.439865        0.307732
     H   15        0.725025        0.307732        0.042374

     C   16        0.056442       -0.281179        0.201067
     C   16       -0.281179        0.058182        0.421409
     C   16        0.201067        0.421409       -0.114624

     C   17        0.163484       -0.209805        0.316494
     C   17       -0.209805       -0.102936        0.461534
     C   17        0.316494        0.461534       -0.060547

     Cl  18        0.219658       -0.187467        0.023430
     Cl  18       -0.187467       -0.070635        0.000851
     Cl  18        0.023430        0.000851       -0.149024

     H   19       -0.500822       -0.043705        0.024606
     H   19       -0.043705        0.783910       -0.624377
     H   19        0.024606       -0.624377       -0.283088

     C   20        0.386094        0.127650        0.224252
     C   20        0.127650        0.032758       -0.327120
     C   20        0.224252       -0.327120       -0.418852

     H   21        0.659735       -0.395871        0.586500
     H   21       -0.395871       -0.359055       -0.251208
     H   21        0.586500       -0.251208       -0.300680

     C   22        0.188036        0.152393        0.139130
     C   22        0.152393        0.190427       -0.426046
     C   22        0.139130       -0.426046       -0.378462

     C   23        0.214091        0.127648        0.232272
     C   23        0.127648        0.195152       -0.394818
     C   23        0.232272       -0.394818       -0.409243

     Cl  24        0.141860        0.256410        0.024289
     Cl  24        0.256410        0.032520        0.010176
     Cl  24        0.024289        0.010176       -0.174380

     ----- GIPAW term -----
     Cl   1       -0.296321       -0.792161       -0.557410
     Cl   1       -0.792161        0.227084       -1.584758
     Cl   1       -0.557410       -1.584758        0.069237

     C    2       -0.111732       -0.068773        0.034487
     C    2       -0.068773        0.039199       -0.220992
     C    2        0.034487       -0.220992        0.072533

     C    3       -0.042877        0.042397       -0.047821
     C    3        0.042397        0.013469       -0.101673
     C    3       -0.047821       -0.101673        0.029408

     H    4       -0.000000        0.000000        0.000000
     H    4        0.000000        0.000000        0.000000
     H    4        0.000000        0.000000        0.000000

     C    5       -0.070924        0.086177       -0.099000
     C    5        0.086177        0.021246       -0.135992
     C    5       -0.099000       -0.135992        0.049678

     H    6       -0.000000        0.000000        0.000000
     H    6        0.000000        0.000000        0.000000
     H    6        0.000000        0.000000        0.000000

     H    7       -0.000000        0.000000        0.000000
     H    7        0.000000        0.000000        0.000000
     H    7        0.000000        0.000000        0.000000

     C    8       -0.099401       -0.018038        0.003070
     C    8       -0.018038        0.144162       -0.103865
     C    8        0.003070       -0.103865       -0.044760

     H    9       -0.000000        0.000000        0.000000
     H    9        0.000000        0.000000        0.000000
     H    9        0.000000        0.000000        0.000000

     C   10       -0.212346       -0.053284       -0.040358
     C   10       -0.053284        0.288667        0.015670
     C   10       -0.040358        0.015670       -0.076321

     C   11       -0.066231        0.141996       -0.055101
     C   11        0.141996        0.192565       -0.080423
     C   11       -0.055101       -0.080423       -0.126333

     Cl  12       -0.611995        1.593171       -0.103818
     Cl  12        1.593171        2.260041        0.039028
     Cl  12       -0.103818        0.039028       -1.648046

     H   13       -0.000000        0.000000        0.000000
     H   13        0.000000        0.000000        0.000000
     H   13        0.000000        0.000000        0.000000

     C   14        0.110635       -0.220733       -0.092482
     C   14       -0.220733       -0.017079       -0.086246
     C   14       -0.092482       -0.086246       -0.093556

     H   15       -0.000000        0.000000        0.000000
     H   15        0.000000        0.000000        0.000000
     H   15        0.000000        0.000000        0.000000

     C   16       -0.029624       -0.024311       -0.186667
     C   16       -0.024311       -0.056852        0.063960
     C   16       -0.186667        0.063960        0.086476

     C   17       -0.027302       -0.155706       -0.049915
     C   17       -0.155706        0.202127       -0.124141
     C   17       -0.049915       -0.124141       -0.174825

     Cl  18       -0.503695        0.807116        0.038906
     Cl  18        0.807116        2.240490        0.322179
     Cl  18        0.038906        0.322179       -1.736794

     H   19       -0.000000        0.000000        0.000000
     H   19        0.000000        0.000000        0.000000
     H   19        0.000000        0.000000        0.000000

     C   20       -0.173797        0.033766       -0.081594
     C   20        0.033766        0.159482       -0.156505
     C   20       -0.081594       -0.156505        0.014315

     H   21       -0.000000        0.000000        0.000000
     H   21        0.000000        0.000000        0.000000
     H   21        0.000000        0.000000        0.000000

     C   22       -0.061943        0.074222       -0.038425
     C   22        0.074222        0.006213       -0.121770
     C   22       -0.038425       -0.121770        0.055730

     C   23       -0.153377        0.007569       -0.023721
     C   23        0.007569        0.047605       -0.152603
     C   23       -0.023721       -0.152603        0.105772

     Cl  24       -0.204294        1.296655        0.399448
     Cl  24        1.296655        1.126865       -2.103890
     Cl  24        0.399448       -2.103890       -0.922571

     ----- total EFG -----
     Cl   1       -0.043610       -1.013451       -0.557260
     Cl   1       -1.013451        0.160575       -1.382743
     Cl   1       -0.557260       -1.382743       -0.116965

     C    2       -0.405852       -0.053683        0.174831
     C    2       -0.053683       -0.000248       -0.312462
     C    2        0.174831       -0.312462        0.406100

     C    3        0.038125       -0.097539        0.059681
     C    3       -0.097539        0.005601       -0.007322
     C    3        0.059681       -0.007322       -0.043726

     H    4        0.350894        0.093171        0.555293
     H    4        0.093171       -0.124317        0.408800
     H    4        0.555293        0.408800       -0.226576

     C    5       -0.256271        0.100645       -0.060534
     C    5        0.100645        0.110554       -0.055656
     C    5       -0.060534       -0.055656        0.145717

     H    6       -0.175627       -0.102936        0.225317
     H    6       -0.102936        0.478853        0.619034
     H    6        0.225317        0.619034       -0.303226

     H    7       -0.091477        0.037243        0.030363
     H    7        0.037243        0.114120       -0.255140
     H    7        0.030363       -0.255140       -0.022643

     C    8        0.217007        0.020411       -0.003978
     C    8        0.020411        0.049707       -0.025176
     C    8       -0.003978       -0.025176       -0.266714

     H    9        0.435361        0.269925        0.389601
     H    9        0.269925       -0.587145       -0.077339
     H    9        0.389601       -0.077339        0.151783

     C   10       -0.742744       -0.240823       -0.143235
     C   10       -0.240823        0.835709       -0.244940
     C   10       -0.143235       -0.244940       -0.092964

     C   11        0.235989        0.362921       -0.120662
     C   11        0.362921        0.233421        0.074755
     C   11       -0.120662        0.074755       -0.469410

     Cl  12       -0.817100        1.533172       -0.119294
     Cl  12        1.533172        2.490111        0.043020
     Cl  12       -0.119294        0.043020       -1.673011

     H   13       -0.283600        0.188789        0.226744
     H   13        0.188789        0.227421        0.192493
     H   13        0.226744        0.192493        0.056179

     C   14        0.161986       -0.739247       -0.240802
     C   14       -0.739247       -0.097844       -0.325161
     C   14       -0.240802       -0.325161       -0.064141

     H   15        0.354029        0.189592        0.422716
     H   15        0.189592       -0.072260       -0.126532
     H   15        0.422716       -0.126532       -0.281769

     C   16       -0.286801        0.076313       -0.352579
     C   16        0.076313       -0.152106        0.281592
     C   16       -0.352579        0.281592        0.438907

     C   17        0.081249       -0.518538       -0.067771
     C   17       -0.518538        0.117850       -0.344404
     C   17       -0.067771       -0.344404       -0.199099

     Cl  18       -0.401814        0.821254        0.058141
     Cl  18        0.821254        2.075277        0.301660
     Cl  18        0.058141        0.301660       -1.673464

     H   19       -0.070505        0.027406       -0.024679
     H   19        0.027406        0.182686       -0.046990
     H   19       -0.024679       -0.046990       -0.112181

     C   20       -0.676868       -0.215821       -0.328481
     C   20       -0.215821        0.570357       -0.477354
     C   20       -0.328481       -0.477354        0.106512

     H   21        0.075657       -0.424282        0.651908
     H   21       -0.424282       -0.012583        0.073582
     H   21        0.651908        0.073582       -0.063073

     C   22        0.274472        0.294745       -0.017100
     C   22        0.294745       -0.271570       -0.063739
     C   22       -0.017100       -0.063739       -0.002903

     C   23       -0.745756       -0.245925       -0.078335
     C   23       -0.245925        0.500135       -0.508018
     C   23       -0.078335       -0.508018        0.245621

     Cl  24       -0.091929        1.531393        0.477421
     Cl  24        1.531393        1.181778       -2.204727
     Cl  24        0.477421       -2.204727       -1.089849

     ----- total EFG (symmetrized) -----
     Cl   1       -0.043610       -1.013451       -0.557260
     Cl   1       -1.013451        0.160575       -1.382743
     Cl   1       -0.557260       -1.382743       -0.116965

     C    2       -0.405852       -0.053683        0.174831
     C    2       -0.053683       -0.000248       -0.312462
     C    2        0.174831       -0.312462        0.406100

     C    3        0.038125       -0.097539        0.059681
     C    3       -0.097539        0.005601       -0.007322
     C    3        0.059681       -0.007322       -0.043726

     H    4        0.350894        0.093171        0.555293
     H    4        0.093171       -0.124317        0.408800
     H    4        0.555293        0.408800       -0.226576

     C    5       -0.256271        0.100645       -0.060534
     C    5        0.100645        0.110554       -0.055656
     C    5       -0.060534       -0.055656        0.145717

     H    6       -0.175627       -0.102936        0.225317
     H    6       -0.102936        0.478853        0.619034
     H    6        0.225317        0.619034       -0.303226

     H    7       -0.091477        0.037243        0.030363
     H    7        0.037243        0.114120       -0.255140
     H    7        0.030363       -0.255140       -0.022643

     C    8        0.217007        0.020411       -0.003978
     C    8        0.020411        0.049707       -0.025176
     C    8       -0.003978       -0.025176       -0.266714

     H    9        0.435361        0.269925        0.389601
     H    9        0.269925       -0.587145       -0.077339
     H    9        0.389601       -0.077339        0.151783

     C   10       -0.742744       -0.240823       -0.143235
     C   10       -0.240823        0.835709       -0.244940
     C   10       -0.143235       -0.244940       -0.092964

     C   11        0.235989        0.362921       -0.120662
     C   11        0.362921        0.233421        0.074755
     C   11       -0.120662        0.074755       -0.469410

     Cl  12       -0.817100        1.533172       -0.119294
     Cl  12        1.533172        2.490111        0.043020
     Cl  12       -0.119294        0.043020       -1.673011

     H   13       -0.283600        0.188789        0.226744
     H   13        0.188789        0.227421        0.192493
     H   13        0.226744        0.192493        0.056179

     C   14        0.161986       -0.739247       -0.240802
     C   14       -0.739247       -0.097844       -0.325161
     C   14       -0.240802       -0.325161       -0.064141

     H   15        0.354029        0.189592        0.422716
     H   15        0.189592       -0.072260       -0.126532
     H   15        0.422716       -0.126532       -0.281769

     C   16       -0.286801        0.076313       -0.352579
     C   16        0.076313       -0.152106        0.281592
     C   16       -0.352579        0.281592        0.438907

     C   17        0.081249       -0.518538       -0.067771
     C   17       -0.518538        0.117850       -0.344404
     C   17       -0.067771       -0.344404       -0.199099

     Cl  18       -0.401814        0.821254        0.058141
     Cl  18        0.821254        2.075277        0.301660
     Cl  18        0.058141        0.301660       -1.673464

     H   19       -0.070505        0.027406       -0.024679
     H   19        0.027406        0.182686       -0.046990
     H   19       -0.024679       -0.046990       -0.112181

     C   20       -0.676868       -0.215821       -0.328481
     C   20       -0.215821        0.570357       -0.477354
     C   20       -0.328481       -0.477354        0.106512

     H   21        0.075657       -0.424282        0.651908
     H   21       -0.424282       -0.012583        0.073582
     H   21        0.651908        0.073582       -0.063073

     C   22        0.274472        0.294745       -0.017100
     C   22        0.294745       -0.271570       -0.063739
     C   22       -0.017100       -0.063739       -0.002903

     C   23       -0.745756       -0.245925       -0.078335
     C   23       -0.245925        0.500135       -0.508018
     C   23       -0.078335       -0.508018        0.245621

     Cl  24       -0.091929        1.531393        0.477421
     Cl  24        1.531393        1.181778       -2.204727
     Cl  24        0.477421       -2.204727       -1.089849


     NQR/NMR SPECTROSCOPIC PARAMETERS:
     Cl   1    Vxx=    0.4601    axis=(  0.812388 -0.086738 -0.576631)
     Cl   1    Vyy=    1.5339    axis=(  0.306181 -0.778137  0.548413)
     Cl   1    Vzz=   -1.9940    axis=(  0.496266  0.622077  0.605591)
     Cl   1  Q=        -8.1650 1e-30 m^2  Cq=        38.2541 MHz  eta= 0.53848

     C    2    Vxx=   -0.1652    axis=(  0.126330  0.886079  0.445987)
     C    2    Vyy=   -0.4422    axis=(  0.976521 -0.031999 -0.213035)
     C    2    Vzz=    0.6074    axis=(  0.174495 -0.462428  0.869317)
     C    2  Q=         1.0000 1e-30 m^2  Cq=         1.4272 MHz  eta= 0.45614

     C    3    Vxx=   -0.0344    axis=(  0.194251  0.613080  0.765767)
     C    3    Vyy=   -0.1008    axis=(  0.619966  0.528239 -0.580178)
     C    3    Vzz=    0.1353    axis=(  0.760203 -0.587450  0.277478)
     C    3  Q=         1.0000 1e-30 m^2  Cq=         0.3179 MHz  eta= 0.49070

     H    4    Vxx=   -0.0588    axis=(  0.523936 -0.814265 -0.249928)
     H    4    Vyy=   -0.7299    axis=(  0.367551  0.480837 -0.796054)
     H    4    Vzz=    0.7887    axis=(  0.768374  0.325220  0.551212)
     H    4  Q=         1.0000 1e-30 m^2  Cq=         1.8531 MHz  eta= 0.85091

     C    5    Vxx=    0.0745    axis=(  0.103164  0.739283  0.665446)
     C    5    Vyy=    0.2123    axis=( -0.231368 -0.632829  0.738916)
     C    5    Vzz=   -0.2868    axis=( -0.967381  0.230192 -0.105761)
     C    5  Q=         1.0000 1e-30 m^2  Cq=        -0.6740 MHz  eta= 0.48053

     H    6    Vxx=   -0.0698    axis=(  0.918527 -0.207419  0.336580)
     H    6    Vyy=   -0.7506    axis=(  0.394878  0.439342 -0.806876)
     H    6    Vzz=    0.8204    axis=(  0.019488  0.874046  0.485453)
     H    6  Q=         1.0000 1e-30 m^2  Cq=         1.9276 MHz  eta= 0.82979

     H    7    Vxx=   -0.0764    axis=( -0.949482 -0.168738 -0.264598)
     H    7    Vyy=   -0.2338    axis=( -0.312587  0.583266  0.749726)
     H    7    Vzz=    0.3102    axis=( -0.027823 -0.794561  0.606546)
     H    7  Q=         1.0000 1e-30 m^2  Cq=         0.7288 MHz  eta= 0.50742

     C    8    Vxx=    0.0492    axis=( -0.122156  0.989494 -0.077329)
     C    8    Vyy=    0.2196    axis=(  0.992499  0.121401 -0.014404)
     C    8    Vzz=   -0.2687    axis=(  0.004865  0.078508  0.996902)
     C    8  Q=         1.0000 1e-30 m^2  Cq=        -0.6314 MHz  eta= 0.63415

     H    9    Vxx=   -0.0402    axis=( -0.469036 -0.346338  0.812438)
     H    9    Vyy=   -0.6927    axis=( -0.299004  0.927849  0.222917)
     H    9    Vzz=    0.7329    axis=( -0.831025 -0.138367 -0.538751)
     H    9  Q=         1.0000 1e-30 m^2  Cq=         1.7220 MHz  eta= 0.89037

     C   10    Vxx=   -0.0971    axis=( -0.275599  0.176957  0.944845)
     C   10    Vyy=   -0.8237    axis=(  0.953557  0.174613  0.245437)
     C   10    Vzz=    0.9208    axis=( -0.121550  0.968606 -0.216861)
     C   10  Q=         1.0000 1e-30 m^2  Cq=         2.1634 MHz  eta= 0.78918

     C   11    Vxx=   -0.0795    axis=( -0.654175  0.679258  0.332661)
     C   11    Vyy=   -0.5192    axis=(  0.254599 -0.216397  0.942524)
     C   11    Vzz=    0.5987    axis=( -0.712204 -0.701271  0.031377)
     C   11  Q=         1.0000 1e-30 m^2  Cq=         1.4066 MHz  eta= 0.73444

     Cl  12    Vxx=   -1.3661    axis=( -0.860314  0.337786  0.381785)
     Cl  12    Vyy=   -1.7254    axis=(  0.355666 -0.138788  0.924251)
     Cl  12    Vzz=    3.0915    axis=( -0.365186 -0.930934  0.000738)
     Cl  12  Q=        -8.1650 1e-30 m^2  Cq=       -59.3090 MHz  eta= 0.11620

     H   13    Vxx=   -0.0511    axis=( -0.197361  0.644341 -0.738833)
     H   13    Vyy=   -0.4101    axis=( -0.912095  0.155569  0.379316)
     H   13    Vzz=    0.4612    axis=(  0.359348  0.748748  0.556997)
     H   13  Q=         1.0000 1e-30 m^2  Cq=         1.0837 MHz  eta= 0.77830

     C   14    Vxx=    0.1277    axis=( -0.302811 -0.307854  0.901960)
     C   14    Vyy=    0.7835    axis=( -0.759639  0.649490 -0.033349)
     C   14    Vzz=   -0.9112    axis=( -0.575547 -0.695262 -0.430531)
     C   14  Q=         1.0000 1e-30 m^2  Cq=        -2.1408 MHz  eta= 0.71973

     H   15    Vxx=   -0.0128    axis=(  0.008186  0.909727 -0.415125)
     H   15    Vyy=   -0.5728    axis=( -0.447089  0.374664  0.812243)
     H   15    Vzz=    0.5856    axis=(  0.894452  0.178949  0.409796)
     H   15  Q=         1.0000 1e-30 m^2  Cq=         1.3760 MHz  eta= 0.95623

     C   16    Vxx=   -0.1258    axis=(  0.550276  0.831934 -0.071281)
     C   16    Vyy=   -0.5258    axis=( -0.772704  0.475024 -0.421047)
     C   16    Vzz=    0.6516    axis=( -0.316424  0.286771  0.904234)
     C   16  Q=         1.0000 1e-30 m^2  Cq=         1.5310 MHz  eta= 0.61400

     C   17    Vxx=   -0.0410    axis=(  0.587011  0.239477 -0.773350)
     C   17    Vyy=   -0.6283    axis=(  0.514351  0.627362  0.584688)
     C   17    Vzz=    0.6693    axis=( -0.625189  0.740992 -0.245093)
     C   17  Q=         1.0000 1e-30 m^2  Cq=         1.5725 MHz  eta= 0.87745

     Cl  18    Vxx=   -0.6484    axis=(  0.957906 -0.285540 -0.029699)
     Cl  18    Vyy=   -1.6976    axis=( -0.006711  0.081149 -0.996679)
     Cl  18    Vzz=    2.3461    axis=(  0.287002  0.954925  0.075817)
     Cl  18  Q=        -8.1650 1e-30 m^2  Cq=       -45.0079 MHz  eta= 0.44722

     H   19    Vxx=   -0.0665    axis=(  0.928623 -0.164793 -0.332420)
     H   19    Vyy=   -0.1271    axis=(  0.352209  0.109830  0.929455)
     H   19    Vzz=    0.1936    axis=( -0.116658 -0.980194  0.160033)
     H   19  Q=         1.0000 1e-30 m^2  Cq=         0.4549 MHz  eta= 0.31273

     C   20    Vxx=    0.0270    axis=( -0.487370  0.459031  0.742806)
     C   20    Vyy=    0.8692    axis=(  0.006182 -0.848841  0.528613)
     C   20    Vzz=   -0.8962    axis=(  0.873174  0.262222  0.410862)
     C   20  Q=         1.0000 1e-30 m^2  Cq=        -2.1058 MHz  eta= 0.93965

     H   21    Vxx=    0.0397    axis=(  0.008549 -0.837879 -0.545790)
     H   21    Vyy=    0.7638    axis=( -0.748924  0.356302 -0.558714)
     H   21    Vzz=   -0.8035    axis=(  0.662601  0.413531 -0.624462)
     H   21  Q=         1.0000 1e-30 m^2  Cq=        -1.8880 MHz  eta= 0.90124

     C   22    Vxx=   -0.0005    axis=(  0.143189 -0.076314  0.986749)
     C   22    Vyy=   -0.4069    axis=( -0.391089  0.911514  0.127247)
     C   22    Vzz=    0.4074    axis=( -0.909146 -0.404127  0.100673)
     C   22  Q=         1.0000 1e-30 m^2  Cq=         0.9572 MHz  eta= 0.99777

     C   23    Vxx=   -0.0844    axis=( -0.297492  0.551915  0.779030)
     C   23    Vyy=   -0.8254    axis=( -0.950477 -0.248091 -0.187200)
     C   23    Vzz=    0.9098    axis=(  0.089952 -0.796141  0.598388)
     C   23  Q=         1.0000 1e-30 m^2  Cq=         2.1376 MHz  eta= 0.81451

     Cl  24    Vxx=    0.0426    axis=( -0.839632  0.093054 -0.535125)
     Cl  24    Vyy=    2.9332    axis=(  0.357673  0.836171 -0.415799)
     Cl  24    Vzz=   -2.9758    axis=( -0.408764  0.540518  0.735359)
     Cl  24  Q=        -8.1650 1e-30 m^2  Cq=        57.0891 MHz  eta= 0.97135

     Initialization:
     gipaw_setup  :      9.74s CPU     11.86s WALL (       1 calls)

     Linear response

     Apply operators

     Induced current

     Other routines
     efg          :      9.11s CPU     11.54s WALL (       1 calls)

     General routines
     calbec       :      3.12s CPU      4.05s WALL (      16 calls)
     fft          :      1.56s CPU      2.00s WALL (      15 calls)
     ffts         :      0.04s CPU      0.07s WALL (       2 calls)
     fftw         :      3.21s CPU      3.97s WALL (     672 calls)
     davcio       :      0.01s CPU      0.34s WALL (      32 calls)

     Parallel routines
     fft_scatter  :      2.09s CPU      3.24s WALL (     689 calls)

     Plugins

     GIPAW        :     61.12s CPU     75.10s WALL (       1 calls)
