
     Program QE v.6.0 (svn rev. 13079) starts on  2Jan2017 at 19:26:57 

     This program is part of the open-source Quantum ESPRESSO suite
     for quantum simulation of materials; please cite
         "P. Giannozzi et al., J. Phys.:Condens. Matter 21 395502 (2009);
          URL http://www.quantum-espresso.org", 
     in publications or presentations arising from this work. More details at
     http://www.quantum-espresso.org/quote

     Parallel version (MPI), running on     8 processors
     R & G space division:  proc/nbgrp/npool/nimage =       8

     ***** This is GIPAW svn revision unknown      *****

     Parallelizing q-star over 1 images

     Reading data from directory:
     /users/majewski/paradichlorobenzene/pbe/9_constraint/scratch/pbe.ecut100.np8.dt60.pcl2phi-129368.save
     Message from routine read_xml_file:
     file /users/majewski/paradichlorobenzene/pbe/9_constraint/scratch/pbe.ecut100.np8.dt60.pcl2phi-129368.save not guaranteed to be safe for post-processing

   Info: using nr1, nr2, nr3 values from input

   Info: using nr1, nr2, nr3 values from input

     IMPORTANT: XC functional enforced from input :
     Exchange-correlation      =  SLA  PW   PBX  PBC ( 1  4  3  4 0 0)
     Any further DFT definition will be discarded
     Please, verify this is what you really want

               file C.pbe-n-kjpaw_psl.1.0.0.UPF: wavefunction(s)  2S 2P renormalized
               file Cl.pbe-n-kjpaw_psl.1.0.0.UPF: wavefunction(s)  3S 3P renormalized
               file H.pbe-kjpaw_psl.1.0.0.UPF: wavefunction(s)  1S renormalized

     Parallelization info
     --------------------
     sticks:   dense  smooth     PW     G-vecs:    dense   smooth      PW
     Min        3057    1223    332               144436    36536    5170
     Max        3059    1225    333               144437    36537    5171
     Sum       24467    9791   2657              1155489   292295   41363


     Subspace diagonalization in iterative solution of the eigenvalue problem:
     a serial algorithm will be used

     GIPAW projectors -----------------------------------------------
     atom=  C    l=0  rc=    1.2000  rs=    0.8000
     atom=  C    l=0  rc=    1.2000  rs=    0.8000
     atom=  C    l=1  rc=    1.4000  rs=    0.9333
     atom=  C    l=1  rc=    1.4000  rs=    0.9333
     projs nearly linearly dependent: l=1  n1,n2= 1, 2  s=  0.99951561

     atom=  Cl   l=0  rc=    1.6000  rs=    1.0667
     atom=  Cl   l=0  rc=    1.6000  rs=    1.0667
     atom=  Cl   l=1  rc=    1.6000  rs=    1.0667
     atom=  Cl   l=1  rc=    1.6000  rs=    1.0667
     atom=  Cl   l=2  rc=    1.6000  rs=    1.0667
     atom=  Cl   l=2  rc=    1.6000  rs=    1.0667
     projs nearly linearly dependent: l=2  n1,n2= 1, 2  s=  0.99993509

     atom=  H    l=0  rc=    1.0000  rs=    0.6667
     atom=  H    l=0  rc=    1.0000  rs=    0.6667
     projs nearly linearly dependent: l=0  n1,n2= 1, 2  s=  0.99968852
     -----------------------------------------------------------------

     GIPAW integrals: -------------------------------------------
     Atom  i/j   nmr_para   nmr_dia   epr_rmc  epr_para   epr_dia
       C   1 1   0.83E+03  0.17E-01  0.93E+01  0.24E+08  0.24E+03
       C   2 1   0.86E+03 -0.61E-01  0.94E+01  0.25E+08  0.25E+03
       C   2 2   0.90E+03 -0.15E+00  0.97E+01  0.26E+08  0.26E+03
       C   3 3   0.33E+01  0.34E+00  0.18E+01  0.55E+03  0.21E+02
       C   4 3   0.35E+01  0.37E+00  0.20E+01  0.59E+03  0.22E+02
       C   4 4   0.38E+01  0.39E+00  0.22E+01  0.63E+03  0.24E+02
       Cl  1 1   0.14E+04 -0.47E+00  0.84E+01  0.32E+09  0.42E+03
       Cl  2 1   0.21E+04 -0.37E+00  0.12E+02  0.49E+09  0.65E+03
       Cl  2 2   0.33E+04 -0.16E+00  0.21E+02  0.76E+09  0.10E+04
       Cl  3 3   0.21E+02  0.79E-01  0.89E+01  0.23E+05  0.13E+03
       Cl  4 3   0.24E+02  0.67E-01  0.99E+01  0.27E+05  0.15E+03
       Cl  4 4   0.28E+02  0.44E-01  0.11E+02  0.32E+05  0.18E+03
       Cl  5 5   0.77E+00  0.19E+00  0.18E+01  0.12E+03  0.22E+02
       Cl  6 5   0.80E+00  0.19E+00  0.19E+01  0.12E+03  0.23E+02
       Cl  6 6   0.83E+00  0.20E+00  0.19E+01  0.12E+03  0.23E+02
       H   1 1   0.39E+02  0.19E+00  0.29E+00  0.78E+05  0.13E+02
       H   2 1   0.41E+02  0.21E+00  0.32E+00  0.82E+05  0.14E+02
       H   2 2   0.43E+02  0.22E+00  0.36E+00  0.86E+05  0.15E+02
     ------------------------------------------------------------

     alpha_pv=     34.2079 eV

     Number of occupied bands for each k-point:
     k-point:     1    nbnd_occ=  42
     k-point:     2    nbnd_occ=  42
     k-point:     3    nbnd_occ=  42
     k-point:     4    nbnd_occ=  42
     k-point:     5    nbnd_occ=  42
     k-point:     6    nbnd_occ=  42
     k-point:     7    nbnd_occ=  42
     k-point:     8    nbnd_occ=  42
     k-point:     9    nbnd_occ=  42
     k-point:    10    nbnd_occ=  42
     k-point:    11    nbnd_occ=  42
     k-point:    12    nbnd_occ=  42
     k-point:    13    nbnd_occ=  42
     k-point:    14    nbnd_occ=  42
     k-point:    15    nbnd_occ=  42
     k-point:    16    nbnd_occ=  42


     q-space interpolation up to   110.00 Rydberg

     GIPAW job: efg                                                                             


     ELECTRIC FIELD GRADIENTS TENSORS IN Hartree/bohrradius^2:

     ----- bare term -----
     Cl   1        0.007627       -0.027805       -0.144697
     Cl   1       -0.027805       -0.061024       -0.065554
     Cl   1       -0.144697       -0.065554        0.053398

     C    2       -0.467564        0.236245       -0.353304
     C    2        0.236245        0.101906       -0.290117
     C    2       -0.353304       -0.290117        0.365657

     C    3       -0.028616        0.111247       -0.228685
     C    3        0.111247       -0.392837       -0.445779
     C    3       -0.228685       -0.445779        0.421453

     H    4       -0.574272       -0.231650       -0.100100
     H    4       -0.231650        0.409672       -0.179450
     H    4       -0.100100       -0.179450        0.164600

     C    5       -0.780536        0.341422       -0.399082
     C    5        0.341422        0.351695       -0.124057
     C    5       -0.399082       -0.124057        0.428841

     H    6        0.391181       -0.052748       -0.072484
     H    6       -0.052748       -0.546492       -0.580331
     H    6       -0.072484       -0.580331        0.155311

     H    7        0.015723        0.413255       -0.259203
     H    7        0.413255       -0.248099        0.428980
     H    7       -0.259203        0.428980        0.232376

     C    8       -0.044804       -0.481776       -0.022650
     C    8       -0.481776       -0.292656        0.368255
     C    8       -0.022650        0.368255        0.337460

     H    9       -0.604404        0.364496       -0.236967
     H    9        0.364496        0.311062        0.119343
     H    9       -0.236967        0.119343        0.293342

     C   10       -0.439807       -0.381373       -0.323037
     C   10       -0.381373        0.112132        0.387983
     C   10       -0.323037        0.387983        0.327675

     C   11       -0.102659       -0.111058       -0.256455
     C   11       -0.111058        0.012695        0.700289
     C   11       -0.256455        0.700289        0.089964

     Cl  12        0.012681       -0.120624        0.031491
     Cl  12       -0.120624        0.052400       -0.122471
     Cl  12        0.031491       -0.122471       -0.065081

     H   13        0.392911       -0.233750        0.054877
     H   13       -0.233750       -0.654949        0.208259
     H   13        0.054877        0.208259        0.262038

     C   14       -0.158924       -0.055385       -0.230959
     C   14       -0.055385       -0.043354       -0.367461
     C   14       -0.230959       -0.367461        0.202277

     H   15       -0.160569       -0.443896       -0.012884
     H   15       -0.443896       -0.189937        0.131947
     H   15       -0.012884        0.131947        0.350506

     C   16       -0.335744        0.160795       -0.022174
     C   16        0.160795        0.023552       -0.076295
     C   16       -0.022174       -0.076295        0.312192

     C   17       -0.043391       -0.003359       -0.268296
     C   17       -0.003359        0.054004       -0.691704
     C   17       -0.268296       -0.691704       -0.010612

     Cl  18       -0.225477        0.227355       -0.008019
     Cl  18        0.227355        0.200863        0.019145
     Cl  18       -0.008019        0.019145        0.024614

     H   19        0.455592        0.020225       -0.070588
     H   19        0.020225       -0.422523        0.509592
     H   19       -0.070588        0.509592       -0.033069

     C   20       -0.762461       -0.380042       -0.322363
     C   20       -0.380042        0.446934        0.254480
     C   20       -0.322363        0.254480        0.315527

     H   21       -0.336411       -0.044054       -0.511532
     H   21       -0.044054        0.106139        0.104950
     H   21       -0.511532        0.104950        0.230271

     C   22       -0.025615       -0.232110       -0.165013
     C   22       -0.232110       -0.233406        0.522175
     C   22       -0.165013        0.522175        0.259021

     C   23       -0.619910       -0.272344       -0.345461
     C   23       -0.272344        0.241014        0.096802
     C   23       -0.345461        0.096802        0.378896

     Cl  24       -0.101810        0.021723       -0.010459
     Cl  24        0.021723       -0.086379       -0.036346
     Cl  24       -0.010459       -0.036346        0.188189

     ----- ionic term -----
     Cl   1        0.184891       -0.197693       -0.026837
     Cl   1       -0.197693       -0.054434        0.015071
     Cl   1       -0.026837        0.015071       -0.130457

     C    2        0.281223       -0.033277        0.114407
     C    2       -0.033277        0.175852        0.424612
     C    2        0.114407        0.424612       -0.457074

     C    3        0.182501       -0.190010        0.103446
     C    3       -0.190010        0.258430        0.424628
     C    3        0.103446        0.424628       -0.440930

     H    4        0.689333        0.451495        0.529336
     H    4        0.451495       -0.319905        0.268417
     H    4        0.529336        0.268417       -0.369428

     C    5        0.348961       -0.164888        0.188926
     C    5       -0.164888        0.082057        0.307231
     C    5        0.188926        0.307231       -0.431018

     H    6       -0.522267        0.033912        0.035398
     H    6        0.033912        0.763808        0.638797
     H    6        0.035398        0.638797       -0.241540

     H    7       -0.476877       -0.276876        0.175907
     H    7       -0.276876        0.610530       -0.724434
     H    7        0.175907       -0.724434       -0.133654

     C    8        0.318153        0.152861        0.195201
     C    8        0.152861        0.024220       -0.344342
     C    8        0.195201       -0.344342       -0.342374

     H    9        0.729264       -0.211183        0.624205
     H    9       -0.211183       -0.523452       -0.184769
     H    9        0.624205       -0.184769       -0.205812

     C   10        0.180464        0.265955        0.107217
     C   10        0.265955        0.116515       -0.446013
     C   10        0.107217       -0.446013       -0.296979

     C   11        0.218832        0.149775        0.166851
     C   11        0.149775        0.052429       -0.468161
     C   11        0.166851       -0.468161       -0.271261

     Cl  12        0.106795        0.199247       -0.054201
     Cl  12        0.199247        0.020486       -0.042712
     Cl  12       -0.054201       -0.042712       -0.127281

     H   13       -0.481035        0.213395        0.053225
     H   13        0.213395        0.918972        0.459155
     H   13        0.053225        0.459155       -0.437937

     C   14        0.394039       -0.015309        0.163452
     C   14       -0.015309        0.126348        0.247453
     C   14        0.163452        0.247453       -0.520388

     H   15        0.663679        0.513391        0.485949
     H   15        0.513391       -0.238817        0.262288
     H   15        0.485949        0.262288       -0.424863

     C   16        0.227306       -0.093031        0.143684
     C   16       -0.093031        0.255004        0.312242
     C   16        0.143684        0.312242       -0.482311

     C   17        0.267336       -0.098485        0.262566
     C   17       -0.098485        0.204964        0.301502
     C   17        0.262566        0.301502       -0.472300

     Cl  18        0.143350       -0.199853        0.027785
     Cl  18       -0.199853        0.026226       -0.011083
     Cl  18        0.027785       -0.011083       -0.169576

     H   19       -0.494016       -0.106990        0.074438
     H   19       -0.106990        0.698057       -0.701867
     H   19        0.074438       -0.701867       -0.204041

     C   20        0.383928        0.198461        0.187278
     C   20        0.198461       -0.012276       -0.330971
     C   20        0.187278       -0.330971       -0.371652

     H   21        0.587304       -0.231747        0.698093
     H   21       -0.231747       -0.478584       -0.215049
     H   21        0.698093       -0.215049       -0.108719

     C   22        0.224073        0.244640        0.135707
     C   22        0.244640        0.063300       -0.404336
     C   22        0.135707       -0.404336       -0.287373

     C   23        0.269800        0.124227        0.196378
     C   23        0.124227        0.005352       -0.403926
     C   23        0.196378       -0.403926       -0.275153

     Cl  24        0.160541        0.194756       -0.028022
     Cl  24        0.194756       -0.031143       -0.018171
     Cl  24       -0.028022       -0.018171       -0.129398

     ----- GIPAW term -----
     Cl   1        1.452846       -1.828842       -1.940476
     Cl   1       -1.828842       -1.038409       -0.488256
     Cl   1       -1.940476       -0.488256       -0.414437

     C    2       -0.061345       -0.122942       -0.072546
     C    2       -0.122942        0.132420        0.013544
     C    2       -0.072546        0.013544       -0.071075

     C    3       -0.088351       -0.043251       -0.077609
     C    3       -0.043251       -0.022092        0.094488
     C    3       -0.077609        0.094488        0.110443

     H    4       -0.000000        0.000000        0.000000
     H    4        0.000000        0.000000        0.000000
     H    4        0.000000        0.000000        0.000000

     C    5       -0.213239        0.026787       -0.058752
     C    5        0.026787        0.224129        0.078913
     C    5       -0.058752        0.078913       -0.010890

     H    6       -0.000000        0.000000        0.000000
     H    6        0.000000        0.000000        0.000000
     H    6        0.000000        0.000000        0.000000

     H    7       -0.000000        0.000000        0.000000
     H    7        0.000000        0.000000        0.000000
     H    7        0.000000        0.000000        0.000000

     C    8        0.019024       -0.223318        0.095512
     C    8       -0.223318       -0.001693       -0.026916
     C    8        0.095512       -0.026916       -0.017331

     H    9       -0.000000        0.000000        0.000000
     H    9        0.000000        0.000000        0.000000
     H    9        0.000000        0.000000        0.000000

     C   10       -0.133915       -0.160114       -0.114722
     C   10       -0.160114        0.165364        0.124805
     C   10       -0.114722        0.124805       -0.031449

     C   11       -0.034594       -0.027321       -0.092949
     C   11       -0.027321        0.132189        0.229540
     C   11       -0.092949        0.229540       -0.097595

     Cl  12       -0.652890        0.544433       -0.669045
     Cl  12        0.544433       -0.679263        1.345436
     Cl  12       -0.669045        1.345436        1.332153

     H   13       -0.000000        0.000000        0.000000
     H   13        0.000000        0.000000        0.000000
     H   13        0.000000        0.000000        0.000000

     C   14       -0.084533       -0.007456       -0.019287
     C   14       -0.007456        0.087909       -0.181666
     C   14       -0.019287       -0.181666       -0.003377

     H   15       -0.000000        0.000000        0.000000
     H   15        0.000000        0.000000        0.000000
     H   15        0.000000        0.000000        0.000000

     C   16       -0.076408        0.026684       -0.016633
     C   16        0.026684        0.074740       -0.056420
     C   16       -0.016633       -0.056420        0.001668

     C   17       -0.047374       -0.041593       -0.046760
     C   17       -0.041593        0.238809       -0.145650
     C   17       -0.046760       -0.145650       -0.191435

     Cl  18       -0.152053       -0.947071       -0.098808
     Cl  18       -0.947071        2.020714        0.250423
     Cl  18       -0.098808        0.250423       -1.868661

     H   19       -0.000000        0.000000        0.000000
     H   19        0.000000        0.000000        0.000000
     H   19        0.000000        0.000000        0.000000

     C   20       -0.224783       -0.075543       -0.038551
     C   20       -0.075543        0.289513        0.096193
     C   20       -0.038551        0.096193       -0.064730

     H   21       -0.000000        0.000000        0.000000
     H   21        0.000000        0.000000        0.000000
     H   21        0.000000        0.000000        0.000000

     C   22       -0.092711       -0.032520       -0.016119
     C   22       -0.032520        0.126891       -0.031307
     C   22       -0.016119       -0.031307       -0.034180

     C   23       -0.116017       -0.041927        0.027673
     C   23       -0.041927        0.132166       -0.166389
     C   23        0.027673       -0.166389       -0.016149

     Cl  24       -0.351553        1.933009       -0.562363
     Cl  24        1.933009       -1.274740       -0.737260
     Cl  24       -0.562363       -0.737260        1.626294

     ----- total EFG -----
     Cl   1        1.645364       -2.054340       -2.112010
     Cl   1       -2.054340       -1.153867       -0.538739
     Cl   1       -2.112010       -0.538739       -0.491497

     C    2       -0.247685        0.080026       -0.311443
     C    2        0.080026        0.410178        0.148039
     C    2       -0.311443        0.148039       -0.162492

     C    3        0.065533       -0.122013       -0.202848
     C    3       -0.122013       -0.156499        0.073338
     C    3       -0.202848        0.073338        0.090966

     H    4        0.115061        0.219845        0.429236
     H    4        0.219845        0.089767        0.088968
     H    4        0.429236        0.088968       -0.204828

     C    5       -0.644814        0.203321       -0.268907
     C    5        0.203321        0.657881        0.262087
     C    5       -0.268907        0.262087       -0.013067

     H    6       -0.131086       -0.018836       -0.037086
     H    6       -0.018836        0.217316        0.058466
     H    6       -0.037086        0.058466       -0.086230

     H    7       -0.461154        0.136379       -0.083296
     H    7        0.136379        0.362432       -0.295454
     H    7       -0.083296       -0.295454        0.098722

     C    8        0.292373       -0.552234        0.268063
     C    8       -0.552234       -0.270128       -0.003003
     C    8        0.268063       -0.003003       -0.022245

     H    9        0.124860        0.153313        0.387239
     H    9        0.153313       -0.212390       -0.065427
     H    9        0.387239       -0.065427        0.087530

     C   10       -0.393257       -0.275532       -0.330541
     C   10       -0.275532        0.394011        0.066774
     C   10       -0.330541        0.066774       -0.000753

     C   11        0.081579        0.011396       -0.182552
     C   11        0.011396        0.197313        0.461668
     C   11       -0.182552        0.461668       -0.278892

     Cl  12       -0.533415        0.623056       -0.691754
     Cl  12        0.623056       -0.606377        1.180252
     Cl  12       -0.691754        1.180252        1.139791

     H   13       -0.088125       -0.020354        0.108102
     H   13       -0.020354        0.264023        0.667415
     H   13        0.108102        0.667415       -0.175899

     C   14        0.150583       -0.078150       -0.086794
     C   14       -0.078150        0.170904       -0.301674
     C   14       -0.086794       -0.301674       -0.321487

     H   15        0.503110        0.069495        0.473065
     H   15        0.069495       -0.428753        0.394235
     H   15        0.473065        0.394235       -0.074357

     C   16       -0.184846        0.094447        0.104877
     C   16        0.094447        0.353296        0.179527
     C   16        0.104877        0.179527       -0.168450

     C   17        0.176570       -0.143437       -0.052490
     C   17       -0.143437        0.497777       -0.535852
     C   17       -0.052490       -0.535852       -0.674347

     Cl  18       -0.234180       -0.919569       -0.079042
     Cl  18       -0.919569        2.247803        0.258486
     Cl  18       -0.079042        0.258486       -2.013624

     H   19       -0.038424       -0.086765        0.003850
     H   19       -0.086765        0.275534       -0.192275
     H   19        0.003850       -0.192275       -0.237110

     C   20       -0.603316       -0.257124       -0.173635
     C   20       -0.257124        0.724171        0.019702
     C   20       -0.173635        0.019702       -0.120855

     H   21        0.250893       -0.275801        0.186561
     H   21       -0.275801       -0.372445       -0.110098
     H   21        0.186561       -0.110098        0.121552

     C   22        0.105747       -0.019990       -0.045425
     C   22       -0.019990       -0.043214        0.086532
     C   22       -0.045425        0.086532       -0.062533

     C   23       -0.466126       -0.190044       -0.121410
     C   23       -0.190044        0.378532       -0.473513
     C   23       -0.121410       -0.473513        0.087594

     Cl  24       -0.292822        2.149489       -0.600845
     Cl  24        2.149489       -1.392263       -0.791778
     Cl  24       -0.600845       -0.791778        1.685085

     ----- total EFG (symmetrized) -----
     Cl   1        1.645364       -2.054340       -2.112010
     Cl   1       -2.054340       -1.153867       -0.538739
     Cl   1       -2.112010       -0.538739       -0.491497

     C    2       -0.247685        0.080026       -0.311443
     C    2        0.080026        0.410178        0.148039
     C    2       -0.311443        0.148039       -0.162492

     C    3        0.065533       -0.122013       -0.202848
     C    3       -0.122013       -0.156499        0.073338
     C    3       -0.202848        0.073338        0.090966

     H    4        0.115061        0.219845        0.429236
     H    4        0.219845        0.089767        0.088968
     H    4        0.429236        0.088968       -0.204828

     C    5       -0.644814        0.203321       -0.268907
     C    5        0.203321        0.657881        0.262087
     C    5       -0.268907        0.262087       -0.013067

     H    6       -0.131086       -0.018836       -0.037086
     H    6       -0.018836        0.217316        0.058466
     H    6       -0.037086        0.058466       -0.086230

     H    7       -0.461154        0.136379       -0.083296
     H    7        0.136379        0.362432       -0.295454
     H    7       -0.083296       -0.295454        0.098722

     C    8        0.292373       -0.552234        0.268063
     C    8       -0.552234       -0.270128       -0.003003
     C    8        0.268063       -0.003003       -0.022245

     H    9        0.124860        0.153313        0.387239
     H    9        0.153313       -0.212390       -0.065427
     H    9        0.387239       -0.065427        0.087530

     C   10       -0.393257       -0.275532       -0.330541
     C   10       -0.275532        0.394011        0.066774
     C   10       -0.330541        0.066774       -0.000753

     C   11        0.081579        0.011396       -0.182552
     C   11        0.011396        0.197313        0.461668
     C   11       -0.182552        0.461668       -0.278892

     Cl  12       -0.533415        0.623056       -0.691754
     Cl  12        0.623056       -0.606377        1.180252
     Cl  12       -0.691754        1.180252        1.139791

     H   13       -0.088125       -0.020354        0.108102
     H   13       -0.020354        0.264023        0.667415
     H   13        0.108102        0.667415       -0.175899

     C   14        0.150583       -0.078150       -0.086794
     C   14       -0.078150        0.170904       -0.301674
     C   14       -0.086794       -0.301674       -0.321487

     H   15        0.503110        0.069495        0.473065
     H   15        0.069495       -0.428753        0.394235
     H   15        0.473065        0.394235       -0.074357

     C   16       -0.184846        0.094447        0.104877
     C   16        0.094447        0.353296        0.179527
     C   16        0.104877        0.179527       -0.168450

     C   17        0.176570       -0.143437       -0.052490
     C   17       -0.143437        0.497777       -0.535852
     C   17       -0.052490       -0.535852       -0.674347

     Cl  18       -0.234180       -0.919569       -0.079042
     Cl  18       -0.919569        2.247803        0.258486
     Cl  18       -0.079042        0.258486       -2.013624

     H   19       -0.038424       -0.086765        0.003850
     H   19       -0.086765        0.275534       -0.192275
     H   19        0.003850       -0.192275       -0.237110

     C   20       -0.603316       -0.257124       -0.173635
     C   20       -0.257124        0.724171        0.019702
     C   20       -0.173635        0.019702       -0.120855

     H   21        0.250893       -0.275801        0.186561
     H   21       -0.275801       -0.372445       -0.110098
     H   21        0.186561       -0.110098        0.121552

     C   22        0.105747       -0.019990       -0.045425
     C   22       -0.019990       -0.043214        0.086532
     C   22       -0.045425        0.086532       -0.062533

     C   23       -0.466126       -0.190044       -0.121410
     C   23       -0.190044        0.378532       -0.473513
     C   23       -0.121410       -0.473513        0.087594

     Cl  24       -0.292822        2.149489       -0.600845
     Cl  24        2.149489       -1.392263       -0.791778
     Cl  24       -0.600845       -0.791778        1.685085


     NQR/NMR SPECTROSCOPIC PARAMETERS:
     Cl   1    Vxx=   -0.2720    axis=(  0.094206 -0.669538  0.736779)
     Cl   1    Vyy=   -3.1890    axis=( -0.517731 -0.665072 -0.538177)
     Cl   1    Vzz=    3.4610    axis=( -0.850341  0.330754  0.409295)
     Cl   1  Q=        -8.1650 1e-30 m^2  Cq=       -66.3977 MHz  eta= 0.84284

     C    2    Vxx=    0.0994    axis=( -0.679557 -0.165447  0.714724)
     C    2    Vyy=    0.4462    axis=(  0.007792  0.972556  0.232540)
     C    2    Vzz=   -0.5456    axis=( -0.733582  0.163594 -0.659618)
     C    2  Q=         1.0000 1e-30 m^2  Cq=        -1.2819 MHz  eta= 0.63577

     C    3    Vxx=   -0.1093    axis=(  0.579827 -0.373324  0.724175)
     C    3    Vyy=   -0.2118    axis=( -0.456114 -0.885240 -0.091157)
     C    3    Vzz=    0.3211    axis=(  0.675100 -0.277452 -0.683565)
     C    3  Q=         1.0000 1e-30 m^2  Cq=         0.7544 MHz  eta= 0.31943

     H    4    Vxx=   -0.0263    axis=(  0.325623 -0.880742  0.343895)
     H    4    Vyy=   -0.5080    axis=(  0.587521 -0.096495 -0.803435)
     H    4    Vzz=    0.5343    axis=(  0.740803  0.463663  0.486033)
     H    4  Q=         1.0000 1e-30 m^2  Cq=         1.2553 MHz  eta= 0.90173

     C    5    Vxx=    0.0427    axis=( -0.413941 -0.237584  0.878753)
     C    5    Vyy=    0.7567    axis=( -0.081356 -0.951822 -0.295663)
     C    5    Vzz=   -0.7994    axis=(  0.906661 -0.193879  0.374669)
     C    5  Q=         1.0000 1e-30 m^2  Cq=        -1.8783 MHz  eta= 0.89306

     H    6    Vxx=   -0.0775    axis=( -0.509713 -0.198567  0.837116)
     H    6    Vyy=   -0.1525    axis=( -0.857448  0.037467 -0.513206)
     H    6    Vzz=    0.2300    axis=( -0.070542  0.979371  0.189359)
     H    6  Q=         1.0000 1e-30 m^2  Cq=         0.5404 MHz  eta= 0.32587

     H    7    Vxx=   -0.0929    axis=(  0.010668  0.542030  0.840292)
     H    7    Vyy=   -0.4857    axis=( -0.988346  0.133329 -0.073456)
     H    7    Vzz=    0.5787    axis=( -0.151851 -0.829715  0.537135)
     H    7  Q=         1.0000 1e-30 m^2  Cq=         1.3596 MHz  eta= 0.67885

     C    8    Vxx=   -0.0638    axis=( -0.138977  0.358477  0.923136)
     C    8    Vyy=   -0.6414    axis=( -0.543609 -0.806794  0.231458)
     C    8    Vzz=    0.7051    axis=(  0.827752 -0.469658  0.306997)
     C    8  Q=         1.0000 1e-30 m^2  Cq=         1.6568 MHz  eta= 0.81913

     H    9    Vxx=   -0.0944    axis=( -0.372870 -0.770933  0.516362)
     H    9    Vyy=   -0.4058    axis=(  0.568374 -0.629639 -0.529628)
     H    9    Vzz=    0.5002    axis=(  0.733430  0.096004  0.672952)
     H    9  Q=         1.0000 1e-30 m^2  Cq=         1.1754 MHz  eta= 0.62251

     C   10    Vxx=    0.0859    axis=( -0.310821 -0.458372  0.832638)
     C   10    Vyy=    0.5393    axis=(  0.374424 -0.864241 -0.335998)
     C   10    Vzz=   -0.6252    axis=(  0.873612  0.207324  0.440249)
     C   10  Q=         1.0000 1e-30 m^2  Cq=        -1.4690 MHz  eta= 0.72529

     C   11    Vxx=    0.1018    axis=(  0.948757  0.303996 -0.086290)
     C   11    Vyy=    0.4973    axis=(  0.212998 -0.816904 -0.536004)
     C   11    Vzz=   -0.5991    axis=( -0.233434  0.490158 -0.839794)
     C   11  Q=         1.0000 1e-30 m^2  Cq=        -1.4076 MHz  eta= 0.66004

     Cl  12    Vxx=    0.0179    axis=(  0.804498  0.582391 -0.116638)
     Cl  12    Vyy=    1.7897    axis=(  0.160514 -0.402247 -0.901350)
     Cl  12    Vzz=   -1.8076    axis=( -0.571855  0.706412 -0.417089)
     Cl  12  Q=        -8.1650 1e-30 m^2  Cq=        34.6781 MHz  eta= 0.98017

     H   13    Vxx=   -0.0739    axis=(  0.984269 -0.143712  0.102773)
     H   13    Vyy=   -0.6756    axis=(  0.167456  0.573329 -0.802030)
     H   13    Vzz=    0.7494    axis=(  0.056338  0.806623  0.588375)
     H   13  Q=         1.0000 1e-30 m^2  Cq=         1.7609 MHz  eta= 0.80288

     C   14    Vxx=    0.1632    axis=( -0.961941 -0.118671  0.246145)
     C   14    Vyy=    0.3213    axis=(  0.210752 -0.895563  0.391855)
     C   14    Vzz=   -0.4844    axis=(  0.173936  0.428816  0.886489)
     C   14  Q=         1.0000 1e-30 m^2  Cq=        -1.1382 MHz  eta= 0.32644

     H   15    Vxx=   -0.1010    axis=(  0.534422 -0.601202 -0.594095)
     H   15    Vyy=   -0.7226    axis=(  0.190979  0.770604 -0.608027)
     H   15    Vzz=    0.8235    axis=( -0.823359 -0.211484 -0.526645)
     H   15  Q=         1.0000 1e-30 m^2  Cq=         1.9350 MHz  eta= 0.75483

     C   16    Vxx=   -0.1454    axis=(  0.728422 -0.349976  0.588998)
     C   16    Vyy=   -0.2878    axis=(  0.656801  0.112056 -0.745692)
     C   16    Vzz=    0.4332    axis=(  0.194973  0.930033  0.311488)
     C   16  Q=         1.0000 1e-30 m^2  Cq=         1.0179 MHz  eta= 0.32866

     C   17    Vxx=    0.1621    axis=(  0.974123  0.157550 -0.162060)
     C   17    Vyy=    0.7299    axis=( -0.205234  0.916929 -0.342228)
     C   17    Vzz=   -0.8920    axis=(  0.094679  0.366632  0.925536)
     C   17  Q=         1.0000 1e-30 m^2  Cq=        -2.0958 MHz  eta= 0.63653

     Cl  18    Vxx=   -0.5377    axis=(  0.949696  0.313148  0.003983)
     Cl  18    Vyy=   -2.0296    axis=( -0.014665  0.057173 -0.998257)
     Cl  18    Vzz=    2.5673    axis=( -0.312829  0.947982  0.058889)
     Cl  18  Q=        -8.1650 1e-30 m^2  Cq=       -49.2526 MHz  eta= 0.58110

     H   19    Vxx=   -0.0539    axis=(  0.973904  0.166497 -0.154242)
     H   19    Vyy=   -0.3034    axis=(  0.093182  0.326350  0.940645)
     H   19    Vzz=    0.3573    axis=(  0.206951 -0.930470  0.302319)
     H   19  Q=         1.0000 1e-30 m^2  Cq=         0.8395 MHz  eta= 0.69848

     C   20    Vxx=   -0.0755    axis=( -0.262746 -0.108105  0.958790)
     C   20    Vyy=   -0.6997    axis=( -0.945943 -0.166968 -0.278052)
     C   20    Vzz=    0.7752    axis=(  0.190146 -0.980018 -0.058391)
     C   20  Q=         1.0000 1e-30 m^2  Cq=         1.8215 MHz  eta= 0.80524

     H   21    Vxx=   -0.0028    axis=( -0.501256  0.118707  0.857118)
     H   21    Vyy=   -0.4794    axis=( -0.337399 -0.938955 -0.067275)
     H   21    Vzz=    0.4822    axis=(  0.796809 -0.322913  0.510709)
     H   21  Q=         1.0000 1e-30 m^2  Cq=         1.1331 MHz  eta= 0.98839

     C   22    Vxx=    0.0129    axis=( -0.426422 -0.710982 -0.559169)
     C   22    Vyy=    0.1289    axis=( -0.900362  0.274398  0.337719)
     C   22    Vzz=   -0.1417    axis=(  0.086677 -0.647465  0.757150)
     C   22  Q=         1.0000 1e-30 m^2  Cq=        -0.3330 MHz  eta= 0.81865

     C   23    Vxx=   -0.1324    axis=(  0.524437 -0.465614 -0.712860)
     C   23    Vyy=   -0.6017    axis=( -0.848596 -0.354311 -0.392873)
     C   23    Vzz=    0.7341    axis=( -0.069647  0.810967 -0.580932)
     C   23  Q=         1.0000 1e-30 m^2  Cq=         1.7247 MHz  eta= 0.63935

     Cl  24    Vxx=    0.5657    axis=(  0.630960  0.432120  0.644330)
     Cl  24    Vyy=    2.5100    axis=( -0.488549 -0.423855  0.762670)
     Cl  24    Vzz=   -3.0757    axis=( -0.602668  0.796002  0.056324)
     Cl  24  Q=        -8.1650 1e-30 m^2  Cq=        59.0059 MHz  eta= 0.63215

     Initialization:
     gipaw_setup  :      9.08s CPU     10.72s WALL (       1 calls)

     Linear response

     Apply operators

     Induced current

     Other routines
     efg          :      9.46s CPU     12.00s WALL (       1 calls)

     General routines
     calbec       :      3.26s CPU      4.40s WALL (      16 calls)
     fft          :      1.33s CPU      1.53s WALL (      15 calls)
     ffts         :      0.11s CPU      0.14s WALL (       2 calls)
     fftw         :      3.34s CPU      4.06s WALL (     672 calls)
     davcio       :      0.02s CPU      0.33s WALL (      32 calls)

     Parallel routines
     fft_scatter  :      2.00s CPU      2.90s WALL (     689 calls)

     Plugins

     GIPAW        :     62.16s CPU     74.43s WALL (       1 calls)
