
     Program QE v.6.0 (svn rev. 13079) starts on 23Dec2016 at  4: 7:23 

     This program is part of the open-source Quantum ESPRESSO suite
     for quantum simulation of materials; please cite
         "P. Giannozzi et al., J. Phys.:Condens. Matter 21 395502 (2009);
          URL http://www.quantum-espresso.org", 
     in publications or presentations arising from this work. More details at
     http://www.quantum-espresso.org/quote

     Parallel version (MPI), running on     8 processors
     R & G space division:  proc/nbgrp/npool/nimage =       8

     ***** This is GIPAW svn revision unknown      *****

     Parallelizing q-star over 1 images

     Reading data from directory:
     /users/majewski/paradichlorobenzene/pbe/9_constraint/scratch/pbe.ecut100.np8.dt60.pcl2phi-129368.save
     Message from routine read_xml_file:
     file /users/majewski/paradichlorobenzene/pbe/9_constraint/scratch/pbe.ecut100.np8.dt60.pcl2phi-129368.save not guaranteed to be safe for post-processing

   Info: using nr1, nr2, nr3 values from input

   Info: using nr1, nr2, nr3 values from input

     IMPORTANT: XC functional enforced from input :
     Exchange-correlation      =  SLA  PW   PBX  PBC ( 1  4  3  4 0 0)
     Any further DFT definition will be discarded
     Please, verify this is what you really want

               file C.pbe-n-kjpaw_psl.1.0.0.UPF: wavefunction(s)  2S 2P renormalized
               file Cl.pbe-n-kjpaw_psl.1.0.0.UPF: wavefunction(s)  3S 3P renormalized
               file H.pbe-kjpaw_psl.1.0.0.UPF: wavefunction(s)  1S renormalized

     Parallelization info
     --------------------
     sticks:   dense  smooth     PW     G-vecs:    dense   smooth      PW
     Min        3057    1223    332               144436    36536    5170
     Max        3059    1225    333               144437    36537    5171
     Sum       24467    9791   2657              1155489   292295   41363


     Subspace diagonalization in iterative solution of the eigenvalue problem:
     a serial algorithm will be used

     GIPAW projectors -----------------------------------------------
     atom=  C    l=0  rc=    1.2000  rs=    0.8000
     atom=  C    l=0  rc=    1.2000  rs=    0.8000
     atom=  C    l=1  rc=    1.4000  rs=    0.9333
     atom=  C    l=1  rc=    1.4000  rs=    0.9333
     projs nearly linearly dependent: l=1  n1,n2= 1, 2  s=  0.99951561

     atom=  Cl   l=0  rc=    1.6000  rs=    1.0667
     atom=  Cl   l=0  rc=    1.6000  rs=    1.0667
     atom=  Cl   l=1  rc=    1.6000  rs=    1.0667
     atom=  Cl   l=1  rc=    1.6000  rs=    1.0667
     atom=  Cl   l=2  rc=    1.6000  rs=    1.0667
     atom=  Cl   l=2  rc=    1.6000  rs=    1.0667
     projs nearly linearly dependent: l=2  n1,n2= 1, 2  s=  0.99993509

     atom=  H    l=0  rc=    1.0000  rs=    0.6667
     atom=  H    l=0  rc=    1.0000  rs=    0.6667
     projs nearly linearly dependent: l=0  n1,n2= 1, 2  s=  0.99968852
     -----------------------------------------------------------------

     GIPAW integrals: -------------------------------------------
     Atom  i/j   nmr_para   nmr_dia   epr_rmc  epr_para   epr_dia
       C   1 1   0.83E+03  0.17E-01  0.93E+01  0.24E+08  0.24E+03
       C   2 1   0.86E+03 -0.61E-01  0.94E+01  0.25E+08  0.25E+03
       C   2 2   0.90E+03 -0.15E+00  0.97E+01  0.26E+08  0.26E+03
       C   3 3   0.33E+01  0.34E+00  0.18E+01  0.55E+03  0.21E+02
       C   4 3   0.35E+01  0.37E+00  0.20E+01  0.59E+03  0.22E+02
       C   4 4   0.38E+01  0.39E+00  0.22E+01  0.63E+03  0.24E+02
       Cl  1 1   0.14E+04 -0.47E+00  0.84E+01  0.32E+09  0.42E+03
       Cl  2 1   0.21E+04 -0.37E+00  0.12E+02  0.49E+09  0.65E+03
       Cl  2 2   0.33E+04 -0.16E+00  0.21E+02  0.76E+09  0.10E+04
       Cl  3 3   0.21E+02  0.79E-01  0.89E+01  0.23E+05  0.13E+03
       Cl  4 3   0.24E+02  0.67E-01  0.99E+01  0.27E+05  0.15E+03
       Cl  4 4   0.28E+02  0.44E-01  0.11E+02  0.32E+05  0.18E+03
       Cl  5 5   0.77E+00  0.19E+00  0.18E+01  0.12E+03  0.22E+02
       Cl  6 5   0.80E+00  0.19E+00  0.19E+01  0.12E+03  0.23E+02
       Cl  6 6   0.83E+00  0.20E+00  0.19E+01  0.12E+03  0.23E+02
       H   1 1   0.39E+02  0.19E+00  0.29E+00  0.78E+05  0.13E+02
       H   2 1   0.41E+02  0.21E+00  0.32E+00  0.82E+05  0.14E+02
       H   2 2   0.43E+02  0.22E+00  0.36E+00  0.86E+05  0.15E+02
     ------------------------------------------------------------

     alpha_pv=     34.0415 eV

     Number of occupied bands for each k-point:
     k-point:     1    nbnd_occ=  42
     k-point:     2    nbnd_occ=  42
     k-point:     3    nbnd_occ=  42
     k-point:     4    nbnd_occ=  42
     k-point:     5    nbnd_occ=  42
     k-point:     6    nbnd_occ=  42
     k-point:     7    nbnd_occ=  42
     k-point:     8    nbnd_occ=  42
     k-point:     9    nbnd_occ=  42
     k-point:    10    nbnd_occ=  42
     k-point:    11    nbnd_occ=  42
     k-point:    12    nbnd_occ=  42
     k-point:    13    nbnd_occ=  42
     k-point:    14    nbnd_occ=  42
     k-point:    15    nbnd_occ=  42
     k-point:    16    nbnd_occ=  42


     q-space interpolation up to   110.00 Rydberg

     GIPAW job: efg                                                                             


     ELECTRIC FIELD GRADIENTS TENSORS IN Hartree/bohrradius^2:

     ----- bare term -----
     Cl   1        0.057664        0.037754        0.121515
     Cl   1        0.037754        0.011578        0.245700
     Cl   1        0.121515        0.245700       -0.069242

     C    2       -0.243126        0.112971       -0.293680
     C    2        0.112971       -0.060346       -0.609793
     C    2       -0.293680       -0.609793        0.303472

     C    3       -0.125332        0.178443        0.071183
     C    3        0.178443       -0.143475       -0.173120
     C    3        0.071183       -0.173120        0.268808

     H    4       -0.166362       -0.431384        0.046721
     H    4       -0.431384       -0.143065        0.199732
     H    4        0.046721        0.199732        0.309428

     C    5       -0.462124       -0.059383       -0.262803
     C    5       -0.059383       -0.036517       -0.298123
     C    5       -0.262803       -0.298123        0.498641

     H    6        0.494052       -0.177092        0.017484
     H    6       -0.177092       -0.670507        0.137405
     H    6        0.017484        0.137405        0.176455

     H    7        0.351498       -0.021187       -0.151283
     H    7       -0.021187       -0.531487        0.479468
     H    7       -0.151283        0.479468        0.179988

     C    8       -0.759180       -0.279532       -0.369223
     C    8       -0.279532        0.221838        0.080818
     C    8       -0.369223        0.080818        0.537341

     H    9       -0.170253        0.164719       -0.485330
     H    9        0.164719        0.325971       -0.029202
     H    9       -0.485330       -0.029202       -0.155717

     C   10       -0.031559       -0.375886       -0.116741
     C   10       -0.375886       -0.344210        0.517314
     C   10       -0.116741        0.517314        0.375769

     C   11       -0.386594       -0.112664       -0.371939
     C   11       -0.112664       -0.013984        0.362906
     C   11       -0.371939        0.362906        0.400578

     Cl  12       -0.021523       -0.112652       -0.059978
     Cl  12       -0.112652        0.111135        0.060623
     Cl  12       -0.059978        0.060623       -0.089612

     H   13        0.374065       -0.084885       -0.046509
     H   13       -0.084885       -0.561444       -0.443026
     H   13       -0.046509       -0.443026        0.187379

     C   14       -0.383972        0.225065       -0.370454
     C   14        0.225065       -0.040966       -0.397241
     C   14       -0.370454       -0.397241        0.424938

     H   15       -0.320416       -0.510676        0.031669
     H   15       -0.510676        0.049870        0.161855
     H   15        0.031669        0.161855        0.270546

     C   16       -0.358578        0.344894       -0.267303
     C   16        0.344894       -0.069107       -0.490355
     C   16       -0.267303       -0.490355        0.427685

     C   17       -0.011387        0.285090       -0.176559
     C   17        0.285090       -0.250897       -0.520481
     C   17       -0.176559       -0.520481        0.262285

     Cl  18        0.035273        0.153973       -0.068494
     Cl  18        0.153973        0.074486       -0.058346
     Cl  18       -0.068494       -0.058346       -0.109759

     H   19        0.393206        0.160919       -0.182845
     H   19        0.160919       -0.262911        0.599411
     H   19       -0.182845        0.599411       -0.130295

     C   20       -0.186536       -0.078739       -0.331252
     C   20       -0.078739       -0.286489        0.332317
     C   20       -0.331252        0.332317        0.473025

     H   21        0.023782        0.154858       -0.431878
     H   21        0.154858        0.410366        0.345452
     H   21       -0.431878        0.345452       -0.434148

     C   22       -0.546315       -0.302708       -0.355227
     C   22       -0.302708       -0.042125        0.159789
     C   22       -0.355227        0.159789        0.588440

     C   23       -0.042632       -0.089307       -0.211692
     C   23       -0.089307       -0.523074        0.363369
     C   23       -0.211692        0.363369        0.565706

     Cl  24       -0.116209       -0.054097       -0.058588
     Cl  24       -0.054097       -0.080066        0.042174
     Cl  24       -0.058588        0.042174        0.196274

     ----- ionic term -----
     Cl   1        0.195225       -0.195572       -0.034359
     Cl   1       -0.195572       -0.040326        0.027553
     Cl   1       -0.034359        0.027553       -0.154898

     C    2        0.335962       -0.104564        0.108935
     C    2       -0.104564        0.140030        0.367000
     C    2        0.108935        0.367000       -0.475992

     C    3        0.214373       -0.122599        0.078172
     C    3       -0.122599        0.249820        0.358957
     C    3        0.078172        0.358957       -0.464193

     H    4        0.580178        0.577117        0.431714
     H    4        0.577117       -0.152681        0.289860
     H    4        0.431714        0.289860       -0.427497

     C    5        0.389805       -0.033543        0.121863
     C    5       -0.033543        0.091983        0.285348
     C    5        0.121863        0.285348       -0.481788

     H    6       -0.505294        0.147273        0.063304
     H    6        0.147273        0.775699        0.624178
     H    6        0.063304        0.624178       -0.270404

     H    7       -0.513352       -0.046942        0.050452
     H    7       -0.046942        0.700817       -0.674466
     H    7        0.050452       -0.674466       -0.187464

     C    8        0.255664        0.203290        0.366272
     C    8        0.203290        0.020335       -0.278670
     C    8        0.366272       -0.278670       -0.275999

     H    9        0.334261       -0.206569        0.772841
     H    9       -0.206569       -0.456831       -0.244305
     H    9        0.772841       -0.244305        0.122570

     C   10        0.064103        0.267157        0.244853
     C   10        0.267157        0.166168       -0.398101
     C   10        0.244853       -0.398101       -0.230271

     C   11        0.083405        0.216110        0.304832
     C   11        0.216110        0.172963       -0.419835
     C   11        0.304832       -0.419835       -0.256369

     Cl  12        0.125189        0.230915        0.040126
     Cl  12        0.230915        0.038874        0.021663
     Cl  12        0.040126        0.021663       -0.164063

     H   13       -0.504318        0.109045        0.050471
     H   13        0.109045        0.772403        0.629772
     H   13        0.050471        0.629772       -0.268085

     C   14        0.423226       -0.097023        0.128800
     C   14       -0.097023        0.043343        0.307127
     C   14        0.128800        0.307127       -0.466569

     H   15        0.727565        0.542643        0.346897
     H   15        0.542643       -0.252858        0.212761
     H   15        0.346897        0.212761       -0.474707

     C   16        0.258271       -0.167316        0.035114
     C   16       -0.167316        0.216639        0.388803
     C   16        0.035114        0.388803       -0.474910

     C   17        0.273746       -0.058452        0.098989
     C   17       -0.058452        0.192268        0.384960
     C   17        0.098989        0.384960       -0.466014

     Cl  18        0.162806       -0.186146       -0.014946
     Cl  18       -0.186146       -0.030628        0.006699
     Cl  18       -0.014946        0.006699       -0.132178

     H   19       -0.479562       -0.207501        0.134312
     H   19       -0.207501        0.637682       -0.676945
     H   19        0.134312       -0.676945       -0.158120

     C   20        0.236615        0.148788        0.324815
     C   20        0.148788        0.048844       -0.296840
     C   20        0.324815       -0.296840       -0.285459

     H   21        0.464399       -0.316498        0.726035
     H   21       -0.316498       -0.413917       -0.289846
     H   21        0.726035       -0.289846       -0.050482

     C   22        0.091283        0.227545        0.218613
     C   22        0.227545        0.216637       -0.397110
     C   22        0.218613       -0.397110       -0.307921

     C   23        0.108488        0.187424        0.353201
     C   23        0.187424        0.154337       -0.390001
     C   23        0.353201       -0.390001       -0.262825

     Cl  24        0.103493        0.212439        0.025958
     Cl  24        0.212439        0.040256        0.017022
     Cl  24        0.025958        0.017022       -0.143749

     ----- GIPAW term -----
     Cl   1       -0.189325       -0.118421       -0.888541
     Cl   1       -0.118421       -0.116084       -1.231685
     Cl   1       -0.888541       -1.231685        0.305409

     C    2       -0.057127        0.000966       -0.139439
     C    2        0.000966       -0.019785       -0.225044
     C    2       -0.139439       -0.225044        0.076912

     C    3       -0.057001        0.014739       -0.000256
     C    3        0.014739       -0.002176       -0.071073
     C    3       -0.000256       -0.071073        0.059177

     H    4       -0.000000        0.000000        0.000000
     H    4        0.000000        0.000000        0.000000
     H    4        0.000000        0.000000        0.000000

     C    5       -0.145900       -0.034020        0.019201
     C    5       -0.034020       -0.064470       -0.147896
     C    5        0.019201       -0.147896        0.210371

     H    6       -0.000000        0.000000        0.000000
     H    6        0.000000        0.000000        0.000000
     H    6        0.000000        0.000000        0.000000

     H    7       -0.000000        0.000000        0.000000
     H    7        0.000000        0.000000        0.000000
     H    7        0.000000        0.000000        0.000000

     C    8       -0.162764       -0.109433        0.059553
     C    8       -0.109433        0.031450       -0.139322
     C    8        0.059553       -0.139322        0.131313

     H    9       -0.000000        0.000000        0.000000
     H    9        0.000000        0.000000        0.000000
     H    9        0.000000        0.000000        0.000000

     C   10       -0.035585       -0.099344        0.012972
     C   10       -0.099344        0.002267        0.009146
     C   10        0.012972        0.009146        0.033318

     C   11       -0.029926        0.112974       -0.074388
     C   11        0.112974        0.005455       -0.000676
     C   11       -0.074388       -0.000676        0.024471

     Cl  12        1.012364        1.025623       -0.457553
     Cl  12        1.025623        1.217328        0.596201
     Cl  12       -0.457553        0.596201       -2.229692

     H   13       -0.000000        0.000000        0.000000
     H   13        0.000000        0.000000        0.000000
     H   13        0.000000        0.000000        0.000000

     C   14       -0.043313        0.038493       -0.062668
     C   14        0.038493       -0.025323       -0.083659
     C   14       -0.062668       -0.083659        0.068637

     H   15       -0.000000        0.000000        0.000000
     H   15        0.000000        0.000000        0.000000
     H   15        0.000000        0.000000        0.000000

     C   16       -0.132133        0.094449       -0.098436
     C   16        0.094449        0.065901       -0.165677
     C   16       -0.098436       -0.165677        0.066232

     C   17        0.128993        0.009648        0.004911
     C   17        0.009648       -0.035047       -0.054229
     C   17        0.004911       -0.054229       -0.093947

     Cl  18        1.954955        0.098916       -0.858659
     Cl  18        0.098916        0.518884       -0.666609
     Cl  18       -0.858659       -0.666609       -2.473840

     H   19       -0.000000        0.000000        0.000000
     H   19        0.000000        0.000000        0.000000
     H   19        0.000000        0.000000        0.000000

     C   20       -0.076952        0.033829       -0.113058
     C   20        0.033829       -0.134692       -0.043971
     C   20       -0.113058       -0.043971        0.211644

     H   21       -0.000000        0.000000        0.000000
     H   21        0.000000        0.000000        0.000000
     H   21        0.000000        0.000000        0.000000

     C   22       -0.217888       -0.016752       -0.114254
     C   22       -0.016752       -0.062566       -0.074806
     C   22       -0.114254       -0.074806        0.280454

     C   23       -0.074377        0.077314       -0.006518
     C   23        0.077314       -0.184303       -0.048805
     C   23       -0.006518       -0.048805        0.258679

     Cl  24       -0.665056        1.418641       -0.546305
     Cl  24        1.418641       -1.263103        1.022827
     Cl  24       -0.546305        1.022827        1.928159

     ----- total EFG -----
     Cl   1        0.063564       -0.276239       -0.801385
     Cl   1       -0.276239       -0.144832       -0.958432
     Cl   1       -0.801385       -0.958432        0.081269

     C    2        0.035709        0.009373       -0.324185
     C    2        0.009373        0.059899       -0.467837
     C    2       -0.324185       -0.467837       -0.095608

     C    3        0.032040        0.070584        0.149099
     C    3        0.070584        0.104169        0.114765
     C    3        0.149099        0.114765       -0.136209

     H    4        0.413816        0.145733        0.478435
     H    4        0.145733       -0.295747        0.489593
     H    4        0.478435        0.489593       -0.118069

     C    5       -0.218219       -0.126946       -0.121739
     C    5       -0.126946       -0.009005       -0.160671
     C    5       -0.121739       -0.160671        0.227224

     H    6       -0.011242       -0.029819        0.080787
     H    6       -0.029819        0.105191        0.761582
     H    6        0.080787        0.761582       -0.093949

     H    7       -0.161854       -0.068129       -0.100831
     H    7       -0.068129        0.169330       -0.194998
     H    7       -0.100831       -0.194998       -0.007476

     C    8       -0.666279       -0.185674        0.056602
     C    8       -0.185674        0.273624       -0.337174
     C    8        0.056602       -0.337174        0.392656

     H    9        0.164007       -0.041850        0.287511
     H    9       -0.041850       -0.130861       -0.273507
     H    9        0.287511       -0.273507       -0.033147

     C   10       -0.003041       -0.208072        0.141083
     C   10       -0.208072       -0.175775        0.128359
     C   10        0.141083        0.128359        0.178816

     C   11       -0.333114        0.216421       -0.141495
     C   11        0.216421        0.164435       -0.057605
     C   11       -0.141495       -0.057605        0.168680

     Cl  12        1.116030        1.143886       -0.477404
     Cl  12        1.143886        1.367337        0.678487
     Cl  12       -0.477404        0.678487       -2.483366

     H   13       -0.130254        0.024160        0.003962
     H   13        0.024160        0.210960        0.186746
     H   13        0.003962        0.186746       -0.080706

     C   14       -0.004060        0.166535       -0.304322
     C   14        0.166535       -0.022946       -0.173773
     C   14       -0.304322       -0.173773        0.027006

     H   15        0.407150        0.031967        0.378566
     H   15        0.031967       -0.202988        0.374616
     H   15        0.378566        0.374616       -0.204161

     C   16       -0.232440        0.272026       -0.330624
     C   16        0.272026        0.213434       -0.267229
     C   16       -0.330624       -0.267229        0.019007

     C   17        0.391352        0.236286       -0.072658
     C   17        0.236286       -0.093675       -0.189750
     C   17       -0.072658       -0.189750       -0.297676

     Cl  18        2.153034        0.066743       -0.942100
     Cl  18        0.066743        0.562743       -0.718256
     Cl  18       -0.942100       -0.718256       -2.715776

     H   19       -0.086356       -0.046582       -0.048532
     H   19       -0.046582        0.374771       -0.077534
     H   19       -0.048532       -0.077534       -0.288415

     C   20       -0.026873        0.103879       -0.119494
     C   20        0.103879       -0.372337       -0.008495
     C   20       -0.119494       -0.008495        0.399210

     H   21        0.488181       -0.161640        0.294157
     H   21       -0.161640       -0.003551        0.055606
     H   21        0.294157        0.055606       -0.484630

     C   22       -0.672921       -0.091915       -0.250868
     C   22       -0.091915        0.111946       -0.312127
     C   22       -0.250868       -0.312127        0.560974

     C   23       -0.008521        0.175430        0.134991
     C   23        0.175430       -0.553039       -0.075437
     C   23        0.134991       -0.075437        0.561560

     Cl  24       -0.677772        1.576983       -0.578935
     Cl  24        1.576983       -1.302913        1.082023
     Cl  24       -0.578935        1.082023        1.980684

     ----- total EFG (symmetrized) -----
     Cl   1        0.063564       -0.276239       -0.801385
     Cl   1       -0.276239       -0.144832       -0.958432
     Cl   1       -0.801385       -0.958432        0.081269

     C    2        0.035709        0.009373       -0.324185
     C    2        0.009373        0.059899       -0.467837
     C    2       -0.324185       -0.467837       -0.095608

     C    3        0.032040        0.070584        0.149099
     C    3        0.070584        0.104169        0.114765
     C    3        0.149099        0.114765       -0.136209

     H    4        0.413816        0.145733        0.478435
     H    4        0.145733       -0.295747        0.489593
     H    4        0.478435        0.489593       -0.118069

     C    5       -0.218219       -0.126946       -0.121739
     C    5       -0.126946       -0.009005       -0.160671
     C    5       -0.121739       -0.160671        0.227224

     H    6       -0.011242       -0.029819        0.080787
     H    6       -0.029819        0.105191        0.761582
     H    6        0.080787        0.761582       -0.093949

     H    7       -0.161854       -0.068129       -0.100831
     H    7       -0.068129        0.169330       -0.194998
     H    7       -0.100831       -0.194998       -0.007476

     C    8       -0.666279       -0.185674        0.056602
     C    8       -0.185674        0.273624       -0.337174
     C    8        0.056602       -0.337174        0.392656

     H    9        0.164007       -0.041850        0.287511
     H    9       -0.041850       -0.130861       -0.273507
     H    9        0.287511       -0.273507       -0.033147

     C   10       -0.003041       -0.208072        0.141083
     C   10       -0.208072       -0.175775        0.128359
     C   10        0.141083        0.128359        0.178816

     C   11       -0.333114        0.216421       -0.141495
     C   11        0.216421        0.164435       -0.057605
     C   11       -0.141495       -0.057605        0.168680

     Cl  12        1.116030        1.143886       -0.477404
     Cl  12        1.143886        1.367337        0.678487
     Cl  12       -0.477404        0.678487       -2.483366

     H   13       -0.130254        0.024160        0.003962
     H   13        0.024160        0.210960        0.186746
     H   13        0.003962        0.186746       -0.080706

     C   14       -0.004060        0.166535       -0.304322
     C   14        0.166535       -0.022946       -0.173773
     C   14       -0.304322       -0.173773        0.027006

     H   15        0.407150        0.031967        0.378566
     H   15        0.031967       -0.202988        0.374616
     H   15        0.378566        0.374616       -0.204161

     C   16       -0.232440        0.272026       -0.330624
     C   16        0.272026        0.213434       -0.267229
     C   16       -0.330624       -0.267229        0.019007

     C   17        0.391352        0.236286       -0.072658
     C   17        0.236286       -0.093675       -0.189750
     C   17       -0.072658       -0.189750       -0.297676

     Cl  18        2.153034        0.066743       -0.942100
     Cl  18        0.066743        0.562743       -0.718256
     Cl  18       -0.942100       -0.718256       -2.715776

     H   19       -0.086356       -0.046582       -0.048532
     H   19       -0.046582        0.374771       -0.077534
     H   19       -0.048532       -0.077534       -0.288415

     C   20       -0.026873        0.103879       -0.119494
     C   20        0.103879       -0.372337       -0.008495
     C   20       -0.119494       -0.008495        0.399210

     H   21        0.488181       -0.161640        0.294157
     H   21       -0.161640       -0.003551        0.055606
     H   21        0.294157        0.055606       -0.484630

     C   22       -0.672921       -0.091915       -0.250868
     C   22       -0.091915        0.111946       -0.312127
     C   22       -0.250868       -0.312127        0.560974

     C   23       -0.008521        0.175430        0.134991
     C   23        0.175430       -0.553039       -0.075437
     C   23        0.134991       -0.075437        0.561560

     Cl  24       -0.677772        1.576983       -0.578935
     Cl  24        1.576983       -1.302913        1.082023
     Cl  24       -0.578935        1.082023        1.980684


     NQR/NMR SPECTROSCOPIC PARAMETERS:
     Cl   1    Vxx=    0.2494    axis=( -0.762395  0.645493 -0.045747)
     Cl   1    Vyy=    1.1427    axis=( -0.444827 -0.471418  0.761507)
     Cl   1    Vzz=   -1.3921    axis=( -0.469982 -0.600919 -0.646540)
     Cl   1  Q=        -8.1650 1e-30 m^2  Cq=        26.7063 MHz  eta= 0.64175

     C    2    Vxx=    0.0348    axis=(  0.823685 -0.566876 -0.013965)
     C    2    Vyy=    0.5572    axis=( -0.419748 -0.626094  0.657129)
     C    2    Vzz=   -0.5920    axis=( -0.381254 -0.535405 -0.753649)
     C    2  Q=         1.0000 1e-30 m^2  Cq=        -1.3909 MHz  eta= 0.88258

     C    3    Vxx=    0.0018    axis=(  0.700786 -0.689236  0.183993)
     C    3    Vyy=    0.2349    axis=(  0.567014  0.694677  0.442627)
     C    3    Vzz=   -0.2367    axis=( -0.432890 -0.205860  0.877626)
     C    3  Q=         1.0000 1e-30 m^2  Cq=        -0.5561 MHz  eta= 0.98508

     H    4    Vxx=   -0.0869    axis=(  0.621582 -0.636521 -0.456593)
     H    4    Vyy=   -0.7443    axis=(  0.199414  0.692245 -0.693564)
     H    4    Vzz=    0.8312    axis=(  0.757542  0.340056  0.557218)
     H    4  Q=         1.0000 1e-30 m^2  Cq=         1.9529 MHz  eta= 0.79098

     C    5    Vxx=    0.0228    axis=(  0.555159 -0.781805 -0.283866)
     C    5    Vyy=    0.3142    axis=(  0.110153  0.407393 -0.906585)
     C    5    Vzz=   -0.3370    axis=(  0.824418  0.472030  0.312286)
     C    5  Q=         1.0000 1e-30 m^2  Cq=        -0.7919 MHz  eta= 0.86469

     H    6    Vxx=   -0.0039    axis=(  0.993656 -0.099129  0.053112)
     H    6    Vyy=   -0.7710    axis=( -0.105309 -0.654431  0.748753)
     H    6    Vzz=    0.7749    axis=( -0.039465 -0.749596 -0.660718)
     H    6  Q=         1.0000 1e-30 m^2  Cq=         1.8207 MHz  eta= 0.98981

     H    7    Vxx=   -0.0250    axis=(  0.664390 -0.400330 -0.631128)
     H    7    Vyy=   -0.2700    axis=(  0.747360  0.362905  0.556554)
     H    7    Vzz=    0.2950    axis=( -0.006234  0.841449 -0.540301)
     H    7  Q=         1.0000 1e-30 m^2  Cq=         0.6932 MHz  eta= 0.83040

     C    8    Vxx=    0.0065    axis=( -0.146911  0.734334  0.662700)
     C    8    Vyy=    0.6952    axis=(  0.120021 -0.651785  0.748847)
     C    8    Vzz=   -0.7017    axis=( -0.981841 -0.189552 -0.007619)
     C    8  Q=         1.0000 1e-30 m^2  Cq=        -1.6487 MHz  eta= 0.98151

     H    9    Vxx=   -0.0326    axis=(  0.647001  0.680757 -0.343452)
     H    9    Vyy=   -0.4091    axis=( -0.305003  0.643893  0.701694)
     H    9    Vzz=    0.4417    axis=(  0.698829 -0.349243  0.624233)
     H    9  Q=         1.0000 1e-30 m^2  Cq=         1.0379 MHz  eta= 0.85219

     C   10    Vxx=    0.1204    axis=(  0.706740 -0.633228 -0.315501)
     C   10    Vyy=    0.2564    axis=( -0.445047 -0.051266 -0.894038)
     C   10    Vzz=   -0.3768    axis=(  0.549956  0.772266 -0.318048)
     C   10  Q=         1.0000 1e-30 m^2  Cq=        -0.8854 MHz  eta= 0.36092

     C   11    Vxx=    0.1122    axis=(  0.056365  0.625010  0.778579)
     C   11    Vyy=    0.3233    axis=( -0.364225 -0.713205  0.598898)
     C   11    Vzz=   -0.4355    axis=( -0.929604  0.317335 -0.187444)
     C   11  Q=         1.0000 1e-30 m^2  Cq=        -1.0233 MHz  eta= 0.48479

     Cl  12    Vxx=    0.3224    axis=( -0.732275  0.622914  0.275229)
     Cl  12    Vyy=    2.4000    axis=(  0.656202  0.753495  0.040538)
     Cl  12    Vzz=   -2.7224    axis=(  0.182132 -0.210291  0.960524)
     Cl  12  Q=        -8.1650 1e-30 m^2  Cq=        52.2285 MHz  eta= 0.76315

     H   13    Vxx=   -0.1303    axis=( -0.984523 -0.025203  0.173434)
     H   13    Vyy=   -0.1730    axis=(  0.166722 -0.439718  0.882526)
     H   13    Vzz=    0.3033    axis=( -0.054020 -0.897782 -0.437115)
     H   13  Q=         1.0000 1e-30 m^2  Cq=         0.7127 MHz  eta= 0.14067

     C   14    Vxx=   -0.1478    axis=(  0.312681 -0.887657 -0.338075)
     C   14    Vyy=   -0.2933    axis=(  0.726472 -0.005814  0.687171)
     C   14    Vzz=    0.4410    axis=(  0.611938  0.460468 -0.643041)
     C   14  Q=         1.0000 1e-30 m^2  Cq=         1.0363 MHz  eta= 0.32981

     H   15    Vxx=    0.0046    axis=(  0.486990 -0.745637 -0.454826)
     H   15    Vyy=    0.6372    axis=( -0.836821 -0.249192 -0.487477)
     H   15    Vzz=   -0.6418    axis=(  0.250142  0.618004 -0.745318)
     H   15  Q=         1.0000 1e-30 m^2  Cq=        -1.5081 MHz  eta= 0.98553

     C   16    Vxx=   -0.1363    axis=(  0.262192 -0.706391 -0.657470)
     C   16    Vyy=   -0.4711    axis=(  0.855162 -0.145622  0.497486)
     C   16    Vzz=    0.6074    axis=(  0.447162  0.692680 -0.565898)
     C   16  Q=         1.0000 1e-30 m^2  Cq=         1.4271 MHz  eta= 0.55131

     C   17    Vxx=   -0.0959    axis=( -0.432659  0.729257 -0.530086)
     C   17    Vyy=   -0.4162    axis=( -0.086740  0.551568  0.829608)
     C   17    Vzz=    0.5122    axis=(  0.897375  0.404917 -0.175385)
     C   17  Q=         1.0000 1e-30 m^2  Cq=         1.2034 MHz  eta= 0.62538

     Cl  18    Vxx=    0.6742    axis=(  0.149180 -0.974928  0.165108)
     Cl  18    Vyy=    2.3519    axis=(  0.973500  0.115539 -0.197351)
     Cl  18    Vzz=   -3.0261    axis=(  0.173327  0.190173  0.966329)
     Cl  18  Q=        -8.1650 1e-30 m^2  Cq=        58.0544 MHz  eta= 0.55443

     H   19    Vxx=   -0.0769    axis=(  0.968168  0.058048 -0.243477)
     H   19    Vyy=   -0.3103    axis=(  0.234914  0.125068  0.963936)
     H   19    Vzz=    0.3872    axis=(  0.086405 -0.990449  0.107451)
     H   19  Q=         1.0000 1e-30 m^2  Cq=         0.9099 MHz  eta= 0.60261

     C   20    Vxx=   -0.0300    axis=(  0.925030  0.274203  0.262932)
     C   20    Vyy=   -0.4019    axis=(  0.275962 -0.960669  0.030976)
     C   20    Vzz=    0.4319    axis=( -0.261084 -0.043906  0.964317)
     C   20  Q=         1.0000 1e-30 m^2  Cq=         1.0149 MHz  eta= 0.86088

     H   21    Vxx=   -0.0199    axis=( -0.174563 -0.958548 -0.225196)
     H   21    Vyy=   -0.5834    axis=(  0.284616  0.169824 -0.943480)
     H   21    Vzz=    0.6033    axis=(  0.942614 -0.228791  0.243173)
     H   21  Q=         1.0000 1e-30 m^2  Cq=         1.4175 MHz  eta= 0.93395

     C   22    Vxx=    0.0052    axis=(  0.261010 -0.887217 -0.380420)
     C   22    Vyy=    0.7450    axis=(  0.131208  0.423029 -0.896566)
     C   22    Vzz=   -0.7501    axis=(  0.956378  0.184098  0.226824)
     C   22  Q=         1.0000 1e-30 m^2  Cq=        -1.7625 MHz  eta= 0.98626

     C   23    Vxx=    0.0222    axis=(  0.931854  0.309125 -0.189973)
     C   23    Vyy=    0.5930    axis=( -0.209895  0.032192 -0.977194)
     C   23    Vzz=   -0.6152    axis=( -0.295959  0.950477  0.094882)
     C   23  Q=         1.0000 1e-30 m^2  Cq=        -1.4455 MHz  eta= 0.92798

     Cl  24    Vxx=    0.5864    axis=(  0.796255  0.591224 -0.128189)
     Cl  24    Vyy=    2.3097    axis=(  0.044617 -0.268710 -0.962187)
     Cl  24    Vzz=   -2.8961    axis=( -0.603314  0.760427 -0.240341)
     Cl  24  Q=        -8.1650 1e-30 m^2  Cq=        55.5594 MHz  eta= 0.59507

     Initialization:
     gipaw_setup  :      9.13s CPU     11.10s WALL (       1 calls)

     Linear response

     Apply operators

     Induced current

     Other routines
     efg          :      9.24s CPU     11.66s WALL (       1 calls)

     General routines
     calbec       :      3.19s CPU      4.22s WALL (      16 calls)
     fft          :      1.72s CPU      2.96s WALL (      15 calls)
     ffts         :      0.02s CPU      0.05s WALL (       2 calls)
     fftw         :      3.22s CPU      3.95s WALL (     672 calls)
     davcio       :      0.04s CPU      0.31s WALL (      32 calls)

     Parallel routines
     fft_scatter  :      2.31s CPU      4.11s WALL (     689 calls)

     Plugins

     GIPAW        :     60.68s CPU     74.71s WALL (       1 calls)
