
     Program QE v.6.0 (svn rev. 13079) starts on 17Dec2016 at 15:41: 3 

     This program is part of the open-source Quantum ESPRESSO suite
     for quantum simulation of materials; please cite
         "P. Giannozzi et al., J. Phys.:Condens. Matter 21 395502 (2009);
          URL http://www.quantum-espresso.org", 
     in publications or presentations arising from this work. More details at
     http://www.quantum-espresso.org/quote

     Parallel version (MPI), running on     8 processors
     R & G space division:  proc/nbgrp/npool/nimage =       8

     ***** This is GIPAW svn revision unknown      *****

     Parallelizing q-star over 1 images

     Reading data from directory:
     /users/majewski/paradichlorobenzene/pbe/9_constraint/scratch/pbe.ecut100.np8.dt60.pcl2phi-129368.save
     Message from routine read_xml_file:
     file /users/majewski/paradichlorobenzene/pbe/9_constraint/scratch/pbe.ecut100.np8.dt60.pcl2phi-129368.save not guaranteed to be safe for post-processing

   Info: using nr1, nr2, nr3 values from input

   Info: using nr1, nr2, nr3 values from input

     IMPORTANT: XC functional enforced from input :
     Exchange-correlation      =  SLA  PW   PBX  PBC ( 1  4  3  4 0 0)
     Any further DFT definition will be discarded
     Please, verify this is what you really want

               file C.pbe-n-kjpaw_psl.1.0.0.UPF: wavefunction(s)  2S 2P renormalized
               file Cl.pbe-n-kjpaw_psl.1.0.0.UPF: wavefunction(s)  3S 3P renormalized
               file H.pbe-kjpaw_psl.1.0.0.UPF: wavefunction(s)  1S renormalized

     Parallelization info
     --------------------
     sticks:   dense  smooth     PW     G-vecs:    dense   smooth      PW
     Min        3057    1223    332               144436    36536    5170
     Max        3059    1225    333               144437    36537    5171
     Sum       24467    9791   2657              1155489   292295   41363


     Subspace diagonalization in iterative solution of the eigenvalue problem:
     a serial algorithm will be used

     GIPAW projectors -----------------------------------------------
     atom=  C    l=0  rc=    1.2000  rs=    0.8000
     atom=  C    l=0  rc=    1.2000  rs=    0.8000
     atom=  C    l=1  rc=    1.4000  rs=    0.9333
     atom=  C    l=1  rc=    1.4000  rs=    0.9333
     projs nearly linearly dependent: l=1  n1,n2= 1, 2  s=  0.99951561

     atom=  Cl   l=0  rc=    1.6000  rs=    1.0667
     atom=  Cl   l=0  rc=    1.6000  rs=    1.0667
     atom=  Cl   l=1  rc=    1.6000  rs=    1.0667
     atom=  Cl   l=1  rc=    1.6000  rs=    1.0667
     atom=  Cl   l=2  rc=    1.6000  rs=    1.0667
     atom=  Cl   l=2  rc=    1.6000  rs=    1.0667
     projs nearly linearly dependent: l=2  n1,n2= 1, 2  s=  0.99993509

     atom=  H    l=0  rc=    1.0000  rs=    0.6667
     atom=  H    l=0  rc=    1.0000  rs=    0.6667
     projs nearly linearly dependent: l=0  n1,n2= 1, 2  s=  0.99968852
     -----------------------------------------------------------------

     GIPAW integrals: -------------------------------------------
     Atom  i/j   nmr_para   nmr_dia   epr_rmc  epr_para   epr_dia
       C   1 1   0.83E+03  0.17E-01  0.93E+01  0.24E+08  0.24E+03
       C   2 1   0.86E+03 -0.61E-01  0.94E+01  0.25E+08  0.25E+03
       C   2 2   0.90E+03 -0.15E+00  0.97E+01  0.26E+08  0.26E+03
       C   3 3   0.33E+01  0.34E+00  0.18E+01  0.55E+03  0.21E+02
       C   4 3   0.35E+01  0.37E+00  0.20E+01  0.59E+03  0.22E+02
       C   4 4   0.38E+01  0.39E+00  0.22E+01  0.63E+03  0.24E+02
       Cl  1 1   0.14E+04 -0.47E+00  0.84E+01  0.32E+09  0.42E+03
       Cl  2 1   0.21E+04 -0.37E+00  0.12E+02  0.49E+09  0.65E+03
       Cl  2 2   0.33E+04 -0.16E+00  0.21E+02  0.76E+09  0.10E+04
       Cl  3 3   0.21E+02  0.79E-01  0.89E+01  0.23E+05  0.13E+03
       Cl  4 3   0.24E+02  0.67E-01  0.99E+01  0.27E+05  0.15E+03
       Cl  4 4   0.28E+02  0.44E-01  0.11E+02  0.32E+05  0.18E+03
       Cl  5 5   0.77E+00  0.19E+00  0.18E+01  0.12E+03  0.22E+02
       Cl  6 5   0.80E+00  0.19E+00  0.19E+01  0.12E+03  0.23E+02
       Cl  6 6   0.83E+00  0.20E+00  0.19E+01  0.12E+03  0.23E+02
       H   1 1   0.39E+02  0.19E+00  0.29E+00  0.78E+05  0.13E+02
       H   2 1   0.41E+02  0.21E+00  0.32E+00  0.82E+05  0.14E+02
       H   2 2   0.43E+02  0.22E+00  0.36E+00  0.86E+05  0.15E+02
     ------------------------------------------------------------

     alpha_pv=     34.1990 eV

     Number of occupied bands for each k-point:
     k-point:     1    nbnd_occ=  42
     k-point:     2    nbnd_occ=  42
     k-point:     3    nbnd_occ=  42
     k-point:     4    nbnd_occ=  42
     k-point:     5    nbnd_occ=  42
     k-point:     6    nbnd_occ=  42
     k-point:     7    nbnd_occ=  42
     k-point:     8    nbnd_occ=  42
     k-point:     9    nbnd_occ=  42
     k-point:    10    nbnd_occ=  42
     k-point:    11    nbnd_occ=  42
     k-point:    12    nbnd_occ=  42
     k-point:    13    nbnd_occ=  42
     k-point:    14    nbnd_occ=  42
     k-point:    15    nbnd_occ=  42
     k-point:    16    nbnd_occ=  42


     q-space interpolation up to   110.00 Rydberg

     GIPAW job: efg                                                                             


     ELECTRIC FIELD GRADIENTS TENSORS IN Hartree/bohrradius^2:

     ----- bare term -----
     Cl   1        0.009522        0.006637       -0.113585
     Cl   1        0.006637       -0.013140       -0.082078
     Cl   1       -0.113585       -0.082078        0.003618

     C    2       -0.350687        0.313104       -0.357088
     C    2        0.313104       -0.092931       -0.240388
     C    2       -0.357088       -0.240388        0.443618

     C    3       -0.074946        0.120645       -0.233260
     C    3        0.120645       -0.108096       -0.652109
     C    3       -0.233260       -0.652109        0.183042

     H    4       -0.063922       -0.128432       -0.469776
     H    4       -0.128432        0.395821        0.044903
     H    4       -0.469776        0.044903       -0.331899

     C    5       -0.637474        0.388097       -0.401890
     C    5        0.388097        0.404390       -0.241733
     C    5       -0.401890       -0.241733        0.233084

     H    6        0.221323       -0.073072        0.372602
     H    6       -0.073072        0.063925       -0.304055
     H    6        0.372602       -0.304055       -0.285248

     H    7        0.190002       -0.316856        0.026705
     H    7       -0.316856       -0.511570        0.380645
     H    7        0.026705        0.380645        0.321568

     C    8       -0.220004       -0.022746       -0.317341
     C    8       -0.022746        0.009937        0.509163
     C    8       -0.317341        0.509163        0.210067

     H    9       -0.044450        0.160688       -0.459135
     H    9        0.160688        0.433264        0.269902
     H    9       -0.459135        0.269902       -0.388815

     C   10       -0.712304       -0.376770       -0.323981
     C   10       -0.376770        0.307411        0.119724
     C   10       -0.323981        0.119724        0.404893

     C   11        0.047725       -0.231526       -0.091746
     C   11       -0.231526       -0.016720        0.603922
     C   11       -0.091746        0.603922       -0.031005

     Cl  12       -0.170678       -0.178122        0.012313
     Cl  12       -0.178122        0.116984       -0.107652
     Cl  12        0.012313       -0.107652        0.053694

     H   13        0.068873        0.269994        0.276355
     H   13        0.269994       -0.144180       -0.502419
     H   13        0.276355       -0.502419        0.075307

     C   14       -0.063810       -0.239643       -0.507461
     C   14       -0.239643       -0.170083       -0.376366
     C   14       -0.507461       -0.376366        0.233892

     H   15       -0.004006       -0.142550       -0.351339
     H   15       -0.142550       -0.046017       -0.529161
     H   15       -0.351339       -0.529161        0.050023

     C   16       -0.573926        0.346329       -0.388143
     C   16        0.346329        0.153676       -0.016765
     C   16       -0.388143       -0.016765        0.420251

     C   17        0.008871       -0.053304       -0.265775
     C   17       -0.053304       -0.022827       -0.572184
     C   17       -0.265775       -0.572184        0.013956

     Cl  18       -0.151901        0.265312       -0.010307
     Cl  18        0.265312       -0.104317       -0.051545
     Cl  18       -0.010307       -0.051545        0.256217

     H   19       -0.091698       -0.039754        0.144901
     H   19       -0.039754       -0.129379        0.521151
     H   19        0.144901        0.521151        0.221077

     C   20       -0.461431       -0.299118       -0.391201
     C   20       -0.299118        0.322356        0.177588
     C   20       -0.391201        0.177588        0.139075

     H   21        0.049970        0.116599       -0.371857
     H   21        0.116599        0.428017       -0.110085
     H   21       -0.371857       -0.110085       -0.477987

     C   22        0.003270       -0.337999       -0.142449
     C   22       -0.337999       -0.172255        0.291773
     C   22       -0.142449        0.291773        0.168985

     C   23       -0.220485       -0.231940       -0.408274
     C   23       -0.231940        0.015149        0.297761
     C   23       -0.408274        0.297761        0.205336

     Cl  24       -0.105788       -0.054898       -0.094833
     Cl  24       -0.054898       -0.060836        0.102395
     Cl  24       -0.094833        0.102395        0.166624

     ----- ionic term -----
     Cl   1        0.187829       -0.224218       -0.009445
     Cl   1       -0.224218       -0.050898        0.002533
     Cl   1       -0.009445        0.002533       -0.136931

     C    2        0.244112       -0.217340        0.195548
     C    2       -0.217340       -0.062776        0.438908
     C    2        0.195548        0.438908       -0.181335

     C    3        0.126243       -0.241035        0.139228
     C    3       -0.241035       -0.003592        0.433959
     C    3        0.139228        0.433959       -0.122651

     H    4        0.307092        0.304362        0.734639
     H    4        0.304362       -0.433159        0.330993
     H    4        0.734639        0.330993        0.126067

     C    5        0.262998       -0.189438        0.252430
     C    5       -0.189438       -0.124022        0.349833
     C    5        0.252430        0.349833       -0.138976

     H    6       -0.499966       -0.148093       -0.107917
     H    6       -0.148093        0.406373        0.781484
     H    6       -0.107917        0.781484        0.093593

     H    7       -0.501664        0.172676       -0.079355
     H    7        0.172676        0.614572       -0.707233
     H    7       -0.079355       -0.707233       -0.112908

     C    8        0.215857        0.302196        0.314881
     C    8        0.302196       -0.019269       -0.281902
     C    8        0.314881       -0.281902       -0.196588

     H    9        0.381145       -0.096978        0.777480
     H    9       -0.096978       -0.540657       -0.157457
     H    9        0.777480       -0.157457        0.159512

     C   10        0.121797        0.349816        0.216242
     C   10        0.349816        0.051588       -0.366427
     C   10        0.216242       -0.366427       -0.173385

     C   11        0.106649        0.228372        0.290757
     C   11        0.228372        0.084487       -0.418593
     C   11        0.290757       -0.418593       -0.191137

     Cl  12        0.098480        0.222026        0.042981
     Cl  12        0.222026        0.056373        0.024309
     Cl  12        0.042981        0.024309       -0.154853

     H   13       -0.498012       -0.116660       -0.050305
     H   13       -0.116660        0.650183        0.720196
     H   13       -0.050305        0.720196       -0.152171

     C   14        0.331447       -0.245664        0.228082
     C   14       -0.245664       -0.036380        0.312702
     C   14        0.228082        0.312702       -0.295068

     H   15        0.570810        0.367517        0.680376
     H   15        0.367517       -0.417181        0.296434
     H   15        0.680376        0.296434       -0.153629

     C   16        0.226561       -0.288648        0.141749
     C   16       -0.288648        0.027030        0.411241
     C   16        0.141749        0.411241       -0.253591

     C   17        0.243673       -0.225258        0.293350
     C   17       -0.225258       -0.073814        0.429876
     C   17        0.293350        0.429876       -0.169859

     Cl  18        0.200016       -0.210074        0.026448
     Cl  18       -0.210074       -0.049710       -0.008612
     Cl  18        0.026448       -0.008612       -0.150306

     H   19       -0.493597        0.105204        0.001025
     H   19        0.105204        0.861735       -0.547051
     H   19        0.001025       -0.547051       -0.368138

     C   20        0.301018        0.276163        0.329084
     C   20        0.276163        0.057453       -0.236682
     C   20        0.329084       -0.236682       -0.358470

     H   21        0.558081       -0.314235        0.698113
     H   21       -0.314235       -0.402463       -0.266978
     H   21        0.698113       -0.266978       -0.155618

     C   22        0.232239        0.297935        0.244330
     C   22        0.297935        0.084354       -0.300991
     C   22        0.244330       -0.300991       -0.316593

     C   23        0.178040        0.241516        0.346642
     C   23        0.241516       -0.004179       -0.349602
     C   23        0.346642       -0.349602       -0.173861

     Cl  24        0.181657        0.237152        0.041271
     Cl  24        0.237152       -0.040096        0.012820
     Cl  24        0.041271        0.012820       -0.141561

     ----- GIPAW term -----
     Cl   1        1.834257       -1.275362       -2.049904
     Cl   1       -1.275362       -0.965468       -0.750135
     Cl   1       -2.049904       -0.750135       -0.868789

     C    2        0.071458       -0.142680       -0.170726
     C    2       -0.142680       -0.050747        0.051227
     C    2       -0.170726        0.051227       -0.020711

     C    3       -0.100506       -0.024680       -0.041745
     C    3       -0.024680        0.161360       -0.146624
     C    3       -0.041745       -0.146624       -0.060854

     H    4       -0.000000        0.000000        0.000000
     H    4        0.000000        0.000000        0.000000
     H    4        0.000000        0.000000        0.000000

     C    5       -0.145577        0.166955       -0.083806
     C    5        0.166955        0.214769       -0.102435
     C    5       -0.083806       -0.102435       -0.069193

     H    6       -0.000000        0.000000        0.000000
     H    6        0.000000        0.000000        0.000000
     H    6        0.000000        0.000000        0.000000

     H    7       -0.000000        0.000000        0.000000
     H    7        0.000000        0.000000        0.000000
     H    7        0.000000        0.000000        0.000000

     C    8       -0.087627        0.035733       -0.043792
     C    8        0.035733        0.165663        0.117423
     C    8       -0.043792        0.117423       -0.078036

     H    9       -0.000000        0.000000        0.000000
     H    9        0.000000        0.000000        0.000000
     H    9        0.000000        0.000000        0.000000

     C   10       -0.252644       -0.046188       -0.067039
     C   10       -0.046188        0.277408       -0.100665
     C   10       -0.067039       -0.100665       -0.024765

     C   11       -0.000797       -0.104777       -0.021745
     C   11       -0.104777        0.185014        0.095919
     C   11       -0.021745        0.095919       -0.184217

     Cl  12        0.228553        1.181069        0.113785
     Cl  12        1.181069        1.169071       -1.002181
     Cl  12        0.113785       -1.002181       -1.397624

     H   13       -0.000000        0.000000        0.000000
     H   13        0.000000        0.000000        0.000000
     H   13        0.000000        0.000000        0.000000

     C   14        0.052618       -0.174346       -0.212572
     C   14       -0.174346       -0.092909        0.041616
     C   14       -0.212572        0.041616        0.040291

     H   15       -0.000000        0.000000        0.000000
     H   15        0.000000        0.000000        0.000000
     H   15        0.000000        0.000000        0.000000

     C   16       -0.120659       -0.104861       -0.153740
     C   16       -0.104861        0.109802        0.164081
     C   16       -0.153740        0.164081        0.010856

     C   17       -0.059818       -0.081443       -0.025878
     C   17       -0.081443        0.247400        0.027456
     C   17       -0.025878        0.027456       -0.187581

     Cl  18       -0.915096        0.511930        0.153786
     Cl  18        0.511930        2.285331        0.903933
     Cl  18        0.153786        0.903933       -1.370235

     H   19       -0.000000        0.000000        0.000000
     H   19        0.000000        0.000000        0.000000
     H   19        0.000000        0.000000        0.000000

     C   20       -0.052709       -0.150408       -0.097268
     C   20       -0.150408        0.108016        0.087081
     C   20       -0.097268        0.087081       -0.055307

     H   21       -0.000000        0.000000        0.000000
     H   21        0.000000        0.000000        0.000000
     H   21        0.000000        0.000000        0.000000

     C   22       -0.018658       -0.086594       -0.106361
     C   22       -0.086594       -0.039048        0.104287
     C   22       -0.106361        0.104287        0.057706

     C   23       -0.044628       -0.058934       -0.117230
     C   23       -0.058934        0.058357        0.151692
     C   23       -0.117230        0.151692       -0.013729

     Cl  24       -0.376817        1.258013       -0.958650
     Cl  24        1.258013       -0.627669        1.749353
     Cl  24       -0.958650        1.749353        1.004487

     ----- total EFG -----
     Cl   1        2.031608       -1.492943       -2.172934
     Cl   1       -1.492943       -1.029506       -0.829681
     Cl   1       -2.172934       -0.829681       -1.002102

     C    2       -0.035117       -0.046917       -0.332267
     C    2       -0.046917       -0.206455        0.249748
     C    2       -0.332267        0.249748        0.241572

     C    3       -0.049209       -0.145070       -0.135777
     C    3       -0.145070        0.049671       -0.364774
     C    3       -0.135777       -0.364774       -0.000463

     H    4        0.243170        0.175930        0.264863
     H    4        0.175930       -0.037338        0.375896
     H    4        0.264863        0.375896       -0.205833

     C    5       -0.520053        0.365613       -0.233266
     C    5        0.365613        0.495138        0.005665
     C    5       -0.233266        0.005665        0.024915

     H    6       -0.278643       -0.221164        0.264684
     H    6       -0.221164        0.470298        0.477430
     H    6        0.264684        0.477430       -0.191655

     H    7       -0.311662       -0.144179       -0.052650
     H    7       -0.144179        0.103003       -0.326588
     H    7       -0.052650       -0.326588        0.208659

     C    8       -0.091774        0.315183       -0.046251
     C    8        0.315183        0.156332        0.344683
     C    8       -0.046251        0.344683       -0.064557

     H    9        0.336695        0.063710        0.318346
     H    9        0.063710       -0.107393        0.112445
     H    9        0.318346        0.112445       -0.229303

     C   10       -0.843151       -0.073142       -0.174779
     C   10       -0.073142        0.636408       -0.347367
     C   10       -0.174779       -0.347367        0.206743

     C   11        0.153577       -0.107931        0.177267
     C   11       -0.107931        0.252782        0.281249
     C   11        0.177267        0.281249       -0.406358

     Cl  12        0.156354        1.224973        0.169079
     Cl  12        1.224973        1.342428       -1.085524
     Cl  12        0.169079       -1.085524       -1.498783

     H   13       -0.429139        0.153334        0.226050
     H   13        0.153334        0.506003        0.217776
     H   13        0.226050        0.217776       -0.076864

     C   14        0.320256       -0.659653       -0.491951
     C   14       -0.659653       -0.299371       -0.022048
     C   14       -0.491951       -0.022048       -0.020884

     H   15        0.566804        0.224967        0.329036
     H   15        0.224967       -0.463198       -0.232727
     H   15        0.329036       -0.232727       -0.103605

     C   16       -0.468024       -0.047180       -0.400135
     C   16       -0.047180        0.290507        0.558556
     C   16       -0.400135        0.558556        0.177517

     C   17        0.192726       -0.360004        0.001698
     C   17       -0.360004        0.150759       -0.114851
     C   17        0.001698       -0.114851       -0.343485

     Cl  18       -0.866981        0.567168        0.169927
     Cl  18        0.567168        2.131304        0.843776
     Cl  18        0.169927        0.843776       -1.264323

     H   19       -0.585295        0.065449        0.145925
     H   19        0.065449        0.732356       -0.025899
     H   19        0.145925       -0.025899       -0.147062

     C   20       -0.213123       -0.173363       -0.159384
     C   20       -0.173363        0.487825        0.027987
     C   20       -0.159384        0.027987       -0.274702

     H   21        0.608051       -0.197635        0.326255
     H   21       -0.197635        0.025554       -0.377064
     H   21        0.326255       -0.377064       -0.633605

     C   22        0.216851       -0.126658       -0.004480
     C   22       -0.126658       -0.126949        0.095069
     C   22       -0.004480        0.095069       -0.089902

     C   23       -0.087073       -0.049358       -0.178861
     C   23       -0.049358        0.069327        0.099850
     C   23       -0.178861        0.099850        0.017746

     Cl  24       -0.300948        1.440267       -1.012212
     Cl  24        1.440267       -0.728602        1.864567
     Cl  24       -1.012212        1.864567        1.029550

     ----- total EFG (symmetrized) -----
     Cl   1        2.031608       -1.492943       -2.172934
     Cl   1       -1.492943       -1.029506       -0.829681
     Cl   1       -2.172934       -0.829681       -1.002102

     C    2       -0.035117       -0.046917       -0.332267
     C    2       -0.046917       -0.206455        0.249748
     C    2       -0.332267        0.249748        0.241572

     C    3       -0.049209       -0.145070       -0.135777
     C    3       -0.145070        0.049671       -0.364774
     C    3       -0.135777       -0.364774       -0.000463

     H    4        0.243170        0.175930        0.264863
     H    4        0.175930       -0.037338        0.375896
     H    4        0.264863        0.375896       -0.205833

     C    5       -0.520053        0.365613       -0.233266
     C    5        0.365613        0.495138        0.005665
     C    5       -0.233266        0.005665        0.024915

     H    6       -0.278643       -0.221164        0.264684
     H    6       -0.221164        0.470298        0.477430
     H    6        0.264684        0.477430       -0.191655

     H    7       -0.311662       -0.144179       -0.052650
     H    7       -0.144179        0.103003       -0.326588
     H    7       -0.052650       -0.326588        0.208659

     C    8       -0.091774        0.315183       -0.046251
     C    8        0.315183        0.156332        0.344683
     C    8       -0.046251        0.344683       -0.064557

     H    9        0.336695        0.063710        0.318346
     H    9        0.063710       -0.107393        0.112445
     H    9        0.318346        0.112445       -0.229303

     C   10       -0.843151       -0.073142       -0.174779
     C   10       -0.073142        0.636408       -0.347367
     C   10       -0.174779       -0.347367        0.206743

     C   11        0.153577       -0.107931        0.177267
     C   11       -0.107931        0.252782        0.281249
     C   11        0.177267        0.281249       -0.406358

     Cl  12        0.156354        1.224973        0.169079
     Cl  12        1.224973        1.342428       -1.085524
     Cl  12        0.169079       -1.085524       -1.498783

     H   13       -0.429139        0.153334        0.226050
     H   13        0.153334        0.506003        0.217776
     H   13        0.226050        0.217776       -0.076864

     C   14        0.320256       -0.659653       -0.491951
     C   14       -0.659653       -0.299371       -0.022048
     C   14       -0.491951       -0.022048       -0.020884

     H   15        0.566804        0.224967        0.329036
     H   15        0.224967       -0.463198       -0.232727
     H   15        0.329036       -0.232727       -0.103605

     C   16       -0.468024       -0.047180       -0.400135
     C   16       -0.047180        0.290507        0.558556
     C   16       -0.400135        0.558556        0.177517

     C   17        0.192726       -0.360004        0.001698
     C   17       -0.360004        0.150759       -0.114851
     C   17        0.001698       -0.114851       -0.343485

     Cl  18       -0.866981        0.567168        0.169927
     Cl  18        0.567168        2.131304        0.843776
     Cl  18        0.169927        0.843776       -1.264323

     H   19       -0.585295        0.065449        0.145925
     H   19        0.065449        0.732356       -0.025899
     H   19        0.145925       -0.025899       -0.147062

     C   20       -0.213123       -0.173363       -0.159384
     C   20       -0.173363        0.487825        0.027987
     C   20       -0.159384        0.027987       -0.274702

     H   21        0.608051       -0.197635        0.326255
     H   21       -0.197635        0.025554       -0.377064
     H   21        0.326255       -0.377064       -0.633605

     C   22        0.216851       -0.126658       -0.004480
     C   22       -0.126658       -0.126949        0.095069
     C   22       -0.004480        0.095069       -0.089902

     C   23       -0.087073       -0.049358       -0.178861
     C   23       -0.049358        0.069327        0.099850
     C   23       -0.178861        0.099850        0.017746

     Cl  24       -0.300948        1.440267       -1.012212
     Cl  24        1.440267       -0.728602        1.864567
     Cl  24       -1.012212        1.864567        1.029550


     NQR/NMR SPECTROSCOPIC PARAMETERS:
     Cl   1    Vxx=   -0.2255    axis=( -0.077727  0.782201 -0.618159)
     Cl   1    Vyy=   -3.1578    axis=( -0.450900 -0.580578 -0.677951)
     Cl   1    Vzz=    3.3833    axis=( -0.889184  0.226033  0.397821)
     Cl   1  Q=        -8.1650 1e-30 m^2  Cq=       -64.9067 MHz  eta= 0.86671

     C    2    Vxx=   -0.1734    axis=(  0.748323  0.624640  0.223243)
     C    2    Vyy=   -0.3644    axis=( -0.439987  0.719262 -0.537655)
     C    2    Vzz=    0.5378    axis=( -0.496411  0.304116  0.813074)
     C    2  Q=         1.0000 1e-30 m^2  Cq=         1.2637 MHz  eta= 0.35519

     C    3    Vxx=    0.0506    axis=( -0.891657  0.282342  0.353880)
     C    3    Vyy=    0.3907    axis=(  0.034620 -0.736874  0.675143)
     C    3    Vzz=   -0.4413    axis=( -0.451386 -0.614247 -0.647264)
     C    3  Q=         1.0000 1e-30 m^2  Cq=        -1.0369 MHz  eta= 0.77062

     H    4    Vxx=   -0.0395    axis=(  0.699880 -0.636554 -0.323986)
     H    4    Vyy=   -0.5213    axis=(  0.147591  0.572693 -0.806374)
     H    4    Vzz=    0.5607    axis=(  0.698845  0.516548  0.494766)
     H    4  Q=         1.0000 1e-30 m^2  Cq=         1.3175 MHz  eta= 0.85929

     C    5    Vxx=    0.0858    axis=( -0.242480  0.203430  0.948588)
     C    5    Vyy=    0.6210    axis=( -0.324833 -0.938356  0.118201)
     C    5    Vzz=   -0.7067    axis=(  0.914159 -0.279471  0.293613)
     C    5  Q=         1.0000 1e-30 m^2  Cq=        -1.6606 MHz  eta= 0.75732

     H    6    Vxx=   -0.0178    axis=(  0.780297 -0.219323  0.585691)
     H    6    Vyy=   -0.7083    axis=(  0.620227  0.391679 -0.679636)
     H    6    Vzz=    0.7262    axis=( -0.080343  0.893580  0.441656)
     H    6  Q=         1.0000 1e-30 m^2  Cq=         1.7062 MHz  eta= 0.95096

     H    7    Vxx=   -0.0854    axis=( -0.527789  0.613777  0.587126)
     H    7    Vyy=   -0.4049    axis=( -0.846564 -0.436325 -0.304876)
     H    7    Vzz=    0.4904    axis=(  0.069052 -0.657950  0.749889)
     H    7  Q=         1.0000 1e-30 m^2  Cq=         1.1521 MHz  eta= 0.65159

     C    8    Vxx=   -0.0331    axis=( -0.727851 -0.035089  0.684836)
     C    8    Vyy=   -0.4713    axis=( -0.564973  0.596686 -0.569887)
     C    8    Vzz=    0.5044    axis=(  0.388635  0.801707  0.454123)
     C    8  Q=         1.0000 1e-30 m^2  Cq=         1.1851 MHz  eta= 0.86890

     H    9    Vxx=   -0.1042    axis=(  0.265049 -0.947780 -0.177376)
     H    9    Vyy=   -0.3936    axis=(  0.365065  0.268898 -0.891303)
     H    9    Vzz=    0.4978    axis=(  0.892455  0.171485  0.417272)
     H    9  Q=         1.0000 1e-30 m^2  Cq=         1.1696 MHz  eta= 0.58148

     C   10    Vxx=    0.0527    axis=( -0.205544  0.481324  0.852103)
     C   10    Vyy=    0.8303    axis=( -0.013003 -0.871960  0.489404)
     C   10    Vzz=   -0.8830    axis=(  0.978561  0.089514  0.185485)
     C   10  Q=         1.0000 1e-30 m^2  Cq=        -2.0746 MHz  eta= 0.88066

     C   11    Vxx=    0.2016    axis=( -0.933154 -0.133386 -0.333813)
     C   11    Vyy=    0.3661    axis=( -0.234658  0.929494  0.284562)
     C   11    Vzz=   -0.5677    axis=( -0.272321 -0.343872  0.898662)
     C   11  Q=         1.0000 1e-30 m^2  Cq=        -1.3339 MHz  eta= 0.28990

     Cl  12    Vxx=   -0.2702    axis=(  0.835624 -0.349479  0.423789)
     Cl  12    Vyy=   -2.0304    axis=( -0.283921  0.385660  0.877870)
     Cl  12    Vzz=    2.3006    axis=( -0.470235 -0.853892  0.223042)
     Cl  12  Q=        -8.1650 1e-30 m^2  Cq=       -44.1351 MHz  eta= 0.76509

     H   13    Vxx=   -0.0831    axis=( -0.367347  0.405136 -0.837210)
     H   13    Vyy=   -0.5415    axis=( -0.906508  0.045432  0.419738)
     H   13    Vzz=    0.6246    axis=(  0.208087  0.913127  0.350569)
     H   13  Q=         1.0000 1e-30 m^2  Cq=         1.4675 MHz  eta= 0.73401

     C   14    Vxx=   -0.0902    axis=(  0.141393 -0.533783  0.833717)
     C   14    Vyy=   -0.8312    axis=(  0.575723  0.729449  0.369388)
     C   14    Vzz=    0.9214    axis=( -0.805327  0.427761  0.410450)
     C   14  Q=         1.0000 1e-30 m^2  Cq=         2.1649 MHz  eta= 0.80421

     H   15    Vxx=   -0.0360    axis=(  0.228817  0.555820 -0.799191)
     H   15    Vyy=   -0.6787    axis=( -0.279106  0.823963  0.493137)
     H   15    Vzz=    0.7146    axis=(  0.932600  0.110221  0.343670)
     H   15  Q=         1.0000 1e-30 m^2  Cq=         1.6791 MHz  eta= 0.89938

     C   16    Vxx=   -0.1555    axis=( -0.535823 -0.681261  0.498776)
     C   16    Vyy=   -0.7119    axis=( -0.812158  0.254345 -0.525080)
     C   16    Vzz=    0.8675    axis=(  0.230855 -0.686435 -0.689575)
     C   16  Q=         1.0000 1e-30 m^2  Cq=         2.0382 MHz  eta= 0.64140

     C   17    Vxx=   -0.1546    axis=(  0.665531  0.640343 -0.383444)
     C   17    Vyy=   -0.3851    axis=(  0.206485  0.335729  0.919049)
     C   17    Vzz=    0.5397    axis=(  0.717239 -0.690831  0.091217)
     C   17  Q=         1.0000 1e-30 m^2  Cq=         1.2681 MHz  eta= 0.42696

     Cl  18    Vxx=   -0.9702    axis=(  0.981825 -0.187515  0.029304)
     Cl  18    Vyy=   -1.4650    axis=(  0.070557  0.217293 -0.973553)
     Cl  18    Vzz=    2.4352    axis=(  0.176188  0.957926  0.226574)
     Cl  18  Q=        -8.1650 1e-30 m^2  Cq=       -46.7180 MHz  eta= 0.20316

     H   19    Vxx=   -0.1030    axis=(  0.290428  0.006912  0.956872)
     H   19    Vyy=   -0.6330    axis=( -0.955737  0.051308  0.289713)
     H   19    Vzz=    0.7360    axis=( -0.047092 -0.998659  0.021508)
     H   19  Q=         1.0000 1e-30 m^2  Cq=         1.7293 MHz  eta= 0.72022

     C   20    Vxx=   -0.1179    axis=(  0.702657  0.232199 -0.672575)
     C   20    Vyy=   -0.4157    axis=( -0.669172 -0.105614 -0.735564)
     C   20    Vzz=    0.5335    axis=(  0.241831 -0.966917 -0.081171)
     C   20  Q=         1.0000 1e-30 m^2  Cq=         1.2536 MHz  eta= 0.55822

     H   21    Vxx=    0.0381    axis=(  0.446996  0.855046 -0.262852)
     H   21    Vyy=    0.8010    axis=( -0.880619  0.368986 -0.297253)
     H   21    Vzz=   -0.8391    axis=( -0.157176  0.364344  0.917905)
     H   21  Q=         1.0000 1e-30 m^2  Cq=        -1.9716 MHz  eta= 0.90908

     C   22    Vxx=   -0.0347    axis=(  0.263134  0.493376  0.829060)
     C   22    Vyy=   -0.2272    axis=(  0.223968  0.804628 -0.549921)
     C   22    Vzz=    0.2619    axis=( -0.938402  0.330386  0.101224)
     C   22  Q=         1.0000 1e-30 m^2  Cq=         0.6154 MHz  eta= 0.73467

     C   23    Vxx=   -0.0052    axis=(  0.403797  0.817584 -0.410492)
     C   23    Vyy=   -0.2226    axis=( -0.784035  0.078052 -0.615790)
     C   23    Vzz=    0.2278    axis=( -0.471421  0.570494  0.672532)
     C   23  Q=         1.0000 1e-30 m^2  Cq=         0.5353 MHz  eta= 0.95450

     Cl  24    Vxx=    0.8244    axis=(  0.840105  0.483185 -0.246485)
     Cl  24    Vyy=    2.2158    axis=(  0.047209 -0.517823 -0.854185)
     Cl  24    Vzz=   -3.0402    axis=( -0.540365  0.705969 -0.457836)
     Cl  24  Q=        -8.1650 1e-30 m^2  Cq=        58.3252 MHz  eta= 0.45767

     Initialization:
     gipaw_setup  :      9.32s CPU     11.26s WALL (       1 calls)

     Linear response

     Apply operators

     Induced current

     Other routines
     efg          :      9.29s CPU     11.99s WALL (       1 calls)

     General routines
     calbec       :      3.28s CPU      4.55s WALL (      16 calls)
     fft          :      1.52s CPU      1.75s WALL (      15 calls)
     ffts         :      0.03s CPU      0.04s WALL (       2 calls)
     fftw         :      3.21s CPU      4.11s WALL (     672 calls)
     davcio       :      0.04s CPU      0.31s WALL (      32 calls)

     Parallel routines
     fft_scatter  :      2.29s CPU      3.10s WALL (     689 calls)

     Plugins

     GIPAW        :     62.19s CPU     74.09s WALL (       1 calls)
