
     Program QE v.6.0 (svn rev. 13079) starts on 13Jan2017 at 12:58:35 

     This program is part of the open-source Quantum ESPRESSO suite
     for quantum simulation of materials; please cite
         "P. Giannozzi et al., J. Phys.:Condens. Matter 21 395502 (2009);
          URL http://www.quantum-espresso.org", 
     in publications or presentations arising from this work. More details at
     http://www.quantum-espresso.org/quote

     Parallel version (MPI), running on     8 processors
     R & G space division:  proc/nbgrp/npool/nimage =       8

     ***** This is GIPAW svn revision unknown      *****

     Parallelizing q-star over 1 images

     Reading data from directory:
     /users/majewski/paradichlorobenzene/pbe/9_constraint/scratch/pbe.ecut100.np8.dt60.pcl2phi-129368.save
     Message from routine read_xml_file:
     file /users/majewski/paradichlorobenzene/pbe/9_constraint/scratch/pbe.ecut100.np8.dt60.pcl2phi-129368.save not guaranteed to be safe for post-processing

   Info: using nr1, nr2, nr3 values from input

   Info: using nr1, nr2, nr3 values from input

     IMPORTANT: XC functional enforced from input :
     Exchange-correlation      =  SLA  PW   PBX  PBC ( 1  4  3  4 0 0)
     Any further DFT definition will be discarded
     Please, verify this is what you really want

               file C.pbe-n-kjpaw_psl.1.0.0.UPF: wavefunction(s)  2S 2P renormalized
               file Cl.pbe-n-kjpaw_psl.1.0.0.UPF: wavefunction(s)  3S 3P renormalized
               file H.pbe-kjpaw_psl.1.0.0.UPF: wavefunction(s)  1S renormalized

     Parallelization info
     --------------------
     sticks:   dense  smooth     PW     G-vecs:    dense   smooth      PW
     Min        3057    1223    332               144436    36536    5170
     Max        3059    1225    333               144437    36537    5171
     Sum       24467    9791   2657              1155489   292295   41363


     Subspace diagonalization in iterative solution of the eigenvalue problem:
     a serial algorithm will be used

     GIPAW projectors -----------------------------------------------
     atom=  C    l=0  rc=    1.2000  rs=    0.8000
     atom=  C    l=0  rc=    1.2000  rs=    0.8000
     atom=  C    l=1  rc=    1.4000  rs=    0.9333
     atom=  C    l=1  rc=    1.4000  rs=    0.9333
     projs nearly linearly dependent: l=1  n1,n2= 1, 2  s=  0.99951561

     atom=  Cl   l=0  rc=    1.6000  rs=    1.0667
     atom=  Cl   l=0  rc=    1.6000  rs=    1.0667
     atom=  Cl   l=1  rc=    1.6000  rs=    1.0667
     atom=  Cl   l=1  rc=    1.6000  rs=    1.0667
     atom=  Cl   l=2  rc=    1.6000  rs=    1.0667
     atom=  Cl   l=2  rc=    1.6000  rs=    1.0667
     projs nearly linearly dependent: l=2  n1,n2= 1, 2  s=  0.99993509

     atom=  H    l=0  rc=    1.0000  rs=    0.6667
     atom=  H    l=0  rc=    1.0000  rs=    0.6667
     projs nearly linearly dependent: l=0  n1,n2= 1, 2  s=  0.99968852
     -----------------------------------------------------------------

     GIPAW integrals: -------------------------------------------
     Atom  i/j   nmr_para   nmr_dia   epr_rmc  epr_para   epr_dia
       C   1 1   0.83E+03  0.17E-01  0.93E+01  0.24E+08  0.24E+03
       C   2 1   0.86E+03 -0.61E-01  0.94E+01  0.25E+08  0.25E+03
       C   2 2   0.90E+03 -0.15E+00  0.97E+01  0.26E+08  0.26E+03
       C   3 3   0.33E+01  0.34E+00  0.18E+01  0.55E+03  0.21E+02
       C   4 3   0.35E+01  0.37E+00  0.20E+01  0.59E+03  0.22E+02
       C   4 4   0.38E+01  0.39E+00  0.22E+01  0.63E+03  0.24E+02
       Cl  1 1   0.14E+04 -0.47E+00  0.84E+01  0.32E+09  0.42E+03
       Cl  2 1   0.21E+04 -0.37E+00  0.12E+02  0.49E+09  0.65E+03
       Cl  2 2   0.33E+04 -0.16E+00  0.21E+02  0.76E+09  0.10E+04
       Cl  3 3   0.21E+02  0.79E-01  0.89E+01  0.23E+05  0.13E+03
       Cl  4 3   0.24E+02  0.67E-01  0.99E+01  0.27E+05  0.15E+03
       Cl  4 4   0.28E+02  0.44E-01  0.11E+02  0.32E+05  0.18E+03
       Cl  5 5   0.77E+00  0.19E+00  0.18E+01  0.12E+03  0.22E+02
       Cl  6 5   0.80E+00  0.19E+00  0.19E+01  0.12E+03  0.23E+02
       Cl  6 6   0.83E+00  0.20E+00  0.19E+01  0.12E+03  0.23E+02
       H   1 1   0.39E+02  0.19E+00  0.29E+00  0.78E+05  0.13E+02
       H   2 1   0.41E+02  0.21E+00  0.32E+00  0.82E+05  0.14E+02
       H   2 2   0.43E+02  0.22E+00  0.36E+00  0.86E+05  0.15E+02
     ------------------------------------------------------------

     alpha_pv=     34.5669 eV

     Number of occupied bands for each k-point:
     k-point:     1    nbnd_occ=  42
     k-point:     2    nbnd_occ=  42
     k-point:     3    nbnd_occ=  42
     k-point:     4    nbnd_occ=  42
     k-point:     5    nbnd_occ=  42
     k-point:     6    nbnd_occ=  42
     k-point:     7    nbnd_occ=  42
     k-point:     8    nbnd_occ=  42
     k-point:     9    nbnd_occ=  42
     k-point:    10    nbnd_occ=  42
     k-point:    11    nbnd_occ=  42
     k-point:    12    nbnd_occ=  42
     k-point:    13    nbnd_occ=  42
     k-point:    14    nbnd_occ=  42
     k-point:    15    nbnd_occ=  42
     k-point:    16    nbnd_occ=  42


     q-space interpolation up to   110.00 Rydberg

     GIPAW job: efg                                                                             


     ELECTRIC FIELD GRADIENTS TENSORS IN Hartree/bohrradius^2:

     ----- bare term -----
     Cl   1        0.332613        0.101676       -0.115899
     Cl   1        0.101676        0.391989        0.095892
     Cl   1       -0.115899        0.095892       -0.724602

     C    2       -0.032888        0.359375        0.017025
     C    2        0.359375       -0.507238       -0.423081
     C    2        0.017025       -0.423081        0.540127

     C    3       -0.305294        0.377199       -0.358473
     C    3        0.377199       -0.165362       -0.231893
     C    3       -0.358473       -0.231893        0.470656

     H    4        0.006863       -0.071734       -0.237854
     H    4       -0.071734        0.426227       -0.397884
     H    4       -0.237854       -0.397884       -0.433090

     C    5       -0.506317        0.171093       -0.364729
     C    5        0.171093        0.171066       -0.175252
     C    5       -0.364729       -0.175252        0.335250

     H    6       -0.238832        0.288292       -0.207208
     H    6        0.288292       -0.168869       -0.331507
     H    6       -0.207208       -0.331507        0.407702

     H    7        0.319529        0.255763        0.078219
     H    7        0.255763       -0.556400       -0.252763
     H    7        0.078219       -0.252763        0.236870

     C    8       -0.123798       -0.001047       -0.171420
     C    8       -0.001047       -0.094302        0.240956
     C    8       -0.171420        0.240956        0.218099

     H    9       -0.259458        0.431354        0.122202
     H    9        0.431354        0.006963       -0.178676
     H    9        0.122202       -0.178676        0.252496

     C   10       -0.203498       -0.152830        0.091480
     C   10       -0.152830       -0.053568        0.045989
     C   10        0.091480        0.045989        0.257066

     C   11       -0.060135        0.105070       -0.321904
     C   11        0.105070        0.008720        0.666851
     C   11       -0.321904        0.666851        0.051415

     Cl  12       -0.238061       -0.233511       -0.008853
     Cl  12       -0.233511        0.208707       -0.011625
     Cl  12       -0.008853       -0.011625        0.029355

     H   13       -0.103558        0.336092       -0.060238
     H   13        0.336092       -0.242822       -0.247741
     H   13       -0.060238       -0.247741        0.346379

     C   14       -0.037466       -0.335619       -0.498702
     C   14       -0.335619       -0.062439       -0.536644
     C   14       -0.498702       -0.536644        0.099905

     H   15        0.060122       -0.006029       -0.224448
     H   15       -0.006029        0.083983       -0.491016
     H   15       -0.224448       -0.491016       -0.144105

     C   16       -0.488386        0.486022       -0.290527
     C   16        0.486022        0.127487       -0.106253
     C   16       -0.290527       -0.106253        0.360899

     C   17        0.143889        0.167171       -0.079761
     C   17        0.167171       -0.500167       -0.376026
     C   17       -0.079761       -0.376026        0.356278

     Cl  18        0.185669        0.018774       -0.227209
     Cl  18        0.018774       -0.134761       -0.560524
     Cl  18       -0.227209       -0.560524       -0.050908

     H   19        0.481295        0.203907        0.063589
     H   19        0.203907       -0.587425        0.049834
     H   19        0.063589        0.049834        0.106130

     C   20       -0.608226       -0.314289       -0.497313
     C   20       -0.314289        0.024824        0.013102
     C   20       -0.497313        0.013102        0.583402

     H   21       -0.600792        0.111502        0.146604
     H   21        0.111502        0.416958        0.217936
     H   21        0.146604        0.217936        0.183835

     C   22       -0.017324       -0.064560       -0.235015
     C   22       -0.064560       -0.523131        0.392765
     C   22       -0.235015        0.392765        0.540454

     C   23       -0.618812       -0.333599       -0.384026
     C   23       -0.333599        0.305811        0.196707
     C   23       -0.384026        0.196707        0.313001

     Cl  24       -0.036987        0.051184       -0.002789
     Cl  24        0.051184        0.030419       -0.099230
     Cl  24       -0.002789       -0.099230        0.006568

     ----- ionic term -----
     Cl   1        0.120757       -0.210482        0.113799
     Cl   1       -0.210482       -0.009037       -0.068396
     Cl   1        0.113799       -0.068396       -0.111719

     C    2        0.045989       -0.217889        0.383306
     C    2       -0.217889        0.156618        0.340367
     C    2        0.383306        0.340367       -0.202607

     C    3        0.144578       -0.286433        0.281896
     C    3       -0.286433        0.120704        0.313427
     C    3        0.281896        0.313427       -0.265282

     H    4        0.234441        0.304862        0.769664
     H    4        0.304862       -0.369497        0.352059
     H    4        0.769664        0.352059        0.135056

     C    5        0.285179       -0.234161        0.355390
     C    5       -0.234161        0.002602        0.252926
     C    5        0.355390        0.252926       -0.287781

     H    6       -0.403715       -0.326208       -0.116977
     H    6       -0.326208        0.715530        0.569168
     H    6       -0.116977        0.569168       -0.311814

     H    7       -0.480537       -0.236636        0.051609
     H    7       -0.236636        1.046503       -0.273769
     H    7        0.051609       -0.273769       -0.565967

     C    8        0.450992        0.092760        0.138280
     C    8        0.092760        0.165381       -0.199196
     C    8        0.138280       -0.199196       -0.616373

     H    9        0.797553       -0.429326        0.407527
     H    9       -0.429326       -0.337862       -0.170497
     H    9        0.407527       -0.170497       -0.459691

     C   10        0.270616        0.179011        0.093226
     C   10        0.179011        0.306383       -0.258379
     C   10        0.093226       -0.258379       -0.576999

     C   11        0.291273        0.078329        0.186414
     C   11        0.078329        0.265645       -0.247369
     C   11        0.186414       -0.247369       -0.556918

     Cl  12        0.143334        0.194747        0.008039
     Cl  12        0.194747        0.022915        0.007629
     Cl  12        0.008039        0.007629       -0.166249

     H   13       -0.497073       -0.222082       -0.065971
     H   13       -0.222082        0.782291        0.583795
     H   13       -0.065971        0.583795       -0.285217

     C   14        0.238534       -0.221132        0.371525
     C   14       -0.221132        0.017330        0.273470
     C   14        0.371525        0.273470       -0.255865

     H   15        0.282792        0.324912        0.742419
     H   15        0.324912       -0.355438        0.365707
     H   15        0.742419        0.365707        0.072646

     C   16        0.204146       -0.319578        0.257953
     C   16       -0.319578        0.084162        0.299402
     C   16        0.257953        0.299402       -0.288308

     C   17        0.257515       -0.241469        0.320215
     C   17       -0.241469        0.021621        0.353238
     C   17        0.320215        0.353238       -0.279136

     Cl  18        0.233355       -0.193138        0.067441
     Cl  18       -0.193138       -0.077707       -0.026566
     Cl  18        0.067441       -0.026566       -0.155648

     H   19       -0.525175       -0.036270        0.023601
     H   19       -0.036270        0.946143       -0.450414
     H   19        0.023601       -0.450414       -0.420968

     C   20        0.355260        0.182841        0.134388
     C   20        0.182841        0.193276       -0.243080
     C   20        0.134388       -0.243080       -0.548537

     H   21        0.773616       -0.316715        0.513864
     H   21       -0.316715       -0.384197       -0.191111
     H   21        0.513864       -0.191111       -0.389419

     C   22        0.255300        0.216925        0.111145
     C   22        0.216925        0.278838       -0.291335
     C   22        0.111145       -0.291335       -0.534138

     C   23        0.384239        0.068072        0.140476
     C   23        0.068072        0.194422       -0.291690
     C   23        0.140476       -0.291690       -0.578661

     Cl  24        0.167634        0.242944       -0.022392
     Cl  24        0.242944        0.001581       -0.012459
     Cl  24       -0.022392       -0.012459       -0.169215

     ----- GIPAW term -----
     Cl   1        0.240328       -0.506427        0.103477
     Cl   1       -0.506427       -0.007806       -0.071656
     Cl   1        0.103477       -0.071656       -0.232522

     C    2        0.047865       -0.019912        0.168416
     C    2       -0.019912       -0.187111       -0.019257
     C    2        0.168416       -0.019257        0.139246

     C    3       -0.033523       -0.012434       -0.179824
     C    3       -0.012434       -0.060677        0.047833
     C    3       -0.179824        0.047833        0.094200

     H    4       -0.000000        0.000000        0.000000
     H    4        0.000000        0.000000        0.000000
     H    4        0.000000        0.000000        0.000000

     C    5        0.051974        0.126884        0.129686
     C    5        0.126884       -0.047198        0.080769
     C    5        0.129686        0.080769       -0.004776

     H    6       -0.000000        0.000000        0.000000
     H    6        0.000000        0.000000        0.000000
     H    6        0.000000        0.000000        0.000000

     H    7       -0.000000        0.000000        0.000000
     H    7        0.000000        0.000000        0.000000
     H    7        0.000000        0.000000        0.000000

     C    8       -0.057076       -0.025215       -0.031347
     C    8       -0.025215        0.041671        0.133971
     C    8       -0.031347        0.133971        0.015405

     H    9       -0.000000        0.000000        0.000000
     H    9        0.000000        0.000000        0.000000
     H    9        0.000000        0.000000        0.000000

     C   10       -0.046588       -0.003256        0.011030
     C   10       -0.003256        0.032059        0.037984
     C   10        0.011030        0.037984        0.014528

     C   11       -0.023462        0.131621       -0.050705
     C   11        0.131621        0.194684        0.117751
     C   11       -0.050705        0.117751       -0.171222

     Cl  12       -0.245935        0.932329       -0.110886
     Cl  12        0.932329        2.126961       -0.188458
     Cl  12       -0.110886       -0.188458       -1.881026

     H   13       -0.000000        0.000000        0.000000
     H   13        0.000000        0.000000        0.000000
     H   13        0.000000        0.000000        0.000000

     C   14        0.193079       -0.175923       -0.037507
     C   14       -0.175923       -0.079161       -0.074746
     C   14       -0.037507       -0.074746       -0.113918

     H   15       -0.000000        0.000000        0.000000
     H   15        0.000000        0.000000        0.000000
     H   15        0.000000        0.000000        0.000000

     C   16       -0.014782       -0.076742       -0.079686
     C   16       -0.076742        0.062600        0.060621
     C   16       -0.079686        0.060621       -0.047818

     C   17       -0.053461        0.001510        0.059669
     C   17        0.001510       -0.018856        0.173284
     C   17        0.059669        0.173284        0.072317

     Cl  18        0.295333       -0.084943        0.193962
     Cl  18       -0.084943       -0.192073       -0.118763
     Cl  18        0.193962       -0.118763       -0.103260

     H   19       -0.000000        0.000000        0.000000
     H   19        0.000000        0.000000        0.000000
     H   19        0.000000        0.000000        0.000000

     C   20       -0.101709        0.031016       -0.203096
     C   20        0.031016       -0.049376       -0.132616
     C   20       -0.203096       -0.132616        0.151085

     H   21       -0.000000        0.000000        0.000000
     H   21        0.000000        0.000000        0.000000
     H   21        0.000000        0.000000        0.000000

     C   22       -0.084420        0.043522       -0.136377
     C   22        0.043522       -0.160465       -0.062550
     C   22       -0.136377       -0.062550        0.244886

     C   23       -0.148260        0.021793       -0.053719
     C   23        0.021793        0.271121       -0.041271
     C   23       -0.053719       -0.041271       -0.122860

     Cl  24        0.901452        2.393061       -0.073887
     Cl  24        2.393061        0.377316       -0.827214
     Cl  24       -0.073887       -0.827214       -1.278768

     ----- total EFG -----
     Cl   1        0.693699       -0.615233        0.101377
     Cl   1       -0.615233        0.375145       -0.044160
     Cl   1        0.101377       -0.044160       -1.068844

     C    2        0.060966        0.121574        0.568748
     C    2        0.121574       -0.537732       -0.101972
     C    2        0.568748       -0.101972        0.476766

     C    3       -0.194238        0.078332       -0.256400
     C    3        0.078332       -0.105335        0.129367
     C    3       -0.256400        0.129367        0.299574

     H    4        0.241304        0.233129        0.531810
     H    4        0.233129        0.056730       -0.045825
     H    4        0.531810       -0.045825       -0.298034

     C    5       -0.169164        0.063816        0.120347
     C    5        0.063816        0.126470        0.158443
     C    5        0.120347        0.158443        0.042693

     H    6       -0.642547       -0.037917       -0.324186
     H    6       -0.037917        0.546660        0.237660
     H    6       -0.324186        0.237660        0.095887

     H    7       -0.161007        0.019127        0.129827
     H    7        0.019127        0.490104       -0.526533
     H    7        0.129827       -0.526533       -0.329097

     C    8        0.270118        0.066498       -0.064487
     C    8        0.066498        0.112751        0.175730
     C    8       -0.064487        0.175730       -0.382869

     H    9        0.538094        0.002028        0.529729
     H    9        0.002028       -0.330899       -0.349173
     H    9        0.529729       -0.349173       -0.207195

     C   10        0.020530        0.022924        0.195736
     C   10        0.022924        0.284874       -0.174406
     C   10        0.195736       -0.174406       -0.305404

     C   11        0.207675        0.315020       -0.186194
     C   11        0.315020        0.469050        0.537233
     C   11       -0.186194        0.537233       -0.676725

     Cl  12       -0.340661        0.893565       -0.111700
     Cl  12        0.893565        2.358583       -0.192454
     Cl  12       -0.111700       -0.192454       -2.017921

     H   13       -0.600631        0.114010       -0.126210
     H   13        0.114010        0.539469        0.336054
     H   13       -0.126210        0.336054        0.061162

     C   14        0.394148       -0.732674       -0.164684
     C   14       -0.732674       -0.124270       -0.337921
     C   14       -0.164684       -0.337921       -0.269878

     H   15        0.342915        0.318883        0.517971
     H   15        0.318883       -0.271455       -0.125309
     H   15        0.517971       -0.125309       -0.071459

     C   16       -0.299022        0.089701       -0.112260
     C   16        0.089701        0.274249        0.253770
     C   16       -0.112260        0.253770        0.024773

     C   17        0.347943       -0.072788        0.300123
     C   17       -0.072788       -0.497401        0.150496
     C   17        0.300123        0.150496        0.149458

     Cl  18        0.714357       -0.259307        0.034194
     Cl  18       -0.259307       -0.404541       -0.705853
     Cl  18        0.034194       -0.705853       -0.309816

     H   19       -0.043880        0.167637        0.087190
     H   19        0.167637        0.358718       -0.400580
     H   19        0.087190       -0.400580       -0.314838

     C   20       -0.354675       -0.100432       -0.566020
     C   20       -0.100432        0.168724       -0.362594
     C   20       -0.566020       -0.362594        0.185951

     H   21        0.172824       -0.205213        0.660468
     H   21       -0.205213        0.032760        0.026824
     H   21        0.660468        0.026824       -0.205584

     C   22        0.153556        0.195887       -0.260247
     C   22        0.195887       -0.404758        0.038880
     C   22       -0.260247        0.038880        0.251201

     C   23       -0.382833       -0.243733       -0.297269
     C   23       -0.243733        0.771353       -0.136254
     C   23       -0.297269       -0.136254       -0.388520

     Cl  24        1.032099        2.687189       -0.099069
     Cl  24        2.687189        0.409316       -0.938903
     Cl  24       -0.099069       -0.938903       -1.441415

     ----- total EFG (symmetrized) -----
     Cl   1        0.693699       -0.615233        0.101377
     Cl   1       -0.615233        0.375145       -0.044160
     Cl   1        0.101377       -0.044160       -1.068844

     C    2        0.060966        0.121574        0.568748
     C    2        0.121574       -0.537732       -0.101972
     C    2        0.568748       -0.101972        0.476766

     C    3       -0.194238        0.078332       -0.256400
     C    3        0.078332       -0.105335        0.129367
     C    3       -0.256400        0.129367        0.299574

     H    4        0.241304        0.233129        0.531810
     H    4        0.233129        0.056730       -0.045825
     H    4        0.531810       -0.045825       -0.298034

     C    5       -0.169164        0.063816        0.120347
     C    5        0.063816        0.126470        0.158443
     C    5        0.120347        0.158443        0.042693

     H    6       -0.642547       -0.037917       -0.324186
     H    6       -0.037917        0.546660        0.237660
     H    6       -0.324186        0.237660        0.095887

     H    7       -0.161007        0.019127        0.129827
     H    7        0.019127        0.490104       -0.526533
     H    7        0.129827       -0.526533       -0.329097

     C    8        0.270118        0.066498       -0.064487
     C    8        0.066498        0.112751        0.175730
     C    8       -0.064487        0.175730       -0.382869

     H    9        0.538094        0.002028        0.529729
     H    9        0.002028       -0.330899       -0.349173
     H    9        0.529729       -0.349173       -0.207195

     C   10        0.020530        0.022924        0.195736
     C   10        0.022924        0.284874       -0.174406
     C   10        0.195736       -0.174406       -0.305404

     C   11        0.207675        0.315020       -0.186194
     C   11        0.315020        0.469050        0.537233
     C   11       -0.186194        0.537233       -0.676725

     Cl  12       -0.340661        0.893565       -0.111700
     Cl  12        0.893565        2.358583       -0.192454
     Cl  12       -0.111700       -0.192454       -2.017921

     H   13       -0.600631        0.114010       -0.126210
     H   13        0.114010        0.539469        0.336054
     H   13       -0.126210        0.336054        0.061162

     C   14        0.394148       -0.732674       -0.164684
     C   14       -0.732674       -0.124270       -0.337921
     C   14       -0.164684       -0.337921       -0.269878

     H   15        0.342915        0.318883        0.517971
     H   15        0.318883       -0.271455       -0.125309
     H   15        0.517971       -0.125309       -0.071459

     C   16       -0.299022        0.089701       -0.112260
     C   16        0.089701        0.274249        0.253770
     C   16       -0.112260        0.253770        0.024773

     C   17        0.347943       -0.072788        0.300123
     C   17       -0.072788       -0.497401        0.150496
     C   17        0.300123        0.150496        0.149458

     Cl  18        0.714357       -0.259307        0.034194
     Cl  18       -0.259307       -0.404541       -0.705853
     Cl  18        0.034194       -0.705853       -0.309816

     H   19       -0.043880        0.167637        0.087190
     H   19        0.167637        0.358718       -0.400580
     H   19        0.087190       -0.400580       -0.314838

     C   20       -0.354675       -0.100432       -0.566020
     C   20       -0.100432        0.168724       -0.362594
     C   20       -0.566020       -0.362594        0.185951

     H   21        0.172824       -0.205213        0.660468
     H   21       -0.205213        0.032760        0.026824
     H   21        0.660468        0.026824       -0.205584

     C   22        0.153556        0.195887       -0.260247
     C   22        0.195887       -0.404758        0.038880
     C   22       -0.260247        0.038880        0.251201

     C   23       -0.382833       -0.243733       -0.297269
     C   23       -0.243733        0.771353       -0.136254
     C   23       -0.297269       -0.136254       -0.388520

     Cl  24        1.032099        2.687189       -0.099069
     Cl  24        2.687189        0.409316       -0.938903
     Cl  24       -0.099069       -0.938903       -1.441415


     NQR/NMR SPECTROSCOPIC PARAMETERS:
     Cl   1    Vxx=   -0.1003    axis=(  0.610028  0.791894  0.027746)
     Cl   1    Vyy=   -1.0747    axis=(  0.054740 -0.007184 -0.998475)
     Cl   1    Vzz=    1.1751    axis=( -0.790487  0.610616 -0.047730)
     Cl   1  Q=        -8.1650 1e-30 m^2  Cq=       -22.5429 MHz  eta= 0.82922

     C    2    Vxx=   -0.2499    axis=( -0.721837 -0.481162  0.497428)
     C    2    Vyy=   -0.6246    axis=(  0.389704 -0.876575 -0.282395)
     C    2    Vzz=    0.8746    axis=(  0.571911 -0.009993  0.820255)
     C    2  Q=         1.0000 1e-30 m^2  Cq=         2.0549 MHz  eta= 0.42845

     C    3    Vxx=   -0.0601    axis=(  0.473773  0.880395  0.021079)
     C    3    Vyy=   -0.3639    axis=( -0.804211  0.442282 -0.397027)
     C    3    Vzz=    0.4240    axis=( -0.358864  0.171149  0.917565)
     C    3  Q=         1.0000 1e-30 m^2  Cq=         0.9962 MHz  eta= 0.71657

     H    4    Vxx=    0.0383    axis=( -0.142396  0.925376 -0.351287)
     H    4    Vyy=    0.6238    axis=( -0.831566 -0.304339 -0.464624)
     H    4    Vzz=   -0.6620    axis=( -0.536862  0.225958  0.812848)
     H    4  Q=         1.0000 1e-30 m^2  Cq=        -1.5555 MHz  eta= 0.88444

     C    5    Vxx=   -0.0594    axis=(  0.330119 -0.675488  0.659346)
     C    5    Vyy=   -0.2238    axis=(  0.904799  0.027384 -0.424956)
     C    5    Vzz=    0.2831    axis=(  0.268997  0.736862  0.620222)
     C    5  Q=         1.0000 1e-30 m^2  Cq=         0.6652 MHz  eta= 0.58059

     H    6    Vxx=    0.0955    axis=(  0.336945  0.460847 -0.821029)
     H    6    Vyy=    0.6710    axis=(  0.134772 -0.886648 -0.442371)
     H    6    Vzz=   -0.7665    axis=(  0.931829 -0.038403  0.360861)
     H    6  Q=         1.0000 1e-30 m^2  Cq=        -1.8010 MHz  eta= 0.75074

     H    7    Vxx=   -0.1287    axis=(  0.963758  0.154982  0.217144)
     H    7    Vyy=   -0.6207    axis=( -0.263075  0.416941  0.870030)
     H    7    Vzz=    0.7494    axis=(  0.044302 -0.895623  0.442601)
     H    7  Q=         1.0000 1e-30 m^2  Cq=         1.7607 MHz  eta= 0.65656

     C    8    Vxx=    0.1537    axis=( -0.324138  0.886815  0.329384)
     C    8    Vyy=    0.2945    axis=(  0.939189  0.343402 -0.000325)
     C    8    Vzz=   -0.4482    axis=(  0.113399 -0.309249  0.944196)
     C    8  Q=         1.0000 1e-30 m^2  Cq=        -1.0530 MHz  eta= 0.31403

     H    9    Vxx=   -0.1034    axis=(  0.407735  0.766169 -0.496726)
     H    9    Vyy=   -0.7328    axis=( -0.300768  0.626334  0.719197)
     H    9    Vzz=    0.8363    axis=(  0.862143 -0.143842  0.485817)
     H    9  Q=         1.0000 1e-30 m^2  Cq=         1.9649 MHz  eta= 0.75261

     C   10    Vxx=    0.1005    axis=( -0.912598 -0.215301 -0.347577)
     C   10    Vyy=    0.3359    axis=( -0.112583  0.949582 -0.292606)
     C   10    Vzz=   -0.4364    axis=( -0.393051  0.227901  0.890826)
     C   10  Q=         1.0000 1e-30 m^2  Cq=        -1.0253 MHz  eta= 0.53945

     C   11    Vxx=    0.1842    axis=(  0.885210 -0.283833 -0.368567)
     C   11    Vyy=    0.7783    axis=( -0.395015 -0.877084 -0.273289)
     C   11    Vzz=   -0.9625    axis=(  0.245696 -0.387508  0.888522)
     C   11  Q=         1.0000 1e-30 m^2  Cq=        -2.2615 MHz  eta= 0.61727

     Cl  12    Vxx=   -0.6078    axis=(  0.956227 -0.290388 -0.036113)
     Cl  12    Vyy=   -2.0298    axis=( -0.048026 -0.034000 -0.998267)
     Cl  12    Vzz=    2.6377    axis=(  0.288657  0.956305 -0.046458)
     Cl  12  Q=        -8.1650 1e-30 m^2  Cq=       -50.6020 MHz  eta= 0.53913

     H   13    Vxx=   -0.0622    axis=( -0.290807 -0.423983  0.857712)
     H   13    Vyy=   -0.6521    axis=( -0.956181  0.160540 -0.244836)
     H   13    Vzz=    0.7143    axis=( -0.033891 -0.891328 -0.452091)
     H   13  Q=         1.0000 1e-30 m^2  Cq=         1.6782 MHz  eta= 0.82593

     C   14    Vxx=   -0.0437    axis=( -0.347638 -0.398536  0.848715)
     C   14    Vyy=   -0.8717    axis=(  0.476270  0.704645  0.525967)
     C   14    Vzz=    0.9155    axis=( -0.807660  0.587064 -0.055151)
     C   14  Q=         1.0000 1e-30 m^2  Cq=         2.1510 MHz  eta= 0.90444

     H   15    Vxx=   -0.0838    axis=(  0.197332  0.753874 -0.626685)
     H   15    Vyy=   -0.6499    axis=( -0.509356  0.625040  0.591508)
     H   15    Vzz=    0.7337    axis=( -0.837626 -0.202483 -0.507330)
     H   15  Q=         1.0000 1e-30 m^2  Cq=         1.7240 MHz  eta= 0.77153

     C   16    Vxx=   -0.0513    axis=( -0.498155 -0.443572  0.745040)
     C   16    Vyy=   -0.3814    axis=( -0.866752  0.278664 -0.413628)
     C   16    Vzz=    0.4327    axis=( -0.024142 -0.851816 -0.523285)
     C   16  Q=         1.0000 1e-30 m^2  Cq=         1.0166 MHz  eta= 0.76309

     C   17    Vxx=   -0.0118    axis=( -0.567897  0.320117  0.758299)
     C   17    Vyy=   -0.5539    axis=(  0.167679  0.946948 -0.274179)
     C   17    Vzz=    0.5656    axis=( -0.805839 -0.028555 -0.591446)
     C   17  Q=         1.0000 1e-30 m^2  Cq=         1.3290 MHz  eta= 0.95837

     Cl  18    Vxx=    0.2636    axis=( -0.393491 -0.591099  0.704107)
     Cl  18    Vyy=    0.8166    axis=(  0.914552 -0.329664  0.234344)
     Cl  18    Vzz=   -1.0802    axis=(  0.093598  0.736155  0.670310)
     Cl  18  Q=        -8.1650 1e-30 m^2  Cq=        20.7237 MHz  eta= 0.51188

     H   19    Vxx=   -0.0206    axis=(  0.937200 -0.049581  0.345250)
     H   19    Vyy=   -0.5471    axis=(  0.291652 -0.431493 -0.853670)
     H   19    Vzz=    0.5677    axis=(  0.191299  0.900753 -0.389935)
     H   19  Q=         1.0000 1e-30 m^2  Cq=         1.3339 MHz  eta= 0.92733

     C   20    Vxx=    0.1134    axis=(  0.496174 -0.827251 -0.263565)
     C   20    Vyy=    0.6827    axis=(  0.383526  0.481180 -0.788272)
     C   20    Vzz=   -0.7961    axis=(  0.778922  0.290036  0.556022)
     C   20  Q=         1.0000 1e-30 m^2  Cq=        -1.8706 MHz  eta= 0.71502

     H   21    Vxx=    0.0276    axis=( -0.061330 -0.956911 -0.283832)
     H   21    Vyy=    0.7039    axis=(  0.792474 -0.219567  0.569013)
     H   21    Vzz=   -0.7315    axis=( -0.606814 -0.190032  0.771793)
     H   21  Q=         1.0000 1e-30 m^2  Cq=        -1.7187 MHz  eta= 0.92463

     C   22    Vxx=    0.0087    axis=( -0.661404 -0.374435 -0.649879)
     C   22    Vyy=    0.4781    axis=( -0.662557 -0.114404  0.740223)
     C   22    Vzz=   -0.4869    axis=(  0.351515 -0.920168  0.172417)
     C   22  Q=         1.0000 1e-30 m^2  Cq=        -1.1440 MHz  eta= 0.96410

     C   23    Vxx=   -0.0944    axis=(  0.682868  0.077924 -0.726374)
     C   23    Vyy=   -0.7312    axis=(  0.707572  0.176821  0.684161)
     C   23    Vzz=    0.8256    axis=( -0.181751  0.981153 -0.065608)
     C   23  Q=         1.0000 1e-30 m^2  Cq=         1.9399 MHz  eta= 0.77123

     Cl  24    Vxx=   -1.0955    axis=(  0.476805 -0.347749  0.807296)
     Cl  24    Vyy=   -2.4301    axis=(  0.492214 -0.655296 -0.572985)
     Cl  24    Vzz=    3.5256    axis=( -0.728273 -0.670565  0.141282)
     Cl  24  Q=        -8.1650 1e-30 m^2  Cq=       -67.6364 MHz  eta= 0.37855

     Initialization:
     gipaw_setup  :      9.16s CPU     11.12s WALL (       1 calls)

     Linear response

     Apply operators

     Induced current

     Other routines
     efg          :      9.20s CPU     11.69s WALL (       1 calls)

     General routines
     calbec       :      3.29s CPU      4.56s WALL (      16 calls)
     fft          :      1.57s CPU      2.22s WALL (      15 calls)
     ffts         :      0.05s CPU      0.08s WALL (       2 calls)
     fftw         :      3.19s CPU      3.85s WALL (     672 calls)
     davcio       :      0.02s CPU      0.31s WALL (      32 calls)

     Parallel routines
     fft_scatter  :      2.15s CPU      3.29s WALL (     689 calls)

     Plugins

     GIPAW        :     60.79s CPU     72.41s WALL (       1 calls)
