
     Program QE v.6.0 (svn rev. 13079) starts on  8Jan2017 at 20: 1:18 

     This program is part of the open-source Quantum ESPRESSO suite
     for quantum simulation of materials; please cite
         "P. Giannozzi et al., J. Phys.:Condens. Matter 21 395502 (2009);
          URL http://www.quantum-espresso.org", 
     in publications or presentations arising from this work. More details at
     http://www.quantum-espresso.org/quote

     Parallel version (MPI), running on     8 processors
     R & G space division:  proc/nbgrp/npool/nimage =       8

     ***** This is GIPAW svn revision unknown      *****

     Parallelizing q-star over 1 images

     Reading data from directory:
     /users/majewski/paradichlorobenzene/pbe/9_constraint/scratch/pbe.ecut100.np8.dt60.pcl2phi-129368.save
     Message from routine read_xml_file:
     file /users/majewski/paradichlorobenzene/pbe/9_constraint/scratch/pbe.ecut100.np8.dt60.pcl2phi-129368.save not guaranteed to be safe for post-processing

   Info: using nr1, nr2, nr3 values from input

   Info: using nr1, nr2, nr3 values from input

     IMPORTANT: XC functional enforced from input :
     Exchange-correlation      =  SLA  PW   PBX  PBC ( 1  4  3  4 0 0)
     Any further DFT definition will be discarded
     Please, verify this is what you really want

               file C.pbe-n-kjpaw_psl.1.0.0.UPF: wavefunction(s)  2S 2P renormalized
               file Cl.pbe-n-kjpaw_psl.1.0.0.UPF: wavefunction(s)  3S 3P renormalized
               file H.pbe-kjpaw_psl.1.0.0.UPF: wavefunction(s)  1S renormalized

     Parallelization info
     --------------------
     sticks:   dense  smooth     PW     G-vecs:    dense   smooth      PW
     Min        3057    1223    332               144436    36536    5170
     Max        3059    1225    333               144437    36537    5171
     Sum       24467    9791   2657              1155489   292295   41363


     Subspace diagonalization in iterative solution of the eigenvalue problem:
     a serial algorithm will be used

     GIPAW projectors -----------------------------------------------
     atom=  C    l=0  rc=    1.2000  rs=    0.8000
     atom=  C    l=0  rc=    1.2000  rs=    0.8000
     atom=  C    l=1  rc=    1.4000  rs=    0.9333
     atom=  C    l=1  rc=    1.4000  rs=    0.9333
     projs nearly linearly dependent: l=1  n1,n2= 1, 2  s=  0.99951561

     atom=  Cl   l=0  rc=    1.6000  rs=    1.0667
     atom=  Cl   l=0  rc=    1.6000  rs=    1.0667
     atom=  Cl   l=1  rc=    1.6000  rs=    1.0667
     atom=  Cl   l=1  rc=    1.6000  rs=    1.0667
     atom=  Cl   l=2  rc=    1.6000  rs=    1.0667
     atom=  Cl   l=2  rc=    1.6000  rs=    1.0667
     projs nearly linearly dependent: l=2  n1,n2= 1, 2  s=  0.99993509

     atom=  H    l=0  rc=    1.0000  rs=    0.6667
     atom=  H    l=0  rc=    1.0000  rs=    0.6667
     projs nearly linearly dependent: l=0  n1,n2= 1, 2  s=  0.99968852
     -----------------------------------------------------------------

     GIPAW integrals: -------------------------------------------
     Atom  i/j   nmr_para   nmr_dia   epr_rmc  epr_para   epr_dia
       C   1 1   0.83E+03  0.17E-01  0.93E+01  0.24E+08  0.24E+03
       C   2 1   0.86E+03 -0.61E-01  0.94E+01  0.25E+08  0.25E+03
       C   2 2   0.90E+03 -0.15E+00  0.97E+01  0.26E+08  0.26E+03
       C   3 3   0.33E+01  0.34E+00  0.18E+01  0.55E+03  0.21E+02
       C   4 3   0.35E+01  0.37E+00  0.20E+01  0.59E+03  0.22E+02
       C   4 4   0.38E+01  0.39E+00  0.22E+01  0.63E+03  0.24E+02
       Cl  1 1   0.14E+04 -0.47E+00  0.84E+01  0.32E+09  0.42E+03
       Cl  2 1   0.21E+04 -0.37E+00  0.12E+02  0.49E+09  0.65E+03
       Cl  2 2   0.33E+04 -0.16E+00  0.21E+02  0.76E+09  0.10E+04
       Cl  3 3   0.21E+02  0.79E-01  0.89E+01  0.23E+05  0.13E+03
       Cl  4 3   0.24E+02  0.67E-01  0.99E+01  0.27E+05  0.15E+03
       Cl  4 4   0.28E+02  0.44E-01  0.11E+02  0.32E+05  0.18E+03
       Cl  5 5   0.77E+00  0.19E+00  0.18E+01  0.12E+03  0.22E+02
       Cl  6 5   0.80E+00  0.19E+00  0.19E+01  0.12E+03  0.23E+02
       Cl  6 6   0.83E+00  0.20E+00  0.19E+01  0.12E+03  0.23E+02
       H   1 1   0.39E+02  0.19E+00  0.29E+00  0.78E+05  0.13E+02
       H   2 1   0.41E+02  0.21E+00  0.32E+00  0.82E+05  0.14E+02
       H   2 2   0.43E+02  0.22E+00  0.36E+00  0.86E+05  0.15E+02
     ------------------------------------------------------------

     alpha_pv=     33.9744 eV

     Number of occupied bands for each k-point:
     k-point:     1    nbnd_occ=  42
     k-point:     2    nbnd_occ=  42
     k-point:     3    nbnd_occ=  42
     k-point:     4    nbnd_occ=  42
     k-point:     5    nbnd_occ=  42
     k-point:     6    nbnd_occ=  42
     k-point:     7    nbnd_occ=  42
     k-point:     8    nbnd_occ=  42
     k-point:     9    nbnd_occ=  42
     k-point:    10    nbnd_occ=  42
     k-point:    11    nbnd_occ=  42
     k-point:    12    nbnd_occ=  42
     k-point:    13    nbnd_occ=  42
     k-point:    14    nbnd_occ=  42
     k-point:    15    nbnd_occ=  42
     k-point:    16    nbnd_occ=  42


     q-space interpolation up to   110.00 Rydberg

     GIPAW job: efg                                                                             


     ELECTRIC FIELD GRADIENTS TENSORS IN Hartree/bohrradius^2:

     ----- bare term -----
     Cl   1        0.060375       -0.008667        0.137641
     Cl   1       -0.008667       -0.192132        0.317634
     Cl   1        0.137641        0.317634        0.131757

     C    2        0.029094        0.206492       -0.135290
     C    2        0.206492        0.008998       -0.627067
     C    2       -0.135290       -0.627067       -0.038092

     C    3       -0.321677        0.067278       -0.083084
     C    3        0.067278        0.004751        0.042681
     C    3       -0.083084        0.042681        0.316926

     H    4       -0.161229       -0.367114        0.037453
     H    4       -0.367114       -0.141377        0.126222
     H    4        0.037453        0.126222        0.302606

     C    5       -0.129363        0.287498       -0.188602
     C    5        0.287498       -0.044187       -0.484764
     C    5       -0.188602       -0.484764        0.173550

     H    6        0.447623       -0.217984        0.027548
     H    6       -0.217984       -0.766678        0.090794
     H    6        0.027548        0.090794        0.319055

     H    7        0.336771        0.287381        0.173692
     H    7        0.287381       -0.526105        0.159016
     H    7        0.173692        0.159016        0.189334

     C    8       -0.672702       -0.321608       -0.485732
     C    8       -0.321608        0.147196       -0.035482
     C    8       -0.485732       -0.035482        0.525507

     H    9       -0.165497       -0.005234       -0.564242
     H    9       -0.005234        0.199874       -0.094523
     H    9       -0.564242       -0.094523       -0.034377

     C   10        0.000131        0.102040       -0.306896
     C   10        0.102040       -0.137366        0.589429
     C   10       -0.306896        0.589429        0.137235

     C   11       -0.549776       -0.396878       -0.239705
     C   11       -0.396878        0.181504        0.309071
     C   11       -0.239705        0.309071        0.368272

     Cl  12        0.344364       -0.046004       -0.070052
     Cl  12       -0.046004       -0.014874       -0.532314
     Cl  12       -0.070052       -0.532314       -0.329490

     H   13        0.429287       -0.118240       -0.004816
     H   13       -0.118240       -0.575705       -0.450127
     H   13       -0.004816       -0.450127        0.146418

     C   14       -0.829077        0.203240       -0.346957
     C   14        0.203240        0.159398       -0.048533
     C   14       -0.346957       -0.048533        0.669680

     H   15       -0.368193       -0.419871        0.162694
     H   15       -0.419871        0.230526        0.122906
     H   15        0.162694        0.122906        0.137668

     C   16        0.153461        0.169523        0.067668
     C   16        0.169523       -0.418011       -0.238081
     C   16        0.067668       -0.238081        0.264551

     C   17       -0.644710        0.052330       -0.235478
     C   17        0.052330        0.044097       -0.207732
     C   17       -0.235478       -0.207732        0.600613

     Cl  18       -0.081928       -0.017619        0.029640
     Cl  18       -0.017619       -0.015376        0.139401
     Cl  18        0.029640        0.139401        0.097304

     H   19        0.430680        0.112888       -0.005761
     H   19        0.112888       -0.727790       -0.143754
     H   19       -0.005761       -0.143754        0.297111

     C   20       -0.133876        0.098886       -0.285717
     C   20        0.098886        0.050170        0.498359
     C   20       -0.285717        0.498359        0.083706

     H   21       -0.053597        0.166654       -0.375490
     H   21        0.166654       -0.093441        0.476555
     H   21       -0.375490        0.476555        0.147038

     C   22       -0.647080       -0.312621       -0.233691
     C   22       -0.312621        0.253243        0.141325
     C   22       -0.233691        0.141325        0.393837

     C   23        0.046348        0.310614       -0.466210
     C   23        0.310614       -0.314993        0.490976
     C   23       -0.466210        0.490976        0.268645

     Cl  24       -0.206082       -0.237722       -0.070219
     Cl  24       -0.237722       -0.073520       -0.039523
     Cl  24       -0.070219       -0.039523        0.279602

     ----- ionic term -----
     Cl   1        0.171833       -0.167103       -0.067370
     Cl   1       -0.167103       -0.028167        0.032733
     Cl   1       -0.067370        0.032733       -0.143666

     C    2        0.359602       -0.011987        0.043501
     C    2       -0.011987        0.123552        0.355702
     C    2        0.043501        0.355702       -0.483154

     C    3        0.292954       -0.085621        0.013714
     C    3       -0.085621        0.174094        0.327604
     C    3        0.013714        0.327604       -0.467048

     H    4        0.652133        0.593647        0.286745
     H    4        0.593647       -0.173066        0.185780
     H    4        0.286745        0.185780       -0.479068

     C    5        0.451911       -0.062737        0.058082
     C    5       -0.062737        0.093795        0.257689
     C    5        0.058082        0.257689       -0.545706

     H    6       -0.514601        0.054118        0.015654
     H    6        0.054118        0.949523        0.475039
     H    6        0.015654        0.475039       -0.434922

     H    7       -0.491255       -0.165343        0.079496
     H    7       -0.165343        0.933024       -0.449409
     H    7        0.079496       -0.449409       -0.441769

     C    8        0.251101        0.171203        0.393917
     C    8        0.171203        0.161427       -0.209943
     C    8        0.393917       -0.209943       -0.412528

     H    9        0.331304       -0.255122        0.765727
     H    9       -0.255122       -0.362581       -0.264970
     H    9        0.765727       -0.264970        0.031277

     C   10        0.066175        0.251495        0.294632
     C   10        0.251495        0.321281       -0.278095
     C   10        0.294632       -0.278095       -0.387456

     C   11        0.137944        0.143166        0.379479
     C   11        0.143166        0.242111       -0.249342
     C   11        0.379479       -0.249342       -0.380055

     Cl  12        0.126400        0.211587        0.083701
     Cl  12        0.211587        0.022244        0.053309
     Cl  12        0.083701        0.053309       -0.148644

     H   13       -0.491859        0.181072        0.079335
     H   13        0.181072        0.614525        0.701001
     H   13        0.079335        0.701001       -0.122666

     C   14        0.408883       -0.002607        0.055882
     C   14       -0.002607        0.044273        0.327268
     C   14        0.055882        0.327268       -0.453156

     H   15        0.655173        0.486383        0.510484
     H   15        0.486383       -0.277624        0.260048
     H   15        0.510484        0.260048       -0.377549

     C   16        0.214517       -0.090478        0.054950
     C   16       -0.090478        0.244855        0.379802
     C   16        0.054950        0.379802       -0.459372

     C   17        0.254276       -0.012411        0.149251
     C   17       -0.012411        0.262664        0.312166
     C   17        0.149251        0.312166       -0.516940

     Cl  18        0.137167       -0.196568        0.025316
     Cl  18       -0.196568        0.016359       -0.011760
     Cl  18        0.025316       -0.011760       -0.153525

     H   19       -0.513042       -0.147780        0.069043
     H   19       -0.147780        0.958794       -0.419940
     H   19        0.069043       -0.419940       -0.445753

     C   20        0.241762        0.211679        0.339163
     C   20        0.211679        0.208277       -0.179250
     C   20        0.339163       -0.179250       -0.450039

     H   21        0.526786       -0.263820        0.740722
     H   21       -0.263820       -0.411950       -0.229712
     H   21        0.740722       -0.229712       -0.114836

     C   22        0.141497        0.246564        0.291296
     C   22        0.246564        0.293575       -0.243364
     C   22        0.291296       -0.243364       -0.435072

     C   23        0.196425        0.080007        0.384167
     C   23        0.080007        0.174783       -0.297575
     C   23        0.384167       -0.297575       -0.371208

     Cl  24        0.143726        0.165883        0.035236
     Cl  24        0.165883        0.009424        0.014496
     Cl  24        0.035236        0.014496       -0.153149

     ----- GIPAW term -----
     Cl   1       -0.022870        0.238603       -0.583014
     Cl   1        0.238603        0.374576       -0.825036
     Cl   1       -0.583014       -0.825036       -0.351707

     C    2       -0.011965        0.091614       -0.027089
     C    2        0.091614        0.210931       -0.104119
     C    2       -0.027089       -0.104119       -0.198967

     C    3       -0.036045        0.023421       -0.020019
     C    3        0.023421        0.045472       -0.000329
     C    3       -0.020019       -0.000329       -0.009427

     H    4       -0.000000        0.000000        0.000000
     H    4        0.000000        0.000000        0.000000
     H    4        0.000000        0.000000        0.000000

     C    5       -0.057630        0.164262       -0.032358
     C    5        0.164262        0.170755       -0.149210
     C    5       -0.032358       -0.149210       -0.113125

     H    6       -0.000000        0.000000        0.000000
     H    6        0.000000        0.000000        0.000000
     H    6        0.000000        0.000000        0.000000

     H    7       -0.000000        0.000000        0.000000
     H    7        0.000000        0.000000        0.000000
     H    7        0.000000        0.000000        0.000000

     C    8       -0.107746        0.079161       -0.178144
     C    8        0.079161        0.041852       -0.176992
     C    8       -0.178144       -0.176992        0.065894

     H    9       -0.000000        0.000000        0.000000
     H    9        0.000000        0.000000        0.000000
     H    9        0.000000        0.000000        0.000000

     C   10       -0.069163        0.164546       -0.079745
     C   10        0.164546        0.171903        0.017174
     C   10       -0.079745        0.017174       -0.102740

     C   11       -0.143196        0.058969       -0.004967
     C   11        0.058969        0.219309        0.142263
     C   11       -0.004967        0.142263       -0.076113

     Cl  12        0.229169        0.591228       -0.234293
     Cl  12        0.591228       -0.106280        0.228337
     Cl  12       -0.234293        0.228337       -0.122889

     H   13       -0.000000        0.000000        0.000000
     H   13        0.000000        0.000000        0.000000
     H   13        0.000000        0.000000        0.000000

     C   14       -0.219610        0.042458        0.042268
     C   14        0.042458       -0.051801        0.125353
     C   14        0.042268        0.125353        0.271410

     H   15       -0.000000        0.000000        0.000000
     H   15        0.000000        0.000000        0.000000
     H   15        0.000000        0.000000        0.000000

     C   16       -0.021780        0.005680        0.005505
     C   16        0.005680       -0.075661        0.014543
     C   16        0.005505        0.014543        0.097441

     C   17       -0.168505       -0.063472        0.024738
     C   17       -0.063472       -0.101534        0.065019
     C   17        0.024738        0.065019        0.270038

     Cl  18        0.380527       -2.049515        0.160166
     Cl  18       -2.049515       -0.012086        1.330265
     Cl  18        0.160166        1.330265       -0.368441

     H   19       -0.000000        0.000000        0.000000
     H   19        0.000000        0.000000        0.000000
     H   19        0.000000        0.000000        0.000000

     C   20       -0.098885        0.054974       -0.020453
     C   20        0.054974        0.220078        0.165625
     C   20       -0.020453        0.165625       -0.121193

     H   21       -0.000000        0.000000        0.000000
     H   21        0.000000        0.000000        0.000000
     H   21        0.000000        0.000000        0.000000

     C   22       -0.160440        0.124362       -0.047372
     C   22        0.124362        0.250775       -0.049329
     C   22       -0.047372       -0.049329       -0.090335

     C   23        0.018213        0.186110       -0.167755
     C   23        0.186110       -0.070395       -0.063253
     C   23       -0.167755       -0.063253        0.052183

     Cl  24       -0.759086        1.091533       -1.312026
     Cl  24        1.091533       -1.223854       -0.989348
     Cl  24       -1.312026       -0.989348        1.982940

     ----- total EFG -----
     Cl   1        0.209339        0.062833       -0.512744
     Cl   1        0.062833        0.154277       -0.474668
     Cl   1       -0.512744       -0.474668       -0.363616

     C    2        0.376731        0.286119       -0.118879
     C    2        0.286119        0.343482       -0.375484
     C    2       -0.118879       -0.375484       -0.720213

     C    3       -0.064768        0.005078       -0.089389
     C    3        0.005078        0.224317        0.369955
     C    3       -0.089389        0.369955       -0.159549

     H    4        0.490904        0.226533        0.324198
     H    4        0.226533       -0.314442        0.312002
     H    4        0.324198        0.312002       -0.176462

     C    5        0.264919        0.389024       -0.162879
     C    5        0.389024        0.220362       -0.376285
     C    5       -0.162879       -0.376285       -0.485280

     H    6       -0.066979       -0.163866        0.043202
     H    6       -0.163866        0.182845        0.565833
     H    6        0.043202        0.565833       -0.115866

     H    7       -0.154485        0.122038        0.253189
     H    7        0.122038        0.406919       -0.290393
     H    7        0.253189       -0.290393       -0.252435

     C    8       -0.529347       -0.071244       -0.269958
     C    8       -0.071244        0.350474       -0.422416
     C    8       -0.269958       -0.422416        0.178873

     H    9        0.165807       -0.260356        0.201486
     H    9       -0.260356       -0.162707       -0.359493
     H    9        0.201486       -0.359493       -0.003100

     C   10       -0.002857        0.518081       -0.092009
     C   10        0.518081        0.355819        0.328508
     C   10       -0.092009        0.328508       -0.352961

     C   11       -0.555028       -0.194743        0.134808
     C   11       -0.194743        0.642924        0.201993
     C   11        0.134808        0.201993       -0.087896

     Cl  12        0.699932        0.756810       -0.220644
     Cl  12        0.756810       -0.098910       -0.250668
     Cl  12       -0.220644       -0.250668       -0.601022

     H   13       -0.062571        0.062832        0.074519
     H   13        0.062832        0.038820        0.250873
     H   13        0.074519        0.250873        0.023752

     C   14       -0.639804        0.243091       -0.248807
     C   14        0.243091        0.151870        0.404088
     C   14       -0.248807        0.404088        0.487934

     H   15        0.286980        0.066512        0.673178
     H   15        0.066512       -0.047099        0.382954
     H   15        0.673178        0.382954       -0.239881

     C   16        0.346198        0.084725        0.128123
     C   16        0.084725       -0.248818        0.156264
     C   16        0.128123        0.156264       -0.097380

     C   17       -0.558939       -0.023552       -0.061489
     C   17       -0.023552        0.205227        0.169453
     C   17       -0.061489        0.169453        0.353711

     Cl  18        0.435766       -2.263702        0.215122
     Cl  18       -2.263702       -0.011103        1.457906
     Cl  18        0.215122        1.457906       -0.424663

     H   19       -0.082362       -0.034892        0.063282
     H   19       -0.034892        0.231004       -0.563693
     H   19        0.063282       -0.563693       -0.148642

     C   20        0.009001        0.365539        0.032992
     C   20        0.365539        0.478525        0.484735
     C   20        0.032992        0.484735       -0.487526

     H   21        0.473188       -0.097166        0.365232
     H   21       -0.097166       -0.505391        0.246843
     H   21        0.365232        0.246843        0.032203

     C   22       -0.666023        0.058305        0.010233
     C   22        0.058305        0.797594       -0.151369
     C   22        0.010233       -0.151369       -0.131571

     C   23        0.260986        0.576730       -0.249798
     C   23        0.576730       -0.210606        0.130148
     C   23       -0.249798        0.130148       -0.050381

     Cl  24       -0.821443        1.019694       -1.347008
     Cl  24        1.019694       -1.287950       -1.014375
     Cl  24       -1.347008       -1.014375        2.109392

     ----- total EFG (symmetrized) -----
     Cl   1        0.209339        0.062833       -0.512744
     Cl   1        0.062833        0.154277       -0.474668
     Cl   1       -0.512744       -0.474668       -0.363616

     C    2        0.376731        0.286119       -0.118879
     C    2        0.286119        0.343482       -0.375484
     C    2       -0.118879       -0.375484       -0.720213

     C    3       -0.064768        0.005078       -0.089389
     C    3        0.005078        0.224317        0.369955
     C    3       -0.089389        0.369955       -0.159549

     H    4        0.490904        0.226533        0.324198
     H    4        0.226533       -0.314442        0.312002
     H    4        0.324198        0.312002       -0.176462

     C    5        0.264919        0.389024       -0.162879
     C    5        0.389024        0.220362       -0.376285
     C    5       -0.162879       -0.376285       -0.485280

     H    6       -0.066979       -0.163866        0.043202
     H    6       -0.163866        0.182845        0.565833
     H    6        0.043202        0.565833       -0.115866

     H    7       -0.154485        0.122038        0.253189
     H    7        0.122038        0.406919       -0.290393
     H    7        0.253189       -0.290393       -0.252435

     C    8       -0.529347       -0.071244       -0.269958
     C    8       -0.071244        0.350474       -0.422416
     C    8       -0.269958       -0.422416        0.178873

     H    9        0.165807       -0.260356        0.201486
     H    9       -0.260356       -0.162707       -0.359493
     H    9        0.201486       -0.359493       -0.003100

     C   10       -0.002857        0.518081       -0.092009
     C   10        0.518081        0.355819        0.328508
     C   10       -0.092009        0.328508       -0.352961

     C   11       -0.555028       -0.194743        0.134808
     C   11       -0.194743        0.642924        0.201993
     C   11        0.134808        0.201993       -0.087896

     Cl  12        0.699932        0.756810       -0.220644
     Cl  12        0.756810       -0.098910       -0.250668
     Cl  12       -0.220644       -0.250668       -0.601022

     H   13       -0.062571        0.062832        0.074519
     H   13        0.062832        0.038820        0.250873
     H   13        0.074519        0.250873        0.023752

     C   14       -0.639804        0.243091       -0.248807
     C   14        0.243091        0.151870        0.404088
     C   14       -0.248807        0.404088        0.487934

     H   15        0.286980        0.066512        0.673178
     H   15        0.066512       -0.047099        0.382954
     H   15        0.673178        0.382954       -0.239881

     C   16        0.346198        0.084725        0.128123
     C   16        0.084725       -0.248818        0.156264
     C   16        0.128123        0.156264       -0.097380

     C   17       -0.558939       -0.023552       -0.061489
     C   17       -0.023552        0.205227        0.169453
     C   17       -0.061489        0.169453        0.353711

     Cl  18        0.435766       -2.263702        0.215122
     Cl  18       -2.263702       -0.011103        1.457906
     Cl  18        0.215122        1.457906       -0.424663

     H   19       -0.082362       -0.034892        0.063282
     H   19       -0.034892        0.231004       -0.563693
     H   19        0.063282       -0.563693       -0.148642

     C   20        0.009001        0.365539        0.032992
     C   20        0.365539        0.478525        0.484735
     C   20        0.032992        0.484735       -0.487526

     H   21        0.473188       -0.097166        0.365232
     H   21       -0.097166       -0.505391        0.246843
     H   21        0.365232        0.246843        0.032203

     C   22       -0.666023        0.058305        0.010233
     C   22        0.058305        0.797594       -0.151369
     C   22        0.010233       -0.151369       -0.131571

     C   23        0.260986        0.576730       -0.249798
     C   23        0.576730       -0.210606        0.130148
     C   23       -0.249798        0.130148       -0.050381

     Cl  24       -0.821443        1.019694       -1.347008
     Cl  24        1.019694       -1.287950       -1.014375
     Cl  24       -1.347008       -1.014375        2.109392


     NQR/NMR SPECTROSCOPIC PARAMETERS:
     Cl   1    Vxx=    0.1166    axis=(  0.664463 -0.746771  0.028674)
     Cl   1    Vyy=    0.7045    axis=( -0.635656 -0.544585  0.547146)
     Cl   1    Vzz=   -0.8211    axis=( -0.392978 -0.381785 -0.836546)
     Cl   1  Q=        -8.1650 1e-30 m^2  Cq=        15.7527 MHz  eta= 0.71601

     C    2    Vxx=    0.1085    axis=(  0.753717 -0.632504  0.178468)
     C    2    Vyy=    0.7316    axis=(  0.656784  0.715276 -0.238780)
     C    2    Vzz=   -0.8400    axis=(  0.023376  0.297187  0.954533)
     C    2  Q=         1.0000 1e-30 m^2  Cq=        -1.9737 MHz  eta= 0.74173

     C    3    Vxx=   -0.0497    axis=(  0.969981  0.188868 -0.153185)
     C    3    Vyy=   -0.4030    axis=( -0.228849  0.495892 -0.837687)
     C    3    Vzz=    0.4526    axis=( -0.082249  0.847597  0.524228)
     C    3  Q=         1.0000 1e-30 m^2  Cq=         1.0635 MHz  eta= 0.78056

     H    4    Vxx=   -0.1633    axis=( -0.515210  0.562586  0.646573)
     H    4    Vyy=   -0.5658    axis=(  0.032385  0.766644 -0.641255)
     H    4    Vzz=    0.7292    axis=(  0.856452  0.309441  0.413202)
     H    4  Q=         1.0000 1e-30 m^2  Cq=         1.7132 MHz  eta= 0.55204

     C    5    Vxx=   -0.1017    axis=(  0.754637 -0.599203  0.267355)
     C    5    Vyy=   -0.6483    axis=( -0.006987  0.400104  0.916443)
     C    5    Vzz=    0.7500    axis=( -0.656105 -0.693450  0.297746)
     C    5  Q=         1.0000 1e-30 m^2  Cq=         1.7622 MHz  eta= 0.72885

     H    6    Vxx=   -0.0473    axis=(  0.955663 -0.037591  0.292052)
     H    6    Vyy=   -0.5870    axis=(  0.253935  0.607348 -0.752759)
     H    6    Vzz=    0.6343    axis=( -0.149080  0.793546  0.589966)
     H    6  Q=         1.0000 1e-30 m^2  Cq=         1.4904 MHz  eta= 0.85076

     H    7    Vxx=    0.0394    axis=( -0.819549 -0.162139 -0.549591)
     H    7    Vyy=    0.5176    axis=(  0.042367  0.939360 -0.340306)
     H    7    Vzz=   -0.5571    axis=( -0.571441  0.302182  0.762982)
     H    7  Q=         1.0000 1e-30 m^2  Cq=        -1.3089 MHz  eta= 0.85837

     C    8    Vxx=   -0.0393    axis=( -0.446102  0.618984  0.646414)
     C    8    Vyy=   -0.6679    axis=( -0.889494 -0.226776 -0.396703)
     C    8    Vzz=    0.7072    axis=( -0.098961 -0.751952  0.651748)
     C    8  Q=         1.0000 1e-30 m^2  Cq=         1.6617 MHz  eta= 0.88882

     H    9    Vxx=   -0.0904    axis=(  0.751402  0.275494 -0.599581)
     H    9    Vyy=   -0.4632    axis=(  0.154206  0.810192  0.565518)
     H    9    Vzz=    0.5536    axis=( -0.641573  0.517390 -0.566297)
     H    9  Q=         1.0000 1e-30 m^2  Cq=         1.3008 MHz  eta= 0.67333

     C   10    Vxx=   -0.1233    axis=(  0.684795 -0.278822 -0.673286)
     C   10    Vyy=   -0.6447    axis=(  0.499792 -0.492687  0.712367)
     C   10    Vzz=    0.7681    axis=( -0.530343 -0.824328 -0.198037)
     C   10  Q=         1.0000 1e-30 m^2  Cq=         1.8046 MHz  eta= 0.67883

     C   11    Vxx=   -0.0770    axis=(  0.331232 -0.170776  0.927966)
     C   11    Vyy=   -0.6376    axis=( -0.935273 -0.189405  0.298983)
     C   11    Vzz=    0.7145    axis=( -0.124703  0.966934  0.222459)
     C   11  Q=         1.0000 1e-30 m^2  Cq=         1.6788 MHz  eta= 0.78461

     Cl  12    Vxx=   -0.4947    axis=(  0.525095 -0.679495  0.512408)
     Cl  12    Vyy=   -0.7176    axis=( -0.147035  0.520606  0.841041)
     Cl  12    Vzz=    1.2123    axis=( -0.838245 -0.516969  0.173458)
     Cl  12  Q=        -8.1650 1e-30 m^2  Cq=       -23.2580 MHz  eta= 0.18385

     H   13    Vxx=   -0.0873    axis=( -0.964819  0.231036  0.125486)
     H   13    Vyy=   -0.2204    axis=( -0.069711 -0.685003  0.725198)
     H   13    Vzz=    0.3077    axis=( -0.253506 -0.690937 -0.677009)
     H   13  Q=         1.0000 1e-30 m^2  Cq=         0.7229 MHz  eta= 0.43248

     C   14    Vxx=    0.0487    axis=(  0.438898  0.771290 -0.460956)
     C   14    Vyy=    0.7616    axis=( -0.056644  0.535737  0.842483)
     C   14    Vzz=   -0.8103    axis=(  0.896750 -0.343654  0.278823)
     C   14  Q=         1.0000 1e-30 m^2  Cq=        -1.9039 MHz  eta= 0.87980

     H   15    Vxx=   -0.0265    axis=(  0.459677 -0.878931 -0.127194)
     H   15    Vyy=   -0.8082    axis=(  0.471825  0.363038 -0.803483)
     H   15    Vzz=    0.8347    axis=(  0.752382  0.309330  0.581581)
     H   15  Q=         1.0000 1e-30 m^2  Cq=         1.9612 MHz  eta= 0.93659

     C   16    Vxx=   -0.0578    axis=( -0.355243  0.492450  0.794541)
     C   16    Vyy=   -0.3468    axis=( -0.006013  0.848760 -0.528744)
     C   16    Vzz=    0.4046    axis=(  0.934755  0.192611  0.298555)
     C   16  Q=         1.0000 1e-30 m^2  Cq=         0.9506 MHz  eta= 0.71420

     C   17    Vxx=    0.0948    axis=(  0.020943  0.838854 -0.543954)
     C   17    Vyy=    0.4685    axis=( -0.062545  0.544107  0.836682)
     C   17    Vzz=   -0.5633    axis=( -0.997822 -0.016499 -0.063861)
     C   17  Q=         1.0000 1e-30 m^2  Cq=        -1.3234 MHz  eta= 0.66354

     Cl  18    Vxx=    0.0224    axis=(  0.531190  0.175766  0.828820)
     Cl  18    Vyy=    2.7239    axis=( -0.662490  0.695974  0.276996)
     Cl  18    Vzz=   -2.7463    axis=( -0.528151 -0.696223  0.486138)
     Cl  18  Q=        -8.1650 1e-30 m^2  Cq=        52.6867 MHz  eta= 0.98370

     H   19    Vxx=   -0.0862    axis=(  0.993771  0.111432  0.001191)
     H   19    Vyy=   -0.5557    axis=( -0.065926  0.579259  0.812473)
     H   19    Vzz=    0.6419    axis=(  0.089845 -0.807491  0.582997)
     H   19  Q=         1.0000 1e-30 m^2  Cq=         1.5081 MHz  eta= 0.73141

     C   20    Vxx=   -0.1226    axis=(  0.902380 -0.296699 -0.312537)
     C   20    Vyy=   -0.7080    axis=( -0.171784  0.417472 -0.892304)
     C   20    Vzz=    0.8306    axis=(  0.395222  0.858887  0.325750)
     C   20  Q=         1.0000 1e-30 m^2  Cq=         1.9515 MHz  eta= 0.70475

     H   21    Vxx=   -0.0295    axis=(  0.452291 -0.481665 -0.750621)
     H   21    Vyy=   -0.6511    axis=(  0.215967  0.875726 -0.431812)
     H   21    Vzz=    0.6805    axis=( -0.865327 -0.033196 -0.500107)
     H   21  Q=         1.0000 1e-30 m^2  Cq=         1.5990 MHz  eta= 0.91338

     C   22    Vxx=   -0.1549    axis=(  0.037401  0.154608  0.987268)
     C   22    Vyy=   -0.6688    axis=(  0.998594 -0.042915 -0.031110)
     C   22    Vzz=    0.8237    axis=(  0.037559  0.987043 -0.155996)
     C   22  Q=         1.0000 1e-30 m^2  Cq=         1.9354 MHz  eta= 0.62394

     C   23    Vxx=    0.0197    axis=( -0.041102  0.411542  0.910464)
     C   23    Vyy=    0.6751    axis=( -0.834764 -0.514900  0.195057)
     C   23    Vzz=   -0.6948    axis=(  0.549072 -0.752005  0.364704)
     C   23  Q=         1.0000 1e-30 m^2  Cq=        -1.6326 MHz  eta= 0.94322

     Cl  24    Vxx=   -0.9399    axis=(  0.672309  0.560582  0.483475)
     Cl  24    Vyy=   -2.1015    axis=(  0.633400 -0.773654  0.016248)
     Cl  24    Vzz=    3.0414    axis=( -0.383151 -0.295309  0.875207)
     Cl  24  Q=        -8.1650 1e-30 m^2  Cq=       -58.3469 MHz  eta= 0.38194

     Initialization:
     gipaw_setup  :      8.91s CPU     11.01s WALL (       1 calls)

     Linear response

     Apply operators

     Induced current

     Other routines
     efg          :      9.43s CPU     12.39s WALL (       1 calls)

     General routines
     calbec       :      3.34s CPU      4.46s WALL (      16 calls)
     fft          :      1.42s CPU      2.13s WALL (      15 calls)
     ffts         :      0.04s CPU      0.08s WALL (       2 calls)
     fftw         :      3.28s CPU      4.20s WALL (     672 calls)
     davcio       :      0.02s CPU      0.32s WALL (      32 calls)

     Parallel routines
     fft_scatter  :      2.14s CPU      3.64s WALL (     689 calls)

     Plugins

     GIPAW        :     60.71s CPU     72.43s WALL (       1 calls)
