
     Program QE v.6.0 (svn rev. 13079) starts on  9Jan2017 at  6:43:22 

     This program is part of the open-source Quantum ESPRESSO suite
     for quantum simulation of materials; please cite
         "P. Giannozzi et al., J. Phys.:Condens. Matter 21 395502 (2009);
          URL http://www.quantum-espresso.org", 
     in publications or presentations arising from this work. More details at
     http://www.quantum-espresso.org/quote

     Parallel version (MPI), running on     8 processors
     R & G space division:  proc/nbgrp/npool/nimage =       8

     ***** This is GIPAW svn revision unknown      *****

     Parallelizing q-star over 1 images

     Reading data from directory:
     /users/majewski/paradichlorobenzene/pbe/9_constraint/scratch/pbe.ecut100.np8.dt60.pcl2phi-129368.save
     Message from routine read_xml_file:
     file /users/majewski/paradichlorobenzene/pbe/9_constraint/scratch/pbe.ecut100.np8.dt60.pcl2phi-129368.save not guaranteed to be safe for post-processing

   Info: using nr1, nr2, nr3 values from input

   Info: using nr1, nr2, nr3 values from input

     IMPORTANT: XC functional enforced from input :
     Exchange-correlation      =  SLA  PW   PBX  PBC ( 1  4  3  4 0 0)
     Any further DFT definition will be discarded
     Please, verify this is what you really want

               file C.pbe-n-kjpaw_psl.1.0.0.UPF: wavefunction(s)  2S 2P renormalized
               file Cl.pbe-n-kjpaw_psl.1.0.0.UPF: wavefunction(s)  3S 3P renormalized
               file H.pbe-kjpaw_psl.1.0.0.UPF: wavefunction(s)  1S renormalized

     Parallelization info
     --------------------
     sticks:   dense  smooth     PW     G-vecs:    dense   smooth      PW
     Min        3057    1223    332               144436    36536    5170
     Max        3059    1225    333               144437    36537    5171
     Sum       24467    9791   2657              1155489   292295   41363


     Subspace diagonalization in iterative solution of the eigenvalue problem:
     a serial algorithm will be used

     GIPAW projectors -----------------------------------------------
     atom=  C    l=0  rc=    1.2000  rs=    0.8000
     atom=  C    l=0  rc=    1.2000  rs=    0.8000
     atom=  C    l=1  rc=    1.4000  rs=    0.9333
     atom=  C    l=1  rc=    1.4000  rs=    0.9333
     projs nearly linearly dependent: l=1  n1,n2= 1, 2  s=  0.99951561

     atom=  Cl   l=0  rc=    1.6000  rs=    1.0667
     atom=  Cl   l=0  rc=    1.6000  rs=    1.0667
     atom=  Cl   l=1  rc=    1.6000  rs=    1.0667
     atom=  Cl   l=1  rc=    1.6000  rs=    1.0667
     atom=  Cl   l=2  rc=    1.6000  rs=    1.0667
     atom=  Cl   l=2  rc=    1.6000  rs=    1.0667
     projs nearly linearly dependent: l=2  n1,n2= 1, 2  s=  0.99993509

     atom=  H    l=0  rc=    1.0000  rs=    0.6667
     atom=  H    l=0  rc=    1.0000  rs=    0.6667
     projs nearly linearly dependent: l=0  n1,n2= 1, 2  s=  0.99968852
     -----------------------------------------------------------------

     GIPAW integrals: -------------------------------------------
     Atom  i/j   nmr_para   nmr_dia   epr_rmc  epr_para   epr_dia
       C   1 1   0.83E+03  0.17E-01  0.93E+01  0.24E+08  0.24E+03
       C   2 1   0.86E+03 -0.61E-01  0.94E+01  0.25E+08  0.25E+03
       C   2 2   0.90E+03 -0.15E+00  0.97E+01  0.26E+08  0.26E+03
       C   3 3   0.33E+01  0.34E+00  0.18E+01  0.55E+03  0.21E+02
       C   4 3   0.35E+01  0.37E+00  0.20E+01  0.59E+03  0.22E+02
       C   4 4   0.38E+01  0.39E+00  0.22E+01  0.63E+03  0.24E+02
       Cl  1 1   0.14E+04 -0.47E+00  0.84E+01  0.32E+09  0.42E+03
       Cl  2 1   0.21E+04 -0.37E+00  0.12E+02  0.49E+09  0.65E+03
       Cl  2 2   0.33E+04 -0.16E+00  0.21E+02  0.76E+09  0.10E+04
       Cl  3 3   0.21E+02  0.79E-01  0.89E+01  0.23E+05  0.13E+03
       Cl  4 3   0.24E+02  0.67E-01  0.99E+01  0.27E+05  0.15E+03
       Cl  4 4   0.28E+02  0.44E-01  0.11E+02  0.32E+05  0.18E+03
       Cl  5 5   0.77E+00  0.19E+00  0.18E+01  0.12E+03  0.22E+02
       Cl  6 5   0.80E+00  0.19E+00  0.19E+01  0.12E+03  0.23E+02
       Cl  6 6   0.83E+00  0.20E+00  0.19E+01  0.12E+03  0.23E+02
       H   1 1   0.39E+02  0.19E+00  0.29E+00  0.78E+05  0.13E+02
       H   2 1   0.41E+02  0.21E+00  0.32E+00  0.82E+05  0.14E+02
       H   2 2   0.43E+02  0.22E+00  0.36E+00  0.86E+05  0.15E+02
     ------------------------------------------------------------

     alpha_pv=     34.2226 eV

     Number of occupied bands for each k-point:
     k-point:     1    nbnd_occ=  42
     k-point:     2    nbnd_occ=  42
     k-point:     3    nbnd_occ=  42
     k-point:     4    nbnd_occ=  42
     k-point:     5    nbnd_occ=  42
     k-point:     6    nbnd_occ=  42
     k-point:     7    nbnd_occ=  42
     k-point:     8    nbnd_occ=  42
     k-point:     9    nbnd_occ=  42
     k-point:    10    nbnd_occ=  42
     k-point:    11    nbnd_occ=  42
     k-point:    12    nbnd_occ=  42
     k-point:    13    nbnd_occ=  42
     k-point:    14    nbnd_occ=  42
     k-point:    15    nbnd_occ=  42
     k-point:    16    nbnd_occ=  42


     q-space interpolation up to   110.00 Rydberg

     GIPAW job: efg                                                                             


     ELECTRIC FIELD GRADIENTS TENSORS IN Hartree/bohrradius^2:

     ----- bare term -----
     Cl   1       -0.114889        0.132905       -0.105063
     Cl   1        0.132905        0.023317       -0.162631
     Cl   1       -0.105063       -0.162631        0.091572

     C    2       -0.021944        0.357522       -0.183970
     C    2        0.357522       -0.091349       -0.620114
     C    2       -0.183970       -0.620114        0.113293

     C    3       -0.196656        0.124273       -0.199518
     C    3        0.124273       -0.003426       -0.201254
     C    3       -0.199518       -0.201254        0.200083

     H    4       -0.403765       -0.481898        0.092985
     H    4       -0.481898        0.105132        0.100450
     H    4        0.092985        0.100450        0.298633

     C    5       -0.090317        0.302111       -0.175516
     C    5        0.302111       -0.184399       -0.344953
     C    5       -0.175516       -0.344953        0.274716

     H    6        0.390631       -0.327349        0.086452
     H    6       -0.327349       -0.691596        0.122619
     H    6        0.086452        0.122619        0.300965

     H    7        0.242728        0.080134       -0.081922
     H    7        0.080134       -0.466085        0.559917
     H    7       -0.081922        0.559917        0.223357

     C    8       -0.672944       -0.306109       -0.377627
     C    8       -0.306109        0.231660        0.101910
     C    8       -0.377627        0.101910        0.441285

     H    9       -0.016681        0.014919       -0.543833
     H    9        0.014919        0.311139       -0.165320
     H    9       -0.543833       -0.165320       -0.294458

     C   10       -0.090631        0.067671       -0.265549
     C   10        0.067671       -0.104400        0.680261
     C   10       -0.265549        0.680261        0.195031

     C   11       -0.438647       -0.340064       -0.179930
     C   11       -0.340064        0.028105        0.429326
     C   11       -0.179930        0.429326        0.410542

     Cl  12        0.092688       -0.019910       -0.073997
     Cl  12       -0.019910       -0.077340       -0.138699
     Cl  12       -0.073997       -0.138699       -0.015348

     H   13        0.203312       -0.107124       -0.030461
     H   13       -0.107124       -0.468446       -0.547133
     H   13       -0.030461       -0.547133        0.265135

     C   14       -0.689098        0.398960       -0.433469
     C   14        0.398960        0.370934       -0.190444
     C   14       -0.433469       -0.190444        0.318164

     H   15       -0.546623       -0.049985       -0.134690
     H   15       -0.049985        0.356348       -0.348391
     H   15       -0.134690       -0.348391        0.190274

     C   16        0.016572        0.329183       -0.067119
     C   16        0.329183       -0.352922       -0.457671
     C   16       -0.067119       -0.457671        0.336350

     C   17       -0.599550        0.360376       -0.386470
     C   17        0.360376        0.315188       -0.086087
     C   17       -0.386470       -0.086087        0.284362

     Cl  18       -0.068110        0.035502        0.058854
     Cl  18        0.035502       -0.036351        0.087292
     Cl  18        0.058854        0.087292        0.104462

     H   19        0.466972        0.034129       -0.051227
     H   19        0.034129       -0.749237       -0.133401
     H   19       -0.051227       -0.133401        0.282266

     C   20       -0.178271        0.316768       -0.369053
     C   20        0.316768        0.011672        0.575157
     C   20       -0.369053        0.575157        0.166599

     H   21       -0.193426        0.120777       -0.372822
     H   21        0.120777        0.325281        0.395680
     H   21       -0.372822        0.395680       -0.131854

     C   22       -0.335456       -0.343929       -0.232048
     C   22       -0.343929       -0.039941        0.190036
     C   22       -0.232048        0.190036        0.375397

     C   23        0.047181        0.353887       -0.509192
     C   23        0.353887       -0.242244        0.515637
     C   23       -0.509192        0.515637        0.195063

     Cl  24       -0.193560       -0.308175       -0.055849
     Cl  24       -0.308175       -0.053374       -0.012085
     Cl  24       -0.055849       -0.012085        0.246934

     ----- ionic term -----
     Cl   1        0.121087       -0.207038       -0.021878
     Cl   1       -0.207038        0.042095        0.015996
     Cl   1       -0.021878        0.015996       -0.163182

     C    2        0.242627       -0.141313        0.204830
     C    2       -0.141313        0.203414        0.366356
     C    2        0.204830        0.366356       -0.446041

     C    3        0.199853       -0.143496        0.137797
     C    3       -0.143496        0.234588        0.357549
     C    3        0.137797        0.357549       -0.434440

     H    4        0.710683        0.414004        0.511350
     H    4        0.414004       -0.366204        0.226107
     H    4        0.511350        0.226107       -0.344479

     C    5        0.431985       -0.123670        0.164367
     C    5       -0.123670        0.072438        0.261968
     C    5        0.164367        0.261968       -0.504423

     H    6       -0.490447        0.084114        0.025671
     H    6        0.084114        0.843498        0.566071
     H    6        0.025671        0.566071       -0.353051

     H    7       -0.515171       -0.115376        0.073557
     H    7       -0.115376        0.707791       -0.656245
     H    7        0.073557       -0.656245       -0.192620

     C    8        0.251759        0.194681        0.385465
     C    8        0.194681        0.079213       -0.262304
     C    8        0.385465       -0.262304       -0.330972

     H    9        0.337984       -0.216210        0.781112
     H    9       -0.216210       -0.428036       -0.246791
     H    9        0.781112       -0.246791        0.090052

     C   10        0.095576        0.276509        0.285283
     C   10        0.276509        0.226387       -0.311756
     C   10        0.285283       -0.311756       -0.321963

     C   11        0.154058        0.188208        0.377091
     C   11        0.188208        0.192154       -0.330472
     C   11        0.377091       -0.330472       -0.346211

     Cl  12        0.121416        0.229621        0.047895
     Cl  12        0.229621        0.040780        0.032811
     Cl  12        0.047895        0.032811       -0.162196

     H   13       -0.421316        0.352688        0.168893
     H   13        0.352688        0.737333        0.568803
     H   13        0.168893        0.568803       -0.316017

     C   14        0.351549       -0.068755        0.219293
     C   14       -0.068755        0.063872        0.282133
     C   14        0.219293        0.282133       -0.415421

     H   15        0.772705        0.371242        0.508140
     H   15        0.371242       -0.388171        0.211278
     H   15        0.508140        0.211278       -0.384534

     C   16        0.197052       -0.154438        0.112415
     C   16       -0.154438        0.187076        0.381555
     C   16        0.112415        0.381555       -0.384128

     C   17        0.348541       -0.077976        0.140926
     C   17       -0.077976        0.082877        0.388632
     C   17        0.140926        0.388632       -0.431418

     Cl  18        0.146404       -0.198585       -0.037377
     Cl  18       -0.198585       -0.018475        0.028890
     Cl  18       -0.037377        0.028890       -0.127929

     H   19       -0.484381       -0.223334        0.094424
     H   19       -0.223334        0.920121       -0.456032
     H   19        0.094424       -0.456032       -0.435740

     C   20        0.248197        0.159194        0.391162
     C   20        0.159194        0.145215       -0.213703
     C   20        0.391162       -0.213703       -0.393412

     H   21        0.516721       -0.198488        0.768495
     H   21       -0.198488       -0.445558       -0.212825
     H   21        0.768495       -0.212825       -0.071163

     C   22        0.073986        0.275198        0.287676
     C   22        0.275198        0.280975       -0.334583
     C   22        0.287676       -0.334583       -0.354961

     C   23        0.108424        0.174206        0.376086
     C   23        0.174206        0.217473       -0.377087
     C   23        0.376086       -0.377087       -0.325898

     Cl  24        0.126913        0.199438        0.057919
     Cl  24        0.199438        0.033484        0.028546
     Cl  24        0.057919        0.028546       -0.160397

     ----- GIPAW term -----
     Cl   1        0.310143       -0.886913       -1.171504
     Cl   1       -0.886913        0.204314       -1.678838
     Cl   1       -1.171504       -1.678838       -0.514458

     C    2        0.073204        0.134710       -0.095787
     C    2        0.134710        0.064021       -0.164507
     C    2       -0.095787       -0.164507       -0.137224

     C    3       -0.011205        0.090489       -0.103307
     C    3        0.090489        0.030344       -0.076819
     C    3       -0.103307       -0.076819       -0.019140

     H    4       -0.000000        0.000000        0.000000
     H    4        0.000000        0.000000        0.000000
     H    4        0.000000        0.000000        0.000000

     C    5        0.006772        0.158379       -0.091422
     C    5        0.158379        0.015291       -0.156431
     C    5       -0.091422       -0.156431       -0.022063

     H    6       -0.000000        0.000000        0.000000
     H    6        0.000000        0.000000        0.000000
     H    6        0.000000        0.000000        0.000000

     H    7       -0.000000        0.000000        0.000000
     H    7        0.000000        0.000000        0.000000
     H    7        0.000000        0.000000        0.000000

     C    8       -0.129987        0.085871       -0.090209
     C    8        0.085871        0.156713       -0.091424
     C    8       -0.090209       -0.091424       -0.026726

     H    9       -0.000000        0.000000        0.000000
     H    9        0.000000        0.000000        0.000000
     H    9        0.000000        0.000000        0.000000

     C   10       -0.074629        0.141434       -0.014750
     C   10        0.141434        0.104714        0.197497
     C   10       -0.014750        0.197497       -0.030086

     C   11       -0.107714        0.109865        0.032568
     C   11        0.109865        0.134380        0.196150
     C   11        0.032568        0.196150       -0.026666

     Cl  12       -0.380084        0.938313       -0.566843
     Cl  12        0.938313        0.317912        1.850129
     Cl  12       -0.566843        1.850129        0.062172

     H   13       -0.000000        0.000000        0.000000
     H   13        0.000000        0.000000        0.000000
     H   13        0.000000        0.000000        0.000000

     C   14       -0.140979        0.176297       -0.046240
     C   14        0.176297        0.199663        0.016632
     C   14       -0.046240        0.016632       -0.058685

     H   15       -0.000000        0.000000        0.000000
     H   15        0.000000        0.000000        0.000000
     H   15        0.000000        0.000000        0.000000

     C   16       -0.093095        0.087470        0.039337
     C   16        0.087470        0.075204        0.117208
     C   16        0.039337        0.117208        0.017892

     C   17       -0.095356        0.111338        0.015615
     C   17        0.111338        0.200580        0.137298
     C   17        0.015615        0.137298       -0.105224

     Cl  18       -0.394910       -1.185039        0.733748
     Cl  18       -1.185039       -0.445125        1.907389
     Cl  18        0.733748        1.907389        0.840035

     H   19       -0.000000        0.000000        0.000000
     H   19        0.000000        0.000000        0.000000
     H   19        0.000000        0.000000        0.000000

     C   20       -0.016623        0.214263        0.017383
     C   20        0.214263        0.098772        0.196933
     C   20        0.017383        0.196933       -0.082149

     H   21       -0.000000        0.000000        0.000000
     H   21        0.000000        0.000000        0.000000
     H   21        0.000000        0.000000        0.000000

     C   22        0.021771        0.149454       -0.080249
     C   22        0.149454        0.057274       -0.055301
     C   22       -0.080249       -0.055301       -0.079045

     C   23        0.039135        0.255835       -0.167476
     C   23        0.255835       -0.004834       -0.069160
     C   23       -0.167476       -0.069160       -0.034302

     Cl  24       -0.219997        0.760799       -1.947724
     Cl  24        0.760799       -1.381075       -0.507491
     Cl  24       -1.947724       -0.507491        1.601072

     ----- total EFG -----
     Cl   1        0.316341       -0.961046       -1.298446
     Cl   1       -0.961046        0.269727       -1.825473
     Cl   1       -1.298446       -1.825473       -0.586067

     C    2        0.293887        0.350920       -0.074926
     C    2        0.350920        0.176085       -0.418266
     C    2       -0.074926       -0.418266       -0.469972

     C    3       -0.008009        0.071266       -0.165028
     C    3        0.071266        0.261506        0.079477
     C    3       -0.165028        0.079477       -0.253497

     H    4        0.306918       -0.067894        0.604335
     H    4       -0.067894       -0.261072        0.326557
     H    4        0.604335        0.326557       -0.045846

     C    5        0.348440        0.336820       -0.102572
     C    5        0.336820       -0.096670       -0.239416
     C    5       -0.102572       -0.239416       -0.251770

     H    6       -0.099816       -0.243235        0.112123
     H    6       -0.243235        0.151902        0.688690
     H    6        0.112123        0.688690       -0.052086

     H    7       -0.272444       -0.035242       -0.008364
     H    7       -0.035242        0.241707       -0.096328
     H    7       -0.008364       -0.096328        0.030737

     C    8       -0.551173       -0.025557       -0.082371
     C    8       -0.025557        0.467586       -0.251818
     C    8       -0.082371       -0.251818        0.083586

     H    9        0.321303       -0.201292        0.237280
     H    9       -0.201292       -0.116897       -0.412110
     H    9        0.237280       -0.412110       -0.204406

     C   10       -0.069684        0.485614        0.004983
     C   10        0.485614        0.226701        0.566002
     C   10        0.004983        0.566002       -0.157017

     C   11       -0.392303       -0.041992        0.229729
     C   11       -0.041992        0.354639        0.295004
     C   11        0.229729        0.295004        0.037664

     Cl  12       -0.165980        1.148024       -0.592946
     Cl  12        1.148024        0.281353        1.744241
     Cl  12       -0.592946        1.744241       -0.115372

     H   13       -0.218004        0.245564        0.138432
     H   13        0.245564        0.268887        0.021670
     H   13        0.138432        0.021670       -0.050882

     C   14       -0.478528        0.506501       -0.260416
     C   14        0.506501        0.634470        0.108321
     C   14       -0.260416        0.108321       -0.155942

     H   15        0.226082        0.321257        0.373450
     H   15        0.321257       -0.031822       -0.137113
     H   15        0.373450       -0.137113       -0.194260

     C   16        0.120529        0.262215        0.084633
     C   16        0.262215       -0.090642        0.041091
     C   16        0.084633        0.041091       -0.029887

     C   17       -0.346365        0.393738       -0.229929
     C   17        0.393738        0.598644        0.439843
     C   17       -0.229929        0.439843       -0.252279

     Cl  18       -0.316616       -1.348122        0.755225
     Cl  18       -1.348122       -0.499952        2.023571
     Cl  18        0.755225        2.023571        0.816568

     H   19       -0.017410       -0.189204        0.043197
     H   19       -0.189204        0.170884       -0.589433
     H   19        0.043197       -0.589433       -0.153474

     C   20        0.053303        0.690225        0.039492
     C   20        0.690225        0.255658        0.558386
     C   20        0.039492        0.558386       -0.308961

     H   21        0.323294       -0.077711        0.395673
     H   21       -0.077711       -0.120277        0.182855
     H   21        0.395673        0.182855       -0.203017

     C   22       -0.239699        0.080722       -0.024621
     C   22        0.080722        0.298308       -0.199848
     C   22       -0.024621       -0.199848       -0.058609

     C   23        0.194741        0.783928       -0.300582
     C   23        0.783928       -0.029605        0.069390
     C   23       -0.300582        0.069390       -0.165136

     Cl  24       -0.286644        0.652062       -1.945654
     Cl  24        0.652062       -1.400964       -0.491030
     Cl  24       -1.945654       -0.491030        1.687609

     ----- total EFG (symmetrized) -----
     Cl   1        0.316341       -0.961046       -1.298446
     Cl   1       -0.961046        0.269727       -1.825473
     Cl   1       -1.298446       -1.825473       -0.586067

     C    2        0.293887        0.350920       -0.074926
     C    2        0.350920        0.176085       -0.418266
     C    2       -0.074926       -0.418266       -0.469972

     C    3       -0.008009        0.071266       -0.165028
     C    3        0.071266        0.261506        0.079477
     C    3       -0.165028        0.079477       -0.253497

     H    4        0.306918       -0.067894        0.604335
     H    4       -0.067894       -0.261072        0.326557
     H    4        0.604335        0.326557       -0.045846

     C    5        0.348440        0.336820       -0.102572
     C    5        0.336820       -0.096670       -0.239416
     C    5       -0.102572       -0.239416       -0.251770

     H    6       -0.099816       -0.243235        0.112123
     H    6       -0.243235        0.151902        0.688690
     H    6        0.112123        0.688690       -0.052086

     H    7       -0.272444       -0.035242       -0.008364
     H    7       -0.035242        0.241707       -0.096328
     H    7       -0.008364       -0.096328        0.030737

     C    8       -0.551173       -0.025557       -0.082371
     C    8       -0.025557        0.467586       -0.251818
     C    8       -0.082371       -0.251818        0.083586

     H    9        0.321303       -0.201292        0.237280
     H    9       -0.201292       -0.116897       -0.412110
     H    9        0.237280       -0.412110       -0.204406

     C   10       -0.069684        0.485614        0.004983
     C   10        0.485614        0.226701        0.566002
     C   10        0.004983        0.566002       -0.157017

     C   11       -0.392303       -0.041992        0.229729
     C   11       -0.041992        0.354639        0.295004
     C   11        0.229729        0.295004        0.037664

     Cl  12       -0.165980        1.148024       -0.592946
     Cl  12        1.148024        0.281353        1.744241
     Cl  12       -0.592946        1.744241       -0.115372

     H   13       -0.218004        0.245564        0.138432
     H   13        0.245564        0.268887        0.021670
     H   13        0.138432        0.021670       -0.050882

     C   14       -0.478528        0.506501       -0.260416
     C   14        0.506501        0.634470        0.108321
     C   14       -0.260416        0.108321       -0.155942

     H   15        0.226082        0.321257        0.373450
     H   15        0.321257       -0.031822       -0.137113
     H   15        0.373450       -0.137113       -0.194260

     C   16        0.120529        0.262215        0.084633
     C   16        0.262215       -0.090642        0.041091
     C   16        0.084633        0.041091       -0.029887

     C   17       -0.346365        0.393738       -0.229929
     C   17        0.393738        0.598644        0.439843
     C   17       -0.229929        0.439843       -0.252279

     Cl  18       -0.316616       -1.348122        0.755225
     Cl  18       -1.348122       -0.499952        2.023571
     Cl  18        0.755225        2.023571        0.816568

     H   19       -0.017410       -0.189204        0.043197
     H   19       -0.189204        0.170884       -0.589433
     H   19        0.043197       -0.589433       -0.153474

     C   20        0.053303        0.690225        0.039492
     C   20        0.690225        0.255658        0.558386
     C   20        0.039492        0.558386       -0.308961

     H   21        0.323294       -0.077711        0.395673
     H   21       -0.077711       -0.120277        0.182855
     H   21        0.395673        0.182855       -0.203017

     C   22       -0.239699        0.080722       -0.024621
     C   22        0.080722        0.298308       -0.199848
     C   22       -0.024621       -0.199848       -0.058609

     C   23        0.194741        0.783928       -0.300582
     C   23        0.783928       -0.029605        0.069390
     C   23       -0.300582        0.069390       -0.165136

     Cl  24       -0.286644        0.652062       -1.945654
     Cl  24        0.652062       -1.400964       -0.491030
     Cl  24       -1.945654       -0.491030        1.687609


     NQR/NMR SPECTROSCOPIC PARAMETERS:
     Cl   1    Vxx=    1.1344    axis=(  0.887972 -0.345053 -0.304047)
     Cl   1    Vyy=    1.7208    axis=( -0.075052 -0.760979  0.644421)
     Cl   1    Vzz=   -2.8552    axis=(  0.453733  0.549408  0.701625)
     Cl   1  Q=        -8.1650 1e-30 m^2  Cq=        54.7755 MHz  eta= 0.20539

     C    2    Vxx=   -0.0067    axis=(  0.741091 -0.553583  0.379907)
     C    2    Vyy=   -0.6843    axis=(  0.100602 -0.467894 -0.878040)
     C    2    Vzz=    0.6909    axis=(  0.663825  0.688927 -0.291061)
     C    2  Q=         1.0000 1e-30 m^2  Cq=         1.6234 MHz  eta= 0.98074

     C    3    Vxx=    0.0713    axis=( -0.871116  0.128315  0.474017)
     C    3    Vyy=    0.2824    axis=( -0.190942 -0.977808 -0.086210)
     C    3    Vzz=   -0.3537    axis=(  0.452436 -0.165609  0.876285)
     C    3  Q=         1.0000 1e-30 m^2  Cq=        -0.8311 MHz  eta= 0.59690

     H    4    Vxx=   -0.0717    axis=(  0.453118 -0.808845 -0.374772)
     H    4    Vyy=   -0.7090    axis=(  0.447849  0.570048 -0.688823)
     H    4    Vzz=    0.7807    axis=( -0.770789 -0.144277 -0.620539)
     H    4  Q=         1.0000 1e-30 m^2  Cq=         1.8344 MHz  eta= 0.81625

     C    5    Vxx=   -0.1328    axis=(  0.522826 -0.548269  0.652729)
     C    5    Vyy=   -0.4485    axis=( -0.191257  0.670750  0.716600)
     C    5    Vzz=    0.5813    axis=( -0.830707 -0.499496  0.245825)
     C    5  Q=         1.0000 1e-30 m^2  Cq=         1.3659 MHz  eta= 0.54301

     H    6    Vxx=   -0.0208    axis=(  0.923381 -0.134008  0.359736)
     H    6    Vyy=   -0.7403    axis=(  0.359660  0.629614 -0.688644)
     H    6    Vzz=    0.7611    axis=( -0.134211  0.765263  0.629571)
     H    6  Q=         1.0000 1e-30 m^2  Cq=         1.7884 MHz  eta= 0.94525

     H    7    Vxx=   -0.0051    axis=( -0.075723  0.353180  0.932486)
     H    7    Vyy=   -0.2756    axis=( -0.995666 -0.077424 -0.051529)
     H    7    Vzz=    0.2807    axis=(  0.053998 -0.932346  0.357512)
     H    7  Q=         1.0000 1e-30 m^2  Cq=         0.6595 MHz  eta= 0.96389

     C    8    Vxx=   -0.0272    axis=( -0.160344  0.441087  0.883024)
     C    8    Vyy=   -0.5652    axis=(  0.986988  0.060728  0.148887)
     C    8    Vzz=    0.5924    axis=(  0.012048  0.895407 -0.445085)
     C    8  Q=         1.0000 1e-30 m^2  Cq=         1.3919 MHz  eta= 0.90802

     H    9    Vxx=   -0.0212    axis=(  0.664791  0.587718 -0.461130)
     H    9    Vyy=   -0.5773    axis=( -0.053223  0.652979  0.755504)
     H    9    Vzz=    0.5985    axis=(  0.745131 -0.477709  0.465374)
     H    9  Q=         1.0000 1e-30 m^2  Cq=         1.4063 MHz  eta= 0.92903

     C   10    Vxx=   -0.1105    axis=(  0.774627 -0.058603 -0.629698)
     C   10    Vyy=   -0.7113    axis=( -0.465406  0.621338 -0.630347)
     C   10    Vzz=    0.8217    axis=(  0.428195  0.781348  0.454031)
     C   10  Q=         1.0000 1e-30 m^2  Cq=         1.9307 MHz  eta= 0.73112

     C   11    Vxx=   -0.0157    axis=( -0.488930  0.508918 -0.708485)
     C   11    Vyy=   -0.5231    axis=( -0.867173 -0.195435  0.458057)
     C   11    Vzz=    0.5388    axis=(  0.094651  0.838337  0.536873)
     C   11  Q=         1.0000 1e-30 m^2  Cq=         1.2660 MHz  eta= 0.94171

     Cl  12    Vxx=    0.3922    axis=(  0.832319  0.125860 -0.539818)
     Cl  12    Vyy=    1.9618    axis=( -0.257238 -0.774950 -0.577305)
     Cl  12    Vzz=   -2.3540    axis=(  0.490992 -0.619364  0.612630)
     Cl  12  Q=        -8.1650 1e-30 m^2  Cq=        45.1603 MHz  eta= 0.66679

     H   13    Vxx=   -0.0176    axis=(  0.267232 -0.298404  0.916265)
     H   13    Vyy=   -0.3666    axis=(  0.873992 -0.325422 -0.360885)
     H   13    Vzz=    0.3842    axis=(  0.405862  0.897249  0.173839)
     H   13  Q=         1.0000 1e-30 m^2  Cq=         0.9026 MHz  eta= 0.90855

     C   14    Vxx=   -0.0322    axis=( -0.377565  0.138077  0.915631)
     C   14    Vyy=   -0.7983    axis=( -0.853332  0.332055 -0.401950)
     C   14    Vzz=    0.8305    axis=( -0.359540 -0.933099 -0.007546)
     C   14  Q=         1.0000 1e-30 m^2  Cq=         1.9514 MHz  eta= 0.92240

     H   15    Vxx=    0.0369    axis=( -0.098019  0.778449 -0.620008)
     H   15    Vyy=    0.5341    axis=( -0.846156 -0.393128 -0.359819)
     H   15    Vzz=   -0.5711    axis=( -0.523843  0.489354  0.697223)
     H   15  Q=         1.0000 1e-30 m^2  Cq=        -1.3418 MHz  eta= 0.87066

     C   16    Vxx=   -0.0537    axis=( -0.178347 -0.192893  0.964875)
     C   16    Vyy=   -0.2685    axis=(  0.566772 -0.821723 -0.059513)
     C   16    Vzz=    0.3223    axis=(  0.804339  0.536250  0.255878)
     C   16  Q=         1.0000 1e-30 m^2  Cq=         0.7572 MHz  eta= 0.66646

     C   17    Vxx=   -0.0706    axis=(  0.692257  0.065073 -0.718711)
     C   17    Vyy=   -0.7824    axis=(  0.680246 -0.391338  0.619775)
     C   17    Vzz=    0.8530    axis=( -0.240928 -0.917943 -0.315172)
     C   17  Q=         1.0000 1e-30 m^2  Cq=         2.0042 MHz  eta= 0.83438

     Cl  18    Vxx=    0.5857    axis=(  0.853733 -0.361397  0.374877)
     Cl  18    Vyy=    2.3021    axis=( -0.087245  0.610476  0.787215)
     Cl  18    Vzz=   -2.8878    axis=( -0.513350 -0.704777  0.489654)
     Cl  18  Q=        -8.1650 1e-30 m^2  Cq=        55.4012 MHz  eta= 0.59437

     H   19    Vxx=   -0.0521    axis=(  0.957663  0.115522 -0.263696)
     H   19    Vyy=   -0.6139    axis=(  0.139211  0.615930  0.775404)
     H   19    Vzz=    0.6661    axis=(  0.251995 -0.779285  0.573772)
     H   19  Q=         1.0000 1e-30 m^2  Cq=         1.5650 MHz  eta= 0.84347

     C   20    Vxx=   -0.1869    axis=( -0.690708  0.200664  0.694735)
     C   20    Vyy=   -0.8260    axis=( -0.458863  0.620910 -0.635544)
     C   20    Vzz=    1.0129    axis=(  0.558898  0.757763  0.336790)
     C   20  Q=         1.0000 1e-30 m^2  Cq=         2.3800 MHz  eta= 0.63088

     H   21    Vxx=   -0.0214    axis=(  0.237320 -0.893110 -0.382144)
     H   21    Vyy=   -0.5145    axis=(  0.415323  0.448900 -0.791199)
     H   21    Vzz=    0.5359    axis=(  0.878172  0.029054  0.477462)
     H   21  Q=         1.0000 1e-30 m^2  Cq=         1.2590 MHz  eta= 0.92017

     C   22    Vxx=   -0.1470    axis=(  0.098890  0.392435  0.914448)
     C   22    Vyy=   -0.2517    axis=( -0.986560  0.158790  0.038544)
     C   22    Vzz=    0.3988    axis=( -0.130079 -0.905970  0.402863)
     C   22  Q=         1.0000 1e-30 m^2  Cq=         0.9369 MHz  eta= 0.26254

     C   23    Vxx=   -0.0975    axis=(  0.114764 -0.392658 -0.912496)
     C   23    Vyy=   -0.8089    axis=(  0.638104 -0.674862  0.370655)
     C   23    Vzz=    0.9064    axis=( -0.761350 -0.624805  0.173107)
     C   23  Q=         1.0000 1e-30 m^2  Cq=         2.1297 MHz  eta= 0.78493

     Cl  24    Vxx=   -1.2113    axis=(  0.562856  0.665311  0.490464)
     Cl  24    Vyy=   -1.8022    axis=(  0.638243 -0.726879  0.253559)
     Cl  24    Vzz=    3.0135    axis=( -0.525204 -0.170318  0.833758)
     Cl  24  Q=        -8.1650 1e-30 m^2  Cq=       -57.8130 MHz  eta= 0.19609

     Initialization:
     gipaw_setup  :      9.10s CPU     10.96s WALL (       1 calls)

     Linear response

     Apply operators

     Induced current

     Other routines
     efg          :      9.29s CPU     11.54s WALL (       1 calls)

     General routines
     calbec       :      3.22s CPU      4.06s WALL (      16 calls)
     fft          :      1.36s CPU      1.61s WALL (      15 calls)
     ffts         :      0.02s CPU      0.04s WALL (       2 calls)
     fftw         :      3.34s CPU      4.00s WALL (     672 calls)
     davcio       :      0.01s CPU      0.33s WALL (      32 calls)

     Parallel routines
     fft_scatter  :      2.09s CPU      2.83s WALL (     689 calls)

     Plugins

     GIPAW        :     60.69s CPU     73.67s WALL (       1 calls)
