
     Program QE v.6.0 (svn rev. 13079) starts on  3Jan2017 at  8:13:29 

     This program is part of the open-source Quantum ESPRESSO suite
     for quantum simulation of materials; please cite
         "P. Giannozzi et al., J. Phys.:Condens. Matter 21 395502 (2009);
          URL http://www.quantum-espresso.org", 
     in publications or presentations arising from this work. More details at
     http://www.quantum-espresso.org/quote

     Parallel version (MPI), running on     8 processors
     R & G space division:  proc/nbgrp/npool/nimage =       8

     ***** This is GIPAW svn revision unknown      *****

     Parallelizing q-star over 1 images

     Reading data from directory:
     /users/majewski/paradichlorobenzene/pbe/9_constraint/scratch/pbe.ecut100.np8.dt60.pcl2phi-129368.save
     Message from routine read_xml_file:
     file /users/majewski/paradichlorobenzene/pbe/9_constraint/scratch/pbe.ecut100.np8.dt60.pcl2phi-129368.save not guaranteed to be safe for post-processing

   Info: using nr1, nr2, nr3 values from input

   Info: using nr1, nr2, nr3 values from input

     IMPORTANT: XC functional enforced from input :
     Exchange-correlation      =  SLA  PW   PBX  PBC ( 1  4  3  4 0 0)
     Any further DFT definition will be discarded
     Please, verify this is what you really want

               file C.pbe-n-kjpaw_psl.1.0.0.UPF: wavefunction(s)  2S 2P renormalized
               file Cl.pbe-n-kjpaw_psl.1.0.0.UPF: wavefunction(s)  3S 3P renormalized
               file H.pbe-kjpaw_psl.1.0.0.UPF: wavefunction(s)  1S renormalized

     Parallelization info
     --------------------
     sticks:   dense  smooth     PW     G-vecs:    dense   smooth      PW
     Min        3057    1223    332               144436    36536    5170
     Max        3059    1225    333               144437    36537    5171
     Sum       24467    9791   2657              1155489   292295   41363


     Subspace diagonalization in iterative solution of the eigenvalue problem:
     a serial algorithm will be used

     GIPAW projectors -----------------------------------------------
     atom=  C    l=0  rc=    1.2000  rs=    0.8000
     atom=  C    l=0  rc=    1.2000  rs=    0.8000
     atom=  C    l=1  rc=    1.4000  rs=    0.9333
     atom=  C    l=1  rc=    1.4000  rs=    0.9333
     projs nearly linearly dependent: l=1  n1,n2= 1, 2  s=  0.99951561

     atom=  Cl   l=0  rc=    1.6000  rs=    1.0667
     atom=  Cl   l=0  rc=    1.6000  rs=    1.0667
     atom=  Cl   l=1  rc=    1.6000  rs=    1.0667
     atom=  Cl   l=1  rc=    1.6000  rs=    1.0667
     atom=  Cl   l=2  rc=    1.6000  rs=    1.0667
     atom=  Cl   l=2  rc=    1.6000  rs=    1.0667
     projs nearly linearly dependent: l=2  n1,n2= 1, 2  s=  0.99993509

     atom=  H    l=0  rc=    1.0000  rs=    0.6667
     atom=  H    l=0  rc=    1.0000  rs=    0.6667
     projs nearly linearly dependent: l=0  n1,n2= 1, 2  s=  0.99968852
     -----------------------------------------------------------------

     GIPAW integrals: -------------------------------------------
     Atom  i/j   nmr_para   nmr_dia   epr_rmc  epr_para   epr_dia
       C   1 1   0.83E+03  0.17E-01  0.93E+01  0.24E+08  0.24E+03
       C   2 1   0.86E+03 -0.61E-01  0.94E+01  0.25E+08  0.25E+03
       C   2 2   0.90E+03 -0.15E+00  0.97E+01  0.26E+08  0.26E+03
       C   3 3   0.33E+01  0.34E+00  0.18E+01  0.55E+03  0.21E+02
       C   4 3   0.35E+01  0.37E+00  0.20E+01  0.59E+03  0.22E+02
       C   4 4   0.38E+01  0.39E+00  0.22E+01  0.63E+03  0.24E+02
       Cl  1 1   0.14E+04 -0.47E+00  0.84E+01  0.32E+09  0.42E+03
       Cl  2 1   0.21E+04 -0.37E+00  0.12E+02  0.49E+09  0.65E+03
       Cl  2 2   0.33E+04 -0.16E+00  0.21E+02  0.76E+09  0.10E+04
       Cl  3 3   0.21E+02  0.79E-01  0.89E+01  0.23E+05  0.13E+03
       Cl  4 3   0.24E+02  0.67E-01  0.99E+01  0.27E+05  0.15E+03
       Cl  4 4   0.28E+02  0.44E-01  0.11E+02  0.32E+05  0.18E+03
       Cl  5 5   0.77E+00  0.19E+00  0.18E+01  0.12E+03  0.22E+02
       Cl  6 5   0.80E+00  0.19E+00  0.19E+01  0.12E+03  0.23E+02
       Cl  6 6   0.83E+00  0.20E+00  0.19E+01  0.12E+03  0.23E+02
       H   1 1   0.39E+02  0.19E+00  0.29E+00  0.78E+05  0.13E+02
       H   2 1   0.41E+02  0.21E+00  0.32E+00  0.82E+05  0.14E+02
       H   2 2   0.43E+02  0.22E+00  0.36E+00  0.86E+05  0.15E+02
     ------------------------------------------------------------

     alpha_pv=     34.2004 eV

     Number of occupied bands for each k-point:
     k-point:     1    nbnd_occ=  42
     k-point:     2    nbnd_occ=  42
     k-point:     3    nbnd_occ=  42
     k-point:     4    nbnd_occ=  42
     k-point:     5    nbnd_occ=  42
     k-point:     6    nbnd_occ=  42
     k-point:     7    nbnd_occ=  42
     k-point:     8    nbnd_occ=  42
     k-point:     9    nbnd_occ=  42
     k-point:    10    nbnd_occ=  42
     k-point:    11    nbnd_occ=  42
     k-point:    12    nbnd_occ=  42
     k-point:    13    nbnd_occ=  42
     k-point:    14    nbnd_occ=  42
     k-point:    15    nbnd_occ=  42
     k-point:    16    nbnd_occ=  42


     q-space interpolation up to   110.00 Rydberg

     GIPAW job: efg                                                                             


     ELECTRIC FIELD GRADIENTS TENSORS IN Hartree/bohrradius^2:

     ----- bare term -----
     Cl   1       -0.073789       -0.043874        0.019449
     Cl   1       -0.043874        0.005086        0.151138
     Cl   1        0.019449        0.151138        0.068702

     C    2       -0.640635        0.267386       -0.377460
     C    2        0.267386        0.185591       -0.120475
     C    2       -0.377460       -0.120475        0.455044

     C    3       -0.012715        0.363386       -0.009453
     C    3        0.363386       -0.557311       -0.421043
     C    3       -0.009453       -0.421043        0.570027

     H    4       -0.545727       -0.138371       -0.107026
     H    4       -0.138371        0.404978       -0.300801
     H    4       -0.107026       -0.300801        0.140749

     C    5       -0.807385        0.284099       -0.375427
     C    5        0.284099        0.241518       -0.046726
     C    5       -0.375427       -0.046726        0.565867

     H    6        0.220871        0.110463       -0.250150
     H    6        0.110463       -0.458414       -0.416432
     H    6       -0.250150       -0.416432        0.237543

     H    7        0.486888        0.104836       -0.020459
     H    7        0.104836       -0.780240       -0.060919
     H    7       -0.020459       -0.060919        0.293353

     C    8       -0.296782       -0.055124       -0.301112
     C    8       -0.055124        0.000919        0.551008
     C    8       -0.301112        0.551008        0.295863

     H    9       -0.382719        0.454673        0.109668
     H    9        0.454673        0.212042       -0.134045
     H    9        0.109668       -0.134045        0.170677

     C   10       -0.174574       -0.252944        0.082322
     C   10       -0.252944       -0.165446        0.265560
     C   10        0.082322        0.265560        0.340020

     C   11       -0.127271        0.187130       -0.196484
     C   11        0.187130        0.007053        0.266102
     C   11       -0.196484        0.266102        0.120217

     Cl  12        0.096712       -0.163197        0.071508
     Cl  12       -0.163197       -0.012557       -0.337635
     Cl  12        0.071508       -0.337635       -0.084155

     H   13        0.412535        0.100055       -0.048234
     H   13        0.100055       -0.768720       -0.053905
     H   13       -0.048234       -0.053905        0.356185

     C   14       -0.090782        0.058504       -0.207116
     C   14        0.058504        0.026697       -0.456459
     C   14       -0.207116       -0.456459        0.064085

     H   15       -0.155785       -0.508599       -0.248409
     H   15       -0.508599       -0.239619       -0.121154
     H   15       -0.248409       -0.121154        0.395405

     C   16       -0.672840        0.328191       -0.256263
     C   16        0.328191        0.290946       -0.114491
     C   16       -0.256263       -0.114491        0.381894

     C   17        0.044721        0.101881       -0.148859
     C   17        0.101881       -0.181850       -0.459893
     C   17       -0.148859       -0.459893        0.137129

     Cl  18       -0.117479        0.201419       -0.001614
     Cl  18        0.201419       -0.018158       -0.008899
     Cl  18       -0.001614       -0.008899        0.135636

     H   19        0.021436        0.065434       -0.447690
     H   19        0.065434       -0.029752        0.394126
     H   19       -0.447690        0.394126        0.008316

     C   20       -0.245392       -0.394654        0.128228
     C   20       -0.394654       -0.085381        0.385414
     C   20        0.128228        0.385414        0.330773

     H   21       -0.522774       -0.272063       -0.284570
     H   21       -0.272063        0.158276        0.151796
     H   21       -0.284570        0.151796        0.364497

     C   22        0.040363        0.271763       -0.343696
     C   22        0.271763       -0.121957        0.666295
     C   22       -0.343696        0.666295        0.081594

     C   23       -0.437541       -0.301397       -0.237372
     C   23       -0.301397        0.054366        0.432602
     C   23       -0.237372        0.432602        0.383175

     Cl  24       -0.068801        0.059955       -0.003655
     Cl  24        0.059955       -0.007471       -0.131607
     Cl  24       -0.003655       -0.131607        0.076271

     ----- ionic term -----
     Cl   1        0.169118       -0.218680        0.001593
     Cl   1       -0.218680       -0.010481        0.008820
     Cl   1        0.001593        0.008820       -0.158637

     C    2        0.213621       -0.149522        0.145312
     C    2       -0.149522        0.209430        0.386120
     C    2        0.145312        0.386120       -0.423051

     C    3        0.220547       -0.242155        0.132319
     C    3       -0.242155        0.205459        0.346216
     C    3        0.132319        0.346216       -0.426006

     H    4        0.761574        0.345244        0.550050
     H    4        0.345244       -0.382268        0.207172
     H    4        0.550050        0.207172       -0.379306

     C    5        0.297541       -0.144102        0.233049
     C    5       -0.144102        0.101441        0.310971
     C    5        0.233049        0.310971       -0.398981

     H    6       -0.529394       -0.048387       -0.021819
     H    6       -0.048387        0.752167        0.642828
     H    6       -0.021819        0.642828       -0.222773

     H    7       -0.503217       -0.076282        0.041487
     H    7       -0.076282        0.791513       -0.624519
     H    7        0.041487       -0.624519       -0.288296

     C    8        0.322187        0.190739        0.129838
     C    8        0.190739        0.051851       -0.325358
     C    8        0.129838       -0.325358       -0.374039

     H    9        0.818497       -0.272647        0.543880
     H    9       -0.272647       -0.467553       -0.203998
     H    9        0.543880       -0.203998       -0.350944

     C   10        0.237840        0.224036        0.077756
     C   10        0.224036        0.104144       -0.427188
     C   10        0.077756       -0.427188       -0.341984

     C   11        0.288894        0.113079        0.170558
     C   11        0.113079        0.051930       -0.394949
     C   11        0.170558       -0.394949       -0.340824

     Cl  12        0.166996        0.187283       -0.005830
     Cl  12        0.187283       -0.016927       -0.022319
     Cl  12       -0.005830       -0.022319       -0.150068

     H   13       -0.476317       -0.078685       -0.040023
     H   13       -0.078685        0.812328        0.563514
     H   13       -0.040023        0.563514       -0.336011

     C   14        0.335857       -0.179628        0.169160
     C   14       -0.179628        0.136941        0.256472
     C   14        0.169160        0.256472       -0.472797

     H   15        0.645957        0.349706        0.620673
     H   15        0.349706       -0.373997        0.247924
     H   15        0.620673        0.247924       -0.271960

     C   16        0.210175       -0.201256        0.184820
     C   16       -0.201256        0.234956        0.320088
     C   16        0.184820        0.320088       -0.445132

     C   17        0.229663       -0.079534        0.317851
     C   17       -0.079534        0.192829        0.337512
     C   17        0.317851        0.337512       -0.422492

     Cl  18        0.147526       -0.196549        0.051708
     Cl  18       -0.196549        0.009477       -0.027453
     Cl  18        0.051708       -0.027453       -0.157003

     H   19       -0.482524       -0.276623        0.131136
     H   19       -0.276623        0.736283       -0.631756
     H   19        0.131136       -0.631756       -0.253760

     C   20        0.288740        0.091012        0.126852
     C   20        0.091012        0.088423       -0.328698
     C   20        0.126852       -0.328698       -0.377163

     H   21        0.738863       -0.228798        0.578829
     H   21       -0.228798       -0.454706       -0.197648
     H   21        0.578829       -0.197648       -0.284157

     C   22        0.148478        0.182887        0.090713
     C   22        0.182887        0.208546       -0.449713
     C   22        0.090713       -0.449713       -0.357024

     C   23        0.206151        0.137412        0.157783
     C   23        0.137412        0.149749       -0.459112
     C   23        0.157783       -0.459112       -0.355901

     Cl  24        0.130497        0.235466       -0.064134
     Cl  24        0.235466        0.007458       -0.043927
     Cl  24       -0.064134       -0.043927       -0.137955

     ----- GIPAW term -----
     Cl   1        0.023704       -2.138538       -0.081179
     Cl   1       -2.138538        0.310206        1.834465
     Cl   1       -0.081179        1.834465       -0.333910

     C    2       -0.139614       -0.093105       -0.085264
     C    2       -0.093105        0.132895        0.145268
     C    2       -0.085264        0.145268        0.006719

     C    3       -0.086251        0.077550        0.072317
     C    3        0.077550       -0.125453        0.095753
     C    3        0.072317        0.095753        0.211704

     H    4       -0.000000        0.000000        0.000000
     H    4        0.000000        0.000000        0.000000
     H    4        0.000000        0.000000        0.000000

     C    5       -0.192235        0.101460        0.050873
     C    5        0.101460        0.039417        0.162850
     C    5        0.050873        0.162850        0.152817

     H    6       -0.000000        0.000000        0.000000
     H    6        0.000000        0.000000        0.000000
     H    6        0.000000        0.000000        0.000000

     H    7       -0.000000        0.000000        0.000000
     H    7        0.000000        0.000000        0.000000
     H    7        0.000000        0.000000        0.000000

     C    8       -0.126014       -0.014321       -0.044748
     C    8       -0.014321        0.112344        0.259458
     C    8       -0.044748        0.259458        0.013670

     H    9       -0.000000        0.000000        0.000000
     H    9        0.000000        0.000000        0.000000
     H    9        0.000000        0.000000        0.000000

     C   10       -0.084029       -0.012801        0.020088
     C   10       -0.012801       -0.003806        0.110989
     C   10        0.020088        0.110989        0.087836

     C   11       -0.027505        0.057584       -0.001233
     C   11        0.057584       -0.025627        0.059881
     C   11       -0.001233        0.059881        0.053132

     Cl  12       -0.424529        0.104865       -0.447649
     Cl  12        0.104865       -0.083722        1.021922
     Cl  12       -0.447649        1.021922        0.508251

     H   13       -0.000000        0.000000        0.000000
     H   13        0.000000        0.000000        0.000000
     H   13        0.000000        0.000000        0.000000

     C   14       -0.100163        0.035809       -0.015503
     C   14        0.035809        0.252815       -0.094014
     C   14       -0.015503       -0.094014       -0.152652

     H   15       -0.000000        0.000000        0.000000
     H   15        0.000000        0.000000        0.000000
     H   15        0.000000        0.000000        0.000000

     C   16       -0.186669        0.077219       -0.042590
     C   16        0.077219        0.256198       -0.001935
     C   16       -0.042590       -0.001935       -0.069529

     C   17       -0.057626       -0.003287        0.031362
     C   17       -0.003287        0.166440        0.135408
     C   17        0.031362        0.135408       -0.108814

     Cl  18       -0.796919       -0.205646        0.727833
     Cl  18       -0.205646        0.266437        2.095548
     Cl  18        0.727833        2.095548        0.530483

     H   19       -0.000000        0.000000        0.000000
     H   19        0.000000        0.000000        0.000000
     H   19        0.000000        0.000000        0.000000

     C   20       -0.027412        0.054882        0.153832
     C   20        0.054882       -0.030401        0.158834
     C   20        0.153832        0.158834        0.057813

     H   21       -0.000000        0.000000        0.000000
     H   21        0.000000        0.000000        0.000000
     H   21        0.000000        0.000000        0.000000

     C   22        0.015965        0.254079       -0.044978
     C   22        0.254079        0.105075        0.120119
     C   22       -0.044978        0.120119       -0.121040

     C   23       -0.096417        0.116474        0.005921
     C   23        0.116474        0.149184        0.171916
     C   23        0.005921        0.171916       -0.052767

     Cl  24        0.480734        2.370453       -0.161804
     Cl  24        2.370453        0.056810       -1.246802
     Cl  24       -0.161804       -1.246802       -0.537544

     ----- total EFG -----
     Cl   1        0.119034       -2.401093       -0.060137
     Cl   1       -2.401093        0.304811        1.994422
     Cl   1       -0.060137        1.994422       -0.423845

     C    2       -0.566627        0.024758       -0.317411
     C    2        0.024758        0.527916        0.410913
     C    2       -0.317411        0.410913        0.038711

     C    3        0.121581        0.198781        0.195183
     C    3        0.198781       -0.477305        0.020926
     C    3        0.195183        0.020926        0.355724

     H    4        0.215847        0.206873        0.443024
     H    4        0.206873        0.022710       -0.093629
     H    4        0.443024       -0.093629       -0.238557

     C    5       -0.702079        0.241456       -0.091505
     C    5        0.241456        0.382376        0.427095
     C    5       -0.091505        0.427095        0.319703

     H    6       -0.308523        0.062076       -0.271969
     H    6        0.062076        0.293753        0.226396
     H    6       -0.271969        0.226396        0.014770

     H    7       -0.016329        0.028553        0.021028
     H    7        0.028553        0.011272       -0.685438
     H    7        0.021028       -0.685438        0.005057

     C    8       -0.100608        0.121294       -0.216022
     C    8        0.121294        0.165114        0.485108
     C    8       -0.216022        0.485108       -0.064505

     H    9        0.435778        0.182025        0.653548
     H    9        0.182025       -0.255511       -0.338043
     H    9        0.653548       -0.338043       -0.180267

     C   10       -0.020764       -0.041710        0.180166
     C   10       -0.041710       -0.065108       -0.050639
     C   10        0.180166       -0.050639        0.085872

     C   11        0.134117        0.357793       -0.027159
     C   11        0.357793        0.033357       -0.068966
     C   11       -0.027159       -0.068966       -0.167474

     Cl  12       -0.160821        0.128950       -0.381972
     Cl  12        0.128950       -0.113207        0.661968
     Cl  12       -0.381972        0.661968        0.274028

     H   13       -0.063782        0.021370       -0.088257
     H   13        0.021370        0.043607        0.509609
     H   13       -0.088257        0.509609        0.020175

     C   14        0.144912       -0.085315       -0.053460
     C   14       -0.085315        0.416453       -0.294001
     C   14       -0.053460       -0.294001       -0.561365

     H   15        0.490171       -0.158893        0.372264
     H   15       -0.158893       -0.613616        0.126769
     H   15        0.372264        0.126769        0.123444

     C   16       -0.649333        0.204154       -0.114033
     C   16        0.204154        0.782099        0.203663
     C   16       -0.114033        0.203663       -0.132766

     C   17        0.216758        0.019060        0.200353
     C   17        0.019060        0.177419        0.013027
     C   17        0.200353        0.013027       -0.394177

     Cl  18       -0.766871       -0.200777        0.777927
     Cl  18       -0.200777        0.257756        2.059196
     Cl  18        0.777927        2.059196        0.509116

     H   19       -0.461088       -0.211188       -0.316554
     H   19       -0.211188        0.706531       -0.237630
     H   19       -0.316554       -0.237630       -0.245443

     C   20        0.015937       -0.248760        0.408912
     C   20       -0.248760       -0.027359        0.215550
     C   20        0.408912        0.215550        0.011423

     H   21        0.216089       -0.500861        0.294259
     H   21       -0.500861       -0.296429       -0.045851
     H   21        0.294259       -0.045851        0.080340

     C   22        0.204806        0.708729       -0.297960
     C   22        0.708729        0.191664        0.336702
     C   22       -0.297960        0.336702       -0.396470

     C   23       -0.327807       -0.047512       -0.073667
     C   23       -0.047512        0.353299        0.145406
     C   23       -0.073667        0.145406       -0.025492

     Cl  24        0.542431        2.665875       -0.229593
     Cl  24        2.665875        0.056797       -1.422337
     Cl  24       -0.229593       -1.422337       -0.599228

     ----- total EFG (symmetrized) -----
     Cl   1        0.119034       -2.401093       -0.060137
     Cl   1       -2.401093        0.304811        1.994422
     Cl   1       -0.060137        1.994422       -0.423845

     C    2       -0.566627        0.024758       -0.317411
     C    2        0.024758        0.527916        0.410913
     C    2       -0.317411        0.410913        0.038711

     C    3        0.121581        0.198781        0.195183
     C    3        0.198781       -0.477305        0.020926
     C    3        0.195183        0.020926        0.355724

     H    4        0.215847        0.206873        0.443024
     H    4        0.206873        0.022710       -0.093629
     H    4        0.443024       -0.093629       -0.238557

     C    5       -0.702079        0.241456       -0.091505
     C    5        0.241456        0.382376        0.427095
     C    5       -0.091505        0.427095        0.319703

     H    6       -0.308523        0.062076       -0.271969
     H    6        0.062076        0.293753        0.226396
     H    6       -0.271969        0.226396        0.014770

     H    7       -0.016329        0.028553        0.021028
     H    7        0.028553        0.011272       -0.685438
     H    7        0.021028       -0.685438        0.005057

     C    8       -0.100608        0.121294       -0.216022
     C    8        0.121294        0.165114        0.485108
     C    8       -0.216022        0.485108       -0.064505

     H    9        0.435778        0.182025        0.653548
     H    9        0.182025       -0.255511       -0.338043
     H    9        0.653548       -0.338043       -0.180267

     C   10       -0.020764       -0.041710        0.180166
     C   10       -0.041710       -0.065108       -0.050639
     C   10        0.180166       -0.050639        0.085872

     C   11        0.134117        0.357793       -0.027159
     C   11        0.357793        0.033357       -0.068966
     C   11       -0.027159       -0.068966       -0.167474

     Cl  12       -0.160821        0.128950       -0.381972
     Cl  12        0.128950       -0.113207        0.661968
     Cl  12       -0.381972        0.661968        0.274028

     H   13       -0.063782        0.021370       -0.088257
     H   13        0.021370        0.043607        0.509609
     H   13       -0.088257        0.509609        0.020175

     C   14        0.144912       -0.085315       -0.053460
     C   14       -0.085315        0.416453       -0.294001
     C   14       -0.053460       -0.294001       -0.561365

     H   15        0.490171       -0.158893        0.372264
     H   15       -0.158893       -0.613616        0.126769
     H   15        0.372264        0.126769        0.123444

     C   16       -0.649333        0.204154       -0.114033
     C   16        0.204154        0.782099        0.203663
     C   16       -0.114033        0.203663       -0.132766

     C   17        0.216758        0.019060        0.200353
     C   17        0.019060        0.177419        0.013027
     C   17        0.200353        0.013027       -0.394177

     Cl  18       -0.766871       -0.200777        0.777927
     Cl  18       -0.200777        0.257756        2.059196
     Cl  18        0.777927        2.059196        0.509116

     H   19       -0.461088       -0.211188       -0.316554
     H   19       -0.211188        0.706531       -0.237630
     H   19       -0.316554       -0.237630       -0.245443

     C   20        0.015937       -0.248760        0.408912
     C   20       -0.248760       -0.027359        0.215550
     C   20        0.408912        0.215550        0.011423

     H   21        0.216089       -0.500861        0.294259
     H   21       -0.500861       -0.296429       -0.045851
     H   21        0.294259       -0.045851        0.080340

     C   22        0.204806        0.708729       -0.297960
     C   22        0.708729        0.191664        0.336702
     C   22       -0.297960        0.336702       -0.396470

     C   23       -0.327807       -0.047512       -0.073667
     C   23       -0.047512        0.353299        0.145406
     C   23       -0.073667        0.145406       -0.025492

     Cl  24        0.542431        2.665875       -0.229593
     Cl  24        2.665875        0.056797       -1.422337
     Cl  24       -0.229593       -1.422337       -0.599228


     NQR/NMR SPECTROSCOPIC PARAMETERS:
     Cl   1    Vxx=   -0.2575    axis=(  0.648156  0.082682  0.757006)
     Cl   1    Vyy=   -3.0082    axis=( -0.515395 -0.684177  0.516014)
     Cl   1    Vzz=    3.2657    axis=( -0.560591  0.724614  0.400839)
     Cl   1  Q=        -8.1650 1e-30 m^2  Cq=       -62.6501 MHz  eta= 0.84230

     C    2    Vxx=   -0.0429    axis=(  0.465023  0.503834 -0.727946)
     C    2    Vyy=   -0.7332    axis=( -0.878810  0.163343 -0.448343)
     C    2    Vzz=    0.7761    axis=(  0.106986 -0.848216 -0.518732)
     C    2  Q=         1.0000 1e-30 m^2  Cq=         1.8235 MHz  eta= 0.88938

     C    3    Vxx=    0.0576    axis=(  0.795534  0.274484 -0.540171)
     C    3    Vyy=    0.4812    axis=(  0.526655  0.127569  0.840452)
     C    3    Vzz=   -0.5388    axis=( -0.299600  0.953092  0.043074)
     C    3  Q=         1.0000 1e-30 m^2  Cq=        -1.2661 MHz  eta= 0.78607

     H    4    Vxx=    0.0486    axis=( -0.067067  0.913507 -0.401257)
     H    4    Vyy=    0.5216    axis=( -0.846998 -0.264685 -0.461016)
     H    4    Vzz=   -0.5703    axis=( -0.527348  0.308945  0.791490)
     H    4  Q=         1.0000 1e-30 m^2  Cq=        -1.3399 MHz  eta= 0.82939

     C    5    Vxx=   -0.0025    axis=( -0.307051 -0.614168  0.726992)
     C    5    Vyy=   -0.7860    axis=( -0.948331  0.261605 -0.179529)
     C    5    Vzz=    0.7885    axis=( -0.079924 -0.744554 -0.662761)
     C    5  Q=         1.0000 1e-30 m^2  Cq=         1.8526 MHz  eta= 0.99376

     H    6    Vxx=    0.0695    axis=(  0.556132  0.509218 -0.656822)
     H    6    Vyy=    0.4303    axis=(  0.127932 -0.833342 -0.537749)
     H    6    Vzz=   -0.4998    axis=(  0.821189 -0.215031  0.528593)
     H    6  Q=         1.0000 1e-30 m^2  Cq=        -1.1744 MHz  eta= 0.72180

     H    7    Vxx=   -0.0145    axis=( -0.998576 -0.031856 -0.042796)
     H    7    Vyy=   -0.6791    axis=( -0.052805  0.704665  0.707573)
     H    7    Vzz=    0.6937    axis=( -0.007616 -0.708825  0.705344)
     H    7  Q=         1.0000 1e-30 m^2  Cq=         1.6298 MHz  eta= 0.95814

     C    8    Vxx=    0.0234    axis=(  0.885755  0.336466 -0.319731)
     C    8    Vyy=    0.5514    axis=(  0.065514 -0.772582 -0.631526)
     C    8    Vzz=   -0.5748    axis=( -0.459505  0.538430 -0.706362)
     C    8  Q=         1.0000 1e-30 m^2  Cq=        -1.3506 MHz  eta= 0.91843

     H    9    Vxx=   -0.0069    axis=(  0.314788  0.837583 -0.446501)
     H    9    Vyy=   -0.8441    axis=( -0.441364  0.545633  0.712378)
     H    9    Vzz=    0.8510    axis=(  0.840301 -0.027178  0.541438)
     H    9  Q=         1.0000 1e-30 m^2  Cq=         1.9995 MHz  eta= 0.98379

     C   10    Vxx=   -0.0793    axis=(  0.095683  0.976146  0.194894)
     C   10    Vyy=   -0.1555    axis=( -0.804649 -0.039413  0.592442)
     C   10    Vzz=    0.2348    axis=(  0.585991 -0.213508  0.781683)
     C   10  Q=         1.0000 1e-30 m^2  Cq=         0.5516 MHz  eta= 0.32437

     C   11    Vxx=   -0.1642    axis=(  0.266208 -0.149694  0.952221)
     C   11    Vyy=   -0.2878    axis=(  0.608838 -0.739751 -0.286503)
     C   11    Vzz=    0.4521    axis=( -0.747294 -0.656018  0.105788)
     C   11  Q=         1.0000 1e-30 m^2  Cq=         1.0621 MHz  eta= 0.27343

     Cl  12    Vxx=   -0.0338    axis=(  0.840951  0.531781 -0.100053)
     Cl  12    Vyy=   -0.7935    axis=( -0.483650  0.655769 -0.579699)
     Cl  12    Vzz=    0.8273    axis=( -0.242661  0.535889  0.808665)
     Cl  12  Q=        -8.1650 1e-30 m^2  Cq=       -15.8718 MHz  eta= 0.91821

     H   13    Vxx=   -0.0531    axis=( -0.980650 -0.180669  0.075393)
     H   13    Vyy=   -0.4921    axis=(  0.180109 -0.681698  0.709118)
     H   13    Vzz=    0.5452    axis=(  0.076721 -0.708976 -0.701047)
     H   13  Q=         1.0000 1e-30 m^2  Cq=         1.2810 MHz  eta= 0.80536

     C   14    Vxx=    0.1391    axis=(  0.978310  0.153506 -0.139090)
     C   14    Vyy=    0.5108    axis=( -0.184809  0.950099 -0.251311)
     C   14    Vzz=   -0.6499    axis=(  0.093571  0.271565  0.957861)
     C   14  Q=         1.0000 1e-30 m^2  Cq=        -1.5271 MHz  eta= 0.57188

     H   15    Vxx=   -0.0444    axis=( -0.477227  0.315832  0.820064)
     H   15    Vyy=   -0.6810    axis=(  0.206340  0.947367 -0.244784)
     H   15    Vzz=    0.7253    axis=( -0.854212  0.052394 -0.517278)
     H   15  Q=         1.0000 1e-30 m^2  Cq=         1.7043 MHz  eta= 0.87766

     C   16    Vxx=   -0.1328    axis=( -0.269822 -0.151465  0.950923)
     C   16    Vyy=   -0.7136    axis=( -0.955573  0.163801 -0.245051)
     C   16    Vzz=    0.8464    axis=( -0.118645 -0.974796 -0.188933)
     C   16  Q=         1.0000 1e-30 m^2  Cq=         1.9888 MHz  eta= 0.68609

     C   17    Vxx=    0.1728    axis=(  0.201783 -0.978212  0.048825)
     C   17    Vyy=    0.2813    axis=(  0.936787  0.207307  0.281875)
     C   17    Vzz=   -0.4541    axis=( -0.285855 -0.011139  0.958208)
     C   17  Q=         1.0000 1e-30 m^2  Cq=        -1.0670 MHz  eta= 0.23877

     Cl  18    Vxx=   -0.4539    axis=(  0.867432 -0.438046  0.235959)
     Cl  18    Vyy=   -2.0508    axis=(  0.479047  0.607137 -0.633954)
     Cl  18    Vzz=    2.5047    axis=(  0.134442  0.662948  0.736495)
     Cl  18  Q=        -8.1650 1e-30 m^2  Cq=       -48.0511 MHz  eta= 0.63758

     H   19    Vxx=   -0.0245    axis=(  0.610176 -0.079946 -0.788222)
     H   19    Vyy=   -0.7538    axis=(  0.783490  0.208556  0.585361)
     H   19    Vzz=    0.7783    axis=( -0.117591  0.974737 -0.189893)
     H   19  Q=         1.0000 1e-30 m^2  Cq=         1.8287 MHz  eta= 0.93706

     C   20    Vxx=    0.1633    axis=( -0.298827  0.859305  0.415087)
     C   20    Vyy=    0.4245    axis=( -0.728109  0.075874 -0.681249)
     C   20    Vzz=   -0.5877    axis=(  0.616895  0.505804 -0.602994)
     C   20  Q=         1.0000 1e-30 m^2  Cq=        -1.3809 MHz  eta= 0.44440

     H   21    Vxx=   -0.0328    axis=( -0.280171  0.378935  0.881993)
     H   21    Vyy=   -0.6233    axis=( -0.549245 -0.816817  0.176462)
     H   21    Vzz=    0.6561    axis=(  0.787295 -0.434991  0.436977)
     H   21  Q=         1.0000 1e-30 m^2  Cq=         1.5417 MHz  eta= 0.89992

     C   22    Vxx=   -0.0014    axis=( -0.480209  0.454989  0.749922)
     C   22    Vyy=   -0.9062    axis=( -0.521437  0.539409 -0.661167)
     C   22    Vzz=    0.9075    axis=( -0.705339 -0.708536 -0.021781)
     C   22  Q=         1.0000 1e-30 m^2  Cq=         2.1324 MHz  eta= 0.99694

     C   23    Vxx=   -0.0640    axis=( -0.195007 -0.342425  0.919085)
     C   23    Vyy=   -0.3451    axis=( -0.976329 -0.021613 -0.215206)
     C   23    Vzz=    0.4091    axis=(  0.093557 -0.939296 -0.330105)
     C   23  Q=         1.0000 1e-30 m^2  Cq=         0.9613 MHz  eta= 0.68697

     Cl  24    Vxx=   -0.5287    axis=(  0.487891 -0.121594  0.864394)
     Cl  24    Vyy=   -2.7854    axis=(  0.551763 -0.724372 -0.413330)
     Cl  24    Vzz=    3.3142    axis=( -0.676402 -0.678601  0.286324)
     Cl  24  Q=        -8.1650 1e-30 m^2  Cq=       -63.5805 MHz  eta= 0.68092

     Initialization:
     gipaw_setup  :      9.54s CPU     11.25s WALL (       1 calls)

     Linear response

     Apply operators

     Induced current

     Other routines
     efg          :      9.26s CPU     11.27s WALL (       1 calls)

     General routines
     calbec       :      3.20s CPU      3.93s WALL (      16 calls)
     fft          :      1.70s CPU      2.89s WALL (      15 calls)
     ffts         :      0.05s CPU      0.13s WALL (       2 calls)
     fftw         :      3.28s CPU      3.76s WALL (     672 calls)
     davcio       :      0.04s CPU      0.33s WALL (      32 calls)

     Parallel routines
     fft_scatter  :      2.25s CPU      3.88s WALL (     689 calls)

     Plugins

     GIPAW        :     61.06s CPU     73.20s WALL (       1 calls)
