
     Program QE v.6.0 (svn rev. 13079) starts on 20Jan2017 at 19: 6:47 

     This program is part of the open-source Quantum ESPRESSO suite
     for quantum simulation of materials; please cite
         "P. Giannozzi et al., J. Phys.:Condens. Matter 21 395502 (2009);
          URL http://www.quantum-espresso.org", 
     in publications or presentations arising from this work. More details at
     http://www.quantum-espresso.org/quote

     Parallel version (MPI), running on     8 processors
     R & G space division:  proc/nbgrp/npool/nimage =       8

     ***** This is GIPAW svn revision unknown      *****

     Parallelizing q-star over 1 images

     Reading data from directory:
     /users/majewski/paradichlorobenzene/pbe/9_constraint/scratch/pbe.ecut100.np8.dt60.pcl2phi-129368.save
     Message from routine read_xml_file:
     file /users/majewski/paradichlorobenzene/pbe/9_constraint/scratch/pbe.ecut100.np8.dt60.pcl2phi-129368.save not guaranteed to be safe for post-processing

   Info: using nr1, nr2, nr3 values from input

   Info: using nr1, nr2, nr3 values from input

     IMPORTANT: XC functional enforced from input :
     Exchange-correlation      =  SLA  PW   PBX  PBC ( 1  4  3  4 0 0)
     Any further DFT definition will be discarded
     Please, verify this is what you really want

               file C.pbe-n-kjpaw_psl.1.0.0.UPF: wavefunction(s)  2S 2P renormalized
               file Cl.pbe-n-kjpaw_psl.1.0.0.UPF: wavefunction(s)  3S 3P renormalized
               file H.pbe-kjpaw_psl.1.0.0.UPF: wavefunction(s)  1S renormalized

     Parallelization info
     --------------------
     sticks:   dense  smooth     PW     G-vecs:    dense   smooth      PW
     Min        3057    1223    332               144436    36536    5170
     Max        3059    1225    333               144437    36537    5171
     Sum       24467    9791   2657              1155489   292295   41363


     Subspace diagonalization in iterative solution of the eigenvalue problem:
     a serial algorithm will be used

     GIPAW projectors -----------------------------------------------
     atom=  C    l=0  rc=    1.2000  rs=    0.8000
     atom=  C    l=0  rc=    1.2000  rs=    0.8000
     atom=  C    l=1  rc=    1.4000  rs=    0.9333
     atom=  C    l=1  rc=    1.4000  rs=    0.9333
     projs nearly linearly dependent: l=1  n1,n2= 1, 2  s=  0.99951561

     atom=  Cl   l=0  rc=    1.6000  rs=    1.0667
     atom=  Cl   l=0  rc=    1.6000  rs=    1.0667
     atom=  Cl   l=1  rc=    1.6000  rs=    1.0667
     atom=  Cl   l=1  rc=    1.6000  rs=    1.0667
     atom=  Cl   l=2  rc=    1.6000  rs=    1.0667
     atom=  Cl   l=2  rc=    1.6000  rs=    1.0667
     projs nearly linearly dependent: l=2  n1,n2= 1, 2  s=  0.99993509

     atom=  H    l=0  rc=    1.0000  rs=    0.6667
     atom=  H    l=0  rc=    1.0000  rs=    0.6667
     projs nearly linearly dependent: l=0  n1,n2= 1, 2  s=  0.99968852
     -----------------------------------------------------------------

     GIPAW integrals: -------------------------------------------
     Atom  i/j   nmr_para   nmr_dia   epr_rmc  epr_para   epr_dia
       C   1 1   0.83E+03  0.17E-01  0.93E+01  0.24E+08  0.24E+03
       C   2 1   0.86E+03 -0.61E-01  0.94E+01  0.25E+08  0.25E+03
       C   2 2   0.90E+03 -0.15E+00  0.97E+01  0.26E+08  0.26E+03
       C   3 3   0.33E+01  0.34E+00  0.18E+01  0.55E+03  0.21E+02
       C   4 3   0.35E+01  0.37E+00  0.20E+01  0.59E+03  0.22E+02
       C   4 4   0.38E+01  0.39E+00  0.22E+01  0.63E+03  0.24E+02
       Cl  1 1   0.14E+04 -0.47E+00  0.84E+01  0.32E+09  0.42E+03
       Cl  2 1   0.21E+04 -0.37E+00  0.12E+02  0.49E+09  0.65E+03
       Cl  2 2   0.33E+04 -0.16E+00  0.21E+02  0.76E+09  0.10E+04
       Cl  3 3   0.21E+02  0.79E-01  0.89E+01  0.23E+05  0.13E+03
       Cl  4 3   0.24E+02  0.67E-01  0.99E+01  0.27E+05  0.15E+03
       Cl  4 4   0.28E+02  0.44E-01  0.11E+02  0.32E+05  0.18E+03
       Cl  5 5   0.77E+00  0.19E+00  0.18E+01  0.12E+03  0.22E+02
       Cl  6 5   0.80E+00  0.19E+00  0.19E+01  0.12E+03  0.23E+02
       Cl  6 6   0.83E+00  0.20E+00  0.19E+01  0.12E+03  0.23E+02
       H   1 1   0.39E+02  0.19E+00  0.29E+00  0.78E+05  0.13E+02
       H   2 1   0.41E+02  0.21E+00  0.32E+00  0.82E+05  0.14E+02
       H   2 2   0.43E+02  0.22E+00  0.36E+00  0.86E+05  0.15E+02
     ------------------------------------------------------------

     alpha_pv=     34.3969 eV

     Number of occupied bands for each k-point:
     k-point:     1    nbnd_occ=  42
     k-point:     2    nbnd_occ=  42
     k-point:     3    nbnd_occ=  42
     k-point:     4    nbnd_occ=  42
     k-point:     5    nbnd_occ=  42
     k-point:     6    nbnd_occ=  42
     k-point:     7    nbnd_occ=  42
     k-point:     8    nbnd_occ=  42
     k-point:     9    nbnd_occ=  42
     k-point:    10    nbnd_occ=  42
     k-point:    11    nbnd_occ=  42
     k-point:    12    nbnd_occ=  42
     k-point:    13    nbnd_occ=  42
     k-point:    14    nbnd_occ=  42
     k-point:    15    nbnd_occ=  42
     k-point:    16    nbnd_occ=  42


     q-space interpolation up to   110.00 Rydberg

     GIPAW job: efg                                                                             


     ELECTRIC FIELD GRADIENTS TENSORS IN Hartree/bohrradius^2:

     ----- bare term -----
     Cl   1        0.040546        0.042973        0.054539
     Cl   1        0.042973       -0.048393        0.015986
     Cl   1        0.054539        0.015986        0.007847

     C    2       -0.656273        0.486132       -0.371519
     C    2        0.486132        0.067378       -0.085329
     C    2       -0.371519       -0.085329        0.588896

     C    3        0.346558        0.095862       -0.102748
     C    3        0.095862       -0.497110       -0.689024
     C    3       -0.102748       -0.689024        0.150552

     H    4       -0.366735        0.156192       -0.365200
     H    4        0.156192       -0.002608       -0.345083
     H    4       -0.365200       -0.345083        0.369344

     C    5       -0.815286        0.371913       -0.339887
     C    5        0.371913        0.284143       -0.103153
     C    5       -0.339887       -0.103153        0.531143

     H    6        0.222342        0.086725       -0.161488
     H    6        0.086725       -0.482986       -0.607636
     H    6       -0.161488       -0.607636        0.260644

     H    7        0.377960        0.102733       -0.002205
     H    7        0.102733       -0.660215       -0.144117
     H    7       -0.002205       -0.144117        0.282255

     C    8        0.081298        0.072605       -0.159236
     C    8        0.072605       -0.151791        0.228425
     C    8       -0.159236        0.228425        0.070493

     H    9       -0.153168        0.436365       -0.020615
     H    9        0.436365       -0.200278       -0.118564
     H    9       -0.020615       -0.118564        0.353446

     C   10       -0.182428        0.010131        0.142646
     C   10        0.010131       -0.147910       -0.247831
     C   10        0.142646       -0.247831        0.330338

     C   11        0.171390        0.044494       -0.083649
     C   11        0.044494       -0.086590        0.338137
     C   11       -0.083649        0.338137       -0.084799

     Cl  12        0.042495       -0.187258        0.080834
     Cl  12       -0.187258       -0.207877       -0.325133
     Cl  12        0.080834       -0.325133        0.165382

     H   13        0.273250       -0.328946       -0.104901
     H   13       -0.328946       -0.453121       -0.357359
     H   13       -0.104901       -0.357359        0.179871

     C   14        0.201180        0.020490       -0.064862
     C   14        0.020490       -0.382924       -0.462886
     C   14       -0.064862       -0.462886        0.181745

     H   15       -0.106427       -0.468125       -0.311114
     H   15       -0.468125       -0.242653       -0.236278
     H   15       -0.311114       -0.236278        0.349081

     C   16       -0.703227        0.301024       -0.286620
     C   16        0.301024        0.229291       -0.067929
     C   16       -0.286620       -0.067929        0.473936

     C   17        0.135923       -0.021132       -0.236997
     C   17       -0.021132       -0.077622       -0.613344
     C   17       -0.236997       -0.613344       -0.058300

     Cl  18       -0.319732        0.288056        0.046929
     Cl  18        0.288056        0.113872       -0.142535
     Cl  18        0.046929       -0.142535        0.205860

     H   19        0.216430        0.115292        0.052533
     H   19        0.115292       -0.510138        0.548133
     H   19        0.052533        0.548133        0.293708

     C   20       -0.885048       -0.344616       -0.375143
     C   20       -0.344616        0.459906        0.058784
     C   20       -0.375143        0.058784        0.425142

     H   21       -0.583711        0.065189        0.082216
     H   21        0.065189        0.403144        0.282729
     H   21        0.082216        0.282729        0.180567

     C   22        0.080963       -0.000053       -0.173241
     C   22       -0.000053       -0.471688        0.411098
     C   22       -0.173241        0.411098        0.390724

     C   23       -0.724140       -0.438637       -0.368112
     C   23       -0.438637        0.371184        0.105091
     C   23       -0.368112        0.105091        0.352956

     Cl  24       -0.003451       -0.019364        0.049200
     Cl  24       -0.019364        0.002146       -0.073340
     Cl  24        0.049200       -0.073340        0.001305

     ----- ionic term -----
     Cl   1        0.200177       -0.234092       -0.004866
     Cl   1       -0.234092       -0.038162        0.008199
     Cl   1       -0.004866        0.008199       -0.162015

     C    2        0.266602       -0.180731        0.229733
     C    2       -0.180731        0.079547        0.390154
     C    2        0.229733        0.390154       -0.346149

     C    3        0.119021       -0.245862        0.131978
     C    3       -0.245862        0.259980        0.428961
     C    3        0.131978        0.428961       -0.379001

     H    4        0.598600        0.410719        0.593654
     H    4        0.410719       -0.305485        0.287442
     H    4        0.593654        0.287442       -0.293115

     C    5        0.309598       -0.205305        0.217008
     C    5       -0.205305        0.104535        0.301638
     C    5        0.217008        0.301638       -0.414132

     H    6       -0.482317        0.202906        0.110785
     H    6        0.202906        0.740065        0.640314
     H    6        0.110785        0.640314       -0.257748

     H    7       -0.508946       -0.046238        0.012565
     H    7       -0.046238        0.910839       -0.504417
     H    7        0.012565       -0.504417       -0.401893

     C    8        0.419431        0.102000        0.117249
     C    8        0.102000        0.080877       -0.288908
     C    8        0.117249       -0.288908       -0.500308

     H    9        0.693735       -0.321640        0.601642
     H    9       -0.321640       -0.410819       -0.239182
     H    9        0.601642       -0.239182       -0.282915

     C   10        0.283898        0.192207        0.083271
     C   10        0.192207        0.127212       -0.343945
     C   10        0.083271       -0.343945       -0.411110

     C   11        0.350494        0.141770        0.082135
     C   11        0.141770        0.130891       -0.316824
     C   11        0.082135       -0.316824       -0.481385

     Cl  12        0.167888        0.196235       -0.013826
     Cl  12        0.196235        0.005126       -0.026885
     Cl  12       -0.013826       -0.026885       -0.173014

     H   13       -0.486156        0.268238        0.164811
     H   13        0.268238        0.594184        0.714593
     H   13        0.164811        0.714593       -0.108028

     C   14        0.270644       -0.141553        0.249191
     C   14       -0.141553        0.062972        0.315854
     C   14        0.249191        0.315854       -0.333617

     H   15        0.691739        0.261093        0.635292
     H   15        0.261093       -0.463376        0.209732
     H   15        0.635292        0.209732       -0.228362

     C   16        0.153983       -0.230831        0.157643
     C   16       -0.230831        0.168290        0.389422
     C   16        0.157643        0.389422       -0.322273

     C   17        0.218338       -0.166597        0.209958
     C   17       -0.166597        0.109006        0.396445
     C   17        0.209958        0.396445       -0.327345

     Cl  18        0.099121       -0.186333       -0.027099
     Cl  18       -0.186333        0.046695        0.032297
     Cl  18       -0.027099        0.032297       -0.145816

     H   19       -0.492704       -0.226091        0.059144
     H   19       -0.226091        0.890441       -0.495128
     H   19        0.059144       -0.495128       -0.397738

     C   20        0.399493        0.098889        0.038430
     C   20        0.098889        0.115194       -0.280196
     C   20        0.038430       -0.280196       -0.514687

     H   21        0.734120       -0.416997        0.514427
     H   21       -0.416997       -0.330065       -0.221911
     H   21        0.514427       -0.221911       -0.404054

     C   22        0.220383        0.150088        0.044566
     C   22        0.150088        0.277283       -0.368445
     C   22        0.044566       -0.368445       -0.497665

     C   23        0.260506        0.037833        0.155434
     C   23        0.037833        0.243547       -0.363469
     C   23        0.155434       -0.363469       -0.504053

     Cl  24        0.155414        0.208157       -0.022030
     Cl  24        0.208157       -0.010712       -0.019736
     Cl  24       -0.022030       -0.019736       -0.144702

     ----- GIPAW term -----
     Cl   1       -0.274988       -1.274029        0.200587
     Cl   1       -1.274029        1.454455        1.875870
     Cl   1        0.200587        1.875870       -1.179467

     C    2       -0.034660        0.038905       -0.007225
     C    2        0.038905        0.023281        0.024825
     C    2       -0.007225        0.024825        0.011379

     C    3       -0.037192       -0.002114        0.012370
     C    3       -0.002114        0.095065        0.072646
     C    3        0.012370        0.072646       -0.057873

     H    4       -0.000000        0.000000        0.000000
     H    4        0.000000        0.000000        0.000000
     H    4        0.000000        0.000000        0.000000

     C    5       -0.119131       -0.049808       -0.026899
     C    5       -0.049808        0.147473        0.038500
     C    5       -0.026899        0.038500       -0.028342

     H    6       -0.000000        0.000000        0.000000
     H    6        0.000000        0.000000        0.000000
     H    6        0.000000        0.000000        0.000000

     H    7       -0.000000        0.000000        0.000000
     H    7        0.000000        0.000000        0.000000
     H    7        0.000000        0.000000        0.000000

     C    8       -0.017012       -0.000462       -0.005820
     C    8       -0.000462        0.092666        0.052688
     C    8       -0.005820        0.052688       -0.075653

     H    9       -0.000000        0.000000        0.000000
     H    9        0.000000        0.000000        0.000000
     H    9        0.000000        0.000000        0.000000

     C   10        0.007575        0.027279        0.020004
     C   10        0.027279       -0.014860       -0.042135
     C   10        0.020004       -0.042135        0.007285

     C   11        0.015280        0.004085       -0.016396
     C   11        0.004085        0.048233        0.034454
     C   11       -0.016396        0.034454       -0.063512

     Cl  12       -0.488943       -0.181530       -0.336248
     Cl  12       -0.181530        0.556771        0.975041
     Cl  12       -0.336248        0.975041       -0.067828

     H   13       -0.000000        0.000000        0.000000
     H   13        0.000000        0.000000        0.000000
     H   13        0.000000        0.000000        0.000000

     C   14       -0.033205        0.013570        0.022678
     C   14        0.013570        0.079324        0.044254
     C   14        0.022678        0.044254       -0.046119

     H   15       -0.000000        0.000000        0.000000
     H   15        0.000000        0.000000        0.000000
     H   15        0.000000        0.000000        0.000000

     C   16       -0.157404        0.029233       -0.035672
     C   16        0.029233        0.190758        0.042349
     C   16       -0.035672        0.042349       -0.033354

     C   17       -0.046505       -0.022358       -0.020357
     C   17       -0.022358        0.218932       -0.004083
     C   17       -0.020357       -0.004083       -0.172427

     Cl  18       -1.049888       -1.266491        0.376869
     Cl  18       -1.266491        1.755370       -1.897866
     Cl  18        0.376869       -1.897866       -0.705482

     H   19       -0.000000        0.000000        0.000000
     H   19        0.000000        0.000000        0.000000
     H   19        0.000000        0.000000        0.000000

     C   20       -0.212633        0.059526       -0.050050
     C   20        0.059526        0.286647       -0.092450
     C   20       -0.050050       -0.092450       -0.074013

     H   21       -0.000000        0.000000        0.000000
     H   21        0.000000        0.000000        0.000000
     H   21        0.000000        0.000000        0.000000

     C   22       -0.094724        0.073310       -0.063540
     C   22        0.073310       -0.009168       -0.169376
     C   22       -0.063540       -0.169376        0.103893

     C   23       -0.174221       -0.010636       -0.038460
     C   23       -0.010636        0.297695       -0.052819
     C   23       -0.038460       -0.052819       -0.123475

     Cl  24       -0.250487        1.529547        0.147121
     Cl  24        1.529547        1.349596       -1.998231
     Cl  24        0.147121       -1.998231       -1.099109

     ----- total EFG -----
     Cl   1       -0.034265       -1.465148        0.250260
     Cl   1       -1.465148        1.367900        1.900056
     Cl   1        0.250260        1.900056       -1.333635

     C    2       -0.424331        0.344306       -0.149011
     C    2        0.344306        0.170205        0.329650
     C    2       -0.149011        0.329650        0.254126

     C    3        0.428387       -0.152115        0.041601
     C    3       -0.152115       -0.142066       -0.187417
     C    3        0.041601       -0.187417       -0.286321

     H    4        0.231864        0.566910        0.228454
     H    4        0.566910       -0.308093       -0.057641
     H    4        0.228454       -0.057641        0.076229

     C    5       -0.624819        0.116800       -0.149777
     C    5        0.116800        0.536151        0.236985
     C    5       -0.149777        0.236985        0.088669

     H    6       -0.259975        0.289632       -0.050704
     H    6        0.289632        0.257078        0.032678
     H    6       -0.050704        0.032678        0.002896

     H    7       -0.130986        0.056495        0.010360
     H    7        0.056495        0.250624       -0.648534
     H    7        0.010360       -0.648534       -0.119638

     C    8        0.483716        0.174144       -0.047807
     C    8        0.174144        0.021752       -0.007795
     C    8       -0.047807       -0.007795       -0.505468

     H    9        0.540567        0.114724        0.581027
     H    9        0.114724       -0.611097       -0.357746
     H    9        0.581027       -0.357746        0.070530

     C   10        0.109045        0.229617        0.245922
     C   10        0.229617       -0.035558       -0.633912
     C   10        0.245922       -0.633912       -0.073487

     C   11        0.537163        0.190350       -0.017910
     C   11        0.190350        0.092534        0.055767
     C   11       -0.017910        0.055767       -0.629697

     Cl  12       -0.278560       -0.172554       -0.269239
     Cl  12       -0.172554        0.354020        0.623023
     Cl  12       -0.269239        0.623023       -0.075459

     H   13       -0.212906       -0.060708        0.059910
     H   13       -0.060708        0.141063        0.357234
     H   13        0.059910        0.357234        0.071843

     C   14        0.438619       -0.107493        0.207007
     C   14       -0.107493       -0.240628       -0.102777
     C   14        0.207007       -0.102777       -0.197991

     H   15        0.585311       -0.207033        0.324179
     H   15       -0.207033       -0.706030       -0.026546
     H   15        0.324179       -0.026546        0.120718

     C   16       -0.706648        0.099426       -0.164649
     C   16        0.099426        0.588339        0.363843
     C   16       -0.164649        0.363843        0.118309

     C   17        0.307756       -0.210087       -0.047396
     C   17       -0.210087        0.250316       -0.220981
     C   17       -0.047396       -0.220981       -0.558073

     Cl  18       -1.270499       -1.164768        0.396698
     Cl  18       -1.164768        1.915938       -2.008103
     Cl  18        0.396698       -2.008103       -0.645438

     H   19       -0.276273       -0.110799        0.111677
     H   19       -0.110799        0.380303        0.053005
     H   19        0.111677        0.053005       -0.104030

     C   20       -0.698188       -0.186200       -0.386763
     C   20       -0.186200        0.861746       -0.313862
     C   20       -0.386763       -0.313862       -0.163558

     H   21        0.150409       -0.351808        0.596643
     H   21       -0.351808        0.073079        0.060817
     H   21        0.596643        0.060817       -0.223487

     C   22        0.206621        0.223345       -0.192215
     C   22        0.223345       -0.203573       -0.126723
     C   22       -0.192215       -0.126723       -0.003048

     C   23       -0.637854       -0.411440       -0.251139
     C   23       -0.411440        0.912426       -0.311197
     C   23       -0.251139       -0.311197       -0.274572

     Cl  24       -0.098524        1.718341        0.174291
     Cl  24        1.718341        1.341029       -2.091307
     Cl  24        0.174291       -2.091307       -1.242506

     ----- total EFG (symmetrized) -----
     Cl   1       -0.034265       -1.465148        0.250260
     Cl   1       -1.465148        1.367900        1.900056
     Cl   1        0.250260        1.900056       -1.333635

     C    2       -0.424331        0.344306       -0.149011
     C    2        0.344306        0.170205        0.329650
     C    2       -0.149011        0.329650        0.254126

     C    3        0.428387       -0.152115        0.041601
     C    3       -0.152115       -0.142066       -0.187417
     C    3        0.041601       -0.187417       -0.286321

     H    4        0.231864        0.566910        0.228454
     H    4        0.566910       -0.308093       -0.057641
     H    4        0.228454       -0.057641        0.076229

     C    5       -0.624819        0.116800       -0.149777
     C    5        0.116800        0.536151        0.236985
     C    5       -0.149777        0.236985        0.088669

     H    6       -0.259975        0.289632       -0.050704
     H    6        0.289632        0.257078        0.032678
     H    6       -0.050704        0.032678        0.002896

     H    7       -0.130986        0.056495        0.010360
     H    7        0.056495        0.250624       -0.648534
     H    7        0.010360       -0.648534       -0.119638

     C    8        0.483716        0.174144       -0.047807
     C    8        0.174144        0.021752       -0.007795
     C    8       -0.047807       -0.007795       -0.505468

     H    9        0.540567        0.114724        0.581027
     H    9        0.114724       -0.611097       -0.357746
     H    9        0.581027       -0.357746        0.070530

     C   10        0.109045        0.229617        0.245922
     C   10        0.229617       -0.035558       -0.633912
     C   10        0.245922       -0.633912       -0.073487

     C   11        0.537163        0.190350       -0.017910
     C   11        0.190350        0.092534        0.055767
     C   11       -0.017910        0.055767       -0.629697

     Cl  12       -0.278560       -0.172554       -0.269239
     Cl  12       -0.172554        0.354020        0.623023
     Cl  12       -0.269239        0.623023       -0.075459

     H   13       -0.212906       -0.060708        0.059910
     H   13       -0.060708        0.141063        0.357234
     H   13        0.059910        0.357234        0.071843

     C   14        0.438619       -0.107493        0.207007
     C   14       -0.107493       -0.240628       -0.102777
     C   14        0.207007       -0.102777       -0.197991

     H   15        0.585311       -0.207033        0.324179
     H   15       -0.207033       -0.706030       -0.026546
     H   15        0.324179       -0.026546        0.120718

     C   16       -0.706648        0.099426       -0.164649
     C   16        0.099426        0.588339        0.363843
     C   16       -0.164649        0.363843        0.118309

     C   17        0.307756       -0.210087       -0.047396
     C   17       -0.210087        0.250316       -0.220981
     C   17       -0.047396       -0.220981       -0.558073

     Cl  18       -1.270499       -1.164768        0.396698
     Cl  18       -1.164768        1.915938       -2.008103
     Cl  18        0.396698       -2.008103       -0.645438

     H   19       -0.276273       -0.110799        0.111677
     H   19       -0.110799        0.380303        0.053005
     H   19        0.111677        0.053005       -0.104030

     C   20       -0.698188       -0.186200       -0.386763
     C   20       -0.186200        0.861746       -0.313862
     C   20       -0.386763       -0.313862       -0.163558

     H   21        0.150409       -0.351808        0.596643
     H   21       -0.351808        0.073079        0.060817
     H   21        0.596643        0.060817       -0.223487

     C   22        0.206621        0.223345       -0.192215
     C   22        0.223345       -0.203573       -0.126723
     C   22       -0.192215       -0.126723       -0.003048

     C   23       -0.637854       -0.411440       -0.251139
     C   23       -0.411440        0.912426       -0.311197
     C   23       -0.251139       -0.311197       -0.274572

     Cl  24       -0.098524        1.718341        0.174291
     Cl  24        1.718341        1.341029       -2.091307
     Cl  24        0.174291       -2.091307       -1.242506


     NQR/NMR SPECTROSCOPIC PARAMETERS:
     Cl   1    Vxx=   -0.2065    axis=(  0.846371  0.184824  0.499495)
     Cl   1    Vyy=   -2.6559    axis=(  0.355719  0.501828 -0.788437)
     Cl   1    Vzz=    2.8624    axis=( -0.396383  0.844990  0.358987)
     Cl   1  Q=        -8.1650 1e-30 m^2  Cq=       -54.9141 MHz  eta= 0.85570

     C    2    Vxx=    0.1066    axis=( -0.531033 -0.534293  0.657674)
     C    2    Vyy=    0.5613    axis=( -0.143026 -0.708498 -0.691067)
     C    2    Vzz=   -0.6679    axis=( -0.835193  0.461044 -0.299818)
     C    2  Q=         1.0000 1e-30 m^2  Cq=        -1.5693 MHz  eta= 0.68068

     C    3    Vxx=   -0.0583    axis=(  0.288326  0.764903 -0.576014)
     C    3    Vyy=   -0.4184    axis=(  0.065258  0.584465  0.808791)
     C    3    Vzz=    0.4767    axis=( -0.955306  0.270785 -0.118601)
     C    3  Q=         1.0000 1e-30 m^2  Cq=         1.1200 MHz  eta= 0.75551

     H    4    Vxx=    0.0657    axis=(  0.128178  0.338145 -0.932324)
     H    4    Vyy=    0.6386    axis=(  0.829275  0.479059  0.287761)
     H    4    Vzz=   -0.7044    axis=( -0.543943  0.810037  0.219010)
     H    4  Q=         1.0000 1e-30 m^2  Cq=        -1.6550 MHz  eta= 0.81337

     C    5    Vxx=    0.0372    axis=( -0.265997 -0.362075  0.893391)
     C    5    Vyy=    0.6402    axis=( -0.039490 -0.921908 -0.385391)
     C    5    Vzz=   -0.6774    axis=(  0.963165 -0.137793  0.230927)
     C    5  Q=         1.0000 1e-30 m^2  Cq=        -1.5917 MHz  eta= 0.89012

     H    6    Vxx=    0.0115    axis=( -0.143935  0.038180  0.988850)
     H    6    Vyy=    0.3870    axis=( -0.406913 -0.913152 -0.023972)
     H    6    Vzz=   -0.3985    axis=(  0.902056 -0.405826  0.146971)
     H    6  Q=         1.0000 1e-30 m^2  Cq=        -0.9364 MHz  eta= 0.94210

     H    7    Vxx=   -0.1290    axis=( -0.995152 -0.017294 -0.096812)
     H    7    Vyy=   -0.6127    axis=( -0.087674  0.601979  0.793684)
     H    7    Vzz=    0.7417    axis=( -0.044553 -0.798325  0.600577)
     H    7  Q=         1.0000 1e-30 m^2  Cq=         1.7426 MHz  eta= 0.65214

     C    8    Vxx=   -0.0364    axis=(  0.316085 -0.948588 -0.016453)
     C    8    Vyy=   -0.5078    axis=( -0.048373  0.001205 -0.998829)
     C    8    Vzz=    0.5442    axis=(  0.947497  0.316510 -0.045505)
     C    8  Q=         1.0000 1e-30 m^2  Cq=         1.2786 MHz  eta= 0.86618

     H    9    Vxx=   -0.0807    axis=(  0.511923  0.553734 -0.656745)
     H    9    Vyy=   -0.8592    axis=( -0.270730  0.829555  0.488409)
     H    9    Vzz=    0.9399    axis=( -0.815255  0.072227 -0.574580)
     H    9  Q=         1.0000 1e-30 m^2  Cq=         2.2084 MHz  eta= 0.82820

     C   10    Vxx=    0.2318    axis=( -0.939110 -0.251595 -0.234035)
     C   10    Vyy=    0.5798    axis=( -0.017034  0.714344 -0.699587)
     C   10    Vzz=   -0.8116    axis=( -0.343194  0.653003  0.675133)
     C   10  Q=         1.0000 1e-30 m^2  Cq=        -1.9070 MHz  eta= 0.42869

     C   11    Vxx=    0.0274    axis=( -0.345693  0.934146  0.088703)
     C   11    Vyy=    0.6075    axis=(  0.937904  0.346888  0.002059)
     C   11    Vzz=   -0.6349    axis=(  0.028847 -0.083907  0.996056)
     C   11  Q=         1.0000 1e-30 m^2  Cq=        -1.4918 MHz  eta= 0.91373

     Cl  12    Vxx=   -0.2958    axis=( -0.858689 -0.454700  0.236433)
     Cl  12    Vyy=   -0.5795    axis=(  0.446747 -0.438045  0.780086)
     Cl  12    Vzz=    0.8753    axis=(  0.251137 -0.775477 -0.579281)
     Cl  12  Q=        -8.1650 1e-30 m^2  Cq=       -16.7922 MHz  eta= 0.32412

     H   13    Vxx=   -0.1453    axis=(  0.782922 -0.413694  0.464640)
     H   13    Vyy=   -0.3201    axis=( -0.622081 -0.529000  0.577213)
     H   13    Vzz=    0.4654    axis=( -0.007005  0.740956  0.671517)
     H   13  Q=         1.0000 1e-30 m^2  Cq=         1.0935 MHz  eta= 0.37570

     C   14    Vxx=   -0.1946    axis=( -0.328942 -0.684295  0.650798)
     C   14    Vyy=   -0.3285    axis=( -0.089551  0.708646  0.699858)
     C   14    Vzz=    0.5231    axis=(  0.940095 -0.171933  0.294383)
     C   14  Q=         1.0000 1e-30 m^2  Cq=         1.2291 MHz  eta= 0.25615

     H   15    Vxx=   -0.0388    axis=( -0.432764  0.098624  0.896096)
     H   15    Vyy=   -0.7391    axis=( -0.161650 -0.986377  0.030493)
     H   15    Vzz=    0.7779    axis=(  0.886896 -0.131658  0.442811)
     H   15  Q=         1.0000 1e-30 m^2  Cq=         1.8278 MHz  eta= 0.90034

     C   16    Vxx=   -0.0256    axis=( -0.271507 -0.457751  0.846609)
     C   16    Vyy=   -0.7609    axis=( -0.962418  0.134536 -0.235905)
     C   16    Vzz=    0.7865    axis=( -0.005914 -0.878842 -0.477076)
     C   16  Q=         1.0000 1e-30 m^2  Cq=         1.8480 MHz  eta= 0.93487

     C   17    Vxx=    0.1218    axis=(  0.691155  0.671770 -0.266515)
     C   17    Vyy=    0.5034    axis=(  0.714453 -0.690680  0.111884)
     C   17    Vzz=   -0.6253    axis=(  0.108916  0.267742  0.957315)
     C   17  Q=         1.0000 1e-30 m^2  Cq=        -1.4691 MHz  eta= 0.61028

     Cl  18    Vxx=   -1.4485    axis=(  0.795453 -0.082920 -0.600316)
     Cl  18    Vyy=   -1.8880    axis=(  0.549812  0.515366  0.657347)
     Cl  18    Vzz=    3.3365    axis=( -0.254875  0.852949 -0.455540)
     Cl  18  Q=        -8.1650 1e-30 m^2  Cq=       -64.0085 MHz  eta= 0.13174

     H   19    Vxx=   -0.0491    axis=(  0.440138  0.002730  0.897926)
     H   19    Vyy=   -0.3518    axis=(  0.885355  0.165453 -0.434479)
     H   19    Vzz=    0.4009    axis=( -0.149750  0.986214  0.070405)
     H   19  Q=         1.0000 1e-30 m^2  Cq=         0.9420 MHz  eta= 0.75492

     C   20    Vxx=    0.0014    axis=( -0.513665  0.193743  0.835830)
     C   20    Vyy=    0.9539    axis=(  0.049349 -0.965887  0.254217)
     C   20    Vzz=   -0.9552    axis=(  0.856570  0.171830  0.486582)
     C   20  Q=         1.0000 1e-30 m^2  Cq=        -2.2444 MHz  eta= 0.99712

     H   21    Vxx=    0.0518    axis=( -0.136387 -0.863056 -0.486346)
     H   21    Vyy=    0.6955    axis=( -0.782230  0.395063 -0.481706)
     H   21    Vzz=   -0.7473    axis=( -0.607877 -0.314737  0.728990)
     H   21  Q=         1.0000 1e-30 m^2  Cq=        -1.7558 MHz  eta= 0.86148

     C   22    Vxx=   -0.1171    axis=(  0.499597  0.021276  0.865997)
     C   22    Vyy=   -0.3085    axis=(  0.337234 -0.925610 -0.171811)
     C   22    Vzz=    0.4255    axis=(  0.797920  0.377880 -0.469606)
     C   22  Q=         1.0000 1e-30 m^2  Cq=         0.9998 MHz  eta= 0.44984

     C   23    Vxx=   -0.1517    axis=(  0.498027 -0.060418 -0.865054)
     C   23    Vyy=   -0.9087    axis=( -0.842484 -0.270003 -0.466175)
     C   23    Vzz=    1.0604    axis=( -0.205402  0.960962 -0.185370)
     C   23  Q=         1.0000 1e-30 m^2  Cq=         2.4915 MHz  eta= 0.71384

     Cl  24    Vxx=   -0.3329    axis=(  0.823235 -0.167330  0.542480)
     Cl  24    Vyy=   -2.8251    axis=( -0.385828  0.536052  0.750856)
     Cl  24    Vzz=    3.1580    axis=( -0.416438 -0.827435  0.376736)
     Cl  24  Q=        -8.1650 1e-30 m^2  Cq=       -60.5853 MHz  eta= 0.78915

     Initialization:
     gipaw_setup  :      9.41s CPU     11.40s WALL (       1 calls)

     Linear response

     Apply operators

     Induced current

     Other routines
     efg          :      9.08s CPU     11.38s WALL (       1 calls)

     General routines
     calbec       :      3.17s CPU      4.17s WALL (      16 calls)
     fft          :      1.58s CPU      2.07s WALL (      15 calls)
     ffts         :      0.05s CPU      0.06s WALL (       2 calls)
     fftw         :      3.26s CPU      3.86s WALL (     672 calls)
     davcio       :      0.02s CPU      0.32s WALL (      32 calls)

     Parallel routines
     fft_scatter  :      2.18s CPU      3.19s WALL (     689 calls)

     Plugins

     GIPAW        :     60.45s CPU     72.68s WALL (       1 calls)
