
     Program QE v.6.0 (svn rev. 13079) starts on 20Jan2017 at 17:38:44 

     This program is part of the open-source Quantum ESPRESSO suite
     for quantum simulation of materials; please cite
         "P. Giannozzi et al., J. Phys.:Condens. Matter 21 395502 (2009);
          URL http://www.quantum-espresso.org", 
     in publications or presentations arising from this work. More details at
     http://www.quantum-espresso.org/quote

     Parallel version (MPI), running on     8 processors
     R & G space division:  proc/nbgrp/npool/nimage =       8

     ***** This is GIPAW svn revision unknown      *****

     Parallelizing q-star over 1 images

     Reading data from directory:
     /users/majewski/paradichlorobenzene/pbe/9_constraint/scratch/pbe.ecut100.np8.dt60.pcl2phi-129368.save
     Message from routine read_xml_file:
     file /users/majewski/paradichlorobenzene/pbe/9_constraint/scratch/pbe.ecut100.np8.dt60.pcl2phi-129368.save not guaranteed to be safe for post-processing

   Info: using nr1, nr2, nr3 values from input

   Info: using nr1, nr2, nr3 values from input

     IMPORTANT: XC functional enforced from input :
     Exchange-correlation      =  SLA  PW   PBX  PBC ( 1  4  3  4 0 0)
     Any further DFT definition will be discarded
     Please, verify this is what you really want

               file C.pbe-n-kjpaw_psl.1.0.0.UPF: wavefunction(s)  2S 2P renormalized
               file Cl.pbe-n-kjpaw_psl.1.0.0.UPF: wavefunction(s)  3S 3P renormalized
               file H.pbe-kjpaw_psl.1.0.0.UPF: wavefunction(s)  1S renormalized

     Parallelization info
     --------------------
     sticks:   dense  smooth     PW     G-vecs:    dense   smooth      PW
     Min        3057    1223    332               144436    36536    5170
     Max        3059    1225    333               144437    36537    5171
     Sum       24467    9791   2657              1155489   292295   41363


     Subspace diagonalization in iterative solution of the eigenvalue problem:
     a serial algorithm will be used

     GIPAW projectors -----------------------------------------------
     atom=  C    l=0  rc=    1.2000  rs=    0.8000
     atom=  C    l=0  rc=    1.2000  rs=    0.8000
     atom=  C    l=1  rc=    1.4000  rs=    0.9333
     atom=  C    l=1  rc=    1.4000  rs=    0.9333
     projs nearly linearly dependent: l=1  n1,n2= 1, 2  s=  0.99951561

     atom=  Cl   l=0  rc=    1.6000  rs=    1.0667
     atom=  Cl   l=0  rc=    1.6000  rs=    1.0667
     atom=  Cl   l=1  rc=    1.6000  rs=    1.0667
     atom=  Cl   l=1  rc=    1.6000  rs=    1.0667
     atom=  Cl   l=2  rc=    1.6000  rs=    1.0667
     atom=  Cl   l=2  rc=    1.6000  rs=    1.0667
     projs nearly linearly dependent: l=2  n1,n2= 1, 2  s=  0.99993509

     atom=  H    l=0  rc=    1.0000  rs=    0.6667
     atom=  H    l=0  rc=    1.0000  rs=    0.6667
     projs nearly linearly dependent: l=0  n1,n2= 1, 2  s=  0.99968852
     -----------------------------------------------------------------

     GIPAW integrals: -------------------------------------------
     Atom  i/j   nmr_para   nmr_dia   epr_rmc  epr_para   epr_dia
       C   1 1   0.83E+03  0.17E-01  0.93E+01  0.24E+08  0.24E+03
       C   2 1   0.86E+03 -0.61E-01  0.94E+01  0.25E+08  0.25E+03
       C   2 2   0.90E+03 -0.15E+00  0.97E+01  0.26E+08  0.26E+03
       C   3 3   0.33E+01  0.34E+00  0.18E+01  0.55E+03  0.21E+02
       C   4 3   0.35E+01  0.37E+00  0.20E+01  0.59E+03  0.22E+02
       C   4 4   0.38E+01  0.39E+00  0.22E+01  0.63E+03  0.24E+02
       Cl  1 1   0.14E+04 -0.47E+00  0.84E+01  0.32E+09  0.42E+03
       Cl  2 1   0.21E+04 -0.37E+00  0.12E+02  0.49E+09  0.65E+03
       Cl  2 2   0.33E+04 -0.16E+00  0.21E+02  0.76E+09  0.10E+04
       Cl  3 3   0.21E+02  0.79E-01  0.89E+01  0.23E+05  0.13E+03
       Cl  4 3   0.24E+02  0.67E-01  0.99E+01  0.27E+05  0.15E+03
       Cl  4 4   0.28E+02  0.44E-01  0.11E+02  0.32E+05  0.18E+03
       Cl  5 5   0.77E+00  0.19E+00  0.18E+01  0.12E+03  0.22E+02
       Cl  6 5   0.80E+00  0.19E+00  0.19E+01  0.12E+03  0.23E+02
       Cl  6 6   0.83E+00  0.20E+00  0.19E+01  0.12E+03  0.23E+02
       H   1 1   0.39E+02  0.19E+00  0.29E+00  0.78E+05  0.13E+02
       H   2 1   0.41E+02  0.21E+00  0.32E+00  0.82E+05  0.14E+02
       H   2 2   0.43E+02  0.22E+00  0.36E+00  0.86E+05  0.15E+02
     ------------------------------------------------------------

     alpha_pv=     34.0493 eV

     Number of occupied bands for each k-point:
     k-point:     1    nbnd_occ=  42
     k-point:     2    nbnd_occ=  42
     k-point:     3    nbnd_occ=  42
     k-point:     4    nbnd_occ=  42
     k-point:     5    nbnd_occ=  42
     k-point:     6    nbnd_occ=  42
     k-point:     7    nbnd_occ=  42
     k-point:     8    nbnd_occ=  42
     k-point:     9    nbnd_occ=  42
     k-point:    10    nbnd_occ=  42
     k-point:    11    nbnd_occ=  42
     k-point:    12    nbnd_occ=  42
     k-point:    13    nbnd_occ=  42
     k-point:    14    nbnd_occ=  42
     k-point:    15    nbnd_occ=  42
     k-point:    16    nbnd_occ=  42


     q-space interpolation up to   110.00 Rydberg

     GIPAW job: efg                                                                             


     ELECTRIC FIELD GRADIENTS TENSORS IN Hartree/bohrradius^2:

     ----- bare term -----
     Cl   1        0.008379        0.027535        0.046755
     Cl   1        0.027535       -0.004570        0.058695
     Cl   1        0.046755        0.058695       -0.003809

     C    2       -0.620330        0.441418       -0.397423
     C    2        0.441418        0.038012       -0.109856
     C    2       -0.397423       -0.109856        0.582319

     C    3        0.378493        0.086274       -0.114165
     C    3        0.086274       -0.517530       -0.696832
     C    3       -0.114165       -0.696832        0.139037

     H    4       -0.363948        0.272711       -0.226216
     H    4        0.272711       -0.038000       -0.357213
     H    4       -0.226216       -0.357213        0.401948

     C    5       -0.744443        0.346598       -0.327506
     C    5        0.346598        0.156606       -0.110257
     C    5       -0.327506       -0.110257        0.587837

     H    6        0.360827        0.094859       -0.149815
     H    6        0.094859       -0.499399       -0.567520
     H    6       -0.149815       -0.567520        0.138572

     H    7        0.379283        0.171069        0.021249
     H    7        0.171069       -0.678686       -0.100867
     H    7        0.021249       -0.100867        0.299403

     C    8        0.161710        0.101254       -0.096189
     C    8        0.101254       -0.241176        0.086432
     C    8       -0.096189        0.086432        0.079466

     H    9       -0.135175        0.396729        0.004720
     H    9        0.396729       -0.201036       -0.133893
     H    9        0.004720       -0.133893        0.336211

     C   10       -0.193524       -0.025276        0.134533
     C   10       -0.025276       -0.113490       -0.205644
     C   10        0.134533       -0.205644        0.307014

     C   11        0.228888        0.056918       -0.186022
     C   11        0.056918       -0.140667        0.385558
     C   11       -0.186022        0.385558       -0.088221

     Cl  12        0.072486       -0.108080        0.106653
     Cl  12       -0.108080       -0.199053       -0.348754
     Cl  12        0.106653       -0.348754        0.126567

     H   13        0.419817       -0.125907       -0.040315
     H   13       -0.125907       -0.546776       -0.482491
     H   13       -0.040315       -0.482491        0.126960

     C   14        0.166024        0.040770       -0.084893
     C   14        0.040770       -0.343824       -0.460167
     C   14       -0.084893       -0.460167        0.177800

     H   15       -0.087860       -0.440657       -0.350538
     H   15       -0.440657       -0.215312       -0.305201
     H   15       -0.350538       -0.305201        0.303172

     C   16       -0.741115        0.337670       -0.309788
     C   16        0.337670        0.301526       -0.064706
     C   16       -0.309788       -0.064706        0.439589

     C   17        0.256780        0.008311       -0.217644
     C   17        0.008311       -0.231250       -0.587204
     C   17       -0.217644       -0.587204       -0.025531

     Cl  18       -0.306996        0.275545        0.052889
     Cl  18        0.275545        0.089426       -0.154411
     Cl  18        0.052889       -0.154411        0.217570

     H   19        0.423894        0.019015       -0.082601
     H   19        0.019015       -0.600227        0.675261
     H   19       -0.082601        0.675261        0.176333

     C   20       -0.913078       -0.354708       -0.412398
     C   20       -0.354708        0.468183        0.027450
     C   20       -0.412398        0.027450        0.444894

     H   21       -0.459562        0.247870        0.266017
     H   21        0.247870        0.322136        0.060445
     H   21        0.266017        0.060445        0.137426

     C   22        0.108406        0.065357       -0.167939
     C   22        0.065357       -0.458668        0.446073
     C   22       -0.167939        0.446073        0.350262

     C   23       -0.778647       -0.464030       -0.336222
     C   23       -0.464030        0.326445        0.061800
     C   23       -0.336222        0.061800        0.452202

     Cl  24       -0.014595       -0.013115        0.048278
     Cl  24       -0.013115        0.011820       -0.088702
     Cl  24        0.048278       -0.088702        0.002774

     ----- ionic term -----
     Cl   1        0.202130       -0.226075        0.006517
     Cl   1       -0.226075       -0.044183        0.004014
     Cl   1        0.006517        0.004014       -0.157946

     C    2        0.315135       -0.124739        0.306773
     C    2       -0.124739        0.005882        0.403537
     C    2        0.306773        0.403537       -0.321017

     C    3        0.204847       -0.237865        0.128535
     C    3       -0.237865        0.171295        0.412052
     C    3        0.128535        0.412052       -0.376143

     H    4        0.767119        0.336551        0.522804
     H    4        0.336551       -0.377993        0.210386
     H    4        0.522804        0.210386       -0.389125

     C    5        0.321804       -0.202867        0.223424
     C    5       -0.202867        0.064209        0.324238
     C    5        0.223424        0.324238       -0.386014

     H    6       -0.494852        0.131090        0.081277
     H    6        0.131090        0.734567        0.664431
     H    6        0.081277        0.664431       -0.239715

     H    7       -0.508732       -0.090139        0.032719
     H    7       -0.090139        0.792060       -0.610984
     H    7        0.032719       -0.610984       -0.283327

     C    8        0.365108        0.124581        0.077204
     C    8        0.124581        0.124420       -0.277755
     C    8        0.077204       -0.277755       -0.489529

     H    9        0.703072       -0.440686        0.509553
     H    9       -0.440686       -0.317180       -0.258487
     H    9        0.509553       -0.258487       -0.385893

     C   10        0.203151        0.134489        0.096817
     C   10        0.134489        0.244952       -0.386712
     C   10        0.096817       -0.386712       -0.448103

     C   11        0.285747       -0.007474        0.126144
     C   11       -0.007474        0.188181       -0.383261
     C   11        0.126144       -0.383261       -0.473929

     Cl  12        0.145718        0.156327       -0.014771
     Cl  12        0.156327        0.000318       -0.027351
     Cl  12       -0.014771       -0.027351       -0.146036

     H   13       -0.547227        0.065685        0.044000
     H   13        0.065685        0.589494        0.776055
     H   13        0.044000        0.776055       -0.042267

     C   14        0.282192       -0.173964        0.262118
     C   14       -0.173964        0.030812        0.340454
     C   14        0.262118        0.340454       -0.313004

     H   15        0.654075        0.281895        0.662735
     H   15        0.281895       -0.470826        0.228782
     H   15        0.662735        0.228782       -0.183250

     C   16        0.104020       -0.204288        0.183536
     C   16       -0.204288        0.162839        0.461573
     C   16        0.183536        0.461573       -0.266859

     C   17        0.144401       -0.119183        0.244640
     C   17       -0.119183        0.119323        0.486942
     C   17        0.244640        0.486942       -0.263724

     Cl  18        0.080198       -0.172636       -0.022869
     Cl  18       -0.172636        0.056005        0.032063
     Cl  18       -0.022869        0.032063       -0.136202

     H   19       -0.521249       -0.071514        0.010414
     H   19       -0.071514        0.728210       -0.663363
     H   19        0.010414       -0.663363       -0.206961

     C   20        0.377571        0.050583        0.062051
     C   20        0.050583        0.085240       -0.321622
     C   20        0.062051       -0.321622       -0.462811

     H   21        0.773609       -0.615759        0.148390
     H   21       -0.615759       -0.163361       -0.112194
     H   21        0.148390       -0.112194       -0.610248

     C   22        0.216596        0.087326       -0.028544
     C   22        0.087326        0.295618       -0.333142
     C   22       -0.028544       -0.333142       -0.512215

     C   23        0.272444        0.129243        0.081280
     C   23        0.129243        0.258799       -0.331246
     C   23        0.081280       -0.331246       -0.531244

     Cl  24        0.166410        0.237393       -0.021221
     Cl  24        0.237393       -0.000465       -0.021347
     Cl  24       -0.021221       -0.021347       -0.165945

     ----- GIPAW term -----
     Cl   1       -0.233142       -1.560347        0.083746
     Cl   1       -1.560347        1.539709        1.876830
     Cl   1        0.083746        1.876830       -1.306567

     C    2       -0.014814        0.043719       -0.001846
     C    2        0.043719       -0.005042        0.017808
     C    2       -0.001846        0.017808        0.019857

     C    3       -0.026368       -0.003864        0.008495
     C    3       -0.003864        0.081875        0.066140
     C    3        0.008495        0.066140       -0.055507

     H    4       -0.000000        0.000000        0.000000
     H    4        0.000000        0.000000        0.000000
     H    4        0.000000        0.000000        0.000000

     C    5       -0.072257       -0.031136       -0.016946
     C    5       -0.031136        0.064731        0.015797
     C    5       -0.016946        0.015797        0.007526

     H    6       -0.000000        0.000000        0.000000
     H    6        0.000000        0.000000        0.000000
     H    6        0.000000        0.000000        0.000000

     H    7       -0.000000        0.000000        0.000000
     H    7        0.000000        0.000000        0.000000
     H    7        0.000000        0.000000        0.000000

     C    8        0.014884        0.004018        0.003784
     C    8        0.004018        0.035331        0.006219
     C    8        0.003784        0.006219       -0.050215

     H    9       -0.000000        0.000000        0.000000
     H    9        0.000000        0.000000        0.000000
     H    9        0.000000        0.000000        0.000000

     C   10        0.000666        0.024405        0.020809
     C   10        0.024405       -0.004337       -0.036851
     C   10        0.020809       -0.036851        0.003671

     C   11        0.016014        0.005979       -0.024191
     C   11        0.005979        0.056555        0.021866
     C   11       -0.024191        0.021866       -0.072569

     Cl  12       -0.285854       -0.189950       -0.446524
     Cl  12       -0.189950        0.393173        0.877304
     Cl  12       -0.446524        0.877304       -0.107319

     H   13       -0.000000        0.000000        0.000000
     H   13        0.000000        0.000000        0.000000
     H   13        0.000000        0.000000        0.000000

     C   14       -0.046286        0.020616        0.019429
     C   14        0.020616        0.098415        0.051417
     C   14        0.019429        0.051417       -0.052130

     H   15       -0.000000        0.000000        0.000000
     H   15        0.000000        0.000000        0.000000
     H   15        0.000000        0.000000        0.000000

     C   16       -0.191687        0.050363       -0.040727
     C   16        0.050363        0.237379        0.065628
     C   16       -0.040727        0.065628       -0.045692

     C   17       -0.013037       -0.000886       -0.016057
     C   17       -0.000886        0.132891        0.025636
     C   17       -0.016057        0.025636       -0.119854

     Cl  18       -0.983435       -1.300130        0.460081
     Cl  18       -1.300130        1.371735       -2.052064
     Cl  18        0.460081       -2.052064       -0.388300

     H   19       -0.000000        0.000000        0.000000
     H   19        0.000000        0.000000        0.000000
     H   19        0.000000        0.000000        0.000000

     C   20       -0.223036        0.039049       -0.059674
     C   20        0.039049        0.278080       -0.125924
     C   20       -0.059674       -0.125924       -0.055044

     H   21       -0.000000        0.000000        0.000000
     H   21        0.000000        0.000000        0.000000
     H   21        0.000000        0.000000        0.000000

     C   22       -0.074753        0.088224       -0.065300
     C   22        0.088224       -0.002422       -0.143805
     C   22       -0.065300       -0.143805        0.077175

     C   23       -0.157795        0.054343       -0.044693
     C   23        0.054343        0.242516       -0.088514
     C   23       -0.044693       -0.088514       -0.084722

     Cl  24       -0.239444        1.556902        0.163723
     Cl  24        1.556902        1.269686       -2.038093
     Cl  24        0.163723       -2.038093       -1.030242

     ----- total EFG -----
     Cl   1       -0.022633       -1.758887        0.137018
     Cl   1       -1.758887        1.490955        1.939539
     Cl   1        0.137018        1.939539       -1.468322

     C    2       -0.320010        0.360397       -0.092496
     C    2        0.360397        0.038851        0.311489
     C    2       -0.092496        0.311489        0.281158

     C    3        0.556972       -0.155455        0.022865
     C    3       -0.155455       -0.264359       -0.218639
     C    3        0.022865       -0.218639       -0.292612

     H    4        0.403171        0.609262        0.296588
     H    4        0.609262       -0.415993       -0.146827
     H    4        0.296588       -0.146827        0.012822

     C    5       -0.494896        0.112594       -0.121027
     C    5        0.112594        0.285546        0.229778
     C    5       -0.121027        0.229778        0.209350

     H    6       -0.134025        0.225949       -0.068538
     H    6        0.225949        0.235168        0.096911
     H    6       -0.068538        0.096911       -0.101143

     H    7       -0.129449        0.080929        0.053968
     H    7        0.080929        0.113374       -0.711851
     H    7        0.053968       -0.711851        0.016075

     C    8        0.541702        0.229853       -0.015200
     C    8        0.229853       -0.081425       -0.185104
     C    8       -0.015200       -0.185104       -0.460278

     H    9        0.567898       -0.043958        0.514274
     H    9       -0.043958       -0.518216       -0.392380
     H    9        0.514274       -0.392380       -0.049682

     C   10        0.010293        0.133618        0.252159
     C   10        0.133618        0.127125       -0.629208
     C   10        0.252159       -0.629208       -0.137418

     C   11        0.530649        0.055423       -0.084069
     C   11        0.055423        0.104070        0.024163
     C   11       -0.084069        0.024163       -0.634719

     Cl  12       -0.067650       -0.141703       -0.354642
     Cl  12       -0.141703        0.194438        0.501199
     Cl  12       -0.354642        0.501199       -0.126788

     H   13       -0.127411       -0.060222        0.003684
     H   13       -0.060222        0.042718        0.293564
     H   13        0.003684        0.293564        0.084692

     C   14        0.401930       -0.112577        0.196654
     C   14       -0.112577       -0.214597       -0.068296
     C   14        0.196654       -0.068296       -0.187333

     H   15        0.566215       -0.158762        0.312198
     H   15       -0.158762       -0.686137       -0.076420
     H   15        0.312198       -0.076420        0.119922

     C   16       -0.828782        0.183745       -0.166979
     C   16        0.183745        0.701744        0.462496
     C   16       -0.166979        0.462496        0.127039

     C   17        0.388145       -0.111758        0.010938
     C   17       -0.111758        0.020965       -0.074627
     C   17        0.010938       -0.074627       -0.409109

     Cl  18       -1.210233       -1.197221        0.490101
     Cl  18       -1.197221        1.517165       -2.174412
     Cl  18        0.490101       -2.174412       -0.306932

     H   19       -0.097355       -0.052499       -0.072188
     H   19       -0.052499        0.127983        0.011897
     H   19       -0.072188        0.011897       -0.030628

     C   20       -0.758543       -0.265077       -0.410022
     C   20       -0.265077        0.831503       -0.420096
     C   20       -0.410022       -0.420096       -0.072960

     H   21        0.314047       -0.367889        0.414407
     H   21       -0.367889        0.158775       -0.051750
     H   21        0.414407       -0.051750       -0.472822

     C   22        0.250249        0.240907       -0.261783
     C   22        0.240907       -0.165472       -0.030874
     C   22       -0.261783       -0.030874       -0.084777

     C   23       -0.663997       -0.280445       -0.299636
     C   23       -0.280445        0.827760       -0.357960
     C   23       -0.299636       -0.357960       -0.163763

     Cl  24       -0.087628        1.781180        0.190780
     Cl  24        1.781180        1.281041       -2.148143
     Cl  24        0.190780       -2.148143       -1.193413

     ----- total EFG (symmetrized) -----
     Cl   1       -0.022633       -1.758887        0.137018
     Cl   1       -1.758887        1.490955        1.939539
     Cl   1        0.137018        1.939539       -1.468322

     C    2       -0.320010        0.360397       -0.092496
     C    2        0.360397        0.038851        0.311489
     C    2       -0.092496        0.311489        0.281158

     C    3        0.556972       -0.155455        0.022865
     C    3       -0.155455       -0.264359       -0.218639
     C    3        0.022865       -0.218639       -0.292612

     H    4        0.403171        0.609262        0.296588
     H    4        0.609262       -0.415993       -0.146827
     H    4        0.296588       -0.146827        0.012822

     C    5       -0.494896        0.112594       -0.121027
     C    5        0.112594        0.285546        0.229778
     C    5       -0.121027        0.229778        0.209350

     H    6       -0.134025        0.225949       -0.068538
     H    6        0.225949        0.235168        0.096911
     H    6       -0.068538        0.096911       -0.101143

     H    7       -0.129449        0.080929        0.053968
     H    7        0.080929        0.113374       -0.711851
     H    7        0.053968       -0.711851        0.016075

     C    8        0.541702        0.229853       -0.015200
     C    8        0.229853       -0.081425       -0.185104
     C    8       -0.015200       -0.185104       -0.460278

     H    9        0.567898       -0.043958        0.514274
     H    9       -0.043958       -0.518216       -0.392380
     H    9        0.514274       -0.392380       -0.049682

     C   10        0.010293        0.133618        0.252159
     C   10        0.133618        0.127125       -0.629208
     C   10        0.252159       -0.629208       -0.137418

     C   11        0.530649        0.055423       -0.084069
     C   11        0.055423        0.104070        0.024163
     C   11       -0.084069        0.024163       -0.634719

     Cl  12       -0.067650       -0.141703       -0.354642
     Cl  12       -0.141703        0.194438        0.501199
     Cl  12       -0.354642        0.501199       -0.126788

     H   13       -0.127411       -0.060222        0.003684
     H   13       -0.060222        0.042718        0.293564
     H   13        0.003684        0.293564        0.084692

     C   14        0.401930       -0.112577        0.196654
     C   14       -0.112577       -0.214597       -0.068296
     C   14        0.196654       -0.068296       -0.187333

     H   15        0.566215       -0.158762        0.312198
     H   15       -0.158762       -0.686137       -0.076420
     H   15        0.312198       -0.076420        0.119922

     C   16       -0.828782        0.183745       -0.166979
     C   16        0.183745        0.701744        0.462496
     C   16       -0.166979        0.462496        0.127039

     C   17        0.388145       -0.111758        0.010938
     C   17       -0.111758        0.020965       -0.074627
     C   17        0.010938       -0.074627       -0.409109

     Cl  18       -1.210233       -1.197221        0.490101
     Cl  18       -1.197221        1.517165       -2.174412
     Cl  18        0.490101       -2.174412       -0.306932

     H   19       -0.097355       -0.052499       -0.072188
     H   19       -0.052499        0.127983        0.011897
     H   19       -0.072188        0.011897       -0.030628

     C   20       -0.758543       -0.265077       -0.410022
     C   20       -0.265077        0.831503       -0.420096
     C   20       -0.410022       -0.420096       -0.072960

     H   21        0.314047       -0.367889        0.414407
     H   21       -0.367889        0.158775       -0.051750
     H   21        0.414407       -0.051750       -0.472822

     C   22        0.250249        0.240907       -0.261783
     C   22        0.240907       -0.165472       -0.030874
     C   22       -0.261783       -0.030874       -0.084777

     C   23       -0.663997       -0.280445       -0.299636
     C   23       -0.280445        0.827760       -0.357960
     C   23       -0.299636       -0.357960       -0.163763

     Cl  24       -0.087628        1.781180        0.190780
     Cl  24        1.781180        1.281041       -2.148143
     Cl  24        0.190780       -2.148143       -1.193413


     NQR/NMR SPECTROSCOPIC PARAMETERS:
     Cl   1    Vxx=   -0.4178    axis=(  0.821750  0.225412  0.523371)
     Cl   1    Vyy=   -2.7799    axis=(  0.360967  0.504773 -0.784160)
     Cl   1    Vzz=    3.1977    axis=( -0.440943  0.833303  0.333430)
     Cl   1  Q=        -8.1650 1e-30 m^2  Cq=       -61.3470 MHz  eta= 0.73866

     C    2    Vxx=    0.0945    axis=(  0.598244  0.535036 -0.596523)
     C    2    Vyy=    0.5186    axis=(  0.187702  0.630153  0.753442)
     C    2    Vzz=   -0.6132    axis=(  0.779020 -0.562711  0.276558)
     C    2  Q=         1.0000 1e-30 m^2  Cq=        -1.4407 MHz  eta= 0.69164

     C    3    Vxx=   -0.0846    axis=(  0.191447  0.686990 -0.700994)
     C    3    Vyy=   -0.5054    axis=(  0.087089  0.699497  0.709309)
     C    3    Vzz=    0.5900    axis=( -0.977632  0.196844 -0.074088)
     C    3  Q=         1.0000 1e-30 m^2  Cq=         1.3863 MHz  eta= 0.71327

     H    4    Vxx=    0.0496    axis=( -0.082989 -0.396840  0.914128)
     H    4    Vyy=    0.7794    axis=( -0.873115 -0.413237 -0.258660)
     H    4    Vzz=   -0.8290    axis=(  0.480398 -0.819605 -0.312193)
     H    4  Q=         1.0000 1e-30 m^2  Cq=        -1.9479 MHz  eta= 0.88025

     C    5    Vxx=    0.0634    axis=( -0.283573 -0.616191  0.734775)
     C    5    Vyy=    0.4804    axis=( -0.008304 -0.764622 -0.644426)
     C    5    Vzz=   -0.5438    axis=( -0.958915  0.188844 -0.211710)
     C    5  Q=         1.0000 1e-30 m^2  Cq=        -1.2777 MHz  eta= 0.76695

     H    6    Vxx=   -0.0529    axis=(  0.486302 -0.089013 -0.869245)
     H    6    Vyy=   -0.2973    axis=( -0.775001  0.415539 -0.476130)
     H    6    Vzz=    0.3502    axis=( -0.403587 -0.905209 -0.133092)
     H    6  Q=         1.0000 1e-30 m^2  Cq=         0.8227 MHz  eta= 0.69799

     H    7    Vxx=   -0.1133    axis=( -0.984429 -0.100800 -0.144011)
     H    7    Vyy=   -0.6655    axis=( -0.174036  0.674121  0.717825)
     H    7    Vzz=    0.7788    axis=( -0.024724 -0.731711  0.681167)
     H    7  Q=         1.0000 1e-30 m^2  Cq=         1.8298 MHz  eta= 0.70912

     C    8    Vxx=   -0.0813    axis=( -0.325234  0.854777 -0.404450)
     C    8    Vyy=   -0.5410    axis=( -0.072913  0.403762  0.911954)
     C    8    Vzz=    0.6223    axis=( -0.942818 -0.326088  0.068993)
     C    8  Q=         1.0000 1e-30 m^2  Cq=         1.4622 MHz  eta= 0.73873

     H    9    Vxx=   -0.1167    axis=(  0.517133  0.568560 -0.639776)
     H    9    Vyy=   -0.7825    axis=( -0.188223  0.804730  0.563011)
     H    9    Vzz=    0.8991    axis=( -0.834952  0.170731 -0.523169)
     H    9  Q=         1.0000 1e-30 m^2  Cq=         2.1126 MHz  eta= 0.74048

     C   10    Vxx=    0.1082    axis=(  0.933357  0.293233  0.207026)
     C   10    Vyy=    0.6431    axis=(  0.095949 -0.759579  0.643299)
     C   10    Vzz=   -0.7513    axis=(  0.345889 -0.580564 -0.737093)
     C   10  Q=         1.0000 1e-30 m^2  Cq=        -1.7653 MHz  eta= 0.71197

     C   11    Vxx=    0.0986    axis=( -0.118241  0.991908  0.046239)
     C   11    Vyy=    0.5432    axis=( -0.990280 -0.121226  0.068189)
     C   11    Vzz=   -0.6418    axis=(  0.073243 -0.037727  0.996600)
     C   11  Q=         1.0000 1e-30 m^2  Cq=        -1.5080 MHz  eta= 0.69278

     Cl  12    Vxx=   -0.1140    axis=(  0.811668  0.571219 -0.122084)
     Cl  12    Vyy=   -0.5884    axis=( -0.424120  0.432610 -0.795594)
     Cl  12    Vzz=    0.7024    axis=( -0.401643  0.697537  0.593401)
     Cl  12  Q=        -8.1650 1e-30 m^2  Cq=       -13.4753 MHz  eta= 0.67531

     H   13    Vxx=   -0.1122    axis=( -0.927893  0.215649 -0.304156)
     H   13    Vyy=   -0.2488    axis=( -0.364417 -0.697037  0.617527)
     H   13    Vzz=    0.3611    axis=( -0.078839  0.683838  0.725362)
     H   13  Q=         1.0000 1e-30 m^2  Cq=         0.8483 MHz  eta= 0.37844

     C   14    Vxx=   -0.2099    axis=(  0.325012  0.741858 -0.586526)
     C   14    Vyy=   -0.2749    axis=( -0.111933  0.646014  0.755074)
     C   14    Vzz=    0.4848    axis=( -0.939062  0.179757 -0.293001)
     C   14  Q=         1.0000 1e-30 m^2  Cq=         1.1392 MHz  eta= 0.13406

     H   15    Vxx=   -0.0406    axis=( -0.456042  0.006807  0.889932)
     H   15    Vyy=   -0.7078    axis=( -0.111538 -0.992523 -0.049566)
     H   15    Vzz=    0.7484    axis=(  0.882941 -0.121866  0.453391)
     H   15  Q=         1.0000 1e-30 m^2  Cq=         1.7585 MHz  eta= 0.89138

     C   16    Vxx=   -0.0588    axis=( -0.289959 -0.445140  0.847216)
     C   16    Vyy=   -0.9037    axis=( -0.955952  0.176889 -0.234235)
     C   16    Vzz=    0.9625    axis=( -0.045596 -0.877816 -0.476823)
     C   16  Q=         1.0000 1e-30 m^2  Cq=         2.2615 MHz  eta= 0.87779

     C   17    Vxx=    0.0011    axis=(  0.277941  0.946366 -0.164742)
     C   17    Vyy=    0.4206    axis=(  0.960547 -0.275586  0.037449)
     C   17    Vzz=   -0.4218    axis=(  0.009960  0.168651  0.985626)
     C   17  Q=         1.0000 1e-30 m^2  Cq=        -0.9910 MHz  eta= 0.99463

     Cl  18    Vxx=   -1.3968    axis=(  0.791337 -0.121924 -0.599100)
     Cl  18    Vyy=   -1.9224    axis=(  0.548370  0.574823  0.607346)
     Cl  18    Vzz=    3.3192    axis=( -0.270326  0.809143 -0.521738)
     Cl  18  Q=        -8.1650 1e-30 m^2  Cq=       -63.6774 MHz  eta= 0.15835

     H   19    Vxx=    0.0045    axis=( -0.457072 -0.275821  0.845581)
     H   19    Vyy=    0.1443    axis=(  0.257625 -0.951002 -0.170951)
     H   19    Vzz=   -0.1489    axis=(  0.851302  0.139706  0.505735)
     H   19  Q=         1.0000 1e-30 m^2  Cq=        -0.3498 MHz  eta= 0.93939

     C   20    Vxx=    0.0439    axis=( -0.506906  0.266639  0.819726)
     C   20    Vyy=    1.0025    axis=(  0.061285 -0.937402  0.342814)
     C   20    Vzz=   -1.0464    axis=(  0.859820  0.224011  0.458834)
     C   20  Q=         1.0000 1e-30 m^2  Cq=        -2.4586 MHz  eta= 0.91601

     H   21    Vxx=   -0.0585    axis=(  0.442621  0.830146  0.339035)
     H   21    Vyy=   -0.6642    axis=( -0.429306 -0.135763  0.892897)
     H   21    Vzz=    0.7227    axis=(  0.787263 -0.540765  0.296295)
     H   21  Q=         1.0000 1e-30 m^2  Cq=         1.6981 MHz  eta= 0.83808

     C   22    Vxx=   -0.1536    axis=( -0.129657 -0.621881 -0.772304)
     C   22    Vyy=   -0.3212    axis=( -0.518492  0.706430 -0.481791)
     C   22    Vzz=    0.4748    axis=(  0.845195  0.337966 -0.414034)
     C   22  Q=         1.0000 1e-30 m^2  Cq=         1.1156 MHz  eta= 0.35307

     C   23    Vxx=   -0.0615    axis=(  0.504193 -0.180899 -0.844432)
     C   23    Vyy=   -0.9021    axis=( -0.855987 -0.234158 -0.460930)
     C   23    Vzz=    0.9636    axis=( -0.114349  0.955220 -0.272908)
     C   23  Q=         1.0000 1e-30 m^2  Cq=         2.2641 MHz  eta= 0.87227

     Cl  24    Vxx=   -0.3041    axis=(  0.814413 -0.158747  0.558149)
     Cl  24    Vyy=   -2.8960    axis=( -0.397561  0.548009  0.735957)
     Cl  24    Vzz=    3.2001    axis=( -0.422702 -0.821271  0.383194)
     Cl  24  Q=        -8.1650 1e-30 m^2  Cq=       -61.3922 MHz  eta= 0.80996

     Initialization:
     gipaw_setup  :      9.15s CPU     10.79s WALL (       1 calls)

     Linear response

     Apply operators

     Induced current

     Other routines
     efg          :      9.13s CPU     11.50s WALL (       1 calls)

     General routines
     calbec       :      3.22s CPU      4.03s WALL (      16 calls)
     fft          :      1.44s CPU      2.09s WALL (      15 calls)
     ffts         :      0.04s CPU      0.05s WALL (       2 calls)
     fftw         :      3.13s CPU      3.95s WALL (     672 calls)
     davcio       :      0.03s CPU      0.34s WALL (      32 calls)

     Parallel routines
     fft_scatter  :      2.18s CPU      3.38s WALL (     689 calls)

     Plugins

     GIPAW        :     60.84s CPU     72.68s WALL (       1 calls)
