
     Program QE v.6.0 (svn rev. 13079) starts on 23Dec2016 at 13: 8:45 

     This program is part of the open-source Quantum ESPRESSO suite
     for quantum simulation of materials; please cite
         "P. Giannozzi et al., J. Phys.:Condens. Matter 21 395502 (2009);
          URL http://www.quantum-espresso.org", 
     in publications or presentations arising from this work. More details at
     http://www.quantum-espresso.org/quote

     Parallel version (MPI), running on     8 processors
     R & G space division:  proc/nbgrp/npool/nimage =       8

     ***** This is GIPAW svn revision unknown      *****

     Parallelizing q-star over 1 images

     Reading data from directory:
     /users/majewski/paradichlorobenzene/pbe/9_constraint/scratch/pbe.ecut100.np8.dt60.pcl2phi-129368.save
     Message from routine read_xml_file:
     file /users/majewski/paradichlorobenzene/pbe/9_constraint/scratch/pbe.ecut100.np8.dt60.pcl2phi-129368.save not guaranteed to be safe for post-processing

   Info: using nr1, nr2, nr3 values from input

   Info: using nr1, nr2, nr3 values from input

     IMPORTANT: XC functional enforced from input :
     Exchange-correlation      =  SLA  PW   PBX  PBC ( 1  4  3  4 0 0)
     Any further DFT definition will be discarded
     Please, verify this is what you really want

               file C.pbe-n-kjpaw_psl.1.0.0.UPF: wavefunction(s)  2S 2P renormalized
               file Cl.pbe-n-kjpaw_psl.1.0.0.UPF: wavefunction(s)  3S 3P renormalized
               file H.pbe-kjpaw_psl.1.0.0.UPF: wavefunction(s)  1S renormalized

     Parallelization info
     --------------------
     sticks:   dense  smooth     PW     G-vecs:    dense   smooth      PW
     Min        3057    1223    332               144436    36536    5170
     Max        3059    1225    333               144437    36537    5171
     Sum       24467    9791   2657              1155489   292295   41363


     Subspace diagonalization in iterative solution of the eigenvalue problem:
     a serial algorithm will be used

     GIPAW projectors -----------------------------------------------
     atom=  C    l=0  rc=    1.2000  rs=    0.8000
     atom=  C    l=0  rc=    1.2000  rs=    0.8000
     atom=  C    l=1  rc=    1.4000  rs=    0.9333
     atom=  C    l=1  rc=    1.4000  rs=    0.9333
     projs nearly linearly dependent: l=1  n1,n2= 1, 2  s=  0.99951561

     atom=  Cl   l=0  rc=    1.6000  rs=    1.0667
     atom=  Cl   l=0  rc=    1.6000  rs=    1.0667
     atom=  Cl   l=1  rc=    1.6000  rs=    1.0667
     atom=  Cl   l=1  rc=    1.6000  rs=    1.0667
     atom=  Cl   l=2  rc=    1.6000  rs=    1.0667
     atom=  Cl   l=2  rc=    1.6000  rs=    1.0667
     projs nearly linearly dependent: l=2  n1,n2= 1, 2  s=  0.99993509

     atom=  H    l=0  rc=    1.0000  rs=    0.6667
     atom=  H    l=0  rc=    1.0000  rs=    0.6667
     projs nearly linearly dependent: l=0  n1,n2= 1, 2  s=  0.99968852
     -----------------------------------------------------------------

     GIPAW integrals: -------------------------------------------
     Atom  i/j   nmr_para   nmr_dia   epr_rmc  epr_para   epr_dia
       C   1 1   0.83E+03  0.17E-01  0.93E+01  0.24E+08  0.24E+03
       C   2 1   0.86E+03 -0.61E-01  0.94E+01  0.25E+08  0.25E+03
       C   2 2   0.90E+03 -0.15E+00  0.97E+01  0.26E+08  0.26E+03
       C   3 3   0.33E+01  0.34E+00  0.18E+01  0.55E+03  0.21E+02
       C   4 3   0.35E+01  0.37E+00  0.20E+01  0.59E+03  0.22E+02
       C   4 4   0.38E+01  0.39E+00  0.22E+01  0.63E+03  0.24E+02
       Cl  1 1   0.14E+04 -0.47E+00  0.84E+01  0.32E+09  0.42E+03
       Cl  2 1   0.21E+04 -0.37E+00  0.12E+02  0.49E+09  0.65E+03
       Cl  2 2   0.33E+04 -0.16E+00  0.21E+02  0.76E+09  0.10E+04
       Cl  3 3   0.21E+02  0.79E-01  0.89E+01  0.23E+05  0.13E+03
       Cl  4 3   0.24E+02  0.67E-01  0.99E+01  0.27E+05  0.15E+03
       Cl  4 4   0.28E+02  0.44E-01  0.11E+02  0.32E+05  0.18E+03
       Cl  5 5   0.77E+00  0.19E+00  0.18E+01  0.12E+03  0.22E+02
       Cl  6 5   0.80E+00  0.19E+00  0.19E+01  0.12E+03  0.23E+02
       Cl  6 6   0.83E+00  0.20E+00  0.19E+01  0.12E+03  0.23E+02
       H   1 1   0.39E+02  0.19E+00  0.29E+00  0.78E+05  0.13E+02
       H   2 1   0.41E+02  0.21E+00  0.32E+00  0.82E+05  0.14E+02
       H   2 2   0.43E+02  0.22E+00  0.36E+00  0.86E+05  0.15E+02
     ------------------------------------------------------------

     alpha_pv=     34.4807 eV

     Number of occupied bands for each k-point:
     k-point:     1    nbnd_occ=  42
     k-point:     2    nbnd_occ=  42
     k-point:     3    nbnd_occ=  42
     k-point:     4    nbnd_occ=  42
     k-point:     5    nbnd_occ=  42
     k-point:     6    nbnd_occ=  42
     k-point:     7    nbnd_occ=  42
     k-point:     8    nbnd_occ=  42
     k-point:     9    nbnd_occ=  42
     k-point:    10    nbnd_occ=  42
     k-point:    11    nbnd_occ=  42
     k-point:    12    nbnd_occ=  42
     k-point:    13    nbnd_occ=  42
     k-point:    14    nbnd_occ=  42
     k-point:    15    nbnd_occ=  42
     k-point:    16    nbnd_occ=  42


     q-space interpolation up to   110.00 Rydberg

     GIPAW job: efg                                                                             


     ELECTRIC FIELD GRADIENTS TENSORS IN Hartree/bohrradius^2:

     ----- bare term -----
     Cl   1        0.280288        0.038810        0.208616
     Cl   1        0.038810        0.143996        0.518265
     Cl   1        0.208616        0.518265       -0.424285

     C    2       -0.504922       -0.072744       -0.209619
     C    2       -0.072744       -0.001417       -0.340256
     C    2       -0.209619       -0.340256        0.506339

     C    3       -0.077028        0.394124        0.008845
     C    3        0.394124       -0.535818       -0.492326
     C    3        0.008845       -0.492326        0.612846

     H    4       -0.508807       -0.295879       -0.205932
     H    4       -0.295879        0.383427       -0.149588
     H    4       -0.205932       -0.149588        0.125379

     C    5       -0.686204        0.405467       -0.440240
     C    5        0.405467        0.398046       -0.201397
     C    5       -0.440240       -0.201397        0.288158

     H    6        0.373275       -0.074091        0.107381
     H    6       -0.074091       -0.316361       -0.489356
     H    6        0.107381       -0.489356       -0.056914

     H    7        0.050905        0.273098       -0.059191
     H    7        0.273098       -0.367863        0.425878
     H    7       -0.059191        0.425878        0.316958

     C    8       -0.457354       -0.204544       -0.380440
     C    8       -0.204544       -0.113886        0.334778
     C    8       -0.380440        0.334778        0.571240

     H    9       -0.462226        0.131817       -0.498537
     H    9        0.131817        0.261046        0.229471
     H    9       -0.498537        0.229471        0.201179

     C   10       -0.041535       -0.403070       -0.025405
     C   10       -0.403070       -0.500848        0.474601
     C   10       -0.025405        0.474601        0.542382

     C   11       -0.372449        0.050227       -0.322936
     C   11        0.050227       -0.066944        0.471746
     C   11       -0.322936        0.471746        0.439393

     Cl  12        0.021189       -0.288927       -0.090999
     Cl  12       -0.288927       -0.035490        0.056566
     Cl  12       -0.090999        0.056566        0.014301

     H   13        0.383451       -0.152558       -0.237925
     H   13       -0.152558       -0.163858       -0.569955
     H   13       -0.237925       -0.569955       -0.219593

     C   14       -0.165019        0.335680       -0.095661
     C   14        0.335680       -0.350906       -0.355158
     C   14       -0.095661       -0.355158        0.515925

     H   15       -0.313782       -0.549057       -0.259486
     H   15       -0.549057       -0.057615       -0.117056
     H   15       -0.259486       -0.117056        0.371396

     C   16       -0.471866        0.403731       -0.343487
     C   16        0.403731        0.203573       -0.277756
     C   16       -0.343487       -0.277756        0.268293

     C   17        0.005519        0.206218       -0.168557
     C   17        0.206218       -0.007813       -0.623159
     C   17       -0.168557       -0.623159        0.002293

     Cl  18        0.007717        0.149320       -0.096452
     Cl  18        0.149320        0.066189       -0.093789
     Cl  18       -0.096452       -0.093789       -0.073906

     H   19        0.347654        0.146289       -0.187343
     H   19        0.146289       -0.284269        0.554005
     H   19       -0.187343        0.554005       -0.063385

     C   20       -0.261684       -0.346271       -0.056183
     C   20       -0.346271       -0.307498        0.432157
     C   20       -0.056183        0.432157        0.569182

     H   21       -0.142794        0.140467       -0.585947
     H   21        0.140467        0.424062        0.144097
     H   21       -0.585947        0.144097       -0.281267

     C   22       -0.396040       -0.200853       -0.265237
     C   22       -0.200853       -0.092834        0.289792
     C   22       -0.265237        0.289792        0.488874

     C   23       -0.113468       -0.165290       -0.292753
     C   23       -0.165290       -0.235560        0.337066
     C   23       -0.292753        0.337066        0.349028

     Cl  24       -0.112275       -0.019746       -0.036783
     Cl  24       -0.019746       -0.089896        0.030745
     Cl  24       -0.036783        0.030745        0.202171

     ----- ionic term -----
     Cl   1        0.210152       -0.181288       -0.056152
     Cl   1       -0.181288       -0.094073        0.024960
     Cl   1       -0.056152        0.024960       -0.116079

     C    2        0.374908       -0.066639        0.088384
     C    2       -0.066639       -0.106652        0.466509
     C    2        0.088384        0.466509       -0.268256

     C    3        0.297311       -0.233388        0.044401
     C    3       -0.233388       -0.038732        0.446350
     C    3        0.044401        0.446350       -0.258579

     H    4        0.716559        0.354163        0.566662
     H    4        0.354163       -0.452993        0.243596
     H    4        0.566662        0.243596       -0.263566

     C    5        0.380419       -0.179732        0.157104
     C    5       -0.179732       -0.077070        0.372467
     C    5        0.157104        0.372467       -0.303349

     H    6       -0.524759        0.022637        0.029670
     H    6        0.022637        0.595403        0.758616
     H    6        0.029670        0.758616       -0.070644

     H    7       -0.492368       -0.202855        0.157362
     H    7       -0.202855        0.405269       -0.749060
     H    7        0.157362       -0.749060        0.087099

     C    8        0.170286        0.190318        0.344604
     C    8        0.190318        0.091031       -0.267543
     C    8        0.344604       -0.267543       -0.261317

     H    9        0.569405       -0.225593        0.728233
     H    9       -0.225593       -0.425328       -0.218252
     H    9        0.728233       -0.218252       -0.144077

     C   10       -0.004360        0.282395        0.242720
     C   10        0.282395        0.314431       -0.414819
     C   10        0.242720       -0.414819       -0.310071

     C   11        0.070981        0.221158        0.330743
     C   11        0.221158        0.234794       -0.401096
     C   11        0.330743       -0.401096       -0.305775

     Cl  12        0.100883        0.237130        0.054289
     Cl  12        0.237130        0.071838        0.035102
     Cl  12        0.054289        0.035102       -0.172721

     H   13       -0.502948        0.131086        0.070107
     H   13        0.131086        0.573404        0.765454
     H   13        0.070107        0.765454       -0.070456

     C   14        0.416470       -0.064231        0.123740
     C   14       -0.064231       -0.053366        0.378610
     C   14        0.123740        0.378610       -0.363103

     H   15        0.600422        0.391956        0.638389
     H   15        0.391956       -0.419954        0.281265
     H   15        0.638389        0.281265       -0.180469

     C   16        0.216114       -0.147484        0.098248
     C   16       -0.147484        0.102619        0.474827
     C   16        0.098248        0.474827       -0.318733

     C   17        0.173314       -0.086963        0.248256
     C   17       -0.086963        0.107748        0.455733
     C   17        0.248256        0.455733       -0.281062

     Cl  18        0.100770       -0.184681       -0.005388
     Cl  18       -0.184681        0.021765        0.003197
     Cl  18       -0.005388        0.003197       -0.122536

     H   19       -0.507470       -0.111864        0.084889
     H   19       -0.111864        0.762934       -0.624720
     H   19        0.084889       -0.624720       -0.255464

     C   20        0.265065        0.247464        0.336013
     C   20        0.247464        0.120296       -0.237662
     C   20        0.336013       -0.237662       -0.385361

     H   21        0.676236       -0.342662        0.594074
     H   21       -0.342662       -0.390422       -0.228823
     H   21        0.594074       -0.228823       -0.285814

     C   22        0.202908        0.280708        0.232424
     C   22        0.280708        0.201776       -0.273862
     C   22        0.232424       -0.273862       -0.404684

     C   23        0.237379        0.188038        0.306766
     C   23        0.188038        0.066577       -0.297741
     C   23        0.306766       -0.297741       -0.303957

     Cl  24        0.154395        0.207316        0.013995
     Cl  24        0.207316       -0.016412        0.003801
     Cl  24        0.013995        0.003801       -0.137983

     ----- GIPAW term -----
     Cl   1        0.321741       -0.212126       -0.219758
     Cl   1       -0.212126       -0.140096        0.188494
     Cl   1       -0.219758        0.188494       -0.181644

     C    2       -0.139642       -0.085434        0.017508
     C    2       -0.085434       -0.114045       -0.060232
     C    2        0.017508       -0.060232        0.253687

     C    3       -0.067937        0.066484        0.089075
     C    3        0.066484       -0.169602       -0.029819
     C    3        0.089075       -0.029819        0.237539

     H    4       -0.000000        0.000000        0.000000
     H    4        0.000000        0.000000        0.000000
     H    4        0.000000        0.000000        0.000000

     C    5       -0.143760        0.185280       -0.057409
     C    5        0.185280        0.219506       -0.006511
     C    5       -0.057409       -0.006511       -0.075746

     H    6       -0.000000        0.000000        0.000000
     H    6        0.000000        0.000000        0.000000
     H    6        0.000000        0.000000        0.000000

     H    7       -0.000000        0.000000        0.000000
     H    7        0.000000        0.000000        0.000000
     H    7        0.000000        0.000000        0.000000

     C    8       -0.135138       -0.059485       -0.131926
     C    8       -0.059485       -0.090913        0.152607
     C    8       -0.131926        0.152607        0.226051

     H    9       -0.000000        0.000000        0.000000
     H    9        0.000000        0.000000        0.000000
     H    9        0.000000        0.000000        0.000000

     C   10       -0.049559       -0.088283        0.071845
     C   10       -0.088283       -0.121780       -0.019386
     C   10        0.071845       -0.019386        0.171339

     C   11       -0.054542        0.136927       -0.011844
     C   11        0.136927       -0.071067        0.078452
     C   11       -0.011844        0.078452        0.125609

     Cl  12        2.005762       -0.074836       -0.873634
     Cl  12       -0.074836       -0.114761        0.572468
     Cl  12       -0.873634        0.572468       -1.891001

     H   13       -0.000000        0.000000        0.000000
     H   13        0.000000        0.000000        0.000000
     H   13        0.000000        0.000000        0.000000

     C   14       -0.051766        0.090230        0.067620
     C   14        0.090230       -0.136857        0.018931
     C   14        0.067620        0.018931        0.188624

     H   15       -0.000000        0.000000        0.000000
     H   15        0.000000        0.000000        0.000000
     H   15        0.000000        0.000000        0.000000

     C   16       -0.113290        0.206193       -0.096065
     C   16        0.206193        0.200210       -0.053798
     C   16       -0.096065       -0.053798       -0.086919

     C   17       -0.004119        0.075253       -0.020692
     C   17        0.075253        0.212363       -0.083248
     C   17       -0.020692       -0.083248       -0.208243

     Cl  18        1.509379       -0.527795       -0.989459
     Cl  18       -0.527795        0.524647       -0.889585
     Cl  18       -0.989459       -0.889585       -2.034026

     H   19       -0.000000        0.000000        0.000000
     H   19        0.000000        0.000000        0.000000
     H   19        0.000000        0.000000        0.000000

     C   20       -0.081744       -0.043058        0.087201
     C   20       -0.043058       -0.171358        0.119593
     C   20        0.087201        0.119593        0.253102

     H   21       -0.000000        0.000000        0.000000
     H   21        0.000000        0.000000        0.000000
     H   21        0.000000        0.000000        0.000000

     C   22       -0.193613       -0.008352       -0.069180
     C   22       -0.008352       -0.101600        0.077993
     C   22       -0.069180        0.077993        0.295213

     C   23       -0.066996        0.008317       -0.084455
     C   23        0.008317       -0.064502        0.142194
     C   23       -0.084455        0.142194        0.131498

     Cl  24       -0.588631        1.694529        0.021749
     Cl  24        1.694529       -1.305456        0.842323
     Cl  24        0.021749        0.842323        1.894087

     ----- total EFG -----
     Cl   1        0.812181       -0.354604       -0.067294
     Cl   1       -0.354604       -0.090173        0.731719
     Cl   1       -0.067294        0.731719       -0.722008

     C    2       -0.269655       -0.224817       -0.103727
     C    2       -0.224817       -0.222114        0.066020
     C    2       -0.103727        0.066020        0.491770

     C    3        0.152346        0.227220        0.142320
     C    3        0.227220       -0.744152       -0.075796
     C    3        0.142320       -0.075796        0.591806

     H    4        0.207752        0.058284        0.360731
     H    4        0.058284       -0.069566        0.094007
     H    4        0.360731        0.094007       -0.138187

     C    5       -0.449545        0.411015       -0.340544
     C    5        0.411015        0.540483        0.164559
     C    5       -0.340544        0.164559       -0.090938

     H    6       -0.151484       -0.051454        0.137051
     H    6       -0.051454        0.279043        0.269260
     H    6        0.137051        0.269260       -0.127558

     H    7       -0.441463        0.070243        0.098171
     H    7        0.070243        0.037406       -0.323182
     H    7        0.098171       -0.323182        0.404057

     C    8       -0.422207       -0.073712       -0.167762
     C    8       -0.073712       -0.113768        0.219842
     C    8       -0.167762        0.219842        0.535975

     H    9        0.107180       -0.093776        0.229697
     H    9       -0.093776       -0.164282        0.011219
     H    9        0.229697        0.011219        0.057102

     C   10       -0.095453       -0.208958        0.289159
     C   10       -0.208958       -0.308196        0.040396
     C   10        0.289159        0.040396        0.403650

     C   11       -0.356010        0.408312       -0.004037
     C   11        0.408312        0.096783        0.149102
     C   11       -0.004037        0.149102        0.259227

     Cl  12        2.127834       -0.126633       -0.910343
     Cl  12       -0.126633       -0.078413        0.664135
     Cl  12       -0.910343        0.664135       -2.049421

     H   13       -0.119497       -0.021471       -0.167818
     H   13       -0.021471        0.409546        0.195499
     H   13       -0.167818        0.195499       -0.290049

     C   14        0.199685        0.361680        0.095699
     C   14        0.361680       -0.541130        0.042383
     C   14        0.095699        0.042383        0.341445

     H   15        0.286641       -0.157101        0.378903
     H   15       -0.157101       -0.477568        0.164208
     H   15        0.378903        0.164208        0.190928

     C   16       -0.369043        0.462441       -0.341304
     C   16        0.462441        0.506401        0.143272
     C   16       -0.341304        0.143272       -0.137359

     C   17        0.174714        0.194508        0.059007
     C   17        0.194508        0.312298       -0.250674
     C   17        0.059007       -0.250674       -0.487012

     Cl  18        1.617866       -0.563155       -1.091298
     Cl  18       -0.563155        0.612601       -0.980176
     Cl  18       -1.091298       -0.980176       -2.230467

     H   19       -0.159816        0.034424       -0.102454
     H   19        0.034424        0.478664       -0.070715
     H   19       -0.102454       -0.070715       -0.318848

     C   20       -0.078363       -0.141865        0.367031
     C   20       -0.141865       -0.358560        0.314089
     C   20        0.367031        0.314089        0.436923

     H   21        0.533441       -0.202195        0.008127
     H   21       -0.202195        0.033640       -0.084727
     H   21        0.008127       -0.084727       -0.567081

     C   22       -0.386745        0.071503       -0.101993
     C   22        0.071503        0.007341        0.093922
     C   22       -0.101993        0.093922        0.379403

     C   23        0.056916        0.031064       -0.070442
     C   23        0.031064       -0.233484        0.181518
     C   23       -0.070442        0.181518        0.176569

     Cl  24       -0.546510        1.882099       -0.001039
     Cl  24        1.882099       -1.411764        0.876869
     Cl  24       -0.001039        0.876869        1.958274

     ----- total EFG (symmetrized) -----
     Cl   1        0.812181       -0.354604       -0.067294
     Cl   1       -0.354604       -0.090173        0.731719
     Cl   1       -0.067294        0.731719       -0.722008

     C    2       -0.269655       -0.224817       -0.103727
     C    2       -0.224817       -0.222114        0.066020
     C    2       -0.103727        0.066020        0.491770

     C    3        0.152346        0.227220        0.142320
     C    3        0.227220       -0.744152       -0.075796
     C    3        0.142320       -0.075796        0.591806

     H    4        0.207752        0.058284        0.360731
     H    4        0.058284       -0.069566        0.094007
     H    4        0.360731        0.094007       -0.138187

     C    5       -0.449545        0.411015       -0.340544
     C    5        0.411015        0.540483        0.164559
     C    5       -0.340544        0.164559       -0.090938

     H    6       -0.151484       -0.051454        0.137051
     H    6       -0.051454        0.279043        0.269260
     H    6        0.137051        0.269260       -0.127558

     H    7       -0.441463        0.070243        0.098171
     H    7        0.070243        0.037406       -0.323182
     H    7        0.098171       -0.323182        0.404057

     C    8       -0.422207       -0.073712       -0.167762
     C    8       -0.073712       -0.113768        0.219842
     C    8       -0.167762        0.219842        0.535975

     H    9        0.107180       -0.093776        0.229697
     H    9       -0.093776       -0.164282        0.011219
     H    9        0.229697        0.011219        0.057102

     C   10       -0.095453       -0.208958        0.289159
     C   10       -0.208958       -0.308196        0.040396
     C   10        0.289159        0.040396        0.403650

     C   11       -0.356010        0.408312       -0.004037
     C   11        0.408312        0.096783        0.149102
     C   11       -0.004037        0.149102        0.259227

     Cl  12        2.127834       -0.126633       -0.910343
     Cl  12       -0.126633       -0.078413        0.664135
     Cl  12       -0.910343        0.664135       -2.049421

     H   13       -0.119497       -0.021471       -0.167818
     H   13       -0.021471        0.409546        0.195499
     H   13       -0.167818        0.195499       -0.290049

     C   14        0.199685        0.361680        0.095699
     C   14        0.361680       -0.541130        0.042383
     C   14        0.095699        0.042383        0.341445

     H   15        0.286641       -0.157101        0.378903
     H   15       -0.157101       -0.477568        0.164208
     H   15        0.378903        0.164208        0.190928

     C   16       -0.369043        0.462441       -0.341304
     C   16        0.462441        0.506401        0.143272
     C   16       -0.341304        0.143272       -0.137359

     C   17        0.174714        0.194508        0.059007
     C   17        0.194508        0.312298       -0.250674
     C   17        0.059007       -0.250674       -0.487012

     Cl  18        1.617866       -0.563155       -1.091298
     Cl  18       -0.563155        0.612601       -0.980176
     Cl  18       -1.091298       -0.980176       -2.230467

     H   19       -0.159816        0.034424       -0.102454
     H   19        0.034424        0.478664       -0.070715
     H   19       -0.102454       -0.070715       -0.318848

     C   20       -0.078363       -0.141865        0.367031
     C   20       -0.141865       -0.358560        0.314089
     C   20        0.367031        0.314089        0.436923

     H   21        0.533441       -0.202195        0.008127
     H   21       -0.202195        0.033640       -0.084727
     H   21        0.008127       -0.084727       -0.567081

     C   22       -0.386745        0.071503       -0.101993
     C   22        0.071503        0.007341        0.093922
     C   22       -0.101993        0.093922        0.379403

     C   23        0.056916        0.031064       -0.070442
     C   23        0.031064       -0.233484        0.181518
     C   23       -0.070442        0.181518        0.176569

     Cl  24       -0.546510        1.882099       -0.001039
     Cl  24        1.882099       -1.411764        0.876869
     Cl  24       -0.001039        0.876869        1.958274


     NQR/NMR SPECTROSCOPIC PARAMETERS:
     Cl   1    Vxx=    0.2104    axis=(  0.475715  0.708318  0.521518)
     Cl   1    Vyy=    1.0025    axis=( -0.876756  0.429478  0.216443)
     Cl   1    Vzz=   -1.2129    axis=( -0.070670 -0.560209  0.825331)
     Cl   1  Q=        -8.1650 1e-30 m^2  Cq=        23.2692 MHz  eta= 0.65304

     C    2    Vxx=   -0.0458    axis=( -0.640971  0.737071 -0.214201)
     C    2    Vyy=   -0.4731    axis=(  0.749021  0.661608  0.035252)
     C    2    Vzz=    0.5189    axis=( -0.167700  0.137846  0.976153)
     C    2  Q=         1.0000 1e-30 m^2  Cq=         1.2192 MHz  eta= 0.82349

     C    3    Vxx=    0.1728    axis=( -0.929175 -0.252567  0.269898)
     C    3    Vyy=    0.6339    axis=(  0.280571 -0.006530  0.959811)
     C    3    Vzz=   -0.8067    axis=( -0.240654  0.967557  0.076930)
     C    3  Q=         1.0000 1e-30 m^2  Cq=        -1.8954 MHz  eta= 0.57166

     H    4    Vxx=   -0.0805    axis=(  0.245971 -0.968449 -0.040063)
     H    4    Vyy=   -0.3733    axis=(  0.508336  0.164082 -0.845382)
     H    4    Vzz=    0.4538    axis=(  0.825283  0.187574  0.532657)
     H    4  Q=         1.0000 1e-30 m^2  Cq=         1.0663 MHz  eta= 0.64533

     C    5    Vxx=    0.1071    axis=( -0.462101  0.103841  0.880727)
     C    5    Vyy=    0.6912    axis=( -0.323013 -0.944609 -0.058106)
     C    5    Vzz=   -0.7983    axis=(  0.825908 -0.311337  0.470047)
     C    5  Q=         1.0000 1e-30 m^2  Cq=        -1.8757 MHz  eta= 0.73157

     H    6    Vxx=   -0.0512    axis=(  0.822031 -0.277392  0.497311)
     H    6    Vyy=   -0.3623    axis=(  0.568745  0.356753 -0.741118)
     H    6    Vzz=    0.4136    axis=(  0.028163  0.892066  0.451027)
     H    6  Q=         1.0000 1e-30 m^2  Cq=         0.9717 MHz  eta= 0.75235

     H    7    Vxx=   -0.1142    axis=(  0.315776  0.830812  0.458298)
     H    7    Vyy=   -0.4805    axis=(  0.947596 -0.251470 -0.197041)
     H    7    Vzz=    0.5947    axis=(  0.048456 -0.496502  0.866682)
     H    7  Q=         1.0000 1e-30 m^2  Cq=         1.3973 MHz  eta= 0.61603

     C    8    Vxx=   -0.1796    axis=( -0.074548  0.948200 -0.308802)
     C    8    Vyy=   -0.4552    axis=(  0.982658  0.122571  0.139140)
     C    8    Vzz=    0.6347    axis=( -0.169783  0.293074  0.940894)
     C    8  Q=         1.0000 1e-30 m^2  Cq=         1.4913 MHz  eta= 0.43418

     H    9    Vxx=   -0.0894    axis=(  0.435233 -0.639664 -0.633563)
     H    9    Vyy=   -0.2320    axis=( -0.496452 -0.757569  0.423821)
     H    9    Vzz=    0.3214    axis=( -0.751071  0.130073 -0.647282)
     H    9  Q=         1.0000 1e-30 m^2  Cq=         0.7551 MHz  eta= 0.44387

     C   10    Vxx=   -0.0591    axis=( -0.681177  0.631414  0.370559)
     C   10    Vyy=   -0.4802    axis=(  0.591842  0.772854 -0.228955)
     C   10    Vzz=    0.5392    axis=(  0.430953 -0.063354  0.900148)
     C   10  Q=         1.0000 1e-30 m^2  Cq=         1.2670 MHz  eta= 0.78094

     C   11    Vxx=    0.1712    axis=( -0.376786 -0.478626  0.793063)
     C   11    Vyy=    0.4327    axis=( -0.364664 -0.710381 -0.601979)
     C   11    Vzz=   -0.6039    axis=( -0.851500  0.516019 -0.093124)
     C   11  Q=         1.0000 1e-30 m^2  Cq=        -1.4189 MHz  eta= 0.43315

     Cl  12    Vxx=    0.0612    axis=(  0.161116  0.959199  0.232335)
     Cl  12    Vyy=    2.3464    axis=( -0.969818  0.110219  0.217495)
     Cl  12    Vzz=   -2.4076    axis=(  0.183014 -0.260365  0.948006)
     Cl  12  Q=        -8.1650 1e-30 m^2  Cq=        46.1879 MHz  eta= 0.94918

     H   13    Vxx=   -0.0443    axis=(  0.878533  0.223429 -0.422207)
     H   13    Vyy=   -0.4233    axis=( -0.464226  0.191045 -0.864868)
     H   13    Vzz=    0.4676    axis=( -0.112577  0.955814  0.271561)
     H   13  Q=         1.0000 1e-30 m^2  Cq=         1.0987 MHz  eta= 0.81050

     C   14    Vxx=    0.2396    axis=( -0.647103 -0.260899  0.716372)
     C   14    Vyy=    0.4489    axis=(  0.662737  0.271990  0.697711)
     C   14    Vzz=   -0.6884    axis=( -0.376878  0.926258 -0.003099)
     C   14  Q=         1.0000 1e-30 m^2  Cq=        -1.6175 MHz  eta= 0.30403

     H   15    Vxx=   -0.0284    axis=( -0.585402  0.451025  0.673707)
     H   15    Vyy=   -0.5924    axis=(  0.303401  0.892466 -0.333844)
     H   15    Vzz=    0.6208    axis=( -0.751833  0.008970 -0.659293)
     H   15  Q=         1.0000 1e-30 m^2  Cq=         1.4586 MHz  eta= 0.90857

     C   16    Vxx=    0.0755    axis=( -0.456130  0.201297  0.866848)
     C   16    Vyy=    0.7054    axis=( -0.396532 -0.918010  0.004524)
     C   16    Vzz=   -0.7809    axis=(  0.796685 -0.341669  0.498553)
     C   16  Q=         1.0000 1e-30 m^2  Cq=        -1.8349 MHz  eta= 0.80664

     C   17    Vxx=    0.0934    axis=( -0.853615  0.440994 -0.277246)
     C   17    Vyy=    0.4827    axis=(  0.498381  0.846232 -0.188434)
     C   17    Vzz=   -0.5761    axis=( -0.151517  0.299024  0.942140)
     C   17  Q=         1.0000 1e-30 m^2  Cq=        -1.3535 MHz  eta= 0.67576

     Cl  18    Vxx=    0.8788    axis=(  0.179365  0.918464 -0.352494)
     Cl  18    Vyy=    1.9841    axis=(  0.948473 -0.256579 -0.185919)
     Cl  18    Vzz=   -2.8629    axis=(  0.261203  0.300983  0.917160)
     Cl  18  Q=        -8.1650 1e-30 m^2  Cq=        54.9238 MHz  eta= 0.38608

     H   19    Vxx=   -0.1160    axis=(  0.901806 -0.102135 -0.419898)
     H   19    Vyy=   -0.3718    axis=(  0.426770  0.057767  0.902513)
     H   19    Vzz=    0.4878    axis=( -0.067922 -0.993092  0.095683)
     H   19  Q=         1.0000 1e-30 m^2  Cq=         1.1462 MHz  eta= 0.52438

     C   20    Vxx=   -0.0651    axis=(  0.780694 -0.591885 -0.200474)
     C   20    Vyy=   -0.6102    axis=(  0.485031  0.776193 -0.402826)
     C   20    Vzz=    0.6753    axis=(  0.394034  0.217248  0.893051)
     C   20  Q=         1.0000 1e-30 m^2  Cq=         1.5866 MHz  eta= 0.80732

     H   21    Vxx=   -0.0269    axis=(  0.337825  0.930604 -0.140890)
     H   21    Vyy=   -0.5792    axis=(  0.018760  0.143003  0.989544)
     H   21    Vzz=    0.6061    axis=(  0.941022 -0.336936  0.030852)
     H   21  Q=         1.0000 1e-30 m^2  Cq=         1.4241 MHz  eta= 0.91113

     C   22    Vxx=    0.0061    axis=(  0.221308  0.958322 -0.180669)
     C   22    Vyy=    0.4106    axis=(  0.105765 -0.207756 -0.972446)
     C   22    Vzz=   -0.4167    axis=( -0.969452  0.196102 -0.147335)
     C   22  Q=         1.0000 1e-30 m^2  Cq=        -0.9791 MHz  eta= 0.97050

     C   23    Vxx=    0.0498    axis=(  0.952501  0.231340  0.198049)
     C   23    Vyy=    0.2605    axis=(  0.266363 -0.317623 -0.910036)
     C   23    Vzz=   -0.3104    axis=( -0.147622  0.919564 -0.364157)
     C   23  Q=         1.0000 1e-30 m^2  Cq=        -0.7292 MHz  eta= 0.67899

     Cl  24    Vxx=    0.7326    axis=(  0.767678  0.521505 -0.372430)
     Cl  24    Vyy=    2.2742    axis=( -0.220411 -0.330835 -0.917588)
     Cl  24    Vzz=   -3.0067    axis=( -0.601739  0.786499 -0.139029)
     Cl  24  Q=        -8.1650 1e-30 m^2  Cq=        57.6827 MHz  eta= 0.51272

     Initialization:
     gipaw_setup  :      9.19s CPU     10.98s WALL (       1 calls)

     Linear response

     Apply operators

     Induced current

     Other routines
     efg          :      9.59s CPU     12.12s WALL (       1 calls)

     General routines
     calbec       :      3.33s CPU      4.41s WALL (      16 calls)
     fft          :      1.37s CPU      1.55s WALL (      15 calls)
     ffts         :      0.06s CPU      0.09s WALL (       2 calls)
     fftw         :      3.34s CPU      4.06s WALL (     672 calls)
     davcio       :      0.03s CPU      0.31s WALL (      32 calls)

     Parallel routines
     fft_scatter  :      2.12s CPU      2.91s WALL (     689 calls)

     Plugins

     GIPAW        :     61.59s CPU     80.48s WALL (       1 calls)
