
     Program QE v.6.0 (svn rev. 13079) starts on 29Dec2016 at  8:37:31 

     This program is part of the open-source Quantum ESPRESSO suite
     for quantum simulation of materials; please cite
         "P. Giannozzi et al., J. Phys.:Condens. Matter 21 395502 (2009);
          URL http://www.quantum-espresso.org", 
     in publications or presentations arising from this work. More details at
     http://www.quantum-espresso.org/quote

     Parallel version (MPI), running on     8 processors
     R & G space division:  proc/nbgrp/npool/nimage =       8

     ***** This is GIPAW svn revision unknown      *****

     Parallelizing q-star over 1 images

     Reading data from directory:
     /users/majewski/paradichlorobenzene/pbe/9_constraint/scratch/pbe.ecut100.np8.dt60.pcl2phi-129368.save
     Message from routine read_xml_file:
     file /users/majewski/paradichlorobenzene/pbe/9_constraint/scratch/pbe.ecut100.np8.dt60.pcl2phi-129368.save not guaranteed to be safe for post-processing

   Info: using nr1, nr2, nr3 values from input

   Info: using nr1, nr2, nr3 values from input

     IMPORTANT: XC functional enforced from input :
     Exchange-correlation      =  SLA  PW   PBX  PBC ( 1  4  3  4 0 0)
     Any further DFT definition will be discarded
     Please, verify this is what you really want

               file C.pbe-n-kjpaw_psl.1.0.0.UPF: wavefunction(s)  2S 2P renormalized
               file Cl.pbe-n-kjpaw_psl.1.0.0.UPF: wavefunction(s)  3S 3P renormalized
               file H.pbe-kjpaw_psl.1.0.0.UPF: wavefunction(s)  1S renormalized

     Parallelization info
     --------------------
     sticks:   dense  smooth     PW     G-vecs:    dense   smooth      PW
     Min        3057    1223    332               144436    36536    5170
     Max        3059    1225    333               144437    36537    5171
     Sum       24467    9791   2657              1155489   292295   41363


     Subspace diagonalization in iterative solution of the eigenvalue problem:
     a serial algorithm will be used

     GIPAW projectors -----------------------------------------------
     atom=  C    l=0  rc=    1.2000  rs=    0.8000
     atom=  C    l=0  rc=    1.2000  rs=    0.8000
     atom=  C    l=1  rc=    1.4000  rs=    0.9333
     atom=  C    l=1  rc=    1.4000  rs=    0.9333
     projs nearly linearly dependent: l=1  n1,n2= 1, 2  s=  0.99951561

     atom=  Cl   l=0  rc=    1.6000  rs=    1.0667
     atom=  Cl   l=0  rc=    1.6000  rs=    1.0667
     atom=  Cl   l=1  rc=    1.6000  rs=    1.0667
     atom=  Cl   l=1  rc=    1.6000  rs=    1.0667
     atom=  Cl   l=2  rc=    1.6000  rs=    1.0667
     atom=  Cl   l=2  rc=    1.6000  rs=    1.0667
     projs nearly linearly dependent: l=2  n1,n2= 1, 2  s=  0.99993509

     atom=  H    l=0  rc=    1.0000  rs=    0.6667
     atom=  H    l=0  rc=    1.0000  rs=    0.6667
     projs nearly linearly dependent: l=0  n1,n2= 1, 2  s=  0.99968852
     -----------------------------------------------------------------

     GIPAW integrals: -------------------------------------------
     Atom  i/j   nmr_para   nmr_dia   epr_rmc  epr_para   epr_dia
       C   1 1   0.83E+03  0.17E-01  0.93E+01  0.24E+08  0.24E+03
       C   2 1   0.86E+03 -0.61E-01  0.94E+01  0.25E+08  0.25E+03
       C   2 2   0.90E+03 -0.15E+00  0.97E+01  0.26E+08  0.26E+03
       C   3 3   0.33E+01  0.34E+00  0.18E+01  0.55E+03  0.21E+02
       C   4 3   0.35E+01  0.37E+00  0.20E+01  0.59E+03  0.22E+02
       C   4 4   0.38E+01  0.39E+00  0.22E+01  0.63E+03  0.24E+02
       Cl  1 1   0.14E+04 -0.47E+00  0.84E+01  0.32E+09  0.42E+03
       Cl  2 1   0.21E+04 -0.37E+00  0.12E+02  0.49E+09  0.65E+03
       Cl  2 2   0.33E+04 -0.16E+00  0.21E+02  0.76E+09  0.10E+04
       Cl  3 3   0.21E+02  0.79E-01  0.89E+01  0.23E+05  0.13E+03
       Cl  4 3   0.24E+02  0.67E-01  0.99E+01  0.27E+05  0.15E+03
       Cl  4 4   0.28E+02  0.44E-01  0.11E+02  0.32E+05  0.18E+03
       Cl  5 5   0.77E+00  0.19E+00  0.18E+01  0.12E+03  0.22E+02
       Cl  6 5   0.80E+00  0.19E+00  0.19E+01  0.12E+03  0.23E+02
       Cl  6 6   0.83E+00  0.20E+00  0.19E+01  0.12E+03  0.23E+02
       H   1 1   0.39E+02  0.19E+00  0.29E+00  0.78E+05  0.13E+02
       H   2 1   0.41E+02  0.21E+00  0.32E+00  0.82E+05  0.14E+02
       H   2 2   0.43E+02  0.22E+00  0.36E+00  0.86E+05  0.15E+02
     ------------------------------------------------------------

     alpha_pv=     34.1143 eV

     Number of occupied bands for each k-point:
     k-point:     1    nbnd_occ=  42
     k-point:     2    nbnd_occ=  42
     k-point:     3    nbnd_occ=  42
     k-point:     4    nbnd_occ=  42
     k-point:     5    nbnd_occ=  42
     k-point:     6    nbnd_occ=  42
     k-point:     7    nbnd_occ=  42
     k-point:     8    nbnd_occ=  42
     k-point:     9    nbnd_occ=  42
     k-point:    10    nbnd_occ=  42
     k-point:    11    nbnd_occ=  42
     k-point:    12    nbnd_occ=  42
     k-point:    13    nbnd_occ=  42
     k-point:    14    nbnd_occ=  42
     k-point:    15    nbnd_occ=  42
     k-point:    16    nbnd_occ=  42


     q-space interpolation up to   110.00 Rydberg

     GIPAW job: efg                                                                             


     ELECTRIC FIELD GRADIENTS TENSORS IN Hartree/bohrradius^2:

     ----- bare term -----
     Cl   1        0.035569        0.099644       -0.037136
     Cl   1        0.099644        0.052817       -0.021764
     Cl   1       -0.037136       -0.021764       -0.088386

     C    2       -0.037740        0.324188       -0.149197
     C    2        0.324188       -0.068239       -0.590588
     C    2       -0.149197       -0.590588        0.105978

     C    3       -0.211446        0.046842       -0.078066
     C    3        0.046842        0.005068       -0.045677
     C    3       -0.078066       -0.045677        0.206378

     H    4       -0.473423       -0.480479        0.094644
     H    4       -0.480479        0.170676        0.073662
     H    4        0.094644        0.073662        0.302747

     C    5       -0.000665        0.044968        0.055347
     C    5        0.044968       -0.229285       -0.015927
     C    5        0.055347       -0.015927        0.229950

     H    6        0.306000       -0.359836        0.107914
     H    6       -0.359836       -0.606370        0.150716
     H    6        0.107914        0.150716        0.300370

     H    7        0.320027        0.034449       -0.059378
     H    7        0.034449       -0.554063        0.637773
     H    7       -0.059378        0.637773        0.234036

     C    8       -0.712962       -0.340578       -0.265080
     C    8       -0.340578        0.295506        0.109666
     C    8       -0.265080        0.109666        0.417456

     H    9       -0.345798       -0.271304       -0.435739
     H    9       -0.271304        0.038589        0.054198
     H    9       -0.435739        0.054198        0.307208

     C   10        0.073120        0.224913       -0.356155
     C   10        0.224913       -0.174349        0.602226
     C   10       -0.356155        0.602226        0.101229

     C   11       -0.657267       -0.398032       -0.350566
     C   11       -0.398032        0.162138        0.058307
     C   11       -0.350566        0.058307        0.495129

     Cl  12        0.006528        0.147434       -0.052428
     Cl  12        0.147434        0.059588       -0.083206
     Cl  12       -0.052428       -0.083206       -0.066116

     H   13        0.401264       -0.074393       -0.054349
     H   13       -0.074393       -0.564097       -0.516475
     H   13       -0.054349       -0.516475        0.162832

     C   14       -0.663202        0.380798       -0.431602
     C   14        0.380798        0.330454       -0.199764
     C   14       -0.431602       -0.199764        0.332748

     H   15       -0.503682       -0.223165       -0.451176
     H   15       -0.223165        0.327995       -0.226877
     H   15       -0.451176       -0.226877        0.175687

     C   16        0.022769        0.431607       -0.097156
     C   16        0.431607       -0.219018       -0.578486
     C   16       -0.097156       -0.578486        0.196250

     C   17       -0.207728        0.190590       -0.421110
     C   17        0.190590        0.106551       -0.125555
     C   17       -0.421110       -0.125555        0.101178

     Cl  18       -0.012653        0.115875       -0.021478
     Cl  18        0.115875        0.032672        0.000173
     Cl  18       -0.021478        0.000173       -0.020019

     H   19        0.273993       -0.209849        0.233682
     H   19       -0.209849       -0.233123        0.578054
     H   19        0.233682        0.578054       -0.040870

     C   20       -0.065395        0.288530       -0.405625
     C   20        0.288530       -0.106902        0.420448
     C   20       -0.405625        0.420448        0.172297

     H   21       -0.064321        0.137780       -0.375438
     H   21        0.137780        0.342869        0.409027
     H   21       -0.375438        0.409027       -0.278547

     C   22       -0.611808       -0.350922       -0.354036
     C   22       -0.350922        0.203229        0.037849
     C   22       -0.354036        0.037849        0.408579

     C   23        0.021057        0.290960       -0.472150
     C   23        0.290960       -0.130207        0.666408
     C   23       -0.472150        0.666408        0.109150

     Cl  24       -0.219634       -0.229826        0.012141
     Cl  24       -0.229826        0.049797        0.035292
     Cl  24        0.012141        0.035292        0.169837

     ----- ionic term -----
     Cl   1        0.104317       -0.188969        0.019589
     Cl   1       -0.188969        0.063823       -0.015851
     Cl   1        0.019589       -0.015851       -0.168140

     C    2        0.229799       -0.107951        0.237180
     C    2       -0.107951        0.226128        0.295403
     C    2        0.237180        0.295403       -0.455927

     C    3        0.229115       -0.243427        0.189024
     C    3       -0.243427        0.231761        0.292755
     C    3        0.189024        0.292755       -0.460875

     H    4        0.765998        0.259975        0.580674
     H    4        0.259975       -0.452500        0.187577
     H    4        0.580674        0.187577       -0.313497

     C    5        0.356437       -0.195947        0.241832
     C    5       -0.195947        0.121132        0.251030
     C    5        0.241832        0.251030       -0.477570

     H    6       -0.494176        0.067293        0.032227
     H    6        0.067293        0.790690        0.589030
     H    6        0.032227        0.589030       -0.296514

     H    7       -0.512926       -0.028535        0.029589
     H    7       -0.028535        0.817075       -0.612660
     H    7        0.029589       -0.612660       -0.304149

     C    8        0.289393        0.198094        0.264828
     C    8        0.198094        0.060923       -0.313632
     C    8        0.264828       -0.313632       -0.350315

     H    9        0.504606       -0.244501        0.710558
     H    9       -0.244501       -0.455887       -0.241337
     H    9        0.710558       -0.241337       -0.048719

     C   10        0.134967        0.267951        0.182938
     C   10        0.267951        0.124247       -0.432477
     C   10        0.182938       -0.432477       -0.259214

     C   11        0.196998        0.196978        0.334100
     C   11        0.196978        0.038757       -0.446893
     C   11        0.334100       -0.446893       -0.235755

     Cl  12        0.164167        0.245613        0.005320
     Cl  12        0.245613        0.004810        0.002455
     Cl  12        0.005320        0.002455       -0.168977

     H   13       -0.489364        0.206980        0.088748
     H   13        0.206980        0.828448        0.538216
     H   13        0.088748        0.538216       -0.339084

     C   14        0.322638       -0.110610        0.220805
     C   14       -0.110610        0.153057        0.239616
     C   14        0.220805        0.239616       -0.475695

     H   15        0.655971        0.470362        0.533879
     H   15        0.470362       -0.273251        0.247255
     H   15        0.533879        0.247255       -0.382721

     C   16        0.172574       -0.120366        0.170864
     C   16       -0.120366        0.295367        0.302532
     C   16        0.170864        0.302532       -0.467941

     C   17        0.270477       -0.082684        0.227194
     C   17       -0.082684        0.183260        0.324932
     C   17        0.227194        0.324932       -0.453737

     Cl  18        0.146694       -0.198279       -0.009697
     Cl  18       -0.198279       -0.004892        0.016984
     Cl  18       -0.009697        0.016984       -0.141803

     H   19       -0.523466       -0.083228        0.067630
     H   19       -0.083228        0.611959       -0.747827
     H   19        0.067630       -0.747827       -0.088493

     C   20        0.301680        0.147358        0.308615
     C   20        0.147358       -0.061665       -0.342742
     C   20        0.308615       -0.342742       -0.240015

     H   21        0.599283       -0.110896        0.764489
     H   21       -0.110896       -0.535176       -0.142214
     H   21        0.764489       -0.142214       -0.064106

     C   22        0.193551        0.217773        0.206682
     C   22        0.217773        0.035078       -0.386223
     C   22        0.206682       -0.386223       -0.228629

     C   23        0.170194        0.098007        0.306323
     C   23        0.098007        0.047374       -0.453985
     C   23        0.306323       -0.453985       -0.217568

     Cl  24        0.113690        0.172715        0.006696
     Cl  24        0.172715        0.013554       -0.011750
     Cl  24        0.006696       -0.011750       -0.127244

     ----- GIPAW term -----
     Cl   1        1.717468       -1.272619       -0.321666
     Cl   1       -1.272619        0.435976       -0.181532
     Cl   1       -0.321666       -0.181532       -2.153444

     C    2        0.044183        0.124409       -0.101003
     C    2        0.124409        0.057946       -0.169201
     C    2       -0.101003       -0.169201       -0.102129

     C    3       -0.019196        0.040146       -0.042005
     C    3        0.040146        0.033422       -0.026112
     C    3       -0.042005       -0.026112       -0.014226

     H    4       -0.000000        0.000000        0.000000
     H    4        0.000000        0.000000        0.000000
     H    4        0.000000        0.000000        0.000000

     C    5        0.014652        0.024857       -0.001767
     C    5        0.024857       -0.006342       -0.020400
     C    5       -0.001767       -0.020400       -0.008310

     H    6       -0.000000        0.000000        0.000000
     H    6        0.000000        0.000000        0.000000
     H    6        0.000000        0.000000        0.000000

     H    7       -0.000000        0.000000        0.000000
     H    7        0.000000        0.000000        0.000000
     H    7        0.000000        0.000000        0.000000

     C    8       -0.104980        0.147697       -0.028560
     C    8        0.147697        0.203551       -0.047743
     C    8       -0.028560       -0.047743       -0.098572

     H    9       -0.000000        0.000000        0.000000
     H    9        0.000000        0.000000        0.000000
     H    9        0.000000        0.000000        0.000000

     C   10       -0.044739        0.199153       -0.090864
     C   10        0.199153        0.154752       -0.024431
     C   10       -0.090864       -0.024431       -0.110013

     C   11       -0.074176        0.145597       -0.124755
     C   11        0.145597        0.101707       -0.138747
     C   11       -0.124755       -0.138747       -0.027530

     Cl  12        1.083174        3.313129       -0.692749
     Cl  12        3.313129        0.814122       -0.941544
     Cl  12       -0.692749       -0.941544       -1.897295

     H   13       -0.000000        0.000000        0.000000
     H   13        0.000000        0.000000        0.000000
     H   13        0.000000        0.000000        0.000000

     C   14       -0.126740        0.168028       -0.042535
     C   14        0.168028        0.170267        0.019640
     C   14       -0.042535        0.019640       -0.043528

     H   15       -0.000000        0.000000        0.000000
     H   15        0.000000        0.000000        0.000000
     H   15        0.000000        0.000000        0.000000

     C   16       -0.047207        0.165291        0.005684
     C   16        0.165291        0.137789       -0.050540
     C   16        0.005684       -0.050540       -0.090582

     C   17        0.014208        0.079039       -0.079096
     C   17        0.079039        0.069744       -0.051487
     C   17       -0.079096       -0.051487       -0.083951

     Cl  18        0.713665        0.739631       -0.222342
     Cl  18        0.739631        1.849166       -0.239451
     Cl  18       -0.222342       -0.239451       -2.562831

     H   19       -0.000000        0.000000        0.000000
     H   19        0.000000        0.000000        0.000000
     H   19        0.000000        0.000000        0.000000

     C   20        0.020079        0.161427       -0.135747
     C   20        0.161427       -0.028636       -0.041163
     C   20       -0.135747       -0.041163        0.008557

     H   21       -0.000000        0.000000        0.000000
     H   21        0.000000        0.000000        0.000000
     H   21        0.000000        0.000000        0.000000

     C   22       -0.117594        0.116811       -0.118614
     C   22        0.116811        0.151796       -0.136436
     C   22       -0.118614       -0.136436       -0.034202

     C   23       -0.015219        0.175271       -0.072415
     C   23        0.175271        0.118381       -0.004417
     C   23       -0.072415       -0.004417       -0.103162

     Cl  24        0.651187        2.233895        0.065727
     Cl  24        2.233895        0.779360        0.197543
     Cl  24        0.065727        0.197543       -1.430547

     ----- total EFG -----
     Cl   1        1.857354       -1.361944       -0.339213
     Cl   1       -1.361944        0.552616       -0.219148
     Cl   1       -0.339213       -0.219148       -2.409970

     C    2        0.236243        0.340645       -0.013020
     C    2        0.340645        0.215835       -0.464386
     C    2       -0.013020       -0.464386       -0.452077

     C    3       -0.001527       -0.156439        0.068953
     C    3       -0.156439        0.270250        0.220966
     C    3        0.068953        0.220966       -0.268723

     H    4        0.292575       -0.220504        0.675318
     H    4       -0.220504       -0.281825        0.261240
     H    4        0.675318        0.261240       -0.010750

     C    5        0.370424       -0.126122        0.295411
     C    5       -0.126122       -0.114494        0.214703
     C    5        0.295411        0.214703       -0.255930

     H    6       -0.188175       -0.292543        0.140141
     H    6       -0.292543        0.184320        0.739746
     H    6        0.140141        0.739746        0.003856

     H    7       -0.192900        0.005914       -0.029789
     H    7        0.005914        0.263012        0.025114
     H    7       -0.029789        0.025114       -0.070112

     C    8       -0.528549        0.005214       -0.028812
     C    8        0.005214        0.559981       -0.251709
     C    8       -0.028812       -0.251709       -0.031431

     H    9        0.158808       -0.515805        0.274819
     H    9       -0.515805       -0.417297       -0.187139
     H    9        0.274819       -0.187139        0.258489

     C   10        0.163348        0.692017       -0.264082
     C   10        0.692017        0.104650        0.145318
     C   10       -0.264082        0.145318       -0.267998

     C   11       -0.534445       -0.055457       -0.141221
     C   11       -0.055457        0.302601       -0.527332
     C   11       -0.141221       -0.527332        0.231844

     Cl  12        1.253869        3.706176       -0.739858
     Cl  12        3.706176        0.878520       -1.022296
     Cl  12       -0.739858       -1.022296       -2.132389

     H   13       -0.088100        0.132588        0.034399
     H   13        0.132588        0.264352        0.021741
     H   13        0.034399        0.021741       -0.176252

     C   14       -0.467304        0.438216       -0.253332
     C   14        0.438216        0.653778        0.059492
     C   14       -0.253332        0.059492       -0.186474

     H   15        0.152289        0.247197        0.082703
     H   15        0.247197        0.054744        0.020378
     H   15        0.082703        0.020378       -0.207033

     C   16        0.148136        0.476532        0.079392
     C   16        0.476532        0.214138       -0.326494
     C   16        0.079392       -0.326494       -0.362274

     C   17        0.076957        0.186944       -0.273012
     C   17        0.186944        0.359555        0.147890
     C   17       -0.273012        0.147890       -0.436511

     Cl  18        0.847707        0.657228       -0.253516
     Cl  18        0.657228        1.876946       -0.222294
     Cl  18       -0.253516       -0.222294       -2.724653

     H   19       -0.249473       -0.293077        0.301313
     H   19       -0.293077        0.378836       -0.169773
     H   19        0.301313       -0.169773       -0.129363

     C   20        0.256364        0.597314       -0.232758
     C   20        0.597314       -0.197203        0.036543
     C   20       -0.232758        0.036543       -0.059161

     H   21        0.534961        0.026884        0.389051
     H   21        0.026884       -0.192308        0.266813
     H   21        0.389051        0.266813       -0.342653

     C   22       -0.535851       -0.016338       -0.265968
     C   22       -0.016338        0.390103       -0.484810
     C   22       -0.265968       -0.484810        0.145748

     C   23        0.176032        0.564238       -0.238242
     C   23        0.564238        0.035548        0.208005
     C   23       -0.238242        0.208005       -0.211580

     Cl  24        0.545243        2.176784        0.084564
     Cl  24        2.176784        0.842712        0.221085
     Cl  24        0.084564        0.221085       -1.387955

     ----- total EFG (symmetrized) -----
     Cl   1        1.857354       -1.361944       -0.339213
     Cl   1       -1.361944        0.552616       -0.219148
     Cl   1       -0.339213       -0.219148       -2.409970

     C    2        0.236243        0.340645       -0.013020
     C    2        0.340645        0.215835       -0.464386
     C    2       -0.013020       -0.464386       -0.452077

     C    3       -0.001527       -0.156439        0.068953
     C    3       -0.156439        0.270250        0.220966
     C    3        0.068953        0.220966       -0.268723

     H    4        0.292575       -0.220504        0.675318
     H    4       -0.220504       -0.281825        0.261240
     H    4        0.675318        0.261240       -0.010750

     C    5        0.370424       -0.126122        0.295411
     C    5       -0.126122       -0.114494        0.214703
     C    5        0.295411        0.214703       -0.255930

     H    6       -0.188175       -0.292543        0.140141
     H    6       -0.292543        0.184320        0.739746
     H    6        0.140141        0.739746        0.003856

     H    7       -0.192900        0.005914       -0.029789
     H    7        0.005914        0.263012        0.025114
     H    7       -0.029789        0.025114       -0.070112

     C    8       -0.528549        0.005214       -0.028812
     C    8        0.005214        0.559981       -0.251709
     C    8       -0.028812       -0.251709       -0.031431

     H    9        0.158808       -0.515805        0.274819
     H    9       -0.515805       -0.417297       -0.187139
     H    9        0.274819       -0.187139        0.258489

     C   10        0.163348        0.692017       -0.264082
     C   10        0.692017        0.104650        0.145318
     C   10       -0.264082        0.145318       -0.267998

     C   11       -0.534445       -0.055457       -0.141221
     C   11       -0.055457        0.302601       -0.527332
     C   11       -0.141221       -0.527332        0.231844

     Cl  12        1.253869        3.706176       -0.739858
     Cl  12        3.706176        0.878520       -1.022296
     Cl  12       -0.739858       -1.022296       -2.132389

     H   13       -0.088100        0.132588        0.034399
     H   13        0.132588        0.264352        0.021741
     H   13        0.034399        0.021741       -0.176252

     C   14       -0.467304        0.438216       -0.253332
     C   14        0.438216        0.653778        0.059492
     C   14       -0.253332        0.059492       -0.186474

     H   15        0.152289        0.247197        0.082703
     H   15        0.247197        0.054744        0.020378
     H   15        0.082703        0.020378       -0.207033

     C   16        0.148136        0.476532        0.079392
     C   16        0.476532        0.214138       -0.326494
     C   16        0.079392       -0.326494       -0.362274

     C   17        0.076957        0.186944       -0.273012
     C   17        0.186944        0.359555        0.147890
     C   17       -0.273012        0.147890       -0.436511

     Cl  18        0.847707        0.657228       -0.253516
     Cl  18        0.657228        1.876946       -0.222294
     Cl  18       -0.253516       -0.222294       -2.724653

     H   19       -0.249473       -0.293077        0.301313
     H   19       -0.293077        0.378836       -0.169773
     H   19        0.301313       -0.169773       -0.129363

     C   20        0.256364        0.597314       -0.232758
     C   20        0.597314       -0.197203        0.036543
     C   20       -0.232758        0.036543       -0.059161

     H   21        0.534961        0.026884        0.389051
     H   21        0.026884       -0.192308        0.266813
     H   21        0.389051        0.266813       -0.342653

     C   22       -0.535851       -0.016338       -0.265968
     C   22       -0.016338        0.390103       -0.484810
     C   22       -0.265968       -0.484810        0.145748

     C   23        0.176032        0.564238       -0.238242
     C   23        0.564238        0.035548        0.208005
     C   23       -0.238242        0.208005       -0.211580

     Cl  24        0.545243        2.176784        0.084564
     Cl  24        2.176784        0.842712        0.221085
     Cl  24        0.084564        0.221085       -1.387955


     NQR/NMR SPECTROSCOPIC PARAMETERS:
     Cl   1    Vxx=   -0.2435    axis=(  0.517426  0.839485 -0.165934)
     Cl   1    Vyy=   -2.4773    axis=(  0.115892  0.123378  0.985569)
     Cl   1    Vzz=    2.7208    axis=(  0.847844 -0.529190 -0.033451)
     Cl   1  Q=        -8.1650 1e-30 m^2  Cq=       -52.1973 MHz  eta= 0.82100

     C    2    Vxx=    0.0361    axis=(  0.793933 -0.450947  0.407819)
     C    2    Vyy=    0.6779    axis=(  0.585687  0.747297 -0.313876)
     C    2    Vzz=   -0.7139    axis=( -0.163221  0.488051  0.857418)
     C    2  Q=         1.0000 1e-30 m^2  Cq=        -1.6775 MHz  eta= 0.89895

     C    3    Vxx=   -0.0047    axis=(  0.897871  0.192749  0.395822)
     C    3    Vyy=   -0.3858    axis=(  0.307530  0.368777 -0.877171)
     C    3    Vzz=    0.3905    axis=( -0.315044  0.909314  0.271838)
     C    3  Q=         1.0000 1e-30 m^2  Cq=         0.9175 MHz  eta= 0.97586

     H    4    Vxx=   -0.0493    axis=(  0.345106 -0.826589 -0.444581)
     H    4    Vyy=   -0.7839    axis=(  0.518944  0.562740 -0.643445)
     H    4    Vzz=    0.8331    axis=( -0.782048  0.008656 -0.623158)
     H    4  Q=         1.0000 1e-30 m^2  Cq=         1.9575 MHz  eta= 0.88176

     C    5    Vxx=    0.0318    axis=(  0.125226 -0.852508 -0.507493)
     C    5    Vyy=    0.4905    axis=( -0.934289  0.070770 -0.349422)
     C    5    Vzz=   -0.5223    axis=( -0.333800 -0.517902  0.787626)
     C    5  Q=         1.0000 1e-30 m^2  Cq=        -1.2272 MHz  eta= 0.87806

     H    6    Vxx=   -0.0559    axis=(  0.886685 -0.201590  0.416115)
     H    6    Vyy=   -0.7996    axis=( -0.444577 -0.618984  0.647464)
     H    6    Vzz=    0.8555    axis=( -0.127046  0.759092  0.638466)
     H    6  Q=         1.0000 1e-30 m^2  Cq=         2.0100 MHz  eta= 0.86932

     H    7    Vxx=   -0.0649    axis=( -0.229180 -0.070221  0.970848)
     H    7    Vyy=   -0.2000    axis=( -0.973351  0.024797 -0.227977)
     H    7    Vzz=    0.2649    axis=( -0.008066 -0.997223 -0.074033)
     H    7  Q=         1.0000 1e-30 m^2  Cq=         0.6225 MHz  eta= 0.51007

     C    8    Vxx=   -0.1225    axis=( -0.061991  0.345788  0.936263)
     C    8    Vyy=   -0.5303    axis=(  0.997998  0.009659  0.062511)
     C    8    Vzz=    0.6528    axis=(  0.012572  0.938263 -0.345694)
     C    8  Q=         1.0000 1e-30 m^2  Cq=         1.5338 MHz  eta= 0.62473

     H    9    Vxx=    0.0135    axis=( -0.525421  0.280073  0.803425)
     H    9    Vyy=    0.7071    axis=( -0.688489  0.414858 -0.594874)
     H    9    Vzz=   -0.7206    axis=( -0.499916 -0.865709 -0.025148)
     H    9  Q=         1.0000 1e-30 m^2  Cq=        -1.6931 MHz  eta= 0.96246

     C   10    Vxx=   -0.0974    axis=( -0.305392  0.437771  0.845631)
     C   10    Vyy=   -0.7370    axis=( -0.609704  0.592247 -0.526787)
     C   10    Vzz=    0.8344    axis=( -0.731434 -0.676461  0.086044)
     C   10  Q=         1.0000 1e-30 m^2  Cq=         1.9606 MHz  eta= 0.76655

     C   11    Vxx=   -0.2020    axis=( -0.387355  0.645397  0.658345)
     C   11    Vyy=   -0.5961    axis=( -0.920948 -0.237921 -0.308623)
     C   11    Vzz=    0.7981    axis=( -0.042550 -0.725848  0.686537)
     C   11  Q=         1.0000 1e-30 m^2  Cq=         1.8753 MHz  eta= 0.49375

     Cl  12    Vxx=   -2.2249    axis=(  0.439552 -0.239779  0.865621)
     Cl  12    Vyy=   -2.7684    axis=( -0.549640  0.690414  0.470346)
     Cl  12    Vzz=    4.9933    axis=( -0.710416 -0.682521  0.171681)
     Cl  12  Q=        -8.1650 1e-30 m^2  Cq=       -95.7942 MHz  eta= 0.10885

     H   13    Vxx=   -0.1209    axis=(  0.856195 -0.317647  0.407468)
     H   13    Vyy=   -0.1898    axis=( -0.405742  0.074849  0.910918)
     H   13    Vzz=    0.3107    axis=( -0.319848 -0.945250 -0.064797)
     H   13  Q=         1.0000 1e-30 m^2  Cq=         0.7300 MHz  eta= 0.22165

     C   14    Vxx=   -0.0659    axis=( -0.392222  0.163999  0.905133)
     C   14    Vyy=   -0.7396    axis=( -0.858502  0.288120 -0.424219)
     C   14    Vzz=    0.8055    axis=( -0.330359 -0.943446  0.027786)
     C   14  Q=         1.0000 1e-30 m^2  Cq=         1.8925 MHz  eta= 0.83632

     H   15    Vxx=   -0.1328    axis=(  0.535559 -0.748470  0.391114)
     H   15    Vyy=   -0.2330    axis=(  0.343170 -0.230286 -0.910606)
     H   15    Vzz=    0.3658    axis=(  0.771629  0.621902  0.133521)
     H   15  Q=         1.0000 1e-30 m^2  Cq=         0.8596 MHz  eta= 0.27407

     C   16    Vxx=   -0.0665    axis=(  0.666953 -0.404628  0.625660)
     C   16    Vyy=   -0.6272    axis=(  0.396258 -0.518487 -0.757728)
     C   16    Vzz=    0.6937    axis=( -0.630994 -0.753291  0.185469)
     C   16  Q=         1.0000 1e-30 m^2  Cq=         1.6299 MHz  eta= 0.80830

     C   17    Vxx=    0.1484    axis=( -0.798250  0.378763  0.468334)
     C   17    Vyy=    0.4528    axis=( -0.436147 -0.899738 -0.015731)
     C   17    Vzz=   -0.6012    axis=(  0.415419 -0.216819  0.883412)
     C   17  Q=         1.0000 1e-30 m^2  Cq=        -1.4126 MHz  eta= 0.50621

     Cl  18    Vxx=    0.5327    axis=(  0.895090 -0.444146 -0.039353)
     Cl  18    Vyy=    2.2167    axis=(  0.441389  0.895108 -0.062914)
     Cl  18    Vzz=   -2.7494    axis=(  0.063168  0.038943  0.997243)
     Cl  18  Q=        -8.1650 1e-30 m^2  Cq=        52.7457 MHz  eta= 0.61247

     H   19    Vxx=   -0.0844    axis=(  0.410058  0.531206  0.741400)
     H   19    Vyy=   -0.5159    axis=(  0.811281  0.158991 -0.562623)
     H   19    Vzz=    0.6002    axis=(  0.416744 -0.832191  0.365762)
     H   19  Q=         1.0000 1e-30 m^2  Cq=         1.4103 MHz  eta= 0.71893

     C   20    Vxx=   -0.0524    axis=(  0.027709  0.350476  0.936162)
     C   20    Vyy=   -0.6552    axis=(  0.575037 -0.771637  0.271862)
     C   20    Vzz=    0.7076    axis=( -0.817658 -0.530795  0.222918)
     C   20  Q=         1.0000 1e-30 m^2  Cq=         1.6625 MHz  eta= 0.85198

     H   21    Vxx=   -0.0733    axis=(  0.302522 -0.858723 -0.413612)
     H   21    Vyy=   -0.6263    axis=(  0.266134  0.492789 -0.828452)
     H   21    Vzz=    0.6996    axis=(  0.915234  0.140549  0.377615)
     H   21  Q=         1.0000 1e-30 m^2  Cq=         1.6438 MHz  eta= 0.79055

     C   22    Vxx=   -0.1220    axis=(  0.446235 -0.607676 -0.656966)
     C   22    Vyy=   -0.6637    axis=(  0.887189  0.204132  0.413795)
     C   22    Vzz=    0.7857    axis=(  0.117345  0.767502 -0.630214)
     C   22  Q=         1.0000 1e-30 m^2  Cq=         1.8461 MHz  eta= 0.68936

     C   23    Vxx=   -0.0010    axis=( -0.334006  0.453679  0.826206)
     C   23    Vyy=   -0.6754    axis=( -0.560594  0.609049 -0.561064)
     C   23    Vzz=    0.6765    axis=( -0.757743 -0.650565  0.050904)
     C   23  Q=         1.0000 1e-30 m^2  Cq=         1.5894 MHz  eta= 0.99690

     Cl  24    Vxx=   -1.3441    axis=( -0.414759  0.327007  0.849142)
     Cl  24    Vyy=   -1.5430    axis=( -0.603592  0.599454 -0.525673)
     Cl  24    Vzz=    2.8871    axis=(  0.680920  0.730562  0.051250)
     Cl  24  Q=        -8.1650 1e-30 m^2  Cq=       -55.3874 MHz  eta= 0.06888

     Initialization:
     gipaw_setup  :      9.29s CPU     10.91s WALL (       1 calls)

     Linear response

     Apply operators

     Induced current

     Other routines
     efg          :      9.14s CPU     11.66s WALL (       1 calls)

     General routines
     calbec       :      3.28s CPU      4.39s WALL (      16 calls)
     fft          :      1.35s CPU      1.67s WALL (      15 calls)
     ffts         :      0.05s CPU      0.05s WALL (       2 calls)
     fftw         :      3.22s CPU      3.83s WALL (     672 calls)
     davcio       :      0.02s CPU      0.35s WALL (      32 calls)

     Parallel routines
     fft_scatter  :      1.85s CPU      2.71s WALL (     689 calls)

     Plugins

     GIPAW        :     61.74s CPU     73.34s WALL (       1 calls)
