
     Program QE v.6.0 (svn rev. 13079) starts on 23Jan2017 at  8:15:29 

     This program is part of the open-source Quantum ESPRESSO suite
     for quantum simulation of materials; please cite
         "P. Giannozzi et al., J. Phys.:Condens. Matter 21 395502 (2009);
          URL http://www.quantum-espresso.org", 
     in publications or presentations arising from this work. More details at
     http://www.quantum-espresso.org/quote

     Parallel version (MPI), running on     8 processors
     R & G space division:  proc/nbgrp/npool/nimage =       8

     ***** This is GIPAW svn revision unknown      *****

     Parallelizing q-star over 1 images

     Reading data from directory:
     /users/majewski/paradichlorobenzene/pbe/9_constraint/scratch/pbe.ecut100.np8.dt60.pcl2phi-129368.save
     Message from routine read_xml_file:
     file /users/majewski/paradichlorobenzene/pbe/9_constraint/scratch/pbe.ecut100.np8.dt60.pcl2phi-129368.save not guaranteed to be safe for post-processing

   Info: using nr1, nr2, nr3 values from input

   Info: using nr1, nr2, nr3 values from input

     IMPORTANT: XC functional enforced from input :
     Exchange-correlation      =  SLA  PW   PBX  PBC ( 1  4  3  4 0 0)
     Any further DFT definition will be discarded
     Please, verify this is what you really want

               file C.pbe-n-kjpaw_psl.1.0.0.UPF: wavefunction(s)  2S 2P renormalized
               file Cl.pbe-n-kjpaw_psl.1.0.0.UPF: wavefunction(s)  3S 3P renormalized
               file H.pbe-kjpaw_psl.1.0.0.UPF: wavefunction(s)  1S renormalized

     Parallelization info
     --------------------
     sticks:   dense  smooth     PW     G-vecs:    dense   smooth      PW
     Min        3057    1223    332               144436    36536    5170
     Max        3059    1225    333               144437    36537    5171
     Sum       24467    9791   2657              1155489   292295   41363


     Subspace diagonalization in iterative solution of the eigenvalue problem:
     a serial algorithm will be used

     GIPAW projectors -----------------------------------------------
     atom=  C    l=0  rc=    1.2000  rs=    0.8000
     atom=  C    l=0  rc=    1.2000  rs=    0.8000
     atom=  C    l=1  rc=    1.4000  rs=    0.9333
     atom=  C    l=1  rc=    1.4000  rs=    0.9333
     projs nearly linearly dependent: l=1  n1,n2= 1, 2  s=  0.99951561

     atom=  Cl   l=0  rc=    1.6000  rs=    1.0667
     atom=  Cl   l=0  rc=    1.6000  rs=    1.0667
     atom=  Cl   l=1  rc=    1.6000  rs=    1.0667
     atom=  Cl   l=1  rc=    1.6000  rs=    1.0667
     atom=  Cl   l=2  rc=    1.6000  rs=    1.0667
     atom=  Cl   l=2  rc=    1.6000  rs=    1.0667
     projs nearly linearly dependent: l=2  n1,n2= 1, 2  s=  0.99993509

     atom=  H    l=0  rc=    1.0000  rs=    0.6667
     atom=  H    l=0  rc=    1.0000  rs=    0.6667
     projs nearly linearly dependent: l=0  n1,n2= 1, 2  s=  0.99968852
     -----------------------------------------------------------------

     GIPAW integrals: -------------------------------------------
     Atom  i/j   nmr_para   nmr_dia   epr_rmc  epr_para   epr_dia
       C   1 1   0.83E+03  0.17E-01  0.93E+01  0.24E+08  0.24E+03
       C   2 1   0.86E+03 -0.61E-01  0.94E+01  0.25E+08  0.25E+03
       C   2 2   0.90E+03 -0.15E+00  0.97E+01  0.26E+08  0.26E+03
       C   3 3   0.33E+01  0.34E+00  0.18E+01  0.55E+03  0.21E+02
       C   4 3   0.35E+01  0.37E+00  0.20E+01  0.59E+03  0.22E+02
       C   4 4   0.38E+01  0.39E+00  0.22E+01  0.63E+03  0.24E+02
       Cl  1 1   0.14E+04 -0.47E+00  0.84E+01  0.32E+09  0.42E+03
       Cl  2 1   0.21E+04 -0.37E+00  0.12E+02  0.49E+09  0.65E+03
       Cl  2 2   0.33E+04 -0.16E+00  0.21E+02  0.76E+09  0.10E+04
       Cl  3 3   0.21E+02  0.79E-01  0.89E+01  0.23E+05  0.13E+03
       Cl  4 3   0.24E+02  0.67E-01  0.99E+01  0.27E+05  0.15E+03
       Cl  4 4   0.28E+02  0.44E-01  0.11E+02  0.32E+05  0.18E+03
       Cl  5 5   0.77E+00  0.19E+00  0.18E+01  0.12E+03  0.22E+02
       Cl  6 5   0.80E+00  0.19E+00  0.19E+01  0.12E+03  0.23E+02
       Cl  6 6   0.83E+00  0.20E+00  0.19E+01  0.12E+03  0.23E+02
       H   1 1   0.39E+02  0.19E+00  0.29E+00  0.78E+05  0.13E+02
       H   2 1   0.41E+02  0.21E+00  0.32E+00  0.82E+05  0.14E+02
       H   2 2   0.43E+02  0.22E+00  0.36E+00  0.86E+05  0.15E+02
     ------------------------------------------------------------

     alpha_pv=     34.1353 eV

     Number of occupied bands for each k-point:
     k-point:     1    nbnd_occ=  42
     k-point:     2    nbnd_occ=  42
     k-point:     3    nbnd_occ=  42
     k-point:     4    nbnd_occ=  42
     k-point:     5    nbnd_occ=  42
     k-point:     6    nbnd_occ=  42
     k-point:     7    nbnd_occ=  42
     k-point:     8    nbnd_occ=  42
     k-point:     9    nbnd_occ=  42
     k-point:    10    nbnd_occ=  42
     k-point:    11    nbnd_occ=  42
     k-point:    12    nbnd_occ=  42
     k-point:    13    nbnd_occ=  42
     k-point:    14    nbnd_occ=  42
     k-point:    15    nbnd_occ=  42
     k-point:    16    nbnd_occ=  42


     q-space interpolation up to   110.00 Rydberg

     GIPAW job: efg                                                                             


     ELECTRIC FIELD GRADIENTS TENSORS IN Hartree/bohrradius^2:

     ----- bare term -----
     Cl   1        0.011057        0.102843       -0.112114
     Cl   1        0.102843        0.035071       -0.103541
     Cl   1       -0.112114       -0.103541       -0.046128

     C    2        0.101814        0.607149       -0.017412
     C    2        0.607149       -0.383093       -0.457848
     C    2       -0.017412       -0.457848        0.281279

     C    3       -0.130307        0.231761       -0.378594
     C    3        0.231761       -0.013609       -0.337628
     C    3       -0.378594       -0.337628        0.143916

     H    4       -0.589868       -0.500451       -0.190656
     H    4       -0.500451        0.227342       -0.094542
     H    4       -0.190656       -0.094542        0.362526

     C    5        0.079326        0.556741       -0.066058
     C    5        0.556741       -0.439359       -0.371512
     C    5       -0.066058       -0.371512        0.360034

     H    6       -0.038290       -0.473854       -0.052676
     H    6       -0.473854       -0.355296       -0.293294
     H    6       -0.052676       -0.293294        0.393586

     H    7        0.526618       -0.004689       -0.133105
     H    7       -0.004689       -0.002897        0.257970
     H    7       -0.133105        0.257970       -0.523721

     C    8       -0.321375       -0.352152       -0.019150
     C    8       -0.352152       -0.122608        0.428307
     C    8       -0.019150        0.428307        0.443983

     H    9        0.121668        0.011141       -0.428693
     H    9        0.011141        0.299231       -0.214074
     H    9       -0.428693       -0.214074       -0.420899

     C   10       -0.096124        0.085339       -0.219274
     C   10        0.085339       -0.076436        0.643500
     C   10       -0.219274        0.643500        0.172561

     C   11       -0.217505       -0.300055       -0.146238
     C   11       -0.300055       -0.183909        0.439035
     C   11       -0.146238        0.439035        0.401414

     Cl  12       -0.014514       -0.005079       -0.086839
     Cl  12       -0.005079        0.004139        0.070128
     Cl  12       -0.086839        0.070128        0.010375

     H   13        0.487881       -0.033532       -0.088673
     H   13       -0.033532       -0.648936       -0.061727
     H   13       -0.088673       -0.061727        0.161055

     C   14       -0.344330       -0.141634       -0.294819
     C   14       -0.141634       -0.031465       -0.386783
     C   14       -0.294819       -0.386783        0.375795

     H   15       -0.284228       -0.364415       -0.326180
     H   15       -0.364415       -0.024929        0.090305
     H   15       -0.326180        0.090305        0.309157

     C   16        0.021208        0.522227        0.232025
     C   16        0.522227       -0.563222       -0.531528
     C   16        0.232025       -0.531528        0.542014

     C   17        0.007860       -0.145573       -0.454643
     C   17       -0.145573       -0.092677       -0.497969
     C   17       -0.454643       -0.497969        0.084817

     Cl  18       -0.107798        0.141008       -0.143773
     Cl  18        0.141008       -0.103657        0.000048
     Cl  18       -0.143773        0.000048        0.211455

     H   19        0.355881        0.007803        0.316574
     H   19        0.007803        0.058658        0.367110
     H   19        0.316574        0.367110       -0.414540

     C   20       -0.083781       -0.017476       -0.516816
     C   20       -0.017476        0.024956        0.354761
     C   20       -0.516816        0.354761        0.058825

     H   21        0.173732        0.068152       -0.186540
     H   21        0.068152        0.386137       -0.169642
     H   21       -0.186540       -0.169642       -0.559870

     C   22        0.088401       -0.316261        0.083242
     C   22       -0.316261       -0.213211        0.099554
     C   22        0.083242        0.099554        0.124810

     C   23        0.048977        0.064510       -0.577759
     C   23        0.064510       -0.099953        0.466351
     C   23       -0.577759        0.466351        0.050976

     Cl  24       -0.153103       -0.256111       -0.015942
     Cl  24       -0.256111       -0.033044        0.004840
     Cl  24       -0.015942        0.004840        0.186148

     ----- ionic term -----
     Cl   1        0.149977       -0.218231       -0.042755
     Cl   1       -0.218231        0.006992        0.024475
     Cl   1       -0.042755        0.024475       -0.156968

     C    2        0.288440       -0.166537        0.122674
     C    2       -0.166537        0.123752        0.411458
     C    2        0.122674        0.411458       -0.412192

     C    3        0.210969       -0.239974        0.146357
     C    3       -0.239974        0.166182        0.377202
     C    3        0.146357        0.377202       -0.377151

     H    4        0.640056        0.385580        0.578948
     H    4        0.385580       -0.398493        0.257509
     H    4        0.578948        0.257509       -0.241563

     C    5        0.316157       -0.149325        0.258642
     C    5       -0.149325        0.085432        0.287748
     C    5        0.258642        0.287748       -0.401589

     H    6       -0.513561        0.182488        0.104895
     H    6        0.182488        0.777107        0.617919
     H    6        0.104895        0.617919       -0.263547

     H    7       -0.539563        0.024909       -0.013970
     H    7        0.024909        0.312435       -0.790495
     H    7       -0.013970       -0.790495        0.227128

     C    8        0.086660        0.291874        0.324526
     C    8        0.291874       -0.031341       -0.262899
     C    8        0.324526       -0.262899       -0.055319

     H    9        0.225220       -0.142603        0.786915
     H    9       -0.142603       -0.484723       -0.217522
     H    9        0.786915       -0.217522        0.259503

     C   10       -0.041295        0.304353        0.233780
     C   10        0.304353        0.139092       -0.400709
     C   10        0.233780       -0.400709       -0.097797

     C   11       -0.023994        0.264045        0.354892
     C   11        0.264045        0.079572       -0.389348
     C   11        0.354892       -0.389348       -0.055578

     Cl  12        0.071688        0.217502        0.026147
     Cl  12        0.217502        0.058192        0.021637
     Cl  12        0.026147        0.021637       -0.129880

     H   13       -0.447869        0.264025        0.110847
     H   13        0.264025        0.789637        0.562486
     H   13        0.110847        0.562486       -0.341768

     C   14        0.362994       -0.092425        0.192983
     C   14       -0.092425        0.108406        0.282399
     C   14        0.192983        0.282399       -0.471401

     H   15        0.616242        0.488144        0.551550
     H   15        0.488144       -0.234452        0.284508
     H   15        0.551550        0.284508       -0.381790

     C   16        0.158415       -0.177201        0.142456
     C   16       -0.177201        0.328135        0.377264
     C   16        0.142456        0.377264       -0.486550

     C   17        0.199682       -0.113227        0.299264
     C   17       -0.113227        0.219829        0.330209
     C   17        0.299264        0.330209       -0.419511

     Cl  18        0.160312       -0.189816        0.058784
     Cl  18       -0.189816       -0.011496       -0.024499
     Cl  18        0.058784       -0.024499       -0.148816

     H   19       -0.531020       -0.114197        0.111890
     H   19       -0.114197        0.473010       -0.762329
     H   19        0.111890       -0.762329        0.058010

     C   20        0.081704        0.247077        0.384835
     C   20        0.247077        0.019463       -0.251172
     C   20        0.384835       -0.251172       -0.101167

     H   21        0.332529       -0.123478        0.823532
     H   21       -0.123478       -0.508596       -0.197520
     H   21        0.823532       -0.197520        0.176068

     C   22       -0.046945        0.327131        0.244153
     C   22        0.327131        0.149340       -0.397281
     C   22        0.244153       -0.397281       -0.102395

     C   23        0.012304        0.319576        0.325209
     C   23        0.319576        0.048875       -0.406644
     C   23        0.325209       -0.406644       -0.061179

     Cl  24        0.123635        0.227527        0.031238
     Cl  24        0.227527        0.021754        0.010132
     Cl  24        0.031238        0.010132       -0.145390

     ----- GIPAW term -----
     Cl   1        1.672872       -0.288478       -1.605072
     Cl   1       -0.288478       -0.033175       -1.218561
     Cl   1       -1.605072       -1.218561       -1.639697

     C    2        0.273755        0.129147        0.023855
     C    2        0.129147       -0.130477       -0.041323
     C    2        0.023855       -0.041323       -0.143278

     C    3        0.142857        0.172178       -0.069646
     C    3        0.172178       -0.016067       -0.028679
     C    3       -0.069646       -0.028679       -0.126790

     H    4       -0.000000        0.000000        0.000000
     H    4        0.000000        0.000000        0.000000
     H    4        0.000000        0.000000        0.000000

     C    5        0.243185        0.188621        0.031963
     C    5        0.188621       -0.173915       -0.059259
     C    5        0.031963       -0.059259       -0.069270

     H    6       -0.000000        0.000000        0.000000
     H    6        0.000000        0.000000        0.000000
     H    6        0.000000        0.000000        0.000000

     H    7       -0.000000        0.000000        0.000000
     H    7        0.000000        0.000000        0.000000
     H    7        0.000000        0.000000        0.000000

     C    8       -0.009514        0.050976        0.125905
     C    8        0.050976       -0.040587        0.156718
     C    8        0.125905        0.156718        0.050100

     H    9       -0.000000        0.000000        0.000000
     H    9        0.000000        0.000000        0.000000
     H    9        0.000000        0.000000        0.000000

     C   10       -0.116804        0.116541        0.020953
     C   10        0.116541        0.080177        0.242352
     C   10        0.020953        0.242352        0.036628

     C   11        0.082533        0.153061        0.047253
     C   11        0.153061       -0.024772        0.105908
     C   11        0.047253        0.105908       -0.057761

     Cl  12       -0.213609        1.802201       -0.208823
     Cl  12        1.802201        1.295663        2.004313
     Cl  12       -0.208823        2.004313       -1.082054

     H   13       -0.000000        0.000000        0.000000
     H   13        0.000000        0.000000        0.000000
     H   13        0.000000        0.000000        0.000000

     C   14        0.071181       -0.083457        0.161639
     C   14       -0.083457       -0.129951       -0.080280
     C   14        0.161639       -0.080280        0.058770

     H   15       -0.000000        0.000000        0.000000
     H   15        0.000000        0.000000        0.000000
     H   15        0.000000        0.000000        0.000000

     C   16        0.056226        0.024929        0.231669
     C   16        0.024929       -0.184222       -0.096437
     C   16        0.231669       -0.096437        0.127996

     C   17        0.249591       -0.098930       -0.012939
     C   17       -0.098930       -0.089072       -0.052926
     C   17       -0.012939       -0.052926       -0.160519

     Cl  18        0.822465       -1.629630       -1.225030
     Cl  18       -1.629630       -0.707897        0.015790
     Cl  18       -1.225030        0.015790       -0.114568

     H   19       -0.000000        0.000000        0.000000
     H   19        0.000000        0.000000        0.000000
     H   19        0.000000        0.000000        0.000000

     C   20        0.149548       -0.042470       -0.199656
     C   20       -0.042470       -0.110574        0.075313
     C   20       -0.199656        0.075313       -0.038974

     H   21       -0.000000        0.000000        0.000000
     H   21        0.000000        0.000000        0.000000
     H   21        0.000000        0.000000        0.000000

     C   22        0.038168       -0.035297       -0.019682
     C   22       -0.035297       -0.034718        0.004959
     C   22       -0.019682        0.004959       -0.003450

     C   23        0.157275       -0.004792       -0.202687
     C   23       -0.004792       -0.079198        0.101060
     C   23       -0.202687        0.101060       -0.078077

     Cl  24        1.077073       -0.494535       -1.972385
     Cl  24       -0.494535       -0.917776        0.998466
     Cl  24       -1.972385        0.998466       -0.159297

     ----- total EFG -----
     Cl   1        1.833906       -0.403867       -1.759941
     Cl   1       -0.403867        0.008888       -1.297627
     Cl   1       -1.759941       -1.297627       -1.842794

     C    2        0.664009        0.569759        0.129116
     C    2        0.569759       -0.389818       -0.087713
     C    2        0.129116       -0.087713       -0.274191

     C    3        0.223519        0.163965       -0.301883
     C    3        0.163965        0.136506        0.010896
     C    3       -0.301883        0.010896       -0.360025

     H    4        0.050189       -0.114871        0.388292
     H    4       -0.114871       -0.171151        0.162966
     H    4        0.388292        0.162966        0.120962

     C    5        0.638668        0.596036        0.224548
     C    5        0.596036       -0.527842       -0.143024
     C    5        0.224548       -0.143024       -0.110825

     H    6       -0.551851       -0.291366        0.052218
     H    6       -0.291366        0.421812        0.324626
     H    6        0.052218        0.324626        0.130039

     H    7       -0.012945        0.020220       -0.147076
     H    7        0.020220        0.309538       -0.532525
     H    7       -0.147076       -0.532525       -0.296593

     C    8       -0.244229       -0.009302        0.431280
     C    8       -0.009302       -0.194536        0.322127
     C    8        0.431280        0.322127        0.438765

     H    9        0.346888       -0.131462        0.358222
     H    9       -0.131462       -0.185492       -0.431596
     H    9        0.358222       -0.431596       -0.161396

     C   10       -0.254224        0.506234        0.035459
     C   10        0.506234        0.142832        0.485143
     C   10        0.035459        0.485143        0.111391

     C   11       -0.158967        0.117050        0.255907
     C   11        0.117050       -0.129108        0.155595
     C   11        0.255907        0.155595        0.288075

     Cl  12       -0.156435        2.014624       -0.269515
     Cl  12        2.014624        1.357995        2.096078
     Cl  12       -0.269515        2.096078       -1.201560

     H   13        0.040012        0.230493        0.022175
     H   13        0.230493        0.140701        0.500759
     H   13        0.022175        0.500759       -0.180714

     C   14        0.089845       -0.317517        0.059802
     C   14       -0.317517       -0.053010       -0.184664
     C   14        0.059802       -0.184664       -0.036836

     H   15        0.332014        0.123729        0.225370
     H   15        0.123729       -0.259381        0.374813
     H   15        0.225370        0.374813       -0.072633

     C   16        0.235849        0.369955        0.606150
     C   16        0.369955       -0.419309       -0.250701
     C   16        0.606150       -0.250701        0.183460

     C   17        0.457133       -0.357730       -0.168317
     C   17       -0.357730        0.038080       -0.220686
     C   17       -0.168317       -0.220686       -0.495212

     Cl  18        0.874980       -1.678438       -1.310019
     Cl  18       -1.678438       -0.823050       -0.008662
     Cl  18       -1.310019       -0.008662       -0.051930

     H   19       -0.175139       -0.106394        0.428465
     H   19       -0.106394        0.531668       -0.395219
     H   19        0.428465       -0.395219       -0.356529

     C   20        0.147471        0.187131       -0.331637
     C   20        0.187131       -0.066155        0.178903
     C   20       -0.331637        0.178903       -0.081316

     H   21        0.506261       -0.055326        0.636991
     H   21       -0.055326       -0.122459       -0.367162
     H   21        0.636991       -0.367162       -0.383802

     C   22        0.079624       -0.024426        0.307713
     C   22       -0.024426       -0.098589       -0.292768
     C   22        0.307713       -0.292768        0.018965

     C   23        0.218557        0.379294       -0.455238
     C   23        0.379294       -0.130276        0.160767
     C   23       -0.455238        0.160767       -0.088281

     Cl  24        1.047605       -0.523120       -1.957089
     Cl  24       -0.523120       -0.929066        1.013438
     Cl  24       -1.957089        1.013438       -0.118539

     ----- total EFG (symmetrized) -----
     Cl   1        1.833906       -0.403867       -1.759941
     Cl   1       -0.403867        0.008888       -1.297627
     Cl   1       -1.759941       -1.297627       -1.842794

     C    2        0.664009        0.569759        0.129116
     C    2        0.569759       -0.389818       -0.087713
     C    2        0.129116       -0.087713       -0.274191

     C    3        0.223519        0.163965       -0.301883
     C    3        0.163965        0.136506        0.010896
     C    3       -0.301883        0.010896       -0.360025

     H    4        0.050189       -0.114871        0.388292
     H    4       -0.114871       -0.171151        0.162966
     H    4        0.388292        0.162966        0.120962

     C    5        0.638668        0.596036        0.224548
     C    5        0.596036       -0.527842       -0.143024
     C    5        0.224548       -0.143024       -0.110825

     H    6       -0.551851       -0.291366        0.052218
     H    6       -0.291366        0.421812        0.324626
     H    6        0.052218        0.324626        0.130039

     H    7       -0.012945        0.020220       -0.147076
     H    7        0.020220        0.309538       -0.532525
     H    7       -0.147076       -0.532525       -0.296593

     C    8       -0.244229       -0.009302        0.431280
     C    8       -0.009302       -0.194536        0.322127
     C    8        0.431280        0.322127        0.438765

     H    9        0.346888       -0.131462        0.358222
     H    9       -0.131462       -0.185492       -0.431596
     H    9        0.358222       -0.431596       -0.161396

     C   10       -0.254224        0.506234        0.035459
     C   10        0.506234        0.142832        0.485143
     C   10        0.035459        0.485143        0.111391

     C   11       -0.158967        0.117050        0.255907
     C   11        0.117050       -0.129108        0.155595
     C   11        0.255907        0.155595        0.288075

     Cl  12       -0.156435        2.014624       -0.269515
     Cl  12        2.014624        1.357995        2.096078
     Cl  12       -0.269515        2.096078       -1.201560

     H   13        0.040012        0.230493        0.022175
     H   13        0.230493        0.140701        0.500759
     H   13        0.022175        0.500759       -0.180714

     C   14        0.089845       -0.317517        0.059802
     C   14       -0.317517       -0.053010       -0.184664
     C   14        0.059802       -0.184664       -0.036836

     H   15        0.332014        0.123729        0.225370
     H   15        0.123729       -0.259381        0.374813
     H   15        0.225370        0.374813       -0.072633

     C   16        0.235849        0.369955        0.606150
     C   16        0.369955       -0.419309       -0.250701
     C   16        0.606150       -0.250701        0.183460

     C   17        0.457133       -0.357730       -0.168317
     C   17       -0.357730        0.038080       -0.220686
     C   17       -0.168317       -0.220686       -0.495212

     Cl  18        0.874980       -1.678438       -1.310019
     Cl  18       -1.678438       -0.823050       -0.008662
     Cl  18       -1.310019       -0.008662       -0.051930

     H   19       -0.175139       -0.106394        0.428465
     H   19       -0.106394        0.531668       -0.395219
     H   19        0.428465       -0.395219       -0.356529

     C   20        0.147471        0.187131       -0.331637
     C   20        0.187131       -0.066155        0.178903
     C   20       -0.331637        0.178903       -0.081316

     H   21        0.506261       -0.055326        0.636991
     H   21       -0.055326       -0.122459       -0.367162
     H   21        0.636991       -0.367162       -0.383802

     C   22        0.079624       -0.024426        0.307713
     C   22       -0.024426       -0.098589       -0.292768
     C   22        0.307713       -0.292768        0.018965

     C   23        0.218557        0.379294       -0.455238
     C   23        0.379294       -0.130276        0.160767
     C   23       -0.455238        0.160767       -0.088281

     Cl  24        1.047605       -0.523120       -1.957089
     Cl  24       -0.523120       -0.929066        1.013438
     Cl  24       -1.957089        1.013438       -0.118539


     NQR/NMR SPECTROSCOPIC PARAMETERS:
     Cl   1    Vxx=    0.5878    axis=( -0.194880  0.916870 -0.348384)
     Cl   1    Vyy=    2.5460    axis=(  0.921817  0.049869 -0.384404)
     Cl   1    Vzz=   -3.1338    axis=(  0.335075  0.396059  0.854905)
     Cl   1  Q=        -8.1650 1e-30 m^2  Cq=        60.1195 MHz  eta= 0.62486

     C    2    Vxx=   -0.2368    axis=(  0.061937 -0.312718  0.947824)
     C    2    Vyy=   -0.6822    axis=( -0.395580  0.864183  0.310972)
     C    2    Vzz=    0.9190    axis=( -0.916341 -0.394201 -0.070180)
     C    2  Q=         1.0000 1e-30 m^2  Cq=         2.1593 MHz  eta= 0.48463

     C    3    Vxx=    0.0699    axis=( -0.376671  0.880836  0.286787)
     C    3    Vyy=    0.4272    axis=( -0.832238 -0.457738  0.312820)
     C    3    Vzz=   -0.4971    axis=(  0.406817 -0.120845  0.905481)
     C    3  Q=         1.0000 1e-30 m^2  Cq=        -1.1680 MHz  eta= 0.71862

     H    4    Vxx=   -0.0343    axis=(  0.476883 -0.809195 -0.343199)
     H    4    Vyy=   -0.4442    axis=(  0.581216  0.583215 -0.567493)
     H    4    Vzz=    0.4785    axis=(  0.659371  0.071155  0.748443)
     H    4  Q=         1.0000 1e-30 m^2  Cq=         1.1244 MHz  eta= 0.85649

     C    5    Vxx=   -0.0674    axis=( -0.025187 -0.326167  0.944976)
     C    5    Vyy=   -0.8450    axis=( -0.394235  0.871908  0.290439)
     C    5    Vzz=    0.9124    axis=( -0.918665 -0.365227 -0.150547)
     C    5  Q=         1.0000 1e-30 m^2  Cq=         2.1438 MHz  eta= 0.85217

     H    6    Vxx=   -0.0131    axis=(  0.312217 -0.424984  0.849652)
     H    6    Vyy=   -0.6587    axis=( -0.932483 -0.308101  0.188547)
     H    6    Vzz=    0.6718    axis=(  0.181650 -0.851154 -0.492484)
     H    6  Q=         1.0000 1e-30 m^2  Cq=         1.5785 MHz  eta= 0.96087

     H    7    Vxx=   -0.0037    axis=(  0.971642 -0.218091 -0.091371)
     H    7    Vyy=   -0.6287    axis=(  0.188593  0.481671  0.855819)
     H    7    Vzz=    0.6324    axis=( -0.142635 -0.848781  0.509142)
     H    7  Q=         1.0000 1e-30 m^2  Cq=         1.4858 MHz  eta= 0.98845

     C    8    Vxx=   -0.2025    axis=(  0.562484 -0.825996  0.036627)
     C    8    Vyy=   -0.5345    axis=(  0.733451  0.478034 -0.483253)
     C    8    Vzz=    0.7369    axis=(  0.381656  0.298687  0.874714)
     C    8  Q=         1.0000 1e-30 m^2  Cq=         1.7315 MHz  eta= 0.45047

     H    9    Vxx=   -0.0309    axis=(  0.629301  0.650780 -0.424812)
     H    9    Vyy=   -0.6338    axis=( -0.180609  0.654118  0.734513)
     H    9    Vzz=    0.6647    axis=(  0.755884 -0.385505  0.529174)
     H    9  Q=         1.0000 1e-30 m^2  Cq=         1.5618 MHz  eta= 0.90709

     C   10    Vxx=   -0.0832    axis=( -0.606172 -0.257506  0.752493)
     C   10    Vyy=   -0.6908    axis=( -0.697800  0.626166 -0.347837)
     C   10    Vzz=    0.7740    axis=( -0.381616 -0.735939 -0.559252)
     C   10  Q=         1.0000 1e-30 m^2  Cq=         1.8186 MHz  eta= 0.78504

     C   11    Vxx=   -0.1740    axis=( -0.215203 -0.883243  0.416616)
     C   11    Vyy=   -0.2914    axis=( -0.886509  0.355629  0.296022)
     C   11    Vzz=    0.4654    axis=(  0.409620  0.305629  0.859536)
     C   11  Q=         1.0000 1e-30 m^2  Cq=         1.0934 MHz  eta= 0.25226

     Cl  12    Vxx=   -0.3423    axis=(  0.771753 -0.153735 -0.617059)
     Cl  12    Vyy=   -3.0059    axis=( -0.453462  0.547249 -0.703485)
     Cl  12    Vzz=    3.3481    axis=(  0.445835  0.822729  0.352629)
     Cl  12  Q=        -8.1650 1e-30 m^2  Cq=       -64.2318 MHz  eta= 0.79555

     H   13    Vxx=   -0.0109    axis=(  0.913907 -0.166098 -0.370387)
     H   13    Vyy=   -0.5702    axis=( -0.201308  0.606888 -0.768871)
     H   13    Vzz=    0.5810    axis=(  0.352491  0.777238  0.521202)
     H   13  Q=         1.0000 1e-30 m^2  Cq=         1.3652 MHz  eta= 0.96260

     C   14    Vxx=   -0.0568    axis=( -0.502146 -0.069532  0.861983)
     C   14    Vyy=   -0.3487    axis=(  0.513772  0.777796  0.362038)
     C   14    Vzz=    0.4055    axis=( -0.695620  0.624659 -0.354843)
     C   14  Q=         1.0000 1e-30 m^2  Cq=         0.9527 MHz  eta= 0.71995

     H   15    Vxx=    0.0175    axis=( -0.623656  0.516119  0.587090)
     H   15    Vyy=    0.5369    axis=( -0.780013 -0.361585 -0.510721)
     H   15    Vzz=   -0.5544    axis=(  0.051310  0.776452 -0.628084)
     H   15  Q=         1.0000 1e-30 m^2  Cq=        -1.3026 MHz  eta= 0.93700

     C   16    Vxx=    0.0235    axis=( -0.437609 -0.691175  0.575130)
     C   16    Vyy=    0.8245    axis=( -0.740448 -0.085880 -0.666605)
     C   16    Vzz=   -0.8480    axis=(  0.510133 -0.717567 -0.474197)
     C   16  Q=         1.0000 1e-30 m^2  Cq=        -1.9924 MHz  eta= 0.94450

     C   17    Vxx=   -0.0112    axis=(  0.409565  0.767903 -0.492525)
     C   17    Vyy=   -0.6522    axis=(  0.266047  0.415877  0.869635)
     C   17    Vzz=    0.6634    axis=( -0.872625  0.487207  0.033970)
     C   17  Q=         1.0000 1e-30 m^2  Cq=         1.5588 MHz  eta= 0.96632

     Cl  18    Vxx=   -0.3016    axis=(  0.161686 -0.534250  0.829719)
     Cl  18    Vyy=   -2.1269    axis=(  0.570408  0.736696  0.363199)
     Cl  18    Vzz=    2.4285    axis=( -0.805290  0.414554  0.423854)
     Cl  18  Q=        -8.1650 1e-30 m^2  Cq=       -46.5902 MHz  eta= 0.75159

     H   19    Vxx=   -0.0053    axis=(  0.776913  0.465760  0.423644)
     H   19    Vyy=   -0.7532    axis=( -0.559144  0.201101  0.804311)
     H   19    Vzz=    0.7585    axis=(  0.289421 -0.861758  0.416665)
     H   19  Q=         1.0000 1e-30 m^2  Cq=         1.7822 MHz  eta= 0.98607

     C   20    Vxx=    0.0861    axis=(  0.195208  0.838259  0.509133)
     C   20    Vyy=    0.3903    axis=( -0.833708 -0.131583  0.536300)
     C   20    Vzz=   -0.4764    axis=(  0.516551 -0.529158  0.673177)
     C   20  Q=         1.0000 1e-30 m^2  Cq=        -1.1194 MHz  eta= 0.63863

     H   21    Vxx=   -0.0430    axis=(  0.379651  0.890712 -0.249995)
     H   21    Vyy=   -0.8454    axis=( -0.378126  0.396025  0.836771)
     H   21    Vzz=    0.8884    axis=(  0.844326 -0.223152  0.487152)
     H   21  Q=         1.0000 1e-30 m^2  Cq=         2.0874 MHz  eta= 0.90322

     C   22    Vxx=   -0.0359    axis=(  0.693568  0.690417 -0.205638)
     C   22    Vyy=   -0.4159    axis=( -0.398180  0.605291  0.689257)
     C   22    Vzz=    0.4518    axis=( -0.600346  0.396166 -0.694721)
     C   22  Q=         1.0000 1e-30 m^2  Cq=         1.0616 MHz  eta= 0.84097

     C   23    Vxx=    0.0461    axis=(  0.072553  0.752567  0.654506)
     C   23    Vyy=    0.6185    axis=( -0.827876 -0.320520  0.460313)
     C   23    Vzz=   -0.6646    axis=(  0.556199 -0.575247  0.599778)
     C   23  Q=         1.0000 1e-30 m^2  Cq=        -1.5616 MHz  eta= 0.86125

     Cl  24    Vxx=   -0.8808    axis=(  0.529744  0.789059  0.311057)
     Cl  24    Vyy=   -1.9126    axis=(  0.389703 -0.552181  0.737040)
     Cl  24    Vzz=    2.7933    axis=( -0.753328  0.269223  0.600014)
     Cl  24  Q=        -8.1650 1e-30 m^2  Cq=       -53.5889 MHz  eta= 0.36939

     Initialization:
     gipaw_setup  :      9.93s CPU     12.21s WALL (       1 calls)

     Linear response

     Apply operators

     Induced current

     Other routines
     efg          :      9.79s CPU     12.73s WALL (       1 calls)

     General routines
     calbec       :      3.60s CPU      5.16s WALL (      16 calls)
     fft          :      1.44s CPU      1.75s WALL (      15 calls)
     ffts         :      0.04s CPU      0.05s WALL (       2 calls)
     fftw         :      3.39s CPU      4.13s WALL (     672 calls)
     davcio       :      0.04s CPU      0.32s WALL (      32 calls)

     Parallel routines
     fft_scatter  :      2.03s CPU      2.70s WALL (     689 calls)

     Plugins

     GIPAW        :     64.34s CPU     77.58s WALL (       1 calls)
