
     Program QE v.6.0 (svn rev. 13079) starts on 28Dec2016 at  6: 2:55 

     This program is part of the open-source Quantum ESPRESSO suite
     for quantum simulation of materials; please cite
         "P. Giannozzi et al., J. Phys.:Condens. Matter 21 395502 (2009);
          URL http://www.quantum-espresso.org", 
     in publications or presentations arising from this work. More details at
     http://www.quantum-espresso.org/quote

     Parallel version (MPI), running on     8 processors
     R & G space division:  proc/nbgrp/npool/nimage =       8

     ***** This is GIPAW svn revision unknown      *****

     Parallelizing q-star over 1 images

     Reading data from directory:
     /users/majewski/paradichlorobenzene/pbe/9_constraint/scratch/pbe.ecut100.np8.dt60.pcl2phi-129368.save
     Message from routine read_xml_file:
     file /users/majewski/paradichlorobenzene/pbe/9_constraint/scratch/pbe.ecut100.np8.dt60.pcl2phi-129368.save not guaranteed to be safe for post-processing

   Info: using nr1, nr2, nr3 values from input

   Info: using nr1, nr2, nr3 values from input

     IMPORTANT: XC functional enforced from input :
     Exchange-correlation      =  SLA  PW   PBX  PBC ( 1  4  3  4 0 0)
     Any further DFT definition will be discarded
     Please, verify this is what you really want

               file C.pbe-n-kjpaw_psl.1.0.0.UPF: wavefunction(s)  2S 2P renormalized
               file Cl.pbe-n-kjpaw_psl.1.0.0.UPF: wavefunction(s)  3S 3P renormalized
               file H.pbe-kjpaw_psl.1.0.0.UPF: wavefunction(s)  1S renormalized

     Parallelization info
     --------------------
     sticks:   dense  smooth     PW     G-vecs:    dense   smooth      PW
     Min        3057    1223    332               144436    36536    5170
     Max        3059    1225    333               144437    36537    5171
     Sum       24467    9791   2657              1155489   292295   41363


     Subspace diagonalization in iterative solution of the eigenvalue problem:
     a serial algorithm will be used

     GIPAW projectors -----------------------------------------------
     atom=  C    l=0  rc=    1.2000  rs=    0.8000
     atom=  C    l=0  rc=    1.2000  rs=    0.8000
     atom=  C    l=1  rc=    1.4000  rs=    0.9333
     atom=  C    l=1  rc=    1.4000  rs=    0.9333
     projs nearly linearly dependent: l=1  n1,n2= 1, 2  s=  0.99951561

     atom=  Cl   l=0  rc=    1.6000  rs=    1.0667
     atom=  Cl   l=0  rc=    1.6000  rs=    1.0667
     atom=  Cl   l=1  rc=    1.6000  rs=    1.0667
     atom=  Cl   l=1  rc=    1.6000  rs=    1.0667
     atom=  Cl   l=2  rc=    1.6000  rs=    1.0667
     atom=  Cl   l=2  rc=    1.6000  rs=    1.0667
     projs nearly linearly dependent: l=2  n1,n2= 1, 2  s=  0.99993509

     atom=  H    l=0  rc=    1.0000  rs=    0.6667
     atom=  H    l=0  rc=    1.0000  rs=    0.6667
     projs nearly linearly dependent: l=0  n1,n2= 1, 2  s=  0.99968852
     -----------------------------------------------------------------

     GIPAW integrals: -------------------------------------------
     Atom  i/j   nmr_para   nmr_dia   epr_rmc  epr_para   epr_dia
       C   1 1   0.83E+03  0.17E-01  0.93E+01  0.24E+08  0.24E+03
       C   2 1   0.86E+03 -0.61E-01  0.94E+01  0.25E+08  0.25E+03
       C   2 2   0.90E+03 -0.15E+00  0.97E+01  0.26E+08  0.26E+03
       C   3 3   0.33E+01  0.34E+00  0.18E+01  0.55E+03  0.21E+02
       C   4 3   0.35E+01  0.37E+00  0.20E+01  0.59E+03  0.22E+02
       C   4 4   0.38E+01  0.39E+00  0.22E+01  0.63E+03  0.24E+02
       Cl  1 1   0.14E+04 -0.47E+00  0.84E+01  0.32E+09  0.42E+03
       Cl  2 1   0.21E+04 -0.37E+00  0.12E+02  0.49E+09  0.65E+03
       Cl  2 2   0.33E+04 -0.16E+00  0.21E+02  0.76E+09  0.10E+04
       Cl  3 3   0.21E+02  0.79E-01  0.89E+01  0.23E+05  0.13E+03
       Cl  4 3   0.24E+02  0.67E-01  0.99E+01  0.27E+05  0.15E+03
       Cl  4 4   0.28E+02  0.44E-01  0.11E+02  0.32E+05  0.18E+03
       Cl  5 5   0.77E+00  0.19E+00  0.18E+01  0.12E+03  0.22E+02
       Cl  6 5   0.80E+00  0.19E+00  0.19E+01  0.12E+03  0.23E+02
       Cl  6 6   0.83E+00  0.20E+00  0.19E+01  0.12E+03  0.23E+02
       H   1 1   0.39E+02  0.19E+00  0.29E+00  0.78E+05  0.13E+02
       H   2 1   0.41E+02  0.21E+00  0.32E+00  0.82E+05  0.14E+02
       H   2 2   0.43E+02  0.22E+00  0.36E+00  0.86E+05  0.15E+02
     ------------------------------------------------------------

     alpha_pv=     34.1964 eV

     Number of occupied bands for each k-point:
     k-point:     1    nbnd_occ=  42
     k-point:     2    nbnd_occ=  42
     k-point:     3    nbnd_occ=  42
     k-point:     4    nbnd_occ=  42
     k-point:     5    nbnd_occ=  42
     k-point:     6    nbnd_occ=  42
     k-point:     7    nbnd_occ=  42
     k-point:     8    nbnd_occ=  42
     k-point:     9    nbnd_occ=  42
     k-point:    10    nbnd_occ=  42
     k-point:    11    nbnd_occ=  42
     k-point:    12    nbnd_occ=  42
     k-point:    13    nbnd_occ=  42
     k-point:    14    nbnd_occ=  42
     k-point:    15    nbnd_occ=  42
     k-point:    16    nbnd_occ=  42


     q-space interpolation up to   110.00 Rydberg

     GIPAW job: efg                                                                             


     ELECTRIC FIELD GRADIENTS TENSORS IN Hartree/bohrradius^2:

     ----- bare term -----
     Cl   1       -0.055103        0.029698       -0.045592
     Cl   1        0.029698       -0.032766       -0.003271
     Cl   1       -0.045592       -0.003271        0.087868

     C    2       -0.233347       -0.009791       -0.384034
     C    2       -0.009791       -0.062227       -0.474788
     C    2       -0.384034       -0.474788        0.295574

     C    3        0.093774        0.547931       -0.152847
     C    3        0.547931       -0.316392       -0.496187
     C    3       -0.152847       -0.496187        0.222617

     H    4        0.067566       -0.122470       -0.357898
     H    4       -0.122470        0.339576        0.198789
     H    4       -0.357898        0.198789       -0.407142

     C    5       -0.349347        0.286578       -0.520087
     C    5        0.286578        0.168122       -0.344074
     C    5       -0.520087       -0.344074        0.181225

     H    6        0.368085       -0.058928        0.313121
     H    6       -0.058928        0.044203       -0.286725
     H    6        0.313121       -0.286725       -0.412288

     H    7        0.480858        0.171881        0.017187
     H    7        0.171881       -0.649537        0.042296
     H    7        0.017187        0.042296        0.168679

     C    8       -0.560555       -0.190118       -0.393245
     C    8       -0.190118       -0.060168        0.311203
     C    8       -0.393245        0.311203        0.620723

     H    9       -0.452831        0.364997        0.104506
     H    9        0.364997        0.365458       -0.002576
     H    9        0.104506       -0.002576        0.087372

     C   10       -0.059949       -0.393136        0.013866
     C   10       -0.393136       -0.566171        0.468488
     C   10        0.013866        0.468488        0.626120

     C   11       -0.477797       -0.192820       -0.376606
     C   11       -0.192820        0.084213        0.270845
     C   11       -0.376606        0.270845        0.393583

     Cl  12       -0.034945        0.000932       -0.142689
     Cl  12        0.000932       -0.069498        0.086725
     Cl  12       -0.142689        0.086725        0.104444

     H   13        0.227757       -0.017256        0.375137
     H   13       -0.017256        0.159781       -0.248667
     H   13        0.375137       -0.248667       -0.387538

     C   14       -0.315685        0.230083       -0.285127
     C   14        0.230083        0.075349       -0.315263
     C   14       -0.285127       -0.315263        0.240336

     H   15        0.168955       -0.047468       -0.293634
     H   15       -0.047468        0.323537        0.179128
     H   15       -0.293634        0.179128       -0.492492

     C   16       -0.073490        0.185798       -0.154093
     C   16        0.185798       -0.078024       -0.277303
     C   16       -0.154093       -0.277303        0.151515

     C   17       -0.126742        0.095307       -0.323848
     C   17        0.095307       -0.352881       -0.500206
     C   17       -0.323848       -0.500206        0.479623

     Cl  18       -0.058759        0.068804       -0.104847
     Cl  18        0.068804        0.002047       -0.118906
     Cl  18       -0.104847       -0.118906        0.056713

     H   19       -0.022358        0.329784       -0.243080
     H   19        0.329784       -0.235580        0.443861
     H   19       -0.243080        0.443861        0.257938

     C   20       -0.111486       -0.466276       -0.234270
     C   20       -0.466276       -0.255870        0.415339
     C   20       -0.234270        0.415339        0.367356

     H   21       -0.645602        0.369488       -0.004224
     H   21        0.369488        0.361358        0.050466
     H   21       -0.004224        0.050466        0.284244

     C   22       -0.262960       -0.309700       -0.377063
     C   22       -0.309700       -0.062037        0.451908
     C   22       -0.377063        0.451908        0.324997

     C   23       -0.086952       -0.167566       -0.280397
     C   23       -0.167566       -0.145312        0.578667
     C   23       -0.280397        0.578667        0.232264

     Cl  24       -0.048252       -0.031767       -0.043269
     Cl  24       -0.031767        0.004339        0.056939
     Cl  24       -0.043269        0.056939        0.043913

     ----- ionic term -----
     Cl   1        0.143775       -0.228932        0.037585
     Cl   1       -0.228932        0.000858       -0.018235
     Cl   1        0.037585       -0.018235       -0.144633

     C    2        0.094336       -0.318605        0.352018
     C    2       -0.318605       -0.085531        0.400784
     C    2        0.352018        0.400784       -0.008805

     C    3        0.070722       -0.377035        0.182230
     C    3       -0.377035        0.029482        0.408581
     C    3        0.182230        0.408581       -0.100203

     H    4        0.414260        0.143452        0.767234
     H    4        0.143452       -0.518528        0.207457
     H    4        0.767234        0.207457        0.104269

     C    5        0.148145       -0.308727        0.339406
     C    5       -0.308727       -0.094121        0.287171
     C    5        0.339406        0.287171       -0.054024

     H    6       -0.539341       -0.008461        0.019222
     H    6       -0.008461        0.344303        0.792664
     H    6        0.019222        0.792664        0.195037

     H    7       -0.502529       -0.120212        0.060882
     H    7       -0.120212        0.825770       -0.583483
     H    7        0.060882       -0.583483       -0.323241

     C    8        0.316167        0.152164        0.179691
     C    8        0.152164        0.177158       -0.265509
     C    8        0.179691       -0.265509       -0.493325

     H    9        0.834388       -0.461364        0.334665
     H    9       -0.461364       -0.309824       -0.187005
     H    9        0.334665       -0.187005       -0.524564

     C   10        0.193998        0.248666        0.088102
     C   10        0.248666        0.292268       -0.341142
     C   10        0.088102       -0.341142       -0.486266

     C   11        0.277462        0.173024        0.135012
     C   11        0.173024        0.134336       -0.344292
     C   11        0.135012       -0.344292       -0.411797

     Cl  12        0.169813        0.192175       -0.017672
     Cl  12        0.192175       -0.032099       -0.012806
     Cl  12       -0.017672       -0.012806       -0.137714

     H   13       -0.501968       -0.183177       -0.133113
     H   13       -0.183177        0.367012        0.771177
     H   13       -0.133113        0.771177        0.134956

     C   14        0.179470       -0.319603        0.327387
     C   14       -0.319603       -0.119078        0.273210
     C   14        0.327387        0.273210       -0.060392

     H   15        0.290598        0.101249        0.811764
     H   15        0.101249       -0.538128        0.163954
     H   15        0.811764        0.163954        0.247530

     C   16        0.034532       -0.320974        0.222213
     C   16       -0.320974        0.008787        0.399045
     C   16        0.222213        0.399045       -0.043320

     C   17        0.022670       -0.306339        0.315064
     C   17       -0.306339       -0.028614        0.445344
     C   17        0.315064        0.445344        0.005944

     Cl  18        0.109972       -0.232612        0.007596
     Cl  18       -0.232612        0.023800       -0.001556
     Cl  18        0.007596       -0.001556       -0.133772

     H   19       -0.487725       -0.194397        0.142790
     H   19       -0.194397        0.511772       -0.741353
     H   19        0.142790       -0.741353       -0.024047

     C   20        0.333643        0.179597        0.196680
     C   20        0.179597        0.055237       -0.294350
     C   20        0.196680       -0.294350       -0.388880

     H   21        0.780635       -0.301518        0.549940
     H   21       -0.301518       -0.436921       -0.200015
     H   21        0.549940       -0.200015       -0.343714

     C   22        0.213045        0.232366        0.143330
     C   22        0.232366        0.214522       -0.378783
     C   22        0.143330       -0.378783       -0.427567

     C   23        0.245991        0.106559        0.177363
     C   23        0.106559        0.194734       -0.390455
     C   23        0.177363       -0.390455       -0.440725

     Cl  24        0.125113        0.214961       -0.003755
     Cl  24        0.214961        0.029230       -0.007822
     Cl  24       -0.003755       -0.007822       -0.154343

     ----- GIPAW term -----
     Cl   1        1.085695       -2.199454       -0.336449
     Cl   1       -2.199454       -0.112978       -0.032102
     Cl   1       -0.336449       -0.032102       -0.972718

     C    2        0.043733       -0.134287       -0.047196
     C    2       -0.134287       -0.011929       -0.061063
     C    2       -0.047196       -0.061063       -0.031805

     C    3        0.071918        0.207480       -0.116013
     C    3        0.207480       -0.038906       -0.136783
     C    3       -0.116013       -0.136783       -0.033011

     H    4       -0.000000        0.000000        0.000000
     H    4        0.000000        0.000000        0.000000
     H    4        0.000000        0.000000        0.000000

     C    5        0.035077        0.177447       -0.161337
     C    5        0.177447        0.021767       -0.112444
     C    5       -0.161337       -0.112444       -0.056843

     H    6       -0.000000        0.000000        0.000000
     H    6        0.000000        0.000000        0.000000
     H    6        0.000000        0.000000        0.000000

     H    7       -0.000000        0.000000        0.000000
     H    7        0.000000        0.000000        0.000000
     H    7        0.000000        0.000000        0.000000

     C    8       -0.158744       -0.029550       -0.081294
     C    8       -0.029550       -0.087608        0.084367
     C    8       -0.081294        0.084367        0.246352

     H    9       -0.000000        0.000000        0.000000
     H    9        0.000000        0.000000        0.000000
     H    9        0.000000        0.000000        0.000000

     C   10       -0.077519       -0.070230        0.087932
     C   10       -0.070230       -0.175451       -0.004594
     C   10        0.087932       -0.004594        0.252970

     C   11       -0.068445        0.101128       -0.076443
     C   11        0.101128        0.086141       -0.050488
     C   11       -0.076443       -0.050488       -0.017696

     Cl  12        0.939627        1.699339       -1.692180
     Cl  12        1.699339       -0.925256        0.776153
     Cl  12       -1.692180        0.776153       -0.014371

     H   13       -0.000000        0.000000        0.000000
     H   13        0.000000        0.000000        0.000000
     H   13        0.000000        0.000000        0.000000

     C   14       -0.080669        0.081877       -0.119222
     C   14        0.081877       -0.023498       -0.159422
     C   14       -0.119222       -0.159422        0.104167

     H   15       -0.000000        0.000000        0.000000
     H   15        0.000000        0.000000        0.000000
     H   15        0.000000        0.000000        0.000000

     C   16       -0.081342        0.029266       -0.064479
     C   16        0.029266       -0.024069       -0.112310
     C   16       -0.064479       -0.112310        0.105412

     C   17       -0.024797       -0.099716       -0.062476
     C   17       -0.099716       -0.127705       -0.102558
     C   17       -0.062476       -0.102558        0.152503

     Cl  18        0.812055       -1.571465       -0.813639
     Cl  18       -1.571465        0.201482       -1.083723
     Cl  18       -0.813639       -1.083723       -1.013537

     H   19       -0.000000        0.000000        0.000000
     H   19        0.000000        0.000000        0.000000
     H   19        0.000000        0.000000        0.000000

     C   20        0.092141       -0.191645       -0.067786
     C   20       -0.191645       -0.071324        0.115437
     C   20       -0.067786        0.115437       -0.020818

     H   21       -0.000000        0.000000        0.000000
     H   21        0.000000        0.000000        0.000000
     H   21        0.000000        0.000000        0.000000

     C   22       -0.034852       -0.139113       -0.160600
     C   22       -0.139113        0.032242        0.129412
     C   22       -0.160600        0.129412        0.002610

     C   23        0.075846        0.032976       -0.066577
     C   23        0.032976        0.014818        0.113138
     C   23       -0.066577        0.113138       -0.090665

     Cl  24        1.116048        2.095311       -0.370860
     Cl  24        2.095311        0.109104        0.442845
     Cl  24       -0.370860        0.442845       -1.225152

     ----- total EFG -----
     Cl   1        1.174368       -2.398688       -0.344457
     Cl   1       -2.398688       -0.144885       -0.053608
     Cl   1       -0.344457       -0.053608       -1.029482

     C    2       -0.095278       -0.462683       -0.079213
     C    2       -0.462683       -0.159686       -0.135067
     C    2       -0.079213       -0.135067        0.254964

     C    3        0.236414        0.378377       -0.086630
     C    3        0.378377       -0.325816       -0.224389
     C    3       -0.086630       -0.224389        0.089402

     H    4        0.481826        0.020982        0.409336
     H    4        0.020982       -0.178952        0.406246
     H    4        0.409336        0.406246       -0.302874

     C    5       -0.166125        0.155299       -0.342018
     C    5        0.155299        0.095767       -0.169346
     C    5       -0.342018       -0.169346        0.070358

     H    6       -0.171256       -0.067389        0.332343
     H    6       -0.067389        0.388506        0.505940
     H    6        0.332343        0.505940       -0.217250

     H    7       -0.021671        0.051670        0.078069
     H    7        0.051670        0.176233       -0.541187
     H    7        0.078069       -0.541187       -0.154561

     C    8       -0.403133       -0.067505       -0.294848
     C    8       -0.067505        0.029382        0.130061
     C    8       -0.294848        0.130061        0.373751

     H    9        0.381558       -0.096366        0.439171
     H    9       -0.096366        0.055634       -0.189581
     H    9        0.439171       -0.189581       -0.437192

     C   10        0.056529       -0.214699        0.189900
     C   10       -0.214699       -0.449354        0.122752
     C   10        0.189900        0.122752        0.392824

     C   11       -0.268780        0.081332       -0.318036
     C   11        0.081332        0.304690       -0.123935
     C   11       -0.318036       -0.123935       -0.035910

     Cl  12        1.074495        1.892445       -1.852541
     Cl  12        1.892445       -1.026854        0.850072
     Cl  12       -1.852541        0.850072       -0.047641

     H   13       -0.274212       -0.200433        0.242024
     H   13       -0.200433        0.526793        0.522510
     H   13        0.242024        0.522510       -0.252581

     C   14       -0.216884       -0.007643       -0.076962
     C   14       -0.007643       -0.067227       -0.201475
     C   14       -0.076962       -0.201475        0.284111

     H   15        0.459553        0.053780        0.518130
     H   15        0.053780       -0.214591        0.343082
     H   15        0.518130        0.343082       -0.244962

     C   16       -0.120300       -0.105910        0.003641
     C   16       -0.105910       -0.093307        0.009432
     C   16        0.003641        0.009432        0.213607

     C   17       -0.128870       -0.310747       -0.071261
     C   17       -0.310747       -0.509201       -0.157419
     C   17       -0.071261       -0.157419        0.638070

     Cl  18        0.863269       -1.735274       -0.910890
     Cl  18       -1.735274        0.227328       -1.204185
     Cl  18       -0.910890       -1.204185       -1.090597

     H   19       -0.510083        0.135388       -0.100290
     H   19        0.135388        0.276192       -0.297492
     H   19       -0.100290       -0.297492        0.233891

     C   20        0.314299       -0.478324       -0.105377
     C   20       -0.478324       -0.271956        0.236426
     C   20       -0.105377        0.236426       -0.042342

     H   21        0.135033        0.067971        0.545716
     H   21        0.067971       -0.075563       -0.149549
     H   21        0.545716       -0.149549       -0.059470

     C   22       -0.084767       -0.216447       -0.394333
     C   22       -0.216447        0.184727        0.202536
     C   22       -0.394333        0.202536       -0.099960

     C   23        0.234885       -0.028031       -0.169611
     C   23       -0.028031        0.064240        0.301350
     C   23       -0.169611        0.301350       -0.299125

     Cl  24        1.192908        2.278505       -0.417884
     Cl  24        2.278505        0.142674        0.491962
     Cl  24       -0.417884        0.491962       -1.335582

     ----- total EFG (symmetrized) -----
     Cl   1        1.174368       -2.398688       -0.344457
     Cl   1       -2.398688       -0.144885       -0.053608
     Cl   1       -0.344457       -0.053608       -1.029482

     C    2       -0.095278       -0.462683       -0.079213
     C    2       -0.462683       -0.159686       -0.135067
     C    2       -0.079213       -0.135067        0.254964

     C    3        0.236414        0.378377       -0.086630
     C    3        0.378377       -0.325816       -0.224389
     C    3       -0.086630       -0.224389        0.089402

     H    4        0.481826        0.020982        0.409336
     H    4        0.020982       -0.178952        0.406246
     H    4        0.409336        0.406246       -0.302874

     C    5       -0.166125        0.155299       -0.342018
     C    5        0.155299        0.095767       -0.169346
     C    5       -0.342018       -0.169346        0.070358

     H    6       -0.171256       -0.067389        0.332343
     H    6       -0.067389        0.388506        0.505940
     H    6        0.332343        0.505940       -0.217250

     H    7       -0.021671        0.051670        0.078069
     H    7        0.051670        0.176233       -0.541187
     H    7        0.078069       -0.541187       -0.154561

     C    8       -0.403133       -0.067505       -0.294848
     C    8       -0.067505        0.029382        0.130061
     C    8       -0.294848        0.130061        0.373751

     H    9        0.381558       -0.096366        0.439171
     H    9       -0.096366        0.055634       -0.189581
     H    9        0.439171       -0.189581       -0.437192

     C   10        0.056529       -0.214699        0.189900
     C   10       -0.214699       -0.449354        0.122752
     C   10        0.189900        0.122752        0.392824

     C   11       -0.268780        0.081332       -0.318036
     C   11        0.081332        0.304690       -0.123935
     C   11       -0.318036       -0.123935       -0.035910

     Cl  12        1.074495        1.892445       -1.852541
     Cl  12        1.892445       -1.026854        0.850072
     Cl  12       -1.852541        0.850072       -0.047641

     H   13       -0.274212       -0.200433        0.242024
     H   13       -0.200433        0.526793        0.522510
     H   13        0.242024        0.522510       -0.252581

     C   14       -0.216884       -0.007643       -0.076962
     C   14       -0.007643       -0.067227       -0.201475
     C   14       -0.076962       -0.201475        0.284111

     H   15        0.459553        0.053780        0.518130
     H   15        0.053780       -0.214591        0.343082
     H   15        0.518130        0.343082       -0.244962

     C   16       -0.120300       -0.105910        0.003641
     C   16       -0.105910       -0.093307        0.009432
     C   16        0.003641        0.009432        0.213607

     C   17       -0.128870       -0.310747       -0.071261
     C   17       -0.310747       -0.509201       -0.157419
     C   17       -0.071261       -0.157419        0.638070

     Cl  18        0.863269       -1.735274       -0.910890
     Cl  18       -1.735274        0.227328       -1.204185
     Cl  18       -0.910890       -1.204185       -1.090597

     H   19       -0.510083        0.135388       -0.100290
     H   19        0.135388        0.276192       -0.297492
     H   19       -0.100290       -0.297492        0.233891

     C   20        0.314299       -0.478324       -0.105377
     C   20       -0.478324       -0.271956        0.236426
     C   20       -0.105377        0.236426       -0.042342

     H   21        0.135033        0.067971        0.545716
     H   21        0.067971       -0.075563       -0.149549
     H   21        0.545716       -0.149549       -0.059470

     C   22       -0.084767       -0.216447       -0.394333
     C   22       -0.216447        0.184727        0.202536
     C   22       -0.394333        0.202536       -0.099960

     C   23        0.234885       -0.028031       -0.169611
     C   23       -0.028031        0.064240        0.301350
     C   23       -0.169611        0.301350       -0.299125

     Cl  24        1.192908        2.278505       -0.417884
     Cl  24        2.278505        0.142674        0.491962
     Cl  24       -0.417884        0.491962       -1.335582


     NQR/NMR SPECTROSCOPIC PARAMETERS:
     Cl   1    Vxx=   -0.9804    axis=(  0.101929  0.230531 -0.967712)
     Cl   1    Vyy=   -2.0365    axis=(  0.596991  0.763963  0.244874)
     Cl   1    Vzz=    3.0169    axis=(  0.795747 -0.602675 -0.059755)
     Cl   1  Q=        -8.1650 1e-30 m^2  Cq=       -57.8782 MHz  eta= 0.35005

     C    2    Vxx=    0.2657    axis=( -0.422667  0.177562  0.888721)
     C    2    Vyy=    0.3524    axis=(  0.613200 -0.666042  0.424704)
     C    2    Vzz=   -0.6181    axis=(  0.667337  0.724472  0.172633)
     C    2  Q=         1.0000 1e-30 m^2  Cq=        -1.4522 MHz  eta= 0.14038

     C    3    Vxx=    0.0509    axis=(  0.482743 -0.036321  0.875008)
     C    3    Vyy=    0.5075    axis=( -0.782584 -0.466361  0.412395)
     C    3    Vzz=   -0.5585    axis=(  0.393091 -0.883849 -0.253557)
     C    3  Q=         1.0000 1e-30 m^2  Cq=        -1.3122 MHz  eta= 0.81763

     H    4    Vxx=    0.0320    axis=(  0.431123 -0.791488 -0.433220)
     H    4    Vyy=    0.6983    axis=( -0.865615 -0.227305 -0.446142)
     H    4    Vzz=   -0.7303    axis=(  0.254643  0.567344 -0.783120)
     H    4  Q=         1.0000 1e-30 m^2  Cq=        -1.7159 MHz  eta= 0.91242

     C    5    Vxx=   -0.0463    axis=( -0.256239  0.843198  0.472608)
     C    5    Vyy=   -0.4116    axis=( -0.824392  0.064650 -0.562315)
     C    5    Vzz=    0.4579    axis=( -0.504697 -0.533701  0.678560)
     C    5  Q=         1.0000 1e-30 m^2  Cq=         1.0760 MHz  eta= 0.79760

     H    6    Vxx=    0.0130    axis=(  0.840968 -0.374836  0.390220)
     H    6    Vyy=    0.6896    axis=( -0.134701 -0.843506 -0.519955)
     H    6    Vzz=   -0.7026    axis=(  0.524051  0.384702 -0.759852)
     H    6  Q=         1.0000 1e-30 m^2  Cq=        -1.6509 MHz  eta= 0.96302

     H    7    Vxx=   -0.0058    axis=(  0.985787  0.106488  0.129936)
     H    7    Vyy=   -0.5710    axis=(  0.167792 -0.585853 -0.792857)
     H    7    Vzz=    0.5768    axis=( -0.008307  0.803390 -0.595395)
     H    7  Q=         1.0000 1e-30 m^2  Cq=         1.3552 MHz  eta= 0.97989

     C    8    Vxx=   -0.0128    axis=(  0.049346  0.957397 -0.284529)
     C    8    Vyy=   -0.5034    axis=( -0.948910 -0.043954 -0.312469)
     C    8    Vzz=    0.5161    axis=( -0.311663  0.285411  0.906315)
     C    8  Q=         1.0000 1e-30 m^2  Cq=         1.2126 MHz  eta= 0.95059

     H    9    Vxx=    0.0335    axis=(  0.338530  0.938891 -0.062302)
     H    9    Vyy=    0.6214    axis=(  0.866189 -0.285082  0.410419)
     H    9    Vzz=   -0.6548    axis=(  0.367578 -0.192905 -0.909766)
     H    9  Q=         1.0000 1e-30 m^2  Cq=        -1.5386 MHz  eta= 0.89778

     C   10    Vxx=    0.0843    axis=(  0.838476 -0.417818 -0.349836)
     C   10    Vyy=    0.4790    axis=(  0.397329  0.029388  0.917206)
     C   10    Vzz=   -0.5633    axis=( -0.372944 -0.908055  0.190652)
     C   10  Q=         1.0000 1e-30 m^2  Cq=        -1.3235 MHz  eta= 0.70075

     C   11    Vxx=    0.0860    axis=(  0.477689 -0.560809 -0.676245)
     C   11    Vyy=    0.4051    axis=( -0.317968 -0.827926  0.461990)
     C   11    Vzz=   -0.4910    axis=(  0.818969  0.005663  0.573810)
     C   11  Q=         1.0000 1e-30 m^2  Cq=        -1.1538 MHz  eta= 0.64986

     Cl  12    Vxx=    0.3427    axis=(  0.148835  0.661752  0.734801)
     Cl  12    Vyy=    2.7873    axis=( -0.835191 -0.313721  0.451703)
     Cl  12    Vzz=   -3.1300    axis=( -0.529438  0.680928 -0.505996)
     Cl  12  Q=        -8.1650 1e-30 m^2  Cq=        60.0467 MHz  eta= 0.78103

     H   13    Vxx=   -0.0694    axis=(  0.822083 -0.193050  0.535641)
     H   13    Vyy=   -0.7245    axis=(  0.564963  0.393373 -0.725310)
     H   13    Vzz=    0.7939    axis=( -0.070685  0.898882  0.432452)
     H   13  Q=         1.0000 1e-30 m^2  Cq=         1.8654 MHz  eta= 0.82505

     C   14    Vxx=   -0.1410    axis=( -0.416811  0.848308  0.326560)
     C   14    Vyy=   -0.2422    axis=(  0.902155  0.342077  0.262867)
     C   14    Vzz=    0.3832    axis=( -0.111284 -0.404174  0.907887)
     C   14  Q=         1.0000 1e-30 m^2  Cq=         0.9005 MHz  eta= 0.26401

     H   15    Vxx=   -0.0880    axis=(  0.431896 -0.822051 -0.371077)
     H   15    Vyy=   -0.6921    axis=(  0.328248  0.526478 -0.784267)
     H   15    Vzz=    0.7801    axis=(  0.840071  0.216916  0.497220)
     H   15  Q=         1.0000 1e-30 m^2  Cq=         1.8329 MHz  eta= 0.77445

     C   16    Vxx=   -0.0001    axis=(  0.661434 -0.749686  0.021813)
     C   16    Vyy=   -0.2138    axis=(  0.750003  0.661102 -0.020980)
     C   16    Vzz=    0.2139    axis=(  0.001308  0.030237  0.999542)
     C   16  Q=         1.0000 1e-30 m^2  Cq=         0.5026 MHz  eta= 0.99870

     C   17    Vxx=    0.0449    axis=(  0.874793 -0.483934 -0.023338)
     C   17    Vyy=    0.6605    axis=(  0.041302  0.122481 -0.991611)
     C   17    Vzz=   -0.7054    axis=(  0.482733  0.866491  0.127133)
     C   17  Q=         1.0000 1e-30 m^2  Cq=        -1.6575 MHz  eta= 0.87260

     Cl  18    Vxx=    0.3535    axis=( -0.463202 -0.514771  0.721426)
     Cl  18    Vyy=    2.3113    axis=( -0.760829  0.648438 -0.025811)
     Cl  18    Vzz=   -2.6648    axis=( -0.454513 -0.560838 -0.692011)
     Cl  18  Q=        -8.1650 1e-30 m^2  Cq=        51.1228 MHz  eta= 0.73469

     H   19    Vxx=   -0.0425    axis=(  0.036679  0.673536  0.738244)
     H   19    Vyy=   -0.5365    axis=( -0.987697  0.136810 -0.075746)
     H   19    Vzz=    0.5790    axis=( -0.152017 -0.726383  0.670267)
     H   19  Q=         1.0000 1e-30 m^2  Cq=         1.3605 MHz  eta= 0.85318

     C   20    Vxx=   -0.0595    axis=(  0.399861  0.112096  0.909695)
     C   20    Vyy=   -0.5870    axis=(  0.421683  0.858723 -0.291168)
     C   20    Vzz=    0.6465    axis=( -0.813814  0.500030  0.296101)
     C   20  Q=         1.0000 1e-30 m^2  Cq=         1.5191 MHz  eta= 0.81586

     H   21    Vxx=   -0.0274    axis=(  0.248849  0.949255 -0.192324)
     H   21    Vyy=   -0.5676    axis=( -0.602087  0.307155  0.736985)
     H   21    Vzz=    0.5951    axis=(  0.758660 -0.067602  0.647970)
     H   21  Q=         1.0000 1e-30 m^2  Cq=         1.3982 MHz  eta= 0.90776

     C   22    Vxx=   -0.0586    axis=(  0.444334  0.772592 -0.453507)
     C   22    Vyy=   -0.4869    axis=( -0.703544 -0.012462 -0.710543)
     C   22    Vzz=    0.5455    axis=( -0.554611  0.634780  0.538015)
     C   22  Q=         1.0000 1e-30 m^2  Cq=         1.2817 MHz  eta= 0.78499

     C   23    Vxx=    0.1405    axis=(  0.650122  0.720019  0.242721)
     C   23    Vyy=    0.3539    axis=( -0.737113  0.520117  0.431442)
     C   23    Vzz=   -0.4945    axis=(  0.184404 -0.459403  0.868875)
     C   23  Q=         1.0000 1e-30 m^2  Cq=        -1.1618 MHz  eta= 0.43163

     Cl  24    Vxx=   -0.8366    axis=( -0.377687  0.481461  0.790916)
     Cl  24    Vyy=   -2.1696    axis=( -0.494394  0.617371 -0.611905)
     Cl  24    Vzz=    3.0061    axis=( -0.782897 -0.622132  0.004859)
     Cl  24  Q=        -8.1650 1e-30 m^2  Cq=       -57.6710 MHz  eta= 0.44343

     Initialization:
     gipaw_setup  :      9.26s CPU     10.65s WALL (       1 calls)

     Linear response

     Apply operators

     Induced current

     Other routines
     efg          :      9.14s CPU     11.49s WALL (       1 calls)

     General routines
     calbec       :      3.29s CPU      4.31s WALL (      16 calls)
     fft          :      1.29s CPU      1.56s WALL (      15 calls)
     ffts         :      0.04s CPU      0.06s WALL (       2 calls)
     fftw         :      3.19s CPU      3.79s WALL (     672 calls)
     davcio       :      0.02s CPU      0.32s WALL (      32 calls)

     Parallel routines
     fft_scatter  :      1.86s CPU      2.64s WALL (     689 calls)

     Plugins

     GIPAW        :     59.91s CPU     71.22s WALL (       1 calls)
