
     Program QE v.6.0 (svn rev. 13079) starts on 10Jan2017 at  4: 9:51 

     This program is part of the open-source Quantum ESPRESSO suite
     for quantum simulation of materials; please cite
         "P. Giannozzi et al., J. Phys.:Condens. Matter 21 395502 (2009);
          URL http://www.quantum-espresso.org", 
     in publications or presentations arising from this work. More details at
     http://www.quantum-espresso.org/quote

     Parallel version (MPI), running on     8 processors
     R & G space division:  proc/nbgrp/npool/nimage =       8

     ***** This is GIPAW svn revision unknown      *****

     Parallelizing q-star over 1 images

     Reading data from directory:
     /users/majewski/paradichlorobenzene/pbe/9_constraint/scratch/pbe.ecut100.np8.dt60.pcl2phi-129368.save
     Message from routine read_xml_file:
     file /users/majewski/paradichlorobenzene/pbe/9_constraint/scratch/pbe.ecut100.np8.dt60.pcl2phi-129368.save not guaranteed to be safe for post-processing

   Info: using nr1, nr2, nr3 values from input

   Info: using nr1, nr2, nr3 values from input

     IMPORTANT: XC functional enforced from input :
     Exchange-correlation      =  SLA  PW   PBX  PBC ( 1  4  3  4 0 0)
     Any further DFT definition will be discarded
     Please, verify this is what you really want

               file C.pbe-n-kjpaw_psl.1.0.0.UPF: wavefunction(s)  2S 2P renormalized
               file Cl.pbe-n-kjpaw_psl.1.0.0.UPF: wavefunction(s)  3S 3P renormalized
               file H.pbe-kjpaw_psl.1.0.0.UPF: wavefunction(s)  1S renormalized

     Parallelization info
     --------------------
     sticks:   dense  smooth     PW     G-vecs:    dense   smooth      PW
     Min        3057    1223    332               144436    36536    5170
     Max        3059    1225    333               144437    36537    5171
     Sum       24467    9791   2657              1155489   292295   41363


     Subspace diagonalization in iterative solution of the eigenvalue problem:
     a serial algorithm will be used

     GIPAW projectors -----------------------------------------------
     atom=  C    l=0  rc=    1.2000  rs=    0.8000
     atom=  C    l=0  rc=    1.2000  rs=    0.8000
     atom=  C    l=1  rc=    1.4000  rs=    0.9333
     atom=  C    l=1  rc=    1.4000  rs=    0.9333
     projs nearly linearly dependent: l=1  n1,n2= 1, 2  s=  0.99951561

     atom=  Cl   l=0  rc=    1.6000  rs=    1.0667
     atom=  Cl   l=0  rc=    1.6000  rs=    1.0667
     atom=  Cl   l=1  rc=    1.6000  rs=    1.0667
     atom=  Cl   l=1  rc=    1.6000  rs=    1.0667
     atom=  Cl   l=2  rc=    1.6000  rs=    1.0667
     atom=  Cl   l=2  rc=    1.6000  rs=    1.0667
     projs nearly linearly dependent: l=2  n1,n2= 1, 2  s=  0.99993509

     atom=  H    l=0  rc=    1.0000  rs=    0.6667
     atom=  H    l=0  rc=    1.0000  rs=    0.6667
     projs nearly linearly dependent: l=0  n1,n2= 1, 2  s=  0.99968852
     -----------------------------------------------------------------

     GIPAW integrals: -------------------------------------------
     Atom  i/j   nmr_para   nmr_dia   epr_rmc  epr_para   epr_dia
       C   1 1   0.83E+03  0.17E-01  0.93E+01  0.24E+08  0.24E+03
       C   2 1   0.86E+03 -0.61E-01  0.94E+01  0.25E+08  0.25E+03
       C   2 2   0.90E+03 -0.15E+00  0.97E+01  0.26E+08  0.26E+03
       C   3 3   0.33E+01  0.34E+00  0.18E+01  0.55E+03  0.21E+02
       C   4 3   0.35E+01  0.37E+00  0.20E+01  0.59E+03  0.22E+02
       C   4 4   0.38E+01  0.39E+00  0.22E+01  0.63E+03  0.24E+02
       Cl  1 1   0.14E+04 -0.47E+00  0.84E+01  0.32E+09  0.42E+03
       Cl  2 1   0.21E+04 -0.37E+00  0.12E+02  0.49E+09  0.65E+03
       Cl  2 2   0.33E+04 -0.16E+00  0.21E+02  0.76E+09  0.10E+04
       Cl  3 3   0.21E+02  0.79E-01  0.89E+01  0.23E+05  0.13E+03
       Cl  4 3   0.24E+02  0.67E-01  0.99E+01  0.27E+05  0.15E+03
       Cl  4 4   0.28E+02  0.44E-01  0.11E+02  0.32E+05  0.18E+03
       Cl  5 5   0.77E+00  0.19E+00  0.18E+01  0.12E+03  0.22E+02
       Cl  6 5   0.80E+00  0.19E+00  0.19E+01  0.12E+03  0.23E+02
       Cl  6 6   0.83E+00  0.20E+00  0.19E+01  0.12E+03  0.23E+02
       H   1 1   0.39E+02  0.19E+00  0.29E+00  0.78E+05  0.13E+02
       H   2 1   0.41E+02  0.21E+00  0.32E+00  0.82E+05  0.14E+02
       H   2 2   0.43E+02  0.22E+00  0.36E+00  0.86E+05  0.15E+02
     ------------------------------------------------------------

     alpha_pv=     33.7669 eV

     Number of occupied bands for each k-point:
     k-point:     1    nbnd_occ=  42
     k-point:     2    nbnd_occ=  42
     k-point:     3    nbnd_occ=  42
     k-point:     4    nbnd_occ=  42
     k-point:     5    nbnd_occ=  42
     k-point:     6    nbnd_occ=  42
     k-point:     7    nbnd_occ=  42
     k-point:     8    nbnd_occ=  42
     k-point:     9    nbnd_occ=  42
     k-point:    10    nbnd_occ=  42
     k-point:    11    nbnd_occ=  42
     k-point:    12    nbnd_occ=  42
     k-point:    13    nbnd_occ=  42
     k-point:    14    nbnd_occ=  42
     k-point:    15    nbnd_occ=  42
     k-point:    16    nbnd_occ=  42


     q-space interpolation up to   110.00 Rydberg

     GIPAW job: efg                                                                             


     ELECTRIC FIELD GRADIENTS TENSORS IN Hartree/bohrradius^2:

     ----- bare term -----
     Cl   1       -0.067028        0.164019        0.115951
     Cl   1        0.164019       -0.020417        0.129092
     Cl   1        0.115951        0.129092        0.087445

     C    2       -0.416792        0.083213       -0.360565
     C    2        0.083213       -0.017030       -0.354144
     C    2       -0.360565       -0.354144        0.433821

     C    3       -0.102628        0.198864       -0.226836
     C    3        0.198864       -0.110075       -0.666922
     C    3       -0.226836       -0.666922        0.212703

     H    4       -0.002031        0.041290       -0.522215
     H    4        0.041290        0.117084        0.226394
     H    4       -0.522215        0.226394       -0.115054

     C    5       -0.363243        0.310871       -0.191327
     C    5        0.310871       -0.144220       -0.447872
     C    5       -0.191327       -0.447872        0.507462

     H    6        0.524949       -0.016196       -0.097473
     H    6       -0.016196        0.018613       -0.298257
     H    6       -0.097473       -0.298257       -0.543562

     H    7        0.477247        0.043912        0.198000
     H    7        0.043912        0.048371        0.182708
     H    7        0.198000        0.182708       -0.525618

     C    8       -0.666299       -0.396216       -0.387581
     C    8       -0.396216        0.397328        0.277801
     C    8       -0.387581        0.277801        0.268971

     H    9        0.084480        0.065407       -0.420320
     H    9        0.065407        0.249825       -0.248079
     H    9       -0.420320       -0.248079       -0.334305

     C   10        0.056887       -0.317082       -0.116393
     C   10       -0.317082       -0.111287        0.575870
     C   10       -0.116393        0.575870        0.054400

     C   11       -0.528290       -0.258547       -0.390487
     C   11       -0.258547        0.217617        0.208591
     C   11       -0.390487        0.208591        0.310674

     Cl  12        0.054636        0.116563       -0.029258
     Cl  12        0.116563        0.016767       -0.000807
     Cl  12       -0.029258       -0.000807       -0.071403

     H   13        0.360627       -0.017143       -0.358975
     H   13       -0.017143       -0.007466       -0.354447
     H   13       -0.358975       -0.354447       -0.353162

     C   14       -0.384976        0.315081       -0.145735
     C   14        0.315081       -0.122724       -0.462387
     C   14       -0.145735       -0.462387        0.507700

     H   15       -0.139603        0.048542       -0.554883
     H   15        0.048542        0.108781        0.117056
     H   15       -0.554883        0.117056        0.030822

     C   16       -0.055897        0.284823       -0.198278
     C   16        0.284823       -0.105175       -0.632668
     C   16       -0.198278       -0.632668        0.161072

     C   17       -0.266393        0.242398       -0.502970
     C   17        0.242398        0.145237       -0.352792
     C   17       -0.502970       -0.352792        0.121156

     Cl  18        0.008397        0.085614       -0.016824
     Cl  18        0.085614        0.020459        0.008759
     Cl  18       -0.016824        0.008759       -0.028856

     H   19        0.346673        0.011558        0.262603
     H   19        0.011558        0.153906        0.228622
     H   19        0.262603        0.228622       -0.500578

     C   20       -0.164818       -0.127570       -0.248391
     C   20       -0.127570       -0.180023        0.306367
     C   20       -0.248391        0.306367        0.344841

     H   21        0.081489        0.075854       -0.425092
     H   21        0.075854        0.394098       -0.149751
     H   21       -0.425092       -0.149751       -0.475587

     C   22       -0.210616       -0.327804       -0.290923
     C   22       -0.327804       -0.163564        0.292388
     C   22       -0.290923        0.292388        0.374181

     C   23       -0.044789       -0.015868       -0.296441
     C   23       -0.015868       -0.211229        0.511400
     C   23       -0.296441        0.511400        0.256017

     Cl  24       -0.053526       -0.012439       -0.047385
     Cl  24       -0.012439       -0.037838        0.026161
     Cl  24       -0.047385        0.026161        0.091365

     ----- ionic term -----
     Cl   1        0.079831       -0.231887       -0.010450
     Cl   1       -0.231887        0.068997        0.019223
     Cl   1       -0.010450        0.019223       -0.148828

     C    2        0.115451       -0.273755        0.251912
     C    2       -0.273755        0.048553        0.417812
     C    2        0.251912        0.417812       -0.164004

     C    3        0.046128       -0.289717        0.196210
     C    3       -0.289717        0.077820        0.400514
     C    3        0.196210        0.400514       -0.123949

     H    4        0.483310        0.114858        0.767939
     H    4        0.114858       -0.529747        0.160170
     H    4        0.767939        0.160170        0.046438

     C    5        0.158512       -0.260995        0.339745
     C    5       -0.260995       -0.054848        0.293844
     C    5        0.339745        0.293844       -0.103664

     H    6       -0.549989        0.055542        0.078880
     H    6        0.055542        0.337371        0.813729
     H    6        0.078880        0.813729        0.212618

     H    7       -0.530642        0.026413       -0.001758
     H    7        0.026413        0.252660       -0.792299
     H    7       -0.001758       -0.792299        0.277982

     C    8        0.201995        0.281462        0.324932
     C    8        0.281462       -0.094809       -0.283837
     C    8        0.324932       -0.283837       -0.107186

     H    9        0.429734       -0.208207        0.754978
     H    9       -0.208207       -0.485835       -0.240737
     H    9        0.754978       -0.240737        0.056101

     C   10        0.087435        0.321294        0.207283
     C   10        0.321294        0.026668       -0.382166
     C   10        0.207283       -0.382166       -0.114103

     C   11        0.126813        0.279561        0.333232
     C   11        0.279561       -0.116416       -0.369042
     C   11        0.333232       -0.369042       -0.010397

     Cl  12        0.160890        0.209250        0.027153
     Cl  12        0.209250       -0.035798        0.009740
     Cl  12        0.027153        0.009740       -0.125093

     H   13       -0.479333        0.234695        0.178731
     H   13        0.234695        0.494488        0.751501
     H   13        0.178731        0.751501       -0.015155

     C   14        0.211686       -0.210703        0.298440
     C   14       -0.210703        0.036201        0.292462
     C   14        0.298440        0.292462       -0.247887

     H   15        0.678785        0.243432        0.659706
     H   15        0.243432       -0.461333        0.203060
     H   15        0.659706        0.203060       -0.217452

     C   16        0.094491       -0.243030        0.192998
     C   16       -0.243030        0.155853        0.394959
     C   16        0.192998        0.394959       -0.250344

     C   17        0.071963       -0.209390        0.369470
     C   17       -0.209390        0.041058        0.371610
     C   17        0.369470        0.371610       -0.113021

     Cl  18        0.072796       -0.192403        0.009275
     Cl  18       -0.192403        0.048860        0.002739
     Cl  18        0.009275        0.002739       -0.121656

     H   19       -0.530893        0.093281       -0.096477
     H   19        0.093281        0.240326       -0.787082
     H   19       -0.096477       -0.787082        0.290568

     C   20        0.158956        0.327043        0.270047
     C   20        0.327043       -0.125180       -0.290308
     C   20        0.270047       -0.290308       -0.033776

     H   21        0.581099       -0.146130        0.748949
     H   21       -0.146130       -0.533204       -0.184505
     H   21        0.748949       -0.184505       -0.047895

     C   22        0.113096        0.353743        0.154935
     C   22        0.353743       -0.000687       -0.418619
     C   22        0.154935       -0.418619       -0.112409

     C   23        0.092798        0.278138        0.292380
     C   23        0.278138       -0.052832       -0.419544
     C   23        0.292380       -0.419544       -0.039966

     Cl  24        0.103130        0.201860        0.023260
     Cl  24        0.201860        0.022797        0.006447
     Cl  24        0.023260        0.006447       -0.125927

     ----- GIPAW term -----
     Cl   1        0.673168       -0.396159        1.383574
     Cl   1       -0.396159       -0.071546        1.550882
     Cl   1        1.383574        1.550882       -0.601622

     C    2       -0.051469       -0.109659       -0.057268
     C    2       -0.109659       -0.019570        0.008380
     C    2       -0.057268        0.008380        0.071039

     C    3       -0.112321        0.029425       -0.052413
     C    3        0.029425        0.130579       -0.205091
     C    3       -0.052413       -0.205091       -0.018258

     H    4       -0.000000        0.000000        0.000000
     H    4        0.000000        0.000000        0.000000
     H    4        0.000000        0.000000        0.000000

     C    5       -0.092833        0.037298        0.013235
     C    5        0.037298       -0.078237       -0.153425
     C    5        0.013235       -0.153425        0.171070

     H    6       -0.000000        0.000000        0.000000
     H    6        0.000000        0.000000        0.000000
     H    6        0.000000        0.000000        0.000000

     H    7       -0.000000        0.000000        0.000000
     H    7        0.000000        0.000000        0.000000
     H    7        0.000000        0.000000        0.000000

     C    8       -0.171242       -0.153426       -0.080002
     C    8       -0.153426        0.228100        0.117821
     C    8       -0.080002        0.117821       -0.056858

     H    9       -0.000000        0.000000        0.000000
     H    9        0.000000        0.000000        0.000000
     H    9        0.000000        0.000000        0.000000

     C   10       -0.068217       -0.119451       -0.049826
     C   10       -0.119451        0.139638        0.171294
     C   10       -0.049826        0.171294       -0.071421

     C   11       -0.091570       -0.002401       -0.033368
     C   11       -0.002401        0.174168       -0.077438
     C   11       -0.033368       -0.077438       -0.082598

     Cl  12        1.715636        2.917110       -0.213980
     Cl  12        2.917110        0.202281        0.017257
     Cl  12       -0.213980        0.017257       -1.917917

     H   13       -0.000000        0.000000        0.000000
     H   13        0.000000        0.000000        0.000000
     H   13        0.000000        0.000000        0.000000

     C   14       -0.139410        0.035610        0.011178
     C   14        0.035610       -0.079932       -0.201624
     C   14        0.011178       -0.201624        0.219343

     H   15       -0.000000        0.000000        0.000000
     H   15        0.000000        0.000000        0.000000
     H   15        0.000000        0.000000        0.000000

     C   16       -0.106809        0.094305       -0.075602
     C   16        0.094305        0.112854       -0.230773
     C   16       -0.075602       -0.230773       -0.006045

     C   17        0.049236        0.100215       -0.098960
     C   17        0.100215        0.123819       -0.061033
     C   17       -0.098960       -0.061033       -0.173055

     Cl  18        0.473537        0.489213       -0.086534
     Cl  18        0.489213        2.132034       -0.014338
     Cl  18       -0.086534       -0.014338       -2.605571

     H   19       -0.000000        0.000000        0.000000
     H   19        0.000000        0.000000        0.000000
     H   19        0.000000        0.000000        0.000000

     C   20       -0.070466       -0.016704       -0.120126
     C   20       -0.016704       -0.151682        0.077448
     C   20       -0.120126        0.077448        0.222149

     H   21       -0.000000        0.000000        0.000000
     H   21        0.000000        0.000000        0.000000
     H   21        0.000000        0.000000        0.000000

     C   22       -0.093928       -0.061262       -0.161628
     C   22       -0.061262       -0.099011        0.096956
     C   22       -0.161628        0.096956        0.192938

     C   23        0.033614        0.116268       -0.037682
     C   23        0.116268        0.013750        0.007344
     C   23       -0.037682        0.007344       -0.047364

     Cl  24        1.030494        2.228419       -0.330955
     Cl  24        2.228419       -0.162202        0.228742
     Cl  24       -0.330955        0.228742       -0.868293

     ----- total EFG -----
     Cl   1        0.685971       -0.464026        1.489075
     Cl   1       -0.464026       -0.022966        1.699196
     Cl   1        1.489075        1.699196       -0.663005

     C    2       -0.352810       -0.300201       -0.165921
     C    2       -0.300201        0.011953        0.072048
     C    2       -0.165921        0.072048        0.340856

     C    3       -0.168820       -0.061427       -0.083039
     C    3       -0.061427        0.098324       -0.471500
     C    3       -0.083039       -0.471500        0.070496

     H    4        0.481279        0.156147        0.245724
     H    4        0.156147       -0.412663        0.386564
     H    4        0.245724        0.386564       -0.068616

     C    5       -0.297563        0.087174        0.161654
     C    5        0.087174       -0.277305       -0.307453
     C    5        0.161654       -0.307453        0.574868

     H    6       -0.025040        0.039346       -0.018593
     H    6        0.039346        0.355984        0.515471
     H    6       -0.018593        0.515471       -0.330944

     H    7       -0.053395        0.070325        0.196242
     H    7        0.070325        0.301031       -0.609591
     H    7        0.196242       -0.609591       -0.247636

     C    8       -0.635547       -0.268180       -0.142652
     C    8       -0.268180        0.530619        0.111785
     C    8       -0.142652        0.111785        0.104927

     H    9        0.514215       -0.142800        0.334658
     H    9       -0.142800       -0.236010       -0.488817
     H    9        0.334658       -0.488817       -0.278205

     C   10        0.076105       -0.115239        0.041064
     C   10       -0.115239        0.055019        0.364999
     C   10        0.041064        0.364999       -0.131124

     C   11       -0.493047        0.018613       -0.090624
     C   11        0.018613        0.275369       -0.237889
     C   11       -0.090624       -0.237889        0.217679

     Cl  12        1.931162        3.242922       -0.216085
     Cl  12        3.242922        0.183251        0.026189
     Cl  12       -0.216085        0.026189       -2.114413

     H   13       -0.118705        0.217552       -0.180244
     H   13        0.217552        0.487022        0.397054
     H   13       -0.180244        0.397054       -0.368317

     C   14       -0.312700        0.139989        0.163883
     C   14        0.139989       -0.166456       -0.371550
     C   14        0.163883       -0.371550        0.479156

     H   15        0.539182        0.291974        0.104822
     H   15        0.291974       -0.352552        0.320116
     H   15        0.104822        0.320116       -0.186630

     C   16       -0.068216        0.136098       -0.080882
     C   16        0.136098        0.163532       -0.468482
     C   16       -0.080882       -0.468482       -0.095317

     C   17       -0.145194        0.133223       -0.232460
     C   17        0.133223        0.310114       -0.042215
     C   17       -0.232460       -0.042215       -0.164920

     Cl  18        0.554730        0.382424       -0.094083
     Cl  18        0.382424        2.201353       -0.002840
     Cl  18       -0.094083       -0.002840       -2.756083

     H   19       -0.184221        0.104839        0.166126
     H   19        0.104839        0.394231       -0.558460
     H   19        0.166126       -0.558460       -0.210011

     C   20       -0.076328        0.182769       -0.098470
     C   20        0.182769       -0.456885        0.093507
     C   20       -0.098470        0.093507        0.533213

     H   21        0.662588       -0.070276        0.323857
     H   21       -0.070276       -0.139106       -0.334255
     H   21        0.323857       -0.334255       -0.523482

     C   22       -0.191448       -0.035324       -0.297616
     C   22       -0.035324       -0.263262       -0.029276
     C   22       -0.297616       -0.029276        0.454710

     C   23        0.081623        0.378538       -0.041743
     C   23        0.378538       -0.250311        0.099201
     C   23       -0.041743        0.099201        0.168687

     Cl  24        1.080098        2.417840       -0.355080
     Cl  24        2.417840       -0.177243        0.261350
     Cl  24       -0.355080        0.261350       -0.902855

     ----- total EFG (symmetrized) -----
     Cl   1        0.685971       -0.464026        1.489075
     Cl   1       -0.464026       -0.022966        1.699196
     Cl   1        1.489075        1.699196       -0.663005

     C    2       -0.352810       -0.300201       -0.165921
     C    2       -0.300201        0.011953        0.072048
     C    2       -0.165921        0.072048        0.340856

     C    3       -0.168820       -0.061427       -0.083039
     C    3       -0.061427        0.098324       -0.471500
     C    3       -0.083039       -0.471500        0.070496

     H    4        0.481279        0.156147        0.245724
     H    4        0.156147       -0.412663        0.386564
     H    4        0.245724        0.386564       -0.068616

     C    5       -0.297563        0.087174        0.161654
     C    5        0.087174       -0.277305       -0.307453
     C    5        0.161654       -0.307453        0.574868

     H    6       -0.025040        0.039346       -0.018593
     H    6        0.039346        0.355984        0.515471
     H    6       -0.018593        0.515471       -0.330944

     H    7       -0.053395        0.070325        0.196242
     H    7        0.070325        0.301031       -0.609591
     H    7        0.196242       -0.609591       -0.247636

     C    8       -0.635547       -0.268180       -0.142652
     C    8       -0.268180        0.530619        0.111785
     C    8       -0.142652        0.111785        0.104927

     H    9        0.514215       -0.142800        0.334658
     H    9       -0.142800       -0.236010       -0.488817
     H    9        0.334658       -0.488817       -0.278205

     C   10        0.076105       -0.115239        0.041064
     C   10       -0.115239        0.055019        0.364999
     C   10        0.041064        0.364999       -0.131124

     C   11       -0.493047        0.018613       -0.090624
     C   11        0.018613        0.275369       -0.237889
     C   11       -0.090624       -0.237889        0.217679

     Cl  12        1.931162        3.242922       -0.216085
     Cl  12        3.242922        0.183251        0.026189
     Cl  12       -0.216085        0.026189       -2.114413

     H   13       -0.118705        0.217552       -0.180244
     H   13        0.217552        0.487022        0.397054
     H   13       -0.180244        0.397054       -0.368317

     C   14       -0.312700        0.139989        0.163883
     C   14        0.139989       -0.166456       -0.371550
     C   14        0.163883       -0.371550        0.479156

     H   15        0.539182        0.291974        0.104822
     H   15        0.291974       -0.352552        0.320116
     H   15        0.104822        0.320116       -0.186630

     C   16       -0.068216        0.136098       -0.080882
     C   16        0.136098        0.163532       -0.468482
     C   16       -0.080882       -0.468482       -0.095317

     C   17       -0.145194        0.133223       -0.232460
     C   17        0.133223        0.310114       -0.042215
     C   17       -0.232460       -0.042215       -0.164920

     Cl  18        0.554730        0.382424       -0.094083
     Cl  18        0.382424        2.201353       -0.002840
     Cl  18       -0.094083       -0.002840       -2.756083

     H   19       -0.184221        0.104839        0.166126
     H   19        0.104839        0.394231       -0.558460
     H   19        0.166126       -0.558460       -0.210011

     C   20       -0.076328        0.182769       -0.098470
     C   20        0.182769       -0.456885        0.093507
     C   20       -0.098470        0.093507        0.533213

     H   21        0.662588       -0.070276        0.323857
     H   21       -0.070276       -0.139106       -0.334255
     H   21        0.323857       -0.334255       -0.523482

     C   22       -0.191448       -0.035324       -0.297616
     C   22       -0.035324       -0.263262       -0.029276
     C   22       -0.297616       -0.029276        0.454710

     C   23        0.081623        0.378538       -0.041743
     C   23        0.378538       -0.250311        0.099201
     C   23       -0.041743        0.099201        0.168687

     Cl  24        1.080098        2.417840       -0.355080
     Cl  24        2.417840       -0.177243        0.261350
     Cl  24       -0.355080        0.261350       -0.902855


     NQR/NMR SPECTROSCOPIC PARAMETERS:
     Cl   1    Vxx=    0.8043    axis=( -0.660609  0.730045  0.175014)
     Cl   1    Vyy=    1.8979    axis=( -0.635523 -0.419725 -0.648030)
     Cl   1    Vzz=   -2.7022    axis=( -0.399633 -0.539319  0.741234)
     Cl   1  Q=        -8.1650 1e-30 m^2  Cq=        51.8396 MHz  eta= 0.40472

     C    2    Vxx=    0.1007    axis=( -0.352917  0.800706 -0.484066)
     C    2    Vyy=    0.4351    axis=( -0.326814  0.379279  0.865644)
     C    2    Vzz=   -0.5358    axis=(  0.876723  0.463700  0.127827)
     C    2  Q=         1.0000 1e-30 m^2  Cq=        -1.2589 MHz  eta= 0.62405

     C    3    Vxx=   -0.1286    axis=( -0.929689  0.269677  0.250906)
     C    3    Vyy=   -0.4278    axis=( -0.367841 -0.644056 -0.670734)
     C    3    Vzz=    0.5564    axis=( -0.019284 -0.715868  0.697970)
     C    3  Q=         1.0000 1e-30 m^2  Cq=         1.3073 MHz  eta= 0.53776

     H    4    Vxx=    0.0047    axis=(  0.521250 -0.466760 -0.714447)
     H    4    Vyy=    0.6591    axis=( -0.853400 -0.282366 -0.438154)
     H    4    Vzz=   -0.6638    axis=(  0.002777  0.838096 -0.545516)
     H    4  Q=         1.0000 1e-30 m^2  Cq=        -1.5596 MHz  eta= 0.98597

     C    5    Vxx=   -0.2101    axis=(  0.777262  0.623525  0.084149)
     C    5    Vyy=   -0.4807    axis=( -0.615690  0.726223  0.305820)
     C    5    Vzz=    0.6908    axis=(  0.129575 -0.289512  0.948364)
     C    5  Q=         1.0000 1e-30 m^2  Cq=         1.6231 MHz  eta= 0.39164

     H    6    Vxx=   -0.0240    axis=(  0.997431 -0.006506 -0.071338)
     H    6    Vyy=   -0.6090    axis=(  0.059819 -0.472222  0.879447)
     H    6    Vzz=    0.6330    axis=( -0.039409 -0.881455 -0.470620)
     H    6  Q=         1.0000 1e-30 m^2  Cq=         1.4872 MHz  eta= 0.92427

     H    7    Vxx=    0.0068    axis=(  0.952298  0.216989  0.214578)
     H    7    Vyy=    0.6983    axis=( -0.065734  0.832494 -0.550121)
     H    7    Vzz=   -0.7051    axis=( -0.298004  0.509774  0.807046)
     H    7  Q=         1.0000 1e-30 m^2  Cq=        -1.6568 MHz  eta= 0.98058

     C    8    Vxx=    0.0835    axis=( -0.081994 -0.287725  0.954197)
     C    8    Vyy=    0.6274    axis=(  0.228729 -0.937298 -0.262975)
     C    8    Vzz=   -0.7109    axis=(  0.970031  0.196690  0.142664)
     C    8  Q=         1.0000 1e-30 m^2  Cq=        -1.6703 MHz  eta= 0.76515

     H    9    Vxx=    0.0180    axis=(  0.536290  0.674589 -0.507270)
     H    9    Vyy=    0.7459    axis=(  0.835231 -0.337579  0.434085)
     H    9    Vzz=   -0.7639    axis=( -0.121585  0.656483  0.744478)
     H    9  Q=         1.0000 1e-30 m^2  Cq=        -1.7949 MHz  eta= 0.95277

     C   10    Vxx=    0.0808    axis=(  0.949823  0.070110  0.304830)
     C   10    Vyy=    0.3550    axis=(  0.240835 -0.785781 -0.569691)
     C   10    Vzz=   -0.4357    axis=(  0.199589  0.614519 -0.763237)
     C   10  Q=         1.0000 1e-30 m^2  Cq=        -1.0238 MHz  eta= 0.62924

     C   11    Vxx=    0.0128    axis=( -0.106596  0.671792  0.733030)
     C   11    Vyy=    0.4918    axis=( -0.075443 -0.740570  0.667731)
     C   11    Vzz=   -0.5046    axis=( -0.991436 -0.015876 -0.129624)
     C   11  Q=         1.0000 1e-30 m^2  Cq=        -1.1856 MHz  eta= 0.94910

     Cl  12    Vxx=   -2.0321    axis=( -0.282535  0.403291  0.870362)
     Cl  12    Vyy=   -2.3874    axis=(  0.538428 -0.684247  0.491835)
     Cl  12    Vzz=    4.4195    axis=( -0.793895 -0.607588  0.023820)
     Cl  12  Q=        -8.1650 1e-30 m^2  Cq=       -84.7866 MHz  eta= 0.08039

     H   13    Vxx=   -0.0243    axis=(  0.881595 -0.008628 -0.471927)
     H   13    Vyy=   -0.6439    axis=( -0.435317  0.371618 -0.820000)
     H   13    Vzz=    0.6683    axis=(  0.182452  0.928346  0.323861)
     H   13  Q=         1.0000 1e-30 m^2  Cq=         1.5702 MHz  eta= 0.92713

     C   14    Vxx=   -0.1341    axis=(  0.715872  0.665334  0.211795)
     C   14    Vyy=   -0.5233    axis=( -0.691427  0.633253  0.347734)
     C   14    Vzz=    0.6574    axis=(  0.097240 -0.395373  0.913359)
     C   14  Q=         1.0000 1e-30 m^2  Cq=         1.5447 MHz  eta= 0.59203

     H   15    Vxx=   -0.0465    axis=(  0.377964 -0.472311 -0.796283)
     H   15    Vyy=   -0.6264    axis=( -0.154282  0.815925 -0.557193)
     H   15    Vzz=    0.6729    axis=( -0.912875 -0.333451 -0.235522)
     H   15  Q=         1.0000 1e-30 m^2  Cq=         1.5810 MHz  eta= 0.86176

     C   16    Vxx=   -0.1067    axis=( -0.968688  0.162671 -0.187569)
     C   16    Vyy=   -0.4528    axis=( -0.050255  0.611365  0.789752)
     C   16    Vzz=    0.5596    axis=( -0.243143 -0.774449  0.584047)
     C   16  Q=         1.0000 1e-30 m^2  Cq=         1.3148 MHz  eta= 0.61852

     C   17    Vxx=    0.0243    axis=(  0.622822 -0.390472 -0.677956)
     C   17    Vyy=    0.3691    axis=(  0.336179  0.916040 -0.218759)
     C   17    Vzz=   -0.3934    axis=(  0.706454 -0.091667  0.701798)
     C   17  Q=         1.0000 1e-30 m^2  Cq=        -0.9244 MHz  eta= 0.87636

     Cl  18    Vxx=    0.4728    axis=(  0.975990 -0.215977 -0.028248)
     Cl  18    Vyy=    2.2859    axis=( -0.215935 -0.976397  0.004579)
     Cl  18    Vzz=   -2.7588    axis=(  0.028571 -0.001630  0.999590)
     Cl  18  Q=        -8.1650 1e-30 m^2  Cq=        52.9256 MHz  eta= 0.65722

     H   19    Vxx=   -0.0976    axis=(  0.914931  0.201831  0.349521)
     H   19    Vyy=   -0.6295    axis=( -0.403569  0.469685  0.785193)
     H   19    Vzz=    0.7271    axis=( -0.005688 -0.859454  0.511182)
     H   19  Q=         1.0000 1e-30 m^2  Cq=         1.7084 MHz  eta= 0.73145

     C   20    Vxx=   -0.0083    axis=(  0.914244  0.393042  0.098370)
     C   20    Vyy=   -0.5447    axis=( -0.381943  0.917072 -0.114449)
     C   20    Vzz=    0.5530    axis=( -0.135196  0.067062  0.988547)
     C   20  Q=         1.0000 1e-30 m^2  Cq=         1.2994 MHz  eta= 0.96981

     H   21    Vxx=   -0.0113    axis=(  0.280561  0.875328 -0.393809)
     H   21    Vyy=   -0.7610    axis=(  0.176857 -0.450407 -0.875132)
     H   21    Vzz=    0.7722    axis=( -0.943402  0.175880 -0.281174)
     H   21  Q=         1.0000 1e-30 m^2  Cq=         1.8144 MHz  eta= 0.97086

     C   22    Vxx=   -0.2368    axis=( -0.493163  0.851907 -0.176195)
     C   22    Vyy=   -0.3344    axis=( -0.790670 -0.523406 -0.317627)
     C   22    Vzz=    0.5711    axis=( -0.362810 -0.017330  0.931702)
     C   22  Q=         1.0000 1e-30 m^2  Cq=         1.3420 MHz  eta= 0.17094

     C   23    Vxx=    0.1826    axis=( -0.191690  0.056904  0.979805)
     C   23    Vyy=    0.3315    axis=(  0.821119  0.556139  0.128345)
     C   23    Vzz=   -0.5141    axis=( -0.537604  0.829139 -0.153331)
     C   23  Q=         1.0000 1e-30 m^2  Cq=        -1.2079 MHz  eta= 0.28957

     Cl  24    Vxx=   -0.7664    axis=( -0.167736  0.267449  0.948860)
     Cl  24    Vyy=   -2.1871    axis=( -0.586578  0.746501 -0.314105)
     Cl  24    Vzz=    2.9535    axis=( -0.792332 -0.609267  0.031665)
     Cl  24  Q=        -8.1650 1e-30 m^2  Cq=       -56.6613 MHz  eta= 0.48101

     Initialization:
     gipaw_setup  :      9.18s CPU     10.98s WALL (       1 calls)

     Linear response

     Apply operators

     Induced current

     Other routines
     efg          :      9.17s CPU     11.48s WALL (       1 calls)

     General routines
     calbec       :      3.13s CPU      4.05s WALL (      16 calls)
     fft          :      1.57s CPU      2.36s WALL (      15 calls)
     ffts         :      0.05s CPU      0.05s WALL (       2 calls)
     fftw         :      3.26s CPU      3.95s WALL (     672 calls)
     davcio       :      0.02s CPU      0.33s WALL (      32 calls)

     Parallel routines
     fft_scatter  :      2.22s CPU      3.54s WALL (     689 calls)

     Plugins

     GIPAW        :     60.98s CPU     73.60s WALL (       1 calls)
