
     Program QE v.6.0 (svn rev. 13079) starts on  1Jan2017 at 23:22:54 

     This program is part of the open-source Quantum ESPRESSO suite
     for quantum simulation of materials; please cite
         "P. Giannozzi et al., J. Phys.:Condens. Matter 21 395502 (2009);
          URL http://www.quantum-espresso.org", 
     in publications or presentations arising from this work. More details at
     http://www.quantum-espresso.org/quote

     Parallel version (MPI), running on     8 processors
     R & G space division:  proc/nbgrp/npool/nimage =       8

     ***** This is GIPAW svn revision unknown      *****

     Parallelizing q-star over 1 images

     Reading data from directory:
     /users/majewski/paradichlorobenzene/pbe/9_constraint/scratch/pbe.ecut100.np8.dt60.pcl2phi-129368.save
     Message from routine read_xml_file:
     file /users/majewski/paradichlorobenzene/pbe/9_constraint/scratch/pbe.ecut100.np8.dt60.pcl2phi-129368.save not guaranteed to be safe for post-processing

   Info: using nr1, nr2, nr3 values from input

   Info: using nr1, nr2, nr3 values from input

     IMPORTANT: XC functional enforced from input :
     Exchange-correlation      =  SLA  PW   PBX  PBC ( 1  4  3  4 0 0)
     Any further DFT definition will be discarded
     Please, verify this is what you really want

               file C.pbe-n-kjpaw_psl.1.0.0.UPF: wavefunction(s)  2S 2P renormalized
               file Cl.pbe-n-kjpaw_psl.1.0.0.UPF: wavefunction(s)  3S 3P renormalized
               file H.pbe-kjpaw_psl.1.0.0.UPF: wavefunction(s)  1S renormalized

     Parallelization info
     --------------------
     sticks:   dense  smooth     PW     G-vecs:    dense   smooth      PW
     Min        3057    1223    332               144436    36536    5170
     Max        3059    1225    333               144437    36537    5171
     Sum       24467    9791   2657              1155489   292295   41363


     Subspace diagonalization in iterative solution of the eigenvalue problem:
     a serial algorithm will be used

     GIPAW projectors -----------------------------------------------
     atom=  C    l=0  rc=    1.2000  rs=    0.8000
     atom=  C    l=0  rc=    1.2000  rs=    0.8000
     atom=  C    l=1  rc=    1.4000  rs=    0.9333
     atom=  C    l=1  rc=    1.4000  rs=    0.9333
     projs nearly linearly dependent: l=1  n1,n2= 1, 2  s=  0.99951561

     atom=  Cl   l=0  rc=    1.6000  rs=    1.0667
     atom=  Cl   l=0  rc=    1.6000  rs=    1.0667
     atom=  Cl   l=1  rc=    1.6000  rs=    1.0667
     atom=  Cl   l=1  rc=    1.6000  rs=    1.0667
     atom=  Cl   l=2  rc=    1.6000  rs=    1.0667
     atom=  Cl   l=2  rc=    1.6000  rs=    1.0667
     projs nearly linearly dependent: l=2  n1,n2= 1, 2  s=  0.99993509

     atom=  H    l=0  rc=    1.0000  rs=    0.6667
     atom=  H    l=0  rc=    1.0000  rs=    0.6667
     projs nearly linearly dependent: l=0  n1,n2= 1, 2  s=  0.99968852
     -----------------------------------------------------------------

     GIPAW integrals: -------------------------------------------
     Atom  i/j   nmr_para   nmr_dia   epr_rmc  epr_para   epr_dia
       C   1 1   0.83E+03  0.17E-01  0.93E+01  0.24E+08  0.24E+03
       C   2 1   0.86E+03 -0.61E-01  0.94E+01  0.25E+08  0.25E+03
       C   2 2   0.90E+03 -0.15E+00  0.97E+01  0.26E+08  0.26E+03
       C   3 3   0.33E+01  0.34E+00  0.18E+01  0.55E+03  0.21E+02
       C   4 3   0.35E+01  0.37E+00  0.20E+01  0.59E+03  0.22E+02
       C   4 4   0.38E+01  0.39E+00  0.22E+01  0.63E+03  0.24E+02
       Cl  1 1   0.14E+04 -0.47E+00  0.84E+01  0.32E+09  0.42E+03
       Cl  2 1   0.21E+04 -0.37E+00  0.12E+02  0.49E+09  0.65E+03
       Cl  2 2   0.33E+04 -0.16E+00  0.21E+02  0.76E+09  0.10E+04
       Cl  3 3   0.21E+02  0.79E-01  0.89E+01  0.23E+05  0.13E+03
       Cl  4 3   0.24E+02  0.67E-01  0.99E+01  0.27E+05  0.15E+03
       Cl  4 4   0.28E+02  0.44E-01  0.11E+02  0.32E+05  0.18E+03
       Cl  5 5   0.77E+00  0.19E+00  0.18E+01  0.12E+03  0.22E+02
       Cl  6 5   0.80E+00  0.19E+00  0.19E+01  0.12E+03  0.23E+02
       Cl  6 6   0.83E+00  0.20E+00  0.19E+01  0.12E+03  0.23E+02
       H   1 1   0.39E+02  0.19E+00  0.29E+00  0.78E+05  0.13E+02
       H   2 1   0.41E+02  0.21E+00  0.32E+00  0.82E+05  0.14E+02
       H   2 2   0.43E+02  0.22E+00  0.36E+00  0.86E+05  0.15E+02
     ------------------------------------------------------------

     alpha_pv=     34.1002 eV

     Number of occupied bands for each k-point:
     k-point:     1    nbnd_occ=  42
     k-point:     2    nbnd_occ=  42
     k-point:     3    nbnd_occ=  42
     k-point:     4    nbnd_occ=  42
     k-point:     5    nbnd_occ=  42
     k-point:     6    nbnd_occ=  42
     k-point:     7    nbnd_occ=  42
     k-point:     8    nbnd_occ=  42
     k-point:     9    nbnd_occ=  42
     k-point:    10    nbnd_occ=  42
     k-point:    11    nbnd_occ=  42
     k-point:    12    nbnd_occ=  42
     k-point:    13    nbnd_occ=  42
     k-point:    14    nbnd_occ=  42
     k-point:    15    nbnd_occ=  42
     k-point:    16    nbnd_occ=  42


     q-space interpolation up to   110.00 Rydberg

     GIPAW job: efg                                                                             


     ELECTRIC FIELD GRADIENTS TENSORS IN Hartree/bohrradius^2:

     ----- bare term -----
     Cl   1        0.059914       -0.029096        0.036594
     Cl   1       -0.029096       -0.021985        0.025100
     Cl   1        0.036594        0.025100       -0.037929

     C    2        0.040503        0.381317       -0.064666
     C    2        0.381317       -0.325111       -0.471552
     C    2       -0.064666       -0.471552        0.284608

     C    3       -0.375154        0.255151       -0.278633
     C    3        0.255151        0.004502       -0.283959
     C    3       -0.278633       -0.283959        0.370652

     H    4       -0.587462       -0.162723       -0.502663
     H    4       -0.162723        0.399166       -0.144633
     H    4       -0.502663       -0.144633        0.188296

     C    5       -0.247826        0.337214       -0.069859
     C    5        0.337214       -0.315798       -0.426317
     C    5       -0.069859       -0.426317        0.563624

     H    6        0.423737       -0.014369        0.031124
     H    6       -0.014369       -0.233397       -0.567189
     H    6        0.031124       -0.567189       -0.190340

     H    7        0.310764        0.124843       -0.369841
     H    7        0.124843        0.006952        0.456702
     H    7       -0.369841        0.456702       -0.317716

     C    8       -0.003036       -0.522938        0.121516
     C    8       -0.522938       -0.491667        0.376889
     C    8        0.121516        0.376889        0.494703

     H    9       -0.254943        0.274947       -0.616588
     H    9        0.274947        0.364735        0.285132
     H    9       -0.616588        0.285132       -0.109792

     C   10       -0.359176       -0.079311       -0.178985
     C   10       -0.079311       -0.084525        0.328244
     C   10       -0.178985        0.328244        0.443701

     C   11       -0.089846       -0.124281       -0.235898
     C   11       -0.124281       -0.397966        0.461943
     C   11       -0.235898        0.461943        0.487812

     Cl  12       -0.043883        0.026468       -0.031249
     Cl  12        0.026468       -0.031918        0.048800
     Cl  12       -0.031249        0.048800        0.075801

     H   13        0.132415       -0.047363        0.328019
     H   13       -0.047363       -0.052545       -0.426130
     H   13        0.328019       -0.426130       -0.079870

     C   14       -0.416031        0.333546       -0.503618
     C   14        0.333546        0.265212       -0.245818
     C   14       -0.503618       -0.245818        0.150820

     H   15       -0.481518       -0.217804       -0.511543
     H   15       -0.217804        0.314266       -0.224212
     H   15       -0.511543       -0.224212        0.167252

     C   16        0.001166        0.465730       -0.008525
     C   16        0.465730       -0.467984       -0.490125
     C   16       -0.008525       -0.490125        0.466818

     C   17       -0.493244       -0.053741       -0.239658
     C   17       -0.053741       -0.035350       -0.391381
     C   17       -0.239658       -0.391381        0.528594

     Cl  18        0.160655        0.129916        0.071815
     Cl  18        0.129916        0.134421        0.308920
     Cl  18        0.071815        0.308920       -0.295076

     H   19        0.457857        0.200314        0.066246
     H   19        0.200314       -0.579985        0.153869
     H   19        0.066246        0.153869        0.122128

     C   20       -0.735110       -0.129073       -0.329099
     C   20       -0.129073        0.069360        0.109238
     C   20       -0.329099        0.109238        0.665750

     H   21       -0.505566        0.224923        0.087436
     H   21        0.224923        0.420391        0.194711
     H   21        0.087436        0.194711        0.085175

     C   22        0.096705       -0.390598        0.049874
     C   22       -0.390598       -0.642853        0.390986
     C   22        0.049874        0.390986        0.546148

     C   23       -0.599633       -0.166750       -0.277215
     C   23       -0.166750        0.193613        0.103233
     C   23       -0.277215        0.103233        0.406020

     Cl  24       -0.141820       -0.081136        0.087697
     Cl  24       -0.081136       -0.117451       -0.029614
     Cl  24        0.087697       -0.029614        0.259271

     ----- ionic term -----
     Cl   1        0.106914       -0.216809        0.011221
     Cl   1       -0.216809        0.025498       -0.002721
     Cl   1        0.011221       -0.002721       -0.132413

     C    2        0.151846       -0.200921        0.305955
     C    2       -0.200921        0.072315        0.411150
     C    2        0.305955        0.411150       -0.224161

     C    3        0.238044       -0.231868        0.142100
     C    3       -0.231868        0.073829        0.403343
     C    3        0.142100        0.403343       -0.311874

     H    4        0.680468        0.236118        0.646671
     H    4        0.236118       -0.483296        0.203161
     H    4        0.646671        0.203161       -0.197172

     C    5        0.408547       -0.160132        0.170239
     C    5       -0.160132       -0.030995        0.328243
     C    5        0.170239        0.328243       -0.377552

     H    6       -0.494086       -0.006071       -0.009765
     H    6       -0.006071        0.690105        0.711001
     H    6       -0.009765        0.711001       -0.196019

     H    7       -0.518981       -0.098809        0.094728
     H    7       -0.098809        0.441592       -0.789011
     H    7        0.094728       -0.789011        0.077389

     C    8        0.331011        0.188636        0.318451
     C    8        0.188636       -0.003754       -0.301770
     C    8        0.318451       -0.301770       -0.327257

     H    9        0.539493       -0.373872        0.667271
     H    9       -0.373872       -0.400400       -0.286950
     H    9        0.667271       -0.286950       -0.139094

     C   10        0.136770        0.179849        0.220883
     C   10        0.179849        0.186684       -0.382223
     C   10        0.220883       -0.382223       -0.323455

     C   11        0.297402        0.086116        0.283972
     C   11        0.086116        0.088587       -0.392811
     C   11        0.283972       -0.392811       -0.385989

     Cl  12        0.106122        0.210736       -0.010445
     Cl  12        0.210736        0.033015       -0.006564
     Cl  12       -0.010445       -0.006564       -0.139137

     H   13       -0.525316       -0.040852       -0.001252
     H   13       -0.040852        0.495844        0.776640
     H   13       -0.001252        0.776640        0.029472

     C   14        0.286118       -0.202785        0.241673
     C   14       -0.202785       -0.110033        0.337444
     C   14        0.241673        0.337444       -0.176086

     H   15        0.589731        0.334698        0.649362
     H   15        0.334698       -0.458264        0.267797
     H   15        0.649362        0.267797       -0.131467

     C   16        0.178096       -0.210459        0.103699
     C   16       -0.210459       -0.033580        0.455035
     C   16        0.103699        0.455035       -0.144516

     C   17        0.337854       -0.165582        0.115727
     C   17       -0.165582       -0.109668        0.479841
     C   17        0.115727        0.479841       -0.228186

     Cl  18        0.200400       -0.212721       -0.045366
     Cl  18       -0.212721       -0.065136        0.028955
     Cl  18       -0.045366        0.028955       -0.135264

     H   19       -0.488929       -0.195612        0.112774
     H   19       -0.195612        0.690415       -0.672939
     H   19        0.112774       -0.672939       -0.201487

     C   20        0.341678        0.116410        0.288286
     C   20        0.116410        0.100438       -0.295323
     C   20        0.288286       -0.295323       -0.442116

     H   21        0.830078       -0.400797        0.460195
     H   21       -0.400797       -0.342987       -0.204597
     H   21        0.460195       -0.204597       -0.487092

     C   22        0.154934        0.199062        0.161047
     C   22        0.199062        0.293020       -0.363492
     C   22        0.161047       -0.363492       -0.447955

     C   23        0.316208        0.148470        0.311296
     C   23        0.148470        0.083206       -0.360822
     C   23        0.311296       -0.360822       -0.399414

     Cl  24        0.184663        0.221362        0.011502
     Cl  24        0.221362       -0.023281       -0.003496
     Cl  24        0.011502       -0.003496       -0.161382

     ----- GIPAW term -----
     Cl   1        1.830239       -2.274149        0.346747
     Cl   1       -2.274149       -0.145212        0.155041
     Cl   1        0.346747        0.155041       -1.685027

     C    2        0.136726        0.065713        0.082150
     C    2        0.065713       -0.056105        0.002366
     C    2        0.082150        0.002366       -0.080621

     C    3       -0.050563        0.110345        0.031831
     C    3        0.110345        0.002865        0.034608
     C    3        0.031831        0.034608        0.047698

     H    4       -0.000000        0.000000        0.000000
     H    4        0.000000        0.000000        0.000000
     H    4        0.000000        0.000000        0.000000

     C    5       -0.070394        0.047079        0.084229
     C    5        0.047079       -0.171375       -0.105852
     C    5        0.084229       -0.105852        0.241768

     H    6       -0.000000        0.000000        0.000000
     H    6        0.000000        0.000000        0.000000
     H    6        0.000000        0.000000        0.000000

     H    7       -0.000000        0.000000        0.000000
     H    7        0.000000        0.000000        0.000000
     H    7        0.000000        0.000000        0.000000

     C    8        0.082040       -0.146388        0.206780
     C    8       -0.146388       -0.204547        0.005329
     C    8        0.206780        0.005329        0.122507

     H    9       -0.000000        0.000000        0.000000
     H    9        0.000000        0.000000        0.000000
     H    9        0.000000        0.000000        0.000000

     C   10       -0.067413       -0.000228        0.139021
     C   10       -0.000228       -0.107681        0.014632
     C   10        0.139021        0.014632        0.175094

     C   11       -0.010157        0.093730        0.000341
     C   11        0.093730       -0.137631        0.036766
     C   11        0.000341        0.036766        0.147788

     Cl  12        1.011780        2.382056       -0.180926
     Cl  12        2.382056       -0.130769        0.431021
     Cl  12       -0.180926        0.431021       -0.881011

     H   13       -0.000000        0.000000        0.000000
     H   13        0.000000        0.000000        0.000000
     H   13        0.000000        0.000000        0.000000

     C   14        0.054076        0.219000       -0.085189
     C   14        0.219000        0.065543       -0.032343
     C   14       -0.085189       -0.032343       -0.119619

     H   15       -0.000000        0.000000        0.000000
     H   15        0.000000        0.000000        0.000000
     H   15        0.000000        0.000000        0.000000

     C   16       -0.004686        0.128679        0.086233
     C   16        0.128679       -0.089254        0.013646
     C   16        0.086233        0.013646        0.093940

     C   17       -0.145702       -0.089216       -0.013555
     C   17       -0.089216       -0.118286       -0.086400
     C   17       -0.013555       -0.086400        0.263987

     Cl  18       -0.291116       -0.332776       -0.428556
     Cl  18       -0.332776       -0.447332       -0.632496
     Cl  18       -0.428556       -0.632496        0.738448

     H   19       -0.000000        0.000000        0.000000
     H   19        0.000000        0.000000        0.000000
     H   19        0.000000        0.000000        0.000000

     C   20       -0.207605       -0.010100        0.006157
     C   20       -0.010100       -0.097019       -0.034281
     C   20        0.006157       -0.034281        0.304624

     H   21       -0.000000        0.000000        0.000000
     H   21        0.000000        0.000000        0.000000
     H   21        0.000000        0.000000        0.000000

     C   22       -0.073056       -0.075729        0.091697
     C   22       -0.075729       -0.126226       -0.127509
     C   22        0.091697       -0.127509        0.199283

     C   23       -0.056391       -0.059239        0.131815
     C   23       -0.059239        0.005523       -0.162200
     C   23        0.131815       -0.162200        0.050868

     Cl  24        0.143584        1.633120        0.817355
     Cl  24        1.633120       -1.080890       -0.295031
     Cl  24        0.817355       -0.295031        0.937306

     ----- total EFG -----
     Cl   1        1.997068       -2.520054        0.394562
     Cl   1       -2.520054       -0.141699        0.177420
     Cl   1        0.394562        0.177420       -1.855368

     C    2        0.329075        0.246109        0.323439
     C    2        0.246109       -0.308901       -0.058036
     C    2        0.323439       -0.058036       -0.020174

     C    3       -0.187672        0.133628       -0.104702
     C    3        0.133628        0.081197        0.153992
     C    3       -0.104702        0.153992        0.106476

     H    4        0.093006        0.073395        0.144008
     H    4        0.073395       -0.084130        0.058529
     H    4        0.144008        0.058529       -0.008876

     C    5        0.090328        0.224161        0.184609
     C    5        0.224161       -0.518168       -0.203927
     C    5        0.184609       -0.203927        0.427840

     H    6       -0.070349       -0.020441        0.021359
     H    6       -0.020441        0.456708        0.143812
     H    6        0.021359        0.143812       -0.386359

     H    7       -0.208217        0.026034       -0.275114
     H    7        0.026034        0.448544       -0.332309
     H    7       -0.275114       -0.332309       -0.240327

     C    8        0.410014       -0.480690        0.646747
     C    8       -0.480690       -0.699967        0.080448
     C    8        0.646747        0.080448        0.289953

     H    9        0.284550       -0.098924        0.050682
     H    9       -0.098924       -0.035665       -0.001818
     H    9        0.050682       -0.001818       -0.248885

     C   10       -0.289819        0.100310        0.180919
     C   10        0.100310       -0.005521       -0.039347
     C   10        0.180919       -0.039347        0.295340

     C   11        0.197400        0.055565        0.048415
     C   11        0.055565       -0.447010        0.105898
     C   11        0.048415        0.105898        0.249611

     Cl  12        1.074019        2.619260       -0.222620
     Cl  12        2.619260       -0.129673        0.473258
     Cl  12       -0.222620        0.473258       -0.944346

     H   13       -0.392901       -0.088214        0.326768
     H   13       -0.088214        0.443299        0.350510
     H   13        0.326768        0.350510       -0.050399

     C   14       -0.075837        0.349761       -0.347133
     C   14        0.349761        0.220723        0.059283
     C   14       -0.347133        0.059283       -0.144886

     H   15        0.108213        0.116893        0.137819
     H   15        0.116893       -0.143998        0.043585
     H   15        0.137819        0.043585        0.035785

     C   16        0.174577        0.383951        0.181407
     C   16        0.383951       -0.590818       -0.021444
     C   16        0.181407       -0.021444        0.416241

     C   17       -0.301091       -0.308539       -0.137486
     C   17       -0.308539       -0.263304        0.002061
     C   17       -0.137486        0.002061        0.564395

     Cl  18        0.069940       -0.415582       -0.402107
     Cl  18       -0.415582       -0.378047       -0.294621
     Cl  18       -0.402107       -0.294621        0.308107

     H   19       -0.031071        0.004702        0.179020
     H   19        0.004702        0.110430       -0.519070
     H   19        0.179020       -0.519070       -0.079359

     C   20       -0.601037       -0.022763       -0.034656
     C   20       -0.022763        0.072779       -0.220367
     C   20       -0.034656       -0.220367        0.528258

     H   21        0.324512       -0.175875        0.547631
     H   21       -0.175875        0.077405       -0.009885
     H   21        0.547631       -0.009885       -0.401917

     C   22        0.178583       -0.267266        0.302619
     C   22       -0.267266       -0.476059       -0.100014
     C   22        0.302619       -0.100014        0.297476

     C   23       -0.339815       -0.077519        0.165896
     C   23       -0.077519        0.282342       -0.419789
     C   23        0.165896       -0.419789        0.057474

     Cl  24        0.186427        1.773346        0.916554
     Cl  24        1.773346       -1.221622       -0.328141
     Cl  24        0.916554       -0.328141        1.035195

     ----- total EFG (symmetrized) -----
     Cl   1        1.997068       -2.520054        0.394562
     Cl   1       -2.520054       -0.141699        0.177420
     Cl   1        0.394562        0.177420       -1.855368

     C    2        0.329075        0.246109        0.323439
     C    2        0.246109       -0.308901       -0.058036
     C    2        0.323439       -0.058036       -0.020174

     C    3       -0.187672        0.133628       -0.104702
     C    3        0.133628        0.081197        0.153992
     C    3       -0.104702        0.153992        0.106476

     H    4        0.093006        0.073395        0.144008
     H    4        0.073395       -0.084130        0.058529
     H    4        0.144008        0.058529       -0.008876

     C    5        0.090328        0.224161        0.184609
     C    5        0.224161       -0.518168       -0.203927
     C    5        0.184609       -0.203927        0.427840

     H    6       -0.070349       -0.020441        0.021359
     H    6       -0.020441        0.456708        0.143812
     H    6        0.021359        0.143812       -0.386359

     H    7       -0.208217        0.026034       -0.275114
     H    7        0.026034        0.448544       -0.332309
     H    7       -0.275114       -0.332309       -0.240327

     C    8        0.410014       -0.480690        0.646747
     C    8       -0.480690       -0.699967        0.080448
     C    8        0.646747        0.080448        0.289953

     H    9        0.284550       -0.098924        0.050682
     H    9       -0.098924       -0.035665       -0.001818
     H    9        0.050682       -0.001818       -0.248885

     C   10       -0.289819        0.100310        0.180919
     C   10        0.100310       -0.005521       -0.039347
     C   10        0.180919       -0.039347        0.295340

     C   11        0.197400        0.055565        0.048415
     C   11        0.055565       -0.447010        0.105898
     C   11        0.048415        0.105898        0.249611

     Cl  12        1.074019        2.619260       -0.222620
     Cl  12        2.619260       -0.129673        0.473258
     Cl  12       -0.222620        0.473258       -0.944346

     H   13       -0.392901       -0.088214        0.326768
     H   13       -0.088214        0.443299        0.350510
     H   13        0.326768        0.350510       -0.050399

     C   14       -0.075837        0.349761       -0.347133
     C   14        0.349761        0.220723        0.059283
     C   14       -0.347133        0.059283       -0.144886

     H   15        0.108213        0.116893        0.137819
     H   15        0.116893       -0.143998        0.043585
     H   15        0.137819        0.043585        0.035785

     C   16        0.174577        0.383951        0.181407
     C   16        0.383951       -0.590818       -0.021444
     C   16        0.181407       -0.021444        0.416241

     C   17       -0.301091       -0.308539       -0.137486
     C   17       -0.308539       -0.263304        0.002061
     C   17       -0.137486        0.002061        0.564395

     Cl  18        0.069940       -0.415582       -0.402107
     Cl  18       -0.415582       -0.378047       -0.294621
     Cl  18       -0.402107       -0.294621        0.308107

     H   19       -0.031071        0.004702        0.179020
     H   19        0.004702        0.110430       -0.519070
     H   19        0.179020       -0.519070       -0.079359

     C   20       -0.601037       -0.022763       -0.034656
     C   20       -0.022763        0.072779       -0.220367
     C   20       -0.034656       -0.220367        0.528258

     H   21        0.324512       -0.175875        0.547631
     H   21       -0.175875        0.077405       -0.009885
     H   21        0.547631       -0.009885       -0.401917

     C   22        0.178583       -0.267266        0.302619
     C   22       -0.267266       -0.476059       -0.100014
     C   22        0.302619       -0.100014        0.297476

     C   23       -0.339815       -0.077519        0.165896
     C   23       -0.077519        0.282342       -0.419789
     C   23        0.165896       -0.419789        0.057474

     Cl  24        0.186427        1.773346        0.916554
     Cl  24        1.773346       -1.221622       -0.328141
     Cl  24        0.916554       -0.328141        1.035195


     NQR/NMR SPECTROSCOPIC PARAMETERS:
     Cl   1    Vxx=   -1.4710    axis=( -0.379230 -0.628256 -0.679322)
     Cl   1    Vyy=   -2.2039    axis=(  0.399402  0.551104 -0.732641)
     Cl   1    Vzz=    3.6749    axis=( -0.834663  0.549162 -0.041931)
     Cl   1  Q=        -8.1650 1e-30 m^2  Cq=       -70.5020 MHz  eta= 0.19943

     C    2    Vxx=   -0.0966    axis=(  0.284185  0.545064 -0.788761)
     C    2    Vyy=   -0.4651    axis=(  0.418082 -0.810795 -0.409658)
     C    2    Vzz=    0.5617    axis=( -0.862813 -0.213348 -0.458298)
     C    2  Q=         1.0000 1e-30 m^2  Cq=         1.3198 MHz  eta= 0.65606

     C    3    Vxx=    0.0563    axis=(  0.568036  0.577445 -0.586424)
     C    3    Vyy=    0.2489    axis=(  0.039309  0.692692  0.720162)
     C    3    Vzz=   -0.3051    axis=(  0.822065 -0.432129  0.370775)
     C    3  Q=         1.0000 1e-30 m^2  Cq=        -0.7170 MHz  eta= 0.63125

     H    4    Vxx=   -0.1064    axis=(  0.599579 -0.608024 -0.520395)
     H    4    Vyy=   -0.1170    axis=(  0.186351  0.738431 -0.648068)
     H    4    Vzz=    0.2234    axis=( -0.778317 -0.291592 -0.556054)
     H    4  Q=         1.0000 1e-30 m^2  Cq=         0.5249 MHz  eta= 0.04728

     C    5    Vxx=    0.1315    axis=(  0.877691  0.390193 -0.278223)
     C    5    Vyy=    0.5198    axis=(  0.344057 -0.108928  0.932609)
     C    5    Vzz=   -0.6512    axis=(  0.333591 -0.914267 -0.229853)
     C    5  Q=         1.0000 1e-30 m^2  Cq=        -1.5301 MHz  eta= 0.59626

     H    6    Vxx=   -0.0691    axis=(  0.996992  0.018149  0.075349)
     H    6    Vyy=   -0.4120    axis=( -0.071356 -0.164549  0.983785)
     H    6    Vzz=    0.4811    axis=(  0.030253 -0.986202 -0.162759)
     H    6  Q=         1.0000 1e-30 m^2  Cq=         1.1303 MHz  eta= 0.71269

     H    7    Vxx=   -0.0489    axis=(  0.788500 -0.369639 -0.491563)
     H    7    Vyy=   -0.5553    axis=(  0.591988  0.239396  0.769571)
     H    7    Vzz=    0.6042    axis=( -0.166785 -0.897807  0.407586)
     H    7  Q=         1.0000 1e-30 m^2  Cq=         1.4197 MHz  eta= 0.83811

     C    8    Vxx=   -0.0882    axis=( -0.486803  0.478601  0.730728)
     C    8    Vyy=   -0.9664    axis=(  0.430043  0.859450 -0.276419)
     C    8    Vzz=    1.0546    axis=( -0.760319  0.179683 -0.624202)
     C    8  Q=         1.0000 1e-30 m^2  Cq=         2.4778 MHz  eta= 0.83271

     H    9    Vxx=   -0.0630    axis=(  0.264742  0.962274  0.062772)
     H    9    Vyy=   -0.2539    axis=( -0.100418 -0.037231  0.994248)
     H    9    Vzz=    0.3169    axis=(  0.959077 -0.269523  0.086773)
     H    9  Q=         1.0000 1e-30 m^2  Cq=         0.7447 MHz  eta= 0.60245

     C   10    Vxx=    0.0255    axis=(  0.278363  0.959338 -0.046748)
     C   10    Vyy=    0.3471    axis=( -0.268595  0.031022 -0.962754)
     C   10    Vzz=   -0.3726    axis=( -0.922155  0.280552  0.266309)
     C   10  Q=         1.0000 1e-30 m^2  Cq=        -0.8754 MHz  eta= 0.86311

     C   11    Vxx=    0.1686    axis=(  0.863494 -0.008808 -0.504282)
     C   11    Vyy=    0.2977    axis=(  0.499140  0.158393  0.851922)
     C   11    Vzz=   -0.4662    axis=(  0.072371 -0.987337  0.141168)
     C   11  Q=         1.0000 1e-30 m^2  Cq=        -1.0954 MHz  eta= 0.27692

     Cl  12    Vxx=   -0.7690    axis=( -0.229316  0.241498  0.942917)
     Cl  12    Vyy=   -2.3943    axis=( -0.582000  0.742464 -0.331699)
     Cl  12    Vzz=    3.1633    axis=( -0.780186 -0.624841 -0.029707)
     Cl  12  Q=        -8.1650 1e-30 m^2  Cq=       -60.6858 MHz  eta= 0.51380

     H   13    Vxx=    0.0244    axis=(  0.611524 -0.428049  0.665442)
     H   13    Vyy=    0.6310    axis=(  0.080164  0.870217  0.486103)
     H   13    Vzz=   -0.6554    axis=( -0.787155 -0.243919  0.566472)
     H   13  Q=         1.0000 1e-30 m^2  Cq=        -1.5399 MHz  eta= 0.92546

     C   14    Vxx=    0.0739    axis=( -0.364867  0.572542  0.734212)
     C   14    Vyy=    0.4922    axis=( -0.618654 -0.738406  0.268373)
     C   14    Vzz=   -0.5661    axis=(  0.695802 -0.356303  0.623625)
     C   14  Q=         1.0000 1e-30 m^2  Cq=        -1.3300 MHz  eta= 0.73907

     H   15    Vxx=   -0.0604    axis=( -0.495655 -0.261379  0.828256)
     H   15    Vyy=   -0.1904    axis=(  0.387229 -0.920117 -0.058638)
     H   15    Vzz=    0.2509    axis=(  0.777419  0.291660  0.557274)
     H   15  Q=         1.0000 1e-30 m^2  Cq=         0.5894 MHz  eta= 0.51810

     C   16    Vxx=    0.2136    axis=( -0.714385 -0.357009  0.601829)
     C   16    Vyy=    0.5435    axis=(  0.579167  0.181007  0.794859)
     C   16    Vzz=   -0.7572    axis=(  0.392707 -0.916396 -0.077459)
     C   16  Q=         1.0000 1e-30 m^2  Cq=        -1.7790 MHz  eta= 0.43572

     C   17    Vxx=    0.0108    axis=( -0.655665  0.736670 -0.165591)
     C   17    Vyy=    0.5889    axis=(  0.174486 -0.065545 -0.982476)
     C   17    Vzz=   -0.5998    axis=( -0.734614 -0.673068 -0.085563)
     C   17  Q=         1.0000 1e-30 m^2  Cq=        -1.4093 MHz  eta= 0.96384

     Cl  18    Vxx=    0.2102    axis=(  0.593435 -0.654118  0.469003)
     Cl  18    Vyy=    0.6086    axis=( -0.607250  0.018594  0.794293)
     Cl  18    Vzz=   -0.8189    axis=( -0.528282 -0.756164 -0.386179)
     Cl  18  Q=        -8.1650 1e-30 m^2  Cq=        15.7093 MHz  eta= 0.48654

     H   19    Vxx=   -0.0136    axis=(  0.945250  0.315372  0.083925)
     H   19    Vyy=   -0.5510    axis=( -0.266186  0.596284  0.757357)
     H   19    Vzz=    0.5646    axis=(  0.188806 -0.738231  0.647585)
     H   19  Q=         1.0000 1e-30 m^2  Cq=         1.3265 MHz  eta= 0.95179

     C   20    Vxx=   -0.0144    axis=( -0.057943  0.926248  0.372434)
     C   20    Vyy=   -0.6035    axis=( -0.998132 -0.046509 -0.039621)
     C   20    Vzz=    0.6179    axis=( -0.019378 -0.374034  0.927212)
     C   20  Q=         1.0000 1e-30 m^2  Cq=         1.4518 MHz  eta= 0.95338

     H   21    Vxx=    0.0408    axis=(  0.187756  0.959323  0.210824)
     H   21    Vyy=    0.6623    axis=( -0.856388  0.264996 -0.443143)
     H   21    Vzz=   -0.7031    axis=( -0.480985 -0.097345  0.871308)
     H   21  Q=         1.0000 1e-30 m^2  Cq=        -1.6521 MHz  eta= 0.88392

     C   22    Vxx=   -0.0331    axis=( -0.675125  0.250725  0.693789)
     C   22    Vyy=   -0.5714    axis=( -0.339203 -0.940662  0.009863)
     C   22    Vzz=    0.6045    axis=(  0.655093 -0.228676  0.720111)
     C   22  Q=         1.0000 1e-30 m^2  Cq=         1.4204 MHz  eta= 0.89034

     C   23    Vxx=   -0.2183    axis=( -0.479429 -0.606271 -0.634495)
     C   23    Vyy=   -0.4136    axis=(  0.861692 -0.188256 -0.471219)
     C   23    Vzz=    0.6319    axis=(  0.166239 -0.772655  0.612674)
     C   23  Q=         1.0000 1e-30 m^2  Cq=         1.4847 MHz  eta= 0.30909

     Cl  24    Vxx=    0.7312    axis=( -0.430280 -0.515271  0.741184)
     Cl  24    Vyy=    1.8684    axis=(  0.696802  0.332394  0.635595)
     Cl  24    Vzz=   -2.5996    axis=(  0.573869 -0.789943 -0.216020)
     Cl  24  Q=        -8.1650 1e-30 m^2  Cq=        49.8727 MHz  eta= 0.43744

     Initialization:
     gipaw_setup  :      9.01s CPU     10.85s WALL (       1 calls)

     Linear response

     Apply operators

     Induced current

     Other routines
     efg          :      9.20s CPU     11.94s WALL (       1 calls)

     General routines
     calbec       :      3.33s CPU      4.77s WALL (      16 calls)
     fft          :      1.53s CPU      1.99s WALL (      15 calls)
     ffts         :      0.04s CPU      0.04s WALL (       2 calls)
     fftw         :      3.15s CPU      3.70s WALL (     672 calls)
     davcio       :      0.05s CPU      0.32s WALL (      32 calls)

     Parallel routines
     fft_scatter  :      2.14s CPU      2.89s WALL (     689 calls)

     Plugins

     GIPAW        :     61.01s CPU     73.75s WALL (       1 calls)
