
     Program QE v.6.0 (svn rev. 13079) starts on 24Dec2016 at  2:27:26 

     This program is part of the open-source Quantum ESPRESSO suite
     for quantum simulation of materials; please cite
         "P. Giannozzi et al., J. Phys.:Condens. Matter 21 395502 (2009);
          URL http://www.quantum-espresso.org", 
     in publications or presentations arising from this work. More details at
     http://www.quantum-espresso.org/quote

     Parallel version (MPI), running on     8 processors
     R & G space division:  proc/nbgrp/npool/nimage =       8

     ***** This is GIPAW svn revision unknown      *****

     Parallelizing q-star over 1 images

     Reading data from directory:
     /users/majewski/paradichlorobenzene/pbe/9_constraint/scratch/pbe.ecut100.np8.dt60.pcl2phi-129368.save
     Message from routine read_xml_file:
     file /users/majewski/paradichlorobenzene/pbe/9_constraint/scratch/pbe.ecut100.np8.dt60.pcl2phi-129368.save not guaranteed to be safe for post-processing

   Info: using nr1, nr2, nr3 values from input

   Info: using nr1, nr2, nr3 values from input

     IMPORTANT: XC functional enforced from input :
     Exchange-correlation      =  SLA  PW   PBX  PBC ( 1  4  3  4 0 0)
     Any further DFT definition will be discarded
     Please, verify this is what you really want

               file C.pbe-n-kjpaw_psl.1.0.0.UPF: wavefunction(s)  2S 2P renormalized
               file Cl.pbe-n-kjpaw_psl.1.0.0.UPF: wavefunction(s)  3S 3P renormalized
               file H.pbe-kjpaw_psl.1.0.0.UPF: wavefunction(s)  1S renormalized

     Parallelization info
     --------------------
     sticks:   dense  smooth     PW     G-vecs:    dense   smooth      PW
     Min        3057    1223    332               144436    36536    5170
     Max        3059    1225    333               144437    36537    5171
     Sum       24467    9791   2657              1155489   292295   41363


     Subspace diagonalization in iterative solution of the eigenvalue problem:
     a serial algorithm will be used

     GIPAW projectors -----------------------------------------------
     atom=  C    l=0  rc=    1.2000  rs=    0.8000
     atom=  C    l=0  rc=    1.2000  rs=    0.8000
     atom=  C    l=1  rc=    1.4000  rs=    0.9333
     atom=  C    l=1  rc=    1.4000  rs=    0.9333
     projs nearly linearly dependent: l=1  n1,n2= 1, 2  s=  0.99951561

     atom=  Cl   l=0  rc=    1.6000  rs=    1.0667
     atom=  Cl   l=0  rc=    1.6000  rs=    1.0667
     atom=  Cl   l=1  rc=    1.6000  rs=    1.0667
     atom=  Cl   l=1  rc=    1.6000  rs=    1.0667
     atom=  Cl   l=2  rc=    1.6000  rs=    1.0667
     atom=  Cl   l=2  rc=    1.6000  rs=    1.0667
     projs nearly linearly dependent: l=2  n1,n2= 1, 2  s=  0.99993509

     atom=  H    l=0  rc=    1.0000  rs=    0.6667
     atom=  H    l=0  rc=    1.0000  rs=    0.6667
     projs nearly linearly dependent: l=0  n1,n2= 1, 2  s=  0.99968852
     -----------------------------------------------------------------

     GIPAW integrals: -------------------------------------------
     Atom  i/j   nmr_para   nmr_dia   epr_rmc  epr_para   epr_dia
       C   1 1   0.83E+03  0.17E-01  0.93E+01  0.24E+08  0.24E+03
       C   2 1   0.86E+03 -0.61E-01  0.94E+01  0.25E+08  0.25E+03
       C   2 2   0.90E+03 -0.15E+00  0.97E+01  0.26E+08  0.26E+03
       C   3 3   0.33E+01  0.34E+00  0.18E+01  0.55E+03  0.21E+02
       C   4 3   0.35E+01  0.37E+00  0.20E+01  0.59E+03  0.22E+02
       C   4 4   0.38E+01  0.39E+00  0.22E+01  0.63E+03  0.24E+02
       Cl  1 1   0.14E+04 -0.47E+00  0.84E+01  0.32E+09  0.42E+03
       Cl  2 1   0.21E+04 -0.37E+00  0.12E+02  0.49E+09  0.65E+03
       Cl  2 2   0.33E+04 -0.16E+00  0.21E+02  0.76E+09  0.10E+04
       Cl  3 3   0.21E+02  0.79E-01  0.89E+01  0.23E+05  0.13E+03
       Cl  4 3   0.24E+02  0.67E-01  0.99E+01  0.27E+05  0.15E+03
       Cl  4 4   0.28E+02  0.44E-01  0.11E+02  0.32E+05  0.18E+03
       Cl  5 5   0.77E+00  0.19E+00  0.18E+01  0.12E+03  0.22E+02
       Cl  6 5   0.80E+00  0.19E+00  0.19E+01  0.12E+03  0.23E+02
       Cl  6 6   0.83E+00  0.20E+00  0.19E+01  0.12E+03  0.23E+02
       H   1 1   0.39E+02  0.19E+00  0.29E+00  0.78E+05  0.13E+02
       H   2 1   0.41E+02  0.21E+00  0.32E+00  0.82E+05  0.14E+02
       H   2 2   0.43E+02  0.22E+00  0.36E+00  0.86E+05  0.15E+02
     ------------------------------------------------------------

     alpha_pv=     34.6044 eV

     Number of occupied bands for each k-point:
     k-point:     1    nbnd_occ=  42
     k-point:     2    nbnd_occ=  42
     k-point:     3    nbnd_occ=  42
     k-point:     4    nbnd_occ=  42
     k-point:     5    nbnd_occ=  42
     k-point:     6    nbnd_occ=  42
     k-point:     7    nbnd_occ=  42
     k-point:     8    nbnd_occ=  42
     k-point:     9    nbnd_occ=  42
     k-point:    10    nbnd_occ=  42
     k-point:    11    nbnd_occ=  42
     k-point:    12    nbnd_occ=  42
     k-point:    13    nbnd_occ=  42
     k-point:    14    nbnd_occ=  42
     k-point:    15    nbnd_occ=  42
     k-point:    16    nbnd_occ=  42


     q-space interpolation up to   110.00 Rydberg

     GIPAW job: efg                                                                             


     ELECTRIC FIELD GRADIENTS TENSORS IN Hartree/bohrradius^2:

     ----- bare term -----
     Cl   1        0.109325        0.082813       -0.020102
     Cl   1        0.082813        0.172191       -0.016886
     Cl   1       -0.020102       -0.016886       -0.281516

     C    2       -0.626841        0.078544       -0.243738
     C    2        0.078544        0.035524       -0.221849
     C    2       -0.243738       -0.221849        0.591317

     C    3       -0.029392        0.170239       -0.139298
     C    3        0.170239       -0.574464       -0.391978
     C    3       -0.139298       -0.391978        0.603856

     H    4       -0.583352       -0.077551        0.015756
     H    4       -0.077551        0.404713       -0.296296
     H    4        0.015756       -0.296296        0.178639

     C    5       -0.708717        0.317459       -0.409650
     C    5        0.317459        0.226920       -0.134188
     C    5       -0.409650       -0.134188        0.481797

     H    6        0.363319       -0.066116       -0.083433
     H    6       -0.066116       -0.496502       -0.567066
     H    6       -0.083433       -0.567066        0.133183

     H    7        0.350258        0.001519       -0.007186
     H    7        0.001519       -0.445950        0.527957
     H    7       -0.007186        0.527957        0.095693

     C    8       -0.422552       -0.041088       -0.354748
     C    8       -0.041088       -0.029748        0.436543
     C    8       -0.354748        0.436543        0.452301

     H    9       -0.267450        0.191105       -0.483352
     H    9        0.191105        0.385827        0.118433
     H    9       -0.483352        0.118433       -0.118377

     C   10       -0.180339       -0.406968       -0.071743
     C   10       -0.406968       -0.303987        0.493890
     C   10       -0.071743        0.493890        0.484326

     C   11       -0.358595        0.151156       -0.277897
     C   11        0.151156       -0.069490        0.580432
     C   11       -0.277897        0.580432        0.428085

     Cl  12       -0.059345       -0.151057       -0.030384
     Cl  12       -0.151057       -0.043958        0.004944
     Cl  12       -0.030384        0.004944        0.103303

     H   13        0.474754       -0.069012       -0.095386
     H   13       -0.069012       -0.100469       -0.570055
     H   13       -0.095386       -0.570055       -0.374285

     C   14       -0.192146        0.207626       -0.186008
     C   14        0.207626       -0.368375       -0.325187
     C   14       -0.186008       -0.325187        0.560521

     H   15       -0.376561       -0.400397       -0.455445
     H   15       -0.400397        0.179361       -0.254523
     H   15       -0.455445       -0.254523        0.197200

     C   16       -0.447691        0.318572       -0.309405
     C   16        0.318572        0.037490       -0.285584
     C   16       -0.309405       -0.285584        0.410201

     C   17       -0.032853        0.244637       -0.226795
     C   17        0.244637       -0.128162       -0.601397
     C   17       -0.226795       -0.601397        0.161015

     Cl  18       -0.115263        0.157660       -0.043074
     Cl  18        0.157660        0.024516       -0.076143
     Cl  18       -0.043074       -0.076143        0.090747

     H   19        0.218713        0.061611       -0.430517
     H   19        0.061611       -0.003111        0.392665
     H   19       -0.430517        0.392665       -0.215602

     C   20       -0.278861       -0.353584        0.048545
     C   20       -0.353584       -0.189181        0.434958
     C   20        0.048545        0.434958        0.468042

     H   21       -0.201814       -0.055285       -0.612329
     H   21       -0.055285        0.294272       -0.086774
     H   21       -0.612329       -0.086774       -0.092458

     C   22       -0.268297       -0.071377       -0.222041
     C   22       -0.071377       -0.116675        0.536923
     C   22       -0.222041        0.536923        0.384972

     C   23       -0.233775       -0.211540       -0.343591
     C   23       -0.211540       -0.198879        0.476782
     C   23       -0.343591        0.476782        0.432654

     Cl  24       -0.084597       -0.035869       -0.102665
     Cl  24       -0.035869       -0.006254        0.147095
     Cl  24       -0.102665        0.147095        0.090851

     ----- ionic term -----
     Cl   1        0.136666       -0.227743       -0.033453
     Cl   1       -0.227743        0.008465        0.034909
     Cl   1       -0.033453        0.034909       -0.145130

     C    2        0.242385       -0.148746        0.191523
     C    2       -0.148746        0.067819        0.472032
     C    2        0.191523        0.472032       -0.310204

     C    3        0.203370       -0.222681        0.080816
     C    3       -0.222681        0.102053        0.451476
     C    3        0.080816        0.451476       -0.305423

     H    4        0.750780        0.265579        0.598829
     H    4        0.265579       -0.472953        0.202223
     H    4        0.598829        0.202223       -0.277826

     C    5        0.334775       -0.176873        0.109663
     C    5       -0.176873        0.007306        0.345084
     C    5        0.109663        0.345084       -0.342081

     H    6       -0.520031        0.103982        0.055724
     H    6        0.103982        0.639963        0.746109
     H    6        0.055724        0.746109       -0.119932

     H    7       -0.522473       -0.052907        0.062652
     H    7       -0.052907        0.483246       -0.775324
     H    7        0.062652       -0.775324        0.039226

     C    8        0.257011        0.251649        0.356461
     C    8        0.251649       -0.036163       -0.303980
     C    8        0.356461       -0.303980       -0.220848

     H    9        0.418931       -0.115674        0.778585
     H    9       -0.115674       -0.502212       -0.177849
     H    9        0.778585       -0.177849        0.083281

     C   10        0.133270        0.339297        0.223916
     C   10        0.339297        0.085577       -0.357139
     C   10        0.223916       -0.357139       -0.218847

     C   11        0.188034        0.254089        0.302531
     C   11        0.254089        0.060807       -0.333808
     C   11        0.302531       -0.333808       -0.248841

     Cl  12        0.133874        0.232106        0.055320
     Cl  12        0.232106        0.029819        0.026504
     Cl  12        0.055320        0.026504       -0.163693

     H   13       -0.496860        0.112930        0.088246
     H   13        0.112930        0.600140        0.751229
     H   13        0.088246        0.751229       -0.103279

     C   14        0.368285       -0.117566        0.206764
     C   14       -0.117566       -0.043628        0.346236
     C   14        0.206764        0.346236       -0.324657

     H   15        0.614128        0.358106        0.636762
     H   15        0.358106       -0.440074        0.267768
     H   15        0.636762        0.267768       -0.174054

     C   16        0.183685       -0.191656        0.101900
     C   16       -0.191656        0.058275        0.438674
     C   16        0.101900        0.438674       -0.241960

     C   17        0.280322       -0.185792        0.105685
     C   17       -0.185792        0.002565        0.433549
     C   17        0.105685        0.433549       -0.282887

     Cl  18        0.152429       -0.204075       -0.052468
     Cl  18       -0.204075       -0.021608        0.031884
     Cl  18       -0.052468        0.031884       -0.130821

     H   19       -0.479540       -0.247202        0.145645
     H   19       -0.247202        0.646195       -0.681436
     H   19        0.145645       -0.681436       -0.166655

     C   20        0.266991        0.199443        0.266448
     C   20        0.199443        0.072558       -0.296230
     C   20        0.266448       -0.296230       -0.339549

     H   21        0.689647       -0.261391        0.626296
     H   21       -0.261391       -0.429049       -0.204414
     H   21        0.626296       -0.204414       -0.260598

     C   22        0.170679        0.264794        0.182775
     C   22        0.264794        0.196242       -0.377915
     C   22        0.182775       -0.377915       -0.366921

     C   23        0.149758        0.189988        0.363210
     C   23        0.189988        0.087226       -0.380633
     C   23        0.363210       -0.380633       -0.236984

     Cl  24        0.121223        0.229540        0.016050
     Cl  24        0.229540        0.020660        0.003795
     Cl  24        0.016050        0.003795       -0.141883

     ----- GIPAW term -----
     Cl   1       -0.533533       -0.848239        0.058536
     Cl   1       -0.848239       -1.019469        0.270618
     Cl   1        0.058536        0.270618        1.553002

     C    2       -0.166535       -0.062470       -0.027077
     C    2       -0.062470       -0.107478        0.033759
     C    2       -0.027077        0.033759        0.274013

     C    3       -0.112081       -0.005574       -0.059398
     C    3       -0.005574       -0.172493        0.069202
     C    3       -0.059398        0.069202        0.284573

     H    4       -0.000000        0.000000        0.000000
     H    4        0.000000        0.000000        0.000000
     H    4        0.000000        0.000000        0.000000

     C    5       -0.177905        0.016597       -0.075669
     C    5        0.016597        0.130869        0.084539
     C    5       -0.075669        0.084539        0.047035

     H    6       -0.000000        0.000000        0.000000
     H    6        0.000000        0.000000        0.000000
     H    6        0.000000        0.000000        0.000000

     H    7       -0.000000        0.000000        0.000000
     H    7        0.000000        0.000000        0.000000
     H    7        0.000000        0.000000        0.000000

     C    8       -0.064930        0.036577        0.009201
     C    8        0.036577       -0.044201        0.129261
     C    8        0.009201        0.129261        0.109131

     H    9       -0.000000        0.000000        0.000000
     H    9        0.000000        0.000000        0.000000
     H    9        0.000000        0.000000        0.000000

     C   10       -0.016332       -0.022705        0.047805
     C   10       -0.022705       -0.058585        0.103595
     C   10        0.047805        0.103595        0.074917

     C   11       -0.101772        0.142109        0.003310
     C   11        0.142109       -0.074325        0.187025
     C   11        0.003310        0.187025        0.176097

     Cl  12        1.486697        1.925313       -0.272339
     Cl  12        1.925313       -0.162232       -0.009505
     Cl  12       -0.272339       -0.009505       -1.324465

     H   13       -0.000000        0.000000        0.000000
     H   13        0.000000        0.000000        0.000000
     H   13        0.000000        0.000000        0.000000

     C   14       -0.106598        0.021864       -0.026063
     C   14        0.021864       -0.190797        0.019306
     C   14       -0.026063        0.019306        0.297395

     H   15       -0.000000        0.000000        0.000000
     H   15        0.000000        0.000000        0.000000
     H   15        0.000000        0.000000        0.000000

     C   16       -0.122821        0.102880       -0.030514
     C   16        0.102880        0.065180        0.029163
     C   16       -0.030514        0.029163        0.057641

     C   17        0.077917        0.040835       -0.051593
     C   17        0.040835        0.060378       -0.112838
     C   17       -0.051593       -0.112838       -0.138295

     Cl  18       -0.344779       -0.103567       -1.192239
     Cl  18       -0.103567        0.529644       -2.125005
     Cl  18       -1.192239       -2.125005       -0.184866

     H   19       -0.000000        0.000000        0.000000
     H   19        0.000000        0.000000        0.000000
     H   19        0.000000        0.000000        0.000000

     C   20       -0.099928       -0.000730        0.119563
     C   20       -0.000730       -0.107410        0.184041
     C   20        0.119563        0.184041        0.207337

     H   21       -0.000000        0.000000        0.000000
     H   21        0.000000        0.000000        0.000000
     H   21        0.000000        0.000000        0.000000

     C   22       -0.171901        0.039792       -0.006804
     C   22        0.039792       -0.030319        0.217354
     C   22       -0.006804        0.217354        0.202220

     C   23       -0.098007        0.019688       -0.091110
     C   23        0.019688       -0.038194        0.217401
     C   23       -0.091110        0.217401        0.136201

     Cl  24       -0.109258        1.356299       -0.828359
     Cl  24        1.356299        0.268610        2.039844
     Cl  24       -0.828359        2.039844       -0.159352

     ----- total EFG -----
     Cl   1       -0.287543       -0.993169        0.004981
     Cl   1       -0.993169       -0.838813        0.288642
     Cl   1        0.004981        0.288642        1.126356

     C    2       -0.550991       -0.132671       -0.079292
     C    2       -0.132671       -0.004135        0.283941
     C    2       -0.079292        0.283941        0.555126

     C    3        0.061897       -0.058016       -0.117880
     C    3       -0.058016       -0.644903        0.128700
     C    3       -0.117880        0.128700        0.583006

     H    4        0.167428        0.188028        0.614585
     H    4        0.188028       -0.068241       -0.094072
     H    4        0.614585       -0.094072       -0.099187

     C    5       -0.551847        0.157182       -0.375656
     C    5        0.157182        0.365095        0.295434
     C    5       -0.375656        0.295434        0.186752

     H    6       -0.156712        0.037867       -0.027709
     H    6        0.037867        0.143461        0.179043
     H    6       -0.027709        0.179043        0.013251

     H    7       -0.172215       -0.051387        0.055466
     H    7       -0.051387        0.037296       -0.247367
     H    7        0.055466       -0.247367        0.134919

     C    8       -0.230471        0.247138        0.010914
     C    8        0.247138       -0.110113        0.261824
     C    8        0.010914        0.261824        0.340584

     H    9        0.151481        0.075431        0.295233
     H    9        0.075431       -0.116385       -0.059417
     H    9        0.295233       -0.059417       -0.035097

     C   10       -0.063401       -0.090376        0.199979
     C   10       -0.090376       -0.276994        0.240346
     C   10        0.199979        0.240346        0.340395

     C   11       -0.272333        0.547355        0.027944
     C   11        0.547355       -0.083008        0.433650
     C   11        0.027944        0.433650        0.355341

     Cl  12        1.561225        2.006363       -0.247403
     Cl  12        2.006363       -0.176370        0.021944
     Cl  12       -0.247403        0.021944       -1.384855

     H   13       -0.022106        0.043918       -0.007141
     H   13        0.043918        0.499670        0.181174
     H   13       -0.007141        0.181174       -0.477564

     C   14        0.069541        0.111924       -0.005307
     C   14        0.111924       -0.602800        0.040355
     C   14       -0.005307        0.040355        0.533259

     H   15        0.237567       -0.042291        0.181317
     H   15       -0.042291       -0.260713        0.013245
     H   15        0.181317        0.013245        0.023146

     C   16       -0.386826        0.229796       -0.238019
     C   16        0.229796        0.160945        0.182253
     C   16       -0.238019        0.182253        0.225882

     C   17        0.325386        0.099680       -0.172703
     C   17        0.099680       -0.065219       -0.280686
     C   17       -0.172703       -0.280686       -0.260167

     Cl  18       -0.307612       -0.149983       -1.287781
     Cl  18       -0.149983        0.532552       -2.169263
     Cl  18       -1.287781       -2.169263       -0.224939

     H   19       -0.260827       -0.185591       -0.284872
     H   19       -0.185591        0.643083       -0.288771
     H   19       -0.284872       -0.288771       -0.382256

     C   20       -0.111798       -0.154871        0.434556
     C   20       -0.154871       -0.224032        0.322769
     C   20        0.434556        0.322769        0.335830

     H   21        0.487833       -0.316675        0.013967
     H   21       -0.316675       -0.134777       -0.291188
     H   21        0.013967       -0.291188       -0.353056

     C   22       -0.269518        0.233208       -0.046070
     C   22        0.233208        0.049248        0.376362
     C   22       -0.046070        0.376362        0.220270

     C   23       -0.182024       -0.001863       -0.071491
     C   23       -0.001863       -0.149847        0.313551
     C   23       -0.071491        0.313551        0.331871

     Cl  24       -0.072631        1.549970       -0.914974
     Cl  24        1.549970        0.283016        2.190734
     Cl  24       -0.914974        2.190734       -0.210385

     ----- total EFG (symmetrized) -----
     Cl   1       -0.287543       -0.993169        0.004981
     Cl   1       -0.993169       -0.838813        0.288642
     Cl   1        0.004981        0.288642        1.126356

     C    2       -0.550991       -0.132671       -0.079292
     C    2       -0.132671       -0.004135        0.283941
     C    2       -0.079292        0.283941        0.555126

     C    3        0.061897       -0.058016       -0.117880
     C    3       -0.058016       -0.644903        0.128700
     C    3       -0.117880        0.128700        0.583006

     H    4        0.167428        0.188028        0.614585
     H    4        0.188028       -0.068241       -0.094072
     H    4        0.614585       -0.094072       -0.099187

     C    5       -0.551847        0.157182       -0.375656
     C    5        0.157182        0.365095        0.295434
     C    5       -0.375656        0.295434        0.186752

     H    6       -0.156712        0.037867       -0.027709
     H    6        0.037867        0.143461        0.179043
     H    6       -0.027709        0.179043        0.013251

     H    7       -0.172215       -0.051387        0.055466
     H    7       -0.051387        0.037296       -0.247367
     H    7        0.055466       -0.247367        0.134919

     C    8       -0.230471        0.247138        0.010914
     C    8        0.247138       -0.110113        0.261824
     C    8        0.010914        0.261824        0.340584

     H    9        0.151481        0.075431        0.295233
     H    9        0.075431       -0.116385       -0.059417
     H    9        0.295233       -0.059417       -0.035097

     C   10       -0.063401       -0.090376        0.199979
     C   10       -0.090376       -0.276994        0.240346
     C   10        0.199979        0.240346        0.340395

     C   11       -0.272333        0.547355        0.027944
     C   11        0.547355       -0.083008        0.433650
     C   11        0.027944        0.433650        0.355341

     Cl  12        1.561225        2.006363       -0.247403
     Cl  12        2.006363       -0.176370        0.021944
     Cl  12       -0.247403        0.021944       -1.384855

     H   13       -0.022106        0.043918       -0.007141
     H   13        0.043918        0.499670        0.181174
     H   13       -0.007141        0.181174       -0.477564

     C   14        0.069541        0.111924       -0.005307
     C   14        0.111924       -0.602800        0.040355
     C   14       -0.005307        0.040355        0.533259

     H   15        0.237567       -0.042291        0.181317
     H   15       -0.042291       -0.260713        0.013245
     H   15        0.181317        0.013245        0.023146

     C   16       -0.386826        0.229796       -0.238019
     C   16        0.229796        0.160945        0.182253
     C   16       -0.238019        0.182253        0.225882

     C   17        0.325386        0.099680       -0.172703
     C   17        0.099680       -0.065219       -0.280686
     C   17       -0.172703       -0.280686       -0.260167

     Cl  18       -0.307612       -0.149983       -1.287781
     Cl  18       -0.149983        0.532552       -2.169263
     Cl  18       -1.287781       -2.169263       -0.224939

     H   19       -0.260827       -0.185591       -0.284872
     H   19       -0.185591        0.643083       -0.288771
     H   19       -0.284872       -0.288771       -0.382256

     C   20       -0.111798       -0.154871        0.434556
     C   20       -0.154871       -0.224032        0.322769
     C   20        0.434556        0.322769        0.335830

     H   21        0.487833       -0.316675        0.013967
     H   21       -0.316675       -0.134777       -0.291188
     H   21        0.013967       -0.291188       -0.353056

     C   22       -0.269518        0.233208       -0.046070
     C   22        0.233208        0.049248        0.376362
     C   22       -0.046070        0.376362        0.220270

     C   23       -0.182024       -0.001863       -0.071491
     C   23       -0.001863       -0.149847        0.313551
     C   23       -0.071491        0.313551        0.331871

     Cl  24       -0.072631        1.549970       -0.914974
     Cl  24        1.549970        0.283016        2.190734
     Cl  24       -0.914974        2.190734       -0.210385


     NQR/NMR SPECTROSCOPIC PARAMETERS:
     Cl   1    Vxx=    0.4274    axis=(  0.790596 -0.567948  0.228897)
     Cl   1    Vyy=    1.1864    axis=(  0.134196 -0.204020 -0.969726)
     Cl   1    Vzz=   -1.6138    axis=(  0.597453  0.797378 -0.085081)
     Cl   1  Q=        -8.1650 1e-30 m^2  Cq=        30.9593 MHz  eta= 0.47034

     C    2    Vxx=   -0.1050    axis=( -0.193135  0.892685 -0.407200)
     C    2    Vyy=   -0.5817    axis=( -0.975978 -0.217435 -0.013766)
     C    2    Vzz=    0.6866    axis=( -0.100828  0.394760  0.913235)
     C    2  Q=         1.0000 1e-30 m^2  Cq=         1.6133 MHz  eta= 0.69429

     C    3    Vxx=    0.0377    axis=(  0.974535 -0.041272  0.220406)
     C    3    Vyy=    0.6235    axis=( -0.214930  0.108317  0.970604)
     C    3    Vzz=   -0.6612    axis=( -0.063932 -0.993259  0.096688)
     C    3  Q=         1.0000 1e-30 m^2  Cq=        -1.5535 MHz  eta= 0.88598

     H    4    Vxx=   -0.0162    axis=(  0.101259  0.942465 -0.318601)
     H    4    Vyy=   -0.6575    axis=( -0.612379  0.311434  0.726637)
     H    4    Vzz=    0.6737    axis=(  0.784053  0.121526  0.608681)
     H    4  Q=         1.0000 1e-30 m^2  Cq=         1.5829 MHz  eta= 0.95180

     C    5    Vxx=    0.1755    axis=( -0.463055 -0.613221  0.639953)
     C    5    Vyy=    0.5952    axis=(  0.108003 -0.755684 -0.645970)
     C    5    Vzz=   -0.7706    axis=( -0.879725  0.230002 -0.416153)
     C    5  Q=         1.0000 1e-30 m^2  Cq=        -1.8107 MHz  eta= 0.54461

     H    6    Vxx=   -0.0849    axis=( -0.522615 -0.470659  0.710883)
     H    6    Vyy=   -0.1845    axis=( -0.851813  0.323355 -0.412136)
     H    6    Vzz=    0.2694    axis=( -0.035892 -0.820927 -0.569904)
     H    6  Q=         1.0000 1e-30 m^2  Cq=         0.6330 MHz  eta= 0.36960

     H    7    Vxx=   -0.1650    axis=( -0.234078  0.728278  0.644064)
     H    7    Vyy=   -0.1842    axis=( -0.961602 -0.271063 -0.042977)
     H    7    Vzz=    0.3492    axis=(  0.143283 -0.629393  0.763763)
     H    7  Q=         1.0000 1e-30 m^2  Cq=         0.8204 MHz  eta= 0.05519

     C    8    Vxx=   -0.0230    axis=( -0.676802 -0.587632  0.443427)
     C    8    Vyy=   -0.4575    axis=( -0.715593  0.666552 -0.208890)
     C    8    Vzz=    0.4805    axis=(  0.172816  0.458691  0.871629)
     C    8  Q=         1.0000 1e-30 m^2  Cq=         1.1291 MHz  eta= 0.90409

     H    9    Vxx=   -0.0706    axis=(  0.226716  0.889075 -0.397675)
     H    9    Vyy=   -0.2986    axis=( -0.540529  0.454513  0.707988)
     H    9    Vzz=    0.3692    axis=( -0.810203 -0.054443 -0.583616)
     H    9  Q=         1.0000 1e-30 m^2  Cq=         0.8675 MHz  eta= 0.61771

     C   10    Vxx=   -0.0458    axis=(  0.861919 -0.486253 -0.143716)
     C   10    Vyy=   -0.4273    axis=(  0.409563  0.834754 -0.368028)
     C   10    Vzz=    0.4731    axis=(  0.298922  0.258350  0.918641)
     C   10  Q=         1.0000 1e-30 m^2  Cq=         1.1115 MHz  eta= 0.80654

     C   11    Vxx=    0.0575    axis=( -0.628432 -0.412416  0.659535)
     C   11    Vyy=    0.7391    axis=(  0.348915  0.608343  0.712865)
     C   11    Vzz=   -0.7966    axis=( -0.695221  0.678109 -0.238404)
     C   11  Q=         1.0000 1e-30 m^2  Cq=        -1.8718 MHz  eta= 0.85552

     Cl  12    Vxx=   -1.2819    axis=( -0.290911  0.511908  0.808283)
     Cl  12    Vyy=   -1.6058    axis=(  0.465479 -0.662366  0.587027)
     Cl  12    Vzz=    2.8877    axis=( -0.835883 -0.547011  0.045592)
     Cl  12  Q=        -8.1650 1e-30 m^2  Cq=       -55.3992 MHz  eta= 0.11216

     H   13    Vxx=   -0.0248    axis=(  0.996714 -0.068553 -0.043153)
     H   13    Vyy=   -0.5105    axis=( -0.030362  0.177727 -0.983611)
     H   13    Vzz=    0.5353    axis=(  0.075099  0.981689  0.175061)
     H   13  Q=         1.0000 1e-30 m^2  Cq=         1.2578 MHz  eta= 0.90728

     C   14    Vxx=    0.0877    axis=(  0.987137  0.159851 -0.002721)
     C   14    Vyy=    0.5347    axis=(  0.002940 -0.035166 -0.999377)
     C   14    Vzz=   -0.6224    axis=( -0.159848  0.986515 -0.035183)
     C   14  Q=         1.0000 1e-30 m^2  Cq=        -1.4623 MHz  eta= 0.71824

     H   15    Vxx=   -0.0747    axis=( -0.477535  0.169938  0.862021)
     H   15    Vyy=   -0.2678    axis=( -0.126768 -0.984177  0.123794)
     H   15    Vzz=    0.3425    axis=(  0.869419 -0.050161  0.491522)
     H   15  Q=         1.0000 1e-30 m^2  Cq=         0.8048 MHz  eta= 0.56389

     C   16    Vxx=    0.1929    axis=(  0.487303  0.724585 -0.487352)
     C   16    Vyy=    0.3811    axis=(  0.072762 -0.589852 -0.804226)
     C   16    Vzz=   -0.5740    axis=( -0.870196  0.356441 -0.340159)
     C   16  Q=         1.0000 1e-30 m^2  Cq=        -1.3487 MHz  eta= 0.32784

     C   17    Vxx=    0.0286    axis=(  0.502072 -0.750716  0.429359)
     C   17    Vyy=    0.4405    axis=( -0.857629 -0.368285  0.358940)
     C   17    Vzz=   -0.4691    axis=( -0.111336 -0.548445 -0.828742)
     C   17  Q=         1.0000 1e-30 m^2  Cq=        -1.1022 MHz  eta= 0.87786

     Cl  18    Vxx=    0.0351    axis=(  0.856087 -0.487713 -0.171030)
     Cl  18    Vyy=    2.5515    axis=(  0.263806  0.696917 -0.666868)
     Cl  18    Vzz=   -2.5866    axis=(  0.444433  0.525778  0.725284)
     Cl  18  Q=        -8.1650 1e-30 m^2  Cq=        49.6229 MHz  eta= 0.97286

     H   19    Vxx=   -0.0319    axis=(  0.792136 -0.042677 -0.608851)
     H   19    Vyy=   -0.6997    axis=(  0.598899  0.246633  0.761900)
     H   19    Vzz=    0.7315    axis=(  0.117647 -0.968169  0.220926)
     H   19  Q=         1.0000 1e-30 m^2  Cq=         1.7188 MHz  eta= 0.91287

     C   20    Vxx=   -0.0269    axis=(  0.660616 -0.738638 -0.134167)
     C   20    Vyy=   -0.6223    axis=(  0.605349  0.629813 -0.486711)
     C   20    Vzz=    0.6492    axis=(  0.444004  0.240311  0.863198)
     C   20  Q=         1.0000 1e-30 m^2  Cq=         1.5254 MHz  eta= 0.91716

     H   21    Vxx=   -0.0533    axis=(  0.405436  0.665096 -0.627112)
     H   21    Vyy=   -0.5845    axis=(  0.172515  0.618028  0.766995)
     H   21    Vzz=    0.6378    axis=( -0.897697  0.419153 -0.135832)
     H   21  Q=         1.0000 1e-30 m^2  Cq=         1.4986 MHz  eta= 0.83299

     C   22    Vxx=   -0.0588    axis=( -0.668384 -0.494089  0.556003)
     C   22    Vyy=   -0.4779    axis=( -0.729666  0.580649 -0.361157)
     C   22    Vzz=    0.5367    axis=(  0.144399  0.647088  0.748616)
     C   22  Q=         1.0000 1e-30 m^2  Cq=         1.2610 MHz  eta= 0.78088

     C   23    Vxx=   -0.1811    axis=(  0.967458  0.252289 -0.019380)
     C   23    Vyy=   -0.3116    axis=( -0.234121  0.863468 -0.446777)
     C   23    Vzz=    0.4927    axis=( -0.095983  0.436775  0.894435)
     C   23  Q=         1.0000 1e-30 m^2  Cq=         1.1575 MHz  eta= 0.26489

     Cl  24    Vxx=    0.7401    axis=(  0.821968  0.100035 -0.560679)
     Cl  24    Vyy=    2.4035    axis=( -0.283876 -0.781489 -0.555599)
     Cl  24    Vzz=   -3.1437    axis=(  0.493744 -0.615848  0.613961)
     Cl  24  Q=        -8.1650 1e-30 m^2  Cq=        60.3096 MHz  eta= 0.52913

     Initialization:
     gipaw_setup  :      9.67s CPU     11.67s WALL (       1 calls)

     Linear response

     Apply operators

     Induced current

     Other routines
     efg          :      9.94s CPU     14.33s WALL (       1 calls)

     General routines
     calbec       :      3.32s CPU      4.09s WALL (      16 calls)
     fft          :      1.46s CPU      1.90s WALL (      15 calls)
     ffts         :      0.04s CPU      0.06s WALL (       2 calls)
     fftw         :      3.77s CPU      5.24s WALL (     672 calls)
     davcio       :      0.07s CPU      1.91s WALL (      32 calls)

     Parallel routines
     fft_scatter  :      2.68s CPU      4.36s WALL (     689 calls)

     Plugins

     GIPAW        :     63.49s CPU     79.27s WALL (       1 calls)
