
     Program QE v.6.0 (svn rev. 13079) starts on 12Jan2017 at  3:19: 5 

     This program is part of the open-source Quantum ESPRESSO suite
     for quantum simulation of materials; please cite
         "P. Giannozzi et al., J. Phys.:Condens. Matter 21 395502 (2009);
          URL http://www.quantum-espresso.org", 
     in publications or presentations arising from this work. More details at
     http://www.quantum-espresso.org/quote

     Parallel version (MPI), running on     8 processors
     R & G space division:  proc/nbgrp/npool/nimage =       8

     ***** This is GIPAW svn revision unknown      *****

     Parallelizing q-star over 1 images

     Reading data from directory:
     /users/majewski/paradichlorobenzene/pbe/9_constraint/scratch/pbe.ecut100.np8.dt60.pcl2phi-129368.save
     Message from routine read_xml_file:
     file /users/majewski/paradichlorobenzene/pbe/9_constraint/scratch/pbe.ecut100.np8.dt60.pcl2phi-129368.save not guaranteed to be safe for post-processing

   Info: using nr1, nr2, nr3 values from input

   Info: using nr1, nr2, nr3 values from input

     IMPORTANT: XC functional enforced from input :
     Exchange-correlation      =  SLA  PW   PBX  PBC ( 1  4  3  4 0 0)
     Any further DFT definition will be discarded
     Please, verify this is what you really want

               file C.pbe-n-kjpaw_psl.1.0.0.UPF: wavefunction(s)  2S 2P renormalized
               file Cl.pbe-n-kjpaw_psl.1.0.0.UPF: wavefunction(s)  3S 3P renormalized
               file H.pbe-kjpaw_psl.1.0.0.UPF: wavefunction(s)  1S renormalized

     Parallelization info
     --------------------
     sticks:   dense  smooth     PW     G-vecs:    dense   smooth      PW
     Min        3057    1223    332               144436    36536    5170
     Max        3059    1225    333               144437    36537    5171
     Sum       24467    9791   2657              1155489   292295   41363


     Subspace diagonalization in iterative solution of the eigenvalue problem:
     a serial algorithm will be used

     GIPAW projectors -----------------------------------------------
     atom=  C    l=0  rc=    1.2000  rs=    0.8000
     atom=  C    l=0  rc=    1.2000  rs=    0.8000
     atom=  C    l=1  rc=    1.4000  rs=    0.9333
     atom=  C    l=1  rc=    1.4000  rs=    0.9333
     projs nearly linearly dependent: l=1  n1,n2= 1, 2  s=  0.99951561

     atom=  Cl   l=0  rc=    1.6000  rs=    1.0667
     atom=  Cl   l=0  rc=    1.6000  rs=    1.0667
     atom=  Cl   l=1  rc=    1.6000  rs=    1.0667
     atom=  Cl   l=1  rc=    1.6000  rs=    1.0667
     atom=  Cl   l=2  rc=    1.6000  rs=    1.0667
     atom=  Cl   l=2  rc=    1.6000  rs=    1.0667
     projs nearly linearly dependent: l=2  n1,n2= 1, 2  s=  0.99993509

     atom=  H    l=0  rc=    1.0000  rs=    0.6667
     atom=  H    l=0  rc=    1.0000  rs=    0.6667
     projs nearly linearly dependent: l=0  n1,n2= 1, 2  s=  0.99968852
     -----------------------------------------------------------------

     GIPAW integrals: -------------------------------------------
     Atom  i/j   nmr_para   nmr_dia   epr_rmc  epr_para   epr_dia
       C   1 1   0.83E+03  0.17E-01  0.93E+01  0.24E+08  0.24E+03
       C   2 1   0.86E+03 -0.61E-01  0.94E+01  0.25E+08  0.25E+03
       C   2 2   0.90E+03 -0.15E+00  0.97E+01  0.26E+08  0.26E+03
       C   3 3   0.33E+01  0.34E+00  0.18E+01  0.55E+03  0.21E+02
       C   4 3   0.35E+01  0.37E+00  0.20E+01  0.59E+03  0.22E+02
       C   4 4   0.38E+01  0.39E+00  0.22E+01  0.63E+03  0.24E+02
       Cl  1 1   0.14E+04 -0.47E+00  0.84E+01  0.32E+09  0.42E+03
       Cl  2 1   0.21E+04 -0.37E+00  0.12E+02  0.49E+09  0.65E+03
       Cl  2 2   0.33E+04 -0.16E+00  0.21E+02  0.76E+09  0.10E+04
       Cl  3 3   0.21E+02  0.79E-01  0.89E+01  0.23E+05  0.13E+03
       Cl  4 3   0.24E+02  0.67E-01  0.99E+01  0.27E+05  0.15E+03
       Cl  4 4   0.28E+02  0.44E-01  0.11E+02  0.32E+05  0.18E+03
       Cl  5 5   0.77E+00  0.19E+00  0.18E+01  0.12E+03  0.22E+02
       Cl  6 5   0.80E+00  0.19E+00  0.19E+01  0.12E+03  0.23E+02
       Cl  6 6   0.83E+00  0.20E+00  0.19E+01  0.12E+03  0.23E+02
       H   1 1   0.39E+02  0.19E+00  0.29E+00  0.78E+05  0.13E+02
       H   2 1   0.41E+02  0.21E+00  0.32E+00  0.82E+05  0.14E+02
       H   2 2   0.43E+02  0.22E+00  0.36E+00  0.86E+05  0.15E+02
     ------------------------------------------------------------

     alpha_pv=     34.6575 eV

     Number of occupied bands for each k-point:
     k-point:     1    nbnd_occ=  42
     k-point:     2    nbnd_occ=  42
     k-point:     3    nbnd_occ=  42
     k-point:     4    nbnd_occ=  42
     k-point:     5    nbnd_occ=  42
     k-point:     6    nbnd_occ=  42
     k-point:     7    nbnd_occ=  42
     k-point:     8    nbnd_occ=  42
     k-point:     9    nbnd_occ=  42
     k-point:    10    nbnd_occ=  42
     k-point:    11    nbnd_occ=  42
     k-point:    12    nbnd_occ=  42
     k-point:    13    nbnd_occ=  42
     k-point:    14    nbnd_occ=  42
     k-point:    15    nbnd_occ=  42
     k-point:    16    nbnd_occ=  42


     q-space interpolation up to   110.00 Rydberg

     GIPAW job: efg                                                                             


     ELECTRIC FIELD GRADIENTS TENSORS IN Hartree/bohrradius^2:

     ----- bare term -----
     Cl   1       -0.001889        0.022844       -0.087792
     Cl   1        0.022844       -0.000071        0.060830
     Cl   1       -0.087792        0.060830        0.001960

     C    2       -0.269749        0.258453       -0.254337
     C    2        0.258453       -0.203795       -0.480607
     C    2       -0.254337       -0.480607        0.473544

     C    3        0.070741        0.510873       -0.174255
     C    3        0.510873       -0.306231       -0.441140
     C    3       -0.174255       -0.441140        0.235490

     H    4        0.064198       -0.072356       -0.168225
     H    4       -0.072356        0.516866       -0.121604
     H    4       -0.168225       -0.121604       -0.581064

     C    5       -0.492962        0.300488       -0.473987
     C    5        0.300488        0.305589       -0.138426
     C    5       -0.473987       -0.138426        0.187373

     H    6       -0.290094        0.159357        0.074984
     H    6        0.159357       -0.002272       -0.463830
     H    6        0.074984       -0.463830        0.292366

     H    7        0.461264        0.178975       -0.003334
     H    7        0.178975       -0.797959        0.091003
     H    7       -0.003334        0.091003        0.336695

     C    8       -0.189567       -0.207036       -0.242559
     C    8       -0.207036       -0.119337        0.425478
     C    8       -0.242559        0.425478        0.308904

     H    9       -0.290127        0.419977        0.161501
     H    9        0.419977        0.075347       -0.172393
     H    9        0.161501       -0.172393        0.214780

     C   10       -0.274111       -0.253178       -0.042542
     C   10       -0.253178       -0.121374        0.353827
     C   10       -0.042542        0.353827        0.395485

     C   11       -0.135747        0.233295       -0.294612
     C   11        0.233295       -0.016826        0.645680
     C   11       -0.294612        0.645680        0.152573

     Cl  12        0.297642       -0.136269        0.128125
     Cl  12       -0.136269        0.077557       -0.592683
     Cl  12        0.128125       -0.592683       -0.375198

     H   13        0.368046        0.166421       -0.078793
     H   13        0.166421       -0.718585       -0.022265
     H   13       -0.078793       -0.022265        0.350539

     C   14       -0.094082       -0.254424       -0.365616
     C   14       -0.254424       -0.019983       -0.468667
     C   14       -0.365616       -0.468667        0.114065

     H   15        0.031790       -0.186648       -0.357393
     H   15       -0.186648       -0.088926       -0.525174
     H   15       -0.357393       -0.525174        0.057136

     C   16       -0.747125        0.337435       -0.334865
     C   16        0.337435        0.317872       -0.050744
     C   16       -0.334865       -0.050744        0.429253

     C   17        0.113859        0.126174       -0.099043
     C   17        0.126174       -0.438409       -0.388506
     C   17       -0.099043       -0.388506        0.324551

     Cl  18        0.148421        0.210329       -0.044517
     Cl  18        0.210329        0.114258       -0.322336
     Cl  18       -0.044517       -0.322336       -0.262679

     H   19        0.214799       -0.027352       -0.370771
     H   19       -0.027352       -0.168122        0.411536
     H   19       -0.370771        0.411536       -0.046677

     C   20       -0.436893       -0.313581       -0.107521
     C   20       -0.313581        0.061389        0.310738
     C   20       -0.107521        0.310738        0.375505

     H   21       -0.659618        0.140268        0.087572
     H   21        0.140268        0.433965        0.179798
     H   21        0.087572        0.179798        0.225654

     C   22        0.055561        0.176412       -0.339726
     C   22        0.176412       -0.390678        0.444174
     C   22       -0.339726        0.444174        0.335116

     C   23       -0.697676       -0.133943       -0.264631
     C   23       -0.133943        0.079633        0.144855
     C   23       -0.264631        0.144855        0.618043

     Cl  24        0.199379       -0.065277       -0.003014
     Cl  24       -0.065277        0.239236        0.090417
     Cl  24       -0.003014        0.090417       -0.438616

     ----- ionic term -----
     Cl   1        0.196152       -0.222244        0.065946
     Cl   1       -0.222244       -0.050168       -0.028538
     Cl   1        0.065946       -0.028538       -0.145984

     C    2        0.127231       -0.211032        0.295584
     C    2       -0.211032        0.155094        0.412686
     C    2        0.295584        0.412686       -0.282325

     C    3        0.033077       -0.315234        0.255224
     C    3       -0.315234        0.199998        0.363748
     C    3        0.255224        0.363748       -0.233075

     H    4        0.128420        0.295923        0.726006
     H    4        0.295923       -0.339714        0.392394
     H    4        0.726006        0.392394        0.211294

     C    5        0.188499       -0.257555        0.382302
     C    5       -0.257555        0.016779        0.269773
     C    5        0.382302        0.269773       -0.205279

     H    6       -0.461572       -0.268816       -0.127395
     H    6       -0.268816        0.596814        0.669047
     H    6       -0.127395        0.669047       -0.135242

     H    7       -0.504855       -0.131814        0.037940
     H    7       -0.131814        0.915659       -0.534048
     H    7        0.037940       -0.534048       -0.410804

     C    8        0.406995        0.063323        0.075074
     C    8        0.063323        0.027369       -0.335361
     C    8        0.075074       -0.335361       -0.434364

     H    9        0.844443       -0.512551        0.232193
     H    9       -0.512551       -0.349208       -0.172473
     H    9        0.232193       -0.172473       -0.495235

     C   10        0.213957        0.072017       -0.029258
     C   10        0.072017        0.149797       -0.461756
     C   10       -0.029258       -0.461756       -0.363754

     C   11        0.259552        0.009756        0.091154
     C   11        0.009756        0.080646       -0.469932
     C   11        0.091154       -0.469932       -0.340198

     Cl  12        0.130486        0.161160       -0.075963
     Cl  12        0.161160       -0.024451       -0.045046
     Cl  12       -0.075963       -0.045046       -0.106035

     H   13       -0.525048        0.023361        0.010767
     H   13        0.023361        0.780876        0.624517
     H   13        0.010767        0.624517       -0.255828

     C   14        0.167585       -0.113902        0.356567
     C   14       -0.113902        0.121767        0.275517
     C   14        0.356567        0.275517       -0.289351

     H   15        0.473564        0.311912        0.715219
     H   15        0.311912       -0.361551        0.287061
     H   15        0.715219        0.287061       -0.112013

     C   16        0.077730       -0.240894        0.274224
     C   16       -0.240894        0.261492        0.307776
     C   16        0.274224        0.307776       -0.339222

     C   17        0.076687       -0.221699        0.411925
     C   17       -0.221699        0.185016        0.352944
     C   17        0.411925        0.352944       -0.261703

     Cl  18        0.157637       -0.217714        0.093039
     Cl  18       -0.217714       -0.004522       -0.046527
     Cl  18        0.093039       -0.046527       -0.153114

     H   19       -0.524740       -0.148991        0.084127
     H   19       -0.148991        0.569743       -0.779357
     H   19        0.084127       -0.779357       -0.045003

     C   20        0.309017        0.070375        0.089398
     C   20        0.070375        0.013146       -0.377671
     C   20        0.089398       -0.377671       -0.322163

     H   21        0.645060       -0.433757        0.564142
     H   21       -0.433757       -0.391567       -0.282102
     H   21        0.564142       -0.282102       -0.253493

     C   22        0.151509        0.075841        0.087936
     C   22        0.075841        0.110947       -0.487540
     C   22        0.087936       -0.487540       -0.262456

     C   23        0.305825        0.018649        0.151204
     C   23        0.018649        0.044530       -0.477454
     C   23        0.151204       -0.477454       -0.350355

     Cl  24        0.111721        0.220934       -0.063748
     Cl  24        0.220934        0.018195       -0.042340
     Cl  24       -0.063748       -0.042340       -0.129916

     ----- GIPAW term -----
     Cl   1       -0.530729       -1.552074        0.404723
     Cl   1       -1.552074       -1.126407       -0.936424
     Cl   1        0.404723       -0.936424        1.657136

     C    2       -0.111829       -0.041351       -0.030594
     C    2       -0.041351       -0.026791       -0.225496
     C    2       -0.030594       -0.225496        0.138620

     C    3        0.060945        0.176680       -0.137876
     C    3        0.176680       -0.061579       -0.130423
     C    3       -0.137876       -0.130423        0.000635

     H    4       -0.000000        0.000000        0.000000
     H    4        0.000000        0.000000        0.000000
     H    4        0.000000        0.000000        0.000000

     C    5        0.062222        0.212930        0.021189
     C    5        0.212930        0.051436        0.065694
     C    5        0.021189        0.065694       -0.113658

     H    6       -0.000000        0.000000        0.000000
     H    6        0.000000        0.000000        0.000000
     H    6        0.000000        0.000000        0.000000

     H    7       -0.000000        0.000000        0.000000
     H    7        0.000000        0.000000        0.000000
     H    7        0.000000        0.000000        0.000000

     C    8       -0.062749       -0.062320       -0.018432
     C    8       -0.062320        0.072688        0.030724
     C    8       -0.018432        0.030724       -0.009940

     H    9       -0.000000        0.000000        0.000000
     H    9        0.000000        0.000000        0.000000
     H    9        0.000000        0.000000        0.000000

     C   10       -0.124817       -0.045716       -0.036834
     C   10       -0.045716        0.016913        0.166481
     C   10       -0.036834        0.166481        0.107904

     C   11       -0.069484        0.124641       -0.007969
     C   11        0.124641        0.054323        0.217471
     C   11       -0.007969        0.217471        0.015160

     Cl  12        0.363945        0.023678       -0.171887
     Cl  12        0.023678       -0.135745       -0.422655
     Cl  12       -0.171887       -0.422655       -0.228200

     H   13       -0.000000        0.000000        0.000000
     H   13        0.000000        0.000000        0.000000
     H   13        0.000000        0.000000        0.000000

     C   14       -0.042221       -0.132036       -0.008006
     C   14       -0.132036        0.132159       -0.140521
     C   14       -0.008006       -0.140521       -0.089939

     H   15       -0.000000        0.000000        0.000000
     H   15        0.000000        0.000000        0.000000
     H   15        0.000000        0.000000        0.000000

     C   16       -0.206265       -0.061436       -0.079660
     C   16       -0.061436        0.248084        0.123306
     C   16       -0.079660        0.123306       -0.041819

     C   17       -0.064157       -0.008245        0.053091
     C   17       -0.008245        0.018815        0.187391
     C   17        0.053091        0.187391        0.045342

     Cl  18       -0.349089       -0.234390        0.305217
     Cl  18       -0.234390       -0.352114        0.525947
     Cl  18        0.305217        0.525947        0.701202

     H   19       -0.000000        0.000000        0.000000
     H   19        0.000000        0.000000        0.000000
     H   19        0.000000        0.000000        0.000000

     C   20       -0.013631        0.133668        0.061802
     C   20        0.133668        0.080173        0.085080
     C   20        0.061802        0.085080       -0.066542

     H   21       -0.000000        0.000000        0.000000
     H   21        0.000000        0.000000        0.000000
     H   21        0.000000        0.000000        0.000000

     C   22       -0.017967        0.153592       -0.175716
     C   22        0.153592       -0.054320       -0.097884
     C   22       -0.175716       -0.097884        0.072287

     C   23       -0.181073        0.054020       -0.011719
     C   23        0.054020       -0.074241       -0.109371
     C   23       -0.011719       -0.109371        0.255315

     Cl  24       -0.291164        0.781099       -0.002539
     Cl  24        0.781099       -0.686595       -0.368933
     Cl  24       -0.002539       -0.368933        0.977759

     ----- total EFG -----
     Cl   1       -0.336465       -1.751473        0.382877
     Cl   1       -1.751473       -1.176647       -0.904133
     Cl   1        0.382877       -0.904133        1.513112

     C    2       -0.254347        0.006070        0.010653
     C    2        0.006070       -0.075492       -0.293417
     C    2        0.010653       -0.293417        0.329839

     C    3        0.164762        0.372319       -0.056907
     C    3        0.372319       -0.167812       -0.207815
     C    3       -0.056907       -0.207815        0.003049

     H    4        0.192618        0.223567        0.557781
     H    4        0.223567        0.177152        0.270790
     H    4        0.557781        0.270790       -0.369771

     C    5       -0.242241        0.255862       -0.070496
     C    5        0.255862        0.373805        0.197041
     C    5       -0.070496        0.197041       -0.131564

     H    6       -0.751666       -0.109458       -0.052411
     H    6       -0.109458        0.594542        0.205216
     H    6       -0.052411        0.205216        0.157124

     H    7       -0.043591        0.047161        0.034606
     H    7        0.047161        0.117700       -0.443045
     H    7        0.034606       -0.443045       -0.074109

     C    8        0.154679       -0.206033       -0.185917
     C    8       -0.206033       -0.019280        0.120841
     C    8       -0.185917        0.120841       -0.135400

     H    9        0.554316       -0.092574        0.393694
     H    9       -0.092574       -0.273861       -0.344866
     H    9        0.393694       -0.344866       -0.280455

     C   10       -0.184971       -0.226878       -0.108634
     C   10       -0.226878        0.045336        0.058552
     C   10       -0.108634        0.058552        0.139635

     C   11        0.054321        0.367692       -0.211428
     C   11        0.367692        0.118143        0.393219
     C   11       -0.211428        0.393219       -0.172465

     Cl  12        0.792073        0.048570       -0.119725
     Cl  12        0.048570       -0.082640       -1.060384
     Cl  12       -0.119725       -1.060384       -0.709433

     H   13       -0.157002        0.189782       -0.068025
     H   13        0.189782        0.062291        0.602253
     H   13       -0.068025        0.602253        0.094711

     C   14        0.031282       -0.500362       -0.017054
     C   14       -0.500362        0.233943       -0.333671
     C   14       -0.017054       -0.333671       -0.265225

     H   15        0.505354        0.125264        0.357826
     H   15        0.125264       -0.450477       -0.238113
     H   15        0.357826       -0.238113       -0.054877

     C   16       -0.875661        0.035104       -0.140302
     C   16        0.035104        0.827449        0.380338
     C   16       -0.140302        0.380338        0.048212

     C   17        0.126388       -0.103770        0.365973
     C   17       -0.103770       -0.234578        0.151829
     C   17        0.365973        0.151829        0.108190

     Cl  18       -0.043031       -0.241775        0.353739
     Cl  18       -0.241775       -0.242378        0.157084
     Cl  18        0.353739        0.157084        0.285410

     H   19       -0.309941       -0.176343       -0.286644
     H   19       -0.176343        0.401622       -0.367822
     H   19       -0.286644       -0.367822       -0.091680

     C   20       -0.141507       -0.109538        0.043678
     C   20       -0.109538        0.154708        0.018147
     C   20        0.043678        0.018147       -0.013200

     H   21       -0.014559       -0.293488        0.651714
     H   21       -0.293488        0.042398       -0.102304
     H   21        0.651714       -0.102304       -0.027839

     C   22        0.189103        0.405846       -0.427505
     C   22        0.405846       -0.334051       -0.141251
     C   22       -0.427505       -0.141251        0.144947

     C   23       -0.572924       -0.061274       -0.125145
     C   23       -0.061274        0.049922       -0.441970
     C   23       -0.125145       -0.441970        0.523002

     Cl  24        0.019937        0.936756       -0.069302
     Cl  24        0.936756       -0.429164       -0.320856
     Cl  24       -0.069302       -0.320856        0.409227

     ----- total EFG (symmetrized) -----
     Cl   1       -0.336465       -1.751473        0.382877
     Cl   1       -1.751473       -1.176647       -0.904133
     Cl   1        0.382877       -0.904133        1.513112

     C    2       -0.254347        0.006070        0.010653
     C    2        0.006070       -0.075492       -0.293417
     C    2        0.010653       -0.293417        0.329839

     C    3        0.164762        0.372319       -0.056907
     C    3        0.372319       -0.167812       -0.207815
     C    3       -0.056907       -0.207815        0.003049

     H    4        0.192618        0.223567        0.557781
     H    4        0.223567        0.177152        0.270790
     H    4        0.557781        0.270790       -0.369771

     C    5       -0.242241        0.255862       -0.070496
     C    5        0.255862        0.373805        0.197041
     C    5       -0.070496        0.197041       -0.131564

     H    6       -0.751666       -0.109458       -0.052411
     H    6       -0.109458        0.594542        0.205216
     H    6       -0.052411        0.205216        0.157124

     H    7       -0.043591        0.047161        0.034606
     H    7        0.047161        0.117700       -0.443045
     H    7        0.034606       -0.443045       -0.074109

     C    8        0.154679       -0.206033       -0.185917
     C    8       -0.206033       -0.019280        0.120841
     C    8       -0.185917        0.120841       -0.135400

     H    9        0.554316       -0.092574        0.393694
     H    9       -0.092574       -0.273861       -0.344866
     H    9        0.393694       -0.344866       -0.280455

     C   10       -0.184971       -0.226878       -0.108634
     C   10       -0.226878        0.045336        0.058552
     C   10       -0.108634        0.058552        0.139635

     C   11        0.054321        0.367692       -0.211428
     C   11        0.367692        0.118143        0.393219
     C   11       -0.211428        0.393219       -0.172465

     Cl  12        0.792073        0.048570       -0.119725
     Cl  12        0.048570       -0.082640       -1.060384
     Cl  12       -0.119725       -1.060384       -0.709433

     H   13       -0.157002        0.189782       -0.068025
     H   13        0.189782        0.062291        0.602253
     H   13       -0.068025        0.602253        0.094711

     C   14        0.031282       -0.500362       -0.017054
     C   14       -0.500362        0.233943       -0.333671
     C   14       -0.017054       -0.333671       -0.265225

     H   15        0.505354        0.125264        0.357826
     H   15        0.125264       -0.450477       -0.238113
     H   15        0.357826       -0.238113       -0.054877

     C   16       -0.875661        0.035104       -0.140302
     C   16        0.035104        0.827449        0.380338
     C   16       -0.140302        0.380338        0.048212

     C   17        0.126388       -0.103770        0.365973
     C   17       -0.103770       -0.234578        0.151829
     C   17        0.365973        0.151829        0.108190

     Cl  18       -0.043031       -0.241775        0.353739
     Cl  18       -0.241775       -0.242378        0.157084
     Cl  18        0.353739        0.157084        0.285410

     H   19       -0.309941       -0.176343       -0.286644
     H   19       -0.176343        0.401622       -0.367822
     H   19       -0.286644       -0.367822       -0.091680

     C   20       -0.141507       -0.109538        0.043678
     C   20       -0.109538        0.154708        0.018147
     C   20        0.043678        0.018147       -0.013200

     H   21       -0.014559       -0.293488        0.651714
     H   21       -0.293488        0.042398       -0.102304
     H   21        0.651714       -0.102304       -0.027839

     C   22        0.189103        0.405846       -0.427505
     C   22        0.405846       -0.334051       -0.141251
     C   22       -0.427505       -0.141251        0.144947

     C   23       -0.572924       -0.061274       -0.125145
     C   23       -0.061274        0.049922       -0.441970
     C   23       -0.125145       -0.441970        0.523002

     Cl  24        0.019937        0.936756       -0.069302
     Cl  24        0.936756       -0.429164       -0.320856
     Cl  24       -0.069302       -0.320856        0.409227


     NQR/NMR SPECTROSCOPIC PARAMETERS:
     Cl   1    Vxx=    0.4141    axis=( -0.688601  0.423718  0.588465)
     Cl   1    Vyy=    2.2006    axis=(  0.418179 -0.430944  0.799634)
     Cl   1    Vzz=   -2.6147    axis=( -0.592414 -0.796713 -0.119559)
     Cl   1  Q=        -8.1650 1e-30 m^2  Cq=        50.1612 MHz  eta= 0.68327

     C    2    Vxx=   -0.2257    axis=(  0.338576  0.834690  0.434349)
     C    2    Vyy=   -0.2581    axis=(  0.940896 -0.295935 -0.164732)
     C    2    Vzz=    0.4838    axis=(  0.008961 -0.464452  0.885553)
     C    2  Q=         1.0000 1e-30 m^2  Cq=         1.1368 MHz  eta= 0.06698

     C    3    Vxx=   -0.0081    axis=(  0.460023 -0.078427  0.884436)
     C    3    Vyy=   -0.4571    axis=( -0.465996  0.826557  0.315674)
     C    3    Vzz=    0.4652    axis=( -0.755795 -0.557362  0.343689)
     C    3  Q=         1.0000 1e-30 m^2  Cq=         1.0931 MHz  eta= 0.96508

     H    4    Vxx=   -0.0077    axis=(  0.511148 -0.845361  0.155219)
     H    4    Vyy=   -0.7289    axis=( -0.488374 -0.137057  0.861804)
     H    4    Vzz=    0.7367    axis=( -0.707262 -0.516314 -0.482908)
     H    4  Q=         1.0000 1e-30 m^2  Cq=         1.7309 MHz  eta= 0.97896

     C    5    Vxx=   -0.1014    axis=( -0.534270 -0.061904  0.843044)
     C    5    Vyy=   -0.4069    axis=( -0.793667  0.379994 -0.475075)
     C    5    Vzz=    0.5083    axis=(  0.290943  0.922915  0.252151)
     C    5  Q=         1.0000 1e-30 m^2  Cq=         1.1943 MHz  eta= 0.60119

     H    6    Vxx=    0.0760    axis=( -0.009928 -0.369783  0.929065)
     H    6    Vyy=    0.6859    axis=( -0.083922  0.926141  0.367722)
     H    6    Vzz=   -0.7619    axis=( -0.996423 -0.074318 -0.040228)
     H    6  Q=         1.0000 1e-30 m^2  Cq=        -1.7903 MHz  eta= 0.80050

     H    7    Vxx=   -0.0359    axis=(  0.989520  0.066240  0.128304)
     H    7    Vyy=   -0.4396    axis=( -0.141444  0.623355  0.769039)
     H    7    Vzz=    0.4755    axis=( -0.029038 -0.779128  0.626192)
     H    7  Q=         1.0000 1e-30 m^2  Cq=         1.1173 MHz  eta= 0.84881

     C    8    Vxx=   -0.1559    axis=( -0.543038 -0.839391  0.023073)
     C    8    Vyy=   -0.2298    axis=(  0.340364 -0.194911  0.919870)
     C    8    Vzz=    0.3857    axis=(  0.767634 -0.507377 -0.391543)
     C    8  Q=         1.0000 1e-30 m^2  Cq=         0.9062 MHz  eta= 0.19161

     H    9    Vxx=   -0.0925    axis=(  0.417224  0.753376 -0.508280)
     H    9    Vyy=   -0.6655    axis=( -0.197633  0.621115  0.758391)
     H    9    Vzz=    0.7579    axis=(  0.887054 -0.215966  0.408036)
     H    9  Q=         1.0000 1e-30 m^2  Cq=         1.7809 MHz  eta= 0.75603

     C   10    Vxx=    0.0590    axis=(  0.231975 -0.611604  0.756392)
     C   10    Vyy=    0.2738    axis=(  0.457065 -0.617878 -0.639780)
     C   10    Vzz=   -0.3328    axis=( -0.858650 -0.494133 -0.136210)
     C   10  Q=         1.0000 1e-30 m^2  Cq=        -0.7819 MHz  eta= 0.64555

     C   11    Vxx=    0.1580    axis=( -0.707050  0.191912  0.680625)
     C   11    Vyy=    0.5033    axis=(  0.512613  0.802109  0.306349)
     C   11    Vzz=   -0.6614    axis=( -0.487143  0.565501 -0.665508)
     C   11  Q=         1.0000 1e-30 m^2  Cq=        -1.5539 MHz  eta= 0.52205

     Cl  12    Vxx=    0.6336    axis=( -0.566991  0.670331 -0.478725)
     Cl  12    Vyy=    0.8701    axis=( -0.823207 -0.440537  0.358130)
     Cl  12    Vzz=   -1.5037    axis=(  0.029170  0.597146  0.801602)
     Cl  12  Q=        -8.1650 1e-30 m^2  Cq=        28.8480 MHz  eta= 0.15733

     H   13    Vxx=   -0.0888    axis=( -0.916902 -0.207442  0.340965)
     H   13    Vyy=   -0.6007    axis=( -0.385962  0.678355 -0.625195)
     H   13    Vzz=    0.6895    axis=( -0.101604 -0.704842 -0.702050)
     H   13  Q=         1.0000 1e-30 m^2  Cq=         1.6201 MHz  eta= 0.74252

     C   14    Vxx=   -0.1358    axis=( -0.656206 -0.243476  0.714222)
     C   14    Vyy=   -0.5733    axis=(  0.494827  0.575739  0.650900)
     C   14    Vzz=    0.7091    axis=(  0.569684 -0.780541  0.257325)
     C   14  Q=         1.0000 1e-30 m^2  Cq=         1.6662 MHz  eta= 0.61698

     H   15    Vxx=   -0.0491    axis=( -0.358136 -0.556482  0.749710)
     H   15    Vyy=   -0.6307    axis=( -0.248471  0.830821  0.497994)
     H   15    Vzz=    0.6797    axis=(  0.900000  0.007931  0.435817)
     H   15  Q=         1.0000 1e-30 m^2  Cq=         1.5971 MHz  eta= 0.85563

     C   16    Vxx=   -0.0809    axis=( -0.177210 -0.374287  0.910223)
     C   16    Vyy=   -0.9017    axis=( -0.984111  0.056970 -0.168169)
     C   16    Vzz=    0.9825    axis=(  0.011088 -0.925561 -0.378435)
     C   16  Q=         1.0000 1e-30 m^2  Cq=         2.3086 MHz  eta= 0.83539

     C   17    Vxx=   -0.0614    axis=(  0.514785 -0.718440 -0.467804)
     C   17    Vyy=   -0.4235    axis=(  0.485062  0.694001 -0.532050)
     C   17    Vzz=    0.4849    axis=(  0.706903  0.046977  0.705749)
     C   17  Q=         1.0000 1e-30 m^2  Cq=         1.1392 MHz  eta= 0.74689

     Cl  18    Vxx=    0.0330    axis=(  0.584139 -0.723104 -0.368650)
     Cl  18    Vyy=    0.5112    axis=(  0.536888  0.003606  0.843646)
     Cl  18    Vzz=   -0.5442    axis=( -0.608714 -0.690730  0.390332)
     Cl  18  Q=        -8.1650 1e-30 m^2  Cq=        10.4405 MHz  eta= 0.87866

     H   19    Vxx=    0.0368    axis=(  0.694779 -0.315710 -0.646227)
     H   19    Vyy=    0.5984    axis=( -0.026461  0.886678 -0.461631)
     H   19    Vzz=   -0.6352    axis=(  0.718737  0.337831  0.607691)
     H   19  Q=         1.0000 1e-30 m^2  Cq=        -1.4924 MHz  eta= 0.88412

     C   20    Vxx=   -0.0007    axis=(  0.250227  0.063560  0.966099)
     C   20    Vyy=   -0.1902    axis=(  0.916942  0.304774 -0.257546)
     C   20    Vzz=    0.1909    axis=( -0.310811  0.950302  0.017982)
     C   20  Q=         1.0000 1e-30 m^2  Cq=         0.4485 MHz  eta= 0.99273

     H   21    Vxx=   -0.0455    axis=(  0.131360  0.906228  0.401865)
     H   21    Vyy=   -0.6992    axis=(  0.718610  0.192203 -0.668325)
     H   21    Vzz=    0.7447    axis=(  0.682894 -0.376575  0.625976)
     H   21  Q=         1.0000 1e-30 m^2  Cq=         1.7497 MHz  eta= 0.87777

     C   22    Vxx=   -0.1739    axis=(  0.443599  0.430994  0.785789)
     C   22    Vyy=   -0.5680    axis=( -0.533319  0.831585 -0.155040)
     C   22    Vzz=    0.7419    axis=( -0.720272 -0.350301  0.598747)
     C   22  Q=         1.0000 1e-30 m^2  Cq=         1.7431 MHz  eta= 0.53128

     C   23    Vxx=   -0.1805    axis=( -0.281469  0.834298  0.474049)
     C   23    Vyy=   -0.6115    axis=(  0.957932  0.215446  0.189604)
     C   23    Vzz=    0.7920    axis=( -0.056054 -0.507474  0.859842)
     C   23  Q=         1.0000 1e-30 m^2  Cq=         1.8609 MHz  eta= 0.54411

     Cl  24    Vxx=    0.2995    axis=(  0.452777  0.199415  0.869038)
     Cl  24    Vyy=    0.8962    axis=( -0.659231 -0.581383  0.476873)
     Cl  24    Vzz=   -1.1957    axis=(  0.600340 -0.788814 -0.131776)
     Cl  24  Q=        -8.1650 1e-30 m^2  Cq=        22.9389 MHz  eta= 0.49905

     Initialization:
     gipaw_setup  :      9.25s CPU     10.97s WALL (       1 calls)

     Linear response

     Apply operators

     Induced current

     Other routines
     efg          :      9.19s CPU     11.19s WALL (       1 calls)

     General routines
     calbec       :      3.12s CPU      3.92s WALL (      16 calls)
     fft          :      1.56s CPU      2.14s WALL (      15 calls)
     ffts         :      0.04s CPU      0.05s WALL (       2 calls)
     fftw         :      3.26s CPU      3.86s WALL (     672 calls)
     davcio       :      0.03s CPU      0.31s WALL (      32 calls)

     Parallel routines
     fft_scatter  :      2.14s CPU      3.13s WALL (     689 calls)

     Plugins

     GIPAW        :     61.27s CPU     72.03s WALL (       1 calls)
