
     Program QE v.6.0 (svn rev. 13079) starts on  3Jan2017 at 14: 2:50 

     This program is part of the open-source Quantum ESPRESSO suite
     for quantum simulation of materials; please cite
         "P. Giannozzi et al., J. Phys.:Condens. Matter 21 395502 (2009);
          URL http://www.quantum-espresso.org", 
     in publications or presentations arising from this work. More details at
     http://www.quantum-espresso.org/quote

     Parallel version (MPI), running on     8 processors
     R & G space division:  proc/nbgrp/npool/nimage =       8

     ***** This is GIPAW svn revision unknown      *****

     Parallelizing q-star over 1 images

     Reading data from directory:
     /users/majewski/paradichlorobenzene/pbe/9_constraint/scratch/pbe.ecut100.np8.dt60.pcl2phi-129368.save
     Message from routine read_xml_file:
     file /users/majewski/paradichlorobenzene/pbe/9_constraint/scratch/pbe.ecut100.np8.dt60.pcl2phi-129368.save not guaranteed to be safe for post-processing

   Info: using nr1, nr2, nr3 values from input

   Info: using nr1, nr2, nr3 values from input

     IMPORTANT: XC functional enforced from input :
     Exchange-correlation      =  SLA  PW   PBX  PBC ( 1  4  3  4 0 0)
     Any further DFT definition will be discarded
     Please, verify this is what you really want

               file C.pbe-n-kjpaw_psl.1.0.0.UPF: wavefunction(s)  2S 2P renormalized
               file Cl.pbe-n-kjpaw_psl.1.0.0.UPF: wavefunction(s)  3S 3P renormalized
               file H.pbe-kjpaw_psl.1.0.0.UPF: wavefunction(s)  1S renormalized

     Parallelization info
     --------------------
     sticks:   dense  smooth     PW     G-vecs:    dense   smooth      PW
     Min        3057    1223    332               144436    36536    5170
     Max        3059    1225    333               144437    36537    5171
     Sum       24467    9791   2657              1155489   292295   41363


     Subspace diagonalization in iterative solution of the eigenvalue problem:
     a serial algorithm will be used

     GIPAW projectors -----------------------------------------------
     atom=  C    l=0  rc=    1.2000  rs=    0.8000
     atom=  C    l=0  rc=    1.2000  rs=    0.8000
     atom=  C    l=1  rc=    1.4000  rs=    0.9333
     atom=  C    l=1  rc=    1.4000  rs=    0.9333
     projs nearly linearly dependent: l=1  n1,n2= 1, 2  s=  0.99951561

     atom=  Cl   l=0  rc=    1.6000  rs=    1.0667
     atom=  Cl   l=0  rc=    1.6000  rs=    1.0667
     atom=  Cl   l=1  rc=    1.6000  rs=    1.0667
     atom=  Cl   l=1  rc=    1.6000  rs=    1.0667
     atom=  Cl   l=2  rc=    1.6000  rs=    1.0667
     atom=  Cl   l=2  rc=    1.6000  rs=    1.0667
     projs nearly linearly dependent: l=2  n1,n2= 1, 2  s=  0.99993509

     atom=  H    l=0  rc=    1.0000  rs=    0.6667
     atom=  H    l=0  rc=    1.0000  rs=    0.6667
     projs nearly linearly dependent: l=0  n1,n2= 1, 2  s=  0.99968852
     -----------------------------------------------------------------

     GIPAW integrals: -------------------------------------------
     Atom  i/j   nmr_para   nmr_dia   epr_rmc  epr_para   epr_dia
       C   1 1   0.83E+03  0.17E-01  0.93E+01  0.24E+08  0.24E+03
       C   2 1   0.86E+03 -0.61E-01  0.94E+01  0.25E+08  0.25E+03
       C   2 2   0.90E+03 -0.15E+00  0.97E+01  0.26E+08  0.26E+03
       C   3 3   0.33E+01  0.34E+00  0.18E+01  0.55E+03  0.21E+02
       C   4 3   0.35E+01  0.37E+00  0.20E+01  0.59E+03  0.22E+02
       C   4 4   0.38E+01  0.39E+00  0.22E+01  0.63E+03  0.24E+02
       Cl  1 1   0.14E+04 -0.47E+00  0.84E+01  0.32E+09  0.42E+03
       Cl  2 1   0.21E+04 -0.37E+00  0.12E+02  0.49E+09  0.65E+03
       Cl  2 2   0.33E+04 -0.16E+00  0.21E+02  0.76E+09  0.10E+04
       Cl  3 3   0.21E+02  0.79E-01  0.89E+01  0.23E+05  0.13E+03
       Cl  4 3   0.24E+02  0.67E-01  0.99E+01  0.27E+05  0.15E+03
       Cl  4 4   0.28E+02  0.44E-01  0.11E+02  0.32E+05  0.18E+03
       Cl  5 5   0.77E+00  0.19E+00  0.18E+01  0.12E+03  0.22E+02
       Cl  6 5   0.80E+00  0.19E+00  0.19E+01  0.12E+03  0.23E+02
       Cl  6 6   0.83E+00  0.20E+00  0.19E+01  0.12E+03  0.23E+02
       H   1 1   0.39E+02  0.19E+00  0.29E+00  0.78E+05  0.13E+02
       H   2 1   0.41E+02  0.21E+00  0.32E+00  0.82E+05  0.14E+02
       H   2 2   0.43E+02  0.22E+00  0.36E+00  0.86E+05  0.15E+02
     ------------------------------------------------------------

     alpha_pv=     34.1485 eV

     Number of occupied bands for each k-point:
     k-point:     1    nbnd_occ=  42
     k-point:     2    nbnd_occ=  42
     k-point:     3    nbnd_occ=  42
     k-point:     4    nbnd_occ=  42
     k-point:     5    nbnd_occ=  42
     k-point:     6    nbnd_occ=  42
     k-point:     7    nbnd_occ=  42
     k-point:     8    nbnd_occ=  42
     k-point:     9    nbnd_occ=  42
     k-point:    10    nbnd_occ=  42
     k-point:    11    nbnd_occ=  42
     k-point:    12    nbnd_occ=  42
     k-point:    13    nbnd_occ=  42
     k-point:    14    nbnd_occ=  42
     k-point:    15    nbnd_occ=  42
     k-point:    16    nbnd_occ=  42


     q-space interpolation up to   110.00 Rydberg

     GIPAW job: efg                                                                             


     ELECTRIC FIELD GRADIENTS TENSORS IN Hartree/bohrradius^2:

     ----- bare term -----
     Cl   1       -0.041742       -0.033542        0.004202
     Cl   1       -0.033542        0.135800        0.111715
     Cl   1        0.004202        0.111715       -0.094058

     C    2       -0.783389        0.412625       -0.334756
     C    2        0.412625        0.298252       -0.026765
     C    2       -0.334756       -0.026765        0.485137

     C    3        0.139483        0.259568       -0.035171
     C    3        0.259568       -0.515244       -0.454007
     C    3       -0.035171       -0.454007        0.375761

     H    4       -0.500300       -0.080200       -0.311519
     H    4       -0.080200        0.291226       -0.394142
     H    4       -0.311519       -0.394142        0.209073

     C    5       -0.885457        0.296516       -0.402695
     C    5        0.296516        0.351211       -0.055170
     C    5       -0.402695       -0.055170        0.534246

     H    6        0.405764        0.006828       -0.246991
     H    6        0.006828       -0.547563       -0.376145
     H    6       -0.246991       -0.376145        0.141800

     H    7        0.381990        0.192529        0.033588
     H    7        0.192529       -0.590648       -0.273956
     H    7        0.033588       -0.273956        0.208658

     C    8       -0.209012        0.173651       -0.226030
     C    8        0.173651       -0.054249        0.110161
     C    8       -0.226030        0.110161        0.263261

     H    9       -0.140081        0.426765        0.004995
     H    9        0.426765       -0.203658       -0.193282
     H    9        0.004995       -0.193282        0.343739

     C   10       -0.067991       -0.179232        0.150665
     C   10       -0.179232       -0.113112        0.043696
     C   10        0.150665        0.043696        0.181103

     C   11       -0.228515        0.159007       -0.214916
     C   11        0.159007       -0.010558        0.442249
     C   11       -0.214916        0.442249        0.239073

     Cl  12        0.092055       -0.211944        0.032876
     Cl  12       -0.211944        0.033619       -0.318985
     Cl  12        0.032876       -0.318985       -0.125673

     H   13        0.445181       -0.150352       -0.104525
     H   13       -0.150352       -0.380439       -0.634992
     H   13       -0.104525       -0.634992       -0.064742

     C   14       -0.053311        0.166678       -0.126465
     C   14        0.166678       -0.236474       -0.310901
     C   14       -0.126465       -0.310901        0.289785

     H   15       -0.011073       -0.272033       -0.517390
     H   15       -0.272033        0.248730       -0.439892
     H   15       -0.517390       -0.439892       -0.237658

     C   16       -0.743948        0.364872       -0.343186
     C   16        0.364872        0.288327       -0.037637
     C   16       -0.343186       -0.037637        0.455621

     C   17        0.180359        0.170765       -0.076746
     C   17        0.170765       -0.498567       -0.424851
     C   17       -0.076746       -0.424851        0.318208

     Cl  18       -0.090638        0.150381       -0.001132
     Cl  18        0.150381       -0.012045        0.003870
     Cl  18       -0.001132        0.003870        0.102683

     H   19        0.257538        0.067031       -0.308799
     H   19        0.067031       -0.188618        0.465945
     H   19       -0.308799        0.465945       -0.068919

     C   20       -0.408420       -0.340249       -0.003685
     C   20       -0.340249       -0.031675        0.454380
     C   20       -0.003685        0.454380        0.440095

     H   21       -0.468313        0.059977       -0.552606
     H   21        0.059977        0.356143        0.097217
     H   21       -0.552606        0.097217        0.112171

     C   22       -0.023204        0.188665       -0.302703
     C   22        0.188665       -0.135772        0.663554
     C   22       -0.302703        0.663554        0.158976

     C   23       -0.390101       -0.361313       -0.107580
     C   23       -0.361313       -0.055257        0.433753
     C   23       -0.107580        0.433753        0.445358

     Cl  24       -0.012943        0.125374       -0.030598
     Cl  24        0.125374        0.119745       -0.074626
     Cl  24       -0.030598       -0.074626       -0.106802

     ----- ionic term -----
     Cl   1        0.193223       -0.223548        0.044423
     Cl   1       -0.223548       -0.025828       -0.016532
     Cl   1        0.044423       -0.016532       -0.167396

     C    2        0.293854       -0.158871        0.346478
     C    2       -0.158871        0.066599        0.351178
     C    2        0.346478        0.351178       -0.360452

     C    3        0.142409       -0.206491        0.218948
     C    3       -0.206491        0.220879        0.357026
     C    3        0.218948        0.357026       -0.363288

     H    4        0.589884        0.384032        0.638938
     H    4        0.384032       -0.336285        0.276371
     H    4        0.638938        0.276371       -0.253599

     C    5        0.279286       -0.168358        0.280352
     C    5       -0.168358        0.103230        0.273764
     C    5        0.280352        0.273764       -0.382515

     H    6       -0.507842        0.017454        0.018271
     H    6        0.017454        0.758689        0.637774
     H    6        0.018271        0.637774       -0.250847

     H    7       -0.455255       -0.259990        0.081240
     H    7       -0.259990        0.916628       -0.436082
     H    7        0.081240       -0.436082       -0.461372

     C    8        0.440352        0.042818        0.204791
     C    8        0.042818        0.068802       -0.240861
     C    8        0.204791       -0.240861       -0.509154

     H    9        0.553292       -0.512415        0.522550
     H    9       -0.512415       -0.213058       -0.316636
     H    9        0.522550       -0.316636       -0.340234

     C   10        0.183527        0.117327        0.133055
     C   10        0.117327        0.219975       -0.360215
     C   10        0.133055       -0.360215       -0.403502

     C   11        0.332159        0.128833        0.173935
     C   11        0.128833        0.103949       -0.364958
     C   11        0.173935       -0.364958       -0.436108

     Cl  12        0.183930        0.200409       -0.023081
     Cl  12        0.200409       -0.018074       -0.028869
     Cl  12       -0.023081       -0.028869       -0.165857

     H   13       -0.513343        0.090530        0.078282
     H   13        0.090530        0.591355        0.735029
     H   13        0.078282        0.735029       -0.078012

     C   14        0.347555       -0.172459        0.336953
     C   14       -0.172459       -0.001017        0.294137
     C   14        0.336953        0.294137       -0.346538

     H   15        0.544074        0.215360        0.740857
     H   15        0.215360       -0.483038        0.217260
     H   15        0.740857        0.217260       -0.061036

     C   16        0.158421       -0.259145        0.228446
     C   16       -0.259145        0.184938        0.361229
     C   16        0.228446        0.361229       -0.343359

     C   17        0.199054       -0.135365        0.271801
     C   17       -0.135365        0.155769        0.400616
     C   17        0.271801        0.400616       -0.354823

     Cl  18        0.124141       -0.188117        0.012340
     Cl  18       -0.188117        0.015997       -0.006807
     Cl  18        0.012340       -0.006807       -0.140138

     H   19       -0.500108       -0.188251        0.095188
     H   19       -0.188251        0.758146       -0.623631
     H   19        0.095188       -0.623631       -0.258038

     C   20        0.343546        0.083453        0.186719
     C   20        0.083453        0.064862       -0.307447
     C   20        0.186719       -0.307447       -0.408408

     H   21        0.512732       -0.393859        0.658857
     H   21       -0.393859       -0.361461       -0.311666
     H   21        0.658857       -0.311666       -0.151271

     C   22        0.129359        0.145857        0.123817
     C   22        0.145857        0.229259       -0.405726
     C   22        0.123817       -0.405726       -0.358618

     C   23        0.286995        0.087816        0.148590
     C   23        0.087816        0.158625       -0.393969
     C   23        0.148590       -0.393969       -0.445620

     Cl  24        0.119717        0.219801       -0.043615
     Cl  24        0.219801        0.003997       -0.027837
     Cl  24       -0.043615       -0.027837       -0.123714

     ----- GIPAW term -----
     Cl   1        0.496992       -2.097833       -0.013680
     Cl   1       -2.097833        1.575902        1.062173
     Cl   1       -0.013680        1.062173       -2.072894

     C    2       -0.136916        0.061833        0.025477
     C    2        0.061833        0.115325        0.161077
     C    2        0.025477        0.161077        0.021590

     C    3       -0.091942        0.047996        0.044049
     C    3        0.047996        0.030988        0.177772
     C    3        0.044049        0.177772        0.060954

     H    4       -0.000000        0.000000        0.000000
     H    4        0.000000        0.000000        0.000000
     H    4        0.000000        0.000000        0.000000

     C    5       -0.161680        0.056884        0.024112
     C    5        0.056884        0.043339        0.133706
     C    5        0.024112        0.133706        0.118341

     H    6       -0.000000        0.000000        0.000000
     H    6        0.000000        0.000000        0.000000
     H    6        0.000000        0.000000        0.000000

     H    7       -0.000000        0.000000        0.000000
     H    7        0.000000        0.000000        0.000000
     H    7        0.000000        0.000000        0.000000

     C    8       -0.041087        0.042569        0.024103
     C    8        0.042569       -0.019669        0.064538
     C    8        0.024103        0.064538        0.060756

     H    9       -0.000000        0.000000        0.000000
     H    9        0.000000        0.000000        0.000000
     H    9        0.000000        0.000000        0.000000

     C   10       -0.019835        0.000789        0.024745
     C   10        0.000789        0.007920        0.019631
     C   10        0.024745        0.019631        0.011915

     C   11       -0.077752        0.075211       -0.014029
     C   11        0.075211       -0.030432        0.146013
     C   11       -0.014029        0.146013        0.108184

     Cl  12       -0.513490        0.190450       -0.300408
     Cl  12        0.190450       -0.227495        0.984612
     Cl  12       -0.300408        0.984612        0.740985

     H   13       -0.000000        0.000000        0.000000
     H   13        0.000000        0.000000        0.000000
     H   13        0.000000        0.000000        0.000000

     C   14       -0.113906        0.051383        0.021017
     C   14        0.051383        0.090533        0.148762
     C   14        0.021017        0.148762        0.023373

     H   15       -0.000000        0.000000        0.000000
     H   15        0.000000        0.000000        0.000000
     H   15        0.000000        0.000000        0.000000

     C   16       -0.192621        0.081644       -0.003398
     C   16        0.081644        0.115507        0.151789
     C   16       -0.003398        0.151789        0.077114

     C   17       -0.045584        0.008423        0.056032
     C   17        0.008423        0.005032        0.160621
     C   17        0.056032        0.160621        0.040552

     Cl  18       -0.497727       -0.232926        1.045801
     Cl  18       -0.232926       -0.047740        1.971092
     Cl  18        1.045801        1.971092        0.545467

     H   19       -0.000000        0.000000        0.000000
     H   19        0.000000        0.000000        0.000000
     H   19        0.000000        0.000000        0.000000

     C   20       -0.124879        0.023347        0.103988
     C   20        0.023347       -0.006069        0.221132
     C   20        0.103988        0.221132        0.130948

     H   21       -0.000000        0.000000        0.000000
     H   21        0.000000        0.000000        0.000000
     H   21        0.000000        0.000000        0.000000

     C   22        0.008476        0.212399       -0.013985
     C   22        0.212399        0.056910        0.163471
     C   22       -0.013985        0.163471       -0.065385

     C   23       -0.075792        0.127192        0.072145
     C   23        0.127192        0.080097        0.194202
     C   23        0.072145        0.194202       -0.004305

     Cl  24        0.743546        3.055678       -0.356755
     Cl  24        3.055678        1.507284       -0.761285
     Cl  24       -0.356755       -0.761285       -2.250830

     ----- total EFG -----
     Cl   1        0.648474       -2.354923        0.034945
     Cl   1       -2.354923        1.685874        1.157356
     Cl   1        0.034945        1.157356       -2.334348

     C    2       -0.626451        0.315586        0.037200
     C    2        0.315586        0.480177        0.485490
     C    2        0.037200        0.485490        0.146274

     C    3        0.189950        0.101073        0.227826
     C    3        0.101073       -0.263377        0.080791
     C    3        0.227826        0.080791        0.073427

     H    4        0.089584        0.303833        0.327419
     H    4        0.303833       -0.045058       -0.117771
     H    4        0.327419       -0.117771       -0.044526

     C    5       -0.767851        0.185042       -0.098232
     C    5        0.185042        0.497780        0.352300
     C    5       -0.098232        0.352300        0.270071

     H    6       -0.102078        0.024281       -0.228719
     H    6        0.024281        0.211125        0.261629
     H    6       -0.228719        0.261629       -0.109047

     H    7       -0.073265       -0.067460        0.114828
     H    7       -0.067460        0.325979       -0.710038
     H    7        0.114828       -0.710038       -0.252714

     C    8        0.190254        0.259038        0.002864
     C    8        0.259038       -0.005116       -0.066161
     C    8        0.002864       -0.066161       -0.185137

     H    9        0.413211       -0.085650        0.527545
     H    9       -0.085650       -0.416716       -0.509919
     H    9        0.527545       -0.509919        0.003506

     C   10        0.095701       -0.061117        0.308465
     C   10       -0.061117        0.114782       -0.296888
     C   10        0.308465       -0.296888       -0.210484

     C   11        0.025892        0.363052       -0.055010
     C   11        0.363052        0.062959        0.223304
     C   11       -0.055010        0.223304       -0.088851

     Cl  12       -0.237505        0.178915       -0.290613
     Cl  12        0.178915       -0.211950        0.636758
     Cl  12       -0.290613        0.636758        0.449455

     H   13       -0.068162       -0.059822       -0.026243
     H   13       -0.059822        0.210916        0.100037
     H   13       -0.026243        0.100037       -0.142754

     C   14        0.180338        0.045602        0.231505
     C   14        0.045602       -0.146958        0.131999
     C   14        0.231505        0.131999       -0.033380

     H   15        0.533001       -0.056673        0.223467
     H   15       -0.056673       -0.234307       -0.222632
     H   15        0.223467       -0.222632       -0.298694

     C   16       -0.778149        0.187372       -0.118138
     C   16        0.187372        0.588771        0.475381
     C   16       -0.118138        0.475381        0.189377

     C   17        0.333829        0.043823        0.251086
     C   17        0.043823       -0.337766        0.136386
     C   17        0.251086        0.136386        0.003938

     Cl  18       -0.464225       -0.270662        1.057009
     Cl  18       -0.270662       -0.043788        1.968156
     Cl  18        1.057009        1.968156        0.508012

     H   19       -0.242571       -0.121220       -0.213611
     H   19       -0.121220        0.569528       -0.157686
     H   19       -0.213611       -0.157686       -0.326958

     C   20       -0.189754       -0.233450        0.287022
     C   20       -0.233450        0.027118        0.368065
     C   20        0.287022        0.368065        0.162635

     H   21        0.044418       -0.333882        0.106251
     H   21       -0.333882       -0.005318       -0.214449
     H   21        0.106251       -0.214449       -0.039100

     C   22        0.114631        0.546921       -0.192872
     C   22        0.546921        0.150397        0.421299
     C   22       -0.192872        0.421299       -0.265028

     C   23       -0.178898       -0.146305        0.113154
     C   23       -0.146305        0.183464        0.233986
     C   23        0.113154        0.233986       -0.004567

     Cl  24        0.850321        3.400852       -0.430967
     Cl  24        3.400852        1.631026       -0.863747
     Cl  24       -0.430967       -0.863747       -2.481346

     ----- total EFG (symmetrized) -----
     Cl   1        0.648474       -2.354923        0.034945
     Cl   1       -2.354923        1.685874        1.157356
     Cl   1        0.034945        1.157356       -2.334348

     C    2       -0.626451        0.315586        0.037200
     C    2        0.315586        0.480177        0.485490
     C    2        0.037200        0.485490        0.146274

     C    3        0.189950        0.101073        0.227826
     C    3        0.101073       -0.263377        0.080791
     C    3        0.227826        0.080791        0.073427

     H    4        0.089584        0.303833        0.327419
     H    4        0.303833       -0.045058       -0.117771
     H    4        0.327419       -0.117771       -0.044526

     C    5       -0.767851        0.185042       -0.098232
     C    5        0.185042        0.497780        0.352300
     C    5       -0.098232        0.352300        0.270071

     H    6       -0.102078        0.024281       -0.228719
     H    6        0.024281        0.211125        0.261629
     H    6       -0.228719        0.261629       -0.109047

     H    7       -0.073265       -0.067460        0.114828
     H    7       -0.067460        0.325979       -0.710038
     H    7        0.114828       -0.710038       -0.252714

     C    8        0.190254        0.259038        0.002864
     C    8        0.259038       -0.005116       -0.066161
     C    8        0.002864       -0.066161       -0.185137

     H    9        0.413211       -0.085650        0.527545
     H    9       -0.085650       -0.416716       -0.509919
     H    9        0.527545       -0.509919        0.003506

     C   10        0.095701       -0.061117        0.308465
     C   10       -0.061117        0.114782       -0.296888
     C   10        0.308465       -0.296888       -0.210484

     C   11        0.025892        0.363052       -0.055010
     C   11        0.363052        0.062959        0.223304
     C   11       -0.055010        0.223304       -0.088851

     Cl  12       -0.237505        0.178915       -0.290613
     Cl  12        0.178915       -0.211950        0.636758
     Cl  12       -0.290613        0.636758        0.449455

     H   13       -0.068162       -0.059822       -0.026243
     H   13       -0.059822        0.210916        0.100037
     H   13       -0.026243        0.100037       -0.142754

     C   14        0.180338        0.045602        0.231505
     C   14        0.045602       -0.146958        0.131999
     C   14        0.231505        0.131999       -0.033380

     H   15        0.533001       -0.056673        0.223467
     H   15       -0.056673       -0.234307       -0.222632
     H   15        0.223467       -0.222632       -0.298694

     C   16       -0.778149        0.187372       -0.118138
     C   16        0.187372        0.588771        0.475381
     C   16       -0.118138        0.475381        0.189377

     C   17        0.333829        0.043823        0.251086
     C   17        0.043823       -0.337766        0.136386
     C   17        0.251086        0.136386        0.003938

     Cl  18       -0.464225       -0.270662        1.057009
     Cl  18       -0.270662       -0.043788        1.968156
     Cl  18        1.057009        1.968156        0.508012

     H   19       -0.242571       -0.121220       -0.213611
     H   19       -0.121220        0.569528       -0.157686
     H   19       -0.213611       -0.157686       -0.326958

     C   20       -0.189754       -0.233450        0.287022
     C   20       -0.233450        0.027118        0.368065
     C   20        0.287022        0.368065        0.162635

     H   21        0.044418       -0.333882        0.106251
     H   21       -0.333882       -0.005318       -0.214449
     H   21        0.106251       -0.214449       -0.039100

     C   22        0.114631        0.546921       -0.192872
     C   22        0.546921        0.150397        0.421299
     C   22       -0.192872        0.421299       -0.265028

     C   23       -0.178898       -0.146305        0.113154
     C   23       -0.146305        0.183464        0.233986
     C   23        0.113154        0.233986       -0.004567

     Cl  24        0.850321        3.400852       -0.430967
     Cl  24        3.400852        1.631026       -0.863747
     Cl  24       -0.430967       -0.863747       -2.481346


     NQR/NMR SPECTROSCOPIC PARAMETERS:
     Cl   1    Vxx=   -0.8936    axis=(  0.755968  0.501270  0.421000)
     Cl   1    Vyy=   -2.8156    axis=(  0.256804  0.364479 -0.895102)
     Cl   1    Vzz=    3.7092    axis=( -0.602133  0.784783  0.146806)
     Cl   1  Q=        -8.1650 1e-30 m^2  Cq=       -71.1594 MHz  eta= 0.51819

     C    2    Vxx=   -0.1574    axis=( -0.268259 -0.496035  0.825825)
     C    2    Vyy=   -0.7215    axis=(  0.945529 -0.299687  0.127135)
     C    2    Vzz=    0.8789    axis=(  0.184425  0.814946  0.549409)
     C    2  Q=         1.0000 1e-30 m^2  Cq=         2.0651 MHz  eta= 0.64178

     C    3    Vxx=   -0.1035    axis=( -0.615290  0.009342  0.788246)
     C    3    Vyy=   -0.2889    axis=( -0.146956  0.981042 -0.126339)
     C    3    Vzz=    0.3924    axis=( -0.774482 -0.193572 -0.602252)
     C    3  Q=         1.0000 1e-30 m^2  Cq=         0.9219 MHz  eta= 0.47269

     H    4    Vxx=    0.0726    axis=(  0.019870  0.732358 -0.680629)
     H    4    Vyy=    0.4278    axis=(  0.797107  0.399326  0.452946)
     H    4    Vzz=   -0.5005    axis=( -0.603512  0.551534  0.575833)
     H    4  Q=         1.0000 1e-30 m^2  Cq=        -1.1759 MHz  eta= 0.70973

     C    5    Vxx=    0.0561    axis=( -0.219645 -0.550444  0.805461)
     C    5    Vyy=    0.7599    axis=(  0.061902  0.816095  0.574593)
     C    5    Vzz=   -0.8160    axis=( -0.973614  0.176067 -0.145178)
     C    5  Q=         1.0000 1e-30 m^2  Cq=        -1.9172 MHz  eta= 0.86249

     H    6    Vxx=    0.0296    axis=(  0.784339  0.473157 -0.401167)
     H    6    Vyy=    0.3778    axis=(  0.215623 -0.814320 -0.538878)
     H    6    Vzz=   -0.4074    axis=( -0.581652  0.336162 -0.740727)
     H    6  Q=         1.0000 1e-30 m^2  Cq=        -0.9572 MHz  eta= 0.85491

     H    7    Vxx=   -0.0844    axis=(  0.987123  0.159958 -0.001346)
     H    7    Vyy=   -0.7352    axis=( -0.088004  0.550076  0.830465)
     H    7    Vzz=    0.8195    axis=(  0.133580 -0.819652  0.557070)
     H    7  Q=         1.0000 1e-30 m^2  Cq=         1.9256 MHz  eta= 0.79415

     C    8    Vxx=   -0.1299    axis=(  0.448130 -0.561521  0.695610)
     C    8    Vyy=   -0.2418    axis=(  0.362687 -0.597003 -0.715574)
     C    8    Vzz=    0.3717    axis=( -0.817091 -0.572959  0.063878)
     C    8  Q=         1.0000 1e-30 m^2  Cq=         0.8733 MHz  eta= 0.30108

     H    9    Vxx=   -0.0758    axis=(  0.640090  0.584693 -0.498415)
     H    9    Vyy=   -0.8068    axis=( -0.213111  0.758388  0.615980)
     H    9    Vzz=    0.8826    axis=( -0.738152  0.288065 -0.610042)
     H    9  Q=         1.0000 1e-30 m^2  Cq=         2.0738 MHz  eta= 0.82822

     C   10    Vxx=    0.0444    axis=(  0.703361  0.710438  0.023708)
     C   10    Vyy=    0.4457    axis=( -0.586041  0.598433 -0.546290)
     C   10    Vzz=   -0.4900    axis=( -0.402293  0.370345  0.837260)
     C   10  Q=         1.0000 1e-30 m^2  Cq=        -1.1514 MHz  eta= 0.81892

     C   11    Vxx=   -0.0061    axis=( -0.539648  0.172420  0.824046)
     C   11    Vyy=   -0.4339    axis=(  0.570266 -0.645193  0.508451)
     C   11    Vzz=    0.4400    axis=(  0.619336  0.744310  0.249852)
     C   11  Q=         1.0000 1e-30 m^2  Cq=         1.0339 MHz  eta= 0.97226

     Cl  12    Vxx=   -0.0844    axis=(  0.852091  0.504800 -0.138265)
     Cl  12    Vyy=   -0.7753    axis=( -0.501841  0.712953 -0.489749)
     Cl  12    Vzz=    0.8597    axis=( -0.148649  0.486698  0.860830)
     Cl  12  Q=        -8.1650 1e-30 m^2  Cq=       -16.4920 MHz  eta= 0.80375

     H   13    Vxx=   -0.0801    axis=(  0.973882  0.219777 -0.057026)
     H   13    Vyy=   -0.1702    axis=( -0.109833  0.236178 -0.965483)
     H   13    Vzz=    0.2503    axis=( -0.198723  0.946530  0.254148)
     H   13  Q=         1.0000 1e-30 m^2  Cq=         0.5882 MHz  eta= 0.35986

     C   14    Vxx=   -0.0918    axis=(  0.523244 -0.706897 -0.475933)
     C   14    Vyy=   -0.2613    axis=(  0.288036  0.672322 -0.681923)
     C   14    Vzz=    0.3531    axis=( -0.802029 -0.219726 -0.555400)
     C   14  Q=         1.0000 1e-30 m^2  Cq=         0.8298 MHz  eta= 0.47987

     H   15    Vxx=   -0.0948    axis=(  0.269945  0.783514 -0.559674)
     H   15    Vyy=   -0.5094    axis=( -0.135033  0.606314  0.783677)
     H   15    Vzz=    0.6042    axis=(  0.953360 -0.135975  0.269471)
     H   15  Q=         1.0000 1e-30 m^2  Cq=         1.4197 MHz  eta= 0.68621

     C   16    Vxx=   -0.0696    axis=( -0.271211 -0.511544  0.815333)
     C   16    Vyy=   -0.8401    axis=( -0.960952  0.192233 -0.199041)
     C   16    Vzz=    0.9097    axis=( -0.054915 -0.837478 -0.543705)
     C   16  Q=         1.0000 1e-30 m^2  Cq=         2.1374 MHz  eta= 0.84702

     C   17    Vxx=   -0.0941    axis=( -0.500197  0.352636  0.790854)
     C   17    Vyy=   -0.3885    axis=(  0.071683  0.927048 -0.368027)
     C   17    Vzz=    0.4826    axis=( -0.862939 -0.127395 -0.488985)
     C   17  Q=         1.0000 1e-30 m^2  Cq=         1.1339 MHz  eta= 0.61020

     Cl  18    Vxx=   -0.1313    axis=(  0.852731 -0.503333  0.139660)
     Cl  18    Vyy=   -2.2341    axis=(  0.469557  0.621510 -0.627090)
     Cl  18    Vzz=    2.3655    axis=(  0.228835  0.600318  0.766324)
     Cl  18  Q=        -8.1650 1e-30 m^2  Cq=       -45.3800 MHz  eta= 0.88895

     H   19    Vxx=   -0.0671    axis=(  0.775126 -0.008886 -0.631745)
     H   19    Vyy=   -0.5382    axis=(  0.623050  0.176651  0.761973)
     H   19    Vzz=    0.6053    axis=( -0.104828  0.984233 -0.142463)
     H   19  Q=         1.0000 1e-30 m^2  Cq=         1.4221 MHz  eta= 0.77833

     C   20    Vxx=    0.1231    axis=(  0.734020 -0.605439  0.307666)
     C   20    Vyy=    0.4794    axis=(  0.141897  0.579757  0.802338)
     C   20    Vzz=   -0.6025    axis=( -0.664138 -0.545275  0.511463)
     C   20  Q=         1.0000 1e-30 m^2  Cq=        -1.4155 MHz  eta= 0.59132

     H   21    Vxx=   -0.1113    axis=( -0.536167  0.018489  0.843910)
     H   21    Vyy=   -0.3459    axis=(  0.557213  0.758735  0.337394)
     H   21    Vzz=    0.4572    axis=( -0.634066  0.651137 -0.417111)
     H   21  Q=         1.0000 1e-30 m^2  Cq=         1.0742 MHz  eta= 0.51309

     C   22    Vxx=    0.0714    axis=( -0.608285  0.306287  0.732242)
     C   22    Vyy=    0.7146    axis=(  0.623510  0.755257  0.202045)
     C   22    Vzz=   -0.7860    axis=( -0.491147  0.579460 -0.650385)
     C   22  Q=         1.0000 1e-30 m^2  Cq=        -1.8469 MHz  eta= 0.81828

     C   23    Vxx=    0.0004    axis=(  0.676042 -0.312639  0.667251)
     C   23    Vyy=    0.3488    axis=( -0.122738  0.845102  0.520325)
     C   23    Vzz=   -0.3492    axis=(  0.726569  0.433659 -0.532952)
     C   23  Q=         1.0000 1e-30 m^2  Cq=        -0.8205 MHz  eta= 0.99745

     Cl  24    Vxx=   -2.0649    axis=(  0.714509 -0.559204  0.420437)
     Cl  24    Vyy=   -2.7185    axis=( -0.241318  0.367079  0.898342)
     Cl  24    Vzz=    4.7834    axis=( -0.656690 -0.743333  0.127335)
     Cl  24  Q=        -8.1650 1e-30 m^2  Cq=       -91.7679 MHz  eta= 0.13664

     Initialization:
     gipaw_setup  :      8.86s CPU     12.51s WALL (       1 calls)

     Linear response

     Apply operators

     Induced current

     Other routines
     efg          :     10.80s CPU     15.40s WALL (       1 calls)

     General routines
     calbec       :      3.56s CPU      5.30s WALL (      16 calls)
     fft          :      1.58s CPU      2.67s WALL (      15 calls)
     ffts         :      0.03s CPU      0.04s WALL (       2 calls)
     fftw         :      4.32s CPU      6.16s WALL (     672 calls)
     davcio       :      0.02s CPU      0.34s WALL (      32 calls)

     Parallel routines
     fft_scatter  :      2.90s CPU      5.51s WALL (     689 calls)

     Plugins

     GIPAW        :     62.06s CPU     78.18s WALL (       1 calls)
