
     Program QE v.6.0 (svn rev. 13079) starts on 16Dec2016 at 18:43:48 

     This program is part of the open-source Quantum ESPRESSO suite
     for quantum simulation of materials; please cite
         "P. Giannozzi et al., J. Phys.:Condens. Matter 21 395502 (2009);
          URL http://www.quantum-espresso.org", 
     in publications or presentations arising from this work. More details at
     http://www.quantum-espresso.org/quote

     Parallel version (MPI), running on     8 processors
     R & G space division:  proc/nbgrp/npool/nimage =       8

     ***** This is GIPAW svn revision unknown      *****

     Parallelizing q-star over 1 images

     Reading data from directory:
     /users/majewski/paradichlorobenzene/pbe/9_constraint/scratch/pbe.ecut100.np8.dt60.pcl2phi-129368.save
     Message from routine read_xml_file:
     file /users/majewski/paradichlorobenzene/pbe/9_constraint/scratch/pbe.ecut100.np8.dt60.pcl2phi-129368.save not guaranteed to be safe for post-processing

   Info: using nr1, nr2, nr3 values from input

   Info: using nr1, nr2, nr3 values from input

     IMPORTANT: XC functional enforced from input :
     Exchange-correlation      =  SLA  PW   PBX  PBC ( 1  4  3  4 0 0)
     Any further DFT definition will be discarded
     Please, verify this is what you really want

               file C.pbe-n-kjpaw_psl.1.0.0.UPF: wavefunction(s)  2S 2P renormalized
               file Cl.pbe-n-kjpaw_psl.1.0.0.UPF: wavefunction(s)  3S 3P renormalized
               file H.pbe-kjpaw_psl.1.0.0.UPF: wavefunction(s)  1S renormalized

     Parallelization info
     --------------------
     sticks:   dense  smooth     PW     G-vecs:    dense   smooth      PW
     Min        3057    1223    332               144436    36536    5170
     Max        3059    1225    333               144437    36537    5171
     Sum       24467    9791   2657              1155489   292295   41363


     Subspace diagonalization in iterative solution of the eigenvalue problem:
     a serial algorithm will be used

     GIPAW projectors -----------------------------------------------
     atom=  C    l=0  rc=    1.2000  rs=    0.8000
     atom=  C    l=0  rc=    1.2000  rs=    0.8000
     atom=  C    l=1  rc=    1.4000  rs=    0.9333
     atom=  C    l=1  rc=    1.4000  rs=    0.9333
     projs nearly linearly dependent: l=1  n1,n2= 1, 2  s=  0.99951561

     atom=  Cl   l=0  rc=    1.6000  rs=    1.0667
     atom=  Cl   l=0  rc=    1.6000  rs=    1.0667
     atom=  Cl   l=1  rc=    1.6000  rs=    1.0667
     atom=  Cl   l=1  rc=    1.6000  rs=    1.0667
     atom=  Cl   l=2  rc=    1.6000  rs=    1.0667
     atom=  Cl   l=2  rc=    1.6000  rs=    1.0667
     projs nearly linearly dependent: l=2  n1,n2= 1, 2  s=  0.99993509

     atom=  H    l=0  rc=    1.0000  rs=    0.6667
     atom=  H    l=0  rc=    1.0000  rs=    0.6667
     projs nearly linearly dependent: l=0  n1,n2= 1, 2  s=  0.99968852
     -----------------------------------------------------------------

     GIPAW integrals: -------------------------------------------
     Atom  i/j   nmr_para   nmr_dia   epr_rmc  epr_para   epr_dia
       C   1 1   0.83E+03  0.17E-01  0.93E+01  0.24E+08  0.24E+03
       C   2 1   0.86E+03 -0.61E-01  0.94E+01  0.25E+08  0.25E+03
       C   2 2   0.90E+03 -0.15E+00  0.97E+01  0.26E+08  0.26E+03
       C   3 3   0.33E+01  0.34E+00  0.18E+01  0.55E+03  0.21E+02
       C   4 3   0.35E+01  0.37E+00  0.20E+01  0.59E+03  0.22E+02
       C   4 4   0.38E+01  0.39E+00  0.22E+01  0.63E+03  0.24E+02
       Cl  1 1   0.14E+04 -0.47E+00  0.84E+01  0.32E+09  0.42E+03
       Cl  2 1   0.21E+04 -0.37E+00  0.12E+02  0.49E+09  0.65E+03
       Cl  2 2   0.33E+04 -0.16E+00  0.21E+02  0.76E+09  0.10E+04
       Cl  3 3   0.21E+02  0.79E-01  0.89E+01  0.23E+05  0.13E+03
       Cl  4 3   0.24E+02  0.67E-01  0.99E+01  0.27E+05  0.15E+03
       Cl  4 4   0.28E+02  0.44E-01  0.11E+02  0.32E+05  0.18E+03
       Cl  5 5   0.77E+00  0.19E+00  0.18E+01  0.12E+03  0.22E+02
       Cl  6 5   0.80E+00  0.19E+00  0.19E+01  0.12E+03  0.23E+02
       Cl  6 6   0.83E+00  0.20E+00  0.19E+01  0.12E+03  0.23E+02
       H   1 1   0.39E+02  0.19E+00  0.29E+00  0.78E+05  0.13E+02
       H   2 1   0.41E+02  0.21E+00  0.32E+00  0.82E+05  0.14E+02
       H   2 2   0.43E+02  0.22E+00  0.36E+00  0.86E+05  0.15E+02
     ------------------------------------------------------------

     alpha_pv=     34.4102 eV

     Number of occupied bands for each k-point:
     k-point:     1    nbnd_occ=  42
     k-point:     2    nbnd_occ=  42
     k-point:     3    nbnd_occ=  42
     k-point:     4    nbnd_occ=  42
     k-point:     5    nbnd_occ=  42
     k-point:     6    nbnd_occ=  42
     k-point:     7    nbnd_occ=  42
     k-point:     8    nbnd_occ=  42
     k-point:     9    nbnd_occ=  42
     k-point:    10    nbnd_occ=  42
     k-point:    11    nbnd_occ=  42
     k-point:    12    nbnd_occ=  42
     k-point:    13    nbnd_occ=  42
     k-point:    14    nbnd_occ=  42
     k-point:    15    nbnd_occ=  42
     k-point:    16    nbnd_occ=  42


     q-space interpolation up to   110.00 Rydberg

     GIPAW job: efg                                                                             


     ELECTRIC FIELD GRADIENTS TENSORS IN Hartree/bohrradius^2:

     ----- bare term -----
     Cl   1       -0.052969       -0.013075        0.041515
     Cl   1       -0.013075       -0.042814        0.056712
     Cl   1        0.041515        0.056712        0.095783

     C    2       -0.745590        0.318806       -0.267472
     C    2        0.318806        0.189655       -0.064226
     C    2       -0.267472       -0.064226        0.555935

     C    3        0.326070       -0.071022        0.260578
     C    3       -0.071022       -0.204994       -0.084366
     C    3        0.260578       -0.084366       -0.121076

     H    4       -0.320235       -0.250809        0.260331
     H    4       -0.250809        0.188494        0.029602
     H    4        0.260331        0.029602        0.131742

     C    5       -0.342294        0.177665       -0.097273
     C    5        0.177665        0.288636        0.046908
     C    5       -0.097273        0.046908        0.053659

     H    6        0.305262       -0.335816        0.181694
     H    6       -0.335816       -0.503177        0.226306
     H    6        0.181694        0.226306        0.197916

     H    7        0.353852        0.292216       -0.013572
     H    7        0.292216       -0.665532        0.273851
     H    7       -0.013572        0.273851        0.311681

     C    8       -0.237619       -0.294536       -0.292668
     C    8       -0.294536       -0.103483        0.493807
     C    8       -0.292668        0.493807        0.341102

     H    9       -0.490088        0.188653       -0.457889
     H    9        0.188653        0.316182        0.185437
     H    9       -0.457889        0.185437        0.173907

     C   10       -0.284327       -0.359053       -0.226504
     C   10       -0.359053       -0.167881        0.439042
     C   10       -0.226504        0.439042        0.452208

     C   11       -0.128208        0.087611       -0.351172
     C   11        0.087611       -0.073383        0.639588
     C   11       -0.351172        0.639588        0.201591

     Cl  12       -0.014614       -0.148149        0.018052
     Cl  12       -0.148149       -0.062011        0.014137
     Cl  12        0.018052        0.014137        0.076625

     H   13        0.233977       -0.444070        0.108158
     H   13       -0.444070       -0.584969        0.044344
     H   13        0.108158        0.044344        0.350992

     C   14       -0.133510        0.239716       -0.184078
     C   14        0.239716       -0.011964       -0.475036
     C   14       -0.184078       -0.475036        0.145474

     H   15       -0.276297       -0.444429        0.104558
     H   15       -0.444429        0.004330        0.160907
     H   15        0.104558        0.160907        0.271967

     C   16       -0.406096        0.277672       -0.180406
     C   16        0.277672        0.090355       -0.280200
     C   16       -0.180406       -0.280200        0.315741

     C   17       -0.022346       -0.144771       -0.353288
     C   17       -0.144771       -0.109439       -0.560976
     C   17       -0.353288       -0.560976        0.131785

     Cl  18       -0.287755        0.230707        0.025395
     Cl  18        0.230707        0.115486       -0.174043
     Cl  18        0.025395       -0.174043        0.172268

     H   19        0.526918        0.018991       -0.018990
     H   19        0.018991       -0.113578        0.323958
     H   19       -0.018990        0.323958       -0.413340

     C   20       -0.539401       -0.331864       -0.183882
     C   20       -0.331864        0.198643        0.383590
     C   20       -0.183882        0.383590        0.340758

     H   21        0.110793        0.010521       -0.433315
     H   21        0.010521        0.246133       -0.253673
     H   21       -0.433315       -0.253673       -0.356926

     C   22        0.049366       -0.159387       -0.130953
     C   22       -0.159387       -0.083986        0.439448
     C   22       -0.130953        0.439448        0.034620

     C   23       -0.309910       -0.297699       -0.428979
     C   23       -0.297699        0.106194        0.293762
     C   23       -0.428979        0.293762        0.203716

     Cl  24        0.093116        0.089634        0.119877
     Cl  24        0.089634       -0.084721       -0.282292
     Cl  24        0.119877       -0.282292       -0.008394

     ----- ionic term -----
     Cl   1        0.154226       -0.221078        0.002050
     Cl   1       -0.221078        0.027451       -0.000461
     Cl   1        0.002050       -0.000461       -0.181677

     C    2        0.296482       -0.087242        0.116850
     C    2       -0.087242        0.314369        0.232778
     C    2        0.116850        0.232778       -0.610851

     C    3        0.210725       -0.089591        0.031651
     C    3       -0.089591        0.372259        0.265635
     C    3        0.031651        0.265635       -0.582983

     H    4        0.853635        0.517585        0.285664
     H    4        0.517585       -0.254989        0.143767
     H    4        0.285664        0.143767       -0.598646

     C    5        0.423985       -0.030158        0.017139
     C    5       -0.030158        0.155918        0.223008
     C    5        0.017139        0.223008       -0.579903

     H    6       -0.474042        0.233846        0.057204
     H    6        0.233846        0.886123        0.483249
     H    6        0.057204        0.483249       -0.412080

     H    7       -0.529935       -0.116844        0.078870
     H    7       -0.116844        0.683657       -0.689546
     H    7        0.078870       -0.689546       -0.153722

     C    8        0.202356        0.271554        0.351889
     C    8        0.271554        0.090446       -0.255667
     C    8        0.351889       -0.255667       -0.292802

     H    9        0.698470       -0.209355        0.662072
     H    9       -0.209355       -0.475930       -0.191094
     H    9        0.662072       -0.191094       -0.222540

     C   10        0.095125        0.319940        0.217976
     C   10        0.319940        0.221850       -0.378673
     C   10        0.217976       -0.378673       -0.316975

     C   11        0.087866        0.263856        0.308289
     C   11        0.263856        0.149781       -0.406264
     C   11        0.308289       -0.406264       -0.237647

     Cl  12        0.121352        0.220759        0.013661
     Cl  12        0.220759        0.051931       -0.002452
     Cl  12        0.013661       -0.002452       -0.173283

     H   13       -0.439339        0.341163        0.098391
     H   13        0.341163        0.915009        0.390209
     H   13        0.098391        0.390209       -0.475670

     C   14        0.405584       -0.039546        0.075645
     C   14       -0.039546        0.143020        0.222405
     C   14        0.075645        0.222405       -0.548604

     H   15        0.800477        0.506160        0.277435
     H   15        0.506160       -0.268748        0.150948
     H   15        0.277435        0.150948       -0.531729

     C   16        0.230547       -0.080528        0.022275
     C   16       -0.080528        0.288408        0.307748
     C   16        0.022275        0.307748       -0.518955

     C   17        0.380537       -0.021309        0.002725
     C   17       -0.021309        0.203801        0.294587
     C   17        0.002725        0.294587       -0.584338

     Cl  18        0.146026       -0.197318       -0.053221
     Cl  18       -0.197318        0.002292        0.031502
     Cl  18       -0.053221        0.031502       -0.148319

     H   19       -0.515752       -0.081245        0.061555
     H   19       -0.081245        0.618471       -0.711763
     H   19        0.061555       -0.711763       -0.102719

     C   20        0.187491        0.251640        0.326320
     C   20        0.251640        0.067914       -0.267751
     C   20        0.326320       -0.267751       -0.255405

     H   21        0.483632       -0.213948        0.761207
     H   21       -0.213948       -0.436957       -0.227109
     H   21        0.761207       -0.227109       -0.046675

     C   22        0.079547        0.267461        0.252923
     C   22        0.267461        0.178219       -0.359325
     C   22        0.252923       -0.359325       -0.257766

     C   23        0.141168        0.235582        0.389893
     C   23        0.235582        0.086236       -0.330795
     C   23        0.389893       -0.330795       -0.227404

     Cl  24        0.113573        0.224981        0.043730
     Cl  24        0.224981        0.038456        0.023869
     Cl  24        0.043730        0.023869       -0.152029

     ----- GIPAW term -----
     Cl   1       -0.454277       -1.780026       -0.109163
     Cl   1       -1.780026       -0.574307        1.739443
     Cl   1       -0.109163        1.739443        1.028585

     C    2       -0.148301       -0.031234       -0.053277
     C    2       -0.031234       -0.009822        0.130260
     C    2       -0.053277        0.130260        0.158123

     C    3        0.025644       -0.012551        0.033054
     C    3       -0.012551        0.018641        0.030331
     C    3        0.033054        0.030331       -0.044285

     H    4       -0.000000        0.000000        0.000000
     H    4        0.000000        0.000000        0.000000
     H    4        0.000000        0.000000        0.000000

     C    5       -0.006877        0.004492        0.006620
     C    5        0.004492        0.031190        0.018641
     C    5        0.006620        0.018641       -0.024313

     H    6       -0.000000        0.000000        0.000000
     H    6        0.000000        0.000000        0.000000
     H    6        0.000000        0.000000        0.000000

     H    7       -0.000000        0.000000        0.000000
     H    7        0.000000        0.000000        0.000000
     H    7        0.000000        0.000000        0.000000

     C    8       -0.042531       -0.127103       -0.073063
     C    8       -0.127103        0.043321        0.176832
     C    8       -0.073063        0.176832       -0.000789

     H    9       -0.000000        0.000000        0.000000
     H    9        0.000000        0.000000        0.000000
     H    9        0.000000        0.000000        0.000000

     C   10       -0.071088       -0.035523       -0.047971
     C   10       -0.035523        0.007438        0.068998
     C   10       -0.047971        0.068998        0.063650

     C   11        0.023396        0.158208       -0.059900
     C   11        0.158208        0.052383        0.149810
     C   11       -0.059900        0.149810       -0.075779

     Cl  12        1.707591        1.716359        0.120749
     Cl  12        1.716359       -0.326608        0.082601
     Cl  12        0.120749        0.082601       -1.380983

     H   13       -0.000000        0.000000        0.000000
     H   13        0.000000        0.000000        0.000000
     H   13        0.000000        0.000000        0.000000

     C   14       -0.081781        0.130133       -0.015625
     C   14        0.130133        0.212585       -0.111430
     C   14       -0.015625       -0.111430       -0.130804

     H   15       -0.000000        0.000000        0.000000
     H   15        0.000000        0.000000        0.000000
     H   15        0.000000        0.000000        0.000000

     C   16       -0.126338        0.104545       -0.081216
     C   16        0.104545        0.131787       -0.140933
     C   16       -0.081216       -0.140933       -0.005449

     C   17        0.005978       -0.179109       -0.065461
     C   17       -0.179109        0.116071       -0.004975
     C   17       -0.065461       -0.004975       -0.122049

     Cl  18       -0.758990       -1.267916        0.137816
     Cl  18       -1.267916        1.408154       -1.875647
     Cl  18        0.137816       -1.875647       -0.649164

     H   19       -0.000000        0.000000        0.000000
     H   19        0.000000        0.000000        0.000000
     H   19        0.000000        0.000000        0.000000

     C   20       -0.180484       -0.050892       -0.020982
     C   20       -0.050892        0.108591        0.218282
     C   20       -0.020982        0.218282        0.071893

     H   21       -0.000000        0.000000        0.000000
     H   21        0.000000        0.000000        0.000000
     H   21        0.000000        0.000000        0.000000

     C   22       -0.074245       -0.036554       -0.040346
     C   22       -0.036554        0.073561        0.153864
     C   22       -0.040346        0.153864        0.000684

     C   23       -0.061846       -0.080601       -0.110531
     C   23       -0.080601        0.121554        0.149328
     C   23       -0.110531        0.149328       -0.059708

     Cl  24       -0.030152        0.202090       -0.696159
     Cl  24        0.202090        0.349654        1.192840
     Cl  24       -0.696159        1.192840       -0.319503

     ----- total EFG -----
     Cl   1       -0.353021       -2.014179       -0.065598
     Cl   1       -2.014179       -0.589670        1.795694
     Cl   1       -0.065598        1.795694        0.942690

     C    2       -0.597408        0.200329       -0.203899
     C    2        0.200329        0.494202        0.298813
     C    2       -0.203899        0.298813        0.103206

     C    3        0.562439       -0.173163        0.325283
     C    3       -0.173163        0.185906        0.211600
     C    3        0.325283        0.211600       -0.748345

     H    4        0.533400        0.266776        0.545995
     H    4        0.266776       -0.066495        0.173369
     H    4        0.545995        0.173369       -0.466904

     C    5        0.074814        0.151999       -0.073513
     C    5        0.151999        0.475744        0.288557
     C    5       -0.073513        0.288557       -0.550558

     H    6       -0.168781       -0.101969        0.238898
     H    6       -0.101969        0.382945        0.709555
     H    6        0.238898        0.709555       -0.214165

     H    7       -0.176083        0.175372        0.065298
     H    7        0.175372        0.018125       -0.415695
     H    7        0.065298       -0.415695        0.157959

     C    8       -0.077794       -0.150085       -0.013841
     C    8       -0.150085        0.030284        0.414972
     C    8       -0.013841        0.414972        0.047510

     H    9        0.208382       -0.020702        0.204183
     H    9       -0.020702       -0.159748       -0.005656
     H    9        0.204183       -0.005656       -0.048634

     C   10       -0.260290       -0.074637       -0.056498
     C   10       -0.074637        0.061407        0.129367
     C   10       -0.056498        0.129367        0.198883

     C   11       -0.016946        0.509674       -0.102783
     C   11        0.509674        0.128780        0.383135
     C   11       -0.102783        0.383135       -0.111834

     Cl  12        1.814329        1.788969        0.152463
     Cl  12        1.788969       -0.336689        0.094286
     Cl  12        0.152463        0.094286       -1.477640

     H   13       -0.205363       -0.102907        0.206549
     H   13       -0.102907        0.330041        0.434552
     H   13        0.206549        0.434552       -0.124678

     C   14        0.190293        0.330304       -0.124058
     C   14        0.330304        0.343641       -0.364062
     C   14       -0.124058       -0.364062       -0.533934

     H   15        0.524180        0.061732        0.381993
     H   15        0.061732       -0.264418        0.311854
     H   15        0.381993        0.311854       -0.259762

     C   16       -0.301887        0.301689       -0.239347
     C   16        0.301689        0.510550       -0.113386
     C   16       -0.239347       -0.113386       -0.208663

     C   17        0.364169       -0.345188       -0.416024
     C   17       -0.345188        0.210434       -0.271364
     C   17       -0.416024       -0.271364       -0.574603

     Cl  18       -0.900718       -1.234526        0.109990
     Cl  18       -1.234526        1.525932       -2.018188
     Cl  18        0.109990       -2.018188       -0.625214

     H   19        0.011166       -0.062254        0.042565
     H   19       -0.062254        0.504893       -0.387805
     H   19        0.042565       -0.387805       -0.516059

     C   20       -0.532394       -0.131117        0.121456
     C   20       -0.131117        0.375148        0.334121
     C   20        0.121456        0.334121        0.157246

     H   21        0.594425       -0.203427        0.327892
     H   21       -0.203427       -0.190824       -0.480783
     H   21        0.327892       -0.480783       -0.403601

     C   22        0.054667        0.071520        0.081624
     C   22        0.071520        0.167795        0.233986
     C   22        0.081624        0.233986       -0.222462

     C   23       -0.230588       -0.142719       -0.149617
     C   23       -0.142719        0.313984        0.112295
     C   23       -0.149617        0.112295       -0.083396

     Cl  24        0.176537        0.516704       -0.532551
     Cl  24        0.516704        0.303389        0.934418
     Cl  24       -0.532551        0.934418       -0.479926

     ----- total EFG (symmetrized) -----
     Cl   1       -0.353021       -2.014179       -0.065598
     Cl   1       -2.014179       -0.589670        1.795694
     Cl   1       -0.065598        1.795694        0.942690

     C    2       -0.597408        0.200329       -0.203899
     C    2        0.200329        0.494202        0.298813
     C    2       -0.203899        0.298813        0.103206

     C    3        0.562439       -0.173163        0.325283
     C    3       -0.173163        0.185906        0.211600
     C    3        0.325283        0.211600       -0.748345

     H    4        0.533400        0.266776        0.545995
     H    4        0.266776       -0.066495        0.173369
     H    4        0.545995        0.173369       -0.466904

     C    5        0.074814        0.151999       -0.073513
     C    5        0.151999        0.475744        0.288557
     C    5       -0.073513        0.288557       -0.550558

     H    6       -0.168781       -0.101969        0.238898
     H    6       -0.101969        0.382945        0.709555
     H    6        0.238898        0.709555       -0.214165

     H    7       -0.176083        0.175372        0.065298
     H    7        0.175372        0.018125       -0.415695
     H    7        0.065298       -0.415695        0.157959

     C    8       -0.077794       -0.150085       -0.013841
     C    8       -0.150085        0.030284        0.414972
     C    8       -0.013841        0.414972        0.047510

     H    9        0.208382       -0.020702        0.204183
     H    9       -0.020702       -0.159748       -0.005656
     H    9        0.204183       -0.005656       -0.048634

     C   10       -0.260290       -0.074637       -0.056498
     C   10       -0.074637        0.061407        0.129367
     C   10       -0.056498        0.129367        0.198883

     C   11       -0.016946        0.509674       -0.102783
     C   11        0.509674        0.128780        0.383135
     C   11       -0.102783        0.383135       -0.111834

     Cl  12        1.814329        1.788969        0.152463
     Cl  12        1.788969       -0.336689        0.094286
     Cl  12        0.152463        0.094286       -1.477640

     H   13       -0.205363       -0.102907        0.206549
     H   13       -0.102907        0.330041        0.434552
     H   13        0.206549        0.434552       -0.124678

     C   14        0.190293        0.330304       -0.124058
     C   14        0.330304        0.343641       -0.364062
     C   14       -0.124058       -0.364062       -0.533934

     H   15        0.524180        0.061732        0.381993
     H   15        0.061732       -0.264418        0.311854
     H   15        0.381993        0.311854       -0.259762

     C   16       -0.301887        0.301689       -0.239347
     C   16        0.301689        0.510550       -0.113386
     C   16       -0.239347       -0.113386       -0.208663

     C   17        0.364169       -0.345188       -0.416024
     C   17       -0.345188        0.210434       -0.271364
     C   17       -0.416024       -0.271364       -0.574603

     Cl  18       -0.900718       -1.234526        0.109990
     Cl  18       -1.234526        1.525932       -2.018188
     Cl  18        0.109990       -2.018188       -0.625214

     H   19        0.011166       -0.062254        0.042565
     H   19       -0.062254        0.504893       -0.387805
     H   19        0.042565       -0.387805       -0.516059

     C   20       -0.532394       -0.131117        0.121456
     C   20       -0.131117        0.375148        0.334121
     C   20        0.121456        0.334121        0.157246

     H   21        0.594425       -0.203427        0.327892
     H   21       -0.203427       -0.190824       -0.480783
     H   21        0.327892       -0.480783       -0.403601

     C   22        0.054667        0.071520        0.081624
     C   22        0.071520        0.167795        0.233986
     C   22        0.081624        0.233986       -0.222462

     C   23       -0.230588       -0.142719       -0.149617
     C   23       -0.142719        0.313984        0.112295
     C   23       -0.149617        0.112295       -0.083396

     Cl  24        0.176537        0.516704       -0.532551
     Cl  24        0.516704        0.303389        0.934418
     Cl  24       -0.532551        0.934418       -0.479926


     NQR/NMR SPECTROSCOPIC PARAMETERS:
     Cl   1    Vxx=    0.2547    axis=(  0.699758 -0.233139  0.675267)
     Cl   1    Vyy=    2.6864    axis=( -0.426410  0.622081  0.656651)
     Cl   1    Vzz=   -2.9412    axis=( -0.573161 -0.747437  0.335893)
     Cl   1  Q=        -8.1650 1e-30 m^2  Cq=        56.4252 MHz  eta= 0.82678

     C    2    Vxx=    0.0554    axis=( -0.382115 -0.394563  0.835648)
     C    2    Vyy=    0.6612    axis=(  0.068481  0.889693  0.451395)
     C    2    Vzz=   -0.7166    axis=( -0.921574  0.229711 -0.312945)
     C    2  Q=         1.0000 1e-30 m^2  Cq=        -1.6837 MHz  eta= 0.84551

     C    3    Vxx=    0.2104    axis=( -0.205757 -0.938592 -0.276966)
     C    3    Vyy=    0.6712    axis=( -0.948772  0.260676 -0.178547)
     C    3    Vzz=   -0.8816    axis=( -0.239781 -0.226040  0.944146)
     C    3  Q=         1.0000 1e-30 m^2  Cq=        -2.0714 MHz  eta= 0.52273

     H    4    Vxx=   -0.1665    axis=(  0.324826 -0.944694  0.045184)
     H    4    Vyy=   -0.7117    axis=(  0.384132  0.088123 -0.919063)
     H    4    Vzz=    0.8782    axis=(  0.864251  0.315893  0.391512)
     H    4  Q=         1.0000 1e-30 m^2  Cq=         2.0635 MHz  eta= 0.62080

     C    5    Vxx=    0.0589    axis=(  0.956242 -0.202462 -0.211212)
     C    5    Vyy=    0.5843    axis=(  0.248894  0.942392  0.223493)
     C    5    Vzz=   -0.6432    axis=(  0.153796 -0.266282  0.951546)
     C    5  Q=         1.0000 1e-30 m^2  Cq=        -1.5112 MHz  eta= 0.81695

     H    6    Vxx=   -0.0659    axis=(  0.923469 -0.250127  0.290933)
     H    6    Vyy=   -0.7906    axis=(  0.380661  0.502457 -0.776295)
     H    6    Vzz=    0.8565    axis=(  0.047991  0.827631  0.559217)
     H    6  Q=         1.0000 1e-30 m^2  Cq=         2.0124 MHz  eta= 0.84612

     H    7    Vxx=   -0.0668    axis=( -0.831031 -0.359871 -0.424124)
     H    7    Vyy=   -0.4489    axis=(  0.547830 -0.661539 -0.512102)
     H    7    Vzz=    0.5157    axis=( -0.096284 -0.657920  0.746907)
     H    7  Q=         1.0000 1e-30 m^2  Cq=         1.2117 MHz  eta= 0.74088

     C    8    Vxx=   -0.0717    axis=( -0.932344  0.070740 -0.354585)
     C    8    Vyy=   -0.4065    axis=( -0.296943 -0.709341  0.639266)
     C    8    Vzz=    0.4782    axis=( -0.206300  0.701307  0.682355)
     C    8  Q=         1.0000 1e-30 m^2  Cq=         1.1236 MHz  eta= 0.70024

     H    9    Vxx=   -0.1560    axis=( -0.301229  0.731522  0.611667)
     H    9    Vyy=   -0.1661    axis=(  0.379450  0.680445 -0.626907)
     H    9    Vzz=    0.3220    axis=(  0.874802 -0.043254  0.482546)
     H    9  Q=         1.0000 1e-30 m^2  Cq=         0.7567 MHz  eta= 0.03145

     C   10    Vxx=   -0.0119    axis=( -0.125901  0.830125 -0.543177)
     C   10    Vyy=   -0.2785    axis=( -0.979558 -0.190619 -0.064271)
     C   10    Vzz=    0.2904    axis=( -0.156893  0.523981  0.837155)
     C   10  Q=         1.0000 1e-30 m^2  Cq=         0.6824 MHz  eta= 0.91790

     C   11    Vxx=    0.0225    axis=( -0.611821  0.110556  0.783232)
     C   11    Vyy=    0.6456    axis=( -0.546702 -0.774714 -0.317702)
     C   11    Vzz=   -0.6681    axis=(  0.571657 -0.622571  0.534428)
     C   11  Q=         1.0000 1e-30 m^2  Cq=        -1.5698 MHz  eta= 0.93254

     Cl  12    Vxx=   -1.3482    axis=(  0.493582 -0.868201 -0.051037)
     Cl  12    Vyy=   -1.4854    axis=(  0.010933  0.064873 -0.997834)
     Cl  12    Vzz=    2.8336    axis=(  0.869631  0.491955  0.041512)
     Cl  12  Q=        -8.1650 1e-30 m^2  Cq=       -54.3619 MHz  eta= 0.04843

     H   13    Vxx=   -0.0495    axis=(  0.826686 -0.311962  0.468262)
     H   13    Vyy=   -0.5441    axis=(  0.562089  0.420298 -0.712324)
     H   13    Vzz=    0.5936    axis=(  0.025408  0.852074  0.522805)
     H   13  Q=         1.0000 1e-30 m^2  Cq=         1.3947 MHz  eta= 0.83311

     C   14    Vxx=   -0.0478    axis=(  0.828884 -0.528267  0.184077)
     C   14    Vyy=   -0.6653    axis=( -0.006140 -0.337621 -0.941262)
     C   14    Vzz=    0.7131    axis=(  0.559386  0.779067 -0.283092)
     C   14  Q=         1.0000 1e-30 m^2  Cq=         1.6755 MHz  eta= 0.86603

     H   15    Vxx=   -0.0883    axis=(  0.395018 -0.764216 -0.509839)
     H   15    Vyy=   -0.6246    axis=(  0.218217  0.617143 -0.755986)
     H   15    Vzz=    0.7129    axis=(  0.892380  0.187373  0.410547)
     H   15  Q=         1.0000 1e-30 m^2  Cq=         1.6750 MHz  eta= 0.75234

     C   16    Vxx=   -0.1226    axis=(  0.463269 -0.365316 -0.807420)
     C   16    Vyy=   -0.5282    axis=(  0.816855 -0.177323  0.548912)
     C   16    Vzz=    0.6509    axis=( -0.343700 -0.913839  0.216262)
     C   16  Q=         1.0000 1e-30 m^2  Cq=         1.5292 MHz  eta= 0.62315

     C   17    Vxx=    0.2017    axis=(  0.402063  0.775623 -0.486574)
     C   17    Vyy=    0.6665    axis=(  0.830843 -0.532376 -0.162097)
     C   17    Vzz=   -0.8683    axis=(  0.384767  0.339093  0.858470)
     C   17  Q=         1.0000 1e-30 m^2  Cq=        -2.0400 MHz  eta= 0.53531

     Cl  18    Vxx=   -0.9209    axis=(  0.832737 -0.035581 -0.552524)
     Cl  18    Vyy=   -2.1354    axis=(  0.480567  0.542040  0.689382)
     Cl  18    Vzz=    3.0563    axis=( -0.274961  0.839599 -0.468476)
     Cl  18  Q=        -8.1650 1e-30 m^2  Cq=       -58.6341 MHz  eta= 0.39735

     H   19    Vxx=    0.0035    axis=(  0.992984  0.118052 -0.006766)
     H   19    Vyy=    0.6438    axis=( -0.114037  0.940941 -0.318787)
     H   19    Vzz=   -0.6473    axis=( -0.031267  0.317322  0.947802)
     H   19  Q=         1.0000 1e-30 m^2  Cq=        -1.5209 MHz  eta= 0.98926

     C   20    Vxx=   -0.0249    axis=(  0.325383 -0.541047  0.775496)
     C   20    Vyy=   -0.5938    axis=(  0.945061  0.213299 -0.247716)
     C   20    Vzz=    0.6187    axis=( -0.031387  0.813494  0.580726)
     C   20  Q=         1.0000 1e-30 m^2  Cq=         1.4538 MHz  eta= 0.91950

     H   21    Vxx=   -0.0148    axis=(  0.498176  0.724699 -0.476059)
     H   21    Vyy=   -0.8026    axis=( -0.100900  0.593762  0.798289)
     H   21    Vzz=    0.8175    axis=(  0.861185 -0.349654  0.368920)
     H   21  Q=         1.0000 1e-30 m^2  Cq=         1.9208 MHz  eta= 0.96370

     C   22    Vxx=    0.0214    axis=(  0.926064 -0.374166 -0.049038)
     C   22    Vyy=    0.3156    axis=( -0.359331 -0.834635 -0.417453)
     C   22    Vzz=   -0.3371    axis=(  0.115268  0.404209 -0.907375)
     C   22  Q=         1.0000 1e-30 m^2  Cq=        -0.7920 MHz  eta= 0.87274

     C   23    Vxx=   -0.0644    axis=( -0.402315 -0.396603  0.825136)
     C   23    Vyy=   -0.3306    axis=( -0.871619 -0.109764 -0.477737)
     C   23    Vzz=    0.3950    axis=( -0.280042  0.911404  0.301526)
     C   23  Q=         1.0000 1e-30 m^2  Cq=         0.9281 MHz  eta= 0.67381

     Cl  24    Vxx=    0.4739    axis=( -0.875558 -0.005917  0.483077)
     Cl  24    Vyy=    0.9598    axis=( -0.248573 -0.851895 -0.460963)
     Cl  24    Vzz=   -1.4336    axis=(  0.414258 -0.523679  0.744412)
     Cl  24  Q=        -8.1650 1e-30 m^2  Cq=        27.5035 MHz  eta= 0.33894

     Initialization:
     gipaw_setup  :      8.83s CPU     11.01s WALL (       1 calls)

     Linear response

     Apply operators

     Induced current

     Other routines
     efg          :      9.46s CPU     12.30s WALL (       1 calls)

     General routines
     calbec       :      3.38s CPU      4.50s WALL (      16 calls)
     fft          :      1.41s CPU      1.80s WALL (      15 calls)
     ffts         :      0.03s CPU      0.05s WALL (       2 calls)
     fftw         :      3.27s CPU      4.30s WALL (     672 calls)
     davcio       :      0.01s CPU      0.32s WALL (      32 calls)

     Parallel routines
     fft_scatter  :      2.05s CPU      3.27s WALL (     689 calls)

     Plugins

     GIPAW        :     61.31s CPU     84.76s WALL (       1 calls)
