
     Program QE v.6.0 (svn rev. 13079) starts on  8Jan2017 at  6:31:13 

     This program is part of the open-source Quantum ESPRESSO suite
     for quantum simulation of materials; please cite
         "P. Giannozzi et al., J. Phys.:Condens. Matter 21 395502 (2009);
          URL http://www.quantum-espresso.org", 
     in publications or presentations arising from this work. More details at
     http://www.quantum-espresso.org/quote

     Parallel version (MPI), running on     8 processors
     R & G space division:  proc/nbgrp/npool/nimage =       8

     ***** This is GIPAW svn revision unknown      *****

     Parallelizing q-star over 1 images

     Reading data from directory:
     /users/majewski/paradichlorobenzene/pbe/9_constraint/scratch/pbe.ecut100.np8.dt60.pcl2phi-129368.save
     Message from routine read_xml_file:
     file /users/majewski/paradichlorobenzene/pbe/9_constraint/scratch/pbe.ecut100.np8.dt60.pcl2phi-129368.save not guaranteed to be safe for post-processing

   Info: using nr1, nr2, nr3 values from input

   Info: using nr1, nr2, nr3 values from input

     IMPORTANT: XC functional enforced from input :
     Exchange-correlation      =  SLA  PW   PBX  PBC ( 1  4  3  4 0 0)
     Any further DFT definition will be discarded
     Please, verify this is what you really want

               file C.pbe-n-kjpaw_psl.1.0.0.UPF: wavefunction(s)  2S 2P renormalized
               file Cl.pbe-n-kjpaw_psl.1.0.0.UPF: wavefunction(s)  3S 3P renormalized
               file H.pbe-kjpaw_psl.1.0.0.UPF: wavefunction(s)  1S renormalized

     Parallelization info
     --------------------
     sticks:   dense  smooth     PW     G-vecs:    dense   smooth      PW
     Min        3057    1223    332               144436    36536    5170
     Max        3059    1225    333               144437    36537    5171
     Sum       24467    9791   2657              1155489   292295   41363


     Subspace diagonalization in iterative solution of the eigenvalue problem:
     a serial algorithm will be used

     GIPAW projectors -----------------------------------------------
     atom=  C    l=0  rc=    1.2000  rs=    0.8000
     atom=  C    l=0  rc=    1.2000  rs=    0.8000
     atom=  C    l=1  rc=    1.4000  rs=    0.9333
     atom=  C    l=1  rc=    1.4000  rs=    0.9333
     projs nearly linearly dependent: l=1  n1,n2= 1, 2  s=  0.99951561

     atom=  Cl   l=0  rc=    1.6000  rs=    1.0667
     atom=  Cl   l=0  rc=    1.6000  rs=    1.0667
     atom=  Cl   l=1  rc=    1.6000  rs=    1.0667
     atom=  Cl   l=1  rc=    1.6000  rs=    1.0667
     atom=  Cl   l=2  rc=    1.6000  rs=    1.0667
     atom=  Cl   l=2  rc=    1.6000  rs=    1.0667
     projs nearly linearly dependent: l=2  n1,n2= 1, 2  s=  0.99993509

     atom=  H    l=0  rc=    1.0000  rs=    0.6667
     atom=  H    l=0  rc=    1.0000  rs=    0.6667
     projs nearly linearly dependent: l=0  n1,n2= 1, 2  s=  0.99968852
     -----------------------------------------------------------------

     GIPAW integrals: -------------------------------------------
     Atom  i/j   nmr_para   nmr_dia   epr_rmc  epr_para   epr_dia
       C   1 1   0.83E+03  0.17E-01  0.93E+01  0.24E+08  0.24E+03
       C   2 1   0.86E+03 -0.61E-01  0.94E+01  0.25E+08  0.25E+03
       C   2 2   0.90E+03 -0.15E+00  0.97E+01  0.26E+08  0.26E+03
       C   3 3   0.33E+01  0.34E+00  0.18E+01  0.55E+03  0.21E+02
       C   4 3   0.35E+01  0.37E+00  0.20E+01  0.59E+03  0.22E+02
       C   4 4   0.38E+01  0.39E+00  0.22E+01  0.63E+03  0.24E+02
       Cl  1 1   0.14E+04 -0.47E+00  0.84E+01  0.32E+09  0.42E+03
       Cl  2 1   0.21E+04 -0.37E+00  0.12E+02  0.49E+09  0.65E+03
       Cl  2 2   0.33E+04 -0.16E+00  0.21E+02  0.76E+09  0.10E+04
       Cl  3 3   0.21E+02  0.79E-01  0.89E+01  0.23E+05  0.13E+03
       Cl  4 3   0.24E+02  0.67E-01  0.99E+01  0.27E+05  0.15E+03
       Cl  4 4   0.28E+02  0.44E-01  0.11E+02  0.32E+05  0.18E+03
       Cl  5 5   0.77E+00  0.19E+00  0.18E+01  0.12E+03  0.22E+02
       Cl  6 5   0.80E+00  0.19E+00  0.19E+01  0.12E+03  0.23E+02
       Cl  6 6   0.83E+00  0.20E+00  0.19E+01  0.12E+03  0.23E+02
       H   1 1   0.39E+02  0.19E+00  0.29E+00  0.78E+05  0.13E+02
       H   2 1   0.41E+02  0.21E+00  0.32E+00  0.82E+05  0.14E+02
       H   2 2   0.43E+02  0.22E+00  0.36E+00  0.86E+05  0.15E+02
     ------------------------------------------------------------

     alpha_pv=     34.1510 eV

     Number of occupied bands for each k-point:
     k-point:     1    nbnd_occ=  42
     k-point:     2    nbnd_occ=  42
     k-point:     3    nbnd_occ=  42
     k-point:     4    nbnd_occ=  42
     k-point:     5    nbnd_occ=  42
     k-point:     6    nbnd_occ=  42
     k-point:     7    nbnd_occ=  42
     k-point:     8    nbnd_occ=  42
     k-point:     9    nbnd_occ=  42
     k-point:    10    nbnd_occ=  42
     k-point:    11    nbnd_occ=  42
     k-point:    12    nbnd_occ=  42
     k-point:    13    nbnd_occ=  42
     k-point:    14    nbnd_occ=  42
     k-point:    15    nbnd_occ=  42
     k-point:    16    nbnd_occ=  42


     q-space interpolation up to   110.00 Rydberg

     GIPAW job: efg                                                                             


     ELECTRIC FIELD GRADIENTS TENSORS IN Hartree/bohrradius^2:

     ----- bare term -----
     Cl   1        0.045110        0.118373        0.094570
     Cl   1        0.118373       -0.212936        0.303522
     Cl   1        0.094570        0.303522        0.167826

     C    2        0.027732       -0.008476       -0.234902
     C    2       -0.008476        0.046965       -0.659536
     C    2       -0.234902       -0.659536       -0.074696

     C    3       -0.407119        0.223051        0.034153
     C    3        0.223051        0.033283       -0.088077
     C    3        0.034153       -0.088077        0.373836

     H    4       -0.188059       -0.460017        0.024373
     H    4       -0.460017       -0.134770        0.180814
     H    4        0.024373        0.180814        0.322830

     C    5       -0.093832       -0.103541       -0.278360
     C    5       -0.103541        0.025396       -0.462325
     C    5       -0.278360       -0.462325        0.068436

     H    6        0.444751       -0.062683       -0.021602
     H    6       -0.062683       -0.777461        0.055887
     H    6       -0.021602        0.055887        0.332711

     H    7        0.108669        0.031360        0.154196
     H    7        0.031360       -0.231542        0.533515
     H    7        0.154196        0.533515        0.122873

     C    8       -0.465435       -0.346078       -0.492869
     C    8       -0.346078        0.336560        0.189960
     C    8       -0.492869        0.189960        0.128875

     H    9        0.134453        0.085406       -0.219431
     H    9        0.085406        0.471194       -0.024534
     H    9       -0.219431       -0.024534       -0.605646

     C   10        0.076821       -0.251289       -0.070481
     C   10       -0.251289       -0.132989        0.307360
     C   10       -0.070481        0.307360        0.056168

     C   11       -0.279698       -0.254162       -0.335009
     C   11       -0.254162       -0.113527        0.455094
     C   11       -0.335009        0.455094        0.393226

     Cl  12        0.034112       -0.027796       -0.052594
     Cl  12       -0.027796       -0.009170       -0.081372
     Cl  12       -0.052594       -0.081372       -0.024941

     H   13        0.449759       -0.075798       -0.064312
     H   13       -0.075798       -0.582916       -0.458290
     H   13       -0.064312       -0.458290        0.133157

     C   14       -0.863951        0.297713       -0.426564
     C   14        0.297713        0.224648        0.006540
     C   14       -0.426564        0.006540        0.639303

     H   15       -0.416963       -0.422172        0.091158
     H   15       -0.422172        0.291289        0.081601
     H   15        0.091158        0.081601        0.125674

     C   16        0.071335        0.104171       -0.061678
     C   16        0.104171       -0.538559       -0.328665
     C   16       -0.061678       -0.328665        0.467224

     C   17       -0.686920        0.312562       -0.382343
     C   17        0.312562        0.137118       -0.053894
     C   17       -0.382343       -0.053894        0.549802

     Cl  18       -0.039584       -0.005287       -0.088657
     Cl  18       -0.005287       -0.027882       -0.077214
     Cl  18       -0.088657       -0.077214        0.067466

     H   19        0.196028       -0.339366        0.004130
     H   19       -0.339366       -0.546689        0.313697
     H   19        0.004130        0.313697        0.350661

     C   20       -0.142631        0.279560       -0.417354
     C   20        0.279560        0.029421        0.525672
     C   20       -0.417354        0.525672        0.113210

     H   21        0.089487        0.058772       -0.231239
     H   21        0.058772        0.398099        0.377339
     H   21       -0.231239        0.377339       -0.487585

     C   22       -0.642872       -0.341470       -0.401932
     C   22       -0.341470        0.173892        0.009370
     C   22       -0.401932        0.009370        0.468980

     C   23        0.008659       -0.139976       -0.136442
     C   23       -0.139976       -0.323056        0.378601
     C   23       -0.136442        0.378601        0.314397

     Cl  24       -0.031083       -0.201933       -0.030287
     Cl  24       -0.201933       -0.008687        0.145027
     Cl  24       -0.030287        0.145027        0.039770

     ----- ionic term -----
     Cl   1        0.175160       -0.174078       -0.045720
     Cl   1       -0.174078       -0.032404        0.028836
     Cl   1       -0.045720        0.028836       -0.142756

     C    2        0.326388       -0.024130        0.082115
     C    2       -0.024130        0.165944        0.405337
     C    2        0.082115        0.405337       -0.492332

     C    3        0.236941       -0.185498        0.048165
     C    3       -0.185498        0.233508        0.373104
     C    3        0.048165        0.373104       -0.470450

     H    4        0.784195        0.439287        0.414430
     H    4        0.439287       -0.343513        0.206769
     H    4        0.414430        0.206769       -0.440682

     C    5        0.377211       -0.084658        0.087634
     C    5       -0.084658        0.132449        0.281491
     C    5        0.087634        0.281491       -0.509660

     H    6       -0.535727        0.096690        0.024874
     H    6        0.096690        0.872689        0.563270
     H    6        0.024874        0.563270       -0.336962

     H    7       -0.529789       -0.038219        0.042020
     H    7       -0.038219        0.732321       -0.660019
     H    7        0.042020       -0.660019       -0.202532

     C    8        0.142275        0.186580        0.413156
     C    8        0.186580        0.020573       -0.250263
     C    8        0.413156       -0.250263       -0.162848

     H    9        0.194472       -0.324656        0.732172
     H    9       -0.324656       -0.339708       -0.381986
     H    9        0.732172       -0.381986        0.145236

     C   10       -0.017329        0.253333        0.247938
     C   10        0.253333        0.160173       -0.402610
     C   10        0.247938       -0.402610       -0.142844

     C   11        0.050270        0.248967        0.328899
     C   11        0.248967        0.088704       -0.429496
     C   11        0.328899       -0.429496       -0.138974

     Cl  12        0.159868        0.237291        0.056322
     Cl  12        0.237291       -0.014951        0.026442
     Cl  12        0.056322        0.026442       -0.144917

     H   13       -0.515600        0.094212        0.030482
     H   13        0.094212        0.732797        0.657306
     H   13        0.030482        0.657306       -0.217198

     C   14        0.395046       -0.014310        0.092637
     C   14       -0.014310        0.076405        0.325713
     C   14        0.092637        0.325713       -0.471451

     H   15        0.563283        0.511098        0.523274
     H   15        0.511098       -0.247108        0.316276
     H   15        0.523274        0.316276       -0.316175

     C   16        0.198852       -0.139826        0.054650
     C   16       -0.139826        0.244198        0.371895
     C   16        0.054650        0.371895       -0.443049

     C   17        0.369039       -0.077931        0.098988
     C   17       -0.077931        0.149024        0.323530
     C   17        0.098988        0.323530       -0.518063

     Cl  18        0.201800       -0.219848       -0.017594
     Cl  18       -0.219848       -0.046031        0.008041
     Cl  18       -0.017594        0.008041       -0.155769

     H   19       -0.517861        0.098633       -0.033441
     H   19        0.098633        0.695623       -0.667650
     H   19       -0.033441       -0.667650       -0.177762

     C   20        0.142879        0.229966        0.346587
     C   20        0.229966        0.048272       -0.268453
     C   20        0.346587       -0.268453       -0.191150

     H   21        0.175480       -0.176989        0.776695
     H   21       -0.176989       -0.478306       -0.273324
     H   21        0.776695       -0.273324        0.302826

     C   22        0.033866        0.308744        0.253044
     C   22        0.308744        0.145087       -0.337795
     C   22        0.253044       -0.337795       -0.178953

     C   23        0.142475        0.271841        0.393665
     C   23        0.271841        0.041368       -0.347471
     C   23        0.393665       -0.347471       -0.183842

     Cl  24        0.169195        0.227320        0.066602
     Cl  24        0.227320       -0.006170        0.034257
     Cl  24        0.066602        0.034257       -0.163025

     ----- GIPAW term -----
     Cl   1       -0.359391        0.253977       -0.459272
     Cl   1        0.253977        0.583512       -0.977277
     Cl   1       -0.459272       -0.977277       -0.224121

     C    2       -0.053894       -0.012590       -0.038474
     C    2       -0.012590        0.232920       -0.127502
     C    2       -0.038474       -0.127502       -0.179026

     C    3       -0.089699       -0.015435        0.020510
     C    3       -0.015435        0.094864       -0.054960
     C    3        0.020510       -0.054960       -0.005165

     H    4       -0.000000        0.000000        0.000000
     H    4        0.000000        0.000000        0.000000
     H    4        0.000000        0.000000        0.000000

     C    5       -0.087158       -0.044863       -0.020239
     C    5       -0.044863        0.208264       -0.142942
     C    5       -0.020239       -0.142942       -0.121106

     H    6       -0.000000        0.000000        0.000000
     H    6        0.000000        0.000000        0.000000
     H    6        0.000000        0.000000        0.000000

     H    7       -0.000000        0.000000        0.000000
     H    7        0.000000        0.000000        0.000000
     H    7        0.000000        0.000000        0.000000

     C    8        0.012623       -0.218454       -0.088470
     C    8       -0.218454        0.106171        0.033847
     C    8       -0.088470        0.033847       -0.118794

     H    9       -0.000000        0.000000        0.000000
     H    9        0.000000        0.000000        0.000000
     H    9        0.000000        0.000000        0.000000

     C   10       -0.028105       -0.065392       -0.055554
     C   10       -0.065392        0.013980        0.102537
     C   10       -0.055554        0.102537        0.014124

     C   11       -0.107152        0.005504       -0.082234
     C   11        0.005504        0.018407        0.226412
     C   11       -0.082234        0.226412        0.088745

     Cl  12       -0.572425        1.082542       -0.524610
     Cl  12        1.082542       -0.513224        1.650330
     Cl  12       -0.524610        1.650330        1.085649

     H   13       -0.000000        0.000000        0.000000
     H   13        0.000000        0.000000        0.000000
     H   13        0.000000        0.000000        0.000000

     C   14       -0.243340        0.045576       -0.038519
     C   14        0.045576        0.036308        0.186259
     C   14       -0.038519        0.186259        0.207032

     H   15       -0.000000        0.000000        0.000000
     H   15        0.000000        0.000000        0.000000
     H   15        0.000000        0.000000        0.000000

     C   16       -0.070828       -0.014140       -0.048863
     C   16       -0.014140       -0.138862        0.053070
     C   16       -0.048863        0.053070        0.209689

     C   17       -0.130431       -0.109607       -0.138336
     C   17       -0.109607        0.047743        0.173923
     C   17       -0.138336        0.173923        0.082688

     Cl  18        0.931831       -1.404424       -2.058620
     Cl  18       -1.404424       -1.166603       -0.769108
     Cl  18       -2.058620       -0.769108        0.234772

     H   19       -0.000000        0.000000        0.000000
     H   19        0.000000        0.000000        0.000000
     H   19        0.000000        0.000000        0.000000

     C   20       -0.026162        0.217309       -0.064588
     C   20        0.217309        0.155066        0.093003
     C   20       -0.064588        0.093003       -0.128904

     H   21       -0.000000        0.000000        0.000000
     H   21        0.000000        0.000000        0.000000
     H   21        0.000000        0.000000        0.000000

     C   22       -0.191261        0.059055       -0.147909
     C   22        0.059055        0.119886       -0.184858
     C   22       -0.147909       -0.184858        0.071375

     C   23       -0.040300        0.018084        0.051958
     C   23        0.018084        0.023455       -0.155028
     C   23        0.051958       -0.155028        0.016845

     Cl  24       -0.804021        0.289850        0.515922
     Cl  24        0.289850       -0.208066       -1.612451
     Cl  24        0.515922       -1.612451        1.012087

     ----- total EFG -----
     Cl   1       -0.139120        0.198272       -0.410422
     Cl   1        0.198272        0.338171       -0.644919
     Cl   1       -0.410422       -0.644919       -0.199051

     C    2        0.300225       -0.045196       -0.191261
     C    2       -0.045196        0.445829       -0.381700
     C    2       -0.191261       -0.381700       -0.746054

     C    3       -0.259876        0.022118        0.102828
     C    3        0.022118        0.361656        0.230068
     C    3        0.102828        0.230068       -0.101779

     H    4        0.596135       -0.020730        0.438803
     H    4       -0.020730       -0.478283        0.387583
     H    4        0.438803        0.387583       -0.117852

     C    5        0.196221       -0.233062       -0.210966
     C    5       -0.233062        0.366109       -0.323776
     C    5       -0.210966       -0.323776       -0.562330

     H    6       -0.090976        0.034006        0.003272
     H    6        0.034006        0.095227        0.619157
     H    6        0.003272        0.619157       -0.004251

     H    7       -0.421120       -0.006859        0.196216
     H    7       -0.006859        0.500780       -0.126504
     H    7        0.196216       -0.126504       -0.079659

     C    8       -0.310538       -0.377951       -0.168183
     C    8       -0.377951        0.463304       -0.026456
     C    8       -0.168183       -0.026456       -0.152767

     H    9        0.328924       -0.239251        0.512741
     H    9       -0.239251        0.131486       -0.406520
     H    9        0.512741       -0.406520       -0.460410

     C   10        0.031387       -0.063348        0.121903
     C   10       -0.063348        0.041165        0.007287
     C   10        0.121903        0.007287       -0.072551

     C   11       -0.336580        0.000310       -0.088345
     C   11        0.000310       -0.006417        0.252010
     C   11       -0.088345        0.252010        0.342997

     Cl  12       -0.378446        1.292038       -0.520882
     Cl  12        1.292038       -0.537345        1.595400
     Cl  12       -0.520882        1.595400        0.915791

     H   13       -0.065841        0.018415       -0.033830
     H   13        0.018415        0.149881        0.199015
     H   13       -0.033830        0.199015       -0.084040

     C   14       -0.712245        0.328979       -0.372446
     C   14        0.328979        0.337361        0.518512
     C   14       -0.372446        0.518512        0.374885

     H   15        0.146320        0.088926        0.614432
     H   15        0.088926        0.044181        0.397877
     H   15        0.614432        0.397877       -0.190501

     C   16        0.199359       -0.049796       -0.055890
     C   16       -0.049796       -0.433223        0.096300
     C   16       -0.055890        0.096300        0.233864

     C   17       -0.448311        0.125024       -0.421690
     C   17        0.125024        0.333885        0.443559
     C   17       -0.421690        0.443559        0.114426

     Cl  18        1.094046       -1.629559       -2.164872
     Cl  18       -1.629559       -1.240516       -0.838281
     Cl  18       -2.164872       -0.838281        0.146470

     H   19       -0.321833       -0.240732       -0.029310
     H   19       -0.240732        0.148934       -0.353953
     H   19       -0.029310       -0.353953        0.172899

     C   20       -0.025915        0.726835       -0.135355
     C   20        0.726835        0.232759        0.350222
     C   20       -0.135355        0.350222       -0.206845

     H   21        0.264967       -0.118217        0.545456
     H   21       -0.118217       -0.080208        0.104015
     H   21        0.545456        0.104015       -0.184759

     C   22       -0.800267        0.026329       -0.296797
     C   22        0.026329        0.438865       -0.513284
     C   22       -0.296797       -0.513284        0.361402

     C   23        0.110833        0.149950        0.309180
     C   23        0.149950       -0.258233       -0.123898
     C   23        0.309180       -0.123898        0.147400

     Cl  24       -0.665908        0.315236        0.552237
     Cl  24        0.315236       -0.222923       -1.433167
     Cl  24        0.552237       -1.433167        0.888832

     ----- total EFG (symmetrized) -----
     Cl   1       -0.139120        0.198272       -0.410422
     Cl   1        0.198272        0.338171       -0.644919
     Cl   1       -0.410422       -0.644919       -0.199051

     C    2        0.300225       -0.045196       -0.191261
     C    2       -0.045196        0.445829       -0.381700
     C    2       -0.191261       -0.381700       -0.746054

     C    3       -0.259876        0.022118        0.102828
     C    3        0.022118        0.361656        0.230068
     C    3        0.102828        0.230068       -0.101779

     H    4        0.596135       -0.020730        0.438803
     H    4       -0.020730       -0.478283        0.387583
     H    4        0.438803        0.387583       -0.117852

     C    5        0.196221       -0.233062       -0.210966
     C    5       -0.233062        0.366109       -0.323776
     C    5       -0.210966       -0.323776       -0.562330

     H    6       -0.090976        0.034006        0.003272
     H    6        0.034006        0.095227        0.619157
     H    6        0.003272        0.619157       -0.004251

     H    7       -0.421120       -0.006859        0.196216
     H    7       -0.006859        0.500780       -0.126504
     H    7        0.196216       -0.126504       -0.079659

     C    8       -0.310538       -0.377951       -0.168183
     C    8       -0.377951        0.463304       -0.026456
     C    8       -0.168183       -0.026456       -0.152767

     H    9        0.328924       -0.239251        0.512741
     H    9       -0.239251        0.131486       -0.406520
     H    9        0.512741       -0.406520       -0.460410

     C   10        0.031387       -0.063348        0.121903
     C   10       -0.063348        0.041165        0.007287
     C   10        0.121903        0.007287       -0.072551

     C   11       -0.336580        0.000310       -0.088345
     C   11        0.000310       -0.006417        0.252010
     C   11       -0.088345        0.252010        0.342997

     Cl  12       -0.378446        1.292038       -0.520882
     Cl  12        1.292038       -0.537345        1.595400
     Cl  12       -0.520882        1.595400        0.915791

     H   13       -0.065841        0.018415       -0.033830
     H   13        0.018415        0.149881        0.199015
     H   13       -0.033830        0.199015       -0.084040

     C   14       -0.712245        0.328979       -0.372446
     C   14        0.328979        0.337361        0.518512
     C   14       -0.372446        0.518512        0.374885

     H   15        0.146320        0.088926        0.614432
     H   15        0.088926        0.044181        0.397877
     H   15        0.614432        0.397877       -0.190501

     C   16        0.199359       -0.049796       -0.055890
     C   16       -0.049796       -0.433223        0.096300
     C   16       -0.055890        0.096300        0.233864

     C   17       -0.448311        0.125024       -0.421690
     C   17        0.125024        0.333885        0.443559
     C   17       -0.421690        0.443559        0.114426

     Cl  18        1.094046       -1.629559       -2.164872
     Cl  18       -1.629559       -1.240516       -0.838281
     Cl  18       -2.164872       -0.838281        0.146470

     H   19       -0.321833       -0.240732       -0.029310
     H   19       -0.240732        0.148934       -0.353953
     H   19       -0.029310       -0.353953        0.172899

     C   20       -0.025915        0.726835       -0.135355
     C   20        0.726835        0.232759        0.350222
     C   20       -0.135355        0.350222       -0.206845

     H   21        0.264967       -0.118217        0.545456
     H   21       -0.118217       -0.080208        0.104015
     H   21        0.545456        0.104015       -0.184759

     C   22       -0.800267        0.026329       -0.296797
     C   22        0.026329        0.438865       -0.513284
     C   22       -0.296797       -0.513284        0.361402

     C   23        0.110833        0.149950        0.309180
     C   23        0.149950       -0.258233       -0.123898
     C   23        0.309180       -0.123898        0.147400

     Cl  24       -0.665908        0.315236        0.552237
     Cl  24        0.315236       -0.222923       -1.433167
     Cl  24        0.552237       -1.433167        0.888832


     NQR/NMR SPECTROSCOPIC PARAMETERS:
     Cl   1    Vxx=   -0.1817    axis=(  0.833743 -0.526066 -0.167712)
     Cl   1    Vyy=   -0.7372    axis=(  0.420609  0.408326  0.810159)
     Cl   1    Vzz=    0.9188    axis=( -0.357716 -0.746005  0.561707)
     Cl   1  Q=        -8.1650 1e-30 m^2  Cq=       -17.6275 MHz  eta= 0.60458

     C    2    Vxx=    0.3321    axis=(  0.985656 -0.089183 -0.143276)
     C    2    Vyy=    0.5581    axis=(  0.044915  0.956972 -0.286684)
     C    2    Vzz=   -0.8902    axis=(  0.162679  0.276136  0.947251)
     C    2  Q=         1.0000 1e-30 m^2  Cq=        -2.0915 MHz  eta= 0.25381

     C    3    Vxx=   -0.1379    axis=(  0.559849 -0.366923  0.742924)
     C    3    Vyy=   -0.3236    axis=( -0.824357 -0.156085  0.544126)
     C    3    Vzz=    0.4615    axis=(  0.083693  0.917063  0.389860)
     C    3  Q=         1.0000 1e-30 m^2  Cq=         1.0843 MHz  eta= 0.40228

     H    4    Vxx=   -0.0455    axis=( -0.432417  0.612963  0.661280)
     H    4    Vyy=   -0.7776    axis=(  0.200890  0.780451 -0.592064)
     H    4    Vzz=    0.8232    axis=(  0.879010  0.123174  0.460618)
     H    4  Q=         1.0000 1e-30 m^2  Cq=         1.9341 MHz  eta= 0.88939

     C    5    Vxx=    0.1908    axis=(  0.836131  0.378579 -0.396943)
     C    5    Vyy=    0.5532    axis=(  0.470087 -0.867462  0.162874)
     C    5    Vzz=   -0.7441    axis=(  0.282672  0.322782  0.903276)
     C    5  Q=         1.0000 1e-30 m^2  Cq=        -1.7482 MHz  eta= 0.48700

     H    6    Vxx=   -0.0911    axis=( -0.998450 -0.002520  0.055597)
     H    6    Vyy=   -0.5765    axis=(  0.042559 -0.678275  0.733575)
     H    6    Vzz=    0.6676    axis=( -0.035861 -0.734804 -0.677331)
     H    6  Q=         1.0000 1e-30 m^2  Cq=         1.5686 MHz  eta= 0.72717

     H    7    Vxx=   -0.0170    axis=(  0.422969  0.220366  0.878940)
     H    7    Vyy=   -0.5126    axis=( -0.904636  0.046756  0.423612)
     H    7    Vzz=    0.5296    axis=(  0.052254 -0.974296  0.219127)
     H    7  Q=         1.0000 1e-30 m^2  Cq=         1.2443 MHz  eta= 0.93598

     C    8    Vxx=   -0.0829    axis=( -0.349266 -0.197294  0.916018)
     C    8    Vyy=   -0.5364    axis=(  0.854676  0.333662  0.397742)
     C    8    Vzz=    0.6193    axis=( -0.384112  0.921816  0.052086)
     C    8  Q=         1.0000 1e-30 m^2  Cq=         1.4551 MHz  eta= 0.73214

     H    9    Vxx=   -0.0264    axis=(  0.598785  0.799821 -0.041754)
     H    9    Vyy=   -0.7953    axis=( -0.341591  0.302191  0.889942)
     H    9    Vzz=    0.8217    axis=(  0.724412 -0.518621  0.454159)
     H    9  Q=         1.0000 1e-30 m^2  Cq=         1.9306 MHz  eta= 0.93572

     C   10    Vxx=    0.0237    axis=( -0.286135 -0.857541 -0.427494)
     C   10    Vyy=    0.1381    axis=( -0.770389  0.471179 -0.429525)
     C   10    Vzz=   -0.1618    axis=( -0.569761 -0.206434  0.795460)
     C   10  Q=         1.0000 1e-30 m^2  Cq=        -0.3801 MHz  eta= 0.70746

     C   11    Vxx=   -0.1305    axis=(  0.187382  0.881187 -0.434048)
     C   11    Vyy=   -0.3519    axis=(  0.977656 -0.124446  0.169417)
     C   11    Vzz=    0.4824    axis=( -0.095273  0.456095  0.884817)
     C   11  Q=         1.0000 1e-30 m^2  Cq=         1.1335 MHz  eta= 0.45904

     Cl  12    Vxx=    0.4875    axis=(  0.822778  0.381677 -0.421141)
     Cl  12    Vyy=    1.9795    axis=(  0.141050  0.580671  0.801827)
     Cl  12    Vzz=   -2.4671    axis=(  0.550583 -0.719127  0.423928)
     Cl  12  Q=        -8.1650 1e-30 m^2  Cq=        47.3293 MHz  eta= 0.60477

     H   13    Vxx=   -0.0554    axis=(  0.965361  0.131728 -0.225222)
     H   13    Vyy=   -0.2083    axis=( -0.260904  0.479056 -0.838113)
     H   13    Vzz=    0.2638    axis=( -0.002509  0.867844  0.496831)
     H   13  Q=         1.0000 1e-30 m^2  Cq=         0.6197 MHz  eta= 0.57966

     C   14    Vxx=    0.1284    axis=(  0.506531  0.639004 -0.578878)
     C   14    Vyy=    0.8761    axis=(  0.029344 -0.683767 -0.729111)
     C   14    Vzz=   -1.0046    axis=( -0.861722  0.352330 -0.365100)
     C   14  Q=         1.0000 1e-30 m^2  Cq=        -2.3603 MHz  eta= 0.74433

     H   15    Vxx=   -0.0068    axis=(  0.540747 -0.841084 -0.013046)
     H   15    Vyy=   -0.7539    axis=( -0.507414 -0.338516  0.792426)
     H   15    Vzz=    0.7607    axis=( -0.670913 -0.421882 -0.609829)
     H   15  Q=         1.0000 1e-30 m^2  Cq=         1.7874 MHz  eta= 0.98207

     C   16    Vxx=    0.1585    axis=(  0.817713  0.024778  0.575092)
     C   16    Vyy=    0.2910    axis=( -0.572019  0.146646  0.807025)
     C   16    Vzz=   -0.4495    axis=( -0.064339 -0.988879  0.134087)
     C   16  Q=         1.0000 1e-30 m^2  Cq=        -1.0562 MHz  eta= 0.29461

     C   17    Vxx=    0.0672    axis=(  0.584277  0.612195 -0.532764)
     C   17    Vyy=    0.7077    axis=(  0.162478 -0.731423 -0.662285)
     C   17    Vzz=   -0.7749    axis=( -0.795124  0.300395 -0.526822)
     C   17  Q=         1.0000 1e-30 m^2  Cq=        -1.8208 MHz  eta= 0.82657

     Cl  18    Vxx=    0.1550    axis=( -0.271787  0.708543 -0.651228)
     Cl  18    Vyy=    2.9893    axis=(  0.807013 -0.200848 -0.555328)
     Cl  18    Vzz=   -3.1443    axis=(  0.524272  0.676481  0.517216)
     Cl  18  Q=        -8.1650 1e-30 m^2  Cq=        60.3227 MHz  eta= 0.90139

     H   19    Vxx=   -0.0656    axis=( -0.545617  0.498848  0.673389)
     H   19    Vyy=   -0.4758    axis=( -0.819130 -0.487169 -0.302808)
     H   19    Vzz=    0.5414    axis=(  0.176999 -0.716810  0.674429)
     H   19  Q=         1.0000 1e-30 m^2  Cq=         1.2721 MHz  eta= 0.75781

     C   20    Vxx=   -0.0567    axis=( -0.484235  0.179955  0.856232)
     C   20    Vyy=   -0.8176    axis=( -0.634856  0.601136 -0.485379)
     C   20    Vzz=    0.8743    axis=( -0.602058 -0.778622 -0.176846)
     C   20  Q=         1.0000 1e-30 m^2  Cq=         2.0543 MHz  eta= 0.87032

     H   21    Vxx=   -0.0374    axis=(  0.110007 -0.957005 -0.268402)
     H   21    Vyy=   -0.5950    axis=(  0.541092  0.284181 -0.791493)
     H   21    Vzz=    0.6324    axis=(  0.833738 -0.058160  0.549089)
     H   21  Q=         1.0000 1e-30 m^2  Cq=         1.4860 MHz  eta= 0.88158

     C   22    Vxx=   -0.0639    axis=( -0.245788  0.698757  0.671809)
     C   22    Vyy=   -0.8797    axis=( -0.960769 -0.083744 -0.264403)
     C   22    Vzz=    0.9435    axis=( -0.128494 -0.710441  0.691927)
     C   22  Q=         1.0000 1e-30 m^2  Cq=         2.2169 MHz  eta= 0.86458

     C   23    Vxx=   -0.0216    axis=( -0.550870 -0.633567  0.543263)
     C   23    Vyy=   -0.4175    axis=( -0.469051  0.773431  0.426375)
     C   23    Vzz=    0.4391    axis=(  0.690314  0.019941  0.723235)
     C   23  Q=         1.0000 1e-30 m^2  Cq=         1.0317 MHz  eta= 0.90154

     Cl  24    Vxx=   -0.3276    axis=(  0.832799  0.507863  0.220275)
     Cl  24    Vyy=   -1.5738    axis=( -0.542126  0.667717  0.510150)
     Cl  24    Vzz=    1.9014    axis=(  0.112005 -0.544270  0.831400)
     Cl  24  Q=        -8.1650 1e-30 m^2  Cq=       -36.4782 MHz  eta= 0.65542

     Initialization:
     gipaw_setup  :     10.64s CPU     14.59s WALL (       1 calls)

     Linear response

     Apply operators

     Induced current

     Other routines
     efg          :     10.28s CPU     14.03s WALL (       1 calls)

     General routines
     calbec       :      3.44s CPU      4.60s WALL (      16 calls)
     fft          :      1.85s CPU      2.90s WALL (      15 calls)
     ffts         :      0.10s CPU      0.29s WALL (       2 calls)
     fftw         :      3.94s CPU      5.91s WALL (     672 calls)
     davcio       :      0.04s CPU      0.32s WALL (      32 calls)

     Parallel routines
     fft_scatter  :      3.10s CPU      6.21s WALL (     689 calls)

     Plugins

     GIPAW        :     63.55s CPU     80.75s WALL (       1 calls)
