
     Program QE v.6.0 (svn rev. 13079) starts on  6Jan2017 at  4: 0:21 

     This program is part of the open-source Quantum ESPRESSO suite
     for quantum simulation of materials; please cite
         "P. Giannozzi et al., J. Phys.:Condens. Matter 21 395502 (2009);
          URL http://www.quantum-espresso.org", 
     in publications or presentations arising from this work. More details at
     http://www.quantum-espresso.org/quote

     Parallel version (MPI), running on     8 processors
     R & G space division:  proc/nbgrp/npool/nimage =       8

     ***** This is GIPAW svn revision unknown      *****

     Parallelizing q-star over 1 images

     Reading data from directory:
     /users/majewski/paradichlorobenzene/pbe/9_constraint/scratch/pbe.ecut100.np8.dt60.pcl2phi-129368.save
     Message from routine read_xml_file:
     file /users/majewski/paradichlorobenzene/pbe/9_constraint/scratch/pbe.ecut100.np8.dt60.pcl2phi-129368.save not guaranteed to be safe for post-processing

   Info: using nr1, nr2, nr3 values from input

   Info: using nr1, nr2, nr3 values from input

     IMPORTANT: XC functional enforced from input :
     Exchange-correlation      =  SLA  PW   PBX  PBC ( 1  4  3  4 0 0)
     Any further DFT definition will be discarded
     Please, verify this is what you really want

               file C.pbe-n-kjpaw_psl.1.0.0.UPF: wavefunction(s)  2S 2P renormalized
               file Cl.pbe-n-kjpaw_psl.1.0.0.UPF: wavefunction(s)  3S 3P renormalized
               file H.pbe-kjpaw_psl.1.0.0.UPF: wavefunction(s)  1S renormalized

     Parallelization info
     --------------------
     sticks:   dense  smooth     PW     G-vecs:    dense   smooth      PW
     Min        3057    1223    332               144436    36536    5170
     Max        3059    1225    333               144437    36537    5171
     Sum       24467    9791   2657              1155489   292295   41363


     Subspace diagonalization in iterative solution of the eigenvalue problem:
     a serial algorithm will be used

     GIPAW projectors -----------------------------------------------
     atom=  C    l=0  rc=    1.2000  rs=    0.8000
     atom=  C    l=0  rc=    1.2000  rs=    0.8000
     atom=  C    l=1  rc=    1.4000  rs=    0.9333
     atom=  C    l=1  rc=    1.4000  rs=    0.9333
     projs nearly linearly dependent: l=1  n1,n2= 1, 2  s=  0.99951561

     atom=  Cl   l=0  rc=    1.6000  rs=    1.0667
     atom=  Cl   l=0  rc=    1.6000  rs=    1.0667
     atom=  Cl   l=1  rc=    1.6000  rs=    1.0667
     atom=  Cl   l=1  rc=    1.6000  rs=    1.0667
     atom=  Cl   l=2  rc=    1.6000  rs=    1.0667
     atom=  Cl   l=2  rc=    1.6000  rs=    1.0667
     projs nearly linearly dependent: l=2  n1,n2= 1, 2  s=  0.99993509

     atom=  H    l=0  rc=    1.0000  rs=    0.6667
     atom=  H    l=0  rc=    1.0000  rs=    0.6667
     projs nearly linearly dependent: l=0  n1,n2= 1, 2  s=  0.99968852
     -----------------------------------------------------------------

     GIPAW integrals: -------------------------------------------
     Atom  i/j   nmr_para   nmr_dia   epr_rmc  epr_para   epr_dia
       C   1 1   0.83E+03  0.17E-01  0.93E+01  0.24E+08  0.24E+03
       C   2 1   0.86E+03 -0.61E-01  0.94E+01  0.25E+08  0.25E+03
       C   2 2   0.90E+03 -0.15E+00  0.97E+01  0.26E+08  0.26E+03
       C   3 3   0.33E+01  0.34E+00  0.18E+01  0.55E+03  0.21E+02
       C   4 3   0.35E+01  0.37E+00  0.20E+01  0.59E+03  0.22E+02
       C   4 4   0.38E+01  0.39E+00  0.22E+01  0.63E+03  0.24E+02
       Cl  1 1   0.14E+04 -0.47E+00  0.84E+01  0.32E+09  0.42E+03
       Cl  2 1   0.21E+04 -0.37E+00  0.12E+02  0.49E+09  0.65E+03
       Cl  2 2   0.33E+04 -0.16E+00  0.21E+02  0.76E+09  0.10E+04
       Cl  3 3   0.21E+02  0.79E-01  0.89E+01  0.23E+05  0.13E+03
       Cl  4 3   0.24E+02  0.67E-01  0.99E+01  0.27E+05  0.15E+03
       Cl  4 4   0.28E+02  0.44E-01  0.11E+02  0.32E+05  0.18E+03
       Cl  5 5   0.77E+00  0.19E+00  0.18E+01  0.12E+03  0.22E+02
       Cl  6 5   0.80E+00  0.19E+00  0.19E+01  0.12E+03  0.23E+02
       Cl  6 6   0.83E+00  0.20E+00  0.19E+01  0.12E+03  0.23E+02
       H   1 1   0.39E+02  0.19E+00  0.29E+00  0.78E+05  0.13E+02
       H   2 1   0.41E+02  0.21E+00  0.32E+00  0.82E+05  0.14E+02
       H   2 2   0.43E+02  0.22E+00  0.36E+00  0.86E+05  0.15E+02
     ------------------------------------------------------------

     alpha_pv=     34.2540 eV

     Number of occupied bands for each k-point:
     k-point:     1    nbnd_occ=  42
     k-point:     2    nbnd_occ=  42
     k-point:     3    nbnd_occ=  42
     k-point:     4    nbnd_occ=  42
     k-point:     5    nbnd_occ=  42
     k-point:     6    nbnd_occ=  42
     k-point:     7    nbnd_occ=  42
     k-point:     8    nbnd_occ=  42
     k-point:     9    nbnd_occ=  42
     k-point:    10    nbnd_occ=  42
     k-point:    11    nbnd_occ=  42
     k-point:    12    nbnd_occ=  42
     k-point:    13    nbnd_occ=  42
     k-point:    14    nbnd_occ=  42
     k-point:    15    nbnd_occ=  42
     k-point:    16    nbnd_occ=  42


     q-space interpolation up to   110.00 Rydberg

     GIPAW job: efg                                                                             


     ELECTRIC FIELD GRADIENTS TENSORS IN Hartree/bohrradius^2:

     ----- bare term -----
     Cl   1       -0.031137        0.058606       -0.091855
     Cl   1        0.058606        0.055161       -0.103761
     Cl   1       -0.091855       -0.103761       -0.024023

     C    2       -0.356636        0.243288       -0.282299
     C    2        0.243288       -0.011894       -0.443148
     C    2       -0.282299       -0.443148        0.368530

     C    3       -0.102966       -0.181319       -0.215760
     C    3       -0.181319       -0.137913       -0.635571
     C    3       -0.215760       -0.635571        0.240879

     H    4       -0.129134        0.087583       -0.610162
     H    4        0.087583        0.289915        0.142181
     H    4       -0.610162        0.142181       -0.160781

     C    5       -0.275286        0.351040       -0.046815
     C    5        0.351040       -0.144398       -0.391950
     C    5       -0.046815       -0.391950        0.419685

     H    6        0.273726       -0.022026       -0.371908
     H    6       -0.022026       -0.106517       -0.401632
     H    6       -0.371908       -0.401632       -0.167209

     H    7        0.258753        0.388082       -0.039502
     H    7        0.388082       -0.592470        0.311937
     H    7       -0.039502        0.311937        0.333717

     C    8       -0.023129       -0.522860       -0.139251
     C    8       -0.522860       -0.297859        0.416302
     C    8       -0.139251        0.416302        0.320989

     H    9       -0.529147        0.514246        0.003842
     H    9        0.514246        0.195221       -0.029438
     H    9        0.003842       -0.029438        0.333926

     C   10       -0.298806       -0.334261       -0.364998
     C   10       -0.334261        0.055410        0.320518
     C   10       -0.364998        0.320518        0.243396

     C   11       -0.036537       -0.157658       -0.207365
     C   11       -0.157658       -0.274941        0.487897
     C   11       -0.207365        0.487897        0.311478

     Cl  12       -0.047915       -0.043928       -0.032390
     Cl  12       -0.043928       -0.004703       -0.006199
     Cl  12       -0.032390       -0.006199        0.052618

     H   13        0.370152       -0.033710       -0.029429
     H   13       -0.033710       -0.476982       -0.518388
     H   13       -0.029429       -0.518388        0.106830

     C   14       -0.345280        0.079166       -0.382935
     C   14        0.079166       -0.041266       -0.444464
     C   14       -0.382935       -0.444464        0.386546

     H   15       -0.280777       -0.182395       -0.509012
     H   15       -0.182395        0.360855       -0.119029
     H   15       -0.509012       -0.119029       -0.080078

     C   16       -0.011548        0.509253       -0.184815
     C   16        0.509253       -0.352887       -0.504705
     C   16       -0.184815       -0.504705        0.364435

     C   17        0.104827       -0.182205       -0.567674
     C   17       -0.182205       -0.152079       -0.545175
     C   17       -0.567674       -0.545175        0.047252

     Cl  18       -0.019031        0.120198        0.025813
     Cl  18        0.120198       -0.048573       -0.008994
     Cl  18        0.025813       -0.008994        0.067603

     H   19        0.311010        0.006839       -0.239240
     H   19        0.006839       -0.306552        0.479203
     H   19       -0.239240        0.479203       -0.004458

     C   20       -0.601307       -0.272902       -0.407297
     C   20       -0.272902        0.056728        0.224149
     C   20       -0.407297        0.224149        0.544579

     H   21       -0.475392       -0.035302       -0.347153
     H   21       -0.035302        0.196558        0.317895
     H   21       -0.347153        0.317895        0.278834

     C   22       -0.010243       -0.380509       -0.054133
     C   22       -0.380509       -0.425784        0.458511
     C   22       -0.054133        0.458511        0.436027

     C   23       -0.619769       -0.176286       -0.279062
     C   23       -0.176286        0.161157        0.108394
     C   23       -0.279062        0.108394        0.458612

     Cl  24       -0.028213       -0.164204        0.084269
     Cl  24       -0.164204        0.028384       -0.109237
     Cl  24        0.084269       -0.109237       -0.000170

     ----- ionic term -----
     Cl   1        0.085996       -0.215695        0.020085
     Cl   1       -0.215695        0.061324       -0.012339
     Cl   1        0.020085       -0.012339       -0.147321

     C    2        0.163385       -0.194052        0.349538
     C    2       -0.194052        0.100767        0.349994
     C    2        0.349538        0.349994       -0.264152

     C    3        0.106705       -0.227299        0.265272
     C    3       -0.227299        0.133800        0.343915
     C    3        0.265272        0.343915       -0.240505

     H    4        0.494591        0.214950        0.758076
     H    4        0.214950       -0.467200        0.217205
     H    4        0.758076        0.217205       -0.027391

     C    5        0.214412       -0.195275        0.359937
     C    5       -0.195275        0.006771        0.288373
     C    5        0.359937        0.288373       -0.221184

     H    6       -0.516792        0.109693        0.085193
     H    6        0.109693        0.505435        0.758720
     H    6        0.085193        0.758720        0.011357

     H    7       -0.499037       -0.098163        0.052235
     H    7       -0.098163        0.726961       -0.663602
     H    7        0.052235       -0.663602       -0.227923

     C    8        0.410834        0.166248        0.232466
     C    8        0.166248        0.067977       -0.270778
     C    8        0.232466       -0.270778       -0.478810

     H    9        0.789384       -0.426578        0.432478
     H    9       -0.426578       -0.356276       -0.190730
     H    9        0.432478       -0.190730       -0.433108

     C   10        0.224710        0.182910        0.155701
     C   10        0.182910        0.225003       -0.331822
     C   10        0.155701       -0.331822       -0.449712

     C   11        0.197796        0.162207        0.242098
     C   11        0.162207        0.196347       -0.359010
     C   11        0.242098       -0.359010       -0.394143

     Cl  12        0.113561        0.214552       -0.002497
     Cl  12        0.214552        0.043015       -0.005208
     Cl  12       -0.002497       -0.005208       -0.156576

     H   13       -0.515118        0.102579        0.097723
     H   13        0.102579        0.586010        0.735348
     H   13        0.097723        0.735348       -0.070892

     C   14        0.238906       -0.221983        0.343024
     C   14       -0.221983        0.069149        0.268027
     C   14        0.343024        0.268027       -0.308055

     H   15        0.566615        0.259410        0.724841
     H   15        0.259410       -0.448926        0.238080
     H   15        0.724841        0.238080       -0.117688

     C   16        0.061947       -0.219656        0.263405
     C   16       -0.219656        0.229969        0.398472
     C   16        0.263405        0.398472       -0.291915

     C   17        0.124948       -0.127887        0.344075
     C   17       -0.127887        0.089829        0.438476
     C   17        0.344075        0.438476       -0.214777

     Cl  18        0.137778       -0.182669       -0.000319
     Cl  18       -0.182669       -0.007524        0.011642
     Cl  18       -0.000319        0.011642       -0.130254

     H   19       -0.503441       -0.156302        0.143721
     H   19       -0.156302        0.375801       -0.779520
     H   19        0.143721       -0.779520        0.127640

     C   20        0.254952        0.173858        0.252038
     C   20        0.173858        0.054002       -0.309475
     C   20        0.252038       -0.309475       -0.308954

     H   21        0.713000       -0.203110        0.643826
     H   21       -0.203110       -0.456881       -0.183443
     H   21        0.643826       -0.183443       -0.256119

     C   22        0.164932        0.262350        0.180210
     C   22        0.262350        0.176510       -0.362141
     C   22        0.180210       -0.362141       -0.341442

     C   23        0.332328        0.137856        0.249900
     C   23        0.137856        0.068371       -0.348400
     C   23        0.249900       -0.348400       -0.400699

     Cl  24        0.139451        0.219513        0.020998
     Cl  24        0.219513        0.019328        0.002549
     Cl  24        0.020998        0.002549       -0.158779

     ----- GIPAW term -----
     Cl   1       -0.008385       -0.793731       -0.795052
     Cl   1       -0.793731        1.560088       -1.894054
     Cl   1       -0.795052       -1.894054       -1.551703

     C    2       -0.043531       -0.119466       -0.020983
     C    2       -0.119466        0.094737       -0.131577
     C    2       -0.020983       -0.131577       -0.051206

     C    3       -0.046686       -0.176830        0.074918
     C    3       -0.176830       -0.006647       -0.215774
     C    3        0.074918       -0.215774        0.053334

     H    4       -0.000000        0.000000        0.000000
     H    4        0.000000        0.000000        0.000000
     H    4        0.000000        0.000000        0.000000

     C    5        0.047991       -0.063198        0.106665
     C    5       -0.063198       -0.051277       -0.120267
     C    5        0.106665       -0.120267        0.003287

     H    6       -0.000000        0.000000        0.000000
     H    6        0.000000        0.000000        0.000000
     H    6        0.000000        0.000000        0.000000

     H    7       -0.000000        0.000000        0.000000
     H    7        0.000000        0.000000        0.000000
     H    7        0.000000        0.000000        0.000000

     C    8        0.121060       -0.240104       -0.013750
     C    8       -0.240104       -0.055602        0.092935
     C    8       -0.013750        0.092935       -0.065458

     H    9       -0.000000        0.000000        0.000000
     H    9        0.000000        0.000000        0.000000
     H    9        0.000000        0.000000        0.000000

     C   10        0.011425       -0.191257       -0.076391
     C   10       -0.191257        0.067137        0.026353
     C   10       -0.076391        0.026353       -0.078562

     C   11        0.059201        0.056321        0.014362
     C   11        0.056321       -0.033672        0.008320
     C   11        0.014362        0.008320       -0.025529

     Cl  12        1.228935        2.201273       -0.255867
     Cl  12        2.201273        0.093649       -0.055433
     Cl  12       -0.255867       -0.055433       -1.322584

     H   13       -0.000000        0.000000        0.000000
     H   13        0.000000        0.000000        0.000000
     H   13        0.000000        0.000000        0.000000

     C   14       -0.023206       -0.025108       -0.037657
     C   14       -0.025108       -0.026789       -0.111426
     C   14       -0.037657       -0.111426        0.049994

     H   15       -0.000000        0.000000        0.000000
     H   15        0.000000        0.000000        0.000000
     H   15        0.000000        0.000000        0.000000

     C   16        0.071839        0.148306       -0.069122
     C   16        0.148306       -0.078882       -0.090125
     C   16       -0.069122       -0.090125        0.007043

     C   17        0.272743       -0.114458       -0.137366
     C   17       -0.114458       -0.105469       -0.075803
     C   17       -0.137366       -0.075803       -0.167274

     Cl  18        1.569632       -1.795721        0.180288
     Cl  18       -1.795721       -0.225913       -0.051858
     Cl  18        0.180288       -0.051858       -1.343719

     H   19       -0.000000        0.000000        0.000000
     H   19        0.000000        0.000000        0.000000
     H   19        0.000000        0.000000        0.000000

     C   20       -0.136657       -0.039089       -0.070775
     C   20       -0.039089       -0.003007       -0.022164
     C   20       -0.070775       -0.022164        0.139665

     H   21       -0.000000        0.000000        0.000000
     H   21        0.000000        0.000000        0.000000
     H   21        0.000000        0.000000        0.000000

     C   22       -0.063397       -0.099982        0.052309
     C   22       -0.099982       -0.026296       -0.075912
     C   22        0.052309       -0.075912        0.089693

     C   23       -0.106255       -0.020889        0.089942
     C   23       -0.020889        0.019326       -0.169771
     C   23        0.089942       -0.169771        0.086929

     Cl  24        1.120184        0.679867        0.799374
     Cl  24        0.679867        0.441169       -1.021227
     Cl  24        0.799374       -1.021227       -1.561353

     ----- total EFG -----
     Cl   1        0.046474       -0.950820       -0.866822
     Cl   1       -0.950820        1.676573       -2.010154
     Cl   1       -0.866822       -2.010154       -1.723046

     C    2       -0.236783       -0.070230        0.046257
     C    2       -0.070230        0.183611       -0.224731
     C    2        0.046257       -0.224731        0.053172

     C    3       -0.042947       -0.585449        0.124430
     C    3       -0.585449       -0.010760       -0.507429
     C    3        0.124430       -0.507429        0.053708

     H    4        0.365457        0.302533        0.147914
     H    4        0.302533       -0.177286        0.359387
     H    4        0.147914        0.359387       -0.188172

     C    5       -0.012883        0.092567        0.419787
     C    5        0.092567       -0.188904       -0.223843
     C    5        0.419787       -0.223843        0.201787

     H    6       -0.243066        0.087667       -0.286715
     H    6        0.087667        0.398917        0.357088
     H    6       -0.286715        0.357088       -0.155852

     H    7       -0.240284        0.289920        0.012733
     H    7        0.289920        0.134491       -0.351665
     H    7        0.012733       -0.351665        0.105793

     C    8        0.508764       -0.596715        0.079465
     C    8       -0.596715       -0.285485        0.238460
     C    8        0.079465        0.238460       -0.223279

     H    9        0.260237        0.087668        0.436321
     H    9        0.087668       -0.161055       -0.220167
     H    9        0.436321       -0.220167       -0.099182

     C   10       -0.062672       -0.342607       -0.285688
     C   10       -0.342607        0.347550        0.015049
     C   10       -0.285688        0.015049       -0.284878

     C   11        0.220460        0.060871        0.049096
     C   11        0.060871       -0.112266        0.137207
     C   11        0.049096        0.137207       -0.108194

     Cl  12        1.294581        2.371897       -0.290754
     Cl  12        2.371897        0.131961       -0.066840
     Cl  12       -0.290754       -0.066840       -1.426543

     H   13       -0.144966        0.068869        0.068294
     H   13        0.068869        0.109028        0.216960
     H   13        0.068294        0.216960        0.035937

     C   14       -0.129580       -0.167924       -0.077567
     C   14       -0.167924        0.001094       -0.287864
     C   14       -0.077567       -0.287864        0.128486

     H   15        0.285838        0.077015        0.215829
     H   15        0.077015       -0.088071        0.119051
     H   15        0.215829        0.119051       -0.197767

     C   16        0.122238        0.437902        0.009467
     C   16        0.437902       -0.201800       -0.196357
     C   16        0.009467       -0.196357        0.079563

     C   17        0.502518       -0.424550       -0.360965
     C   17       -0.424550       -0.167719       -0.182502
     C   17       -0.360965       -0.182502       -0.334799

     Cl  18        1.688380       -1.858192        0.205782
     Cl  18       -1.858192       -0.282010       -0.049210
     Cl  18        0.205782       -0.049210       -1.406370

     H   19       -0.192432       -0.149463       -0.095518
     H   19       -0.149463        0.069250       -0.300318
     H   19       -0.095518       -0.300318        0.123182

     C   20       -0.483012       -0.138133       -0.226034
     C   20       -0.138133        0.107722       -0.107489
     C   20       -0.226034       -0.107489        0.375290

     H   21        0.237608       -0.238412        0.296673
     H   21       -0.238412       -0.260323        0.134452
     H   21        0.296673        0.134452        0.022715

     C   22        0.091291       -0.218142        0.178386
     C   22       -0.218142       -0.275570        0.020459
     C   22        0.178386        0.020459        0.184279

     C   23       -0.393696       -0.059319        0.060781
     C   23       -0.059319        0.248854       -0.409778
     C   23        0.060781       -0.409778        0.144842

     Cl  24        1.231421        0.735176        0.904642
     Cl  24        0.735176        0.488881       -1.127915
     Cl  24        0.904642       -1.127915       -1.720302

     ----- total EFG (symmetrized) -----
     Cl   1        0.046474       -0.950820       -0.866822
     Cl   1       -0.950820        1.676573       -2.010154
     Cl   1       -0.866822       -2.010154       -1.723046

     C    2       -0.236783       -0.070230        0.046257
     C    2       -0.070230        0.183611       -0.224731
     C    2        0.046257       -0.224731        0.053172

     C    3       -0.042947       -0.585449        0.124430
     C    3       -0.585449       -0.010760       -0.507429
     C    3        0.124430       -0.507429        0.053708

     H    4        0.365457        0.302533        0.147914
     H    4        0.302533       -0.177286        0.359387
     H    4        0.147914        0.359387       -0.188172

     C    5       -0.012883        0.092567        0.419787
     C    5        0.092567       -0.188904       -0.223843
     C    5        0.419787       -0.223843        0.201787

     H    6       -0.243066        0.087667       -0.286715
     H    6        0.087667        0.398917        0.357088
     H    6       -0.286715        0.357088       -0.155852

     H    7       -0.240284        0.289920        0.012733
     H    7        0.289920        0.134491       -0.351665
     H    7        0.012733       -0.351665        0.105793

     C    8        0.508764       -0.596715        0.079465
     C    8       -0.596715       -0.285485        0.238460
     C    8        0.079465        0.238460       -0.223279

     H    9        0.260237        0.087668        0.436321
     H    9        0.087668       -0.161055       -0.220167
     H    9        0.436321       -0.220167       -0.099182

     C   10       -0.062672       -0.342607       -0.285688
     C   10       -0.342607        0.347550        0.015049
     C   10       -0.285688        0.015049       -0.284878

     C   11        0.220460        0.060871        0.049096
     C   11        0.060871       -0.112266        0.137207
     C   11        0.049096        0.137207       -0.108194

     Cl  12        1.294581        2.371897       -0.290754
     Cl  12        2.371897        0.131961       -0.066840
     Cl  12       -0.290754       -0.066840       -1.426543

     H   13       -0.144966        0.068869        0.068294
     H   13        0.068869        0.109028        0.216960
     H   13        0.068294        0.216960        0.035937

     C   14       -0.129580       -0.167924       -0.077567
     C   14       -0.167924        0.001094       -0.287864
     C   14       -0.077567       -0.287864        0.128486

     H   15        0.285838        0.077015        0.215829
     H   15        0.077015       -0.088071        0.119051
     H   15        0.215829        0.119051       -0.197767

     C   16        0.122238        0.437902        0.009467
     C   16        0.437902       -0.201800       -0.196357
     C   16        0.009467       -0.196357        0.079563

     C   17        0.502518       -0.424550       -0.360965
     C   17       -0.424550       -0.167719       -0.182502
     C   17       -0.360965       -0.182502       -0.334799

     Cl  18        1.688380       -1.858192        0.205782
     Cl  18       -1.858192       -0.282010       -0.049210
     Cl  18        0.205782       -0.049210       -1.406370

     H   19       -0.192432       -0.149463       -0.095518
     H   19       -0.149463        0.069250       -0.300318
     H   19       -0.095518       -0.300318        0.123182

     C   20       -0.483012       -0.138133       -0.226034
     C   20       -0.138133        0.107722       -0.107489
     C   20       -0.226034       -0.107489        0.375290

     H   21        0.237608       -0.238412        0.296673
     H   21       -0.238412       -0.260323        0.134452
     H   21        0.296673        0.134452        0.022715

     C   22        0.091291       -0.218142        0.178386
     C   22       -0.218142       -0.275570        0.020459
     C   22        0.178386        0.020459        0.184279

     C   23       -0.393696       -0.059319        0.060781
     C   23       -0.059319        0.248854       -0.409778
     C   23        0.060781       -0.409778        0.144842

     Cl  24        1.231421        0.735176        0.904642
     Cl  24        0.735176        0.488881       -1.127915
     Cl  24        0.904642       -1.127915       -1.720302


     NQR/NMR SPECTROSCOPIC PARAMETERS:
     Cl   1    Vxx=    0.3959    axis=(  0.912215  0.036774 -0.408057)
     Cl   1    Vyy=    2.7123    axis=(  0.202546 -0.906223  0.371126)
     Cl   1    Vzz=   -3.1082    axis=(  0.356143  0.421198  0.834119)
     Cl   1  Q=        -8.1650 1e-30 m^2  Cq=        59.6293 MHz  eta= 0.74526

     C    2    Vxx=   -0.1154    axis=( -0.038009  0.594636  0.803096)
     C    2    Vyy=   -0.2487    axis=( -0.989654 -0.133670  0.052134)
     C    2    Vzz=    0.3641    axis=(  0.138351 -0.792805  0.593565)
     C    2  Q=         1.0000 1e-30 m^2  Cq=         0.8555 MHz  eta= 0.36606

     C    3    Vxx=   -0.1102    axis=(  0.643907 -0.087595 -0.760073)
     C    3    Vyy=   -0.7253    axis=( -0.558212 -0.733173 -0.388403)
     C    3    Vzz=    0.8355    axis=( -0.523243  0.674378 -0.520991)
     C    3  Q=         1.0000 1e-30 m^2  Cq=         1.9631 MHz  eta= 0.73624

     H    4    Vxx=   -0.0537    axis=( -0.580385  0.483917  0.654964)
     H    4    Vyy=   -0.5568    axis=( -0.135029  0.735965 -0.663418)
     H    4    Vzz=    0.6105    axis=(  0.803070  0.473477  0.361800)
     H    4  Q=         1.0000 1e-30 m^2  Cq=         1.4343 MHz  eta= 0.82403

     C    5    Vxx=   -0.0567    axis=(  0.565511  0.791020 -0.233419)
     C    5    Vyy=   -0.4920    axis=( -0.594629  0.587175  0.549220)
     C    5    Vzz=    0.5487    axis=(  0.571502 -0.171792  0.802417)
     C    5  Q=         1.0000 1e-30 m^2  Cq=         1.2892 MHz  eta= 0.79342

     H    6    Vxx=    0.0102    axis=(  0.753404  0.344545 -0.560063)
     H    6    Vyy=    0.5768    axis=(  0.065253 -0.886703 -0.457712)
     H    6    Vzz=   -0.5870    axis=(  0.654312 -0.308296  0.690528)
     H    6  Q=         1.0000 1e-30 m^2  Cq=        -1.3791 MHz  eta= 0.96537

     H    7    Vxx=   -0.0597    axis=( -0.616689 -0.353306 -0.703470)
     H    7    Vyy=   -0.4689    axis=(  0.739279 -0.566974 -0.363327)
     H    7    Vzz=    0.5286    axis=( -0.270483 -0.744121  0.610838)
     H    7  Q=         1.0000 1e-30 m^2  Cq=         1.2419 MHz  eta= 0.77424

     C    8    Vxx=   -0.1030    axis=(  0.244832  0.370338  0.896051)
     C    8    Vyy=   -0.7272    axis=(  0.412893  0.796364 -0.441954)
     C    8    Vzz=    0.8302    axis=( -0.877255  0.478178  0.042065)
     C    8  Q=         1.0000 1e-30 m^2  Cq=         1.9507 MHz  eta= 0.75184

     H    9    Vxx=   -0.0206    axis=(  0.354975  0.845749 -0.398374)
     H    9    Vyy=   -0.5356    axis=( -0.452194  0.528290  0.718630)
     H    9    Vzz=    0.5561    axis=(  0.818238 -0.074953  0.569973)
     H    9  Q=         1.0000 1e-30 m^2  Cq=         1.3067 MHz  eta= 0.92608

     C   10    Vxx=   -0.0475    axis=(  0.564124  0.513889 -0.646283)
     C   10    Vyy=   -0.5244    axis=( -0.631687 -0.235452 -0.738602)
     C   10    Vzz=    0.5719    axis=(  0.531728 -0.824913 -0.191793)
     C   10  Q=         1.0000 1e-30 m^2  Cq=         1.3437 MHz  eta= 0.83397

     C   11    Vxx=   -0.0003    axis=(  0.331512 -0.653593 -0.680380)
     C   11    Vyy=   -0.2476    axis=( -0.019952  0.716142 -0.697669)
     C   11    Vzz=    0.2479    axis=( -0.943240 -0.244861 -0.224369)
     C   11  Q=         1.0000 1e-30 m^2  Cq=         0.5826 MHz  eta= 0.99749

     Cl  12    Vxx=   -1.3944    axis=( -0.175036  0.312871  0.933528)
     Cl  12    Vyy=   -1.7768    axis=(  0.592454 -0.723819  0.353672)
     Cl  12    Vzz=    3.1712    axis=( -0.786359 -0.614978  0.058668)
     Cl  12  Q=        -8.1650 1e-30 m^2  Cq=       -60.8385 MHz  eta= 0.12058

     H   13    Vxx=   -0.1448    axis=( -0.334776  0.663095 -0.669500)
     H   13    Vyy=   -0.1681    axis=( -0.919358 -0.074029  0.386394)
     H   13    Vzz=    0.3129    axis=(  0.206653  0.744866  0.634405)
     H   13  Q=         1.0000 1e-30 m^2  Cq=         0.7352 MHz  eta= 0.07454

     C   14    Vxx=    0.0031    axis=(  0.788427 -0.411617 -0.457114)
     C   14    Vyy=    0.3642    axis=(  0.101025 -0.646383  0.756295)
     C   14    Vzz=   -0.3672    axis=( -0.606775 -0.642464 -0.468042)
     C   14  Q=         1.0000 1e-30 m^2  Cq=        -0.8628 MHz  eta= 0.98333

     H   15    Vxx=   -0.0818    axis=(  0.348085 -0.896894 -0.272796)
     H   15    Vyy=   -0.3140    axis=(  0.270888  0.374810 -0.886644)
     H   15    Vzz=    0.3958    axis=(  0.897472  0.234730  0.373423)
     H   15  Q=         1.0000 1e-30 m^2  Cq=         0.9299 MHz  eta= 0.58689

     C   16    Vxx=    0.0932    axis=(  0.383118 -0.045390  0.922584)
     C   16    Vyy=    0.4583    axis=(  0.757288  0.587332 -0.285580)
     C   16    Vzz=   -0.5514    axis=( -0.528901  0.808072  0.259391)
     C   16  Q=         1.0000 1e-30 m^2  Cq=        -1.2957 MHz  eta= 0.66214

     C   17    Vxx=   -0.0705    axis=(  0.120418  0.732352 -0.670194)
     C   17    Vyy=   -0.6972    axis=(  0.415612  0.575903  0.703991)
     C   17    Vzz=    0.7677    axis=(  0.901536 -0.363313 -0.235025)
     C   17  Q=         1.0000 1e-30 m^2  Cq=         1.8038 MHz  eta= 0.81630

     Cl  18    Vxx=   -1.3437    axis=(  0.358989  0.658967  0.660976)
     Cl  18    Vyy=   -1.4724    axis=( -0.371414 -0.548833  0.748888)
     Cl  18    Vzz=    2.8160    axis=(  0.856258 -0.514338  0.047725)
     Cl  18  Q=        -8.1650 1e-30 m^2  Cq=       -54.0241 MHz  eta= 0.04570

     H   19    Vxx=   -0.0251    axis=( -0.716892  0.478431  0.507118)
     H   19    Vyy=   -0.3743    axis=(  0.694933  0.548763  0.464679)
     H   19    Vzz=    0.3994    axis=(  0.055970 -0.685538  0.725882)
     H   19  Q=         1.0000 1e-30 m^2  Cq=         0.9385 MHz  eta= 0.87424

     C   20    Vxx=    0.1292    axis=(  0.273876 -0.947938 -0.162497)
     C   20    Vyy=    0.4473    axis=( -0.199109 -0.221180  0.954691)
     C   20    Vzz=   -0.5765    axis=( -0.940929 -0.229112 -0.249319)
     C   20  Q=         1.0000 1e-30 m^2  Cq=        -1.3546 MHz  eta= 0.55179

     H   21    Vxx=    0.0138    axis=( -0.302247  0.618648  0.725204)
     H   21    Vyy=    0.4676    axis=( -0.842591  0.182363 -0.506739)
     H   21    Vzz=   -0.4814    axis=(  0.445743  0.764211 -0.466148)
     H   21  Q=         1.0000 1e-30 m^2  Cq=        -1.1311 MHz  eta= 0.94281

     C   22    Vxx=    0.0458    axis=( -0.581941  0.438620  0.684804)
     C   22    Vyy=    0.3477    axis=( -0.673302  0.212393 -0.708205)
     C   22    Vzz=   -0.3935    axis=(  0.456080  0.873213 -0.171724)
     C   22  Q=         1.0000 1e-30 m^2  Cq=        -0.9246 MHz  eta= 0.76728

     C   23    Vxx=   -0.2160    axis=(  0.034255  0.663340  0.747534)
     C   23    Vyy=   -0.4010    axis=( -0.995919 -0.039838  0.080988)
     C   23    Vzz=    0.6170    axis=(  0.083503 -0.747257  0.659268)
     C   23  Q=         1.0000 1e-30 m^2  Cq=         1.4497 MHz  eta= 0.29986

     Cl  24    Vxx=    0.8314    axis=( -0.369568  0.794336 -0.482130)
     Cl  24    Vyy=    1.6985    axis=(  0.883720  0.460810  0.081810)
     Cl  24    Vzz=   -2.5300    axis=( -0.287155  0.395834  0.872271)
     Cl  24  Q=        -8.1650 1e-30 m^2  Cq=        48.5360 MHz  eta= 0.34273

     Initialization:
     gipaw_setup  :      9.63s CPU     12.41s WALL (       1 calls)

     Linear response

     Apply operators

     Induced current

     Other routines
     efg          :     10.75s CPU     25.77s WALL (       1 calls)

     General routines
     calbec       :      3.20s CPU      4.49s WALL (      16 calls)
     fft          :      1.57s CPU      2.16s WALL (      15 calls)
     ffts         :      0.04s CPU      0.05s WALL (       2 calls)
     fftw         :      4.71s CPU      9.19s WALL (     672 calls)
     davcio       :      0.08s CPU      8.80s WALL (      32 calls)

     Parallel routines
     fft_scatter  :      3.68s CPU      8.55s WALL (     689 calls)

     Plugins

     GIPAW        :     63.08s CPU     95.58s WALL (       1 calls)
