
     Program QE v.6.0 (svn rev. 13079) starts on 19Jan2017 at 12:54:36 

     This program is part of the open-source Quantum ESPRESSO suite
     for quantum simulation of materials; please cite
         "P. Giannozzi et al., J. Phys.:Condens. Matter 21 395502 (2009);
          URL http://www.quantum-espresso.org", 
     in publications or presentations arising from this work. More details at
     http://www.quantum-espresso.org/quote

     Parallel version (MPI), running on     8 processors
     R & G space division:  proc/nbgrp/npool/nimage =       8

     ***** This is GIPAW svn revision unknown      *****

     Parallelizing q-star over 1 images

     Reading data from directory:
     /users/majewski/paradichlorobenzene/pbe/9_constraint/scratch/pbe.ecut100.np8.dt60.pcl2phi-129368.save
     Message from routine read_xml_file:
     file /users/majewski/paradichlorobenzene/pbe/9_constraint/scratch/pbe.ecut100.np8.dt60.pcl2phi-129368.save not guaranteed to be safe for post-processing

   Info: using nr1, nr2, nr3 values from input

   Info: using nr1, nr2, nr3 values from input

     IMPORTANT: XC functional enforced from input :
     Exchange-correlation      =  SLA  PW   PBX  PBC ( 1  4  3  4 0 0)
     Any further DFT definition will be discarded
     Please, verify this is what you really want

               file C.pbe-n-kjpaw_psl.1.0.0.UPF: wavefunction(s)  2S 2P renormalized
               file Cl.pbe-n-kjpaw_psl.1.0.0.UPF: wavefunction(s)  3S 3P renormalized
               file H.pbe-kjpaw_psl.1.0.0.UPF: wavefunction(s)  1S renormalized

     Parallelization info
     --------------------
     sticks:   dense  smooth     PW     G-vecs:    dense   smooth      PW
     Min        3057    1223    332               144436    36536    5170
     Max        3059    1225    333               144437    36537    5171
     Sum       24467    9791   2657              1155489   292295   41363


     Subspace diagonalization in iterative solution of the eigenvalue problem:
     a serial algorithm will be used

     GIPAW projectors -----------------------------------------------
     atom=  C    l=0  rc=    1.2000  rs=    0.8000
     atom=  C    l=0  rc=    1.2000  rs=    0.8000
     atom=  C    l=1  rc=    1.4000  rs=    0.9333
     atom=  C    l=1  rc=    1.4000  rs=    0.9333
     projs nearly linearly dependent: l=1  n1,n2= 1, 2  s=  0.99951561

     atom=  Cl   l=0  rc=    1.6000  rs=    1.0667
     atom=  Cl   l=0  rc=    1.6000  rs=    1.0667
     atom=  Cl   l=1  rc=    1.6000  rs=    1.0667
     atom=  Cl   l=1  rc=    1.6000  rs=    1.0667
     atom=  Cl   l=2  rc=    1.6000  rs=    1.0667
     atom=  Cl   l=2  rc=    1.6000  rs=    1.0667
     projs nearly linearly dependent: l=2  n1,n2= 1, 2  s=  0.99993509

     atom=  H    l=0  rc=    1.0000  rs=    0.6667
     atom=  H    l=0  rc=    1.0000  rs=    0.6667
     projs nearly linearly dependent: l=0  n1,n2= 1, 2  s=  0.99968852
     -----------------------------------------------------------------

     GIPAW integrals: -------------------------------------------
     Atom  i/j   nmr_para   nmr_dia   epr_rmc  epr_para   epr_dia
       C   1 1   0.83E+03  0.17E-01  0.93E+01  0.24E+08  0.24E+03
       C   2 1   0.86E+03 -0.61E-01  0.94E+01  0.25E+08  0.25E+03
       C   2 2   0.90E+03 -0.15E+00  0.97E+01  0.26E+08  0.26E+03
       C   3 3   0.33E+01  0.34E+00  0.18E+01  0.55E+03  0.21E+02
       C   4 3   0.35E+01  0.37E+00  0.20E+01  0.59E+03  0.22E+02
       C   4 4   0.38E+01  0.39E+00  0.22E+01  0.63E+03  0.24E+02
       Cl  1 1   0.14E+04 -0.47E+00  0.84E+01  0.32E+09  0.42E+03
       Cl  2 1   0.21E+04 -0.37E+00  0.12E+02  0.49E+09  0.65E+03
       Cl  2 2   0.33E+04 -0.16E+00  0.21E+02  0.76E+09  0.10E+04
       Cl  3 3   0.21E+02  0.79E-01  0.89E+01  0.23E+05  0.13E+03
       Cl  4 3   0.24E+02  0.67E-01  0.99E+01  0.27E+05  0.15E+03
       Cl  4 4   0.28E+02  0.44E-01  0.11E+02  0.32E+05  0.18E+03
       Cl  5 5   0.77E+00  0.19E+00  0.18E+01  0.12E+03  0.22E+02
       Cl  6 5   0.80E+00  0.19E+00  0.19E+01  0.12E+03  0.23E+02
       Cl  6 6   0.83E+00  0.20E+00  0.19E+01  0.12E+03  0.23E+02
       H   1 1   0.39E+02  0.19E+00  0.29E+00  0.78E+05  0.13E+02
       H   2 1   0.41E+02  0.21E+00  0.32E+00  0.82E+05  0.14E+02
       H   2 2   0.43E+02  0.22E+00  0.36E+00  0.86E+05  0.15E+02
     ------------------------------------------------------------

     alpha_pv=     34.5897 eV

     Number of occupied bands for each k-point:
     k-point:     1    nbnd_occ=  42
     k-point:     2    nbnd_occ=  42
     k-point:     3    nbnd_occ=  42
     k-point:     4    nbnd_occ=  42
     k-point:     5    nbnd_occ=  42
     k-point:     6    nbnd_occ=  42
     k-point:     7    nbnd_occ=  42
     k-point:     8    nbnd_occ=  42
     k-point:     9    nbnd_occ=  42
     k-point:    10    nbnd_occ=  42
     k-point:    11    nbnd_occ=  42
     k-point:    12    nbnd_occ=  42
     k-point:    13    nbnd_occ=  42
     k-point:    14    nbnd_occ=  42
     k-point:    15    nbnd_occ=  42
     k-point:    16    nbnd_occ=  42


     q-space interpolation up to   110.00 Rydberg

     GIPAW job: efg                                                                             


     ELECTRIC FIELD GRADIENTS TENSORS IN Hartree/bohrradius^2:

     ----- bare term -----
     Cl   1        0.000559        0.037544       -0.084875
     Cl   1        0.037544       -0.012311       -0.044016
     Cl   1       -0.084875       -0.044016        0.011753

     C    2       -0.624859        0.443517       -0.405782
     C    2        0.443517        0.338345       -0.110694
     C    2       -0.405782       -0.110694        0.286514

     C    3        0.116044        0.198197       -0.106815
     C    3        0.198197       -0.087388       -0.598727
     C    3       -0.106815       -0.598727       -0.028656

     H    4        0.010791        0.019208       -0.504470
     H    4        0.019208        0.050303        0.219750
     H    4       -0.504470        0.219750       -0.061094

     C    5       -0.797852        0.381861       -0.345939
     C    5        0.381861        0.489534       -0.164598
     C    5       -0.345939       -0.164598        0.308318

     H    6        0.395510       -0.098666        0.172756
     H    6       -0.098666       -0.242192       -0.412955
     H    6        0.172756       -0.412955       -0.153318

     H    7        0.432716        0.216202       -0.029544
     H    7        0.216202       -0.767947        0.288880
     H    7       -0.029544        0.288880        0.335230

     C    8       -0.167978       -0.159951       -0.229606
     C    8       -0.159951       -0.097460        0.393858
     C    8       -0.229606        0.393858        0.265438

     H    9       -0.380498        0.369870       -0.450578
     H    9        0.369870        0.188411        0.243178
     H    9       -0.450578        0.243178        0.192087

     C   10       -0.547776       -0.395504       -0.303837
     C   10       -0.395504        0.198772        0.313717
     C   10       -0.303837        0.313717        0.349005

     C   11       -0.099568        0.189918       -0.335288
     C   11        0.189918        0.034812        0.738063
     C   11       -0.335288        0.738063        0.064756

     Cl  12       -0.266063       -0.278710        0.041798
     Cl  12       -0.278710        0.033088        0.121150
     Cl  12        0.041798        0.121150        0.232975

     H   13        0.407253       -0.267726       -0.055346
     H   13       -0.267726       -0.716851       -0.367438
     H   13       -0.055346       -0.367438        0.309598

     C   14       -0.131155        0.220475       -0.175002
     C   14        0.220475       -0.037830       -0.427446
     C   14       -0.175002       -0.427446        0.168984

     H   15       -0.423642       -0.245050       -0.573757
     H   15       -0.245050        0.367628       -0.205853
     H   15       -0.573757       -0.205853        0.056013

     C   16       -0.604781        0.373354       -0.303557
     C   16        0.373354        0.179978       -0.124186
     C   16       -0.303557       -0.124186        0.424803

     C   17       -0.015030        0.054678       -0.236159
     C   17        0.054678       -0.120211       -0.527168
     C   17       -0.236159       -0.527168        0.135241

     Cl  18       -0.116399        0.110334        0.041301
     Cl  18        0.110334       -0.007248       -0.071287
     Cl  18        0.041301       -0.071287        0.123647

     H   19        0.461310       -0.087913       -0.254333
     H   19       -0.087913       -0.215717        0.321506
     H   19       -0.254333        0.321506       -0.245593

     C   20       -0.752147       -0.336692       -0.202353
     C   20       -0.336692        0.415582        0.214283
     C   20       -0.202353        0.214283        0.336566

     H   21       -0.565528       -0.074050       -0.188981
     H   21       -0.074050        0.275639        0.305374
     H   21       -0.188981        0.305374        0.289889

     C   22        0.032228        0.029759       -0.250471
     C   22        0.029759       -0.223943        0.504385
     C   22       -0.250471        0.504385        0.191715

     C   23       -0.729449       -0.237233       -0.327364
     C   23       -0.237233        0.170725        0.062898
     C   23       -0.327364        0.062898        0.558724

     Cl  24        0.124800       -0.034026        0.075873
     Cl  24       -0.034026        0.046474        0.172032
     Cl  24        0.075873        0.172032       -0.171274

     ----- ionic term -----
     Cl   1        0.152602       -0.229848        0.061324
     Cl   1       -0.229848       -0.005985       -0.025908
     Cl   1        0.061324       -0.025908       -0.146617

     C    2        0.211619       -0.196729        0.371241
     C    2       -0.196729        0.055231        0.345898
     C    2        0.371241        0.345898       -0.266850

     C    3        0.092788       -0.262075        0.218129
     C    3       -0.262075        0.167210        0.391160
     C    3        0.218129        0.391160       -0.259997

     H    4        0.441987        0.229016        0.748165
     H    4        0.229016       -0.417347        0.253658
     H    4        0.748165        0.253658       -0.024640

     C    5        0.247621       -0.276819        0.285220
     C    5       -0.276819        0.012543        0.282699
     C    5        0.285220        0.282699       -0.260164

     H    6       -0.493088       -0.041125        0.003837
     H    6       -0.041125        0.555077        0.736281
     H    6        0.003837        0.736281       -0.061989

     H    7       -0.502070       -0.149520        0.065363
     H    7       -0.149520        0.820391       -0.612546
     H    7        0.065363       -0.612546       -0.318321

     C    8        0.352286        0.109728        0.210747
     C    8        0.109728        0.056622       -0.313663
     C    8        0.210747       -0.313663       -0.408909

     H    9        0.591738       -0.224543        0.729258
     H    9       -0.224543       -0.512380       -0.211786
     H    9        0.729258       -0.211786       -0.079359

     C   10        0.168830        0.204973        0.177973
     C   10        0.204973        0.091703       -0.408067
     C   10        0.177973       -0.408067       -0.260533

     C   11        0.276365        0.203363        0.254348
     C   11        0.203363        0.007008       -0.425413
     C   11        0.254348       -0.425413       -0.283373

     Cl  12        0.140646        0.218525       -0.035907
     Cl  12        0.218525        0.011719       -0.033230
     Cl  12       -0.035907       -0.033230       -0.152365

     H   13       -0.524710        0.133079        0.082251
     H   13        0.133079        0.694732        0.685002
     H   13        0.082251        0.685002       -0.170022

     C   14        0.243709       -0.153137        0.338655
     C   14       -0.153137        0.047432        0.264967
     C   14        0.338655        0.264967       -0.291141

     H   15        0.683214        0.188713        0.670069
     H   15        0.188713       -0.500376        0.170179
     H   15        0.670069        0.170179       -0.182838

     C   16        0.124078       -0.208585        0.234178
     C   16       -0.208585        0.138351        0.344405
     C   16        0.234178        0.344405       -0.262430

     C   17        0.134294       -0.219593        0.287596
     C   17       -0.219593        0.101078        0.407986
     C   17        0.287596        0.407986       -0.235372

     Cl  18        0.104884       -0.211735       -0.013081
     Cl  18       -0.211735        0.044368        0.024417
     Cl  18       -0.013081        0.024417       -0.149252

     H   19       -0.507822       -0.161585        0.122105
     H   19       -0.161585        0.544774       -0.781726
     H   19        0.122105       -0.781726       -0.036952

     C   20        0.343854        0.178973        0.221417
     C   20        0.178973       -0.082679       -0.358639
     C   20        0.221417       -0.358639       -0.261176

     H   21        0.687810       -0.390522        0.571497
     H   21       -0.390522       -0.403034       -0.252806
     H   21        0.571497       -0.252806       -0.284776

     C   22        0.169439        0.159905        0.097008
     C   22        0.159905        0.089509       -0.496367
     C   22        0.097008       -0.496367       -0.258948

     C   23        0.210578        0.064916        0.201193
     C   23        0.064916        0.056208       -0.501434
     C   23        0.201193       -0.501434       -0.266786

     Cl  24        0.114797        0.196707       -0.035253
     Cl  24        0.196707        0.003206       -0.028423
     Cl  24       -0.035253       -0.028423       -0.118003

     ----- GIPAW term -----
     Cl   1       -0.223070       -0.756855       -0.818132
     Cl   1       -0.756855        1.201342       -2.090298
     Cl   1       -0.818132       -2.090298       -0.978272

     C    2       -0.129325        0.091768       -0.038225
     C    2        0.091768        0.263658        0.026211
     C    2       -0.038225        0.026211       -0.134333

     C    3       -0.090237        0.055878       -0.004048
     C    3        0.055878        0.239988       -0.069253
     C    3       -0.004048       -0.069253       -0.149752

     H    4       -0.000000        0.000000        0.000000
     H    4        0.000000        0.000000        0.000000
     H    4        0.000000        0.000000        0.000000

     C    5       -0.212957        0.086543       -0.036945
     C    5        0.086543        0.295436       -0.043104
     C    5       -0.036945       -0.043104       -0.082479

     H    6       -0.000000        0.000000        0.000000
     H    6        0.000000        0.000000        0.000000
     H    6        0.000000        0.000000        0.000000

     H    7       -0.000000        0.000000        0.000000
     H    7        0.000000        0.000000        0.000000
     H    7        0.000000        0.000000        0.000000

     C    8       -0.092256       -0.043048       -0.015579
     C    8       -0.043048        0.123945       -0.022758
     C    8       -0.015579       -0.022758       -0.031690

     H    9       -0.000000        0.000000        0.000000
     H    9        0.000000        0.000000        0.000000
     H    9        0.000000        0.000000        0.000000

     C   10       -0.187112       -0.128804       -0.077763
     C   10       -0.128804        0.230421        0.057341
     C   10       -0.077763        0.057341       -0.043309

     C   11       -0.044276        0.163021       -0.041567
     C   11        0.163021        0.174076        0.206599
     C   11       -0.041567        0.206599       -0.129800

     Cl  12       -1.092929        1.056020        0.438626
     Cl  12        1.056020        0.705233        2.286332
     Cl  12        0.438626        2.286332        0.387696

     H   13       -0.000000        0.000000        0.000000
     H   13        0.000000        0.000000        0.000000
     H   13        0.000000        0.000000        0.000000

     C   14       -0.093966        0.104962        0.003039
     C   14        0.104962        0.207431       -0.022755
     C   14        0.003039       -0.022755       -0.113465

     H   15       -0.000000        0.000000        0.000000
     H   15        0.000000        0.000000        0.000000
     H   15        0.000000        0.000000        0.000000

     C   16       -0.183272        0.145192        0.005253
     C   16        0.145192        0.125251        0.129506
     C   16        0.005253        0.129506        0.058021

     C   17       -0.005217       -0.055560       -0.011527
     C   17       -0.055560        0.136712        0.021921
     C   17       -0.011527        0.021921       -0.131495

     Cl  18        0.886570       -2.028365        0.286284
     Cl  18       -2.028365        0.086091       -0.539463
     Cl  18        0.286284       -0.539463       -0.972661

     H   19       -0.000000        0.000000        0.000000
     H   19        0.000000        0.000000        0.000000
     H   19        0.000000        0.000000        0.000000

     C   20       -0.203611        0.021060        0.007869
     C   20        0.021060        0.268416        0.091413
     C   20        0.007869        0.091413       -0.064805

     H   21       -0.000000        0.000000        0.000000
     H   21        0.000000        0.000000        0.000000
     H   21        0.000000        0.000000        0.000000

     C   22       -0.108148        0.107651       -0.067162
     C   22        0.107651        0.167686       -0.111443
     C   22       -0.067162       -0.111443       -0.059538

     C   23       -0.182870        0.039663       -0.024676
     C   23        0.039663        0.042904       -0.190791
     C   23       -0.024676       -0.190791        0.139966

     Cl  24       -0.421804        1.127766        0.091769
     Cl  24        1.127766       -0.598129       -1.164049
     Cl  24        0.091769       -1.164049        1.019933

     ----- total EFG -----
     Cl   1       -0.069910       -0.949160       -0.841683
     Cl   1       -0.949160        1.183046       -2.160222
     Cl   1       -0.841683       -2.160222       -1.113136

     C    2       -0.542565        0.338556       -0.072766
     C    2        0.338556        0.657234        0.261415
     C    2       -0.072766        0.261415       -0.114669

     C    3        0.118595       -0.008001        0.107266
     C    3       -0.008001        0.319810       -0.276821
     C    3        0.107266       -0.276821       -0.438405

     H    4        0.452778        0.248224        0.243694
     H    4        0.248224       -0.367044        0.473408
     H    4        0.243694        0.473408       -0.085734

     C    5       -0.763188        0.191585       -0.097664
     C    5        0.191585        0.797513        0.074998
     C    5       -0.097664        0.074998       -0.034325

     H    6       -0.097578       -0.139792        0.176593
     H    6       -0.139792        0.312885        0.323326
     H    6        0.176593        0.323326       -0.215307

     H    7       -0.069354        0.066683        0.035819
     H    7        0.066683        0.052445       -0.323666
     H    7        0.035819       -0.323666        0.016910

     C    8        0.092052       -0.093271       -0.034439
     C    8       -0.093271        0.083108        0.057437
     C    8       -0.034439        0.057437       -0.175160

     H    9        0.211240        0.145327        0.278679
     H    9        0.145327       -0.323968        0.031393
     H    9        0.278679        0.031393        0.112728

     C   10       -0.566059       -0.319335       -0.203628
     C   10       -0.319335        0.520896       -0.037009
     C   10       -0.203628       -0.037009        0.045163

     C   11        0.132521        0.556302       -0.122508
     C   11        0.556302        0.215896        0.519250
     C   11       -0.122508        0.519250       -0.348417

     Cl  12       -1.218346        0.995835        0.444517
     Cl  12        0.995835        0.750040        2.374253
     Cl  12        0.444517        2.374253        0.468306

     H   13       -0.117458       -0.134647        0.026904
     H   13       -0.134647       -0.022118        0.317564
     H   13        0.026904        0.317564        0.139576

     C   14        0.018588        0.172300        0.166692
     C   14        0.172300        0.217034       -0.185235
     C   14        0.166692       -0.185235       -0.235622

     H   15        0.259573       -0.056338        0.096311
     H   15       -0.056338       -0.132748       -0.035674
     H   15        0.096311       -0.035674       -0.126825

     C   16       -0.663975        0.309961       -0.064127
     C   16        0.309961        0.443580        0.349725
     C   16       -0.064127        0.349725        0.220395

     C   17        0.114047       -0.220475        0.039910
     C   17       -0.220475        0.117579       -0.097261
     C   17        0.039910       -0.097261       -0.231626

     Cl  18        0.875055       -2.129766        0.314504
     Cl  18       -2.129766        0.123211       -0.586333
     Cl  18        0.314504       -0.586333       -0.998266

     H   19       -0.046512       -0.249498       -0.132227
     H   19       -0.249498        0.329057       -0.460220
     H   19       -0.132227       -0.460220       -0.282545

     C   20       -0.611904       -0.136658        0.026933
     C   20       -0.136658        0.601319       -0.052944
     C   20        0.026933       -0.052944        0.010585

     H   21        0.122282       -0.464572        0.382516
     H   21       -0.464572       -0.127395        0.052568
     H   21        0.382516        0.052568        0.005113

     C   22        0.093520        0.297315       -0.220625
     C   22        0.297315        0.033252       -0.103425
     C   22       -0.220625       -0.103425       -0.126771

     C   23       -0.701741       -0.132654       -0.150847
     C   23       -0.132654        0.269837       -0.629328
     C   23       -0.150847       -0.629328        0.431904

     Cl  24       -0.182208        1.290447        0.132390
     Cl  24        1.290447       -0.548448       -1.020439
     Cl  24        0.132390       -1.020439        0.730656

     ----- total EFG (symmetrized) -----
     Cl   1       -0.069910       -0.949160       -0.841683
     Cl   1       -0.949160        1.183046       -2.160222
     Cl   1       -0.841683       -2.160222       -1.113136

     C    2       -0.542565        0.338556       -0.072766
     C    2        0.338556        0.657234        0.261415
     C    2       -0.072766        0.261415       -0.114669

     C    3        0.118595       -0.008001        0.107266
     C    3       -0.008001        0.319810       -0.276821
     C    3        0.107266       -0.276821       -0.438405

     H    4        0.452778        0.248224        0.243694
     H    4        0.248224       -0.367044        0.473408
     H    4        0.243694        0.473408       -0.085734

     C    5       -0.763188        0.191585       -0.097664
     C    5        0.191585        0.797513        0.074998
     C    5       -0.097664        0.074998       -0.034325

     H    6       -0.097578       -0.139792        0.176593
     H    6       -0.139792        0.312885        0.323326
     H    6        0.176593        0.323326       -0.215307

     H    7       -0.069354        0.066683        0.035819
     H    7        0.066683        0.052445       -0.323666
     H    7        0.035819       -0.323666        0.016910

     C    8        0.092052       -0.093271       -0.034439
     C    8       -0.093271        0.083108        0.057437
     C    8       -0.034439        0.057437       -0.175160

     H    9        0.211240        0.145327        0.278679
     H    9        0.145327       -0.323968        0.031393
     H    9        0.278679        0.031393        0.112728

     C   10       -0.566059       -0.319335       -0.203628
     C   10       -0.319335        0.520896       -0.037009
     C   10       -0.203628       -0.037009        0.045163

     C   11        0.132521        0.556302       -0.122508
     C   11        0.556302        0.215896        0.519250
     C   11       -0.122508        0.519250       -0.348417

     Cl  12       -1.218346        0.995835        0.444517
     Cl  12        0.995835        0.750040        2.374253
     Cl  12        0.444517        2.374253        0.468306

     H   13       -0.117458       -0.134647        0.026904
     H   13       -0.134647       -0.022118        0.317564
     H   13        0.026904        0.317564        0.139576

     C   14        0.018588        0.172300        0.166692
     C   14        0.172300        0.217034       -0.185235
     C   14        0.166692       -0.185235       -0.235622

     H   15        0.259573       -0.056338        0.096311
     H   15       -0.056338       -0.132748       -0.035674
     H   15        0.096311       -0.035674       -0.126825

     C   16       -0.663975        0.309961       -0.064127
     C   16        0.309961        0.443580        0.349725
     C   16       -0.064127        0.349725        0.220395

     C   17        0.114047       -0.220475        0.039910
     C   17       -0.220475        0.117579       -0.097261
     C   17        0.039910       -0.097261       -0.231626

     Cl  18        0.875055       -2.129766        0.314504
     Cl  18       -2.129766        0.123211       -0.586333
     Cl  18        0.314504       -0.586333       -0.998266

     H   19       -0.046512       -0.249498       -0.132227
     H   19       -0.249498        0.329057       -0.460220
     H   19       -0.132227       -0.460220       -0.282545

     C   20       -0.611904       -0.136658        0.026933
     C   20       -0.136658        0.601319       -0.052944
     C   20        0.026933       -0.052944        0.010585

     H   21        0.122282       -0.464572        0.382516
     H   21       -0.464572       -0.127395        0.052568
     H   21        0.382516        0.052568        0.005113

     C   22        0.093520        0.297315       -0.220625
     C   22        0.297315        0.033252       -0.103425
     C   22       -0.220625       -0.103425       -0.126771

     C   23       -0.701741       -0.132654       -0.150847
     C   23       -0.132654        0.269837       -0.629328
     C   23       -0.150847       -0.629328        0.431904

     Cl  24       -0.182208        1.290447        0.132390
     Cl  24        1.290447       -0.548448       -1.020439
     Cl  24        0.132390       -1.020439        0.730656


     NQR/NMR SPECTROSCOPIC PARAMETERS:
     Cl   1    Vxx=    0.3851    axis=( -0.905289  0.061183  0.420367)
     Cl   1    Vyy=    2.5436    axis=(  0.161648 -0.865509  0.474093)
     Cl   1    Vzz=   -2.9287    axis=(  0.392838  0.497143  0.773645)
     Cl   1  Q=        -8.1650 1e-30 m^2  Cq=        56.1852 MHz  eta= 0.73703

     C    2    Vxx=   -0.1388    axis=( -0.313513 -0.173277  0.933641)
     C    2    Vyy=   -0.6679    axis=( -0.923033  0.286483 -0.256782)
     C    2    Vzz=    0.8066    axis=( -0.222978 -0.942286 -0.249756)
     C    2  Q=         1.0000 1e-30 m^2  Cq=         1.8953 MHz  eta= 0.65598

     C    3    Vxx=    0.1278    axis=(  0.978735  0.180702  0.097080)
     C    3    Vyy=    0.4159    axis=( -0.141045  0.936470 -0.321138)
     C    3    Vzz=   -0.5437    axis=( -0.148943  0.300617  0.942043)
     C    3  Q=         1.0000 1e-30 m^2  Cq=        -1.2775 MHz  eta= 0.53004

     H    4    Vxx=    0.0055    axis=(  0.605479 -0.439592 -0.663441)
     H    4    Vyy=    0.7174    axis=( -0.794269 -0.386463 -0.468810)
     H    4    Vzz=   -0.7229    axis=(  0.050311 -0.810805  0.583149)
     H    4  Q=         1.0000 1e-30 m^2  Cq=        -1.6986 MHz  eta= 0.98468

     C    5    Vxx=   -0.0242    axis=( -0.145156 -0.056310  0.987805)
     C    5    Vyy=   -0.8011    axis=( -0.982706  0.124218 -0.137326)
     C    5    Vzz=    0.8253    axis=( -0.114970 -0.990656 -0.073367)
     C    5  Q=         1.0000 1e-30 m^2  Cq=         1.9391 MHz  eta= 0.94124

     H    6    Vxx=    0.0205    axis=( -0.866796  0.120615 -0.483855)
     H    6    Vyy=    0.4713    axis=( -0.098434  0.909829  0.403141)
     H    6    Vzz=   -0.4917    axis=( -0.488850 -0.397069  0.776764)
     H    6  Q=         1.0000 1e-30 m^2  Cq=        -1.1554 MHz  eta= 0.91682

     H    7    Vxx=   -0.0493    axis=(  0.956568  0.156174  0.246144)
     H    7    Vyy=   -0.3109    axis=(  0.286007 -0.666083 -0.688864)
     H    7    Vzz=    0.3602    axis=( -0.056370 -0.729344  0.681820)
     H    7  Q=         1.0000 1e-30 m^2  Cq=         0.8463 MHz  eta= 0.72652

     C    8    Vxx=   -0.0042    axis=(  0.709838  0.698381  0.091618)
     C    8    Vyy=   -0.1882    axis=( -0.058047  0.187631 -0.980523)
     C    8    Vzz=    0.1923    axis=( -0.701969  0.690694  0.173727)
     C    8  Q=         1.0000 1e-30 m^2  Cq=         0.4519 MHz  eta= 0.95676

     H    9    Vxx=   -0.1021    axis=( -0.570129 -0.263270  0.778230)
     H    9    Vyy=   -0.3650    axis=(  0.291785 -0.950395 -0.107752)
     H    9    Vzz=    0.4671    axis=(  0.767994  0.165644  0.618666)
     H    9  Q=         1.0000 1e-30 m^2  Cq=         1.0974 MHz  eta= 0.56302

     C   10    Vxx=    0.1009    axis=( -0.245575 -0.101781  0.964020)
     C   10    Vyy=    0.6084    axis=( -0.267637  0.962938  0.033489)
     C   10    Vzz=   -0.7093    axis=( -0.931699 -0.249783 -0.263714)
     C   10  Q=         1.0000 1e-30 m^2  Cq=        -1.6666 MHz  eta= 0.71538

     C   11    Vxx=    0.0173    axis=(  0.706339 -0.288617 -0.646363)
     C   11    Vyy=    0.8200    axis=( -0.572634 -0.769765 -0.282049)
     C   11    Vzz=   -0.8373    axis=( -0.416144  0.569352 -0.708987)
     C   11  Q=         1.0000 1e-30 m^2  Cq=        -1.9673 MHz  eta= 0.95864

     Cl  12    Vxx=   -1.2300    axis=(  0.815398  0.227971 -0.532124)
     Cl  12    Vyy=   -1.9974    axis=( -0.532607  0.655605 -0.535267)
     Cl  12    Vzz=    3.2274    axis=( -0.226838 -0.719869 -0.655998)
     Cl  12  Q=        -8.1650 1e-30 m^2  Cq=       -61.9167 MHz  eta= 0.23777

     H   13    Vxx=   -0.0554    axis=(  0.860682 -0.317332  0.398154)
     H   13    Vyy=   -0.3388    axis=(  0.493667  0.711471 -0.500102)
     H   13    Vzz=    0.3941    axis=( -0.124576  0.626984  0.769007)
     H   13  Q=         1.0000 1e-30 m^2  Cq=         0.9261 MHz  eta= 0.71904

     C   14    Vxx=    0.0825    axis=( -0.792291  0.246048 -0.558332)
     C   14    Vyy=    0.3304    axis=( -0.402625 -0.898398  0.175428)
     C   14    Vzz=   -0.4130    axis=( -0.458441  0.363788  0.810858)
     C   14  Q=         1.0000 1e-30 m^2  Cq=        -0.9703 MHz  eta= 0.60022

     H   15    Vxx=   -0.1239    axis=( -0.261791 -0.755645  0.600389)
     H   15    Vyy=   -0.1677    axis=(  0.088236 -0.638218 -0.764782)
     H   15    Vzz=    0.2916    axis=(  0.961083 -0.147237  0.233755)
     H   15  Q=         1.0000 1e-30 m^2  Cq=         0.6852 MHz  eta= 0.15014

     C   16    Vxx=    0.0365    axis=( -0.290695 -0.486496  0.823904)
     C   16    Vyy=    0.7331    axis=( -0.158081 -0.824836 -0.542822)
     C   16    Vzz=   -0.7697    axis=(  0.943666 -0.288040  0.162870)
     C   16  Q=         1.0000 1e-30 m^2  Cq=        -1.8084 MHz  eta= 0.90511

     C   17    Vxx=   -0.0945    axis=(  0.726104  0.642635 -0.244525)
     C   17    Vyy=   -0.2580    axis=( -0.067652 -0.287132 -0.955499)
     C   17    Vzz=    0.3526    axis=( -0.684249  0.710334 -0.165012)
     C   17  Q=         1.0000 1e-30 m^2  Cq=         0.8284 MHz  eta= 0.46377

     Cl  18    Vxx=   -1.0090    axis=( -0.343352 -0.167263  0.924193)
     Cl  18    Vyy=   -1.7547    axis=(  0.565289  0.749017  0.345573)
     Cl  18    Vzz=    2.7636    axis=( -0.750038  0.641090 -0.162625)
     Cl  18  Q=        -8.1650 1e-30 m^2  Cq=       -53.0192 MHz  eta= 0.26981

     H   19    Vxx=    0.0113    axis=(  0.888823  0.036266 -0.456814)
     H   19    Vyy=    0.6161    axis=(  0.247763 -0.876627  0.412479)
     H   19    Vzz=   -0.6274    axis=( -0.385496 -0.479802 -0.788151)
     H   19  Q=         1.0000 1e-30 m^2  Cq=        -1.4741 MHz  eta= 0.96408

     C   20    Vxx=    0.0062    axis=(  0.022643  0.093750  0.995338)
     C   20    Vyy=    0.6216    axis=( -0.111618  0.989606 -0.090670)
     C   20    Vzz=   -0.6278    axis=( -0.993493 -0.109045  0.032872)
     C   20  Q=         1.0000 1e-30 m^2  Cq=        -1.4751 MHz  eta= 0.98021

     H   21    Vxx=    0.0041    axis=(  0.087233 -0.619895 -0.779821)
     H   21    Vyy=    0.6148    axis=( -0.772620  0.452049 -0.445770)
     H   21    Vzz=   -0.6189    axis=( -0.628847 -0.641391  0.439510)
     H   21  Q=         1.0000 1e-30 m^2  Cq=        -1.4542 MHz  eta= 0.98672

     C   22    Vxx=   -0.1617    axis=(  0.217390 -0.695104 -0.685253)
     C   22    Vyy=   -0.2948    axis=(  0.666518 -0.407172  0.624472)
     C   22    Vzz=    0.4565    axis=(  0.713088  0.592488 -0.374784)
     C   22  Q=         1.0000 1e-30 m^2  Cq=         1.0726 MHz  eta= 0.29161

     C   23    Vxx=   -0.2040    axis=( -0.371238  0.702505  0.607181)
     C   23    Vyy=   -0.7818    axis=( -0.928409 -0.269917 -0.255347)
     C   23    Vzz=    0.9858    axis=( -0.015494 -0.658507  0.752415)
     C   23  Q=         1.0000 1e-30 m^2  Cq=         2.3162 MHz  eta= 0.58613

     Cl  24    Vxx=    0.4356    axis=(  0.717217  0.277821  0.639073)
     Cl  24    Vyy=    1.5188    axis=( -0.395312 -0.593033  0.701456)
     Cl  24    Vzz=   -1.9544    axis=(  0.573871 -0.755730 -0.315508)
     Cl  24  Q=        -8.1650 1e-30 m^2  Cq=        37.4938 MHz  eta= 0.55421

     Initialization:
     gipaw_setup  :      9.21s CPU     10.99s WALL (       1 calls)

     Linear response

     Apply operators

     Induced current

     Other routines
     efg          :      9.55s CPU     12.32s WALL (       1 calls)

     General routines
     calbec       :      3.22s CPU      4.16s WALL (      16 calls)
     fft          :      1.79s CPU      2.79s WALL (      15 calls)
     ffts         :      0.04s CPU      0.05s WALL (       2 calls)
     fftw         :      3.60s CPU      4.71s WALL (     672 calls)
     davcio       :      0.02s CPU      0.33s WALL (      32 calls)

     Parallel routines
     fft_scatter  :      2.62s CPU      4.56s WALL (     689 calls)

     Plugins

     GIPAW        :     62.08s CPU     76.80s WALL (       1 calls)
