
     Program QE v.6.0 (svn rev. 13079) starts on 18Jan2017 at 12:35: 8 

     This program is part of the open-source Quantum ESPRESSO suite
     for quantum simulation of materials; please cite
         "P. Giannozzi et al., J. Phys.:Condens. Matter 21 395502 (2009);
          URL http://www.quantum-espresso.org", 
     in publications or presentations arising from this work. More details at
     http://www.quantum-espresso.org/quote

     Parallel version (MPI), running on     8 processors
     R & G space division:  proc/nbgrp/npool/nimage =       8

     ***** This is GIPAW svn revision unknown      *****

     Parallelizing q-star over 1 images

     Reading data from directory:
     /users/majewski/paradichlorobenzene/pbe/9_constraint/scratch/pbe.ecut100.np8.dt60.pcl2phi-129368.save
     Message from routine read_xml_file:
     file /users/majewski/paradichlorobenzene/pbe/9_constraint/scratch/pbe.ecut100.np8.dt60.pcl2phi-129368.save not guaranteed to be safe for post-processing

   Info: using nr1, nr2, nr3 values from input

   Info: using nr1, nr2, nr3 values from input

     IMPORTANT: XC functional enforced from input :
     Exchange-correlation      =  SLA  PW   PBX  PBC ( 1  4  3  4 0 0)
     Any further DFT definition will be discarded
     Please, verify this is what you really want

               file C.pbe-n-kjpaw_psl.1.0.0.UPF: wavefunction(s)  2S 2P renormalized
               file Cl.pbe-n-kjpaw_psl.1.0.0.UPF: wavefunction(s)  3S 3P renormalized
               file H.pbe-kjpaw_psl.1.0.0.UPF: wavefunction(s)  1S renormalized

     Parallelization info
     --------------------
     sticks:   dense  smooth     PW     G-vecs:    dense   smooth      PW
     Min        3057    1223    332               144436    36536    5170
     Max        3059    1225    333               144437    36537    5171
     Sum       24467    9791   2657              1155489   292295   41363


     Subspace diagonalization in iterative solution of the eigenvalue problem:
     a serial algorithm will be used

     GIPAW projectors -----------------------------------------------
     atom=  C    l=0  rc=    1.2000  rs=    0.8000
     atom=  C    l=0  rc=    1.2000  rs=    0.8000
     atom=  C    l=1  rc=    1.4000  rs=    0.9333
     atom=  C    l=1  rc=    1.4000  rs=    0.9333
     projs nearly linearly dependent: l=1  n1,n2= 1, 2  s=  0.99951561

     atom=  Cl   l=0  rc=    1.6000  rs=    1.0667
     atom=  Cl   l=0  rc=    1.6000  rs=    1.0667
     atom=  Cl   l=1  rc=    1.6000  rs=    1.0667
     atom=  Cl   l=1  rc=    1.6000  rs=    1.0667
     atom=  Cl   l=2  rc=    1.6000  rs=    1.0667
     atom=  Cl   l=2  rc=    1.6000  rs=    1.0667
     projs nearly linearly dependent: l=2  n1,n2= 1, 2  s=  0.99993509

     atom=  H    l=0  rc=    1.0000  rs=    0.6667
     atom=  H    l=0  rc=    1.0000  rs=    0.6667
     projs nearly linearly dependent: l=0  n1,n2= 1, 2  s=  0.99968852
     -----------------------------------------------------------------

     GIPAW integrals: -------------------------------------------
     Atom  i/j   nmr_para   nmr_dia   epr_rmc  epr_para   epr_dia
       C   1 1   0.83E+03  0.17E-01  0.93E+01  0.24E+08  0.24E+03
       C   2 1   0.86E+03 -0.61E-01  0.94E+01  0.25E+08  0.25E+03
       C   2 2   0.90E+03 -0.15E+00  0.97E+01  0.26E+08  0.26E+03
       C   3 3   0.33E+01  0.34E+00  0.18E+01  0.55E+03  0.21E+02
       C   4 3   0.35E+01  0.37E+00  0.20E+01  0.59E+03  0.22E+02
       C   4 4   0.38E+01  0.39E+00  0.22E+01  0.63E+03  0.24E+02
       Cl  1 1   0.14E+04 -0.47E+00  0.84E+01  0.32E+09  0.42E+03
       Cl  2 1   0.21E+04 -0.37E+00  0.12E+02  0.49E+09  0.65E+03
       Cl  2 2   0.33E+04 -0.16E+00  0.21E+02  0.76E+09  0.10E+04
       Cl  3 3   0.21E+02  0.79E-01  0.89E+01  0.23E+05  0.13E+03
       Cl  4 3   0.24E+02  0.67E-01  0.99E+01  0.27E+05  0.15E+03
       Cl  4 4   0.28E+02  0.44E-01  0.11E+02  0.32E+05  0.18E+03
       Cl  5 5   0.77E+00  0.19E+00  0.18E+01  0.12E+03  0.22E+02
       Cl  6 5   0.80E+00  0.19E+00  0.19E+01  0.12E+03  0.23E+02
       Cl  6 6   0.83E+00  0.20E+00  0.19E+01  0.12E+03  0.23E+02
       H   1 1   0.39E+02  0.19E+00  0.29E+00  0.78E+05  0.13E+02
       H   2 1   0.41E+02  0.21E+00  0.32E+00  0.82E+05  0.14E+02
       H   2 2   0.43E+02  0.22E+00  0.36E+00  0.86E+05  0.15E+02
     ------------------------------------------------------------

     alpha_pv=     33.9786 eV

     Number of occupied bands for each k-point:
     k-point:     1    nbnd_occ=  42
     k-point:     2    nbnd_occ=  42
     k-point:     3    nbnd_occ=  42
     k-point:     4    nbnd_occ=  42
     k-point:     5    nbnd_occ=  42
     k-point:     6    nbnd_occ=  42
     k-point:     7    nbnd_occ=  42
     k-point:     8    nbnd_occ=  42
     k-point:     9    nbnd_occ=  42
     k-point:    10    nbnd_occ=  42
     k-point:    11    nbnd_occ=  42
     k-point:    12    nbnd_occ=  42
     k-point:    13    nbnd_occ=  42
     k-point:    14    nbnd_occ=  42
     k-point:    15    nbnd_occ=  42
     k-point:    16    nbnd_occ=  42


     q-space interpolation up to   110.00 Rydberg

     GIPAW job: efg                                                                             


     ELECTRIC FIELD GRADIENTS TENSORS IN Hartree/bohrradius^2:

     ----- bare term -----
     Cl   1       -0.129768        0.206009       -0.006546
     Cl   1        0.206009       -0.017904       -0.006726
     Cl   1       -0.006546       -0.006726        0.147672

     C    2       -0.048026       -0.001157       -0.460600
     C    2       -0.001157       -0.337105       -0.449856
     C    2       -0.460600       -0.449856        0.385132

     C    3       -0.024377        0.420946       -0.177462
     C    3        0.420946       -0.214919       -0.123341
     C    3       -0.177462       -0.123341        0.239296

     H    4        0.114032       -0.108211       -0.283071
     H    4       -0.108211        0.430070        0.131896
     H    4       -0.283071        0.131896       -0.544102

     C    5       -0.116663        0.056787       -0.566267
     C    5        0.056787       -0.012397       -0.399915
     C    5       -0.566267       -0.399915        0.129060

     H    6        0.078809        0.109882        0.266324
     H    6        0.109882       -0.122067       -0.507432
     H    6        0.266324       -0.507432        0.043258

     H    7        0.375587        0.081945       -0.216129
     H    7        0.081945       -0.194882        0.498164
     H    7       -0.216129        0.498164       -0.180705

     C    8       -0.353236       -0.248000       -0.349459
     C    8       -0.248000       -0.114363        0.439628
     C    8       -0.349459        0.439628        0.467599

     H    9       -0.300364       -0.084042       -0.511254
     H    9       -0.084042        0.054386        0.079107
     H    9       -0.511254        0.079107        0.245978

     C   10       -0.051425       -0.423232       -0.207071
     C   10       -0.423232       -0.227817        0.598556
     C   10       -0.207071        0.598556        0.279241

     C   11       -0.028331       -0.079058       -0.598627
     C   11       -0.079058       -0.037519        0.456984
     C   11       -0.598627        0.456984        0.065850

     Cl  12       -0.051654       -0.169995       -0.131461
     Cl  12       -0.169995        0.019853        0.131920
     Cl  12       -0.131461        0.131920        0.031802

     H   13        0.427624        0.111466       -0.129375
     H   13        0.111466       -0.702165       -0.032458
     H   13       -0.129375       -0.032458        0.274541

     C   14       -0.367951        0.146266       -0.335395
     C   14        0.146266       -0.061397       -0.499620
     C   14       -0.335395       -0.499620        0.429348

     H   15       -0.342854       -0.300314       -0.499905
     H   15       -0.300314        0.245155       -0.262698
     H   15       -0.499905       -0.262698        0.097699

     C   16       -0.354668        0.310468       -0.305191
     C   16        0.310468       -0.059757       -0.398551
     C   16       -0.305191       -0.398551        0.414425

     C   17       -0.107981        0.228113       -0.158192
     C   17        0.228113       -0.340566       -0.489675
     C   17       -0.158192       -0.489675        0.448547

     Cl  18       -0.089423        0.007113       -0.085091
     Cl  18        0.007113       -0.033700       -0.129181
     Cl  18       -0.085091       -0.129181        0.123123

     H   19        0.142604        0.243759       -0.133374
     H   19        0.243759       -0.376917        0.467392
     H   19       -0.133374        0.467392        0.234313

     C   20       -0.171714       -0.428475       -0.360047
     C   20       -0.428475       -0.277175        0.295300
     C   20       -0.360047        0.295300        0.448888

     H   21       -0.615665        0.118196       -0.355909
     H   21        0.118196        0.356396        0.159911
     H   21       -0.355909        0.159911        0.259270

     C   22       -0.032380       -0.067464       -0.425915
     C   22       -0.067464       -0.314476        0.507651
     C   22       -0.425915        0.507651        0.346856

     C   23       -0.359237       -0.194361       -0.380802
     C   23       -0.194361       -0.092344        0.359854
     C   23       -0.380802        0.359854        0.451580

     Cl  24       -0.013181       -0.066103       -0.023548
     Cl  24       -0.066103        0.101523        0.003533
     Cl  24       -0.023548        0.003533       -0.088343

     ----- ionic term -----
     Cl   1        0.200279       -0.221567        0.056194
     Cl   1       -0.221567       -0.047147       -0.016842
     Cl   1        0.056194       -0.016842       -0.153131

     C    2        0.207800       -0.222483        0.321387
     C    2       -0.222483        0.061465        0.404410
     C    2        0.321387        0.404410       -0.269265

     C    3        0.105322       -0.395312        0.274608
     C    3       -0.395312        0.163672        0.293659
     C    3        0.274608        0.293659       -0.268994

     H    4        0.489945        0.097438        0.798583
     H    4        0.097438       -0.493071        0.183915
     H    4        0.798583        0.183915        0.003126

     C    5        0.165523       -0.276504        0.419603
     C    5       -0.276504        0.055270        0.237217
     C    5        0.419603        0.237217       -0.220793

     H    6       -0.537986       -0.001673        0.035942
     H    6       -0.001673        0.640270        0.708081
     H    6        0.035942        0.708081       -0.102284

     H    7       -0.479228       -0.217113        0.147434
     H    7       -0.217113        0.601755       -0.694886
     H    7        0.147434       -0.694886       -0.122527

     C    8        0.250475        0.180528        0.278642
     C    8        0.180528        0.075379       -0.296228
     C    8        0.278642       -0.296228       -0.325854

     H    9        0.747140       -0.191647        0.644178
     H    9       -0.191647       -0.459168       -0.184705
     H    9        0.644178       -0.184705       -0.287973

     C   10        0.138024        0.209193        0.199128
     C   10        0.209193        0.234976       -0.395557
     C   10        0.199128       -0.395557       -0.373000

     C   11        0.209523        0.074758        0.361100
     C   11        0.074758        0.118007       -0.405128
     C   11        0.361100       -0.405128       -0.327530

     Cl  12        0.114046        0.196459        0.019658
     Cl  12        0.196459        0.019015        0.003561
     Cl  12        0.019658        0.003561       -0.133061

     H   13       -0.509500       -0.062297       -0.040999
     H   13       -0.062297        0.746279        0.632611
     H   13       -0.040999        0.632611       -0.236779

     C   14        0.178257       -0.162883        0.334688
     C   14       -0.162883        0.115009        0.268081
     C   14        0.334688        0.268081       -0.293266

     H   15        0.522816        0.315827        0.707326
     H   15        0.315827       -0.391698        0.251398
     H   15        0.707326        0.251398       -0.131118

     C   16        0.087123       -0.210341        0.268151
     C   16       -0.210341        0.242150        0.298056
     C   16        0.268151        0.298056       -0.329274

     C   17        0.049778       -0.208827        0.385983
     C   17       -0.208827        0.188828        0.324016
     C   17        0.385983        0.324016       -0.238606

     Cl  18        0.102154       -0.198593        0.046029
     Cl  18       -0.198593        0.042772       -0.027876
     Cl  18        0.046029       -0.027876       -0.144926

     H   19       -0.524733       -0.063183        0.049339
     H   19       -0.063183        0.466205       -0.777083
     H   19        0.049339       -0.777083        0.058528

     C   20        0.290651        0.178118        0.324601
     C   20        0.178118        0.022877       -0.310053
     C   20        0.324601       -0.310053       -0.313528

     H   21        0.532667       -0.232859        0.739712
     H   21       -0.232859       -0.464618       -0.223659
     H   21        0.739712       -0.223659       -0.068050

     C   22        0.115457        0.245955        0.229702
     C   22        0.245955        0.207012       -0.355261
     C   22        0.229702       -0.355261       -0.322469

     C   23        0.162625        0.223282        0.305744
     C   23        0.223282        0.177912       -0.330446
     C   23        0.305744       -0.330446       -0.340537

     Cl  24        0.090097        0.219774        0.022677
     Cl  24        0.219774        0.074226        0.014625
     Cl  24        0.022677        0.014625       -0.164323

     ----- GIPAW term -----
     Cl   1       -0.999521       -0.916829       -0.612675
     Cl   1       -0.916829       -1.262111        0.815198
     Cl   1       -0.612675        0.815198        2.261632

     C    2       -0.020222       -0.052766       -0.187854
     C    2       -0.052766       -0.144376       -0.114977
     C    2       -0.187854       -0.114977        0.164598

     C    3        0.056990        0.048941       -0.140125
     C    3        0.048941       -0.101881       -0.005935
     C    3       -0.140125       -0.005935        0.044891

     H    4       -0.000000        0.000000        0.000000
     H    4        0.000000        0.000000        0.000000
     H    4        0.000000        0.000000        0.000000

     C    5        0.195590        0.050442       -0.176605
     C    5        0.050442       -0.115163       -0.080318
     C    5       -0.176605       -0.080318       -0.080427

     H    6       -0.000000        0.000000        0.000000
     H    6        0.000000        0.000000        0.000000
     H    6        0.000000        0.000000        0.000000

     H    7       -0.000000        0.000000        0.000000
     H    7        0.000000        0.000000        0.000000
     H    7        0.000000        0.000000        0.000000

     C    8       -0.081830       -0.054511       -0.101773
     C    8       -0.054511       -0.086606        0.140536
     C    8       -0.101773        0.140536        0.168436

     H    9       -0.000000        0.000000        0.000000
     H    9        0.000000        0.000000        0.000000
     H    9        0.000000        0.000000        0.000000

     C   10       -0.033671       -0.148636       -0.079165
     C   10       -0.148636        0.041919        0.160836
     C   10       -0.079165        0.160836       -0.008248

     C   11        0.154442       -0.057587       -0.195979
     C   11       -0.057587       -0.024277        0.122826
     C   11       -0.195979        0.122826       -0.130165

     Cl  12        0.795531        0.375984       -1.289783
     Cl  12        0.375984        0.461141        1.507230
     Cl  12       -1.289783        1.507230       -1.256672

     H   13       -0.000000        0.000000        0.000000
     H   13        0.000000        0.000000        0.000000
     H   13        0.000000        0.000000        0.000000

     C   14       -0.124274        0.047910       -0.076647
     C   14        0.047910        0.013997       -0.238074
     C   14       -0.076647       -0.238074        0.110277

     H   15       -0.000000        0.000000        0.000000
     H   15        0.000000        0.000000        0.000000
     H   15        0.000000        0.000000        0.000000

     C   16       -0.099060        0.066760       -0.070180
     C   16        0.066760        0.044952       -0.044665
     C   16       -0.070180       -0.044665        0.054107

     C   17        0.049396       -0.087375        0.056866
     C   17       -0.087375       -0.110766       -0.085068
     C   17        0.056866       -0.085068        0.061369

     Cl  18       -0.272372       -1.648185       -0.545187
     Cl  18       -1.648185       -0.089549       -1.984752
     Cl  18       -0.545187       -1.984752        0.361920

     H   19       -0.000000        0.000000        0.000000
     H   19        0.000000        0.000000        0.000000
     H   19        0.000000        0.000000        0.000000

     C   20        0.092357       -0.133509       -0.188734
     C   20       -0.133509       -0.142171        0.091404
     C   20       -0.188734        0.091404        0.049814

     H   21       -0.000000        0.000000        0.000000
     H   21        0.000000        0.000000        0.000000
     H   21        0.000000        0.000000        0.000000

     C   22        0.052534        0.026418       -0.214667
     C   22        0.026418       -0.112061        0.065963
     C   22       -0.214667        0.065963        0.059527

     C   23        0.004383        0.104843       -0.152902
     C   23        0.104843       -0.060015        0.011361
     C   23       -0.152902        0.011361        0.055632

     Cl  24        1.145193        1.532193       -0.156704
     Cl  24        1.532193        1.030488        0.065237
     Cl  24       -0.156704        0.065237       -2.175680

     ----- total EFG -----
     Cl   1       -0.929011       -0.932387       -0.563026
     Cl   1       -0.932387       -1.327162        0.791629
     Cl   1       -0.563026        0.791629        2.256173

     C    2        0.139552       -0.276406       -0.327067
     C    2       -0.276406       -0.420016       -0.160423
     C    2       -0.327067       -0.160423        0.280464

     C    3        0.137935        0.074575       -0.042979
     C    3        0.074575       -0.153128        0.164384
     C    3       -0.042979        0.164384        0.015193

     H    4        0.603976       -0.010772        0.515512
     H    4       -0.010772       -0.063001        0.315811
     H    4        0.515512        0.315811       -0.540976

     C    5        0.244451       -0.169275       -0.323270
     C    5       -0.169275       -0.072291       -0.243015
     C    5       -0.323270       -0.243015       -0.172160

     H    6       -0.459178        0.108210        0.302266
     H    6        0.108210        0.518203        0.200649
     H    6        0.302266        0.200649       -0.059026

     H    7       -0.103641       -0.135168       -0.068695
     H    7       -0.135168        0.406873       -0.196723
     H    7       -0.068695       -0.196723       -0.303232

     C    8       -0.184591       -0.121983       -0.172589
     C    8       -0.121983       -0.125591        0.283937
     C    8       -0.172589        0.283937        0.310182

     H    9        0.446777       -0.275689        0.132924
     H    9       -0.275689       -0.404782       -0.105598
     H    9        0.132924       -0.105598       -0.041995

     C   10        0.052928       -0.362676       -0.087109
     C   10       -0.362676        0.049079        0.363835
     C   10       -0.087109        0.363835       -0.102007

     C   11        0.335634       -0.061887       -0.433506
     C   11       -0.061887        0.056212        0.174682
     C   11       -0.433506        0.174682       -0.391846

     Cl  12        0.857923        0.402449       -1.401586
     Cl  12        0.402449        0.500008        1.642711
     Cl  12       -1.401586        1.642711       -1.357931

     H   13       -0.081876        0.049169       -0.170374
     H   13        0.049169        0.044115        0.600153
     H   13       -0.170374        0.600153        0.037762

     C   14       -0.313968        0.031293       -0.077354
     C   14        0.031293        0.067610       -0.469613
     C   14       -0.077354       -0.469613        0.246358

     H   15        0.179962        0.015513        0.207421
     H   15        0.015513       -0.146543       -0.011299
     H   15        0.207421       -0.011299       -0.033419

     C   16       -0.366604        0.166886       -0.107220
     C   16        0.166886        0.227346       -0.145159
     C   16       -0.107220       -0.145159        0.139258

     C   17       -0.008806       -0.068089        0.284656
     C   17       -0.068089       -0.262504       -0.250727
     C   17        0.284656       -0.250727        0.271310

     Cl  18       -0.259640       -1.839664       -0.584248
     Cl  18       -1.839664       -0.080476       -2.141808
     Cl  18       -0.584248       -2.141808        0.340117

     H   19       -0.382129        0.180576       -0.084035
     H   19        0.180576        0.089288       -0.309691
     H   19       -0.084035       -0.309691        0.292841

     C   20        0.211294       -0.383866       -0.224179
     C   20       -0.383866       -0.396468        0.076650
     C   20       -0.224179        0.076650        0.185175

     H   21       -0.082998       -0.114662        0.383803
     H   21       -0.114662       -0.108222       -0.063749
     H   21        0.383803       -0.063749        0.191220

     C   22        0.135611        0.204909       -0.410879
     C   22        0.204909       -0.219525        0.218353
     C   22       -0.410879        0.218353        0.083914

     C   23       -0.192229        0.133763       -0.227960
     C   23        0.133763        0.025554        0.040769
     C   23       -0.227960        0.040769        0.166675

     Cl  24        1.222109        1.685864       -0.157575
     Cl  24        1.685864        1.206237        0.083395
     Cl  24       -0.157575        0.083395       -2.428346

     ----- total EFG (symmetrized) -----
     Cl   1       -0.929011       -0.932387       -0.563026
     Cl   1       -0.932387       -1.327162        0.791629
     Cl   1       -0.563026        0.791629        2.256173

     C    2        0.139552       -0.276406       -0.327067
     C    2       -0.276406       -0.420016       -0.160423
     C    2       -0.327067       -0.160423        0.280464

     C    3        0.137935        0.074575       -0.042979
     C    3        0.074575       -0.153128        0.164384
     C    3       -0.042979        0.164384        0.015193

     H    4        0.603976       -0.010772        0.515512
     H    4       -0.010772       -0.063001        0.315811
     H    4        0.515512        0.315811       -0.540976

     C    5        0.244451       -0.169275       -0.323270
     C    5       -0.169275       -0.072291       -0.243015
     C    5       -0.323270       -0.243015       -0.172160

     H    6       -0.459178        0.108210        0.302266
     H    6        0.108210        0.518203        0.200649
     H    6        0.302266        0.200649       -0.059026

     H    7       -0.103641       -0.135168       -0.068695
     H    7       -0.135168        0.406873       -0.196723
     H    7       -0.068695       -0.196723       -0.303232

     C    8       -0.184591       -0.121983       -0.172589
     C    8       -0.121983       -0.125591        0.283937
     C    8       -0.172589        0.283937        0.310182

     H    9        0.446777       -0.275689        0.132924
     H    9       -0.275689       -0.404782       -0.105598
     H    9        0.132924       -0.105598       -0.041995

     C   10        0.052928       -0.362676       -0.087109
     C   10       -0.362676        0.049079        0.363835
     C   10       -0.087109        0.363835       -0.102007

     C   11        0.335634       -0.061887       -0.433506
     C   11       -0.061887        0.056212        0.174682
     C   11       -0.433506        0.174682       -0.391846

     Cl  12        0.857923        0.402449       -1.401586
     Cl  12        0.402449        0.500008        1.642711
     Cl  12       -1.401586        1.642711       -1.357931

     H   13       -0.081876        0.049169       -0.170374
     H   13        0.049169        0.044115        0.600153
     H   13       -0.170374        0.600153        0.037762

     C   14       -0.313968        0.031293       -0.077354
     C   14        0.031293        0.067610       -0.469613
     C   14       -0.077354       -0.469613        0.246358

     H   15        0.179962        0.015513        0.207421
     H   15        0.015513       -0.146543       -0.011299
     H   15        0.207421       -0.011299       -0.033419

     C   16       -0.366604        0.166886       -0.107220
     C   16        0.166886        0.227346       -0.145159
     C   16       -0.107220       -0.145159        0.139258

     C   17       -0.008806       -0.068089        0.284656
     C   17       -0.068089       -0.262504       -0.250727
     C   17        0.284656       -0.250727        0.271310

     Cl  18       -0.259640       -1.839664       -0.584248
     Cl  18       -1.839664       -0.080476       -2.141808
     Cl  18       -0.584248       -2.141808        0.340117

     H   19       -0.382129        0.180576       -0.084035
     H   19        0.180576        0.089288       -0.309691
     H   19       -0.084035       -0.309691        0.292841

     C   20        0.211294       -0.383866       -0.224179
     C   20       -0.383866       -0.396468        0.076650
     C   20       -0.224179        0.076650        0.185175

     H   21       -0.082998       -0.114662        0.383803
     H   21       -0.114662       -0.108222       -0.063749
     H   21        0.383803       -0.063749        0.191220

     C   22        0.135611        0.204909       -0.410879
     C   22        0.204909       -0.219525        0.218353
     C   22       -0.410879        0.218353        0.083914

     C   23       -0.192229        0.133763       -0.227960
     C   23        0.133763        0.025554        0.040769
     C   23       -0.227960        0.040769        0.166675

     Cl  24        1.222109        1.685864       -0.157575
     Cl  24        1.685864        1.206237        0.083395
     Cl  24       -0.157575        0.083395       -2.428346


     NQR/NMR SPECTROSCOPIC PARAMETERS:
     Cl   1    Vxx=   -0.4887    axis=( -0.768817  0.554940 -0.317746)
     Cl   1    Vyy=   -2.0990    axis=(  0.601972  0.795717 -0.066814)
     Cl   1    Vzz=    2.5877    axis=( -0.215758  0.242642  0.945819)
     Cl   1  Q=        -8.1650 1e-30 m^2  Cq=       -49.6436 MHz  eta= 0.62229

     C    2    Vxx=    0.0749    axis=(  0.621928 -0.533205  0.573497)
     C    2    Vyy=    0.5475    axis=(  0.648653 -0.059504 -0.758754)
     C    2    Vzz=   -0.6224    axis=(  0.438697  0.843891  0.308858)
     C    2  Q=         1.0000 1e-30 m^2  Cq=        -1.4624 MHz  eta= 0.75923

     C    3    Vxx=    0.1156    axis=( -0.052664  0.510436  0.858301)
     C    3    Vyy=    0.1561    axis=(  0.977226  0.203268 -0.060924)
     C    3    Vzz=   -0.2717    axis=( -0.205563  0.835546 -0.509516)
     C    3  Q=         1.0000 1e-30 m^2  Cq=        -0.6384 MHz  eta= 0.14919

     H    4    Vxx=    0.0379    axis=(  0.244323 -0.926055 -0.287625)
     H    4    Vyy=    0.8148    axis=(  0.917426  0.124683  0.377868)
     H    4    Vzz=   -0.8528    axis=( -0.314065 -0.356196  0.880050)
     H    4  Q=         1.0000 1e-30 m^2  Cq=        -2.0037 MHz  eta= 0.91104

     C    5    Vxx=    0.1124    axis=( -0.179558  0.839453 -0.512911)
     C    5    Vyy=    0.4234    axis=( -0.889736  0.083850  0.448708)
     C    5    Vzz=   -0.5358    axis=(  0.419677  0.536925  0.731835)
     C    5  Q=         1.0000 1e-30 m^2  Cq=        -1.2590 MHz  eta= 0.58046

     H    6    Vxx=    0.0026    axis=( -0.432685  0.404371 -0.805771)
     H    6    Vyy=    0.6190    axis=(  0.191621  0.914595  0.356086)
     H    6    Vzz=   -0.6216    axis=(  0.880945 -0.000330 -0.473218)
     H    6  Q=         1.0000 1e-30 m^2  Cq=        -1.4605 MHz  eta= 0.99166

     H    7    Vxx=   -0.0892    axis=(  0.917960  0.097649 -0.384466)
     H    7    Vyy=   -0.3911    axis=(  0.345493  0.279388  0.895867)
     H    7    Vzz=    0.4803    axis=(  0.194895 -0.955200  0.222730)
     H    7  Q=         1.0000 1e-30 m^2  Cq=         1.1286 MHz  eta= 0.62838

     C    8    Vxx=   -0.2234    axis=( -0.764855  0.432409 -0.477514)
     C    8    Vyy=   -0.2894    axis=(  0.576612  0.790058 -0.208152)
     C    8    Vzz=    0.5128    axis=( -0.287257  0.434546  0.853612)
     C    8  Q=         1.0000 1e-30 m^2  Cq=         1.2049 MHz  eta= 0.12880

     H    9    Vxx=   -0.0734    axis=( -0.281853 -0.070426  0.956870)
     H    9    Vyy=   -0.4957    axis=(  0.258649  0.954804  0.146461)
     H    9    Vzz=    0.5690    axis=( -0.923937  0.288774 -0.250898)
     H    9  Q=         1.0000 1e-30 m^2  Cq=         1.3370 MHz  eta= 0.74210

     C   10    Vxx=   -0.1074    axis=(  0.733166  0.165730  0.659546)
     C   10    Vyy=   -0.4665    axis=( -0.385673 -0.697468  0.603982)
     C   10    Vzz=    0.5739    axis=( -0.560110  0.697188  0.447443)
     C   10  Q=         1.0000 1e-30 m^2  Cq=         1.3486 MHz  eta= 0.62570

     C   11    Vxx=    0.0489    axis=(  0.310639  0.947935  0.070167)
     C   11    Vyy=    0.5715    axis=(  0.864818 -0.251224 -0.434714)
     C   11    Vzz=   -0.6204    axis=( -0.394453  0.195721 -0.897831)
     C   11  Q=         1.0000 1e-30 m^2  Cq=        -1.4576 MHz  eta= 0.84248

     Cl  12    Vxx=    1.0925    axis=(  0.684685  0.722884  0.092982)
     Cl  12    Vyy=    1.7656    axis=( -0.634934  0.528955  0.563086)
     Cl  12    Vzz=   -2.8581    axis=(  0.357862 -0.444574  0.821151)
     Cl  12  Q=        -8.1650 1e-30 m^2  Cq=        54.8316 MHz  eta= 0.23552

     H   13    Vxx=   -0.0454    axis=( -0.950446 -0.286537  0.120620)
     H   13    Vyy=   -0.6059    axis=(  0.287324 -0.661420  0.692798)
     H   13    Vzz=    0.6513    axis=( -0.118731  0.693124  0.710973)
     H   13  Q=         1.0000 1e-30 m^2  Cq=         1.5303 MHz  eta= 0.86049

     C   14    Vxx=   -0.2957    axis=( -0.707850  0.580737  0.402110)
     C   14    Vyy=   -0.3460    axis=( -0.701468 -0.511030 -0.496780)
     C   14    Vzz=    0.6417    axis=( -0.083008 -0.633713  0.769102)
     C   14  Q=         1.0000 1e-30 m^2  Cq=         1.5076 MHz  eta= 0.07832

     H   15    Vxx=   -0.1344    axis=(  0.284837  0.821992 -0.493150)
     H   15    Vyy=   -0.1723    axis=( -0.435672  0.569267  0.697227)
     H   15    Vzz=    0.3066    axis=( -0.853849 -0.016256 -0.520267)
     H   15  Q=         1.0000 1e-30 m^2  Cq=         0.7205 MHz  eta= 0.12349

     C   16    Vxx=    0.0319    axis=(  0.025165  0.582204  0.812653)
     C   16    Vyy=    0.3870    axis=(  0.254154  0.782475 -0.568453)
     C   16    Vzz=   -0.4190    axis=( -0.966836  0.220845 -0.128279)
     C   16  Q=         1.0000 1e-30 m^2  Cq=        -0.9844 MHz  eta= 0.84751

     C   17    Vxx=   -0.1589    axis=( -0.863460 -0.338165  0.374276)
     C   17    Vyy=   -0.3688    axis=(  0.165723 -0.890989 -0.422699)
     C   17    Vzz=    0.5276    axis=(  0.476417 -0.302958  0.825375)
     C   17  Q=         1.0000 1e-30 m^2  Cq=         1.2398 MHz  eta= 0.39786

     Cl  18    Vxx=    0.5596    axis=(  0.771635 -0.147082 -0.618827)
     Cl  18    Vyy=    2.5791    axis=(  0.344102 -0.721710  0.600607)
     Cl  18    Vzz=   -3.1386    axis=(  0.534953  0.676388  0.506285)
     Cl  18  Q=        -8.1650 1e-30 m^2  Cq=        60.2130 MHz  eta= 0.64343

     H   19    Vxx=   -0.1060    axis=(  0.285254  0.726954  0.624634)
     H   19    Vyy=   -0.4440    axis=( -0.940222  0.338745  0.035140)
     H   19    Vzz=    0.5500    axis=( -0.186046 -0.597318  0.780127)
     H   19  Q=         1.0000 1e-30 m^2  Cq=         1.2923 MHz  eta= 0.61471

     C   20    Vxx=    0.0341    axis=(  0.472223 -0.271728  0.838552)
     C   20    Vyy=    0.5492    axis=( -0.761608  0.353180  0.543339)
     C   20    Vzz=   -0.5833    axis=( -0.443800 -0.895225 -0.040171)
     C   20  Q=         1.0000 1e-30 m^2  Cq=        -1.3706 MHz  eta= 0.88311

     H   21    Vxx=   -0.1185    axis=( -0.077212  0.953315  0.291939)
     H   21    Vyy=   -0.3669    axis=( -0.814041 -0.229342  0.533609)
     H   21    Vzz=    0.4853    axis=(  0.575652 -0.196450  0.793746)
     H   21  Q=         1.0000 1e-30 m^2  Cq=         1.1404 MHz  eta= 0.51186

     C   22    Vxx=    0.0415    axis=(  0.449967  0.753761  0.478931)
     C   22    Vyy=    0.5215    axis=( -0.728927  0.000161  0.684591)
     C   22    Vzz=   -0.5630    axis=(  0.515941 -0.657149  0.549509)
     C   22  Q=         1.0000 1e-30 m^2  Cq=        -1.3228 MHz  eta= 0.85244

     C   23    Vxx=    0.0739    axis=(  0.264525  0.934196  0.239383)
     C   23    Vyy=    0.2795    axis=( -0.455381 -0.097809  0.884908)
     C   23    Vzz=   -0.3534    axis=(  0.850091 -0.343090  0.399542)
     C   23  Q=         1.0000 1e-30 m^2  Cq=        -0.8302 MHz  eta= 0.58186

     Cl  24    Vxx=   -0.4570    axis=( -0.701866  0.707097  0.086015)
     Cl  24    Vyy=   -2.4436    axis=(  0.067669 -0.054020  0.996244)
     Cl  24    Vzz=    2.9006    axis=( -0.709088 -0.705050  0.009934)
     Cl  24  Q=        -8.1650 1e-30 m^2  Cq=       -55.6462 MHz  eta= 0.68488

     Initialization:
     gipaw_setup  :      9.32s CPU     11.17s WALL (       1 calls)

     Linear response

     Apply operators

     Induced current

     Other routines
     efg          :      9.60s CPU     12.26s WALL (       1 calls)

     General routines
     calbec       :      3.34s CPU      4.48s WALL (      16 calls)
     fft          :      1.51s CPU      2.03s WALL (      15 calls)
     ffts         :      0.04s CPU      0.04s WALL (       2 calls)
     fftw         :      3.27s CPU      4.13s WALL (     672 calls)
     davcio       :      0.05s CPU      0.34s WALL (      32 calls)

     Parallel routines
     fft_scatter  :      2.28s CPU      3.40s WALL (     689 calls)

     Plugins

     GIPAW        :     61.80s CPU     72.61s WALL (       1 calls)
