
     Program QE v.6.0 (svn rev. 13079) starts on 27Dec2016 at 23:51: 3 

     This program is part of the open-source Quantum ESPRESSO suite
     for quantum simulation of materials; please cite
         "P. Giannozzi et al., J. Phys.:Condens. Matter 21 395502 (2009);
          URL http://www.quantum-espresso.org", 
     in publications or presentations arising from this work. More details at
     http://www.quantum-espresso.org/quote

     Parallel version (MPI), running on     8 processors
     R & G space division:  proc/nbgrp/npool/nimage =       8

     ***** This is GIPAW svn revision unknown      *****

     Parallelizing q-star over 1 images

     Reading data from directory:
     /users/majewski/paradichlorobenzene/pbe/9_constraint/scratch/pbe.ecut100.np8.dt60.pcl2phi-129368.save
     Message from routine read_xml_file:
     file /users/majewski/paradichlorobenzene/pbe/9_constraint/scratch/pbe.ecut100.np8.dt60.pcl2phi-129368.save not guaranteed to be safe for post-processing

   Info: using nr1, nr2, nr3 values from input

   Info: using nr1, nr2, nr3 values from input

     IMPORTANT: XC functional enforced from input :
     Exchange-correlation      =  SLA  PW   PBX  PBC ( 1  4  3  4 0 0)
     Any further DFT definition will be discarded
     Please, verify this is what you really want

               file C.pbe-n-kjpaw_psl.1.0.0.UPF: wavefunction(s)  2S 2P renormalized
               file Cl.pbe-n-kjpaw_psl.1.0.0.UPF: wavefunction(s)  3S 3P renormalized
               file H.pbe-kjpaw_psl.1.0.0.UPF: wavefunction(s)  1S renormalized

     Parallelization info
     --------------------
     sticks:   dense  smooth     PW     G-vecs:    dense   smooth      PW
     Min        3057    1223    332               144436    36536    5170
     Max        3059    1225    333               144437    36537    5171
     Sum       24467    9791   2657              1155489   292295   41363


     Subspace diagonalization in iterative solution of the eigenvalue problem:
     a serial algorithm will be used

     GIPAW projectors -----------------------------------------------
     atom=  C    l=0  rc=    1.2000  rs=    0.8000
     atom=  C    l=0  rc=    1.2000  rs=    0.8000
     atom=  C    l=1  rc=    1.4000  rs=    0.9333
     atom=  C    l=1  rc=    1.4000  rs=    0.9333
     projs nearly linearly dependent: l=1  n1,n2= 1, 2  s=  0.99951561

     atom=  Cl   l=0  rc=    1.6000  rs=    1.0667
     atom=  Cl   l=0  rc=    1.6000  rs=    1.0667
     atom=  Cl   l=1  rc=    1.6000  rs=    1.0667
     atom=  Cl   l=1  rc=    1.6000  rs=    1.0667
     atom=  Cl   l=2  rc=    1.6000  rs=    1.0667
     atom=  Cl   l=2  rc=    1.6000  rs=    1.0667
     projs nearly linearly dependent: l=2  n1,n2= 1, 2  s=  0.99993509

     atom=  H    l=0  rc=    1.0000  rs=    0.6667
     atom=  H    l=0  rc=    1.0000  rs=    0.6667
     projs nearly linearly dependent: l=0  n1,n2= 1, 2  s=  0.99968852
     -----------------------------------------------------------------

     GIPAW integrals: -------------------------------------------
     Atom  i/j   nmr_para   nmr_dia   epr_rmc  epr_para   epr_dia
       C   1 1   0.83E+03  0.17E-01  0.93E+01  0.24E+08  0.24E+03
       C   2 1   0.86E+03 -0.61E-01  0.94E+01  0.25E+08  0.25E+03
       C   2 2   0.90E+03 -0.15E+00  0.97E+01  0.26E+08  0.26E+03
       C   3 3   0.33E+01  0.34E+00  0.18E+01  0.55E+03  0.21E+02
       C   4 3   0.35E+01  0.37E+00  0.20E+01  0.59E+03  0.22E+02
       C   4 4   0.38E+01  0.39E+00  0.22E+01  0.63E+03  0.24E+02
       Cl  1 1   0.14E+04 -0.47E+00  0.84E+01  0.32E+09  0.42E+03
       Cl  2 1   0.21E+04 -0.37E+00  0.12E+02  0.49E+09  0.65E+03
       Cl  2 2   0.33E+04 -0.16E+00  0.21E+02  0.76E+09  0.10E+04
       Cl  3 3   0.21E+02  0.79E-01  0.89E+01  0.23E+05  0.13E+03
       Cl  4 3   0.24E+02  0.67E-01  0.99E+01  0.27E+05  0.15E+03
       Cl  4 4   0.28E+02  0.44E-01  0.11E+02  0.32E+05  0.18E+03
       Cl  5 5   0.77E+00  0.19E+00  0.18E+01  0.12E+03  0.22E+02
       Cl  6 5   0.80E+00  0.19E+00  0.19E+01  0.12E+03  0.23E+02
       Cl  6 6   0.83E+00  0.20E+00  0.19E+01  0.12E+03  0.23E+02
       H   1 1   0.39E+02  0.19E+00  0.29E+00  0.78E+05  0.13E+02
       H   2 1   0.41E+02  0.21E+00  0.32E+00  0.82E+05  0.14E+02
       H   2 2   0.43E+02  0.22E+00  0.36E+00  0.86E+05  0.15E+02
     ------------------------------------------------------------

     alpha_pv=     34.2290 eV

     Number of occupied bands for each k-point:
     k-point:     1    nbnd_occ=  42
     k-point:     2    nbnd_occ=  42
     k-point:     3    nbnd_occ=  42
     k-point:     4    nbnd_occ=  42
     k-point:     5    nbnd_occ=  42
     k-point:     6    nbnd_occ=  42
     k-point:     7    nbnd_occ=  42
     k-point:     8    nbnd_occ=  42
     k-point:     9    nbnd_occ=  42
     k-point:    10    nbnd_occ=  42
     k-point:    11    nbnd_occ=  42
     k-point:    12    nbnd_occ=  42
     k-point:    13    nbnd_occ=  42
     k-point:    14    nbnd_occ=  42
     k-point:    15    nbnd_occ=  42
     k-point:    16    nbnd_occ=  42


     q-space interpolation up to   110.00 Rydberg

     GIPAW job: efg                                                                             


     ELECTRIC FIELD GRADIENTS TENSORS IN Hartree/bohrradius^2:

     ----- bare term -----
     Cl   1       -0.104815        0.061501       -0.105078
     Cl   1        0.061501       -0.080079       -0.079121
     Cl   1       -0.105078       -0.079121        0.184894

     C    2       -0.262641        0.114197       -0.424921
     C    2        0.114197        0.064590       -0.352413
     C    2       -0.424921       -0.352413        0.198050

     C    3        0.157535        0.537168        0.002329
     C    3        0.537168       -0.319905       -0.488789
     C    3        0.002329       -0.488789        0.162369

     H    4        0.015740       -0.152690       -0.345584
     H    4       -0.152690        0.363723        0.159648
     H    4       -0.345584        0.159648       -0.379463

     C    5       -0.328044        0.278126       -0.521620
     C    5        0.278126        0.227242       -0.262617
     C    5       -0.521620       -0.262617        0.100802

     H    6        0.279932       -0.070171        0.349235
     H    6       -0.070171        0.020392       -0.322865
     H    6        0.349235       -0.322865       -0.300324

     H    7        0.145203       -0.163723        0.038995
     H    7       -0.163723       -0.366451        0.488054
     H    7        0.038995        0.488054        0.221248

     C    8       -0.403565       -0.148244       -0.377959
     C    8       -0.148244       -0.033761        0.407903
     C    8       -0.377959        0.407903        0.437326

     H    9       -0.368772        0.469800        0.027978
     H    9        0.469800        0.187639       -0.136057
     H    9        0.027978       -0.136057        0.181133

     C   10       -0.206729       -0.326968       -0.088296
     C   10       -0.326968       -0.408354        0.531603
     C   10       -0.088296        0.531603        0.615083

     C   11       -0.403501        0.026951       -0.315288
     C   11        0.026951       -0.079863        0.522609
     C   11       -0.315288        0.522609        0.483364

     Cl  12       -0.207046       -0.126005        0.023065
     Cl  12       -0.126005       -0.041674        0.151755
     Cl  12        0.023065        0.151755        0.248720

     H   13        0.492748       -0.013851        0.096129
     H   13       -0.013851        0.076783       -0.393043
     H   13        0.096129       -0.393043       -0.569530

     C   14       -0.220385        0.210816       -0.203229
     C   14        0.210816       -0.339371       -0.355535
     C   14       -0.203229       -0.355535        0.559756

     H   15        0.140180       -0.090460       -0.313255
     H   15       -0.090460        0.475320       -0.098633
     H   15       -0.313255       -0.098633       -0.615499

     C   16       -0.399036        0.207010       -0.264092
     C   16        0.207010       -0.077321       -0.251868
     C   16       -0.264092       -0.251868        0.476357

     C   17       -0.072066        0.190871       -0.140932
     C   17        0.190871       -0.483915       -0.423629
     C   17       -0.140932       -0.423629        0.555982

     Cl  18       -0.057833       -0.041024       -0.055855
     Cl  18       -0.041024        0.040758       -0.134924
     Cl  18       -0.055855       -0.134924        0.017075

     H   19        0.383420       -0.071948       -0.072463
     H   19       -0.071948       -0.645729        0.286069
     H   19       -0.072463        0.286069        0.262309

     C   20       -0.303237       -0.302462       -0.326897
     C   20       -0.302462       -0.129382        0.429202
     C   20       -0.326897        0.429202        0.432619

     H   21       -0.370931        0.531004        0.020598
     H   21        0.531004        0.059576       -0.116672
     H   21        0.020598       -0.116672        0.311355

     C   22       -0.229338       -0.285379       -0.377162
     C   22       -0.285379       -0.095453        0.458017
     C   22       -0.377162        0.458017        0.324791

     C   23       -0.052126       -0.254377       -0.242090
     C   23       -0.254377       -0.183477        0.558063
     C   23       -0.242090        0.558063        0.235603

     Cl  24        0.050937        0.075866       -0.107363
     Cl  24        0.075866       -0.042135        0.014903
     Cl  24       -0.107363        0.014903       -0.008802

     ----- ionic term -----
     Cl   1        0.160605       -0.220478        0.053662
     Cl   1       -0.220478       -0.021707       -0.023431
     Cl   1        0.053662       -0.023431       -0.138897

     C    2        0.093414       -0.262179        0.350121
     C    2       -0.262179       -0.028774        0.427953
     C    2        0.350121        0.427953       -0.064640

     C    3        0.020666       -0.328569        0.195186
     C    3       -0.328569        0.101984        0.441199
     C    3        0.195186        0.441199       -0.122650

     H    4        0.394833        0.219669        0.756386
     H    4        0.219669       -0.452699        0.273813
     H    4        0.756386        0.273813        0.057866

     C    5        0.121261       -0.269306        0.348945
     C    5       -0.269306       -0.054079        0.292498
     C    5        0.348945        0.292498       -0.067182

     H    6       -0.531530       -0.002255        0.030660
     H    6       -0.002255        0.354285        0.785947
     H    6        0.030660        0.785947        0.177246

     H    7       -0.503276        0.094923       -0.058173
     H    7        0.094923        0.597221       -0.725602
     H    7       -0.058173       -0.725602       -0.093945

     C    8        0.302908        0.188669        0.115551
     C    8        0.188669        0.053015       -0.338057
     C    8        0.115551       -0.338057       -0.355923

     H    9        0.736750       -0.489340        0.437555
     H    9       -0.489340       -0.311556       -0.240524
     H    9        0.437555       -0.240524       -0.425194

     C   10        0.201110        0.170546        0.063020
     C   10        0.170546        0.182755       -0.432090
     C   10        0.063020       -0.432090       -0.383865

     C   11        0.317002        0.125092        0.157821
     C   11        0.125092        0.129580       -0.406259
     C   11        0.157821       -0.406259       -0.446582

     Cl  12        0.168820        0.234019        0.002871
     Cl  12        0.234019        0.005822       -0.009427
     Cl  12        0.002871       -0.009427       -0.174642

     H   13       -0.548657        0.000389        0.012269
     H   13        0.000389        0.428320        0.801108
     H   13        0.012269        0.801108        0.120338

     C   14        0.156583       -0.239414        0.343240
     C   14       -0.239414       -0.040839        0.302874
     C   14        0.343240        0.302874       -0.115745

     H   15        0.276246        0.233239        0.793172
     H   15        0.233239       -0.474785        0.284389
     H   15        0.793172        0.284389        0.198539

     C   16        0.028783       -0.287071        0.224153
     C   16       -0.287071        0.106865        0.394902
     C   16        0.224153        0.394902       -0.135648

     C   17        0.010260       -0.255362        0.316382
     C   17       -0.255362        0.048403        0.413840
     C   17        0.316382        0.413840       -0.058663

     Cl  18        0.089036       -0.200978        0.003474
     Cl  18       -0.200978        0.039153        0.000320
     Cl  18        0.003474        0.000320       -0.128189

     H   19       -0.483530        0.050182       -0.031585
     H   19        0.050182        0.737660       -0.654984
     H   19       -0.031585       -0.654984       -0.254130

     C   20        0.416151        0.112241        0.126932
     C   20        0.112241        0.053523       -0.299874
     C   20        0.126932       -0.299874       -0.469673

     H   21        0.680901       -0.509887        0.459227
     H   21       -0.509887       -0.286736       -0.244969
     H   21        0.459227       -0.244969       -0.394165

     C   22        0.211263        0.113756        0.107880
     C   22        0.113756        0.217973       -0.381264
     C   22        0.107880       -0.381264       -0.429236

     C   23        0.167565        0.091147        0.194670
     C   23        0.091147        0.218931       -0.392405
     C   23        0.194670       -0.392405       -0.386496

     Cl  24        0.112597        0.187012        0.003325
     Cl  24        0.187012        0.020555       -0.005263
     Cl  24        0.003325       -0.005263       -0.133152

     ----- GIPAW term -----
     Cl   1        0.503349       -1.773943       -0.839261
     Cl   1       -1.773943       -0.538780       -0.735971
     Cl   1       -0.839261       -0.735971        0.035430

     C    2        0.073075        0.002164       -0.026637
     C    2        0.002164        0.045841       -0.000082
     C    2       -0.026637       -0.000082       -0.118916

     C    3        0.067008        0.201221       -0.029804
     C    3        0.201221        0.015252       -0.086259
     C    3       -0.029804       -0.086259       -0.082261

     H    4       -0.000000        0.000000        0.000000
     H    4        0.000000        0.000000        0.000000
     H    4        0.000000        0.000000        0.000000

     C    5        0.104549        0.202443       -0.100406
     C    5        0.202443        0.024369       -0.042264
     C    5       -0.100406       -0.042264       -0.128918

     H    6       -0.000000        0.000000        0.000000
     H    6        0.000000        0.000000        0.000000
     H    6        0.000000        0.000000        0.000000

     H    7       -0.000000        0.000000        0.000000
     H    7        0.000000        0.000000        0.000000
     H    7        0.000000        0.000000        0.000000

     C    8       -0.052464       -0.009140       -0.041125
     C    8       -0.009140       -0.028508        0.094714
     C    8       -0.041125        0.094714        0.080972

     H    9       -0.000000        0.000000        0.000000
     H    9        0.000000        0.000000        0.000000
     H    9        0.000000        0.000000        0.000000

     C   10       -0.129564       -0.040815       -0.005810
     C   10       -0.040815       -0.128679        0.146179
     C   10       -0.005810        0.146179        0.258244

     C   11       -0.106144        0.107475       -0.063385
     C   11        0.107475       -0.089088        0.146259
     C   11       -0.063385        0.146259        0.195232

     Cl  12       -0.231354        1.619906        0.155794
     Cl  12        1.619906       -0.346302        1.474989
     Cl  12        0.155794        1.474989        0.577656

     H   13       -0.000000        0.000000        0.000000
     H   13        0.000000        0.000000        0.000000
     H   13        0.000000        0.000000        0.000000

     C   14       -0.111312        0.021684       -0.047034
     C   14        0.021684       -0.201302       -0.039456
     C   14       -0.047034       -0.039456        0.312614

     H   15       -0.000000        0.000000        0.000000
     H   15        0.000000        0.000000        0.000000
     H   15        0.000000        0.000000        0.000000

     C   16       -0.189314        0.008658       -0.072929
     C   16        0.008658       -0.102177       -0.055613
     C   16       -0.072929       -0.055613        0.291491

     C   17       -0.029201       -0.064018        0.060572
     C   17       -0.064018       -0.176030       -0.008161
     C   17        0.060572       -0.008161        0.205231

     Cl  18        0.578448       -2.253124       -0.295580
     Cl  18       -2.253124        0.575059       -1.309370
     Cl  18       -0.295580       -1.309370       -1.153507

     H   19       -0.000000        0.000000        0.000000
     H   19        0.000000        0.000000        0.000000
     H   19        0.000000        0.000000        0.000000

     C   20       -0.026120       -0.089863       -0.076407
     C   20       -0.089863       -0.034287        0.124207
     C   20       -0.076407        0.124207        0.060407

     H   21       -0.000000        0.000000        0.000000
     H   21        0.000000        0.000000        0.000000
     H   21        0.000000        0.000000        0.000000

     C   22       -0.031144       -0.140587       -0.191972
     C   22       -0.140587        0.005294        0.157460
     C   22       -0.191972        0.157460        0.025850

     C   23        0.112073       -0.008394       -0.055601
     C   23       -0.008394       -0.008776        0.099342
     C   23       -0.055601        0.099342       -0.103297

     Cl  24        1.718535        2.527949       -0.951044
     Cl  24        2.527949       -0.369352        0.090214
     Cl  24       -0.951044        0.090214       -1.349183

     ----- total EFG -----
     Cl   1        0.559139       -1.932921       -0.890677
     Cl   1       -1.932921       -0.640566       -0.838523
     Cl   1       -0.890677       -0.838523        0.081427

     C    2       -0.096152       -0.145818       -0.101438
     C    2       -0.145818        0.081658        0.075458
     C    2       -0.101438        0.075458        0.014495

     C    3        0.245210        0.409821        0.167711
     C    3        0.409821       -0.202668       -0.133849
     C    3        0.167711       -0.133849       -0.042542

     H    4        0.410573        0.066978        0.410802
     H    4        0.066978       -0.088976        0.433460
     H    4        0.410802        0.433460       -0.321597

     C    5       -0.102234        0.211263       -0.273080
     C    5        0.211263        0.197532       -0.012383
     C    5       -0.273080       -0.012383       -0.095299

     H    6       -0.251599       -0.072426        0.379895
     H    6       -0.072426        0.374677        0.463082
     H    6        0.379895        0.463082       -0.123078

     H    7       -0.358073       -0.068800       -0.019178
     H    7       -0.068800        0.230770       -0.237548
     H    7       -0.019178       -0.237548        0.127303

     C    8       -0.153120        0.031285       -0.303533
     C    8        0.031285       -0.009255        0.164560
     C    8       -0.303533        0.164560        0.162375

     H    9        0.367977       -0.019540        0.465533
     H    9       -0.019540       -0.123916       -0.376581
     H    9        0.465533       -0.376581       -0.244061

     C   10       -0.135184       -0.197237       -0.031086
     C   10       -0.197237       -0.354278        0.245692
     C   10       -0.031086        0.245692        0.489462

     C   11       -0.192643        0.259517       -0.220852
     C   11        0.259517       -0.039372        0.262609
     C   11       -0.220852        0.262609        0.232015

     Cl  12       -0.269581        1.727920        0.181730
     Cl  12        1.727920       -0.382153        1.617317
     Cl  12        0.181730        1.617317        0.651734

     H   13       -0.055910       -0.013462        0.108398
     H   13       -0.013462        0.505102        0.408065
     H   13        0.108398        0.408065       -0.449193

     C   14       -0.175114       -0.006913        0.092977
     C   14       -0.006913       -0.581511       -0.092117
     C   14        0.092977       -0.092117        0.756625

     H   15        0.416426        0.142779        0.479917
     H   15        0.142779        0.000535        0.185756
     H   15        0.479917        0.185756       -0.416961

     C   16       -0.559567       -0.071402       -0.112868
     C   16       -0.071402       -0.072633        0.087420
     C   16       -0.112868        0.087420        0.632200

     C   17       -0.091007       -0.128508        0.236021
     C   17       -0.128508       -0.611542       -0.017951
     C   17        0.236021       -0.017951        0.702549

     Cl  18        0.609650       -2.495126       -0.347961
     Cl  18       -2.495126        0.654970       -1.443974
     Cl  18       -0.347961       -1.443974       -1.264620

     H   19       -0.100110       -0.021766       -0.104049
     H   19       -0.021766        0.091931       -0.368915
     H   19       -0.104049       -0.368915        0.008179

     C   20        0.086793       -0.280084       -0.276372
     C   20       -0.280084       -0.110146        0.253535
     C   20       -0.276372        0.253535        0.023353

     H   21        0.309970        0.021118        0.479825
     H   21        0.021118       -0.227160       -0.361641
     H   21        0.479825       -0.361641       -0.082810

     C   22       -0.049219       -0.312210       -0.461254
     C   22       -0.312210        0.127813        0.234213
     C   22       -0.461254        0.234213       -0.078594

     C   23        0.227513       -0.171624       -0.103021
     C   23       -0.171624        0.026677        0.265000
     C   23       -0.103021        0.265000       -0.254190

     Cl  24        1.882069        2.790828       -1.055082
     Cl  24        2.790828       -0.390932        0.099854
     Cl  24       -1.055082        0.099854       -1.491137

     ----- total EFG (symmetrized) -----
     Cl   1        0.559139       -1.932921       -0.890677
     Cl   1       -1.932921       -0.640566       -0.838523
     Cl   1       -0.890677       -0.838523        0.081427

     C    2       -0.096152       -0.145818       -0.101438
     C    2       -0.145818        0.081658        0.075458
     C    2       -0.101438        0.075458        0.014495

     C    3        0.245210        0.409821        0.167711
     C    3        0.409821       -0.202668       -0.133849
     C    3        0.167711       -0.133849       -0.042542

     H    4        0.410573        0.066978        0.410802
     H    4        0.066978       -0.088976        0.433460
     H    4        0.410802        0.433460       -0.321597

     C    5       -0.102234        0.211263       -0.273080
     C    5        0.211263        0.197532       -0.012383
     C    5       -0.273080       -0.012383       -0.095299

     H    6       -0.251599       -0.072426        0.379895
     H    6       -0.072426        0.374677        0.463082
     H    6        0.379895        0.463082       -0.123078

     H    7       -0.358073       -0.068800       -0.019178
     H    7       -0.068800        0.230770       -0.237548
     H    7       -0.019178       -0.237548        0.127303

     C    8       -0.153120        0.031285       -0.303533
     C    8        0.031285       -0.009255        0.164560
     C    8       -0.303533        0.164560        0.162375

     H    9        0.367977       -0.019540        0.465533
     H    9       -0.019540       -0.123916       -0.376581
     H    9        0.465533       -0.376581       -0.244061

     C   10       -0.135184       -0.197237       -0.031086
     C   10       -0.197237       -0.354278        0.245692
     C   10       -0.031086        0.245692        0.489462

     C   11       -0.192643        0.259517       -0.220852
     C   11        0.259517       -0.039372        0.262609
     C   11       -0.220852        0.262609        0.232015

     Cl  12       -0.269581        1.727920        0.181730
     Cl  12        1.727920       -0.382153        1.617317
     Cl  12        0.181730        1.617317        0.651734

     H   13       -0.055910       -0.013462        0.108398
     H   13       -0.013462        0.505102        0.408065
     H   13        0.108398        0.408065       -0.449193

     C   14       -0.175114       -0.006913        0.092977
     C   14       -0.006913       -0.581511       -0.092117
     C   14        0.092977       -0.092117        0.756625

     H   15        0.416426        0.142779        0.479917
     H   15        0.142779        0.000535        0.185756
     H   15        0.479917        0.185756       -0.416961

     C   16       -0.559567       -0.071402       -0.112868
     C   16       -0.071402       -0.072633        0.087420
     C   16       -0.112868        0.087420        0.632200

     C   17       -0.091007       -0.128508        0.236021
     C   17       -0.128508       -0.611542       -0.017951
     C   17        0.236021       -0.017951        0.702549

     Cl  18        0.609650       -2.495126       -0.347961
     Cl  18       -2.495126        0.654970       -1.443974
     Cl  18       -0.347961       -1.443974       -1.264620

     H   19       -0.100110       -0.021766       -0.104049
     H   19       -0.021766        0.091931       -0.368915
     H   19       -0.104049       -0.368915        0.008179

     C   20        0.086793       -0.280084       -0.276372
     C   20       -0.280084       -0.110146        0.253535
     C   20       -0.276372        0.253535        0.023353

     H   21        0.309970        0.021118        0.479825
     H   21        0.021118       -0.227160       -0.361641
     H   21        0.479825       -0.361641       -0.082810

     C   22       -0.049219       -0.312210       -0.461254
     C   22       -0.312210        0.127813        0.234213
     C   22       -0.461254        0.234213       -0.078594

     C   23        0.227513       -0.171624       -0.103021
     C   23       -0.171624        0.026677        0.265000
     C   23       -0.103021        0.265000       -0.254190

     Cl  24        1.882069        2.790828       -1.055082
     Cl  24        2.790828       -0.390932        0.099854
     Cl  24       -1.055082        0.099854       -1.491137


     NQR/NMR SPECTROSCOPIC PARAMETERS:
     Cl   1    Vxx=    0.5919    axis=( -0.127611 -0.413296  0.901611)
     Cl   1    Vyy=    2.0138    axis=( -0.820874  0.554219  0.137869)
     Cl   1    Vzz=   -2.6056    axis=( -0.556671 -0.722515 -0.409988)
     Cl   1  Q=        -8.1650 1e-30 m^2  Cq=        49.9876 MHz  eta= 0.54570

     C    2    Vxx=   -0.0344    axis=( -0.022306 -0.564535  0.825108)
     C    2    Vyy=   -0.1936    axis=( -0.876692 -0.385645 -0.287556)
     C    2    Vzz=    0.2280    axis=(  0.480534 -0.729780 -0.486321)
     C    2  Q=         1.0000 1e-30 m^2  Cq=         0.5356 MHz  eta= 0.69827

     C    3    Vxx=    0.0296    axis=(  0.066417 -0.407638  0.910725)
     C    3    Vyy=    0.4998    axis=( -0.866153 -0.476676 -0.150193)
     C    3    Vzz=   -0.5294    axis=(  0.495345 -0.778852 -0.384736)
     C    3  Q=         1.0000 1e-30 m^2  Cq=        -1.2439 MHz  eta= 0.88818

     H    4    Vxx=    0.0503    axis=(  0.525130 -0.783241 -0.332824)
     H    4    Vyy=    0.6814    axis=(  0.809783  0.339617  0.478447)
     H    4    Vzz=   -0.7317    axis=( -0.261707 -0.520762  0.812598)
     H    4  Q=         1.0000 1e-30 m^2  Cq=        -1.7192 MHz  eta= 0.86248

     C    5    Vxx=    0.0486    axis=(  0.390496 -0.611150 -0.688483)
     C    5    Vyy=    0.3589    axis=(  0.554591  0.753093 -0.353948)
     C    5    Vzz=   -0.4075    axis=(  0.734808 -0.243611  0.633018)
     C    5  Q=         1.0000 1e-30 m^2  Cq=        -0.9575 MHz  eta= 0.76151

     H    6    Vxx=    0.0283    axis=(  0.752705 -0.465274  0.465785)
     H    6    Vyy=    0.6735    axis=( -0.163041 -0.817193 -0.552823)
     H    6    Vzz=   -0.7018    axis=(  0.637850  0.340171 -0.690964)
     H    6  Q=         1.0000 1e-30 m^2  Cq=        -1.6488 MHz  eta= 0.91947

     H    7    Vxx=   -0.0531    axis=( -0.185009  0.603871  0.775314)
     H    7    Vyy=   -0.3712    axis=( -0.981280 -0.156457 -0.112297)
     H    7    Vzz=    0.4244    axis=(  0.053490 -0.781576  0.621512)
     H    7  Q=         1.0000 1e-30 m^2  Cq=         0.9971 MHz  eta= 0.74956

     C    8    Vxx=   -0.0134    axis=(  0.426866  0.898329 -0.103878)
     C    8    Vyy=   -0.3741    axis=( -0.783543  0.310059 -0.538445)
     C    8    Vzz=    0.3875    axis=( -0.451492  0.311237  0.836233)
     C    8  Q=         1.0000 1e-30 m^2  Cq=         0.9105 MHz  eta= 0.93075

     H    9    Vxx=    0.0156    axis=(  0.477327  0.815605 -0.327027)
     H    9    Vyy=    0.6733    axis=(  0.811191 -0.265913  0.520826)
     H    9    Vzz=   -0.6889    axis=(  0.337828 -0.513885 -0.788539)
     H    9  Q=         1.0000 1e-30 m^2  Cq=        -1.6187 MHz  eta= 0.95459

     C   10    Vxx=   -0.0551    axis=(  0.888559 -0.397027  0.229853)
     C   10    Vyy=   -0.5106    axis=(  0.442491  0.873968 -0.200953)
     C   10    Vzz=    0.5657    axis=( -0.121101  0.280266  0.952253)
     C   10  Q=         1.0000 1e-30 m^2  Cq=         1.3292 MHz  eta= 0.80522

     C   11    Vxx=    0.1350    axis=(  0.697186  0.675279 -0.240689)
     C   11    Vyy=    0.3991    axis=( -0.131817  0.450768  0.882855)
     C   11    Vzz=   -0.5340    axis=(  0.704668 -0.583787  0.403282)
     C   11  Q=         1.0000 1e-30 m^2  Cq=        -1.2548 MHz  eta= 0.49455

     Cl  12    Vxx=    0.0244    axis=( -0.694351 -0.191098  0.693799)
     Cl  12    Vyy=    2.4282    axis=( -0.450101 -0.636922 -0.625891)
     Cl  12    Vzz=   -2.4526    axis=( -0.561503  0.746868 -0.356234)
     Cl  12  Q=        -8.1650 1e-30 m^2  Cq=        47.0525 MHz  eta= 0.98011

     H   13    Vxx=   -0.0367    axis=(  0.982019 -0.097397  0.161720)
     H   13    Vyy=   -0.6200    axis=( -0.185436 -0.337016  0.923057)
     H   13    Vzz=    0.6567    axis=( -0.035401 -0.936448 -0.349017)
     H   13  Q=         1.0000 1e-30 m^2  Cq=         1.5429 MHz  eta= 0.88815

     C   14    Vxx=   -0.1843    axis=( -0.995190 -0.005364  0.097815)
     C   14    Vyy=   -0.5878    axis=(  0.001333  0.997666  0.068264)
     C   14    Vzz=    0.7721    axis=(  0.097953 -0.068066  0.992861)
     C   14  Q=         1.0000 1e-30 m^2  Cq=         1.8142 MHz  eta= 0.52264

     H   15    Vxx=   -0.0424    axis=(  0.333987 -0.941766 -0.039117)
     H   15    Vyy=   -0.6552    axis=( -0.383168 -0.173569  0.907224)
     H   15    Vzz=    0.6976    axis=( -0.861182 -0.288013 -0.418825)
     H   15  Q=         1.0000 1e-30 m^2  Cq=         1.6390 MHz  eta= 0.87848

     C   16    Vxx=   -0.0768    axis=(  0.112945 -0.983791  0.139280)
     C   16    Vyy=   -0.5781    axis=( -0.988632 -0.125272 -0.083147)
     C   16    Vzz=    0.6549    axis=( -0.099247  0.128306  0.986756)
     C   16  Q=         1.0000 1e-30 m^2  Cq=         1.5388 MHz  eta= 0.76543

     C   17    Vxx=   -0.1268    axis=( -0.932970  0.237309  0.270650)
     C   17    Vyy=   -0.6426    axis=(  0.238524  0.970707 -0.028898)
     C   17    Vzz=    0.7694    axis=(  0.269579 -0.037595  0.962244)
     C   17  Q=         1.0000 1e-30 m^2  Cq=         1.8077 MHz  eta= 0.67041

     Cl  18    Vxx=   -0.3697    axis=(  0.570563  0.328893 -0.752521)
     Cl  18    Vyy=   -2.9021    axis=(  0.489063  0.600044  0.633060)
     Cl  18    Vzz=    3.2718    axis=( -0.659754  0.729231 -0.181514)
     Cl  18  Q=        -8.1650 1e-30 m^2  Cq=       -62.7678 MHz  eta= 0.77401

     H   19    Vxx=   -0.0718    axis=(  0.933337 -0.304476 -0.190202)
     H   19    Vyy=   -0.3550    axis=(  0.344095  0.607626  0.715814)
     H   19    Vzz=    0.4268    axis=(  0.102376  0.733543 -0.671888)
     H   19  Q=         1.0000 1e-30 m^2  Cq=         1.0028 MHz  eta= 0.66352

     C   20    Vxx=   -0.2231    axis=( -0.675283 -0.019524 -0.737300)
     C   20    Vyy=   -0.3265    axis=( -0.355081 -0.867573  0.348188)
     C   20    Vzz=    0.5496    axis=( -0.646460  0.496927  0.578924)
     C   20  Q=         1.0000 1e-30 m^2  Cq=         1.2913 MHz  eta= 0.18827

     H   21    Vxx=   -0.0235    axis=(  0.521145  0.756310 -0.395478)
     H   21    Vyy=   -0.6503    axis=( -0.362975  0.615791  0.699321)
     H   21    Vzz=    0.6738    axis=(  0.772435 -0.220899  0.595439)
     H   21  Q=         1.0000 1e-30 m^2  Cq=         1.5832 MHz  eta= 0.93023

     C   22    Vxx=   -0.1432    axis=(  0.343796  0.808672 -0.477341)
     C   22    Vyy=   -0.5302    axis=( -0.721235 -0.098133 -0.685704)
     C   22    Vzz=    0.6734    axis=(  0.601352 -0.580018 -0.549505)
     C   22  Q=         1.0000 1e-30 m^2  Cq=         1.5822 MHz  eta= 0.57479

     C   23    Vxx=    0.0056    axis=(  0.669791  0.636040  0.383189)
     C   23    Vyy=    0.4081    axis=( -0.742550  0.573989  0.345190)
     C   23    Vzz=   -0.4137    axis=( -0.000391 -0.515742  0.856744)
     C   23  Q=         1.0000 1e-30 m^2  Cq=        -0.9720 MHz  eta= 0.97293

     Cl  24    Vxx=   -1.2029    axis=( -0.180007  0.515665  0.837668)
     Cl  24    Vyy=   -2.6827    axis=(  0.529087 -0.667146  0.524388)
     Cl  24    Vzz=    3.8857    axis=( -0.829256 -0.537592  0.152740)
     Cl  24  Q=        -8.1650 1e-30 m^2  Cq=       -74.5442 MHz  eta= 0.38083

     Initialization:
     gipaw_setup  :      9.19s CPU     10.58s WALL (       1 calls)

     Linear response

     Apply operators

     Induced current

     Other routines
     efg          :      9.22s CPU     11.25s WALL (       1 calls)

     General routines
     calbec       :      3.15s CPU      3.89s WALL (      16 calls)
     fft          :      1.65s CPU      2.51s WALL (      15 calls)
     ffts         :      0.03s CPU      0.04s WALL (       2 calls)
     fftw         :      3.29s CPU      3.87s WALL (     672 calls)
     davcio       :      0.02s CPU      0.35s WALL (      32 calls)

     Parallel routines
     fft_scatter  :      2.18s CPU      3.55s WALL (     689 calls)

     Plugins

     GIPAW        :     61.74s CPU     78.81s WALL (       1 calls)
