
     Program QE v.6.0 (svn rev. 13079) starts on 21Jan2017 at 16:30:41 

     This program is part of the open-source Quantum ESPRESSO suite
     for quantum simulation of materials; please cite
         "P. Giannozzi et al., J. Phys.:Condens. Matter 21 395502 (2009);
          URL http://www.quantum-espresso.org", 
     in publications or presentations arising from this work. More details at
     http://www.quantum-espresso.org/quote

     Parallel version (MPI), running on     8 processors
     R & G space division:  proc/nbgrp/npool/nimage =       8

     ***** This is GIPAW svn revision unknown      *****

     Parallelizing q-star over 1 images

     Reading data from directory:
     /users/majewski/paradichlorobenzene/pbe/9_constraint/scratch/pbe.ecut100.np8.dt60.pcl2phi-129368.save
     Message from routine read_xml_file:
     file /users/majewski/paradichlorobenzene/pbe/9_constraint/scratch/pbe.ecut100.np8.dt60.pcl2phi-129368.save not guaranteed to be safe for post-processing

   Info: using nr1, nr2, nr3 values from input

   Info: using nr1, nr2, nr3 values from input

     IMPORTANT: XC functional enforced from input :
     Exchange-correlation      =  SLA  PW   PBX  PBC ( 1  4  3  4 0 0)
     Any further DFT definition will be discarded
     Please, verify this is what you really want

               file C.pbe-n-kjpaw_psl.1.0.0.UPF: wavefunction(s)  2S 2P renormalized
               file Cl.pbe-n-kjpaw_psl.1.0.0.UPF: wavefunction(s)  3S 3P renormalized
               file H.pbe-kjpaw_psl.1.0.0.UPF: wavefunction(s)  1S renormalized

     Parallelization info
     --------------------
     sticks:   dense  smooth     PW     G-vecs:    dense   smooth      PW
     Min        3057    1223    332               144436    36536    5170
     Max        3059    1225    333               144437    36537    5171
     Sum       24467    9791   2657              1155489   292295   41363


     Subspace diagonalization in iterative solution of the eigenvalue problem:
     a serial algorithm will be used

     GIPAW projectors -----------------------------------------------
     atom=  C    l=0  rc=    1.2000  rs=    0.8000
     atom=  C    l=0  rc=    1.2000  rs=    0.8000
     atom=  C    l=1  rc=    1.4000  rs=    0.9333
     atom=  C    l=1  rc=    1.4000  rs=    0.9333
     projs nearly linearly dependent: l=1  n1,n2= 1, 2  s=  0.99951561

     atom=  Cl   l=0  rc=    1.6000  rs=    1.0667
     atom=  Cl   l=0  rc=    1.6000  rs=    1.0667
     atom=  Cl   l=1  rc=    1.6000  rs=    1.0667
     atom=  Cl   l=1  rc=    1.6000  rs=    1.0667
     atom=  Cl   l=2  rc=    1.6000  rs=    1.0667
     atom=  Cl   l=2  rc=    1.6000  rs=    1.0667
     projs nearly linearly dependent: l=2  n1,n2= 1, 2  s=  0.99993509

     atom=  H    l=0  rc=    1.0000  rs=    0.6667
     atom=  H    l=0  rc=    1.0000  rs=    0.6667
     projs nearly linearly dependent: l=0  n1,n2= 1, 2  s=  0.99968852
     -----------------------------------------------------------------

     GIPAW integrals: -------------------------------------------
     Atom  i/j   nmr_para   nmr_dia   epr_rmc  epr_para   epr_dia
       C   1 1   0.83E+03  0.17E-01  0.93E+01  0.24E+08  0.24E+03
       C   2 1   0.86E+03 -0.61E-01  0.94E+01  0.25E+08  0.25E+03
       C   2 2   0.90E+03 -0.15E+00  0.97E+01  0.26E+08  0.26E+03
       C   3 3   0.33E+01  0.34E+00  0.18E+01  0.55E+03  0.21E+02
       C   4 3   0.35E+01  0.37E+00  0.20E+01  0.59E+03  0.22E+02
       C   4 4   0.38E+01  0.39E+00  0.22E+01  0.63E+03  0.24E+02
       Cl  1 1   0.14E+04 -0.47E+00  0.84E+01  0.32E+09  0.42E+03
       Cl  2 1   0.21E+04 -0.37E+00  0.12E+02  0.49E+09  0.65E+03
       Cl  2 2   0.33E+04 -0.16E+00  0.21E+02  0.76E+09  0.10E+04
       Cl  3 3   0.21E+02  0.79E-01  0.89E+01  0.23E+05  0.13E+03
       Cl  4 3   0.24E+02  0.67E-01  0.99E+01  0.27E+05  0.15E+03
       Cl  4 4   0.28E+02  0.44E-01  0.11E+02  0.32E+05  0.18E+03
       Cl  5 5   0.77E+00  0.19E+00  0.18E+01  0.12E+03  0.22E+02
       Cl  6 5   0.80E+00  0.19E+00  0.19E+01  0.12E+03  0.23E+02
       Cl  6 6   0.83E+00  0.20E+00  0.19E+01  0.12E+03  0.23E+02
       H   1 1   0.39E+02  0.19E+00  0.29E+00  0.78E+05  0.13E+02
       H   2 1   0.41E+02  0.21E+00  0.32E+00  0.82E+05  0.14E+02
       H   2 2   0.43E+02  0.22E+00  0.36E+00  0.86E+05  0.15E+02
     ------------------------------------------------------------

     alpha_pv=     34.2500 eV

     Number of occupied bands for each k-point:
     k-point:     1    nbnd_occ=  42
     k-point:     2    nbnd_occ=  42
     k-point:     3    nbnd_occ=  42
     k-point:     4    nbnd_occ=  42
     k-point:     5    nbnd_occ=  42
     k-point:     6    nbnd_occ=  42
     k-point:     7    nbnd_occ=  42
     k-point:     8    nbnd_occ=  42
     k-point:     9    nbnd_occ=  42
     k-point:    10    nbnd_occ=  42
     k-point:    11    nbnd_occ=  42
     k-point:    12    nbnd_occ=  42
     k-point:    13    nbnd_occ=  42
     k-point:    14    nbnd_occ=  42
     k-point:    15    nbnd_occ=  42
     k-point:    16    nbnd_occ=  42


     q-space interpolation up to   110.00 Rydberg

     GIPAW job: efg                                                                             


     ELECTRIC FIELD GRADIENTS TENSORS IN Hartree/bohrradius^2:

     ----- bare term -----
     Cl   1       -0.046581       -0.009637        0.037056
     Cl   1       -0.009637        0.049811        0.137155
     Cl   1        0.037056        0.137155       -0.003231

     C    2       -0.714836        0.481602       -0.378465
     C    2        0.481602        0.203522       -0.058247
     C    2       -0.378465       -0.058247        0.511314

     C    3        0.289551        0.073402       -0.065285
     C    3        0.073402       -0.571895       -0.582442
     C    3       -0.065285       -0.582442        0.282344

     H    4       -0.521433        0.013364        0.132379
     H    4        0.013364        0.275320       -0.353579
     H    4        0.132379       -0.353579        0.246113

     C    5       -0.785217        0.355726       -0.421895
     C    5        0.355726        0.345061       -0.183921
     C    5       -0.421895       -0.183921        0.440156

     H    6        0.430803       -0.123797       -0.062015
     H    6       -0.123797       -0.535922       -0.157136
     H    6       -0.062015       -0.157136        0.105120

     H    7        0.303633       -0.150417        0.158829
     H    7       -0.150417       -0.321885        0.580868
     H    7        0.158829        0.580868        0.018251

     C    8       -0.227387       -0.017345       -0.312807
     C    8       -0.017345        0.029722        0.531315
     C    8       -0.312807        0.531315        0.197664

     H    9       -0.324139        0.308833       -0.456887
     H    9        0.308833        0.141585        0.257904
     H    9       -0.456887        0.257904        0.182554

     C   10       -0.463379       -0.355461       -0.202929
     C   10       -0.355461        0.044279        0.371932
     C   10       -0.202929        0.371932        0.419100

     C   11       -0.138628        0.179177       -0.280128
     C   11        0.179177       -0.001382        0.649381
     C   11       -0.280128        0.649381        0.140010

     Cl  12       -0.250487       -0.222118        0.111761
     Cl  12       -0.222118       -0.008238        0.160870
     Cl  12        0.111761        0.160870        0.258725

     H   13        0.385722       -0.214247       -0.006135
     H   13       -0.214247       -0.692740       -0.164845
     H   13       -0.006135       -0.164845        0.307018

     C   14        0.137055        0.032383        0.018435
     C   14        0.032383       -0.295333       -0.332138
     C   14        0.018435       -0.332138        0.158277

     H   15       -0.273757       -0.531035       -0.150194
     H   15       -0.531035       -0.090884       -0.056480
     H   15       -0.150194       -0.056480        0.364642

     C   16       -0.561642        0.230134       -0.323191
     C   16        0.230134        0.098202       -0.033752
     C   16       -0.323191       -0.033752        0.463440

     C   17        0.125800        0.159208       -0.081263
     C   17        0.159208       -0.258458       -0.506308
     C   17       -0.081263       -0.506308        0.132658

     Cl  18       -0.195165        0.152563       -0.048010
     Cl  18        0.152563        0.074513        0.061724
     Cl  18       -0.048010        0.061724        0.120652

     H   19        0.407872       -0.020032        0.032396
     H   19       -0.020032        0.167847        0.044493
     H   19        0.032396        0.044493       -0.575719

     C   20       -0.302621       -0.274351        0.045125
     C   20       -0.274351        0.178321        0.001967
     C   20        0.045125        0.001967        0.124300

     H   21        0.028147       -0.168013       -0.451157
     H   21       -0.168013       -0.000552       -0.193996
     H   21       -0.451157       -0.193996       -0.027594

     C   22        0.307207       -0.039139       -0.090613
     C   22       -0.039139       -0.144783        0.182374
     C   22       -0.090613        0.182374       -0.162424

     C   23       -0.495106       -0.398132       -0.371181
     C   23       -0.398132        0.219944        0.201993
     C   23       -0.371181        0.201993        0.275162

     Cl  24        0.077387       -0.041062       -0.046580
     Cl  24       -0.041062       -0.079374       -0.016263
     Cl  24       -0.046580       -0.016263        0.001987

     ----- ionic term -----
     Cl   1        0.207022       -0.222864        0.005287
     Cl   1       -0.222864       -0.037730        0.008946
     Cl   1        0.005287        0.008946       -0.169292

     C    2        0.310744       -0.109649        0.211145
     C    2       -0.109649        0.181687        0.326878
     C    2        0.211145        0.326878       -0.492431

     C    3        0.205893       -0.171831        0.145278
     C    3       -0.171831        0.298394        0.300519
     C    3        0.145278        0.300519       -0.504288

     H    4        0.825398        0.400557        0.428646
     H    4        0.400557       -0.321893        0.183059
     H    4        0.428646        0.183059       -0.503505

     C    5        0.388250       -0.143431        0.216078
     C    5       -0.143431        0.131218        0.222554
     C    5        0.216078        0.222554       -0.519467

     H    6       -0.475687        0.118897        0.060310
     H    6        0.118897        0.883089        0.502679
     H    6        0.060310        0.502679       -0.407402

     H    7       -0.525059        0.074024       -0.035844
     H    7        0.074024        0.382665       -0.802795
     H    7       -0.035844       -0.802795        0.142394

     C    8        0.257904        0.281425        0.312410
     C    8        0.281425       -0.063936       -0.304872
     C    8        0.312410       -0.304872       -0.193969

     H    9        0.615971       -0.251942        0.690117
     H    9       -0.251942       -0.490142       -0.226906
     H    9        0.690117       -0.226906       -0.125828

     C   10        0.132663        0.283115        0.192804
     C   10        0.283115        0.060974       -0.393224
     C   10        0.192804       -0.393224       -0.193637

     C   11        0.150842        0.275402        0.291975
     C   11        0.275402        0.015340       -0.388215
     C   11        0.291975       -0.388215       -0.166182

     Cl  12        0.110754        0.221562        0.012222
     Cl  12        0.221562        0.052460       -0.006114
     Cl  12        0.012222       -0.006114       -0.163214

     H   13       -0.521062        0.058191        0.013323
     H   13        0.058191        0.757735        0.619976
     H   13        0.013323        0.619976       -0.236674

     C   14        0.309478       -0.144003        0.212426
     C   14       -0.144003        0.132111        0.249401
     C   14        0.212426        0.249401       -0.441589

     H   15        0.784319        0.332703        0.526342
     H   15        0.332703       -0.413514        0.174632
     H   15        0.526342        0.174632       -0.370806

     C   16        0.210562       -0.163356        0.179884
     C   16       -0.163356        0.219421        0.292490
     C   16        0.179884        0.292490       -0.429983

     C   17        0.256378       -0.098301        0.199103
     C   17       -0.098301        0.217292        0.335568
     C   17        0.199103        0.335568       -0.473670

     Cl  18        0.083456       -0.186541       -0.013139
     Cl  18       -0.186541        0.073704        0.010473
     Cl  18       -0.013139        0.010473       -0.157159

     H   19       -0.540447       -0.023165        0.037674
     H   19       -0.023165        0.135483       -0.793757
     H   19        0.037674       -0.793757        0.404963

     C   20        0.210251        0.262279        0.275116
     C   20        0.262279       -0.075407       -0.306102
     C   20        0.275116       -0.306102       -0.134844

     H   21        0.697646       -0.182351        0.651797
     H   21       -0.182351       -0.469703       -0.181907
     H   21        0.651797       -0.181907       -0.227943

     C   22        0.132547        0.287305        0.178256
     C   22        0.287305        0.080065       -0.396004
     C   22        0.178256       -0.396004       -0.212612

     C   23        0.165342        0.215549        0.348471
     C   23        0.215549       -0.031388       -0.410677
     C   23        0.348471       -0.410677       -0.133954

     Cl  24        0.111808        0.218506        0.002518
     Cl  24        0.218506        0.018000       -0.009630
     Cl  24        0.002518       -0.009630       -0.129808

     ----- GIPAW term -----
     Cl   1       -0.082827       -1.786688        0.117564
     Cl   1       -1.786688        1.189624        1.969261
     Cl   1        0.117564        1.969261       -1.106797

     C    2       -0.081041        0.059123       -0.003175
     C    2        0.059123        0.096471        0.071462
     C    2       -0.003175        0.071462       -0.015430

     C    3       -0.045086       -0.017666        0.010140
     C    3       -0.017666        0.029512        0.117735
     C    3        0.010140        0.117735        0.015573

     H    4       -0.000000        0.000000        0.000000
     H    4        0.000000        0.000000        0.000000
     H    4        0.000000        0.000000        0.000000

     C    5       -0.083879        0.026315       -0.013927
     C    5        0.026315        0.046079        0.049001
     C    5       -0.013927        0.049001        0.037800

     H    6       -0.000000        0.000000        0.000000
     H    6        0.000000        0.000000        0.000000
     H    6        0.000000        0.000000        0.000000

     H    7       -0.000000        0.000000        0.000000
     H    7        0.000000        0.000000        0.000000
     H    7        0.000000        0.000000        0.000000

     C    8       -0.096514        0.031814       -0.039509
     C    8        0.031814        0.181770        0.150076
     C    8       -0.039509        0.150076       -0.085256

     H    9       -0.000000        0.000000        0.000000
     H    9        0.000000        0.000000        0.000000
     H    9        0.000000        0.000000        0.000000

     C   10       -0.150616        0.007367       -0.031326
     C   10        0.007367        0.153339        0.073060
     C   10       -0.031326        0.073060       -0.002724

     C   11       -0.077534        0.098071       -0.027751
     C   11        0.098071        0.067669        0.226238
     C   11       -0.027751        0.226238        0.009864

     Cl  12       -0.187972        1.718118        1.095832
     Cl  12        1.718118        0.032914        1.696529
     Cl  12        1.095832        1.696529        0.155058

     H   13       -0.000000        0.000000        0.000000
     H   13        0.000000        0.000000        0.000000
     H   13        0.000000        0.000000        0.000000

     C   14       -0.021505        0.029097        0.038830
     C   14        0.029097        0.089332        0.017671
     C   14        0.038830        0.017671       -0.067827

     H   15       -0.000000        0.000000        0.000000
     H   15        0.000000        0.000000        0.000000
     H   15        0.000000        0.000000        0.000000

     C   16       -0.071659        0.073613       -0.025673
     C   16        0.073613        0.080716        0.043807
     C   16       -0.025673        0.043807       -0.009056

     C   17       -0.048881        0.036949        0.051133
     C   17        0.036949        0.152725        0.129453
     C   17        0.051133        0.129453       -0.103843

     Cl  18        0.367869       -1.945061       -0.419674
     Cl  18       -1.945061        0.821281        0.592663
     Cl  18       -0.419674        0.592663       -1.189150

     H   19       -0.000000        0.000000        0.000000
     H   19        0.000000        0.000000        0.000000
     H   19        0.000000        0.000000        0.000000

     C   20       -0.044434        0.010887        0.033263
     C   20        0.010887        0.049754        0.031764
     C   20        0.033263        0.031764       -0.005321

     H   21       -0.000000        0.000000        0.000000
     H   21        0.000000        0.000000        0.000000
     H   21        0.000000        0.000000        0.000000

     C   22        0.009149        0.006028       -0.004459
     C   22        0.006028        0.032752        0.005689
     C   22       -0.004459        0.005689       -0.041901

     C   23       -0.113328       -0.061766       -0.059184
     C   23       -0.061766        0.206324        0.094930
     C   23       -0.059184        0.094930       -0.092996

     Cl  24       -0.030193        0.322970       -0.393612
     Cl  24        0.322970        2.295927        0.872133
     Cl  24       -0.393612        0.872133       -2.265734

     ----- total EFG -----
     Cl   1        0.077614       -2.019189        0.159907
     Cl   1       -2.019189        1.201706        2.115361
     Cl   1        0.159907        2.115361       -1.279319

     C    2       -0.485133        0.431076       -0.170495
     C    2        0.431076        0.481680        0.340093
     C    2       -0.170495        0.340093        0.003454

     C    3        0.450359       -0.116095        0.090133
     C    3       -0.116095       -0.243988       -0.164188
     C    3        0.090133       -0.164188       -0.206371

     H    4        0.303965        0.413921        0.561026
     H    4        0.413921       -0.046573       -0.170520
     H    4        0.561026       -0.170520       -0.257392

     C    5       -0.480847        0.238610       -0.219744
     C    5        0.238610        0.522357        0.087635
     C    5       -0.219744        0.087635       -0.041511

     H    6       -0.044884       -0.004899       -0.001705
     H    6       -0.004899        0.347167        0.345544
     H    6       -0.001705        0.345544       -0.302283

     H    7       -0.221426       -0.076393        0.122985
     H    7       -0.076393        0.060780       -0.221927
     H    7        0.122985       -0.221927        0.160645

     C    8       -0.065996        0.295895       -0.039907
     C    8        0.295895        0.147557        0.376519
     C    8       -0.039907        0.376519       -0.081561

     H    9        0.291832        0.056891        0.233230
     H    9        0.056891       -0.348558        0.030997
     H    9        0.233230        0.030997        0.056726

     C   10       -0.481332       -0.064979       -0.041451
     C   10       -0.064979        0.258592        0.051767
     C   10       -0.041451        0.051767        0.222740

     C   11       -0.065320        0.552650       -0.015904
     C   11        0.552650        0.081627        0.487404
     C   11       -0.015904        0.487404       -0.016307

     Cl  12       -0.327705        1.717562        1.219815
     Cl  12        1.717562        0.077136        1.851285
     Cl  12        1.219815        1.851285        0.250569

     H   13       -0.135340       -0.156057        0.007188
     H   13       -0.156057        0.064995        0.455131
     H   13        0.007188        0.455131        0.070344

     C   14        0.425029       -0.082523        0.269691
     C   14       -0.082523       -0.073890       -0.065066
     C   14        0.269691       -0.065066       -0.351139

     H   15        0.510562       -0.198332        0.376148
     H   15       -0.198332       -0.504398        0.118153
     H   15        0.376148        0.118153       -0.006164

     C   16       -0.422739        0.140391       -0.168980
     C   16        0.140391        0.398339        0.302545
     C   16       -0.168980        0.302545        0.024400

     C   17        0.333297        0.097855        0.168974
     C   17        0.097855        0.111559       -0.041286
     C   17        0.168974       -0.041286       -0.444856

     Cl  18        0.256159       -1.979039       -0.480823
     Cl  18       -1.979039        0.969498        0.664860
     Cl  18       -0.480823        0.664860       -1.225658

     H   19       -0.132575       -0.043197        0.070070
     H   19       -0.043197        0.303331       -0.749264
     H   19        0.070070       -0.749264       -0.170756

     C   20       -0.136803       -0.001185        0.353504
     C   20       -0.001185        0.152669       -0.272371
     C   20        0.353504       -0.272371       -0.015866

     H   21        0.725793       -0.350365        0.200640
     H   21       -0.350365       -0.470255       -0.375903
     H   21        0.200640       -0.375903       -0.255538

     C   22        0.448903        0.254194        0.083183
     C   22        0.254194       -0.031967       -0.207941
     C   22        0.083183       -0.207941       -0.416936

     C   23       -0.443092       -0.244350       -0.081893
     C   23       -0.244350        0.394880       -0.113754
     C   23       -0.081893       -0.113754        0.048213

     Cl  24        0.159002        0.500414       -0.437675
     Cl  24        0.500414        2.234552        0.846240
     Cl  24       -0.437675        0.846240       -2.393554

     ----- total EFG (symmetrized) -----
     Cl   1        0.077614       -2.019189        0.159907
     Cl   1       -2.019189        1.201706        2.115361
     Cl   1        0.159907        2.115361       -1.279319

     C    2       -0.485133        0.431076       -0.170495
     C    2        0.431076        0.481680        0.340093
     C    2       -0.170495        0.340093        0.003454

     C    3        0.450359       -0.116095        0.090133
     C    3       -0.116095       -0.243988       -0.164188
     C    3        0.090133       -0.164188       -0.206371

     H    4        0.303965        0.413921        0.561026
     H    4        0.413921       -0.046573       -0.170520
     H    4        0.561026       -0.170520       -0.257392

     C    5       -0.480847        0.238610       -0.219744
     C    5        0.238610        0.522357        0.087635
     C    5       -0.219744        0.087635       -0.041511

     H    6       -0.044884       -0.004899       -0.001705
     H    6       -0.004899        0.347167        0.345544
     H    6       -0.001705        0.345544       -0.302283

     H    7       -0.221426       -0.076393        0.122985
     H    7       -0.076393        0.060780       -0.221927
     H    7        0.122985       -0.221927        0.160645

     C    8       -0.065996        0.295895       -0.039907
     C    8        0.295895        0.147557        0.376519
     C    8       -0.039907        0.376519       -0.081561

     H    9        0.291832        0.056891        0.233230
     H    9        0.056891       -0.348558        0.030997
     H    9        0.233230        0.030997        0.056726

     C   10       -0.481332       -0.064979       -0.041451
     C   10       -0.064979        0.258592        0.051767
     C   10       -0.041451        0.051767        0.222740

     C   11       -0.065320        0.552650       -0.015904
     C   11        0.552650        0.081627        0.487404
     C   11       -0.015904        0.487404       -0.016307

     Cl  12       -0.327705        1.717562        1.219815
     Cl  12        1.717562        0.077136        1.851285
     Cl  12        1.219815        1.851285        0.250569

     H   13       -0.135340       -0.156057        0.007188
     H   13       -0.156057        0.064995        0.455131
     H   13        0.007188        0.455131        0.070344

     C   14        0.425029       -0.082523        0.269691
     C   14       -0.082523       -0.073890       -0.065066
     C   14        0.269691       -0.065066       -0.351139

     H   15        0.510562       -0.198332        0.376148
     H   15       -0.198332       -0.504398        0.118153
     H   15        0.376148        0.118153       -0.006164

     C   16       -0.422739        0.140391       -0.168980
     C   16        0.140391        0.398339        0.302545
     C   16       -0.168980        0.302545        0.024400

     C   17        0.333297        0.097855        0.168974
     C   17        0.097855        0.111559       -0.041286
     C   17        0.168974       -0.041286       -0.444856

     Cl  18        0.256159       -1.979039       -0.480823
     Cl  18       -1.979039        0.969498        0.664860
     Cl  18       -0.480823        0.664860       -1.225658

     H   19       -0.132575       -0.043197        0.070070
     H   19       -0.043197        0.303331       -0.749264
     H   19        0.070070       -0.749264       -0.170756

     C   20       -0.136803       -0.001185        0.353504
     C   20       -0.001185        0.152669       -0.272371
     C   20        0.353504       -0.272371       -0.015866

     H   21        0.725793       -0.350365        0.200640
     H   21       -0.350365       -0.470255       -0.375903
     H   21        0.200640       -0.375903       -0.255538

     C   22        0.448903        0.254194        0.083183
     C   22        0.254194       -0.031967       -0.207941
     C   22        0.083183       -0.207941       -0.416936

     C   23       -0.443092       -0.244350       -0.081893
     C   23       -0.244350        0.394880       -0.113754
     C   23       -0.081893       -0.113754        0.048213

     Cl  24        0.159002        0.500414       -0.437675
     Cl  24        0.500414        2.234552        0.846240
     Cl  24       -0.437675        0.846240       -2.393554


     NQR/NMR SPECTROSCOPIC PARAMETERS:
     Cl   1    Vxx=   -0.3350    axis=(  0.778241  0.205997  0.593216)
     Cl   1    Vyy=   -3.0006    axis=(  0.404136  0.558741 -0.724212)
     Cl   1    Vzz=    3.3356    axis=( -0.480640  0.803351  0.351585)
     Cl   1  Q=        -8.1650 1e-30 m^2  Cq=       -63.9910 MHz  eta= 0.79915

     C    2    Vxx=    0.0165    axis=( -0.464855 -0.199845  0.862538)
     C    2    Vyy=    0.7428    axis=(  0.266294  0.897529  0.351468)
     C    2    Vzz=   -0.7593    axis=( -0.844392  0.393070 -0.364004)
     C    2  Q=         1.0000 1e-30 m^2  Cq=        -1.7841 MHz  eta= 0.95643

     C    3    Vxx=   -0.0979    axis=(  0.253826  0.626422 -0.736999)
     C    3    Vyy=   -0.3914    axis=(  0.034188  0.755667  0.654063)
     C    3    Vzz=    0.4892    axis=(  0.966645 -0.191215  0.170392)
     C    3  Q=         1.0000 1e-30 m^2  Cq=         1.1495 MHz  eta= 0.59993

     H    4    Vxx=    0.0432    axis=( -0.059686  0.816309 -0.574523)
     H    4    Vyy=    0.7492    axis=(  0.842165  0.350171  0.410048)
     H    4    Vzz=   -0.7924    axis=( -0.535907  0.459369  0.708367)
     H    4  Q=         1.0000 1e-30 m^2  Cq=        -1.8618 MHz  eta= 0.89103

     C    5    Vxx=    0.0493    axis=( -0.375902  0.017974  0.926485)
     C    5    Vyy=    0.5786    axis=( -0.206436 -0.976311 -0.064817)
     C    5    Vzz=   -0.6280    axis=(  0.903372 -0.215625  0.370708)
     C    5  Q=         1.0000 1e-30 m^2  Cq=        -1.4755 MHz  eta= 0.84284

     H    6    Vxx=   -0.0449    axis=(  0.999954  0.008397  0.004650)
     H    6    Vyy=   -0.4517    axis=(  0.000934  0.396985 -0.917825)
     H    6    Vzz=    0.4967    axis=( -0.009553  0.917787  0.396959)
     H    6  Q=         1.0000 1e-30 m^2  Cq=         1.1670 MHz  eta= 0.81906

     H    7    Vxx=   -0.1148    axis=(  0.112050  0.797666  0.592600)
     H    7    Vyy=   -0.2582    axis=( -0.965445 -0.053817  0.254988)
     H    7    Vzz=    0.3730    axis=(  0.235288 -0.600694  0.764072)
     H    7  Q=         1.0000 1e-30 m^2  Cq=         0.8764 MHz  eta= 0.38430

     C    8    Vxx=   -0.0332    axis=(  0.785396  0.003675 -0.618983)
     C    8    Vyy=   -0.4799    axis=( -0.493802  0.606699 -0.622958)
     C    8    Vzz=    0.5130    axis=(  0.373247  0.794923  0.478314)
     C    8  Q=         1.0000 1e-30 m^2  Cq=         1.2055 MHz  eta= 0.87073

     H    9    Vxx=   -0.0869    axis=( -0.522976 -0.012744  0.852252)
     H    9    Vyy=   -0.3539    axis=( -0.076277  0.996576 -0.031905)
     H    9    Vzz=    0.4408    axis=( -0.848927 -0.081693 -0.522158)
     H    9  Q=         1.0000 1e-30 m^2  Cq=         1.0356 MHz  eta= 0.60588

     C   10    Vxx=    0.1859    axis=(  0.005434 -0.576867  0.816820)
     C   10    Vyy=    0.3030    axis=( -0.097686  0.812619  0.574550)
     C   10    Vzz=   -0.4889    axis=( -0.995202 -0.082914 -0.051936)
     C   10  Q=         1.0000 1e-30 m^2  Cq=        -1.1487 MHz  eta= 0.23951

     C   11    Vxx=   -0.0219    axis=(  0.657975  0.030069 -0.752439)
     C   11    Vyy=   -0.7297    axis=( -0.570463  0.672163 -0.471984)
     C   11    Vzz=    0.7515    axis=( -0.491570 -0.739792 -0.459420)
     C   11  Q=         1.0000 1e-30 m^2  Cq=         1.7658 MHz  eta= 0.94178

     Cl  12    Vxx=   -1.2598    axis=( -0.664153 -0.158456  0.730611)
     Cl  12    Vyy=   -1.9707    axis=( -0.550729  0.764592 -0.334808)
     Cl  12    Vzz=    3.2305    axis=( -0.505567 -0.624733 -0.595072)
     Cl  12  Q=        -8.1650 1e-30 m^2  Cq=       -61.9749 MHz  eta= 0.22005

     H   13    Vxx=   -0.1054    axis=( -0.914305  0.158368 -0.372782)
     H   13    Vyy=   -0.4341    axis=( -0.373406 -0.686111  0.624356)
     H   13    Vzz=    0.5395    axis=( -0.156892  0.710050  0.686450)
     H   13  Q=         1.0000 1e-30 m^2  Cq=         1.2676 MHz  eta= 0.60933

     C   14    Vxx=   -0.0861    axis=(  0.185781  0.981223 -0.051839)
     C   14    Vyy=   -0.4396    axis=( -0.287021  0.104648  0.952191)
     C   14    Vzz=    0.5257    axis=(  0.939736 -0.162020  0.301073)
     C   14  Q=         1.0000 1e-30 m^2  Cq=         1.2351 MHz  eta= 0.67250

     H   15    Vxx=   -0.1100    axis=( -0.363337  0.430296  0.826336)
     H   15    Vyy=   -0.6108    axis=(  0.274803  0.896989 -0.346257)
     H   15    Vzz=    0.7208    axis=( -0.890208  0.101272 -0.444156)
     H   15  Q=         1.0000 1e-30 m^2  Cq=         1.6936 MHz  eta= 0.69470

     C   16    Vxx=   -0.0272    axis=( -0.476408 -0.399633  0.783153)
     C   16    Vyy=   -0.5416    axis=( -0.878148  0.260347 -0.401343)
     C   16    Vzz=    0.5688    axis=( -0.043502 -0.878927 -0.474969)
     C   16  Q=         1.0000 1e-30 m^2  Cq=         1.3364 MHz  eta= 0.90439

     C   17    Vxx=    0.0905    axis=( -0.271816  0.949123 -0.159003)
     C   17    Vyy=    0.3957    axis=( -0.938580 -0.297954 -0.174045)
     C   17    Vzz=   -0.4861    axis=( -0.212566  0.101929  0.971816)
     C   17  Q=         1.0000 1e-30 m^2  Cq=        -1.1422 MHz  eta= 0.62788

     Cl  18    Vxx=   -1.3389    axis=(  0.622747  0.329500  0.709659)
     Cl  18    Vyy=   -1.4517    axis=( -0.468956 -0.568848  0.675642)
     Cl  18    Vzz=    2.7906    axis=( -0.626312  0.753553  0.199727)
     Cl  18  Q=        -8.1650 1e-30 m^2  Cq=       -53.5360 MHz  eta= 0.04042

     H   19    Vxx=   -0.1368    axis=(  0.995641  0.093231 -0.002636)
     H   19    Vyy=   -0.7212    axis=( -0.052925  0.588018  0.807114)
     H   19    Vzz=    0.8580    axis=(  0.076798 -0.803457  0.590389)
     H   19  Q=         1.0000 1e-30 m^2  Cq=         2.0160 MHz  eta= 0.68112

     C   20    Vxx=    0.0382    axis=( -0.610156 -0.731390 -0.304595)
     C   20    Vyy=    0.4491    axis=( -0.406653  0.619053 -0.671868)
     C   20    Vzz=   -0.4873    axis=( -0.679958  0.286080  0.675141)
     C   20  Q=         1.0000 1e-30 m^2  Cq=        -1.1450 MHz  eta= 0.84302

     H   21    Vxx=   -0.1264    axis=(  0.382245  0.476182 -0.791921)
     H   21    Vyy=   -0.7729    axis=(  0.118725  0.824590  0.553132)
     H   21    Vzz=    0.8992    axis=(  0.916402 -0.305453  0.258661)
     H   21  Q=         1.0000 1e-30 m^2  Cq=         2.1128 MHz  eta= 0.71897

     C   22    Vxx=   -0.0163    axis=( -0.349796  0.799820 -0.487781)
     C   22    Vyy=   -0.5421    axis=( -0.188669  0.449863  0.872942)
     C   22    Vzz=    0.5584    axis=( -0.917631 -0.397381  0.006459)
     C   22  Q=         1.0000 1e-30 m^2  Cq=         1.3120 MHz  eta= 0.94154

     C   23    Vxx=    0.0503    axis=( -0.234183  0.150986  0.960397)
     C   23    Vyy=    0.4796    axis=(  0.233347 -0.950260  0.206291)
     C   23    Vzz=   -0.5299    axis=(  0.943773  0.272415  0.187302)
     C   23  Q=         1.0000 1e-30 m^2  Cq=        -1.2450 MHz  eta= 0.81015

     Cl  24    Vxx=    0.1790    axis=(  0.965885 -0.147514 -0.212851)
     Cl  24    Vyy=    2.4615    axis=(  0.182039  0.971332  0.152892)
     Cl  24    Vzz=   -2.6406    axis=(  0.184195 -0.186424  0.965048)
     Cl  24  Q=        -8.1650 1e-30 m^2  Cq=        50.6579 MHz  eta= 0.86440

     Initialization:
     gipaw_setup  :      9.03s CPU     10.72s WALL (       1 calls)

     Linear response

     Apply operators

     Induced current

     Other routines
     efg          :      9.14s CPU     11.53s WALL (       1 calls)

     General routines
     calbec       :      3.21s CPU      4.21s WALL (      16 calls)
     fft          :      1.52s CPU      2.22s WALL (      15 calls)
     ffts         :      0.03s CPU      0.03s WALL (       2 calls)
     fftw         :      3.14s CPU      3.95s WALL (     672 calls)
     davcio       :      0.02s CPU      0.32s WALL (      32 calls)

     Parallel routines
     fft_scatter  :      1.98s CPU      3.41s WALL (     689 calls)

     Plugins

     GIPAW        :     60.12s CPU     71.69s WALL (       1 calls)
