
     Program QE v.6.0 (svn rev. 13079) starts on 27Dec2016 at  6:34:50 

     This program is part of the open-source Quantum ESPRESSO suite
     for quantum simulation of materials; please cite
         "P. Giannozzi et al., J. Phys.:Condens. Matter 21 395502 (2009);
          URL http://www.quantum-espresso.org", 
     in publications or presentations arising from this work. More details at
     http://www.quantum-espresso.org/quote

     Parallel version (MPI), running on     8 processors
     R & G space division:  proc/nbgrp/npool/nimage =       8

     ***** This is GIPAW svn revision unknown      *****

     Parallelizing q-star over 1 images

     Reading data from directory:
     /users/majewski/paradichlorobenzene/pbe/9_constraint/scratch/pbe.ecut100.np8.dt60.pcl2phi-129368.save
     Message from routine read_xml_file:
     file /users/majewski/paradichlorobenzene/pbe/9_constraint/scratch/pbe.ecut100.np8.dt60.pcl2phi-129368.save not guaranteed to be safe for post-processing

   Info: using nr1, nr2, nr3 values from input

   Info: using nr1, nr2, nr3 values from input

     IMPORTANT: XC functional enforced from input :
     Exchange-correlation      =  SLA  PW   PBX  PBC ( 1  4  3  4 0 0)
     Any further DFT definition will be discarded
     Please, verify this is what you really want

               file C.pbe-n-kjpaw_psl.1.0.0.UPF: wavefunction(s)  2S 2P renormalized
               file Cl.pbe-n-kjpaw_psl.1.0.0.UPF: wavefunction(s)  3S 3P renormalized
               file H.pbe-kjpaw_psl.1.0.0.UPF: wavefunction(s)  1S renormalized

     Parallelization info
     --------------------
     sticks:   dense  smooth     PW     G-vecs:    dense   smooth      PW
     Min        3057    1223    332               144436    36536    5170
     Max        3059    1225    333               144437    36537    5171
     Sum       24467    9791   2657              1155489   292295   41363


     Subspace diagonalization in iterative solution of the eigenvalue problem:
     a serial algorithm will be used

     GIPAW projectors -----------------------------------------------
     atom=  C    l=0  rc=    1.2000  rs=    0.8000
     atom=  C    l=0  rc=    1.2000  rs=    0.8000
     atom=  C    l=1  rc=    1.4000  rs=    0.9333
     atom=  C    l=1  rc=    1.4000  rs=    0.9333
     projs nearly linearly dependent: l=1  n1,n2= 1, 2  s=  0.99951561

     atom=  Cl   l=0  rc=    1.6000  rs=    1.0667
     atom=  Cl   l=0  rc=    1.6000  rs=    1.0667
     atom=  Cl   l=1  rc=    1.6000  rs=    1.0667
     atom=  Cl   l=1  rc=    1.6000  rs=    1.0667
     atom=  Cl   l=2  rc=    1.6000  rs=    1.0667
     atom=  Cl   l=2  rc=    1.6000  rs=    1.0667
     projs nearly linearly dependent: l=2  n1,n2= 1, 2  s=  0.99993509

     atom=  H    l=0  rc=    1.0000  rs=    0.6667
     atom=  H    l=0  rc=    1.0000  rs=    0.6667
     projs nearly linearly dependent: l=0  n1,n2= 1, 2  s=  0.99968852
     -----------------------------------------------------------------

     GIPAW integrals: -------------------------------------------
     Atom  i/j   nmr_para   nmr_dia   epr_rmc  epr_para   epr_dia
       C   1 1   0.83E+03  0.17E-01  0.93E+01  0.24E+08  0.24E+03
       C   2 1   0.86E+03 -0.61E-01  0.94E+01  0.25E+08  0.25E+03
       C   2 2   0.90E+03 -0.15E+00  0.97E+01  0.26E+08  0.26E+03
       C   3 3   0.33E+01  0.34E+00  0.18E+01  0.55E+03  0.21E+02
       C   4 3   0.35E+01  0.37E+00  0.20E+01  0.59E+03  0.22E+02
       C   4 4   0.38E+01  0.39E+00  0.22E+01  0.63E+03  0.24E+02
       Cl  1 1   0.14E+04 -0.47E+00  0.84E+01  0.32E+09  0.42E+03
       Cl  2 1   0.21E+04 -0.37E+00  0.12E+02  0.49E+09  0.65E+03
       Cl  2 2   0.33E+04 -0.16E+00  0.21E+02  0.76E+09  0.10E+04
       Cl  3 3   0.21E+02  0.79E-01  0.89E+01  0.23E+05  0.13E+03
       Cl  4 3   0.24E+02  0.67E-01  0.99E+01  0.27E+05  0.15E+03
       Cl  4 4   0.28E+02  0.44E-01  0.11E+02  0.32E+05  0.18E+03
       Cl  5 5   0.77E+00  0.19E+00  0.18E+01  0.12E+03  0.22E+02
       Cl  6 5   0.80E+00  0.19E+00  0.19E+01  0.12E+03  0.23E+02
       Cl  6 6   0.83E+00  0.20E+00  0.19E+01  0.12E+03  0.23E+02
       H   1 1   0.39E+02  0.19E+00  0.29E+00  0.78E+05  0.13E+02
       H   2 1   0.41E+02  0.21E+00  0.32E+00  0.82E+05  0.14E+02
       H   2 2   0.43E+02  0.22E+00  0.36E+00  0.86E+05  0.15E+02
     ------------------------------------------------------------

     alpha_pv=     33.8496 eV

     Number of occupied bands for each k-point:
     k-point:     1    nbnd_occ=  42
     k-point:     2    nbnd_occ=  42
     k-point:     3    nbnd_occ=  42
     k-point:     4    nbnd_occ=  42
     k-point:     5    nbnd_occ=  42
     k-point:     6    nbnd_occ=  42
     k-point:     7    nbnd_occ=  42
     k-point:     8    nbnd_occ=  42
     k-point:     9    nbnd_occ=  42
     k-point:    10    nbnd_occ=  42
     k-point:    11    nbnd_occ=  42
     k-point:    12    nbnd_occ=  42
     k-point:    13    nbnd_occ=  42
     k-point:    14    nbnd_occ=  42
     k-point:    15    nbnd_occ=  42
     k-point:    16    nbnd_occ=  42


     q-space interpolation up to   110.00 Rydberg

     GIPAW job: efg                                                                             


     ELECTRIC FIELD GRADIENTS TENSORS IN Hartree/bohrradius^2:

     ----- bare term -----
     Cl   1       -0.031692        0.063124       -0.035030
     Cl   1        0.063124       -0.018300       -0.000413
     Cl   1       -0.035030       -0.000413        0.049992

     C    2       -0.191457        0.206477       -0.425616
     C    2        0.206477        0.048152       -0.247495
     C    2       -0.425616       -0.247495        0.143305

     C    3        0.117298        0.596703       -0.072282
     C    3        0.596703       -0.319579       -0.562779
     C    3       -0.072282       -0.562779        0.202281

     H    4       -0.327451       -0.220292       -0.501535
     H    4       -0.220292        0.368805       -0.123412
     H    4       -0.501535       -0.123412       -0.041355

     C    5       -0.368234        0.129766       -0.402334
     C    5        0.129766        0.079667       -0.293601
     C    5       -0.402334       -0.293601        0.288567

     H    6        0.206775        0.148928       -0.148502
     H    6        0.148928       -0.467638       -0.391605
     H    6       -0.148502       -0.391605        0.260863

     H    7        0.351546       -0.128116        0.091187
     H    7       -0.128116       -0.442953        0.568010
     H    7        0.091187        0.568010        0.091407

     C    8       -0.103252        0.335996       -0.463448
     C    8        0.335996       -0.028422        0.527363
     C    8       -0.463448        0.527363        0.131675

     H    9       -0.133153        0.402158       -0.205073
     H    9        0.402158       -0.283805       -0.114540
     H    9       -0.205073       -0.114540        0.416958

     C   10       -0.382940       -0.343959        0.081366
     C   10       -0.343959       -0.027720        0.412592
     C   10        0.081366        0.412592        0.410659

     C   11       -0.003688        0.430064       -0.424390
     C   11        0.430064       -0.053018        0.722896
     C   11       -0.424390        0.722896        0.056707

     Cl  12       -0.276564       -0.206668        0.051120
     Cl  12       -0.206668        0.095468        0.168102
     Cl  12        0.051120        0.168102        0.181096

     H   13        0.252419       -0.419347        0.131264
     H   13       -0.419347       -0.576381        0.106915
     H   13        0.131264        0.106915        0.323962

     C   14       -0.063706        0.170122       -0.090237
     C   14        0.170122       -0.189966       -0.188727
     C   14       -0.090237       -0.188727        0.253673

     H   15       -0.548576       -0.520641       -0.117648
     H   15       -0.520641        0.189528       -0.040114
     H   15       -0.117648       -0.040114        0.359048

     C   16       -0.174707        0.244298       -0.376430
     C   16        0.244298       -0.014253       -0.351370
     C   16       -0.376430       -0.351370        0.188960

     C   17        0.070115        0.459086       -0.047700
     C   17        0.459086       -0.322769       -0.486907
     C   17       -0.047700       -0.486907        0.252653

     Cl  18       -0.142526        0.029481        0.015647
     Cl  18        0.029481       -0.119759        0.030047
     Cl  18        0.015647        0.030047        0.262286

     H   19        0.468932        0.008154       -0.094349
     H   19        0.008154       -0.365599        0.461600
     H   19       -0.094349        0.461600       -0.103334

     C   20       -0.561700       -0.298761       -0.232562
     C   20       -0.298761        0.181285        0.205786
     C   20       -0.232562        0.205786        0.380416

     H   21       -0.630753        0.403751       -0.123782
     H   21        0.403751        0.314342        0.071724
     H   21       -0.123782        0.071724        0.316411

     C   22        0.133525        0.284865       -0.451480
     C   22        0.284865       -0.274040        0.564677
     C   22       -0.451480        0.564677        0.140515

     C   23       -0.298807       -0.388959       -0.343624
     C   23       -0.388959       -0.163330        0.254074
     C   23       -0.343624        0.254074        0.462137

     Cl  24       -0.051667        0.058390       -0.048616
     Cl  24        0.058390       -0.056025       -0.004396
     Cl  24       -0.048616       -0.004396        0.107692

     ----- ionic term -----
     Cl   1        0.162438       -0.212670        0.030312
     Cl   1       -0.212670        0.000001       -0.007109
     Cl   1        0.030312       -0.007109       -0.162440

     C    2        0.208574       -0.158427        0.283943
     C    2       -0.158427        0.224868        0.319963
     C    2        0.283943        0.319963       -0.433443

     C    3        0.064640       -0.166897        0.237029
     C    3       -0.166897        0.332912        0.314898
     C    3        0.237029        0.314898       -0.397552

     H    4        0.519487        0.374757        0.676809
     H    4        0.374757       -0.318739        0.286369
     H    4        0.676809        0.286369       -0.200748

     C    5        0.230481       -0.110440        0.326647
     C    5       -0.110440        0.146105        0.244154
     C    5        0.326647        0.244154       -0.376586

     H    6       -0.511469        0.098430        0.061096
     H    6        0.098430        0.771978        0.592962
     H    6        0.061096        0.592962       -0.260509

     H    7       -0.501669       -0.114336        0.074996
     H    7       -0.114336        0.530343       -0.770689
     H    7        0.074996       -0.770689       -0.028675

     C    8        0.369735        0.115195        0.131714
     C    8        0.115195        0.015377       -0.358577
     C    8        0.131714       -0.358577       -0.385112

     H    9        0.679159       -0.491097        0.492208
     H    9       -0.491097       -0.284366       -0.256390
     H    9        0.492208       -0.256390       -0.394793

     C   10        0.200798        0.157706        0.080690
     C   10        0.157706        0.214903       -0.432638
     C   10        0.080690       -0.432638       -0.415701

     C   11        0.243673        0.083578        0.271730
     C   11        0.083578        0.115824       -0.422902
     C   11        0.271730       -0.422902       -0.359496

     Cl  12        0.144816        0.178140        0.002720
     Cl  12        0.178140       -0.007346       -0.010353
     Cl  12        0.002720       -0.010353       -0.137471

     H   13       -0.478732        0.207109        0.087824
     H   13        0.207109        0.793232        0.554528
     H   13        0.087824        0.554528       -0.314500

     C   14        0.257572       -0.111421        0.314182
     C   14       -0.111421        0.144563        0.227386
     C   14        0.314182        0.227386       -0.402134

     H   15        0.612339        0.332988        0.636820
     H   15        0.332988       -0.381415        0.244655
     H   15        0.636820        0.244655       -0.230924

     C   16        0.091049       -0.163176        0.242113
     C   16       -0.163176        0.335380        0.304682
     C   16        0.242113        0.304682       -0.426429

     C   17        0.152817       -0.126912        0.353262
     C   17       -0.126912        0.289045        0.301910
     C   17        0.353262        0.301910       -0.441862

     Cl  18        0.110207       -0.214072        0.054223
     Cl  18       -0.214072        0.063256       -0.039294
     Cl  18        0.054223       -0.039294       -0.173463

     H   19       -0.509251        0.054481       -0.023224
     H   19        0.054481        0.533944       -0.773881
     H   19       -0.023224       -0.773881       -0.024693

     C   20        0.362188        0.132783        0.225798
     C   20        0.132783       -0.051809       -0.357325
     C   20        0.225798       -0.357325       -0.310378

     H   21        0.468552       -0.527462        0.559045
     H   21       -0.527462       -0.262532       -0.356137
     H   21        0.559045       -0.356137       -0.206020

     C   22        0.132789        0.115009        0.124317
     C   22        0.115009        0.120579       -0.483121
     C   22        0.124317       -0.483121       -0.253368

     C   23        0.214842        0.114362        0.150868
     C   23        0.114362        0.107463       -0.465858
     C   23        0.150868       -0.465858       -0.322305

     Cl  24        0.131952        0.226802       -0.028122
     Cl  24        0.226802        0.023753       -0.016600
     Cl  24       -0.028122       -0.016600       -0.155705

     ----- GIPAW term -----
     Cl   1        0.058998        0.017336       -1.309729
     Cl   1        0.017336        0.503634       -1.905589
     Cl   1       -1.309729       -1.905589       -0.562632

     C    2       -0.012498        0.072724       -0.115637
     C    2        0.072724        0.060698       -0.118359
     C    2       -0.115637       -0.118359       -0.048201

     C    3        0.068718        0.252110       -0.026979
     C    3        0.252110        0.026805       -0.098933
     C    3       -0.026979       -0.098933       -0.095523

     H    4       -0.000000        0.000000        0.000000
     H    4        0.000000        0.000000        0.000000
     H    4        0.000000        0.000000        0.000000

     C    5        0.092759        0.080772        0.046777
     C    5        0.080772       -0.061381       -0.001403
     C    5        0.046777       -0.001403       -0.031378

     H    6       -0.000000        0.000000        0.000000
     H    6        0.000000        0.000000        0.000000
     H    6        0.000000        0.000000        0.000000

     H    7       -0.000000        0.000000        0.000000
     H    7        0.000000        0.000000        0.000000
     H    7        0.000000        0.000000        0.000000

     C    8        0.063917        0.253510       -0.077282
     C    8        0.253510        0.052989        0.091547
     C    8       -0.077282        0.091547       -0.116907

     H    9       -0.000000        0.000000        0.000000
     H    9        0.000000        0.000000        0.000000
     H    9        0.000000        0.000000        0.000000

     C   10       -0.083319        0.112247        0.113022
     C   10        0.112247        0.110431        0.157342
     C   10        0.113022        0.157342       -0.027112

     C   11        0.059351        0.291620       -0.013306
     C   11        0.291620        0.083797        0.146509
     C   11       -0.013306        0.146509       -0.143148

     Cl  12       -0.434683        1.634273        0.392455
     Cl  12        1.634273        1.098849        1.629080
     Cl  12        0.392455        1.629080       -0.664166

     H   13       -0.000000        0.000000        0.000000
     H   13        0.000000        0.000000        0.000000
     H   13        0.000000        0.000000        0.000000

     C   14       -0.000710        0.085524       -0.054152
     C   14        0.085524        0.004136       -0.097717
     C   14       -0.054152       -0.097717       -0.003426

     H   15       -0.000000        0.000000        0.000000
     H   15        0.000000        0.000000        0.000000
     H   15        0.000000        0.000000        0.000000

     C   16        0.042658        0.168465       -0.174739
     C   16        0.168465        0.021986       -0.110232
     C   16       -0.174739       -0.110232       -0.064644

     C   17        0.180998        0.109322        0.069068
     C   17        0.109322       -0.060373       -0.017171
     C   17        0.069068       -0.017171       -0.120625

     Cl  18       -0.264314       -1.795272        0.442622
     Cl  18       -1.795272       -1.270500        0.213550
     Cl  18        0.442622        0.213550        1.534814

     H   19       -0.000000        0.000000        0.000000
     H   19        0.000000        0.000000        0.000000
     H   19        0.000000        0.000000        0.000000

     C   20       -0.064147        0.140139       -0.012391
     C   20        0.140139        0.149209        0.004622
     C   20       -0.012391        0.004622       -0.085062

     H   21       -0.000000        0.000000        0.000000
     H   21        0.000000        0.000000        0.000000
     H   21        0.000000        0.000000        0.000000

     C   22        0.146949        0.216041       -0.178072
     C   22        0.216041       -0.060163        0.016579
     C   22       -0.178072        0.016579       -0.086786

     C   23        0.091237        0.050182       -0.220687
     C   23        0.050182       -0.132272       -0.010845
     C   23       -0.220687       -0.010845        0.041035

     Cl  24        0.489411        2.329882       -1.569258
     Cl  24        2.329882       -1.073955       -0.674630
     Cl  24       -1.569258       -0.674630        0.584544

     ----- total EFG -----
     Cl   1        0.189744       -0.132210       -1.314446
     Cl   1       -0.132210        0.485336       -1.913111
     Cl   1       -1.314446       -1.913111       -0.675080

     C    2        0.004620        0.120774       -0.257310
     C    2        0.120774        0.333719       -0.045891
     C    2       -0.257310       -0.045891       -0.338338

     C    3        0.250656        0.681916        0.137769
     C    3        0.681916        0.040137       -0.346814
     C    3        0.137769       -0.346814       -0.290793

     H    4        0.192036        0.154465        0.175274
     H    4        0.154465        0.050066        0.162956
     H    4        0.175274        0.162956       -0.242103

     C    5       -0.044994        0.100097       -0.028910
     C    5        0.100097        0.164391       -0.050849
     C    5       -0.028910       -0.050849       -0.119397

     H    6       -0.304694        0.247358       -0.087406
     H    6        0.247358        0.304339        0.201357
     H    6       -0.087406        0.201357        0.000355

     H    7       -0.150123       -0.242452        0.166183
     H    7       -0.242452        0.087390       -0.202678
     H    7        0.166183       -0.202678        0.062733

     C    8        0.330400        0.704701       -0.409016
     C    8        0.704701        0.039944        0.260333
     C    8       -0.409016        0.260333       -0.370344

     H    9        0.546006       -0.088940        0.287134
     H    9       -0.088940       -0.568170       -0.370931
     H    9        0.287134       -0.370931        0.022164

     C   10       -0.265461       -0.074006        0.275078
     C   10       -0.074006        0.297614        0.137297
     C   10        0.275078        0.137297       -0.032154

     C   11        0.299336        0.805262       -0.165966
     C   11        0.805262        0.146602        0.446504
     C   11       -0.165966        0.446504       -0.445938

     Cl  12       -0.566431        1.605746        0.446296
     Cl  12        1.605746        1.186972        1.786829
     Cl  12        0.446296        1.786829       -0.620541

     H   13       -0.226313       -0.212238        0.219088
     H   13       -0.212238        0.216851        0.661443
     H   13        0.219088        0.661443        0.009462

     C   14        0.193155        0.144224        0.169793
     C   14        0.144224       -0.041268       -0.059057
     C   14        0.169793       -0.059057       -0.151888

     H   15        0.063763       -0.187652        0.519172
     H   15       -0.187652       -0.191887        0.204541
     H   15        0.519172        0.204541        0.128124

     C   16       -0.041000        0.249587       -0.309056
     C   16        0.249587        0.343113       -0.156921
     C   16       -0.309056       -0.156921       -0.302113

     C   17        0.403930        0.441496        0.374630
     C   17        0.441496       -0.094097       -0.202169
     C   17        0.374630       -0.202169       -0.309833

     Cl  18       -0.296633       -1.979863        0.512493
     Cl  18       -1.979863       -1.327003        0.204303
     Cl  18        0.512493        0.204303        1.623637

     H   19       -0.040318        0.062634       -0.117573
     H   19        0.062634        0.168345       -0.312281
     H   19       -0.117573       -0.312281       -0.128027

     C   20       -0.263659       -0.025838       -0.019156
     C   20       -0.025838        0.278684       -0.146918
     C   20       -0.019156       -0.146918       -0.015025

     H   21       -0.162202       -0.123711        0.435263
     H   21       -0.123711        0.051810       -0.284413
     H   21        0.435263       -0.284413        0.110392

     C   22        0.413263        0.615915       -0.505235
     C   22        0.615915       -0.213624        0.098135
     C   22       -0.505235        0.098135       -0.199639

     C   23        0.007272       -0.224414       -0.413442
     C   23       -0.224414       -0.188140       -0.222630
     C   23       -0.413442       -0.222630        0.180868

     Cl  24        0.569697        2.615074       -1.645996
     Cl  24        2.615074       -1.106227       -0.695626
     Cl  24       -1.645996       -0.695626        0.536530

     ----- total EFG (symmetrized) -----
     Cl   1        0.189744       -0.132210       -1.314446
     Cl   1       -0.132210        0.485336       -1.913111
     Cl   1       -1.314446       -1.913111       -0.675080

     C    2        0.004620        0.120774       -0.257310
     C    2        0.120774        0.333719       -0.045891
     C    2       -0.257310       -0.045891       -0.338338

     C    3        0.250656        0.681916        0.137769
     C    3        0.681916        0.040137       -0.346814
     C    3        0.137769       -0.346814       -0.290793

     H    4        0.192036        0.154465        0.175274
     H    4        0.154465        0.050066        0.162956
     H    4        0.175274        0.162956       -0.242103

     C    5       -0.044994        0.100097       -0.028910
     C    5        0.100097        0.164391       -0.050849
     C    5       -0.028910       -0.050849       -0.119397

     H    6       -0.304694        0.247358       -0.087406
     H    6        0.247358        0.304339        0.201357
     H    6       -0.087406        0.201357        0.000355

     H    7       -0.150123       -0.242452        0.166183
     H    7       -0.242452        0.087390       -0.202678
     H    7        0.166183       -0.202678        0.062733

     C    8        0.330400        0.704701       -0.409016
     C    8        0.704701        0.039944        0.260333
     C    8       -0.409016        0.260333       -0.370344

     H    9        0.546006       -0.088940        0.287134
     H    9       -0.088940       -0.568170       -0.370931
     H    9        0.287134       -0.370931        0.022164

     C   10       -0.265461       -0.074006        0.275078
     C   10       -0.074006        0.297614        0.137297
     C   10        0.275078        0.137297       -0.032154

     C   11        0.299336        0.805262       -0.165966
     C   11        0.805262        0.146602        0.446504
     C   11       -0.165966        0.446504       -0.445938

     Cl  12       -0.566431        1.605746        0.446296
     Cl  12        1.605746        1.186972        1.786829
     Cl  12        0.446296        1.786829       -0.620541

     H   13       -0.226313       -0.212238        0.219088
     H   13       -0.212238        0.216851        0.661443
     H   13        0.219088        0.661443        0.009462

     C   14        0.193155        0.144224        0.169793
     C   14        0.144224       -0.041268       -0.059057
     C   14        0.169793       -0.059057       -0.151888

     H   15        0.063763       -0.187652        0.519172
     H   15       -0.187652       -0.191887        0.204541
     H   15        0.519172        0.204541        0.128124

     C   16       -0.041000        0.249587       -0.309056
     C   16        0.249587        0.343113       -0.156921
     C   16       -0.309056       -0.156921       -0.302113

     C   17        0.403930        0.441496        0.374630
     C   17        0.441496       -0.094097       -0.202169
     C   17        0.374630       -0.202169       -0.309833

     Cl  18       -0.296633       -1.979863        0.512493
     Cl  18       -1.979863       -1.327003        0.204303
     Cl  18        0.512493        0.204303        1.623637

     H   19       -0.040318        0.062634       -0.117573
     H   19        0.062634        0.168345       -0.312281
     H   19       -0.117573       -0.312281       -0.128027

     C   20       -0.263659       -0.025838       -0.019156
     C   20       -0.025838        0.278684       -0.146918
     C   20       -0.019156       -0.146918       -0.015025

     H   21       -0.162202       -0.123711        0.435263
     H   21       -0.123711        0.051810       -0.284413
     H   21        0.435263       -0.284413        0.110392

     C   22        0.413263        0.615915       -0.505235
     C   22        0.615915       -0.213624        0.098135
     C   22       -0.505235        0.098135       -0.199639

     C   23        0.007272       -0.224414       -0.413442
     C   23       -0.224414       -0.188140       -0.222630
     C   23       -0.413442       -0.222630        0.180868

     Cl  24        0.569697        2.615074       -1.645996
     Cl  24        2.615074       -1.106227       -0.695626
     Cl  24       -1.645996       -0.695626        0.536530


     NQR/NMR SPECTROSCOPIC PARAMETERS:
     Cl   1    Vxx=    0.4009    axis=(  0.842309 -0.532764 -0.081724)
     Cl   1    Vyy=    2.1762    axis=( -0.370930 -0.682971  0.629255)
     Cl   1    Vzz=   -2.5771    axis=( -0.391059 -0.499713 -0.772890)
     Cl   1  Q=        -8.1650 1e-30 m^2  Cq=        49.4399 MHz  eta= 0.68887

     C    2    Vxx=    0.0782    axis=(  0.782016 -0.447561 -0.433751)
     C    2    Vyy=    0.3982    axis=( -0.402724 -0.894004  0.196392)
     C    2    Vzz=   -0.4764    axis=(  0.475673 -0.021100  0.879369)
     C    2  Q=         1.0000 1e-30 m^2  Cq=        -1.1194 MHz  eta= 0.67165

     C    3    Vxx=   -0.0536    axis=(  0.461147 -0.368797  0.807052)
     C    3    Vyy=   -0.7958    axis=( -0.497199  0.645940  0.579271)
     C    3    Vzz=    0.8494    axis=( -0.734940 -0.668394  0.114508)
     C    3  Q=         1.0000 1e-30 m^2  Cq=         1.9957 MHz  eta= 0.87381

     H    4    Vxx=   -0.0440    axis=(  0.602826 -0.789401 -0.115962)
     H    4    Vyy=   -0.3368    axis=(  0.218803  0.303327 -0.927425)
     H    4    Vzz=    0.3807    axis=(  0.767285  0.533703  0.355577)
     H    4  Q=         1.0000 1e-30 m^2  Cq=         0.8945 MHz  eta= 0.76910

     C    5    Vxx=   -0.0838    axis=(  0.902545 -0.397755 -0.164934)
     C    5    Vyy=   -0.1308    axis=(  0.218586  0.093208  0.971356)
     C    5    Vzz=    0.2146    axis=( -0.370988 -0.912745  0.171068)
     C    5  Q=         1.0000 1e-30 m^2  Cq=         0.5042 MHz  eta= 0.21881

     H    6    Vxx=   -0.0063    axis=( -0.436513 -0.218204  0.872836)
     H    6    Vyy=   -0.4464    axis=( -0.863209  0.375059 -0.337936)
     H    6    Vzz=    0.4527    axis=( -0.253627 -0.900954 -0.352074)
     H    6  Q=         1.0000 1e-30 m^2  Cq=         1.0636 MHz  eta= 0.97229

     H    7    Vxx=   -0.1196    axis=( -0.181243  0.571427  0.800389)
     H    7    Vyy=   -0.3060    axis=(  0.873190  0.467922 -0.136338)
     H    7    Vzz=    0.4256    axis=( -0.452427  0.674181 -0.583772)
     H    7  Q=         1.0000 1e-30 m^2  Cq=         1.0000 MHz  eta= 0.43797

     C    8    Vxx=    0.0001    axis=( -0.310552  0.581828  0.751687)
     C    8    Vyy=    0.9249    axis=( -0.793978 -0.593573  0.131418)
     C    8    Vzz=   -0.9251    axis=(  0.522644 -0.556011  0.646293)
     C    8  Q=         1.0000 1e-30 m^2  Cq=        -2.1736 MHz  eta= 0.99969

     H    9    Vxx=    0.0305    axis=(  0.497466  0.402303 -0.768557)
     H    9    Vyy=    0.7182    axis=(  0.866690 -0.192610  0.460163)
     H    9    Vzz=   -0.7487    axis=( -0.037094  0.895016  0.444489)
     H    9  Q=         1.0000 1e-30 m^2  Cq=        -1.7591 MHz  eta= 0.91859

     C   10    Vxx=    0.1238    axis=( -0.585496  0.334127 -0.738616)
     C   10    Vyy=    0.3486    axis=( -0.056096 -0.925626 -0.374258)
     C   10    Vzz=   -0.4724    axis=( -0.808732 -0.177694  0.560694)
     C   10  Q=         1.0000 1e-30 m^2  Cq=        -1.1100 MHz  eta= 0.47595

     C   11    Vxx=   -0.0846    axis=(  0.529543 -0.405972 -0.744830)
     C   11    Vyy=   -0.9701    axis=( -0.463976  0.596447 -0.654963)
     C   11    Vzz=    1.0547    axis=( -0.710148 -0.692414 -0.127483)
     C   11  Q=         1.0000 1e-30 m^2  Cq=         2.4781 MHz  eta= 0.83962

     Cl  12    Vxx=   -1.0312    axis=(  0.771092 -0.046670 -0.635012)
     Cl  12    Vyy=   -1.9805    axis=( -0.485005  0.603113 -0.633265)
     Cl  12    Vzz=    3.0116    axis=( -0.412538 -0.796290 -0.442420)
     Cl  12  Q=        -8.1650 1e-30 m^2  Cq=       -57.7767 MHz  eta= 0.31522

     H   13    Vxx=   -0.0454    axis=(  0.858923 -0.317781  0.401579)
     H   13    Vyy=   -0.7377    axis=( -0.511711 -0.563301  0.648724)
     H   13    Vzz=    0.7831    axis=( -0.020058  0.762697  0.646445)
     H   13  Q=         1.0000 1e-30 m^2  Cq=         1.8399 MHz  eta= 0.88415

     C   14    Vxx=   -0.0239    axis=( -0.123509  0.828632 -0.545998)
     C   14    Vyy=   -0.2774    axis=( -0.422231  0.454038  0.784582)
     C   14    Vzz=    0.3013    axis=(  0.898035  0.327441  0.293797)
     C   14  Q=         1.0000 1e-30 m^2  Cq=         0.7079 MHz  eta= 0.84168

     H   15    Vxx=   -0.0083    axis=(  0.422303 -0.832157 -0.359409)
     H   15    Vyy=   -0.6084    axis=(  0.600299  0.553837 -0.576979)
     H   15    Vzz=    0.6167    axis=(  0.679192  0.027907  0.733430)
     H   15  Q=         1.0000 1e-30 m^2  Cq=         1.4490 MHz  eta= 0.97303

     C   16    Vxx=   -0.0545    axis=(  0.664348 -0.595380 -0.451846)
     C   16    Vyy=   -0.5071    axis=(  0.556259 -0.009929  0.830950)
     C   16    Vzz=    0.5616    axis=( -0.499217 -0.803383  0.324589)
     C   16  Q=         1.0000 1e-30 m^2  Cq=         1.3195 MHz  eta= 0.80600

     C   17    Vxx=   -0.0039    axis=( -0.161336  0.720927 -0.673969)
     C   17    Vyy=   -0.7123    axis=( -0.453291  0.552486  0.699490)
     C   17    Vzz=    0.7162    axis=( -0.876640 -0.418357 -0.237654)
     C   17  Q=         1.0000 1e-30 m^2  Cq=         1.6827 MHz  eta= 0.98911

     Cl  18    Vxx=    1.0988    axis=(  0.679858 -0.591407 -0.433625)
     Cl  18    Vyy=    1.8089    axis=(  0.401210 -0.194999  0.894989)
     Cl  18    Vzz=   -2.9076    axis=( -0.613859 -0.782441  0.104707)
     Cl  18  Q=        -8.1650 1e-30 m^2  Cq=        55.7815 MHz  eta= 0.24422

     H   19    Vxx=   -0.0560    axis=(  0.938596 -0.340398 -0.056274)
     H   19    Vyy=   -0.3409    axis=(  0.227672  0.488517  0.842328)
     H   19    Vzz=    0.3969    axis=( -0.259236 -0.803418  0.536019)
     H   19  Q=         1.0000 1e-30 m^2  Cq=         0.9326 MHz  eta= 0.71789

     C   20    Vxx=   -0.0719    axis=( -0.141944  0.373631  0.916653)
     C   20    Vyy=   -0.2681    axis=( -0.989494 -0.079253 -0.120919)
     C   20    Vzz=    0.3400    axis=(  0.027469 -0.924186  0.380955)
     C   20  Q=         1.0000 1e-30 m^2  Cq=         0.7989 MHz  eta= 0.57682

     H   21    Vxx=   -0.1062    axis=(  0.413936  0.860224  0.297778)
     H   21    Vyy=   -0.4926    axis=( -0.765889  0.152303  0.624675)
     H   21    Vzz=    0.5988    axis=(  0.492008 -0.486640  0.721880)
     H   21  Q=         1.0000 1e-30 m^2  Cq=         1.4069 MHz  eta= 0.64537

     C   22    Vxx=   -0.1089    axis=( -0.013334  0.640895  0.767513)
     C   22    Vyy=   -0.8193    axis=(  0.542748 -0.640025  0.543868)
     C   22    Vzz=    0.9282    axis=( -0.839789 -0.423818  0.339311)
     C   22  Q=         1.0000 1e-30 m^2  Cq=         2.1810 MHz  eta= 0.76533

     C   23    Vxx=    0.0627    axis=(  0.519798 -0.778094  0.352676)
     C   23    Vyy=    0.5182    axis=( -0.613941 -0.053171  0.787559)
     C   23    Vzz=   -0.5809    axis=( -0.594043 -0.625893 -0.505342)
     C   23  Q=         1.0000 1e-30 m^2  Cq=        -1.3648 MHz  eta= 0.78417

     Cl  24    Vxx=   -0.4371    axis=(  0.330781  0.408201  0.850856)
     Cl  24    Vyy=   -3.0688    axis=( -0.617229  0.775607 -0.132145)
     Cl  24    Vzz=    3.5059    axis=( -0.713871 -0.481462  0.508510)
     Cl  24  Q=        -8.1650 1e-30 m^2  Cq=       -67.2587 MHz  eta= 0.75065

     Initialization:
     gipaw_setup  :      9.17s CPU     11.00s WALL (       1 calls)

     Linear response

     Apply operators

     Induced current

     Other routines
     efg          :      9.20s CPU     11.38s WALL (       1 calls)

     General routines
     calbec       :      3.21s CPU      4.05s WALL (      16 calls)
     fft          :      1.55s CPU      2.61s WALL (      15 calls)
     ffts         :      0.05s CPU      0.06s WALL (       2 calls)
     fftw         :      3.29s CPU      3.89s WALL (     672 calls)
     davcio       :      0.03s CPU      0.34s WALL (      32 calls)

     Parallel routines
     fft_scatter  :      2.31s CPU      3.67s WALL (     689 calls)

     Plugins

     GIPAW        :     60.76s CPU     72.40s WALL (       1 calls)
