
     Program QE v.6.0 (svn rev. 13079) starts on 31Dec2016 at  6:19:48 

     This program is part of the open-source Quantum ESPRESSO suite
     for quantum simulation of materials; please cite
         "P. Giannozzi et al., J. Phys.:Condens. Matter 21 395502 (2009);
          URL http://www.quantum-espresso.org", 
     in publications or presentations arising from this work. More details at
     http://www.quantum-espresso.org/quote

     Parallel version (MPI), running on     8 processors
     R & G space division:  proc/nbgrp/npool/nimage =       8

     ***** This is GIPAW svn revision unknown      *****

     Parallelizing q-star over 1 images

     Reading data from directory:
     /users/majewski/paradichlorobenzene/pbe/9_constraint/scratch/pbe.ecut100.np8.dt60.pcl2phi-129368.save
     Message from routine read_xml_file:
     file /users/majewski/paradichlorobenzene/pbe/9_constraint/scratch/pbe.ecut100.np8.dt60.pcl2phi-129368.save not guaranteed to be safe for post-processing

   Info: using nr1, nr2, nr3 values from input

   Info: using nr1, nr2, nr3 values from input

     IMPORTANT: XC functional enforced from input :
     Exchange-correlation      =  SLA  PW   PBX  PBC ( 1  4  3  4 0 0)
     Any further DFT definition will be discarded
     Please, verify this is what you really want

               file C.pbe-n-kjpaw_psl.1.0.0.UPF: wavefunction(s)  2S 2P renormalized
               file Cl.pbe-n-kjpaw_psl.1.0.0.UPF: wavefunction(s)  3S 3P renormalized
               file H.pbe-kjpaw_psl.1.0.0.UPF: wavefunction(s)  1S renormalized

     Parallelization info
     --------------------
     sticks:   dense  smooth     PW     G-vecs:    dense   smooth      PW
     Min        3057    1223    332               144436    36536    5170
     Max        3059    1225    333               144437    36537    5171
     Sum       24467    9791   2657              1155489   292295   41363


     Subspace diagonalization in iterative solution of the eigenvalue problem:
     a serial algorithm will be used

     GIPAW projectors -----------------------------------------------
     atom=  C    l=0  rc=    1.2000  rs=    0.8000
     atom=  C    l=0  rc=    1.2000  rs=    0.8000
     atom=  C    l=1  rc=    1.4000  rs=    0.9333
     atom=  C    l=1  rc=    1.4000  rs=    0.9333
     projs nearly linearly dependent: l=1  n1,n2= 1, 2  s=  0.99951561

     atom=  Cl   l=0  rc=    1.6000  rs=    1.0667
     atom=  Cl   l=0  rc=    1.6000  rs=    1.0667
     atom=  Cl   l=1  rc=    1.6000  rs=    1.0667
     atom=  Cl   l=1  rc=    1.6000  rs=    1.0667
     atom=  Cl   l=2  rc=    1.6000  rs=    1.0667
     atom=  Cl   l=2  rc=    1.6000  rs=    1.0667
     projs nearly linearly dependent: l=2  n1,n2= 1, 2  s=  0.99993509

     atom=  H    l=0  rc=    1.0000  rs=    0.6667
     atom=  H    l=0  rc=    1.0000  rs=    0.6667
     projs nearly linearly dependent: l=0  n1,n2= 1, 2  s=  0.99968852
     -----------------------------------------------------------------

     GIPAW integrals: -------------------------------------------
     Atom  i/j   nmr_para   nmr_dia   epr_rmc  epr_para   epr_dia
       C   1 1   0.83E+03  0.17E-01  0.93E+01  0.24E+08  0.24E+03
       C   2 1   0.86E+03 -0.61E-01  0.94E+01  0.25E+08  0.25E+03
       C   2 2   0.90E+03 -0.15E+00  0.97E+01  0.26E+08  0.26E+03
       C   3 3   0.33E+01  0.34E+00  0.18E+01  0.55E+03  0.21E+02
       C   4 3   0.35E+01  0.37E+00  0.20E+01  0.59E+03  0.22E+02
       C   4 4   0.38E+01  0.39E+00  0.22E+01  0.63E+03  0.24E+02
       Cl  1 1   0.14E+04 -0.47E+00  0.84E+01  0.32E+09  0.42E+03
       Cl  2 1   0.21E+04 -0.37E+00  0.12E+02  0.49E+09  0.65E+03
       Cl  2 2   0.33E+04 -0.16E+00  0.21E+02  0.76E+09  0.10E+04
       Cl  3 3   0.21E+02  0.79E-01  0.89E+01  0.23E+05  0.13E+03
       Cl  4 3   0.24E+02  0.67E-01  0.99E+01  0.27E+05  0.15E+03
       Cl  4 4   0.28E+02  0.44E-01  0.11E+02  0.32E+05  0.18E+03
       Cl  5 5   0.77E+00  0.19E+00  0.18E+01  0.12E+03  0.22E+02
       Cl  6 5   0.80E+00  0.19E+00  0.19E+01  0.12E+03  0.23E+02
       Cl  6 6   0.83E+00  0.20E+00  0.19E+01  0.12E+03  0.23E+02
       H   1 1   0.39E+02  0.19E+00  0.29E+00  0.78E+05  0.13E+02
       H   2 1   0.41E+02  0.21E+00  0.32E+00  0.82E+05  0.14E+02
       H   2 2   0.43E+02  0.22E+00  0.36E+00  0.86E+05  0.15E+02
     ------------------------------------------------------------

     alpha_pv=     33.7521 eV

     Number of occupied bands for each k-point:
     k-point:     1    nbnd_occ=  42
     k-point:     2    nbnd_occ=  42
     k-point:     3    nbnd_occ=  42
     k-point:     4    nbnd_occ=  42
     k-point:     5    nbnd_occ=  42
     k-point:     6    nbnd_occ=  42
     k-point:     7    nbnd_occ=  42
     k-point:     8    nbnd_occ=  42
     k-point:     9    nbnd_occ=  42
     k-point:    10    nbnd_occ=  42
     k-point:    11    nbnd_occ=  42
     k-point:    12    nbnd_occ=  42
     k-point:    13    nbnd_occ=  42
     k-point:    14    nbnd_occ=  42
     k-point:    15    nbnd_occ=  42
     k-point:    16    nbnd_occ=  42


     q-space interpolation up to   110.00 Rydberg

     GIPAW job: efg                                                                             


     ELECTRIC FIELD GRADIENTS TENSORS IN Hartree/bohrradius^2:

     ----- bare term -----
     Cl   1       -0.223536        0.322242       -0.058058
     Cl   1        0.322242       -0.015275        0.023950
     Cl   1       -0.058058        0.023950        0.238811

     C    2       -0.051450       -0.355057       -0.435930
     C    2       -0.355057       -0.132065       -0.631465
     C    2       -0.435930       -0.631465        0.183515

     C    3       -0.381694        0.346066        0.081590
     C    3        0.346066       -0.018013       -0.379176
     C    3        0.081590       -0.379176        0.399707

     H    4       -0.357320       -0.305877       -0.448556
     H    4       -0.305877        0.082149       -0.115792
     H    4       -0.448556       -0.115792        0.275171

     C    5       -0.110443       -0.280458       -0.397718
     C    5       -0.280458        0.038138       -0.518149
     C    5       -0.397718       -0.518149        0.072305

     H    6        0.461395       -0.097534       -0.023761
     H    6       -0.097534       -0.795504       -0.301665
     H    6       -0.023761       -0.301665        0.334110

     H    7        0.264332        0.062668        0.369385
     H    7        0.062668        0.122874        0.234087
     H    7        0.369385        0.234087       -0.387206

     C    8       -0.335504       -0.098803       -0.358163
     C    8       -0.098803        0.302235        0.014841
     C    8       -0.358163        0.014841        0.033269

     H    9        0.174474        0.073071       -0.205008
     H    9        0.073071        0.361466       -0.207249
     H    9       -0.205008       -0.207249       -0.535939

     C   10        0.163643       -0.126034        0.251277
     C   10       -0.126034       -0.214219        0.094353
     C   10        0.251277        0.094353        0.050576

     C   11       -0.139967        0.006990       -0.313613
     C   11        0.006990        0.089288       -0.052578
     C   11       -0.313613       -0.052578        0.050679

     Cl  12       -0.009641        0.107643        0.155189
     Cl  12        0.107643       -0.070762       -0.231272
     Cl  12        0.155189       -0.231272        0.080402

     H   13       -0.138878       -0.112796       -0.156277
     H   13       -0.112796       -0.245993       -0.471817
     H   13       -0.156277       -0.471817        0.384871

     C   14       -0.384529        0.509602       -0.065133
     C   14        0.509602       -0.048925       -0.185742
     C   14       -0.065133       -0.185742        0.433454

     H   15       -0.679777        0.047028        0.037434
     H   15        0.047028        0.341735       -0.194837
     H   15        0.037434       -0.194837        0.338042

     C   16        0.097212       -0.316097       -0.410831
     C   16       -0.316097       -0.217481       -0.638496
     C   16       -0.410831       -0.638496        0.120268

     C   17       -0.577393        0.398482       -0.272381
     C   17        0.398482        0.143263       -0.153589
     C   17       -0.272381       -0.153589        0.434130

     Cl  18       -0.003759        0.048904        0.106205
     Cl  18        0.048904       -0.034565       -0.068159
     Cl  18        0.106205       -0.068159        0.038325

     H   19        0.479219        0.058408       -0.069160
     H   19        0.058408       -0.096536        0.573907
     H   19       -0.069160        0.573907       -0.382683

     C   20       -0.056859       -0.453177       -0.059591
     C   20       -0.453177       -0.200435        0.396762
     C   20       -0.059591        0.396762        0.257294

     H   21        0.052113        0.167252       -0.514881
     H   21        0.167252        0.415147        0.288164
     H   21       -0.514881        0.288164       -0.467260

     C   22       -0.621917       -0.262138       -0.230544
     C   22       -0.262138        0.156512        0.086485
     C   22       -0.230544        0.086485        0.465405

     C   23        0.067755       -0.408712        0.010108
     C   23       -0.408712       -0.145343        0.532538
     C   23        0.010108        0.532538        0.077588

     Cl  24       -0.022678       -0.024901        0.041329
     Cl  24       -0.024901       -0.017737       -0.058407
     Cl  24        0.041329       -0.058407        0.040415

     ----- ionic term -----
     Cl   1        0.127001       -0.185994        0.048320
     Cl   1       -0.185994        0.024205       -0.017708
     Cl   1        0.048320       -0.017708       -0.151206

     C    2        0.280926       -0.101375        0.312789
     C    2       -0.101375        0.082959        0.336715
     C    2        0.312789        0.336715       -0.363885

     C    3        0.171348       -0.232398        0.180358
     C    3       -0.232398        0.171687        0.384647
     C    3        0.180358        0.384647       -0.343035

     H    4        0.672671        0.168655        0.711674
     H    4        0.168655       -0.472796        0.178630
     H    4        0.711674        0.178630       -0.199875

     C    5        0.303097       -0.121479        0.203988
     C    5       -0.121479        0.078349        0.324841
     C    5        0.203988        0.324841       -0.381447

     H    6       -0.469373        0.227864        0.124902
     H    6        0.227864        0.617788        0.687863
     H    6        0.124902        0.687863       -0.148415

     H    7       -0.530883       -0.028201        0.048909
     H    7       -0.028201        0.429778       -0.782380
     H    7        0.048909       -0.782380        0.101105

     C    8        0.149745        0.237800        0.367454
     C    8        0.237800        0.006379       -0.286039
     C    8        0.367454       -0.286039       -0.156124

     H    9        0.365829       -0.257751        0.774349
     H    9       -0.257751       -0.412150       -0.293107
     H    9        0.774349       -0.293107        0.046322

     C   10        0.028506        0.290164        0.250276
     C   10        0.290164        0.174918       -0.372419
     C   10        0.250276       -0.372419       -0.203424

     C   11        0.063160        0.257399        0.382692
     C   11        0.257399        0.022437       -0.369074
     C   11        0.382692       -0.369074       -0.085597

     Cl  12        0.154347        0.212700        0.046979
     Cl  12        0.212700       -0.019857        0.014455
     Cl  12        0.046979        0.014455       -0.134490

     H   13       -0.528421        0.112951        0.062195
     H   13        0.112951        0.826061        0.613444
     H   13        0.062195        0.613444       -0.297640

     C   14        0.370514       -0.193080        0.196661
     C   14       -0.193080        0.080657        0.299698
     C   14        0.196661        0.299698       -0.451172

     H   15        0.812751        0.403129        0.415251
     H   15        0.403129       -0.396746        0.188325
     H   15        0.415251        0.188325       -0.416005

     C   16        0.242212       -0.200195        0.100350
     C   16       -0.200195        0.171404        0.385237
     C   16        0.100350        0.385237       -0.413616

     C   17        0.220877       -0.102865        0.167726
     C   17       -0.102865        0.126512        0.432216
     C   17        0.167726        0.432216       -0.347389

     Cl  18        0.114632       -0.215920       -0.054488
     Cl  18       -0.215920        0.010728        0.035762
     Cl  18       -0.054488        0.035762       -0.125360

     H   19       -0.538255        0.080378       -0.058289
     H   19        0.080378        0.261929       -0.791272
     H   19       -0.058289       -0.791272        0.276325

     C   20        0.114200        0.267905        0.395449
     C   20        0.267905       -0.094784       -0.251568
     C   20        0.395449       -0.251568       -0.019416

     H   21        0.371101       -0.209720        0.759784
     H   21       -0.209720       -0.507821       -0.227488
     H   21        0.759784       -0.227488        0.136720

     C   22        0.050884        0.269449        0.264154
     C   22        0.269449        0.027395       -0.325413
     C   22        0.264154       -0.325413       -0.078279

     C   23        0.046510        0.220688        0.331430
     C   23        0.220688        0.024949       -0.401204
     C   23        0.331430       -0.401204       -0.071459

     Cl  24        0.071302        0.199259        0.016949
     Cl  24        0.199259        0.068728        0.011939
     Cl  24        0.016949        0.011939       -0.140030

     ----- GIPAW term -----
     Cl   1        1.030924       -2.168925       -0.699806
     Cl   1       -2.168925        0.278223        0.515805
     Cl   1       -0.699806        0.515805       -1.309147

     C    2        0.059277       -0.172430        0.040920
     C    2       -0.172430       -0.026103       -0.115861
     C    2        0.040920       -0.115861       -0.033174

     C    3       -0.066651       -0.123362        0.109336
     C    3       -0.123362        0.111992       -0.136032
     C    3        0.109336       -0.136032       -0.045341

     H    4       -0.000000        0.000000        0.000000
     H    4        0.000000        0.000000        0.000000
     H    4        0.000000        0.000000        0.000000

     C    5       -0.053824       -0.177293       -0.041720
     C    5       -0.177293        0.194225       -0.103442
     C    5       -0.041720       -0.103442       -0.140401

     H    6       -0.000000        0.000000        0.000000
     H    6        0.000000        0.000000        0.000000
     H    6        0.000000        0.000000        0.000000

     H    7       -0.000000        0.000000        0.000000
     H    7        0.000000        0.000000        0.000000
     H    7        0.000000        0.000000        0.000000

     C    8        0.031513       -0.074566       -0.038028
     C    8       -0.074566        0.031093       -0.009143
     C    8       -0.038028       -0.009143       -0.062606

     H    9       -0.000000        0.000000        0.000000
     H    9        0.000000        0.000000        0.000000
     H    9        0.000000        0.000000        0.000000

     C   10        0.007611        0.009915        0.036749
     C   10        0.009915       -0.000623       -0.019087
     C   10        0.036749       -0.019087       -0.006988

     C   11        0.035366       -0.007938       -0.013795
     C   11       -0.007938        0.016347       -0.023030
     C   11       -0.013795       -0.023030       -0.051713

     Cl  12        0.108428       -0.118478       -0.762638
     Cl  12       -0.118478        0.444007        1.109991
     Cl  12       -0.762638        1.109991       -0.552435

     H   13       -0.000000        0.000000        0.000000
     H   13        0.000000        0.000000        0.000000
     H   13        0.000000        0.000000        0.000000

     C   14        0.081113       -0.135378        0.032139
     C   14       -0.135378        0.021538        0.001134
     C   14        0.032139        0.001134       -0.102651

     H   15       -0.000000        0.000000        0.000000
     H   15        0.000000        0.000000        0.000000
     H   15        0.000000        0.000000        0.000000

     C   16        0.089311       -0.209633       -0.096025
     C   16       -0.209633        0.006972       -0.035550
     C   16       -0.096025       -0.035550       -0.096283

     C   17       -0.036885       -0.186718       -0.065528
     C   17       -0.186718        0.147738        0.054167
     C   17       -0.065528        0.054167       -0.110853

     Cl  18       -0.169377       -1.901116       -0.634956
     Cl  18       -1.901116       -0.248192        1.507795
     Cl  18       -0.634956        1.507795        0.417569

     H   19       -0.000000        0.000000        0.000000
     H   19        0.000000        0.000000        0.000000
     H   19        0.000000        0.000000        0.000000

     C   20       -0.001722       -0.229486        0.056157
     C   20       -0.229486        0.082395        0.009545
     C   20        0.056157        0.009545       -0.080673

     H   21       -0.000000        0.000000        0.000000
     H   21        0.000000        0.000000        0.000000
     H   21        0.000000        0.000000        0.000000

     C   22       -0.161553       -0.093557        0.101664
     C   22       -0.093557       -0.007677       -0.132342
     C   22        0.101664       -0.132342        0.169231

     C   23        0.045028       -0.164504        0.046295
     C   23       -0.164504        0.131752        0.000909
     C   23        0.046295        0.000909       -0.176781

     Cl  24        1.234732        2.005231        0.385085
     Cl  24        2.005231       -0.069407       -0.443775
     Cl  24        0.385085       -0.443775       -1.165325

     ----- total EFG -----
     Cl   1        0.934389       -2.032677       -0.709544
     Cl   1       -2.032677        0.287154        0.522048
     Cl   1       -0.709544        0.522048       -1.221542

     C    2        0.288753       -0.628861       -0.082220
     C    2       -0.628861       -0.075209       -0.410610
     C    2       -0.082220       -0.410610       -0.213544

     C    3       -0.276997       -0.009694        0.371284
     C    3       -0.009694        0.265666       -0.130561
     C    3        0.371284       -0.130561        0.011331

     H    4        0.315351       -0.137222        0.263118
     H    4       -0.137222       -0.390646        0.062838
     H    4        0.263118        0.062838        0.075296

     C    5        0.138831       -0.579230       -0.235451
     C    5       -0.579230        0.310712       -0.296750
     C    5       -0.235451       -0.296750       -0.449543

     H    6       -0.007978        0.130330        0.101141
     H    6        0.130330       -0.177717        0.386199
     H    6        0.101141        0.386199        0.185695

     H    7       -0.266550        0.034467        0.418294
     H    7        0.034467        0.552652       -0.548293
     H    7        0.418294       -0.548293       -0.286102

     C    8       -0.154245        0.064430       -0.028736
     C    8        0.064430        0.339706       -0.280341
     C    8       -0.028736       -0.280341       -0.185461

     H    9        0.540302       -0.184680        0.569341
     H    9       -0.184680       -0.050685       -0.500356
     H    9        0.569341       -0.500356       -0.489617

     C   10        0.199760        0.174046        0.538302
     C   10        0.174046       -0.039924       -0.297153
     C   10        0.538302       -0.297153       -0.159836

     C   11       -0.041441        0.256451        0.055284
     C   11        0.256451        0.128072       -0.444682
     C   11        0.055284       -0.444682       -0.086631

     Cl  12        0.253135        0.201865       -0.560470
     Cl  12        0.201865        0.353388        0.893174
     Cl  12       -0.560470        0.893174       -0.606523

     H   13       -0.667300        0.000155       -0.094082
     H   13        0.000155        0.580069        0.141627
     H   13       -0.094082        0.141627        0.087231

     C   14        0.067099        0.181144        0.163667
     C   14        0.181144        0.053270        0.115089
     C   14        0.163667        0.115089       -0.120369

     H   15        0.132974        0.450157        0.452685
     H   15        0.450157       -0.055011       -0.006512
     H   15        0.452685       -0.006512       -0.077963

     C   16        0.428735       -0.725925       -0.406505
     C   16       -0.725925       -0.039105       -0.288809
     C   16       -0.406505       -0.288809       -0.389630

     C   17       -0.393400        0.108899       -0.170183
     C   17        0.108899        0.417513        0.332793
     C   17       -0.170183        0.332793       -0.024113

     Cl  18       -0.058504       -2.068131       -0.583239
     Cl  18       -2.068131       -0.272029        1.475398
     Cl  18       -0.583239        1.475398        0.330533

     H   19       -0.059035        0.138785       -0.127450
     H   19        0.138785        0.165393       -0.217366
     H   19       -0.127450       -0.217366       -0.106358

     C   20        0.055620       -0.414758        0.392015
     C   20       -0.414758       -0.212825        0.154739
     C   20        0.392015        0.154739        0.157205

     H   21        0.423214       -0.042468        0.244903
     H   21       -0.042468       -0.092673        0.060676
     H   21        0.244903        0.060676       -0.330541

     C   22       -0.732586       -0.086246        0.135274
     C   22       -0.086246        0.176229       -0.371270
     C   22        0.135274       -0.371270        0.556358

     C   23        0.159294       -0.352527        0.387832
     C   23       -0.352527        0.011358        0.132242
     C   23        0.387832        0.132242       -0.170652

     Cl  24        1.283357        2.179589        0.443364
     Cl  24        2.179589       -0.018417       -0.490244
     Cl  24        0.443364       -0.490244       -1.264940

     ----- total EFG (symmetrized) -----
     Cl   1        0.934389       -2.032677       -0.709544
     Cl   1       -2.032677        0.287154        0.522048
     Cl   1       -0.709544        0.522048       -1.221542

     C    2        0.288753       -0.628861       -0.082220
     C    2       -0.628861       -0.075209       -0.410610
     C    2       -0.082220       -0.410610       -0.213544

     C    3       -0.276997       -0.009694        0.371284
     C    3       -0.009694        0.265666       -0.130561
     C    3        0.371284       -0.130561        0.011331

     H    4        0.315351       -0.137222        0.263118
     H    4       -0.137222       -0.390646        0.062838
     H    4        0.263118        0.062838        0.075296

     C    5        0.138831       -0.579230       -0.235451
     C    5       -0.579230        0.310712       -0.296750
     C    5       -0.235451       -0.296750       -0.449543

     H    6       -0.007978        0.130330        0.101141
     H    6        0.130330       -0.177717        0.386199
     H    6        0.101141        0.386199        0.185695

     H    7       -0.266550        0.034467        0.418294
     H    7        0.034467        0.552652       -0.548293
     H    7        0.418294       -0.548293       -0.286102

     C    8       -0.154245        0.064430       -0.028736
     C    8        0.064430        0.339706       -0.280341
     C    8       -0.028736       -0.280341       -0.185461

     H    9        0.540302       -0.184680        0.569341
     H    9       -0.184680       -0.050685       -0.500356
     H    9        0.569341       -0.500356       -0.489617

     C   10        0.199760        0.174046        0.538302
     C   10        0.174046       -0.039924       -0.297153
     C   10        0.538302       -0.297153       -0.159836

     C   11       -0.041441        0.256451        0.055284
     C   11        0.256451        0.128072       -0.444682
     C   11        0.055284       -0.444682       -0.086631

     Cl  12        0.253135        0.201865       -0.560470
     Cl  12        0.201865        0.353388        0.893174
     Cl  12       -0.560470        0.893174       -0.606523

     H   13       -0.667300        0.000155       -0.094082
     H   13        0.000155        0.580069        0.141627
     H   13       -0.094082        0.141627        0.087231

     C   14        0.067099        0.181144        0.163667
     C   14        0.181144        0.053270        0.115089
     C   14        0.163667        0.115089       -0.120369

     H   15        0.132974        0.450157        0.452685
     H   15        0.450157       -0.055011       -0.006512
     H   15        0.452685       -0.006512       -0.077963

     C   16        0.428735       -0.725925       -0.406505
     C   16       -0.725925       -0.039105       -0.288809
     C   16       -0.406505       -0.288809       -0.389630

     C   17       -0.393400        0.108899       -0.170183
     C   17        0.108899        0.417513        0.332793
     C   17       -0.170183        0.332793       -0.024113

     Cl  18       -0.058504       -2.068131       -0.583239
     Cl  18       -2.068131       -0.272029        1.475398
     Cl  18       -0.583239        1.475398        0.330533

     H   19       -0.059035        0.138785       -0.127450
     H   19        0.138785        0.165393       -0.217366
     H   19       -0.127450       -0.217366       -0.106358

     C   20        0.055620       -0.414758        0.392015
     C   20       -0.414758       -0.212825        0.154739
     C   20        0.392015        0.154739        0.157205

     H   21        0.423214       -0.042468        0.244903
     H   21       -0.042468       -0.092673        0.060676
     H   21        0.244903        0.060676       -0.330541

     C   22       -0.732586       -0.086246        0.135274
     C   22       -0.086246        0.176229       -0.371270
     C   22        0.135274       -0.371270        0.556358

     C   23        0.159294       -0.352527        0.387832
     C   23       -0.352527        0.011358        0.132242
     C   23        0.387832        0.132242       -0.170652

     Cl  24        1.283357        2.179589        0.443364
     Cl  24        2.179589       -0.018417       -0.490244
     Cl  24        0.443364       -0.490244       -1.264940


     NQR/NMR SPECTROSCOPIC PARAMETERS:
     Cl   1    Vxx=   -1.3644    axis=( -0.258627 -0.565788  0.782940)
     Cl   1    Vyy=   -1.4939    axis=( -0.614132 -0.529318 -0.585375)
     Cl   1    Vzz=    2.8583    axis=(  0.745623 -0.632223 -0.210572)
     Cl   1  Q=        -8.1650 1e-30 m^2  Cq=       -54.8351 MHz  eta= 0.04530

     C    2    Vxx=    0.0024    axis=( -0.487786 -0.327871  0.809052)
     C    2    Vyy=    0.7976    axis=( -0.749655  0.632211 -0.195770)
     C    2    Vzz=   -0.8001    axis=( -0.447305 -0.702004 -0.554174)
     C    2  Q=         1.0000 1e-30 m^2  Cq=        -1.8798 MHz  eta= 0.99393

     C    3    Vxx=    0.1554    axis=(  0.459127  0.695335  0.552912)
     C    3    Vyy=    0.3812    axis=( -0.352029  0.713840 -0.605399)
     C    3    Vzz=   -0.5366    axis=(  0.815646 -0.083315 -0.572521)
     C    3  Q=         1.0000 1e-30 m^2  Cq=        -1.2608 MHz  eta= 0.42065

     H    4    Vxx=   -0.0484    axis=( -0.465172  0.336779  0.818654)
     H    4    Vyy=   -0.4439    axis=(  0.253034  0.936804 -0.241605)
     H    4    Vzz=    0.4923    axis=( -0.848286  0.094759 -0.520992)
     H    4  Q=         1.0000 1e-30 m^2  Cq=         1.1567 MHz  eta= 0.80352

     C    5    Vxx=   -0.0330    axis=(  0.603598  0.447363 -0.659951)
     C    5    Vyy=   -0.7817    axis=(  0.479488  0.457643  0.748768)
     C    5    Vzz=    0.8147    axis=( -0.636994  0.768394 -0.061727)
     C    5  Q=         1.0000 1e-30 m^2  Cq=         1.9143 MHz  eta= 0.91890

     H    6    Vxx=   -0.0498    axis=(  0.942076 -0.044001 -0.332500)
     H    6    Vyy=   -0.4307    axis=( -0.140017  0.849244 -0.509098)
     H    6    Vzz=    0.4805    axis=(  0.304774  0.526165  0.793891)
     H    6  Q=         1.0000 1e-30 m^2  Cq=         1.1289 MHz  eta= 0.79286

     H    7    Vxx=   -0.0143    axis=(  0.802923  0.388434  0.452144)
     H    7    Vyy=   -0.8330    axis=( -0.576468  0.313015  0.754789)
     H    7    Vzz=    0.8473    axis=(  0.151658 -0.866684  0.475247)
     H    7  Q=         1.0000 1e-30 m^2  Cq=         1.9908 MHz  eta= 0.96618

     C    8    Vxx=   -0.1622    axis=(  0.993647 -0.105174  0.040062)
     C    8    Vyy=   -0.3070    axis=(  0.005054  0.397304  0.917673)
     C    8    Vzz=    0.4692    axis=( -0.112432 -0.911640  0.395311)
     C    8  Q=         1.0000 1e-30 m^2  Cq=         1.1025 MHz  eta= 0.30853

     H    9    Vxx=   -0.0188    axis=(  0.518741  0.819485 -0.243625)
     H    9    Vyy=   -0.9262    axis=(  0.278739 -0.431510 -0.857965)
     H    9    Vzz=    0.9451    axis=( -0.808216  0.377153 -0.452264)
     H    9  Q=         1.0000 1e-30 m^2  Cq=         2.2206 MHz  eta= 0.96013

     C   10    Vxx=    0.1310    axis=(  0.314415  0.890756 -0.328172)
     C   10    Vyy=    0.5895    axis=( -0.798893  0.061559 -0.598314)
     C   10    Vzz=   -0.7205    axis=( -0.512750  0.450294  0.730974)
     C   10  Q=         1.0000 1e-30 m^2  Cq=        -1.6929 MHz  eta= 0.63639

     C   11    Vxx=   -0.0048    axis=(  0.864230  0.014945  0.502875)
     C   11    Vyy=   -0.5261    axis=( -0.403630  0.617268  0.675324)
     C   11    Vzz=    0.5310    axis=( -0.300316 -0.786611  0.539494)
     C   11  Q=         1.0000 1e-30 m^2  Cq=         1.2476 MHz  eta= 0.98178

     Cl  12    Vxx=    0.4401    axis=(  0.912048  0.373241 -0.169880)
     Cl  12    Vyy=    0.9138    axis=( -0.224903  0.801659  0.553861)
     Cl  12    Vzz=   -1.3540    axis=(  0.342909 -0.466942  0.815094)
     Cl  12  Q=        -8.1650 1e-30 m^2  Cq=        25.9755 MHz  eta= 0.34986

     H   13    Vxx=    0.0608    axis=( -0.123766 -0.261062  0.957355)
     H   13    Vyy=    0.6183    axis=(  0.018965 -0.965219 -0.260754)
     H   13    Vzz=   -0.6791    axis=(  0.992130 -0.014116  0.124412)
     H   13  Q=         1.0000 1e-30 m^2  Cq=        -1.5956 MHz  eta= 0.82102

     C   14    Vxx=   -0.1131    axis=(  0.564386 -0.786920  0.249450)
     C   14    Vyy=   -0.2158    axis=(  0.471328  0.059093 -0.879976)
     C   14    Vzz=    0.3289    axis=(  0.677730  0.614219  0.404248)
     C   14  Q=         1.0000 1e-30 m^2  Cq=         0.7728 MHz  eta= 0.31204

     H   15    Vxx=   -0.0598    axis=(  0.017804 -0.712753  0.701189)
     H   15    Vyy=   -0.6168    axis=( -0.648194  0.525733  0.550862)
     H   15    Vzz=    0.6767    axis=(  0.761267  0.464314  0.452642)
     H   15  Q=         1.0000 1e-30 m^2  Cq=         1.5900 MHz  eta= 0.82311

     C   16    Vxx=   -0.0128    axis=( -0.279091 -0.592799  0.755445)
     C   16    Vyy=   -0.9652    axis=(  0.492907  0.586719  0.642498)
     C   16    Vzz=    0.9780    axis=( -0.824106  0.551680  0.128446)
     C   16  Q=         1.0000 1e-30 m^2  Cq=         2.2980 MHz  eta= 0.97378

     C   17    Vxx=   -0.0753    axis=(  0.534516  0.388698 -0.750471)
     C   17    Vyy=   -0.5211    axis=( -0.844998  0.263114 -0.465564)
     C   17    Vzz=    0.5963    axis=( -0.016496 -0.882997 -0.469088)
     C   17  Q=         1.0000 1e-30 m^2  Cq=         1.4012 MHz  eta= 0.74756

     Cl  18    Vxx=   -0.3505    axis=(  0.570721 -0.147253  0.807833)
     Cl  18    Vyy=   -2.4316    axis=(  0.590870  0.756808 -0.279489)
     Cl  18    Vzz=    2.7820    axis=( -0.570219  0.636834  0.518934)
     Cl  18  Q=        -8.1650 1e-30 m^2  Cq=       -53.3716 MHz  eta= 0.74806

     H   19    Vxx=   -0.1225    axis=(  0.851053 -0.508664 -0.130268)
     H   19    Vyy=   -0.2430    axis=(  0.341814  0.348368  0.872813)
     H   19    Vzz=    0.3655    axis=(  0.398588  0.787337 -0.470348)
     H   19  Q=         1.0000 1e-30 m^2  Cq=         0.8588 MHz  eta= 0.32982

     C   20    Vxx=    0.1295    axis=( -0.315447  0.680912  0.660947)
     C   20    Vyy=    0.5465    axis=( -0.730004  0.270882 -0.627469)
     C   20    Vzz=   -0.6760    axis=(  0.606290  0.680427 -0.411620)
     C   20  Q=         1.0000 1e-30 m^2  Cq=        -1.5883 MHz  eta= 0.61680

     H   21    Vxx=   -0.0784    axis=(  0.021756 -0.976610 -0.213915)
     H   21    Vyy=   -0.4183    axis=(  0.282940  0.211233 -0.935588)
     H   21    Vzz=    0.4967    axis=(  0.958891 -0.040170  0.280918)
     H   21  Q=         1.0000 1e-30 m^2  Cq=         1.1671 MHz  eta= 0.68419

     C   22    Vxx=   -0.0508    axis=( -0.004222  0.852707  0.522373)
     C   22    Vyy=   -0.7494    axis=( -0.994560 -0.057951  0.086558)
     C   22    Vzz=    0.8002    axis=(  0.104081 -0.519166  0.848313)
     C   22  Q=         1.0000 1e-30 m^2  Cq=         1.8801 MHz  eta= 0.87306

     C   23    Vxx=    0.0626    axis=( -0.134111 -0.749714 -0.648030)
     C   23    Vyy=    0.5313    axis=( -0.811718  0.458225 -0.362139)
     C   23    Vzz=   -0.5939    axis=(  0.568444  0.477451 -0.670009)
     C   23  Q=         1.0000 1e-30 m^2  Cq=        -1.3955 MHz  eta= 0.78919

     Cl  24    Vxx=   -0.7697    axis=(  0.348795 -0.490945  0.798320)
     Cl  24    Vyy=   -2.1384    axis=( -0.483007  0.635811  0.602038)
     Cl  24    Vzz=    2.9081    axis=( -0.803148 -0.595582 -0.015362)
     Cl  24  Q=        -8.1650 1e-30 m^2  Cq=       -55.7911 MHz  eta= 0.47063

     Initialization:
     gipaw_setup  :      9.04s CPU     10.71s WALL (       1 calls)

     Linear response

     Apply operators

     Induced current

     Other routines
     efg          :      9.17s CPU     11.43s WALL (       1 calls)

     General routines
     calbec       :      3.20s CPU      4.04s WALL (      16 calls)
     fft          :      1.73s CPU      2.82s WALL (      15 calls)
     ffts         :      0.04s CPU      0.04s WALL (       2 calls)
     fftw         :      3.22s CPU      3.97s WALL (     672 calls)
     davcio       :      0.02s CPU      0.33s WALL (      32 calls)

     Parallel routines
     fft_scatter  :      2.41s CPU      4.08s WALL (     689 calls)

     Plugins

     GIPAW        :     60.25s CPU     72.30s WALL (       1 calls)
