
     Program QE v.6.0 (svn rev. 13079) starts on 27Dec2016 at  9: 5:44 

     This program is part of the open-source Quantum ESPRESSO suite
     for quantum simulation of materials; please cite
         "P. Giannozzi et al., J. Phys.:Condens. Matter 21 395502 (2009);
          URL http://www.quantum-espresso.org", 
     in publications or presentations arising from this work. More details at
     http://www.quantum-espresso.org/quote

     Parallel version (MPI), running on     8 processors
     R & G space division:  proc/nbgrp/npool/nimage =       8

     ***** This is GIPAW svn revision unknown      *****

     Parallelizing q-star over 1 images

     Reading data from directory:
     /users/majewski/paradichlorobenzene/pbe/9_constraint/scratch/pbe.ecut100.np8.dt60.pcl2phi-129368.save
     Message from routine read_xml_file:
     file /users/majewski/paradichlorobenzene/pbe/9_constraint/scratch/pbe.ecut100.np8.dt60.pcl2phi-129368.save not guaranteed to be safe for post-processing

   Info: using nr1, nr2, nr3 values from input

   Info: using nr1, nr2, nr3 values from input

     IMPORTANT: XC functional enforced from input :
     Exchange-correlation      =  SLA  PW   PBX  PBC ( 1  4  3  4 0 0)
     Any further DFT definition will be discarded
     Please, verify this is what you really want

               file C.pbe-n-kjpaw_psl.1.0.0.UPF: wavefunction(s)  2S 2P renormalized
               file Cl.pbe-n-kjpaw_psl.1.0.0.UPF: wavefunction(s)  3S 3P renormalized
               file H.pbe-kjpaw_psl.1.0.0.UPF: wavefunction(s)  1S renormalized

     Parallelization info
     --------------------
     sticks:   dense  smooth     PW     G-vecs:    dense   smooth      PW
     Min        3057    1223    332               144436    36536    5170
     Max        3059    1225    333               144437    36537    5171
     Sum       24467    9791   2657              1155489   292295   41363


     Subspace diagonalization in iterative solution of the eigenvalue problem:
     a serial algorithm will be used

     GIPAW projectors -----------------------------------------------
     atom=  C    l=0  rc=    1.2000  rs=    0.8000
     atom=  C    l=0  rc=    1.2000  rs=    0.8000
     atom=  C    l=1  rc=    1.4000  rs=    0.9333
     atom=  C    l=1  rc=    1.4000  rs=    0.9333
     projs nearly linearly dependent: l=1  n1,n2= 1, 2  s=  0.99951561

     atom=  Cl   l=0  rc=    1.6000  rs=    1.0667
     atom=  Cl   l=0  rc=    1.6000  rs=    1.0667
     atom=  Cl   l=1  rc=    1.6000  rs=    1.0667
     atom=  Cl   l=1  rc=    1.6000  rs=    1.0667
     atom=  Cl   l=2  rc=    1.6000  rs=    1.0667
     atom=  Cl   l=2  rc=    1.6000  rs=    1.0667
     projs nearly linearly dependent: l=2  n1,n2= 1, 2  s=  0.99993509

     atom=  H    l=0  rc=    1.0000  rs=    0.6667
     atom=  H    l=0  rc=    1.0000  rs=    0.6667
     projs nearly linearly dependent: l=0  n1,n2= 1, 2  s=  0.99968852
     -----------------------------------------------------------------

     GIPAW integrals: -------------------------------------------
     Atom  i/j   nmr_para   nmr_dia   epr_rmc  epr_para   epr_dia
       C   1 1   0.83E+03  0.17E-01  0.93E+01  0.24E+08  0.24E+03
       C   2 1   0.86E+03 -0.61E-01  0.94E+01  0.25E+08  0.25E+03
       C   2 2   0.90E+03 -0.15E+00  0.97E+01  0.26E+08  0.26E+03
       C   3 3   0.33E+01  0.34E+00  0.18E+01  0.55E+03  0.21E+02
       C   4 3   0.35E+01  0.37E+00  0.20E+01  0.59E+03  0.22E+02
       C   4 4   0.38E+01  0.39E+00  0.22E+01  0.63E+03  0.24E+02
       Cl  1 1   0.14E+04 -0.47E+00  0.84E+01  0.32E+09  0.42E+03
       Cl  2 1   0.21E+04 -0.37E+00  0.12E+02  0.49E+09  0.65E+03
       Cl  2 2   0.33E+04 -0.16E+00  0.21E+02  0.76E+09  0.10E+04
       Cl  3 3   0.21E+02  0.79E-01  0.89E+01  0.23E+05  0.13E+03
       Cl  4 3   0.24E+02  0.67E-01  0.99E+01  0.27E+05  0.15E+03
       Cl  4 4   0.28E+02  0.44E-01  0.11E+02  0.32E+05  0.18E+03
       Cl  5 5   0.77E+00  0.19E+00  0.18E+01  0.12E+03  0.22E+02
       Cl  6 5   0.80E+00  0.19E+00  0.19E+01  0.12E+03  0.23E+02
       Cl  6 6   0.83E+00  0.20E+00  0.19E+01  0.12E+03  0.23E+02
       H   1 1   0.39E+02  0.19E+00  0.29E+00  0.78E+05  0.13E+02
       H   2 1   0.41E+02  0.21E+00  0.32E+00  0.82E+05  0.14E+02
       H   2 2   0.43E+02  0.22E+00  0.36E+00  0.86E+05  0.15E+02
     ------------------------------------------------------------

     alpha_pv=     34.1499 eV

     Number of occupied bands for each k-point:
     k-point:     1    nbnd_occ=  42
     k-point:     2    nbnd_occ=  42
     k-point:     3    nbnd_occ=  42
     k-point:     4    nbnd_occ=  42
     k-point:     5    nbnd_occ=  42
     k-point:     6    nbnd_occ=  42
     k-point:     7    nbnd_occ=  42
     k-point:     8    nbnd_occ=  42
     k-point:     9    nbnd_occ=  42
     k-point:    10    nbnd_occ=  42
     k-point:    11    nbnd_occ=  42
     k-point:    12    nbnd_occ=  42
     k-point:    13    nbnd_occ=  42
     k-point:    14    nbnd_occ=  42
     k-point:    15    nbnd_occ=  42
     k-point:    16    nbnd_occ=  42


     q-space interpolation up to   110.00 Rydberg

     GIPAW job: efg                                                                             


     ELECTRIC FIELD GRADIENTS TENSORS IN Hartree/bohrradius^2:

     ----- bare term -----
     Cl   1       -0.033471        0.063913       -0.024283
     Cl   1        0.063913       -0.019391        0.006190
     Cl   1       -0.024283        0.006190        0.052862

     C    2       -0.053088        0.072289       -0.576422
     C    2        0.072289       -0.105560       -0.466083
     C    2       -0.576422       -0.466083        0.158648

     C    3       -0.005847        0.514557       -0.254082
     C    3        0.514557       -0.331425       -0.484239
     C    3       -0.254082       -0.484239        0.337272

     H    4       -0.186301       -0.176477       -0.403256
     H    4       -0.176477        0.448894       -0.171114
     H    4       -0.403256       -0.171114       -0.262594

     C    5       -0.493593        0.289467       -0.447536
     C    5        0.289467        0.176992       -0.290894
     C    5       -0.447536       -0.290894        0.316601

     H    6        0.357577        0.004394       -0.088476
     H    6        0.004394       -0.541698       -0.452535
     H    6       -0.088476       -0.452535        0.184121

     H    7        0.294367       -0.273059       -0.109555
     H    7       -0.273059       -0.658418        0.109959
     H    7       -0.109555        0.109959        0.364052

     C    8       -0.078790        0.353076       -0.484408
     C    8        0.353076       -0.045330        0.518974
     C    8       -0.484408        0.518974        0.124120

     H    9       -0.201215        0.450695       -0.204204
     H    9        0.450695       -0.156029       -0.113493
     H    9       -0.204204       -0.113493        0.357244

     C   10       -0.470593       -0.323999        0.020664
     C   10       -0.323999        0.064127        0.392564
     C   10        0.020664        0.392564        0.406465

     C   11       -0.063568        0.285216       -0.376512
     C   11        0.285216       -0.006855        0.708646
     C   11       -0.376512        0.708646        0.070424

     Cl  12       -0.233888       -0.162459        0.037493
     Cl  12       -0.162459        0.028971        0.174120
     Cl  12        0.037493        0.174120        0.204917

     H   13        0.309224       -0.397017        0.160549
     H   13       -0.397017       -0.587216        0.125295
     H   13        0.160549        0.125295        0.277992

     C   14       -0.209553        0.229483       -0.235001
     C   14        0.229483       -0.169581       -0.176344
     C   14       -0.235001       -0.176344        0.379134

     H   15       -0.353360       -0.552866       -0.235843
     H   15       -0.552866       -0.017800       -0.091673
     H   15       -0.235843       -0.091673        0.371160

     C   16       -0.221196        0.296057       -0.391227
     C   16        0.296057       -0.004171       -0.386833
     C   16       -0.391227       -0.386833        0.225367

     C   17        0.003292        0.292590       -0.107076
     C   17        0.292590       -0.332136       -0.470449
     C   17       -0.107076       -0.470449        0.328843

     Cl  18       -0.122456        0.029102        0.025241
     Cl  18        0.029102       -0.103023        0.040426
     Cl  18        0.025241        0.040426        0.225479

     H   19       -0.015267        0.070904       -0.272484
     H   19        0.070904       -0.224611        0.476857
     H   19       -0.272484        0.476857        0.239878

     C   20       -0.326917       -0.337334       -0.137494
     C   20       -0.337334       -0.041499        0.232647
     C   20       -0.137494        0.232647        0.368415

     H   21       -0.640070       -0.188244       -0.154766
     H   21       -0.188244        0.269493        0.211530
     H   21       -0.154766        0.211530        0.370577

     C   22        0.106612        0.253190       -0.449298
     C   22        0.253190       -0.284767        0.546301
     C   22       -0.449298        0.546301        0.178155

     C   23       -0.363819       -0.376535       -0.346875
     C   23       -0.376535       -0.098131        0.185664
     C   23       -0.346875        0.185664        0.461950

     Cl  24       -0.032210        0.050435       -0.085675
     Cl  24        0.050435       -0.052461        0.030850
     Cl  24       -0.085675        0.030850        0.084671

     ----- ionic term -----
     Cl   1        0.116613       -0.187746        0.021387
     Cl   1       -0.187746        0.028573       -0.007349
     Cl   1        0.021387       -0.007349       -0.145186

     C    2        0.188541       -0.083379        0.294877
     C    2       -0.083379        0.208247        0.386371
     C    2        0.294877        0.386371       -0.396788

     C    3        0.126833       -0.227221        0.269074
     C    3       -0.227221        0.256698        0.342468
     C    3        0.269074        0.342468       -0.383530

     H    4        0.523562        0.348898        0.711085
     H    4        0.348898       -0.373387        0.274755
     H    4        0.711085        0.274755       -0.150175

     C    5        0.253730       -0.219262        0.345622
     C    5       -0.219262        0.135574        0.227858
     C    5        0.345622        0.227858       -0.389303

     H    6       -0.514787        0.129053        0.072957
     H    6        0.129053        0.831122        0.560120
     H    6        0.072957        0.560120       -0.316335

     H    7       -0.494639       -0.063032        0.026167
     H    7       -0.063032        0.883160       -0.534834
     H    7        0.026167       -0.534834       -0.388521

     C    8        0.384299        0.117443        0.170305
     C    8        0.117443        0.042437       -0.299360
     C    8        0.170305       -0.299360       -0.426736

     H    9        0.729602       -0.390446        0.540674
     H    9       -0.390446       -0.371269       -0.223987
     H    9        0.540674       -0.223987       -0.358333

     C   10        0.239480        0.181289        0.090014
     C   10        0.181289        0.157148       -0.375688
     C   10        0.090014       -0.375688       -0.396628

     C   11        0.201229        0.184034        0.159690
     C   11        0.184034        0.156326       -0.356645
     C   11        0.159690       -0.356645       -0.357555

     Cl  12        0.137555        0.182766       -0.005842
     Cl  12        0.182766       -0.001252       -0.015743
     Cl  12       -0.005842       -0.015743       -0.136303

     H   13       -0.475427        0.147877        0.083957
     H   13        0.147877        0.814282        0.569684
     H   13        0.083957        0.569684       -0.338855

     C   14        0.344277       -0.129358        0.352477
     C   14       -0.129358        0.119924        0.228660
     C   14        0.352477        0.228660       -0.464201

     H   15        0.521249        0.398539        0.648942
     H   15        0.398539       -0.337189        0.299303
     H   15        0.648942        0.299303       -0.184060

     C   16        0.134683       -0.170244        0.281042
     C   16       -0.170244        0.304713        0.288100
     C   16        0.281042        0.288100       -0.439396

     C   17        0.144419       -0.143778        0.366023
     C   17       -0.143778        0.246819        0.281296
     C   17        0.366023        0.281296       -0.391238

     Cl  18        0.112476       -0.204999        0.050825
     Cl  18       -0.204999        0.048208       -0.037392
     Cl  18        0.050825       -0.037392       -0.160684

     H   19       -0.514625       -0.119443        0.080211
     H   19       -0.119443        0.668698       -0.702051
     H   19        0.080211       -0.702051       -0.154073

     C   20        0.297239        0.215628        0.148268
     C   20        0.215628        0.066223       -0.312068
     C   20        0.148268       -0.312068       -0.363462

     H   21        0.671877       -0.209778        0.630822
     H   21       -0.209778       -0.486206       -0.201367
     H   21        0.630822       -0.201367       -0.185671

     C   22        0.194749        0.277277        0.112035
     C   22        0.277277        0.131950       -0.422405
     C   22        0.112035       -0.422405       -0.326699

     C   23        0.277276        0.134919        0.182112
     C   23        0.134919        0.075824       -0.444887
     C   23        0.182112       -0.444887       -0.353100

     Cl  24        0.159629        0.228394       -0.037860
     Cl  24        0.228394       -0.002312       -0.022806
     Cl  24       -0.037860       -0.022806       -0.157316

     ----- GIPAW term -----
     Cl   1        0.351393        0.417391       -1.179635
     Cl   1        0.417391        0.917084       -1.623278
     Cl   1       -1.179635       -1.623278       -1.268477

     C    2        0.078614        0.035694       -0.220093
     C    2        0.035694       -0.045642       -0.154325
     C    2       -0.220093       -0.154325       -0.032972

     C    3        0.061138        0.166307       -0.154794
     C    3        0.166307       -0.091595       -0.126606
     C    3       -0.154794       -0.126606        0.030457

     H    4       -0.000000        0.000000        0.000000
     H    4        0.000000        0.000000        0.000000
     H    4        0.000000        0.000000        0.000000

     C    5       -0.033045        0.138700       -0.058695
     C    5        0.138700        0.057863       -0.028955
     C    5       -0.058695       -0.028955       -0.024818

     H    6       -0.000000        0.000000        0.000000
     H    6        0.000000        0.000000        0.000000
     H    6        0.000000        0.000000        0.000000

     H    7       -0.000000        0.000000        0.000000
     H    7        0.000000        0.000000        0.000000
     H    7        0.000000        0.000000        0.000000

     C    8        0.089466        0.259692       -0.092562
     C    8        0.259692        0.028466        0.076080
     C    8       -0.092562        0.076080       -0.117932

     H    9       -0.000000        0.000000        0.000000
     H    9        0.000000        0.000000        0.000000
     H    9        0.000000        0.000000        0.000000

     C   10       -0.137994        0.092623        0.076977
     C   10        0.092623        0.169021        0.158743
     C   10        0.076977        0.158743       -0.031028

     C   11        0.004168        0.238284       -0.040223
     C   11        0.238284        0.141092        0.159267
     C   11       -0.040223        0.159267       -0.145259

     Cl  12       -0.241140        1.622018        0.271868
     Cl  12        1.622018        0.375814        1.633998
     Cl  12        0.271868        1.633998       -0.134674

     H   13       -0.000000        0.000000        0.000000
     H   13        0.000000        0.000000        0.000000
     H   13        0.000000        0.000000        0.000000

     C   14       -0.022601        0.082136       -0.122286
     C   14        0.082136       -0.064070       -0.102854
     C   14       -0.122286       -0.102854        0.086670

     H   15       -0.000000        0.000000        0.000000
     H   15        0.000000        0.000000        0.000000
     H   15        0.000000        0.000000        0.000000

     C   16        0.015196        0.182606       -0.175560
     C   16        0.182606        0.042893       -0.121768
     C   16       -0.175560       -0.121768       -0.058089

     C   17        0.100966        0.007388        0.071794
     C   17        0.007388       -0.067539        0.000622
     C   17        0.071794        0.000622       -0.033428

     Cl  18       -0.342857       -1.661424        0.787008
     Cl  18       -1.661424       -1.393900        0.327831
     Cl  18        0.787008        0.327831        1.736757

     H   19       -0.000000        0.000000        0.000000
     H   19        0.000000        0.000000        0.000000
     H   19        0.000000        0.000000        0.000000

     C   20        0.094843        0.161023        0.020007
     C   20        0.161023        0.013944        0.017993
     C   20        0.020007        0.017993       -0.108787

     H   21       -0.000000        0.000000        0.000000
     H   21        0.000000        0.000000        0.000000
     H   21        0.000000        0.000000        0.000000

     C   22        0.108030        0.217713       -0.190113
     C   22        0.217713       -0.045234       -0.000092
     C   22       -0.190113       -0.000092       -0.062795

     C   23        0.088085        0.133525       -0.185598
     C   23        0.133525       -0.068396       -0.067992
     C   23       -0.185598       -0.067992       -0.019689

     Cl  24        1.005225        2.141628       -1.915314
     Cl  24        2.141628       -1.197471       -0.112107
     Cl  24       -1.915314       -0.112107        0.192246

     ----- total EFG -----
     Cl   1        0.434535        0.293558       -1.182531
     Cl   1        0.293558        0.926266       -1.624437
     Cl   1       -1.182531       -1.624437       -1.360801

     C    2        0.214067        0.024604       -0.501639
     C    2        0.024604        0.057045       -0.234037
     C    2       -0.501639       -0.234037       -0.271112

     C    3        0.182124        0.453643       -0.139802
     C    3        0.453643       -0.166323       -0.268377
     C    3       -0.139802       -0.268377       -0.015801

     H    4        0.337262        0.172421        0.307829
     H    4        0.172421        0.075507        0.103642
     H    4        0.307829        0.103642       -0.412769

     C    5       -0.272908        0.208904       -0.160608
     C    5        0.208904        0.370429       -0.091991
     C    5       -0.160608       -0.091991       -0.097520

     H    6       -0.157210        0.133447       -0.015519
     H    6        0.133447        0.289424        0.107584
     H    6       -0.015519        0.107584       -0.132214

     H    7       -0.200272       -0.336091       -0.083387
     H    7       -0.336091        0.224742       -0.424875
     H    7       -0.083387       -0.424875       -0.024470

     C    8        0.394975        0.730211       -0.406665
     C    8        0.730211        0.025573        0.295694
     C    8       -0.406665        0.295694       -0.420548

     H    9        0.528387        0.060249        0.336469
     H    9        0.060249       -0.527297       -0.337480
     H    9        0.336469       -0.337480       -0.001090

     C   10       -0.369106       -0.050087        0.187655
     C   10       -0.050087        0.390297        0.175619
     C   10        0.187655        0.175619       -0.021190

     C   11        0.141828        0.707535       -0.257045
     C   11        0.707535        0.290563        0.511268
     C   11       -0.257045        0.511268       -0.432391

     Cl  12       -0.337473        1.642326        0.303518
     Cl  12        1.642326        0.403533        1.792375
     Cl  12        0.303518        1.792375       -0.066060

     H   13       -0.166203       -0.249140        0.244507
     H   13       -0.249140        0.227066        0.694978
     H   13        0.244507        0.694978       -0.060863

     C   14        0.112123        0.182261       -0.004810
     C   14        0.182261       -0.113727       -0.050538
     C   14       -0.004810       -0.050538        0.001604

     H   15        0.167889       -0.154327        0.413098
     H   15       -0.154327       -0.354989        0.207630
     H   15        0.413098        0.207630        0.187100

     C   16       -0.071318        0.308419       -0.285745
     C   16        0.308419        0.343435       -0.220502
     C   16       -0.285745       -0.220502       -0.272117

     C   17        0.248678        0.156199        0.330741
     C   17        0.156199       -0.152855       -0.188531
     C   17        0.330741       -0.188531       -0.095823

     Cl  18       -0.352837       -1.837321        0.863075
     Cl  18       -1.837321       -1.448715        0.330865
     Cl  18        0.863075        0.330865        1.801552

     H   19       -0.529892       -0.048538       -0.192273
     H   19       -0.048538        0.444086       -0.225194
     H   19       -0.192273       -0.225194        0.085806

     C   20        0.065166        0.039317        0.030781
     C   20        0.039317        0.038668       -0.061428
     C   20        0.030781       -0.061428       -0.103834

     H   21        0.031808       -0.398021        0.476055
     H   21       -0.398021       -0.216713        0.010163
     H   21        0.476055        0.010163        0.184905

     C   22        0.409390        0.748179       -0.527375
     C   22        0.748179       -0.198051        0.123803
     C   22       -0.527375        0.123803       -0.211339

     C   23        0.001542       -0.108091       -0.350361
     C   23       -0.108091       -0.090703       -0.327215
     C   23       -0.350361       -0.327215        0.089161

     Cl  24        1.132643        2.420458       -2.038848
     Cl  24        2.420458       -1.252244       -0.104062
     Cl  24       -2.038848       -0.104062        0.119601

     ----- total EFG (symmetrized) -----
     Cl   1        0.434535        0.293558       -1.182531
     Cl   1        0.293558        0.926266       -1.624437
     Cl   1       -1.182531       -1.624437       -1.360801

     C    2        0.214067        0.024604       -0.501639
     C    2        0.024604        0.057045       -0.234037
     C    2       -0.501639       -0.234037       -0.271112

     C    3        0.182124        0.453643       -0.139802
     C    3        0.453643       -0.166323       -0.268377
     C    3       -0.139802       -0.268377       -0.015801

     H    4        0.337262        0.172421        0.307829
     H    4        0.172421        0.075507        0.103642
     H    4        0.307829        0.103642       -0.412769

     C    5       -0.272908        0.208904       -0.160608
     C    5        0.208904        0.370429       -0.091991
     C    5       -0.160608       -0.091991       -0.097520

     H    6       -0.157210        0.133447       -0.015519
     H    6        0.133447        0.289424        0.107584
     H    6       -0.015519        0.107584       -0.132214

     H    7       -0.200272       -0.336091       -0.083387
     H    7       -0.336091        0.224742       -0.424875
     H    7       -0.083387       -0.424875       -0.024470

     C    8        0.394975        0.730211       -0.406665
     C    8        0.730211        0.025573        0.295694
     C    8       -0.406665        0.295694       -0.420548

     H    9        0.528387        0.060249        0.336469
     H    9        0.060249       -0.527297       -0.337480
     H    9        0.336469       -0.337480       -0.001090

     C   10       -0.369106       -0.050087        0.187655
     C   10       -0.050087        0.390297        0.175619
     C   10        0.187655        0.175619       -0.021190

     C   11        0.141828        0.707535       -0.257045
     C   11        0.707535        0.290563        0.511268
     C   11       -0.257045        0.511268       -0.432391

     Cl  12       -0.337473        1.642326        0.303518
     Cl  12        1.642326        0.403533        1.792375
     Cl  12        0.303518        1.792375       -0.066060

     H   13       -0.166203       -0.249140        0.244507
     H   13       -0.249140        0.227066        0.694978
     H   13        0.244507        0.694978       -0.060863

     C   14        0.112123        0.182261       -0.004810
     C   14        0.182261       -0.113727       -0.050538
     C   14       -0.004810       -0.050538        0.001604

     H   15        0.167889       -0.154327        0.413098
     H   15       -0.154327       -0.354989        0.207630
     H   15        0.413098        0.207630        0.187100

     C   16       -0.071318        0.308419       -0.285745
     C   16        0.308419        0.343435       -0.220502
     C   16       -0.285745       -0.220502       -0.272117

     C   17        0.248678        0.156199        0.330741
     C   17        0.156199       -0.152855       -0.188531
     C   17        0.330741       -0.188531       -0.095823

     Cl  18       -0.352837       -1.837321        0.863075
     Cl  18       -1.837321       -1.448715        0.330865
     Cl  18        0.863075        0.330865        1.801552

     H   19       -0.529892       -0.048538       -0.192273
     H   19       -0.048538        0.444086       -0.225194
     H   19       -0.192273       -0.225194        0.085806

     C   20        0.065166        0.039317        0.030781
     C   20        0.039317        0.038668       -0.061428
     C   20        0.030781       -0.061428       -0.103834

     H   21        0.031808       -0.398021        0.476055
     H   21       -0.398021       -0.216713        0.010163
     H   21        0.476055        0.010163        0.184905

     C   22        0.409390        0.748179       -0.527375
     C   22        0.748179       -0.198051        0.123803
     C   22       -0.527375        0.123803       -0.211339

     C   23        0.001542       -0.108091       -0.350361
     C   23       -0.108091       -0.090703       -0.327215
     C   23       -0.350361       -0.327215        0.089161

     Cl  24        1.132643        2.420458       -2.038848
     Cl  24        2.420458       -1.252244       -0.104062
     Cl  24       -2.038848       -0.104062        0.119601


     NQR/NMR SPECTROSCOPIC PARAMETERS:
     Cl   1    Vxx=    0.3189    axis=(  0.833443 -0.549863 -0.054984)
     Cl   1    Vyy=    2.1850    axis=( -0.456622 -0.741304  0.491898)
     Cl   1    Vzz=   -2.5039    axis=( -0.311236 -0.384863 -0.868915)
     Cl   1  Q=        -8.1650 1e-30 m^2  Cq=        48.0355 MHz  eta= 0.74529

     C    2    Vxx=    0.0644    axis=(  0.383388 -0.920990  0.069220)
     C    2    Vyy=    0.5721    axis=(  0.786456  0.286250 -0.547309)
     C    2    Vzz=   -0.6365    axis=(  0.484252  0.264270  0.834063)
     C    2  Q=         1.0000 1e-30 m^2  Cq=        -1.4956 MHz  eta= 0.79767

     C    3    Vxx=   -0.0871    axis=(  0.504537 -0.033571  0.862737)
     C    3    Vyy=   -0.5241    axis=( -0.470495  0.827151  0.307336)
     C    3    Vzz=    0.6112    axis=( -0.723932 -0.560976  0.401534)
     C    3  Q=         1.0000 1e-30 m^2  Cq=         1.4361 MHz  eta= 0.71493

     H    4    Vxx=   -0.0071    axis=(  0.397531 -0.915076  0.067865)
     H    4    Vyy=   -0.5257    axis=(  0.322678  0.070177 -0.943904)
     H    4    Vzz=    0.5328    axis=(  0.858981  0.397129  0.323172)
     H    4  Q=         1.0000 1e-30 m^2  Cq=         1.2518 MHz  eta= 0.97341

     C    5    Vxx=   -0.0711    axis=( -0.340788  0.343573  0.875112)
     C    5    Vyy=   -0.3942    axis=(  0.886778 -0.191668  0.420581)
     C    5    Vzz=    0.4653    axis=( -0.312231 -0.919359  0.239355)
     C    5  Q=         1.0000 1e-30 m^2  Cq=         1.0933 MHz  eta= 0.69444

     H    6    Vxx=   -0.1262    axis=( -0.560500 -0.034225  0.827447)
     H    6    Vyy=   -0.2209    axis=( -0.791241  0.317104 -0.522859)
     H    6    Vzz=    0.3471    axis=(  0.244492  0.947773  0.204817)
     H    6  Q=         1.0000 1e-30 m^2  Cq=         0.8155 MHz  eta= 0.27311

     H    7    Vxx=   -0.0425    axis=(  0.718201 -0.169645 -0.674839)
     H    7    Vyy=   -0.5658    axis=(  0.634619  0.557455  0.535260)
     H    7    Vzz=    0.6084    axis=( -0.285389  0.812690 -0.508025)
     H    7  Q=         1.0000 1e-30 m^2  Cq=         1.4294 MHz  eta= 0.86018

     C    8    Vxx=   -0.0059    axis=( -0.324768  0.589975  0.739226)
     C    8    Vyy=   -0.9731    axis=( -0.495954  0.559284 -0.664253)
     C    8    Vzz=    0.9790    axis=( -0.805330 -0.582350  0.110963)
     C    8  Q=         1.0000 1e-30 m^2  Cq=         2.3003 MHz  eta= 0.98796

     H    9    Vxx=    0.0272    axis=(  0.439998  0.501243 -0.745089)
     H    9    Vyy=    0.6997    axis=(  0.881809 -0.084325  0.464007)
     H    9    Vzz=   -0.7269    axis=( -0.169750  0.861188  0.479104)
     H    9  Q=         1.0000 1e-30 m^2  Cq=        -1.7080 MHz  eta= 0.92503

     C   10    Vxx=    0.0120    axis=(  0.451763 -0.325753  0.830539)
     C   10    Vyy=    0.4555    axis=( -0.023726 -0.935011 -0.353823)
     C   10    Vzz=   -0.4675    axis=(  0.891822  0.140139 -0.430133)
     C   10  Q=         1.0000 1e-30 m^2  Cq=        -1.0984 MHz  eta= 0.94865

     C   11    Vxx=    0.0449    axis=(  0.625508 -0.340717 -0.701892)
     C   11    Vyy=    0.9636    axis=( -0.611809 -0.772466 -0.170252)
     C   11    Vzz=   -1.0085    axis=( -0.484180  0.535917 -0.691638)
     C   11  Q=         1.0000 1e-30 m^2  Cq=        -2.3696 MHz  eta= 0.91103

     Cl  12    Vxx=   -0.5139    axis=(  0.723650  0.049470 -0.688392)
     Cl  12    Vyy=   -2.1812    axis=( -0.526576  0.684348 -0.504367)
     Cl  12    Vzz=    2.6951    axis=( -0.446148 -0.727476 -0.521278)
     Cl  12  Q=        -8.1650 1e-30 m^2  Cq=       -51.7038 MHz  eta= 0.61862

     H   13    Vxx=    0.0184    axis=(  0.879855 -0.264510  0.394828)
     H   13    Vyy=    0.7946    axis=(  0.044296 -0.781534 -0.622289)
     H   13    Vzz=   -0.8130    axis=(  0.473173  0.565013 -0.675920)
     H   13  Q=         1.0000 1e-30 m^2  Cq=        -1.9102 MHz  eta= 0.95469

     C   14    Vxx=    0.0055    axis=(  0.207401 -0.095591  0.973574)
     C   14    Vyy=    0.2175    axis=(  0.859337  0.493372 -0.134623)
     C   14    Vzz=   -0.2231    axis=( -0.467466  0.864550  0.184471)
     C   14  Q=         1.0000 1e-30 m^2  Cq=        -0.5241 MHz  eta= 0.95032

     H   15    Vxx=   -0.0340    axis=( -0.589118  0.619138  0.519238)
     H   15    Vyy=   -0.5586    axis=(  0.424291  0.783889 -0.453315)
     H   15    Vzz=    0.5926    axis=(  0.687689  0.046748  0.724498)
     H   15  Q=         1.0000 1e-30 m^2  Cq=         1.3924 MHz  eta= 0.88520

     C   16    Vxx=   -0.1564    axis=(  0.651847 -0.604314 -0.458148)
     C   16    Vyy=   -0.4746    axis=(  0.576733  0.002760  0.816928)
     C   16    Vzz=    0.6310    axis=( -0.492416 -0.796741  0.350327)
     C   16  Q=         1.0000 1e-30 m^2  Cq=         1.4826 MHz  eta= 0.50424

     C   17    Vxx=    0.0260    axis=(  0.253167  0.797793 -0.547205)
     C   17    Vyy=    0.4518    axis=(  0.864167  0.067773  0.498621)
     C   17    Vzz=   -0.4778    axis=( -0.434882  0.599111  0.672268)
     C   17  Q=         1.0000 1e-30 m^2  Cq=        -1.1226 MHz  eta= 0.89106

     Cl  18    Vxx=    0.8065    axis=(  0.685173 -0.615382 -0.389671)
     Cl  18    Vyy=    2.1417    axis=(  0.404467 -0.123471  0.906180)
     Cl  18    Vzz=   -2.9482    axis=( -0.605759 -0.778499  0.164302)
     Cl  18  Q=        -8.1650 1e-30 m^2  Cq=        56.5595 MHz  eta= 0.45289

     H   19    Vxx=    0.0427    axis=( -0.319614  0.433974  0.842327)
     H   19    Vyy=    0.5543    axis=( -0.039045 -0.894231  0.445900)
     H   19    Vzz=   -0.5970    axis=(  0.946743  0.109628  0.302753)
     H   19  Q=         1.0000 1e-30 m^2  Cq=        -1.4027 MHz  eta= 0.85682

     C   20    Vxx=    0.0416    axis=( -0.598753  0.684512 -0.415859)
     C   20    Vyy=    0.0942    axis=(  0.772780  0.630185 -0.075351)
     C   20    Vzz=   -0.1358    axis=( -0.210490  0.366484  0.906302)
     C   20  Q=         1.0000 1e-30 m^2  Cq=        -0.3191 MHz  eta= 0.38750

     H   21    Vxx=   -0.0346    axis=( -0.307942  0.708337  0.635161)
     H   21    Vyy=   -0.6349    axis=(  0.661574  0.639203 -0.392096)
     H   21    Vzz=    0.6695    axis=( -0.683733  0.299463 -0.665455)
     H   21  Q=         1.0000 1e-30 m^2  Cq=         1.5730 MHz  eta= 0.89674

     C   22    Vxx=   -0.0891    axis=(  0.045942 -0.595797 -0.801820)
     C   22    Vyy=   -0.9418    axis=(  0.560247 -0.649181  0.514478)
     C   22    Vzz=    1.0310    axis=( -0.827051 -0.472853  0.303968)
     C   22  Q=         1.0000 1e-30 m^2  Cq=         2.4224 MHz  eta= 0.82710

     C   23    Vxx=    0.0605    axis=(  0.683276 -0.722144  0.107893)
     C   23    Vyy=    0.4666    axis=( -0.505897 -0.361667  0.783112)
     C   23    Vzz=   -0.5271    axis=( -0.526499 -0.589665 -0.612449)
     C   23  Q=         1.0000 1e-30 m^2  Cq=        -1.2384 MHz  eta= 0.77059

     Cl  24    Vxx=   -0.4763    axis=(  0.209533  0.544716  0.812022)
     Cl  24    Vyy=   -3.1217    axis=(  0.583324 -0.736130  0.343286)
     Cl  24    Vzz=    3.5980    axis=(  0.784748  0.401742 -0.471990)
     Cl  24  Q=        -8.1650 1e-30 m^2  Cq=       -69.0266 MHz  eta= 0.73524

     Initialization:
     gipaw_setup  :      9.08s CPU     10.79s WALL (       1 calls)

     Linear response

     Apply operators

     Induced current

     Other routines
     efg          :      9.18s CPU     11.39s WALL (       1 calls)

     General routines
     calbec       :      3.32s CPU      4.31s WALL (      16 calls)
     fft          :      1.72s CPU      2.67s WALL (      15 calls)
     ffts         :      0.04s CPU      0.05s WALL (       2 calls)
     fftw         :      3.20s CPU      3.80s WALL (     672 calls)
     davcio       :      0.00s CPU      0.32s WALL (      32 calls)

     Parallel routines
     fft_scatter  :      2.27s CPU      3.59s WALL (     689 calls)

     Plugins

     GIPAW        :     60.19s CPU     72.50s WALL (       1 calls)
