
     Program QE v.6.0 (svn rev. 13079) starts on 30Dec2016 at  8:37:58 

     This program is part of the open-source Quantum ESPRESSO suite
     for quantum simulation of materials; please cite
         "P. Giannozzi et al., J. Phys.:Condens. Matter 21 395502 (2009);
          URL http://www.quantum-espresso.org", 
     in publications or presentations arising from this work. More details at
     http://www.quantum-espresso.org/quote

     Parallel version (MPI), running on     8 processors
     R & G space division:  proc/nbgrp/npool/nimage =       8

     ***** This is GIPAW svn revision unknown      *****

     Parallelizing q-star over 1 images

     Reading data from directory:
     /users/majewski/paradichlorobenzene/pbe/9_constraint/scratch/pbe.ecut100.np8.dt60.pcl2phi-129368.save
     Message from routine read_xml_file:
     file /users/majewski/paradichlorobenzene/pbe/9_constraint/scratch/pbe.ecut100.np8.dt60.pcl2phi-129368.save not guaranteed to be safe for post-processing

   Info: using nr1, nr2, nr3 values from input

   Info: using nr1, nr2, nr3 values from input

     IMPORTANT: XC functional enforced from input :
     Exchange-correlation      =  SLA  PW   PBX  PBC ( 1  4  3  4 0 0)
     Any further DFT definition will be discarded
     Please, verify this is what you really want

               file C.pbe-n-kjpaw_psl.1.0.0.UPF: wavefunction(s)  2S 2P renormalized
               file Cl.pbe-n-kjpaw_psl.1.0.0.UPF: wavefunction(s)  3S 3P renormalized
               file H.pbe-kjpaw_psl.1.0.0.UPF: wavefunction(s)  1S renormalized

     Parallelization info
     --------------------
     sticks:   dense  smooth     PW     G-vecs:    dense   smooth      PW
     Min        3057    1223    332               144436    36536    5170
     Max        3059    1225    333               144437    36537    5171
     Sum       24467    9791   2657              1155489   292295   41363


     Subspace diagonalization in iterative solution of the eigenvalue problem:
     a serial algorithm will be used

     GIPAW projectors -----------------------------------------------
     atom=  C    l=0  rc=    1.2000  rs=    0.8000
     atom=  C    l=0  rc=    1.2000  rs=    0.8000
     atom=  C    l=1  rc=    1.4000  rs=    0.9333
     atom=  C    l=1  rc=    1.4000  rs=    0.9333
     projs nearly linearly dependent: l=1  n1,n2= 1, 2  s=  0.99951561

     atom=  Cl   l=0  rc=    1.6000  rs=    1.0667
     atom=  Cl   l=0  rc=    1.6000  rs=    1.0667
     atom=  Cl   l=1  rc=    1.6000  rs=    1.0667
     atom=  Cl   l=1  rc=    1.6000  rs=    1.0667
     atom=  Cl   l=2  rc=    1.6000  rs=    1.0667
     atom=  Cl   l=2  rc=    1.6000  rs=    1.0667
     projs nearly linearly dependent: l=2  n1,n2= 1, 2  s=  0.99993509

     atom=  H    l=0  rc=    1.0000  rs=    0.6667
     atom=  H    l=0  rc=    1.0000  rs=    0.6667
     projs nearly linearly dependent: l=0  n1,n2= 1, 2  s=  0.99968852
     -----------------------------------------------------------------

     GIPAW integrals: -------------------------------------------
     Atom  i/j   nmr_para   nmr_dia   epr_rmc  epr_para   epr_dia
       C   1 1   0.83E+03  0.17E-01  0.93E+01  0.24E+08  0.24E+03
       C   2 1   0.86E+03 -0.61E-01  0.94E+01  0.25E+08  0.25E+03
       C   2 2   0.90E+03 -0.15E+00  0.97E+01  0.26E+08  0.26E+03
       C   3 3   0.33E+01  0.34E+00  0.18E+01  0.55E+03  0.21E+02
       C   4 3   0.35E+01  0.37E+00  0.20E+01  0.59E+03  0.22E+02
       C   4 4   0.38E+01  0.39E+00  0.22E+01  0.63E+03  0.24E+02
       Cl  1 1   0.14E+04 -0.47E+00  0.84E+01  0.32E+09  0.42E+03
       Cl  2 1   0.21E+04 -0.37E+00  0.12E+02  0.49E+09  0.65E+03
       Cl  2 2   0.33E+04 -0.16E+00  0.21E+02  0.76E+09  0.10E+04
       Cl  3 3   0.21E+02  0.79E-01  0.89E+01  0.23E+05  0.13E+03
       Cl  4 3   0.24E+02  0.67E-01  0.99E+01  0.27E+05  0.15E+03
       Cl  4 4   0.28E+02  0.44E-01  0.11E+02  0.32E+05  0.18E+03
       Cl  5 5   0.77E+00  0.19E+00  0.18E+01  0.12E+03  0.22E+02
       Cl  6 5   0.80E+00  0.19E+00  0.19E+01  0.12E+03  0.23E+02
       Cl  6 6   0.83E+00  0.20E+00  0.19E+01  0.12E+03  0.23E+02
       H   1 1   0.39E+02  0.19E+00  0.29E+00  0.78E+05  0.13E+02
       H   2 1   0.41E+02  0.21E+00  0.32E+00  0.82E+05  0.14E+02
       H   2 2   0.43E+02  0.22E+00  0.36E+00  0.86E+05  0.15E+02
     ------------------------------------------------------------

     alpha_pv=     33.9303 eV

     Number of occupied bands for each k-point:
     k-point:     1    nbnd_occ=  42
     k-point:     2    nbnd_occ=  42
     k-point:     3    nbnd_occ=  42
     k-point:     4    nbnd_occ=  42
     k-point:     5    nbnd_occ=  42
     k-point:     6    nbnd_occ=  42
     k-point:     7    nbnd_occ=  42
     k-point:     8    nbnd_occ=  42
     k-point:     9    nbnd_occ=  42
     k-point:    10    nbnd_occ=  42
     k-point:    11    nbnd_occ=  42
     k-point:    12    nbnd_occ=  42
     k-point:    13    nbnd_occ=  42
     k-point:    14    nbnd_occ=  42
     k-point:    15    nbnd_occ=  42
     k-point:    16    nbnd_occ=  42


     q-space interpolation up to   110.00 Rydberg

     GIPAW job: efg                                                                             


     ELECTRIC FIELD GRADIENTS TENSORS IN Hartree/bohrradius^2:

     ----- bare term -----
     Cl   1       -0.136542        0.254333        0.018592
     Cl   1        0.254333       -0.056860        0.047405
     Cl   1        0.018592        0.047405        0.193402

     C    2        0.009661       -0.171140       -0.331758
     C    2       -0.171140        0.038816       -0.687299
     C    2       -0.331758       -0.687299       -0.048478

     C    3       -0.337376        0.336886       -0.243332
     C    3        0.336886       -0.044907       -0.202480
     C    3       -0.243332       -0.202480        0.382283

     H    4       -0.195398       -0.145006       -0.378682
     H    4       -0.145006        0.372235       -0.354398
     H    4       -0.378682       -0.354398       -0.176837

     C    5       -0.114021       -0.157309       -0.490006
     C    5       -0.157309       -0.186754       -0.372528
     C    5       -0.490006       -0.372528        0.300775

     H    6        0.303432        0.088720        0.314042
     H    6        0.088720        0.003359       -0.505697
     H    6        0.314042       -0.505697       -0.306791

     H    7        0.468742       -0.000925       -0.093359
     H    7       -0.000925       -0.536974        0.589254
     H    7       -0.093359        0.589254        0.068232

     C    8       -0.867160       -0.407375       -0.420077
     C    8       -0.407375        0.503660        0.065052
     C    8       -0.420077        0.065052        0.363500

     H    9        0.070653       -0.179810       -0.436370
     H    9       -0.179810       -0.126803       -0.137192
     H    9       -0.436370       -0.137192        0.056151

     C   10        0.263124       -0.177792       -0.022917
     C   10       -0.177792       -0.269000        0.558611
     C   10       -0.022917        0.558611        0.005876

     C   11       -0.524712       -0.392223       -0.402589
     C   11       -0.392223        0.108016        0.003504
     C   11       -0.402589        0.003504        0.416697

     Cl  12        0.210631        0.092003        0.004858
     Cl  12        0.092003       -0.370704       -0.217673
     Cl  12        0.004858       -0.217673        0.160073

     H   13        0.521562        0.055805       -0.168394
     H   13        0.055805       -0.222140       -0.302319
     H   13       -0.168394       -0.302319       -0.299422

     C   14       -0.699676        0.329072       -0.148767
     C   14        0.329072        0.364512       -0.185583
     C   14       -0.148767       -0.185583        0.335164

     H   15       -0.163547        0.165976       -0.564081
     H   15        0.165976        0.123771        0.141052
     H   15       -0.564081        0.141052        0.039776

     C   16        0.050792       -0.111460       -0.262981
     C   16       -0.111460       -0.049566       -0.636655
     C   16       -0.262981       -0.636655       -0.001225

     C   17       -0.657480        0.372468       -0.325618
     C   17        0.372468        0.311088       -0.207706
     C   17       -0.325618       -0.207706        0.346392

     Cl  18       -0.021358       -0.025094       -0.019886
     Cl  18       -0.025094        0.141726        0.029604
     Cl  18       -0.019886        0.029604       -0.120369

     H   19        0.367333        0.298309       -0.122052
     H   19        0.298309       -0.546505        0.488339
     H   19       -0.122052        0.488339        0.179173

     C   20       -0.019464       -0.179729       -0.100538
     C   20       -0.179729       -0.201397        0.362887
     C   20       -0.100538        0.362887        0.220861

     H   21        0.071655        0.176937       -0.463203
     H   21        0.176937        0.366315        0.382565
     H   21       -0.463203        0.382565       -0.437970

     C   22       -0.733741       -0.386066       -0.317868
     C   22       -0.386066        0.277062        0.012388
     C   22       -0.317868        0.012388        0.456679

     C   23        0.007023       -0.066291       -0.190286
     C   23       -0.066291       -0.194253        0.438847
     C   23       -0.190286        0.438847        0.187230

     Cl  24       -0.191106       -0.167676       -0.139277
     Cl  24       -0.167676       -0.124575       -0.044213
     Cl  24       -0.139277       -0.044213        0.315681

     ----- ionic term -----
     Cl   1        0.165094       -0.174504       -0.015488
     Cl   1       -0.174504       -0.034141        0.015852
     Cl   1       -0.015488        0.015852       -0.130953

     C    2        0.192976       -0.198920        0.211904
     C    2       -0.198920       -0.053379        0.511154
     C    2        0.211904        0.511154       -0.139597

     C    3        0.143565       -0.370748        0.132528
     C    3       -0.370748        0.020926        0.487890
     C    3        0.132528        0.487890       -0.164491

     H    4        0.537477        0.164652        0.769319
     H    4        0.164652       -0.546226        0.202571
     H    4        0.769319        0.202571        0.008749

     C    5        0.274811       -0.334956        0.258015
     C    5       -0.334956       -0.098694        0.330469
     C    5        0.258015        0.330469       -0.176117

     H    6       -0.531363       -0.045594       -0.005815
     H    6       -0.045594        0.406151        0.797357
     H    6       -0.005815        0.797357        0.125213

     H    7       -0.489700       -0.183113        0.118760
     H    7       -0.183113        0.638796       -0.679368
     H    7        0.118760       -0.679368       -0.149097

     C    8        0.211614        0.184260        0.354565
     C    8        0.184260        0.053010       -0.263735
     C    8        0.354565       -0.263735       -0.264624

     H    9        0.468796       -0.031653        0.768485
     H    9       -0.031653       -0.445540       -0.114140
     H    9        0.768485       -0.114140       -0.023257

     C   10        0.063550        0.283373        0.240329
     C   10        0.283373        0.208779       -0.326223
     C   10        0.240329       -0.326223       -0.272328

     C   11        0.130392        0.210432        0.387097
     C   11        0.210432        0.097966       -0.324431
     C   11        0.387097       -0.324431       -0.228358

     Cl  12        0.142933        0.225715        0.056802
     Cl  12        0.225715        0.007005        0.024070
     Cl  12        0.056802        0.024070       -0.149937

     H   13       -0.511646        0.097724        0.070772
     H   13        0.097724        0.603423        0.751636
     H   13        0.070772        0.751636       -0.091777

     C   14        0.299359       -0.161250        0.284126
     C   14       -0.161250       -0.032716        0.326428
     C   14        0.284126        0.326428       -0.266644

     H   15        0.548999        0.310334        0.707795
     H   15        0.310334       -0.433891        0.267252
     H   15        0.707795        0.267252       -0.115108

     C   16        0.171119       -0.211776        0.207568
     C   16       -0.211776        0.053759        0.395129
     C   16        0.207568        0.395129       -0.224878

     C   17        0.159697       -0.238516        0.333047
     C   17       -0.238516       -0.011850        0.385947
     C   17        0.333047        0.385947       -0.147847

     Cl  18        0.118347       -0.222303        0.008187
     Cl  18       -0.222303        0.008323        0.003637
     Cl  18        0.008187        0.003637       -0.126669

     H   19       -0.504321       -0.175557        0.103578
     H   19       -0.175557        0.649196       -0.673882
     H   19        0.103578       -0.673882       -0.144875

     C   20        0.194883        0.176370        0.354533
     C   20        0.176370        0.031338       -0.257965
     C   20        0.354533       -0.257965       -0.226222

     H   21        0.339838       -0.161220        0.812704
     H   21       -0.161220       -0.505893       -0.200381
     H   21        0.812704       -0.200381        0.166055

     C   22        0.062381        0.219308        0.253041
     C   22        0.219308        0.138897       -0.335194
     C   22        0.253041       -0.335194       -0.201278

     C   23        0.137172        0.205195        0.367834
     C   23        0.205195        0.107516       -0.323819
     C   23        0.367834       -0.323819       -0.244688

     Cl  24        0.075725        0.200785        0.029479
     Cl  24        0.200785        0.075353        0.021675
     Cl  24        0.029479        0.021675       -0.151078

     ----- GIPAW term -----
     Cl   1       -0.972382        0.201039       -0.438090
     Cl   1        0.201039        1.702117       -1.683358
     Cl   1       -0.438090       -1.683358       -0.729736

     C    2       -0.059262       -0.107170       -0.038059
     C    2       -0.107170        0.222361       -0.131245
     C    2       -0.038059       -0.131245       -0.163099

     C    3        0.008410       -0.136909       -0.088151
     C    3       -0.136909        0.056518        0.054059
     C    3       -0.088151        0.054059       -0.064928

     H    4       -0.000000        0.000000        0.000000
     H    4        0.000000        0.000000        0.000000
     H    4        0.000000        0.000000        0.000000

     C    5        0.016185       -0.147152       -0.198100
     C    5       -0.147152       -0.086934        0.035980
     C    5       -0.198100        0.035980        0.070749

     H    6       -0.000000        0.000000        0.000000
     H    6        0.000000        0.000000        0.000000
     H    6        0.000000        0.000000        0.000000

     H    7       -0.000000        0.000000        0.000000
     H    7        0.000000        0.000000        0.000000
     H    7        0.000000        0.000000        0.000000

     C    8       -0.198148       -0.113494       -0.030091
     C    8       -0.113494        0.275070       -0.057212
     C    8       -0.030091       -0.057212       -0.076922

     H    9       -0.000000        0.000000        0.000000
     H    9        0.000000        0.000000        0.000000
     H    9        0.000000        0.000000        0.000000

     C   10       -0.042090       -0.039872        0.025455
     C   10       -0.039872        0.153102       -0.016996
     C   10        0.025455       -0.016996       -0.111012

     C   11       -0.035953       -0.066434       -0.019164
     C   11       -0.066434        0.074400       -0.032074
     C   11       -0.019164       -0.032074       -0.038447

     Cl  12        0.167228        0.163782       -0.428677
     Cl  12        0.163782        1.059109        0.780554
     Cl  12       -0.428677        0.780554       -1.226337

     H   13       -0.000000        0.000000        0.000000
     H   13        0.000000        0.000000        0.000000
     H   13        0.000000        0.000000        0.000000

     C   14       -0.173269       -0.028858        0.019630
     C   14       -0.028858        0.223368       -0.088186
     C   14        0.019630       -0.088186       -0.050099

     H   15       -0.000000        0.000000        0.000000
     H   15        0.000000        0.000000        0.000000
     H   15        0.000000        0.000000        0.000000

     C   16       -0.083423       -0.122336       -0.010137
     C   16       -0.122336        0.175244       -0.161110
     C   16       -0.010137       -0.161110       -0.091820

     C   17       -0.159997       -0.079822       -0.040880
     C   17       -0.079822        0.293039       -0.005744
     C   17       -0.040880       -0.005744       -0.133042

     Cl  18        0.169455       -2.203434       -0.143039
     Cl  18       -2.203434        2.444731        0.312908
     Cl  18       -0.143039        0.312908       -2.614186

     H   19       -0.000000        0.000000        0.000000
     H   19        0.000000        0.000000        0.000000
     H   19        0.000000        0.000000        0.000000

     C   20       -0.102495       -0.072929        0.030758
     C   20       -0.072929        0.146459       -0.107918
     C   20        0.030758       -0.107918       -0.043964

     H   21       -0.000000        0.000000        0.000000
     H   21        0.000000        0.000000        0.000000
     H   21        0.000000        0.000000        0.000000

     C   22       -0.213368       -0.130720        0.018595
     C   22       -0.130720        0.137846       -0.182675
     C   22        0.018595       -0.182675        0.075522

     C   23       -0.047069        0.039787        0.016192
     C   23        0.039787        0.124579       -0.127800
     C   23        0.016192       -0.127800       -0.077510

     Cl  24       -0.055664        1.471744       -1.405646
     Cl  24        1.471744       -1.109687       -0.497202
     Cl  24       -1.405646       -0.497202        1.165350

     ----- total EFG -----
     Cl   1       -0.943830        0.280868       -0.434986
     Cl   1        0.280868        1.611116       -1.620101
     Cl   1       -0.434986       -1.620101       -0.667286

     C    2        0.143375       -0.477230       -0.157913
     C    2       -0.477230        0.207799       -0.307390
     C    2       -0.157913       -0.307390       -0.351174

     C    3       -0.185401       -0.170771       -0.198956
     C    3       -0.170771        0.032536        0.339469
     C    3       -0.198956        0.339469        0.152865

     H    4        0.342079        0.019646        0.390637
     H    4        0.019646       -0.173992       -0.151827
     H    4        0.390637       -0.151827       -0.168088

     C    5        0.176975       -0.639417       -0.430091
     C    5       -0.639417       -0.372382       -0.006079
     C    5       -0.430091       -0.006079        0.195407

     H    6       -0.227931        0.043126        0.308227
     H    6        0.043126        0.409510        0.291661
     H    6        0.308227        0.291661       -0.181578

     H    7       -0.020958       -0.184038        0.025400
     H    7       -0.184038        0.101822       -0.090115
     H    7        0.025400       -0.090115       -0.080864

     C    8       -0.853694       -0.336609       -0.095603
     C    8       -0.336609        0.831741       -0.255896
     C    8       -0.095603       -0.255896        0.021954

     H    9        0.539449       -0.211463        0.332115
     H    9       -0.211463       -0.572343       -0.251332
     H    9        0.332115       -0.251332        0.032894

     C   10        0.284584        0.065709        0.242867
     C   10        0.065709        0.092880        0.215392
     C   10        0.242867        0.215392       -0.377464

     C   11       -0.430274       -0.248226       -0.034656
     C   11       -0.248226        0.280382       -0.353001
     C   11       -0.034656       -0.353001        0.149892

     Cl  12        0.520792        0.481500       -0.367016
     Cl  12        0.481500        0.695410        0.586951
     Cl  12       -0.367016        0.586951       -1.216202

     H   13        0.009916        0.153529       -0.097622
     H   13        0.153529        0.381283        0.449317
     H   13       -0.097622        0.449317       -0.391199

     C   14       -0.573586        0.138964        0.154990
     C   14        0.138964        0.555164        0.052659
     C   14        0.154990        0.052659        0.018422

     H   15        0.385452        0.476311        0.143714
     H   15        0.476311       -0.310120        0.408304
     H   15        0.143714        0.408304       -0.075332

     C   16        0.138487       -0.445572       -0.065550
     C   16       -0.445572        0.179436       -0.402636
     C   16       -0.065550       -0.402636       -0.317923

     C   17       -0.657779        0.054131       -0.033451
     C   17        0.054131        0.592277        0.172497
     C   17       -0.033451        0.172497        0.065502

     Cl  18        0.266444       -2.450830       -0.154738
     Cl  18       -2.450830        2.594780        0.346149
     Cl  18       -0.154738        0.346149       -2.861224

     H   19       -0.136988        0.122752       -0.018474
     H   19        0.122752        0.102690       -0.185543
     H   19       -0.018474       -0.185543        0.034298

     C   20        0.072925       -0.076288        0.284753
     C   20       -0.076288       -0.023599       -0.002996
     C   20        0.284753       -0.002996       -0.049325

     H   21        0.411492        0.015716        0.349501
     H   21        0.015716       -0.139578        0.182185
     H   21        0.349501        0.182185       -0.271914

     C   22       -0.884728       -0.297478       -0.046233
     C   22       -0.297478        0.553805       -0.505480
     C   22       -0.046233       -0.505480        0.330923

     C   23        0.097126        0.178691        0.193740
     C   23        0.178691        0.037841       -0.012772
     C   23        0.193740       -0.012772       -0.134968

     Cl  24       -0.171045        1.504853       -1.515444
     Cl  24        1.504853       -1.158908       -0.519740
     Cl  24       -1.515444       -0.519740        1.329953

     ----- total EFG (symmetrized) -----
     Cl   1       -0.943830        0.280868       -0.434986
     Cl   1        0.280868        1.611116       -1.620101
     Cl   1       -0.434986       -1.620101       -0.667286

     C    2        0.143375       -0.477230       -0.157913
     C    2       -0.477230        0.207799       -0.307390
     C    2       -0.157913       -0.307390       -0.351174

     C    3       -0.185401       -0.170771       -0.198956
     C    3       -0.170771        0.032536        0.339469
     C    3       -0.198956        0.339469        0.152865

     H    4        0.342079        0.019646        0.390637
     H    4        0.019646       -0.173992       -0.151827
     H    4        0.390637       -0.151827       -0.168088

     C    5        0.176975       -0.639417       -0.430091
     C    5       -0.639417       -0.372382       -0.006079
     C    5       -0.430091       -0.006079        0.195407

     H    6       -0.227931        0.043126        0.308227
     H    6        0.043126        0.409510        0.291661
     H    6        0.308227        0.291661       -0.181578

     H    7       -0.020958       -0.184038        0.025400
     H    7       -0.184038        0.101822       -0.090115
     H    7        0.025400       -0.090115       -0.080864

     C    8       -0.853694       -0.336609       -0.095603
     C    8       -0.336609        0.831741       -0.255896
     C    8       -0.095603       -0.255896        0.021954

     H    9        0.539449       -0.211463        0.332115
     H    9       -0.211463       -0.572343       -0.251332
     H    9        0.332115       -0.251332        0.032894

     C   10        0.284584        0.065709        0.242867
     C   10        0.065709        0.092880        0.215392
     C   10        0.242867        0.215392       -0.377464

     C   11       -0.430274       -0.248226       -0.034656
     C   11       -0.248226        0.280382       -0.353001
     C   11       -0.034656       -0.353001        0.149892

     Cl  12        0.520792        0.481500       -0.367016
     Cl  12        0.481500        0.695410        0.586951
     Cl  12       -0.367016        0.586951       -1.216202

     H   13        0.009916        0.153529       -0.097622
     H   13        0.153529        0.381283        0.449317
     H   13       -0.097622        0.449317       -0.391199

     C   14       -0.573586        0.138964        0.154990
     C   14        0.138964        0.555164        0.052659
     C   14        0.154990        0.052659        0.018422

     H   15        0.385452        0.476311        0.143714
     H   15        0.476311       -0.310120        0.408304
     H   15        0.143714        0.408304       -0.075332

     C   16        0.138487       -0.445572       -0.065550
     C   16       -0.445572        0.179436       -0.402636
     C   16       -0.065550       -0.402636       -0.317923

     C   17       -0.657779        0.054131       -0.033451
     C   17        0.054131        0.592277        0.172497
     C   17       -0.033451        0.172497        0.065502

     Cl  18        0.266444       -2.450830       -0.154738
     Cl  18       -2.450830        2.594780        0.346149
     Cl  18       -0.154738        0.346149       -2.861224

     H   19       -0.136988        0.122752       -0.018474
     H   19        0.122752        0.102690       -0.185543
     H   19       -0.018474       -0.185543        0.034298

     C   20        0.072925       -0.076288        0.284753
     C   20       -0.076288       -0.023599       -0.002996
     C   20        0.284753       -0.002996       -0.049325

     H   21        0.411492        0.015716        0.349501
     H   21        0.015716       -0.139578        0.182185
     H   21        0.349501        0.182185       -0.271914

     C   22       -0.884728       -0.297478       -0.046233
     C   22       -0.297478        0.553805       -0.505480
     C   22       -0.046233       -0.505480        0.330923

     C   23        0.097126        0.178691        0.193740
     C   23        0.178691        0.037841       -0.012772
     C   23        0.193740       -0.012772       -0.134968

     Cl  24       -0.171045        1.504853       -1.515444
     Cl  24        1.504853       -1.158908       -0.519740
     Cl  24       -1.515444       -0.519740        1.329953


     NQR/NMR SPECTROSCOPIC PARAMETERS:
     Cl   1    Vxx=   -0.8966    axis=(  0.915227 -0.285924 -0.283915)
     Cl   1    Vyy=   -1.6146    axis=(  0.381503  0.388130  0.838934)
     Cl   1    Vzz=    2.5113    axis=(  0.129676  0.876129 -0.464307)
     Cl   1  Q=        -8.1650 1e-30 m^2  Cq=       -48.1774 MHz  eta= 0.28591

     C    2    Vxx=   -0.0101    axis=(  0.619123  0.418917 -0.664225)
     C    2    Vyy=   -0.6587    axis=(  0.446963  0.507480  0.736674)
     C    2    Vzz=    0.6689    axis=( -0.645686  0.752976 -0.126952)
     C    2  Q=         1.0000 1e-30 m^2  Cq=         1.5715 MHz  eta= 0.96975

     C    3    Vxx=   -0.2518    axis=( -0.090925  0.740471 -0.665909)
     C    3    Vyy=   -0.2813    axis=( -0.935005 -0.293640 -0.198851)
     C    3    Vzz=    0.5331    axis=( -0.342781  0.604548  0.719043)
     C    3  Q=         1.0000 1e-30 m^2  Cq=         1.2526 MHz  eta= 0.05546

     H    4    Vxx=   -0.1044    axis=(  0.283844  0.885055 -0.368933)
     H    4    Vyy=   -0.4534    axis=( -0.400714  0.459036  0.792915)
     H    4    Vzz=    0.5578    axis=(  0.871126 -0.077227  0.484948)
     H    4  Q=         1.0000 1e-30 m^2  Cq=         1.3106 MHz  eta= 0.62566

     C    5    Vxx=    0.0391    axis=( -0.304647  0.485495 -0.819441)
     C    5    Vyy=    0.8152    axis=(  0.753692 -0.403148 -0.519057)
     C    5    Vzz=   -0.8543    axis=(  0.582356  0.775736  0.243096)
     C    5  Q=         1.0000 1e-30 m^2  Cq=        -2.0073 MHz  eta= 0.90844

     H    6    Vxx=   -0.0179    axis=(  0.710265 -0.444244  0.546050)
     H    6    Vyy=   -0.5460    axis=(  0.670048  0.188884 -0.717884)
     H    6    Vzz=    0.5639    axis=(  0.215776  0.875768  0.431823)
     H    6  Q=         1.0000 1e-30 m^2  Cq=         1.3251 MHz  eta= 0.93637

     H    7    Vxx=   -0.0889    axis=( -0.488607 -0.060217  0.870424)
     H    7    Vyy=   -0.1686    axis=(  0.677809  0.601982  0.422129)
     H    7    Vzz=    0.2575    axis=( -0.549399  0.796236 -0.253317)
     H    7  Q=         1.0000 1e-30 m^2  Cq=         0.6050 MHz  eta= 0.30954

     C    8    Vxx=   -0.0153    axis=( -0.194366  0.212091  0.957726)
     C    8    Vyy=   -0.9401    axis=( -0.966984 -0.205473 -0.150743)
     C    8    Vzz=    0.9554    axis=(  0.164816 -0.955405  0.245026)
     C    8  Q=         1.0000 1e-30 m^2  Cq=         2.2449 MHz  eta= 0.96795

     H    9    Vxx=   -0.1019    axis=( -0.504701 -0.219215  0.834998)
     H    9    Vyy=   -0.6703    axis=(  0.083718  0.950236  0.300071)
     H    9    Vzz=    0.7722    axis=( -0.859226  0.221351 -0.461232)
     H    9  Q=         1.0000 1e-30 m^2  Cq=         1.8144 MHz  eta= 0.73617

     C   10    Vxx=    0.0928    axis=(  0.481900 -0.863845 -0.146778)
     C   10    Vyy=    0.4219    axis=(  0.838321  0.405802  0.364065)
     C   10    Vzz=   -0.5147    axis=( -0.254933 -0.298490  0.919735)
     C   10  Q=         1.0000 1e-30 m^2  Cq=        -1.2093 MHz  eta= 0.63931

     C   11    Vxx=   -0.0608    axis=( -0.406175  0.497480  0.766509)
     C   11    Vyy=   -0.5421    axis=(  0.898173  0.371787  0.234647)
     C   11    Vzz=    0.6029    axis=( -0.168246  0.783765 -0.597834)
     C   11  Q=         1.0000 1e-30 m^2  Cq=         1.4166 MHz  eta= 0.79816

     Cl  12    Vxx=    0.3795    axis=( -0.779676  0.507956  0.366178)
     Cl  12    Vyy=    1.1218    axis=(  0.578809  0.807746  0.111924)
     Cl  12    Vzz=   -1.5012    axis=(  0.238926 -0.299212  0.923789)
     Cl  12  Q=        -8.1650 1e-30 m^2  Cq=        28.8005 MHz  eta= 0.49446

     H   13    Vxx=    0.0296    axis=(  0.957515 -0.056781 -0.282739)
     H   13    Vyy=    0.6045    axis=(  0.169251  0.904461  0.391542)
     H   13    Vzz=   -0.6342    axis=(  0.233494 -0.422761  0.875645)
     H   13  Q=         1.0000 1e-30 m^2  Cq=        -1.4900 MHz  eta= 0.90653

     C   14    Vxx=    0.0432    axis=(  0.207585 -0.155693  0.965748)
     C   14    Vyy=    0.5813    axis=(  0.135545  0.982307  0.129227)
     C   14    Vzz=   -0.6245    axis=( -0.968781  0.104076  0.225015)
     C   14  Q=         1.0000 1e-30 m^2  Cq=        -1.4674 MHz  eta= 0.86150

     H   15    Vxx=   -0.0449    axis=( -0.545368  0.251517  0.799570)
     H   15    Vyy=   -0.7110    axis=( -0.300277  0.831979 -0.466524)
     H   15    Vzz=    0.7559    axis=(  0.782565  0.494520  0.378210)
     H   15  Q=         1.0000 1e-30 m^2  Cq=         1.7761 MHz  eta= 0.88116

     C   16    Vxx=   -0.0192    axis=(  0.709392  0.341782 -0.616400)
     C   16    Vyy=   -0.6544    axis=(  0.374711  0.557833  0.740550)
     C   16    Vzz=    0.6736    axis=(  0.596955 -0.756312  0.267653)
     C   16  Q=         1.0000 1e-30 m^2  Cq=         1.5827 MHz  eta= 0.94290

     C   17    Vxx=    0.0174    axis=( -0.069928 -0.280638  0.957263)
     C   17    Vyy=    0.6451    axis=(  0.032545  0.958459  0.283366)
     C   17    Vzz=   -0.6625    axis=( -0.997021  0.050970 -0.057890)
     C   17  Q=         1.0000 1e-30 m^2  Cq=        -1.5566 MHz  eta= 0.94754

     Cl  18    Vxx=   -1.2808    axis=(  0.846063  0.532017  0.033687)
     Cl  18    Vyy=   -2.8831    axis=(  0.000064  0.063093 -0.998008)
     Cl  18    Vzz=    4.1639    axis=( -0.533083  0.844380  0.053347)
     Cl  18  Q=        -8.1650 1e-30 m^2  Cq=       -79.8830 MHz  eta= 0.38479

     H   19    Vxx=   -0.0763    axis=(  0.554208  0.384901  0.738042)
     H   19    Vyy=   -0.2082    axis=( -0.794041  0.510459  0.330046)
     H   19    Vzz=    0.2846    axis=( -0.249705 -0.768949  0.588527)
     H   19  Q=         1.0000 1e-30 m^2  Cq=         0.6686 MHz  eta= 0.46346

     C   20    Vxx=   -0.0267    axis=(  0.029934  0.968072  0.248880)
     C   20    Vyy=   -0.2875    axis=( -0.632864 -0.174371  0.754373)
     C   20    Vzz=    0.3142    axis=(  0.773684 -0.180088  0.607438)
     C   20  Q=         1.0000 1e-30 m^2  Cq=         0.7384 MHz  eta= 0.82989

     H   21    Vxx=   -0.0749    axis=(  0.275168 -0.898295 -0.342563)
     H   21    Vyy=   -0.4943    axis=(  0.320057  0.421586 -0.848427)
     H   21    Vzz=    0.5692    axis=(  0.906557  0.123820  0.403512)
     H   21  Q=         1.0000 1e-30 m^2  Cq=         1.3374 MHz  eta= 0.73677

     C   22    Vxx=   -0.0207    axis=( -0.238070  0.569185  0.786989)
     C   22    Vyy=   -0.9619    axis=( -0.964913 -0.231002 -0.124823)
     C   22    Vzz=    0.9826    axis=(  0.110748 -0.789092  0.604209)
     C   22  Q=         1.0000 1e-30 m^2  Cq=         2.3087 MHz  eta= 0.95791

     C   23    Vxx=   -0.0178    axis=( -0.283379  0.782850 -0.553933)
     C   23    Vyy=   -0.2808    axis=( -0.551257  0.339676  0.762060)
     C   23    Vzz=    0.2986    axis=(  0.784737  0.521311  0.335294)
     C   23  Q=         1.0000 1e-30 m^2  Cq=         0.7016 MHz  eta= 0.88075

     Cl  24    Vxx=   -0.3720    axis=(  0.518489  0.571384  0.636152)
     Cl  24    Vyy=   -2.3236    axis=( -0.637836  0.753935 -0.157315)
     Cl  24    Vzz=    2.6956    axis=( -0.569504 -0.324194  0.755356)
     Cl  24  Q=        -8.1650 1e-30 m^2  Cq=       -51.7137 MHz  eta= 0.72398

     Initialization:
     gipaw_setup  :      9.26s CPU     11.03s WALL (       1 calls)

     Linear response

     Apply operators

     Induced current

     Other routines
     efg          :      9.31s CPU     12.15s WALL (       1 calls)

     General routines
     calbec       :      3.32s CPU      4.71s WALL (      16 calls)
     fft          :      1.34s CPU      1.60s WALL (      15 calls)
     ffts         :      0.05s CPU      0.05s WALL (       2 calls)
     fftw         :      3.29s CPU      4.03s WALL (     672 calls)
     davcio       :      0.04s CPU      0.31s WALL (      32 calls)

     Parallel routines
     fft_scatter  :      2.07s CPU      2.90s WALL (     689 calls)

     Plugins

     GIPAW        :     61.50s CPU     76.32s WALL (       1 calls)
