
     Program QE v.6.0 (svn rev. 13079) starts on 10Jan2017 at 18:22: 7 

     This program is part of the open-source Quantum ESPRESSO suite
     for quantum simulation of materials; please cite
         "P. Giannozzi et al., J. Phys.:Condens. Matter 21 395502 (2009);
          URL http://www.quantum-espresso.org", 
     in publications or presentations arising from this work. More details at
     http://www.quantum-espresso.org/quote

     Parallel version (MPI), running on     8 processors
     R & G space division:  proc/nbgrp/npool/nimage =       8

     ***** This is GIPAW svn revision unknown      *****

     Parallelizing q-star over 1 images

     Reading data from directory:
     /users/majewski/paradichlorobenzene/pbe/9_constraint/scratch/pbe.ecut100.np8.dt60.pcl2phi-129368.save
     Message from routine read_xml_file:
     file /users/majewski/paradichlorobenzene/pbe/9_constraint/scratch/pbe.ecut100.np8.dt60.pcl2phi-129368.save not guaranteed to be safe for post-processing

   Info: using nr1, nr2, nr3 values from input

   Info: using nr1, nr2, nr3 values from input

     IMPORTANT: XC functional enforced from input :
     Exchange-correlation      =  SLA  PW   PBX  PBC ( 1  4  3  4 0 0)
     Any further DFT definition will be discarded
     Please, verify this is what you really want

               file C.pbe-n-kjpaw_psl.1.0.0.UPF: wavefunction(s)  2S 2P renormalized
               file Cl.pbe-n-kjpaw_psl.1.0.0.UPF: wavefunction(s)  3S 3P renormalized
               file H.pbe-kjpaw_psl.1.0.0.UPF: wavefunction(s)  1S renormalized

     Parallelization info
     --------------------
     sticks:   dense  smooth     PW     G-vecs:    dense   smooth      PW
     Min        3057    1223    332               144436    36536    5170
     Max        3059    1225    333               144437    36537    5171
     Sum       24467    9791   2657              1155489   292295   41363


     Subspace diagonalization in iterative solution of the eigenvalue problem:
     a serial algorithm will be used

     GIPAW projectors -----------------------------------------------
     atom=  C    l=0  rc=    1.2000  rs=    0.8000
     atom=  C    l=0  rc=    1.2000  rs=    0.8000
     atom=  C    l=1  rc=    1.4000  rs=    0.9333
     atom=  C    l=1  rc=    1.4000  rs=    0.9333
     projs nearly linearly dependent: l=1  n1,n2= 1, 2  s=  0.99951561

     atom=  Cl   l=0  rc=    1.6000  rs=    1.0667
     atom=  Cl   l=0  rc=    1.6000  rs=    1.0667
     atom=  Cl   l=1  rc=    1.6000  rs=    1.0667
     atom=  Cl   l=1  rc=    1.6000  rs=    1.0667
     atom=  Cl   l=2  rc=    1.6000  rs=    1.0667
     atom=  Cl   l=2  rc=    1.6000  rs=    1.0667
     projs nearly linearly dependent: l=2  n1,n2= 1, 2  s=  0.99993509

     atom=  H    l=0  rc=    1.0000  rs=    0.6667
     atom=  H    l=0  rc=    1.0000  rs=    0.6667
     projs nearly linearly dependent: l=0  n1,n2= 1, 2  s=  0.99968852
     -----------------------------------------------------------------

     GIPAW integrals: -------------------------------------------
     Atom  i/j   nmr_para   nmr_dia   epr_rmc  epr_para   epr_dia
       C   1 1   0.83E+03  0.17E-01  0.93E+01  0.24E+08  0.24E+03
       C   2 1   0.86E+03 -0.61E-01  0.94E+01  0.25E+08  0.25E+03
       C   2 2   0.90E+03 -0.15E+00  0.97E+01  0.26E+08  0.26E+03
       C   3 3   0.33E+01  0.34E+00  0.18E+01  0.55E+03  0.21E+02
       C   4 3   0.35E+01  0.37E+00  0.20E+01  0.59E+03  0.22E+02
       C   4 4   0.38E+01  0.39E+00  0.22E+01  0.63E+03  0.24E+02
       Cl  1 1   0.14E+04 -0.47E+00  0.84E+01  0.32E+09  0.42E+03
       Cl  2 1   0.21E+04 -0.37E+00  0.12E+02  0.49E+09  0.65E+03
       Cl  2 2   0.33E+04 -0.16E+00  0.21E+02  0.76E+09  0.10E+04
       Cl  3 3   0.21E+02  0.79E-01  0.89E+01  0.23E+05  0.13E+03
       Cl  4 3   0.24E+02  0.67E-01  0.99E+01  0.27E+05  0.15E+03
       Cl  4 4   0.28E+02  0.44E-01  0.11E+02  0.32E+05  0.18E+03
       Cl  5 5   0.77E+00  0.19E+00  0.18E+01  0.12E+03  0.22E+02
       Cl  6 5   0.80E+00  0.19E+00  0.19E+01  0.12E+03  0.23E+02
       Cl  6 6   0.83E+00  0.20E+00  0.19E+01  0.12E+03  0.23E+02
       H   1 1   0.39E+02  0.19E+00  0.29E+00  0.78E+05  0.13E+02
       H   2 1   0.41E+02  0.21E+00  0.32E+00  0.82E+05  0.14E+02
       H   2 2   0.43E+02  0.22E+00  0.36E+00  0.86E+05  0.15E+02
     ------------------------------------------------------------

     alpha_pv=     34.0151 eV

     Number of occupied bands for each k-point:
     k-point:     1    nbnd_occ=  42
     k-point:     2    nbnd_occ=  42
     k-point:     3    nbnd_occ=  42
     k-point:     4    nbnd_occ=  42
     k-point:     5    nbnd_occ=  42
     k-point:     6    nbnd_occ=  42
     k-point:     7    nbnd_occ=  42
     k-point:     8    nbnd_occ=  42
     k-point:     9    nbnd_occ=  42
     k-point:    10    nbnd_occ=  42
     k-point:    11    nbnd_occ=  42
     k-point:    12    nbnd_occ=  42
     k-point:    13    nbnd_occ=  42
     k-point:    14    nbnd_occ=  42
     k-point:    15    nbnd_occ=  42
     k-point:    16    nbnd_occ=  42


     q-space interpolation up to   110.00 Rydberg

     GIPAW job: efg                                                                             


     ELECTRIC FIELD GRADIENTS TENSORS IN Hartree/bohrradius^2:

     ----- bare term -----
     Cl   1       -0.025215        0.169434        0.052543
     Cl   1        0.169434        0.088059        0.094372
     Cl   1        0.052543        0.094372       -0.062845

     C    2       -0.249233        0.264620       -0.505891
     C    2        0.264620        0.189226       -0.265531
     C    2       -0.505891       -0.265531        0.060007

     C    3        0.113001        0.297888       -0.047698
     C    3        0.297888       -0.157175       -0.402601
     C    3       -0.047698       -0.402601        0.044173

     H    4        0.159851        0.008491       -0.372003
     H    4        0.008491        0.139378        0.281719
     H    4       -0.372003        0.281719       -0.299229

     C    5       -0.524706        0.364780       -0.444366
     C    5        0.364780        0.296639       -0.316184
     C    5       -0.444366       -0.316184        0.228068

     H    6        0.462208       -0.064571        0.192625
     H    6       -0.064571       -0.076919       -0.307110
     H    6        0.192625       -0.307110       -0.385289

     H    7        0.388652        0.158948       -0.028348
     H    7        0.158948       -0.635816        0.330025
     H    7       -0.028348        0.330025        0.247165

     C    8       -0.346542       -0.263332       -0.361933
     C    8       -0.263332       -0.119732        0.445576
     C    8       -0.361933        0.445576        0.466274

     H    9       -0.569249        0.300751        0.090926
     H    9        0.300751        0.418871        0.079440
     H    9        0.090926        0.079440        0.150378

     C   10       -0.230820       -0.296760       -0.195032
     C   10       -0.296760       -0.329693        0.532088
     C   10       -0.195032        0.532088        0.560514

     C   11       -0.290307        0.081862       -0.328923
     C   11        0.081862       -0.073347        0.614173
     C   11       -0.328923        0.614173        0.363654

     Cl  12       -0.154082       -0.105709        0.101419
     Cl  12       -0.105709       -0.124700       -0.009718
     Cl  12        0.101419       -0.009718        0.278782

     H   13        0.365442       -0.112584       -0.235513
     H   13       -0.112584       -0.177192       -0.521743
     H   13       -0.235513       -0.521743       -0.188250

     C   14       -0.161696        0.418754        0.042151
     C   14        0.418754       -0.350937       -0.432546
     C   14        0.042151       -0.432546        0.512632

     H   15        0.094501       -0.005697       -0.474504
     H   15       -0.005697        0.333481        0.182065
     H   15       -0.474504        0.182065       -0.427982

     C   16       -0.253885        0.009693       -0.195111
     C   16        0.009693       -0.109230       -0.500160
     C   16       -0.195111       -0.500160        0.363116

     C   17       -0.158532        0.138708       -0.293203
     C   17        0.138708       -0.298124       -0.512689
     C   17       -0.293203       -0.512689        0.456656

     Cl  18       -0.040994        0.068186       -0.020632
     Cl  18        0.068186       -0.017985        0.008352
     Cl  18       -0.020632        0.008352        0.058979

     H   19        0.157051        0.178190       -0.286667
     H   19        0.178190       -0.227470        0.497200
     H   19       -0.286667        0.497200        0.070419

     C   20       -0.295987       -0.363627       -0.084342
     C   20       -0.363627       -0.207113        0.437044
     C   20       -0.084342        0.437044        0.503100

     H   21       -0.702986        0.148209        0.020140
     H   21        0.148209        0.430030        0.162024
     H   21        0.020140        0.162024        0.272956

     C   22       -0.163707       -0.145051       -0.334320
     C   22       -0.145051       -0.172304        0.499758
     C   22       -0.334320        0.499758        0.336010

     C   23       -0.269269       -0.094014       -0.407986
     C   23       -0.094014       -0.018308        0.436289
     C   23       -0.407986        0.436289        0.287577

     Cl  24        0.014969        0.034677       -0.054066
     Cl  24        0.034677       -0.010250        0.019184
     Cl  24       -0.054066        0.019184       -0.004719

     ----- ionic term -----
     Cl   1        0.128074       -0.194163       -0.005908
     Cl   1       -0.194163       -0.004442        0.012559
     Cl   1       -0.005908        0.012559       -0.123632

     C    2        0.130334       -0.236980        0.317300
     C    2       -0.236980       -0.044341        0.374363
     C    2        0.317300        0.374363       -0.085993

     C    3        0.056692       -0.308779        0.261387
     C    3       -0.308779        0.065550        0.307859
     C    3        0.261387        0.307859       -0.122243

     H    4        0.465407        0.050426        0.778319
     H    4        0.050426       -0.522319        0.100952
     H    4        0.778319        0.100952        0.056912

     C    5        0.105418       -0.299326        0.369098
     C    5       -0.299326        0.006507        0.229019
     C    5        0.369098        0.229019       -0.111925

     H    6       -0.543782        0.045445        0.078816
     H    6        0.045445        0.472812        0.776354
     H    6        0.078816        0.776354        0.070970

     H    7       -0.525941       -0.056279        0.028215
     H    7       -0.056279        0.605263       -0.748130
     H    7        0.028215       -0.748130       -0.079323

     C    8        0.338185        0.159904        0.209164
     C    8        0.159904        0.071154       -0.319093
     C    8        0.209164       -0.319093       -0.409338

     H    9        0.848114       -0.289683        0.517778
     H    9       -0.289683       -0.444046       -0.181424
     H    9        0.517778       -0.181424       -0.404068

     C   10        0.191413        0.232375        0.144281
     C   10        0.232375        0.216821       -0.393174
     C   10        0.144281       -0.393174       -0.408233

     C   11        0.160538        0.155149        0.213751
     C   11        0.155149        0.194851       -0.428230
     C   11        0.213751       -0.428230       -0.355389

     Cl  12        0.110264        0.206869       -0.006574
     Cl  12        0.206869        0.040564       -0.019243
     Cl  12       -0.006574       -0.019243       -0.150828

     H   13       -0.522497        0.062740        0.042433
     H   13        0.062740        0.609567        0.718907
     H   13        0.042433        0.718907       -0.087070

     C   14        0.161342       -0.282815        0.353770
     C   14       -0.282815        0.051951        0.229228
     C   14        0.353770        0.229228       -0.213293

     H   15        0.390484        0.136790        0.810153
     H   15        0.136790       -0.504598        0.181822
     H   15        0.810153        0.181822        0.114114

     C   16        0.000275       -0.277019        0.276022
     C   16       -0.277019        0.162028        0.362742
     C   16        0.276022        0.362742       -0.162303

     C   17       -0.047051       -0.275033        0.364758
     C   17       -0.275033        0.147697        0.363262
     C   17        0.364758        0.363262       -0.100646

     Cl  18        0.040332       -0.213167        0.020292
     Cl  18       -0.213167        0.106856       -0.016790
     Cl  18        0.020292       -0.016790       -0.147188

     H   19       -0.488077       -0.184288        0.110847
     H   19       -0.184288        0.687457       -0.674559
     H   19        0.110847       -0.674559       -0.199380

     C   20        0.328102        0.167922        0.197012
     C   20        0.167922        0.048662       -0.317129
     C   20        0.197012       -0.317129       -0.376764

     H   21        0.870195       -0.292390        0.426465
     H   21       -0.292390       -0.433993       -0.164104
     H   21        0.426465       -0.164104       -0.436202

     C   22        0.292940        0.212753        0.099615
     C   22        0.212753        0.113096       -0.350465
     C   22        0.099615       -0.350465       -0.406036

     C   23        0.337207        0.065791        0.241749
     C   23        0.065791        0.043082       -0.365579
     C   23        0.241749       -0.365579       -0.380289

     Cl  24        0.146746        0.190531       -0.003967
     Cl  24        0.190531       -0.015286       -0.009719
     Cl  24       -0.003967       -0.009719       -0.131460

     ----- GIPAW term -----
     Cl   1        0.848460       -0.045478        0.635668
     Cl   1       -0.045478        1.325875        1.078459
     Cl   1        0.635668        1.078459       -2.174334

     C    2        0.087934        0.155258       -0.066001
     C    2        0.155258        0.112655       -0.014868
     C    2       -0.066001       -0.014868       -0.200590

     C    3       -0.021199        0.096542       -0.047672
     C    3        0.096542        0.049642       -0.115181
     C    3       -0.047672       -0.115181       -0.028443

     H    4       -0.000000        0.000000        0.000000
     H    4        0.000000        0.000000        0.000000
     H    4        0.000000        0.000000        0.000000

     C    5       -0.093525        0.182082       -0.123524
     C    5        0.182082        0.136496       -0.135209
     C    5       -0.123524       -0.135209       -0.042971

     H    6       -0.000000        0.000000        0.000000
     H    6        0.000000        0.000000        0.000000
     H    6        0.000000        0.000000        0.000000

     H    7       -0.000000        0.000000        0.000000
     H    7        0.000000        0.000000        0.000000
     H    7        0.000000        0.000000        0.000000

     C    8       -0.079502       -0.096937       -0.121367
     C    8       -0.096937       -0.035062        0.190089
     C    8       -0.121367        0.190089        0.114564

     H    9       -0.000000        0.000000        0.000000
     H    9        0.000000        0.000000        0.000000
     H    9        0.000000        0.000000        0.000000

     C   10       -0.123013       -0.053401       -0.081521
     C   10       -0.053401       -0.093021        0.160000
     C   10       -0.081521        0.160000        0.216034

     C   11       -0.053962        0.139397       -0.047891
     C   11        0.139397       -0.032773        0.185352
     C   11       -0.047891        0.185352        0.086735

     Cl  12        0.055140        1.520053        1.013914
     Cl  12        1.520053       -1.232245       -0.108305
     Cl  12        1.013914       -0.108305        1.177106

     H   13       -0.000000        0.000000        0.000000
     H   13        0.000000        0.000000        0.000000
     H   13        0.000000        0.000000        0.000000

     C   14        0.033017        0.046451        0.166236
     C   14        0.046451       -0.175245       -0.107526
     C   14        0.166236       -0.107526        0.142228

     H   15       -0.000000        0.000000        0.000000
     H   15        0.000000        0.000000        0.000000
     H   15        0.000000        0.000000        0.000000

     C   16       -0.160139       -0.063205        0.028568
     C   16       -0.063205       -0.044558       -0.198746
     C   16        0.028568       -0.198746        0.204697

     C   17       -0.013642       -0.099673       -0.034413
     C   17       -0.099673       -0.093433       -0.125548
     C   17       -0.034413       -0.125548        0.107075

     Cl  18        0.326767        0.383304       -1.261408
     Cl  18        0.383304        0.735584       -1.679133
     Cl  18       -1.261408       -1.679133       -1.062351

     H   19       -0.000000        0.000000        0.000000
     H   19        0.000000        0.000000        0.000000
     H   19        0.000000        0.000000        0.000000

     C   20       -0.030766       -0.025208        0.088920
     C   20       -0.025208       -0.101849        0.135043
     C   20        0.088920        0.135043        0.132615

     H   21       -0.000000        0.000000        0.000000
     H   21        0.000000        0.000000        0.000000
     H   21        0.000000        0.000000        0.000000

     C   22        0.007778        0.004332       -0.077681
     C   22        0.004332       -0.032552        0.083547
     C   22       -0.077681        0.083547        0.024774

     C   23        0.024817        0.092543       -0.073752
     C   23        0.092543        0.039555        0.059530
     C   23       -0.073752        0.059530       -0.064371

     Cl  24        1.508105        2.425433       -0.444207
     Cl  24        2.425433       -0.023305        0.149812
     Cl  24       -0.444207        0.149812       -1.484801

     ----- total EFG -----
     Cl   1        0.951319       -0.070207        0.682302
     Cl   1       -0.070207        1.409492        1.185389
     Cl   1        0.682302        1.185389       -2.360811

     C    2       -0.030965        0.182898       -0.254591
     C    2        0.182898        0.257540        0.093963
     C    2       -0.254591        0.093963       -0.226576

     C    3        0.148495        0.085651        0.166018
     C    3        0.085651       -0.041983       -0.209923
     C    3        0.166018       -0.209923       -0.106512

     H    4        0.625258        0.058917        0.406316
     H    4        0.058917       -0.382941        0.382671
     H    4        0.406316        0.382671       -0.242317

     C    5       -0.512813        0.247535       -0.198792
     C    5        0.247535        0.439641       -0.222374
     C    5       -0.198792       -0.222374        0.073172

     H    6       -0.081574       -0.019126        0.271441
     H    6       -0.019126        0.395893        0.469244
     H    6        0.271441        0.469244       -0.314319

     H    7       -0.137289        0.102668       -0.000132
     H    7        0.102668       -0.030553       -0.418105
     H    7       -0.000132       -0.418105        0.167842

     C    8       -0.087860       -0.200365       -0.274135
     C    8       -0.200365       -0.083640        0.316572
     C    8       -0.274135        0.316572        0.171500

     H    9        0.278865        0.011068        0.608704
     H    9        0.011068       -0.025176       -0.101984
     H    9        0.608704       -0.101984       -0.253690

     C   10       -0.162421       -0.117787       -0.132272
     C   10       -0.117787       -0.205894        0.298913
     C   10       -0.132272        0.298913        0.368314

     C   11       -0.183731        0.376409       -0.163062
     C   11        0.376409        0.088730        0.371296
     C   11       -0.163062        0.371296        0.095001

     Cl  12        0.011321        1.621214        1.108760
     Cl  12        1.621214       -1.316381       -0.137266
     Cl  12        1.108760       -0.137266        1.305060

     H   13       -0.157055       -0.049844       -0.193080
     H   13       -0.049844        0.432375        0.197164
     H   13       -0.193080        0.197164       -0.275320

     C   14        0.032664        0.182390        0.562157
     C   14        0.182390       -0.474231       -0.310844
     C   14        0.562157       -0.310844        0.441567

     H   15        0.484985        0.131092        0.335649
     H   15        0.131092       -0.171117        0.363888
     H   15        0.335649        0.363888       -0.313868

     C   16       -0.413749       -0.330532        0.109479
     C   16       -0.330532        0.008240       -0.336164
     C   16        0.109479       -0.336164        0.405509

     C   17       -0.219226       -0.235997        0.037143
     C   17       -0.235997       -0.243860       -0.274976
     C   17        0.037143       -0.274976        0.463085

     Cl  18        0.326105        0.238323       -1.261748
     Cl  18        0.238323        0.824455       -1.687571
     Cl  18       -1.261748       -1.687571       -1.150560

     H   19       -0.331026       -0.006097       -0.175819
     H   19       -0.006097        0.459987       -0.177359
     H   19       -0.175819       -0.177359       -0.128961

     C   20        0.001349       -0.220914        0.201591
     C   20       -0.220914       -0.260299        0.254958
     C   20        0.201591        0.254958        0.258950

     H   21        0.167208       -0.144181        0.446605
     H   21       -0.144181       -0.003962       -0.002080
     H   21        0.446605       -0.002080       -0.163246

     C   22        0.137011        0.072033       -0.312387
     C   22        0.072033       -0.091760        0.232840
     C   22       -0.312387        0.232840       -0.045252

     C   23        0.092755        0.064320       -0.239990
     C   23        0.064320        0.064329        0.130240
     C   23       -0.239990        0.130240       -0.157084

     Cl  24        1.669820        2.650641       -0.502240
     Cl  24        2.650641       -0.048840        0.159278
     Cl  24       -0.502240        0.159278       -1.620980

     ----- total EFG (symmetrized) -----
     Cl   1        0.951319       -0.070207        0.682302
     Cl   1       -0.070207        1.409492        1.185389
     Cl   1        0.682302        1.185389       -2.360811

     C    2       -0.030965        0.182898       -0.254591
     C    2        0.182898        0.257540        0.093963
     C    2       -0.254591        0.093963       -0.226576

     C    3        0.148495        0.085651        0.166018
     C    3        0.085651       -0.041983       -0.209923
     C    3        0.166018       -0.209923       -0.106512

     H    4        0.625258        0.058917        0.406316
     H    4        0.058917       -0.382941        0.382671
     H    4        0.406316        0.382671       -0.242317

     C    5       -0.512813        0.247535       -0.198792
     C    5        0.247535        0.439641       -0.222374
     C    5       -0.198792       -0.222374        0.073172

     H    6       -0.081574       -0.019126        0.271441
     H    6       -0.019126        0.395893        0.469244
     H    6        0.271441        0.469244       -0.314319

     H    7       -0.137289        0.102668       -0.000132
     H    7        0.102668       -0.030553       -0.418105
     H    7       -0.000132       -0.418105        0.167842

     C    8       -0.087860       -0.200365       -0.274135
     C    8       -0.200365       -0.083640        0.316572
     C    8       -0.274135        0.316572        0.171500

     H    9        0.278865        0.011068        0.608704
     H    9        0.011068       -0.025176       -0.101984
     H    9        0.608704       -0.101984       -0.253690

     C   10       -0.162421       -0.117787       -0.132272
     C   10       -0.117787       -0.205894        0.298913
     C   10       -0.132272        0.298913        0.368314

     C   11       -0.183731        0.376409       -0.163062
     C   11        0.376409        0.088730        0.371296
     C   11       -0.163062        0.371296        0.095001

     Cl  12        0.011321        1.621214        1.108760
     Cl  12        1.621214       -1.316381       -0.137266
     Cl  12        1.108760       -0.137266        1.305060

     H   13       -0.157055       -0.049844       -0.193080
     H   13       -0.049844        0.432375        0.197164
     H   13       -0.193080        0.197164       -0.275320

     C   14        0.032664        0.182390        0.562157
     C   14        0.182390       -0.474231       -0.310844
     C   14        0.562157       -0.310844        0.441567

     H   15        0.484985        0.131092        0.335649
     H   15        0.131092       -0.171117        0.363888
     H   15        0.335649        0.363888       -0.313868

     C   16       -0.413749       -0.330532        0.109479
     C   16       -0.330532        0.008240       -0.336164
     C   16        0.109479       -0.336164        0.405509

     C   17       -0.219226       -0.235997        0.037143
     C   17       -0.235997       -0.243860       -0.274976
     C   17        0.037143       -0.274976        0.463085

     Cl  18        0.326105        0.238323       -1.261748
     Cl  18        0.238323        0.824455       -1.687571
     Cl  18       -1.261748       -1.687571       -1.150560

     H   19       -0.331026       -0.006097       -0.175819
     H   19       -0.006097        0.459987       -0.177359
     H   19       -0.175819       -0.177359       -0.128961

     C   20        0.001349       -0.220914        0.201591
     C   20       -0.220914       -0.260299        0.254958
     C   20        0.201591        0.254958        0.258950

     H   21        0.167208       -0.144181        0.446605
     H   21       -0.144181       -0.003962       -0.002080
     H   21        0.446605       -0.002080       -0.163246

     C   22        0.137011        0.072033       -0.312387
     C   22        0.072033       -0.091760        0.232840
     C   22       -0.312387        0.232840       -0.045252

     C   23        0.092755        0.064320       -0.239990
     C   23        0.064320        0.064329        0.130240
     C   23       -0.239990        0.130240       -0.157084

     Cl  24        1.669820        2.650641       -0.502240
     Cl  24        2.650641       -0.048840        0.159278
     Cl  24       -0.502240        0.159278       -1.620980


     NQR/NMR SPECTROSCOPIC PARAMETERS:
     Cl   1    Vxx=    1.0516    axis=(  0.970138 -0.210254  0.120940)
     Cl   1    Vyy=    1.7718    axis=(  0.166706  0.940151  0.297197)
     Cl   1    Vzz=   -2.8234    axis=( -0.176188 -0.268161  0.947126)
     Cl   1  Q=        -8.1650 1e-30 m^2  Cq=        54.1647 MHz  eta= 0.25508

     C    2    Vxx=    0.1011    axis=( -0.665312  0.398530  0.631295)
     C    2    Vyy=    0.3479    axis=( -0.468007 -0.881460  0.063232)
     C    2    Vzz=   -0.4490    axis=(  0.581661 -0.253382  0.772960)
     C    2  Q=         1.0000 1e-30 m^2  Cq=        -1.0549 MHz  eta= 0.54984

     C    3    Vxx=    0.1210    axis=(  0.364248  0.801713 -0.473898)
     C    3    Vyy=    0.2320    axis=( -0.865884  0.104191 -0.489273)
     C    3    Vzz=   -0.3530    axis=( -0.342881  0.588558  0.732142)
     C    3  Q=         1.0000 1e-30 m^2  Cq=        -0.8294 MHz  eta= 0.31437

     H    4    Vxx=   -0.0805    axis=(  0.405243 -0.685870 -0.604450)
     H    4    Vyy=   -0.7397    axis=(  0.173608  0.706877 -0.685701)
     H    4    Vzz=    0.8202    axis=(  0.897573  0.172938  0.405530)
     H    4  Q=         1.0000 1e-30 m^2  Cq=         1.9271 MHz  eta= 0.80368

     C    5    Vxx=   -0.0234    axis=( -0.111941  0.478214  0.871080)
     C    5    Vyy=   -0.6053    axis=(  0.958354 -0.179811  0.221870)
     C    5    Vzz=    0.6286    axis=(  0.262731  0.859639 -0.438170)
     C    5  Q=         1.0000 1e-30 m^2  Cq=         1.4771 MHz  eta= 0.92567

     H    6    Vxx=    0.0137    axis=(  0.901953 -0.316087  0.294227)
     H    6    Vyy=    0.6452    axis=(  0.152107  0.870222  0.468591)
     H    6    Vzz=   -0.6589    axis=( -0.404159 -0.377893  0.832978)
     H    6  Q=         1.0000 1e-30 m^2  Cq=        -1.5482 MHz  eta= 0.95849

     H    7    Vxx=   -0.1173    axis=(  0.945036  0.184034  0.270257)
     H    7    Vyy=   -0.3874    axis=( -0.311303  0.759200  0.571582)
     H    7    Vzz=    0.5048    axis=( -0.099989 -0.624297  0.774762)
     H    7  Q=         1.0000 1e-30 m^2  Cq=         1.1860 MHz  eta= 0.53510

     C    8    Vxx=   -0.2614    axis=( -0.845323 -0.001367 -0.534254)
     C    8    Vyy=   -0.3009    axis=( -0.267030 -0.865047  0.424722)
     C    8    Vzz=    0.5624    axis=( -0.462735  0.501689  0.730879)
     C    8  Q=         1.0000 1e-30 m^2  Cq=         1.3213 MHz  eta= 0.07020

     H    9    Vxx=   -0.0152    axis=(  0.133222  0.987662 -0.082315)
     H    9    Vyy=   -0.6649    axis=( -0.537711  0.141798  0.831120)
     H    9    Vzz=    0.6801    axis=(  0.832537 -0.066462  0.549968)
     H    9  Q=         1.0000 1e-30 m^2  Cq=         1.5979 MHz  eta= 0.95535

     C   10    Vxx=   -0.1827    axis=(  0.912036 -0.226586  0.341832)
     C   10    Vyy=   -0.3535    axis=( -0.336275 -0.890296  0.307070)
     C   10    Vzz=    0.5362    axis=( -0.234754  0.395009  0.888177)
     C   10  Q=         1.0000 1e-30 m^2  Cq=         1.2599 MHz  eta= 0.31843

     C   11    Vxx=    0.1185    axis=(  0.688527  0.259499 -0.677194)
     C   11    Vyy=    0.5072    axis=( -0.280575 -0.765753 -0.578705)
     C   11    Vzz=   -0.6258    axis=(  0.668737 -0.588457  0.454433)
     C   11  Q=         1.0000 1e-30 m^2  Cq=        -1.4703 MHz  eta= 0.62122

     Cl  12    Vxx=    0.4298    axis=( -0.554040 -0.562634  0.613582)
     Cl  12    Vyy=    2.1209    axis=(  0.593787  0.249512  0.764958)
     Cl  12    Vzz=   -2.5507    axis=( -0.583487  0.788154  0.195845)
     Cl  12  Q=        -8.1650 1e-30 m^2  Cq=        48.9341 MHz  eta= 0.66302

     H   13    Vxx=   -0.0602    axis=(  0.827584  0.278780 -0.487223)
     H   13    Vyy=   -0.4386    axis=( -0.539685  0.156380 -0.827216)
     H   13    Vzz=    0.4987    axis=( -0.154419  0.947537  0.279871)
     H   13  Q=         1.0000 1e-30 m^2  Cq=         1.1718 MHz  eta= 0.75869

     C   14    Vxx=   -0.0949    axis=(  0.690556  0.627207 -0.360200)
     C   14    Vyy=   -0.7585    axis=( -0.478150  0.769540  0.423297)
     C   14    Vzz=    0.8534    axis=(  0.542683 -0.120080  0.831310)
     C   14  Q=         1.0000 1e-30 m^2  Cq=         2.0053 MHz  eta= 0.77760

     H   15    Vxx=   -0.0419    axis=(  0.470997 -0.764011 -0.440963)
     H   15    Vyy=   -0.6442    axis=(  0.172597  0.570035 -0.803288)
     H   15    Vzz=    0.6861    axis=(  0.865085  0.302237  0.400350)
     H   15  Q=         1.0000 1e-30 m^2  Cq=         1.6121 MHz  eta= 0.87784

     C   16    Vxx=   -0.0636    axis=( -0.451014  0.672275  0.587054)
     C   16    Vyy=   -0.5999    axis=( -0.857660 -0.508477 -0.076619)
     C   16    Vzz=    0.6635    axis=(  0.246995 -0.538049  0.805914)
     C   16  Q=         1.0000 1e-30 m^2  Cq=         1.5589 MHz  eta= 0.80840

     C   17    Vxx=   -0.0717    axis=( -0.776278  0.537084  0.330049)
     C   17    Vyy=   -0.5025    axis=(  0.612695  0.765993  0.194574)
     C   17    Vzz=    0.5742    axis=(  0.148313 -0.353263  0.923693)
     C   17  Q=         1.0000 1e-30 m^2  Cq=         1.3492 MHz  eta= 0.75013

     Cl  18    Vxx=    0.2683    axis=(  0.825615 -0.560123 -0.067990)
     Cl  18    Vyy=    2.2105    axis=( -0.445899 -0.721544  0.529668)
     Cl  18    Vzz=   -2.4789    axis=( -0.345737 -0.406985 -0.845475)
     Cl  18  Q=        -8.1650 1e-30 m^2  Cq=        47.5558 MHz  eta= 0.78351

     H   19    Vxx=   -0.0682    axis=(  0.540745 -0.262158 -0.799293)
     H   19    Vyy=   -0.4432    axis=(  0.839613  0.110117  0.531906)
     H   19    Vzz=    0.5114    axis=( -0.051427 -0.958722  0.279657)
     H   19  Q=         1.0000 1e-30 m^2  Cq=         1.2016 MHz  eta= 0.73334

     C   20    Vxx=    0.1203    axis=(  0.812421 -0.565835 -0.140721)
     C   20    Vyy=    0.3992    axis=(  0.327549  0.243236  0.912988)
     C   20    Vzz=   -0.5195    axis=( -0.482373 -0.787824  0.382949)
     C   20  Q=         1.0000 1e-30 m^2  Cq=        -1.2206 MHz  eta= 0.53688

     H   21    Vxx=   -0.0184    axis=(  0.092314  0.958156  0.270954)
     H   21    Vyy=   -0.4881    axis=( -0.580221 -0.169381  0.796652)
     H   21    Vzz=    0.5065    axis=(  0.809211 -0.230755  0.540305)
     H   21  Q=         1.0000 1e-30 m^2  Cq=         1.1901 MHz  eta= 0.92718

     C   22    Vxx=    0.0481    axis=(  0.499915  0.801912  0.327143)
     C   22    Vyy=    0.3881    axis=( -0.740650  0.200056  0.641416)
     C   22    Vzz=   -0.4362    axis=(  0.448913 -0.562952  0.693947)
     C   22  Q=         1.0000 1e-30 m^2  Cq=        -1.0249 MHz  eta= 0.77931

     C   23    Vxx=    0.1134    axis=(  0.250543  0.940274  0.230462)
     C   23    Vyy=    0.2395    axis=( -0.838353  0.091677  0.537364)
     C   23    Vzz=   -0.3529    axis=(  0.484141 -0.327841  0.811251)
     C   23  Q=         1.0000 1e-30 m^2  Cq=        -0.8293 MHz  eta= 0.35746

     Cl  24    Vxx=   -1.3523    axis=(  0.288059 -0.484891 -0.825774)
     Cl  24    Vyy=   -2.2635    axis=(  0.510748 -0.651638  0.560806)
     Cl  24    Vzz=    3.6157    axis=( -0.810036 -0.583308  0.059947)
     Cl  24  Q=        -8.1650 1e-30 m^2  Cq=       -69.3657 MHz  eta= 0.25201

     Initialization:
     gipaw_setup  :      9.12s CPU     10.62s WALL (       1 calls)

     Linear response

     Apply operators

     Induced current

     Other routines
     efg          :      9.15s CPU     12.25s WALL (       1 calls)

     General routines
     calbec       :      3.32s CPU      4.73s WALL (      16 calls)
     fft          :      1.33s CPU      1.69s WALL (      15 calls)
     ffts         :      0.03s CPU      0.05s WALL (       2 calls)
     fftw         :      3.14s CPU      3.87s WALL (     672 calls)
     davcio       :      0.02s CPU      0.29s WALL (      32 calls)

     Parallel routines
     fft_scatter  :      1.91s CPU      2.66s WALL (     689 calls)

     Plugins

     GIPAW        :     61.69s CPU     72.49s WALL (       1 calls)
