
     Program QE v.6.0 (svn rev. 13079) starts on 24Dec2016 at  6:22:18 

     This program is part of the open-source Quantum ESPRESSO suite
     for quantum simulation of materials; please cite
         "P. Giannozzi et al., J. Phys.:Condens. Matter 21 395502 (2009);
          URL http://www.quantum-espresso.org", 
     in publications or presentations arising from this work. More details at
     http://www.quantum-espresso.org/quote

     Parallel version (MPI), running on     8 processors
     R & G space division:  proc/nbgrp/npool/nimage =       8

     ***** This is GIPAW svn revision unknown      *****

     Parallelizing q-star over 1 images

     Reading data from directory:
     /users/majewski/paradichlorobenzene/pbe/9_constraint/scratch/pbe.ecut100.np8.dt60.pcl2phi-129368.save
     Message from routine read_xml_file:
     file /users/majewski/paradichlorobenzene/pbe/9_constraint/scratch/pbe.ecut100.np8.dt60.pcl2phi-129368.save not guaranteed to be safe for post-processing

   Info: using nr1, nr2, nr3 values from input

   Info: using nr1, nr2, nr3 values from input

     IMPORTANT: XC functional enforced from input :
     Exchange-correlation      =  SLA  PW   PBX  PBC ( 1  4  3  4 0 0)
     Any further DFT definition will be discarded
     Please, verify this is what you really want

               file C.pbe-n-kjpaw_psl.1.0.0.UPF: wavefunction(s)  2S 2P renormalized
               file Cl.pbe-n-kjpaw_psl.1.0.0.UPF: wavefunction(s)  3S 3P renormalized
               file H.pbe-kjpaw_psl.1.0.0.UPF: wavefunction(s)  1S renormalized

     Parallelization info
     --------------------
     sticks:   dense  smooth     PW     G-vecs:    dense   smooth      PW
     Min        3057    1223    332               144436    36536    5170
     Max        3059    1225    333               144437    36537    5171
     Sum       24467    9791   2657              1155489   292295   41363


     Subspace diagonalization in iterative solution of the eigenvalue problem:
     a serial algorithm will be used

     GIPAW projectors -----------------------------------------------
     atom=  C    l=0  rc=    1.2000  rs=    0.8000
     atom=  C    l=0  rc=    1.2000  rs=    0.8000
     atom=  C    l=1  rc=    1.4000  rs=    0.9333
     atom=  C    l=1  rc=    1.4000  rs=    0.9333
     projs nearly linearly dependent: l=1  n1,n2= 1, 2  s=  0.99951561

     atom=  Cl   l=0  rc=    1.6000  rs=    1.0667
     atom=  Cl   l=0  rc=    1.6000  rs=    1.0667
     atom=  Cl   l=1  rc=    1.6000  rs=    1.0667
     atom=  Cl   l=1  rc=    1.6000  rs=    1.0667
     atom=  Cl   l=2  rc=    1.6000  rs=    1.0667
     atom=  Cl   l=2  rc=    1.6000  rs=    1.0667
     projs nearly linearly dependent: l=2  n1,n2= 1, 2  s=  0.99993509

     atom=  H    l=0  rc=    1.0000  rs=    0.6667
     atom=  H    l=0  rc=    1.0000  rs=    0.6667
     projs nearly linearly dependent: l=0  n1,n2= 1, 2  s=  0.99968852
     -----------------------------------------------------------------

     GIPAW integrals: -------------------------------------------
     Atom  i/j   nmr_para   nmr_dia   epr_rmc  epr_para   epr_dia
       C   1 1   0.83E+03  0.17E-01  0.93E+01  0.24E+08  0.24E+03
       C   2 1   0.86E+03 -0.61E-01  0.94E+01  0.25E+08  0.25E+03
       C   2 2   0.90E+03 -0.15E+00  0.97E+01  0.26E+08  0.26E+03
       C   3 3   0.33E+01  0.34E+00  0.18E+01  0.55E+03  0.21E+02
       C   4 3   0.35E+01  0.37E+00  0.20E+01  0.59E+03  0.22E+02
       C   4 4   0.38E+01  0.39E+00  0.22E+01  0.63E+03  0.24E+02
       Cl  1 1   0.14E+04 -0.47E+00  0.84E+01  0.32E+09  0.42E+03
       Cl  2 1   0.21E+04 -0.37E+00  0.12E+02  0.49E+09  0.65E+03
       Cl  2 2   0.33E+04 -0.16E+00  0.21E+02  0.76E+09  0.10E+04
       Cl  3 3   0.21E+02  0.79E-01  0.89E+01  0.23E+05  0.13E+03
       Cl  4 3   0.24E+02  0.67E-01  0.99E+01  0.27E+05  0.15E+03
       Cl  4 4   0.28E+02  0.44E-01  0.11E+02  0.32E+05  0.18E+03
       Cl  5 5   0.77E+00  0.19E+00  0.18E+01  0.12E+03  0.22E+02
       Cl  6 5   0.80E+00  0.19E+00  0.19E+01  0.12E+03  0.23E+02
       Cl  6 6   0.83E+00  0.20E+00  0.19E+01  0.12E+03  0.23E+02
       H   1 1   0.39E+02  0.19E+00  0.29E+00  0.78E+05  0.13E+02
       H   2 1   0.41E+02  0.21E+00  0.32E+00  0.82E+05  0.14E+02
       H   2 2   0.43E+02  0.22E+00  0.36E+00  0.86E+05  0.15E+02
     ------------------------------------------------------------

     alpha_pv=     34.1466 eV

     Number of occupied bands for each k-point:
     k-point:     1    nbnd_occ=  42
     k-point:     2    nbnd_occ=  42
     k-point:     3    nbnd_occ=  42
     k-point:     4    nbnd_occ=  42
     k-point:     5    nbnd_occ=  42
     k-point:     6    nbnd_occ=  42
     k-point:     7    nbnd_occ=  42
     k-point:     8    nbnd_occ=  42
     k-point:     9    nbnd_occ=  42
     k-point:    10    nbnd_occ=  42
     k-point:    11    nbnd_occ=  42
     k-point:    12    nbnd_occ=  42
     k-point:    13    nbnd_occ=  42
     k-point:    14    nbnd_occ=  42
     k-point:    15    nbnd_occ=  42
     k-point:    16    nbnd_occ=  42


     q-space interpolation up to   110.00 Rydberg

     GIPAW job: efg                                                                             


     ELECTRIC FIELD GRADIENTS TENSORS IN Hartree/bohrradius^2:

     ----- bare term -----
     Cl   1        0.005931        0.017574        0.043464
     Cl   1        0.017574       -0.007207       -0.026560
     Cl   1        0.043464       -0.026560        0.001276

     C    2       -0.694880        0.125531       -0.213730
     C    2        0.125531        0.132186       -0.138220
     C    2       -0.213730       -0.138220        0.562695

     C    3        0.040639        0.174083       -0.045156
     C    3        0.174083       -0.566330       -0.346471
     C    3       -0.045156       -0.346471        0.525691

     H    4       -0.539382       -0.196040        0.184671
     H    4       -0.196040        0.411774       -0.172580
     H    4        0.184671       -0.172580        0.127608

     C    5       -0.600407        0.277864       -0.468177
     C    5        0.277864       -0.039483       -0.126803
     C    5       -0.468177       -0.126803        0.639890

     H    6        0.432508       -0.102166       -0.041587
     H    6       -0.102166       -0.587830       -0.342176
     H    6       -0.041587       -0.342176        0.155322

     H    7        0.384677       -0.032150        0.011169
     H    7       -0.032150       -0.516843        0.528083
     H    7        0.011169        0.528083        0.132167

     C    8       -0.270353       -0.035768       -0.333355
     C    8       -0.035768       -0.008552        0.535532
     C    8       -0.333355        0.535532        0.278905

     H    9       -0.497121        0.156380       -0.451276
     H    9        0.156380        0.303527        0.219449
     H    9       -0.451276        0.219449        0.193594

     C   10       -0.182402       -0.411041       -0.151496
     C   10       -0.411041       -0.254016        0.418382
     C   10       -0.151496        0.418382        0.436418

     C   11       -0.084495        0.231668       -0.393921
     C   11        0.231668       -0.092680        0.628057
     C   11       -0.393921        0.628057        0.177175

     Cl  12       -0.100888       -0.096579        0.024638
     Cl  12       -0.096579       -0.001182        0.056710
     Cl  12        0.024638        0.056710        0.102070

     H   13        0.371239       -0.151350       -0.295813
     H   13       -0.151350       -0.056842       -0.533528
     H   13       -0.295813       -0.533528       -0.314397

     C   14       -0.112155        0.355799        0.008741
     C   14        0.355799       -0.451492       -0.315175
     C   14        0.008741       -0.315175        0.563647

     H   15       -0.758078       -0.190412       -0.073204
     H   15       -0.190412        0.426061       -0.131264
     H   15       -0.073204       -0.131264        0.332018

     C   16       -0.288577        0.265162       -0.323564
     C   16        0.265162       -0.017114       -0.343926
     C   16       -0.323564       -0.343926        0.305691

     C   17       -0.069214       -0.001191       -0.306553
     C   17       -0.001191       -0.073329       -0.625927
     C   17       -0.306553       -0.625927        0.142543

     Cl  18       -0.122844        0.171475       -0.017058
     Cl  18        0.171475        0.003761       -0.036872
     Cl  18       -0.017058       -0.036872        0.119083

     H   19        0.535915       -0.007660       -0.040251
     H   19       -0.007660        0.037632        0.188274
     H   19       -0.040251        0.188274       -0.573547

     C   20       -0.532435       -0.330072       -0.055993
     C   20       -0.330072        0.168979        0.392402
     C   20       -0.055993        0.392402        0.363456

     H   21        0.035716       -0.074752       -0.511286
     H   21       -0.074752        0.174938       -0.240476
     H   21       -0.511286       -0.240476       -0.210654

     C   22       -0.141561       -0.065850       -0.211803
     C   22       -0.065850       -0.078322        0.592344
     C   22       -0.211803        0.592344        0.219884

     C   23       -0.356956       -0.236374       -0.401429
     C   23       -0.236374        0.048390        0.459287
     C   23       -0.401429        0.459287        0.308566

     Cl  24       -0.085299       -0.018716       -0.095187
     Cl  24       -0.018716       -0.003255        0.151107
     Cl  24       -0.095187        0.151107        0.088554

     ----- ionic term -----
     Cl   1        0.119054       -0.199670        0.000766
     Cl   1       -0.199670        0.024725        0.009493
     Cl   1        0.000766        0.009493       -0.143779

     C    2        0.227932       -0.141705        0.224747
     C    2       -0.141705        0.122156        0.361590
     C    2        0.224747        0.361590       -0.350088

     C    3        0.230753       -0.223401        0.081166
     C    3       -0.223401        0.171451        0.388263
     C    3        0.081166        0.388263       -0.402205

     H    4        0.837167        0.299014        0.510849
     H    4        0.299014       -0.434148        0.178094
     H    4        0.510849        0.178094       -0.403019

     C    5        0.338782       -0.153534        0.083276
     C    5       -0.153534        0.082656        0.342279
     C    5        0.083276        0.342279       -0.421438

     H    6       -0.510162        0.033153       -0.006177
     H    6        0.033153        0.669557        0.717628
     H    6       -0.006177        0.717628       -0.159395

     H    7       -0.538336       -0.031495        0.031921
     H    7       -0.031495        0.533484       -0.774225
     H    7        0.031921       -0.774225        0.004852

     C    8        0.219599        0.211955        0.308194
     C    8        0.211955        0.068429       -0.314238
     C    8        0.308194       -0.314238       -0.288028

     H    9        0.776708       -0.158544        0.616862
     H    9       -0.158544       -0.483900       -0.164397
     H    9        0.616862       -0.164397       -0.292808

     C   10        0.139818        0.320055        0.197409
     C   10        0.320055        0.189396       -0.364324
     C   10        0.197409       -0.364324       -0.329213

     C   11        0.144857        0.241569        0.297575
     C   11        0.241569        0.077768       -0.392197
     C   11        0.297575       -0.392197       -0.222625

     Cl  12        0.141877        0.203045        0.009521
     Cl  12        0.203045        0.008402       -0.008899
     Cl  12        0.009521       -0.008899       -0.150279

     H   13       -0.509163        0.151511        0.113536
     H   13        0.151511        0.606507        0.740382
     H   13        0.113536        0.740382       -0.097344

     C   14        0.319774       -0.135996        0.175718
     C   14       -0.135996       -0.006963        0.336717
     C   14        0.175718        0.336717       -0.312810

     H   15        0.850630        0.252558        0.467955
     H   15        0.252558       -0.503012        0.178106
     H   15        0.467955        0.178106       -0.347617

     C   16        0.221289       -0.162843        0.077016
     C   16       -0.162843        0.073988        0.430135
     C   16        0.077016        0.430135       -0.295277

     C   17        0.290815       -0.047419        0.107711
     C   17       -0.047419        0.035986        0.462900
     C   17        0.107711        0.462900       -0.326801

     Cl  18        0.133822       -0.187234       -0.065293
     Cl  18       -0.187234       -0.015506        0.042707
     Cl  18       -0.065293        0.042707       -0.118317

     H   19       -0.527243        0.012865        0.007967
     H   19        0.012865        0.367211       -0.801683
     H   19        0.007967       -0.801683        0.160032

     C   20        0.252152        0.316808        0.295690
     C   20        0.316808       -0.031964       -0.294600
     C   20        0.295690       -0.294600       -0.220188

     H   21        0.542373       -0.123242        0.738826
     H   21       -0.123242       -0.479625       -0.164896
     H   21        0.738826       -0.164896       -0.062748

     C   22        0.166415        0.335021        0.228819
     C   22        0.335021        0.094377       -0.360451
     C   22        0.228819       -0.360451       -0.260792

     C   23        0.186743        0.169367        0.347444
     C   23        0.169367        0.036394       -0.394747
     C   23        0.347444       -0.394747       -0.223138

     Cl  24        0.127414        0.230636        0.036202
     Cl  24        0.230636        0.012740        0.016078
     Cl  24        0.036202        0.016078       -0.140154

     ----- GIPAW term -----
     Cl   1       -0.594338       -1.304858        0.236448
     Cl   1       -1.304858       -0.796425        1.503669
     Cl   1        0.236448        1.503669        1.390762

     C    2       -0.162906       -0.037162        0.021512
     C    2       -0.037162       -0.068180        0.093301
     C    2        0.021512        0.093301        0.231086

     C    3       -0.087128        0.003207       -0.026407
     C    3        0.003207       -0.159580        0.038765
     C    3       -0.026407        0.038765        0.246708

     H    4       -0.000000        0.000000        0.000000
     H    4        0.000000        0.000000        0.000000
     H    4        0.000000        0.000000        0.000000

     C    5       -0.139369        0.018670       -0.172763
     C    5        0.018670       -0.094432        0.048740
     C    5       -0.172763        0.048740        0.233801

     H    6       -0.000000        0.000000        0.000000
     H    6        0.000000        0.000000        0.000000
     H    6        0.000000        0.000000        0.000000

     H    7       -0.000000        0.000000        0.000000
     H    7        0.000000        0.000000        0.000000
     H    7        0.000000        0.000000        0.000000

     C    8       -0.079339        0.032478       -0.041036
     C    8        0.032478        0.106496        0.173484
     C    8       -0.041036        0.173484       -0.027157

     H    9       -0.000000        0.000000        0.000000
     H    9        0.000000        0.000000        0.000000
     H    9        0.000000        0.000000        0.000000

     C   10        0.024634       -0.004846       -0.014728
     C   10       -0.004846       -0.044257        0.056390
     C   10       -0.014728        0.056390        0.019623

     C   11        0.078916        0.232915       -0.039363
     C   11        0.232915        0.009595        0.130049
     C   11       -0.039363        0.130049       -0.088511

     Cl  12        0.979295        2.061758        0.154411
     Cl  12        2.061758        0.124657        0.420151
     Cl  12        0.154411        0.420151       -1.103952

     H   13       -0.000000        0.000000        0.000000
     H   13        0.000000        0.000000        0.000000
     H   13        0.000000        0.000000        0.000000

     C   14       -0.076556        0.074397        0.109288
     C   14        0.074397       -0.206976        0.030472
     C   14        0.109288        0.030472        0.283532

     H   15       -0.000000        0.000000        0.000000
     H   15        0.000000        0.000000        0.000000
     H   15        0.000000        0.000000        0.000000

     C   16        0.003739        0.122242       -0.024315
     C   16        0.122242        0.011048       -0.009319
     C   16       -0.024315       -0.009319       -0.014787

     C   17        0.021152       -0.098595       -0.053736
     C   17       -0.098595        0.106815       -0.109121
     C   17       -0.053736       -0.109121       -0.127967

     Cl  18       -0.773203       -0.386906       -0.831000
     Cl  18       -0.386906        0.149099       -2.169921
     Cl  18       -0.831000       -2.169921        0.624104

     H   19       -0.000000        0.000000        0.000000
     H   19        0.000000        0.000000        0.000000
     H   19        0.000000        0.000000        0.000000

     C   20       -0.164055        0.029009        0.064984
     C   20        0.029009        0.116388        0.211046
     C   20        0.064984        0.211046        0.047667

     H   21       -0.000000        0.000000        0.000000
     H   21        0.000000        0.000000        0.000000
     H   21        0.000000        0.000000        0.000000

     C   22       -0.147347        0.029339       -0.023688
     C   22        0.029339        0.057521        0.245219
     C   22       -0.023688        0.245219        0.089825

     C   23       -0.067639        0.032585       -0.087008
     C   23        0.032585        0.122949        0.161847
     C   23       -0.087008        0.161847       -0.055310

     Cl  24       -0.090643        1.545980       -0.684043
     Cl  24        1.545980        0.298928        2.007953
     Cl  24       -0.684043        2.007953       -0.208285

     ----- total EFG -----
     Cl   1       -0.469352       -1.486954        0.280677
     Cl   1       -1.486954       -0.778907        1.486603
     Cl   1        0.280677        1.486603        1.248259

     C    2       -0.629855       -0.053335        0.032529
     C    2       -0.053335        0.186161        0.316670
     C    2        0.032529        0.316670        0.443694

     C    3        0.184265       -0.046111        0.009603
     C    3       -0.046111       -0.554459        0.080556
     C    3        0.009603        0.080556        0.370194

     H    4        0.297785        0.102974        0.695520
     H    4        0.102974       -0.022374        0.005514
     H    4        0.695520        0.005514       -0.275411

     C    5       -0.400994        0.143000       -0.557663
     C    5        0.143000       -0.051259        0.264216
     C    5       -0.557663        0.264216        0.452253

     H    6       -0.077654       -0.069013       -0.047764
     H    6       -0.069013        0.081727        0.375452
     H    6       -0.047764        0.375452       -0.004073

     H    7       -0.153659       -0.063644        0.043090
     H    7       -0.063644        0.016640       -0.246142
     H    7        0.043090       -0.246142        0.137018

     C    8       -0.130093        0.208665       -0.066197
     C    8        0.208665        0.166373        0.394778
     C    8       -0.066197        0.394778       -0.036280

     H    9        0.279587       -0.002164        0.165586
     H    9       -0.002164       -0.180373        0.055052
     H    9        0.165586        0.055052       -0.099214

     C   10       -0.017951       -0.095832        0.031185
     C   10       -0.095832       -0.108877        0.110448
     C   10        0.031185        0.110448        0.126828

     C   11        0.139277        0.706151       -0.135708
     C   11        0.706151       -0.005317        0.365909
     C   11       -0.135708        0.365909       -0.133961

     Cl  12        1.020283        2.168225        0.188570
     Cl  12        2.168225        0.131878        0.467961
     Cl  12        0.188570        0.467961       -1.152161

     H   13       -0.137924        0.000161       -0.182277
     H   13        0.000161        0.549665        0.206855
     H   13       -0.182277        0.206855       -0.411741

     C   14        0.131062        0.294200        0.293747
     C   14        0.294200       -0.665431        0.052014
     C   14        0.293747        0.052014        0.534369

     H   15        0.092551        0.062146        0.394751
     H   15        0.062146       -0.076951        0.046842
     H   15        0.394751        0.046842       -0.015600

     C   16       -0.063549        0.224561       -0.270863
     C   16        0.224561        0.067921        0.076889
     C   16       -0.270863        0.076889       -0.004373

     C   17        0.242753       -0.147205       -0.252578
     C   17       -0.147205        0.069472       -0.272147
     C   17       -0.252578       -0.272147       -0.312226

     Cl  18       -0.762224       -0.402666       -0.913350
     Cl  18       -0.402666        0.137354       -2.164085
     Cl  18       -0.913350       -2.164085        0.624870

     H   19        0.008672        0.005204       -0.032284
     H   19        0.005204        0.404843       -0.613409
     H   19       -0.032284       -0.613409       -0.413515

     C   20       -0.444338        0.015745        0.304681
     C   20        0.015745        0.253402        0.308847
     C   20        0.304681        0.308847        0.190935

     H   21        0.578089       -0.197994        0.227540
     H   21       -0.197994       -0.304687       -0.405372
     H   21        0.227540       -0.405372       -0.273402

     C   22       -0.122493        0.298510       -0.006672
     C   22        0.298510        0.073575        0.477112
     C   22       -0.006672        0.477112        0.048917

     C   23       -0.237852       -0.034422       -0.140993
     C   23       -0.034422        0.207734        0.226387
     C   23       -0.140993        0.226387        0.030119

     Cl  24       -0.048528        1.757900       -0.743029
     Cl  24        1.757900        0.308413        2.175138
     Cl  24       -0.743029        2.175138       -0.259886

     ----- total EFG (symmetrized) -----
     Cl   1       -0.469352       -1.486954        0.280677
     Cl   1       -1.486954       -0.778907        1.486603
     Cl   1        0.280677        1.486603        1.248259

     C    2       -0.629855       -0.053335        0.032529
     C    2       -0.053335        0.186161        0.316670
     C    2        0.032529        0.316670        0.443694

     C    3        0.184265       -0.046111        0.009603
     C    3       -0.046111       -0.554459        0.080556
     C    3        0.009603        0.080556        0.370194

     H    4        0.297785        0.102974        0.695520
     H    4        0.102974       -0.022374        0.005514
     H    4        0.695520        0.005514       -0.275411

     C    5       -0.400994        0.143000       -0.557663
     C    5        0.143000       -0.051259        0.264216
     C    5       -0.557663        0.264216        0.452253

     H    6       -0.077654       -0.069013       -0.047764
     H    6       -0.069013        0.081727        0.375452
     H    6       -0.047764        0.375452       -0.004073

     H    7       -0.153659       -0.063644        0.043090
     H    7       -0.063644        0.016640       -0.246142
     H    7        0.043090       -0.246142        0.137018

     C    8       -0.130093        0.208665       -0.066197
     C    8        0.208665        0.166373        0.394778
     C    8       -0.066197        0.394778       -0.036280

     H    9        0.279587       -0.002164        0.165586
     H    9       -0.002164       -0.180373        0.055052
     H    9        0.165586        0.055052       -0.099214

     C   10       -0.017951       -0.095832        0.031185
     C   10       -0.095832       -0.108877        0.110448
     C   10        0.031185        0.110448        0.126828

     C   11        0.139277        0.706151       -0.135708
     C   11        0.706151       -0.005317        0.365909
     C   11       -0.135708        0.365909       -0.133961

     Cl  12        1.020283        2.168225        0.188570
     Cl  12        2.168225        0.131878        0.467961
     Cl  12        0.188570        0.467961       -1.152161

     H   13       -0.137924        0.000161       -0.182277
     H   13        0.000161        0.549665        0.206855
     H   13       -0.182277        0.206855       -0.411741

     C   14        0.131062        0.294200        0.293747
     C   14        0.294200       -0.665431        0.052014
     C   14        0.293747        0.052014        0.534369

     H   15        0.092551        0.062146        0.394751
     H   15        0.062146       -0.076951        0.046842
     H   15        0.394751        0.046842       -0.015600

     C   16       -0.063549        0.224561       -0.270863
     C   16        0.224561        0.067921        0.076889
     C   16       -0.270863        0.076889       -0.004373

     C   17        0.242753       -0.147205       -0.252578
     C   17       -0.147205        0.069472       -0.272147
     C   17       -0.252578       -0.272147       -0.312226

     Cl  18       -0.762224       -0.402666       -0.913350
     Cl  18       -0.402666        0.137354       -2.164085
     Cl  18       -0.913350       -2.164085        0.624870

     H   19        0.008672        0.005204       -0.032284
     H   19        0.005204        0.404843       -0.613409
     H   19       -0.032284       -0.613409       -0.413515

     C   20       -0.444338        0.015745        0.304681
     C   20        0.015745        0.253402        0.308847
     C   20        0.304681        0.308847        0.190935

     H   21        0.578089       -0.197994        0.227540
     H   21       -0.197994       -0.304687       -0.405372
     H   21        0.227540       -0.405372       -0.273402

     C   22       -0.122493        0.298510       -0.006672
     C   22        0.298510        0.073575        0.477112
     C   22       -0.006672        0.477112        0.048917

     C   23       -0.237852       -0.034422       -0.140993
     C   23       -0.034422        0.207734        0.226387
     C   23       -0.140993        0.226387        0.030119

     Cl  24       -0.048528        1.757900       -0.743029
     Cl  24        1.757900        0.308413        2.175138
     Cl  24       -0.743029        2.175138       -0.259886


     NQR/NMR SPECTROSCOPIC PARAMETERS:
     Cl   1    Vxx=    0.4452    axis=(  0.791423 -0.399403  0.462739)
     Cl   1    Vyy=    2.1319    axis=( -0.213550  0.528657  0.821534)
     Cl   1    Vzz=   -2.5771    axis=( -0.572754 -0.748998  0.333099)
     Cl   1  Q=        -8.1650 1e-30 m^2  Cq=        49.4403 MHz  eta= 0.65452

     C    2    Vxx=   -0.0205    axis=( -0.101890  0.825109 -0.555710)
     C    2    Vyy=   -0.6363    axis=( -0.994793 -0.085732  0.055103)
     C    2    Vzz=    0.6568    axis=( -0.002176  0.558431  0.829548)
     C    2  Q=         1.0000 1e-30 m^2  Cq=         1.5432 MHz  eta= 0.93748

     C    3    Vxx=    0.1870    axis=(  0.997623 -0.064634 -0.023876)
     C    3    Vyy=    0.3773    axis=( -0.029322 -0.084655 -0.995979)
     C    3    Vzz=   -0.5643    axis=(  0.062353  0.994312 -0.086349)
     C    3  Q=         1.0000 1e-30 m^2  Cq=        -1.3260 MHz  eta= 0.33721

     H    4    Vxx=   -0.0284    axis=(  0.051410 -0.991120  0.122629)
     H    4    Vyy=   -0.7449    axis=( -0.558411  0.073274  0.826322)
     H    4    Vzz=    0.7733    axis=( -0.827970 -0.110958 -0.549686)
     H    4  Q=         1.0000 1e-30 m^2  Cq=         1.8170 MHz  eta= 0.92656

     C    5    Vxx=   -0.0031    axis=(  0.395897  0.917077 -0.047276)
     C    5    Vyy=   -0.7634    axis=( -0.827204  0.333797 -0.452009)
     C    5    Vzz=    0.7666    axis=( -0.398747  0.218056  0.890760)
     C    5  Q=         1.0000 1e-30 m^2  Cq=         1.8011 MHz  eta= 0.99179

     H    6    Vxx=   -0.0909    axis=(  0.985976  0.093460  0.138266)
     H    6    Vyy=   -0.3395    axis=( -0.040758 -0.668551  0.742549)
     H    6    Vzz=    0.4304    axis=( -0.161836  0.737770  0.655366)
     H    6  Q=         1.0000 1e-30 m^2  Cq=         1.0112 MHz  eta= 0.57761

     H    7    Vxx=   -0.1466    axis=( -0.782142  0.406819  0.471966)
     H    7    Vyy=   -0.1945    axis=( -0.605595 -0.674587 -0.422122)
     H    7    Vzz=    0.3411    axis=(  0.146655 -0.615980  0.773990)
     H    7  Q=         1.0000 1e-30 m^2  Cq=         0.8014 MHz  eta= 0.14062

     C    8    Vxx=   -0.0491    axis=(  0.835129  0.157095 -0.527144)
     C    8    Vyy=   -0.4497    axis=( -0.510083  0.579832 -0.635303)
     C    8    Vzz=    0.4988    axis=( -0.205852 -0.799448 -0.564366)
     C    8  Q=         1.0000 1e-30 m^2  Cq=         1.1720 MHz  eta= 0.80330

     H    9    Vxx=   -0.1180    axis=(  0.292974 -0.638370 -0.711794)
     H    9    Vyy=   -0.2243    axis=(  0.202529  0.769001 -0.606316)
     H    9    Vzz=    0.3423    axis=( -0.934424 -0.033476 -0.354585)
     H    9  Q=         1.0000 1e-30 m^2  Cq=         0.8044 MHz  eta= 0.31066

     C   10    Vxx=    0.0356    axis=(  0.881097 -0.423218  0.211077)
     C   10    Vyy=    0.1707    axis=(  0.039564 -0.378789 -0.924637)
     C   10    Vzz=   -0.2063    axis=(  0.471277  0.823047 -0.317006)
     C   10  Q=         1.0000 1e-30 m^2  Cq=        -0.4847 MHz  eta= 0.65533

     C   11    Vxx=    0.0326    axis=( -0.437524  0.233016  0.868491)
     C   11    Vyy=    0.8015    axis=( -0.702621 -0.691331 -0.168480)
     C   11    Vzz=   -0.8341    axis=(  0.561156 -0.683934  0.466196)
     C   11  Q=         1.0000 1e-30 m^2  Cq=        -1.9598 MHz  eta= 0.92188

     Cl  12    Vxx=   -1.0935    axis=(  0.336979 -0.249566 -0.907834)
     Cl  12    Vyy=   -1.7449    axis=(  0.547056 -0.732862  0.404527)
     Cl  12    Vzz=    2.8384    axis=(  0.766273  0.632953  0.110433)
     Cl  12  Q=        -8.1650 1e-30 m^2  Cq=       -54.4541 MHz  eta= 0.22950

     H   13    Vxx=   -0.0593    axis=(  0.910059  0.133098 -0.392527)
     H   13    Vyy=   -0.5349    axis=( -0.411189  0.170835 -0.895399)
     H   13    Vzz=    0.5942    axis=( -0.052119  0.976269  0.210198)
     H   13  Q=         1.0000 1e-30 m^2  Cq=         1.3961 MHz  eta= 0.80047

     C   14    Vxx=    0.0491    axis=(  0.803637  0.293190 -0.517886)
     C   14    Vyy=    0.7147    axis=(  0.500163  0.138830  0.854730)
     C   14    Vzz=   -0.7638    axis=( -0.322497  0.945920  0.035074)
     C   14  Q=         1.0000 1e-30 m^2  Cq=        -1.7946 MHz  eta= 0.87144

     H   15    Vxx=   -0.0883    axis=(  0.096855 -0.989052  0.111332)
     H   15    Vyy=   -0.3601    axis=( -0.658719  0.020155  0.752119)
     H   15    Vzz=    0.4484    axis=(  0.746129  0.146183  0.649555)
     H   15  Q=         1.0000 1e-30 m^2  Cq=         1.0535 MHz  eta= 0.60610

     C   16    Vxx=    0.1132    axis=( -0.078591  0.741660  0.666156)
     C   16    Vyy=    0.2962    axis=( -0.696827 -0.518737  0.495322)
     C   16    Vzz=   -0.4093    axis=( -0.712921  0.425268 -0.557576)
     C   16  Q=         1.0000 1e-30 m^2  Cq=        -0.9618 MHz  eta= 0.44698

     C   17    Vxx=    0.2098    axis=(  0.086625  0.865604 -0.493180)
     C   17    Vyy=    0.3502    axis=(  0.935727 -0.240599 -0.257930)
     C   17    Vzz=   -0.5600    axis=(  0.341923  0.439138  0.830810)
     C   17  Q=         1.0000 1e-30 m^2  Cq=        -1.3158 MHz  eta= 0.25075

     Cl  18    Vxx=   -0.2783    axis=(  0.851431 -0.462529 -0.247250)
     Cl  18    Vyy=   -2.3341    axis=(  0.508514  0.612650  0.605040)
     Cl  18    Vzz=    2.6123    axis=( -0.128370 -0.640880  0.756832)
     Cl  18  Q=        -8.1650 1e-30 m^2  Cq=       -50.1161 MHz  eta= 0.78697

     H   19    Vxx=    0.0090    axis=(  0.999027 -0.040442 -0.017620)
     H   19    Vyy=    0.7336    axis=( -0.027347 -0.881181  0.471988)
     H   19    Vzz=   -0.7426    axis=( -0.034614 -0.471046 -0.881429)
     H   19  Q=         1.0000 1e-30 m^2  Cq=        -1.7448 MHz  eta= 0.97568

     C   20    Vxx=   -0.0008    axis=(  0.371722 -0.725963  0.578620)
     C   20    Vyy=   -0.5806    axis=( -0.901961 -0.134888  0.410209)
     C   20    Vzz=    0.5814    axis=(  0.219748  0.674376  0.704931)
     C   20  Q=         1.0000 1e-30 m^2  Cq=         1.3660 MHz  eta= 0.99717

     H   21    Vxx=   -0.0320    axis=(  0.442502  0.628985 -0.639195)
     H   21    Vyy=   -0.6949    axis=( -0.012991  0.717198  0.696749)
     H   21    Vzz=    0.7269    axis=(  0.896674 -0.300009  0.325532)
     H   21  Q=         1.0000 1e-30 m^2  Cq=         1.7080 MHz  eta= 0.91189

     C   22    Vxx=   -0.0654    axis=(  0.819417  0.144357 -0.554722)
     C   22    Vyy=   -0.5374    axis=( -0.492572  0.672258 -0.552667)
     C   22    Vzz=    0.6028    axis=( -0.293135 -0.726106 -0.621966)
     C   22  Q=         1.0000 1e-30 m^2  Cq=         1.4163 MHz  eta= 0.78304

     C   23    Vxx=   -0.0746    axis=(  0.452411  0.590800 -0.668041)
     C   23    Vyy=   -0.3069    axis=( -0.874139  0.145392 -0.463403)
     C   23    Vzz=    0.3815    axis=(  0.176651 -0.793610 -0.582218)
     C   23  Q=         1.0000 1e-30 m^2  Cq=         0.8963 MHz  eta= 0.60884

     Cl  24    Vxx=    0.5943    axis=(  0.778879  0.019881 -0.626860)
     Cl  24    Vyy=    2.5648    axis=( -0.381610 -0.778164 -0.498834)
     Cl  24    Vzz=   -3.1592    axis=(  0.497717 -0.627747  0.598508)
     Cl  24  Q=        -8.1650 1e-30 m^2  Cq=        60.6074 MHz  eta= 0.62373

     Initialization:
     gipaw_setup  :      9.21s CPU     10.95s WALL (       1 calls)

     Linear response

     Apply operators

     Induced current

     Other routines
     efg          :      9.31s CPU     11.31s WALL (       1 calls)

     General routines
     calbec       :      3.20s CPU      4.08s WALL (      16 calls)
     fft          :      1.60s CPU      2.45s WALL (      15 calls)
     ffts         :      0.04s CPU      0.05s WALL (       2 calls)
     fftw         :      3.37s CPU      3.83s WALL (     672 calls)
     davcio       :      0.04s CPU      0.32s WALL (      32 calls)

     Parallel routines
     fft_scatter  :      2.23s CPU      3.38s WALL (     689 calls)

     Plugins

     GIPAW        :     61.37s CPU     73.85s WALL (       1 calls)
