
     Program QE v.6.0 (svn rev. 13079) starts on 20Dec2016 at  0:16: 4 

     This program is part of the open-source Quantum ESPRESSO suite
     for quantum simulation of materials; please cite
         "P. Giannozzi et al., J. Phys.:Condens. Matter 21 395502 (2009);
          URL http://www.quantum-espresso.org", 
     in publications or presentations arising from this work. More details at
     http://www.quantum-espresso.org/quote

     Parallel version (MPI), running on     8 processors
     R & G space division:  proc/nbgrp/npool/nimage =       8

     ***** This is GIPAW svn revision unknown      *****

     Parallelizing q-star over 1 images

     Reading data from directory:
     /users/majewski/paradichlorobenzene/pbe/9_constraint/scratch/pbe.ecut100.np8.dt60.pcl2phi-129368.save
     Message from routine read_xml_file:
     file /users/majewski/paradichlorobenzene/pbe/9_constraint/scratch/pbe.ecut100.np8.dt60.pcl2phi-129368.save not guaranteed to be safe for post-processing

   Info: using nr1, nr2, nr3 values from input

   Info: using nr1, nr2, nr3 values from input

     IMPORTANT: XC functional enforced from input :
     Exchange-correlation      =  SLA  PW   PBX  PBC ( 1  4  3  4 0 0)
     Any further DFT definition will be discarded
     Please, verify this is what you really want

               file C.pbe-n-kjpaw_psl.1.0.0.UPF: wavefunction(s)  2S 2P renormalized
               file Cl.pbe-n-kjpaw_psl.1.0.0.UPF: wavefunction(s)  3S 3P renormalized
               file H.pbe-kjpaw_psl.1.0.0.UPF: wavefunction(s)  1S renormalized

     Parallelization info
     --------------------
     sticks:   dense  smooth     PW     G-vecs:    dense   smooth      PW
     Min        3057    1223    332               144436    36536    5170
     Max        3059    1225    333               144437    36537    5171
     Sum       24467    9791   2657              1155489   292295   41363


     Subspace diagonalization in iterative solution of the eigenvalue problem:
     a serial algorithm will be used

     GIPAW projectors -----------------------------------------------
     atom=  C    l=0  rc=    1.2000  rs=    0.8000
     atom=  C    l=0  rc=    1.2000  rs=    0.8000
     atom=  C    l=1  rc=    1.4000  rs=    0.9333
     atom=  C    l=1  rc=    1.4000  rs=    0.9333
     projs nearly linearly dependent: l=1  n1,n2= 1, 2  s=  0.99951561

     atom=  Cl   l=0  rc=    1.6000  rs=    1.0667
     atom=  Cl   l=0  rc=    1.6000  rs=    1.0667
     atom=  Cl   l=1  rc=    1.6000  rs=    1.0667
     atom=  Cl   l=1  rc=    1.6000  rs=    1.0667
     atom=  Cl   l=2  rc=    1.6000  rs=    1.0667
     atom=  Cl   l=2  rc=    1.6000  rs=    1.0667
     projs nearly linearly dependent: l=2  n1,n2= 1, 2  s=  0.99993509

     atom=  H    l=0  rc=    1.0000  rs=    0.6667
     atom=  H    l=0  rc=    1.0000  rs=    0.6667
     projs nearly linearly dependent: l=0  n1,n2= 1, 2  s=  0.99968852
     -----------------------------------------------------------------

     GIPAW integrals: -------------------------------------------
     Atom  i/j   nmr_para   nmr_dia   epr_rmc  epr_para   epr_dia
       C   1 1   0.83E+03  0.17E-01  0.93E+01  0.24E+08  0.24E+03
       C   2 1   0.86E+03 -0.61E-01  0.94E+01  0.25E+08  0.25E+03
       C   2 2   0.90E+03 -0.15E+00  0.97E+01  0.26E+08  0.26E+03
       C   3 3   0.33E+01  0.34E+00  0.18E+01  0.55E+03  0.21E+02
       C   4 3   0.35E+01  0.37E+00  0.20E+01  0.59E+03  0.22E+02
       C   4 4   0.38E+01  0.39E+00  0.22E+01  0.63E+03  0.24E+02
       Cl  1 1   0.14E+04 -0.47E+00  0.84E+01  0.32E+09  0.42E+03
       Cl  2 1   0.21E+04 -0.37E+00  0.12E+02  0.49E+09  0.65E+03
       Cl  2 2   0.33E+04 -0.16E+00  0.21E+02  0.76E+09  0.10E+04
       Cl  3 3   0.21E+02  0.79E-01  0.89E+01  0.23E+05  0.13E+03
       Cl  4 3   0.24E+02  0.67E-01  0.99E+01  0.27E+05  0.15E+03
       Cl  4 4   0.28E+02  0.44E-01  0.11E+02  0.32E+05  0.18E+03
       Cl  5 5   0.77E+00  0.19E+00  0.18E+01  0.12E+03  0.22E+02
       Cl  6 5   0.80E+00  0.19E+00  0.19E+01  0.12E+03  0.23E+02
       Cl  6 6   0.83E+00  0.20E+00  0.19E+01  0.12E+03  0.23E+02
       H   1 1   0.39E+02  0.19E+00  0.29E+00  0.78E+05  0.13E+02
       H   2 1   0.41E+02  0.21E+00  0.32E+00  0.82E+05  0.14E+02
       H   2 2   0.43E+02  0.22E+00  0.36E+00  0.86E+05  0.15E+02
     ------------------------------------------------------------

     alpha_pv=     34.4376 eV

     Number of occupied bands for each k-point:
     k-point:     1    nbnd_occ=  42
     k-point:     2    nbnd_occ=  42
     k-point:     3    nbnd_occ=  42
     k-point:     4    nbnd_occ=  42
     k-point:     5    nbnd_occ=  42
     k-point:     6    nbnd_occ=  42
     k-point:     7    nbnd_occ=  42
     k-point:     8    nbnd_occ=  42
     k-point:     9    nbnd_occ=  42
     k-point:    10    nbnd_occ=  42
     k-point:    11    nbnd_occ=  42
     k-point:    12    nbnd_occ=  42
     k-point:    13    nbnd_occ=  42
     k-point:    14    nbnd_occ=  42
     k-point:    15    nbnd_occ=  42
     k-point:    16    nbnd_occ=  42


     q-space interpolation up to   110.00 Rydberg

     GIPAW job: efg                                                                             


     ELECTRIC FIELD GRADIENTS TENSORS IN Hartree/bohrradius^2:

     ----- bare term -----
     Cl   1       -0.069287        0.338761       -0.148870
     Cl   1        0.338761       -0.135549       -0.027594
     Cl   1       -0.148870       -0.027594        0.204836

     C    2        0.054266       -0.186280       -0.576285
     C    2       -0.186280       -0.312124       -0.495324
     C    2       -0.576285       -0.495324        0.257858

     C    3        0.031689        0.271425        0.040253
     C    3        0.271425       -0.016064        0.037211
     C    3        0.040253        0.037211       -0.015625

     H    4        0.160596       -0.059154       -0.148992
     H    4       -0.059154        0.392565        0.051535
     H    4       -0.148992        0.051535       -0.553161

     C    5       -0.048079       -0.052914       -0.204733
     C    5       -0.052914       -0.018073       -0.235699
     C    5       -0.204733       -0.235699        0.066152

     H    6        0.280284        0.001694        0.284341
     H    6        0.001694        0.146698       -0.239679
     H    6        0.284341       -0.239679       -0.426982

     H    7        0.414051        0.038134       -0.018987
     H    7        0.038134       -0.352333        0.514191
     H    7       -0.018987        0.514191       -0.061718

     C    8       -0.587141       -0.322820       -0.363257
     C    8       -0.322820        0.151386        0.283101
     C    8       -0.363257        0.283101        0.435755

     H    9       -0.553050        0.065621        0.101307
     H    9        0.065621        0.381368        0.313040
     H    9        0.101307        0.313040        0.171682

     C   10        0.001717       -0.310804       -0.037855
     C   10       -0.310804       -0.556858        0.391014
     C   10       -0.037855        0.391014        0.555141

     C   11       -0.628533       -0.087571       -0.228735
     C   11       -0.087571        0.127084        0.139287
     C   11       -0.228735        0.139287        0.501450

     Cl  12       -0.100412       -0.136233        0.122743
     Cl  12       -0.136233       -0.069420       -0.114090
     Cl  12        0.122743       -0.114090        0.169833

     H   13        0.368791       -0.063221        0.119043
     H   13       -0.063221       -0.298028       -0.483179
     H   13        0.119043       -0.483179       -0.070764

     C   14       -0.704032        0.345614       -0.280217
     C   14        0.345614        0.336266       -0.290957
     C   14       -0.280217       -0.290957        0.367766

     H   15        0.142257       -0.014723       -0.389221
     H   15       -0.014723        0.198713        0.275241
     H   15       -0.389221        0.275241       -0.340970

     C   16        0.014023        0.238278       -0.156509
     C   16        0.238278       -0.065854       -0.624265
     C   16       -0.156509       -0.624265        0.051831

     C   17       -0.609030        0.321079       -0.336497
     C   17        0.321079        0.256522       -0.220837
     C   17       -0.336497       -0.220837        0.352509

     Cl  18        0.040681        0.036392       -0.092541
     Cl  18        0.036392       -0.052815        0.000805
     Cl  18       -0.092541        0.000805        0.012134

     H   19        0.177322        0.343446       -0.132012
     H   19        0.343446       -0.437002        0.437825
     H   19       -0.132012        0.437825        0.259681

     C   20        0.047484       -0.550014       -0.041791
     C   20       -0.550014       -0.428811        0.378365
     C   20       -0.041791        0.378365        0.381327

     H   21       -0.547126        0.428120        0.134336
     H   21        0.428120        0.283067       -0.045301
     H   21        0.134336       -0.045301        0.264059

     C   22       -0.084297       -0.185252       -0.432339
     C   22       -0.185252       -0.163606        0.450504
     C   22       -0.432339        0.450504        0.247903

     C   23       -0.228632       -0.216524       -0.295760
     C   23       -0.216524       -0.098181        0.551053
     C   23       -0.295760        0.551053        0.326813

     Cl  24        0.158827        0.006004        0.254807
     Cl  24        0.006004        0.249167       -0.220324
     Cl  24        0.254807       -0.220324       -0.407994

     ----- ionic term -----
     Cl   1        0.123977       -0.237204        0.014214
     Cl   1       -0.237204        0.024635        0.002872
     Cl   1        0.014214        0.002872       -0.148612

     C    2        0.049453       -0.337179        0.305068
     C    2       -0.337179       -0.024971        0.407552
     C    2        0.305068        0.407552       -0.024482

     C    3       -0.034164       -0.337859        0.200810
     C    3       -0.337859        0.063232        0.387417
     C    3        0.200810        0.387417       -0.029068

     H    4        0.236951        0.136841        0.798087
     H    4        0.136841       -0.516980        0.206546
     H    4        0.798087        0.206546        0.280029

     C    5        0.039109       -0.332405        0.290928
     C    5       -0.332405       -0.039322        0.240885
     C    5        0.290928        0.240885        0.000213

     H    6       -0.560732       -0.065701       -0.058312
     H    6       -0.065701        0.290446        0.788852
     H    6       -0.058312        0.788852        0.270286

     H    7       -0.511941       -0.065995        0.021386
     H    7       -0.065995        0.560404       -0.765407
     H    7        0.021386       -0.765407       -0.048463

     C    8        0.318273        0.161105        0.071025
     C    8        0.161105        0.047708       -0.354069
     C    8        0.071025       -0.354069       -0.365980

     H    9        0.897894       -0.290843        0.413931
     H    9       -0.290843       -0.427083       -0.168745
     H    9        0.413931       -0.168745       -0.470811

     C   10        0.215820        0.200781        0.055475
     C   10        0.200781        0.152401       -0.431353
     C   10        0.055475       -0.431353       -0.368221

     C   11        0.339768        0.132325        0.227879
     C   11        0.132325        0.058469       -0.375938
     C   11        0.227879       -0.375938       -0.398237

     Cl  12        0.135341        0.222410        0.013557
     Cl  12        0.222410        0.018597       -0.007066
     Cl  12        0.013557       -0.007066       -0.153939

     H   13       -0.516040       -0.087900       -0.024709
     H   13       -0.087900        0.587629        0.728059
     H   13       -0.024709        0.728059       -0.071588

     C   14        0.129267       -0.347938        0.343239
     C   14       -0.347938        0.021921        0.236176
     C   14        0.343239        0.236176       -0.151188

     H   15        0.300364        0.091328        0.778479
     H   15        0.091328       -0.490099        0.155156
     H   15        0.778479        0.155156        0.189735

     C   16        0.029091       -0.384902        0.224923
     C   16       -0.384902        0.113785        0.319338
     C   16        0.224923        0.319338       -0.142876

     C   17       -0.024730       -0.328876        0.332739
     C   17       -0.328876        0.039871        0.294378
     C   17        0.332739        0.294378       -0.015141

     Cl  18        0.100968       -0.217562        0.050036
     Cl  18       -0.217562        0.032384       -0.036104
     Cl  18        0.050036       -0.036104       -0.133352

     H   19       -0.516419       -0.073465        0.055229
     H   19       -0.073465        0.719933       -0.714496
     H   19        0.055229       -0.714496       -0.203513

     C   20        0.430187        0.187355        0.140188
     C   20        0.187355        0.006461       -0.326864
     C   20        0.140188       -0.326864       -0.436648

     H   21        0.809494       -0.415140        0.418909
     H   21       -0.415140       -0.417890       -0.207514
     H   21        0.418909       -0.207514       -0.391603

     C   22        0.239582        0.191895        0.055414
     C   22        0.191895        0.095662       -0.426365
     C   22        0.055414       -0.426365       -0.335244

     C   23        0.261948        0.097085        0.080839
     C   23        0.097085        0.040215       -0.435822
     C   23        0.080839       -0.435822       -0.302162

     Cl  24        0.108625        0.169051       -0.059179
     Cl  24        0.169051        0.003981       -0.041701
     Cl  24       -0.059179       -0.041701       -0.112606

     ----- GIPAW term -----
     Cl   1        1.946885       -0.081686       -2.053990
     Cl   1       -0.081686       -1.362156       -0.431483
     Cl   1       -2.053990       -0.431483       -0.584729

     C    2        0.090202       -0.124446       -0.244422
     C    2       -0.124446       -0.147914       -0.049850
     C    2       -0.244422       -0.049850        0.057712

     C    3        0.018646        0.010456       -0.019083
     C    3        0.010456       -0.014886        0.017238
     C    3       -0.019083        0.017238       -0.003760

     H    4       -0.000000        0.000000        0.000000
     H    4        0.000000        0.000000        0.000000
     H    4        0.000000        0.000000        0.000000

     C    5        0.011465       -0.018604       -0.098709
     C    5       -0.018604       -0.082459       -0.020941
     C    5       -0.098709       -0.020941        0.070995

     H    6       -0.000000        0.000000        0.000000
     H    6        0.000000        0.000000        0.000000
     H    6        0.000000        0.000000        0.000000

     H    7       -0.000000        0.000000        0.000000
     H    7        0.000000        0.000000        0.000000
     H    7        0.000000        0.000000        0.000000

     C    8       -0.131298       -0.049434       -0.052805
     C    8       -0.049434        0.099179        0.031923
     C    8       -0.052805        0.031923        0.032119

     H    9       -0.000000        0.000000        0.000000
     H    9        0.000000        0.000000        0.000000
     H    9        0.000000        0.000000        0.000000

     C   10       -0.105419       -0.055004        0.044666
     C   10       -0.055004       -0.101456       -0.138539
     C   10        0.044666       -0.138539        0.206875

     C   11       -0.104984        0.003512        0.127123
     C   11        0.003512       -0.051011       -0.138074
     C   11        0.127123       -0.138074        0.155995

     Cl  12        0.369943        0.837725        1.425218
     Cl  12        0.837725       -0.706012       -1.349426
     Cl  12        1.425218       -1.349426        0.336069

     H   13       -0.000000        0.000000        0.000000
     H   13        0.000000        0.000000        0.000000
     H   13        0.000000        0.000000        0.000000

     C   14       -0.202082        0.007840       -0.017717
     C   14        0.007840        0.242146       -0.090296
     C   14       -0.017717       -0.090296       -0.040064

     H   15       -0.000000        0.000000        0.000000
     H   15        0.000000        0.000000        0.000000
     H   15        0.000000        0.000000        0.000000

     C   16       -0.102329        0.076421       -0.045451
     C   16        0.076421        0.173276       -0.196128
     C   16       -0.045451       -0.196128       -0.070948

     C   17       -0.133161       -0.110556       -0.054416
     C   17       -0.110556        0.253089        0.018280
     C   17       -0.054416        0.018280       -0.119927

     Cl  18       -0.289818       -1.145984       -0.474861
     Cl  18       -1.145984        1.461141       -1.920934
     Cl  18       -0.474861       -1.920934       -1.171324

     H   19       -0.000000        0.000000        0.000000
     H   19        0.000000        0.000000        0.000000
     H   19        0.000000        0.000000        0.000000

     C   20        0.223813       -0.171943        0.067603
     C   20       -0.171943       -0.177964        0.055424
     C   20        0.067603        0.055424       -0.045849

     H   21       -0.000000        0.000000        0.000000
     H   21        0.000000        0.000000        0.000000
     H   21        0.000000        0.000000        0.000000

     C   22        0.075514       -0.110199       -0.225405
     C   22       -0.110199       -0.063716        0.120819
     C   22       -0.225405        0.120819       -0.011798

     C   23       -0.013407       -0.034031       -0.174552
     C   23       -0.034031       -0.054564        0.189307
     C   23       -0.174552        0.189307        0.067971

     Cl  24        0.039544        0.571602       -0.564281
     Cl  24        0.571602       -0.439845        0.402194
     Cl  24       -0.564281        0.402194        0.400301

     ----- total EFG -----
     Cl   1        2.001574        0.019871       -2.188646
     Cl   1        0.019871       -1.473069       -0.456205
     Cl   1       -2.188646       -0.456205       -0.528505

     C    2        0.193921       -0.647904       -0.515639
     C    2       -0.647904       -0.485009       -0.137622
     C    2       -0.515639       -0.137622        0.291088

     C    3        0.016171       -0.055978        0.221980
     C    3       -0.055978        0.032282        0.441865
     C    3        0.221980        0.441865       -0.048453

     H    4        0.397547        0.077687        0.649095
     H    4        0.077687       -0.124415        0.258081
     H    4        0.649095        0.258081       -0.273132

     C    5        0.002495       -0.403923       -0.012514
     C    5       -0.403923       -0.139854       -0.015755
     C    5       -0.012514       -0.015755        0.137359

     H    6       -0.280448       -0.064007        0.226029
     H    6       -0.064007        0.437144        0.549174
     H    6        0.226029        0.549174       -0.156696

     H    7       -0.097890       -0.027860        0.002399
     H    7       -0.027860        0.208071       -0.251216
     H    7        0.002399       -0.251216       -0.110181

     C    8       -0.400166       -0.211148       -0.345037
     C    8       -0.211148        0.298273       -0.039045
     C    8       -0.345037       -0.039045        0.101894

     H    9        0.344844       -0.225222        0.515237
     H    9       -0.225222       -0.045715        0.144295
     H    9        0.515237        0.144295       -0.299129

     C   10        0.112118       -0.165027        0.062285
     C   10       -0.165027       -0.505913       -0.178878
     C   10        0.062285       -0.178878        0.393795

     C   11       -0.393750        0.048266        0.126267
     C   11        0.048266        0.134542       -0.374724
     C   11        0.126267       -0.374724        0.259208

     Cl  12        0.404871        0.923902        1.561518
     Cl  12        0.923902       -0.756834       -1.470582
     Cl  12        1.561518       -1.470582        0.351963

     H   13       -0.147249       -0.151121        0.094334
     H   13       -0.151121        0.289601        0.244880
     H   13        0.094334        0.244880       -0.142352

     C   14       -0.776847        0.005516        0.045305
     C   14        0.005516        0.600333       -0.145077
     C   14        0.045305       -0.145077        0.176514

     H   15        0.442621        0.076605        0.389258
     H   15        0.076605       -0.291386        0.430398
     H   15        0.389258        0.430398       -0.151235

     C   16       -0.059214       -0.070202        0.022963
     C   16       -0.070202        0.221207       -0.501055
     C   16        0.022963       -0.501055       -0.161993

     C   17       -0.766922       -0.118353       -0.058174
     C   17       -0.118353        0.549481        0.091821
     C   17       -0.058174        0.091821        0.217441

     Cl  18       -0.148168       -1.327154       -0.517366
     Cl  18       -1.327154        1.440710       -1.956234
     Cl  18       -0.517366       -1.956234       -1.292542

     H   19       -0.339098        0.269981       -0.076783
     H   19        0.269981        0.282930       -0.276671
     H   19       -0.076783       -0.276671        0.056167

     C   20        0.701483       -0.534602        0.165999
     C   20       -0.534602       -0.600314        0.106925
     C   20        0.165999        0.106925       -0.101170

     H   21        0.262368        0.012980        0.553245
     H   21        0.012980       -0.134824       -0.252815
     H   21        0.553245       -0.252815       -0.127544

     C   22        0.230798       -0.103556       -0.602329
     C   22       -0.103556       -0.131660        0.144959
     C   22       -0.602329        0.144959       -0.099139

     C   23        0.019909       -0.153469       -0.389473
     C   23       -0.153469       -0.112530        0.304538
     C   23       -0.389473        0.304538        0.092621

     Cl  24        0.306996        0.746657       -0.368653
     Cl  24        0.746657       -0.186697        0.140169
     Cl  24       -0.368653        0.140169       -0.120298

     ----- total EFG (symmetrized) -----
     Cl   1        2.001574        0.019871       -2.188646
     Cl   1        0.019871       -1.473069       -0.456205
     Cl   1       -2.188646       -0.456205       -0.528505

     C    2        0.193921       -0.647904       -0.515639
     C    2       -0.647904       -0.485009       -0.137622
     C    2       -0.515639       -0.137622        0.291088

     C    3        0.016171       -0.055978        0.221980
     C    3       -0.055978        0.032282        0.441865
     C    3        0.221980        0.441865       -0.048453

     H    4        0.397547        0.077687        0.649095
     H    4        0.077687       -0.124415        0.258081
     H    4        0.649095        0.258081       -0.273132

     C    5        0.002495       -0.403923       -0.012514
     C    5       -0.403923       -0.139854       -0.015755
     C    5       -0.012514       -0.015755        0.137359

     H    6       -0.280448       -0.064007        0.226029
     H    6       -0.064007        0.437144        0.549174
     H    6        0.226029        0.549174       -0.156696

     H    7       -0.097890       -0.027860        0.002399
     H    7       -0.027860        0.208071       -0.251216
     H    7        0.002399       -0.251216       -0.110181

     C    8       -0.400166       -0.211148       -0.345037
     C    8       -0.211148        0.298273       -0.039045
     C    8       -0.345037       -0.039045        0.101894

     H    9        0.344844       -0.225222        0.515237
     H    9       -0.225222       -0.045715        0.144295
     H    9        0.515237        0.144295       -0.299129

     C   10        0.112118       -0.165027        0.062285
     C   10       -0.165027       -0.505913       -0.178878
     C   10        0.062285       -0.178878        0.393795

     C   11       -0.393750        0.048266        0.126267
     C   11        0.048266        0.134542       -0.374724
     C   11        0.126267       -0.374724        0.259208

     Cl  12        0.404871        0.923902        1.561518
     Cl  12        0.923902       -0.756834       -1.470582
     Cl  12        1.561518       -1.470582        0.351963

     H   13       -0.147249       -0.151121        0.094334
     H   13       -0.151121        0.289601        0.244880
     H   13        0.094334        0.244880       -0.142352

     C   14       -0.776847        0.005516        0.045305
     C   14        0.005516        0.600333       -0.145077
     C   14        0.045305       -0.145077        0.176514

     H   15        0.442621        0.076605        0.389258
     H   15        0.076605       -0.291386        0.430398
     H   15        0.389258        0.430398       -0.151235

     C   16       -0.059214       -0.070202        0.022963
     C   16       -0.070202        0.221207       -0.501055
     C   16        0.022963       -0.501055       -0.161993

     C   17       -0.766922       -0.118353       -0.058174
     C   17       -0.118353        0.549481        0.091821
     C   17       -0.058174        0.091821        0.217441

     Cl  18       -0.148168       -1.327154       -0.517366
     Cl  18       -1.327154        1.440710       -1.956234
     Cl  18       -0.517366       -1.956234       -1.292542

     H   19       -0.339098        0.269981       -0.076783
     H   19        0.269981        0.282930       -0.276671
     H   19       -0.076783       -0.276671        0.056167

     C   20        0.701483       -0.534602        0.165999
     C   20       -0.534602       -0.600314        0.106925
     C   20        0.165999        0.106925       -0.101170

     H   21        0.262368        0.012980        0.553245
     H   21        0.012980       -0.134824       -0.252815
     H   21        0.553245       -0.252815       -0.127544

     C   22        0.230798       -0.103556       -0.602329
     C   22       -0.103556       -0.131660        0.144959
     C   22       -0.602329        0.144959       -0.099139

     C   23        0.019909       -0.153469       -0.389473
     C   23       -0.153469       -0.112530        0.304538
     C   23       -0.389473        0.304538        0.092621

     Cl  24        0.306996        0.746657       -0.368653
     Cl  24        0.746657       -0.186697        0.140169
     Cl  24       -0.368653        0.140169       -0.120298


     NQR/NMR SPECTROSCOPIC PARAMETERS:
     Cl   1    Vxx=   -1.2246    axis=(  0.319747 -0.826211  0.463829)
     Cl   1    Vyy=   -2.0526    axis=( -0.391133 -0.560968 -0.729609)
     Cl   1    Vzz=    3.2772    axis=( -0.863004 -0.051871  0.502527)
     Cl   1  Q=        -8.1650 1e-30 m^2  Cq=       -62.8717 MHz  eta= 0.25263

     C    2    Vxx=    0.1343    axis=(  0.374053 -0.556206  0.742104)
     C    2    Vyy=    0.8655    axis=(  0.744914 -0.296467 -0.597671)
     C    2    Vzz=   -0.9998    axis=( -0.552438 -0.776364 -0.303431)
     C    2  Q=         1.0000 1e-30 m^2  Cq=        -2.3492 MHz  eta= 0.73129

     C    3    Vxx=    0.0636    axis=( -0.898786  0.430383 -0.083388)
     C    3    Vyy=    0.4647    axis=( -0.258474 -0.673887 -0.692148)
     C    3    Vzz=   -0.5282    axis=( -0.354082 -0.600539  0.716923)
     C    3  Q=         1.0000 1e-30 m^2  Cq=        -1.2411 MHz  eta= 0.75930

     H    4    Vxx=   -0.1108    axis=(  0.332874 -0.931083 -0.149265)
     H    4    Vyy=   -0.7249    axis=(  0.462115  0.299054 -0.834875)
     H    4    Vzz=    0.8357    axis=(  0.821976  0.208930  0.529814)
     H    4  Q=         1.0000 1e-30 m^2  Cq=         1.9635 MHz  eta= 0.73479

     C    5    Vxx=    0.1380    axis=( -0.022987 -0.023252  0.999465)
     C    5    Vyy=    0.3415    axis=( -0.765963  0.642880 -0.002660)
     C    5    Vzz=   -0.4795    axis=( -0.642474 -0.765614 -0.032589)
     C    5  Q=         1.0000 1e-30 m^2  Cq=        -1.1266 MHz  eta= 0.42432

     H    6    Vxx=   -0.1364    axis=(  0.836065 -0.327872  0.439882)
     H    6    Vyy=   -0.6318    axis=(  0.545319  0.408663 -0.731862)
     H    6    Vzz=    0.7682    axis=(  0.060194  0.851760  0.520463)
     H    6  Q=         1.0000 1e-30 m^2  Cq=         1.8049 MHz  eta= 0.64481

     H    7    Vxx=   -0.0985    axis=(  0.995523  0.013852 -0.093501)
     H    7    Vyy=   -0.2493    axis=(  0.075177  0.483588  0.872061)
     H    7    Vzz=    0.3478    axis=(  0.057295 -0.875186  0.480381)
     H    7  Q=         1.0000 1e-30 m^2  Cq=         0.8172 MHz  eta= 0.43354

     C    8    Vxx=    0.2428    axis=( -0.281322 -0.490787  0.824612)
     C    8    Vyy=    0.3792    axis=(  0.391493 -0.843252 -0.368320)
     C    8    Vzz=   -0.6221    axis=(  0.876123  0.219214  0.429365)
     C    8  Q=         1.0000 1e-30 m^2  Cq=        -1.4617 MHz  eta= 0.21927

     H    9    Vxx=    0.0196    axis=(  0.006369 -0.914784 -0.403894)
     H    9    Vyy=    0.6550    axis=( -0.875609  0.189979 -0.444092)
     H    9    Vzz=   -0.6746    axis=(  0.482979  0.356481 -0.799783)
     H    9  Q=         1.0000 1e-30 m^2  Cq=        -1.5850 MHz  eta= 0.94200

     C   10    Vxx=    0.1189    axis=(  0.936163 -0.157235 -0.314445)
     C   10    Vyy=    0.4546    axis=(  0.276823 -0.221677  0.935002)
     C   10    Vzz=   -0.5736    axis=( -0.216721 -0.962360 -0.164000)
     C   10  Q=         1.0000 1e-30 m^2  Cq=        -1.3476 MHz  eta= 0.58535

     C   11    Vxx=   -0.1308    axis=(  0.402828  0.721678  0.562948)
     C   11    Vyy=   -0.4504    axis=( -0.912752  0.271102  0.305593)
     C   11    Vzz=    0.5812    axis=(  0.067923 -0.636933  0.767921)
     C   11  Q=         1.0000 1e-30 m^2  Cq=         1.3655 MHz  eta= 0.54981

     Cl  12    Vxx=    0.6787    axis=( -0.613270 -0.722251  0.319771)
     Cl  12    Vyy=    2.0142    axis=(  0.623468 -0.194067  0.757381)
     Cl  12    Vzz=   -2.6930    axis=(  0.484962 -0.663846 -0.569316)
     Cl  12  Q=        -8.1650 1e-30 m^2  Cq=        51.6629 MHz  eta= 0.49591

     H   13    Vxx=   -0.0568    axis=(  0.786288 -0.089192  0.611388)
     H   13    Vyy=   -0.3617    axis=(  0.590347  0.400446 -0.700809)
     H   13    Vzz=    0.4185    axis=( -0.182321  0.911969  0.367520)
     H   13  Q=         1.0000 1e-30 m^2  Cq=         0.9833 MHz  eta= 0.72876

     C   14    Vxx=    0.1338    axis=(  0.049249  0.296065  0.953897)
     C   14    Vyy=    0.6453    axis=( -0.005730  0.955124 -0.296150)
     C   14    Vzz=   -0.7791    axis=( -0.998770  0.009119  0.048736)
     C   14  Q=         1.0000 1e-30 m^2  Cq=        -1.8306 MHz  eta= 0.65647

     H   15    Vxx=   -0.0166    axis=(  0.548029 -0.657394 -0.517201)
     H   15    Vyy=   -0.6947    axis=(  0.188756  0.699567 -0.689186)
     H   15    Vzz=    0.7114    axis=(  0.814884  0.280069  0.507470)
     H   15  Q=         1.0000 1e-30 m^2  Cq=         1.6714 MHz  eta= 0.95323

     C   16    Vxx=   -0.0662    axis=(  0.992679  0.064967 -0.101822)
     C   16    Vyy=   -0.5078    axis=(  0.046992  0.568859  0.821091)
     C   16    Vzz=    0.5740    axis=(  0.111266 -0.819865  0.561642)
     C   16  Q=         1.0000 1e-30 m^2  Cq=         1.3486 MHz  eta= 0.76945

     C   17    Vxx=    0.1945    axis=( -0.026594 -0.258604  0.965617)
     C   17    Vyy=    0.5855    axis=( -0.095176  0.962226  0.255074)
     C   17    Vzz=   -0.7800    axis=( -0.995105 -0.085120 -0.050203)
     C   17  Q=         1.0000 1e-30 m^2  Cq=        -1.8326 MHz  eta= 0.50139

     Cl  18    Vxx=   -0.0061    axis=(  0.857267  0.104770 -0.504100)
     Cl  18    Vyy=   -2.7790    axis=(  0.398135  0.485920  0.778056)
     Cl  18    Vzz=    2.7851    axis=(  0.326469 -0.867701  0.374850)
     Cl  18  Q=        -8.1650 1e-30 m^2  Cq=       -53.4316 MHz  eta= 0.99559

     H   19    Vxx=   -0.1083    axis=(  0.236089  0.447210  0.862708)
     H   19    Vyy=   -0.4415    axis=( -0.927204  0.369344  0.062279)
     H   19    Vzz=    0.5498    axis=( -0.290784 -0.814609  0.501853)
     H   19  Q=         1.0000 1e-30 m^2  Cq=         1.2917 MHz  eta= 0.60613

     C   20    Vxx=   -0.0815    axis=( -0.040580  0.241616  0.969523)
     C   20    Vyy=   -0.8260    axis=(  0.343323  0.914615 -0.213562)
     C   20    Vzz=    0.9074    axis=( -0.938340  0.324194 -0.120067)
     C   20  Q=         1.0000 1e-30 m^2  Cq=         2.1321 MHz  eta= 0.82044

     H   21    Vxx=   -0.0607    axis=(  0.378901  0.893168 -0.242248)
     H   21    Vyy=   -0.6170    axis=( -0.488794  0.415423  0.767140)
     H   21    Vzz=    0.6777    axis=(  0.785821 -0.172261  0.593980)
     H   21  Q=         1.0000 1e-30 m^2  Cq=         1.5923 MHz  eta= 0.82073

     C   22    Vxx=   -0.1589    axis=( -0.232369 -0.972482  0.016849)
     C   22    Vyy=   -0.5654    axis=(  0.587940 -0.126643  0.798929)
     C   22    Vzz=    0.7243    axis=(  0.774810 -0.195553 -0.601189)
     C   22  Q=         1.0000 1e-30 m^2  Cq=         1.7018 MHz  eta= 0.56118

     C   23    Vxx=   -0.2097    axis=(  0.656800  0.748400  0.092261)
     C   23    Vyy=   -0.3910    axis=(  0.482837 -0.511377  0.710889)
     C   23    Vzz=    0.6007    axis=( -0.579209  0.422365  0.697227)
     C   23  Q=         1.0000 1e-30 m^2  Cq=         1.4113 MHz  eta= 0.30185

     Cl  24    Vxx=   -0.0206    axis=( -0.062699  0.463826  0.883705)
     Cl  24    Vyy=   -0.8754    axis=( -0.574867  0.707024 -0.411880)
     Cl  24    Vzz=    0.8960    axis=( -0.815841 -0.533837  0.222308)
     Cl  24  Q=        -8.1650 1e-30 m^2  Cq=       -17.1896 MHz  eta= 0.95408

     Initialization:
     gipaw_setup  :      8.96s CPU     10.74s WALL (       1 calls)

     Linear response

     Apply operators

     Induced current

     Other routines
     efg          :      9.24s CPU     11.42s WALL (       1 calls)

     General routines
     calbec       :      3.24s CPU      4.15s WALL (      16 calls)
     fft          :      1.72s CPU      2.48s WALL (      15 calls)
     ffts         :      0.04s CPU      0.08s WALL (       2 calls)
     fftw         :      3.32s CPU      3.89s WALL (     672 calls)
     davcio       :      0.02s CPU      0.35s WALL (      32 calls)

     Parallel routines
     fft_scatter  :      2.31s CPU      3.58s WALL (     689 calls)

     Plugins

     GIPAW        :     60.35s CPU     71.95s WALL (       1 calls)
