
     Program QE v.6.0 (svn rev. 13079) starts on 20Jan2017 at 17:11:28 

     This program is part of the open-source Quantum ESPRESSO suite
     for quantum simulation of materials; please cite
         "P. Giannozzi et al., J. Phys.:Condens. Matter 21 395502 (2009);
          URL http://www.quantum-espresso.org", 
     in publications or presentations arising from this work. More details at
     http://www.quantum-espresso.org/quote

     Parallel version (MPI), running on     8 processors
     R & G space division:  proc/nbgrp/npool/nimage =       8

     ***** This is GIPAW svn revision unknown      *****

     Parallelizing q-star over 1 images

     Reading data from directory:
     /users/majewski/paradichlorobenzene/pbe/9_constraint/scratch/pbe.ecut100.np8.dt60.pcl2phi-129368.save
     Message from routine read_xml_file:
     file /users/majewski/paradichlorobenzene/pbe/9_constraint/scratch/pbe.ecut100.np8.dt60.pcl2phi-129368.save not guaranteed to be safe for post-processing

   Info: using nr1, nr2, nr3 values from input

   Info: using nr1, nr2, nr3 values from input

     IMPORTANT: XC functional enforced from input :
     Exchange-correlation      =  SLA  PW   PBX  PBC ( 1  4  3  4 0 0)
     Any further DFT definition will be discarded
     Please, verify this is what you really want

               file C.pbe-n-kjpaw_psl.1.0.0.UPF: wavefunction(s)  2S 2P renormalized
               file Cl.pbe-n-kjpaw_psl.1.0.0.UPF: wavefunction(s)  3S 3P renormalized
               file H.pbe-kjpaw_psl.1.0.0.UPF: wavefunction(s)  1S renormalized

     Parallelization info
     --------------------
     sticks:   dense  smooth     PW     G-vecs:    dense   smooth      PW
     Min        3057    1223    332               144436    36536    5170
     Max        3059    1225    333               144437    36537    5171
     Sum       24467    9791   2657              1155489   292295   41363


     Subspace diagonalization in iterative solution of the eigenvalue problem:
     a serial algorithm will be used

     GIPAW projectors -----------------------------------------------
     atom=  C    l=0  rc=    1.2000  rs=    0.8000
     atom=  C    l=0  rc=    1.2000  rs=    0.8000
     atom=  C    l=1  rc=    1.4000  rs=    0.9333
     atom=  C    l=1  rc=    1.4000  rs=    0.9333
     projs nearly linearly dependent: l=1  n1,n2= 1, 2  s=  0.99951561

     atom=  Cl   l=0  rc=    1.6000  rs=    1.0667
     atom=  Cl   l=0  rc=    1.6000  rs=    1.0667
     atom=  Cl   l=1  rc=    1.6000  rs=    1.0667
     atom=  Cl   l=1  rc=    1.6000  rs=    1.0667
     atom=  Cl   l=2  rc=    1.6000  rs=    1.0667
     atom=  Cl   l=2  rc=    1.6000  rs=    1.0667
     projs nearly linearly dependent: l=2  n1,n2= 1, 2  s=  0.99993509

     atom=  H    l=0  rc=    1.0000  rs=    0.6667
     atom=  H    l=0  rc=    1.0000  rs=    0.6667
     projs nearly linearly dependent: l=0  n1,n2= 1, 2  s=  0.99968852
     -----------------------------------------------------------------

     GIPAW integrals: -------------------------------------------
     Atom  i/j   nmr_para   nmr_dia   epr_rmc  epr_para   epr_dia
       C   1 1   0.83E+03  0.17E-01  0.93E+01  0.24E+08  0.24E+03
       C   2 1   0.86E+03 -0.61E-01  0.94E+01  0.25E+08  0.25E+03
       C   2 2   0.90E+03 -0.15E+00  0.97E+01  0.26E+08  0.26E+03
       C   3 3   0.33E+01  0.34E+00  0.18E+01  0.55E+03  0.21E+02
       C   4 3   0.35E+01  0.37E+00  0.20E+01  0.59E+03  0.22E+02
       C   4 4   0.38E+01  0.39E+00  0.22E+01  0.63E+03  0.24E+02
       Cl  1 1   0.14E+04 -0.47E+00  0.84E+01  0.32E+09  0.42E+03
       Cl  2 1   0.21E+04 -0.37E+00  0.12E+02  0.49E+09  0.65E+03
       Cl  2 2   0.33E+04 -0.16E+00  0.21E+02  0.76E+09  0.10E+04
       Cl  3 3   0.21E+02  0.79E-01  0.89E+01  0.23E+05  0.13E+03
       Cl  4 3   0.24E+02  0.67E-01  0.99E+01  0.27E+05  0.15E+03
       Cl  4 4   0.28E+02  0.44E-01  0.11E+02  0.32E+05  0.18E+03
       Cl  5 5   0.77E+00  0.19E+00  0.18E+01  0.12E+03  0.22E+02
       Cl  6 5   0.80E+00  0.19E+00  0.19E+01  0.12E+03  0.23E+02
       Cl  6 6   0.83E+00  0.20E+00  0.19E+01  0.12E+03  0.23E+02
       H   1 1   0.39E+02  0.19E+00  0.29E+00  0.78E+05  0.13E+02
       H   2 1   0.41E+02  0.21E+00  0.32E+00  0.82E+05  0.14E+02
       H   2 2   0.43E+02  0.22E+00  0.36E+00  0.86E+05  0.15E+02
     ------------------------------------------------------------

     alpha_pv=     34.0786 eV

     Number of occupied bands for each k-point:
     k-point:     1    nbnd_occ=  42
     k-point:     2    nbnd_occ=  42
     k-point:     3    nbnd_occ=  42
     k-point:     4    nbnd_occ=  42
     k-point:     5    nbnd_occ=  42
     k-point:     6    nbnd_occ=  42
     k-point:     7    nbnd_occ=  42
     k-point:     8    nbnd_occ=  42
     k-point:     9    nbnd_occ=  42
     k-point:    10    nbnd_occ=  42
     k-point:    11    nbnd_occ=  42
     k-point:    12    nbnd_occ=  42
     k-point:    13    nbnd_occ=  42
     k-point:    14    nbnd_occ=  42
     k-point:    15    nbnd_occ=  42
     k-point:    16    nbnd_occ=  42


     q-space interpolation up to   110.00 Rydberg

     GIPAW job: efg                                                                             


     ELECTRIC FIELD GRADIENTS TENSORS IN Hartree/bohrradius^2:

     ----- bare term -----
     Cl   1        0.002586        0.023277        0.044048
     Cl   1        0.023277        0.004205        0.066055
     Cl   1        0.044048        0.066055       -0.006791

     C    2       -0.634908        0.451148       -0.393331
     C    2        0.451148        0.058565       -0.107075
     C    2       -0.393331       -0.107075        0.576343

     C    3        0.386030        0.080673       -0.130358
     C    3        0.080673       -0.519794       -0.695951
     C    3       -0.130358       -0.695951        0.133764

     H    4       -0.322600        0.292359       -0.204562
     H    4        0.292359       -0.073090       -0.332791
     H    4       -0.204562       -0.332791        0.395690

     C    5       -0.729538        0.329573       -0.336943
     C    5        0.329573        0.140228       -0.102708
     C    5       -0.336943       -0.102708        0.589310

     H    6        0.391793        0.110873       -0.158487
     H    6        0.110873       -0.441827       -0.497589
     H    6       -0.158487       -0.497589        0.050034

     H    7        0.361158        0.250224        0.041068
     H    7        0.250224       -0.672774       -0.078456
     H    7        0.041068       -0.078456        0.311616

     C    8        0.176488        0.116215       -0.103869
     C    8        0.116215       -0.256364        0.046526
     C    8       -0.103869        0.046526        0.079876

     H    9       -0.154748        0.387246        0.043142
     H    9        0.387246       -0.155969       -0.153168
     H    9        0.043142       -0.153168        0.310717

     C   10       -0.202698       -0.044024        0.128688
     C   10       -0.044024       -0.099628       -0.182040
     C   10        0.128688       -0.182040        0.302327

     C   11        0.246599        0.052680       -0.217693
     C   11        0.052680       -0.164700        0.400276
     C   11       -0.217693        0.400276       -0.081899

     Cl  12        0.080038       -0.084936        0.116009
     Cl  12       -0.084936       -0.195476       -0.356885
     Cl  12        0.116009       -0.356885        0.115438

     H   13        0.430698       -0.060995       -0.012285
     H   13       -0.060995       -0.533621       -0.513369
     H   13       -0.012285       -0.513369        0.102923

     C   14        0.152326        0.053719       -0.082687
     C   14        0.053719       -0.335029       -0.458084
     C   14       -0.082687       -0.458084        0.182702

     H   15       -0.127052       -0.457278       -0.381263
     H   15       -0.457278       -0.141377       -0.325647
     H   15       -0.381263       -0.325647        0.268430

     C   16       -0.733768        0.336447       -0.321404
     C   16        0.336447        0.283766       -0.058401
     C   16       -0.321404       -0.058401        0.450001

     C   17        0.260510        0.008907       -0.211928
     C   17        0.008907       -0.227498       -0.579374
     C   17       -0.211928       -0.579374       -0.033011

     Cl  18       -0.304809        0.275620        0.054749
     Cl  18        0.275620        0.083128       -0.154422
     Cl  18        0.054749       -0.154422        0.221681

     H   19        0.435517        0.014939       -0.085524
     H   19        0.014939       -0.595525        0.670177
     H   19       -0.085524        0.670177        0.160008

     C   20       -0.930960       -0.363932       -0.426536
     C   20       -0.363932        0.477338        0.016538
     C   20       -0.426536        0.016538        0.453622

     H   21       -0.423186        0.260198        0.275973
     H   21        0.260198        0.288164        0.029331
     H   21        0.275973        0.029331        0.135022

     C   22        0.110698        0.087899       -0.166390
     C   22        0.087899       -0.448402        0.458950
     C   22       -0.166390        0.458950        0.337704

     C   23       -0.794464       -0.474205       -0.343529
     C   23       -0.474205        0.325154        0.044057
     C   23       -0.343529        0.044057        0.469310

     Cl  24       -0.016515       -0.010988        0.047763
     Cl  24       -0.010988        0.012339       -0.090432
     Cl  24        0.047763       -0.090432        0.004176

     ----- ionic term -----
     Cl   1        0.200278       -0.228265        0.007500
     Cl   1       -0.228265       -0.041566        0.005584
     Cl   1        0.007500        0.005584       -0.158712

     C    2        0.305352       -0.123022        0.307213
     C    2       -0.123022        0.006293        0.412940
     C    2        0.307213        0.412940       -0.311645

     C    3        0.216633       -0.234858        0.129383
     C    3       -0.234858        0.143757        0.406244
     C    3        0.129383        0.406244       -0.360390

     H    4        0.824104        0.242195        0.503377
     H    4        0.242195       -0.415463        0.176119
     H    4        0.503377        0.176119       -0.408641

     C    5        0.333629       -0.172424        0.246085
     C    5       -0.172424        0.023192        0.331186
     C    5        0.246085        0.331186       -0.356821

     H    6       -0.490556        0.144102        0.098464
     H    6        0.144102        0.668487        0.701805
     H    6        0.098464        0.701805       -0.177931

     H    7       -0.495767       -0.177304        0.085419
     H    7       -0.177304        0.719909       -0.650919
     H    7        0.085419       -0.650919       -0.224142

     C    8        0.374931        0.077933        0.094679
     C    8        0.077933        0.115270       -0.278088
     C    8        0.094679       -0.278088       -0.490201

     H    9        0.773690       -0.465639        0.424527
     H    9       -0.465639       -0.304994       -0.223958
     H    9        0.424527       -0.223958       -0.468696

     C   10        0.192187        0.107481        0.094992
     C   10        0.107481        0.277222       -0.391546
     C   10        0.094992       -0.391546       -0.469409

     C   11        0.265591       -0.058611        0.146760
     C   11       -0.058611        0.213765       -0.412947
     C   11        0.146760       -0.412947       -0.479356

     Cl  12        0.138582        0.147004       -0.015538
     Cl  12        0.147004        0.000754       -0.027741
     Cl  12       -0.015538       -0.027741       -0.139336

     H   13       -0.544487        0.008849        0.008261
     H   13        0.008849        0.568925        0.785104
     H   13        0.008261        0.785104       -0.024438

     C   14        0.286583       -0.196267        0.247511
     C   14       -0.196267        0.022129        0.336762
     C   14        0.247511        0.336762       -0.308711

     H   15        0.672900        0.236944        0.671497
     H   15        0.236944       -0.501867        0.201981
     H   15        0.671497        0.201981       -0.171033

     C   16        0.129015       -0.219164        0.187578
     C   16       -0.219164        0.128424        0.438839
     C   16        0.187578        0.438839       -0.257438

     C   17        0.165440       -0.116408        0.260169
     C   17       -0.116408        0.089373        0.478763
     C   17        0.260169        0.478763       -0.254813

     Cl  18        0.079367       -0.174391       -0.021653
     Cl  18       -0.174391        0.058087        0.031740
     Cl  18       -0.021653        0.031740       -0.137454

     H   19       -0.522800       -0.072801        0.013130
     H   19       -0.072801        0.689946       -0.687808
     H   19        0.013130       -0.687808       -0.167146

     C   20        0.375863        0.011098        0.083031
     C   20        0.011098        0.075146       -0.332316
     C   20        0.083031       -0.332316       -0.451009

     H   21        0.748153       -0.647052        0.069209
     H   21       -0.647052       -0.125251       -0.073555
     H   21        0.069209       -0.073555       -0.622902

     C   22        0.213802        0.054740       -0.035431
     C   22        0.054740        0.286266       -0.318293
     C   22       -0.035431       -0.318293       -0.500068

     C   23        0.306754        0.106559        0.083885
     C   23        0.106559        0.235226       -0.323175
     C   23        0.083885       -0.323175       -0.541980

     Cl  24        0.169739        0.238265       -0.018001
     Cl  24        0.238265       -0.002621       -0.018330
     Cl  24       -0.018001       -0.018330       -0.167118

     ----- GIPAW term -----
     Cl   1       -0.215340       -1.633549        0.050677
     Cl   1       -1.633549        1.561472        1.860581
     Cl   1        0.050677        1.860581       -1.346132

     C    2       -0.021712        0.045745       -0.001697
     C    2        0.045745        0.004884        0.022436
     C    2       -0.001697        0.022436        0.016828

     C    3       -0.022966       -0.004945        0.003508
     C    3       -0.004945        0.077131        0.063730
     C    3        0.003508        0.063730       -0.054165

     H    4       -0.000000        0.000000        0.000000
     H    4        0.000000        0.000000        0.000000
     H    4        0.000000        0.000000        0.000000

     C    5       -0.065757       -0.022499       -0.016168
     C    5       -0.022499        0.051934        0.014644
     C    5       -0.016168        0.014644        0.013823

     H    6       -0.000000        0.000000        0.000000
     H    6        0.000000        0.000000        0.000000
     H    6        0.000000        0.000000        0.000000

     H    7       -0.000000        0.000000        0.000000
     H    7        0.000000        0.000000        0.000000
     H    7        0.000000        0.000000        0.000000

     C    8        0.021265        0.007451        0.003000
     C    8        0.007451        0.022134       -0.002736
     C    8        0.003000       -0.002736       -0.043399

     H    9       -0.000000        0.000000        0.000000
     H    9        0.000000        0.000000        0.000000
     H    9        0.000000        0.000000        0.000000

     C   10       -0.003826        0.022628        0.020771
     C   10        0.022628        0.001281       -0.032375
     C   10        0.020771       -0.032375        0.002545

     C   11        0.016529        0.005041       -0.026693
     C   11        0.005041        0.056861        0.014143
     C   11       -0.026693        0.014143       -0.073390

     Cl  12       -0.224062       -0.182679       -0.468411
     Cl  12       -0.182679        0.342907        0.837579
     Cl  12       -0.468411        0.837579       -0.118845

     H   13       -0.000000        0.000000        0.000000
     H   13        0.000000        0.000000        0.000000
     H   13        0.000000        0.000000        0.000000

     C   14       -0.051169        0.024990        0.020883
     C   14        0.024990        0.102829        0.054334
     C   14        0.020883        0.054334       -0.051660

     H   15       -0.000000        0.000000        0.000000
     H   15        0.000000        0.000000        0.000000
     H   15        0.000000        0.000000        0.000000

     C   16       -0.179885        0.057101       -0.038589
     C   16        0.057101        0.215688        0.071797
     C   16       -0.038589        0.071797       -0.035803

     C   17       -0.010214        0.000639       -0.015722
     C   17        0.000639        0.129935        0.022613
     C   17       -0.015722        0.022613       -0.119721

     Cl  18       -0.977987       -1.304789        0.488574
     Cl  18       -1.304789        1.293971       -2.078115
     Cl  18        0.488574       -2.078115       -0.315985

     H   19       -0.000000        0.000000        0.000000
     H   19        0.000000        0.000000        0.000000
     H   19        0.000000        0.000000        0.000000

     C   20       -0.229527        0.019593       -0.058125
     C   20        0.019593        0.275077       -0.136838
     C   20       -0.058125       -0.136838       -0.045550

     H   21       -0.000000        0.000000        0.000000
     H   21        0.000000        0.000000        0.000000
     H   21        0.000000        0.000000        0.000000

     C   22       -0.068163        0.092542       -0.065705
     C   22        0.092542       -0.000488       -0.132684
     C   22       -0.065705       -0.132684        0.068651

     C   23       -0.157789        0.039774       -0.043930
     C   23        0.039774        0.226944       -0.104281
     C   23       -0.043930       -0.104281       -0.069155

     Cl  24       -0.237263        1.593274        0.144227
     Cl  24        1.593274        1.244079       -2.041110
     Cl  24        0.144227       -2.041110       -1.006816

     ----- total EFG -----
     Cl   1       -0.012476       -1.838537        0.102224
     Cl   1       -1.838537        1.524111        1.932219
     Cl   1        0.102224        1.932219       -1.511635

     C    2       -0.351268        0.373871       -0.087815
     C    2        0.373871        0.069742        0.328301
     C    2       -0.087815        0.328301        0.281526

     C    3        0.579697       -0.159130        0.002533
     C    3       -0.159130       -0.298905       -0.225976
     C    3        0.002533       -0.225976       -0.280791

     H    4        0.501504        0.534554        0.298815
     H    4        0.534554       -0.488553       -0.156671
     H    4        0.298815       -0.156671       -0.012951

     C    5       -0.461666        0.134650       -0.107026
     C    5        0.134650        0.215353        0.243122
     C    5       -0.107026        0.243122        0.246313

     H    6       -0.098763        0.254975       -0.060023
     H    6        0.254975        0.226660        0.204216
     H    6       -0.060023        0.204216       -0.127897

     H    7       -0.134609        0.072920        0.126487
     H    7        0.072920        0.047135       -0.729374
     H    7        0.126487       -0.729374        0.087474

     C    8        0.572684        0.201599       -0.006190
     C    8        0.201599       -0.118960       -0.234298
     C    8       -0.006190       -0.234298       -0.453724

     H    9        0.618942       -0.078393        0.467668
     H    9       -0.078393       -0.460963       -0.377126
     H    9        0.467668       -0.377126       -0.157979

     C   10       -0.014338        0.086085        0.244450
     C   10        0.086085        0.178875       -0.605961
     C   10        0.244450       -0.605961       -0.164537

     C   11        0.528719       -0.000890       -0.097626
     C   11       -0.000890        0.105927        0.001472
     C   11       -0.097626        0.001472       -0.634645

     Cl  12       -0.005443       -0.120611       -0.367940
     Cl  12       -0.120611        0.148186        0.452953
     Cl  12       -0.367940        0.452953       -0.142743

     H   13       -0.113789       -0.052146       -0.004024
     H   13       -0.052146        0.035304        0.271735
     H   13       -0.004024        0.271735        0.078485

     C   14        0.387740       -0.117559        0.185707
     C   14       -0.117559       -0.210071       -0.066988
     C   14        0.185707       -0.066988       -0.177669

     H   15        0.545848       -0.220334        0.290233
     H   15       -0.220334       -0.643245       -0.123666
     H   15        0.290233       -0.123666        0.097397

     C   16       -0.784638        0.174383       -0.172415
     C   16        0.174383        0.627878        0.452236
     C   16       -0.172415        0.452236        0.156760

     C   17        0.415736       -0.106861        0.032520
     C   17       -0.106861       -0.008190       -0.077999
     C   17        0.032520       -0.077999       -0.407546

     Cl  18       -1.203429       -1.203559        0.521670
     Cl  18       -1.203559        1.435186       -2.200797
     Cl  18        0.521670       -2.200797       -0.231758

     H   19       -0.087284       -0.057862       -0.072393
     H   19       -0.057862        0.094421       -0.017630
     H   19       -0.072393       -0.017630       -0.007137

     C   20       -0.784624       -0.333240       -0.401630
     C   20       -0.333240        0.827561       -0.452615
     C   20       -0.401630       -0.452615       -0.042937

     H   21        0.324967       -0.386854        0.345182
     H   21       -0.386854        0.162913       -0.044224
     H   21        0.345182       -0.044224       -0.487880

     C   22        0.256337        0.235181       -0.267526
     C   22        0.235181       -0.162624        0.007972
     C   22       -0.267526        0.007972       -0.093713

     C   23       -0.645499       -0.327872       -0.303575
     C   23       -0.327872        0.787324       -0.383399
     C   23       -0.303575       -0.383399       -0.141825

     Cl  24       -0.084039        1.820551        0.173990
     Cl  24        1.820551        1.253797       -2.149872
     Cl  24        0.173990       -2.149872       -1.169758

     ----- total EFG (symmetrized) -----
     Cl   1       -0.012476       -1.838537        0.102224
     Cl   1       -1.838537        1.524111        1.932219
     Cl   1        0.102224        1.932219       -1.511635

     C    2       -0.351268        0.373871       -0.087815
     C    2        0.373871        0.069742        0.328301
     C    2       -0.087815        0.328301        0.281526

     C    3        0.579697       -0.159130        0.002533
     C    3       -0.159130       -0.298905       -0.225976
     C    3        0.002533       -0.225976       -0.280791

     H    4        0.501504        0.534554        0.298815
     H    4        0.534554       -0.488553       -0.156671
     H    4        0.298815       -0.156671       -0.012951

     C    5       -0.461666        0.134650       -0.107026
     C    5        0.134650        0.215353        0.243122
     C    5       -0.107026        0.243122        0.246313

     H    6       -0.098763        0.254975       -0.060023
     H    6        0.254975        0.226660        0.204216
     H    6       -0.060023        0.204216       -0.127897

     H    7       -0.134609        0.072920        0.126487
     H    7        0.072920        0.047135       -0.729374
     H    7        0.126487       -0.729374        0.087474

     C    8        0.572684        0.201599       -0.006190
     C    8        0.201599       -0.118960       -0.234298
     C    8       -0.006190       -0.234298       -0.453724

     H    9        0.618942       -0.078393        0.467668
     H    9       -0.078393       -0.460963       -0.377126
     H    9        0.467668       -0.377126       -0.157979

     C   10       -0.014338        0.086085        0.244450
     C   10        0.086085        0.178875       -0.605961
     C   10        0.244450       -0.605961       -0.164537

     C   11        0.528719       -0.000890       -0.097626
     C   11       -0.000890        0.105927        0.001472
     C   11       -0.097626        0.001472       -0.634645

     Cl  12       -0.005443       -0.120611       -0.367940
     Cl  12       -0.120611        0.148186        0.452953
     Cl  12       -0.367940        0.452953       -0.142743

     H   13       -0.113789       -0.052146       -0.004024
     H   13       -0.052146        0.035304        0.271735
     H   13       -0.004024        0.271735        0.078485

     C   14        0.387740       -0.117559        0.185707
     C   14       -0.117559       -0.210071       -0.066988
     C   14        0.185707       -0.066988       -0.177669

     H   15        0.545848       -0.220334        0.290233
     H   15       -0.220334       -0.643245       -0.123666
     H   15        0.290233       -0.123666        0.097397

     C   16       -0.784638        0.174383       -0.172415
     C   16        0.174383        0.627878        0.452236
     C   16       -0.172415        0.452236        0.156760

     C   17        0.415736       -0.106861        0.032520
     C   17       -0.106861       -0.008190       -0.077999
     C   17        0.032520       -0.077999       -0.407546

     Cl  18       -1.203429       -1.203559        0.521670
     Cl  18       -1.203559        1.435186       -2.200797
     Cl  18        0.521670       -2.200797       -0.231758

     H   19       -0.087284       -0.057862       -0.072393
     H   19       -0.057862        0.094421       -0.017630
     H   19       -0.072393       -0.017630       -0.007137

     C   20       -0.784624       -0.333240       -0.401630
     C   20       -0.333240        0.827561       -0.452615
     C   20       -0.401630       -0.452615       -0.042937

     H   21        0.324967       -0.386854        0.345182
     H   21       -0.386854        0.162913       -0.044224
     H   21        0.345182       -0.044224       -0.487880

     C   22        0.256337        0.235181       -0.267526
     C   22        0.235181       -0.162624        0.007972
     C   22       -0.267526        0.007972       -0.093713

     C   23       -0.645499       -0.327872       -0.303575
     C   23       -0.327872        0.787324       -0.383399
     C   23       -0.303575       -0.383399       -0.141825

     Cl  24       -0.084039        1.820551        0.173990
     Cl  24        1.820551        1.253797       -2.149872
     Cl  24        0.173990       -2.149872       -1.169758


     NQR/NMR SPECTROSCOPIC PARAMETERS:
     Cl   1    Vxx=   -0.4832    axis=(  0.815046  0.238042  0.528238)
     Cl   1    Vyy=   -2.8003    axis=(  0.361208  0.504091 -0.784487)
     Cl   1    Vzz=    3.2835    axis=( -0.453021  0.830198  0.324875)
     Cl   1  Q=        -8.1650 1e-30 m^2  Cq=       -62.9919 MHz  eta= 0.70569

     C    2    Vxx=    0.0867    axis=(  0.574600  0.525836 -0.627162)
     C    2    Vyy=    0.5511    axis=(  0.199536  0.653166  0.730451)
     C    2    Vzz=   -0.6378    axis=(  0.793738 -0.544859  0.270386)
     C    2  Q=         1.0000 1e-30 m^2  Cq=        -1.4986 MHz  eta= 0.72807

     C    3    Vxx=   -0.0819    axis=( -0.159964 -0.653249  0.740052)
     C    3    Vyy=   -0.5278    axis=(  0.103983  0.734384  0.670722)
     C    3    Vzz=    0.6097    axis=( -0.981631  0.184244 -0.049548)
     C    3  Q=         1.0000 1e-30 m^2  Cq=         1.4325 MHz  eta= 0.73144

     H    4    Vxx=    0.0184    axis=( -0.115897 -0.402789  0.907926)
     H    4    Vyy=    0.7936    axis=( -0.900626 -0.342852 -0.267067)
     H    4    Vzz=   -0.8120    axis=(  0.418856 -0.848654 -0.323027)
     H    4  Q=         1.0000 1e-30 m^2  Cq=        -1.9079 MHz  eta= 0.95466

     C    5    Vxx=    0.0451    axis=( -0.320128 -0.683618  0.655884)
     C    5    Vyy=    0.4747    axis=( -0.016082 -0.688297 -0.725251)
     C    5    Vzz=   -0.5198    axis=( -0.947238  0.242721 -0.209349)
     C    5  Q=         1.0000 1e-30 m^2  Cq=        -1.2214 MHz  eta= 0.82629

     H    6    Vxx=   -0.0564    axis=(  0.666304 -0.064214 -0.742910)
     H    6    Vyy=   -0.3548    axis=(  0.628281 -0.488254  0.605698)
     H    6    Vzz=    0.4112    axis=( -0.401623 -0.870336 -0.284982)
     H    6  Q=         1.0000 1e-30 m^2  Cq=         0.9661 MHz  eta= 0.72562

     H    7    Vxx=   -0.1012    axis=( -0.969173 -0.203866 -0.138358)
     H    7    Vyy=   -0.6975    axis=(  0.242555 -0.690885 -0.681061)
     H    7    Vzz=    0.7987    axis=(  0.043256 -0.693626  0.719036)
     H    7  Q=         1.0000 1e-30 m^2  Cq=         1.8766 MHz  eta= 0.74655

     C    8    Vxx=   -0.0504    axis=( -0.274383  0.833317 -0.479892)
     C    8    Vyy=   -0.5811    axis=( -0.078803  0.477881  0.874882)
     C    8    Vzz=    0.6316    axis=( -0.958386 -0.277870  0.065455)
     C    8  Q=         1.0000 1e-30 m^2  Cq=         1.4839 MHz  eta= 0.84036

     H    9    Vxx=   -0.1310    axis=( -0.461544 -0.617885  0.636549)
     H    9    Vyy=   -0.7497    axis=( -0.168356  0.765516  0.621001)
     H    9    Vzz=    0.8807    axis=(  0.870996 -0.179452  0.457344)
     H    9  Q=         1.0000 1e-30 m^2  Cq=         2.0692 MHz  eta= 0.70249

     C   10    Vxx=    0.0637    axis=(  0.933197  0.304715  0.190503)
     C   10    Vyy=    0.6471    axis=( -0.127294  0.776029 -0.617717)
     C   10    Vzz=   -0.7108    axis=( -0.336064  0.552202  0.762977)
     C   10  Q=         1.0000 1e-30 m^2  Cq=        -1.6700 MHz  eta= 0.82083

     C   11    Vxx=    0.1059    axis=(  0.002488  0.999996  0.001660)
     C   11    Vyy=    0.5369    axis=( -0.996543  0.002341  0.083049)
     C   11    Vzz=   -0.6428    axis=(  0.083045 -0.001861  0.996544)
     C   11  Q=         1.0000 1e-30 m^2  Cq=        -1.5103 MHz  eta= 0.67041

     Cl  12    Vxx=   -0.0630    axis=(  0.780569  0.619786 -0.081098)
     Cl  12    Vyy=   -0.5795    axis=( -0.422463  0.427477 -0.799242)
     Cl  12    Vzz=    0.6425    axis=( -0.460691  0.658125  0.595512)
     Cl  12  Q=        -8.1650 1e-30 m^2  Cq=       -12.3256 MHz  eta= 0.80394

     H   13    Vxx=   -0.1057    axis=( -0.948179  0.168508 -0.269373)
     H   13    Vyy=   -0.2271    axis=( -0.305884 -0.713491  0.630369)
     H   13    Vzz=    0.3328    axis=( -0.085973  0.680100  0.728061)
     H   13  Q=         1.0000 1e-30 m^2  Cq=         0.7819 MHz  eta= 0.36498

     C   14    Vxx=   -0.2045    axis=(  0.338988  0.678859 -0.651335)
     C   14    Vyy=   -0.2644    axis=( -0.071956  0.709008  0.701520)
     C   14    Vzz=    0.4689    axis=( -0.938035  0.190939 -0.289193)
     C   14  Q=         1.0000 1e-30 m^2  Cq=         1.1018 MHz  eta= 0.12778

     H   15    Vxx=   -0.0449    axis=( -0.446964 -0.020247  0.894323)
     H   15    Vyy=   -0.6897    axis=( -0.152265 -0.983433 -0.098364)
     H   15    Vzz=    0.7346    axis=(  0.881498 -0.180139  0.436476)
     H   15  Q=         1.0000 1e-30 m^2  Cq=         1.7260 MHz  eta= 0.87787

     C   16    Vxx=   -0.0418    axis=( -0.303499 -0.477704  0.824432)
     C   16    Vyy=   -0.8626    axis=( -0.952133  0.185190 -0.243204)
     C   16    Vzz=    0.9044    axis=( -0.036497 -0.858780 -0.511042)
     C   16  Q=         1.0000 1e-30 m^2  Cq=         2.1250 MHz  eta= 0.90754

     C   17    Vxx=   -0.0217    axis=(  0.245847  0.953909 -0.172094)
     C   17    Vyy=   -0.4224    axis=( -0.015040  0.181276  0.983317)
     C   17    Vzz=    0.4441    axis=(  0.969192 -0.239158  0.058913)
     C   17  Q=         1.0000 1e-30 m^2  Cq=         1.0434 MHz  eta= 0.90245

     Cl  18    Vxx=   -1.3995    axis=(  0.788011 -0.132253 -0.601288)
     Cl  18    Vyy=   -1.9225    axis=(  0.551230  0.586534  0.593400)
     Cl  18    Vzz=    3.3220    axis=( -0.274197  0.799054 -0.535097)
     Cl  18  Q=        -8.1650 1e-30 m^2  Cq=       -63.7306 MHz  eta= 0.15744

     H   19    Vxx=    0.0331    axis=( -0.446953 -0.169173  0.878415)
     H   19    Vyy=    0.1114    axis=( -0.291437  0.955920  0.035811)
     H   19    Vzz=   -0.1445    axis=( -0.845752 -0.239997 -0.476555)
     H   19  Q=         1.0000 1e-30 m^2  Cq=        -0.3395 MHz  eta= 0.54195

     C   20    Vxx=    0.0544    axis=( -0.500238  0.266666  0.823803)
     C   20    Vyy=    1.0340    axis=( -0.091615  0.929756 -0.356594)
     C   20    Vzz=   -1.0884    axis=( -0.861028 -0.253855 -0.440668)
     C   20  Q=         1.0000 1e-30 m^2  Cq=        -2.5574 MHz  eta= 0.89998

     H   21    Vxx=   -0.0869    axis=(  0.485530  0.810110  0.328606)
     H   21    Vyy=   -0.6275    axis=( -0.386578 -0.138183  0.911846)
     H   21    Vzz=    0.7144    axis=(  0.784103 -0.569760  0.246079)
     H   21  Q=         1.0000 1e-30 m^2  Cq=         1.6786 MHz  eta= 0.75677

     C   22    Vxx=   -0.1211    axis=(  0.094872  0.677466  0.729410)
     C   22    Vyy=   -0.3474    axis=(  0.503514 -0.664735  0.551906)
     C   22    Vzz=    0.4685    axis=( -0.858762 -0.314908  0.404179)
     C   22  Q=         1.0000 1e-30 m^2  Cq=         1.1008 MHz  eta= 0.48300

     C   23    Vxx=   -0.0382    axis=(  0.516851 -0.183118 -0.836261)
     C   23    Vyy=   -0.9157    axis=(  0.844814  0.267024  0.463667)
     C   23    Vzz=    0.9539    axis=( -0.138396  0.946132 -0.292713)
     C   23  Q=         1.0000 1e-30 m^2  Cq=         2.2413 MHz  eta= 0.92000

     Cl  24    Vxx=   -0.3201    axis=(  0.807773 -0.158978  0.567653)
     Cl  24    Vyy=   -2.8999    axis=( -0.403045  0.553769  0.728625)
     Cl  24    Vzz=    3.2200    axis=( -0.430184 -0.817353  0.383244)
     Cl  24  Q=        -8.1650 1e-30 m^2  Cq=       -61.7744 MHz  eta= 0.80120

     Initialization:
     gipaw_setup  :      8.89s CPU     10.80s WALL (       1 calls)

     Linear response

     Apply operators

     Induced current

     Other routines
     efg          :      9.36s CPU     11.62s WALL (       1 calls)

     General routines
     calbec       :      3.32s CPU      4.31s WALL (      16 calls)
     fft          :      1.57s CPU      2.23s WALL (      15 calls)
     ffts         :      0.03s CPU      0.04s WALL (       2 calls)
     fftw         :      3.32s CPU      3.99s WALL (     672 calls)
     davcio       :      0.04s CPU      0.32s WALL (      32 calls)

     Parallel routines
     fft_scatter  :      2.23s CPU      3.46s WALL (     689 calls)

     Plugins

     GIPAW        :     61.16s CPU     72.66s WALL (       1 calls)
