
     Program QE v.6.0 (svn rev. 13079) starts on  8Jan2017 at 19:33:36 

     This program is part of the open-source Quantum ESPRESSO suite
     for quantum simulation of materials; please cite
         "P. Giannozzi et al., J. Phys.:Condens. Matter 21 395502 (2009);
          URL http://www.quantum-espresso.org", 
     in publications or presentations arising from this work. More details at
     http://www.quantum-espresso.org/quote

     Parallel version (MPI), running on     8 processors
     R & G space division:  proc/nbgrp/npool/nimage =       8

     ***** This is GIPAW svn revision unknown      *****

     Parallelizing q-star over 1 images

     Reading data from directory:
     /users/majewski/paradichlorobenzene/pbe/9_constraint/scratch/pbe.ecut100.np8.dt60.pcl2phi-129368.save
     Message from routine read_xml_file:
     file /users/majewski/paradichlorobenzene/pbe/9_constraint/scratch/pbe.ecut100.np8.dt60.pcl2phi-129368.save not guaranteed to be safe for post-processing

   Info: using nr1, nr2, nr3 values from input

   Info: using nr1, nr2, nr3 values from input

     IMPORTANT: XC functional enforced from input :
     Exchange-correlation      =  SLA  PW   PBX  PBC ( 1  4  3  4 0 0)
     Any further DFT definition will be discarded
     Please, verify this is what you really want

               file C.pbe-n-kjpaw_psl.1.0.0.UPF: wavefunction(s)  2S 2P renormalized
               file Cl.pbe-n-kjpaw_psl.1.0.0.UPF: wavefunction(s)  3S 3P renormalized
               file H.pbe-kjpaw_psl.1.0.0.UPF: wavefunction(s)  1S renormalized

     Parallelization info
     --------------------
     sticks:   dense  smooth     PW     G-vecs:    dense   smooth      PW
     Min        3057    1223    332               144436    36536    5170
     Max        3059    1225    333               144437    36537    5171
     Sum       24467    9791   2657              1155489   292295   41363


     Subspace diagonalization in iterative solution of the eigenvalue problem:
     a serial algorithm will be used

     GIPAW projectors -----------------------------------------------
     atom=  C    l=0  rc=    1.2000  rs=    0.8000
     atom=  C    l=0  rc=    1.2000  rs=    0.8000
     atom=  C    l=1  rc=    1.4000  rs=    0.9333
     atom=  C    l=1  rc=    1.4000  rs=    0.9333
     projs nearly linearly dependent: l=1  n1,n2= 1, 2  s=  0.99951561

     atom=  Cl   l=0  rc=    1.6000  rs=    1.0667
     atom=  Cl   l=0  rc=    1.6000  rs=    1.0667
     atom=  Cl   l=1  rc=    1.6000  rs=    1.0667
     atom=  Cl   l=1  rc=    1.6000  rs=    1.0667
     atom=  Cl   l=2  rc=    1.6000  rs=    1.0667
     atom=  Cl   l=2  rc=    1.6000  rs=    1.0667
     projs nearly linearly dependent: l=2  n1,n2= 1, 2  s=  0.99993509

     atom=  H    l=0  rc=    1.0000  rs=    0.6667
     atom=  H    l=0  rc=    1.0000  rs=    0.6667
     projs nearly linearly dependent: l=0  n1,n2= 1, 2  s=  0.99968852
     -----------------------------------------------------------------

     GIPAW integrals: -------------------------------------------
     Atom  i/j   nmr_para   nmr_dia   epr_rmc  epr_para   epr_dia
       C   1 1   0.83E+03  0.17E-01  0.93E+01  0.24E+08  0.24E+03
       C   2 1   0.86E+03 -0.61E-01  0.94E+01  0.25E+08  0.25E+03
       C   2 2   0.90E+03 -0.15E+00  0.97E+01  0.26E+08  0.26E+03
       C   3 3   0.33E+01  0.34E+00  0.18E+01  0.55E+03  0.21E+02
       C   4 3   0.35E+01  0.37E+00  0.20E+01  0.59E+03  0.22E+02
       C   4 4   0.38E+01  0.39E+00  0.22E+01  0.63E+03  0.24E+02
       Cl  1 1   0.14E+04 -0.47E+00  0.84E+01  0.32E+09  0.42E+03
       Cl  2 1   0.21E+04 -0.37E+00  0.12E+02  0.49E+09  0.65E+03
       Cl  2 2   0.33E+04 -0.16E+00  0.21E+02  0.76E+09  0.10E+04
       Cl  3 3   0.21E+02  0.79E-01  0.89E+01  0.23E+05  0.13E+03
       Cl  4 3   0.24E+02  0.67E-01  0.99E+01  0.27E+05  0.15E+03
       Cl  4 4   0.28E+02  0.44E-01  0.11E+02  0.32E+05  0.18E+03
       Cl  5 5   0.77E+00  0.19E+00  0.18E+01  0.12E+03  0.22E+02
       Cl  6 5   0.80E+00  0.19E+00  0.19E+01  0.12E+03  0.23E+02
       Cl  6 6   0.83E+00  0.20E+00  0.19E+01  0.12E+03  0.23E+02
       H   1 1   0.39E+02  0.19E+00  0.29E+00  0.78E+05  0.13E+02
       H   2 1   0.41E+02  0.21E+00  0.32E+00  0.82E+05  0.14E+02
       H   2 2   0.43E+02  0.22E+00  0.36E+00  0.86E+05  0.15E+02
     ------------------------------------------------------------

     alpha_pv=     33.9926 eV

     Number of occupied bands for each k-point:
     k-point:     1    nbnd_occ=  42
     k-point:     2    nbnd_occ=  42
     k-point:     3    nbnd_occ=  42
     k-point:     4    nbnd_occ=  42
     k-point:     5    nbnd_occ=  42
     k-point:     6    nbnd_occ=  42
     k-point:     7    nbnd_occ=  42
     k-point:     8    nbnd_occ=  42
     k-point:     9    nbnd_occ=  42
     k-point:    10    nbnd_occ=  42
     k-point:    11    nbnd_occ=  42
     k-point:    12    nbnd_occ=  42
     k-point:    13    nbnd_occ=  42
     k-point:    14    nbnd_occ=  42
     k-point:    15    nbnd_occ=  42
     k-point:    16    nbnd_occ=  42


     q-space interpolation up to   110.00 Rydberg

     GIPAW job: efg                                                                             


     ELECTRIC FIELD GRADIENTS TENSORS IN Hartree/bohrradius^2:

     ----- bare term -----
     Cl   1        0.066295       -0.014596        0.143641
     Cl   1       -0.014596       -0.192226        0.329481
     Cl   1        0.143641        0.329481        0.125931

     C    2        0.062415        0.162781       -0.121591
     C    2        0.162781       -0.000824       -0.610972
     C    2       -0.121591       -0.610972       -0.061592

     C    3       -0.344475        0.089926       -0.081817
     C    3        0.089926        0.011820        0.030136
     C    3       -0.081817        0.030136        0.332655

     H    4       -0.150164       -0.369845        0.029974
     H    4       -0.369845       -0.158996        0.127881
     H    4        0.029974        0.127881        0.309160

     C    5       -0.108059        0.338460       -0.169454
     C    5        0.338460       -0.079130       -0.471959
     C    5       -0.169454       -0.471959        0.187188

     H    6        0.467516       -0.146233       -0.000376
     H    6       -0.146233       -0.783378        0.087563
     H    6       -0.000376        0.087563        0.315862

     H    7        0.360073        0.243170        0.136355
     H    7        0.243170       -0.535364        0.253846
     H    7        0.136355        0.253846        0.175291

     C    8       -0.676200       -0.321699       -0.485390
     C    8       -0.321699        0.151475       -0.036002
     C    8       -0.485390       -0.036002        0.524725

     H    9       -0.165080       -0.052624       -0.567977
     H    9       -0.052624        0.164432       -0.110269
     H    9       -0.567977       -0.110269        0.000648

     C   10       -0.003245        0.110810       -0.322193
     C   10        0.110810       -0.158571        0.591932
     C   10       -0.322193        0.591932        0.161816

     C   11       -0.530225       -0.404576       -0.225471
     C   11       -0.404576        0.154274        0.300831
     C   11       -0.225471        0.300831        0.375951

     Cl  12        0.345190       -0.046627       -0.070983
     Cl  12       -0.046627       -0.014796       -0.533569
     Cl  12       -0.070983       -0.533569       -0.330394

     H   13        0.453875       -0.142242        0.014740
     H   13       -0.142242       -0.575925       -0.337262
     H   13        0.014740       -0.337262        0.122050

     C   14       -0.819678        0.189599       -0.336271
     C   14        0.189599        0.154116       -0.058791
     C   14       -0.336271       -0.058791        0.665562

     H   15       -0.352938       -0.421619        0.170143
     H   15       -0.421619        0.207893        0.136078
     H   15        0.170143        0.136078        0.145044

     C   16        0.154174        0.176840        0.080621
     C   16        0.176840       -0.390494       -0.220868
     C   16        0.080621       -0.220868        0.236320

     C   17       -0.663282        0.080711       -0.243732
     C   17        0.080711        0.056065       -0.186347
     C   17       -0.243732       -0.186347        0.607218

     Cl  18       -0.079155       -0.028618        0.020582
     Cl  18       -0.028618       -0.015135        0.136026
     Cl  18        0.020582        0.136026        0.094291

     H   19        0.428091        0.178647        0.019693
     H   19        0.178647       -0.735996       -0.126758
     H   19        0.019693       -0.126758        0.307904

     C   20       -0.134532        0.066254       -0.276945
     C   20        0.066254        0.059590        0.500491
     C   20       -0.276945        0.500491        0.074942

     H   21       -0.060321        0.138374       -0.368508
     H   21        0.138374       -0.029846        0.498013
     H   21       -0.368508        0.498013        0.090167

     C   22       -0.633878       -0.313985       -0.223548
     C   22       -0.313985        0.237585        0.142524
     C   22       -0.223548        0.142524        0.396293

     C   23        0.043083        0.300610       -0.463006
     C   23        0.300610       -0.330471        0.470748
     C   23       -0.463006        0.470748        0.287388

     Cl  24       -0.205968       -0.238654       -0.064911
     Cl  24       -0.238654       -0.069527       -0.040211
     Cl  24       -0.064911       -0.040211        0.275495

     ----- ionic term -----
     Cl   1        0.162152       -0.161447       -0.065372
     Cl   1       -0.161447       -0.024025        0.031627
     Cl   1       -0.065372        0.031627       -0.138127

     C    2        0.308851        0.006654        0.041488
     C    2        0.006654        0.168308        0.381630
     C    2        0.041488        0.381630       -0.477159

     C    3        0.297510       -0.112376        0.004880
     C    3       -0.112376        0.190043        0.353766
     C    3        0.004880        0.353766       -0.487554

     H    4        0.652007        0.598906        0.293645
     H    4        0.598906       -0.170828        0.191056
     H    4        0.293645        0.191056       -0.481179

     C    5        0.466634       -0.131734        0.034707
     C    5       -0.131734        0.089756        0.259941
     C    5        0.034707        0.259941       -0.556390

     H    6       -0.512256       -0.020107       -0.007667
     H    6       -0.020107        0.949084        0.474968
     H    6       -0.007667        0.474968       -0.436828

     H    7       -0.494285       -0.118572        0.066359
     H    7       -0.118572        0.884350       -0.507027
     H    7        0.066359       -0.507027       -0.390065

     C    8        0.267277        0.192235        0.379611
     C    8        0.192235        0.146478       -0.213755
     C    8        0.379611       -0.213755       -0.413755

     H    9        0.360609       -0.214484        0.772998
     H    9       -0.214484       -0.384548       -0.225171
     H    9        0.772998       -0.225171        0.023939

     C   10        0.104727        0.266314        0.297092
     C   10        0.266314        0.290299       -0.243623
     C   10        0.297092       -0.243623       -0.395026

     C   11        0.139716        0.163711        0.372858
     C   11        0.163711        0.232050       -0.221304
     C   11        0.372858       -0.221304       -0.371765

     Cl  12        0.128118        0.213664        0.082963
     Cl  12        0.213664        0.022262        0.051847
     Cl  12        0.082963        0.051847       -0.150380

     H   13       -0.490292        0.196271        0.075418
     H   13        0.196271        0.679436        0.663015
     H   13        0.075418        0.663015       -0.189144

     C   14        0.398316        0.016164        0.048583
     C   14        0.016164        0.068103        0.324485
     C   14        0.048583        0.324485       -0.466420

     H   15        0.667578        0.489828        0.494830
     H   15        0.489828       -0.274106        0.251134
     H   15        0.494830        0.251134       -0.393471

     C   16        0.236557       -0.094654        0.043833
     C   16       -0.094654        0.227510        0.359851
     C   16        0.043833        0.359851       -0.464067

     C   17        0.268349       -0.043815        0.142683
     C   17       -0.043815        0.244885        0.286991
     C   17        0.142683        0.286991       -0.513234

     Cl  18        0.140272       -0.197991        0.026616
     Cl  18       -0.197991        0.014448       -0.013001
     Cl  18        0.026616       -0.013001       -0.154720

     H   19       -0.505614       -0.189111        0.079785
     H   19       -0.189111        0.949402       -0.423059
     H   19        0.079785       -0.423059       -0.443788

     C   20        0.233385        0.240599        0.328009
     C   20        0.240599        0.214932       -0.178202
     C   20        0.328009       -0.178202       -0.448317

     H   21        0.509476       -0.230417        0.759020
     H   21       -0.230417       -0.426524       -0.219733
     H   21        0.759020       -0.219733       -0.082952

     C   22        0.139547        0.292138        0.282504
     C   22        0.292138        0.302358       -0.247005
     C   22        0.282504       -0.247005       -0.441905

     C   23        0.195242        0.107323        0.363335
     C   23        0.107323        0.183175       -0.292242
     C   23        0.363335       -0.292242       -0.378418

     Cl  24        0.144666        0.170532        0.035960
     Cl  24        0.170532        0.011198        0.015609
     Cl  24        0.035960        0.015609       -0.155864

     ----- GIPAW term -----
     Cl   1       -0.005290        0.217835       -0.570733
     Cl   1        0.217835        0.333405       -0.787540
     Cl   1       -0.570733       -0.787540       -0.328115

     C    2       -0.021670        0.073515       -0.016058
     C    2        0.073515        0.216720       -0.078650
     C    2       -0.016058       -0.078650       -0.195050

     C    3       -0.045377        0.023797       -0.019580
     C    3        0.023797        0.054167       -0.005880
     C    3       -0.019580       -0.005880       -0.008790

     H    4       -0.000000        0.000000        0.000000
     H    4        0.000000        0.000000        0.000000
     H    4        0.000000        0.000000        0.000000

     C    5       -0.035035        0.191699       -0.028901
     C    5        0.191699        0.146976       -0.138108
     C    5       -0.028901       -0.138108       -0.111942

     H    6       -0.000000        0.000000        0.000000
     H    6        0.000000        0.000000        0.000000
     H    6        0.000000        0.000000        0.000000

     H    7       -0.000000        0.000000        0.000000
     H    7        0.000000        0.000000        0.000000
     H    7        0.000000        0.000000        0.000000

     C    8       -0.109225        0.079725       -0.176963
     C    8        0.079725        0.044760       -0.177740
     C    8       -0.176963       -0.177740        0.064465

     H    9       -0.000000        0.000000        0.000000
     H    9        0.000000        0.000000        0.000000
     H    9        0.000000        0.000000        0.000000

     C   10       -0.046334        0.173816       -0.088178
     C   10        0.173816        0.133769        0.032889
     C   10       -0.088178        0.032889       -0.087435

     C   11       -0.137155        0.051033       -0.001656
     C   11        0.051033        0.198084        0.146569
     C   11       -0.001656        0.146569       -0.060928

     Cl  12        0.232341        0.589578       -0.233949
     Cl  12        0.589578       -0.106414        0.221964
     Cl  12       -0.233949        0.221964       -0.125927

     H   13       -0.000000        0.000000        0.000000
     H   13        0.000000        0.000000        0.000000
     H   13        0.000000        0.000000        0.000000

     C   14       -0.213160        0.041637        0.054869
     C   14        0.041637       -0.057798        0.117251
     C   14        0.054869        0.117251        0.270958

     H   15       -0.000000        0.000000        0.000000
     H   15        0.000000        0.000000        0.000000
     H   15        0.000000        0.000000        0.000000

     C   16       -0.016579        0.006715        0.008959
     C   16        0.006715       -0.066346        0.009420
     C   16        0.008959        0.009420        0.082924

     C   17       -0.173644       -0.059153        0.011622
     C   17       -0.059153       -0.093808        0.079620
     C   17        0.011622        0.079620        0.267452

     Cl  18        0.410352       -2.139200        0.071478
     Cl  18       -2.139200       -0.012488        1.289127
     Cl  18        0.071478        1.289127       -0.397865

     H   19       -0.000000        0.000000        0.000000
     H   19        0.000000        0.000000        0.000000
     H   19        0.000000        0.000000        0.000000

     C   20       -0.104538        0.039970       -0.023564
     C   20        0.039970        0.239336        0.152705
     C   20       -0.023564        0.152705       -0.134798

     H   21       -0.000000        0.000000        0.000000
     H   21        0.000000        0.000000        0.000000
     H   21        0.000000        0.000000        0.000000

     C   22       -0.145884        0.133474       -0.043516
     C   22        0.133474        0.238820       -0.046146
     C   22       -0.043516       -0.046146       -0.092937

     C   23        0.005558        0.195696       -0.167585
     C   23        0.195696       -0.067700       -0.080849
     C   23       -0.167585       -0.080849        0.062142

     Cl  24       -0.805259        1.086849       -1.244454
     Cl  24        1.086849       -1.189309       -1.056994
     Cl  24       -1.244454       -1.056994        1.994568

     ----- total EFG -----
     Cl   1        0.223157        0.041793       -0.492463
     Cl   1        0.041793        0.117154       -0.426432
     Cl   1       -0.492463       -0.426432       -0.340310

     C    2        0.349596        0.242949       -0.096161
     C    2        0.242949        0.384204       -0.307991
     C    2       -0.096161       -0.307991       -0.733800

     C    3       -0.092341        0.001347       -0.096517
     C    3        0.001347        0.256030        0.378021
     C    3       -0.096517        0.378021       -0.163689

     H    4        0.501843        0.229061        0.323619
     H    4        0.229061       -0.329824        0.318936
     H    4        0.323619        0.318936       -0.172019

     C    5        0.323540        0.398425       -0.163648
     C    5        0.398425        0.157603       -0.350125
     C    5       -0.163648       -0.350125       -0.481143

     H    6       -0.044740       -0.166341       -0.008043
     H    6       -0.166341        0.165706        0.562531
     H    6       -0.008043        0.562531       -0.120966

     H    7       -0.134212        0.124599        0.202714
     H    7        0.124599        0.348986       -0.253181
     H    7        0.202714       -0.253181       -0.214774

     C    8       -0.518147       -0.049739       -0.282742
     C    8       -0.049739        0.342713       -0.427497
     C    8       -0.282742       -0.427497        0.175434

     H    9        0.195529       -0.267108        0.205021
     H    9       -0.267108       -0.220116       -0.335440
     H    9        0.205021       -0.335440        0.024588

     C   10        0.055148        0.550940       -0.113279
     C   10        0.550940        0.265496        0.381198
     C   10       -0.113279        0.381198       -0.320644

     C   11       -0.527664       -0.189831        0.145731
     C   11       -0.189831        0.584408        0.226096
     C   11        0.145731        0.226096       -0.056743

     Cl  12        0.705650        0.756615       -0.221970
     Cl  12        0.756615       -0.098948       -0.259758
     Cl  12       -0.221970       -0.259758       -0.606701

     H   13       -0.036417        0.054029        0.090158
     H   13        0.054029        0.103511        0.325753
     H   13        0.090158        0.325753       -0.067093

     C   14       -0.634522        0.247399       -0.232820
     C   14        0.247399        0.164421        0.382945
     C   14       -0.232820        0.382945        0.470101

     H   15        0.314640        0.068208        0.664973
     H   15        0.068208       -0.066213        0.387212
     H   15        0.664973        0.387212       -0.248427

     C   16        0.374152        0.088901        0.133414
     C   16        0.088901       -0.229329        0.148403
     C   16        0.133414        0.148403       -0.144823

     C   17       -0.568577       -0.022257       -0.089427
     C   17       -0.022257        0.207142        0.180264
     C   17       -0.089427        0.180264        0.361435

     Cl  18        0.471469       -2.365809        0.118676
     Cl  18       -2.365809       -0.013175        1.412151
     Cl  18        0.118676        1.412151       -0.458294

     H   19       -0.077522       -0.010465        0.099478
     H   19       -0.010465        0.213407       -0.549817
     H   19        0.099478       -0.549817       -0.135884

     C   20       -0.005686        0.346822        0.027501
     C   20        0.346822        0.513858        0.474995
     C   20        0.027501        0.474995       -0.508172

     H   21        0.449155       -0.092042        0.390511
     H   21       -0.092042       -0.456370        0.278280
     H   21        0.390511        0.278280        0.007215

     C   22       -0.640214        0.111627        0.015439
     C   22        0.111627        0.778763       -0.150627
     C   22        0.015439       -0.150627       -0.138549

     C   23        0.243882        0.603629       -0.267256
     C   23        0.603629       -0.214995        0.097657
     C   23       -0.267256        0.097657       -0.028887

     Cl  24       -0.866562        1.018726       -1.273404
     Cl  24        1.018726       -1.247637       -1.081596
     Cl  24       -1.273404       -1.081596        2.114199

     ----- total EFG (symmetrized) -----
     Cl   1        0.223157        0.041793       -0.492463
     Cl   1        0.041793        0.117154       -0.426432
     Cl   1       -0.492463       -0.426432       -0.340310

     C    2        0.349596        0.242949       -0.096161
     C    2        0.242949        0.384204       -0.307991
     C    2       -0.096161       -0.307991       -0.733800

     C    3       -0.092341        0.001347       -0.096517
     C    3        0.001347        0.256030        0.378021
     C    3       -0.096517        0.378021       -0.163689

     H    4        0.501843        0.229061        0.323619
     H    4        0.229061       -0.329824        0.318936
     H    4        0.323619        0.318936       -0.172019

     C    5        0.323540        0.398425       -0.163648
     C    5        0.398425        0.157603       -0.350125
     C    5       -0.163648       -0.350125       -0.481143

     H    6       -0.044740       -0.166341       -0.008043
     H    6       -0.166341        0.165706        0.562531
     H    6       -0.008043        0.562531       -0.120966

     H    7       -0.134212        0.124599        0.202714
     H    7        0.124599        0.348986       -0.253181
     H    7        0.202714       -0.253181       -0.214774

     C    8       -0.518147       -0.049739       -0.282742
     C    8       -0.049739        0.342713       -0.427497
     C    8       -0.282742       -0.427497        0.175434

     H    9        0.195529       -0.267108        0.205021
     H    9       -0.267108       -0.220116       -0.335440
     H    9        0.205021       -0.335440        0.024588

     C   10        0.055148        0.550940       -0.113279
     C   10        0.550940        0.265496        0.381198
     C   10       -0.113279        0.381198       -0.320644

     C   11       -0.527664       -0.189831        0.145731
     C   11       -0.189831        0.584408        0.226096
     C   11        0.145731        0.226096       -0.056743

     Cl  12        0.705650        0.756615       -0.221970
     Cl  12        0.756615       -0.098948       -0.259758
     Cl  12       -0.221970       -0.259758       -0.606701

     H   13       -0.036417        0.054029        0.090158
     H   13        0.054029        0.103511        0.325753
     H   13        0.090158        0.325753       -0.067093

     C   14       -0.634522        0.247399       -0.232820
     C   14        0.247399        0.164421        0.382945
     C   14       -0.232820        0.382945        0.470101

     H   15        0.314640        0.068208        0.664973
     H   15        0.068208       -0.066213        0.387212
     H   15        0.664973        0.387212       -0.248427

     C   16        0.374152        0.088901        0.133414
     C   16        0.088901       -0.229329        0.148403
     C   16        0.133414        0.148403       -0.144823

     C   17       -0.568577       -0.022257       -0.089427
     C   17       -0.022257        0.207142        0.180264
     C   17       -0.089427        0.180264        0.361435

     Cl  18        0.471469       -2.365809        0.118676
     Cl  18       -2.365809       -0.013175        1.412151
     Cl  18        0.118676        1.412151       -0.458294

     H   19       -0.077522       -0.010465        0.099478
     H   19       -0.010465        0.213407       -0.549817
     H   19        0.099478       -0.549817       -0.135884

     C   20       -0.005686        0.346822        0.027501
     C   20        0.346822        0.513858        0.474995
     C   20        0.027501        0.474995       -0.508172

     H   21        0.449155       -0.092042        0.390511
     H   21       -0.092042       -0.456370        0.278280
     H   21        0.390511        0.278280        0.007215

     C   22       -0.640214        0.111627        0.015439
     C   22        0.111627        0.778763       -0.150627
     C   22        0.015439       -0.150627       -0.138549

     C   23        0.243882        0.603629       -0.267256
     C   23        0.603629       -0.214995        0.097657
     C   23       -0.267256        0.097657       -0.028887

     Cl  24       -0.866562        1.018726       -1.273404
     Cl  24        1.018726       -1.247637       -1.081596
     Cl  24       -1.273404       -1.081596        2.114199


     NQR/NMR SPECTROSCOPIC PARAMETERS:
     Cl   1    Vxx=    0.1191    axis=(  0.618365 -0.783265  0.064184)
     Cl   1    Vyy=    0.6512    axis=( -0.677967 -0.490359  0.547639)
     Cl   1    Vzz=   -0.7703    axis=( -0.397473 -0.382156 -0.834249)
     Cl   1  Q=        -8.1650 1e-30 m^2  Cq=        14.7775 MHz  eta= 0.69075

     C    2    Vxx=    0.1418    axis=(  0.778329 -0.614135  0.130547)
     C    2    Vyy=    0.6722    axis=(  0.627171  0.750774 -0.207353)
     C    2    Vzz=   -0.8140    axis=(  0.029331  0.243264  0.969517)
     C    2  Q=         1.0000 1e-30 m^2  Cq=        -1.9125 MHz  eta= 0.65167

     C    3    Vxx=   -0.0740    axis=(  0.962421  0.202873 -0.180523)
     C    3    Vyy=   -0.4086    axis=( -0.258235  0.478014 -0.839534)
     C    3    Vzz=    0.4826    axis=( -0.084026  0.854602  0.512440)
     C    3  Q=         1.0000 1e-30 m^2  Cq=         1.1338 MHz  eta= 0.69350

     H    4    Vxx=   -0.1593    axis=( -0.513237  0.547179  0.661198)
     H    4    Vyy=   -0.5799    axis=(  0.022641  0.778769 -0.626902)
     H    4    Vzz=    0.7392    axis=(  0.857948  0.306779  0.412082)
     H    4  Q=         1.0000 1e-30 m^2  Cq=         1.7368 MHz  eta= 0.56904

     C    5    Vxx=   -0.1127    axis=(  0.702232 -0.645132  0.301123)
     C    5    Vyy=   -0.6358    axis=( -0.014614  0.409805  0.912056)
     C    5    Vzz=    0.7485    axis=( -0.711798 -0.644875  0.278350)
     C    5  Q=         1.0000 1e-30 m^2  Cq=         1.7587 MHz  eta= 0.69897

     H    6    Vxx=   -0.0548    axis=(  0.962651  0.045174  0.266950)
     H    6    Vyy=   -0.5759    axis=(  0.182553  0.619844 -0.763196)
     H    6    Vzz=    0.6307    axis=( -0.199944  0.783424  0.588447)
     H    6  Q=         1.0000 1e-30 m^2  Cq=         1.4819 MHz  eta= 0.82630

     H    7    Vxx=    0.0241    axis=( -0.817682 -0.124414 -0.562065)
     H    7    Vyy=    0.4497    axis=(  0.085224  0.939446 -0.331930)
     H    7    Vzz=   -0.4738    axis=( -0.569326  0.319315  0.757566)
     H    7  Q=         1.0000 1e-30 m^2  Cq=        -1.1133 MHz  eta= 0.89832

     C    8    Vxx=   -0.0503    axis=( -0.449267  0.631053  0.632401)
     C    8    Vyy=   -0.6616    axis=( -0.885181 -0.218643 -0.410669)
     C    8    Vzz=    0.7119    axis=( -0.120884 -0.744290  0.656825)
     C    8  Q=         1.0000 1e-30 m^2  Cq=         1.6727 MHz  eta= 0.85872

     H    9    Vxx=   -0.0805    axis=(  0.713137  0.228201 -0.662842)
     H    9    Vyy=   -0.4742    axis=(  0.187414  0.849056  0.493944)
     H    9    Vzz=    0.5547    axis=( -0.675508  0.476476 -0.562725)
     H    9  Q=         1.0000 1e-30 m^2  Cq=         1.3034 MHz  eta= 0.70974

     C   10    Vxx=   -0.0616    axis=(  0.653620 -0.282828 -0.701989)
     C   10    Vyy=   -0.7088    axis=( -0.493198  0.544371 -0.678540)
     C   10    Vzz=    0.7704    axis=( -0.574053 -0.789727 -0.216321)
     C   10  Q=         1.0000 1e-30 m^2  Cq=         1.8101 MHz  eta= 0.84011

     C   11    Vxx=   -0.0518    axis=(  0.363045 -0.213975  0.906870)
     C   11    Vyy=   -0.6206    axis=( -0.924275 -0.205910  0.321429)
     C   11    Vzz=    0.6724    axis=( -0.117956  0.954890  0.272527)
     C   11  Q=         1.0000 1e-30 m^2  Cq=         1.5798 MHz  eta= 0.84607

     Cl  12    Vxx=   -0.4889    axis=(  0.525905 -0.680685  0.509992)
     Cl  12    Vyy=   -0.7291    axis=( -0.143832  0.519798  0.842094)
     Cl  12    Vzz=    1.2180    axis=( -0.838293 -0.516215  0.175460)
     Cl  12  Q=        -8.1650 1e-30 m^2  Cq=       -23.3672 MHz  eta= 0.19723

     H   13    Vxx=   -0.0543    axis=(  0.963027 -0.267721 -0.030068)
     H   13    Vyy=   -0.3239    axis=(  0.138919  0.589115 -0.796018)
     H   13    Vzz=    0.3782    axis=(  0.230824  0.762410  0.604525)
     H   13  Q=         1.0000 1e-30 m^2  Cq=         0.8885 MHz  eta= 0.71307

     C   14    Vxx=    0.0648    axis=(  0.429994  0.766434 -0.477163)
     C   14    Vyy=    0.7319    axis=(  0.043808 -0.545608 -0.836894)
     C   14    Vzz=   -0.7968    axis=( -0.901768  0.338956 -0.268184)
     C   14  Q=         1.0000 1e-30 m^2  Cq=        -1.8721 MHz  eta= 0.83732

     H   15    Vxx=   -0.0347    axis=(  0.460370 -0.874587 -0.152174)
     H   15    Vyy=   -0.8063    axis=(  0.454829  0.379591 -0.805631)
     H   15    Vzz=    0.8410    axis=(  0.762358  0.301675  0.572540)
     H   15  Q=         1.0000 1e-30 m^2  Cq=         1.9761 MHz  eta= 0.91738

     C   16    Vxx=   -0.0881    axis=( -0.326897  0.579137  0.746819)
     C   16    Vyy=   -0.3415    axis=(  0.014920  0.793299 -0.608650)
     C   16    Vzz=    0.4297    axis=(  0.944942  0.187824  0.267968)
     C   16  Q=         1.0000 1e-30 m^2  Cq=         1.0095 MHz  eta= 0.58973

     C   17    Vxx=    0.0896    axis=(  0.045221  0.839342 -0.541720)
     C   17    Vyy=    0.4875    axis=( -0.082188  0.543562  0.835335)
     C   17    Vzz=   -0.5771    axis=( -0.995590 -0.006749 -0.093564)
     C   17  Q=         1.0000 1e-30 m^2  Cq=        -1.3560 MHz  eta= 0.68950

     Cl  18    Vxx=   -0.1069    axis=(  0.510206  0.167053  0.843672)
     Cl  18    Vyy=   -2.7417    axis=( -0.536286 -0.705099  0.463931)
     Cl  18    Vzz=    2.8486    axis=( -0.672374  0.689151  0.270158)
     Cl  18  Q=        -8.1650 1e-30 m^2  Cq=       -54.6494 MHz  eta= 0.92494

     H   19    Vxx=   -0.0723    axis=(  0.983020  0.169815  0.069531)
     H   19    Vyy=   -0.5499    axis=( -0.156246  0.575905  0.802446)
     H   19    Vzz=    0.6221    axis=(  0.096224 -0.799685  0.592659)
     H   19  Q=         1.0000 1e-30 m^2  Cq=         1.4618 MHz  eta= 0.76760

     C   20    Vxx=   -0.1224    axis=(  0.914823 -0.285195 -0.285943)
     C   20    Vyy=   -0.7112    axis=( -0.159308  0.395779 -0.904422)
     C   20    Vzz=    0.8336    axis=(  0.371107  0.872939  0.316634)
     C   20  Q=         1.0000 1e-30 m^2  Cq=         1.9586 MHz  eta= 0.70632

     H   21    Vxx=   -0.0300    axis=(  0.460095 -0.552778 -0.694801)
     H   21    Vyy=   -0.6504    axis=(  0.246505  0.831313 -0.498151)
     H   21    Vzz=    0.6804    axis=( -0.852964 -0.057925 -0.518745)
     H   21  Q=         1.0000 1e-30 m^2  Cq=         1.5987 MHz  eta= 0.91187

     C   22    Vxx=   -0.1605    axis=(  0.066706  0.150265  0.986393)
     C   22    Vyy=   -0.6504    axis=(  0.995015 -0.083468 -0.054574)
     C   22    Vzz=    0.8109    axis=(  0.074131  0.985116 -0.155084)
     C   22  Q=         1.0000 1e-30 m^2  Cq=         1.9052 MHz  eta= 0.60425

     C   23    Vxx=    0.0129    axis=(  0.004306  0.403461  0.914987)
     C   23    Vyy=    0.6996    axis=(  0.822970  0.518356 -0.232440)
     C   23    Vzz=   -0.7125    axis=( -0.568069  0.754007 -0.329805)
     C   23  Q=         1.0000 1e-30 m^2  Cq=        -1.6741 MHz  eta= 0.96374

     Cl  24    Vxx=   -0.9357    axis=(  0.679713  0.554295  0.480362)
     Cl  24    Vyy=   -2.0936    axis=(  0.634738 -0.772700 -0.006529)
     Cl  24    Vzz=    3.0294    axis=( -0.367557 -0.309341  0.877046)
     Cl  24  Q=        -8.1650 1e-30 m^2  Cq=       -58.1166 MHz  eta= 0.38222

     Initialization:
     gipaw_setup  :      9.27s CPU     11.11s WALL (       1 calls)

     Linear response

     Apply operators

     Induced current

     Other routines
     efg          :      9.62s CPU     12.30s WALL (       1 calls)

     General routines
     calbec       :      3.40s CPU      4.49s WALL (      16 calls)
     fft          :      1.57s CPU      2.55s WALL (      15 calls)
     ffts         :      0.05s CPU      0.09s WALL (       2 calls)
     fftw         :      3.21s CPU      3.89s WALL (     672 calls)
     davcio       :      0.03s CPU      0.32s WALL (      32 calls)

     Parallel routines
     fft_scatter  :      2.15s CPU      3.65s WALL (     689 calls)

     Plugins

     GIPAW        :     61.55s CPU     72.18s WALL (       1 calls)
