
     Program QE v.6.0 (svn rev. 13079) starts on  4Jan2017 at 21:29:50 

     This program is part of the open-source Quantum ESPRESSO suite
     for quantum simulation of materials; please cite
         "P. Giannozzi et al., J. Phys.:Condens. Matter 21 395502 (2009);
          URL http://www.quantum-espresso.org", 
     in publications or presentations arising from this work. More details at
     http://www.quantum-espresso.org/quote

     Parallel version (MPI), running on     8 processors
     R & G space division:  proc/nbgrp/npool/nimage =       8

     ***** This is GIPAW svn revision unknown      *****

     Parallelizing q-star over 1 images

     Reading data from directory:
     /users/majewski/paradichlorobenzene/pbe/9_constraint/scratch/pbe.ecut100.np8.dt60.pcl2phi-129368.save
     Message from routine read_xml_file:
     file /users/majewski/paradichlorobenzene/pbe/9_constraint/scratch/pbe.ecut100.np8.dt60.pcl2phi-129368.save not guaranteed to be safe for post-processing

   Info: using nr1, nr2, nr3 values from input

   Info: using nr1, nr2, nr3 values from input

     IMPORTANT: XC functional enforced from input :
     Exchange-correlation      =  SLA  PW   PBX  PBC ( 1  4  3  4 0 0)
     Any further DFT definition will be discarded
     Please, verify this is what you really want

               file C.pbe-n-kjpaw_psl.1.0.0.UPF: wavefunction(s)  2S 2P renormalized
               file Cl.pbe-n-kjpaw_psl.1.0.0.UPF: wavefunction(s)  3S 3P renormalized
               file H.pbe-kjpaw_psl.1.0.0.UPF: wavefunction(s)  1S renormalized

     Parallelization info
     --------------------
     sticks:   dense  smooth     PW     G-vecs:    dense   smooth      PW
     Min        3057    1223    332               144436    36536    5170
     Max        3059    1225    333               144437    36537    5171
     Sum       24467    9791   2657              1155489   292295   41363


     Subspace diagonalization in iterative solution of the eigenvalue problem:
     a serial algorithm will be used

     GIPAW projectors -----------------------------------------------
     atom=  C    l=0  rc=    1.2000  rs=    0.8000
     atom=  C    l=0  rc=    1.2000  rs=    0.8000
     atom=  C    l=1  rc=    1.4000  rs=    0.9333
     atom=  C    l=1  rc=    1.4000  rs=    0.9333
     projs nearly linearly dependent: l=1  n1,n2= 1, 2  s=  0.99951561

     atom=  Cl   l=0  rc=    1.6000  rs=    1.0667
     atom=  Cl   l=0  rc=    1.6000  rs=    1.0667
     atom=  Cl   l=1  rc=    1.6000  rs=    1.0667
     atom=  Cl   l=1  rc=    1.6000  rs=    1.0667
     atom=  Cl   l=2  rc=    1.6000  rs=    1.0667
     atom=  Cl   l=2  rc=    1.6000  rs=    1.0667
     projs nearly linearly dependent: l=2  n1,n2= 1, 2  s=  0.99993509

     atom=  H    l=0  rc=    1.0000  rs=    0.6667
     atom=  H    l=0  rc=    1.0000  rs=    0.6667
     projs nearly linearly dependent: l=0  n1,n2= 1, 2  s=  0.99968852
     -----------------------------------------------------------------

     GIPAW integrals: -------------------------------------------
     Atom  i/j   nmr_para   nmr_dia   epr_rmc  epr_para   epr_dia
       C   1 1   0.83E+03  0.17E-01  0.93E+01  0.24E+08  0.24E+03
       C   2 1   0.86E+03 -0.61E-01  0.94E+01  0.25E+08  0.25E+03
       C   2 2   0.90E+03 -0.15E+00  0.97E+01  0.26E+08  0.26E+03
       C   3 3   0.33E+01  0.34E+00  0.18E+01  0.55E+03  0.21E+02
       C   4 3   0.35E+01  0.37E+00  0.20E+01  0.59E+03  0.22E+02
       C   4 4   0.38E+01  0.39E+00  0.22E+01  0.63E+03  0.24E+02
       Cl  1 1   0.14E+04 -0.47E+00  0.84E+01  0.32E+09  0.42E+03
       Cl  2 1   0.21E+04 -0.37E+00  0.12E+02  0.49E+09  0.65E+03
       Cl  2 2   0.33E+04 -0.16E+00  0.21E+02  0.76E+09  0.10E+04
       Cl  3 3   0.21E+02  0.79E-01  0.89E+01  0.23E+05  0.13E+03
       Cl  4 3   0.24E+02  0.67E-01  0.99E+01  0.27E+05  0.15E+03
       Cl  4 4   0.28E+02  0.44E-01  0.11E+02  0.32E+05  0.18E+03
       Cl  5 5   0.77E+00  0.19E+00  0.18E+01  0.12E+03  0.22E+02
       Cl  6 5   0.80E+00  0.19E+00  0.19E+01  0.12E+03  0.23E+02
       Cl  6 6   0.83E+00  0.20E+00  0.19E+01  0.12E+03  0.23E+02
       H   1 1   0.39E+02  0.19E+00  0.29E+00  0.78E+05  0.13E+02
       H   2 1   0.41E+02  0.21E+00  0.32E+00  0.82E+05  0.14E+02
       H   2 2   0.43E+02  0.22E+00  0.36E+00  0.86E+05  0.15E+02
     ------------------------------------------------------------

     alpha_pv=     34.5426 eV

     Number of occupied bands for each k-point:
     k-point:     1    nbnd_occ=  42
     k-point:     2    nbnd_occ=  42
     k-point:     3    nbnd_occ=  42
     k-point:     4    nbnd_occ=  42
     k-point:     5    nbnd_occ=  42
     k-point:     6    nbnd_occ=  42
     k-point:     7    nbnd_occ=  42
     k-point:     8    nbnd_occ=  42
     k-point:     9    nbnd_occ=  42
     k-point:    10    nbnd_occ=  42
     k-point:    11    nbnd_occ=  42
     k-point:    12    nbnd_occ=  42
     k-point:    13    nbnd_occ=  42
     k-point:    14    nbnd_occ=  42
     k-point:    15    nbnd_occ=  42
     k-point:    16    nbnd_occ=  42


     q-space interpolation up to   110.00 Rydberg

     GIPAW job: efg                                                                             


     ELECTRIC FIELD GRADIENTS TENSORS IN Hartree/bohrradius^2:

     ----- bare term -----
     Cl   1        0.004002        0.028678       -0.050248
     Cl   1        0.028678        0.040919       -0.022852
     Cl   1       -0.050248       -0.022852       -0.044921

     C    2       -0.678912        0.505422       -0.310853
     C    2        0.505422        0.181217       -0.055418
     C    2       -0.310853       -0.055418        0.497695

     C    3        0.324773        0.095836       -0.078218
     C    3        0.095836       -0.237551       -0.465869
     C    3       -0.078218       -0.465869       -0.087222

     H    4        0.032739        0.198670       -0.432554
     H    4        0.198670       -0.104125        0.128628
     H    4       -0.432554        0.128628        0.071386

     C    5       -0.810471        0.342199       -0.281807
     C    5        0.342199        0.412157       -0.103897
     C    5       -0.281807       -0.103897        0.398314

     H    6        0.513712        0.009781       -0.083009
     H    6        0.009781       -0.411412       -0.448431
     H    6       -0.083009       -0.448431       -0.102300

     H    7        0.054900        0.425245       -0.245653
     H    7        0.425245       -0.279002        0.428149
     H    7       -0.245653        0.428149        0.224103

     C    8        0.016701       -0.271938        0.057261
     C    8       -0.271938       -0.296933        0.280599
     C    8        0.057261        0.280599        0.280232

     H    9       -0.559870        0.499555        0.008489
     H    9        0.499555        0.217668       -0.014316
     H    9        0.008489       -0.014316        0.342202

     C   10       -0.134905       -0.035797       -0.155944
     C   10       -0.035797       -0.019405        0.167051
     C   10       -0.155944        0.167051        0.154310

     C   11       -0.038189       -0.031431       -0.033143
     C   11       -0.031431        0.000259        0.315689
     C   11       -0.033143        0.315689        0.037930

     Cl  12        0.057160       -0.150498        0.001332
     Cl  12       -0.150498        0.113709       -0.140025
     Cl  12        0.001332       -0.140025       -0.170869

     H   13        0.365551        0.136282        0.176001
     H   13        0.136282       -0.243830       -0.603723
     H   13        0.176001       -0.603723       -0.121721

     C   14       -0.054955       -0.100006       -0.275951
     C   14       -0.100006       -0.188264       -0.343123
     C   14       -0.275951       -0.343123        0.243219

     H   15        0.062058       -0.117616       -0.337682
     H   15       -0.117616        0.466701       -0.298594
     H   15       -0.337682       -0.298594       -0.528759

     C   16       -0.551239        0.376212       -0.394560
     C   16        0.376212        0.164035        0.000219
     C   16       -0.394560        0.000219        0.387204

     C   17        0.034043       -0.269155       -0.399679
     C   17       -0.269155       -0.164934       -0.557113
     C   17       -0.399679       -0.557113        0.130891

     Cl  18       -0.183980        0.280802        0.248130
     Cl  18        0.280802        0.140540        0.061648
     Cl  18        0.248130        0.061648        0.043440

     H   19        0.509137        0.038085        0.027363
     H   19        0.038085       -0.307543        0.392726
     H   19        0.027363        0.392726       -0.201594

     C   20       -0.658127       -0.358011       -0.337976
     C   20       -0.358011        0.412816        0.170211
     C   20       -0.337976        0.170211        0.245311

     H   21       -0.470062       -0.140888       -0.195335
     H   21       -0.140888        0.153506        0.414222
     H   21       -0.195335        0.414222        0.316556

     C   22        0.112210       -0.298202       -0.062297
     C   22       -0.298202       -0.129206        0.589661
     C   22       -0.062297        0.589661        0.016996

     C   23       -0.335604       -0.290207       -0.488935
     C   23       -0.290207        0.219952        0.123282
     C   23       -0.488935        0.123282        0.115653

     Cl  24       -0.035770       -0.089795        0.041467
     Cl  24       -0.089795        0.002243       -0.060334
     Cl  24        0.041467       -0.060334        0.033526

     ----- ionic term -----
     Cl   1        0.182154       -0.224973        0.024876
     Cl   1       -0.224973       -0.037444       -0.007442
     Cl   1        0.024876       -0.007442       -0.144711

     C    2        0.158381       -0.276953        0.313101
     C    2       -0.276953        0.007202        0.353515
     C    2        0.313101        0.353515       -0.165584

     C    3        0.092729       -0.350128        0.211974
     C    3       -0.350128        0.146386        0.341308
     C    3        0.211974        0.341308       -0.239114

     H    4        0.566400        0.093251        0.718269
     H    4        0.093251       -0.465705        0.150617
     H    4        0.718269        0.150617       -0.100695

     C    5        0.142395       -0.248656        0.359179
     C    5       -0.248656        0.057054        0.274378
     C    5        0.359179        0.274378       -0.199450

     H    6       -0.539998        0.055542        0.063847
     H    6        0.055542        0.641220        0.715613
     H    6        0.063847        0.715613       -0.101222

     H    7       -0.540633       -0.106210        0.092176
     H    7       -0.106210        0.343460       -0.820691
     H    7        0.092176       -0.820691        0.197173

     C    8        0.244371        0.130059        0.182370
     C    8        0.130059        0.000629       -0.354149
     C    8        0.182370       -0.354149       -0.245000

     H    9        0.607649       -0.258826        0.668070
     H    9       -0.258826       -0.501388       -0.234904
     H    9        0.668070       -0.234904       -0.106260

     C   10        0.109144        0.145893        0.162783
     C   10        0.145893        0.133368       -0.449200
     C   10        0.162783       -0.449200       -0.242511

     C   11        0.268604        0.108679        0.205843
     C   11        0.108679        0.103810       -0.449909
     C   11        0.205843       -0.449909       -0.372414

     Cl  12        0.070530        0.206307       -0.038702
     Cl  12        0.206307        0.087447       -0.045553
     Cl  12       -0.038702       -0.045553       -0.157977

     H   13       -0.527360       -0.030132       -0.034389
     H   13       -0.030132        0.500744        0.760973
     H   13       -0.034389        0.760973        0.026616

     C   14        0.166081       -0.303253        0.294417
     C   14       -0.303253        0.035690        0.265454
     C   14        0.294417        0.265454       -0.201771

     H   15        0.558901        0.109137        0.780058
     H   15        0.109137       -0.504837        0.146470
     H   15        0.780058        0.146470       -0.054064

     C   16        0.087182       -0.322039        0.242454
     C   16       -0.322039        0.139408        0.353283
     C   16        0.242454        0.353283       -0.226590

     C   17       -0.000582       -0.196685        0.403765
     C   17       -0.196685        0.111655        0.353390
     C   17        0.403765        0.353390       -0.111073

     Cl  18        0.041308       -0.173234        0.059667
     Cl  18       -0.173234        0.095532       -0.044534
     Cl  18        0.059667       -0.044534       -0.136840

     H   19       -0.482590       -0.149298        0.098750
     H   19       -0.149298        0.663975       -0.716046
     H   19        0.098750       -0.716046       -0.181384

     C   20        0.414997        0.139392        0.199705
     C   20        0.139392        0.020905       -0.316768
     C   20        0.199705       -0.316768       -0.435902

     H   21        0.888175       -0.377015        0.352570
     H   21       -0.377015       -0.393353       -0.163920
     H   21        0.352570       -0.163920       -0.494822

     C   22        0.219259        0.158397        0.096292
     C   22        0.158397        0.171349       -0.399433
     C   22        0.096292       -0.399433       -0.390608

     C   23        0.205044        0.088866        0.195883
     C   23        0.088866        0.106377       -0.445365
     C   23        0.195883       -0.445365       -0.311421

     Cl  24        0.128268        0.191134       -0.032998
     Cl  24        0.191134       -0.014837       -0.035359
     Cl  24       -0.032998       -0.035359       -0.113430

     ----- GIPAW term -----
     Cl   1       -0.002229       -2.085687       -0.096051
     Cl   1       -2.085687        2.321660       -0.758288
     Cl   1       -0.096051       -0.758288       -2.319431

     C    2       -0.096864        0.010766       -0.019168
     C    2        0.010766        0.144563        0.017353
     C    2       -0.019168        0.017353       -0.047699

     C    3       -0.016151        0.008956        0.005591
     C    3        0.008956        0.112725        0.003258
     C    3        0.005591        0.003258       -0.096574

     H    4       -0.000000        0.000000        0.000000
     H    4        0.000000        0.000000        0.000000
     H    4        0.000000        0.000000        0.000000

     C    5       -0.179903       -0.010278       -0.011735
     C    5       -0.010278        0.242040       -0.006070
     C    5       -0.011735       -0.006070       -0.062137

     H    6       -0.000000        0.000000        0.000000
     H    6        0.000000        0.000000        0.000000
     H    6        0.000000        0.000000        0.000000

     H    7       -0.000000        0.000000        0.000000
     H    7        0.000000        0.000000        0.000000
     H    7        0.000000        0.000000        0.000000

     C    8        0.033112       -0.127306        0.014348
     C    8       -0.127306        0.027817        0.051123
     C    8        0.014348        0.051123       -0.060929

     H    9       -0.000000        0.000000        0.000000
     H    9        0.000000        0.000000        0.000000
     H    9        0.000000        0.000000        0.000000

     C   10        0.016921       -0.058605       -0.085957
     C   10       -0.058605        0.006182        0.047179
     C   10       -0.085957        0.047179       -0.023102

     C   11       -0.007628       -0.003280       -0.033811
     C   11       -0.003280        0.018865        0.077093
     C   11       -0.033811        0.077093       -0.011237

     Cl  12       -0.664351        0.625528       -0.257256
     Cl  12        0.625528       -0.897547        0.817162
     Cl  12       -0.257256        0.817162        1.561898

     H   13       -0.000000        0.000000        0.000000
     H   13        0.000000        0.000000        0.000000
     H   13        0.000000        0.000000        0.000000

     C   14       -0.101736       -0.088939       -0.067503
     C   14       -0.088939        0.079412        0.135765
     C   14       -0.067503        0.135765        0.022324

     H   15       -0.000000        0.000000        0.000000
     H   15        0.000000        0.000000        0.000000
     H   15        0.000000        0.000000        0.000000

     C   16       -0.114994       -0.057454       -0.147135
     C   16       -0.057454        0.050360        0.149500
     C   16       -0.147135        0.149500        0.064635

     C   17       -0.048447       -0.191405       -0.085193
     C   17       -0.191405        0.137707        0.093706
     C   17       -0.085193        0.093706       -0.089260

     Cl  18        0.039477        0.066286       -1.244715
     Cl  18        0.066286       -0.823025       -0.312520
     Cl  18       -1.244715       -0.312520        0.783549

     H   19       -0.000000        0.000000        0.000000
     H   19        0.000000        0.000000        0.000000
     H   19        0.000000        0.000000        0.000000

     C   20       -0.150669       -0.119424       -0.056311
     C   20       -0.119424        0.210171        0.083836
     C   20       -0.056311        0.083836       -0.059502

     H   21       -0.000000        0.000000        0.000000
     H   21        0.000000        0.000000        0.000000
     H   21        0.000000        0.000000        0.000000

     C   22       -0.080027       -0.106644        0.010291
     C   22       -0.106644        0.229340        0.044015
     C   22        0.010291        0.044015       -0.149312

     C   23        0.028269       -0.143920       -0.050249
     C   23       -0.143920        0.122519       -0.006541
     C   23       -0.050249       -0.006541       -0.150788

     Cl  24        0.240753       -0.040505        1.169677
     Cl  24       -0.040505        0.713276       -1.870559
     Cl  24        1.169677       -1.870559       -0.954029

     ----- total EFG -----
     Cl   1        0.183928       -2.281983       -0.121423
     Cl   1       -2.281983        2.325135       -0.788582
     Cl   1       -0.121423       -0.788582       -2.509063

     C    2       -0.617395        0.239235       -0.016919
     C    2        0.239235        0.332983        0.315450
     C    2       -0.016919        0.315450        0.284412

     C    3        0.401351       -0.245336        0.139346
     C    3       -0.245336        0.021560       -0.121304
     C    3        0.139346       -0.121304       -0.422910

     H    4        0.599139        0.291921        0.285715
     H    4        0.291921       -0.569830        0.279245
     H    4        0.285715        0.279245       -0.029309

     C    5       -0.847978        0.083264        0.065637
     C    5        0.083264        0.711252        0.164411
     C    5        0.065637        0.164411        0.136726

     H    6       -0.026286        0.065323       -0.019163
     H    6        0.065323        0.229808        0.267182
     H    6       -0.019163        0.267182       -0.203522

     H    7       -0.485734        0.319035       -0.153477
     H    7        0.319035        0.064458       -0.392542
     H    7       -0.153477       -0.392542        0.421275

     C    8        0.294184       -0.269185        0.253978
     C    8       -0.269185       -0.268487       -0.022427
     C    8        0.253978       -0.022427       -0.025697

     H    9        0.047779        0.240729        0.676560
     H    9        0.240729       -0.283720       -0.249221
     H    9        0.676560       -0.249221        0.235941

     C   10       -0.008841        0.051491       -0.079118
     C   10        0.051491        0.120145       -0.234970
     C   10       -0.079118       -0.234970       -0.111304

     C   11        0.222787        0.073968        0.138889
     C   11        0.073968        0.122934       -0.057126
     C   11        0.138889       -0.057126       -0.345721

     Cl  12       -0.536661        0.681337       -0.294626
     Cl  12        0.681337       -0.696391        0.631584
     Cl  12       -0.294626        0.631584        1.233052

     H   13       -0.161809        0.106150        0.141612
     H   13        0.106150        0.256914        0.157250
     H   13        0.141612        0.157250       -0.095105

     C   14        0.009390       -0.492198       -0.049036
     C   14       -0.492198       -0.073162        0.058096
     C   14       -0.049036        0.058096        0.063771

     H   15        0.620960       -0.008479        0.442376
     H   15       -0.008479       -0.038137       -0.152124
     H   15        0.442376       -0.152124       -0.582823

     C   16       -0.579052       -0.003282       -0.299242
     C   16       -0.003282        0.353803        0.503002
     C   16       -0.299242        0.503002        0.225249

     C   17       -0.014987       -0.657245       -0.081107
     C   17       -0.657245        0.084428       -0.110017
     C   17       -0.081107       -0.110017       -0.069441

     Cl  18       -0.103195        0.173854       -0.936918
     Cl  18        0.173854       -0.586954       -0.295406
     Cl  18       -0.936918       -0.295406        0.690149

     H   19        0.026547       -0.111213        0.126112
     H   19       -0.111213        0.356431       -0.323320
     H   19        0.126112       -0.323320       -0.382978

     C   20       -0.393798       -0.338043       -0.194582
     C   20       -0.338043        0.643891       -0.062721
     C   20       -0.194582       -0.062721       -0.250093

     H   21        0.418113       -0.517902        0.157235
     H   21       -0.517902       -0.239848        0.250302
     H   21        0.157235        0.250302       -0.178266

     C   22        0.251441       -0.246449        0.044286
     C   22       -0.246449        0.271483        0.234243
     C   22        0.044286        0.234243       -0.522924

     C   23       -0.102291       -0.345261       -0.343301
     C   23       -0.345261        0.448847       -0.328624
     C   23       -0.343301       -0.328624       -0.346557

     Cl  24        0.333251        0.060834        1.178145
     Cl  24        0.060834        0.700683       -1.966253
     Cl  24        1.178145       -1.966253       -1.033934

     ----- total EFG (symmetrized) -----
     Cl   1        0.183928       -2.281983       -0.121423
     Cl   1       -2.281983        2.325135       -0.788582
     Cl   1       -0.121423       -0.788582       -2.509063

     C    2       -0.617395        0.239235       -0.016919
     C    2        0.239235        0.332983        0.315450
     C    2       -0.016919        0.315450        0.284412

     C    3        0.401351       -0.245336        0.139346
     C    3       -0.245336        0.021560       -0.121304
     C    3        0.139346       -0.121304       -0.422910

     H    4        0.599139        0.291921        0.285715
     H    4        0.291921       -0.569830        0.279245
     H    4        0.285715        0.279245       -0.029309

     C    5       -0.847978        0.083264        0.065637
     C    5        0.083264        0.711252        0.164411
     C    5        0.065637        0.164411        0.136726

     H    6       -0.026286        0.065323       -0.019163
     H    6        0.065323        0.229808        0.267182
     H    6       -0.019163        0.267182       -0.203522

     H    7       -0.485734        0.319035       -0.153477
     H    7        0.319035        0.064458       -0.392542
     H    7       -0.153477       -0.392542        0.421275

     C    8        0.294184       -0.269185        0.253978
     C    8       -0.269185       -0.268487       -0.022427
     C    8        0.253978       -0.022427       -0.025697

     H    9        0.047779        0.240729        0.676560
     H    9        0.240729       -0.283720       -0.249221
     H    9        0.676560       -0.249221        0.235941

     C   10       -0.008841        0.051491       -0.079118
     C   10        0.051491        0.120145       -0.234970
     C   10       -0.079118       -0.234970       -0.111304

     C   11        0.222787        0.073968        0.138889
     C   11        0.073968        0.122934       -0.057126
     C   11        0.138889       -0.057126       -0.345721

     Cl  12       -0.536661        0.681337       -0.294626
     Cl  12        0.681337       -0.696391        0.631584
     Cl  12       -0.294626        0.631584        1.233052

     H   13       -0.161809        0.106150        0.141612
     H   13        0.106150        0.256914        0.157250
     H   13        0.141612        0.157250       -0.095105

     C   14        0.009390       -0.492198       -0.049036
     C   14       -0.492198       -0.073162        0.058096
     C   14       -0.049036        0.058096        0.063771

     H   15        0.620960       -0.008479        0.442376
     H   15       -0.008479       -0.038137       -0.152124
     H   15        0.442376       -0.152124       -0.582823

     C   16       -0.579052       -0.003282       -0.299242
     C   16       -0.003282        0.353803        0.503002
     C   16       -0.299242        0.503002        0.225249

     C   17       -0.014987       -0.657245       -0.081107
     C   17       -0.657245        0.084428       -0.110017
     C   17       -0.081107       -0.110017       -0.069441

     Cl  18       -0.103195        0.173854       -0.936918
     Cl  18        0.173854       -0.586954       -0.295406
     Cl  18       -0.936918       -0.295406        0.690149

     H   19        0.026547       -0.111213        0.126112
     H   19       -0.111213        0.356431       -0.323320
     H   19        0.126112       -0.323320       -0.382978

     C   20       -0.393798       -0.338043       -0.194582
     C   20       -0.338043        0.643891       -0.062721
     C   20       -0.194582       -0.062721       -0.250093

     H   21        0.418113       -0.517902        0.157235
     H   21       -0.517902       -0.239848        0.250302
     H   21        0.157235        0.250302       -0.178266

     C   22        0.251441       -0.246449        0.044286
     C   22       -0.246449        0.271483        0.234243
     C   22        0.044286        0.234243       -0.522924

     C   23       -0.102291       -0.345261       -0.343301
     C   23       -0.345261        0.448847       -0.328624
     C   23       -0.343301       -0.328624       -0.346557

     Cl  24        0.333251        0.060834        1.178145
     Cl  24        0.060834        0.700683       -1.966253
     Cl  24        1.178145       -1.966253       -1.033934


     NQR/NMR SPECTROSCOPIC PARAMETERS:
     Cl   1    Vxx=   -1.0822    axis=(  0.817850  0.471339 -0.330093)
     Cl   1    Vyy=   -2.7503    axis=( -0.234256 -0.251242 -0.939149)
     Cl   1    Vzz=    3.8325    axis=( -0.525591  0.845409 -0.095064)
     Cl   1  Q=        -8.1650 1e-30 m^2  Cq=       -73.5249 MHz  eta= 0.43525

     C    2    Vxx=    0.0361    axis=( -0.242195 -0.608108  0.756007)
     C    2    Vyy=    0.6472    axis=(  0.133410  0.750931  0.646765)
     C    2    Vzz=   -0.6833    axis=( -0.961012  0.257502 -0.100744)
     C    2  Q=         1.0000 1e-30 m^2  Cq=        -1.6054 MHz  eta= 0.89435

     C    3    Vxx=   -0.0929    axis=(  0.468945  0.874558 -0.123443)
     C    3    Vyy=   -0.4616    axis=(  0.102756 -0.192837 -0.975835)
     C    3    Vzz=    0.5544    axis=( -0.877229  0.444929 -0.180296)
     C    3  Q=         1.0000 1e-30 m^2  Cq=         1.3027 MHz  eta= 0.66499

     H    4    Vxx=   -0.1021    axis=( -0.448949  0.234569  0.862219)
     H    4    Vyy=   -0.7100    axis=( -0.137411  0.935328 -0.326007)
     H    4    Vzz=    0.8122    axis=( -0.882929 -0.264839 -0.387682)
     H    4  Q=         1.0000 1e-30 m^2  Cq=         1.9082 MHz  eta= 0.74855

     C    5    Vxx=    0.0949    axis=(  0.043870 -0.262997  0.963799)
     C    5    Vyy=    0.7609    axis=(  0.060489  0.963657  0.260205)
     C    5    Vzz=   -0.8557    axis=( -0.997204  0.046884  0.058184)
     C    5  Q=         1.0000 1e-30 m^2  Cq=        -2.0106 MHz  eta= 0.77832

     H    6    Vxx=   -0.0262    axis=(  0.980712 -0.054261 -0.187776)
     H    6    Vyy=   -0.3375    axis=( -0.146026  0.435190 -0.888418)
     H    6    Vzz=    0.3638    axis=(  0.129925  0.898702  0.418872)
     H    6  Q=         1.0000 1e-30 m^2  Cq=         0.8547 MHz  eta= 0.85578

     H    7    Vxx=   -0.1174    axis=(  0.354392  0.704789  0.614556)
     H    7    Vyy=   -0.6326    axis=( -0.902769  0.429187  0.028391)
     H    7    Vzz=    0.7500    axis=( -0.243750 -0.564864  0.788362)
     H    7  Q=         1.0000 1e-30 m^2  Cq=         1.7622 MHz  eta= 0.68691

     C    8    Vxx=   -0.1189    axis=( -0.287515  0.385892  0.876597)
     C    8    Vyy=   -0.3950    axis=( -0.429147 -0.870131  0.242290)
     C    8    Vzz=    0.5139    axis=(  0.856252 -0.306527  0.415781)
     C    8  Q=         1.0000 1e-30 m^2  Cq=         1.2074 MHz  eta= 0.53735

     H    9    Vxx=   -0.0447    axis=(  0.448929  0.820713 -0.353402)
     H    9    Vyy=   -0.7811    axis=( -0.612373  0.570592  0.547197)
     H    9    Vzz=    0.8258    axis=(  0.650740 -0.029239  0.758737)
     H    9  Q=         1.0000 1e-30 m^2  Cq=         1.9403 MHz  eta= 0.89168

     C   10    Vxx=   -0.0269    axis=(  0.946981 -0.321222  0.006559)
     C   10    Vyy=   -0.2641    axis=(  0.163255  0.498667  0.851281)
     C   10    Vzz=    0.2910    axis=( -0.276721 -0.805076  0.524669)
     C   10  Q=         1.0000 1e-30 m^2  Cq=         0.6837 MHz  eta= 0.81541

     C   11    Vxx=    0.1096    axis=( -0.333398  0.917512 -0.216834)
     C   11    Vyy=    0.2786    axis=(  0.912847  0.371657  0.169062)
     C   11    Vzz=   -0.3882    axis=( -0.235705  0.141571  0.961458)
     C   11  Q=         1.0000 1e-30 m^2  Cq=        -0.9121 MHz  eta= 0.43554

     Cl  12    Vxx=    0.0433    axis=(  0.782072  0.609503 -0.129883)
     Cl  12    Vyy=    1.4259    axis=(  0.050653 -0.269899 -0.961555)
     Cl  12    Vzz=   -1.4691    axis=( -0.621126  0.745426 -0.241954)
     Cl  12  Q=        -8.1650 1e-30 m^2  Cq=        28.1843 MHz  eta= 0.94110

     H   13    Vxx=   -0.0868    axis=(  0.572868 -0.480697  0.663892)
     H   13    Vyy=   -0.2745    axis=( -0.769101 -0.035211  0.638157)
     H   13    Vzz=    0.3612    axis=(  0.283384  0.876179  0.389876)
     H   13  Q=         1.0000 1e-30 m^2  Cq=         0.8487 MHz  eta= 0.51958

     C   14    Vxx=    0.0501    axis=(  0.143607 -0.109869  0.983517)
     C   14    Vyy=    0.4758    axis=( -0.722862  0.667117  0.180072)
     C   14    Vzz=   -0.5260    axis=( -0.675905 -0.736807  0.016382)
     C   14  Q=         1.0000 1e-30 m^2  Cq=        -1.2358 MHz  eta= 0.80941

     H   15    Vxx=   -0.0139    axis=(  0.126714  0.978440 -0.163089)
     H   15    Vyy=   -0.7560    axis=( -0.298942  0.194439  0.934252)
     H   15    Vzz=    0.7699    axis=(  0.945821 -0.069629  0.317136)
     H   15  Q=         1.0000 1e-30 m^2  Cq=         1.8090 MHz  eta= 0.96395

     C   16    Vxx=   -0.1193    axis=( -0.402530 -0.668114  0.625773)
     C   16    Vyy=   -0.7068    axis=( -0.903722  0.181163 -0.387901)
     C   16    Vzz=    0.8261    axis=(  0.145795 -0.721667 -0.676713)
     C   16  Q=         1.0000 1e-30 m^2  Cq=         1.9411 MHz  eta= 0.71119

     C   17    Vxx=   -0.0395    axis=( -0.187035 -0.127183  0.974085)
     C   17    Vyy=   -0.6552    axis=(  0.711834  0.665801  0.223612)
     C   17    Vzz=    0.6947    axis=( -0.676986  0.735210 -0.033995)
     C   17  Q=         1.0000 1e-30 m^2  Cq=         1.6323 MHz  eta= 0.88627

     Cl  18    Vxx=   -0.6428    axis=(  0.273209 -0.961723 -0.021099)
     Cl  18    Vyy=   -0.7279    axis=(  0.794169  0.213124  0.569099)
     Cl  18    Vzz=    1.3708    axis=( -0.542819 -0.172239  0.821998)
     Cl  18  Q=        -8.1650 1e-30 m^2  Cq=       -26.2973 MHz  eta= 0.06209

     H   19    Vxx=   -0.0064    axis=(  0.945291  0.323957  0.038432)
     H   19    Vyy=   -0.5164    axis=( -0.149867  0.326595  0.933207)
     H   19    Vzz=    0.5228    axis=(  0.289767 -0.887912  0.357278)
     H   19  Q=         1.0000 1e-30 m^2  Cq=         1.2284 MHz  eta= 0.97537

     C   20    Vxx=   -0.1341    axis=( -0.474514 -0.136066  0.869668)
     C   20    Vyy=   -0.6102    axis=(  0.833192  0.249274  0.493613)
     C   20    Vzz=    0.7443    axis=( -0.283950  0.958827 -0.004914)
     C   20  Q=         1.0000 1e-30 m^2  Cq=         1.7489 MHz  eta= 0.63964

     H   21    Vxx=   -0.0096    axis=(  0.220980  0.445828  0.867413)
     H   21    Vyy=   -0.6935    axis=(  0.423221  0.757458 -0.497133)
     H   21    Vzz=    0.7031    axis=( -0.878665  0.476964 -0.021300)
     H   21  Q=         1.0000 1e-30 m^2  Cq=         1.6519 MHz  eta= 0.97280

     C   22    Vxx=    0.0737    axis=(  0.751071  0.593681  0.288853)
     C   22    Vyy=    0.5277    axis=(  0.646578 -0.749902 -0.139942)
     C   22    Vzz=   -0.6014    axis=( -0.133530 -0.291872  0.947091)
     C   22  Q=         1.0000 1e-30 m^2  Cq=        -1.4129 MHz  eta= 0.75499

     C   23    Vxx=    0.1263    axis=(  0.749934  0.145204 -0.645380)
     C   23    Vyy=    0.6433    axis=( -0.340134  0.921407 -0.187929)
     C   23    Vzz=   -0.7696    axis=(  0.567369  0.360450  0.740383)
     C   23  Q=         1.0000 1e-30 m^2  Cq=        -1.8083 MHz  eta= 0.67179

     Cl  24    Vxx=    0.4737    axis=(  0.881151  0.465841  0.081027)
     Cl  24    Vyy=    2.1973    axis=(  0.339944 -0.743239  0.576224)
     Cl  24    Vzz=   -2.6710    axis=(  0.328651 -0.480196 -0.813265)
     Cl  24  Q=        -8.1650 1e-30 m^2  Cq=        51.2422 MHz  eta= 0.64527

     Initialization:
     gipaw_setup  :      9.15s CPU     10.74s WALL (       1 calls)

     Linear response

     Apply operators

     Induced current

     Other routines
     efg          :     10.62s CPU     13.80s WALL (       1 calls)

     General routines
     calbec       :      3.36s CPU      4.57s WALL (      16 calls)
     fft          :      1.64s CPU      2.57s WALL (      15 calls)
     ffts         :      0.05s CPU      0.08s WALL (       2 calls)
     fftw         :      4.15s CPU      5.38s WALL (     672 calls)
     davcio       :      0.04s CPU      0.30s WALL (      32 calls)

     Parallel routines
     fft_scatter  :      2.88s CPU      4.76s WALL (     689 calls)

     Plugins

     GIPAW        :     62.26s CPU     75.16s WALL (       1 calls)
