
     Program QE v.6.0 (svn rev. 13079) starts on 15Jan2017 at  7: 7:22 

     This program is part of the open-source Quantum ESPRESSO suite
     for quantum simulation of materials; please cite
         "P. Giannozzi et al., J. Phys.:Condens. Matter 21 395502 (2009);
          URL http://www.quantum-espresso.org", 
     in publications or presentations arising from this work. More details at
     http://www.quantum-espresso.org/quote

     Parallel version (MPI), running on     8 processors
     R & G space division:  proc/nbgrp/npool/nimage =       8

     ***** This is GIPAW svn revision unknown      *****

     Parallelizing q-star over 1 images

     Reading data from directory:
     /users/majewski/paradichlorobenzene/pbe/9_constraint/scratch/pbe.ecut100.np8.dt60.pcl2phi-129368.save
     Message from routine read_xml_file:
     file /users/majewski/paradichlorobenzene/pbe/9_constraint/scratch/pbe.ecut100.np8.dt60.pcl2phi-129368.save not guaranteed to be safe for post-processing

   Info: using nr1, nr2, nr3 values from input

   Info: using nr1, nr2, nr3 values from input

     IMPORTANT: XC functional enforced from input :
     Exchange-correlation      =  SLA  PW   PBX  PBC ( 1  4  3  4 0 0)
     Any further DFT definition will be discarded
     Please, verify this is what you really want

               file C.pbe-n-kjpaw_psl.1.0.0.UPF: wavefunction(s)  2S 2P renormalized
               file Cl.pbe-n-kjpaw_psl.1.0.0.UPF: wavefunction(s)  3S 3P renormalized
               file H.pbe-kjpaw_psl.1.0.0.UPF: wavefunction(s)  1S renormalized

     Parallelization info
     --------------------
     sticks:   dense  smooth     PW     G-vecs:    dense   smooth      PW
     Min        3057    1223    332               144436    36536    5170
     Max        3059    1225    333               144437    36537    5171
     Sum       24467    9791   2657              1155489   292295   41363


     Subspace diagonalization in iterative solution of the eigenvalue problem:
     a serial algorithm will be used

     GIPAW projectors -----------------------------------------------
     atom=  C    l=0  rc=    1.2000  rs=    0.8000
     atom=  C    l=0  rc=    1.2000  rs=    0.8000
     atom=  C    l=1  rc=    1.4000  rs=    0.9333
     atom=  C    l=1  rc=    1.4000  rs=    0.9333
     projs nearly linearly dependent: l=1  n1,n2= 1, 2  s=  0.99951561

     atom=  Cl   l=0  rc=    1.6000  rs=    1.0667
     atom=  Cl   l=0  rc=    1.6000  rs=    1.0667
     atom=  Cl   l=1  rc=    1.6000  rs=    1.0667
     atom=  Cl   l=1  rc=    1.6000  rs=    1.0667
     atom=  Cl   l=2  rc=    1.6000  rs=    1.0667
     atom=  Cl   l=2  rc=    1.6000  rs=    1.0667
     projs nearly linearly dependent: l=2  n1,n2= 1, 2  s=  0.99993509

     atom=  H    l=0  rc=    1.0000  rs=    0.6667
     atom=  H    l=0  rc=    1.0000  rs=    0.6667
     projs nearly linearly dependent: l=0  n1,n2= 1, 2  s=  0.99968852
     -----------------------------------------------------------------

     GIPAW integrals: -------------------------------------------
     Atom  i/j   nmr_para   nmr_dia   epr_rmc  epr_para   epr_dia
       C   1 1   0.83E+03  0.17E-01  0.93E+01  0.24E+08  0.24E+03
       C   2 1   0.86E+03 -0.61E-01  0.94E+01  0.25E+08  0.25E+03
       C   2 2   0.90E+03 -0.15E+00  0.97E+01  0.26E+08  0.26E+03
       C   3 3   0.33E+01  0.34E+00  0.18E+01  0.55E+03  0.21E+02
       C   4 3   0.35E+01  0.37E+00  0.20E+01  0.59E+03  0.22E+02
       C   4 4   0.38E+01  0.39E+00  0.22E+01  0.63E+03  0.24E+02
       Cl  1 1   0.14E+04 -0.47E+00  0.84E+01  0.32E+09  0.42E+03
       Cl  2 1   0.21E+04 -0.37E+00  0.12E+02  0.49E+09  0.65E+03
       Cl  2 2   0.33E+04 -0.16E+00  0.21E+02  0.76E+09  0.10E+04
       Cl  3 3   0.21E+02  0.79E-01  0.89E+01  0.23E+05  0.13E+03
       Cl  4 3   0.24E+02  0.67E-01  0.99E+01  0.27E+05  0.15E+03
       Cl  4 4   0.28E+02  0.44E-01  0.11E+02  0.32E+05  0.18E+03
       Cl  5 5   0.77E+00  0.19E+00  0.18E+01  0.12E+03  0.22E+02
       Cl  6 5   0.80E+00  0.19E+00  0.19E+01  0.12E+03  0.23E+02
       Cl  6 6   0.83E+00  0.20E+00  0.19E+01  0.12E+03  0.23E+02
       H   1 1   0.39E+02  0.19E+00  0.29E+00  0.78E+05  0.13E+02
       H   2 1   0.41E+02  0.21E+00  0.32E+00  0.82E+05  0.14E+02
       H   2 2   0.43E+02  0.22E+00  0.36E+00  0.86E+05  0.15E+02
     ------------------------------------------------------------

     alpha_pv=     34.3754 eV

     Number of occupied bands for each k-point:
     k-point:     1    nbnd_occ=  42
     k-point:     2    nbnd_occ=  42
     k-point:     3    nbnd_occ=  42
     k-point:     4    nbnd_occ=  42
     k-point:     5    nbnd_occ=  42
     k-point:     6    nbnd_occ=  42
     k-point:     7    nbnd_occ=  42
     k-point:     8    nbnd_occ=  42
     k-point:     9    nbnd_occ=  42
     k-point:    10    nbnd_occ=  42
     k-point:    11    nbnd_occ=  42
     k-point:    12    nbnd_occ=  42
     k-point:    13    nbnd_occ=  42
     k-point:    14    nbnd_occ=  42
     k-point:    15    nbnd_occ=  42
     k-point:    16    nbnd_occ=  42


     q-space interpolation up to   110.00 Rydberg

     GIPAW job: efg                                                                             


     ELECTRIC FIELD GRADIENTS TENSORS IN Hartree/bohrradius^2:

     ----- bare term -----
     Cl   1       -0.113521        0.119990        0.027832
     Cl   1        0.119990       -0.043384        0.018480
     Cl   1        0.027832        0.018480        0.156905

     C    2       -0.363037       -0.142859       -0.280765
     C    2       -0.142859       -0.076879       -0.515296
     C    2       -0.280765       -0.515296        0.439916

     C    3       -0.045932        0.074899       -0.405224
     C    3        0.074899       -0.318103       -0.517070
     C    3       -0.405224       -0.517070        0.364035

     H    4       -0.652948        0.108232       -0.134108
     H    4        0.108232        0.312017       -0.249570
     H    4       -0.134108       -0.249570        0.340931

     C    5        0.111114        0.584844        0.054361
     C    5        0.584844       -0.493462       -0.382463
     C    5        0.054361       -0.382463        0.382348

     H    6       -0.069760       -0.370888       -0.283155
     H    6       -0.370888       -0.177039       -0.416182
     H    6       -0.283155       -0.416182        0.246798

     H    7        0.174671        0.107091       -0.040279
     H    7        0.107091       -0.450752        0.544653
     H    7       -0.040279        0.544653        0.276081

     C    8       -0.748807       -0.317803       -0.335711
     C    8       -0.317803        0.348528        0.148009
     C    8       -0.335711        0.148009        0.400279

     H    9       -0.141978       -0.196047       -0.499584
     H    9       -0.196047       -0.083370       -0.044433
     H    9       -0.499584       -0.044433        0.225348

     C   10       -0.021926       -0.101312       -0.217779
     C   10       -0.101312       -0.153584        0.563856
     C   10       -0.217779        0.563856        0.175510

     C   11       -0.670341       -0.310584       -0.376571
     C   11       -0.310584        0.275826        0.113580
     C   11       -0.376571        0.113580        0.394514

     Cl  12        0.007426       -0.062659       -0.025158
     Cl  12       -0.062659        0.095079       -0.005930
     Cl  12       -0.025158       -0.005930       -0.102505

     H   13        0.407781        0.093987       -0.300769
     H   13        0.093987        0.022037       -0.203167
     H   13       -0.300769       -0.203167       -0.429819

     C   14       -0.573615        0.335677       -0.025867
     C   14        0.335677        0.240632       -0.265802
     C   14       -0.025867       -0.265802        0.332983

     H   15       -0.142032        0.296139       -0.367084
     H   15        0.296139       -0.110841       -0.054174
     H   15       -0.367084       -0.054174        0.252873

     C   16        0.117715       -0.060022       -0.267986
     C   16       -0.060022       -0.103300       -0.618165
     C   16       -0.267986       -0.618165       -0.014415

     C   17       -0.736380        0.383258       -0.347059
     C   17        0.383258        0.313367       -0.016988
     C   17       -0.347059       -0.016988        0.423013

     Cl  18        0.085675       -0.056721       -0.119467
     Cl  18       -0.056721       -0.046443       -0.229630
     Cl  18       -0.119467       -0.229630       -0.039232

     H   19        0.402390        0.153713       -0.061999
     H   19        0.153713       -0.602277        0.482442
     H   19       -0.061999        0.482442        0.199887

     C   20       -0.192522       -0.252012       -0.210579
     C   20       -0.252012       -0.230713        0.380919
     C   20       -0.210579        0.380919        0.423235

     H   21       -0.235814        0.174711       -0.546802
     H   21        0.174711        0.368795        0.187297
     H   21       -0.546802        0.187297       -0.132980

     C   22       -0.506117       -0.353469       -0.313869
     C   22       -0.353469        0.050927        0.253112
     C   22       -0.313869        0.253112        0.455190

     C   23        0.005373        0.232938       -0.468760
     C   23        0.232938       -0.202403        0.540934
     C   23       -0.468760        0.540934        0.197030

     Cl  24       -0.011023       -0.171118        0.051275
     Cl  24       -0.171118       -0.080079        0.015246
     Cl  24        0.051275        0.015246        0.091102

     ----- ionic term -----
     Cl   1        0.077517       -0.190175       -0.037862
     Cl   1       -0.190175        0.051014        0.040432
     Cl   1       -0.037862        0.040432       -0.128531

     C    2        0.218825       -0.182932        0.270146
     C    2       -0.182932        0.040885        0.393767
     C    2        0.270146        0.393767       -0.259710

     C    3        0.136154       -0.239887        0.152039
     C    3       -0.239887        0.156201        0.427263
     C    3        0.152039        0.427263       -0.292354

     H    4        0.778648        0.117336        0.619669
     H    4        0.117336       -0.528766        0.136868
     H    4        0.619669        0.136868       -0.249882

     C    5        0.271319       -0.236497        0.164804
     C    5       -0.236497        0.080871        0.318399
     C    5        0.164804        0.318399       -0.352190

     H    6       -0.492908        0.222231        0.142127
     H    6        0.222231        0.605445        0.736308
     H    6        0.142127        0.736308       -0.112536

     H    7       -0.482332       -0.208611        0.104937
     H    7       -0.208611        0.768500       -0.610855
     H    7        0.104937       -0.610855       -0.286168

     C    8        0.304114        0.235338        0.305969
     C    8        0.235338        0.062792       -0.278186
     C    8        0.305969       -0.278186       -0.366906

     H    9        0.550884       -0.057181        0.758297
     H    9       -0.057181       -0.488192       -0.117255
     H    9        0.758297       -0.117255       -0.062692

     C   10        0.153907        0.338035        0.210322
     C   10        0.338035        0.162109       -0.358257
     C   10        0.210322       -0.358257       -0.316017

     C   11        0.160973        0.203815        0.296647
     C   11        0.203815        0.125820       -0.361778
     C   11        0.296647       -0.361778       -0.286793

     Cl  12        0.108106        0.202716        0.024165
     Cl  12        0.202716        0.035806        0.010288
     Cl  12        0.024165        0.010288       -0.143912

     H   13       -0.517369        0.138733        0.147335
     H   13        0.138733        0.341429        0.825108
     H   13        0.147335        0.825108        0.175939

     C   14        0.296070       -0.247595        0.245823
     C   14       -0.247595       -0.054196        0.315192
     C   14        0.245823        0.315192       -0.241875

     H   15        0.691569       -0.002435        0.680358
     H   15       -0.002435       -0.518237        0.077430
     H   15        0.680358        0.077430       -0.173332

     C   16        0.155943       -0.268906        0.167962
     C   16       -0.268906        0.062549        0.378534
     C   16        0.167962        0.378534       -0.218492

     C   17        0.233348       -0.219982        0.185536
     C   17       -0.219982        0.024129        0.394181
     C   17        0.185536        0.394181       -0.257477

     Cl  18        0.085399       -0.219112       -0.040756
     Cl  18       -0.219112        0.047270        0.045056
     Cl  18       -0.040756        0.045056       -0.132669

     H   19       -0.519030       -0.098225        0.065015
     H   19       -0.098225        0.754232       -0.652594
     H   19        0.065015       -0.652594       -0.235201

     C   20        0.301862        0.260055        0.257319
     C   20        0.260055        0.074849       -0.283214
     C   20        0.257319       -0.283214       -0.376711

     H   21        0.588340       -0.160689        0.747684
     H   21       -0.160689       -0.494718       -0.175892
     H   21        0.747684       -0.175892       -0.093623

     C   22        0.166146        0.276909        0.209311
     C   22        0.276909        0.174241       -0.373870
     C   22        0.209311       -0.373870       -0.340386

     C   23        0.175253        0.180853        0.297639
     C   23        0.180853        0.119833       -0.401514
     C   23        0.297639       -0.401514       -0.295086

     Cl  24        0.111290        0.202291       -0.009341
     Cl  24        0.202291        0.031190       -0.018610
     Cl  24       -0.009341       -0.018610       -0.142480

     ----- GIPAW term -----
     Cl   1       -0.618559       -1.033123        0.990286
     Cl   1       -1.033123       -1.515870        0.408790
     Cl   1        0.990286        0.408790        2.134429

     C    2       -0.063727       -0.156038        0.040894
     C    2       -0.156038       -0.092782       -0.118161
     C    2        0.040894       -0.118161        0.156509

     C    3        0.034725       -0.028577       -0.195992
     C    3       -0.028577       -0.102497       -0.066155
     C    3       -0.195992       -0.066155        0.067772

     H    4       -0.000000        0.000000        0.000000
     H    4        0.000000        0.000000        0.000000
     H    4        0.000000        0.000000        0.000000

     C    5        0.230115        0.194064        0.124454
     C    5        0.194064       -0.183957       -0.034207
     C    5        0.124454       -0.034207       -0.046158

     H    6       -0.000000        0.000000        0.000000
     H    6        0.000000        0.000000        0.000000
     H    6        0.000000        0.000000        0.000000

     H    7       -0.000000        0.000000        0.000000
     H    7        0.000000        0.000000        0.000000
     H    7        0.000000        0.000000        0.000000

     C    8       -0.185538        0.064542       -0.047880
     C    8        0.064542        0.246416       -0.041755
     C    8       -0.047880       -0.041755       -0.060878

     H    9       -0.000000        0.000000        0.000000
     H    9        0.000000        0.000000        0.000000
     H    9        0.000000        0.000000        0.000000

     C   10       -0.104782        0.040602       -0.041346
     C   10        0.040602        0.189935       -0.001192
     C   10       -0.041346       -0.001192       -0.085154

     C   11       -0.158797        0.050935       -0.057758
     C   11        0.050935        0.214162       -0.133054
     C   11       -0.057758       -0.133054       -0.055365

     Cl  12        0.060208        0.750475       -0.133452
     Cl  12        0.750475        2.678049        0.049575
     Cl  12       -0.133452        0.049575       -2.738257

     H   13       -0.000000        0.000000        0.000000
     H   13        0.000000        0.000000        0.000000
     H   13        0.000000        0.000000        0.000000

     C   14       -0.121108       -0.094816        0.076098
     C   14       -0.094816        0.168371       -0.121095
     C   14        0.076098       -0.121095       -0.047263

     H   15       -0.000000        0.000000        0.000000
     H   15        0.000000        0.000000        0.000000
     H   15        0.000000        0.000000        0.000000

     C   16       -0.084543       -0.096565       -0.036438
     C   16       -0.096565        0.227892       -0.029209
     C   16       -0.036438       -0.029209       -0.143348

     C   17       -0.135236        0.085278        0.037502
     C   17        0.085278        0.147716        0.181499
     C   17        0.037502        0.181499       -0.012480

     Cl  18       -0.047097       -0.244393        0.733186
     Cl  18       -0.244393        0.213072        1.335467
     Cl  18        0.733186        1.335467       -0.165975

     H   19       -0.000000        0.000000        0.000000
     H   19        0.000000        0.000000        0.000000
     H   19        0.000000        0.000000        0.000000

     C   20       -0.053280       -0.063330       -0.000802
     C   20       -0.063330       -0.044855       -0.005484
     C   20       -0.000802       -0.005484        0.098135

     H   21       -0.000000        0.000000        0.000000
     H   21        0.000000        0.000000        0.000000
     H   21        0.000000        0.000000        0.000000

     C   22       -0.169299       -0.032751       -0.081823
     C   22       -0.032751        0.106752       -0.041821
     C   22       -0.081823       -0.041821        0.062547

     C   23        0.074944        0.235096       -0.133292
     C   23        0.235096       -0.011723        0.013377
     C   23       -0.133292        0.013377       -0.063221

     Cl  24        1.774683        1.577338        0.402586
     Cl  24        1.577338       -0.471719        0.091750
     Cl  24        0.402586        0.091750       -1.302964

     ----- total EFG -----
     Cl   1       -0.654563       -1.103308        0.980256
     Cl   1       -1.103308       -1.508240        0.467702
     Cl   1        0.980256        0.467702        2.162803

     C    2       -0.207939       -0.481830        0.030275
     C    2       -0.481830       -0.128776       -0.239690
     C    2        0.030275       -0.239690        0.336714

     C    3        0.124947       -0.193565       -0.449177
     C    3       -0.193565       -0.264400       -0.155961
     C    3       -0.449177       -0.155961        0.139453

     H    4        0.125700        0.225568        0.485561
     H    4        0.225568       -0.216749       -0.112702
     H    4        0.485561       -0.112702        0.091049

     C    5        0.612548        0.542410        0.343619
     C    5        0.542410       -0.596548       -0.098271
     C    5        0.343619       -0.098271       -0.015999

     H    6       -0.562668       -0.148657       -0.141027
     H    6       -0.148657        0.428406        0.320125
     H    6       -0.141027        0.320125        0.134262

     H    7       -0.307661       -0.101519        0.064658
     H    7       -0.101519        0.317748       -0.066203
     H    7        0.064658       -0.066203       -0.010087

     C    8       -0.630230       -0.017922       -0.077622
     C    8       -0.017922        0.657735       -0.171932
     C    8       -0.077622       -0.171932       -0.027505

     H    9        0.408906       -0.253229        0.258713
     H    9       -0.253229       -0.571562       -0.161688
     H    9        0.258713       -0.161688        0.162656

     C   10        0.027199        0.277324       -0.048803
     C   10        0.277324        0.198461        0.204407
     C   10       -0.048803        0.204407       -0.225660

     C   11       -0.668165       -0.055834       -0.137682
     C   11       -0.055834        0.615809       -0.381252
     C   11       -0.137682       -0.381252        0.052356

     Cl  12        0.175740        0.890532       -0.134445
     Cl  12        0.890532        2.808934        0.053933
     Cl  12       -0.134445        0.053933       -2.984674

     H   13       -0.109587        0.232720       -0.153434
     H   13        0.232720        0.363466        0.621941
     H   13       -0.153434        0.621941       -0.253879

     C   14       -0.398653       -0.006735        0.296053
     C   14       -0.006735        0.354807       -0.071705
     C   14        0.296053       -0.071705        0.043846

     H   15        0.549538        0.293704        0.313275
     H   15        0.293704       -0.629078        0.023256
     H   15        0.313275        0.023256        0.079540

     C   16        0.189115       -0.425494       -0.136462
     C   16       -0.425494        0.187140       -0.268840
     C   16       -0.136462       -0.268840       -0.376255

     C   17       -0.638267        0.248554       -0.124020
     C   17        0.248554        0.485212        0.558693
     C   17       -0.124020        0.558693        0.153056

     Cl  18        0.123978       -0.520226        0.572962
     Cl  18       -0.520226        0.213898        1.150894
     Cl  18        0.572962        1.150894       -0.337876

     H   19       -0.116640        0.055488        0.003015
     H   19        0.055488        0.151954       -0.170152
     H   19        0.003015       -0.170152       -0.035314

     C   20        0.056060       -0.055287        0.045939
     C   20       -0.055287       -0.200719        0.092221
     C   20        0.045939        0.092221        0.144659

     H   21        0.352526        0.014022        0.200882
     H   21        0.014022       -0.125923        0.011405
     H   21        0.200882        0.011405       -0.226603

     C   22       -0.509269       -0.109311       -0.186380
     C   22       -0.109311        0.331919       -0.162579
     C   22       -0.186380       -0.162579        0.177350

     C   23        0.255571        0.648888       -0.304413
     C   23        0.648888       -0.094294        0.152797
     C   23       -0.304413        0.152797       -0.161277

     Cl  24        1.874950        1.608510        0.444521
     Cl  24        1.608510       -0.520608        0.088385
     Cl  24        0.444521        0.088385       -1.354342

     ----- total EFG (symmetrized) -----
     Cl   1       -0.654563       -1.103308        0.980256
     Cl   1       -1.103308       -1.508240        0.467702
     Cl   1        0.980256        0.467702        2.162803

     C    2       -0.207939       -0.481830        0.030275
     C    2       -0.481830       -0.128776       -0.239690
     C    2        0.030275       -0.239690        0.336714

     C    3        0.124947       -0.193565       -0.449177
     C    3       -0.193565       -0.264400       -0.155961
     C    3       -0.449177       -0.155961        0.139453

     H    4        0.125700        0.225568        0.485561
     H    4        0.225568       -0.216749       -0.112702
     H    4        0.485561       -0.112702        0.091049

     C    5        0.612548        0.542410        0.343619
     C    5        0.542410       -0.596548       -0.098271
     C    5        0.343619       -0.098271       -0.015999

     H    6       -0.562668       -0.148657       -0.141027
     H    6       -0.148657        0.428406        0.320125
     H    6       -0.141027        0.320125        0.134262

     H    7       -0.307661       -0.101519        0.064658
     H    7       -0.101519        0.317748       -0.066203
     H    7        0.064658       -0.066203       -0.010087

     C    8       -0.630230       -0.017922       -0.077622
     C    8       -0.017922        0.657735       -0.171932
     C    8       -0.077622       -0.171932       -0.027505

     H    9        0.408906       -0.253229        0.258713
     H    9       -0.253229       -0.571562       -0.161688
     H    9        0.258713       -0.161688        0.162656

     C   10        0.027199        0.277324       -0.048803
     C   10        0.277324        0.198461        0.204407
     C   10       -0.048803        0.204407       -0.225660

     C   11       -0.668165       -0.055834       -0.137682
     C   11       -0.055834        0.615809       -0.381252
     C   11       -0.137682       -0.381252        0.052356

     Cl  12        0.175740        0.890532       -0.134445
     Cl  12        0.890532        2.808934        0.053933
     Cl  12       -0.134445        0.053933       -2.984674

     H   13       -0.109587        0.232720       -0.153434
     H   13        0.232720        0.363466        0.621941
     H   13       -0.153434        0.621941       -0.253879

     C   14       -0.398653       -0.006735        0.296053
     C   14       -0.006735        0.354807       -0.071705
     C   14        0.296053       -0.071705        0.043846

     H   15        0.549538        0.293704        0.313275
     H   15        0.293704       -0.629078        0.023256
     H   15        0.313275        0.023256        0.079540

     C   16        0.189115       -0.425494       -0.136462
     C   16       -0.425494        0.187140       -0.268840
     C   16       -0.136462       -0.268840       -0.376255

     C   17       -0.638267        0.248554       -0.124020
     C   17        0.248554        0.485212        0.558693
     C   17       -0.124020        0.558693        0.153056

     Cl  18        0.123978       -0.520226        0.572962
     Cl  18       -0.520226        0.213898        1.150894
     Cl  18        0.572962        1.150894       -0.337876

     H   19       -0.116640        0.055488        0.003015
     H   19        0.055488        0.151954       -0.170152
     H   19        0.003015       -0.170152       -0.035314

     C   20        0.056060       -0.055287        0.045939
     C   20       -0.055287       -0.200719        0.092221
     C   20        0.045939        0.092221        0.144659

     H   21        0.352526        0.014022        0.200882
     H   21        0.014022       -0.125923        0.011405
     H   21        0.200882        0.011405       -0.226603

     C   22       -0.509269       -0.109311       -0.186380
     C   22       -0.109311        0.331919       -0.162579
     C   22       -0.186380       -0.162579        0.177350

     C   23        0.255571        0.648888       -0.304413
     C   23        0.648888       -0.094294        0.152797
     C   23       -0.304413        0.152797       -0.161277

     Cl  24        1.874950        1.608510        0.444521
     Cl  24        1.608510       -0.520608        0.088385
     Cl  24        0.444521        0.088385       -1.354342


     NQR/NMR SPECTROSCOPIC PARAMETERS:
     Cl   1    Vxx=   -0.0137    axis=(  0.755215 -0.622116 -0.206453)
     Cl   1    Vyy=   -2.4604    axis=(  0.588635  0.782251 -0.203943)
     Cl   1    Vzz=    2.4741    axis=(  0.288374  0.032496  0.956966)
     Cl   1  Q=        -8.1650 1e-30 m^2  Cq=       -47.4639 MHz  eta= 0.98895

     C    2    Vxx=    0.1401    axis=( -0.588786  0.466805  0.659867)
     C    2    Vyy=    0.5319    axis=(  0.389396 -0.551581  0.737651)
     C    2    Vzz=   -0.6721    axis=(  0.708309  0.691268  0.142991)
     C    2  Q=         1.0000 1e-30 m^2  Cq=        -1.5791 MHz  eta= 0.58296

     C    3    Vxx=   -0.0425    axis=( -0.456391  0.742606 -0.490147)
     C    3    Vyy=   -0.5397    axis=( -0.539991 -0.668985 -0.510754)
     C    3    Vzz=    0.5822    axis=( -0.707189  0.031572  0.706319)
     C    3  Q=         1.0000 1e-30 m^2  Cq=         1.3680 MHz  eta= 0.85401

     H    4    Vxx=   -0.0533    axis=( -0.333489 -0.802018  0.495532)
     H    4    Vyy=   -0.5502    axis=(  0.592315 -0.587173 -0.551716)
     H    4    Vzz=    0.6035    axis=(  0.733449  0.109520  0.670863)
     H    4  Q=         1.0000 1e-30 m^2  Cq=         1.4180 MHz  eta= 0.82329

     C    5    Vxx=   -0.0490    axis=( -0.188416 -0.351224  0.917137)
     C    5    Vyy=   -0.8620    axis=( -0.386115  0.885153  0.259653)
     C    5    Vzz=    0.9109    axis=( -0.903003 -0.305198 -0.302390)
     C    5  Q=         1.0000 1e-30 m^2  Cq=         2.1403 MHz  eta= 0.89251

     H    6    Vxx=   -0.0683    axis=( -0.069546 -0.555063  0.828896)
     H    6    Vyy=   -0.5984    axis=( -0.984367 -0.096600 -0.147278)
     H    6    Vzz=    0.6666    axis=(  0.161820 -0.826180 -0.539667)
     H    6  Q=         1.0000 1e-30 m^2  Cq=         1.5663 MHz  eta= 0.79517

     H    7    Vxx=   -0.0170    axis=(  0.133650  0.231124  0.963701)
     H    7    Vyy=   -0.3328    axis=( -0.976482 -0.135290  0.167869)
     H    7    Vzz=    0.3498    axis=(  0.169178 -0.963472  0.207607)
     H    7  Q=         1.0000 1e-30 m^2  Cq=         0.8220 MHz  eta= 0.90283

     C    8    Vxx=   -0.0572    axis=( -0.137685  0.228344  0.963796)
     C    8    Vyy=   -0.6413    axis=(  0.990476  0.031408  0.134055)
     C    8    Vzz=    0.6985    axis=(  0.000340  0.973074 -0.230493)
     C    8  Q=         1.0000 1e-30 m^2  Cq=         1.6411 MHz  eta= 0.83635

     H    9    Vxx=   -0.0007    axis=( -0.534885 -0.002042  0.844922)
     H    9    Vyy=   -0.6457    axis=( -0.201296 -0.970895 -0.129778)
     H    9    Vzz=    0.6464    axis=(  0.820596 -0.239496  0.518906)
     H    9  Q=         1.0000 1e-30 m^2  Cq=         1.5188 MHz  eta= 0.99773

     C   10    Vxx=   -0.0550    axis=(  0.734739 -0.322750 -0.596650)
     C   10    Vyy=   -0.3779    axis=(  0.418952 -0.475863  0.773326)
     C   10    Vzz=    0.4329    axis=( -0.533515 -0.818161 -0.214418)
     C   10  Q=         1.0000 1e-30 m^2  Cq=         1.0171 MHz  eta= 0.74593

     C   11    Vxx=   -0.1013    axis=( -0.252665  0.438790  0.862336)
     C   11    Vyy=   -0.7069    axis=(  0.967518  0.106873  0.229102)
     C   11    Vzz=    0.8082    axis=(  0.008367  0.892211 -0.451540)
     C   11  Q=         1.0000 1e-30 m^2  Cq=         1.8990 MHz  eta= 0.74933

     Cl  12    Vxx=   -0.0900    axis=( -0.954985  0.292443  0.049803)
     Cl  12    Vyy=   -2.9919    axis=(  0.047031 -0.016506  0.998757)
     Cl  12    Vzz=    3.0819    axis=( -0.292901 -0.956141 -0.002009)
     Cl  12  Q=        -8.1650 1e-30 m^2  Cq=       -59.1237 MHz  eta= 0.94162

     H   13    Vxx=   -0.0234    axis=(  0.916098  0.080417 -0.392807)
     H   13    Vyy=   -0.7422    axis=( -0.375899  0.513140 -0.771614)
     H   13    Vzz=    0.7656    axis=(  0.139514  0.854529  0.500315)
     H   13  Q=         1.0000 1e-30 m^2  Cq=         1.7989 MHz  eta= 0.93895

     C   14    Vxx=    0.1682    axis=(  0.432749  0.336882  0.836205)
     C   14    Vyy=    0.3796    axis=( -0.127311  0.941097 -0.313255)
     C   14    Vzz=   -0.5478    axis=( -0.892480  0.029103  0.450148)
     C   14  Q=         1.0000 1e-30 m^2  Cq=        -1.2870 MHz  eta= 0.38597

     H   15    Vxx=   -0.0588    axis=( -0.388364 -0.163023  0.906971)
     H   15    Vyy=   -0.7016    axis=( -0.244377  0.967207  0.069209)
     H   15    Vzz=    0.7604    axis=( -0.888512 -0.194764 -0.415468)
     H   15  Q=         1.0000 1e-30 m^2  Cq=         1.7867 MHz  eta= 0.84539

     C   16    Vxx=   -0.0170    axis=(  0.621285  0.495634 -0.606921)
     C   16    Vyy=   -0.6062    axis=(  0.389989  0.476217  0.788115)
     C   16    Vzz=    0.6232    axis=( -0.679642  0.726337 -0.102574)
     C   16  Q=         1.0000 1e-30 m^2  Cq=         1.4644 MHz  eta= 0.94539

     C   17    Vxx=   -0.1431    axis=( -0.436677 -0.495121  0.751111)
     C   17    Vyy=   -0.7693    axis=( -0.895766  0.316491 -0.312150)
     C   17    Vzz=    0.9124    axis=( -0.083168 -0.809128 -0.581717)
     C   17  Q=         1.0000 1e-30 m^2  Cq=         2.1438 MHz  eta= 0.68628

     Cl  18    Vxx=    0.4675    axis=(  0.909143 -0.195116  0.367953)
     Cl  18    Vyy=    1.1254    axis=( -0.071390  0.797390  0.599227)
     Cl  18    Vzz=   -1.5929    axis=( -0.410321 -0.571051  0.711012)
     Cl  18  Q=        -8.1650 1e-30 m^2  Cq=        30.5584 MHz  eta= 0.41299

     H   19    Vxx=   -0.0978    axis=(  0.773311  0.230574  0.590615)
     H   19    Vyy=   -0.1605    axis=(  0.621950 -0.456823 -0.635996)
     H   19    Vzz=    0.2583    axis=( -0.123163 -0.859156  0.496671)
     H   19  Q=         1.0000 1e-30 m^2  Cq=         0.6068 MHz  eta= 0.24272

     C   20    Vxx=    0.0616    axis=(  0.937557 -0.273241 -0.215234)
     C   20    Vyy=    0.1766    axis=(  0.272098  0.190678  0.943189)
     C   20    Vzz=   -0.2382    axis=( -0.216678 -0.942858  0.253120)
     C   20  Q=         1.0000 1e-30 m^2  Cq=        -0.5596 MHz  eta= 0.48253

     H   21    Vxx=   -0.1262    axis=(  0.041777 -0.998681 -0.029847)
     H   21    Vyy=   -0.2897    axis=(  0.297448  0.040950 -0.953860)
     H   21    Vzz=    0.4159    axis=(  0.953824  0.030972  0.298766)
     H   21  Q=         1.0000 1e-30 m^2  Cq=         0.9772 MHz  eta= 0.39328

     C   22    Vxx=    0.1458    axis=( -0.313006  0.513861  0.798733)
     C   22    Vyy=    0.4347    axis=( -0.008778 -0.842521  0.538592)
     C   22    Vzz=   -0.5805    axis=( -0.949711 -0.161572 -0.268225)
     C   22  Q=         1.0000 1e-30 m^2  Cq=        -1.3640 MHz  eta= 0.49770

     C   23    Vxx=   -0.0242    axis=( -0.153202  0.473073  0.867601)
     C   23    Vyy=   -0.7539    axis=( -0.573398  0.672494 -0.467939)
     C   23    Vzz=    0.7781    axis=( -0.804825 -0.569170  0.168231)
     C   23  Q=         1.0000 1e-30 m^2  Cq=         1.8282 MHz  eta= 0.93778

     Cl  24    Vxx=   -1.2395    axis=(  0.301528 -0.747427  0.591975)
     Cl  24    Vyy=   -1.4899    axis=(  0.342044 -0.494750 -0.798892)
     Cl  24    Vzz=    2.7294    axis=(  0.889993  0.443369  0.106472)
     Cl  24  Q=        -8.1650 1e-30 m^2  Cq=       -52.3630 MHz  eta= 0.09174

     Initialization:
     gipaw_setup  :      9.12s CPU     10.72s WALL (       1 calls)

     Linear response

     Apply operators

     Induced current

     Other routines
     efg          :      9.20s CPU     11.30s WALL (       1 calls)

     General routines
     calbec       :      3.21s CPU      4.03s WALL (      16 calls)
     fft          :      1.29s CPU      1.53s WALL (      15 calls)
     ffts         :      0.04s CPU      0.06s WALL (       2 calls)
     fftw         :      3.25s CPU      3.93s WALL (     672 calls)
     davcio       :      0.00s CPU      0.31s WALL (      32 calls)

     Parallel routines
     fft_scatter  :      1.95s CPU      2.81s WALL (     689 calls)

     Plugins

     GIPAW        :     60.43s CPU     72.98s WALL (       1 calls)
