
     Program QE v.6.0 (svn rev. 13079) starts on 20Jan2017 at 13:19:26 

     This program is part of the open-source Quantum ESPRESSO suite
     for quantum simulation of materials; please cite
         "P. Giannozzi et al., J. Phys.:Condens. Matter 21 395502 (2009);
          URL http://www.quantum-espresso.org", 
     in publications or presentations arising from this work. More details at
     http://www.quantum-espresso.org/quote

     Parallel version (MPI), running on     8 processors
     R & G space division:  proc/nbgrp/npool/nimage =       8

     ***** This is GIPAW svn revision unknown      *****

     Parallelizing q-star over 1 images

     Reading data from directory:
     /users/majewski/paradichlorobenzene/pbe/9_constraint/scratch/pbe.ecut100.np8.dt60.pcl2phi-129368.save
     Message from routine read_xml_file:
     file /users/majewski/paradichlorobenzene/pbe/9_constraint/scratch/pbe.ecut100.np8.dt60.pcl2phi-129368.save not guaranteed to be safe for post-processing

   Info: using nr1, nr2, nr3 values from input

   Info: using nr1, nr2, nr3 values from input

     IMPORTANT: XC functional enforced from input :
     Exchange-correlation      =  SLA  PW   PBX  PBC ( 1  4  3  4 0 0)
     Any further DFT definition will be discarded
     Please, verify this is what you really want

               file C.pbe-n-kjpaw_psl.1.0.0.UPF: wavefunction(s)  2S 2P renormalized
               file Cl.pbe-n-kjpaw_psl.1.0.0.UPF: wavefunction(s)  3S 3P renormalized
               file H.pbe-kjpaw_psl.1.0.0.UPF: wavefunction(s)  1S renormalized

     Parallelization info
     --------------------
     sticks:   dense  smooth     PW     G-vecs:    dense   smooth      PW
     Min        3057    1223    332               144436    36536    5170
     Max        3059    1225    333               144437    36537    5171
     Sum       24467    9791   2657              1155489   292295   41363


     Subspace diagonalization in iterative solution of the eigenvalue problem:
     a serial algorithm will be used

     GIPAW projectors -----------------------------------------------
     atom=  C    l=0  rc=    1.2000  rs=    0.8000
     atom=  C    l=0  rc=    1.2000  rs=    0.8000
     atom=  C    l=1  rc=    1.4000  rs=    0.9333
     atom=  C    l=1  rc=    1.4000  rs=    0.9333
     projs nearly linearly dependent: l=1  n1,n2= 1, 2  s=  0.99951561

     atom=  Cl   l=0  rc=    1.6000  rs=    1.0667
     atom=  Cl   l=0  rc=    1.6000  rs=    1.0667
     atom=  Cl   l=1  rc=    1.6000  rs=    1.0667
     atom=  Cl   l=1  rc=    1.6000  rs=    1.0667
     atom=  Cl   l=2  rc=    1.6000  rs=    1.0667
     atom=  Cl   l=2  rc=    1.6000  rs=    1.0667
     projs nearly linearly dependent: l=2  n1,n2= 1, 2  s=  0.99993509

     atom=  H    l=0  rc=    1.0000  rs=    0.6667
     atom=  H    l=0  rc=    1.0000  rs=    0.6667
     projs nearly linearly dependent: l=0  n1,n2= 1, 2  s=  0.99968852
     -----------------------------------------------------------------

     GIPAW integrals: -------------------------------------------
     Atom  i/j   nmr_para   nmr_dia   epr_rmc  epr_para   epr_dia
       C   1 1   0.83E+03  0.17E-01  0.93E+01  0.24E+08  0.24E+03
       C   2 1   0.86E+03 -0.61E-01  0.94E+01  0.25E+08  0.25E+03
       C   2 2   0.90E+03 -0.15E+00  0.97E+01  0.26E+08  0.26E+03
       C   3 3   0.33E+01  0.34E+00  0.18E+01  0.55E+03  0.21E+02
       C   4 3   0.35E+01  0.37E+00  0.20E+01  0.59E+03  0.22E+02
       C   4 4   0.38E+01  0.39E+00  0.22E+01  0.63E+03  0.24E+02
       Cl  1 1   0.14E+04 -0.47E+00  0.84E+01  0.32E+09  0.42E+03
       Cl  2 1   0.21E+04 -0.37E+00  0.12E+02  0.49E+09  0.65E+03
       Cl  2 2   0.33E+04 -0.16E+00  0.21E+02  0.76E+09  0.10E+04
       Cl  3 3   0.21E+02  0.79E-01  0.89E+01  0.23E+05  0.13E+03
       Cl  4 3   0.24E+02  0.67E-01  0.99E+01  0.27E+05  0.15E+03
       Cl  4 4   0.28E+02  0.44E-01  0.11E+02  0.32E+05  0.18E+03
       Cl  5 5   0.77E+00  0.19E+00  0.18E+01  0.12E+03  0.22E+02
       Cl  6 5   0.80E+00  0.19E+00  0.19E+01  0.12E+03  0.23E+02
       Cl  6 6   0.83E+00  0.20E+00  0.19E+01  0.12E+03  0.23E+02
       H   1 1   0.39E+02  0.19E+00  0.29E+00  0.78E+05  0.13E+02
       H   2 1   0.41E+02  0.21E+00  0.32E+00  0.82E+05  0.14E+02
       H   2 2   0.43E+02  0.22E+00  0.36E+00  0.86E+05  0.15E+02
     ------------------------------------------------------------

     alpha_pv=     33.9709 eV

     Number of occupied bands for each k-point:
     k-point:     1    nbnd_occ=  42
     k-point:     2    nbnd_occ=  42
     k-point:     3    nbnd_occ=  42
     k-point:     4    nbnd_occ=  42
     k-point:     5    nbnd_occ=  42
     k-point:     6    nbnd_occ=  42
     k-point:     7    nbnd_occ=  42
     k-point:     8    nbnd_occ=  42
     k-point:     9    nbnd_occ=  42
     k-point:    10    nbnd_occ=  42
     k-point:    11    nbnd_occ=  42
     k-point:    12    nbnd_occ=  42
     k-point:    13    nbnd_occ=  42
     k-point:    14    nbnd_occ=  42
     k-point:    15    nbnd_occ=  42
     k-point:    16    nbnd_occ=  42


     q-space interpolation up to   110.00 Rydberg

     GIPAW job: efg                                                                             


     ELECTRIC FIELD GRADIENTS TENSORS IN Hartree/bohrradius^2:

     ----- bare term -----
     Cl   1        0.029525        0.050822        0.048584
     Cl   1        0.050822       -0.037884        0.024796
     Cl   1        0.048584        0.024796        0.008359

     C    2       -0.744468        0.496260       -0.355020
     C    2        0.496260        0.199974       -0.098853
     C    2       -0.355020       -0.098853        0.544494

     C    3        0.319723        0.095820       -0.112465
     C    3        0.095820       -0.345210       -0.595978
     C    3       -0.112465       -0.595978        0.025487

     H    4       -0.058336        0.189269       -0.485092
     H    4        0.189269       -0.139861        0.060390
     H    4       -0.485092        0.060390        0.198197

     C    5       -0.585254        0.237963       -0.244005
     C    5        0.237963        0.072569        0.020045
     C    5       -0.244005        0.020045        0.512686

     H    6        0.503491        0.038985        0.040715
     H    6        0.038985       -0.031449       -0.162915
     H    6        0.040715       -0.162915       -0.472042

     H    7        0.280979        0.188522        0.041748
     H    7        0.188522       -0.514627       -0.224424
     H    7        0.041748       -0.224424        0.233647

     C    8        0.177012        0.104051       -0.084566
     C    8        0.104051       -0.256465        0.074917
     C    8       -0.084566        0.074917        0.079453

     H    9       -0.146426        0.361190        0.046919
     H    9        0.361190       -0.155132       -0.144705
     H    9        0.046919       -0.144705        0.301558

     C   10       -0.132685        0.022396        0.160259
     C   10        0.022396       -0.103384       -0.227482
     C   10        0.160259       -0.227482        0.236068

     C   11        0.077115        0.000266       -0.186992
     C   11        0.000266       -0.004551        0.585449
     C   11       -0.186992        0.585449       -0.072564

     Cl  12        0.113585       -0.063223        0.136979
     Cl  12       -0.063223       -0.222063       -0.415606
     Cl  12        0.136979       -0.415606        0.108478

     H   13        0.446489       -0.107332       -0.052913
     H   13       -0.107332       -0.444551       -0.600266
     H   13       -0.052913       -0.600266       -0.001938

     C   14        0.040906        0.116857       -0.115870
     C   14        0.116857       -0.271518       -0.390112
     C   14       -0.115870       -0.390112        0.230612

     H   15       -0.066940       -0.405721       -0.403072
     H   15       -0.405721       -0.125308       -0.396546
     H   15       -0.403072       -0.396546        0.192248

     C   16       -0.733488        0.368321       -0.330452
     C   16        0.368321        0.322022       -0.052758
     C   16       -0.330452       -0.052758        0.411467

     C   17        0.246742        0.017087       -0.179883
     C   17        0.017087       -0.195438       -0.571694
     C   17       -0.179883       -0.571694       -0.051304

     Cl  18       -0.306052        0.313471        0.053678
     Cl  18        0.313471        0.071949       -0.121778
     Cl  18        0.053678       -0.121778        0.234102

     H   19        0.104409        0.179014        0.110447
     H   19        0.179014       -0.456297        0.456494
     H   19        0.110447        0.456494        0.351889

     C   20       -0.931421       -0.359150       -0.473198
     C   20       -0.359150        0.411841       -0.043153
     C   20       -0.473198       -0.043153        0.519581

     H   21       -0.564546        0.012728        0.094181
     H   21        0.012728        0.358365        0.323663
     H   21        0.094181        0.323663        0.206181

     C   22        0.222654        0.013209       -0.034944
     C   22        0.013209       -0.515096        0.457494
     C   22       -0.034944        0.457494        0.292441

     C   23       -0.816591       -0.484881       -0.351638
     C   23       -0.484881        0.309380        0.021924
     C   23       -0.351638        0.021924        0.507212

     Cl  24       -0.009432       -0.012869        0.051232
     Cl  24       -0.012869       -0.019765       -0.049978
     Cl  24        0.051232       -0.049978        0.029197

     ----- ionic term -----
     Cl   1        0.176465       -0.228361        0.018431
     Cl   1       -0.228361       -0.025800       -0.007177
     Cl   1        0.018431       -0.007177       -0.150666

     C    2        0.274994       -0.188759        0.270873
     C    2       -0.188759       -0.052758        0.381239
     C    2        0.270873        0.381239       -0.222236

     C    3        0.192935       -0.262775        0.146796
     C    3       -0.262775        0.017044        0.414827
     C    3        0.146796        0.414827       -0.209979

     H    4        0.514203        0.233599        0.709935
     H    4        0.233599       -0.449929        0.228798
     H    4        0.709935        0.228798       -0.064274

     C    5        0.340555       -0.223978        0.258152
     C    5       -0.223978       -0.107878        0.346649
     C    5        0.258152        0.346649       -0.232677

     H    6       -0.503931        0.049973        0.069739
     H    6        0.049973        0.423460        0.800080
     H    6        0.069739        0.800080        0.080471

     H    7       -0.508511       -0.182552        0.020000
     H    7       -0.182552        1.083959       -0.196974
     H    7        0.020000       -0.196974       -0.575448

     C    8        0.384594        0.023774        0.059922
     C    8        0.023774        0.176727       -0.185958
     C    8        0.059922       -0.185958       -0.561321

     H    9        0.706464       -0.498242        0.425432
     H    9       -0.498242       -0.243955       -0.244144
     H    9        0.425432       -0.244144       -0.462509

     C   10        0.196904        0.085887        0.058858
     C   10        0.085887        0.281998       -0.327263
     C   10        0.058858       -0.327263       -0.478903

     C   11        0.364478        0.024808        0.078348
     C   11        0.024808        0.162492       -0.319004
     C   11        0.078348       -0.319004       -0.526970

     Cl  12        0.166701        0.164503       -0.038927
     Cl  12        0.164503       -0.016472       -0.037415
     Cl  12       -0.038927       -0.037415       -0.150229

     H   13       -0.538041        0.066428        0.050564
     H   13        0.066428        0.592561        0.774030
     H   13        0.050564        0.774030       -0.054521

     C   14        0.306800       -0.192956        0.221339
     C   14       -0.192956       -0.024156        0.334957
     C   14        0.221339        0.334957       -0.282644

     H   15        0.580407        0.275911        0.694588
     H   15        0.275911       -0.489018        0.247070
     H   15        0.694588        0.247070       -0.091389

     C   16        0.120698       -0.194211        0.168507
     C   16       -0.194211        0.085353        0.480323
     C   16        0.168507        0.480323       -0.206051

     C   17        0.126979       -0.172525        0.280279
     C   17       -0.172525        0.063450        0.495976
     C   17        0.280279        0.495976       -0.190429

     Cl  18        0.081111       -0.196912       -0.022310
     Cl  18       -0.196912        0.064350        0.034757
     Cl  18       -0.022310        0.034757       -0.145461

     H   19       -0.456264       -0.317580        0.125896
     H   19       -0.317580        0.777414       -0.542050
     H   19        0.125896       -0.542050       -0.321150

     C   20        0.389166       -0.008343        0.091249
     C   20       -0.008343        0.100367       -0.280283
     C   20        0.091249       -0.280283       -0.489533

     H   21        0.665058       -0.361962        0.587591
     H   21       -0.361962       -0.340879       -0.235994
     H   21        0.587591       -0.235994       -0.324179

     C   22        0.166264        0.122309        0.077474
     C   22        0.122309        0.282683       -0.351310
     C   22        0.077474       -0.351310       -0.448947

     C   23        0.323107        0.025375        0.098691
     C   23        0.025375        0.224928       -0.301290
     C   23        0.098691       -0.301290       -0.548035

     Cl  24        0.173910        0.209992       -0.006262
     Cl  24        0.209992       -0.024168       -0.008029
     Cl  24       -0.006262       -0.008029       -0.149742

     ----- GIPAW term -----
     Cl   1       -0.220733       -1.586487        0.001302
     Cl   1       -1.586487        1.639042        1.694994
     Cl   1        0.001302        1.694994       -1.418309

     C    2       -0.074776        0.046086        0.000299
     C    2        0.046086        0.065025        0.063958
     C    2        0.000299        0.063958        0.009752

     C    3       -0.035121        0.001747        0.006403
     C    3        0.001747        0.130593        0.045730
     C    3        0.006403        0.045730       -0.095472

     H    4       -0.000000        0.000000        0.000000
     H    4        0.000000        0.000000        0.000000
     H    4        0.000000        0.000000        0.000000

     C    5       -0.036000       -0.017519       -0.003270
     C    5       -0.017519        0.010605        0.018816
     C    5       -0.003270        0.018816        0.025395

     H    6       -0.000000        0.000000        0.000000
     H    6        0.000000        0.000000        0.000000
     H    6        0.000000        0.000000        0.000000

     H    7       -0.000000        0.000000        0.000000
     H    7        0.000000        0.000000        0.000000
     H    7        0.000000        0.000000        0.000000

     C    8        0.018474        0.004724        0.005732
     C    8        0.004724        0.030552       -0.000700
     C    8        0.005732       -0.000700       -0.049026

     H    9       -0.000000        0.000000        0.000000
     H    9        0.000000        0.000000        0.000000
     H    9        0.000000        0.000000        0.000000

     C   10        0.006059        0.022866        0.021324
     C   10        0.022866       -0.004725       -0.039366
     C   10        0.021324       -0.039366       -0.001334

     C   11       -0.031141       -0.006255       -0.036534
     C   11       -0.006255        0.162419        0.116404
     C   11       -0.036534        0.116404       -0.131279

     Cl  12       -0.094919       -0.141920       -0.387070
     Cl  12       -0.141920        0.178137        0.568872
     Cl  12       -0.387070        0.568872       -0.083218

     H   13       -0.000000        0.000000        0.000000
     H   13        0.000000        0.000000        0.000000
     H   13        0.000000        0.000000        0.000000

     C   14       -0.093046        0.038173        0.017329
     C   14        0.038173        0.111806        0.113579
     C   14        0.017329        0.113579       -0.018760

     H   15       -0.000000        0.000000        0.000000
     H   15        0.000000        0.000000        0.000000
     H   15        0.000000        0.000000        0.000000

     C   16       -0.194942        0.100654       -0.036478
     C   16        0.100654        0.241363        0.087337
     C   16       -0.036478        0.087337       -0.046421

     C   17       -0.010522        0.005425       -0.010451
     C   17        0.005425        0.141350        0.014084
     C   17       -0.010451        0.014084       -0.130828

     Cl  18       -1.126055       -1.180676        0.517741
     Cl  18       -1.180676        1.435304       -2.098460
     Cl  18        0.517741       -2.098460       -0.309249

     H   19       -0.000000        0.000000        0.000000
     H   19        0.000000        0.000000        0.000000
     H   19        0.000000        0.000000        0.000000

     C   20       -0.228853        0.012307       -0.081233
     C   20        0.012307        0.194489       -0.201003
     C   20       -0.081233       -0.201003        0.034364

     H   21       -0.000000        0.000000        0.000000
     H   21        0.000000        0.000000        0.000000
     H   21        0.000000        0.000000        0.000000

     C   22       -0.040288        0.043534       -0.006242
     C   22        0.043534       -0.011678       -0.107675
     C   22       -0.006242       -0.107675        0.051966

     C   23       -0.149706       -0.011934       -0.025201
     C   23       -0.011934        0.167397       -0.132774
     C   23       -0.025201       -0.132774       -0.017691

     Cl  24       -0.208475        1.959978       -0.207159
     Cl  24        1.959978        0.916802       -1.948887
     Cl  24       -0.207159       -1.948887       -0.708327

     ----- total EFG -----
     Cl   1       -0.014743       -1.764026        0.068317
     Cl   1       -1.764026        1.575359        1.712613
     Cl   1        0.068317        1.712613       -1.560616

     C    2       -0.544250        0.353587       -0.083847
     C    2        0.353587        0.212241        0.346344
     C    2       -0.083847        0.346344        0.332009

     C    3        0.477537       -0.165208        0.040734
     C    3       -0.165208       -0.197572       -0.135421
     C    3        0.040734       -0.135421       -0.279965

     H    4        0.455867        0.422867        0.224843
     H    4        0.422867       -0.589790        0.289188
     H    4        0.224843        0.289188        0.133923

     C    5       -0.280699       -0.003535        0.010876
     C    5       -0.003535       -0.024704        0.385510
     C    5        0.010876        0.385510        0.305403

     H    6       -0.000440        0.088958        0.110454
     H    6        0.088958        0.392011        0.637166
     H    6        0.110454        0.637166       -0.391571

     H    7       -0.227532        0.005970        0.061748
     H    7        0.005970        0.569333       -0.421398
     H    7        0.061748       -0.421398       -0.341801

     C    8        0.580080        0.132550       -0.018912
     C    8        0.132550       -0.049186       -0.111741
     C    8       -0.018912       -0.111741       -0.530894

     H    9        0.560038       -0.137052        0.472350
     H    9       -0.137052       -0.399087       -0.388849
     H    9        0.472350       -0.388849       -0.160951

     C   10        0.070279        0.131149        0.240441
     C   10        0.131149        0.173890       -0.594112
     C   10        0.240441       -0.594112       -0.244169

     C   11        0.410452        0.018820       -0.145178
     C   11        0.018820        0.320360        0.382850
     C   11       -0.145178        0.382850       -0.730812

     Cl  12        0.185368       -0.040640       -0.289018
     Cl  12       -0.040640       -0.060399        0.115851
     Cl  12       -0.289018        0.115851       -0.124970

     H   13       -0.091552       -0.040903       -0.002349
     H   13       -0.040903        0.148010        0.173765
     H   13       -0.002349        0.173765       -0.056458

     C   14        0.254660       -0.037926        0.122798
     C   14       -0.037926       -0.183869        0.058424
     C   14        0.122798        0.058424       -0.070792

     H   15        0.513467       -0.129810        0.291516
     H   15       -0.129810       -0.614325       -0.149476
     H   15        0.291516       -0.149476        0.100859

     C   16       -0.807732        0.274763       -0.198423
     C   16        0.274763        0.648737        0.514902
     C   16       -0.198423        0.514902        0.158994

     C   17        0.363199       -0.150013        0.089945
     C   17       -0.150013        0.009362       -0.061634
     C   17        0.089945       -0.061634       -0.372561

     Cl  18       -1.350995       -1.064118        0.549109
     Cl  18       -1.064118        1.571603       -2.185481
     Cl  18        0.549109       -2.185481       -0.220608

     H   19       -0.351856       -0.138566        0.236343
     H   19       -0.138566        0.321117       -0.085555
     H   19        0.236343       -0.085555        0.030738

     C   20       -0.771109       -0.355186       -0.463182
     C   20       -0.355186        0.706696       -0.524439
     C   20       -0.463182       -0.524439        0.064412

     H   21        0.100512       -0.349234        0.681773
     H   21       -0.349234        0.017486        0.087669
     H   21        0.681773        0.087669       -0.117997

     C   22        0.348630        0.179052        0.036288
     C   22        0.179052       -0.244090       -0.001491
     C   22        0.036288       -0.001491       -0.104539

     C   23       -0.643190       -0.471440       -0.278148
     C   23       -0.471440        0.701704       -0.412141
     C   23       -0.278148       -0.412141       -0.058514

     Cl  24       -0.043998        2.157102       -0.162189
     Cl  24        2.157102        0.872870       -2.006894
     Cl  24       -0.162189       -2.006894       -0.828872

     ----- total EFG (symmetrized) -----
     Cl   1       -0.014743       -1.764026        0.068317
     Cl   1       -1.764026        1.575359        1.712613
     Cl   1        0.068317        1.712613       -1.560616

     C    2       -0.544250        0.353587       -0.083847
     C    2        0.353587        0.212241        0.346344
     C    2       -0.083847        0.346344        0.332009

     C    3        0.477537       -0.165208        0.040734
     C    3       -0.165208       -0.197572       -0.135421
     C    3        0.040734       -0.135421       -0.279965

     H    4        0.455867        0.422867        0.224843
     H    4        0.422867       -0.589790        0.289188
     H    4        0.224843        0.289188        0.133923

     C    5       -0.280699       -0.003535        0.010876
     C    5       -0.003535       -0.024704        0.385510
     C    5        0.010876        0.385510        0.305403

     H    6       -0.000440        0.088958        0.110454
     H    6        0.088958        0.392011        0.637166
     H    6        0.110454        0.637166       -0.391571

     H    7       -0.227532        0.005970        0.061748
     H    7        0.005970        0.569333       -0.421398
     H    7        0.061748       -0.421398       -0.341801

     C    8        0.580080        0.132550       -0.018912
     C    8        0.132550       -0.049186       -0.111741
     C    8       -0.018912       -0.111741       -0.530894

     H    9        0.560038       -0.137052        0.472350
     H    9       -0.137052       -0.399087       -0.388849
     H    9        0.472350       -0.388849       -0.160951

     C   10        0.070279        0.131149        0.240441
     C   10        0.131149        0.173890       -0.594112
     C   10        0.240441       -0.594112       -0.244169

     C   11        0.410452        0.018820       -0.145178
     C   11        0.018820        0.320360        0.382850
     C   11       -0.145178        0.382850       -0.730812

     Cl  12        0.185368       -0.040640       -0.289018
     Cl  12       -0.040640       -0.060399        0.115851
     Cl  12       -0.289018        0.115851       -0.124970

     H   13       -0.091552       -0.040903       -0.002349
     H   13       -0.040903        0.148010        0.173765
     H   13       -0.002349        0.173765       -0.056458

     C   14        0.254660       -0.037926        0.122798
     C   14       -0.037926       -0.183869        0.058424
     C   14        0.122798        0.058424       -0.070792

     H   15        0.513467       -0.129810        0.291516
     H   15       -0.129810       -0.614325       -0.149476
     H   15        0.291516       -0.149476        0.100859

     C   16       -0.807732        0.274763       -0.198423
     C   16        0.274763        0.648737        0.514902
     C   16       -0.198423        0.514902        0.158994

     C   17        0.363199       -0.150013        0.089945
     C   17       -0.150013        0.009362       -0.061634
     C   17        0.089945       -0.061634       -0.372561

     Cl  18       -1.350995       -1.064118        0.549109
     Cl  18       -1.064118        1.571603       -2.185481
     Cl  18        0.549109       -2.185481       -0.220608

     H   19       -0.351856       -0.138566        0.236343
     H   19       -0.138566        0.321117       -0.085555
     H   19        0.236343       -0.085555        0.030738

     C   20       -0.771109       -0.355186       -0.463182
     C   20       -0.355186        0.706696       -0.524439
     C   20       -0.463182       -0.524439        0.064412

     H   21        0.100512       -0.349234        0.681773
     H   21       -0.349234        0.017486        0.087669
     H   21        0.681773        0.087669       -0.117997

     C   22        0.348630        0.179052        0.036288
     C   22        0.179052       -0.244090       -0.001491
     C   22        0.036288       -0.001491       -0.104539

     C   23       -0.643190       -0.471440       -0.278148
     C   23       -0.471440        0.701704       -0.412141
     C   23       -0.278148       -0.412141       -0.058514

     Cl  24       -0.043998        2.157102       -0.162189
     Cl  24        2.157102        0.872870       -2.006894
     Cl  24       -0.162189       -2.006894       -0.828872


     NQR/NMR SPECTROSCOPIC PARAMETERS:
     Cl   1    Vxx=   -0.5503    axis=(  0.817636  0.267981  0.509565)
     Cl   1    Vyy=   -2.6025    axis=(  0.346727  0.477371 -0.807401)
     Cl   1    Vzz=    3.1529    axis=( -0.459620  0.836841  0.297400)
     Cl   1  Q=        -8.1650 1e-30 m^2  Cq=       -60.4859 MHz  eta= 0.65090

     C    2    Vxx=    0.0776    axis=( -0.431771 -0.599545  0.673884)
     C    2    Vyy=    0.6491    axis=( -0.153748 -0.687260 -0.709955)
     C    2    Vzz=   -0.7267    axis=( -0.888783  0.410146 -0.204560)
     C    2  Q=         1.0000 1e-30 m^2  Cq=        -1.7075 MHz  eta= 0.78645

     C    3    Vxx=   -0.1362    axis=(  0.240768  0.739521 -0.628602)
     C    3    Vyy=   -0.3859    axis=(  0.083976  0.629353  0.772569)
     C    3    Vzz=    0.5221    axis=( -0.966943  0.238797 -0.089425)
     C    3  Q=         1.0000 1e-30 m^2  Cq=         1.2267 MHz  eta= 0.47808

     H    4    Vxx=    0.0221    axis=( -0.504075  0.058866  0.861651)
     H    4    Vyy=    0.7632    axis=( -0.817957 -0.352783 -0.454412)
     H    4    Vzz=   -0.7853    axis=(  0.277227 -0.933852  0.225979)
     H    4  Q=         1.0000 1e-30 m^2  Cq=        -1.8451 MHz  eta= 0.94360

     C    5    Vxx=   -0.2709    axis=(  0.671731 -0.621529  0.403086)
     C    5    Vyy=   -0.2889    axis=( -0.740746 -0.557314  0.375094)
     C    5    Vzz=    0.5598    axis=(  0.008487  0.550547  0.834761)
     C    5  Q=         1.0000 1e-30 m^2  Cq=         1.3152 MHz  eta= 0.03209

     H    6    Vxx=   -0.0191    axis=(  0.983098 -0.182003 -0.019813)
     H    6    Vyy=   -0.7516    axis=( -0.071483 -0.481227  0.873677)
     H    6    Vzz=    0.7707    axis=( -0.168547 -0.857494 -0.486103)
     H    6  Q=         1.0000 1e-30 m^2  Cq=         1.8108 MHz  eta= 0.95034

     H    7    Vxx=   -0.2156    axis=(  0.979493  0.089466  0.180525)
     H    7    Vyy=   -0.5190    axis=( -0.200701  0.354674  0.913195)
     H    7    Vzz=    0.7346    axis=(  0.017672 -0.930700  0.365357)
     H    7  Q=         1.0000 1e-30 m^2  Cq=         1.7261 MHz  eta= 0.41303

     C    8    Vxx=   -0.0527    axis=( -0.206384  0.954582 -0.214893)
     C    8    Vyy=   -0.5556    axis=( -0.009159  0.217727  0.975967)
     C    8    Vzz=    0.6083    axis=(  0.978428  0.203392 -0.036193)
     C    8  Q=         1.0000 1e-30 m^2  Cq=         1.4293 MHz  eta= 0.82678

     H    9    Vxx=   -0.1512    axis=( -0.509179 -0.633105  0.583023)
     H    9    Vyy=   -0.7152    axis=(  0.163995 -0.736371 -0.656402)
     H    9    Vzz=    0.8664    axis=(  0.844892 -0.238613  0.478770)
     H    9  Q=         1.0000 1e-30 m^2  Cq=         2.0357 MHz  eta= 0.65092

     C   10    Vxx=    0.1579    axis=(  0.947182  0.237506  0.215493)
     C   10    Vyy=    0.5969    axis=(  0.068100 -0.805588  0.588550)
     C   10    Vzz=   -0.7547    axis=(  0.313383 -0.542789 -0.779212)
     C   10  Q=         1.0000 1e-30 m^2  Cq=        -1.7733 MHz  eta= 0.58165

     C   11    Vxx=    0.4074    axis=(  0.808463  0.581250  0.092392)
     C   11    Vyy=    0.4642    axis=( -0.577877  0.754205  0.311824)
     C   11    Vzz=   -0.8716    axis=(  0.111566 -0.305489  0.945637)
     C   11  Q=         1.0000 1e-30 m^2  Cq=        -2.0480 MHz  eta= 0.06521

     Cl  12    Vxx=   -0.0563    axis=(  0.336718  0.929439  0.150880)
     Cl  12    Vyy=   -0.3226    axis=( -0.453392  0.300476 -0.839136)
     Cl  12    Vzz=    0.3789    axis=( -0.825262  0.214145  0.522576)
     Cl  12  Q=        -8.1650 1e-30 m^2  Cq=        -7.2695 MHz  eta= 0.70276

     H   13    Vxx=   -0.0904    axis=(  0.957915 -0.042552  0.283879)
     H   13    Vyy=   -0.1609    axis=( -0.266521 -0.499119  0.824528)
     H   13    Vzz=    0.2513    axis=( -0.106604  0.865488  0.489454)
     H   13  Q=         1.0000 1e-30 m^2  Cq=         0.5905 MHz  eta= 0.28034

     C   14    Vxx=   -0.0717    axis=( -0.249664  0.512307  0.821711)
     C   14    Vyy=   -0.2248    axis=(  0.190096  0.858002 -0.477175)
     C   14    Vzz=    0.2964    axis=( -0.949490  0.037071 -0.311600)
     C   14  Q=         1.0000 1e-30 m^2  Cq=         0.6965 MHz  eta= 0.51642

     H   15    Vxx=   -0.0414    axis=( -0.483228 -0.116877  0.867658)
     H   15    Vyy=   -0.6490    axis=( -0.067192 -0.983175 -0.169859)
     H   15    Vzz=    0.6904    axis=(  0.872913 -0.140380  0.467244)
     H   15  Q=         1.0000 1e-30 m^2  Cq=         1.6221 MHz  eta= 0.88018

     C   16    Vxx=   -0.0400    axis=( -0.372146 -0.455929  0.808477)
     C   16    Vyy=   -0.9433    axis=( -0.925230  0.251539 -0.284037)
     C   16    Vzz=    0.9834    axis=( -0.073863 -0.853731 -0.515449)
     C   16  Q=         1.0000 1e-30 m^2  Cq=         2.3106 MHz  eta= 0.91856

     C   17    Vxx=   -0.0436    axis=(  0.359698  0.929977 -0.075899)
     C   17    Vyy=   -0.3885    axis=(  0.094861 -0.117369 -0.988547)
     C   17    Vzz=    0.4321    axis=( -0.928234  0.348379 -0.130436)
     C   17  Q=         1.0000 1e-30 m^2  Cq=         1.0154 MHz  eta= 0.79807

     Cl  18    Vxx=   -1.5361    axis=( -0.726658  0.210968  0.653805)
     Cl  18    Vyy=   -1.8034    axis=(  0.641440  0.549146  0.535718)
     Cl  18    Vzz=    3.3395    axis=( -0.246015  0.808660 -0.534365)
     Cl  18  Q=        -8.1650 1e-30 m^2  Cq=       -64.0668 MHz  eta= 0.08004

     H   19    Vxx=    0.0723    axis=(  0.312760  0.459981  0.831023)
     H   19    Vyy=    0.4025    axis=( -0.281290  0.880524 -0.381515)
     H   19    Vzz=   -0.4748    axis=( -0.907225 -0.114435  0.404781)
     H   19  Q=         1.0000 1e-30 m^2  Cq=        -1.1156 MHz  eta= 0.69531

     C   20    Vxx=    0.1355    axis=(  0.533301 -0.367789 -0.761788)
     C   20    Vyy=    1.0051    axis=(  0.055334 -0.883442  0.465261)
     C   20    Vzz=   -1.1406    axis=(  0.844114  0.290277  0.450789)
     C   20  Q=         1.0000 1e-30 m^2  Cq=        -2.6800 MHz  eta= 0.76246

     H   21    Vxx=    0.0605    axis=( -0.004824 -0.890130 -0.455681)
     H   21    Vyy=    0.7469    axis=( -0.764273  0.297146 -0.572356)
     H   21    Vzz=   -0.8073    axis=(  0.644875  0.345504 -0.681735)
     H   21  Q=         1.0000 1e-30 m^2  Cq=        -1.8969 MHz  eta= 0.85019

     C   22    Vxx=   -0.1062    axis=( -0.049766 -0.075412  0.995910)
     C   22    Vyy=   -0.2946    axis=( -0.270780  0.960818  0.059224)
     C   22    Vzz=    0.4009    axis=( -0.961354 -0.266725 -0.068236)
     C   22  Q=         1.0000 1e-30 m^2  Cq=         0.9419 MHz  eta= 0.46997

     C   23    Vxx=    0.0148    axis=( -0.488332  0.177502  0.854415)
     C   23    Vyy=    0.9539    axis=(  0.217526 -0.923430  0.316164)
     C   23    Vzz=   -0.9687    axis=(  0.845112  0.340251  0.412329)
     C   23  Q=         1.0000 1e-30 m^2  Cq=        -2.2761 MHz  eta= 0.96937

     Cl  24    Vxx=   -0.6004    axis=(  0.722912 -0.135540  0.677516)
     Cl  24    Vyy=   -2.7267    axis=(  0.466699 -0.627286 -0.623461)
     Cl  24    Vzz=    3.3271    axis=( -0.509500 -0.766904  0.390216)
     Cl  24  Q=        -8.1650 1e-30 m^2  Cq=       -63.8289 MHz  eta= 0.63906

     Initialization:
     gipaw_setup  :      9.23s CPU     11.14s WALL (       1 calls)

     Linear response

     Apply operators

     Induced current

     Other routines
     efg          :      9.41s CPU     11.92s WALL (       1 calls)

     General routines
     calbec       :      3.27s CPU      4.43s WALL (      16 calls)
     fft          :      1.62s CPU      2.81s WALL (      15 calls)
     ffts         :      0.04s CPU      0.09s WALL (       2 calls)
     fftw         :      3.42s CPU      4.05s WALL (     672 calls)
     davcio       :      0.02s CPU      0.30s WALL (      32 calls)

     Parallel routines
     fft_scatter  :      2.30s CPU      3.98s WALL (     689 calls)

     Plugins

     GIPAW        :     61.40s CPU     73.18s WALL (       1 calls)
