
     Program QE v.6.0 (svn rev. 13079) starts on  6Jan2017 at  0:31:13 

     This program is part of the open-source Quantum ESPRESSO suite
     for quantum simulation of materials; please cite
         "P. Giannozzi et al., J. Phys.:Condens. Matter 21 395502 (2009);
          URL http://www.quantum-espresso.org", 
     in publications or presentations arising from this work. More details at
     http://www.quantum-espresso.org/quote

     Parallel version (MPI), running on     8 processors
     R & G space division:  proc/nbgrp/npool/nimage =       8

     ***** This is GIPAW svn revision unknown      *****

     Parallelizing q-star over 1 images

     Reading data from directory:
     /users/majewski/paradichlorobenzene/pbe/9_constraint/scratch/pbe.ecut100.np8.dt60.pcl2phi-129368.save
     Message from routine read_xml_file:
     file /users/majewski/paradichlorobenzene/pbe/9_constraint/scratch/pbe.ecut100.np8.dt60.pcl2phi-129368.save not guaranteed to be safe for post-processing

   Info: using nr1, nr2, nr3 values from input

   Info: using nr1, nr2, nr3 values from input

     IMPORTANT: XC functional enforced from input :
     Exchange-correlation      =  SLA  PW   PBX  PBC ( 1  4  3  4 0 0)
     Any further DFT definition will be discarded
     Please, verify this is what you really want

               file C.pbe-n-kjpaw_psl.1.0.0.UPF: wavefunction(s)  2S 2P renormalized
               file Cl.pbe-n-kjpaw_psl.1.0.0.UPF: wavefunction(s)  3S 3P renormalized
               file H.pbe-kjpaw_psl.1.0.0.UPF: wavefunction(s)  1S renormalized

     Parallelization info
     --------------------
     sticks:   dense  smooth     PW     G-vecs:    dense   smooth      PW
     Min        3057    1223    332               144436    36536    5170
     Max        3059    1225    333               144437    36537    5171
     Sum       24467    9791   2657              1155489   292295   41363


     Subspace diagonalization in iterative solution of the eigenvalue problem:
     a serial algorithm will be used

     GIPAW projectors -----------------------------------------------
     atom=  C    l=0  rc=    1.2000  rs=    0.8000
     atom=  C    l=0  rc=    1.2000  rs=    0.8000
     atom=  C    l=1  rc=    1.4000  rs=    0.9333
     atom=  C    l=1  rc=    1.4000  rs=    0.9333
     projs nearly linearly dependent: l=1  n1,n2= 1, 2  s=  0.99951561

     atom=  Cl   l=0  rc=    1.6000  rs=    1.0667
     atom=  Cl   l=0  rc=    1.6000  rs=    1.0667
     atom=  Cl   l=1  rc=    1.6000  rs=    1.0667
     atom=  Cl   l=1  rc=    1.6000  rs=    1.0667
     atom=  Cl   l=2  rc=    1.6000  rs=    1.0667
     atom=  Cl   l=2  rc=    1.6000  rs=    1.0667
     projs nearly linearly dependent: l=2  n1,n2= 1, 2  s=  0.99993509

     atom=  H    l=0  rc=    1.0000  rs=    0.6667
     atom=  H    l=0  rc=    1.0000  rs=    0.6667
     projs nearly linearly dependent: l=0  n1,n2= 1, 2  s=  0.99968852
     -----------------------------------------------------------------

     GIPAW integrals: -------------------------------------------
     Atom  i/j   nmr_para   nmr_dia   epr_rmc  epr_para   epr_dia
       C   1 1   0.83E+03  0.17E-01  0.93E+01  0.24E+08  0.24E+03
       C   2 1   0.86E+03 -0.61E-01  0.94E+01  0.25E+08  0.25E+03
       C   2 2   0.90E+03 -0.15E+00  0.97E+01  0.26E+08  0.26E+03
       C   3 3   0.33E+01  0.34E+00  0.18E+01  0.55E+03  0.21E+02
       C   4 3   0.35E+01  0.37E+00  0.20E+01  0.59E+03  0.22E+02
       C   4 4   0.38E+01  0.39E+00  0.22E+01  0.63E+03  0.24E+02
       Cl  1 1   0.14E+04 -0.47E+00  0.84E+01  0.32E+09  0.42E+03
       Cl  2 1   0.21E+04 -0.37E+00  0.12E+02  0.49E+09  0.65E+03
       Cl  2 2   0.33E+04 -0.16E+00  0.21E+02  0.76E+09  0.10E+04
       Cl  3 3   0.21E+02  0.79E-01  0.89E+01  0.23E+05  0.13E+03
       Cl  4 3   0.24E+02  0.67E-01  0.99E+01  0.27E+05  0.15E+03
       Cl  4 4   0.28E+02  0.44E-01  0.11E+02  0.32E+05  0.18E+03
       Cl  5 5   0.77E+00  0.19E+00  0.18E+01  0.12E+03  0.22E+02
       Cl  6 5   0.80E+00  0.19E+00  0.19E+01  0.12E+03  0.23E+02
       Cl  6 6   0.83E+00  0.20E+00  0.19E+01  0.12E+03  0.23E+02
       H   1 1   0.39E+02  0.19E+00  0.29E+00  0.78E+05  0.13E+02
       H   2 1   0.41E+02  0.21E+00  0.32E+00  0.82E+05  0.14E+02
       H   2 2   0.43E+02  0.22E+00  0.36E+00  0.86E+05  0.15E+02
     ------------------------------------------------------------

     alpha_pv=     34.0772 eV

     Number of occupied bands for each k-point:
     k-point:     1    nbnd_occ=  42
     k-point:     2    nbnd_occ=  42
     k-point:     3    nbnd_occ=  42
     k-point:     4    nbnd_occ=  42
     k-point:     5    nbnd_occ=  42
     k-point:     6    nbnd_occ=  42
     k-point:     7    nbnd_occ=  42
     k-point:     8    nbnd_occ=  42
     k-point:     9    nbnd_occ=  42
     k-point:    10    nbnd_occ=  42
     k-point:    11    nbnd_occ=  42
     k-point:    12    nbnd_occ=  42
     k-point:    13    nbnd_occ=  42
     k-point:    14    nbnd_occ=  42
     k-point:    15    nbnd_occ=  42
     k-point:    16    nbnd_occ=  42


     q-space interpolation up to   110.00 Rydberg

     GIPAW job: efg                                                                             


     ELECTRIC FIELD GRADIENTS TENSORS IN Hartree/bohrradius^2:

     ----- bare term -----
     Cl   1        0.001545        0.035872       -0.076765
     Cl   1        0.035872       -0.025496       -0.023196
     Cl   1       -0.076765       -0.023196        0.023950

     C    2       -0.453904        0.310891       -0.246573
     C    2        0.310891        0.079168       -0.425309
     C    2       -0.246573       -0.425309        0.374736

     C    3       -0.110587       -0.108859       -0.236619
     C    3       -0.108859       -0.099115       -0.682966
     C    3       -0.236619       -0.682966        0.209701

     H    4        0.033786       -0.064068       -0.511105
     H    4       -0.064068        0.416823        0.092266
     H    4       -0.511105        0.092266       -0.450609

     C    5       -0.337897        0.334487       -0.201969
     C    5        0.334487       -0.075764       -0.297364
     C    5       -0.201969       -0.297364        0.413662

     H    6        0.089026       -0.028382       -0.391202
     H    6       -0.028382       -0.134642       -0.426345
     H    6       -0.391202       -0.426345        0.045616

     H    7        0.032988        0.413356       -0.262922
     H    7        0.413356       -0.248757        0.431569
     H    7       -0.262922        0.431569        0.215770

     C    8        0.044403       -0.571369        0.101806
     C    8       -0.571369       -0.457068        0.356785
     C    8        0.101806        0.356785        0.412665

     H    9       -0.714687        0.063141       -0.316095
     H    9        0.063141        0.399566        0.142246
     H    9       -0.316095        0.142246        0.315121

     C   10       -0.221255       -0.268357       -0.367855
     C   10       -0.268357       -0.033068        0.380725
     C   10       -0.367855        0.380725        0.254323

     C   11       -0.022428       -0.214925       -0.191591
     C   11       -0.214925       -0.234774        0.513343
     C   11       -0.191591        0.513343        0.257202

     Cl  12        0.018241        0.033977       -0.048858
     Cl  12        0.033977       -0.006282        0.016568
     Cl  12       -0.048858        0.016568       -0.011959

     H   13        0.366310        0.069513        0.038302
     H   13        0.069513       -0.481705       -0.539810
     H   13        0.038302       -0.539810        0.115395

     C   14       -0.086500       -0.163846       -0.537701
     C   14       -0.163846       -0.130653       -0.440589
     C   14       -0.537701       -0.440589        0.217153

     H   15       -0.030860       -0.127459       -0.257405
     H   15       -0.127459        0.529315       -0.126833
     H   15       -0.257405       -0.126833       -0.498455

     C   16        0.012776        0.514881       -0.295209
     C   16        0.514881       -0.376006       -0.291629
     C   16       -0.295209       -0.291629        0.363230

     C   17        0.115160       -0.262562       -0.586369
     C   17       -0.262562       -0.206266       -0.569132
     C   17       -0.586369       -0.569132        0.091107

     Cl  18        0.007019        0.257222        0.080138
     Cl  18        0.257222       -0.131903       -0.025689
     Cl  18        0.080138       -0.025689        0.124884

     H   19        0.217622        0.077512       -0.032118
     H   19        0.077512       -0.487557        0.578562
     H   19       -0.032118        0.578562        0.269935

     C   20       -0.866482       -0.387779       -0.428276
     C   20       -0.387779        0.436976        0.051123
     C   20       -0.428276        0.051123        0.429506

     H   21       -0.382844       -0.070897       -0.433353
     H   21       -0.070897        0.065902        0.295710
     H   21       -0.433353        0.295710        0.316942

     C   22        0.044345       -0.399136       -0.008752
     C   22       -0.399136       -0.405032        0.442857
     C   22       -0.008752        0.442857        0.360687

     C   23       -0.592442       -0.265404       -0.340193
     C   23       -0.265404        0.251573        0.073135
     C   23       -0.340193        0.073135        0.340869

     Cl  24       -0.044190       -0.149243        0.088652
     Cl  24       -0.149243        0.041691       -0.132433
     Cl  24        0.088652       -0.132433        0.002499

     ----- ionic term -----
     Cl   1        0.094772       -0.235001        0.040950
     Cl   1       -0.235001        0.060892       -0.027886
     Cl   1        0.040950       -0.027886       -0.155664

     C    2        0.081458       -0.266085        0.383603
     C    2       -0.266085        0.140427        0.316567
     C    2        0.383603        0.316567       -0.221884

     C    3        0.030733       -0.246453        0.266936
     C    3       -0.246453        0.210024        0.346285
     C    3        0.266936        0.346285       -0.240756

     H    4        0.298438        0.264149        0.773889
     H    4        0.264149       -0.412174        0.301865
     H    4        0.773889        0.301865        0.113736

     C    5        0.232838       -0.172123        0.389338
     C    5       -0.172123        0.019859        0.276539
     C    5        0.389338        0.276539       -0.252697

     H    6       -0.483914        0.188358        0.143522
     H    6        0.188358        0.486617        0.740834
     H    6        0.143522        0.740834       -0.002703

     H    7       -0.491953       -0.242842        0.136338
     H    7       -0.242842        0.671324       -0.678529
     H    7        0.136338       -0.678529       -0.179371

     C    8        0.298286        0.162706        0.245275
     C    8        0.162706        0.056332       -0.322748
     C    8        0.245275       -0.322748       -0.354618

     H    9        0.709768       -0.140831        0.665864
     H    9       -0.140831       -0.504585       -0.159229
     H    9        0.665864       -0.159229       -0.205183

     C   10        0.151736        0.246831        0.156395
     C   10        0.246831        0.208075       -0.408456
     C   10        0.156395       -0.408456       -0.359812

     C   11        0.209878        0.152501        0.270447
     C   11        0.152501        0.132431       -0.394698
     C   11        0.270447       -0.394698       -0.342309

     Cl  12        0.094450        0.191696       -0.018087
     Cl  12        0.191696        0.037955       -0.015791
     Cl  12       -0.018087       -0.015791       -0.132405

     H   13       -0.524845        0.161791        0.119130
     H   13        0.161791        0.694389        0.675288
     H   13        0.119130        0.675288       -0.169544

     C   14        0.148192       -0.236436        0.372934
     C   14       -0.236436        0.076038        0.251179
     C   14        0.372934        0.251179       -0.224230

     H   15        0.427653        0.216298        0.780920
     H   15        0.216298       -0.472540        0.240349
     H   15        0.780920        0.240349        0.044887

     C   16        0.022990       -0.282222        0.239611
     C   16       -0.282222        0.176394        0.394686
     C   16        0.239611        0.394686       -0.199384

     C   17        0.154136       -0.211412        0.282617
     C   17       -0.211412        0.057029        0.453340
     C   17        0.282617        0.453340       -0.211165

     Cl  18        0.140398       -0.209291       -0.012089
     Cl  18       -0.209291        0.001975        0.019476
     Cl  18       -0.012089        0.019476       -0.142373

     H   19       -0.447864       -0.284322        0.157544
     H   19       -0.284322        0.700215       -0.636035
     H   19        0.157544       -0.636035       -0.252352

     C   20        0.357650        0.193366        0.274736
     C   20        0.193366        0.037568       -0.289991
     C   20        0.274736       -0.289991       -0.395218

     H   21        0.668951       -0.193835        0.685916
     H   21       -0.193835       -0.461465       -0.189166
     H   21        0.685916       -0.189166       -0.207485

     C   22        0.205275        0.272613        0.181533
     C   22        0.272613        0.149009       -0.371106
     C   22        0.181533       -0.371106       -0.354283

     C   23        0.285861        0.160396        0.300239
     C   23        0.160396        0.045967       -0.352575
     C   23        0.300239       -0.352575       -0.331829

     Cl  24        0.149705        0.211218        0.019479
     Cl  24        0.211218       -0.001490       -0.000308
     Cl  24        0.019479       -0.000308       -0.148215

     ----- GIPAW term -----
     Cl   1       -0.246588       -0.648584       -0.923530
     Cl   1       -0.648584        0.885548       -2.124126
     Cl   1       -0.923530       -2.124126       -0.638960

     C    2       -0.109593       -0.104133       -0.001048
     C    2       -0.104133        0.167750       -0.173559
     C    2       -0.001048       -0.173559       -0.058157

     C    3       -0.091152       -0.149303        0.022229
     C    3       -0.149303        0.072265       -0.236513
     C    3        0.022229       -0.236513        0.018886

     H    4       -0.000000        0.000000        0.000000
     H    4        0.000000        0.000000        0.000000
     H    4        0.000000        0.000000        0.000000

     C    5        0.045335       -0.064057        0.000058
     C    5       -0.064057       -0.017407       -0.046182
     C    5        0.000058       -0.046182       -0.027928

     H    6       -0.000000        0.000000        0.000000
     H    6        0.000000        0.000000        0.000000
     H    6        0.000000        0.000000        0.000000

     H    7       -0.000000        0.000000        0.000000
     H    7        0.000000        0.000000        0.000000
     H    7        0.000000        0.000000        0.000000

     C    8        0.087051       -0.224035        0.169035
     C    8       -0.224035       -0.114849       -0.039832
     C    8        0.169035       -0.039832        0.027798

     H    9       -0.000000        0.000000        0.000000
     H    9        0.000000        0.000000        0.000000
     H    9        0.000000        0.000000        0.000000

     C   10        0.048009       -0.140505       -0.081590
     C   10       -0.140505        0.010290        0.045685
     C   10       -0.081590        0.045685       -0.058299

     C   11        0.085906        0.015202        0.010445
     C   11        0.015202       -0.005840        0.030309
     C   11        0.010445        0.030309       -0.080066

     Cl  12        1.545140        2.432955       -0.402798
     Cl  12        2.432955        0.006800        0.127727
     Cl  12       -0.402798        0.127727       -1.551940

     H   13       -0.000000        0.000000        0.000000
     H   13        0.000000        0.000000        0.000000
     H   13        0.000000        0.000000        0.000000

     C   14        0.123027       -0.146236       -0.185303
     C   14       -0.146236       -0.099484       -0.040587
     C   14       -0.185303       -0.040587       -0.023543

     H   15       -0.000000        0.000000        0.000000
     H   15        0.000000        0.000000        0.000000
     H   15        0.000000        0.000000        0.000000

     C   16        0.142658        0.085090       -0.202770
     C   16        0.085090       -0.170025       -0.028349
     C   16       -0.202770       -0.028349        0.027367

     C   17        0.234723       -0.185338       -0.177821
     C   17       -0.185338       -0.107139       -0.065901
     C   17       -0.177821       -0.065901       -0.127584

     Cl  18        2.275679       -1.215395        0.705059
     Cl  18       -1.215395       -0.937209       -0.141055
     Cl  18        0.705059       -0.141055       -1.338470

     H   19       -0.000000        0.000000        0.000000
     H   19        0.000000        0.000000        0.000000
     H   19        0.000000        0.000000        0.000000

     C   20       -0.235515       -0.099300       -0.034518
     C   20       -0.099300        0.245855       -0.135365
     C   20       -0.034518       -0.135365       -0.010340

     H   21       -0.000000        0.000000        0.000000
     H   21        0.000000        0.000000        0.000000
     H   21        0.000000        0.000000        0.000000

     C   22       -0.082160       -0.124202        0.075689
     C   22       -0.124202        0.052490       -0.138357
     C   22        0.075689       -0.138357        0.029670

     C   23       -0.042157       -0.109419        0.096441
     C   23       -0.109419        0.070055       -0.162685
     C   23        0.096441       -0.162685       -0.027898

     Cl  24        0.811337        0.553125        0.911649
     Cl  24        0.553125        0.634513       -1.367866
     Cl  24        0.911649       -1.367866       -1.445850

     ----- total EFG -----
     Cl   1       -0.150271       -0.847714       -0.959345
     Cl   1       -0.847714        0.920944       -2.175208
     Cl   1       -0.959345       -2.175208       -0.770673

     C    2       -0.482040       -0.059328        0.135983
     C    2       -0.059328        0.387345       -0.282301
     C    2        0.135983       -0.282301        0.094695

     C    3       -0.171005       -0.504614        0.052546
     C    3       -0.504614        0.183174       -0.573194
     C    3        0.052546       -0.573194       -0.012169

     H    4        0.332224        0.200081        0.262784
     H    4        0.200081        0.004649        0.394131
     H    4        0.262784        0.394131       -0.336873

     C    5       -0.059724        0.098307        0.187427
     C    5        0.098307       -0.073312       -0.067008
     C    5        0.187427       -0.067008        0.133036

     H    6       -0.394888        0.159976       -0.247680
     H    6        0.159976        0.351975        0.314489
     H    6       -0.247680        0.314489        0.042913

     H    7       -0.458966        0.170514       -0.126585
     H    7        0.170514        0.422567       -0.246960
     H    7       -0.126585       -0.246960        0.036399

     C    8        0.429740       -0.632698        0.516116
     C    8       -0.632698       -0.515585       -0.005795
     C    8        0.516116       -0.005795        0.085845

     H    9       -0.004920       -0.077690        0.349769
     H    9       -0.077690       -0.105019       -0.016983
     H    9        0.349769       -0.016983        0.109938

     C   10       -0.021510       -0.162031       -0.293050
     C   10       -0.162031        0.185297        0.017953
     C   10       -0.293050        0.017953       -0.163787

     C   11        0.273356       -0.047222        0.089301
     C   11       -0.047222       -0.108183        0.148955
     C   11        0.089301        0.148955       -0.165173

     Cl  12        1.657831        2.658628       -0.469743
     Cl  12        2.658628        0.038473        0.128504
     Cl  12       -0.469743        0.128504       -1.696304

     H   13       -0.158535        0.231304        0.157432
     H   13        0.231304        0.212684        0.135478
     H   13        0.157432        0.135478       -0.054149

     C   14        0.184719       -0.546518       -0.350071
     C   14       -0.546518       -0.154099       -0.229996
     C   14       -0.350071       -0.229996       -0.030620

     H   15        0.396793        0.088839        0.523516
     H   15        0.088839        0.056775        0.113516
     H   15        0.523516        0.113516       -0.453568

     C   16        0.178424        0.317748       -0.258367
     C   16        0.317748       -0.369637        0.074708
     C   16       -0.258367        0.074708        0.191213

     C   17        0.504019       -0.659312       -0.481573
     C   17       -0.659312       -0.256376       -0.181694
     C   17       -0.481573       -0.181694       -0.247643

     Cl  18        2.423096       -1.167463        0.773107
     Cl  18       -1.167463       -1.067137       -0.147268
     Cl  18        0.773107       -0.147268       -1.355959

     H   19       -0.230242       -0.206810        0.125427
     H   19       -0.206810        0.212659       -0.057473
     H   19        0.125427       -0.057473        0.017583

     C   20       -0.744347       -0.293713       -0.188058
     C   20       -0.293713        0.720399       -0.374234
     C   20       -0.188058       -0.374234        0.023949

     H   21        0.286107       -0.264732        0.252563
     H   21       -0.264732       -0.395564        0.106544
     H   21        0.252563        0.106544        0.109457

     C   22        0.167459       -0.250726        0.248470
     C   22       -0.250726       -0.203533       -0.066606
     C   22        0.248470       -0.066606        0.036074

     C   23       -0.348738       -0.214426        0.056488
     C   23       -0.214426        0.367595       -0.442125
     C   23        0.056488       -0.442125       -0.018857

     Cl  24        0.916852        0.615100        1.019780
     Cl  24        0.615100        0.674714       -1.500607
     Cl  24        1.019780       -1.500607       -1.591566

     ----- total EFG (symmetrized) -----
     Cl   1       -0.150271       -0.847714       -0.959345
     Cl   1       -0.847714        0.920944       -2.175208
     Cl   1       -0.959345       -2.175208       -0.770673

     C    2       -0.482040       -0.059328        0.135983
     C    2       -0.059328        0.387345       -0.282301
     C    2        0.135983       -0.282301        0.094695

     C    3       -0.171005       -0.504614        0.052546
     C    3       -0.504614        0.183174       -0.573194
     C    3        0.052546       -0.573194       -0.012169

     H    4        0.332224        0.200081        0.262784
     H    4        0.200081        0.004649        0.394131
     H    4        0.262784        0.394131       -0.336873

     C    5       -0.059724        0.098307        0.187427
     C    5        0.098307       -0.073312       -0.067008
     C    5        0.187427       -0.067008        0.133036

     H    6       -0.394888        0.159976       -0.247680
     H    6        0.159976        0.351975        0.314489
     H    6       -0.247680        0.314489        0.042913

     H    7       -0.458966        0.170514       -0.126585
     H    7        0.170514        0.422567       -0.246960
     H    7       -0.126585       -0.246960        0.036399

     C    8        0.429740       -0.632698        0.516116
     C    8       -0.632698       -0.515585       -0.005795
     C    8        0.516116       -0.005795        0.085845

     H    9       -0.004920       -0.077690        0.349769
     H    9       -0.077690       -0.105019       -0.016983
     H    9        0.349769       -0.016983        0.109938

     C   10       -0.021510       -0.162031       -0.293050
     C   10       -0.162031        0.185297        0.017953
     C   10       -0.293050        0.017953       -0.163787

     C   11        0.273356       -0.047222        0.089301
     C   11       -0.047222       -0.108183        0.148955
     C   11        0.089301        0.148955       -0.165173

     Cl  12        1.657831        2.658628       -0.469743
     Cl  12        2.658628        0.038473        0.128504
     Cl  12       -0.469743        0.128504       -1.696304

     H   13       -0.158535        0.231304        0.157432
     H   13        0.231304        0.212684        0.135478
     H   13        0.157432        0.135478       -0.054149

     C   14        0.184719       -0.546518       -0.350071
     C   14       -0.546518       -0.154099       -0.229996
     C   14       -0.350071       -0.229996       -0.030620

     H   15        0.396793        0.088839        0.523516
     H   15        0.088839        0.056775        0.113516
     H   15        0.523516        0.113516       -0.453568

     C   16        0.178424        0.317748       -0.258367
     C   16        0.317748       -0.369637        0.074708
     C   16       -0.258367        0.074708        0.191213

     C   17        0.504019       -0.659312       -0.481573
     C   17       -0.659312       -0.256376       -0.181694
     C   17       -0.481573       -0.181694       -0.247643

     Cl  18        2.423096       -1.167463        0.773107
     Cl  18       -1.167463       -1.067137       -0.147268
     Cl  18        0.773107       -0.147268       -1.355959

     H   19       -0.230242       -0.206810        0.125427
     H   19       -0.206810        0.212659       -0.057473
     H   19        0.125427       -0.057473        0.017583

     C   20       -0.744347       -0.293713       -0.188058
     C   20       -0.293713        0.720399       -0.374234
     C   20       -0.188058       -0.374234        0.023949

     H   21        0.286107       -0.264732        0.252563
     H   21       -0.264732       -0.395564        0.106544
     H   21        0.252563        0.106544        0.109457

     C   22        0.167459       -0.250726        0.248470
     C   22       -0.250726       -0.203533       -0.066606
     C   22        0.248470       -0.066606        0.036074

     C   23       -0.348738       -0.214426        0.056488
     C   23       -0.214426        0.367595       -0.442125
     C   23        0.056488       -0.442125       -0.018857

     Cl  24        0.916852        0.615100        1.019780
     Cl  24        0.615100        0.674714       -1.500607
     Cl  24        1.019780       -1.500607       -1.591566


     NQR/NMR SPECTROSCOPIC PARAMETERS:
     Cl   1    Vxx=    0.4360    axis=( -0.902155  0.180517  0.391828)
     Cl   1    Vyy=    2.4202    axis=( -0.070800  0.833981 -0.547233)
     Cl   1    Vzz=   -2.8562    axis=( -0.425562 -0.521431 -0.739599)
     Cl   1  Q=        -8.1650 1e-30 m^2  Cq=        54.7954 MHz  eta= 0.69469

     C    2    Vxx=   -0.0606    axis=(  0.188186  0.541375  0.819450)
     C    2    Vyy=   -0.5125    axis=( -0.975325  0.004940  0.220719)
     C    2    Vzz=    0.5731    axis=(  0.115444 -0.840766  0.528947)
     C    2  Q=         1.0000 1e-30 m^2  Cq=         1.3465 MHz  eta= 0.78858

     C    3    Vxx=   -0.1506    axis=(  0.716895 -0.100857 -0.689848)
     C    3    Vyy=   -0.6996    axis=(  0.571886  0.651011  0.499130)
     C    3    Vzz=    0.8502    axis=( -0.398758  0.752338 -0.524385)
     C    3  Q=         1.0000 1e-30 m^2  Cq=         1.9975 MHz  eta= 0.64577

     H    4    Vxx=   -0.0066    axis=(  0.650192 -0.693524 -0.310283)
     H    4    Vyy=   -0.6102    axis=(  0.130864  0.504512 -0.853430)
     H    4    Vzz=    0.6168    axis=(  0.748415  0.514288  0.418787)
     H    4  Q=         1.0000 1e-30 m^2  Cq=         1.4491 MHz  eta= 0.97861

     C    5    Vxx=    0.0053    axis=(  0.482075  0.833479 -0.270031)
     C    5    Vyy=    0.2475    axis=( -0.515775  0.020838 -0.856471)
     C    5    Vzz=   -0.2528    axis=( -0.708223  0.552158  0.439933)
     C    5  Q=         1.0000 1e-30 m^2  Cq=        -0.5940 MHz  eta= 0.95841

     H    6    Vxx=    0.0447    axis=(  0.556921  0.434533 -0.707828)
     H    6    Vyy=    0.5479    axis=( -0.005923 -0.850125 -0.526548)
     H    6    Vzz=   -0.5926    axis=(  0.830545 -0.297438  0.470878)
     H    6  Q=         1.0000 1e-30 m^2  Cq=        -1.3924 MHz  eta= 0.84906

     H    7    Vxx=   -0.0806    axis=( -0.086777  0.462488  0.882369)
     H    7    Vyy=   -0.5042    axis=( -0.976655  0.135212 -0.166920)
     H    7    Vzz=    0.5848    axis=( -0.196505 -0.876255  0.439958)
     H    7  Q=         1.0000 1e-30 m^2  Cq=         1.3741 MHz  eta= 0.72437

     C    8    Vxx=   -0.0990    axis=( -0.298231  0.441202  0.846404)
     C    8    Vyy=   -0.8930    axis=( -0.496798 -0.828927  0.257044)
     C    8    Vzz=    0.9920    axis=(  0.815015 -0.343833  0.466400)
     C    8  Q=         1.0000 1e-30 m^2  Cq=         2.3308 MHz  eta= 0.80035

     H    9    Vxx=   -0.1013    axis=(  0.099106 -0.965274 -0.241712)
     H    9    Vyy=   -0.3134    axis=(  0.754557  0.231256 -0.614137)
     H    9    Vzz=    0.4147    axis=(  0.648708 -0.121521  0.751273)
     H    9  Q=         1.0000 1e-30 m^2  Cq=         0.9744 MHz  eta= 0.51148

     C   10    Vxx=    0.0666    axis=( -0.461409 -0.710348  0.531515)
     C   10    Vyy=    0.3408    axis=(  0.617160 -0.687385 -0.382905)
     C   10    Vzz=   -0.4074    axis=(  0.637351  0.151354  0.755563)
     C   10  Q=         1.0000 1e-30 m^2  Cq=        -0.9572 MHz  eta= 0.67296

     C   11    Vxx=    0.0135    axis=( -0.070000  0.783200  0.617816)
     C   11    Vyy=    0.2917    axis=( -0.983151  0.050673 -0.175631)
     C   11    Vzz=   -0.3053    axis=( -0.168861 -0.619701  0.766457)
     C   11  Q=         1.0000 1e-30 m^2  Cq=        -0.7173 MHz  eta= 0.91131

     Cl  12    Vxx=   -1.4247    axis=( -0.320488  0.512360  0.796728)
     Cl  12    Vyy=   -2.2197    axis=(  0.499979 -0.622890  0.601688)
     Cl  12    Vzz=    3.6444    axis=(  0.804555  0.591181 -0.056540)
     Cl  12  Q=        -8.1650 1e-30 m^2  Cq=       -69.9157 MHz  eta= 0.21813

     H   13    Vxx=   -0.0990    axis=(  0.205016 -0.514118  0.832857)
     H   13    Vyy=   -0.3054    axis=(  0.873680 -0.287446 -0.392503)
     H   13    Vzz=    0.4044    axis=(  0.441194  0.808120  0.390243)
     H   13  Q=         1.0000 1e-30 m^2  Cq=         0.9501 MHz  eta= 0.51024

     C   14    Vxx=    0.1425    axis=( -0.058887 -0.541663  0.838530)
     C   14    Vyy=    0.6275    axis=( -0.825168  0.499146  0.264483)
     C   14    Vzz=   -0.7700    axis=( -0.561810 -0.676353 -0.476357)
     C   14  Q=         1.0000 1e-30 m^2  Cq=        -1.8093 MHz  eta= 0.62980

     H   15    Vxx=    0.0351    axis=(  0.222400 -0.974884  0.011795)
     H   15    Vyy=    0.6732    axis=( -0.879388 -0.205809 -0.429325)
     H   15    Vzz=   -0.7083    axis=(  0.420970  0.085109 -0.903073)
     H   15  Q=         1.0000 1e-30 m^2  Cq=        -1.6642 MHz  eta= 0.90079

     C   16    Vxx=    0.0759    axis=(  0.469348  0.460986  0.753129)
     C   16    Vyy=    0.4831    axis=( -0.757250 -0.228571  0.611823)
     C   16    Vzz=   -0.5590    axis=(  0.454186 -0.857465  0.241802)
     C   16  Q=         1.0000 1e-30 m^2  Cq=        -1.3135 MHz  eta= 0.72835

     C   17    Vxx=   -0.0759    axis=( -0.047889 -0.616279  0.786070)
     C   17    Vyy=   -0.9033    axis=( -0.501108 -0.665949 -0.552633)
     C   17    Vzz=    0.9791    axis=( -0.864059  0.420371  0.276931)
     C   17  Q=         1.0000 1e-30 m^2  Cq=         2.3005 MHz  eta= 0.84505

     Cl  18    Vxx=   -1.3694    axis=(  0.150214  0.836715  0.526634)
     Cl  18    Vyy=   -1.5514    axis=(  0.299415  0.469161 -0.830806)
     Cl  18    Vzz=    2.9208    axis=(  0.942224 -0.282481  0.180051)
     Cl  18  Q=        -8.1650 1e-30 m^2  Cq=       -56.0348 MHz  eta= 0.06231

     H   19    Vxx=    0.0110    axis=(  0.133312  0.395620  0.908687)
     H   19    Vyy=    0.3277    axis=(  0.391595 -0.863291  0.318405)
     H   19    Vzz=   -0.3386    axis=(  0.910429  0.313390 -0.270010)
     H   19  Q=         1.0000 1e-30 m^2  Cq=        -0.7956 MHz  eta= 0.93526

     C   20    Vxx=   -0.0282    axis=( -0.356166  0.302261  0.884186)
     C   20    Vyy=   -0.8791    axis=(  0.926348  0.238341  0.291672)
     C   20    Vzz=    0.9074    axis=( -0.122577  0.922947 -0.364888)
     C   20  Q=         1.0000 1e-30 m^2  Cq=         2.1319 MHz  eta= 0.93777

     H   21    Vxx=    0.0459    axis=( -0.386275  0.428712  0.816699)
     H   21    Vyy=    0.4955    axis=(  0.844720 -0.191194  0.499892)
     H   21    Vzz=   -0.5414    axis=(  0.370458  0.882978 -0.288289)
     H   21  Q=         1.0000 1e-30 m^2  Cq=        -1.2721 MHz  eta= 0.83033

     C   22    Vxx=   -0.1090    axis=( -0.375416  0.409898  0.831292)
     C   22    Vyy=   -0.3399    axis=(  0.507037  0.841615 -0.186007)
     C   22    Vzz=    0.4488    axis=( -0.775871  0.351666 -0.523789)
     C   22  Q=         1.0000 1e-30 m^2  Cq=         1.0546 MHz  eta= 0.51440

     C   23    Vxx=   -0.2694    axis=( -0.480301  0.385223  0.787981)
     C   23    Vyy=   -0.4299    axis=(  0.854542  0.407978  0.321422)
     C   23    Vzz=    0.6993    axis=( -0.197660  0.827742 -0.525141)
     C   23  Q=         1.0000 1e-30 m^2  Cq=         1.6431 MHz  eta= 0.22942

     Cl  24    Vxx=    1.2541    axis=( -0.834348  0.304441 -0.459542)
     Cl  24    Vyy=    1.4718    axis=(  0.455813  0.849846 -0.264566)
     Cl  24    Vzz=   -2.7259    axis=( -0.309996  0.430206  0.847836)
     Cl  24  Q=        -8.1650 1e-30 m^2  Cq=        52.2943 MHz  eta= 0.07986

     Initialization:
     gipaw_setup  :      9.16s CPU     11.07s WALL (       1 calls)

     Linear response

     Apply operators

     Induced current

     Other routines
     efg          :      9.29s CPU     12.12s WALL (       1 calls)

     General routines
     calbec       :      3.34s CPU      4.55s WALL (      16 calls)
     fft          :      1.52s CPU      2.19s WALL (      15 calls)
     ffts         :      0.04s CPU      0.05s WALL (       2 calls)
     fftw         :      3.16s CPU      4.07s WALL (     672 calls)
     davcio       :      0.04s CPU      0.32s WALL (      32 calls)

     Parallel routines
     fft_scatter  :      2.13s CPU      3.44s WALL (     689 calls)

     Plugins

     GIPAW        :     61.04s CPU     73.66s WALL (       1 calls)
