
     Program QE v.6.0 (svn rev. 13079) starts on  6Jan2017 at  5:31:48 

     This program is part of the open-source Quantum ESPRESSO suite
     for quantum simulation of materials; please cite
         "P. Giannozzi et al., J. Phys.:Condens. Matter 21 395502 (2009);
          URL http://www.quantum-espresso.org", 
     in publications or presentations arising from this work. More details at
     http://www.quantum-espresso.org/quote

     Parallel version (MPI), running on     8 processors
     R & G space division:  proc/nbgrp/npool/nimage =       8

     ***** This is GIPAW svn revision unknown      *****

     Parallelizing q-star over 1 images

     Reading data from directory:
     /users/majewski/paradichlorobenzene/pbe/9_constraint/scratch/pbe.ecut100.np8.dt60.pcl2phi-129368.save
     Message from routine read_xml_file:
     file /users/majewski/paradichlorobenzene/pbe/9_constraint/scratch/pbe.ecut100.np8.dt60.pcl2phi-129368.save not guaranteed to be safe for post-processing

   Info: using nr1, nr2, nr3 values from input

   Info: using nr1, nr2, nr3 values from input

     IMPORTANT: XC functional enforced from input :
     Exchange-correlation      =  SLA  PW   PBX  PBC ( 1  4  3  4 0 0)
     Any further DFT definition will be discarded
     Please, verify this is what you really want

               file C.pbe-n-kjpaw_psl.1.0.0.UPF: wavefunction(s)  2S 2P renormalized
               file Cl.pbe-n-kjpaw_psl.1.0.0.UPF: wavefunction(s)  3S 3P renormalized
               file H.pbe-kjpaw_psl.1.0.0.UPF: wavefunction(s)  1S renormalized

     Parallelization info
     --------------------
     sticks:   dense  smooth     PW     G-vecs:    dense   smooth      PW
     Min        3057    1223    332               144436    36536    5170
     Max        3059    1225    333               144437    36537    5171
     Sum       24467    9791   2657              1155489   292295   41363


     Subspace diagonalization in iterative solution of the eigenvalue problem:
     a serial algorithm will be used

     GIPAW projectors -----------------------------------------------
     atom=  C    l=0  rc=    1.2000  rs=    0.8000
     atom=  C    l=0  rc=    1.2000  rs=    0.8000
     atom=  C    l=1  rc=    1.4000  rs=    0.9333
     atom=  C    l=1  rc=    1.4000  rs=    0.9333
     projs nearly linearly dependent: l=1  n1,n2= 1, 2  s=  0.99951561

     atom=  Cl   l=0  rc=    1.6000  rs=    1.0667
     atom=  Cl   l=0  rc=    1.6000  rs=    1.0667
     atom=  Cl   l=1  rc=    1.6000  rs=    1.0667
     atom=  Cl   l=1  rc=    1.6000  rs=    1.0667
     atom=  Cl   l=2  rc=    1.6000  rs=    1.0667
     atom=  Cl   l=2  rc=    1.6000  rs=    1.0667
     projs nearly linearly dependent: l=2  n1,n2= 1, 2  s=  0.99993509

     atom=  H    l=0  rc=    1.0000  rs=    0.6667
     atom=  H    l=0  rc=    1.0000  rs=    0.6667
     projs nearly linearly dependent: l=0  n1,n2= 1, 2  s=  0.99968852
     -----------------------------------------------------------------

     GIPAW integrals: -------------------------------------------
     Atom  i/j   nmr_para   nmr_dia   epr_rmc  epr_para   epr_dia
       C   1 1   0.83E+03  0.17E-01  0.93E+01  0.24E+08  0.24E+03
       C   2 1   0.86E+03 -0.61E-01  0.94E+01  0.25E+08  0.25E+03
       C   2 2   0.90E+03 -0.15E+00  0.97E+01  0.26E+08  0.26E+03
       C   3 3   0.33E+01  0.34E+00  0.18E+01  0.55E+03  0.21E+02
       C   4 3   0.35E+01  0.37E+00  0.20E+01  0.59E+03  0.22E+02
       C   4 4   0.38E+01  0.39E+00  0.22E+01  0.63E+03  0.24E+02
       Cl  1 1   0.14E+04 -0.47E+00  0.84E+01  0.32E+09  0.42E+03
       Cl  2 1   0.21E+04 -0.37E+00  0.12E+02  0.49E+09  0.65E+03
       Cl  2 2   0.33E+04 -0.16E+00  0.21E+02  0.76E+09  0.10E+04
       Cl  3 3   0.21E+02  0.79E-01  0.89E+01  0.23E+05  0.13E+03
       Cl  4 3   0.24E+02  0.67E-01  0.99E+01  0.27E+05  0.15E+03
       Cl  4 4   0.28E+02  0.44E-01  0.11E+02  0.32E+05  0.18E+03
       Cl  5 5   0.77E+00  0.19E+00  0.18E+01  0.12E+03  0.22E+02
       Cl  6 5   0.80E+00  0.19E+00  0.19E+01  0.12E+03  0.23E+02
       Cl  6 6   0.83E+00  0.20E+00  0.19E+01  0.12E+03  0.23E+02
       H   1 1   0.39E+02  0.19E+00  0.29E+00  0.78E+05  0.13E+02
       H   2 1   0.41E+02  0.21E+00  0.32E+00  0.82E+05  0.14E+02
       H   2 2   0.43E+02  0.22E+00  0.36E+00  0.86E+05  0.15E+02
     ------------------------------------------------------------

     alpha_pv=     33.8954 eV

     Number of occupied bands for each k-point:
     k-point:     1    nbnd_occ=  42
     k-point:     2    nbnd_occ=  42
     k-point:     3    nbnd_occ=  42
     k-point:     4    nbnd_occ=  42
     k-point:     5    nbnd_occ=  42
     k-point:     6    nbnd_occ=  42
     k-point:     7    nbnd_occ=  42
     k-point:     8    nbnd_occ=  42
     k-point:     9    nbnd_occ=  42
     k-point:    10    nbnd_occ=  42
     k-point:    11    nbnd_occ=  42
     k-point:    12    nbnd_occ=  42
     k-point:    13    nbnd_occ=  42
     k-point:    14    nbnd_occ=  42
     k-point:    15    nbnd_occ=  42
     k-point:    16    nbnd_occ=  42


     q-space interpolation up to   110.00 Rydberg

     GIPAW job: efg                                                                             


     ELECTRIC FIELD GRADIENTS TENSORS IN Hartree/bohrradius^2:

     ----- bare term -----
     Cl   1       -0.032827        0.049308       -0.081756
     Cl   1        0.049308        0.097636       -0.104001
     Cl   1       -0.081756       -0.104001       -0.064809

     C    2       -0.306459        0.231662       -0.266589
     C    2        0.231662       -0.087195       -0.480649
     C    2       -0.266589       -0.480649        0.393654

     C    3       -0.159354       -0.097442       -0.221214
     C    3       -0.097442       -0.146616       -0.620751
     C    3       -0.221214       -0.620751        0.305970

     H    4       -0.062255       -0.080098       -0.587294
     H    4       -0.080098        0.442234       -0.015550
     H    4       -0.587294       -0.015550       -0.379979

     C    5       -0.183420        0.388067        0.059683
     C    5        0.388067       -0.260504       -0.433307
     C    5        0.059683       -0.433307        0.443924

     H    6        0.338927       -0.060021       -0.315186
     H    6       -0.060021       -0.110254       -0.436964
     H    6       -0.315186       -0.436964       -0.228673

     H    7        0.247008        0.460942        0.065376
     H    7        0.460942       -0.624975        0.088058
     H    7        0.065376        0.088058        0.377967

     C    8       -0.076026       -0.456303       -0.141147
     C    8       -0.456303       -0.192323        0.441681
     C    8       -0.141147        0.441681        0.268348

     H    9       -0.578079        0.469773        0.033803
     H    9        0.469773        0.269838       -0.016557
     H    9        0.033803       -0.016557        0.308241

     C   10       -0.260081       -0.305490       -0.374986
     C   10       -0.305490       -0.002768        0.376986
     C   10       -0.374986        0.376986        0.262849

     C   11       -0.042606        0.025498       -0.317833
     C   11        0.025498       -0.173979        0.534642
     C   11       -0.317833        0.534642        0.216585

     Cl  12       -0.066938       -0.059185       -0.054189
     Cl  12       -0.059185       -0.029099       -0.012144
     Cl  12       -0.054189       -0.012144        0.096037

     H   13        0.281260       -0.224748       -0.096097
     H   13       -0.224748       -0.481850       -0.463773
     H   13       -0.096097       -0.463773        0.200591

     C   14       -0.327156        0.216943       -0.337657
     C   14        0.216943       -0.092827       -0.432063
     C   14       -0.337657       -0.432063        0.419983

     H   15       -0.227450       -0.074551       -0.550815
     H   15       -0.074551        0.172056        0.009368
     H   15       -0.550815        0.009368        0.055393

     C   16       -0.070377        0.450258       -0.140426
     C   16        0.450258       -0.348392       -0.498177
     C   16       -0.140426       -0.498177        0.418768

     C   17       -0.091255       -0.035991       -0.443547
     C   17       -0.035991       -0.039254       -0.443141
     C   17       -0.443547       -0.443141        0.130508

     Cl  18       -0.018586        0.083553        0.004126
     Cl  18        0.083553       -0.027356       -0.005630
     Cl  18        0.004126       -0.005630        0.045941

     H   19        0.384968        0.074657       -0.049273
     H   19        0.074657       -0.562175        0.446971
     H   19       -0.049273        0.446971        0.177207

     C   20       -0.605681       -0.256045       -0.406302
     C   20       -0.256045        0.042895        0.229462
     C   20       -0.406302        0.229462        0.562787

     H   21       -0.532999        0.168364       -0.353688
     H   21        0.168364        0.336216        0.226310
     H   21       -0.353688        0.226310        0.196783

     C   22       -0.068973       -0.309414       -0.115667
     C   22       -0.309414       -0.457185        0.468284
     C   22       -0.115667        0.468284        0.526158

     C   23       -0.281855       -0.003900       -0.367649
     C   23       -0.003900       -0.003114        0.388199
     C   23       -0.367649        0.388199        0.284969

     Cl  24       -0.032424       -0.142906        0.077410
     Cl  24       -0.142906        0.039172       -0.113118
     Cl  24        0.077410       -0.113118       -0.006748

     ----- ionic term -----
     Cl   1        0.084239       -0.202529        0.007948
     Cl   1       -0.202529        0.055366       -0.004711
     Cl   1        0.007948       -0.004711       -0.139605

     C    2        0.112658       -0.198136        0.279513
     C    2       -0.198136        0.153014        0.352795
     C    2        0.279513        0.352795       -0.265672

     C    3        0.093480       -0.244017        0.230131
     C    3       -0.244017        0.179121        0.381133
     C    3        0.230131        0.381133       -0.272601

     H    4        0.403278        0.291329        0.766733
     H    4        0.291329       -0.425844        0.292422
     H    4        0.766733        0.292422        0.022566

     C    5        0.246520       -0.261256        0.295069
     C    5       -0.261256        0.037349        0.282472
     C    5        0.295069        0.282472       -0.283869

     H    6       -0.521482        0.052149        0.044716
     H    6        0.052149        0.563582        0.748060
     H    6        0.044716        0.748060       -0.042099

     H    7       -0.487701       -0.217821        0.075080
     H    7       -0.217821        0.852122       -0.517419
     H    7        0.075080       -0.517419       -0.364421

     C    8        0.266808        0.088253        0.227933
     C    8        0.088253        0.167409       -0.269072
     C    8        0.227933       -0.269072       -0.434217

     H    9        0.806381       -0.400500        0.434449
     H    9       -0.400500       -0.368503       -0.185054
     H    9        0.434449       -0.185054       -0.437879

     C   10        0.175947        0.125013        0.170384
     C   10        0.125013        0.247757       -0.365034
     C   10        0.170384       -0.365034       -0.423704

     C   11        0.202692        0.068188        0.301189
     C   11        0.068188        0.194220       -0.398941
     C   11        0.301189       -0.398941       -0.396912

     Cl  12        0.112889        0.197426        0.012686
     Cl  12        0.197426        0.038405        0.002801
     Cl  12        0.012686        0.002801       -0.151294

     H   13       -0.499438        0.174330        0.121731
     H   13        0.174330        0.645704        0.691261
     H   13        0.121731        0.691261       -0.146266

     C   14        0.217589       -0.245355        0.275636
     C   14       -0.245355        0.114392        0.270810
     C   14        0.275636        0.270810       -0.331981

     H   15        0.568799        0.075248        0.753758
     H   15        0.075248       -0.499718        0.137455
     H   15        0.753758        0.137455       -0.069081

     C   16        0.121439       -0.315954        0.227905
     C   16       -0.315954        0.195018        0.338067
     C   16        0.227905        0.338067       -0.316457

     C   17        0.198380       -0.175795        0.316465
     C   17       -0.175795        0.057028        0.354025
     C   17        0.316465        0.354025       -0.255407

     Cl  18        0.146438       -0.190470        0.010042
     Cl  18       -0.190470       -0.006761        0.005350
     Cl  18        0.010042        0.005350       -0.139677

     H   19       -0.520283       -0.075144        0.049542
     H   19       -0.075144        0.672184       -0.692901
     H   19        0.049542       -0.692901       -0.151901

     C   20        0.298037        0.162232        0.248622
     C   20        0.162232        0.096867       -0.314000
     C   20        0.248622       -0.314000       -0.394904

     H   21        0.636864       -0.304975        0.670997
     H   21       -0.304975       -0.423062       -0.236578
     H   21        0.670997       -0.236578       -0.213802

     C   22        0.140966        0.200298        0.198174
     C   22        0.200298        0.244599       -0.406786
     C   22        0.198174       -0.406786       -0.385565

     C   23        0.152595        0.075931        0.236019
     C   23        0.075931        0.234635       -0.431372
     C   23        0.236019       -0.431372       -0.387230

     Cl  24        0.119278        0.198018        0.005737
     Cl  24        0.198018        0.027747       -0.006283
     Cl  24        0.005737       -0.006283       -0.147025

     ----- GIPAW term -----
     Cl   1        0.070094       -1.041450       -0.599205
     Cl   1       -1.041450        1.920897       -1.591204
     Cl   1       -0.599205       -1.591204       -1.990991

     C    2       -0.034223       -0.113603       -0.010817
     C    2       -0.113603        0.046484       -0.155912
     C    2       -0.010817       -0.155912       -0.012262

     C    3       -0.062541       -0.140723        0.058061
     C    3       -0.140723       -0.021266       -0.204405
     C    3        0.058061       -0.204405        0.083807

     H    4       -0.000000        0.000000        0.000000
     H    4        0.000000        0.000000        0.000000
     H    4        0.000000        0.000000        0.000000

     C    5        0.069428       -0.036014        0.172893
     C    5       -0.036014       -0.120408       -0.139304
     C    5        0.172893       -0.139304        0.050980

     H    6       -0.000000        0.000000        0.000000
     H    6        0.000000        0.000000        0.000000
     H    6        0.000000        0.000000        0.000000

     H    7       -0.000000        0.000000        0.000000
     H    7        0.000000        0.000000        0.000000
     H    7        0.000000        0.000000        0.000000

     C    8        0.032578       -0.232107       -0.003529
     C    8       -0.232107        0.049680        0.093337
     C    8       -0.003529        0.093337       -0.082258

     H    9       -0.000000        0.000000        0.000000
     H    9        0.000000        0.000000        0.000000
     H    9        0.000000        0.000000        0.000000

     C   10        0.016159       -0.160287       -0.101809
     C   10       -0.160287        0.041837        0.056689
     C   10       -0.101809        0.056689       -0.057996

     C   11        0.032585        0.133096       -0.049746
     C   11        0.133096        0.042678        0.019935
     C   11       -0.049746        0.019935       -0.075262

     Cl  12        1.092654        2.115371       -0.419998
     Cl  12        2.115371       -0.084484       -0.104239
     Cl  12       -0.419998       -0.104239       -1.008170

     H   13       -0.000000        0.000000        0.000000
     H   13        0.000000        0.000000        0.000000
     H   13        0.000000        0.000000        0.000000

     C   14       -0.038964        0.037428       -0.053040
     C   14        0.037428       -0.023387       -0.102979
     C   14       -0.053040       -0.102979        0.062350

     H   15       -0.000000        0.000000        0.000000
     H   15        0.000000        0.000000        0.000000
     H   15        0.000000        0.000000        0.000000

     C   16        0.035211        0.097033       -0.009983
     C   16        0.097033       -0.074717       -0.068225
     C   16       -0.009983       -0.068225        0.039506

     C   17        0.185147       -0.052140       -0.020651
     C   17       -0.052140       -0.043067       -0.035581
     C   17       -0.020651       -0.035581       -0.142080

     Cl  18        1.487312       -1.954218        0.012638
     Cl  18       -1.954218       -0.067878       -0.034891
     Cl  18        0.012638       -0.034891       -1.419435

     H   19       -0.000000        0.000000        0.000000
     H   19        0.000000        0.000000        0.000000
     H   19        0.000000        0.000000        0.000000

     C   20       -0.142609       -0.038407       -0.064863
     C   20       -0.038407       -0.020117       -0.015942
     C   20       -0.064863       -0.015942        0.162727

     H   21       -0.000000        0.000000        0.000000
     H   21        0.000000        0.000000        0.000000
     H   21        0.000000        0.000000        0.000000

     C   22       -0.076698       -0.048109        0.004465
     C   22       -0.048109       -0.100209       -0.027951
     C   22        0.004465       -0.027951        0.176906

     C   23        0.051561        0.081522        0.012758
     C   23        0.081522       -0.016114        0.004085
     C   23        0.012758        0.004085       -0.035446

     Cl  24        1.032502        0.836516        0.718155
     Cl  24        0.836516        0.538588       -1.041752
     Cl  24        0.718155       -1.041752       -1.571090

     ----- total EFG -----
     Cl   1        0.121507       -1.194671       -0.673013
     Cl   1       -1.194671        2.073899       -1.699916
     Cl   1       -0.673013       -1.699916       -2.195406

     C    2       -0.228023       -0.080077        0.002107
     C    2       -0.080077        0.112303       -0.283767
     C    2        0.002107       -0.283767        0.115720

     C    3       -0.128415       -0.482182        0.066978
     C    3       -0.482182        0.011239       -0.444023
     C    3        0.066978       -0.444023        0.117176

     H    4        0.341023        0.211231        0.179439
     H    4        0.211231        0.016390        0.276871
     H    4        0.179439        0.276871       -0.357413

     C    5        0.132528        0.090797        0.527645
     C    5        0.090797       -0.343563       -0.290138
     C    5        0.527645       -0.290138        0.211035

     H    6       -0.182556       -0.007873       -0.270469
     H    6       -0.007873        0.453328        0.311096
     H    6       -0.270469        0.311096       -0.270773

     H    7       -0.240693        0.243121        0.140456
     H    7        0.243121        0.227147       -0.429361
     H    7        0.140456       -0.429361        0.013546

     C    8        0.223361       -0.600157        0.083257
     C    8       -0.600157        0.024766        0.265946
     C    8        0.083257        0.265946       -0.248127

     H    9        0.228302        0.069273        0.468251
     H    9        0.069273       -0.098665       -0.201610
     H    9        0.468251       -0.201610       -0.129638

     C   10       -0.067975       -0.340764       -0.306411
     C   10       -0.340764        0.286826        0.068641
     C   10       -0.306411        0.068641       -0.218851

     C   11        0.192670        0.226781       -0.066390
     C   11        0.226781        0.062918        0.155635
     C   11       -0.066390        0.155635       -0.255589

     Cl  12        1.138605        2.253613       -0.461501
     Cl  12        2.253613       -0.075178       -0.113582
     Cl  12       -0.461501       -0.113582       -1.063427

     H   13       -0.218179       -0.050418        0.025634
     H   13       -0.050418        0.163853        0.227488
     H   13        0.025634        0.227488        0.054325

     C   14       -0.148531        0.009016       -0.115061
     C   14        0.009016       -0.001822       -0.264232
     C   14       -0.115061       -0.264232        0.150353

     H   15        0.341349        0.000697        0.202943
     H   15        0.000697       -0.327662        0.146823
     H   15        0.202943        0.146823       -0.013687

     C   16        0.086274        0.231337        0.077497
     C   16        0.231337       -0.228091       -0.228334
     C   16        0.077497       -0.228334        0.141818

     C   17        0.292272       -0.263926       -0.147733
     C   17       -0.263926       -0.025293       -0.124696
     C   17       -0.147733       -0.124696       -0.266979

     Cl  18        1.615164       -2.061135        0.026806
     Cl  18       -2.061135       -0.101994       -0.035171
     Cl  18        0.026806       -0.035171       -1.513170

     H   19       -0.135316       -0.000487        0.000269
     H   19       -0.000487        0.110009       -0.245930
     H   19        0.000269       -0.245930        0.025306

     C   20       -0.450254       -0.132220       -0.222542
     C   20       -0.132220        0.119645       -0.100480
     C   20       -0.222542       -0.100480        0.330609

     H   21        0.103865       -0.136611        0.317309
     H   21       -0.136611       -0.086846       -0.010268
     H   21        0.317309       -0.010268       -0.017019

     C   22       -0.004705       -0.157225        0.086973
     C   22       -0.157225       -0.312795        0.033547
     C   22        0.086973        0.033547        0.317500

     C   23       -0.077700        0.153553       -0.118872
     C   23        0.153553        0.215407       -0.039088
     C   23       -0.118872       -0.039088       -0.137707

     Cl  24        1.119356        0.891627        0.801302
     Cl  24        0.891627        0.605508       -1.161154
     Cl  24        0.801302       -1.161154       -1.724864

     ----- total EFG (symmetrized) -----
     Cl   1        0.121507       -1.194671       -0.673013
     Cl   1       -1.194671        2.073899       -1.699916
     Cl   1       -0.673013       -1.699916       -2.195406

     C    2       -0.228023       -0.080077        0.002107
     C    2       -0.080077        0.112303       -0.283767
     C    2        0.002107       -0.283767        0.115720

     C    3       -0.128415       -0.482182        0.066978
     C    3       -0.482182        0.011239       -0.444023
     C    3        0.066978       -0.444023        0.117176

     H    4        0.341023        0.211231        0.179439
     H    4        0.211231        0.016390        0.276871
     H    4        0.179439        0.276871       -0.357413

     C    5        0.132528        0.090797        0.527645
     C    5        0.090797       -0.343563       -0.290138
     C    5        0.527645       -0.290138        0.211035

     H    6       -0.182556       -0.007873       -0.270469
     H    6       -0.007873        0.453328        0.311096
     H    6       -0.270469        0.311096       -0.270773

     H    7       -0.240693        0.243121        0.140456
     H    7        0.243121        0.227147       -0.429361
     H    7        0.140456       -0.429361        0.013546

     C    8        0.223361       -0.600157        0.083257
     C    8       -0.600157        0.024766        0.265946
     C    8        0.083257        0.265946       -0.248127

     H    9        0.228302        0.069273        0.468251
     H    9        0.069273       -0.098665       -0.201610
     H    9        0.468251       -0.201610       -0.129638

     C   10       -0.067975       -0.340764       -0.306411
     C   10       -0.340764        0.286826        0.068641
     C   10       -0.306411        0.068641       -0.218851

     C   11        0.192670        0.226781       -0.066390
     C   11        0.226781        0.062918        0.155635
     C   11       -0.066390        0.155635       -0.255589

     Cl  12        1.138605        2.253613       -0.461501
     Cl  12        2.253613       -0.075178       -0.113582
     Cl  12       -0.461501       -0.113582       -1.063427

     H   13       -0.218179       -0.050418        0.025634
     H   13       -0.050418        0.163853        0.227488
     H   13        0.025634        0.227488        0.054325

     C   14       -0.148531        0.009016       -0.115061
     C   14        0.009016       -0.001822       -0.264232
     C   14       -0.115061       -0.264232        0.150353

     H   15        0.341349        0.000697        0.202943
     H   15        0.000697       -0.327662        0.146823
     H   15        0.202943        0.146823       -0.013687

     C   16        0.086274        0.231337        0.077497
     C   16        0.231337       -0.228091       -0.228334
     C   16        0.077497       -0.228334        0.141818

     C   17        0.292272       -0.263926       -0.147733
     C   17       -0.263926       -0.025293       -0.124696
     C   17       -0.147733       -0.124696       -0.266979

     Cl  18        1.615164       -2.061135        0.026806
     Cl  18       -2.061135       -0.101994       -0.035171
     Cl  18        0.026806       -0.035171       -1.513170

     H   19       -0.135316       -0.000487        0.000269
     H   19       -0.000487        0.110009       -0.245930
     H   19        0.000269       -0.245930        0.025306

     C   20       -0.450254       -0.132220       -0.222542
     C   20       -0.132220        0.119645       -0.100480
     C   20       -0.222542       -0.100480        0.330609

     H   21        0.103865       -0.136611        0.317309
     H   21       -0.136611       -0.086846       -0.010268
     H   21        0.317309       -0.010268       -0.017019

     C   22       -0.004705       -0.157225        0.086973
     C   22       -0.157225       -0.312795        0.033547
     C   22        0.086973        0.033547        0.317500

     C   23       -0.077700        0.153553       -0.118872
     C   23        0.153553        0.215407       -0.039088
     C   23       -0.118872       -0.039088       -0.137707

     Cl  24        1.119356        0.891627        0.801302
     Cl  24        0.891627        0.605508       -1.161154
     Cl  24        0.801302       -1.161154       -1.724864


     NQR/NMR SPECTROSCOPIC PARAMETERS:
     Cl   1    Vxx=    0.1550    axis=(  0.893667  0.200949 -0.401222)
     Cl   1    Vyy=    2.9753    axis=(  0.320715 -0.911393  0.257885)
     Cl   1    Vzz=   -3.1303    axis=(  0.313849  0.359141  0.878929)
     Cl   1  Q=        -8.1650 1e-30 m^2  Cq=        60.0538 MHz  eta= 0.90095

     C    2    Vxx=   -0.1380    axis=( -0.497326  0.576202  0.648582)
     C    2    Vyy=   -0.2652    axis=( -0.862651 -0.407878 -0.299112)
     C    2    Vzz=    0.4031    axis=(  0.092193 -0.708257  0.699909)
     C    2  Q=         1.0000 1e-30 m^2  Cq=         0.9472 MHz  eta= 0.31542

     C    3    Vxx=   -0.0595    axis=(  0.648785 -0.194870 -0.735598)
     C    3    Vyy=   -0.6386    axis=( -0.616247 -0.701665 -0.357638)
     C    3    Vzz=    0.6981    axis=( -0.446450  0.685340 -0.575318)
     C    3  Q=         1.0000 1e-30 m^2  Cq=         1.6402 MHz  eta= 0.82946

     H    4    Vxx=   -0.0301    axis=(  0.580209 -0.750388 -0.316662)
     H    4    Vyy=   -0.5093    axis=(  0.079714  0.439249 -0.894822)
     H    4    Vzz=    0.5394    axis=(  0.810557  0.493941  0.314673)
     H    4  Q=         1.0000 1e-30 m^2  Cq=         1.2674 MHz  eta= 0.88841

     C    5    Vxx=   -0.1006    axis=( -0.609412 -0.691311  0.388209)
     C    5    Vyy=   -0.6230    axis=(  0.460028 -0.707095 -0.537021)
     C    5    Vzz=    0.7236    axis=(  0.645749 -0.148680  0.748935)
     C    5  Q=         1.0000 1e-30 m^2  Cq=         1.7001 MHz  eta= 0.72196

     H    6    Vxx=   -0.0254    axis=(  0.813015  0.326617 -0.482004)
     H    6    Vyy=   -0.5579    axis=( -0.564398  0.238711 -0.790235)
     H    6    Vzz=    0.5833    axis=( -0.143045  0.914515  0.378417)
     H    6  Q=         1.0000 1e-30 m^2  Cq=         1.3705 MHz  eta= 0.91302

     H    7    Vxx=   -0.0285    axis=(  0.741680  0.301246  0.599301)
     H    7    Vyy=   -0.5492    axis=(  0.656009 -0.512086 -0.554454)
     H    7    Vzz=    0.5776    axis=( -0.139867 -0.804375  0.577424)
     H    7  Q=         1.0000 1e-30 m^2  Cq=         1.3572 MHz  eta= 0.90148

     C    8    Vxx=   -0.0937    axis=(  0.436351  0.345760  0.830691)
     C    8    Vyy=   -0.6512    axis=(  0.509119  0.666339 -0.544785)
     C    8    Vzz=    0.7449    axis=( -0.741886  0.660638  0.114725)
     C    8  Q=         1.0000 1e-30 m^2  Cq=         1.7503 MHz  eta= 0.74843

     H    9    Vxx=   -0.0093    axis=(  0.313655  0.903277 -0.292764)
     H    9    Vyy=   -0.5467    axis=( -0.496717  0.418856  0.760153)
     H    9    Vzz=    0.5560    axis=(  0.809255 -0.093005  0.580049)
     H    9  Q=         1.0000 1e-30 m^2  Cq=         1.3063 MHz  eta= 0.96667

     C   10    Vxx=   -0.0626    axis=(  0.468392  0.586625 -0.660666)
     C   10    Vyy=   -0.4971    axis=(  0.681724  0.235696  0.692603)
     C   10    Vzz=    0.5597    axis=(  0.562015 -0.774802 -0.289518)
     C   10  Q=         1.0000 1e-30 m^2  Cq=         1.3150 MHz  eta= 0.77642

     C   11    Vxx=   -0.0031    axis=( -0.554023  0.635683  0.537555)
     C   11    Vyy=   -0.3635    axis=(  0.287743 -0.459696  0.840169)
     C   11    Vzz=    0.3666    axis=( -0.781193 -0.620151 -0.071769)
     C   11  Q=         1.0000 1e-30 m^2  Cq=         0.8614 MHz  eta= 0.98298

     Cl  12    Vxx=   -1.0626    axis=( -0.066190  0.261824  0.962843)
     Cl  12    Vyy=   -1.8508    axis=(  0.607346 -0.755042  0.247068)
     Cl  12    Vzz=    2.9134    axis=( -0.791676 -0.601132  0.109042)
     Cl  12  Q=        -8.1650 1e-30 m^2  Cq=       -55.8916 MHz  eta= 0.27055

     H   13    Vxx=   -0.1024    axis=(  0.401534 -0.549807  0.732450)
     H   13    Vyy=   -0.2417    axis=(  0.914852  0.278000 -0.292850)
     H   13    Vzz=    0.3441    axis=( -0.042610  0.787673  0.614618)
     H   13  Q=         1.0000 1e-30 m^2  Cq=         0.8085 MHz  eta= 0.40490

     C   14    Vxx=   -0.1207    axis=(  0.780158 -0.580049 -0.234298)
     C   14    Vyy=   -0.2472    axis=(  0.596790  0.577767  0.556801)
     C   14    Vzz=    0.3678    axis=( -0.187602 -0.574220  0.796917)
     C   14  Q=         1.0000 1e-30 m^2  Cq=         0.8643 MHz  eta= 0.34384

     H   15    Vxx=   -0.0446    axis=( -0.423748  0.416255  0.804469)
     H   15    Vyy=   -0.3940    axis=(  0.112141  0.905426 -0.409424)
     H   15    Vzz=    0.4386    axis=( -0.898812 -0.083278 -0.430351)
     H   15  Q=         1.0000 1e-30 m^2  Cq=         1.0305 MHz  eta= 0.79654

     C   16    Vxx=    0.1852    axis=(  0.839310  0.187974  0.510122)
     C   16    Vyy=    0.2620    axis=(  0.352238  0.526712 -0.773630)
     C   16    Vzz=   -0.4472    axis=(  0.414109 -0.829000 -0.375863)
     C   16  Q=         1.0000 1e-30 m^2  Cq=        -1.0507 MHz  eta= 0.17175

     C   17    Vxx=   -0.0372    axis=(  0.317329  0.732947 -0.601740)
     C   17    Vyy=   -0.4111    axis=(  0.353102  0.497587  0.792292)
     C   17    Vzz=    0.4483    axis=( -0.880126  0.463893  0.100906)
     C   17  Q=         1.0000 1e-30 m^2  Cq=         1.0534 MHz  eta= 0.83411

     Cl  18    Vxx=   -1.4713    axis=(  0.527609  0.785883 -0.322515)
     Cl  18    Vyy=   -1.5185    axis=(  0.171614  0.273222  0.946519)
     Cl  18    Vzz=    2.9898    axis=(  0.831972 -0.554740  0.009286)
     Cl  18  Q=        -8.1650 1e-30 m^2  Cq=       -57.3575 MHz  eta= 0.01577

     H   19    Vxx=   -0.1353    axis=( -0.999997  0.000568  0.002545)
     H   19    Vyy=   -0.1819    axis=(  0.002312  0.644317  0.764755)
     H   19    Vzz=    0.3172    axis=(  0.001206 -0.764758  0.644316)
     H   19  Q=         1.0000 1e-30 m^2  Cq=         0.7453 MHz  eta= 0.14683

     C   20    Vxx=    0.1399    axis=(  0.277357 -0.944844 -0.174193)
     C   20    Vyy=    0.4050    axis=(  0.210250  0.236601 -0.948586)
     C   20    Vzz=   -0.5449    axis=(  0.937480  0.226473  0.264276)
     C   20  Q=         1.0000 1e-30 m^2  Cq=        -1.2804 MHz  eta= 0.48642

     H   21    Vxx=   -0.0828    axis=( -0.058578  0.903938  0.423632)
     H   21    Vyy=   -0.3102    axis=(  0.639415  0.359860 -0.679448)
     H   21    Vzz=    0.3930    axis=(  0.766627 -0.231076  0.599072)
     H   21  Q=         1.0000 1e-30 m^2  Cq=         0.9234 MHz  eta= 0.57860

     C   22    Vxx=    0.0454    axis=( -0.882583  0.409142  0.231624)
     C   22    Vyy=    0.3395    axis=(  0.249359 -0.010301  0.968356)
     C   22    Vzz=   -0.3849    axis=(  0.398581  0.912413 -0.092932)
     C   22  Q=         1.0000 1e-30 m^2  Cq=        -0.9043 MHz  eta= 0.76432

     C   23    Vxx=   -0.0565    axis=(  0.601005 -0.435723 -0.670029)
     C   23    Vyy=   -0.2411    axis=(  0.677682 -0.166627  0.716228)
     C   23    Vzz=    0.2976    axis=( -0.423722 -0.884523  0.195138)
     C   23  Q=         1.0000 1e-30 m^2  Cq=         0.6992 MHz  eta= 0.62028

     Cl  24    Vxx=    0.7397    axis=( -0.543772  0.677115 -0.495810)
     Cl  24    Vyy=    1.7917    axis=( -0.787871 -0.615385  0.023669)
     Cl  24    Vzz=   -2.5314    axis=( -0.289087  0.403505  0.868108)
     Cl  24  Q=        -8.1650 1e-30 m^2  Cq=        48.5640 MHz  eta= 0.41558

     Initialization:
     gipaw_setup  :      8.98s CPU     10.70s WALL (       1 calls)

     Linear response

     Apply operators

     Induced current

     Other routines
     efg          :      9.44s CPU     11.74s WALL (       1 calls)

     General routines
     calbec       :      3.36s CPU      4.37s WALL (      16 calls)
     fft          :      1.28s CPU      1.54s WALL (      15 calls)
     ffts         :      0.04s CPU      0.05s WALL (       2 calls)
     fftw         :      3.33s CPU      4.04s WALL (     672 calls)
     davcio       :      0.02s CPU      0.31s WALL (      32 calls)

     Parallel routines
     fft_scatter  :      1.90s CPU      2.74s WALL (     689 calls)

     Plugins

     GIPAW        :     60.74s CPU     70.41s WALL (       1 calls)
