
     Program QE v.6.0 (svn rev. 13079) starts on 14Jan2017 at 16:32:56 

     This program is part of the open-source Quantum ESPRESSO suite
     for quantum simulation of materials; please cite
         "P. Giannozzi et al., J. Phys.:Condens. Matter 21 395502 (2009);
          URL http://www.quantum-espresso.org", 
     in publications or presentations arising from this work. More details at
     http://www.quantum-espresso.org/quote

     Parallel version (MPI), running on     8 processors
     R & G space division:  proc/nbgrp/npool/nimage =       8

     ***** This is GIPAW svn revision unknown      *****

     Parallelizing q-star over 1 images

     Reading data from directory:
     /users/majewski/paradichlorobenzene/pbe/9_constraint/scratch/pbe.ecut100.np8.dt60.pcl2phi-129368.save
     Message from routine read_xml_file:
     file /users/majewski/paradichlorobenzene/pbe/9_constraint/scratch/pbe.ecut100.np8.dt60.pcl2phi-129368.save not guaranteed to be safe for post-processing

   Info: using nr1, nr2, nr3 values from input

   Info: using nr1, nr2, nr3 values from input

     IMPORTANT: XC functional enforced from input :
     Exchange-correlation      =  SLA  PW   PBX  PBC ( 1  4  3  4 0 0)
     Any further DFT definition will be discarded
     Please, verify this is what you really want

               file C.pbe-n-kjpaw_psl.1.0.0.UPF: wavefunction(s)  2S 2P renormalized
               file Cl.pbe-n-kjpaw_psl.1.0.0.UPF: wavefunction(s)  3S 3P renormalized
               file H.pbe-kjpaw_psl.1.0.0.UPF: wavefunction(s)  1S renormalized

     Parallelization info
     --------------------
     sticks:   dense  smooth     PW     G-vecs:    dense   smooth      PW
     Min        3057    1223    332               144436    36536    5170
     Max        3059    1225    333               144437    36537    5171
     Sum       24467    9791   2657              1155489   292295   41363


     Subspace diagonalization in iterative solution of the eigenvalue problem:
     a serial algorithm will be used

     GIPAW projectors -----------------------------------------------
     atom=  C    l=0  rc=    1.2000  rs=    0.8000
     atom=  C    l=0  rc=    1.2000  rs=    0.8000
     atom=  C    l=1  rc=    1.4000  rs=    0.9333
     atom=  C    l=1  rc=    1.4000  rs=    0.9333
     projs nearly linearly dependent: l=1  n1,n2= 1, 2  s=  0.99951561

     atom=  Cl   l=0  rc=    1.6000  rs=    1.0667
     atom=  Cl   l=0  rc=    1.6000  rs=    1.0667
     atom=  Cl   l=1  rc=    1.6000  rs=    1.0667
     atom=  Cl   l=1  rc=    1.6000  rs=    1.0667
     atom=  Cl   l=2  rc=    1.6000  rs=    1.0667
     atom=  Cl   l=2  rc=    1.6000  rs=    1.0667
     projs nearly linearly dependent: l=2  n1,n2= 1, 2  s=  0.99993509

     atom=  H    l=0  rc=    1.0000  rs=    0.6667
     atom=  H    l=0  rc=    1.0000  rs=    0.6667
     projs nearly linearly dependent: l=0  n1,n2= 1, 2  s=  0.99968852
     -----------------------------------------------------------------

     GIPAW integrals: -------------------------------------------
     Atom  i/j   nmr_para   nmr_dia   epr_rmc  epr_para   epr_dia
       C   1 1   0.83E+03  0.17E-01  0.93E+01  0.24E+08  0.24E+03
       C   2 1   0.86E+03 -0.61E-01  0.94E+01  0.25E+08  0.25E+03
       C   2 2   0.90E+03 -0.15E+00  0.97E+01  0.26E+08  0.26E+03
       C   3 3   0.33E+01  0.34E+00  0.18E+01  0.55E+03  0.21E+02
       C   4 3   0.35E+01  0.37E+00  0.20E+01  0.59E+03  0.22E+02
       C   4 4   0.38E+01  0.39E+00  0.22E+01  0.63E+03  0.24E+02
       Cl  1 1   0.14E+04 -0.47E+00  0.84E+01  0.32E+09  0.42E+03
       Cl  2 1   0.21E+04 -0.37E+00  0.12E+02  0.49E+09  0.65E+03
       Cl  2 2   0.33E+04 -0.16E+00  0.21E+02  0.76E+09  0.10E+04
       Cl  3 3   0.21E+02  0.79E-01  0.89E+01  0.23E+05  0.13E+03
       Cl  4 3   0.24E+02  0.67E-01  0.99E+01  0.27E+05  0.15E+03
       Cl  4 4   0.28E+02  0.44E-01  0.11E+02  0.32E+05  0.18E+03
       Cl  5 5   0.77E+00  0.19E+00  0.18E+01  0.12E+03  0.22E+02
       Cl  6 5   0.80E+00  0.19E+00  0.19E+01  0.12E+03  0.23E+02
       Cl  6 6   0.83E+00  0.20E+00  0.19E+01  0.12E+03  0.23E+02
       H   1 1   0.39E+02  0.19E+00  0.29E+00  0.78E+05  0.13E+02
       H   2 1   0.41E+02  0.21E+00  0.32E+00  0.82E+05  0.14E+02
       H   2 2   0.43E+02  0.22E+00  0.36E+00  0.86E+05  0.15E+02
     ------------------------------------------------------------

     alpha_pv=     33.9698 eV

     Number of occupied bands for each k-point:
     k-point:     1    nbnd_occ=  42
     k-point:     2    nbnd_occ=  42
     k-point:     3    nbnd_occ=  42
     k-point:     4    nbnd_occ=  42
     k-point:     5    nbnd_occ=  42
     k-point:     6    nbnd_occ=  42
     k-point:     7    nbnd_occ=  42
     k-point:     8    nbnd_occ=  42
     k-point:     9    nbnd_occ=  42
     k-point:    10    nbnd_occ=  42
     k-point:    11    nbnd_occ=  42
     k-point:    12    nbnd_occ=  42
     k-point:    13    nbnd_occ=  42
     k-point:    14    nbnd_occ=  42
     k-point:    15    nbnd_occ=  42
     k-point:    16    nbnd_occ=  42


     q-space interpolation up to   110.00 Rydberg

     GIPAW job: efg                                                                             


     ELECTRIC FIELD GRADIENTS TENSORS IN Hartree/bohrradius^2:

     ----- bare term -----
     Cl   1       -0.011728        0.072502       -0.002384
     Cl   1        0.072502       -0.018517       -0.002083
     Cl   1       -0.002384       -0.002083        0.030245

     C    2       -0.138559        0.047513       -0.467106
     C    2        0.047513       -0.151616       -0.515871
     C    2       -0.467106       -0.515871        0.290175

     C    3       -0.188332        0.368233       -0.299336
     C    3        0.368233       -0.235397       -0.498298
     C    3       -0.299336       -0.498298        0.423729

     H    4       -0.185639       -0.161281       -0.503314
     H    4       -0.161281        0.399477       -0.124519
     H    4       -0.503314       -0.124519       -0.213838

     C    5       -0.295634        0.297605       -0.273347
     C    5        0.297605       -0.151139       -0.409940
     C    5       -0.273347       -0.409940        0.446774

     H    6        0.361020       -0.124508       -0.066613
     H    6       -0.124508       -0.514353       -0.488200
     H    6       -0.066613       -0.488200        0.153333

     H    7        0.313878        0.062862        0.348489
     H    7        0.062862        0.058270        0.283230
     H    7        0.348489        0.283230       -0.372148

     C    8       -0.571241       -0.367063       -0.403283
     C    8       -0.367063        0.260438        0.360295
     C    8       -0.403283        0.360295        0.310803

     H    9       -0.132584        0.086583       -0.532851
     H    9        0.086583        0.304610       -0.066568
     H    9       -0.532851       -0.066568       -0.172026

     C   10       -0.099221       -0.338344       -0.236492
     C   10       -0.338344       -0.163801        0.603637
     C   10       -0.236492        0.603637        0.263023

     C   11       -0.382186       -0.164309       -0.383396
     C   11       -0.164309        0.051102        0.357085
     C   11       -0.383396        0.357085        0.331084

     Cl  12       -0.030004       -0.013960        0.017742
     Cl  12       -0.013960        0.074302       -0.089643
     Cl  12        0.017742       -0.089643       -0.044298

     H   13        0.181494       -0.334454       -0.025059
     H   13       -0.334454       -0.486258       -0.356779
     H   13       -0.025059       -0.356779        0.304764

     C   14       -0.284600        0.358009       -0.348709
     C   14        0.358009       -0.174442       -0.390182
     C   14       -0.348709       -0.390182        0.459042

     H   15       -0.514923       -0.077249       -0.452822
     H   15       -0.077249        0.311981       -0.156777
     H   15       -0.452822       -0.156777        0.202942

     C   16       -0.114438        0.165389       -0.290155
     C   16        0.165389       -0.252197       -0.541284
     C   16       -0.290155       -0.541284        0.366635

     C   17       -0.337834        0.224525       -0.405895
     C   17        0.224525        0.032925       -0.465725
     C   17       -0.405895       -0.465725        0.304910

     Cl  18       -0.078553        0.095455       -0.104439
     Cl  18        0.095455       -0.024028       -0.102847
     Cl  18       -0.104439       -0.102847        0.102581

     H   19        0.474867        0.026258        0.182409
     H   19        0.026258        0.097401        0.259200
     H   19        0.182409        0.259200       -0.572268

     C   20       -0.313159       -0.213177       -0.375321
     C   20       -0.213177       -0.149720        0.431480
     C   20       -0.375321        0.431480        0.462879

     H   21       -0.033961        0.135462       -0.418596
     H   21        0.135462        0.469948        0.086125
     H   21       -0.418596        0.086125       -0.435988

     C   22       -0.210913       -0.349118       -0.302801
     C   22       -0.349118       -0.212105        0.509342
     C   22       -0.302801        0.509342        0.423018

     C   23       -0.108725       -0.001098       -0.336985
     C   23       -0.001098       -0.121486        0.582607
     C   23       -0.336985        0.582607        0.230210

     Cl  24       -0.031978       -0.007931       -0.061694
     Cl  24       -0.007931        0.023457        0.079179
     Cl  24       -0.061694        0.079179        0.008521

     ----- ionic term -----
     Cl   1        0.144036       -0.210855       -0.011366
     Cl   1       -0.210855        0.001332        0.015253
     Cl   1       -0.011366        0.015253       -0.145368

     C    2        0.201341       -0.183294        0.230409
     C    2       -0.183294        0.108604        0.421795
     C    2        0.230409        0.421795       -0.309945

     C    3        0.077413       -0.286616        0.235638
     C    3       -0.286616        0.232964        0.361337
     C    3        0.235638        0.361337       -0.310377

     H    4        0.569245        0.304850        0.700560
     H    4        0.304850       -0.424970        0.256113
     H    4        0.700560        0.256113       -0.144275

     C    5        0.193710       -0.284331        0.333433
     C    5       -0.284331        0.135456        0.226933
     C    5        0.333433        0.226933       -0.329166

     H    6       -0.533427        0.071530        0.069009
     H    6        0.071530        0.711975        0.669272
     H    6        0.069009        0.669272       -0.178548

     H    7       -0.512066        0.124727       -0.083957
     H    7        0.124727        0.329891       -0.797932
     H    7       -0.083957       -0.797932        0.182175

     C    8        0.274073        0.276678        0.312713
     C    8        0.276678       -0.086566       -0.304991
     C    8        0.312713       -0.304991       -0.187507

     H    9        0.604011       -0.306322        0.679690
     H    9       -0.306322       -0.451707       -0.248090
     H    9        0.679690       -0.248090       -0.152304

     C   10        0.166369        0.285802        0.194188
     C   10        0.285802        0.041976       -0.369225
     C   10        0.194188       -0.369225       -0.208345

     C   11        0.169937        0.267929        0.288332
     C   11        0.267929       -0.026358       -0.395354
     C   11        0.288332       -0.395354       -0.143579

     Cl  12        0.124064        0.223348        0.006700
     Cl  12        0.223348        0.013702       -0.003910
     Cl  12        0.006700       -0.003910       -0.137766

     H   13       -0.486055        0.182082        0.089502
     H   13        0.182082        0.643526        0.672409
     H   13        0.089502        0.672409       -0.157471

     C   14        0.240092       -0.145561        0.295298
     C   14       -0.145561        0.116070        0.273085
     C   14        0.295298        0.273085       -0.356162

     H   15        0.602463        0.262792        0.693305
     H   15        0.262792       -0.413901        0.217635
     H   15        0.693305        0.217635       -0.188563

     C   16        0.107497       -0.216631        0.239022
     C   16       -0.216631        0.281464        0.307772
     C   16        0.239022        0.307772       -0.388961

     C   17        0.147177       -0.223300        0.359849
     C   17       -0.223300        0.199602        0.267414
     C   17        0.359849        0.267414       -0.346779

     Cl  18        0.114228       -0.218426        0.053329
     Cl  18       -0.218426        0.049123       -0.030343
     Cl  18        0.053329       -0.030343       -0.163351

     H   19       -0.527178        0.027157       -0.007866
     H   19        0.027157        0.212794       -0.798994
     H   19       -0.007866       -0.798994        0.314384

     C   20        0.236973        0.264967        0.301639
     C   20        0.264967       -0.100966       -0.308641
     C   20        0.301639       -0.308641       -0.136007

     H   21        0.451614       -0.274775        0.777422
     H   21       -0.274775       -0.466969       -0.284482
     H   21        0.777422       -0.284482        0.015355

     C   22        0.058430        0.280702        0.194218
     C   22        0.280702        0.079215       -0.462226
     C   22        0.194218       -0.462226       -0.137644

     C   23        0.098341        0.211573        0.331205
     C   23        0.211573        0.008188       -0.446072
     C   23        0.331205       -0.446072       -0.106529

     Cl  24        0.089878        0.196983        0.025544
     Cl  24        0.196983        0.036852        0.012129
     Cl  24        0.025544        0.012129       -0.126729

     ----- GIPAW term -----
     Cl   1        1.489557       -1.963953       -0.031242
     Cl   1       -1.963953        0.001428       -0.014733
     Cl   1       -0.031242       -0.014733       -1.490985

     C    2        0.051465       -0.089883       -0.134923
     C    2       -0.089883       -0.031891       -0.120413
     C    2       -0.134923       -0.120413       -0.019574

     C    3       -0.067154        0.089050       -0.137824
     C    3        0.089050       -0.059380       -0.138840
     C    3       -0.137824       -0.138840        0.126533

     H    4       -0.000000        0.000000        0.000000
     H    4        0.000000        0.000000        0.000000
     H    4        0.000000        0.000000        0.000000

     C    5       -0.017063        0.060685       -0.025285
     C    5        0.060685       -0.058463       -0.084465
     C    5       -0.025285       -0.084465        0.075526

     H    6       -0.000000        0.000000        0.000000
     H    6        0.000000        0.000000        0.000000
     H    6        0.000000        0.000000        0.000000

     H    7       -0.000000        0.000000        0.000000
     H    7        0.000000        0.000000        0.000000
     H    7        0.000000        0.000000        0.000000

     C    8       -0.137994       -0.145278       -0.102872
     C    8       -0.145278        0.142638        0.151690
     C    8       -0.102872        0.151690       -0.004643

     H    9       -0.000000        0.000000        0.000000
     H    9        0.000000        0.000000        0.000000
     H    9        0.000000        0.000000        0.000000

     C   10       -0.094023       -0.112229       -0.107347
     C   10       -0.112229        0.043260        0.226016
     C   10       -0.107347        0.226016        0.050762

     C   11       -0.028345        0.089722       -0.066581
     C   11        0.089722        0.084586        0.013778
     C   11       -0.066581        0.013778       -0.056241

     Cl  12        0.972750        1.902356        0.128861
     Cl  12        1.902356        0.775630       -0.739171
     Cl  12        0.128861       -0.739171       -1.748380

     H   13       -0.000000        0.000000        0.000000
     H   13        0.000000        0.000000        0.000000
     H   13        0.000000        0.000000        0.000000

     C   14        0.001688        0.112865       -0.121854
     C   14        0.112865       -0.075009       -0.119862
     C   14       -0.121854       -0.119862        0.073321

     H   15       -0.000000        0.000000        0.000000
     H   15        0.000000        0.000000        0.000000
     H   15        0.000000        0.000000        0.000000

     C   16       -0.030566       -0.018297       -0.083460
     C   16       -0.018297       -0.017322       -0.073038
     C   16       -0.083460       -0.073038        0.047888

     C   17       -0.057153       -0.033409       -0.090276
     C   17       -0.033409        0.112292       -0.158225
     C   17       -0.090276       -0.158225       -0.055139

     Cl  18       -0.081753       -0.610378       -1.372898
     Cl  18       -0.610378       -0.041824       -2.009227
     Cl  18       -1.372898       -2.009227        0.123576

     H   19       -0.000000        0.000000        0.000000
     H   19        0.000000        0.000000        0.000000
     H   19        0.000000        0.000000        0.000000

     C   20       -0.065471       -0.042504       -0.125590
     C   20       -0.042504       -0.113629        0.121293
     C   20       -0.125590        0.121293        0.179099

     H   21       -0.000000        0.000000        0.000000
     H   21        0.000000        0.000000        0.000000
     H   21        0.000000        0.000000        0.000000

     C   22       -0.093885       -0.083765       -0.134231
     C   22       -0.083765       -0.049424        0.159671
     C   22       -0.134231        0.159671        0.143308

     C   23        0.049471        0.127656       -0.063434
     C   23        0.127656        0.026741        0.104085
     C   23       -0.063434        0.104085       -0.076212

     Cl  24        1.064662        2.086295       -0.426715
     Cl  24        2.086295        0.345833        0.682785
     Cl  24       -0.426715        0.682785       -1.410495

     ----- total EFG -----
     Cl   1        1.621864       -2.102307       -0.044992
     Cl   1       -2.102307       -0.015756       -0.001563
     Cl   1       -0.044992       -0.001563       -1.606108

     C    2        0.114246       -0.225664       -0.371620
     C    2       -0.225664       -0.074903       -0.214489
     C    2       -0.371620       -0.214489       -0.039343

     C    3       -0.178073        0.170667       -0.201522
     C    3        0.170667       -0.061813       -0.275800
     C    3       -0.201522       -0.275800        0.239886

     H    4        0.383606        0.143569        0.197245
     H    4        0.143569       -0.025493        0.131594
     H    4        0.197245        0.131594       -0.358113

     C    5       -0.118988        0.073960        0.034801
     C    5        0.073960       -0.074146       -0.267472
     C    5        0.034801       -0.267472        0.193133

     H    6       -0.172407       -0.052977        0.002396
     H    6       -0.052977        0.197622        0.181072
     H    6        0.002396        0.181072       -0.025214

     H    7       -0.198188        0.187589        0.264532
     H    7        0.187589        0.388161       -0.514702
     H    7        0.264532       -0.514702       -0.189973

     C    8       -0.435162       -0.235664       -0.193442
     C    8       -0.235664        0.316510        0.206994
     C    8       -0.193442        0.206994        0.118653

     H    9        0.471427       -0.219738        0.146839
     H    9       -0.219738       -0.147097       -0.314659
     H    9        0.146839       -0.314659       -0.324329

     C   10       -0.026875       -0.164771       -0.149651
     C   10       -0.164771       -0.078565        0.460428
     C   10       -0.149651        0.460428        0.105440

     C   11       -0.240595        0.193342       -0.161645
     C   11        0.193342        0.109330       -0.024491
     C   11       -0.161645       -0.024491        0.131264

     Cl  12        1.066809        2.111744        0.153304
     Cl  12        2.111744        0.863634       -0.832724
     Cl  12        0.153304       -0.832724       -1.930443

     H   13       -0.304560       -0.152372        0.064444
     H   13       -0.152372        0.157268        0.315630
     H   13        0.064444        0.315630        0.147293

     C   14       -0.042820        0.325314       -0.175266
     C   14        0.325314       -0.133380       -0.236958
     C   14       -0.175266       -0.236958        0.176200

     H   15        0.087541        0.185543        0.240483
     H   15        0.185543       -0.101920        0.060858
     H   15        0.240483        0.060858        0.014379

     C   16       -0.037508       -0.069539       -0.134593
     C   16       -0.069539        0.011946       -0.306550
     C   16       -0.134593       -0.306550        0.025562

     C   17       -0.247810       -0.032183       -0.136322
     C   17       -0.032183        0.344819       -0.356536
     C   17       -0.136322       -0.356536       -0.097009

     Cl  18       -0.046078       -0.733349       -1.424008
     Cl  18       -0.733349       -0.016728       -2.142417
     Cl  18       -1.424008       -2.142417        0.062807

     H   19       -0.052311        0.053415        0.174543
     H   19        0.053415        0.310195       -0.539794
     H   19        0.174543       -0.539794       -0.257884

     C   20       -0.141657        0.009286       -0.199271
     C   20        0.009286       -0.364314        0.244132
     C   20       -0.199271        0.244132        0.505971

     H   21        0.417653       -0.139313        0.358826
     H   21       -0.139313        0.002979       -0.198357
     H   21        0.358826       -0.198357       -0.420633

     C   22       -0.246368       -0.152182       -0.242814
     C   22       -0.152182       -0.182314        0.206787
     C   22       -0.242814        0.206787        0.428682

     C   23        0.039088        0.338131       -0.069214
     C   23        0.338131       -0.086557        0.240620
     C   23       -0.069214        0.240620        0.047469

     Cl  24        1.122561        2.275347       -0.462865
     Cl  24        2.275347        0.406142        0.774093
     Cl  24       -0.462865        0.774093       -1.528703

     ----- total EFG (symmetrized) -----
     Cl   1        1.621864       -2.102307       -0.044992
     Cl   1       -2.102307       -0.015756       -0.001563
     Cl   1       -0.044992       -0.001563       -1.606108

     C    2        0.114246       -0.225664       -0.371620
     C    2       -0.225664       -0.074903       -0.214489
     C    2       -0.371620       -0.214489       -0.039343

     C    3       -0.178073        0.170667       -0.201522
     C    3        0.170667       -0.061813       -0.275800
     C    3       -0.201522       -0.275800        0.239886

     H    4        0.383606        0.143569        0.197245
     H    4        0.143569       -0.025493        0.131594
     H    4        0.197245        0.131594       -0.358113

     C    5       -0.118988        0.073960        0.034801
     C    5        0.073960       -0.074146       -0.267472
     C    5        0.034801       -0.267472        0.193133

     H    6       -0.172407       -0.052977        0.002396
     H    6       -0.052977        0.197622        0.181072
     H    6        0.002396        0.181072       -0.025214

     H    7       -0.198188        0.187589        0.264532
     H    7        0.187589        0.388161       -0.514702
     H    7        0.264532       -0.514702       -0.189973

     C    8       -0.435162       -0.235664       -0.193442
     C    8       -0.235664        0.316510        0.206994
     C    8       -0.193442        0.206994        0.118653

     H    9        0.471427       -0.219738        0.146839
     H    9       -0.219738       -0.147097       -0.314659
     H    9        0.146839       -0.314659       -0.324329

     C   10       -0.026875       -0.164771       -0.149651
     C   10       -0.164771       -0.078565        0.460428
     C   10       -0.149651        0.460428        0.105440

     C   11       -0.240595        0.193342       -0.161645
     C   11        0.193342        0.109330       -0.024491
     C   11       -0.161645       -0.024491        0.131264

     Cl  12        1.066809        2.111744        0.153304
     Cl  12        2.111744        0.863634       -0.832724
     Cl  12        0.153304       -0.832724       -1.930443

     H   13       -0.304560       -0.152372        0.064444
     H   13       -0.152372        0.157268        0.315630
     H   13        0.064444        0.315630        0.147293

     C   14       -0.042820        0.325314       -0.175266
     C   14        0.325314       -0.133380       -0.236958
     C   14       -0.175266       -0.236958        0.176200

     H   15        0.087541        0.185543        0.240483
     H   15        0.185543       -0.101920        0.060858
     H   15        0.240483        0.060858        0.014379

     C   16       -0.037508       -0.069539       -0.134593
     C   16       -0.069539        0.011946       -0.306550
     C   16       -0.134593       -0.306550        0.025562

     C   17       -0.247810       -0.032183       -0.136322
     C   17       -0.032183        0.344819       -0.356536
     C   17       -0.136322       -0.356536       -0.097009

     Cl  18       -0.046078       -0.733349       -1.424008
     Cl  18       -0.733349       -0.016728       -2.142417
     Cl  18       -1.424008       -2.142417        0.062807

     H   19       -0.052311        0.053415        0.174543
     H   19        0.053415        0.310195       -0.539794
     H   19        0.174543       -0.539794       -0.257884

     C   20       -0.141657        0.009286       -0.199271
     C   20        0.009286       -0.364314        0.244132
     C   20       -0.199271        0.244132        0.505971

     H   21        0.417653       -0.139313        0.358826
     H   21       -0.139313        0.002979       -0.198357
     H   21        0.358826       -0.198357       -0.420633

     C   22       -0.246368       -0.152182       -0.242814
     C   22       -0.152182       -0.182314        0.206787
     C   22       -0.242814        0.206787        0.428682

     C   23        0.039088        0.338131       -0.069214
     C   23        0.338131       -0.086557        0.240620
     C   23       -0.069214        0.240620        0.047469

     Cl  24        1.122561        2.275347       -0.462865
     Cl  24        2.275347        0.406142        0.774093
     Cl  24       -0.462865        0.774093       -1.528703


     NQR/NMR SPECTROSCOPIC PARAMETERS:
     Cl   1    Vxx=   -1.4486    axis=( -0.555387 -0.814714  0.166696)
     Cl   1    Vyy=   -1.6109    axis=( -0.100404 -0.133293 -0.985978)
     Cl   1    Vzz=    3.0595    axis=(  0.825509 -0.564336 -0.007772)
     Cl   1  Q=        -8.1650 1e-30 m^2  Cq=       -58.6944 MHz  eta= 0.05306

     C    2    Vxx=    0.1243    axis=(  0.259763 -0.828504  0.496088)
     C    2    Vyy=    0.4211    axis=(  0.797332 -0.105800 -0.594195)
     C    2    Vzz=   -0.5454    axis=( -0.544779 -0.549897 -0.633110)
     C    2  Q=         1.0000 1e-30 m^2  Cq=        -1.2815 MHz  eta= 0.54427

     C    3    Vxx=   -0.2030    axis=(  0.443829  0.656007  0.610468)
     C    3    Vyy=   -0.3003    axis=( -0.821446  0.570078 -0.015387)
     C    3    Vzz=    0.5033    axis=( -0.358108 -0.494638  0.791891)
     C    3  Q=         1.0000 1e-30 m^2  Cq=         1.1825 MHz  eta= 0.19331

     H    4    Vxx=   -0.0600    axis=(  0.367899 -0.915843 -0.160882)
     H    4    Vyy=   -0.4306    axis=(  0.187793  0.242631 -0.951769)
     H    4    Vzz=    0.4906    axis=(  0.910706  0.319942  0.261252)
     H    4  Q=         1.0000 1e-30 m^2  Cq=         1.1528 MHz  eta= 0.75522

     C    5    Vxx=   -0.0783    axis=(  0.892942  0.372576  0.252670)
     C    5    Vyy=   -0.2804    axis=( -0.449732  0.763121  0.464098)
     C    5    Vzz=    0.3587    axis=( -0.019906 -0.528046  0.848982)
     C    5  Q=         1.0000 1e-30 m^2  Cq=         0.8428 MHz  eta= 0.56350

     H    6    Vxx=   -0.1141    axis=(  0.403555 -0.407356  0.819271)
     H    6    Vyy=   -0.1890    axis=(  0.910038  0.271415 -0.313313)
     H    6    Vzz=    0.3031    axis=( -0.094732  0.872007  0.480240)
     H    6  Q=         1.0000 1e-30 m^2  Cq=         0.7122 MHz  eta= 0.24733

     H    7    Vxx=    0.0092    axis=(  0.839627  0.243685  0.485432)
     H    7    Vyy=    0.6904    axis=(  0.035305  0.867338 -0.496466)
     H    7    Vzz=   -0.6996    axis=( -0.542015  0.433984  0.719637)
     H    7  Q=         1.0000 1e-30 m^2  Cq=        -1.6438 MHz  eta= 0.97371

     C    8    Vxx=   -0.0095    axis=( -0.060477 -0.565780  0.822335)
     C    8    Vyy=   -0.5315    axis=( -0.953062 -0.212132 -0.216041)
     C    8    Vzz=    0.5410    axis=(  0.296675 -0.796802 -0.526394)
     C    8  Q=         1.0000 1e-30 m^2  Cq=         1.2711 MHz  eta= 0.96475

     H    9    Vxx=   -0.0438    axis=(  0.455415  0.701389 -0.548316)
     H    9    Vyy=   -0.5629    axis=(  0.016805  0.609010  0.792985)
     H    9    Vzz=    0.6067    axis=(  0.890121 -0.370352  0.265565)
     H    9  Q=         1.0000 1e-30 m^2  Cq=         1.4254 MHz  eta= 0.85564

     C   10    Vxx=   -0.1062    axis=( -0.933176 -0.154079 -0.324718)
     C   10    Vyy=   -0.4589    axis=( -0.085156 -0.782948  0.616231)
     C   10    Vzz=    0.5650    axis=( -0.349185  0.602704  0.717507)
     C   10  Q=         1.0000 1e-30 m^2  Cq=         1.3276 MHz  eta= 0.62425

     C   11    Vxx=    0.0972    axis=(  0.048231  0.688919  0.723232)
     C   11    Vyy=    0.2685    axis=( -0.442212 -0.634518  0.633905)
     C   11    Vzz=   -0.3657    axis=( -0.895613  0.350396 -0.274044)
     C   11  Q=         1.0000 1e-30 m^2  Cq=        -0.8592 MHz  eta= 0.46866

     Cl  12    Vxx=   -0.7447    axis=( -0.641565  0.586261 -0.494665)
     Cl  12    Vyy=   -2.3782    axis=( -0.290483  0.411161  0.864041)
     Cl  12    Vzz=    3.1229    axis=(  0.709940  0.698030 -0.093488)
     Cl  12  Q=        -8.1650 1e-30 m^2  Cq=       -59.9120 MHz  eta= 0.52308

     H   13    Vxx=   -0.0678    axis=( -0.529323  0.548911 -0.646926)
     H   13    Vyy=   -0.4056    axis=( -0.844134 -0.417286  0.336617)
     H   13    Vzz=    0.4734    axis=( -0.085180  0.724271  0.684233)
     H   13  Q=         1.0000 1e-30 m^2  Cq=         1.1122 MHz  eta= 0.71359

     C   14    Vxx=   -0.0748    axis=(  0.593361  0.335860  0.731520)
     C   14    Vyy=   -0.4250    axis=( -0.606620  0.783936  0.132125)
     C   14    Vzz=    0.4998    axis=( -0.529089 -0.522152  0.668896)
     C   14  Q=         1.0000 1e-30 m^2  Cq=         1.1743 MHz  eta= 0.70085

     H   15    Vxx=   -0.1122    axis=(  0.188972  0.695320 -0.693412)
     H   15    Vyy=   -0.2532    axis=( -0.649298  0.618217  0.442967)
     H   15    Vzz=    0.3654    axis=(  0.736683  0.366523  0.568295)
     H   15  Q=         1.0000 1e-30 m^2  Cq=         0.8585 MHz  eta= 0.38591

     C   16    Vxx=    0.0218    axis=(  0.897931 -0.396574 -0.190915)
     C   16    Vyy=    0.3321    axis=(  0.140086  0.668713 -0.730205)
     C   16    Vzz=   -0.3539    axis=(  0.417248  0.628929  0.656012)
     C   16  Q=         1.0000 1e-30 m^2  Cq=        -0.8316 MHz  eta= 0.87670

     C   17    Vxx=   -0.1361    axis=(  0.763069 -0.351201 -0.542571)
     C   17    Vyy=   -0.4092    axis=(  0.644422  0.349194  0.680282)
     C   17    Vzz=    0.5452    axis=(  0.049453  0.868747 -0.492781)
     C   17  Q=         1.0000 1e-30 m^2  Cq=         1.2811 MHz  eta= 0.50088

     Cl  18    Vxx=    0.6305    axis=( -0.841278  0.524887  0.129400)
     Cl  18    Vyy=    2.3040    axis=( -0.264071 -0.607859  0.748848)
     Cl  18    Vzz=   -2.9345    axis=( -0.471718 -0.595819 -0.649986)
     Cl  18  Q=        -8.1650 1e-30 m^2  Cq=        56.2973 MHz  eta= 0.57029

     H   19    Vxx=   -0.0016    axis=(  0.954627  0.207046  0.214054)
     H   19    Vyy=   -0.6375    axis=(  0.290244 -0.485924 -0.824400)
     H   19    Vzz=    0.6391    axis=( -0.066675  0.849123 -0.523970)
     H   19  Q=         1.0000 1e-30 m^2  Cq=         1.5016 MHz  eta= 0.99503

     C   20    Vxx=   -0.1763    axis=(  0.944598  0.276426  0.176984)
     C   20    Vyy=   -0.4415    axis=( -0.219267  0.932670 -0.286442)
     C   20    Vzz=    0.6178    axis=( -0.244248  0.231765  0.941609)
     C   20  Q=         1.0000 1e-30 m^2  Cq=         1.4515 MHz  eta= 0.42930

     H   21    Vxx=   -0.0294    axis=(  0.379799  0.917651 -0.116916)
     H   21    Vyy=   -0.5874    axis=( -0.296621  0.240517  0.924212)
     H   21    Vzz=    0.6168    axis=(  0.876224 -0.316335  0.363542)
     H   21  Q=         1.0000 1e-30 m^2  Cq=         1.4493 MHz  eta= 0.90465

     C   22    Vxx=   -0.2083    axis=( -0.443080  0.789262 -0.425143)
     C   22    Vyy=   -0.3767    axis=(  0.838176  0.532951  0.115863)
     C   22    Vzz=    0.5850    axis=( -0.318026  0.305008  0.897680)
     C   22  Q=         1.0000 1e-30 m^2  Cq=         1.3744 MHz  eta= 0.28793

     C   23    Vxx=    0.1096    axis=( -0.558362  0.053072  0.827898)
     C   23    Vyy=    0.3619    axis=(  0.628704  0.678172  0.380545)
     C   23    Vzz=   -0.4715    axis=( -0.541261  0.732985 -0.412032)
     C   23  Q=         1.0000 1e-30 m^2  Cq=        -1.1078 MHz  eta= 0.53521

     Cl  24    Vxx=   -0.6478    axis=(  0.480637 -0.517912 -0.707641)
     Cl  24    Vyy=   -2.4251    axis=( -0.445422  0.550925 -0.705749)
     Cl  24    Vzz=    3.0729    axis=( -0.755372 -0.654408 -0.034105)
     Cl  24  Q=        -8.1650 1e-30 m^2  Cq=       -58.9517 MHz  eta= 0.57839

     Initialization:
     gipaw_setup  :      9.46s CPU     11.96s WALL (       1 calls)

     Linear response

     Apply operators

     Induced current

     Other routines
     efg          :     10.20s CPU     15.50s WALL (       1 calls)

     General routines
     calbec       :      3.30s CPU      4.19s WALL (      16 calls)
     fft          :      1.61s CPU      2.54s WALL (      15 calls)
     ffts         :      0.05s CPU      0.09s WALL (       2 calls)
     fftw         :      4.08s CPU      5.72s WALL (     672 calls)
     davcio       :      0.05s CPU      2.40s WALL (      32 calls)

     Parallel routines
     fft_scatter  :      2.99s CPU      5.46s WALL (     689 calls)

     Plugins

     GIPAW        :     62.67s CPU     78.76s WALL (       1 calls)
