
     Program QE v.6.0 (svn rev. 13079) starts on 15Dec2016 at  1:35:41 

     This program is part of the open-source Quantum ESPRESSO suite
     for quantum simulation of materials; please cite
         "P. Giannozzi et al., J. Phys.:Condens. Matter 21 395502 (2009);
          URL http://www.quantum-espresso.org", 
     in publications or presentations arising from this work. More details at
     http://www.quantum-espresso.org/quote

     Parallel version (MPI), running on     8 processors
     R & G space division:  proc/nbgrp/npool/nimage =       8

     ***** This is GIPAW svn revision unknown      *****

     Parallelizing q-star over 1 images

     Reading data from directory:
     /users/majewski/paradichlorobenzene/pbe/9_constraint/scratch/pbe.ecut100.np8.dt60.pcl2phi-129368.save
     Message from routine read_xml_file:
     file /users/majewski/paradichlorobenzene/pbe/9_constraint/scratch/pbe.ecut100.np8.dt60.pcl2phi-129368.save not guaranteed to be safe for post-processing

   Info: using nr1, nr2, nr3 values from input

   Info: using nr1, nr2, nr3 values from input

     IMPORTANT: XC functional enforced from input :
     Exchange-correlation      =  SLA  PW   PBX  PBC ( 1  4  3  4 0 0)
     Any further DFT definition will be discarded
     Please, verify this is what you really want

               file C.pbe-n-kjpaw_psl.1.0.0.UPF: wavefunction(s)  2S 2P renormalized
               file Cl.pbe-n-kjpaw_psl.1.0.0.UPF: wavefunction(s)  3S 3P renormalized
               file H.pbe-kjpaw_psl.1.0.0.UPF: wavefunction(s)  1S renormalized

     Parallelization info
     --------------------
     sticks:   dense  smooth     PW     G-vecs:    dense   smooth      PW
     Min        3057    1223    332               144436    36536    5170
     Max        3059    1225    333               144437    36537    5171
     Sum       24467    9791   2657              1155489   292295   41363


     Subspace diagonalization in iterative solution of the eigenvalue problem:
     a serial algorithm will be used

     GIPAW projectors -----------------------------------------------
     atom=  C    l=0  rc=    1.2000  rs=    0.8000
     atom=  C    l=0  rc=    1.2000  rs=    0.8000
     atom=  C    l=1  rc=    1.4000  rs=    0.9333
     atom=  C    l=1  rc=    1.4000  rs=    0.9333
     projs nearly linearly dependent: l=1  n1,n2= 1, 2  s=  0.99951561

     atom=  Cl   l=0  rc=    1.6000  rs=    1.0667
     atom=  Cl   l=0  rc=    1.6000  rs=    1.0667
     atom=  Cl   l=1  rc=    1.6000  rs=    1.0667
     atom=  Cl   l=1  rc=    1.6000  rs=    1.0667
     atom=  Cl   l=2  rc=    1.6000  rs=    1.0667
     atom=  Cl   l=2  rc=    1.6000  rs=    1.0667
     projs nearly linearly dependent: l=2  n1,n2= 1, 2  s=  0.99993509

     atom=  H    l=0  rc=    1.0000  rs=    0.6667
     atom=  H    l=0  rc=    1.0000  rs=    0.6667
     projs nearly linearly dependent: l=0  n1,n2= 1, 2  s=  0.99968852
     -----------------------------------------------------------------

     GIPAW integrals: -------------------------------------------
     Atom  i/j   nmr_para   nmr_dia   epr_rmc  epr_para   epr_dia
       C   1 1   0.83E+03  0.17E-01  0.93E+01  0.24E+08  0.24E+03
       C   2 1   0.86E+03 -0.61E-01  0.94E+01  0.25E+08  0.25E+03
       C   2 2   0.90E+03 -0.15E+00  0.97E+01  0.26E+08  0.26E+03
       C   3 3   0.33E+01  0.34E+00  0.18E+01  0.55E+03  0.21E+02
       C   4 3   0.35E+01  0.37E+00  0.20E+01  0.59E+03  0.22E+02
       C   4 4   0.38E+01  0.39E+00  0.22E+01  0.63E+03  0.24E+02
       Cl  1 1   0.14E+04 -0.47E+00  0.84E+01  0.32E+09  0.42E+03
       Cl  2 1   0.21E+04 -0.37E+00  0.12E+02  0.49E+09  0.65E+03
       Cl  2 2   0.33E+04 -0.16E+00  0.21E+02  0.76E+09  0.10E+04
       Cl  3 3   0.21E+02  0.79E-01  0.89E+01  0.23E+05  0.13E+03
       Cl  4 3   0.24E+02  0.67E-01  0.99E+01  0.27E+05  0.15E+03
       Cl  4 4   0.28E+02  0.44E-01  0.11E+02  0.32E+05  0.18E+03
       Cl  5 5   0.77E+00  0.19E+00  0.18E+01  0.12E+03  0.22E+02
       Cl  6 5   0.80E+00  0.19E+00  0.19E+01  0.12E+03  0.23E+02
       Cl  6 6   0.83E+00  0.20E+00  0.19E+01  0.12E+03  0.23E+02
       H   1 1   0.39E+02  0.19E+00  0.29E+00  0.78E+05  0.13E+02
       H   2 1   0.41E+02  0.21E+00  0.32E+00  0.82E+05  0.14E+02
       H   2 2   0.43E+02  0.22E+00  0.36E+00  0.86E+05  0.15E+02
     ------------------------------------------------------------

     alpha_pv=     33.5278 eV

     Number of occupied bands for each k-point:
     k-point:     1    nbnd_occ=  42
     k-point:     2    nbnd_occ=  42
     k-point:     3    nbnd_occ=  42
     k-point:     4    nbnd_occ=  42
     k-point:     5    nbnd_occ=  42
     k-point:     6    nbnd_occ=  42
     k-point:     7    nbnd_occ=  42
     k-point:     8    nbnd_occ=  42
     k-point:     9    nbnd_occ=  42
     k-point:    10    nbnd_occ=  42
     k-point:    11    nbnd_occ=  42
     k-point:    12    nbnd_occ=  42
     k-point:    13    nbnd_occ=  42
     k-point:    14    nbnd_occ=  42
     k-point:    15    nbnd_occ=  42
     k-point:    16    nbnd_occ=  42


     q-space interpolation up to   110.00 Rydberg

     GIPAW job: efg                                                                             


     ELECTRIC FIELD GRADIENTS TENSORS IN Hartree/bohrradius^2:

     ----- bare term -----
     Cl   1       -0.095304        0.068738        0.090613
     Cl   1        0.068738       -0.035820        0.145010
     Cl   1        0.090613        0.145010        0.131124

     C    2       -0.369432        0.129009       -0.373456
     C    2        0.129009       -0.095992       -0.422153
     C    2       -0.373456       -0.422153        0.465424

     C    3       -0.096855        0.113825       -0.336592
     C    3        0.113825       -0.257065       -0.534583
     C    3       -0.336592       -0.534583        0.353920

     H    4       -0.499666        0.060988       -0.452822
     H    4        0.060988        0.252168       -0.122608
     H    4       -0.452822       -0.122608        0.247498

     C    5       -0.226598        0.363731       -0.174435
     C    5        0.363731       -0.233485       -0.408103
     C    5       -0.174435       -0.408103        0.460083

     H    6        0.449267       -0.039731       -0.027527
     H    6       -0.039731       -0.177941       -0.509219
     H    6       -0.027527       -0.509219       -0.271327

     H    7        0.384469        0.034229       -0.019572
     H    7        0.034229       -0.362989        0.540581
     H    7       -0.019572        0.540581       -0.021481

     C    8       -0.381821       -0.206161       -0.422576
     C    8       -0.206161       -0.000155        0.393122
     C    8       -0.422576        0.393122        0.381976

     H    9       -0.249849        0.146284       -0.528996
     H    9        0.146284        0.325989        0.056626
     H    9       -0.528996        0.056626       -0.076140

     C   10       -0.051143       -0.402665       -0.191238
     C   10       -0.402665       -0.232194        0.593994
     C   10       -0.191238        0.593994        0.283337

     C   11       -0.199883       -0.035189       -0.400843
     C   11       -0.035189       -0.083936        0.484750
     C   11       -0.400843        0.484750        0.283818

     Cl  12       -0.010782        0.020377       -0.028838
     Cl  12        0.020377       -0.008260        0.008316
     Cl  12       -0.028838        0.008316        0.019042

     H   13        0.491495       -0.035105       -0.139067
     H   13       -0.035105       -0.034369       -0.406480
     H   13       -0.139067       -0.406480       -0.457126

     C   14       -0.316855        0.228859       -0.328088
     C   14        0.228859       -0.135911       -0.422930
     C   14       -0.328088       -0.422930        0.452766

     H   15       -0.218196       -0.063646       -0.561547
     H   15       -0.063646        0.283234        0.013358
     H   15       -0.561547        0.013358       -0.065038

     C   16       -0.158482        0.320498       -0.261947
     C   16        0.320498       -0.201012       -0.582615
     C   16       -0.261947       -0.582615        0.359494

     C   17       -0.297799        0.062337       -0.390545
     C   17        0.062337       -0.004200       -0.405672
     C   17       -0.390545       -0.405672        0.301998

     Cl  18       -0.071058        0.013103       -0.106611
     Cl  18        0.013103       -0.064632       -0.086233
     Cl  18       -0.106611       -0.086233        0.135690

     H   19        0.388922        0.046579       -0.034785
     H   19        0.046579       -0.591141        0.442982
     H   19       -0.034785        0.442982        0.202220

     C   20       -0.282386       -0.246572       -0.291920
     C   20       -0.246572       -0.163075        0.419988
     C   20       -0.291920        0.419988        0.445461

     H   21       -0.327341        0.136258       -0.586017
     H   21        0.136258        0.369552        0.131519
     H   21       -0.586017        0.131519       -0.042211

     C   22       -0.220020       -0.095976       -0.273029
     C   22       -0.095976       -0.153916        0.550357
     C   22       -0.273029        0.550357        0.373936

     C   23       -0.124086       -0.071790       -0.347365
     C   23       -0.071790       -0.275279        0.507877
     C   23       -0.347365        0.507877        0.399364

     Cl  24       -0.032463       -0.006638       -0.052853
     Cl  24       -0.006638        0.126157        0.075625
     Cl  24       -0.052853        0.075625       -0.093694

     ----- ionic term -----
     Cl   1        0.084146       -0.222297       -0.004802
     Cl   1       -0.222297        0.064627        0.016499
     Cl   1       -0.004802        0.016499       -0.148773

     C    2        0.122675       -0.215944        0.265537
     C    2       -0.215944        0.102948        0.413409
     C    2        0.265537        0.413409       -0.225624

     C    3        0.135130       -0.241065        0.162209
     C    3       -0.241065        0.107774        0.400459
     C    3        0.162209        0.400459       -0.242903

     H    4        0.623741        0.181266        0.698187
     H    4        0.181266       -0.504126        0.179090
     H    4        0.698187        0.179090       -0.119615

     C    5        0.261791       -0.193837        0.203818
     C    5       -0.193837       -0.007725        0.335249
     C    5        0.203818        0.335249       -0.254066

     H    6       -0.531161       -0.002458       -0.005070
     H    6       -0.002458        0.469175        0.803409
     H    6       -0.005070        0.803409        0.061986

     H    7       -0.517495       -0.104372        0.091920
     H    7       -0.104372        0.606129       -0.725098
     H    7        0.091920       -0.725098       -0.088634

     C    8        0.180638        0.192158        0.323534
     C    8        0.192158        0.049038       -0.301189
     C    8        0.323534       -0.301189       -0.229677

     H    9        0.526969       -0.293840        0.703208
     H    9       -0.293840       -0.423393       -0.272738
     H    9        0.703208       -0.272738       -0.103575

     C   10        0.042551        0.243228        0.201799
     C   10        0.243228        0.191306       -0.456499
     C   10        0.201799       -0.456499       -0.233857

     C   11        0.144550        0.173001        0.265969
     C   11        0.173001        0.088187       -0.487220
     C   11        0.265969       -0.487220       -0.232737

     Cl  12        0.155897        0.204704        0.001766
     Cl  12        0.204704       -0.017692       -0.010111
     Cl  12        0.001766       -0.010111       -0.138205

     H   13       -0.485015        0.177486        0.153134
     H   13        0.177486        0.561176        0.742851
     H   13        0.153134        0.742851       -0.076161

     C   14        0.262465       -0.183528        0.269293
     C   14       -0.183528       -0.020762        0.316277
     C   14        0.269293        0.316277       -0.241703

     H   15        0.605673        0.235346        0.685916
     H   15        0.235346       -0.486250        0.219805
     H   15        0.685916        0.219805       -0.119423

     C   16        0.155641       -0.243034        0.145084
     C   16       -0.243034        0.055138        0.405163
     C   16        0.145084        0.405163       -0.210779

     C   17        0.250137       -0.147796        0.224908
     C   17       -0.147796       -0.043721        0.408505
     C   17        0.224908        0.408505       -0.206416

     Cl  18        0.151052       -0.183106       -0.018399
     Cl  18       -0.183106       -0.031420        0.015962
     Cl  18       -0.018399        0.015962       -0.119632

     H   19       -0.510276       -0.073914        0.039519
     H   19       -0.073914        0.761790       -0.630533
     H   19        0.039519       -0.630533       -0.251515

     C   20        0.221272        0.137719        0.292193
     C   20        0.137719        0.076283       -0.288269
     C   20        0.292193       -0.288269       -0.297555

     H   21        0.558705       -0.332241        0.681262
     H   21       -0.332241       -0.418087       -0.260036
     H   21        0.681262       -0.260036       -0.140618

     C   22        0.074063        0.138491        0.234333
     C   22        0.138491        0.208303       -0.411868
     C   22        0.234333       -0.411868       -0.282365

     C   23        0.059213        0.132619        0.331740
     C   23        0.132619        0.167042       -0.437993
     C   23        0.331740       -0.437993       -0.226255

     Cl  24        0.094094        0.196389        0.010849
     Cl  24        0.196389        0.038234       -0.000592
     Cl  24        0.010849       -0.000592       -0.132328

     ----- GIPAW term -----
     Cl   1        0.146562       -1.242204        0.907835
     Cl   1       -1.242204       -0.245862        1.639215
     Cl   1        0.907835        1.639215        0.099300

     C    2       -0.034004       -0.095593       -0.134895
     C    2       -0.095593       -0.074652       -0.055100
     C    2       -0.134895       -0.055100        0.108656

     C    3        0.000482       -0.032743       -0.115588
     C    3       -0.032743       -0.042913       -0.073803
     C    3       -0.115588       -0.073803        0.042432

     H    4       -0.000000        0.000000        0.000000
     H    4        0.000000        0.000000        0.000000
     H    4        0.000000        0.000000        0.000000

     C    5        0.021981        0.076534        0.030702
     C    5        0.076534       -0.100460       -0.080390
     C    5        0.030702       -0.080390        0.078479

     H    6       -0.000000        0.000000        0.000000
     H    6        0.000000        0.000000        0.000000
     H    6        0.000000        0.000000        0.000000

     H    7       -0.000000        0.000000        0.000000
     H    7        0.000000        0.000000        0.000000
     H    7        0.000000        0.000000        0.000000

     C    8       -0.021342       -0.052603       -0.087785
     C    8       -0.052603       -0.023531        0.084983
     C    8       -0.087785        0.084983        0.044873

     H    9       -0.000000        0.000000        0.000000
     H    9        0.000000        0.000000        0.000000
     H    9        0.000000        0.000000        0.000000

     C   10       -0.035202       -0.133385       -0.055681
     C   10       -0.133385        0.052852        0.133772
     C   10       -0.055681        0.133772       -0.017649

     C   11        0.052654        0.124362       -0.074971
     C   11        0.124362        0.001154        0.074579
     C   11       -0.074971        0.074579       -0.053808

     Cl  12        1.363669        2.420873       -0.247560
     Cl  12        2.420873        0.018643        0.064977
     Cl  12       -0.247560        0.064977       -1.382312

     H   13       -0.000000        0.000000        0.000000
     H   13        0.000000        0.000000        0.000000
     H   13        0.000000        0.000000        0.000000

     C   14       -0.101910        0.056607       -0.131028
     C   14        0.056607       -0.122844       -0.161379
     C   14       -0.131028       -0.161379        0.224753

     H   15       -0.000000        0.000000        0.000000
     H   15        0.000000        0.000000        0.000000
     H   15        0.000000        0.000000        0.000000

     C   16       -0.082087        0.077370       -0.091562
     C   16        0.077370        0.007819       -0.173026
     C   16       -0.091562       -0.173026        0.074268

     C   17        0.020689       -0.093692       -0.045101
     C   17       -0.093692        0.022384       -0.023332
     C   17       -0.045101       -0.023332       -0.043072

     Cl  18        0.715301       -1.898284       -1.054971
     Cl  18       -1.898284       -0.609535       -0.736423
     Cl  18       -1.054971       -0.736423       -0.105766

     H   19       -0.000000        0.000000        0.000000
     H   19        0.000000        0.000000        0.000000
     H   19        0.000000        0.000000        0.000000

     C   20       -0.035582       -0.042870       -0.038600
     C   20       -0.042870       -0.065361        0.074875
     C   20       -0.038600        0.074875        0.100943

     H   21       -0.000000        0.000000        0.000000
     H   21        0.000000        0.000000        0.000000
     H   21        0.000000        0.000000        0.000000

     C   22       -0.072375        0.048698       -0.016005
     C   22        0.048698       -0.018373        0.139733
     C   22       -0.016005        0.139733        0.090747

     C   23        0.015985        0.116252       -0.068046
     C   23        0.116252       -0.083265        0.090338
     C   23       -0.068046        0.090338        0.067280

     Cl  24        0.806153        1.864278       -0.343099
     Cl  24        1.864278        1.325789        0.727095
     Cl  24       -0.343099        0.727095       -2.131942

     ----- total EFG -----
     Cl   1        0.135403       -1.395763        0.993647
     Cl   1       -1.395763       -0.217055        1.800725
     Cl   1        0.993647        1.800725        0.081652

     C    2       -0.280760       -0.182529       -0.242814
     C    2       -0.182529       -0.067696       -0.063844
     C    2       -0.242814       -0.063844        0.348457

     C    3        0.038757       -0.159983       -0.289971
     C    3       -0.159983       -0.192205       -0.207927
     C    3       -0.289971       -0.207927        0.153448

     H    4        0.124075        0.242253        0.245365
     H    4        0.242253       -0.251958        0.056482
     H    4        0.245365        0.056482        0.127883

     C    5        0.057174        0.246428        0.060086
     C    5        0.246428       -0.341669       -0.153243
     C    5        0.060086       -0.153243        0.284496

     H    6       -0.081894       -0.042188       -0.032597
     H    6       -0.042188        0.291234        0.294190
     H    6       -0.032597        0.294190       -0.209340

     H    7       -0.133026       -0.070142        0.072348
     H    7       -0.070142        0.243140       -0.184517
     H    7        0.072348       -0.184517       -0.110114

     C    8       -0.222525       -0.066606       -0.186828
     C    8       -0.066606        0.025352        0.176916
     C    8       -0.186828        0.176916        0.197173

     H    9        0.277119       -0.147556        0.174213
     H    9       -0.147556       -0.097404       -0.216112
     H    9        0.174213       -0.216112       -0.179715

     C   10       -0.043795       -0.292822       -0.045120
     C   10       -0.292822        0.011964        0.271268
     C   10       -0.045120        0.271268        0.031830

     C   11       -0.002678        0.262174       -0.209845
     C   11        0.262174        0.005405        0.072109
     C   11       -0.209845        0.072109       -0.002727

     Cl  12        1.508784        2.645954       -0.274632
     Cl  12        2.645954       -0.007309        0.063182
     Cl  12       -0.274632        0.063182       -1.501475

     H   13        0.006481        0.142381        0.014067
     H   13        0.142381        0.526807        0.336371
     H   13        0.014067        0.336371       -0.533288

     C   14       -0.156300        0.101937       -0.189824
     C   14        0.101937       -0.279517       -0.268032
     C   14       -0.189824       -0.268032        0.435817

     H   15        0.387477        0.171700        0.124369
     H   15        0.171700       -0.203016        0.233163
     H   15        0.124369        0.233163       -0.184461

     C   16       -0.084927        0.154835       -0.208425
     C   16        0.154835       -0.138056       -0.350478
     C   16       -0.208425       -0.350478        0.222983

     C   17       -0.026973       -0.179151       -0.210738
     C   17       -0.179151       -0.025537       -0.020498
     C   17       -0.210738       -0.020498        0.052510

     Cl  18        0.795294       -2.068287       -1.179981
     Cl  18       -2.068287       -0.705587       -0.806694
     Cl  18       -1.179981       -0.806694       -0.089708

     H   19       -0.121354       -0.027335        0.004733
     H   19       -0.027335        0.170649       -0.187551
     H   19        0.004733       -0.187551       -0.049295

     C   20       -0.096697       -0.151723       -0.038327
     C   20       -0.151723       -0.152153        0.206593
     C   20       -0.038327        0.206593        0.248849

     H   21        0.231364       -0.195983        0.095245
     H   21       -0.195983       -0.048535       -0.128516
     H   21        0.095245       -0.128516       -0.182829

     C   22       -0.218332        0.091213       -0.054700
     C   22        0.091213        0.036014        0.278222
     C   22       -0.054700        0.278222        0.182318

     C   23       -0.048888        0.177081       -0.083671
     C   23        0.177081       -0.191502        0.160221
     C   23       -0.083671        0.160221        0.240390

     Cl  24        0.867784        2.054030       -0.385102
     Cl  24        2.054030        1.490180        0.802129
     Cl  24       -0.385102        0.802129       -2.357965

     ----- total EFG (symmetrized) -----
     Cl   1        0.135403       -1.395763        0.993647
     Cl   1       -1.395763       -0.217055        1.800725
     Cl   1        0.993647        1.800725        0.081652

     C    2       -0.280760       -0.182529       -0.242814
     C    2       -0.182529       -0.067696       -0.063844
     C    2       -0.242814       -0.063844        0.348457

     C    3        0.038757       -0.159983       -0.289971
     C    3       -0.159983       -0.192205       -0.207927
     C    3       -0.289971       -0.207927        0.153448

     H    4        0.124075        0.242253        0.245365
     H    4        0.242253       -0.251958        0.056482
     H    4        0.245365        0.056482        0.127883

     C    5        0.057174        0.246428        0.060086
     C    5        0.246428       -0.341669       -0.153243
     C    5        0.060086       -0.153243        0.284496

     H    6       -0.081894       -0.042188       -0.032597
     H    6       -0.042188        0.291234        0.294190
     H    6       -0.032597        0.294190       -0.209340

     H    7       -0.133026       -0.070142        0.072348
     H    7       -0.070142        0.243140       -0.184517
     H    7        0.072348       -0.184517       -0.110114

     C    8       -0.222525       -0.066606       -0.186828
     C    8       -0.066606        0.025352        0.176916
     C    8       -0.186828        0.176916        0.197173

     H    9        0.277119       -0.147556        0.174213
     H    9       -0.147556       -0.097404       -0.216112
     H    9        0.174213       -0.216112       -0.179715

     C   10       -0.043795       -0.292822       -0.045120
     C   10       -0.292822        0.011964        0.271268
     C   10       -0.045120        0.271268        0.031830

     C   11       -0.002678        0.262174       -0.209845
     C   11        0.262174        0.005405        0.072109
     C   11       -0.209845        0.072109       -0.002727

     Cl  12        1.508784        2.645954       -0.274632
     Cl  12        2.645954       -0.007309        0.063182
     Cl  12       -0.274632        0.063182       -1.501475

     H   13        0.006481        0.142381        0.014067
     H   13        0.142381        0.526807        0.336371
     H   13        0.014067        0.336371       -0.533288

     C   14       -0.156300        0.101937       -0.189824
     C   14        0.101937       -0.279517       -0.268032
     C   14       -0.189824       -0.268032        0.435817

     H   15        0.387477        0.171700        0.124369
     H   15        0.171700       -0.203016        0.233163
     H   15        0.124369        0.233163       -0.184461

     C   16       -0.084927        0.154835       -0.208425
     C   16        0.154835       -0.138056       -0.350478
     C   16       -0.208425       -0.350478        0.222983

     C   17       -0.026973       -0.179151       -0.210738
     C   17       -0.179151       -0.025537       -0.020498
     C   17       -0.210738       -0.020498        0.052510

     Cl  18        0.795294       -2.068287       -1.179981
     Cl  18       -2.068287       -0.705587       -0.806694
     Cl  18       -1.179981       -0.806694       -0.089708

     H   19       -0.121354       -0.027335        0.004733
     H   19       -0.027335        0.170649       -0.187551
     H   19        0.004733       -0.187551       -0.049295

     C   20       -0.096697       -0.151723       -0.038327
     C   20       -0.151723       -0.152153        0.206593
     C   20       -0.038327        0.206593        0.248849

     H   21        0.231364       -0.195983        0.095245
     H   21       -0.195983       -0.048535       -0.128516
     H   21        0.095245       -0.128516       -0.182829

     C   22       -0.218332        0.091213       -0.054700
     C   22        0.091213        0.036014        0.278222
     C   22       -0.054700        0.278222        0.182318

     C   23       -0.048888        0.177081       -0.083671
     C   23        0.177081       -0.191502        0.160221
     C   23       -0.083671        0.160221        0.240390

     Cl  24        0.867784        2.054030       -0.385102
     Cl  24        2.054030        1.490180        0.802129
     Cl  24       -0.385102        0.802129       -2.357965


     NQR/NMR SPECTROSCOPIC PARAMETERS:
     Cl   1    Vxx=    1.0548    axis=(  0.834875 -0.179483  0.520354)
     Cl   1    Vyy=    1.7920    axis=( -0.237990  0.734714  0.635261)
     Cl   1    Vzz=   -2.8468    axis=(  0.496330  0.654203 -0.570679)
     Cl   1  Q=        -8.1650 1e-30 m^2  Cq=        54.6147 MHz  eta= 0.25898

     C    2    Vxx=    0.0278    axis=(  0.420313 -0.896548  0.139784)
     C    2    Vyy=    0.4313    axis=(  0.321996  0.003347 -0.946735)
     C    2    Vzz=   -0.4591    axis=(  0.848325  0.442935  0.290092)
     C    2  Q=         1.0000 1e-30 m^2  Cq=        -1.0787 MHz  eta= 0.87876

     C    3    Vxx=    0.0546    axis=(  0.621722 -0.699650  0.352067)
     C    3    Vyy=    0.3989    axis=( -0.589139 -0.121541  0.798838)
     C    3    Vzz=   -0.4535    axis=( -0.516117 -0.704072 -0.487756)
     C    3  Q=         1.0000 1e-30 m^2  Cq=        -1.0656 MHz  eta= 0.75927

     H    4    Vxx=   -0.0601    axis=( -0.497114 -0.401245  0.769337)
     H    4    Vyy=   -0.3786    axis=( -0.483877  0.864179  0.138048)
     H    4    Vzz=    0.4387    axis=( -0.720237 -0.303639 -0.623749)
     H    4  Q=         1.0000 1e-30 m^2  Cq=         1.0308 MHz  eta= 0.72592

     C    5    Vxx=    0.1739    axis=(  0.908239  0.411389  0.076562)
     C    5    Vyy=    0.3200    axis=( -0.017195  0.219501 -0.975461)
     C    5    Vzz=   -0.4939    axis=( -0.418099  0.884635  0.206433)
     C    5  Q=         1.0000 1e-30 m^2  Cq=        -1.1605 MHz  eta= 0.29597

     H    6    Vxx=   -0.0866    axis=(  0.993885  0.110422  0.000710)
     H    6    Vyy=   -0.3458    axis=( -0.045604  0.416309 -0.908079)
     H    6    Vzz=    0.4325    axis=( -0.100567  0.902493  0.418799)
     H    6  Q=         1.0000 1e-30 m^2  Cq=         1.0161 MHz  eta= 0.59948

     H    7    Vxx=   -0.1275    axis=( -0.831716 -0.365474 -0.417944)
     H    7    Vyy=   -0.2128    axis=( -0.520297  0.250373  0.816458)
     H    7    Vzz=    0.3403    axis=(  0.193752 -0.896517  0.398394)
     H    7  Q=         1.0000 1e-30 m^2  Cq=         0.7996 MHz  eta= 0.25069

     C    8    Vxx=   -0.0779    axis=( -0.173120 -0.877658  0.446930)
     C    8    Vyy=   -0.2936    axis=( -0.934256  0.002696 -0.356594)
     C    8    Vzz=    0.3715    axis=( -0.311762  0.479280  0.820423)
     C    8  Q=         1.0000 1e-30 m^2  Cq=         0.8729 MHz  eta= 0.58077

     H    9    Vxx=   -0.0642    axis=(  0.542348  0.691908 -0.476573)
     H    9    Vyy=   -0.3616    axis=( -0.076219  0.605426  0.792244)
     H    9    Vzz=    0.4258    axis=(  0.836689 -0.393348  0.381088)
     H    9  Q=         1.0000 1e-30 m^2  Cq=         1.0005 MHz  eta= 0.69842

     C   10    Vxx=   -0.0474    axis=( -0.664147  0.105783 -0.740080)
     C   10    Vyy=   -0.3778    axis=( -0.569599 -0.712775  0.409277)
     C   10    Vzz=    0.4252    axis=( -0.484217  0.693370  0.533641)
     C   10  Q=         1.0000 1e-30 m^2  Cq=         0.9991 MHz  eta= 0.77691

     C   11    Vxx=    0.0705    axis=( -0.064527  0.612541  0.787801)
     C   11    Vyy=    0.3028    axis=( -0.738557 -0.560214  0.375092)
     C   11    Vzz=   -0.3733    axis=(  0.671096 -0.557633  0.488545)
     C   11  Q=         1.0000 1e-30 m^2  Cq=        -0.8771 MHz  eta= 0.62213

     Cl  12    Vxx=   -1.4271    axis=(  0.184008 -0.301282 -0.935612)
     Cl  12    Vyy=   -2.0826    axis=( -0.572634  0.740792 -0.351167)
     Cl  12    Vzz=    3.5097    axis=(  0.798894  0.600381 -0.036213)
     Cl  12  Q=        -8.1650 1e-30 m^2  Cq=       -67.3320 MHz  eta= 0.18676

     H   13    Vxx=   -0.0229    axis=(  0.976342 -0.191930 -0.099591)
     H   13    Vyy=   -0.6321    axis=( -0.042050  0.283256 -0.958122)
     H   13    Vzz=    0.6551    axis=(  0.212102  0.939643  0.268485)
     H   13  Q=         1.0000 1e-30 m^2  Cq=         1.5391 MHz  eta= 0.92995

     C   14    Vxx=   -0.2092    axis=(  0.938008  0.119082  0.325516)
     C   14    Vyy=   -0.3767    axis=(  0.210364 -0.941976 -0.261587)
     C   14    Vzz=    0.5859    axis=( -0.275478 -0.313847  0.908632)
     C   14  Q=         1.0000 1e-30 m^2  Cq=         1.3767 MHz  eta= 0.28583

     H   15    Vxx=   -0.0574    axis=(  0.421246 -0.596815 -0.682908)
     H   15    Vyy=   -0.4290    axis=(  0.051909 -0.735875  0.675125)
     H   15    Vzz=    0.4865    axis=( -0.905460 -0.319843 -0.279004)
     H   15  Q=         1.0000 1e-30 m^2  Cq=         1.1430 MHz  eta= 0.76397

     C   16    Vxx=   -0.1884    axis=(  0.915892 -0.083837  0.392573)
     C   16    Vyy=   -0.3548    axis=( -0.126603  0.867710  0.480677)
     C   16    Vzz=    0.5432    axis=( -0.380938 -0.489949  0.784115)
     C   16  Q=         1.0000 1e-30 m^2  Cq=         1.2764 MHz  eta= 0.30624

     C   17    Vxx=    0.0262    axis=( -0.152169  0.771641 -0.617588)
     C   17    Vyy=    0.2670    axis=(  0.679732 -0.371918 -0.632172)
     C   17    Vzz=   -0.2932    axis=( -0.717502 -0.515991 -0.467915)
     C   17  Q=         1.0000 1e-30 m^2  Cq=        -0.6890 MHz  eta= 0.82132

     Cl  18    Vxx=    0.4546    axis=( -0.055317 -0.501638  0.863307)
     Cl  18    Vyy=    2.3679    axis=( -0.833719  0.498972  0.236514)
     Cl  18    Vzz=   -2.8225    axis=( -0.549411 -0.706673 -0.445827)
     Cl  18  Q=        -8.1650 1e-30 m^2  Cq=        54.1487 MHz  eta= 0.67785

     H   19    Vxx=   -0.1206    axis=(  0.965384 -0.071020 -0.250978)
     H   19    Vyy=   -0.1592    axis=(  0.252633  0.493969  0.831968)
     H   19    Vzz=    0.2798    axis=( -0.064889  0.866574 -0.494812)
     H   19  Q=         1.0000 1e-30 m^2  Cq=         0.6574 MHz  eta= 0.13810

     C   20    Vxx=   -0.0416    axis=(  0.827618 -0.400019  0.393743)
     C   20    Vyy=   -0.3155    axis=( -0.518340 -0.813818  0.262723)
     C   20    Vzz=    0.3571    axis=( -0.215342  0.421527  0.880876)
     C   20  Q=         1.0000 1e-30 m^2  Cq=         0.8390 MHz  eta= 0.76701

     H   21    Vxx=   -0.1082    axis=(  0.534109  0.684122 -0.496694)
     H   21    Vyy=   -0.2619    axis=(  0.060387  0.555142  0.829561)
     H   21    Vzz=    0.3701    axis=(  0.843256 -0.473070  0.255194)
     H   21  Q=         1.0000 1e-30 m^2  Cq=         0.8697 MHz  eta= 0.41515

     C   22    Vxx=   -0.0911    axis=( -0.637637 -0.600035  0.483091)
     C   22    Vyy=   -0.3060    axis=( -0.770057  0.513394 -0.378733)
     C   22    Vzz=    0.3971    axis=(  0.020763  0.613502  0.789420)
     C   22  Q=         1.0000 1e-30 m^2  Cq=         0.9330 MHz  eta= 0.54140

     C   23    Vxx=    0.0691    axis=(  0.846445  0.526572 -0.079071)
     C   23    Vyy=    0.2954    axis=(  0.086693 -0.282799 -0.955253)
     C   23    Vzz=   -0.3645    axis=( -0.525371  0.801715 -0.285024)
     C   23  Q=         1.0000 1e-30 m^2  Cq=        -0.8564 MHz  eta= 0.62091

     Cl  24    Vxx=   -0.5398    axis=( -0.718172  0.567621  0.402536)
     Cl  24    Vyy=   -2.7399    axis=(  0.270953 -0.304712  0.913091)
     Cl  24    Vzz=    3.2797    axis=( -0.640947 -0.764825 -0.065037)
     Cl  24  Q=        -8.1650 1e-30 m^2  Cq=       -62.9199 MHz  eta= 0.67082

     Initialization:
     gipaw_setup  :      9.78s CPU     12.52s WALL (       1 calls)

     Linear response

     Apply operators

     Induced current

     Other routines
     efg          :     10.10s CPU     14.78s WALL (       1 calls)

     General routines
     calbec       :      3.15s CPU      3.89s WALL (      16 calls)
     fft          :      1.78s CPU      3.06s WALL (      15 calls)
     ffts         :      0.03s CPU      0.05s WALL (       2 calls)
     fftw         :      4.12s CPU      6.19s WALL (     672 calls)
     davcio       :      0.05s CPU      1.60s WALL (      32 calls)

     Parallel routines
     fft_scatter  :      3.15s CPU      6.49s WALL (     689 calls)

     Plugins

     GIPAW        :     63.54s CPU     82.68s WALL (       1 calls)
