
     Program QE v.6.0 (svn rev. 13079) starts on 22Jan2017 at  6:44:43 

     This program is part of the open-source Quantum ESPRESSO suite
     for quantum simulation of materials; please cite
         "P. Giannozzi et al., J. Phys.:Condens. Matter 21 395502 (2009);
          URL http://www.quantum-espresso.org", 
     in publications or presentations arising from this work. More details at
     http://www.quantum-espresso.org/quote

     Parallel version (MPI), running on     8 processors
     R & G space division:  proc/nbgrp/npool/nimage =       8

     ***** This is GIPAW svn revision unknown      *****

     Parallelizing q-star over 1 images

     Reading data from directory:
     /users/majewski/paradichlorobenzene/pbe/9_constraint/scratch/pbe.ecut100.np8.dt60.pcl2phi-129368.save
     Message from routine read_xml_file:
     file /users/majewski/paradichlorobenzene/pbe/9_constraint/scratch/pbe.ecut100.np8.dt60.pcl2phi-129368.save not guaranteed to be safe for post-processing

   Info: using nr1, nr2, nr3 values from input

   Info: using nr1, nr2, nr3 values from input

     IMPORTANT: XC functional enforced from input :
     Exchange-correlation      =  SLA  PW   PBX  PBC ( 1  4  3  4 0 0)
     Any further DFT definition will be discarded
     Please, verify this is what you really want

               file C.pbe-n-kjpaw_psl.1.0.0.UPF: wavefunction(s)  2S 2P renormalized
               file Cl.pbe-n-kjpaw_psl.1.0.0.UPF: wavefunction(s)  3S 3P renormalized
               file H.pbe-kjpaw_psl.1.0.0.UPF: wavefunction(s)  1S renormalized

     Parallelization info
     --------------------
     sticks:   dense  smooth     PW     G-vecs:    dense   smooth      PW
     Min        3057    1223    332               144436    36536    5170
     Max        3059    1225    333               144437    36537    5171
     Sum       24467    9791   2657              1155489   292295   41363


     Subspace diagonalization in iterative solution of the eigenvalue problem:
     a serial algorithm will be used

     GIPAW projectors -----------------------------------------------
     atom=  C    l=0  rc=    1.2000  rs=    0.8000
     atom=  C    l=0  rc=    1.2000  rs=    0.8000
     atom=  C    l=1  rc=    1.4000  rs=    0.9333
     atom=  C    l=1  rc=    1.4000  rs=    0.9333
     projs nearly linearly dependent: l=1  n1,n2= 1, 2  s=  0.99951561

     atom=  Cl   l=0  rc=    1.6000  rs=    1.0667
     atom=  Cl   l=0  rc=    1.6000  rs=    1.0667
     atom=  Cl   l=1  rc=    1.6000  rs=    1.0667
     atom=  Cl   l=1  rc=    1.6000  rs=    1.0667
     atom=  Cl   l=2  rc=    1.6000  rs=    1.0667
     atom=  Cl   l=2  rc=    1.6000  rs=    1.0667
     projs nearly linearly dependent: l=2  n1,n2= 1, 2  s=  0.99993509

     atom=  H    l=0  rc=    1.0000  rs=    0.6667
     atom=  H    l=0  rc=    1.0000  rs=    0.6667
     projs nearly linearly dependent: l=0  n1,n2= 1, 2  s=  0.99968852
     -----------------------------------------------------------------

     GIPAW integrals: -------------------------------------------
     Atom  i/j   nmr_para   nmr_dia   epr_rmc  epr_para   epr_dia
       C   1 1   0.83E+03  0.17E-01  0.93E+01  0.24E+08  0.24E+03
       C   2 1   0.86E+03 -0.61E-01  0.94E+01  0.25E+08  0.25E+03
       C   2 2   0.90E+03 -0.15E+00  0.97E+01  0.26E+08  0.26E+03
       C   3 3   0.33E+01  0.34E+00  0.18E+01  0.55E+03  0.21E+02
       C   4 3   0.35E+01  0.37E+00  0.20E+01  0.59E+03  0.22E+02
       C   4 4   0.38E+01  0.39E+00  0.22E+01  0.63E+03  0.24E+02
       Cl  1 1   0.14E+04 -0.47E+00  0.84E+01  0.32E+09  0.42E+03
       Cl  2 1   0.21E+04 -0.37E+00  0.12E+02  0.49E+09  0.65E+03
       Cl  2 2   0.33E+04 -0.16E+00  0.21E+02  0.76E+09  0.10E+04
       Cl  3 3   0.21E+02  0.79E-01  0.89E+01  0.23E+05  0.13E+03
       Cl  4 3   0.24E+02  0.67E-01  0.99E+01  0.27E+05  0.15E+03
       Cl  4 4   0.28E+02  0.44E-01  0.11E+02  0.32E+05  0.18E+03
       Cl  5 5   0.77E+00  0.19E+00  0.18E+01  0.12E+03  0.22E+02
       Cl  6 5   0.80E+00  0.19E+00  0.19E+01  0.12E+03  0.23E+02
       Cl  6 6   0.83E+00  0.20E+00  0.19E+01  0.12E+03  0.23E+02
       H   1 1   0.39E+02  0.19E+00  0.29E+00  0.78E+05  0.13E+02
       H   2 1   0.41E+02  0.21E+00  0.32E+00  0.82E+05  0.14E+02
       H   2 2   0.43E+02  0.22E+00  0.36E+00  0.86E+05  0.15E+02
     ------------------------------------------------------------

     alpha_pv=     34.2987 eV

     Number of occupied bands for each k-point:
     k-point:     1    nbnd_occ=  42
     k-point:     2    nbnd_occ=  42
     k-point:     3    nbnd_occ=  42
     k-point:     4    nbnd_occ=  42
     k-point:     5    nbnd_occ=  42
     k-point:     6    nbnd_occ=  42
     k-point:     7    nbnd_occ=  42
     k-point:     8    nbnd_occ=  42
     k-point:     9    nbnd_occ=  42
     k-point:    10    nbnd_occ=  42
     k-point:    11    nbnd_occ=  42
     k-point:    12    nbnd_occ=  42
     k-point:    13    nbnd_occ=  42
     k-point:    14    nbnd_occ=  42
     k-point:    15    nbnd_occ=  42
     k-point:    16    nbnd_occ=  42


     q-space interpolation up to   110.00 Rydberg

     GIPAW job: efg                                                                             


     ELECTRIC FIELD GRADIENTS TENSORS IN Hartree/bohrradius^2:

     ----- bare term -----
     Cl   1       -0.051274       -0.007630        0.044619
     Cl   1       -0.007630        0.018329        0.132316
     Cl   1        0.044619        0.132316        0.032945

     C    2       -0.616171        0.243533       -0.387309
     C    2        0.243533        0.059502       -0.131012
     C    2       -0.387309       -0.131012        0.556669

     C    3       -0.069566        0.218633       -0.208355
     C    3        0.218633       -0.362474       -0.500553
     C    3       -0.208355       -0.500553        0.432040

     H    4       -0.462613        0.063879       -0.409387
     H    4        0.063879        0.174488       -0.209464
     H    4       -0.409387       -0.209464        0.288124

     C    5       -0.674713        0.303679       -0.408090
     C    5        0.303679        0.193234       -0.177963
     C    5       -0.408090       -0.177963        0.481479

     H    6        0.370893       -0.041827       -0.030853
     H    6       -0.041827       -0.458782       -0.562839
     H    6       -0.030853       -0.562839        0.087889

     H    7        0.388694        0.080901       -0.057402
     H    7        0.080901       -0.444215        0.549571
     H    7       -0.057402        0.549571        0.055521

     C    8       -0.271042       -0.169302       -0.333011
     C    8       -0.169302       -0.120124        0.441057
     C    8       -0.333011        0.441057        0.391167

     H    9        0.119158        0.066318       -0.379948
     H    9        0.066318        0.281440       -0.247656
     H    9       -0.379948       -0.247656       -0.400597

     C   10       -0.195148       -0.378808       -0.287624
     C   10       -0.378808       -0.241915        0.473991
     C   10       -0.287624        0.473991        0.437063

     C   11       -0.218035        0.196391       -0.329890
     C   11        0.196391       -0.076136        0.624132
     C   11       -0.329890        0.624132        0.294171

     Cl  12        0.053334       -0.327924        0.028026
     Cl  12       -0.327924       -0.113770        0.001118
     Cl  12        0.028026        0.001118        0.060436

     H   13        0.356071        0.077831        0.273106
     H   13        0.077831       -0.013119       -0.524214
     H   13        0.273106       -0.524214       -0.342952

     C   14       -0.132271        0.018430       -0.348655
     C   14        0.018430       -0.267480       -0.307106
     C   14       -0.348655       -0.307106        0.399751

     H   15        0.000319       -0.098089       -0.477542
     H   15       -0.098089        0.418721        0.064514
     H   15       -0.477542        0.064514       -0.419040

     C   16       -0.383736        0.351327       -0.393576
     C   16        0.351327       -0.128705       -0.160543
     C   16       -0.393576       -0.160543        0.512441

     C   17       -0.007011       -0.143538       -0.363978
     C   17       -0.143538       -0.252210       -0.459634
     C   17       -0.363978       -0.459634        0.259221

     Cl  18       -0.203428        0.281929        0.011405
     Cl  18        0.281929        0.094753        0.050944
     Cl  18        0.011405        0.050944        0.108675

     H   19        0.509727       -0.023903       -0.184820
     H   19       -0.023903       -0.007539        0.243438
     H   19       -0.184820        0.243438       -0.502188

     C   20       -0.422122       -0.291659       -0.118249
     C   20       -0.291659        0.168272        0.278104
     C   20       -0.118249        0.278104        0.253850

     H   21        0.170514       -0.003552       -0.302628
     H   21       -0.003552        0.191168       -0.239636
     H   21       -0.302628       -0.239636       -0.361682

     C   22        0.083702       -0.106742       -0.112208
     C   22       -0.106742       -0.077522        0.322174
     C   22       -0.112208        0.322174       -0.006180

     C   23       -0.198208       -0.222850       -0.338465
     C   23       -0.222850        0.000002        0.200984
     C   23       -0.338465        0.200984        0.198206

     Cl  24        0.177105        0.266213        0.214021
     Cl  24        0.266213       -0.270685       -0.474995
     Cl  24        0.214021       -0.474995        0.093580

     ----- ionic term -----
     Cl   1        0.111442       -0.212595        0.013736
     Cl   1       -0.212595        0.029264        0.003434
     Cl   1        0.013736        0.003434       -0.140707

     C    2        0.155374       -0.241994        0.280316
     C    2       -0.241994        0.067886        0.364496
     C    2        0.280316        0.364496       -0.223260

     C    3        0.206187       -0.275459        0.176399
     C    3       -0.275459        0.073901        0.342014
     C    3        0.176399        0.342014       -0.280088

     H    4        0.637295        0.181466        0.697685
     H    4        0.181466       -0.481974        0.176320
     H    4        0.697685        0.176320       -0.155322

     C    5        0.274779       -0.143320        0.278565
     C    5       -0.143320       -0.010836        0.348688
     C    5        0.278565        0.348688       -0.263944

     H    6       -0.535114        0.051591        0.027230
     H    6        0.051591        0.589317        0.768516
     H    6        0.027230        0.768516       -0.054203

     H    7       -0.548525       -0.082410        0.071585
     H    7       -0.082410        0.598733       -0.725322
     H    7        0.071585       -0.725322       -0.050208

     C    8        0.074228        0.293000        0.337808
     C    8        0.293000        0.057559       -0.234434
     C    8        0.337808       -0.234434       -0.131787

     H    9        0.250905        0.044236        0.801822
     H    9        0.044236       -0.539432       -0.027263
     H    9        0.801822       -0.027263        0.288527

     C   10       -0.008637        0.344665        0.247630
     C   10        0.344665        0.093422       -0.327407
     C   10        0.247630       -0.327407       -0.084785

     C   11        0.084974        0.282917        0.375103
     C   11        0.282917        0.029730       -0.372934
     C   11        0.375103       -0.372934       -0.114704

     Cl  12        0.084895        0.227343        0.024711
     Cl  12        0.227343        0.073909        0.009251
     Cl  12        0.024711        0.009251       -0.158804

     H   13       -0.516670       -0.018497        0.027689
     H   13       -0.018497        0.616179        0.732767
     H   13        0.027689        0.732767       -0.099509

     C   14        0.261062       -0.275189        0.271265
     C   14       -0.275189       -0.002161        0.300848
     C   14        0.271265        0.300848       -0.258901

     H   15        0.626655        0.102571        0.753475
     H   15        0.102571       -0.543047        0.175412
     H   15        0.753475        0.175412       -0.083608

     C   16        0.154785       -0.341498        0.168480
     C   16       -0.341498        0.060653        0.427273
     C   16        0.168480        0.427273       -0.215438

     C   17        0.247058       -0.151793        0.278946
     C   17       -0.151793       -0.054493        0.489351
     C   17        0.278946        0.489351       -0.192565

     Cl  18        0.197363       -0.193563        0.005302
     Cl  18       -0.193563       -0.064366        0.003909
     Cl  18        0.005302        0.003909       -0.132997

     H   19       -0.489805       -0.200391        0.140031
     H   19       -0.200391        0.560026       -0.719048
     H   19        0.140031       -0.719048       -0.070221

     C   20        0.206158        0.226124        0.387815
     C   20        0.226124       -0.007888       -0.265193
     C   20        0.387815       -0.265193       -0.198271

     H   21        0.279804       -0.036859        0.824616
     H   21       -0.036859       -0.473652       -0.115775
     H   21        0.824616       -0.115775        0.193848

     C   22        0.030423        0.288933        0.261407
     C   22        0.288933        0.171029       -0.335167
     C   22        0.261407       -0.335167       -0.201452

     C   23       -0.030495        0.258364        0.366669
     C   23        0.258364        0.155381       -0.326831
     C   23        0.366669       -0.326831       -0.124886

     Cl  24        0.072445        0.219088        0.035655
     Cl  24        0.219088        0.064369        0.020665
     Cl  24        0.035655        0.020665       -0.136814

     ----- GIPAW term -----
     Cl   1       -0.181929       -1.728695        0.166996
     Cl   1       -1.728695        0.765955        2.090755
     Cl   1        0.166996        2.090755       -0.584027

     C    2       -0.120372       -0.107622       -0.141162
     C    2       -0.107622       -0.003785        0.137204
     C    2       -0.141162        0.137204        0.124157

     C    3       -0.061325        0.009086       -0.051447
     C    3        0.009086       -0.040925        0.003118
     C    3       -0.051447        0.003118        0.102250

     H    4       -0.000000        0.000000        0.000000
     H    4        0.000000        0.000000        0.000000
     H    4        0.000000        0.000000        0.000000

     C    5       -0.161455        0.066811       -0.046232
     C    5        0.066811        0.089169        0.060659
     C    5       -0.046232        0.060659        0.072286

     H    6       -0.000000        0.000000        0.000000
     H    6        0.000000        0.000000        0.000000
     H    6        0.000000        0.000000        0.000000

     H    7       -0.000000        0.000000        0.000000
     H    7        0.000000        0.000000        0.000000
     H    7        0.000000        0.000000        0.000000

     C    8       -0.032836       -0.016079       -0.055281
     C    8       -0.016079       -0.020992        0.082311
     C    8       -0.055281        0.082311        0.053827

     H    9       -0.000000        0.000000        0.000000
     H    9        0.000000        0.000000        0.000000
     H    9        0.000000        0.000000        0.000000

     C   10       -0.048394       -0.077494       -0.116773
     C   10       -0.077494       -0.055992        0.101709
     C   10       -0.116773        0.101709        0.104386

     C   11        0.002075        0.198833        0.006652
     C   11        0.198833       -0.027598        0.168058
     C   11        0.006652        0.168058        0.025522

     Cl  12        2.668343        0.125579        0.285982
     Cl  12        0.125579       -0.836836       -0.045762
     Cl  12        0.285982       -0.045762       -1.831507

     H   13       -0.000000        0.000000        0.000000
     H   13        0.000000        0.000000        0.000000
     H   13        0.000000        0.000000        0.000000

     C   14       -0.050620       -0.036311       -0.169912
     C   14       -0.036311       -0.182061        0.001249
     C   14       -0.169912        0.001249        0.232682

     H   15       -0.000000        0.000000        0.000000
     H   15        0.000000        0.000000        0.000000
     H   15        0.000000        0.000000        0.000000

     C   16       -0.122345        0.014457       -0.204229
     C   16        0.014457       -0.110869        0.040608
     C   16       -0.204229        0.040608        0.233214

     C   17       -0.012585       -0.179834       -0.085702
     C   17       -0.179834        0.020269        0.085936
     C   17       -0.085702        0.085936       -0.007684

     Cl  18       -0.712800        0.316775        0.315908
     Cl  18        0.316775        2.363741        1.346926
     Cl  18        0.315908        1.346926       -1.650940

     H   19       -0.000000        0.000000        0.000000
     H   19        0.000000        0.000000        0.000000
     H   19        0.000000        0.000000        0.000000

     C   20       -0.132955       -0.041167       -0.016748
     C   20       -0.041167        0.061122        0.168893
     C   20       -0.016748        0.168893        0.071833

     H   21       -0.000000        0.000000        0.000000
     H   21        0.000000        0.000000        0.000000
     H   21        0.000000        0.000000        0.000000

     C   22       -0.053425       -0.012994       -0.026247
     C   22       -0.012994        0.043009        0.108043
     C   22       -0.026247        0.108043        0.010415

     C   23       -0.039292       -0.041500       -0.083358
     C   23       -0.041500        0.045950        0.111458
     C   23       -0.083358        0.111458       -0.006658

     Cl  24        0.229938        0.437249       -0.106692
     Cl  24        0.437249        0.188698        0.204719
     Cl  24       -0.106692        0.204719       -0.418636

     ----- total EFG -----
     Cl   1       -0.121760       -1.948921        0.225351
     Cl   1       -1.948921        0.813549        2.226505
     Cl   1        0.225351        2.226505       -0.691789

     C    2       -0.581169       -0.106083       -0.248155
     C    2       -0.106083        0.123603        0.370689
     C    2       -0.248155        0.370689        0.457566

     C    3        0.075296       -0.047740       -0.083404
     C    3       -0.047740       -0.329498       -0.155421
     C    3       -0.083404       -0.155421        0.254202

     H    4        0.174683        0.245345        0.288297
     H    4        0.245345       -0.307486       -0.033144
     H    4        0.288297       -0.033144        0.132803

     C    5       -0.561388        0.227170       -0.175757
     C    5        0.227170        0.271567        0.231383
     C    5       -0.175757        0.231383        0.289822

     H    6       -0.164221        0.009764       -0.003623
     H    6        0.009764        0.130535        0.205677
     H    6       -0.003623        0.205677        0.033686

     H    7       -0.159831       -0.001509        0.014183
     H    7       -0.001509        0.154518       -0.175751
     H    7        0.014183       -0.175751        0.005312

     C    8       -0.229650        0.107618       -0.050484
     C    8        0.107618       -0.083557        0.288935
     C    8       -0.050484        0.288935        0.313207

     H    9        0.370062        0.110554        0.421874
     H    9        0.110554       -0.257992       -0.274919
     H    9        0.421874       -0.274919       -0.112070

     C   10       -0.252178       -0.111637       -0.156767
     C   10       -0.111637       -0.204485        0.248293
     C   10       -0.156767        0.248293        0.456663

     C   11       -0.130986        0.678142        0.051865
     C   11        0.678142       -0.074004        0.419256
     C   11        0.051865        0.419256        0.204989

     Cl  12        2.806572        0.024998        0.338719
     Cl  12        0.024998       -0.876696       -0.035393
     Cl  12        0.338719       -0.035393       -1.929875

     H   13       -0.160599        0.059334        0.300795
     H   13        0.059334        0.603060        0.208553
     H   13        0.300795        0.208553       -0.442462

     C   14        0.078170       -0.293070       -0.247302
     C   14       -0.293070       -0.451702       -0.005009
     C   14       -0.247302       -0.005009        0.373531

     H   15        0.626974        0.004482        0.275933
     H   15        0.004482       -0.124326        0.239926
     H   15        0.275933        0.239926       -0.502648

     C   16       -0.351296        0.024286       -0.429325
     C   16        0.024286       -0.178921        0.307338
     C   16       -0.429325        0.307338        0.530217

     C   17        0.227462       -0.475165       -0.170735
     C   17       -0.475165       -0.286433        0.115653
     C   17       -0.170735        0.115653        0.058971

     Cl  18       -0.718865        0.405141        0.332614
     Cl  18        0.405141        2.394127        1.401778
     Cl  18        0.332614        1.401778       -1.675262

     H   19        0.019922       -0.224294       -0.044789
     H   19       -0.224294        0.552487       -0.475610
     H   19       -0.044789       -0.475610       -0.572409

     C   20       -0.348918       -0.106702        0.252818
     C   20       -0.106702        0.221506        0.181804
     C   20        0.252818        0.181804        0.127413

     H   21        0.450318       -0.040411        0.521988
     H   21       -0.040411       -0.282484       -0.355411
     H   21        0.521988       -0.355411       -0.167834

     C   22        0.060701        0.169197        0.122952
     C   22        0.169197        0.136516        0.095050
     C   22        0.122952        0.095050       -0.197217

     C   23       -0.267995       -0.005987       -0.055154
     C   23       -0.005987        0.201333       -0.014389
     C   23       -0.055154       -0.014389        0.066662

     Cl  24        0.479488        0.922550        0.142985
     Cl  24        0.922550       -0.017618       -0.249611
     Cl  24        0.142985       -0.249611       -0.461870

     ----- total EFG (symmetrized) -----
     Cl   1       -0.121760       -1.948921        0.225351
     Cl   1       -1.948921        0.813549        2.226505
     Cl   1        0.225351        2.226505       -0.691789

     C    2       -0.581169       -0.106083       -0.248155
     C    2       -0.106083        0.123603        0.370689
     C    2       -0.248155        0.370689        0.457566

     C    3        0.075296       -0.047740       -0.083404
     C    3       -0.047740       -0.329498       -0.155421
     C    3       -0.083404       -0.155421        0.254202

     H    4        0.174683        0.245345        0.288297
     H    4        0.245345       -0.307486       -0.033144
     H    4        0.288297       -0.033144        0.132803

     C    5       -0.561388        0.227170       -0.175757
     C    5        0.227170        0.271567        0.231383
     C    5       -0.175757        0.231383        0.289822

     H    6       -0.164221        0.009764       -0.003623
     H    6        0.009764        0.130535        0.205677
     H    6       -0.003623        0.205677        0.033686

     H    7       -0.159831       -0.001509        0.014183
     H    7       -0.001509        0.154518       -0.175751
     H    7        0.014183       -0.175751        0.005312

     C    8       -0.229650        0.107618       -0.050484
     C    8        0.107618       -0.083557        0.288935
     C    8       -0.050484        0.288935        0.313207

     H    9        0.370062        0.110554        0.421874
     H    9        0.110554       -0.257992       -0.274919
     H    9        0.421874       -0.274919       -0.112070

     C   10       -0.252178       -0.111637       -0.156767
     C   10       -0.111637       -0.204485        0.248293
     C   10       -0.156767        0.248293        0.456663

     C   11       -0.130986        0.678142        0.051865
     C   11        0.678142       -0.074004        0.419256
     C   11        0.051865        0.419256        0.204989

     Cl  12        2.806572        0.024998        0.338719
     Cl  12        0.024998       -0.876696       -0.035393
     Cl  12        0.338719       -0.035393       -1.929875

     H   13       -0.160599        0.059334        0.300795
     H   13        0.059334        0.603060        0.208553
     H   13        0.300795        0.208553       -0.442462

     C   14        0.078170       -0.293070       -0.247302
     C   14       -0.293070       -0.451702       -0.005009
     C   14       -0.247302       -0.005009        0.373531

     H   15        0.626974        0.004482        0.275933
     H   15        0.004482       -0.124326        0.239926
     H   15        0.275933        0.239926       -0.502648

     C   16       -0.351296        0.024286       -0.429325
     C   16        0.024286       -0.178921        0.307338
     C   16       -0.429325        0.307338        0.530217

     C   17        0.227462       -0.475165       -0.170735
     C   17       -0.475165       -0.286433        0.115653
     C   17       -0.170735        0.115653        0.058971

     Cl  18       -0.718865        0.405141        0.332614
     Cl  18        0.405141        2.394127        1.401778
     Cl  18        0.332614        1.401778       -1.675262

     H   19        0.019922       -0.224294       -0.044789
     H   19       -0.224294        0.552487       -0.475610
     H   19       -0.044789       -0.475610       -0.572409

     C   20       -0.348918       -0.106702        0.252818
     C   20       -0.106702        0.221506        0.181804
     C   20        0.252818        0.181804        0.127413

     H   21        0.450318       -0.040411        0.521988
     H   21       -0.040411       -0.282484       -0.355411
     H   21        0.521988       -0.355411       -0.167834

     C   22        0.060701        0.169197        0.122952
     C   22        0.169197        0.136516        0.095050
     C   22        0.122952        0.095050       -0.197217

     C   23       -0.267995       -0.005987       -0.055154
     C   23       -0.005987        0.201333       -0.014389
     C   23       -0.055154       -0.014389        0.066662

     Cl  24        0.479488        0.922550        0.142985
     Cl  24        0.922550       -0.017618       -0.249611
     Cl  24        0.142985       -0.249611       -0.461870


     NQR/NMR SPECTROSCOPIC PARAMETERS:
     Cl   1    Vxx=   -0.1391    axis=(  0.766823  0.080458  0.636796)
     Cl   1    Vyy=   -2.9914    axis=(  0.466047  0.612383 -0.638582)
     Cl   1    Vzz=    3.1305    axis=( -0.441342  0.786456  0.432093)
     Cl   1  Q=        -8.1650 1e-30 m^2  Cq=       -60.0575 MHz  eta= 0.91113

     C    2    Vxx=   -0.1122    axis=(  0.081672  0.851316 -0.518257)
     C    2    Vyy=   -0.6381    axis=( -0.977152 -0.033982 -0.209809)
     C    2    Vzz=    0.7504    axis=( -0.196225  0.523551  0.829090)
     C    2  Q=         1.0000 1e-30 m^2  Cq=         1.7631 MHz  eta= 0.70085

     C    3    Vxx=    0.0645    axis=(  0.946719 -0.210782  0.243505)
     C    3    Vyy=    0.3137    axis=(  0.286356  0.204895 -0.935958)
     C    3    Vzz=   -0.3782    axis=(  0.147390  0.955818  0.254337)
     C    3  Q=         1.0000 1e-30 m^2  Cq=        -0.8887 MHz  eta= 0.65907

     H    4    Vxx=   -0.0258    axis=( -0.462752 -0.489976  0.738772)
     H    4    Vyy=   -0.4511    axis=(  0.457874 -0.845708 -0.274096)
     H    4    Vzz=    0.4769    axis=(  0.759086  0.211426  0.615700)
     H    4  Q=         1.0000 1e-30 m^2  Cq=         1.1204 MHz  eta= 0.89180

     C    5    Vxx=    0.1615    axis=( -0.366036 -0.648252  0.667672)
     C    5    Vyy=    0.5133    axis=(  0.034156  0.707622  0.705765)
     C    5    Vzz=   -0.6748    axis=( -0.929974  0.281141 -0.236874)
     C    5  Q=         1.0000 1e-30 m^2  Cq=        -1.5856 MHz  eta= 0.52129

     H    6    Vxx=   -0.1271    axis=( -0.232564 -0.601448  0.764313)
     H    6    Vyy=   -0.1664    axis=(  0.972509 -0.153354  0.175237)
     H    6    Vzz=    0.2935    axis=(  0.011815  0.784055  0.620578)
     H    6  Q=         1.0000 1e-30 m^2  Cq=         0.6895 MHz  eta= 0.13409

     H    7    Vxx=   -0.1087    axis=(  0.209208  0.543891  0.812659)
     H    7    Vyy=   -0.1624    axis=(  0.977643 -0.098403 -0.185823)
     H    7    Vzz=    0.2710    axis=( -0.021099  0.833366 -0.552318)
     H    7  Q=         1.0000 1e-30 m^2  Cq=         0.6368 MHz  eta= 0.19818

     C    8    Vxx=   -0.1139    axis=( -0.715902 -0.614652  0.331191)
     C    8    Vyy=   -0.3515    axis=( -0.698154  0.635688 -0.329366)
     C    8    Vzz=    0.4654    axis=(  0.008088  0.467016  0.884212)
     C    8  Q=         1.0000 1e-30 m^2  Cq=         1.0934 MHz  eta= 0.51049

     H    9    Vxx=   -0.0117    axis=(  0.369064  0.761088 -0.533421)
     H    9    Vyy=   -0.6055    axis=( -0.363387  0.646417  0.670891)
     H    9    Vzz=    0.6172    axis=(  0.855419 -0.053763  0.515139)
     H    9  Q=         1.0000 1e-30 m^2  Cq=         1.4501 MHz  eta= 0.96208

     C   10    Vxx=   -0.2352    axis=( -0.671087  0.636331 -0.380428)
     C   10    Vyy=   -0.3452    axis=(  0.708993  0.700844 -0.078403)
     C   10    Vzz=    0.5804    axis=( -0.216730  0.322335  0.921481)
     C   10  Q=         1.0000 1e-30 m^2  Cq=         1.3637 MHz  eta= 0.18954

     C   11    Vxx=    0.0593    axis=( -0.543784 -0.214641  0.811313)
     C   11    Vyy=    0.7877    axis=( -0.523515 -0.668825 -0.527831)
     C   11    Vzz=   -0.8470    axis=( -0.655921  0.711760 -0.251328)
     C   11  Q=         1.0000 1e-30 m^2  Cq=        -1.9901 MHz  eta= 0.85995

     Cl  12    Vxx=   -0.8756    axis=( -0.003592  0.999391 -0.034703)
     Cl  12    Vyy=   -1.9553    axis=(  0.071090 -0.034360 -0.996878)
     Cl  12    Vzz=    2.8308    axis=( -0.997463 -0.006048 -0.070924)
     Cl  12  Q=        -8.1650 1e-30 m^2  Cq=       -54.3076 MHz  eta= 0.38141

     H   13    Vxx=   -0.0099    axis=( -0.847376  0.242697 -0.472284)
     H   13    Vyy=   -0.6508    axis=( -0.508971 -0.117742  0.852693)
     H   13    Vzz=    0.6607    axis=(  0.151338  0.962930  0.223298)
     H   13  Q=         1.0000 1e-30 m^2  Cq=         1.5525 MHz  eta= 0.96990

     C   14    Vxx=    0.0577    axis=(  0.718241 -0.418703  0.555714)
     C   14    Vyy=    0.5363    axis=( -0.545207  0.157546  0.823364)
     C   14    Vzz=   -0.5940    axis=(  0.432295  0.894353  0.115124)
     C   14  Q=         1.0000 1e-30 m^2  Cq=        -1.3957 MHz  eta= 0.80581

     H   15    Vxx=   -0.0284    axis=(  0.161622 -0.915270 -0.368998)
     H   15    Vyy=   -0.6668    axis=( -0.190244 -0.395797  0.898416)
     H   15    Vzz=    0.6952    axis=( -0.968342 -0.075004 -0.238094)
     H   15  Q=         1.0000 1e-30 m^2  Cq=         1.6334 MHz  eta= 0.91832

     C   16    Vxx=   -0.2033    axis=(  0.452709  0.885338 -0.105982)
     C   16    Vyy=   -0.5815    axis=( -0.826626  0.372156 -0.422124)
     C   16    Vzz=    0.7848    axis=( -0.334280  0.278707  0.900322)
     C   16  Q=         1.0000 1e-30 m^2  Cq=         1.8439 MHz  eta= 0.48190

     C   17    Vxx=   -0.0206    axis=(  0.320681 -0.167591  0.932243)
     C   17    Vyy=   -0.5699    axis=( -0.508607 -0.860761  0.020215)
     C   17    Vzz=    0.5905    axis=(  0.799051 -0.480628 -0.361268)
     C   17  Q=         1.0000 1e-30 m^2  Cq=         1.3874 MHz  eta= 0.93039

     Cl  18    Vxx=   -0.7559    axis=(  0.980809 -0.169230  0.096819)
     Cl  18    Vyy=   -2.1397    axis=(  0.142142  0.280770 -0.949191)
     Cl  18    Vzz=    2.8957    axis=(  0.133448  0.944738  0.299437)
     Cl  18  Q=        -8.1650 1e-30 m^2  Cq=       -55.5516 MHz  eta= 0.47788

     H   19    Vxx=   -0.0123    axis=(  0.955138  0.183660 -0.232335)
     H   19    Vyy=   -0.7652    axis=(  0.154958  0.358625  0.920530)
     H   19    Vzz=    0.7776    axis=(  0.252386 -0.915236  0.314077)
     H   19  Q=         1.0000 1e-30 m^2  Cq=         1.8269 MHz  eta= 0.96833

     C   20    Vxx=    0.1279    axis=(  0.465466 -0.645563  0.605466)
     C   20    Vyy=    0.3715    axis=(  0.129318  0.726356  0.675043)
     C   20    Vzz=   -0.4994    axis=(  0.875567  0.235912 -0.421577)
     C   20  Q=         1.0000 1e-30 m^2  Cq=        -1.1734 MHz  eta= 0.48767

     H   21    Vxx=   -0.1041    axis=(  0.468645  0.766961 -0.438340)
     H   21    Vyy=   -0.6880    axis=( -0.312935  0.608162  0.729528)
     H   21    Vzz=    0.7921    axis=(  0.826101 -0.204718  0.525021)
     H   21  Q=         1.0000 1e-30 m^2  Cq=         1.8611 MHz  eta= 0.73727

     C   22    Vxx=   -0.0680    axis=(  0.714196 -0.675744  0.182466)
     C   22    Vyy=   -0.2487    axis=(  0.325165  0.089464 -0.941416)
     C   22    Vzz=    0.3167    axis=(  0.619833  0.731687  0.283623)
     C   22  Q=         1.0000 1e-30 m^2  Cq=         0.7441 MHz  eta= 0.57072

     C   23    Vxx=    0.0741    axis=( -0.160061  0.103515  0.981664)
     C   23    Vyy=    0.2029    axis=( -0.000354  0.994480 -0.104924)
     C   23    Vzz=   -0.2770    axis=( -0.987107 -0.017142 -0.159141)
     C   23  Q=         1.0000 1e-30 m^2  Cq=        -0.6508 MHz  eta= 0.46469

     Cl  24    Vxx=   -0.2800    axis=(  0.345745 -0.415066  0.841535)
     Cl  24    Vyy=   -0.9073    axis=( -0.504165  0.674215  0.539676)
     Cl  24    Vzz=    1.1873    axis=( -0.791377 -0.610863  0.023844)
     Cl  24  Q=        -8.1650 1e-30 m^2  Cq=       -22.7777 MHz  eta= 0.52832

     Initialization:
     gipaw_setup  :      9.17s CPU     11.26s WALL (       1 calls)

     Linear response

     Apply operators

     Induced current

     Other routines
     efg          :      9.46s CPU     12.01s WALL (       1 calls)

     General routines
     calbec       :      3.35s CPU      4.35s WALL (      16 calls)
     fft          :      1.34s CPU      1.60s WALL (      15 calls)
     ffts         :      0.04s CPU      0.05s WALL (       2 calls)
     fftw         :      3.30s CPU      4.28s WALL (     672 calls)
     davcio       :      0.04s CPU      0.33s WALL (      32 calls)

     Parallel routines
     fft_scatter  :      2.10s CPU      3.08s WALL (     689 calls)

     Plugins

     GIPAW        :     62.87s CPU     76.53s WALL (       1 calls)
