
     Program QE v.6.0 (svn rev. 13079) starts on 18Jan2017 at 12: 5:18 

     This program is part of the open-source Quantum ESPRESSO suite
     for quantum simulation of materials; please cite
         "P. Giannozzi et al., J. Phys.:Condens. Matter 21 395502 (2009);
          URL http://www.quantum-espresso.org", 
     in publications or presentations arising from this work. More details at
     http://www.quantum-espresso.org/quote

     Parallel version (MPI), running on     8 processors
     R & G space division:  proc/nbgrp/npool/nimage =       8

     ***** This is GIPAW svn revision unknown      *****

     Parallelizing q-star over 1 images

     Reading data from directory:
     /users/majewski/paradichlorobenzene/pbe/9_constraint/scratch/pbe.ecut100.np8.dt60.pcl2phi-129368.save
     Message from routine read_xml_file:
     file /users/majewski/paradichlorobenzene/pbe/9_constraint/scratch/pbe.ecut100.np8.dt60.pcl2phi-129368.save not guaranteed to be safe for post-processing

   Info: using nr1, nr2, nr3 values from input

   Info: using nr1, nr2, nr3 values from input

     IMPORTANT: XC functional enforced from input :
     Exchange-correlation      =  SLA  PW   PBX  PBC ( 1  4  3  4 0 0)
     Any further DFT definition will be discarded
     Please, verify this is what you really want

               file C.pbe-n-kjpaw_psl.1.0.0.UPF: wavefunction(s)  2S 2P renormalized
               file Cl.pbe-n-kjpaw_psl.1.0.0.UPF: wavefunction(s)  3S 3P renormalized
               file H.pbe-kjpaw_psl.1.0.0.UPF: wavefunction(s)  1S renormalized

     Parallelization info
     --------------------
     sticks:   dense  smooth     PW     G-vecs:    dense   smooth      PW
     Min        3057    1223    332               144436    36536    5170
     Max        3059    1225    333               144437    36537    5171
     Sum       24467    9791   2657              1155489   292295   41363


     Subspace diagonalization in iterative solution of the eigenvalue problem:
     a serial algorithm will be used

     GIPAW projectors -----------------------------------------------
     atom=  C    l=0  rc=    1.2000  rs=    0.8000
     atom=  C    l=0  rc=    1.2000  rs=    0.8000
     atom=  C    l=1  rc=    1.4000  rs=    0.9333
     atom=  C    l=1  rc=    1.4000  rs=    0.9333
     projs nearly linearly dependent: l=1  n1,n2= 1, 2  s=  0.99951561

     atom=  Cl   l=0  rc=    1.6000  rs=    1.0667
     atom=  Cl   l=0  rc=    1.6000  rs=    1.0667
     atom=  Cl   l=1  rc=    1.6000  rs=    1.0667
     atom=  Cl   l=1  rc=    1.6000  rs=    1.0667
     atom=  Cl   l=2  rc=    1.6000  rs=    1.0667
     atom=  Cl   l=2  rc=    1.6000  rs=    1.0667
     projs nearly linearly dependent: l=2  n1,n2= 1, 2  s=  0.99993509

     atom=  H    l=0  rc=    1.0000  rs=    0.6667
     atom=  H    l=0  rc=    1.0000  rs=    0.6667
     projs nearly linearly dependent: l=0  n1,n2= 1, 2  s=  0.99968852
     -----------------------------------------------------------------

     GIPAW integrals: -------------------------------------------
     Atom  i/j   nmr_para   nmr_dia   epr_rmc  epr_para   epr_dia
       C   1 1   0.83E+03  0.17E-01  0.93E+01  0.24E+08  0.24E+03
       C   2 1   0.86E+03 -0.61E-01  0.94E+01  0.25E+08  0.25E+03
       C   2 2   0.90E+03 -0.15E+00  0.97E+01  0.26E+08  0.26E+03
       C   3 3   0.33E+01  0.34E+00  0.18E+01  0.55E+03  0.21E+02
       C   4 3   0.35E+01  0.37E+00  0.20E+01  0.59E+03  0.22E+02
       C   4 4   0.38E+01  0.39E+00  0.22E+01  0.63E+03  0.24E+02
       Cl  1 1   0.14E+04 -0.47E+00  0.84E+01  0.32E+09  0.42E+03
       Cl  2 1   0.21E+04 -0.37E+00  0.12E+02  0.49E+09  0.65E+03
       Cl  2 2   0.33E+04 -0.16E+00  0.21E+02  0.76E+09  0.10E+04
       Cl  3 3   0.21E+02  0.79E-01  0.89E+01  0.23E+05  0.13E+03
       Cl  4 3   0.24E+02  0.67E-01  0.99E+01  0.27E+05  0.15E+03
       Cl  4 4   0.28E+02  0.44E-01  0.11E+02  0.32E+05  0.18E+03
       Cl  5 5   0.77E+00  0.19E+00  0.18E+01  0.12E+03  0.22E+02
       Cl  6 5   0.80E+00  0.19E+00  0.19E+01  0.12E+03  0.23E+02
       Cl  6 6   0.83E+00  0.20E+00  0.19E+01  0.12E+03  0.23E+02
       H   1 1   0.39E+02  0.19E+00  0.29E+00  0.78E+05  0.13E+02
       H   2 1   0.41E+02  0.21E+00  0.32E+00  0.82E+05  0.14E+02
       H   2 2   0.43E+02  0.22E+00  0.36E+00  0.86E+05  0.15E+02
     ------------------------------------------------------------

     alpha_pv=     33.8202 eV

     Number of occupied bands for each k-point:
     k-point:     1    nbnd_occ=  42
     k-point:     2    nbnd_occ=  42
     k-point:     3    nbnd_occ=  42
     k-point:     4    nbnd_occ=  42
     k-point:     5    nbnd_occ=  42
     k-point:     6    nbnd_occ=  42
     k-point:     7    nbnd_occ=  42
     k-point:     8    nbnd_occ=  42
     k-point:     9    nbnd_occ=  42
     k-point:    10    nbnd_occ=  42
     k-point:    11    nbnd_occ=  42
     k-point:    12    nbnd_occ=  42
     k-point:    13    nbnd_occ=  42
     k-point:    14    nbnd_occ=  42
     k-point:    15    nbnd_occ=  42
     k-point:    16    nbnd_occ=  42


     q-space interpolation up to   110.00 Rydberg

     GIPAW job: efg                                                                             


     ELECTRIC FIELD GRADIENTS TENSORS IN Hartree/bohrradius^2:

     ----- bare term -----
     Cl   1       -0.130091        0.208263       -0.006091
     Cl   1        0.208263       -0.017338       -0.007234
     Cl   1       -0.006091       -0.007234        0.147429

     C    2       -0.042593       -0.015107       -0.468236
     C    2       -0.015107       -0.347399       -0.453955
     C    2       -0.468236       -0.453955        0.389992

     C    3       -0.048399        0.410232       -0.179806
     C    3        0.410232       -0.180896       -0.093690
     C    3       -0.179806       -0.093690        0.229295

     H    4        0.083962       -0.111521       -0.246243
     H    4       -0.111521        0.504839       -0.012858
     H    4       -0.246243       -0.012858       -0.588800

     C    5       -0.120015        0.060256       -0.572450
     C    5        0.060256       -0.024968       -0.403011
     C    5       -0.572450       -0.403011        0.144983

     H    6        0.020689        0.156246        0.244857
     H    6        0.156246       -0.133106       -0.505552
     H    6        0.244857       -0.505552        0.112417

     H    7        0.478778        0.036851       -0.074923
     H    7        0.036851       -0.115608        0.449736
     H    7       -0.074923        0.449736       -0.363170

     C    8       -0.332995       -0.215375       -0.395031
     C    8       -0.215375       -0.100074        0.430116
     C    8       -0.395031        0.430116        0.433069

     H    9       -0.336020       -0.062201       -0.506227
     H    9       -0.062201        0.094068        0.103123
     H    9       -0.506227        0.103123        0.241952

     C   10       -0.061641       -0.421388       -0.223522
     C   10       -0.421388       -0.221969        0.597272
     C   10       -0.223522        0.597272        0.283610

     C   11       -0.045038       -0.095876       -0.594706
     C   11       -0.095876       -0.027106        0.453415
     C   11       -0.594706        0.453415        0.072144

     Cl  12       -0.055782       -0.152165       -0.126278
     Cl  12       -0.152165        0.030104        0.135508
     Cl  12       -0.126278        0.135508        0.025678

     H   13        0.446941        0.058872       -0.099273
     H   13        0.058872       -0.717059       -0.070812
     H   13       -0.099273       -0.070812        0.270118

     C   14       -0.388268        0.109385       -0.336897
     C   14        0.109385       -0.050770       -0.506065
     C   14       -0.336897       -0.506065        0.439039

     H   15       -0.308652       -0.297029       -0.506718
     H   15       -0.297029        0.239315       -0.283698
     H   15       -0.506718       -0.283698        0.069337

     C   16       -0.335178        0.285644       -0.304221
     C   16        0.285644       -0.086477       -0.406454
     C   16       -0.304221       -0.406454        0.421655

     C   17       -0.093710        0.255782       -0.119773
     C   17        0.255782       -0.371753       -0.482410
     C   17       -0.119773       -0.482410        0.465462

     Cl  18       -0.090347        0.000206       -0.080793
     Cl  18        0.000206       -0.035556       -0.129397
     Cl  18       -0.080793       -0.129397        0.125903

     H   19        0.097765        0.203443       -0.226598
     H   19        0.203443       -0.280316        0.485733
     H   19       -0.226598        0.485733        0.182551

     C   20       -0.141244       -0.438234       -0.340461
     C   20       -0.438234       -0.290280        0.300138
     C   20       -0.340461        0.300138        0.431524

     H   21       -0.669707        0.220339       -0.217033
     H   21        0.220339        0.380608        0.144155
     H   21       -0.217033        0.144155        0.289099

     C   22        0.003159       -0.022702       -0.445700
     C   22       -0.022702       -0.325786        0.503925
     C   22       -0.445700        0.503925        0.322628

     C   23       -0.378080       -0.166199       -0.378832
     C   23       -0.166199       -0.070792        0.361063
     C   23       -0.378832        0.361063        0.448872

     Cl  24       -0.011720       -0.065595       -0.031006
     Cl  24       -0.065595        0.091812        0.016502
     Cl  24       -0.031006        0.016502       -0.080092

     ----- ionic term -----
     Cl   1        0.198563       -0.219123        0.057465
     Cl   1       -0.219123       -0.046645       -0.018719
     Cl   1        0.057465       -0.018719       -0.151918

     C    2        0.210607       -0.214500        0.330091
     C    2       -0.214500        0.045587        0.400997
     C    2        0.330091        0.400997       -0.256194

     C    3        0.118458       -0.376602        0.271153
     C    3       -0.376602        0.151759        0.302392
     C    3        0.271153        0.302392       -0.270217

     H    4        0.494490        0.193930        0.786065
     H    4        0.193930       -0.469790        0.234504
     H    4        0.786065        0.234504       -0.024700

     C    5        0.164069       -0.304898        0.393169
     C    5       -0.304898        0.072092        0.223144
     C    5        0.393169        0.223144       -0.236161

     H    6       -0.533673       -0.033703        0.018777
     H    6       -0.033703        0.691864        0.677483
     H    6        0.018777        0.677483       -0.158191

     H    7       -0.502915       -0.138176        0.120646
     H    7       -0.138176        0.483547       -0.758448
     H    7        0.120646       -0.758448        0.019368

     C    8        0.261154        0.171569        0.310751
     C    8        0.171569        0.040976       -0.301712
     C    8        0.310751       -0.301712       -0.302130

     H    9        0.768609       -0.228232        0.611082
     H    9       -0.228232       -0.449349       -0.189303
     H    9        0.611082       -0.189303       -0.319260

     C   10        0.142020        0.202685        0.206080
     C   10        0.202685        0.220528       -0.376951
     C   10        0.206080       -0.376951       -0.362548

     C   11        0.206403        0.083619        0.343977
     C   11        0.083619        0.112359       -0.395481
     C   11        0.343977       -0.395481       -0.318762

     Cl  12        0.112658        0.193032        0.022470
     Cl  12        0.193032        0.018081        0.004266
     Cl  12        0.022470        0.004266       -0.130739

     H   13       -0.518969       -0.006960       -0.014270
     H   13       -0.006960        0.733781        0.648474
     H   13       -0.014270        0.648474       -0.214812

     C   14        0.170843       -0.130944        0.351998
     C   14       -0.130944        0.100374        0.277743
     C   14        0.351998        0.277743       -0.271217

     H   15        0.503288        0.341809        0.701038
     H   15        0.341809       -0.373985        0.269706
     H   15        0.701038        0.269706       -0.129302

     C   16        0.067795       -0.196679        0.263376
     C   16       -0.196679        0.246024        0.315555
     C   16        0.263376        0.315555       -0.313819

     C   17        0.027546       -0.225103        0.358597
     C   17       -0.225103        0.206501        0.332760
     C   17        0.358597        0.332760       -0.234047

     Cl  18        0.102053       -0.200467        0.043068
     Cl  18       -0.200467        0.042497       -0.025789
     Cl  18        0.043068       -0.025789       -0.144550

     H   19       -0.524726       -0.070295        0.060042
     H   19       -0.070295        0.373854       -0.789375
     H   19        0.060042       -0.789375        0.150872

     C   20        0.274514        0.161765        0.310821
     C   20        0.161765        0.014533       -0.311053
     C   20        0.310821       -0.311053       -0.289046

     H   21        0.571746       -0.298754        0.690285
     H   21       -0.298754       -0.429070       -0.244419
     H   21        0.690285       -0.244419       -0.142675

     C   22        0.108733        0.199649        0.224230
     C   22        0.199649        0.226822       -0.366320
     C   22        0.224230       -0.366320       -0.335555

     C   23        0.186740        0.184777        0.338362
     C   23        0.184777        0.164335       -0.339776
     C   23        0.338362       -0.339776       -0.351075

     Cl  24        0.093596        0.218883        0.024789
     Cl  24        0.218883        0.070477        0.015181
     Cl  24        0.024789        0.015181       -0.164073

     ----- GIPAW term -----
     Cl   1       -1.007814       -0.911334       -0.589826
     Cl   1       -0.911334       -1.240313        0.862990
     Cl   1       -0.589826        0.862990        2.248126

     C    2       -0.016254       -0.060930       -0.192373
     C    2       -0.060930       -0.150434       -0.107090
     C    2       -0.192373       -0.107090        0.166688

     C    3        0.047319        0.037408       -0.135971
     C    3        0.037408       -0.094670        0.005503
     C    3       -0.135971        0.005503        0.047351

     H    4       -0.000000        0.000000        0.000000
     H    4        0.000000        0.000000        0.000000
     H    4        0.000000        0.000000        0.000000

     C    5        0.174805        0.049071       -0.200695
     C    5        0.049071       -0.118866       -0.087225
     C    5       -0.200695       -0.087225       -0.055938

     H    6       -0.000000        0.000000        0.000000
     H    6        0.000000        0.000000        0.000000
     H    6        0.000000        0.000000        0.000000

     H    7       -0.000000        0.000000        0.000000
     H    7        0.000000        0.000000        0.000000
     H    7        0.000000        0.000000        0.000000

     C    8       -0.048621       -0.046931       -0.118361
     C    8       -0.046931       -0.078811        0.117157
     C    8       -0.118361        0.117157        0.127432

     H    9       -0.000000        0.000000        0.000000
     H    9        0.000000        0.000000        0.000000
     H    9        0.000000        0.000000        0.000000

     C   10       -0.040343       -0.148877       -0.097546
     C   10       -0.148877        0.031374        0.179165
     C   10       -0.097546        0.179165        0.008969

     C   11        0.144964       -0.062961       -0.193035
     C   11       -0.062961       -0.014014        0.124923
     C   11       -0.193035        0.124923       -0.130950

     Cl  12        0.634497        0.402801       -1.254273
     Cl  12        0.402801        0.611535        1.630696
     Cl  12       -1.254273        1.630696       -1.246032

     H   13       -0.000000        0.000000        0.000000
     H   13        0.000000        0.000000        0.000000
     H   13        0.000000        0.000000        0.000000

     C   14       -0.129269        0.022021       -0.058171
     C   14        0.022021        0.011259       -0.234414
     C   14       -0.058171       -0.234414        0.118010

     H   15       -0.000000        0.000000        0.000000
     H   15        0.000000        0.000000        0.000000
     H   15        0.000000        0.000000        0.000000

     C   16       -0.091409        0.053564       -0.063082
     C   16        0.053564        0.020255       -0.043033
     C   16       -0.063082       -0.043033        0.071154

     C   17        0.054803       -0.077514        0.082216
     C   17       -0.077514       -0.127219       -0.078686
     C   17        0.082216       -0.078686        0.072416

     Cl  18       -0.260562       -1.727320       -0.470175
     Cl  18       -1.727320       -0.114349       -1.956142
     Cl  18       -0.470175       -1.956142        0.374911

     H   19       -0.000000        0.000000        0.000000
     H   19        0.000000        0.000000        0.000000
     H   19        0.000000        0.000000        0.000000

     C   20        0.102541       -0.146946       -0.183768
     C   20       -0.146946       -0.138899        0.099614
     C   20       -0.183768        0.099614        0.036359

     H   21       -0.000000        0.000000        0.000000
     H   21        0.000000        0.000000        0.000000
     H   21        0.000000        0.000000        0.000000

     C   22        0.076325        0.044355       -0.231690
     C   22        0.044355       -0.123326        0.056568
     C   22       -0.231690        0.056568        0.047000

     C   23       -0.014307        0.111027       -0.133306
     C   23        0.111027       -0.044162        0.008058
     C   23       -0.133306        0.008058        0.058469

     Cl  24        1.182925        1.568376       -0.214420
     Cl  24        1.568376        0.937141        0.172351
     Cl  24       -0.214420        0.172351       -2.120066

     ----- total EFG -----
     Cl   1       -0.939341       -0.922194       -0.538451
     Cl   1       -0.922194       -1.304296        0.837038
     Cl   1       -0.538451        0.837038        2.243637

     C    2        0.151759       -0.290536       -0.330519
     C    2       -0.290536       -0.452246       -0.160047
     C    2       -0.330519       -0.160047        0.300487

     C    3        0.117378        0.071039       -0.044624
     C    3        0.071039       -0.123806        0.214205
     C    3       -0.044624        0.214205        0.006428

     H    4        0.578452        0.082409        0.539822
     H    4        0.082409        0.035049        0.221646
     H    4        0.539822        0.221646       -0.613501

     C    5        0.218859       -0.195571       -0.379976
     C    5       -0.195571       -0.071742       -0.267092
     C    5       -0.379976       -0.267092       -0.147117

     H    6       -0.512984        0.122544        0.263633
     H    6        0.122544        0.558758        0.171930
     H    6        0.263633        0.171930       -0.045774

     H    7       -0.024137       -0.101325        0.045723
     H    7       -0.101325        0.367938       -0.308713
     H    7        0.045723       -0.308713       -0.343801

     C    8       -0.120462       -0.090736       -0.202642
     C    8       -0.090736       -0.137909        0.245561
     C    8       -0.202642        0.245561        0.258371

     H    9        0.432589       -0.290433        0.104855
     H    9       -0.290433       -0.355281       -0.086180
     H    9        0.104855       -0.086180       -0.077308

     C   10        0.040036       -0.367579       -0.114987
     C   10       -0.367579        0.029933        0.399486
     C   10       -0.114987        0.399486       -0.069968

     C   11        0.306329       -0.075218       -0.443763
     C   11       -0.075218        0.071239        0.182856
     C   11       -0.443763        0.182856       -0.377568

     Cl  12        0.691373        0.443668       -1.358081
     Cl  12        0.443668        0.659720        1.770470
     Cl  12       -1.358081        1.770470       -1.351093

     H   13       -0.072028        0.051911       -0.113543
     H   13        0.051911        0.016722        0.577662
     H   13       -0.113543        0.577662        0.055305

     C   14       -0.346694        0.000463       -0.043070
     C   14        0.000463        0.060863       -0.462736
     C   14       -0.043070       -0.462736        0.285832

     H   15        0.194636        0.044779        0.194320
     H   15        0.044779       -0.134670       -0.013991
     H   15        0.194320       -0.013991       -0.059966

     C   16       -0.358792        0.142529       -0.103927
     C   16        0.142529        0.179803       -0.133932
     C   16       -0.103927       -0.133932        0.178989

     C   17       -0.011361       -0.046835        0.321040
     C   17       -0.046835       -0.292471       -0.228336
     C   17        0.321040       -0.228336        0.303831

     Cl  18       -0.248856       -1.927580       -0.507901
     Cl  18       -1.927580       -0.107408       -2.111328
     Cl  18       -0.507901       -2.111328        0.356264

     H   19       -0.426961        0.133148       -0.166555
     H   19        0.133148        0.093538       -0.303643
     H   19       -0.166555       -0.303643        0.333423

     C   20        0.235810       -0.423415       -0.213409
     C   20       -0.423415       -0.414646        0.088699
     C   20       -0.213409        0.088699        0.178837

     H   21       -0.097962       -0.078415        0.473252
     H   21       -0.078415       -0.048462       -0.100264
     H   21        0.473252       -0.100264        0.146423

     C   22        0.188217        0.221301       -0.453161
     C   22        0.221301       -0.222290        0.194174
     C   22       -0.453161        0.194174        0.034073

     C   23       -0.205648        0.129605       -0.173775
     C   23        0.129605        0.049382        0.029346
     C   23       -0.173775        0.029346        0.156266

     Cl  24        1.264801        1.721663       -0.220637
     Cl  24        1.721663        1.099430        0.204034
     Cl  24       -0.220637        0.204034       -2.364231

     ----- total EFG (symmetrized) -----
     Cl   1       -0.939341       -0.922194       -0.538451
     Cl   1       -0.922194       -1.304296        0.837038
     Cl   1       -0.538451        0.837038        2.243637

     C    2        0.151759       -0.290536       -0.330519
     C    2       -0.290536       -0.452246       -0.160047
     C    2       -0.330519       -0.160047        0.300487

     C    3        0.117378        0.071039       -0.044624
     C    3        0.071039       -0.123806        0.214205
     C    3       -0.044624        0.214205        0.006428

     H    4        0.578452        0.082409        0.539822
     H    4        0.082409        0.035049        0.221646
     H    4        0.539822        0.221646       -0.613501

     C    5        0.218859       -0.195571       -0.379976
     C    5       -0.195571       -0.071742       -0.267092
     C    5       -0.379976       -0.267092       -0.147117

     H    6       -0.512984        0.122544        0.263633
     H    6        0.122544        0.558758        0.171930
     H    6        0.263633        0.171930       -0.045774

     H    7       -0.024137       -0.101325        0.045723
     H    7       -0.101325        0.367938       -0.308713
     H    7        0.045723       -0.308713       -0.343801

     C    8       -0.120462       -0.090736       -0.202642
     C    8       -0.090736       -0.137909        0.245561
     C    8       -0.202642        0.245561        0.258371

     H    9        0.432589       -0.290433        0.104855
     H    9       -0.290433       -0.355281       -0.086180
     H    9        0.104855       -0.086180       -0.077308

     C   10        0.040036       -0.367579       -0.114987
     C   10       -0.367579        0.029933        0.399486
     C   10       -0.114987        0.399486       -0.069968

     C   11        0.306329       -0.075218       -0.443763
     C   11       -0.075218        0.071239        0.182856
     C   11       -0.443763        0.182856       -0.377568

     Cl  12        0.691373        0.443668       -1.358081
     Cl  12        0.443668        0.659720        1.770470
     Cl  12       -1.358081        1.770470       -1.351093

     H   13       -0.072028        0.051911       -0.113543
     H   13        0.051911        0.016722        0.577662
     H   13       -0.113543        0.577662        0.055305

     C   14       -0.346694        0.000463       -0.043070
     C   14        0.000463        0.060863       -0.462736
     C   14       -0.043070       -0.462736        0.285832

     H   15        0.194636        0.044779        0.194320
     H   15        0.044779       -0.134670       -0.013991
     H   15        0.194320       -0.013991       -0.059966

     C   16       -0.358792        0.142529       -0.103927
     C   16        0.142529        0.179803       -0.133932
     C   16       -0.103927       -0.133932        0.178989

     C   17       -0.011361       -0.046835        0.321040
     C   17       -0.046835       -0.292471       -0.228336
     C   17        0.321040       -0.228336        0.303831

     Cl  18       -0.248856       -1.927580       -0.507901
     Cl  18       -1.927580       -0.107408       -2.111328
     Cl  18       -0.507901       -2.111328        0.356264

     H   19       -0.426961        0.133148       -0.166555
     H   19        0.133148        0.093538       -0.303643
     H   19       -0.166555       -0.303643        0.333423

     C   20        0.235810       -0.423415       -0.213409
     C   20       -0.423415       -0.414646        0.088699
     C   20       -0.213409        0.088699        0.178837

     H   21       -0.097962       -0.078415        0.473252
     H   21       -0.078415       -0.048462       -0.100264
     H   21        0.473252       -0.100264        0.146423

     C   22        0.188217        0.221301       -0.453161
     C   22        0.221301       -0.222290        0.194174
     C   22       -0.453161        0.194174        0.034073

     C   23       -0.205648        0.129605       -0.173775
     C   23        0.129605        0.049382        0.029346
     C   23       -0.173775        0.029346        0.156266

     Cl  24        1.264801        1.721663       -0.220637
     Cl  24        1.721663        1.099430        0.204034
     Cl  24       -0.220637        0.204034       -2.364231


     NQR/NMR SPECTROSCOPIC PARAMETERS:
     Cl   1    Vxx=   -0.5017    axis=( -0.770266  0.551991 -0.319370)
     Cl   1    Vyy=   -2.0860    axis=(  0.602051  0.794566 -0.078738)
     Cl   1    Vzz=    2.5877    axis=( -0.210298  0.252926  0.944353)
     Cl   1  Q=        -8.1650 1e-30 m^2  Cq=       -49.6443 MHz  eta= 0.61222

     C    2    Vxx=    0.0841    axis=( -0.629979  0.514782 -0.581486)
     C    2    Vyy=    0.5686    axis=( -0.647504  0.065245  0.759264)
     C    2    Vzz=   -0.6527    axis=(  0.428795  0.854835  0.292220)
     C    2  Q=         1.0000 1e-30 m^2  Cq=        -1.5336 MHz  eta= 0.74232

     C    3    Vxx=    0.1329    axis=( -0.962037 -0.041082  0.269810)
     C    3    Vyy=    0.1664    axis=(  0.189066  0.612640  0.767415)
     C    3    Vzz=   -0.2994    axis=(  0.196823 -0.789294  0.581615)
     C    3  Q=         1.0000 1e-30 m^2  Cq=        -0.7034 MHz  eta= 0.11194

     H    4    Vxx=    0.0387    axis=(  0.258569 -0.959472 -0.112050)
     H    4    Vyy=    0.8187    axis=(  0.906051  0.200663  0.372567)
     H    4    Vzz=   -0.8574    axis=( -0.334983 -0.197858  0.921216)
     H    4  Q=         1.0000 1e-30 m^2  Cq=        -2.0146 MHz  eta= 0.90967

     C    5    Vxx=    0.1356    axis=(  0.231981 -0.843275  0.484843)
     C    5    Vyy=    0.4590    axis=( -0.857198  0.058374  0.511668)
     C    5    Vzz=   -0.5946    axis=( -0.459778 -0.534304 -0.709312)
     C    5  Q=         1.0000 1e-30 m^2  Cq=        -1.3971 MHz  eta= 0.54382

     H    6    Vxx=   -0.0031    axis=(  0.364593 -0.344274  0.865186)
     H    6    Vyy=   -0.6331    axis=(  0.915645 -0.036393 -0.400338)
     H    6    Vzz=    0.6362    axis=(  0.169313  0.938164  0.301964)
     H    6  Q=         1.0000 1e-30 m^2  Cq=         1.4948 MHz  eta= 0.99028

     H    7    Vxx=   -0.0472    axis=(  0.978674  0.197892 -0.055105)
     H    7    Vyy=   -0.4592    axis=( -0.017532  0.347739  0.937427)
     H    7    Vzz=    0.5064    axis=(  0.204672 -0.916469  0.343793)
     H    7  Q=         1.0000 1e-30 m^2  Cq=         1.1898 MHz  eta= 0.81358

     C    8    Vxx=   -0.2047    axis=(  0.929201  0.245023  0.276675)
     C    8    Vyy=   -0.2558    axis=( -0.096012  0.882971 -0.459504)
     C    8    Vzz=    0.4606    axis=( -0.356885  0.400407  0.843983)
     C    8  Q=         1.0000 1e-30 m^2  Cq=         1.0821 MHz  eta= 0.11097

     H    9    Vxx=   -0.0962    axis=( -0.229014 -0.066305  0.971162)
     H    9    Vyy=   -0.4574    axis=(  0.293166  0.946658  0.133764)
     H    9    Vzz=    0.5536    axis=( -0.928228  0.315346 -0.197360)
     H    9  Q=         1.0000 1e-30 m^2  Cq=         1.3006 MHz  eta= 0.65261

     C   10    Vxx=   -0.1226    axis=(  0.754071  0.132337  0.643323)
     C   10    Vyy=   -0.4868    axis=( -0.373759 -0.718965  0.585998)
     C   10    Vzz=    0.6093    axis=( -0.540076  0.682331  0.492688)
     C   10  Q=         1.0000 1e-30 m^2  Cq=         1.4317 MHz  eta= 0.59768

     C   11    Vxx=    0.0513    axis=(  0.346920  0.937018  0.040546)
     C   11    Vyy=    0.5700    axis=(  0.843046 -0.292600 -0.451286)
     C   11    Vzz=   -0.6213    axis=( -0.410999  0.190742 -0.891458)
     C   11  Q=         1.0000 1e-30 m^2  Cq=        -1.4598 MHz  eta= 0.83485

     Cl  12    Vxx=    1.0997    axis=(  0.839583  0.537782 -0.076749)
     Cl  12    Vyy=    1.8246    axis=( -0.405055  0.713892  0.571217)
     Cl  12    Vzz=   -2.9243    axis=(  0.361981 -0.448497  0.817203)
     Cl  12  Q=        -8.1650 1e-30 m^2  Cq=        56.1017 MHz  eta= 0.24789

     H   13    Vxx=   -0.0478    axis=(  0.971252  0.210687 -0.110818)
     H   13    Vyy=   -0.5692    axis=( -0.228416  0.693669 -0.683117)
     H   13    Vzz=    0.6171    axis=( -0.067053  0.688791  0.721852)
     H   13  Q=         1.0000 1e-30 m^2  Cq=         1.4498 MHz  eta= 0.84503

     C   14    Vxx=   -0.2908    axis=( -0.417483  0.723673  0.549550)
     C   14    Vyy=   -0.3599    axis=( -0.908039 -0.309458 -0.282313)
     C   14    Vzz=    0.6507    axis=( -0.034240 -0.616874  0.786317)
     C   14  Q=         1.0000 1e-30 m^2  Cq=         1.5290 MHz  eta= 0.10623

     H   15    Vxx=   -0.1148    axis=(  0.206206  0.829261 -0.519427)
     H   15    Vyy=   -0.1873    axis=( -0.428211  0.553783  0.714115)
     H   15    Vzz=    0.3021    axis=( -0.879838 -0.075170 -0.469292)
     H   15  Q=         1.0000 1e-30 m^2  Cq=         0.7098 MHz  eta= 0.24020

     C   16    Vxx=    0.0469    axis=(  0.051915  0.680622  0.730793)
     C   16    Vyy=    0.3560    axis=( -0.237615 -0.702345  0.671007)
     C   16    Vzz=   -0.4028    axis=( -0.969971  0.208482 -0.125264)
     C   16  Q=         1.0000 1e-30 m^2  Cq=        -0.9465 MHz  eta= 0.76731

     C   17    Vxx=   -0.1762    axis=( -0.839320 -0.395163  0.373348)
     C   17    Vyy=   -0.3842    axis=( -0.236546  0.883799  0.403664)
     C   17    Vzz=    0.5604    axis=(  0.489478 -0.250489  0.835264)
     C   17  Q=         1.0000 1e-30 m^2  Cq=         1.3168 MHz  eta= 0.37115

     Cl  18    Vxx=    0.5220    axis=(  0.751234 -0.129916 -0.647124)
     Cl  18    Vyy=    2.6247    axis=(  0.378632 -0.718251  0.583741)
     Cl  18    Vzz=   -3.1467    axis=(  0.540635  0.683547  0.490384)
     Cl  18  Q=        -8.1650 1e-30 m^2  Cq=        60.3672 MHz  eta= 0.66822

     H   19    Vxx=   -0.1123    axis=(  0.042726  0.818190  0.573358)
     H   19    Vyy=   -0.4724    axis=( -0.977673  0.152419 -0.144649)
     H   19    Vzz=    0.5847    axis=( -0.205741 -0.554377  0.806435)
     H   19  Q=         1.0000 1e-30 m^2  Cq=         1.3737 MHz  eta= 0.61587

     C   20    Vxx=    0.0458    axis=(  0.440584 -0.238451  0.865464)
     C   20    Vyy=    0.5779    axis=( -0.779208  0.377158  0.500587)
     C   20    Vzz=   -0.6236    axis=( -0.445782 -0.894926 -0.019633)
     C   20  Q=         1.0000 1e-30 m^2  Cq=        -1.4652 MHz  eta= 0.85325

     H   21    Vxx=   -0.0760    axis=(  0.128175  0.977434  0.167911)
     H   21    Vyy=   -0.4645    axis=( -0.790687 -0.001485  0.612219)
     H   21    Vzz=    0.5405    axis=(  0.598653 -0.211237  0.772653)
     H   21  Q=         1.0000 1e-30 m^2  Cq=         1.2700 MHz  eta= 0.71890

     C   22    Vxx=    0.0104    axis=(  0.359298  0.775221  0.519555)
     C   22    Vyy=    0.5735    axis=(  0.775123  0.062136 -0.628748)
     C   22    Vzz=   -0.5840    axis=( -0.519702  0.628626 -0.578566)
     C   22  Q=         1.0000 1e-30 m^2  Cq=        -1.3721 MHz  eta= 0.96433

     C   23    Vxx=    0.0928    axis=(  0.252705  0.931693  0.260938)
     C   23    Vyy=    0.2293    axis=( -0.403787 -0.143529  0.903524)
     C   23    Vzz=   -0.3220    axis=(  0.879259 -0.333689  0.339935)
     C   23  Q=         1.0000 1e-30 m^2  Cq=        -0.7566 MHz  eta= 0.42392

     Cl  24    Vxx=   -0.4935    axis=( -0.680601  0.715351  0.158288)
     Cl  24    Vyy=   -2.4124    axis=(  0.111756 -0.112155  0.987386)
     Cl  24    Vzz=    2.9058    axis=( -0.724081 -0.689706  0.003612)
     Cl  24  Q=        -8.1650 1e-30 m^2  Cq=       -55.7469 MHz  eta= 0.66037

     Initialization:
     gipaw_setup  :      9.39s CPU     10.92s WALL (       1 calls)

     Linear response

     Apply operators

     Induced current

     Other routines
     efg          :      9.36s CPU     11.46s WALL (       1 calls)

     General routines
     calbec       :      3.25s CPU      3.99s WALL (      16 calls)
     fft          :      1.36s CPU      1.84s WALL (      15 calls)
     ffts         :      0.04s CPU      0.05s WALL (       2 calls)
     fftw         :      3.27s CPU      3.95s WALL (     672 calls)
     davcio       :      0.07s CPU      0.38s WALL (      32 calls)

     Parallel routines
     fft_scatter  :      2.00s CPU      2.98s WALL (     689 calls)

     Plugins

     GIPAW        :     60.77s CPU     72.61s WALL (       1 calls)
