
     Program QE v.6.0 (svn rev. 13079) starts on  9Jan2017 at  3:20:37 

     This program is part of the open-source Quantum ESPRESSO suite
     for quantum simulation of materials; please cite
         "P. Giannozzi et al., J. Phys.:Condens. Matter 21 395502 (2009);
          URL http://www.quantum-espresso.org", 
     in publications or presentations arising from this work. More details at
     http://www.quantum-espresso.org/quote

     Parallel version (MPI), running on     8 processors
     R & G space division:  proc/nbgrp/npool/nimage =       8

     ***** This is GIPAW svn revision unknown      *****

     Parallelizing q-star over 1 images

     Reading data from directory:
     /users/majewski/paradichlorobenzene/pbe/9_constraint/scratch/pbe.ecut100.np8.dt60.pcl2phi-129368.save
     Message from routine read_xml_file:
     file /users/majewski/paradichlorobenzene/pbe/9_constraint/scratch/pbe.ecut100.np8.dt60.pcl2phi-129368.save not guaranteed to be safe for post-processing

   Info: using nr1, nr2, nr3 values from input

   Info: using nr1, nr2, nr3 values from input

     IMPORTANT: XC functional enforced from input :
     Exchange-correlation      =  SLA  PW   PBX  PBC ( 1  4  3  4 0 0)
     Any further DFT definition will be discarded
     Please, verify this is what you really want

               file C.pbe-n-kjpaw_psl.1.0.0.UPF: wavefunction(s)  2S 2P renormalized
               file Cl.pbe-n-kjpaw_psl.1.0.0.UPF: wavefunction(s)  3S 3P renormalized
               file H.pbe-kjpaw_psl.1.0.0.UPF: wavefunction(s)  1S renormalized

     Parallelization info
     --------------------
     sticks:   dense  smooth     PW     G-vecs:    dense   smooth      PW
     Min        3057    1223    332               144436    36536    5170
     Max        3059    1225    333               144437    36537    5171
     Sum       24467    9791   2657              1155489   292295   41363


     Subspace diagonalization in iterative solution of the eigenvalue problem:
     a serial algorithm will be used

     GIPAW projectors -----------------------------------------------
     atom=  C    l=0  rc=    1.2000  rs=    0.8000
     atom=  C    l=0  rc=    1.2000  rs=    0.8000
     atom=  C    l=1  rc=    1.4000  rs=    0.9333
     atom=  C    l=1  rc=    1.4000  rs=    0.9333
     projs nearly linearly dependent: l=1  n1,n2= 1, 2  s=  0.99951561

     atom=  Cl   l=0  rc=    1.6000  rs=    1.0667
     atom=  Cl   l=0  rc=    1.6000  rs=    1.0667
     atom=  Cl   l=1  rc=    1.6000  rs=    1.0667
     atom=  Cl   l=1  rc=    1.6000  rs=    1.0667
     atom=  Cl   l=2  rc=    1.6000  rs=    1.0667
     atom=  Cl   l=2  rc=    1.6000  rs=    1.0667
     projs nearly linearly dependent: l=2  n1,n2= 1, 2  s=  0.99993509

     atom=  H    l=0  rc=    1.0000  rs=    0.6667
     atom=  H    l=0  rc=    1.0000  rs=    0.6667
     projs nearly linearly dependent: l=0  n1,n2= 1, 2  s=  0.99968852
     -----------------------------------------------------------------

     GIPAW integrals: -------------------------------------------
     Atom  i/j   nmr_para   nmr_dia   epr_rmc  epr_para   epr_dia
       C   1 1   0.83E+03  0.17E-01  0.93E+01  0.24E+08  0.24E+03
       C   2 1   0.86E+03 -0.61E-01  0.94E+01  0.25E+08  0.25E+03
       C   2 2   0.90E+03 -0.15E+00  0.97E+01  0.26E+08  0.26E+03
       C   3 3   0.33E+01  0.34E+00  0.18E+01  0.55E+03  0.21E+02
       C   4 3   0.35E+01  0.37E+00  0.20E+01  0.59E+03  0.22E+02
       C   4 4   0.38E+01  0.39E+00  0.22E+01  0.63E+03  0.24E+02
       Cl  1 1   0.14E+04 -0.47E+00  0.84E+01  0.32E+09  0.42E+03
       Cl  2 1   0.21E+04 -0.37E+00  0.12E+02  0.49E+09  0.65E+03
       Cl  2 2   0.33E+04 -0.16E+00  0.21E+02  0.76E+09  0.10E+04
       Cl  3 3   0.21E+02  0.79E-01  0.89E+01  0.23E+05  0.13E+03
       Cl  4 3   0.24E+02  0.67E-01  0.99E+01  0.27E+05  0.15E+03
       Cl  4 4   0.28E+02  0.44E-01  0.11E+02  0.32E+05  0.18E+03
       Cl  5 5   0.77E+00  0.19E+00  0.18E+01  0.12E+03  0.22E+02
       Cl  6 5   0.80E+00  0.19E+00  0.19E+01  0.12E+03  0.23E+02
       Cl  6 6   0.83E+00  0.20E+00  0.19E+01  0.12E+03  0.23E+02
       H   1 1   0.39E+02  0.19E+00  0.29E+00  0.78E+05  0.13E+02
       H   2 1   0.41E+02  0.21E+00  0.32E+00  0.82E+05  0.14E+02
       H   2 2   0.43E+02  0.22E+00  0.36E+00  0.86E+05  0.15E+02
     ------------------------------------------------------------

     alpha_pv=     34.0883 eV

     Number of occupied bands for each k-point:
     k-point:     1    nbnd_occ=  42
     k-point:     2    nbnd_occ=  42
     k-point:     3    nbnd_occ=  42
     k-point:     4    nbnd_occ=  42
     k-point:     5    nbnd_occ=  42
     k-point:     6    nbnd_occ=  42
     k-point:     7    nbnd_occ=  42
     k-point:     8    nbnd_occ=  42
     k-point:     9    nbnd_occ=  42
     k-point:    10    nbnd_occ=  42
     k-point:    11    nbnd_occ=  42
     k-point:    12    nbnd_occ=  42
     k-point:    13    nbnd_occ=  42
     k-point:    14    nbnd_occ=  42
     k-point:    15    nbnd_occ=  42
     k-point:    16    nbnd_occ=  42


     q-space interpolation up to   110.00 Rydberg

     GIPAW job: efg                                                                             


     ELECTRIC FIELD GRADIENTS TENSORS IN Hartree/bohrradius^2:

     ----- bare term -----
     Cl   1       -0.074918        0.121534       -0.037245
     Cl   1        0.121534        0.031406       -0.051348
     Cl   1       -0.037245       -0.051348        0.043512

     C    2       -0.070012        0.155075       -0.225836
     C    2        0.155075        0.014239       -0.681656
     C    2       -0.225836       -0.681656        0.055773

     C    3       -0.266745        0.192389       -0.200551
     C    3        0.192389        0.014693       -0.238647
     C    3       -0.200551       -0.238647        0.252052

     H    4       -0.512206       -0.429520        0.154831
     H    4       -0.429520        0.255908        0.062568
     H    4        0.154831        0.062568        0.256298

     C    5       -0.025069        0.326405       -0.082094
     C    5        0.326405       -0.181038       -0.370022
     C    5       -0.082094       -0.370022        0.206108

     H    6        0.307212       -0.421252        0.020839
     H    6       -0.421252       -0.684564       -0.132706
     H    6        0.020839       -0.132706        0.377352

     H    7        0.229931        0.358095        0.205365
     H    7        0.358095       -0.489256        0.131995
     H    7        0.205365        0.131995        0.259325

     C    8       -0.578064       -0.314967       -0.475841
     C    8       -0.314967        0.017208        0.059297
     C    8       -0.475841        0.059297        0.560856

     H    9       -0.656069       -0.055053       -0.276999
     H    9       -0.055053        0.332300        0.181879
     H    9       -0.276999        0.181879        0.323769

     C   10       -0.011182        0.153229       -0.325296
     C   10        0.153229       -0.152731        0.640816
     C   10       -0.325296        0.640816        0.163913

     C   11       -0.350830       -0.349251       -0.191080
     C   11       -0.349251       -0.062044        0.379354
     C   11       -0.191080        0.379354        0.412874

     Cl  12        0.191866       -0.011618       -0.042167
     Cl  12       -0.011618       -0.074701       -0.308690
     Cl  12       -0.042167       -0.308690       -0.117165

     H   13        0.455701       -0.098443       -0.039130
     H   13       -0.098443       -0.583218       -0.366481
     H   13       -0.039130       -0.366481        0.127517

     C   14       -0.810388        0.268141       -0.394212
     C   14        0.268141        0.175723       -0.054922
     C   14       -0.394212       -0.054922        0.634665

     H   15       -0.540267       -0.242311        0.109651
     H   15       -0.242311        0.435482       -0.146090
     H   15        0.109651       -0.146090        0.104785

     C   16       -0.004221        0.167612       -0.139706
     C   16        0.167612       -0.527667       -0.382621
     C   16       -0.139706       -0.382621        0.531888

     C   17       -0.516948        0.367199       -0.423264
     C   17        0.367199        0.308035       -0.124629
     C   17       -0.423264       -0.124629        0.208913

     Cl  18       -0.093475        0.025539        0.061647
     Cl  18        0.025539       -0.047803        0.119768
     Cl  18        0.061647        0.119768        0.141278

     H   19        0.246203       -0.313249       -0.055149
     H   19       -0.313249       -0.617171        0.209233
     H   19       -0.055149        0.209233        0.370968

     C   20       -0.162730        0.234771       -0.341142
     C   20        0.234771        0.038195        0.538226
     C   20       -0.341142        0.538226        0.124535

     H   21       -0.025477        0.153587       -0.372755
     H   21        0.153587        0.086570        0.519815
     H   21       -0.372755        0.519815       -0.061093

     C   22       -0.681801       -0.326498       -0.325049
     C   22       -0.326498        0.270805        0.063622
     C   22       -0.325049        0.063622        0.410996

     C   23        0.030214        0.315733       -0.457940
     C   23        0.315733       -0.243774        0.491102
     C   23       -0.457940        0.491102        0.213560

     Cl  24       -0.207703       -0.357562       -0.054168
     Cl  24       -0.357562       -0.052170       -0.017391
     Cl  24       -0.054168       -0.017391        0.259873

     ----- ionic term -----
     Cl   1        0.141737       -0.172503       -0.032102
     Cl   1       -0.172503        0.004838        0.020757
     Cl   1       -0.032102        0.020757       -0.146574

     C    2        0.308662        0.001054        0.145748
     C    2        0.001054        0.167124        0.390531
     C    2        0.145748        0.390531       -0.475786

     C    3        0.210973       -0.198778        0.112733
     C    3       -0.198778        0.220469        0.379532
     C    3        0.112733        0.379532       -0.431442

     H    4        0.815509        0.264015        0.500655
     H    4        0.264015       -0.458514        0.176578
     H    4        0.500655        0.176578       -0.356995

     C    5        0.343798       -0.147051        0.166692
     C    5       -0.147051        0.086411        0.311816
     C    5        0.166692        0.311816       -0.430209

     H    6       -0.520972        0.089242        0.050358
     H    6        0.089242        0.688721        0.687062
     H    6        0.050358        0.687062       -0.167749

     H    7       -0.465491       -0.254321        0.093210
     H    7       -0.254321        0.894559       -0.455257
     H    7        0.093210       -0.455257       -0.429068

     C    8        0.237330        0.094834        0.346489
     C    8        0.094834        0.176872       -0.210833
     C    8        0.346489       -0.210833       -0.414202

     H    9        0.701284       -0.374124        0.561208
     H    9       -0.374124       -0.336784       -0.200343
     H    9        0.561208       -0.200343       -0.364500

     C   10        0.129035        0.162569        0.249240
     C   10        0.162569        0.336312       -0.253679
     C   10        0.249240       -0.253679       -0.465347

     C   11        0.089077        0.143263        0.366778
     C   11        0.143263        0.290537       -0.290157
     C   11        0.366778       -0.290157       -0.379615

     Cl  12        0.126921        0.221829        0.050827
     Cl  12        0.221829        0.039124        0.031276
     Cl  12        0.050827        0.031276       -0.166046

     H   13       -0.507976        0.153527        0.063516
     H   13        0.153527        0.766026        0.628680
     H   13        0.063516        0.628680       -0.258051

     C   14        0.367550       -0.027153        0.149853
     C   14       -0.027153        0.123401        0.274758
     C   14        0.149853        0.274758       -0.490951

     H   15        0.759704        0.447932        0.453771
     H   15        0.447932       -0.323651        0.204394
     H   15        0.453771        0.204394       -0.436053

     C   16        0.213140       -0.095390        0.129142
     C   16       -0.095390        0.242719        0.309042
     C   16        0.129142        0.309042       -0.455860

     C   17        0.318336       -0.044402        0.181053
     C   17       -0.044402        0.130842        0.340423
     C   17        0.181053        0.340423       -0.449178

     Cl  18        0.155221       -0.188003       -0.031934
     Cl  18       -0.188003       -0.026240        0.026386
     Cl  18       -0.031934        0.026386       -0.128981

     H   19       -0.510705        0.094867       -0.042687
     H   19        0.094867        0.616263       -0.681822
     H   19       -0.042687       -0.681822       -0.105558

     C   20        0.204407        0.226775        0.356059
     C   20        0.226775        0.095389       -0.235620
     C   20        0.356059       -0.235620       -0.299796

     H   21        0.513796       -0.235765        0.754048
     H   21       -0.235765       -0.439854       -0.218526
     H   21        0.754048       -0.218526       -0.073941

     C   22        0.124413        0.234191        0.303914
     C   22        0.234191        0.212934       -0.266950
     C   22        0.303914       -0.266950       -0.337347

     C   23        0.153057        0.147429        0.330919
     C   23        0.147429        0.228004       -0.328809
     C   23        0.330919       -0.328809       -0.381061

     Cl  24        0.124731        0.206808        0.052521
     Cl  24        0.206808        0.047934        0.024383
     Cl  24        0.052521        0.024383       -0.172665

     ----- GIPAW term -----
     Cl   1        0.217776        0.236551       -1.388115
     Cl   1        0.236551        0.624143       -1.845048
     Cl   1       -1.388115       -1.845048       -0.841918

     C    2       -0.023078        0.056673       -0.087793
     C    2        0.056673        0.142014       -0.211536
     C    2       -0.087793       -0.211536       -0.118936

     C    3       -0.054255        0.103281       -0.104381
     C    3        0.103281        0.059164       -0.107743
     C    3       -0.104381       -0.107743       -0.004909

     H    4       -0.000000        0.000000        0.000000
     H    4        0.000000        0.000000        0.000000
     H    4        0.000000        0.000000        0.000000

     C    5        0.014205        0.181870       -0.033155
     C    5        0.181870        0.074189       -0.120491
     C    5       -0.033155       -0.120491       -0.088394

     H    6       -0.000000        0.000000        0.000000
     H    6        0.000000        0.000000        0.000000
     H    6        0.000000        0.000000        0.000000

     H    7       -0.000000        0.000000        0.000000
     H    7        0.000000        0.000000        0.000000
     H    7        0.000000        0.000000        0.000000

     C    8       -0.085881        0.033058       -0.187324
     C    8        0.033058       -0.031699       -0.115625
     C    8       -0.187324       -0.115625        0.117580

     H    9       -0.000000        0.000000        0.000000
     H    9        0.000000        0.000000        0.000000
     H    9        0.000000        0.000000        0.000000

     C   10        0.000103        0.197944       -0.058762
     C   10        0.197944        0.079034        0.117600
     C   10       -0.058762        0.117600       -0.079137

     C   11       -0.117071        0.035422        0.001969
     C   11        0.035422        0.063145        0.201458
     C   11        0.001969        0.201458        0.053926

     Cl  12       -0.213062        0.766157       -0.462740
     Cl  12        0.766157        0.041481        1.277812
     Cl  12       -0.462740        1.277812        0.171581

     H   13       -0.000000        0.000000        0.000000
     H   13        0.000000        0.000000        0.000000
     H   13        0.000000        0.000000        0.000000

     C   14       -0.222128        0.058981       -0.001481
     C   14        0.058981        0.004365        0.145246
     C   14       -0.001481        0.145246        0.217763

     H   15       -0.000000        0.000000        0.000000
     H   15        0.000000        0.000000        0.000000
     H   15        0.000000        0.000000        0.000000

     C   16       -0.114294       -0.011238       -0.038014
     C   16       -0.011238       -0.093830        0.144893
     C   16       -0.038014        0.144893        0.208124

     C   17       -0.052650        0.143008       -0.003954
     C   17        0.143008        0.203576        0.088607
     C   17       -0.003954        0.088607       -0.150927

     Cl  18       -0.293351       -1.444117        0.586780
     Cl  18       -1.444117       -0.491798        1.788723
     Cl  18        0.586780        1.788723        0.785148

     H   19       -0.000000        0.000000        0.000000
     H   19        0.000000        0.000000        0.000000
     H   19        0.000000        0.000000        0.000000

     C   20       -0.072690        0.144312       -0.003849
     C   20        0.144312        0.168963        0.189757
     C   20       -0.003849        0.189757       -0.096274

     H   21       -0.000000        0.000000        0.000000
     H   21        0.000000        0.000000        0.000000
     H   21        0.000000        0.000000        0.000000

     C   22       -0.178485        0.101996       -0.092801
     C   22        0.101996        0.230335       -0.121943
     C   22       -0.092801       -0.121943       -0.051850

     C   23       -0.006635        0.234669       -0.140602
     C   23        0.234669        0.027702       -0.102678
     C   23       -0.140602       -0.102678       -0.021067

     Cl  24        0.111662        0.716836       -2.120431
     Cl  24        0.716836       -1.335874       -0.608537
     Cl  24       -2.120431       -0.608537        1.224212

     ----- total EFG -----
     Cl   1        0.284595        0.185582       -1.457462
     Cl   1        0.185582        0.660386       -1.875639
     Cl   1       -1.457462       -1.875639       -0.944981

     C    2        0.215572        0.212802       -0.167881
     C    2        0.212802        0.323378       -0.502661
     C    2       -0.167881       -0.502661       -0.538950

     C    3       -0.110027        0.096893       -0.192199
     C    3        0.096893        0.294326        0.033142
     C    3       -0.192199        0.033142       -0.184299

     H    4        0.303303       -0.165505        0.655486
     H    4       -0.165505       -0.202606        0.239146
     H    4        0.655486        0.239146       -0.100697

     C    5        0.332934        0.361224        0.051443
     C    5        0.361224       -0.020438       -0.178697
     C    5        0.051443       -0.178697       -0.312496

     H    6       -0.213760       -0.332010        0.071198
     H    6       -0.332010        0.004157        0.554356
     H    6        0.071198        0.554356        0.209603

     H    7       -0.235560        0.103774        0.298575
     H    7        0.103774        0.405303       -0.323262
     H    7        0.298575       -0.323262       -0.169743

     C    8       -0.426615       -0.187075       -0.316677
     C    8       -0.187075        0.162381       -0.267161
     C    8       -0.316677       -0.267161        0.264234

     H    9        0.045215       -0.429177        0.284209
     H    9       -0.429177       -0.004483       -0.018464
     H    9        0.284209       -0.018464       -0.040732

     C   10        0.117956        0.513742       -0.134819
     C   10        0.513742        0.262615        0.504737
     C   10       -0.134819        0.504737       -0.380571

     C   11       -0.378824       -0.170566        0.177668
     C   11       -0.170566        0.291639        0.290655
     C   11        0.177668        0.290655        0.087185

     Cl  12        0.105725        0.976368       -0.454079
     Cl  12        0.976368        0.005904        1.000398
     Cl  12       -0.454079        1.000398       -0.111629

     H   13       -0.052275        0.055084        0.024386
     H   13        0.055084        0.182809        0.262199
     H   13        0.024386        0.262199       -0.130534

     C   14       -0.664965        0.299969       -0.245841
     C   14        0.299969        0.303489        0.365081
     C   14       -0.245841        0.365081        0.361477

     H   15        0.219437        0.205621        0.563423
     H   15        0.205621        0.111831        0.058304
     H   15        0.563423        0.058304       -0.331267

     C   16        0.094626        0.060984       -0.048578
     C   16        0.060984       -0.378778        0.071314
     C   16       -0.048578        0.071314        0.284152

     C   17       -0.251262        0.465804       -0.246166
     C   17        0.465804        0.642453        0.304401
     C   17       -0.246166        0.304401       -0.391191

     Cl  18       -0.231605       -1.606581        0.616494
     Cl  18       -1.606581       -0.565840        1.934877
     Cl  18        0.616494        1.934877        0.797445

     H   19       -0.264502       -0.218382       -0.097836
     H   19       -0.218382       -0.000909       -0.472589
     H   19       -0.097836       -0.472589        0.265410

     C   20       -0.031013        0.605858        0.011069
     C   20        0.605858        0.302547        0.492363
     C   20        0.011069        0.492363       -0.271535

     H   21        0.488319       -0.082178        0.381294
     H   21       -0.082178       -0.353284        0.301288
     H   21        0.381294        0.301288       -0.135035

     C   22       -0.735872        0.009689       -0.113936
     C   22        0.009689        0.714074       -0.325271
     C   22       -0.113936       -0.325271        0.021799

     C   23        0.176636        0.697830       -0.267623
     C   23        0.697830        0.011932        0.059616
     C   23       -0.267623        0.059616       -0.188568

     Cl  24        0.028689        0.566081       -2.122078
     Cl  24        0.566081       -1.340110       -0.601545
     Cl  24       -2.122078       -0.601545        1.311421

     ----- total EFG (symmetrized) -----
     Cl   1        0.284595        0.185582       -1.457462
     Cl   1        0.185582        0.660386       -1.875639
     Cl   1       -1.457462       -1.875639       -0.944981

     C    2        0.215572        0.212802       -0.167881
     C    2        0.212802        0.323378       -0.502661
     C    2       -0.167881       -0.502661       -0.538950

     C    3       -0.110027        0.096893       -0.192199
     C    3        0.096893        0.294326        0.033142
     C    3       -0.192199        0.033142       -0.184299

     H    4        0.303303       -0.165505        0.655486
     H    4       -0.165505       -0.202606        0.239146
     H    4        0.655486        0.239146       -0.100697

     C    5        0.332934        0.361224        0.051443
     C    5        0.361224       -0.020438       -0.178697
     C    5        0.051443       -0.178697       -0.312496

     H    6       -0.213760       -0.332010        0.071198
     H    6       -0.332010        0.004157        0.554356
     H    6        0.071198        0.554356        0.209603

     H    7       -0.235560        0.103774        0.298575
     H    7        0.103774        0.405303       -0.323262
     H    7        0.298575       -0.323262       -0.169743

     C    8       -0.426615       -0.187075       -0.316677
     C    8       -0.187075        0.162381       -0.267161
     C    8       -0.316677       -0.267161        0.264234

     H    9        0.045215       -0.429177        0.284209
     H    9       -0.429177       -0.004483       -0.018464
     H    9        0.284209       -0.018464       -0.040732

     C   10        0.117956        0.513742       -0.134819
     C   10        0.513742        0.262615        0.504737
     C   10       -0.134819        0.504737       -0.380571

     C   11       -0.378824       -0.170566        0.177668
     C   11       -0.170566        0.291639        0.290655
     C   11        0.177668        0.290655        0.087185

     Cl  12        0.105725        0.976368       -0.454079
     Cl  12        0.976368        0.005904        1.000398
     Cl  12       -0.454079        1.000398       -0.111629

     H   13       -0.052275        0.055084        0.024386
     H   13        0.055084        0.182809        0.262199
     H   13        0.024386        0.262199       -0.130534

     C   14       -0.664965        0.299969       -0.245841
     C   14        0.299969        0.303489        0.365081
     C   14       -0.245841        0.365081        0.361477

     H   15        0.219437        0.205621        0.563423
     H   15        0.205621        0.111831        0.058304
     H   15        0.563423        0.058304       -0.331267

     C   16        0.094626        0.060984       -0.048578
     C   16        0.060984       -0.378778        0.071314
     C   16       -0.048578        0.071314        0.284152

     C   17       -0.251262        0.465804       -0.246166
     C   17        0.465804        0.642453        0.304401
     C   17       -0.246166        0.304401       -0.391191

     Cl  18       -0.231605       -1.606581        0.616494
     Cl  18       -1.606581       -0.565840        1.934877
     Cl  18        0.616494        1.934877        0.797445

     H   19       -0.264502       -0.218382       -0.097836
     H   19       -0.218382       -0.000909       -0.472589
     H   19       -0.097836       -0.472589        0.265410

     C   20       -0.031013        0.605858        0.011069
     C   20        0.605858        0.302547        0.492363
     C   20        0.011069        0.492363       -0.271535

     H   21        0.488319       -0.082178        0.381294
     H   21       -0.082178       -0.353284        0.301288
     H   21        0.381294        0.301288       -0.135035

     C   22       -0.735872        0.009689       -0.113936
     C   22        0.009689        0.714074       -0.325271
     C   22       -0.113936       -0.325271        0.021799

     C   23        0.176636        0.697830       -0.267623
     C   23        0.697830        0.011932        0.059616
     C   23       -0.267623        0.059616       -0.188568

     Cl  24        0.028689        0.566081       -2.122078
     Cl  24        0.566081       -1.340110       -0.601545
     Cl  24       -2.122078       -0.601545        1.311421


     NQR/NMR SPECTROSCOPIC PARAMETERS:
     Cl   1    Vxx=    0.2427    axis=(  0.804309 -0.591910 -0.052238)
     Cl   1    Vyy=    2.3961    axis=(  0.458689  0.674353 -0.578664)
     Cl   1    Vzz=   -2.6388    axis=(  0.377744  0.441464  0.813892)
     Cl   1  Q=        -8.1650 1e-30 m^2  Cq=        50.6238 MHz  eta= 0.81607

     C    2    Vxx=    0.0754    axis=(  0.874305 -0.464426  0.141065)
     C    2    Vyy=    0.6989    axis=(  0.480631  0.787838 -0.385105)
     C    2    Vzz=   -0.7744    axis=(  0.067716  0.404499  0.912028)
     C    2  Q=         1.0000 1e-30 m^2  Cq=        -1.8194 MHz  eta= 0.80514

     C    3    Vxx=    0.0382    axis=( -0.728641  0.190497  0.657871)
     C    3    Vyy=    0.3166    axis=( -0.231960 -0.972413  0.024664)
     C    3    Vzz=   -0.3548    axis=(  0.644420 -0.134628  0.752727)
     C    3  Q=         1.0000 1e-30 m^2  Cq=        -0.8336 MHz  eta= 0.78480

     H    4    Vxx=   -0.0458    axis=(  0.289568 -0.880024 -0.376441)
     H    4    Vyy=   -0.7414    axis=(  0.520479  0.474832 -0.709673)
     H    4    Vzz=    0.7873    axis=(  0.803276  0.009569  0.595530)
     H    4  Q=         1.0000 1e-30 m^2  Cq=         1.8498 MHz  eta= 0.88353

     C    5    Vxx=   -0.0989    axis=( -0.450235  0.628538 -0.634215)
     C    5    Vyy=   -0.4626    axis=( -0.304070  0.559899  0.770749)
     C    5    Vzz=    0.5615    axis=( -0.839542 -0.539864  0.060967)
     C    5  Q=         1.0000 1e-30 m^2  Cq=         1.3193 MHz  eta= 0.64779

     H    6    Vxx=   -0.0347    axis=(  0.801313 -0.324415  0.502645)
     H    6    Vyy=   -0.6657    axis=( -0.568919 -0.673068  0.472557)
     H    6    Vzz=    0.7004    axis=( -0.185010  0.664631  0.723904)
     H    6  Q=         1.0000 1e-30 m^2  Cq=         1.6456 MHz  eta= 0.90096

     H    7    Vxx=    0.0413    axis=( -0.748580 -0.308039 -0.587145)
     H    7    Vyy=    0.5515    axis=( -0.040988  0.905335 -0.422716)
     H    7    Vzz=   -0.5929    axis=( -0.661776  0.292371  0.690341)
     H    7  Q=         1.0000 1e-30 m^2  Cq=        -1.3930 MHz  eta= 0.86058

     C    8    Vxx=    0.1378    axis=(  0.486262 -0.770962 -0.411298)
     C    8    Vyy=    0.5068    axis=(  0.169382  0.544930 -0.821195)
     C    8    Vzz=   -0.6447    axis=(  0.857239  0.329649  0.395566)
     C    8  Q=         1.0000 1e-30 m^2  Cq=        -1.5147 MHz  eta= 0.57236

     H    9    Vxx=   -0.0466    axis=(  0.018726  0.554816  0.831762)
     H    9    Vyy=   -0.4920    axis=( -0.691781 -0.593441  0.411421)
     H    9    Vzz=    0.5386    axis=(  0.721865 -0.583101  0.372699)
     H    9  Q=         1.0000 1e-30 m^2  Cq=         1.2656 MHz  eta= 0.82679

     C   10    Vxx=    0.0247    axis=(  0.735657 -0.293657 -0.610389)
     C   10    Vyy=    0.7940    axis=( -0.545673 -0.790824 -0.277196)
     C   10    Vzz=   -0.8188    axis=( -0.401310  0.536994 -0.742016)
     C   10  Q=         1.0000 1e-30 m^2  Cq=        -1.9238 MHz  eta= 0.93956

     C   11    Vxx=    0.0266    axis=(  0.511941 -0.463627  0.723164)
     C   11    Vyy=    0.4992    axis=( -0.046603  0.825617  0.562303)
     C   11    Vzz=   -0.5258    axis=( -0.857755 -0.321567  0.401061)
     C   11  Q=         1.0000 1e-30 m^2  Cq=        -1.2355 MHz  eta= 0.89876

     Cl  12    Vxx=    0.4509    axis=( -0.693109  0.087714  0.715476)
     Cl  12    Vyy=    1.1957    axis=(  0.511861  0.758762  0.402839)
     Cl  12    Vzz=   -1.6466    axis=( -0.507542  0.645435 -0.570802)
     Cl  12  Q=        -8.1650 1e-30 m^2  Cq=        31.5889 MHz  eta= 0.45232

     H   13    Vxx=   -0.0613    axis=(  0.988195 -0.117789 -0.097961)
     H   13    Vyy=   -0.2795    axis=( -0.026983  0.495611 -0.868125)
     H   13    Vzz=    0.3407    axis=(  0.150806  0.860520  0.486582)
     H   13  Q=         1.0000 1e-30 m^2  Cq=         0.8006 MHz  eta= 0.64042

     C   14    Vxx=    0.1500    axis=( -0.428636 -0.651365  0.626096)
     C   14    Vyy=    0.6992    axis=(  0.019791  0.686049  0.727286)
     C   14    Vzz=   -0.8491    axis=( -0.903261  0.324132 -0.281174)
     C   14  Q=         1.0000 1e-30 m^2  Cq=        -1.9951 MHz  eta= 0.64678

     H   15    Vxx=    0.0377    axis=(  0.263122 -0.930525  0.254735)
     H   15    Vyy=    0.6499    axis=( -0.800385 -0.357966 -0.480878)
     H   15    Vzz=   -0.6876    axis=(  0.538656 -0.077356 -0.838967)
     H   15  Q=         1.0000 1e-30 m^2  Cq=        -1.6157 MHz  eta= 0.89027

     C   16    Vxx=    0.0947    axis=(  0.969534  0.153606  0.190810)
     C   16    Vyy=    0.3005    axis=(  0.205207 -0.083947 -0.975112)
     C   16    Vzz=   -0.3952    axis=( -0.133765  0.984560 -0.112911)
     C   16  Q=         1.0000 1e-30 m^2  Cq=        -0.9287 MHz  eta= 0.52066

     C   17    Vxx=   -0.0925    axis=(  0.688260 -0.141502 -0.711531)
     C   17    Vyy=   -0.7773    axis=( -0.635504  0.355457 -0.685409)
     C   17    Vzz=    0.8698    axis=( -0.349905 -0.923920 -0.154721)
     C   17  Q=         1.0000 1e-30 m^2  Cq=         2.0438 MHz  eta= 0.78722

     Cl  18    Vxx=    0.7001    axis=(  0.820833 -0.286396  0.494177)
     Cl  18    Vyy=    2.2657    axis=(  0.224741 -0.633463 -0.740416)
     Cl  18    Vzz=   -2.9658    axis=(  0.525096  0.718819 -0.455602)
     Cl  18  Q=        -8.1650 1e-30 m^2  Cq=        56.8975 MHz  eta= 0.52788

     H   19    Vxx=   -0.0762    axis=( -0.769909  0.470803  0.430796)
     H   19    Vyy=   -0.5505    axis=(  0.634912  0.633080  0.442828)
     H   19    Vzz=    0.6267    axis=(  0.064243 -0.614455  0.786332)
     H   19  Q=         1.0000 1e-30 m^2  Cq=         1.4725 MHz  eta= 0.75677

     C   20    Vxx=   -0.1757    axis=( -0.693066  0.152673  0.704522)
     C   20    Vyy=   -0.7304    axis=( -0.505077  0.594482 -0.625691)
     C   20    Vzz=    0.9061    axis=(  0.514352  0.789482  0.334904)
     C   20  Q=         1.0000 1e-30 m^2  Cq=         2.1290 MHz  eta= 0.61214

     H   21    Vxx=   -0.0286    axis=(  0.361008 -0.681747 -0.636313)
     H   21    Vyy=   -0.6438    axis=(  0.265364  0.729218 -0.630732)
     H   21    Vzz=    0.6723    axis=(  0.894011  0.058845  0.444165)
     H   21  Q=         1.0000 1e-30 m^2  Cq=         1.5797 MHz  eta= 0.91505

     C   22    Vxx=   -0.0909    axis=( -0.156074  0.371679  0.915148)
     C   22    Vyy=   -0.7537    axis=(  0.987212  0.028252  0.156890)
     C   22    Vzz=    0.8446    axis=(  0.032458  0.927931 -0.371336)
     C   22  Q=         1.0000 1e-30 m^2  Cq=         1.9844 MHz  eta= 0.78480

     C   23    Vxx=   -0.1163    axis=(  0.151994 -0.408892 -0.899836)
     C   23    Vyy=   -0.7070    axis=(  0.639046 -0.653867  0.405065)
     C   23    Vzz=    0.8233    axis=( -0.754001 -0.636605  0.161917)
     C   23  Q=         1.0000 1e-30 m^2  Cq=         1.9344 MHz  eta= 0.71754

     Cl  24    Vxx=   -1.4224    axis=(  0.395786  0.783185  0.479557)
     Cl  24    Vyy=   -1.6183    axis=( -0.704580  0.593891 -0.388408)
     Cl  24    Vzz=    3.0407    axis=( -0.589000 -0.184159  0.786870)
     Cl  24  Q=        -8.1650 1e-30 m^2  Cq=       -58.3335 MHz  eta= 0.06443

     Initialization:
     gipaw_setup  :      9.10s CPU     10.86s WALL (       1 calls)

     Linear response

     Apply operators

     Induced current

     Other routines
     efg          :      9.32s CPU     12.30s WALL (       1 calls)

     General routines
     calbec       :      3.37s CPU      4.78s WALL (      16 calls)
     fft          :      1.55s CPU      2.35s WALL (      15 calls)
     ffts         :      0.03s CPU      0.04s WALL (       2 calls)
     fftw         :      3.30s CPU      4.17s WALL (     672 calls)
     davcio       :      0.01s CPU      0.32s WALL (      32 calls)

     Parallel routines
     fft_scatter  :      2.16s CPU      3.59s WALL (     689 calls)

     Plugins

     GIPAW        :     62.05s CPU     72.60s WALL (       1 calls)
