
     Program QE v.6.0 (svn rev. 13079) starts on 18Dec2016 at  9: 7:33 

     This program is part of the open-source Quantum ESPRESSO suite
     for quantum simulation of materials; please cite
         "P. Giannozzi et al., J. Phys.:Condens. Matter 21 395502 (2009);
          URL http://www.quantum-espresso.org", 
     in publications or presentations arising from this work. More details at
     http://www.quantum-espresso.org/quote

     Parallel version (MPI), running on     8 processors
     R & G space division:  proc/nbgrp/npool/nimage =       8

     ***** This is GIPAW svn revision unknown      *****

     Parallelizing q-star over 1 images

     Reading data from directory:
     /users/majewski/paradichlorobenzene/pbe/9_constraint/scratch/pbe.ecut100.np8.dt60.pcl2phi-129368.save
     Message from routine read_xml_file:
     file /users/majewski/paradichlorobenzene/pbe/9_constraint/scratch/pbe.ecut100.np8.dt60.pcl2phi-129368.save not guaranteed to be safe for post-processing

   Info: using nr1, nr2, nr3 values from input

   Info: using nr1, nr2, nr3 values from input

     IMPORTANT: XC functional enforced from input :
     Exchange-correlation      =  SLA  PW   PBX  PBC ( 1  4  3  4 0 0)
     Any further DFT definition will be discarded
     Please, verify this is what you really want

               file C.pbe-n-kjpaw_psl.1.0.0.UPF: wavefunction(s)  2S 2P renormalized
               file Cl.pbe-n-kjpaw_psl.1.0.0.UPF: wavefunction(s)  3S 3P renormalized
               file H.pbe-kjpaw_psl.1.0.0.UPF: wavefunction(s)  1S renormalized

     Parallelization info
     --------------------
     sticks:   dense  smooth     PW     G-vecs:    dense   smooth      PW
     Min        3057    1223    332               144436    36536    5170
     Max        3059    1225    333               144437    36537    5171
     Sum       24467    9791   2657              1155489   292295   41363


     Subspace diagonalization in iterative solution of the eigenvalue problem:
     a serial algorithm will be used

     GIPAW projectors -----------------------------------------------
     atom=  C    l=0  rc=    1.2000  rs=    0.8000
     atom=  C    l=0  rc=    1.2000  rs=    0.8000
     atom=  C    l=1  rc=    1.4000  rs=    0.9333
     atom=  C    l=1  rc=    1.4000  rs=    0.9333
     projs nearly linearly dependent: l=1  n1,n2= 1, 2  s=  0.99951561

     atom=  Cl   l=0  rc=    1.6000  rs=    1.0667
     atom=  Cl   l=0  rc=    1.6000  rs=    1.0667
     atom=  Cl   l=1  rc=    1.6000  rs=    1.0667
     atom=  Cl   l=1  rc=    1.6000  rs=    1.0667
     atom=  Cl   l=2  rc=    1.6000  rs=    1.0667
     atom=  Cl   l=2  rc=    1.6000  rs=    1.0667
     projs nearly linearly dependent: l=2  n1,n2= 1, 2  s=  0.99993509

     atom=  H    l=0  rc=    1.0000  rs=    0.6667
     atom=  H    l=0  rc=    1.0000  rs=    0.6667
     projs nearly linearly dependent: l=0  n1,n2= 1, 2  s=  0.99968852
     -----------------------------------------------------------------

     GIPAW integrals: -------------------------------------------
     Atom  i/j   nmr_para   nmr_dia   epr_rmc  epr_para   epr_dia
       C   1 1   0.83E+03  0.17E-01  0.93E+01  0.24E+08  0.24E+03
       C   2 1   0.86E+03 -0.61E-01  0.94E+01  0.25E+08  0.25E+03
       C   2 2   0.90E+03 -0.15E+00  0.97E+01  0.26E+08  0.26E+03
       C   3 3   0.33E+01  0.34E+00  0.18E+01  0.55E+03  0.21E+02
       C   4 3   0.35E+01  0.37E+00  0.20E+01  0.59E+03  0.22E+02
       C   4 4   0.38E+01  0.39E+00  0.22E+01  0.63E+03  0.24E+02
       Cl  1 1   0.14E+04 -0.47E+00  0.84E+01  0.32E+09  0.42E+03
       Cl  2 1   0.21E+04 -0.37E+00  0.12E+02  0.49E+09  0.65E+03
       Cl  2 2   0.33E+04 -0.16E+00  0.21E+02  0.76E+09  0.10E+04
       Cl  3 3   0.21E+02  0.79E-01  0.89E+01  0.23E+05  0.13E+03
       Cl  4 3   0.24E+02  0.67E-01  0.99E+01  0.27E+05  0.15E+03
       Cl  4 4   0.28E+02  0.44E-01  0.11E+02  0.32E+05  0.18E+03
       Cl  5 5   0.77E+00  0.19E+00  0.18E+01  0.12E+03  0.22E+02
       Cl  6 5   0.80E+00  0.19E+00  0.19E+01  0.12E+03  0.23E+02
       Cl  6 6   0.83E+00  0.20E+00  0.19E+01  0.12E+03  0.23E+02
       H   1 1   0.39E+02  0.19E+00  0.29E+00  0.78E+05  0.13E+02
       H   2 1   0.41E+02  0.21E+00  0.32E+00  0.82E+05  0.14E+02
       H   2 2   0.43E+02  0.22E+00  0.36E+00  0.86E+05  0.15E+02
     ------------------------------------------------------------

     alpha_pv=     34.4845 eV

     Number of occupied bands for each k-point:
     k-point:     1    nbnd_occ=  42
     k-point:     2    nbnd_occ=  42
     k-point:     3    nbnd_occ=  42
     k-point:     4    nbnd_occ=  42
     k-point:     5    nbnd_occ=  42
     k-point:     6    nbnd_occ=  42
     k-point:     7    nbnd_occ=  42
     k-point:     8    nbnd_occ=  42
     k-point:     9    nbnd_occ=  42
     k-point:    10    nbnd_occ=  42
     k-point:    11    nbnd_occ=  42
     k-point:    12    nbnd_occ=  42
     k-point:    13    nbnd_occ=  42
     k-point:    14    nbnd_occ=  42
     k-point:    15    nbnd_occ=  42
     k-point:    16    nbnd_occ=  42


     q-space interpolation up to   110.00 Rydberg

     GIPAW job: efg                                                                             


     ELECTRIC FIELD GRADIENTS TENSORS IN Hartree/bohrradius^2:

     ----- bare term -----
     Cl   1        0.012924        0.080522        0.060598
     Cl   1        0.080522        0.029688        0.087321
     Cl   1        0.060598        0.087321       -0.042612

     C    2       -0.234982        0.306093       -0.103979
     C    2        0.306093       -0.208563       -0.473842
     C    2       -0.103979       -0.473842        0.443546

     C    3       -0.143474        0.269579       -0.247614
     C    3        0.269579       -0.205502       -0.580335
     C    3       -0.247614       -0.580335        0.348976

     H    4       -0.186122       -0.180487       -0.420567
     H    4       -0.180487        0.097966       -0.414656
     H    4       -0.420567       -0.414656        0.088156

     C    5       -0.735795        0.395286       -0.428273
     C    5        0.395286        0.397445       -0.163044
     C    5       -0.428273       -0.163044        0.338350

     H    6        0.289906        0.034331       -0.160363
     H    6        0.034331       -0.495235       -0.508845
     H    6       -0.160363       -0.508845        0.205329

     H    7        0.481556        0.100699       -0.019369
     H    7        0.100699       -0.800816       -0.037434
     H    7       -0.019369       -0.037434        0.319260

     C    8       -0.223376       -0.159107       -0.269988
     C    8       -0.159107        0.005264        0.537773
     C    8       -0.269988        0.537773        0.218111

     H    9       -0.140849        0.473886       -0.299666
     H    9        0.473886       -0.243015        0.174071
     H    9       -0.299666        0.174071        0.383865

     C   10       -0.608277       -0.377929       -0.265503
     C   10       -0.377929        0.283342        0.251853
     C   10       -0.265503        0.251853        0.324935

     C   11        0.033606       -0.351941       -0.087674
     C   11       -0.351941       -0.259216        0.486243
     C   11       -0.087674        0.486243        0.225611

     Cl  12       -0.109162       -0.215768        0.053537
     Cl  12       -0.215768        0.109058       -0.117673
     Cl  12        0.053537       -0.117673        0.000103

     H   13        0.022145        0.382057       -0.037899
     H   13        0.382057       -0.393800       -0.277003
     H   13       -0.037899       -0.277003        0.371655

     C   14       -0.148473       -0.340584       -0.401313
     C   14       -0.340584        0.002874       -0.570751
     C   14       -0.401313       -0.570751        0.145598

     H   15        0.017222       -0.095453       -0.313809
     H   15       -0.095453       -0.144518       -0.517877
     H   15       -0.313809       -0.517877        0.127297

     C   16       -0.662064        0.319503       -0.205257
     C   16        0.319503        0.238490       -0.135992
     C   16       -0.205257       -0.135992        0.423575

     C   17        0.033499        0.005498       -0.222863
     C   17        0.005498       -0.046249       -0.556457
     C   17       -0.222863       -0.556457        0.012750

     Cl  18       -0.275935        0.280746       -0.004478
     Cl  18        0.280746        0.095775        0.124457
     Cl  18       -0.004478        0.124457        0.180160

     H   19        0.077772        0.041554        0.307793
     H   19        0.041554       -0.065626        0.449432
     H   19        0.307793        0.449432       -0.012147

     C   20       -0.536847       -0.389991       -0.479807
     C   20       -0.389991        0.350481        0.235377
     C   20       -0.479807        0.235377        0.186366

     H   21       -0.040590        0.147074       -0.346961
     H   21        0.147074        0.483385        0.030104
     H   21       -0.346961        0.030104       -0.442795

     C   22       -0.063880       -0.490834       -0.272873
     C   22       -0.490834       -0.322707        0.455379
     C   22       -0.272873        0.455379        0.386587

     C   23       -0.257014       -0.097001       -0.427552
     C   23       -0.097001       -0.007197        0.437652
     C   23       -0.427552        0.437652        0.264211

     Cl  24       -0.019321       -0.057579       -0.022725
     Cl  24       -0.057579       -0.014287        0.008735
     Cl  24       -0.022725        0.008735        0.033608

     ----- ionic term -----
     Cl   1        0.215018       -0.211439        0.015454
     Cl   1       -0.211439       -0.068979       -0.007936
     Cl   1        0.015454       -0.007936       -0.146039

     C    2        0.274419       -0.173998        0.257102
     C    2       -0.173998        0.057620        0.402591
     C    2        0.257102        0.402591       -0.332039

     C    3        0.155367       -0.242182        0.177754
     C    3       -0.242182        0.200046        0.405402
     C    3        0.177754        0.405402       -0.355414

     H    4        0.345082        0.510812        0.613210
     H    4        0.510812       -0.188563        0.419996
     H    4        0.613210        0.419996       -0.156520

     C    5        0.324618       -0.177577        0.311337
     C    5       -0.177577        0.055231        0.279510
     C    5        0.311337        0.279510       -0.379848

     H    6       -0.510368       -0.009610        0.025817
     H    6       -0.009610        0.868980        0.555951
     H    6        0.025817        0.555951       -0.358612

     H    7       -0.503901       -0.037292        0.018167
     H    7       -0.037292        0.855692       -0.568239
     H    7        0.018167       -0.568239       -0.351791

     C    8        0.352137        0.146122        0.245530
     C    8        0.146122        0.089438       -0.284225
     C    8        0.245530       -0.284225       -0.441576

     H    9        0.519484       -0.381261        0.655421
     H    9       -0.381261       -0.388040       -0.297050
     H    9        0.655421       -0.297050       -0.131444

     C   10        0.217319        0.231861        0.187595
     C   10        0.231861        0.178140       -0.321957
     C   10        0.187595       -0.321957       -0.395459

     C   11        0.236730        0.245645        0.309448
     C   11        0.245645        0.100093       -0.298654
     C   11        0.309448       -0.298654       -0.336823

     Cl  12        0.151419        0.231267        0.018367
     Cl  12        0.231267        0.018221        0.012283
     Cl  12        0.018367        0.012283       -0.169640

     H   13       -0.486032       -0.173781       -0.093585
     H   13       -0.173781        0.656780        0.689025
     H   13       -0.093585        0.689025       -0.170749

     C   14        0.350728       -0.239757        0.273138
     C   14       -0.239757        0.010634        0.295247
     C   14        0.273138        0.295247       -0.361361

     H   15        0.392742        0.307430        0.759227
     H   15        0.307430       -0.412730        0.311279
     H   15        0.759227        0.311279        0.019988

     C   16        0.204409       -0.295782        0.225740
     C   16       -0.295782        0.127308        0.358199
     C   16        0.225740        0.358199       -0.331717

     C   17        0.200776       -0.199570        0.292284
     C   17       -0.199570        0.129857        0.387876
     C   17        0.292284        0.387876       -0.330633

     Cl  18        0.159738       -0.216438        0.048158
     Cl  18       -0.216438       -0.000772       -0.020556
     Cl  18        0.048158       -0.020556       -0.158966

     H   19       -0.509764        0.112610       -0.040967
     H   19        0.112610        0.575240       -0.743147
     H   19       -0.040967       -0.743147       -0.065476

     C   20        0.361610        0.303432        0.293169
     C   20        0.303432       -0.060932       -0.288722
     C   20        0.293169       -0.288722       -0.300678

     H   21        0.397249       -0.225829        0.787491
     H   21       -0.225829       -0.474386       -0.256859
     H   21        0.787491       -0.256859        0.077137

     C   22        0.236200        0.314572        0.207547
     C   22        0.314572        0.037177       -0.355337
     C   22        0.207547       -0.355337       -0.273377

     C   23        0.276008        0.167973        0.215984
     C   23        0.167973        0.060468       -0.404444
     C   23        0.215984       -0.404444       -0.336476

     Cl  24        0.178199        0.236350        0.012696
     Cl  24        0.236350       -0.021467       -0.001060
     Cl  24        0.012696       -0.001060       -0.156732

     ----- GIPAW term -----
     Cl   1        2.093918       -0.250235        1.436141
     Cl   1       -0.250235       -0.317953        1.014090
     Cl   1        1.436141        1.014090       -1.775965

     C    2        0.032127       -0.144049        0.085693
     C    2       -0.144049       -0.026935       -0.151146
     C    2        0.085693       -0.151146       -0.005192

     C    3       -0.068192        0.045510       -0.064226
     C    3        0.045510        0.022069       -0.138725
     C    3       -0.064226       -0.138725        0.046123

     H    4       -0.000000        0.000000        0.000000
     H    4        0.000000        0.000000        0.000000
     H    4        0.000000        0.000000        0.000000

     C    5       -0.171520        0.159193       -0.040651
     C    5        0.159193        0.224218        0.039024
     C    5       -0.040651        0.039024       -0.052698

     H    6       -0.000000        0.000000        0.000000
     H    6        0.000000        0.000000        0.000000
     H    6        0.000000        0.000000        0.000000

     H    7       -0.000000        0.000000        0.000000
     H    7        0.000000        0.000000        0.000000
     H    7        0.000000        0.000000        0.000000

     C    8       -0.099964       -0.076258       -0.049328
     C    8       -0.076258        0.167607        0.208624
     C    8       -0.049328        0.208624       -0.067643

     H    9       -0.000000        0.000000        0.000000
     H    9        0.000000        0.000000        0.000000
     H    9        0.000000        0.000000        0.000000

     C   10       -0.201420       -0.126234       -0.068431
     C   10       -0.126234        0.277391        0.078247
     C   10       -0.068431        0.078247       -0.075971

     C   11        0.101745       -0.081181        0.061456
     C   11       -0.081181        0.009621       -0.010486
     C   11        0.061456       -0.010486       -0.111366

     Cl  12        0.495128        0.255490        0.611405
     Cl  12        0.255490        1.221037       -1.272607
     Cl  12        0.611405       -1.272607       -1.716166

     H   13       -0.000000        0.000000        0.000000
     H   13        0.000000        0.000000        0.000000
     H   13        0.000000        0.000000        0.000000

     C   14        0.021879       -0.240367       -0.003848
     C   14       -0.240367        0.083257       -0.166468
     C   14       -0.003848       -0.166468       -0.105136

     H   15       -0.000000        0.000000        0.000000
     H   15        0.000000        0.000000        0.000000
     H   15        0.000000        0.000000        0.000000

     C   16       -0.147007       -0.119749       -0.031699
     C   16       -0.119749        0.233009        0.034540
     C   16       -0.031699        0.034540       -0.086002

     C   17       -0.063223       -0.040566       -0.009107
     C   17       -0.040566        0.247706        0.050629
     C   17       -0.009107        0.050629       -0.184484

     Cl  18       -1.065722       -0.596084        0.051852
     Cl  18       -0.596084        1.693771        2.074745
     Cl  18        0.051852        2.074745       -0.628049

     H   19       -0.000000        0.000000        0.000000
     H   19        0.000000        0.000000        0.000000
     H   19        0.000000        0.000000        0.000000

     C   20       -0.049077       -0.220651       -0.098240
     C   20       -0.220651        0.149375        0.060375
     C   20       -0.098240        0.060375       -0.100298

     H   21       -0.000000        0.000000        0.000000
     H   21        0.000000        0.000000        0.000000
     H   21        0.000000        0.000000        0.000000

     C   22        0.050467       -0.131278       -0.146567
     C   22       -0.131278       -0.100425        0.097993
     C   22       -0.146567        0.097993        0.049958

     C   23        0.033086        0.074280       -0.080551
     C   23        0.074280        0.045065        0.065492
     C   23       -0.080551        0.065492       -0.078151

     Cl  24        1.438692        2.090892       -0.179160
     Cl  24        2.090892        0.031070        0.067139
     Cl  24       -0.179160        0.067139       -1.469763

     ----- total EFG -----
     Cl   1        2.321860       -0.381151        1.512192
     Cl   1       -0.381151       -0.357244        1.093476
     Cl   1        1.512192        1.093476       -1.964615

     C    2        0.071563       -0.011954        0.238816
     C    2       -0.011954       -0.177878       -0.222397
     C    2        0.238816       -0.222397        0.106315

     C    3       -0.056298        0.072906       -0.134086
     C    3        0.072906        0.016613       -0.313658
     C    3       -0.134086       -0.313658        0.039685

     H    4        0.158961        0.330325        0.192643
     H    4        0.330325       -0.090597        0.005340
     H    4        0.192643        0.005340       -0.068364

     C    5       -0.582697        0.376901       -0.157587
     C    5        0.376901        0.676894        0.155490
     C    5       -0.157587        0.155490       -0.094196

     H    6       -0.220462        0.024721       -0.134546
     H    6        0.024721        0.373745        0.047106
     H    6       -0.134546        0.047106       -0.153283

     H    7       -0.022345        0.063407       -0.001202
     H    7        0.063407        0.054877       -0.605673
     H    7       -0.001202       -0.605673       -0.032532

     C    8        0.028798       -0.089243       -0.073786
     C    8       -0.089243        0.262310        0.462172
     C    8       -0.073786        0.462172       -0.291107

     H    9        0.378635        0.092625        0.355755
     H    9        0.092625       -0.631056       -0.122979
     H    9        0.355755       -0.122979        0.252421

     C   10       -0.592378       -0.272303       -0.146339
     C   10       -0.272303        0.738874        0.008143
     C   10       -0.146339        0.008143       -0.146496

     C   11        0.372080       -0.187477        0.283230
     C   11       -0.187477       -0.149503        0.177103
     C   11        0.283230        0.177103       -0.222577

     Cl  12        0.537386        0.270990        0.683309
     Cl  12        0.270990        1.348316       -1.377997
     Cl  12        0.683309       -1.377997       -1.885702

     H   13       -0.463887        0.208276       -0.131483
     H   13        0.208276        0.262980        0.412022
     H   13       -0.131483        0.412022        0.200906

     C   14        0.224135       -0.820708       -0.132024
     C   14       -0.820708        0.096765       -0.441972
     C   14       -0.132024       -0.441972       -0.320899

     H   15        0.409964        0.211976        0.445417
     H   15        0.211976       -0.557249       -0.206598
     H   15        0.445417       -0.206598        0.147285

     C   16       -0.604663       -0.096028       -0.011216
     C   16       -0.096028        0.598806        0.256748
     C   16       -0.011216        0.256748        0.005856

     C   17        0.171052       -0.234637        0.060314
     C   17       -0.234637        0.331314       -0.117953
     C   17        0.060314       -0.117953       -0.502366

     Cl  18       -1.181918       -0.531776        0.095532
     Cl  18       -0.531776        1.788774        2.178646
     Cl  18        0.095532        2.178646       -0.606855

     H   19       -0.431992        0.154164        0.266826
     H   19        0.154164        0.509615       -0.293715
     H   19        0.266826       -0.293715       -0.077623

     C   20       -0.224314       -0.307211       -0.284878
     C   20       -0.307211        0.438924        0.007030
     C   20       -0.284878        0.007030       -0.214610

     H   21        0.356659       -0.078755        0.440530
     H   21       -0.078755        0.008999       -0.226755
     H   21        0.440530       -0.226755       -0.365658

     C   22        0.222787       -0.307540       -0.211893
     C   22       -0.307540       -0.385956        0.198035
     C   22       -0.211893        0.198035        0.163168

     C   23        0.052080        0.145251       -0.292120
     C   23        0.145251        0.098336        0.098700
     C   23       -0.292120        0.098700       -0.150416

     Cl  24        1.597571        2.269663       -0.189189
     Cl  24        2.269663       -0.004684        0.074814
     Cl  24       -0.189189        0.074814       -1.592886

     ----- total EFG (symmetrized) -----
     Cl   1        2.321860       -0.381151        1.512192
     Cl   1       -0.381151       -0.357244        1.093476
     Cl   1        1.512192        1.093476       -1.964615

     C    2        0.071563       -0.011954        0.238816
     C    2       -0.011954       -0.177878       -0.222397
     C    2        0.238816       -0.222397        0.106315

     C    3       -0.056298        0.072906       -0.134086
     C    3        0.072906        0.016613       -0.313658
     C    3       -0.134086       -0.313658        0.039685

     H    4        0.158961        0.330325        0.192643
     H    4        0.330325       -0.090597        0.005340
     H    4        0.192643        0.005340       -0.068364

     C    5       -0.582697        0.376901       -0.157587
     C    5        0.376901        0.676894        0.155490
     C    5       -0.157587        0.155490       -0.094196

     H    6       -0.220462        0.024721       -0.134546
     H    6        0.024721        0.373745        0.047106
     H    6       -0.134546        0.047106       -0.153283

     H    7       -0.022345        0.063407       -0.001202
     H    7        0.063407        0.054877       -0.605673
     H    7       -0.001202       -0.605673       -0.032532

     C    8        0.028798       -0.089243       -0.073786
     C    8       -0.089243        0.262310        0.462172
     C    8       -0.073786        0.462172       -0.291107

     H    9        0.378635        0.092625        0.355755
     H    9        0.092625       -0.631056       -0.122979
     H    9        0.355755       -0.122979        0.252421

     C   10       -0.592378       -0.272303       -0.146339
     C   10       -0.272303        0.738874        0.008143
     C   10       -0.146339        0.008143       -0.146496

     C   11        0.372080       -0.187477        0.283230
     C   11       -0.187477       -0.149503        0.177103
     C   11        0.283230        0.177103       -0.222577

     Cl  12        0.537386        0.270990        0.683309
     Cl  12        0.270990        1.348316       -1.377997
     Cl  12        0.683309       -1.377997       -1.885702

     H   13       -0.463887        0.208276       -0.131483
     H   13        0.208276        0.262980        0.412022
     H   13       -0.131483        0.412022        0.200906

     C   14        0.224135       -0.820708       -0.132024
     C   14       -0.820708        0.096765       -0.441972
     C   14       -0.132024       -0.441972       -0.320899

     H   15        0.409964        0.211976        0.445417
     H   15        0.211976       -0.557249       -0.206598
     H   15        0.445417       -0.206598        0.147285

     C   16       -0.604663       -0.096028       -0.011216
     C   16       -0.096028        0.598806        0.256748
     C   16       -0.011216        0.256748        0.005856

     C   17        0.171052       -0.234637        0.060314
     C   17       -0.234637        0.331314       -0.117953
     C   17        0.060314       -0.117953       -0.502366

     Cl  18       -1.181918       -0.531776        0.095532
     Cl  18       -0.531776        1.788774        2.178646
     Cl  18        0.095532        2.178646       -0.606855

     H   19       -0.431992        0.154164        0.266826
     H   19        0.154164        0.509615       -0.293715
     H   19        0.266826       -0.293715       -0.077623

     C   20       -0.224314       -0.307211       -0.284878
     C   20       -0.307211        0.438924        0.007030
     C   20       -0.284878        0.007030       -0.214610

     H   21        0.356659       -0.078755        0.440530
     H   21       -0.078755        0.008999       -0.226755
     H   21        0.440530       -0.226755       -0.365658

     C   22        0.222787       -0.307540       -0.211893
     C   22       -0.307540       -0.385956        0.198035
     C   22       -0.211893        0.198035        0.163168

     C   23        0.052080        0.145251       -0.292120
     C   23        0.145251        0.098336        0.098700
     C   23       -0.292120        0.098700       -0.150416

     Cl  24        1.597571        2.269663       -0.189189
     Cl  24        2.269663       -0.004684        0.074814
     Cl  24       -0.189189        0.074814       -1.592886


     NQR/NMR SPECTROSCOPIC PARAMETERS:
     Cl   1    Vxx=    0.1574    axis=(  0.112179 -0.913596 -0.390844)
     Cl   1    Vyy=    2.8020    axis=( -0.953863  0.011233 -0.300033)
     Cl   1    Vzz=   -2.9594    axis=(  0.278499  0.406469 -0.870185)
     Cl   1  Q=        -8.1650 1e-30 m^2  Cq=        56.7737 MHz  eta= 0.89366

     C    2    Vxx=   -0.0508    axis=(  0.751514  0.554590 -0.357291)
     C    2    Vyy=   -0.3334    axis=( -0.305468  0.772550  0.556647)
     C    2    Vzz=    0.3842    axis=(  0.584736 -0.309188  0.749991)
     C    2  Q=         1.0000 1e-30 m^2  Cq=         0.9027 MHz  eta= 0.73556

     C    3    Vxx=   -0.0969    axis=( -0.929068  0.359842 -0.085715)
     C    3    Vyy=   -0.2938    axis=(  0.195320  0.673999  0.712444)
     C    3    Vzz=    0.3907    axis=( -0.314139 -0.645166  0.696475)
     C    3  Q=         1.0000 1e-30 m^2  Cq=         0.9180 MHz  eta= 0.50395

     H    4    Vxx=   -0.0784    axis=( -0.032056 -0.486233  0.873241)
     H    4    Vyy=   -0.3617    axis=(  0.591587 -0.713440 -0.375537)
     H    4    Vzz=    0.4401    axis=(  0.805604  0.504560  0.310520)
     H    4  Q=         1.0000 1e-30 m^2  Cq=         1.0341 MHz  eta= 0.64368

     C    5    Vxx=   -0.0496    axis=( -0.310509 -0.042160  0.949635)
     C    5    Vyy=   -0.7450    axis=( -0.917459  0.274669 -0.287794)
     C    5    Vzz=    0.7945    axis=( -0.248702 -0.960614 -0.123967)
     C    5  Q=         1.0000 1e-30 m^2  Cq=         1.8669 MHz  eta= 0.87522

     H    6    Vxx=   -0.0493    axis=( -0.621737 -0.050697  0.781583)
     H    6    Vyy=   -0.3289    axis=( -0.782900  0.068996 -0.618309)
     H    6    Vzz=    0.3782    axis=( -0.022580 -0.996328 -0.082588)
     H    6  Q=         1.0000 1e-30 m^2  Cq=         0.8886 MHz  eta= 0.73925

     H    7    Vxx=   -0.0227    axis=(  0.994607 -0.003657  0.103655)
     H    7    Vyy=   -0.5992    axis=( -0.073385  0.681431  0.728194)
     H    7    Vzz=    0.6219    axis=( -0.073297 -0.731873  0.677487)
     H    7  Q=         1.0000 1e-30 m^2  Cq=         1.4612 MHz  eta= 0.92699

     C    8    Vxx=    0.0045    axis=(  0.976162  0.203725  0.074856)
     C    8    Vyy=    0.5493    axis=(  0.214143 -0.847845 -0.485079)
     C    8    Vzz=   -0.5538    axis=( -0.035356  0.489545 -0.871261)
     C    8  Q=         1.0000 1e-30 m^2  Cq=        -1.3012 MHz  eta= 0.98370

     H    9    Vxx=   -0.0079    axis=( -0.625844 -0.239493  0.742268)
     H    9    Vyy=   -0.6690    axis=(  0.149426 -0.970878 -0.187266)
     H    9    Vzz=    0.6769    axis=(  0.765501 -0.006285  0.643404)
     H    9  Q=         1.0000 1e-30 m^2  Cq=         1.5904 MHz  eta= 0.97679

     C   10    Vxx=   -0.1103    axis=( -0.243805 -0.087443  0.965874)
     C   10    Vyy=   -0.6835    axis=( -0.949693 -0.180341 -0.256047)
     C   10    Vzz=    0.7938    axis=(  0.196576 -0.979710 -0.039076)
     C   10  Q=         1.0000 1e-30 m^2  Cq=         1.8652 MHz  eta= 0.72212

     C   11    Vxx=   -0.0068    axis=(  0.048096 -0.802088 -0.595266)
     C   11    Vyy=   -0.4984    axis=( -0.362657 -0.569309  0.737812)
     C   11    Vzz=    0.5053    axis=( -0.930681  0.180391 -0.318264)
     C   11  Q=         1.0000 1e-30 m^2  Cq=         1.1872 MHz  eta= 0.97298

     Cl  12    Vxx=    0.7111    axis=(  0.972990  0.065137  0.221466)
     Cl  12    Vyy=    1.8561    axis=(  0.015219  0.939178 -0.343092)
     Cl  12    Vzz=   -2.5672    axis=( -0.230344  0.337196  0.912820)
     Cl  12  Q=        -8.1650 1e-30 m^2  Cq=        49.2497 MHz  eta= 0.44604

     H   13    Vxx=   -0.0471    axis=( -0.490338 -0.559016  0.668633)
     H   13    Vyy=   -0.6018    axis=( -0.869432  0.366984 -0.330774)
     H   13    Vzz=    0.6490    axis=( -0.060469 -0.743521 -0.665973)
     H   13  Q=         1.0000 1e-30 m^2  Cq=         1.5248 MHz  eta= 0.85470

     C   14    Vxx=   -0.0706    axis=( -0.499011 -0.309409  0.809477)
     C   14    Vyy=   -0.9465    axis=(  0.515647  0.644719  0.564309)
     C   14    Vzz=    1.0171    axis=( -0.696488  0.699002 -0.162176)
     C   14  Q=         1.0000 1e-30 m^2  Cq=         2.3897 MHz  eta= 0.86122

     H   15    Vxx=   -0.0257    axis=( -0.502057 -0.479885  0.719478)
     H   15    Vyy=   -0.7190    axis=(  0.309903 -0.876507 -0.368369)
     H   15    Vzz=    0.7448    axis=(  0.807403  0.038026  0.588774)
     H   15  Q=         1.0000 1e-30 m^2  Cq=         1.7499 MHz  eta= 0.93090

     C   16    Vxx=   -0.0889    axis=(  0.043664 -0.344087  0.937922)
     C   16    Vyy=   -0.6124    axis=( -0.996466 -0.082425  0.016151)
     C   16    Vzz=    0.7013    axis=(  0.071751 -0.935313 -0.346471)
     C   16  Q=         1.0000 1e-30 m^2  Cq=         1.6477 MHz  eta= 0.74659

     C   17    Vxx=    0.0039    axis=(  0.818376  0.573546 -0.036127)
     C   17    Vyy=    0.5160    axis=( -0.572996  0.809548 -0.127703)
     C   17    Vzz=   -0.5199    axis=( -0.043997  0.125210  0.991154)
     C   17  Q=         1.0000 1e-30 m^2  Cq=        -1.2217 MHz  eta= 0.98482

     Cl  18    Vxx=   -1.0711    axis=(  0.915503 -0.121851  0.383414)
     Cl  18    Vyy=   -2.0452    axis=( -0.390862 -0.495133  0.775931)
     Cl  18    Vzz=    3.1163    axis=( -0.095293  0.860230  0.500923)
     Cl  18  Q=        -8.1650 1e-30 m^2  Cq=       -59.7853 MHz  eta= 0.31257

     H   19    Vxx=    0.0104    axis=(  0.565588  0.281434  0.775181)
     H   19    Vyy=    0.6330    axis=( -0.042244 -0.928848  0.368046)
     H   19    Vzz=   -0.6434    axis=(  0.823605 -0.240909 -0.513456)
     H   19  Q=         1.0000 1e-30 m^2  Cq=        -1.5118 MHz  eta= 0.96760

     C   20    Vxx=   -0.0219    axis=(  0.528042  0.363715 -0.767387)
     C   20    Vyy=   -0.5545    axis=( -0.748679 -0.227118 -0.622814)
     C   20    Vzz=    0.5764    axis=(  0.400815 -0.903398 -0.152378)
     C   20  Q=         1.0000 1e-30 m^2  Cq=         1.3543 MHz  eta= 0.92396

     H   21    Vxx=    0.0085    axis=(  0.367533  0.921475 -0.125713)
     H   21    Vyy=    0.6139    axis=(  0.850289 -0.278187  0.446789)
     H   21    Vzz=   -0.6224    axis=(  0.376733 -0.271103 -0.885763)
     H   21  Q=         1.0000 1e-30 m^2  Cq=        -1.4625 MHz  eta= 0.97261

     C   22    Vxx=   -0.0170    axis=(  0.603225 -0.076700  0.793875)
     C   22    Vyy=   -0.5310    axis=( -0.332978 -0.928688  0.163288)
     C   22    Vzz=    0.5480    axis=(  0.724738 -0.362843 -0.585747)
     C   22  Q=         1.0000 1e-30 m^2  Cq=         1.2876 MHz  eta= 0.93806

     C   23    Vxx=    0.1263    axis=( -0.152446  0.868957  0.470822)
     C   23    Vyy=    0.2857    axis=( -0.804512 -0.385809  0.451566)
     C   23    Vzz=   -0.4120    axis=(  0.574038 -0.309943  0.757902)
     C   23  Q=         1.0000 1e-30 m^2  Cq=        -0.9681 MHz  eta= 0.38679

     Cl  24    Vxx=   -1.4325    axis=( -0.385166  0.574415  0.722284)
     Cl  24    Vyy=   -1.7734    axis=(  0.429895 -0.580881  0.691207)
     Cl  24    Vzz=    3.2059    axis=( -0.816601 -0.576736  0.023202)
     Cl  24  Q=        -8.1650 1e-30 m^2  Cq=       -61.5041 MHz  eta= 0.10634

     Initialization:
     gipaw_setup  :      9.50s CPU     11.05s WALL (       1 calls)

     Linear response

     Apply operators

     Induced current

     Other routines
     efg          :      9.41s CPU     11.79s WALL (       1 calls)

     General routines
     calbec       :      3.42s CPU      4.53s WALL (      16 calls)
     fft          :      1.33s CPU      1.58s WALL (      15 calls)
     ffts         :      0.04s CPU      0.05s WALL (       2 calls)
     fftw         :      3.29s CPU      3.97s WALL (     672 calls)
     davcio       :      0.01s CPU      0.29s WALL (      32 calls)

     Parallel routines
     fft_scatter  :      1.96s CPU      2.83s WALL (     689 calls)

     Plugins

     GIPAW        :     61.86s CPU     75.04s WALL (       1 calls)
