
     Program QE v.6.0 (svn rev. 13079) starts on 17Jan2017 at 16:26:41 

     This program is part of the open-source Quantum ESPRESSO suite
     for quantum simulation of materials; please cite
         "P. Giannozzi et al., J. Phys.:Condens. Matter 21 395502 (2009);
          URL http://www.quantum-espresso.org", 
     in publications or presentations arising from this work. More details at
     http://www.quantum-espresso.org/quote

     Parallel version (MPI), running on     8 processors
     R & G space division:  proc/nbgrp/npool/nimage =       8

     ***** This is GIPAW svn revision unknown      *****

     Parallelizing q-star over 1 images

     Reading data from directory:
     /users/majewski/paradichlorobenzene/pbe/9_constraint/scratch/pbe.ecut100.np8.dt60.pcl2phi-129368.save
     Message from routine read_xml_file:
     file /users/majewski/paradichlorobenzene/pbe/9_constraint/scratch/pbe.ecut100.np8.dt60.pcl2phi-129368.save not guaranteed to be safe for post-processing

   Info: using nr1, nr2, nr3 values from input

   Info: using nr1, nr2, nr3 values from input

     IMPORTANT: XC functional enforced from input :
     Exchange-correlation      =  SLA  PW   PBX  PBC ( 1  4  3  4 0 0)
     Any further DFT definition will be discarded
     Please, verify this is what you really want

               file C.pbe-n-kjpaw_psl.1.0.0.UPF: wavefunction(s)  2S 2P renormalized
               file Cl.pbe-n-kjpaw_psl.1.0.0.UPF: wavefunction(s)  3S 3P renormalized
               file H.pbe-kjpaw_psl.1.0.0.UPF: wavefunction(s)  1S renormalized

     Parallelization info
     --------------------
     sticks:   dense  smooth     PW     G-vecs:    dense   smooth      PW
     Min        3057    1223    332               144436    36536    5170
     Max        3059    1225    333               144437    36537    5171
     Sum       24467    9791   2657              1155489   292295   41363


     Subspace diagonalization in iterative solution of the eigenvalue problem:
     a serial algorithm will be used

     GIPAW projectors -----------------------------------------------
     atom=  C    l=0  rc=    1.2000  rs=    0.8000
     atom=  C    l=0  rc=    1.2000  rs=    0.8000
     atom=  C    l=1  rc=    1.4000  rs=    0.9333
     atom=  C    l=1  rc=    1.4000  rs=    0.9333
     projs nearly linearly dependent: l=1  n1,n2= 1, 2  s=  0.99951561

     atom=  Cl   l=0  rc=    1.6000  rs=    1.0667
     atom=  Cl   l=0  rc=    1.6000  rs=    1.0667
     atom=  Cl   l=1  rc=    1.6000  rs=    1.0667
     atom=  Cl   l=1  rc=    1.6000  rs=    1.0667
     atom=  Cl   l=2  rc=    1.6000  rs=    1.0667
     atom=  Cl   l=2  rc=    1.6000  rs=    1.0667
     projs nearly linearly dependent: l=2  n1,n2= 1, 2  s=  0.99993509

     atom=  H    l=0  rc=    1.0000  rs=    0.6667
     atom=  H    l=0  rc=    1.0000  rs=    0.6667
     projs nearly linearly dependent: l=0  n1,n2= 1, 2  s=  0.99968852
     -----------------------------------------------------------------

     GIPAW integrals: -------------------------------------------
     Atom  i/j   nmr_para   nmr_dia   epr_rmc  epr_para   epr_dia
       C   1 1   0.83E+03  0.17E-01  0.93E+01  0.24E+08  0.24E+03
       C   2 1   0.86E+03 -0.61E-01  0.94E+01  0.25E+08  0.25E+03
       C   2 2   0.90E+03 -0.15E+00  0.97E+01  0.26E+08  0.26E+03
       C   3 3   0.33E+01  0.34E+00  0.18E+01  0.55E+03  0.21E+02
       C   4 3   0.35E+01  0.37E+00  0.20E+01  0.59E+03  0.22E+02
       C   4 4   0.38E+01  0.39E+00  0.22E+01  0.63E+03  0.24E+02
       Cl  1 1   0.14E+04 -0.47E+00  0.84E+01  0.32E+09  0.42E+03
       Cl  2 1   0.21E+04 -0.37E+00  0.12E+02  0.49E+09  0.65E+03
       Cl  2 2   0.33E+04 -0.16E+00  0.21E+02  0.76E+09  0.10E+04
       Cl  3 3   0.21E+02  0.79E-01  0.89E+01  0.23E+05  0.13E+03
       Cl  4 3   0.24E+02  0.67E-01  0.99E+01  0.27E+05  0.15E+03
       Cl  4 4   0.28E+02  0.44E-01  0.11E+02  0.32E+05  0.18E+03
       Cl  5 5   0.77E+00  0.19E+00  0.18E+01  0.12E+03  0.22E+02
       Cl  6 5   0.80E+00  0.19E+00  0.19E+01  0.12E+03  0.23E+02
       Cl  6 6   0.83E+00  0.20E+00  0.19E+01  0.12E+03  0.23E+02
       H   1 1   0.39E+02  0.19E+00  0.29E+00  0.78E+05  0.13E+02
       H   2 1   0.41E+02  0.21E+00  0.32E+00  0.82E+05  0.14E+02
       H   2 2   0.43E+02  0.22E+00  0.36E+00  0.86E+05  0.15E+02
     ------------------------------------------------------------

     alpha_pv=     34.0755 eV

     Number of occupied bands for each k-point:
     k-point:     1    nbnd_occ=  42
     k-point:     2    nbnd_occ=  42
     k-point:     3    nbnd_occ=  42
     k-point:     4    nbnd_occ=  42
     k-point:     5    nbnd_occ=  42
     k-point:     6    nbnd_occ=  42
     k-point:     7    nbnd_occ=  42
     k-point:     8    nbnd_occ=  42
     k-point:     9    nbnd_occ=  42
     k-point:    10    nbnd_occ=  42
     k-point:    11    nbnd_occ=  42
     k-point:    12    nbnd_occ=  42
     k-point:    13    nbnd_occ=  42
     k-point:    14    nbnd_occ=  42
     k-point:    15    nbnd_occ=  42
     k-point:    16    nbnd_occ=  42


     q-space interpolation up to   110.00 Rydberg

     GIPAW job: efg                                                                             


     ELECTRIC FIELD GRADIENTS TENSORS IN Hartree/bohrradius^2:

     ----- bare term -----
     Cl   1       -0.112650        0.350958       -0.017213
     Cl   1        0.350958       -0.076642       -0.179812
     Cl   1       -0.017213       -0.179812        0.189291

     C    2        0.133486       -0.018313       -0.215853
     C    2       -0.018313       -0.218457       -0.569654
     C    2       -0.215853       -0.569654        0.084971

     C    3       -0.575222        0.373038       -0.320826
     C    3        0.373038        0.169677       -0.065698
     C    3       -0.320826       -0.065698        0.405545

     H    4        0.047861       -0.026626       -0.241630
     H    4       -0.026626        0.117868       -0.539037
     H    4       -0.241630       -0.539037       -0.165728

     C    5       -0.072528       -0.391026       -0.485326
     C    5       -0.391026       -0.025654       -0.522876
     C    5       -0.485326       -0.522876        0.098182

     H    6       -0.008277        0.308034        0.219661
     H    6        0.308034       -0.164734       -0.451945
     H    6        0.219661       -0.451945        0.173011

     H    7        0.417153        0.061553        0.013345
     H    7        0.061553       -0.444692        0.554283
     H    7        0.013345        0.554283        0.027538

     C    8       -0.810690       -0.420520       -0.414852
     C    8       -0.420520        0.493311        0.145909
     C    8       -0.414852        0.145909        0.317379

     H    9       -0.257899       -0.071915       -0.517081
     H    9       -0.071915       -0.016671        0.101995
     H    9       -0.517081        0.101995        0.274570

     C   10        0.091326       -0.389024       -0.077329
     C   10       -0.389024       -0.153557        0.561210
     C   10       -0.077329        0.561210        0.062231

     C   11       -0.373635       -0.341763       -0.435279
     C   11       -0.341763        0.179206        0.249964
     C   11       -0.435279        0.249964        0.194429

     Cl  12        0.046757       -0.009207       -0.031928
     Cl  12       -0.009207       -0.058516       -0.085458
     Cl  12       -0.031928       -0.085458        0.011759

     H   13        0.206870       -0.087938        0.342253
     H   13       -0.087938       -0.008787       -0.352837
     H   13        0.342253       -0.352837       -0.198083

     C   14       -0.641167        0.351816       -0.368744
     C   14        0.351816        0.407456       -0.126526
     C   14       -0.368744       -0.126526        0.233711

     H   15        0.135691       -0.082027       -0.338811
     H   15       -0.082027        0.412502        0.141067
     H   15       -0.338811        0.141067       -0.548194

     C   16        0.019735        0.181359       -0.137075
     C   16        0.181359       -0.092664       -0.425996
     C   16       -0.137075       -0.425996        0.072929

     C   17       -0.467147        0.373079       -0.140824
     C   17        0.373079        0.056378       -0.373741
     C   17       -0.140824       -0.373741        0.410769

     Cl  18        0.167274       -0.096011       -0.018669
     Cl  18       -0.096011       -0.036629        0.002825
     Cl  18       -0.018669        0.002825       -0.130645

     H   19        0.420672       -0.084044        0.003594
     H   19       -0.084044       -0.704679        0.408628
     H   19        0.003594        0.408628        0.284007

     C   20       -0.141311       -0.197752       -0.198041
     C   20       -0.197752        0.009803        0.487832
     C   20       -0.198041        0.487832        0.131508

     H   21       -0.050403        0.352957       -0.365573
     H   21        0.352957       -0.242811        0.347145
     H   21       -0.365573        0.347145        0.293214

     C   22       -0.671618       -0.388720       -0.278489
     C   22       -0.388720        0.327723        0.218846
     C   22       -0.278489        0.218846        0.343895

     C   23        0.035117       -0.311004       -0.097212
     C   23       -0.311004       -0.078074        0.560427
     C   23       -0.097212        0.560427        0.042957

     Cl  24       -0.111482       -0.171010        0.063761
     Cl  24       -0.171010        0.063458       -0.139777
     Cl  24        0.063761       -0.139777        0.048024

     ----- ionic term -----
     Cl   1        0.148791       -0.214301        0.062632
     Cl   1       -0.214301       -0.001992       -0.030479
     Cl   1        0.062632       -0.030479       -0.146799

     C    2        0.065317       -0.276759        0.325712
     C    2       -0.276759        0.095421        0.442541
     C    2        0.325712        0.442541       -0.160738

     C    3        0.093699       -0.335365        0.224708
     C    3       -0.335365        0.132421        0.425852
     C    3        0.224708        0.425852       -0.226120

     H    4        0.337094        0.269390        0.802177
     H    4        0.269390       -0.438328        0.318015
     H    4        0.802177        0.318015        0.101234

     C    5        0.283234       -0.278373        0.301182
     C    5       -0.278373       -0.057836        0.292955
     C    5        0.301182        0.292955       -0.225398

     H    6       -0.484891       -0.163184       -0.107779
     H    6       -0.163184        0.456658        0.768448
     H    6       -0.107779        0.768448        0.028233

     H    7       -0.512102       -0.062536        0.047404
     H    7       -0.062536        0.669591       -0.694111
     H    7        0.047404       -0.694111       -0.157489

     C    8        0.248133        0.236430        0.303085
     C    8        0.236430        0.121696       -0.250721
     C    8        0.303085       -0.250721       -0.369829

     H    9        0.769398       -0.310713        0.545778
     H    9       -0.310713       -0.374145       -0.207559
     H    9        0.545778       -0.207559       -0.395253

     C   10        0.163939        0.291103        0.213948
     C   10        0.291103        0.235582       -0.328214
     C   10        0.213948       -0.328214       -0.399521

     C   11        0.162262        0.194155        0.357737
     C   11        0.194155        0.119993       -0.366575
     C   11        0.357737       -0.366575       -0.282255

     Cl  12        0.144405        0.225111        0.054377
     Cl  12        0.225111       -0.000527        0.022049
     Cl  12        0.054377        0.022049       -0.143877

     H   13       -0.517302       -0.138664       -0.060838
     H   13       -0.138664        0.559945        0.745719
     H   13       -0.060838        0.745719       -0.042643

     C   14        0.193613       -0.243230        0.341754
     C   14       -0.243230       -0.037518        0.293343
     C   14        0.341754        0.293343       -0.156095

     H   15        0.311786        0.306462        0.759732
     H   15        0.306462       -0.426123        0.324675
     H   15        0.759732        0.324675        0.114337

     C   16        0.139047       -0.296080        0.225611
     C   16       -0.296080        0.005076        0.334614
     C   16        0.225611        0.334614       -0.144122

     C   17        0.249886       -0.237957        0.226968
     C   17       -0.237957       -0.095366        0.399569
     C   17        0.226968        0.399569       -0.154520

     Cl  18        0.195728       -0.214747       -0.010017
     Cl  18       -0.214747       -0.067253        0.001072
     Cl  18       -0.010017        0.001072       -0.128475

     H   19       -0.510940        0.098679       -0.045672
     H   19        0.098679        0.540556       -0.744363
     H   19       -0.045672       -0.744363       -0.029617

     C   20        0.268245        0.264504        0.301833
     C   20        0.264504        0.019669       -0.301780
     C   20        0.301833       -0.301780       -0.287913

     H   21        0.459831       -0.360960        0.694252
     H   21       -0.360960       -0.394248       -0.318158
     H   21        0.694252       -0.318158       -0.065583

     C   22        0.127175        0.272618        0.203432
     C   22        0.272618        0.210243       -0.389207
     C   22        0.203432       -0.389207       -0.337418

     C   23        0.165914        0.213799        0.264471
     C   23        0.213799        0.169888       -0.355194
     C   23        0.264471       -0.355194       -0.335802

     Cl  24        0.105387        0.204792        0.031704
     Cl  24        0.204792        0.050349        0.021697
     Cl  24        0.031704        0.021697       -0.155735

     ----- GIPAW term -----
     Cl   1       -1.116250       -0.193581       -0.040599
     Cl   1       -0.193581        0.671315        1.746997
     Cl   1       -0.040599        1.746997        0.444934

     C    2       -0.065032       -0.040813       -0.004541
     C    2       -0.040813        0.178624        0.104829
     C    2       -0.004541        0.104829       -0.113592

     C    3       -0.079710       -0.123283       -0.102420
     C    3       -0.123283        0.131190        0.108911
     C    3       -0.102420        0.108911       -0.051480

     H    4       -0.000000        0.000000        0.000000
     H    4        0.000000        0.000000        0.000000
     H    4        0.000000        0.000000        0.000000

     C    5        0.051661       -0.258396       -0.086222
     C    5       -0.258396        0.074855       -0.059649
     C    5       -0.086222       -0.059649       -0.126516

     H    6       -0.000000        0.000000        0.000000
     H    6        0.000000        0.000000        0.000000
     H    6        0.000000        0.000000        0.000000

     H    7       -0.000000        0.000000        0.000000
     H    7        0.000000        0.000000        0.000000
     H    7        0.000000        0.000000        0.000000

     C    8       -0.210583       -0.146265       -0.045450
     C    8       -0.146265        0.295707       -0.017542
     C    8       -0.045450       -0.017542       -0.085124

     H    9       -0.000000        0.000000        0.000000
     H    9        0.000000        0.000000        0.000000
     H    9        0.000000        0.000000        0.000000

     C   10       -0.038404       -0.155326       -0.041985
     C   10       -0.155326        0.127715        0.143503
     C   10       -0.041985        0.143503       -0.089311

     C   11       -0.068623       -0.097818       -0.095962
     C   11       -0.097818        0.167985        0.117223
     C   11       -0.095962        0.117223       -0.099363

     Cl  12       -0.249578        0.466295       -0.926974
     Cl  12        0.466295        0.565864        1.924635
     Cl  12       -0.926974        1.924635       -0.316286

     H   13       -0.000000        0.000000        0.000000
     H   13        0.000000        0.000000        0.000000
     H   13        0.000000        0.000000        0.000000

     C   14       -0.121723        0.134131       -0.056945
     C   14        0.134131        0.190628       -0.051391
     C   14       -0.056945       -0.051391       -0.068905

     H   15       -0.000000        0.000000        0.000000
     H   15        0.000000        0.000000        0.000000
     H   15        0.000000        0.000000        0.000000

     C   16       -0.077601        0.043771       -0.051626
     C   16        0.043771        0.049123       -0.159648
     C   16       -0.051626       -0.159648        0.028478

     C   17       -0.079054       -0.147184        0.047803
     C   17       -0.147184        0.149445       -0.149738
     C   17        0.047803       -0.149738       -0.070390

     Cl  18        3.116832       -2.692765       -0.104382
     Cl  18       -2.692765       -0.640873       -0.024495
     Cl  18       -0.104382       -0.024495       -2.475959

     H   19       -0.000000        0.000000        0.000000
     H   19        0.000000        0.000000        0.000000
     H   19        0.000000        0.000000        0.000000

     C   20       -0.090480       -0.110601       -0.024309
     C   20       -0.110601        0.221410        0.140332
     C   20       -0.024309        0.140332       -0.130930

     H   21       -0.000000        0.000000        0.000000
     H   21        0.000000        0.000000        0.000000
     H   21        0.000000        0.000000        0.000000

     C   22       -0.233468       -0.097893       -0.058194
     C   22       -0.097893        0.311852        0.025933
     C   22       -0.058194        0.025933       -0.078383

     C   23        0.024951       -0.123749        0.018288
     C   23       -0.123749        0.175415        0.022172
     C   23        0.018288        0.022172       -0.200365

     Cl  24        0.498768        0.803701        0.670265
     Cl  24        0.803701        0.695938       -1.358526
     Cl  24        0.670265       -1.358526       -1.194706

     ----- total EFG -----
     Cl   1       -1.080108       -0.056923        0.004820
     Cl   1       -0.056923        0.592681        1.536706
     Cl   1        0.004820        1.536706        0.487427

     C    2        0.133771       -0.335886        0.105317
     C    2       -0.335886        0.055588       -0.022283
     C    2        0.105317       -0.022283       -0.189359

     C    3       -0.561233       -0.085609       -0.198538
     C    3       -0.085609        0.433288        0.469065
     C    3       -0.198538        0.469065        0.127945

     H    4        0.384955        0.242764        0.560547
     H    4        0.242764       -0.320460       -0.221021
     H    4        0.560547       -0.221021       -0.064495

     C    5        0.262367       -0.927796       -0.270366
     C    5       -0.927796       -0.008635       -0.289570
     C    5       -0.270366       -0.289570       -0.253732

     H    6       -0.493168        0.144850        0.111882
     H    6        0.144850        0.291924        0.316503
     H    6        0.111882        0.316503        0.201244

     H    7       -0.094949       -0.000983        0.060749
     H    7       -0.000983        0.224899       -0.139828
     H    7        0.060749       -0.139828       -0.129951

     C    8       -0.773140       -0.330355       -0.157216
     C    8       -0.330355        0.910714       -0.122354
     C    8       -0.157216       -0.122354       -0.137575

     H    9        0.511499       -0.382628        0.028697
     H    9       -0.382628       -0.390816       -0.105565
     H    9        0.028697       -0.105565       -0.120683

     C   10        0.216862       -0.253247        0.094634
     C   10       -0.253247        0.209740        0.376499
     C   10        0.094634        0.376499       -0.426602

     C   11       -0.279996       -0.245426       -0.173504
     C   11       -0.245426        0.467184        0.000613
     C   11       -0.173504        0.000613       -0.187189

     Cl  12       -0.058416        0.682199       -0.904526
     Cl  12        0.682199        0.506821        1.861226
     Cl  12       -0.904526        1.861226       -0.448404

     H   13       -0.310432       -0.226602        0.281415
     H   13       -0.226602        0.551158        0.392882
     H   13        0.281415        0.392882       -0.240726

     C   14       -0.569277        0.242717       -0.083936
     C   14        0.242717        0.560566        0.115425
     C   14       -0.083936        0.115425        0.008710

     H   15        0.447477        0.224436        0.420920
     H   15        0.224436       -0.013621        0.465741
     H   15        0.420920        0.465741       -0.433856

     C   16        0.081181       -0.070949        0.036910
     C   16       -0.070949       -0.038465       -0.251030
     C   16        0.036910       -0.251030       -0.042716

     C   17       -0.296316       -0.012063        0.133948
     C   17       -0.012063        0.110456       -0.123909
     C   17        0.133948       -0.123909        0.185859

     Cl  18        3.479835       -3.003522       -0.133067
     Cl  18       -3.003522       -0.744755       -0.020598
     Cl  18       -0.133067       -0.020598       -2.735080

     H   19       -0.090268        0.014634       -0.042078
     H   19        0.014634       -0.164122       -0.335734
     H   19       -0.042078       -0.335734        0.254390

     C   20        0.036454       -0.043849        0.079483
     C   20       -0.043849        0.250881        0.326384
     C   20        0.079483        0.326384       -0.287336

     H   21        0.409428       -0.008003        0.328679
     H   21       -0.008003       -0.637059        0.028986
     H   21        0.328679        0.028986        0.227631

     C   22       -0.777911       -0.213995       -0.133251
     C   22       -0.213995        0.849818       -0.144427
     C   22       -0.133251       -0.144427       -0.071906

     C   23        0.225981       -0.220954        0.185547
     C   23       -0.220954        0.267229        0.227404
     C   23        0.185547        0.227404       -0.493210

     Cl  24        0.492673        0.837483        0.765730
     Cl  24        0.837483        0.809745       -1.476606
     Cl  24        0.765730       -1.476606       -1.302417

     ----- total EFG (symmetrized) -----
     Cl   1       -1.080108       -0.056923        0.004820
     Cl   1       -0.056923        0.592681        1.536706
     Cl   1        0.004820        1.536706        0.487427

     C    2        0.133771       -0.335886        0.105317
     C    2       -0.335886        0.055588       -0.022283
     C    2        0.105317       -0.022283       -0.189359

     C    3       -0.561233       -0.085609       -0.198538
     C    3       -0.085609        0.433288        0.469065
     C    3       -0.198538        0.469065        0.127945

     H    4        0.384955        0.242764        0.560547
     H    4        0.242764       -0.320460       -0.221021
     H    4        0.560547       -0.221021       -0.064495

     C    5        0.262367       -0.927796       -0.270366
     C    5       -0.927796       -0.008635       -0.289570
     C    5       -0.270366       -0.289570       -0.253732

     H    6       -0.493168        0.144850        0.111882
     H    6        0.144850        0.291924        0.316503
     H    6        0.111882        0.316503        0.201244

     H    7       -0.094949       -0.000983        0.060749
     H    7       -0.000983        0.224899       -0.139828
     H    7        0.060749       -0.139828       -0.129951

     C    8       -0.773140       -0.330355       -0.157216
     C    8       -0.330355        0.910714       -0.122354
     C    8       -0.157216       -0.122354       -0.137575

     H    9        0.511499       -0.382628        0.028697
     H    9       -0.382628       -0.390816       -0.105565
     H    9        0.028697       -0.105565       -0.120683

     C   10        0.216862       -0.253247        0.094634
     C   10       -0.253247        0.209740        0.376499
     C   10        0.094634        0.376499       -0.426602

     C   11       -0.279996       -0.245426       -0.173504
     C   11       -0.245426        0.467184        0.000613
     C   11       -0.173504        0.000613       -0.187189

     Cl  12       -0.058416        0.682199       -0.904526
     Cl  12        0.682199        0.506821        1.861226
     Cl  12       -0.904526        1.861226       -0.448404

     H   13       -0.310432       -0.226602        0.281415
     H   13       -0.226602        0.551158        0.392882
     H   13        0.281415        0.392882       -0.240726

     C   14       -0.569277        0.242717       -0.083936
     C   14        0.242717        0.560566        0.115425
     C   14       -0.083936        0.115425        0.008710

     H   15        0.447477        0.224436        0.420920
     H   15        0.224436       -0.013621        0.465741
     H   15        0.420920        0.465741       -0.433856

     C   16        0.081181       -0.070949        0.036910
     C   16       -0.070949       -0.038465       -0.251030
     C   16        0.036910       -0.251030       -0.042716

     C   17       -0.296316       -0.012063        0.133948
     C   17       -0.012063        0.110456       -0.123909
     C   17        0.133948       -0.123909        0.185859

     Cl  18        3.479835       -3.003522       -0.133067
     Cl  18       -3.003522       -0.744755       -0.020598
     Cl  18       -0.133067       -0.020598       -2.735080

     H   19       -0.090268        0.014634       -0.042078
     H   19        0.014634       -0.164122       -0.335734
     H   19       -0.042078       -0.335734        0.254390

     C   20        0.036454       -0.043849        0.079483
     C   20       -0.043849        0.250881        0.326384
     C   20        0.079483        0.326384       -0.287336

     H   21        0.409428       -0.008003        0.328679
     H   21       -0.008003       -0.637059        0.028986
     H   21        0.328679        0.028986        0.227631

     C   22       -0.777911       -0.213995       -0.133251
     C   22       -0.213995        0.849818       -0.144427
     C   22       -0.133251       -0.144427       -0.071906

     C   23        0.225981       -0.220954        0.185547
     C   23       -0.220954        0.267229        0.227404
     C   23        0.185547        0.227404       -0.493210

     Cl  24        0.492673        0.837483        0.765730
     Cl  24        0.837483        0.809745       -1.476606
     Cl  24        0.765730       -1.476606       -1.302417


     NQR/NMR SPECTROSCOPIC PARAMETERS:
     Cl   1    Vxx=   -0.9793    axis=( -0.390932  0.636135 -0.665210)
     Cl   1    Vyy=   -1.0988    axis=(  0.920343  0.279510 -0.273576)
     Cl   1    Vzz=    2.0781    axis=(  0.011902 -0.719171 -0.694732)
     Cl   1  Q=        -8.1650 1e-30 m^2  Cq=       -39.8675 MHz  eta= 0.05753

     C    2    Vxx=   -0.1668    axis=(  0.282035  0.507621  0.814111)
     C    2    Vyy=   -0.2799    axis=(  0.602901  0.566303 -0.561971)
     C    2    Vzz=    0.4467    axis=(  0.746302 -0.649324  0.146328)
     C    2  Q=         1.0000 1e-30 m^2  Cq=         1.0495 MHz  eta= 0.25327

     C    3    Vxx=   -0.1833    axis=( -0.257177 -0.607480  0.751550)
     C    3    Vyy=   -0.6163    axis=( -0.956669  0.050155 -0.286827)
     C    3    Vzz=    0.7995    axis=(  0.136548 -0.792750 -0.594056)
     C    3  Q=         1.0000 1e-30 m^2  Cq=         1.8786 MHz  eta= 0.54157

     H    4    Vxx=   -0.0614    axis=( -0.298759 -0.765762  0.569518)
     H    4    Vyy=   -0.7087    axis=(  0.458525 -0.638559 -0.618059)
     H    4    Vzz=    0.7701    axis=(  0.836958  0.076488  0.541896)
     H    4  Q=         1.0000 1e-30 m^2  Cq=         1.8094 MHz  eta= 0.84062

     C    5    Vxx=   -0.0484    axis=( -0.292239 -0.356479  0.887423)
     C    5    Vyy=   -1.0163    axis=(  0.582980  0.669181  0.460794)
     C    5    Vzz=    1.0647    axis=( -0.758110  0.652012  0.012260)
     C    5  Q=         1.0000 1e-30 m^2  Cq=         2.5016 MHz  eta= 0.90913

     H    6    Vxx=   -0.0729    axis=( -0.021898 -0.650156  0.759485)
     H    6    Vyy=   -0.5240    axis=( -0.985993  0.139681  0.091145)
     H    6    Vzz=    0.5970    axis=( -0.165344 -0.746851 -0.644107)
     H    6  Q=         1.0000 1e-30 m^2  Cq=         1.4026 MHz  eta= 0.75568

     H    7    Vxx=   -0.0670    axis=(  0.888732  0.200485  0.412262)
     H    7    Vyy=   -0.2076    axis=( -0.454820  0.273040  0.847696)
     H    7    Vzz=    0.2746    axis=(  0.057387 -0.940880  0.333844)
     H    7  Q=         1.0000 1e-30 m^2  Cq=         0.6451 MHz  eta= 0.51204

     C    8    Vxx=   -0.1024    axis=( -0.245305  0.037005  0.968739)
     C    8    Vyy=   -0.8783    axis=(  0.953088  0.192000  0.234007)
     C    8    Vzz=    0.9807    axis=( -0.177339  0.980697 -0.082368)
     C    8  Q=         1.0000 1e-30 m^2  Cq=         2.3043 MHz  eta= 0.79110

     H    9    Vxx=   -0.1072    axis=( -0.147055 -0.164630  0.975332)
     H    9    Vyy=   -0.5499    axis=(  0.327014  0.922512  0.205020)
     H    9    Vzz=    0.6571    axis=( -0.933508  0.349096 -0.081824)
     H    9  Q=         1.0000 1e-30 m^2  Cq=         1.5439 MHz  eta= 0.67375

     C   10    Vxx=    0.1275    axis=( -0.786819 -0.439653 -0.433151)
     C   10    Vyy=    0.5187    axis=( -0.574232  0.778723  0.252680)
     C   10    Vzz=   -0.6461    axis=( -0.226213 -0.447543  0.865178)
     C   10  Q=         1.0000 1e-30 m^2  Cq=        -1.5181 MHz  eta= 0.60548

     C   11    Vxx=   -0.0875    axis=( -0.486910 -0.216368  0.846229)
     C   11    Vyy=   -0.4567    axis=( -0.820872 -0.217714 -0.527987)
     C   11    Vzz=    0.5442    axis=(  0.298475 -0.951728 -0.071603)
     C   11  Q=         1.0000 1e-30 m^2  Cq=         1.2787 MHz  eta= 0.67838

     Cl  12    Vxx=    0.4819    axis=(  0.902489  0.271434 -0.334420)
     Cl  12    Vyy=    1.9509    axis=(  0.009206 -0.788414 -0.615076)
     Cl  12    Vzz=   -2.4328    axis=( -0.430614  0.552021 -0.714034)
     Cl  12  Q=        -8.1650 1e-30 m^2  Cq=        46.6724 MHz  eta= 0.60380

     H   13    Vxx=   -0.0150    axis=( -0.741426  0.156127 -0.652619)
     H   13    Vyy=   -0.7093    axis=( -0.662036 -0.328932  0.673433)
     H   13    Vzz=    0.7243    axis=( -0.109527  0.931358  0.347241)
     H   13  Q=         1.0000 1e-30 m^2  Cq=         1.7018 MHz  eta= 0.95856

     C   14    Vxx=    0.0109    axis=( -0.191188 -0.120155  0.974171)
     C   14    Vyy=    0.6257    axis=(  0.186061  0.970049  0.156162)
     C   14    Vzz=   -0.6366    axis=( -0.963757  0.211112 -0.163106)
     C   14  Q=         1.0000 1e-30 m^2  Cq=        -1.4959 MHz  eta= 0.96561

     H   15    Vxx=   -0.0280    axis=(  0.591587 -0.762625 -0.261587)
     H   15    Vyy=   -0.7849    axis=(  0.210969  0.459574 -0.862719)
     H   15    Vzz=    0.8129    axis=(  0.778149  0.455187  0.432768)
     H   15  Q=         1.0000 1e-30 m^2  Cq=         1.9099 MHz  eta= 0.93119

     C   16    Vxx=    0.0471    axis=(  0.904032  0.255567 -0.342653)
     C   16    Vyy=    0.2461    axis=( -0.422445  0.656621 -0.624812)
     C   16    Vzz=   -0.2932    axis=(  0.065312  0.709602  0.701569)
     C   16  Q=         1.0000 1e-30 m^2  Cq=        -0.6889 MHz  eta= 0.67847

     C   17    Vxx=    0.0315    axis=(  0.180035  0.837433  0.516036)
     C   17    Vyy=    0.3004    axis=( -0.194160  0.544540 -0.815952)
     C   17    Vzz=   -0.3319    axis=( -0.964308  0.046706  0.260633)
     C   17  Q=         1.0000 1e-30 m^2  Cq=        -0.7799 MHz  eta= 0.81015

     Cl  18    Vxx=   -2.2902    axis=( -0.451375 -0.874904  0.175510)
     Cl  18    Vyy=   -2.7508    axis=( -0.093069 -0.149455 -0.984379)
     Cl  18    Vzz=    5.0410    axis=(  0.887468 -0.460658 -0.013967)
     Cl  18  Q=        -8.1650 1e-30 m^2  Cq=       -96.7084 MHz  eta= 0.09137

     H   19    Vxx=   -0.0936    axis=(  0.996208 -0.065571  0.057188)
     H   19    Vyy=   -0.3507    axis=(  0.029543  0.873164  0.486530)
     H   19    Vzz=    0.4443    axis=( -0.081837 -0.482995  0.871790)
     H   19  Q=         1.0000 1e-30 m^2  Cq=         1.0440 MHz  eta= 0.57850

     C   20    Vxx=    0.0530    axis=(  0.983484 -0.062330  0.169927)
     C   20    Vyy=    0.4049    axis=(  0.016054 -0.905093 -0.424910)
     C   20    Vzz=   -0.4579    axis=(  0.180284  0.420620 -0.889143)
     C   20  Q=         1.0000 1e-30 m^2  Cq=        -1.0758 MHz  eta= 0.76863

     H   21    Vxx=   -0.0212    axis=( -0.605548  0.045266  0.794520)
     H   21    Vyy=   -0.6384    axis=(  0.020565  0.998938 -0.041239)
     H   21    Vzz=    0.6596    axis=( -0.795543 -0.008633 -0.605836)
     H   21  Q=         1.0000 1e-30 m^2  Cq=         1.5499 MHz  eta= 0.93565

     C   22    Vxx=   -0.0585    axis=( -0.211174  0.104770  0.971817)
     C   22    Vyy=   -0.8357    axis=(  0.970595  0.140010  0.195814)
     C   22    Vzz=    0.8942    axis=( -0.115548  0.984592 -0.131256)
     C   22  Q=         1.0000 1e-30 m^2  Cq=         2.1010 MHz  eta= 0.86911

     C   23    Vxx=    0.1538    axis=(  0.711880  0.573294  0.405661)
     C   23    Vyy=    0.4709    axis=(  0.645258 -0.761943 -0.055536)
     C   23    Vzz=   -0.6247    axis=( -0.277253 -0.301291  0.912335)
     C   23  Q=         1.0000 1e-30 m^2  Cq=        -1.4678 MHz  eta= 0.50768

     Cl  24    Vxx=    0.7172    axis=( -0.857123  0.203031 -0.473411)
     Cl  24    Vyy=    1.7341    axis=(  0.383696  0.864833 -0.323791)
     Cl  24    Vzz=   -2.4514    axis=( -0.343682  0.459175  0.819171)
     Cl  24  Q=        -8.1650 1e-30 m^2  Cq=        47.0283 MHz  eta= 0.41484

     Initialization:
     gipaw_setup  :      9.10s CPU     10.96s WALL (       1 calls)

     Linear response

     Apply operators

     Induced current

     Other routines
     efg          :      9.48s CPU     11.73s WALL (       1 calls)

     General routines
     calbec       :      3.18s CPU      3.99s WALL (      16 calls)
     fft          :      2.08s CPU      3.98s WALL (      15 calls)
     ffts         :      0.03s CPU      0.04s WALL (       2 calls)
     fftw         :      3.56s CPU      4.37s WALL (     672 calls)
     davcio       :      0.05s CPU      0.32s WALL (      32 calls)

     Parallel routines
     fft_scatter  :      2.86s CPU      5.46s WALL (     689 calls)

     Plugins

     GIPAW        :     61.63s CPU     72.77s WALL (       1 calls)
