
     Program QE v.6.0 (svn rev. 13079) starts on 11Jan2017 at 11:28:57 

     This program is part of the open-source Quantum ESPRESSO suite
     for quantum simulation of materials; please cite
         "P. Giannozzi et al., J. Phys.:Condens. Matter 21 395502 (2009);
          URL http://www.quantum-espresso.org", 
     in publications or presentations arising from this work. More details at
     http://www.quantum-espresso.org/quote

     Parallel version (MPI), running on     8 processors
     R & G space division:  proc/nbgrp/npool/nimage =       8

     ***** This is GIPAW svn revision unknown      *****

     Parallelizing q-star over 1 images

     Reading data from directory:
     /users/majewski/paradichlorobenzene/pbe/9_constraint/scratch/pbe.ecut100.np8.dt60.pcl2phi-129368.save
     Message from routine read_xml_file:
     file /users/majewski/paradichlorobenzene/pbe/9_constraint/scratch/pbe.ecut100.np8.dt60.pcl2phi-129368.save not guaranteed to be safe for post-processing

   Info: using nr1, nr2, nr3 values from input

   Info: using nr1, nr2, nr3 values from input

     IMPORTANT: XC functional enforced from input :
     Exchange-correlation      =  SLA  PW   PBX  PBC ( 1  4  3  4 0 0)
     Any further DFT definition will be discarded
     Please, verify this is what you really want

               file C.pbe-n-kjpaw_psl.1.0.0.UPF: wavefunction(s)  2S 2P renormalized
               file Cl.pbe-n-kjpaw_psl.1.0.0.UPF: wavefunction(s)  3S 3P renormalized
               file H.pbe-kjpaw_psl.1.0.0.UPF: wavefunction(s)  1S renormalized

     Parallelization info
     --------------------
     sticks:   dense  smooth     PW     G-vecs:    dense   smooth      PW
     Min        3057    1223    332               144436    36536    5170
     Max        3059    1225    333               144437    36537    5171
     Sum       24467    9791   2657              1155489   292295   41363


     Subspace diagonalization in iterative solution of the eigenvalue problem:
     a serial algorithm will be used

     GIPAW projectors -----------------------------------------------
     atom=  C    l=0  rc=    1.2000  rs=    0.8000
     atom=  C    l=0  rc=    1.2000  rs=    0.8000
     atom=  C    l=1  rc=    1.4000  rs=    0.9333
     atom=  C    l=1  rc=    1.4000  rs=    0.9333
     projs nearly linearly dependent: l=1  n1,n2= 1, 2  s=  0.99951561

     atom=  Cl   l=0  rc=    1.6000  rs=    1.0667
     atom=  Cl   l=0  rc=    1.6000  rs=    1.0667
     atom=  Cl   l=1  rc=    1.6000  rs=    1.0667
     atom=  Cl   l=1  rc=    1.6000  rs=    1.0667
     atom=  Cl   l=2  rc=    1.6000  rs=    1.0667
     atom=  Cl   l=2  rc=    1.6000  rs=    1.0667
     projs nearly linearly dependent: l=2  n1,n2= 1, 2  s=  0.99993509

     atom=  H    l=0  rc=    1.0000  rs=    0.6667
     atom=  H    l=0  rc=    1.0000  rs=    0.6667
     projs nearly linearly dependent: l=0  n1,n2= 1, 2  s=  0.99968852
     -----------------------------------------------------------------

     GIPAW integrals: -------------------------------------------
     Atom  i/j   nmr_para   nmr_dia   epr_rmc  epr_para   epr_dia
       C   1 1   0.83E+03  0.17E-01  0.93E+01  0.24E+08  0.24E+03
       C   2 1   0.86E+03 -0.61E-01  0.94E+01  0.25E+08  0.25E+03
       C   2 2   0.90E+03 -0.15E+00  0.97E+01  0.26E+08  0.26E+03
       C   3 3   0.33E+01  0.34E+00  0.18E+01  0.55E+03  0.21E+02
       C   4 3   0.35E+01  0.37E+00  0.20E+01  0.59E+03  0.22E+02
       C   4 4   0.38E+01  0.39E+00  0.22E+01  0.63E+03  0.24E+02
       Cl  1 1   0.14E+04 -0.47E+00  0.84E+01  0.32E+09  0.42E+03
       Cl  2 1   0.21E+04 -0.37E+00  0.12E+02  0.49E+09  0.65E+03
       Cl  2 2   0.33E+04 -0.16E+00  0.21E+02  0.76E+09  0.10E+04
       Cl  3 3   0.21E+02  0.79E-01  0.89E+01  0.23E+05  0.13E+03
       Cl  4 3   0.24E+02  0.67E-01  0.99E+01  0.27E+05  0.15E+03
       Cl  4 4   0.28E+02  0.44E-01  0.11E+02  0.32E+05  0.18E+03
       Cl  5 5   0.77E+00  0.19E+00  0.18E+01  0.12E+03  0.22E+02
       Cl  6 5   0.80E+00  0.19E+00  0.19E+01  0.12E+03  0.23E+02
       Cl  6 6   0.83E+00  0.20E+00  0.19E+01  0.12E+03  0.23E+02
       H   1 1   0.39E+02  0.19E+00  0.29E+00  0.78E+05  0.13E+02
       H   2 1   0.41E+02  0.21E+00  0.32E+00  0.82E+05  0.14E+02
       H   2 2   0.43E+02  0.22E+00  0.36E+00  0.86E+05  0.15E+02
     ------------------------------------------------------------

     alpha_pv=     34.2527 eV

     Number of occupied bands for each k-point:
     k-point:     1    nbnd_occ=  42
     k-point:     2    nbnd_occ=  42
     k-point:     3    nbnd_occ=  42
     k-point:     4    nbnd_occ=  42
     k-point:     5    nbnd_occ=  42
     k-point:     6    nbnd_occ=  42
     k-point:     7    nbnd_occ=  42
     k-point:     8    nbnd_occ=  42
     k-point:     9    nbnd_occ=  42
     k-point:    10    nbnd_occ=  42
     k-point:    11    nbnd_occ=  42
     k-point:    12    nbnd_occ=  42
     k-point:    13    nbnd_occ=  42
     k-point:    14    nbnd_occ=  42
     k-point:    15    nbnd_occ=  42
     k-point:    16    nbnd_occ=  42


     q-space interpolation up to   110.00 Rydberg

     GIPAW job: efg                                                                             


     ELECTRIC FIELD GRADIENTS TENSORS IN Hartree/bohrradius^2:

     ----- bare term -----
     Cl   1       -0.004390       -0.054010        0.116789
     Cl   1       -0.054010       -0.044944        0.187045
     Cl   1        0.116789        0.187045        0.049334

     C    2       -0.411041        0.270897       -0.412502
     C    2        0.270897        0.140533       -0.400703
     C    2       -0.412502       -0.400703        0.270508

     C    3       -0.063373        0.383365       -0.188697
     C    3        0.383365       -0.261305       -0.569168
     C    3       -0.188697       -0.569168        0.324678

     H    4       -0.164268       -0.157238       -0.485650
     H    4       -0.157238        0.368993       -0.013331
     H    4       -0.485650       -0.013331       -0.204725

     C    5       -0.780402        0.281899       -0.440939
     C    5        0.281899        0.154543       -0.050568
     C    5       -0.440939       -0.050568        0.625859

     H    6        0.329642        0.037648       -0.173063
     H    6        0.037648       -0.518698       -0.458309
     H    6       -0.173063       -0.458309        0.189056

     H    7        0.302054        0.414316        0.140820
     H    7        0.414316       -0.612831       -0.085603
     H    7        0.140820       -0.085603        0.310777

     C    8       -0.173846       -0.024513       -0.168353
     C    8       -0.024513       -0.096879        0.168693
     C    8       -0.168353        0.168693        0.270725

     H    9       -0.229284        0.279573        0.223645
     H    9        0.279573        0.101144       -0.116307
     H    9        0.223645       -0.116307        0.128140

     C   10        0.110091       -0.091755        0.213949
     C   10       -0.091755       -0.101265       -0.099287
     C   10        0.213949       -0.099287       -0.008826

     C   11       -0.239016        0.197168       -0.246143
     C   11        0.197168       -0.029220        0.530969
     C   11       -0.246143        0.530969        0.268236

     Cl  12       -0.029738       -0.247236       -0.040112
     Cl  12       -0.247236        0.074156       -0.119486
     Cl  12       -0.040112       -0.119486       -0.044418

     H   13        0.447658        0.008603        0.087042
     H   13        0.008603       -0.136093       -0.569350
     H   13        0.087042       -0.569350       -0.311565

     C   14       -0.182318        0.019314       -0.438525
     C   14        0.019314       -0.225946       -0.379072
     C   14       -0.438525       -0.379072        0.408265

     H   15        0.152706       -0.077184       -0.277510
     H   15       -0.077184        0.435538       -0.001118
     H   15       -0.277510       -0.001118       -0.588244

     C   16       -0.299319        0.266754       -0.233212
     C   16        0.266754        0.041084       -0.079276
     C   16       -0.233212       -0.079276        0.258235

     C   17       -0.021275        0.037144       -0.261059
     C   17        0.037144       -0.522150       -0.360089
     C   17       -0.261059       -0.360089        0.543425

     Cl  18       -0.154847        0.080071        0.043091
     Cl  18        0.080071       -0.085845        0.110054
     Cl  18        0.043091        0.110054        0.240692

     H   19        0.026978        0.351078        0.130716
     H   19        0.351078       -0.393327        0.290552
     H   19        0.130716        0.290552        0.366349

     C   20       -0.344614       -0.362217       -0.446651
     C   20       -0.362217       -0.155732        0.067972
     C   20       -0.446651        0.067972        0.500345

     H   21       -0.403442        0.277696        0.257495
     H   21        0.277696        0.245103       -0.019177
     H   21        0.257495       -0.019177        0.158340

     C   22        0.048449       -0.011495       -0.054295
     C   22       -0.011495       -0.371531        0.286986
     C   22       -0.054295        0.286986        0.323083

     C   23       -0.582472       -0.207293       -0.370596
     C   23       -0.207293        0.137994        0.178170
     C   23       -0.370596        0.178170        0.444478

     Cl  24       -0.067672        0.004643        0.007795
     Cl  24        0.004643       -0.043796        0.005197
     Cl  24        0.007795        0.005197        0.111468

     ----- ionic term -----
     Cl   1        0.096851       -0.224679        0.070000
     Cl   1       -0.224679        0.075925       -0.050355
     Cl   1        0.070000       -0.050355       -0.172777

     C    2        0.023741       -0.277947        0.406454
     C    2       -0.277947        0.205215        0.276833
     C    2        0.406454        0.276833       -0.228956

     C    3        0.092518       -0.301444        0.298148
     C    3       -0.301444        0.230079        0.284368
     C    3        0.298148        0.284368       -0.322598

     H    4        0.432216        0.253568        0.764232
     H    4        0.253568       -0.411979        0.245801
     H    4        0.764232        0.245801       -0.020237

     C    5        0.229524       -0.295742        0.346068
     C    5       -0.295742        0.089947        0.219636
     C    5        0.346068        0.219636       -0.319470

     H    6       -0.491893       -0.062312       -0.038333
     H    6       -0.062312        0.687701        0.669416
     H    6       -0.038333        0.669416       -0.195808

     H    7       -0.504950       -0.226666        0.099267
     H    7       -0.226666        0.659380       -0.685858
     H    7        0.099267       -0.685858       -0.154430

     C    8        0.403672        0.057193       -0.007950
     C    8        0.057193        0.110587       -0.312501
     C    8       -0.007950       -0.312501       -0.514259

     H    9        0.968617       -0.395749        0.052300
     H    9       -0.395749       -0.350363       -0.069172
     H    9        0.052300       -0.069172       -0.618254

     C   10        0.259031        0.152164       -0.078845
     C   10        0.152164        0.298713       -0.327794
     C   10       -0.078845       -0.327794       -0.557744

     C   11        0.285991        0.042920        0.010315
     C   11        0.042920        0.285345       -0.309988
     C   11        0.010315       -0.309988       -0.571336

     Cl  12        0.128599        0.197450       -0.038468
     Cl  12        0.197450        0.026748       -0.031956
     Cl  12       -0.038468       -0.031956       -0.155348

     H   13       -0.534038        0.065046        0.092757
     H   13        0.065046        0.560050        0.734935
     H   13        0.092757        0.734935       -0.026012

     C   14        0.135978       -0.241514        0.431845
     C   14       -0.241514        0.021609        0.224409
     C   14        0.431845        0.224409       -0.157587

     H   15        0.311444        0.125323        0.800083
     H   15        0.125323       -0.513328        0.178701
     H   15        0.800083        0.178701        0.201884

     C   16        0.032233       -0.308511        0.287362
     C   16       -0.308511        0.114584        0.304845
     C   16        0.287362        0.304845       -0.146817

     C   17        0.170516       -0.217554        0.271416
     C   17       -0.217554        0.024591        0.398210
     C   17        0.271416        0.398210       -0.195106

     Cl  18        0.164090       -0.195567       -0.000742
     Cl  18       -0.195567       -0.024316        0.005004
     Cl  18       -0.000742        0.005004       -0.139774

     H   19       -0.505184       -0.177230        0.067940
     H   19       -0.177230        0.742076       -0.645623
     H   19        0.067940       -0.645623       -0.236892

     C   20        0.412705        0.107030       -0.042473
     C   20        0.107030        0.119874       -0.302352
     C   20       -0.042473       -0.302352       -0.532579

     H   21        0.933481       -0.466520        0.161985
     H   21       -0.466520       -0.345339       -0.112464
     H   21        0.161985       -0.112464       -0.588142

     C   22        0.299134        0.137912       -0.063267
     C   22        0.137912        0.256021       -0.308655
     C   22       -0.063267       -0.308655       -0.555155

     C   23        0.351380       -0.022370        0.015828
     C   23       -0.022370        0.204376       -0.285018
     C   23        0.015828       -0.285018       -0.555756

     Cl  24        0.125483        0.194406       -0.047465
     Cl  24        0.194406        0.002271       -0.025979
     Cl  24       -0.047465       -0.025979       -0.127755

     ----- GIPAW term -----
     Cl   1        0.059214        0.100749       -0.942019
     Cl   1        0.100749        0.373110       -1.342635
     Cl   1       -0.942019       -1.342635       -0.432324

     C    2       -0.079592       -0.006464       -0.084190
     C    2       -0.006464        0.181459       -0.120967
     C    2       -0.084190       -0.120967       -0.101867

     C    3       -0.024946        0.112118       -0.044587
     C    3        0.112118        0.020542       -0.105783
     C    3       -0.044587       -0.105783        0.004403

     H    4       -0.000000        0.000000        0.000000
     H    4        0.000000        0.000000        0.000000
     H    4        0.000000        0.000000        0.000000

     C    5       -0.217399        0.027883       -0.078587
     C    5        0.027883        0.018173        0.144901
     C    5       -0.078587        0.144901        0.199226

     H    6       -0.000000        0.000000        0.000000
     H    6        0.000000        0.000000        0.000000
     H    6        0.000000        0.000000        0.000000

     H    7       -0.000000        0.000000        0.000000
     H    7        0.000000        0.000000        0.000000
     H    7        0.000000        0.000000        0.000000

     C    8       -0.055919       -0.026354       -0.040848
     C    8       -0.026354        0.000059        0.110926
     C    8       -0.040848        0.110926        0.055861

     H    9       -0.000000        0.000000        0.000000
     H    9        0.000000        0.000000        0.000000
     H    9        0.000000        0.000000        0.000000

     C   10        0.021302        0.006230        0.024011
     C   10        0.006230        0.006849       -0.029735
     C   10        0.024011       -0.029735       -0.028151

     C   11       -0.086892        0.102773       -0.001982
     C   11        0.102773       -0.025669        0.184035
     C   11       -0.001982        0.184035        0.112561

     Cl  12       -0.819553        0.591472        0.268432
     Cl  12        0.591472       -0.851795        1.063537
     Cl  12        0.268432        1.063537        1.671348

     H   13       -0.000000        0.000000        0.000000
     H   13        0.000000        0.000000        0.000000
     H   13        0.000000        0.000000        0.000000

     C   14       -0.018833       -0.056919       -0.175928
     C   14       -0.056919       -0.135156       -0.009636
     C   14       -0.175928       -0.009636        0.153989

     H   15       -0.000000        0.000000        0.000000
     H   15        0.000000        0.000000        0.000000
     H   15        0.000000        0.000000        0.000000

     C   16       -0.101526        0.009637       -0.090794
     C   16        0.009637       -0.059148        0.013090
     C   16       -0.090794        0.013090        0.160674

     C   17       -0.077699       -0.082176       -0.057109
     C   17       -0.082176       -0.189962        0.019671
     C   17       -0.057109        0.019671        0.267661

     Cl  18       -0.122111       -1.531877        0.594133
     Cl  18       -1.531877       -0.801123        1.116835
     Cl  18        0.594133        1.116835        0.923234

     H   19       -0.000000        0.000000        0.000000
     H   19        0.000000        0.000000        0.000000
     H   19        0.000000        0.000000        0.000000

     C   20        0.056728        0.017375       -0.225562
     C   20        0.017375       -0.124645       -0.069312
     C   20       -0.225562       -0.069312        0.067916

     H   21       -0.000000        0.000000        0.000000
     H   21        0.000000        0.000000        0.000000
     H   21        0.000000        0.000000        0.000000

     C   22       -0.032677        0.015563       -0.073132
     C   22        0.015563       -0.095973        0.000537
     C   22       -0.073132        0.000537        0.128649

     C   23       -0.120119        0.072305       -0.056979
     C   23        0.072305        0.088647       -0.118974
     C   23       -0.056979       -0.118974        0.031471

     Cl  24       -0.484477        1.692994       -0.761051
     Cl  24        1.692994       -1.431000       -0.405855
     Cl  24       -0.761051       -0.405855        1.915477

     ----- total EFG -----
     Cl   1        0.151675       -0.177940       -0.755230
     Cl   1       -0.177940        0.404091       -1.205946
     Cl   1       -0.755230       -1.205946       -0.555766

     C    2       -0.466893       -0.013515       -0.090238
     C    2       -0.013515        0.527207       -0.244837
     C    2       -0.090238       -0.244837       -0.060315

     C    3        0.004199        0.194039        0.064864
     C    3        0.194039       -0.010683       -0.390583
     C    3        0.064864       -0.390583        0.006484

     H    4        0.267948        0.096330        0.278582
     H    4        0.096330       -0.042986        0.232470
     H    4        0.278582        0.232470       -0.224962

     C    5       -0.768278        0.014040       -0.173458
     C    5        0.014040        0.262663        0.313969
     C    5       -0.173458        0.313969        0.505615

     H    6       -0.162251       -0.024664       -0.211396
     H    6       -0.024664        0.169003        0.211107
     H    6       -0.211396        0.211107       -0.006752

     H    7       -0.202896        0.187650        0.240087
     H    7        0.187650        0.046549       -0.771461
     H    7        0.240087       -0.771461        0.156347

     C    8        0.173907        0.006326       -0.217150
     C    8        0.006326        0.013766       -0.032881
     C    8       -0.217150       -0.032881       -0.187673

     H    9        0.739332       -0.116176        0.275945
     H    9       -0.116176       -0.249218       -0.185479
     H    9        0.275945       -0.185479       -0.490114

     C   10        0.390425        0.066639        0.159115
     C   10        0.066639        0.204296       -0.456816
     C   10        0.159115       -0.456816       -0.594721

     C   11       -0.039917        0.342860       -0.237809
     C   11        0.342860        0.230456        0.405016
     C   11       -0.237809        0.405016       -0.190539

     Cl  12       -0.720692        0.541685        0.189852
     Cl  12        0.541685       -0.750891        0.912095
     Cl  12        0.189852        0.912095        1.471583

     H   13       -0.086380        0.073649        0.179798
     H   13        0.073649        0.423957        0.165584
     H   13        0.179798        0.165584       -0.337577

     C   14       -0.065174       -0.279119       -0.182608
     C   14       -0.279119       -0.339493       -0.164299
     C   14       -0.182608       -0.164299        0.404666

     H   15        0.464149        0.048140        0.522573
     H   15        0.048140       -0.077790        0.177583
     H   15        0.522573        0.177583       -0.386359

     C   16       -0.368613       -0.032120       -0.036644
     C   16       -0.032120        0.096521        0.238659
     C   16       -0.036644        0.238659        0.272092

     C   17        0.071541       -0.262586       -0.046752
     C   17       -0.262586       -0.687521        0.057792
     C   17       -0.046752        0.057792        0.615980

     Cl  18       -0.112869       -1.647373        0.636482
     Cl  18       -1.647373       -0.911284        1.231894
     Cl  18        0.636482        1.231894        1.024153

     H   19       -0.478207        0.173849        0.198656
     H   19        0.173849        0.348749       -0.355071
     H   19        0.198656       -0.355071        0.129457

     C   20        0.124820       -0.237812       -0.714686
     C   20       -0.237812       -0.160502       -0.303691
     C   20       -0.714686       -0.303691        0.035682

     H   21        0.530039       -0.188824        0.419480
     H   21       -0.188824       -0.100237       -0.131641
     H   21        0.419480       -0.131641       -0.429802

     C   22        0.314906        0.141979       -0.190694
     C   22        0.141979       -0.211484       -0.021132
     C   22       -0.190694       -0.021132       -0.103423

     C   23       -0.351211       -0.157358       -0.411747
     C   23       -0.157358        0.431018       -0.225822
     C   23       -0.411747       -0.225822       -0.079807

     Cl  24       -0.426666        1.892043       -0.800722
     Cl  24        1.892043       -1.472524       -0.426637
     Cl  24       -0.800722       -0.426637        1.899190

     ----- total EFG (symmetrized) -----
     Cl   1        0.151675       -0.177940       -0.755230
     Cl   1       -0.177940        0.404091       -1.205946
     Cl   1       -0.755230       -1.205946       -0.555766

     C    2       -0.466893       -0.013515       -0.090238
     C    2       -0.013515        0.527207       -0.244837
     C    2       -0.090238       -0.244837       -0.060315

     C    3        0.004199        0.194039        0.064864
     C    3        0.194039       -0.010683       -0.390583
     C    3        0.064864       -0.390583        0.006484

     H    4        0.267948        0.096330        0.278582
     H    4        0.096330       -0.042986        0.232470
     H    4        0.278582        0.232470       -0.224962

     C    5       -0.768278        0.014040       -0.173458
     C    5        0.014040        0.262663        0.313969
     C    5       -0.173458        0.313969        0.505615

     H    6       -0.162251       -0.024664       -0.211396
     H    6       -0.024664        0.169003        0.211107
     H    6       -0.211396        0.211107       -0.006752

     H    7       -0.202896        0.187650        0.240087
     H    7        0.187650        0.046549       -0.771461
     H    7        0.240087       -0.771461        0.156347

     C    8        0.173907        0.006326       -0.217150
     C    8        0.006326        0.013766       -0.032881
     C    8       -0.217150       -0.032881       -0.187673

     H    9        0.739332       -0.116176        0.275945
     H    9       -0.116176       -0.249218       -0.185479
     H    9        0.275945       -0.185479       -0.490114

     C   10        0.390425        0.066639        0.159115
     C   10        0.066639        0.204296       -0.456816
     C   10        0.159115       -0.456816       -0.594721

     C   11       -0.039917        0.342860       -0.237809
     C   11        0.342860        0.230456        0.405016
     C   11       -0.237809        0.405016       -0.190539

     Cl  12       -0.720692        0.541685        0.189852
     Cl  12        0.541685       -0.750891        0.912095
     Cl  12        0.189852        0.912095        1.471583

     H   13       -0.086380        0.073649        0.179798
     H   13        0.073649        0.423957        0.165584
     H   13        0.179798        0.165584       -0.337577

     C   14       -0.065174       -0.279119       -0.182608
     C   14       -0.279119       -0.339493       -0.164299
     C   14       -0.182608       -0.164299        0.404666

     H   15        0.464149        0.048140        0.522573
     H   15        0.048140       -0.077790        0.177583
     H   15        0.522573        0.177583       -0.386359

     C   16       -0.368613       -0.032120       -0.036644
     C   16       -0.032120        0.096521        0.238659
     C   16       -0.036644        0.238659        0.272092

     C   17        0.071541       -0.262586       -0.046752
     C   17       -0.262586       -0.687521        0.057792
     C   17       -0.046752        0.057792        0.615980

     Cl  18       -0.112869       -1.647373        0.636482
     Cl  18       -1.647373       -0.911284        1.231894
     Cl  18        0.636482        1.231894        1.024153

     H   19       -0.478207        0.173849        0.198656
     H   19        0.173849        0.348749       -0.355071
     H   19        0.198656       -0.355071        0.129457

     C   20        0.124820       -0.237812       -0.714686
     C   20       -0.237812       -0.160502       -0.303691
     C   20       -0.714686       -0.303691        0.035682

     H   21        0.530039       -0.188824        0.419480
     H   21       -0.188824       -0.100237       -0.131641
     H   21        0.419480       -0.131641       -0.429802

     C   22        0.314906        0.141979       -0.190694
     C   22        0.141979       -0.211484       -0.021132
     C   22       -0.190694       -0.021132       -0.103423

     C   23       -0.351211       -0.157358       -0.411747
     C   23       -0.157358        0.431018       -0.225822
     C   23       -0.411747       -0.225822       -0.079807

     Cl  24       -0.426666        1.892043       -0.800722
     Cl  24        1.892043       -1.472524       -0.426637
     Cl  24       -0.800722       -0.426637        1.899190


     NQR/NMR SPECTROSCOPIC PARAMETERS:
     Cl   1    Vxx=    0.3647    axis=(  0.884572 -0.443287 -0.145015)
     Cl   1    Vyy=    1.3023    axis=( -0.277688 -0.750362  0.599871)
     Cl   1    Vzz=   -1.6670    axis=( -0.374729 -0.490360 -0.786845)
     Cl   1  Q=        -8.1650 1e-30 m^2  Cq=        31.9802 MHz  eta= 0.56249

     C    2    Vxx=   -0.1256    axis=( -0.253185  0.335145  0.907510)
     C    2    Vyy=   -0.4906    axis=(  0.967272  0.071414  0.243485)
     C    2    Vzz=    0.6162    axis=(  0.016793  0.939456 -0.342257)
     C    2  Q=         1.0000 1e-30 m^2  Cq=         1.4477 MHz  eta= 0.59245

     C    3    Vxx=    0.0558    axis=( -0.897870 -0.094871 -0.429917)
     C    3    Vyy=    0.4105    axis=(  0.237899  0.717116 -0.655094)
     C    3    Vzz=   -0.4663    axis=( -0.370450  0.690466  0.621308)
     C    3  Q=         1.0000 1e-30 m^2  Cq=        -1.0955 MHz  eta= 0.76082

     H    4    Vxx=   -0.0297    axis=(  0.506712 -0.822955 -0.256884)
     H    4    Vyy=   -0.4350    axis=(  0.278602  0.438292 -0.854565)
     H    4    Vzz=    0.4647    axis=(  0.815858  0.361450  0.451364)
     H    4  Q=         1.0000 1e-30 m^2  Cq=         1.0920 MHz  eta= 0.87205

     C    5    Vxx=    0.0615    axis=(  0.126785  0.832630 -0.539122)
     C    5    Vyy=    0.7331    axis=( -0.090692  0.550962  0.829588)
     C    5    Vzz=   -0.7946    axis=( -0.987775  0.056285 -0.145367)
     C    5  Q=         1.0000 1e-30 m^2  Cq=        -1.8670 MHz  eta= 0.84519

     H    6    Vxx=   -0.0177    axis=(  0.604458  0.630495 -0.486936)
     H    6    Vyy=   -0.3334    axis=( -0.743741  0.227614 -0.628524)
     H    6    Vzz=    0.3510    axis=(  0.285448 -0.742070 -0.606508)
     H    6  Q=         1.0000 1e-30 m^2  Cq=         0.8248 MHz  eta= 0.89926

     H    7    Vxx=   -0.0579    axis=(  0.897019  0.353012  0.265968)
     H    7    Vyy=   -0.8192    axis=( -0.439514  0.648790  0.621207)
     H    7    Vzz=    0.8771    axis=(  0.046736 -0.674132  0.737131)
     H    7  Q=         1.0000 1e-30 m^2  Cq=         2.0608 MHz  eta= 0.86806

     C    8    Vxx=    0.0147    axis=(  0.105369 -0.993258  0.048322)
     C    8    Vyy=    0.2772    axis=( -0.901425 -0.074882  0.426410)
     C    8    Vzz=   -0.2918    axis=( -0.419917 -0.088489 -0.903238)
     C    8  Q=         1.0000 1e-30 m^2  Cq=        -0.6857 MHz  eta= 0.89930

     H    9    Vxx=   -0.2015    axis=(  0.219938  0.902679 -0.369862)
     H    9    Vyy=   -0.6190    axis=( -0.148513  0.405710  0.901856)
     H    9    Vzz=    0.8205    axis=(  0.964143 -0.143424  0.223290)
     H    9  Q=         1.0000 1e-30 m^2  Cq=         1.9279 MHz  eta= 0.50878

     C   10    Vxx=    0.4080    axis=( -0.584495 -0.769366  0.257763)
     C   10    Vyy=    0.4185    axis=(  0.799176 -0.490943  0.346832)
     C   10    Vzz=   -0.8265    axis=( -0.140294  0.408720  0.901813)
     C   10  Q=         1.0000 1e-30 m^2  Cq=        -1.9420 MHz  eta= 0.01279

     C   11    Vxx=    0.1321    axis=(  0.768723 -0.056187 -0.637109)
     C   11    Vyy=    0.5427    axis=( -0.360297 -0.861079 -0.358788)
     C   11    Vzz=   -0.6748    axis=( -0.528442  0.505357 -0.682175)
     C   11  Q=         1.0000 1e-30 m^2  Cq=        -1.5855 MHz  eta= 0.60842

     Cl  12    Vxx=   -0.4575    axis=( -0.804870 -0.501977  0.316549)
     Cl  12    Vyy=   -1.3926    axis=( -0.576008  0.789171 -0.213130)
     Cl  12    Vzz=    1.8501    axis=(  0.142825  0.353877  0.924323)
     Cl  12  Q=        -8.1650 1e-30 m^2  Cq=       -35.4935 MHz  eta= 0.50541

     H   13    Vxx=   -0.0337    axis=(  0.885473 -0.277364  0.372836)
     H   13    Vyy=   -0.4467    axis=(  0.420155  0.135118 -0.897337)
     H   13    Vzz=    0.4804    axis=(  0.198512  0.951216  0.236179)
     H   13  Q=         1.0000 1e-30 m^2  Cq=         1.1288 MHz  eta= 0.85953

     C   14    Vxx=    0.0970    axis=(  0.800593 -0.575165  0.168038)
     C   14    Vyy=    0.4738    axis=( -0.272545 -0.099784  0.956955)
     C   14    Vzz=   -0.5708    axis=( -0.533639 -0.811929 -0.236645)
     C   14  Q=         1.0000 1e-30 m^2  Cq=        -1.3412 MHz  eta= 0.66006

     H   15    Vxx=   -0.0622    axis=(  0.234726 -0.960740 -0.147923)
     H   15    Vyy=   -0.6685    axis=(  0.399091  0.234005 -0.886548)
     H   15    Vzz=    0.7307    axis=(  0.886357  0.149061  0.438350)
     H   15  Q=         1.0000 1e-30 m^2  Cq=         1.7168 MHz  eta= 0.82972

     C   16    Vxx=   -0.0699    axis=( -0.017719  0.819031 -0.573476)
     C   16    Vyy=   -0.3716    axis=( -0.998060 -0.048726 -0.038751)
     C   16    Vzz=    0.4415    axis=( -0.059681  0.571676  0.818306)
     C   16  Q=         1.0000 1e-30 m^2  Cq=         1.0373 MHz  eta= 0.68339

     C   17    Vxx=    0.1454    axis=( -0.948207  0.289915 -0.129817)
     C   17    Vyy=    0.6253    axis=( -0.115297  0.066690  0.991090)
     C   17    Vzz=   -0.7707    axis=(  0.295989  0.954726 -0.029810)
     C   17  Q=         1.0000 1e-30 m^2  Cq=        -1.8109 MHz  eta= 0.62263

     Cl  18    Vxx=    1.0557    axis=(  0.806268 -0.405543  0.430658)
     Cl  18    Vyy=    1.6508    axis=( -0.184267  0.519617  0.834293)
     Cl  18    Vzz=   -2.7065    axis=(  0.562119  0.752020 -0.344222)
     Cl  18  Q=        -8.1650 1e-30 m^2  Cq=        51.9235 MHz  eta= 0.21988

     H   19    Vxx=    0.0092    axis=( -0.474267 -0.508647 -0.718574)
     H   19    Vyy=    0.6112    axis=(  0.022028  0.809096 -0.587263)
     H   19    Vzz=   -0.6204    axis=( -0.880105  0.294348  0.372523)
     H   19  Q=         1.0000 1e-30 m^2  Cq=        -1.4578 MHz  eta= 0.97024

     C   20    Vxx=    0.0523    axis=( -0.363098  0.872438 -0.327126)
     C   20    Vyy=    0.7977    axis=(  0.720715  0.040465 -0.692050)
     C   20    Vzz=   -0.8501    axis=(  0.590533  0.487047  0.643472)
     C   20  Q=         1.0000 1e-30 m^2  Cq=        -1.9973 MHz  eta= 0.87685

     H   21    Vxx=   -0.1521    axis=(  0.282520  0.958859 -0.027773)
     H   21    Vyy=   -0.5944    axis=( -0.328503  0.123911  0.936340)
     H   21    Vzz=    0.7465    axis=(  0.901259 -0.255411  0.349995)
     H   21  Q=         1.0000 1e-30 m^2  Cq=         1.7539 MHz  eta= 0.59258

     C   22    Vxx=   -0.1651    axis=(  0.251025  0.358812  0.899022)
     C   22    Vyy=   -0.2548    axis=(  0.317809 -0.907826  0.273587)
     C   22    Vzz=    0.4199    axis=(  0.914322  0.217040 -0.341921)
     C   22  Q=         1.0000 1e-30 m^2  Cq=         0.9866 MHz  eta= 0.21365

     C   23    Vxx=    0.1922    axis=(  0.629946 -0.272594 -0.727228)
     C   23    Vyy=    0.5165    axis=(  0.002307 -0.935717  0.352743)
     C   23    Vzz=   -0.7087    axis=( -0.776635 -0.223887 -0.588823)
     C   23  Q=         1.0000 1e-30 m^2  Cq=        -1.6653 MHz  eta= 0.45760

     Cl  24    Vxx=    0.4589    axis=(  0.662645  0.532877  0.526255)
     Cl  24    Vyy=    2.4582    axis=( -0.433050 -0.300676  0.849742)
     Cl  24    Vzz=   -2.9172    axis=( -0.611040  0.790972 -0.031521)
     Cl  24  Q=        -8.1650 1e-30 m^2  Cq=        55.9642 MHz  eta= 0.68535

     Initialization:
     gipaw_setup  :      9.32s CPU     11.07s WALL (       1 calls)

     Linear response

     Apply operators

     Induced current

     Other routines
     efg          :      9.85s CPU     12.18s WALL (       1 calls)

     General routines
     calbec       :      3.32s CPU      4.24s WALL (      16 calls)
     fft          :      1.61s CPU      2.48s WALL (      15 calls)
     ffts         :      0.04s CPU      0.04s WALL (       2 calls)
     fftw         :      3.77s CPU      4.55s WALL (     672 calls)
     davcio       :      0.05s CPU      0.33s WALL (      32 calls)

     Parallel routines
     fft_scatter  :      2.60s CPU      4.15s WALL (     689 calls)

     Plugins

     GIPAW        :     61.80s CPU     72.26s WALL (       1 calls)
