
     Program QE v.6.0 (svn rev. 13079) starts on 14Jan2017 at 20:25:38 

     This program is part of the open-source Quantum ESPRESSO suite
     for quantum simulation of materials; please cite
         "P. Giannozzi et al., J. Phys.:Condens. Matter 21 395502 (2009);
          URL http://www.quantum-espresso.org", 
     in publications or presentations arising from this work. More details at
     http://www.quantum-espresso.org/quote

     Parallel version (MPI), running on     8 processors
     R & G space division:  proc/nbgrp/npool/nimage =       8

     ***** This is GIPAW svn revision unknown      *****

     Parallelizing q-star over 1 images

     Reading data from directory:
     /users/majewski/paradichlorobenzene/pbe/9_constraint/scratch/pbe.ecut100.np8.dt60.pcl2phi-129368.save
     Message from routine read_xml_file:
     file /users/majewski/paradichlorobenzene/pbe/9_constraint/scratch/pbe.ecut100.np8.dt60.pcl2phi-129368.save not guaranteed to be safe for post-processing

   Info: using nr1, nr2, nr3 values from input

   Info: using nr1, nr2, nr3 values from input

     IMPORTANT: XC functional enforced from input :
     Exchange-correlation      =  SLA  PW   PBX  PBC ( 1  4  3  4 0 0)
     Any further DFT definition will be discarded
     Please, verify this is what you really want

               file C.pbe-n-kjpaw_psl.1.0.0.UPF: wavefunction(s)  2S 2P renormalized
               file Cl.pbe-n-kjpaw_psl.1.0.0.UPF: wavefunction(s)  3S 3P renormalized
               file H.pbe-kjpaw_psl.1.0.0.UPF: wavefunction(s)  1S renormalized

     Parallelization info
     --------------------
     sticks:   dense  smooth     PW     G-vecs:    dense   smooth      PW
     Min        3057    1223    332               144436    36536    5170
     Max        3059    1225    333               144437    36537    5171
     Sum       24467    9791   2657              1155489   292295   41363


     Subspace diagonalization in iterative solution of the eigenvalue problem:
     a serial algorithm will be used

     GIPAW projectors -----------------------------------------------
     atom=  C    l=0  rc=    1.2000  rs=    0.8000
     atom=  C    l=0  rc=    1.2000  rs=    0.8000
     atom=  C    l=1  rc=    1.4000  rs=    0.9333
     atom=  C    l=1  rc=    1.4000  rs=    0.9333
     projs nearly linearly dependent: l=1  n1,n2= 1, 2  s=  0.99951561

     atom=  Cl   l=0  rc=    1.6000  rs=    1.0667
     atom=  Cl   l=0  rc=    1.6000  rs=    1.0667
     atom=  Cl   l=1  rc=    1.6000  rs=    1.0667
     atom=  Cl   l=1  rc=    1.6000  rs=    1.0667
     atom=  Cl   l=2  rc=    1.6000  rs=    1.0667
     atom=  Cl   l=2  rc=    1.6000  rs=    1.0667
     projs nearly linearly dependent: l=2  n1,n2= 1, 2  s=  0.99993509

     atom=  H    l=0  rc=    1.0000  rs=    0.6667
     atom=  H    l=0  rc=    1.0000  rs=    0.6667
     projs nearly linearly dependent: l=0  n1,n2= 1, 2  s=  0.99968852
     -----------------------------------------------------------------

     GIPAW integrals: -------------------------------------------
     Atom  i/j   nmr_para   nmr_dia   epr_rmc  epr_para   epr_dia
       C   1 1   0.83E+03  0.17E-01  0.93E+01  0.24E+08  0.24E+03
       C   2 1   0.86E+03 -0.61E-01  0.94E+01  0.25E+08  0.25E+03
       C   2 2   0.90E+03 -0.15E+00  0.97E+01  0.26E+08  0.26E+03
       C   3 3   0.33E+01  0.34E+00  0.18E+01  0.55E+03  0.21E+02
       C   4 3   0.35E+01  0.37E+00  0.20E+01  0.59E+03  0.22E+02
       C   4 4   0.38E+01  0.39E+00  0.22E+01  0.63E+03  0.24E+02
       Cl  1 1   0.14E+04 -0.47E+00  0.84E+01  0.32E+09  0.42E+03
       Cl  2 1   0.21E+04 -0.37E+00  0.12E+02  0.49E+09  0.65E+03
       Cl  2 2   0.33E+04 -0.16E+00  0.21E+02  0.76E+09  0.10E+04
       Cl  3 3   0.21E+02  0.79E-01  0.89E+01  0.23E+05  0.13E+03
       Cl  4 3   0.24E+02  0.67E-01  0.99E+01  0.27E+05  0.15E+03
       Cl  4 4   0.28E+02  0.44E-01  0.11E+02  0.32E+05  0.18E+03
       Cl  5 5   0.77E+00  0.19E+00  0.18E+01  0.12E+03  0.22E+02
       Cl  6 5   0.80E+00  0.19E+00  0.19E+01  0.12E+03  0.23E+02
       Cl  6 6   0.83E+00  0.20E+00  0.19E+01  0.12E+03  0.23E+02
       H   1 1   0.39E+02  0.19E+00  0.29E+00  0.78E+05  0.13E+02
       H   2 1   0.41E+02  0.21E+00  0.32E+00  0.82E+05  0.14E+02
       H   2 2   0.43E+02  0.22E+00  0.36E+00  0.86E+05  0.15E+02
     ------------------------------------------------------------

     alpha_pv=     33.8162 eV

     Number of occupied bands for each k-point:
     k-point:     1    nbnd_occ=  42
     k-point:     2    nbnd_occ=  42
     k-point:     3    nbnd_occ=  42
     k-point:     4    nbnd_occ=  42
     k-point:     5    nbnd_occ=  42
     k-point:     6    nbnd_occ=  42
     k-point:     7    nbnd_occ=  42
     k-point:     8    nbnd_occ=  42
     k-point:     9    nbnd_occ=  42
     k-point:    10    nbnd_occ=  42
     k-point:    11    nbnd_occ=  42
     k-point:    12    nbnd_occ=  42
     k-point:    13    nbnd_occ=  42
     k-point:    14    nbnd_occ=  42
     k-point:    15    nbnd_occ=  42
     k-point:    16    nbnd_occ=  42


     q-space interpolation up to   110.00 Rydberg

     GIPAW job: efg                                                                             


     ELECTRIC FIELD GRADIENTS TENSORS IN Hartree/bohrradius^2:

     ----- bare term -----
     Cl   1       -0.090723        0.093745        0.098495
     Cl   1        0.093745       -0.089162        0.041143
     Cl   1        0.098495        0.041143        0.179886

     C    2       -0.090424        0.011864       -0.519402
     C    2        0.011864       -0.157491       -0.520343
     C    2       -0.519402       -0.520343        0.247915

     C    3       -0.265667        0.321544       -0.282901
     C    3        0.321544       -0.187112       -0.443543
     C    3       -0.282901       -0.443543        0.452778

     H    4       -0.379398       -0.165776       -0.534420
     H    4       -0.165776        0.331341       -0.159489
     H    4       -0.534420       -0.159489        0.048057

     C    5       -0.191134        0.354204       -0.157560
     C    5        0.354204       -0.265840       -0.407549
     C    5       -0.157560       -0.407549        0.456974

     H    6        0.292929       -0.275444       -0.095046
     H    6       -0.275444       -0.525289       -0.441007
     H    6       -0.095046       -0.441007        0.232360

     H    7        0.480889        0.021933       -0.099108
     H    7        0.021933       -0.191684        0.406784
     H    7       -0.099108        0.406784       -0.289205

     C    8       -0.552381       -0.339233       -0.245011
     C    8       -0.339233        0.139414        0.426679
     C    8       -0.245011        0.426679        0.412967

     H    9        0.161691        0.022206       -0.352242
     H    9        0.022206        0.225514       -0.266490
     H    9       -0.352242       -0.266490       -0.387205

     C   10       -0.108930       -0.293964       -0.231709
     C   10       -0.293964       -0.138945        0.621661
     C   10       -0.231709        0.621661        0.247875

     C   11       -0.362957       -0.150848       -0.393971
     C   11       -0.150848        0.051636        0.366780
     C   11       -0.393971        0.366780        0.311321

     Cl  12       -0.042546       -0.046109        0.029464
     Cl  12       -0.046109        0.126207       -0.116281
     Cl  12        0.029464       -0.116281       -0.083661

     H   13        0.102732       -0.191789       -0.164681
     H   13       -0.191789       -0.331594       -0.483107
     H   13       -0.164681       -0.483107        0.228861

     C   14       -0.335988        0.361747       -0.333984
     C   14        0.361747       -0.134939       -0.277058
     C   14       -0.333984       -0.277058        0.470927

     H   15       -0.401020       -0.127828       -0.547701
     H   15       -0.127828        0.340297       -0.133148
     H   15       -0.547701       -0.133148        0.060723

     C   16       -0.070817        0.027986       -0.321273
     C   16        0.027986       -0.213054       -0.578228
     C   16       -0.321273       -0.578228        0.283871

     C   17       -0.455791        0.183654       -0.380827
     C   17        0.183654        0.099267       -0.290445
     C   17       -0.380827       -0.290445        0.356525

     Cl  18       -0.030560        0.157623       -0.070115
     Cl  18        0.157623        0.046310       -0.061078
     Cl  18       -0.070115       -0.061078       -0.015749

     H   19        0.387650       -0.015080        0.106659
     H   19       -0.015080       -0.213182        0.541713
     H   19        0.106659        0.541713       -0.174469

     C   20       -0.344683       -0.267020       -0.284299
     C   20       -0.267020       -0.161902        0.441549
     C   20       -0.284299        0.441549        0.506585

     H   21       -0.124542        0.129408       -0.516835
     H   21        0.129408        0.411355        0.072635
     H   21       -0.516835        0.072635       -0.286813

     C   22       -0.264938       -0.301077       -0.295159
     C   22       -0.301077       -0.187559        0.479550
     C   22       -0.295159        0.479550        0.452497

     C   23       -0.102818        0.035350       -0.469524
     C   23        0.035350       -0.131432        0.518574
     C   23       -0.469524        0.518574        0.234250

     Cl  24       -0.037598       -0.069094       -0.067209
     Cl  24       -0.069094       -0.033672        0.019802
     Cl  24       -0.067209        0.019802        0.071270

     ----- ionic term -----
     Cl   1        0.122179       -0.190109       -0.034353
     Cl   1       -0.190109        0.003079        0.030564
     Cl   1       -0.034353        0.030564       -0.125258

     C    2        0.192876       -0.153355        0.234164
     C    2       -0.153355        0.104632        0.397419
     C    2        0.234164        0.397419       -0.297508

     C    3        0.146131       -0.268213        0.194254
     C    3       -0.268213        0.226977        0.356325
     C    3        0.194254        0.356325       -0.373108

     H    4        0.663669        0.261419        0.669838
     H    4        0.261419       -0.458426        0.209983
     H    4        0.669838        0.209983       -0.205243

     C    5        0.250450       -0.257219        0.260678
     C    5       -0.257219        0.139344        0.261096
     C    5        0.260678        0.261096       -0.389794

     H    6       -0.520224        0.140329        0.092222
     H    6        0.140329        0.768594        0.631864
     H    6        0.092222        0.631864       -0.248370

     H    7       -0.537469       -0.086725        0.081835
     H    7       -0.086725        0.601233       -0.755303
     H    7        0.081835       -0.755303       -0.063763

     C    8        0.211992        0.294352        0.342200
     C    8        0.294352        0.013386       -0.273639
     C    8        0.342200       -0.273639       -0.225378

     H    9        0.253013        0.007651        0.808548
     H    9        0.007651       -0.535449       -0.056765
     H    9        0.808548       -0.056765        0.282436

     C   10        0.058922        0.378974        0.228177
     C   10        0.378974        0.072103       -0.337167
     C   10        0.228177       -0.337167       -0.131024

     C   11        0.120711        0.241442        0.283449
     C   11        0.241442        0.004300       -0.402724
     C   11        0.283449       -0.402724       -0.125011

     Cl  12        0.103778        0.201830        0.002095
     Cl  12        0.201830        0.022144       -0.006285
     Cl  12        0.002095       -0.006285       -0.125922

     H   13       -0.486925        0.162211        0.095983
     H   13        0.162211        0.576937        0.712013
     H   13        0.095983        0.712013       -0.090012

     C   14        0.275910       -0.193340        0.308425
     C   14       -0.193340        0.051721        0.276058
     C   14        0.308425        0.276058       -0.327631

     H   15        0.498133        0.305961        0.726941
     H   15        0.305961       -0.410652        0.266375
     H   15        0.726941        0.266375       -0.087481

     C   16        0.115021       -0.218151        0.237529
     C   16       -0.218151        0.192998        0.349981
     C   16        0.237529        0.349981       -0.308019

     C   17        0.140924       -0.210198        0.313758
     C   17       -0.210198        0.181103        0.304545
     C   17        0.313758        0.304545       -0.322027

     Cl  18        0.078371       -0.218204        0.040991
     Cl  18       -0.218204        0.082831       -0.028134
     Cl  18        0.040991       -0.028134       -0.161202

     H   19       -0.514157        0.001580        0.025955
     H   19        0.001580        0.656192       -0.712650
     H   19        0.025955       -0.712650       -0.142034

     C   20        0.254969        0.286246        0.271719
     C   20        0.286246       -0.001172       -0.295876
     C   20        0.271719       -0.295876       -0.253797

     H   21        0.510925       -0.230364        0.763204
     H   21       -0.230364       -0.474635       -0.238500
     H   21        0.763204       -0.238500       -0.036290

     C   22        0.144091        0.263960        0.204326
     C   22        0.263960        0.113850       -0.400891
     C   22        0.204326       -0.400891       -0.257941

     C   23        0.154793        0.231911        0.353358
     C   23        0.231911        0.032080       -0.366600
     C   23        0.353358       -0.366600       -0.186873

     Cl  24        0.133255        0.208798        0.017489
     Cl  24        0.208798        0.006866        0.001184
     Cl  24        0.017489        0.001184       -0.140122

     ----- GIPAW term -----
     Cl   1        0.764937       -1.654850        0.827370
     Cl   1       -1.654850       -0.666911        0.367039
     Cl   1        0.827370        0.367039       -0.098027

     C    2        0.085673       -0.080130       -0.167805
     C    2       -0.080130       -0.049263       -0.119311
     C    2       -0.167805       -0.119311       -0.036410

     C    3       -0.076099        0.042500       -0.084966
     C    3        0.042500       -0.028083       -0.066824
     C    3       -0.084966       -0.066824        0.104182

     H    4       -0.000000        0.000000        0.000000
     H    4        0.000000        0.000000        0.000000
     H    4        0.000000        0.000000        0.000000

     C    5        0.005284        0.096951        0.040067
     C    5        0.096951       -0.100138       -0.054781
     C    5        0.040067       -0.054781        0.094855

     H    6       -0.000000        0.000000        0.000000
     H    6        0.000000        0.000000        0.000000
     H    6        0.000000        0.000000        0.000000

     H    7       -0.000000        0.000000        0.000000
     H    7        0.000000        0.000000        0.000000
     H    7        0.000000        0.000000        0.000000

     C    8       -0.170092       -0.047631       -0.021683
     C    8       -0.047631        0.097809        0.197694
     C    8       -0.021683        0.197694        0.072283

     H    9       -0.000000        0.000000        0.000000
     H    9        0.000000        0.000000        0.000000
     H    9        0.000000        0.000000        0.000000

     C   10       -0.111329       -0.090093       -0.092783
     C   10       -0.090093        0.064112        0.236452
     C   10       -0.092783        0.236452        0.047216

     C   11       -0.018229        0.076940       -0.063611
     C   11        0.076940        0.081558        0.018914
     C   11       -0.063611        0.018914       -0.063330

     Cl  12        0.572767        1.394935        0.253544
     Cl  12        1.394935        1.474880       -1.108152
     Cl  12        0.253544       -1.108152       -2.047647

     H   13       -0.000000        0.000000        0.000000
     H   13        0.000000        0.000000        0.000000
     H   13        0.000000        0.000000        0.000000

     C   14        0.032514        0.026834       -0.100321
     C   14        0.026834       -0.075160       -0.024231
     C   14       -0.100321       -0.024231        0.042646

     H   15       -0.000000        0.000000        0.000000
     H   15        0.000000        0.000000        0.000000
     H   15        0.000000        0.000000        0.000000

     C   16       -0.003548       -0.092721       -0.082652
     C   16       -0.092721        0.007665       -0.091323
     C   16       -0.082652       -0.091323       -0.004117

     C   17       -0.061907       -0.078588       -0.060441
     C   17       -0.078588        0.102085        0.037071
     C   17       -0.060441        0.037071       -0.040178

     Cl  18        0.746632        0.508278       -0.964875
     Cl  18        0.508278        1.321699       -1.259979
     Cl  18       -0.964875       -1.259979       -2.068331

     H   19       -0.000000        0.000000        0.000000
     H   19        0.000000        0.000000        0.000000
     H   19        0.000000        0.000000        0.000000

     C   20       -0.098782       -0.048065       -0.065527
     C   20       -0.048065       -0.109320        0.141792
     C   20       -0.065527        0.141792        0.208102

     H   21       -0.000000        0.000000        0.000000
     H   21        0.000000        0.000000        0.000000
     H   21        0.000000        0.000000        0.000000

     C   22       -0.099401       -0.044507       -0.092551
     C   22       -0.044507       -0.036577        0.108147
     C   22       -0.092551        0.108147        0.135978

     C   23        0.097975        0.128141       -0.117402
     C   23        0.128141       -0.031412        0.089652
     C   23       -0.117402        0.089652       -0.066564

     Cl  24        1.285757        1.990912       -0.511075
     Cl  24        1.990912       -0.109197        0.157423
     Cl  24       -0.511075        0.157423       -1.176560

     ----- total EFG -----
     Cl   1        0.796393       -1.751214        0.891511
     Cl   1       -1.751214       -0.752994        0.438746
     Cl   1        0.891511        0.438746       -0.043399

     C    2        0.188125       -0.221621       -0.453043
     C    2       -0.221621       -0.102121       -0.242235
     C    2       -0.453043       -0.242235       -0.086004

     C    3       -0.195635        0.095831       -0.173613
     C    3        0.095831        0.011782       -0.154041
     C    3       -0.173613       -0.154041        0.183852

     H    4        0.284270        0.095643        0.135419
     H    4        0.095643       -0.127084        0.050493
     H    4        0.135419        0.050493       -0.157186

     C    5        0.064600        0.193936        0.143185
     C    5        0.193936       -0.226635       -0.201234
     C    5        0.143185       -0.201234        0.162035

     H    6       -0.227295       -0.135115       -0.002824
     H    6       -0.135115        0.243305        0.190857
     H    6       -0.002824        0.190857       -0.016010

     H    7       -0.056581       -0.064792       -0.017274
     H    7       -0.064792        0.409549       -0.348519
     H    7       -0.017274       -0.348519       -0.352968

     C    8       -0.510481       -0.092512        0.075506
     C    8       -0.092512        0.250609        0.350734
     C    8        0.075506        0.350734        0.259872

     H    9        0.414704        0.029856        0.456306
     H    9        0.029856       -0.309935       -0.323255
     H    9        0.456306       -0.323255       -0.104769

     C   10       -0.161337       -0.005083       -0.096315
     C   10       -0.005083       -0.002730        0.520946
     C   10       -0.096315        0.520946        0.164067

     C   11       -0.260475        0.167534       -0.174133
     C   11        0.167534        0.137495       -0.017030
     C   11       -0.174133       -0.017030        0.122981

     Cl  12        0.633999        1.550656        0.285103
     Cl  12        1.550656        1.623231       -1.230718
     Cl  12        0.285103       -1.230718       -2.257229

     H   13       -0.384192       -0.029578       -0.068697
     H   13       -0.029578        0.245343        0.228906
     H   13       -0.068697        0.228906        0.138849

     C   14       -0.027564        0.195242       -0.125880
     C   14        0.195242       -0.158378       -0.025231
     C   14       -0.125880       -0.025231        0.185942

     H   15        0.097113        0.178133        0.179240
     H   15        0.178133       -0.070355        0.133227
     H   15        0.179240        0.133227       -0.026758

     C   16        0.040656       -0.282886       -0.166397
     C   16       -0.282886       -0.012391       -0.319570
     C   16       -0.166397       -0.319570       -0.028264

     C   17       -0.376775       -0.105133       -0.127509
     C   17       -0.105133        0.382455        0.051171
     C   17       -0.127509        0.051171       -0.005680

     Cl  18        0.794442        0.447696       -0.993999
     Cl  18        0.447696        1.450840       -1.349192
     Cl  18       -0.993999       -1.349192       -2.245282

     H   19       -0.126507       -0.013499        0.132615
     H   19       -0.013499        0.443010       -0.170937
     H   19        0.132615       -0.170937       -0.316503

     C   20       -0.188495       -0.028839       -0.078107
     C   20       -0.028839       -0.272394        0.287466
     C   20       -0.078107        0.287466        0.460889

     H   21        0.386383       -0.100956        0.246370
     H   21       -0.100956       -0.063280       -0.165864
     H   21        0.246370       -0.165864       -0.323103

     C   22       -0.220247       -0.081625       -0.183384
     C   22       -0.081625       -0.110286        0.186806
     C   22       -0.183384        0.186806        0.330533

     C   23        0.149950        0.395402       -0.233568
     C   23        0.395402       -0.130763        0.241626
     C   23       -0.233568        0.241626       -0.019187

     Cl  24        1.381415        2.130616       -0.560795
     Cl  24        2.130616       -0.136003        0.178409
     Cl  24       -0.560795        0.178409       -1.245411

     ----- total EFG (symmetrized) -----
     Cl   1        0.796393       -1.751214        0.891511
     Cl   1       -1.751214       -0.752994        0.438746
     Cl   1        0.891511        0.438746       -0.043399

     C    2        0.188125       -0.221621       -0.453043
     C    2       -0.221621       -0.102121       -0.242235
     C    2       -0.453043       -0.242235       -0.086004

     C    3       -0.195635        0.095831       -0.173613
     C    3        0.095831        0.011782       -0.154041
     C    3       -0.173613       -0.154041        0.183852

     H    4        0.284270        0.095643        0.135419
     H    4        0.095643       -0.127084        0.050493
     H    4        0.135419        0.050493       -0.157186

     C    5        0.064600        0.193936        0.143185
     C    5        0.193936       -0.226635       -0.201234
     C    5        0.143185       -0.201234        0.162035

     H    6       -0.227295       -0.135115       -0.002824
     H    6       -0.135115        0.243305        0.190857
     H    6       -0.002824        0.190857       -0.016010

     H    7       -0.056581       -0.064792       -0.017274
     H    7       -0.064792        0.409549       -0.348519
     H    7       -0.017274       -0.348519       -0.352968

     C    8       -0.510481       -0.092512        0.075506
     C    8       -0.092512        0.250609        0.350734
     C    8        0.075506        0.350734        0.259872

     H    9        0.414704        0.029856        0.456306
     H    9        0.029856       -0.309935       -0.323255
     H    9        0.456306       -0.323255       -0.104769

     C   10       -0.161337       -0.005083       -0.096315
     C   10       -0.005083       -0.002730        0.520946
     C   10       -0.096315        0.520946        0.164067

     C   11       -0.260475        0.167534       -0.174133
     C   11        0.167534        0.137495       -0.017030
     C   11       -0.174133       -0.017030        0.122981

     Cl  12        0.633999        1.550656        0.285103
     Cl  12        1.550656        1.623231       -1.230718
     Cl  12        0.285103       -1.230718       -2.257229

     H   13       -0.384192       -0.029578       -0.068697
     H   13       -0.029578        0.245343        0.228906
     H   13       -0.068697        0.228906        0.138849

     C   14       -0.027564        0.195242       -0.125880
     C   14        0.195242       -0.158378       -0.025231
     C   14       -0.125880       -0.025231        0.185942

     H   15        0.097113        0.178133        0.179240
     H   15        0.178133       -0.070355        0.133227
     H   15        0.179240        0.133227       -0.026758

     C   16        0.040656       -0.282886       -0.166397
     C   16       -0.282886       -0.012391       -0.319570
     C   16       -0.166397       -0.319570       -0.028264

     C   17       -0.376775       -0.105133       -0.127509
     C   17       -0.105133        0.382455        0.051171
     C   17       -0.127509        0.051171       -0.005680

     Cl  18        0.794442        0.447696       -0.993999
     Cl  18        0.447696        1.450840       -1.349192
     Cl  18       -0.993999       -1.349192       -2.245282

     H   19       -0.126507       -0.013499        0.132615
     H   19       -0.013499        0.443010       -0.170937
     H   19        0.132615       -0.170937       -0.316503

     C   20       -0.188495       -0.028839       -0.078107
     C   20       -0.028839       -0.272394        0.287466
     C   20       -0.078107        0.287466        0.460889

     H   21        0.386383       -0.100956        0.246370
     H   21       -0.100956       -0.063280       -0.165864
     H   21        0.246370       -0.165864       -0.323103

     C   22       -0.220247       -0.081625       -0.183384
     C   22       -0.081625       -0.110286        0.186806
     C   22       -0.183384        0.186806        0.330533

     C   23        0.149950        0.395402       -0.233568
     C   23        0.395402       -0.130763        0.241626
     C   23       -0.233568        0.241626       -0.019187

     Cl  24        1.381415        2.130616       -0.560795
     Cl  24        2.130616       -0.136003        0.178409
     Cl  24       -0.560795        0.178409       -1.245411


     NQR/NMR SPECTROSCOPIC PARAMETERS:
     Cl   1    Vxx=    0.1654    axis=( -0.012355  0.450103  0.892891)
     Cl   1    Vyy=    2.0702    axis=(  0.839096 -0.481000  0.254081)
     Cl   1    Vzz=   -2.2356    axis=(  0.543843  0.752360 -0.371737)
     Cl   1  Q=        -8.1650 1e-30 m^2  Cq=        42.8896 MHz  eta= 0.85200

     C    2    Vxx=    0.0996    axis=(  0.261762 -0.845790  0.464887)
     C    2    Vyy=    0.5266    axis=( -0.814409  0.064905  0.576650)
     C    2    Vzz=   -0.6262    axis=( -0.517898 -0.529554 -0.671829)
     C    2  Q=         1.0000 1e-30 m^2  Cq=        -1.4713 MHz  eta= 0.68184

     C    3    Vxx=   -0.0785    axis=( -0.022860  0.868650  0.494899)
     C    3    Vyy=   -0.2682    axis=(  0.938937 -0.151347  0.309016)
     C    3    Vzz=    0.3467    axis=( -0.343329 -0.471743  0.812148)
     C    3  Q=         1.0000 1e-30 m^2  Cq=         0.8147 MHz  eta= 0.54718

     H    4    Vxx=   -0.1417    axis=(  0.300913 -0.902076 -0.309370)
     H    4    Vyy=   -0.2045    axis=(  0.179471  0.372176 -0.910645)
     H    4    Vzz=    0.3462    axis=(  0.936612  0.218502  0.273890)
     H    4  Q=         1.0000 1e-30 m^2  Cq=         0.8134 MHz  eta= 0.18152

     C    5    Vxx=    0.1509    axis=(  0.792306  0.548970 -0.266238)
     C    5    Vyy=    0.2745    axis=(  0.428059 -0.189216  0.883721)
     C    5    Vzz=   -0.4253    axis=(  0.434760 -0.814144 -0.384908)
     C    5  Q=         1.0000 1e-30 m^2  Cq=        -0.9994 MHz  eta= 0.29064

     H    6    Vxx=   -0.0948    axis=(  0.342701 -0.354202  0.870113)
     H    6    Vyy=   -0.2743    axis=(  0.917738  0.324176 -0.229494)
     H    6    Vzz=    0.3691    axis=( -0.200783  0.877183  0.436160)
     H    6  Q=         1.0000 1e-30 m^2  Cq=         0.8673 MHz  eta= 0.48628

     H    7    Vxx=   -0.0578    axis=(  0.991843  0.050101 -0.117206)
     H    7    Vyy=   -0.4919    axis=(  0.091071  0.364806  0.926619)
     H    7    Vzz=    0.5497    axis=(  0.089182 -0.929735  0.357267)
     H    7  Q=         1.0000 1e-30 m^2  Cq=         1.2915 MHz  eta= 0.78965

     C    8    Vxx=   -0.0639    axis=( -0.257140  0.684789 -0.681868)
     C    8    Vyy=   -0.5422    axis=( -0.966320 -0.189688  0.173909)
     C    8    Vzz=    0.6061    axis=( -0.010251  0.703621  0.710501)
     C    8  Q=         1.0000 1e-30 m^2  Cq=         1.4241 MHz  eta= 0.78918

     H    9    Vxx=   -0.0577    axis=(  0.457185  0.721155 -0.520497)
     H    9    Vyy=   -0.6424    axis=( -0.307591  0.677337  0.668283)
     H    9    Vzz=    0.7001    axis=(  0.834488 -0.145429  0.531489)
     H    9  Q=         1.0000 1e-30 m^2  Cq=         1.6450 MHz  eta= 0.83518

     C   10    Vxx=   -0.1571    axis=(  0.975463  0.213499 -0.053765)
     C   10    Vyy=   -0.4587    axis=( -0.196912  0.736799 -0.646802)
     C   10    Vzz=    0.6158    axis=( -0.098478  0.641518  0.760760)
     C   10  Q=         1.0000 1e-30 m^2  Cq=         1.4469 MHz  eta= 0.48966

     C   11    Vxx=    0.1132    axis=( -0.026877  0.690932  0.722420)
     C   11    Vyy=    0.2597    axis=( -0.420818 -0.663346  0.618777)
     C   11    Vzz=   -0.3728    axis=( -0.906747  0.287376 -0.308586)
     C   11  Q=         1.0000 1e-30 m^2  Cq=        -0.8760 MHz  eta= 0.39291

     Cl  12    Vxx=   -0.1148    axis=( -0.807827  0.458233 -0.370726)
     Cl  12    Vyy=   -2.7810    axis=( -0.228790  0.335875  0.913698)
     Cl  12    Vzz=    2.8958    axis=(  0.543204  0.822928 -0.166490)
     Cl  12  Q=        -8.1650 1e-30 m^2  Cq=       -55.5542 MHz  eta= 0.92074

     H   13    Vxx=   -0.0394    axis=( -0.099476 -0.629722  0.770425)
     H   13    Vyy=   -0.3931    axis=(  0.991764  0.000026  0.128076)
     H   13    Vzz=    0.4324    axis=( -0.080673  0.776821  0.624533)
     H   13  Q=         1.0000 1e-30 m^2  Cq=         1.0161 MHz  eta= 0.81787

     C   14    Vxx=    0.0299    axis=(  0.604543  0.549649  0.576553)
     C   14    Vyy=    0.2751    axis=( -0.516978 -0.279922  0.808936)
     C   14    Vzz=   -0.3050    axis=( -0.606021  0.787102 -0.114931)
     C   14  Q=         1.0000 1e-30 m^2  Cq=        -0.7167 MHz  eta= 0.80397

     H   15    Vxx=   -0.1539    axis=( -0.627502  0.108411  0.771030)
     H   15    Vyy=   -0.1902    axis=( -0.308690  0.874470 -0.374182)
     H   15    Vzz=    0.3441    axis=( -0.714808 -0.472809 -0.515267)
     H   15  Q=         1.0000 1e-30 m^2  Cq=         0.8086 MHz  eta= 0.10561

     C   16    Vxx=    0.1752    axis=(  0.732976  0.050336 -0.678389)
     C   16    Vyy=    0.3461    axis=( -0.465241  0.764648 -0.445941)
     C   16    Vzz=   -0.5213    axis=(  0.496282  0.642479  0.583888)
     C   16  Q=         1.0000 1e-30 m^2  Cq=        -1.2249 MHz  eta= 0.32775

     C   17    Vxx=    0.0171    axis=( -0.251511 -0.204880  0.945921)
     C   17    Vyy=    0.4084    axis=( -0.157695  0.972953  0.168805)
     C   17    Vzz=   -0.4255    axis=( -0.954921 -0.106710 -0.277017)
     C   17  Q=         1.0000 1e-30 m^2  Cq=        -0.9998 MHz  eta= 0.91944

     Cl  18    Vxx=    0.5819    axis=(  0.852745 -0.519755 -0.051775)
     Cl  18    Vyy=    2.2865    axis=(  0.473113  0.810599 -0.345099)
     Cl  18    Vzz=   -2.8685    axis=(  0.221336  0.269786  0.937137)
     Cl  18  Q=        -8.1650 1e-30 m^2  Cq=        55.0299 MHz  eta= 0.59426

     H   19    Vxx=   -0.0723    axis=(  0.909327  0.152270  0.387220)
     H   19    Vyy=   -0.4103    axis=( -0.410254  0.172892  0.895433)
     H   19    Vzz=    0.4826    axis=(  0.069400 -0.973099  0.219684)
     H   19  Q=         1.0000 1e-30 m^2  Cq=         1.1338 MHz  eta= 0.70037

     C   20    Vxx=   -0.1976    axis=(  0.993970  0.026098  0.106504)
     C   20    Vyy=   -0.3717    axis=(  0.010054  0.945484 -0.325513)
     C   20    Vzz=    0.5693    axis=( -0.109193  0.324621  0.939520)
     C   20  Q=         1.0000 1e-30 m^2  Cq=         1.3376 MHz  eta= 0.30573

     H   21    Vxx=   -0.0565    axis=(  0.343596  0.906250 -0.246278)
     H   21    Vyy=   -0.4459    axis=( -0.229754  0.335393  0.913633)
     H   21    Vzz=    0.5024    axis=(  0.910579 -0.257337  0.323454)
     H   21  Q=         1.0000 1e-30 m^2  Cq=         1.1805 MHz  eta= 0.77516

     C   22    Vxx=   -0.1772    axis=( -0.118757  0.917184 -0.380355)
     C   22    Vyy=   -0.2810    axis=(  0.951672  0.214408  0.219884)
     C   22    Vzz=    0.4582    axis=( -0.283226  0.335861  0.898321)
     C   22  Q=         1.0000 1e-30 m^2  Cq=         1.0766 MHz  eta= 0.22659

     C   23    Vxx=    0.1633    axis=( -0.150399  0.499057  0.853418)
     C   23    Vyy=    0.4373    axis=(  0.840536  0.518999 -0.155368)
     C   23    Vzz=   -0.6005    axis=( -0.520461  0.693961 -0.497532)
     C   23  Q=         1.0000 1e-30 m^2  Cq=        -1.4110 MHz  eta= 0.45625

     Cl  24    Vxx=   -0.9561    axis=( -0.263269  0.505164  0.821887)
     Cl  24    Vyy=   -1.9590    axis=(  0.509521 -0.650616  0.563105)
     Cl  24    Vzz=    2.9151    axis=(  0.819193  0.567017 -0.086105)
     Cl  24  Q=        -8.1650 1e-30 m^2  Cq=       -55.9246 MHz  eta= 0.34402

     Initialization:
     gipaw_setup  :      8.99s CPU     10.74s WALL (       1 calls)

     Linear response

     Apply operators

     Induced current

     Other routines
     efg          :      9.51s CPU     12.14s WALL (       1 calls)

     General routines
     calbec       :      3.58s CPU      4.81s WALL (      16 calls)
     fft          :      1.73s CPU      2.68s WALL (      15 calls)
     ffts         :      0.04s CPU      0.04s WALL (       2 calls)
     fftw         :      3.35s CPU      4.12s WALL (     672 calls)
     davcio       :      0.05s CPU      0.31s WALL (      32 calls)

     Parallel routines
     fft_scatter  :      2.43s CPU      3.97s WALL (     689 calls)

     Plugins

     GIPAW        :     60.81s CPU     71.61s WALL (       1 calls)
