
     Program QE v.6.0 (svn rev. 13079) starts on 15Dec2016 at  6:49: 1 

     This program is part of the open-source Quantum ESPRESSO suite
     for quantum simulation of materials; please cite
         "P. Giannozzi et al., J. Phys.:Condens. Matter 21 395502 (2009);
          URL http://www.quantum-espresso.org", 
     in publications or presentations arising from this work. More details at
     http://www.quantum-espresso.org/quote

     Parallel version (MPI), running on     8 processors
     R & G space division:  proc/nbgrp/npool/nimage =       8

     ***** This is GIPAW svn revision unknown      *****

     Parallelizing q-star over 1 images

     Reading data from directory:
     /users/majewski/paradichlorobenzene/pbe/9_constraint/scratch/pbe.ecut100.np8.dt60.pcl2phi-129368.save
     Message from routine read_xml_file:
     file /users/majewski/paradichlorobenzene/pbe/9_constraint/scratch/pbe.ecut100.np8.dt60.pcl2phi-129368.save not guaranteed to be safe for post-processing

   Info: using nr1, nr2, nr3 values from input

   Info: using nr1, nr2, nr3 values from input

     IMPORTANT: XC functional enforced from input :
     Exchange-correlation      =  SLA  PW   PBX  PBC ( 1  4  3  4 0 0)
     Any further DFT definition will be discarded
     Please, verify this is what you really want

               file C.pbe-n-kjpaw_psl.1.0.0.UPF: wavefunction(s)  2S 2P renormalized
               file Cl.pbe-n-kjpaw_psl.1.0.0.UPF: wavefunction(s)  3S 3P renormalized
               file H.pbe-kjpaw_psl.1.0.0.UPF: wavefunction(s)  1S renormalized

     Parallelization info
     --------------------
     sticks:   dense  smooth     PW     G-vecs:    dense   smooth      PW
     Min        3057    1223    332               144436    36536    5170
     Max        3059    1225    333               144437    36537    5171
     Sum       24467    9791   2657              1155489   292295   41363


     Subspace diagonalization in iterative solution of the eigenvalue problem:
     a serial algorithm will be used

     GIPAW projectors -----------------------------------------------
     atom=  C    l=0  rc=    1.2000  rs=    0.8000
     atom=  C    l=0  rc=    1.2000  rs=    0.8000
     atom=  C    l=1  rc=    1.4000  rs=    0.9333
     atom=  C    l=1  rc=    1.4000  rs=    0.9333
     projs nearly linearly dependent: l=1  n1,n2= 1, 2  s=  0.99951561

     atom=  Cl   l=0  rc=    1.6000  rs=    1.0667
     atom=  Cl   l=0  rc=    1.6000  rs=    1.0667
     atom=  Cl   l=1  rc=    1.6000  rs=    1.0667
     atom=  Cl   l=1  rc=    1.6000  rs=    1.0667
     atom=  Cl   l=2  rc=    1.6000  rs=    1.0667
     atom=  Cl   l=2  rc=    1.6000  rs=    1.0667
     projs nearly linearly dependent: l=2  n1,n2= 1, 2  s=  0.99993509

     atom=  H    l=0  rc=    1.0000  rs=    0.6667
     atom=  H    l=0  rc=    1.0000  rs=    0.6667
     projs nearly linearly dependent: l=0  n1,n2= 1, 2  s=  0.99968852
     -----------------------------------------------------------------

     GIPAW integrals: -------------------------------------------
     Atom  i/j   nmr_para   nmr_dia   epr_rmc  epr_para   epr_dia
       C   1 1   0.83E+03  0.17E-01  0.93E+01  0.24E+08  0.24E+03
       C   2 1   0.86E+03 -0.61E-01  0.94E+01  0.25E+08  0.25E+03
       C   2 2   0.90E+03 -0.15E+00  0.97E+01  0.26E+08  0.26E+03
       C   3 3   0.33E+01  0.34E+00  0.18E+01  0.55E+03  0.21E+02
       C   4 3   0.35E+01  0.37E+00  0.20E+01  0.59E+03  0.22E+02
       C   4 4   0.38E+01  0.39E+00  0.22E+01  0.63E+03  0.24E+02
       Cl  1 1   0.14E+04 -0.47E+00  0.84E+01  0.32E+09  0.42E+03
       Cl  2 1   0.21E+04 -0.37E+00  0.12E+02  0.49E+09  0.65E+03
       Cl  2 2   0.33E+04 -0.16E+00  0.21E+02  0.76E+09  0.10E+04
       Cl  3 3   0.21E+02  0.79E-01  0.89E+01  0.23E+05  0.13E+03
       Cl  4 3   0.24E+02  0.67E-01  0.99E+01  0.27E+05  0.15E+03
       Cl  4 4   0.28E+02  0.44E-01  0.11E+02  0.32E+05  0.18E+03
       Cl  5 5   0.77E+00  0.19E+00  0.18E+01  0.12E+03  0.22E+02
       Cl  6 5   0.80E+00  0.19E+00  0.19E+01  0.12E+03  0.23E+02
       Cl  6 6   0.83E+00  0.20E+00  0.19E+01  0.12E+03  0.23E+02
       H   1 1   0.39E+02  0.19E+00  0.29E+00  0.78E+05  0.13E+02
       H   2 1   0.41E+02  0.21E+00  0.32E+00  0.82E+05  0.14E+02
       H   2 2   0.43E+02  0.22E+00  0.36E+00  0.86E+05  0.15E+02
     ------------------------------------------------------------

     alpha_pv=     34.5968 eV

     Number of occupied bands for each k-point:
     k-point:     1    nbnd_occ=  42
     k-point:     2    nbnd_occ=  42
     k-point:     3    nbnd_occ=  42
     k-point:     4    nbnd_occ=  42
     k-point:     5    nbnd_occ=  42
     k-point:     6    nbnd_occ=  42
     k-point:     7    nbnd_occ=  42
     k-point:     8    nbnd_occ=  42
     k-point:     9    nbnd_occ=  42
     k-point:    10    nbnd_occ=  42
     k-point:    11    nbnd_occ=  42
     k-point:    12    nbnd_occ=  42
     k-point:    13    nbnd_occ=  42
     k-point:    14    nbnd_occ=  42
     k-point:    15    nbnd_occ=  42
     k-point:    16    nbnd_occ=  42


     q-space interpolation up to   110.00 Rydberg

     GIPAW job: efg                                                                             


     ELECTRIC FIELD GRADIENTS TENSORS IN Hartree/bohrradius^2:

     ----- bare term -----
     Cl   1       -0.063290        0.059916        0.039477
     Cl   1        0.059916       -0.028811        0.043943
     Cl   1        0.039477        0.043943        0.092101

     C    2       -0.647907        0.072843       -0.252725
     C    2        0.072843        0.037063       -0.205088
     C    2       -0.252725       -0.205088        0.610844

     C    3       -0.013418       -0.011232       -0.328551
     C    3       -0.011232       -0.324174       -0.494773
     C    3       -0.328551       -0.494773        0.337592

     H    4       -0.393489        0.185804       -0.432076
     H    4        0.185804        0.077860       -0.128924
     H    4       -0.432076       -0.128924        0.315629

     C    5       -0.410021        0.327033       -0.177174
     C    5        0.327033       -0.015650       -0.352105
     C    5       -0.177174       -0.352105        0.425671

     H    6        0.521563       -0.030956        0.008761
     H    6       -0.030956       -0.123606       -0.330051
     H    6        0.008761       -0.330051       -0.397957

     H    7        0.416890        0.031890       -0.006471
     H    7        0.031890       -0.266198        0.525047
     H    7       -0.006471        0.525047       -0.150692

     C    8       -0.406708       -0.287018       -0.319270
     C    8       -0.287018       -0.053818        0.435437
     C    8       -0.319270        0.435437        0.460527

     H    9       -0.358639        0.141439       -0.541013
     H    9        0.141439        0.293957        0.124848
     H    9       -0.541013        0.124848        0.064682

     C   10       -0.082080       -0.460438       -0.239213
     C   10       -0.460438       -0.308804        0.491959
     C   10       -0.239213        0.491959        0.390884

     C   11       -0.266494        0.020657       -0.367054
     C   11        0.020657       -0.025530        0.418137
     C   11       -0.367054        0.418137        0.292024

     Cl  12       -0.049189       -0.072487        0.043373
     Cl  12       -0.072487       -0.045533        0.003813
     Cl  12        0.043373        0.003813        0.094722

     H   13        0.477261       -0.014866       -0.183713
     H   13       -0.014866        0.088859       -0.285677
     H   13       -0.183713       -0.285677       -0.566120

     C   14       -0.205139        0.323419        0.038456
     C   14        0.323419       -0.125794       -0.335363
     C   14        0.038456       -0.335363        0.330933

     H   15       -0.185997        0.046522       -0.609640
     H   15        0.046522        0.292548        0.092416
     H   15       -0.609640        0.092416       -0.106550

     C   16       -0.136164       -0.035596       -0.220494
     C   16       -0.035596       -0.080525       -0.658689
     C   16       -0.220494       -0.658689        0.216689

     C   17       -0.226836        0.002991       -0.383373
     C   17        0.002991       -0.071902       -0.483644
     C   17       -0.383373       -0.483644        0.298737

     Cl  18       -0.179308        0.112956        0.006290
     Cl  18        0.112956       -0.080283       -0.080457
     Cl  18        0.006290       -0.080457        0.259591

     H   19        0.449023        0.037369       -0.061712
     H   19        0.037369       -0.202552        0.478743
     H   19       -0.061712        0.478743       -0.246472

     C   20       -0.390780       -0.343785       -0.082428
     C   20       -0.343785       -0.094691        0.456297
     C   20       -0.082428        0.456297        0.485471

     H   21       -0.232634       -0.111026       -0.581682
     H   21       -0.111026        0.197337       -0.088800
     H   21       -0.581682       -0.088800        0.035296

     C   22       -0.225376       -0.090216       -0.246692
     C   22       -0.090216       -0.124633        0.620478
     C   22       -0.246692        0.620478        0.350009

     C   23       -0.288845       -0.134651       -0.385658
     C   23       -0.134651       -0.024300        0.438163
     C   23       -0.385658        0.438163        0.313145

     Cl  24       -0.059292       -0.141186       -0.130617
     Cl  24       -0.141186        0.021340        0.141278
     Cl  24       -0.130617        0.141278        0.037952

     ----- ionic term -----
     Cl   1        0.089518       -0.217384       -0.006777
     Cl   1       -0.217384        0.053337        0.018635
     Cl   1       -0.006777        0.018635       -0.142856

     C    2        0.168158       -0.241702        0.266367
     C    2       -0.241702        0.025047        0.370131
     C    2        0.266367        0.370131       -0.193205

     C    3        0.156624       -0.253940        0.157962
     C    3       -0.253940        0.040793        0.402619
     C    3        0.157962        0.402619       -0.197417

     H    4        0.590988        0.130627        0.726151
     H    4        0.130627       -0.525145        0.154107
     H    4        0.726151        0.154107       -0.065843

     C    5        0.294047       -0.253151        0.160130
     C    5       -0.253151       -0.066285        0.340401
     C    5        0.160130        0.340401       -0.227762

     H    6       -0.510290       -0.036264       -0.031118
     H    6       -0.036264        0.359480        0.820499
     H    6       -0.031118        0.820499        0.150810

     H    7       -0.532317       -0.058878        0.063097
     H    7       -0.058878        0.645636       -0.732183
     H    7        0.063097       -0.732183       -0.113319

     C    8        0.262302        0.322071        0.282474
     C    8        0.322071        0.026817       -0.295478
     C    8        0.282474       -0.295478       -0.289119

     H    9        0.702057       -0.242928        0.642156
     H    9       -0.242928       -0.465561       -0.206277
     H    9        0.642156       -0.206277       -0.236496

     C   10        0.206648        0.344900        0.160328
     C   10        0.344900        0.098367       -0.377708
     C   10        0.160328       -0.377708       -0.305015

     C   11        0.236509        0.237165        0.300139
     C   11        0.237165       -0.017335       -0.369510
     C   11        0.300139       -0.369510       -0.219174

     Cl  12        0.149341        0.213753        0.009951
     Cl  12        0.213753       -0.004476       -0.005252
     Cl  12        0.009951       -0.005252       -0.144865

     H   13       -0.516277        0.106714        0.109622
     H   13        0.106714        0.544605        0.773914
     H   13        0.109622        0.773914       -0.028328

     C   14        0.244775       -0.244653        0.225098
     C   14       -0.244653       -0.024797        0.305956
     C   14        0.225098        0.305956       -0.219978

     H   15        0.604162        0.310381        0.678283
     H   15        0.310381       -0.480534        0.254852
     H   15        0.678283        0.254852       -0.123628

     C   16        0.101445       -0.198751        0.148300
     C   16       -0.198751        0.013195        0.467193
     C   16        0.148300        0.467193       -0.114640

     C   17        0.230137       -0.187322        0.188128
     C   17       -0.187322       -0.099091        0.469529
     C   17        0.188128        0.469529       -0.131046

     Cl  18        0.131470       -0.209305       -0.060090
     Cl  18       -0.209305       -0.016363        0.037999
     Cl  18       -0.060090        0.037999       -0.115107

     H   19       -0.517089       -0.012829        0.018929
     H   19       -0.012829        0.631611       -0.728473
     H   19        0.018929       -0.728473       -0.114522

     C   20        0.277902        0.275856        0.294823
     C   20        0.275856        0.019487       -0.285856
     C   20        0.294823       -0.285856       -0.297389

     H   21        0.677493       -0.194101        0.667758
     H   21       -0.194101       -0.468995       -0.180067
     H   21        0.667758       -0.180067       -0.208498

     C   22        0.172741        0.296397        0.205481
     C   22        0.296397        0.106182       -0.363333
     C   22        0.205481       -0.363333       -0.278923

     C   23        0.141991        0.254230        0.355492
     C   23        0.254230        0.058713       -0.344776
     C   23        0.355492       -0.344776       -0.200703

     Cl  24        0.098285        0.236112        0.042914
     Cl  24        0.236112        0.051531        0.021971
     Cl  24        0.042914        0.021971       -0.149816

     ----- GIPAW term -----
     Cl   1       -0.448681       -0.937755        0.972013
     Cl   1       -0.937755       -0.822962        1.615723
     Cl   1        0.972013        1.615723        1.271643

     C    2       -0.171693       -0.065667        0.007938
     C    2       -0.065667       -0.098944        0.070226
     C    2        0.007938        0.070226        0.270637

     C    3       -0.038981       -0.111238       -0.135172
     C    3       -0.111238       -0.007691        0.041662
     C    3       -0.135172        0.041662        0.046671

     H    4       -0.000000        0.000000        0.000000
     H    4        0.000000        0.000000        0.000000
     H    4        0.000000        0.000000        0.000000

     C    5       -0.029694       -0.045131        0.031306
     C    5       -0.045131        0.023073       -0.094179
     C    5        0.031306       -0.094179        0.006621

     H    6       -0.000000        0.000000        0.000000
     H    6        0.000000        0.000000        0.000000
     H    6        0.000000        0.000000        0.000000

     H    7       -0.000000        0.000000        0.000000
     H    7        0.000000        0.000000        0.000000
     H    7        0.000000        0.000000        0.000000

     C    8       -0.094213       -0.059354       -0.066366
     C    8       -0.059354       -0.037211        0.146643
     C    8       -0.066366        0.146643        0.131424

     H    9       -0.000000        0.000000        0.000000
     H    9        0.000000        0.000000        0.000000
     H    9        0.000000        0.000000        0.000000

     C   10        0.026991       -0.120937       -0.102493
     C   10       -0.120937       -0.070516        0.099803
     C   10       -0.102493        0.099803        0.043525

     C   11        0.050992        0.104024        0.005869
     C   11        0.104024       -0.025362        0.022182
     C   11        0.005869        0.022182       -0.025629

     Cl  12        1.227365        1.980460        0.313276
     Cl  12        1.980460       -0.242304        0.022224
     Cl  12        0.313276        0.022224       -0.985061

     H   13       -0.000000        0.000000        0.000000
     H   13        0.000000        0.000000        0.000000
     H   13        0.000000        0.000000        0.000000

     C   14       -0.089808        0.009099        0.067683
     C   14        0.009099       -0.082098       -0.140908
     C   14        0.067683       -0.140908        0.171906

     H   15       -0.000000        0.000000        0.000000
     H   15        0.000000        0.000000        0.000000
     H   15        0.000000        0.000000        0.000000

     C   16       -0.133211       -0.096344        0.010349
     C   16       -0.096344        0.073876       -0.255103
     C   16        0.010349       -0.255103        0.059335

     C   17        0.042205       -0.135077       -0.056581
     C   17       -0.135077       -0.008619       -0.066187
     C   17       -0.056581       -0.066187       -0.033586

     Cl  18       -0.726253       -1.360162        0.013551
     Cl  18       -1.360162       -1.184774       -1.205498
     Cl  18        0.013551       -1.205498        1.911027

     H   19       -0.000000        0.000000        0.000000
     H   19        0.000000        0.000000        0.000000
     H   19        0.000000        0.000000        0.000000

     C   20       -0.092293        0.002166        0.082366
     C   20        0.002166       -0.038104        0.185606
     C   20        0.082366        0.185606        0.130398

     H   21       -0.000000        0.000000        0.000000
     H   21        0.000000        0.000000        0.000000
     H   21        0.000000        0.000000        0.000000

     C   22       -0.143068        0.042752       -0.021511
     C   22        0.042752        0.019872        0.228711
     C   22       -0.021511        0.228711        0.123196

     C   23        0.006468        0.098670       -0.072592
     C   23        0.098670        0.050990        0.073048
     C   23       -0.072592        0.073048       -0.057458

     Cl  24        0.652972        0.654743       -1.208999
     Cl  24        0.654743        0.472079        1.565361
     Cl  24       -1.208999        1.565361       -1.125051

     ----- total EFG -----
     Cl   1       -0.422452       -1.095223        1.004714
     Cl   1       -1.095223       -0.798436        1.678302
     Cl   1        1.004714        1.678302        1.220889

     C    2       -0.651442       -0.234527        0.021579
     C    2       -0.234527       -0.036834        0.235269
     C    2        0.021579        0.235269        0.688277

     C    3        0.104226       -0.376409       -0.305760
     C    3       -0.376409       -0.291071       -0.050492
     C    3       -0.305760       -0.050492        0.186845

     H    4        0.197499        0.316431        0.294075
     H    4        0.316431       -0.447285        0.025183
     H    4        0.294075        0.025183        0.249786

     C    5       -0.145668        0.028751        0.014262
     C    5        0.028751       -0.058863       -0.105883
     C    5        0.014262       -0.105883        0.204531

     H    6        0.011273       -0.067220       -0.022357
     H    6       -0.067220        0.235874        0.490448
     H    6       -0.022357        0.490448       -0.247147

     H    7       -0.115427       -0.026988        0.056626
     H    7       -0.026988        0.379438       -0.207136
     H    7        0.056626       -0.207136       -0.264011

     C    8       -0.238620       -0.024301       -0.103162
     C    8       -0.024301       -0.064212        0.286602
     C    8       -0.103162        0.286602        0.302832

     H    9        0.343418       -0.101489        0.101143
     H    9       -0.101489       -0.171603       -0.081429
     H    9        0.101143       -0.081429       -0.171814

     C   10        0.151559       -0.236475       -0.181378
     C   10       -0.236475       -0.280953        0.214055
     C   10       -0.181378        0.214055        0.129394

     C   11        0.021007        0.361847       -0.061046
     C   11        0.361847       -0.068227        0.070809
     C   11       -0.061046        0.070809        0.047220

     Cl  12        1.327517        2.121726        0.366599
     Cl  12        2.121726       -0.292313        0.020785
     Cl  12        0.366599        0.020785       -1.035205

     H   13       -0.039016        0.091848       -0.074092
     H   13        0.091848        0.633464        0.488237
     H   13       -0.074092        0.488237       -0.594448

     C   14       -0.050172        0.087864        0.331237
     C   14        0.087864       -0.232689       -0.170314
     C   14        0.331237       -0.170314        0.282860

     H   15        0.418165        0.356903        0.068643
     H   15        0.356903       -0.187986        0.347268
     H   15        0.068643        0.347268       -0.230179

     C   16       -0.167929       -0.330691       -0.061845
     C   16       -0.330691        0.006546       -0.446599
     C   16       -0.061845       -0.446599        0.161383

     C   17        0.045506       -0.319409       -0.251826
     C   17       -0.319409       -0.179611       -0.080302
     C   17       -0.251826       -0.080302        0.134105

     Cl  18       -0.774092       -1.456511       -0.040249
     Cl  18       -1.456511       -1.281420       -1.247957
     Cl  18       -0.040249       -1.247957        2.055511

     H   19       -0.068066        0.024540       -0.042783
     H   19        0.024540        0.429059       -0.249730
     H   19       -0.042783       -0.249730       -0.360993

     C   20       -0.205171       -0.065762        0.294761
     C   20       -0.065762       -0.113308        0.356046
     C   20        0.294761        0.356046        0.318479

     H   21        0.444859       -0.305126        0.086075
     H   21       -0.305126       -0.271658       -0.268867
     H   21        0.086075       -0.268867       -0.173201

     C   22       -0.195703        0.248933       -0.062721
     C   22        0.248933        0.001421        0.485856
     C   22       -0.062721        0.485856        0.194282

     C   23       -0.140386        0.218250       -0.102758
     C   23        0.218250        0.085403        0.166435
     C   23       -0.102758        0.166435        0.054983

     Cl  24        0.691966        0.749668       -1.296701
     Cl  24        0.749668        0.544950        1.728609
     Cl  24       -1.296701        1.728609       -1.236915

     ----- total EFG (symmetrized) -----
     Cl   1       -0.422452       -1.095223        1.004714
     Cl   1       -1.095223       -0.798436        1.678302
     Cl   1        1.004714        1.678302        1.220889

     C    2       -0.651442       -0.234527        0.021579
     C    2       -0.234527       -0.036834        0.235269
     C    2        0.021579        0.235269        0.688277

     C    3        0.104226       -0.376409       -0.305760
     C    3       -0.376409       -0.291071       -0.050492
     C    3       -0.305760       -0.050492        0.186845

     H    4        0.197499        0.316431        0.294075
     H    4        0.316431       -0.447285        0.025183
     H    4        0.294075        0.025183        0.249786

     C    5       -0.145668        0.028751        0.014262
     C    5        0.028751       -0.058863       -0.105883
     C    5        0.014262       -0.105883        0.204531

     H    6        0.011273       -0.067220       -0.022357
     H    6       -0.067220        0.235874        0.490448
     H    6       -0.022357        0.490448       -0.247147

     H    7       -0.115427       -0.026988        0.056626
     H    7       -0.026988        0.379438       -0.207136
     H    7        0.056626       -0.207136       -0.264011

     C    8       -0.238620       -0.024301       -0.103162
     C    8       -0.024301       -0.064212        0.286602
     C    8       -0.103162        0.286602        0.302832

     H    9        0.343418       -0.101489        0.101143
     H    9       -0.101489       -0.171603       -0.081429
     H    9        0.101143       -0.081429       -0.171814

     C   10        0.151559       -0.236475       -0.181378
     C   10       -0.236475       -0.280953        0.214055
     C   10       -0.181378        0.214055        0.129394

     C   11        0.021007        0.361847       -0.061046
     C   11        0.361847       -0.068227        0.070809
     C   11       -0.061046        0.070809        0.047220

     Cl  12        1.327517        2.121726        0.366599
     Cl  12        2.121726       -0.292313        0.020785
     Cl  12        0.366599        0.020785       -1.035205

     H   13       -0.039016        0.091848       -0.074092
     H   13        0.091848        0.633464        0.488237
     H   13       -0.074092        0.488237       -0.594448

     C   14       -0.050172        0.087864        0.331237
     C   14        0.087864       -0.232689       -0.170314
     C   14        0.331237       -0.170314        0.282860

     H   15        0.418165        0.356903        0.068643
     H   15        0.356903       -0.187986        0.347268
     H   15        0.068643        0.347268       -0.230179

     C   16       -0.167929       -0.330691       -0.061845
     C   16       -0.330691        0.006546       -0.446599
     C   16       -0.061845       -0.446599        0.161383

     C   17        0.045506       -0.319409       -0.251826
     C   17       -0.319409       -0.179611       -0.080302
     C   17       -0.251826       -0.080302        0.134105

     Cl  18       -0.774092       -1.456511       -0.040249
     Cl  18       -1.456511       -1.281420       -1.247957
     Cl  18       -0.040249       -1.247957        2.055511

     H   19       -0.068066        0.024540       -0.042783
     H   19        0.024540        0.429059       -0.249730
     H   19       -0.042783       -0.249730       -0.360993

     C   20       -0.205171       -0.065762        0.294761
     C   20       -0.065762       -0.113308        0.356046
     C   20        0.294761        0.356046        0.318479

     H   21        0.444859       -0.305126        0.086075
     H   21       -0.305126       -0.271658       -0.268867
     H   21        0.086075       -0.268867       -0.173201

     C   22       -0.195703        0.248933       -0.062721
     C   22        0.248933        0.001421        0.485856
     C   22       -0.062721        0.485856        0.194282

     C   23       -0.140386        0.218250       -0.102758
     C   23        0.218250        0.085403        0.166435
     C   23       -0.102758        0.166435        0.054983

     Cl  24        0.691966        0.749668       -1.296701
     Cl  24        0.749668        0.544950        1.728609
     Cl  24       -1.296701        1.728609       -1.236915


     NQR/NMR SPECTROSCOPIC PARAMETERS:
     Cl   1    Vxx=    0.4610    axis=(  0.825228 -0.550736  0.125252)
     Cl   1    Vyy=    2.2230    axis=( -0.156256 -0.435730 -0.886410)
     Cl   1    Vzz=   -2.6840    axis=(  0.542754  0.711920 -0.445633)
     Cl   1  Q=        -8.1650 1e-30 m^2  Cq=        51.4905 MHz  eta= 0.65650

     C    2    Vxx=   -0.0221    axis=( -0.343190  0.894695 -0.285906)
     C    2    Vyy=   -0.7374    axis=(  0.938651  0.337703 -0.069935)
     C    2    Vzz=    0.7595    axis=( -0.033981  0.292367  0.955702)
     C    2  Q=         1.0000 1e-30 m^2  Cq=         1.7845 MHz  eta= 0.94192

     C    3    Vxx=    0.0561    axis=(  0.404140 -0.545028  0.734585)
     C    3    Vyy=    0.5202    axis=( -0.725553  0.298020  0.620288)
     C    3    Vzz=   -0.5763    axis=( -0.556995 -0.783664 -0.275005)
     C    3  Q=         1.0000 1e-30 m^2  Cq=        -1.3541 MHz  eta= 0.80535

     H    4    Vxx=    0.0113    axis=(  0.570799  0.353117 -0.741281)
     H    4    Vyy=    0.5756    axis=(  0.712102  0.236564  0.661020)
     H    4    Vzz=   -0.5869    axis=( -0.408778  0.905177  0.116425)
     H    4  Q=         1.0000 1e-30 m^2  Cq=        -1.3791 MHz  eta= 0.96133

     C    5    Vxx=   -0.0806    axis=(  0.439289  0.849094  0.293368)
     C    5    Vyy=   -0.1613    axis=(  0.898289 -0.411489 -0.154124)
     C    5    Vzz=    0.2419    axis=(  0.010148 -0.331234  0.943494)
     C    5  Q=         1.0000 1e-30 m^2  Cq=         0.5683 MHz  eta= 0.33373

     H    6    Vxx=    0.0029    axis=(  0.991473  0.092170  0.092117)
     H    6    Vyy=    0.5499    axis=(  0.126923 -0.843187 -0.522423)
     H    6    Vzz=   -0.5528    axis=(  0.029520  0.529660 -0.847696)
     H    6  Q=         1.0000 1e-30 m^2  Cq=        -1.2989 MHz  eta= 0.98934

     H    7    Vxx=   -0.1085    axis=(  0.974778  0.130700  0.180900)
     H    7    Vyy=   -0.3350    axis=( -0.210169  0.264921  0.941088)
     H    7    Vzz=    0.4435    axis=(  0.075076 -0.955371  0.285709)
     H    7  Q=         1.0000 1e-30 m^2  Cq=         1.0421 MHz  eta= 0.51055

     C    8    Vxx=   -0.2049    axis=( -0.494250 -0.796191  0.348993)
     C    8    Vyy=   -0.2694    axis=( -0.857631  0.380974 -0.345438)
     C    8    Vzz=    0.4743    axis=( -0.142078  0.470040  0.871135)
     C    8  Q=         1.0000 1e-30 m^2  Cq=         1.1144 MHz  eta= 0.13589

     H    9    Vxx=   -0.1333    axis=( -0.287817 -0.677367  0.677005)
     H    9    Vyy=   -0.2531    axis=(  0.000322  0.706849  0.707364)
     H    9    Vzz=    0.3865    axis=(  0.957685 -0.203810  0.203225)
     H    9  Q=         1.0000 1e-30 m^2  Cq=         0.9081 MHz  eta= 0.30997

     C   10    Vxx=   -0.0412    axis=(  0.677585 -0.011789  0.735350)
     C   10    Vyy=   -0.4184    axis=(  0.298260  0.918360 -0.260109)
     C   10    Vzz=    0.4595    axis=( -0.672249  0.395571  0.625783)
     C   10  Q=         1.0000 1e-30 m^2  Cq=         1.0798 MHz  eta= 0.82083

     C   11    Vxx=    0.0664    axis=( -0.136557  0.148103  0.979499)
     C   11    Vyy=    0.3410    axis=( -0.748765 -0.662823 -0.004168)
     C   11    Vzz=   -0.4074    axis=(  0.648617 -0.733983  0.201407)
     C   11  Q=         1.0000 1e-30 m^2  Cq=        -0.9573 MHz  eta= 0.67386

     Cl  12    Vxx=   -1.0120    axis=( -0.075275  0.249801 -0.965367)
     Cl  12    Vyy=   -1.8023    axis=(  0.563341 -0.788166 -0.247875)
     Cl  12    Vzz=    2.8143    axis=(  0.822788  0.562489  0.081394)
     Cl  12  Q=        -8.1650 1e-30 m^2  Cq=       -53.9905 MHz  eta= 0.28081

     H   13    Vxx=   -0.0300    axis=(  0.988126 -0.025263 -0.151558)
     H   13    Vyy=   -0.7785    axis=( -0.134737  0.331628 -0.933739)
     H   13    Vzz=    0.8085    axis=(  0.073850  0.943072  0.324287)
     H   13  Q=         1.0000 1e-30 m^2  Cq=         1.8998 MHz  eta= 0.92579

     C   14    Vxx=   -0.0878    axis=(  0.656938  0.706872 -0.262231)
     C   14    Vyy=   -0.4132    axis=( -0.570028  0.693317  0.440884)
     C   14    Vzz=    0.5011    axis=(  0.493458 -0.140154  0.858403)
     C   14  Q=         1.0000 1e-30 m^2  Cq=         1.1773 MHz  eta= 0.64936

     H   15    Vxx=   -0.0389    axis=(  0.492413 -0.492586 -0.717557)
     H   15    Vyy=   -0.5995    axis=( -0.212755  0.731302 -0.648022)
     H   15    Vzz=    0.6384    axis=( -0.843958 -0.471758 -0.255303)
     H   15  Q=         1.0000 1e-30 m^2  Cq=         1.5001 MHz  eta= 0.87816

     C   16    Vxx=    0.0077    axis=(  0.766713 -0.301233 -0.566929)
     C   16    Vyy=    0.5790    axis=(  0.243906 -0.680188  0.691270)
     C   16    Vzz=   -0.5867    axis=( -0.593852 -0.668283 -0.448037)
     C   16  Q=         1.0000 1e-30 m^2  Cq=        -1.3786 MHz  eta= 0.97367

     C   17    Vxx=    0.0872    axis=(  0.329022 -0.610746  0.720232)
     C   17    Vyy=    0.3950    axis=(  0.728903 -0.320645 -0.604886)
     C   17    Vzz=   -0.4822    axis=( -0.600371 -0.724000 -0.339675)
     C   17  Q=         1.0000 1e-30 m^2  Cq=        -1.1329 MHz  eta= 0.63846

     Cl  18    Vxx=    0.1832    axis=(  0.794414 -0.513143 -0.324947)
     Cl  18    Vyy=    2.5330    axis=( -0.146276  0.357616 -0.922342)
     Cl  18    Vzz=   -2.7162    axis=(  0.589499  0.780253  0.209035)
     Cl  18  Q=        -8.1650 1e-30 m^2  Cq=        52.1086 MHz  eta= 0.86511

     H   19    Vxx=   -0.0671    axis=(  0.993735 -0.085428 -0.072065)
     H   19    Vyy=   -0.4365    axis=( -0.092945 -0.273575 -0.957350)
     H   19    Vzz=    0.5036    axis=(  0.062069  0.958050 -0.279801)
     H   19  Q=         1.0000 1e-30 m^2  Cq=         1.1832 MHz  eta= 0.73362

     C   20    Vxx=   -0.0980    axis=(  0.705711 -0.701385  0.100152)
     C   20    Vyy=   -0.4886    axis=(  0.647542  0.581154 -0.492899)
     C   20    Vzz=    0.5865    axis=(  0.287508  0.412697  0.864303)
     C   20  Q=         1.0000 1e-30 m^2  Cq=         1.3781 MHz  eta= 0.66590

     H   21    Vxx=   -0.0659    axis=(  0.402014  0.447570 -0.798790)
     H   21    Vyy=   -0.5331    axis=(  0.203023  0.807104  0.554405)
     H   21    Vzz=    0.5990    axis=( -0.892842  0.385052 -0.233600)
     H   21  Q=         1.0000 1e-30 m^2  Cq=         1.4073 MHz  eta= 0.78005

     C   22    Vxx=   -0.0562    axis=(  0.818877  0.342973 -0.460228)
     C   22    Vyy=   -0.5529    axis=( -0.555579  0.674986 -0.485516)
     C   22    Vzz=    0.6091    axis=(  0.144129  0.653271  0.743279)
     C   22  Q=         1.0000 1e-30 m^2  Cq=         1.4312 MHz  eta= 0.81551

     C   23    Vxx=    0.0824    axis=( -0.587372 -0.234994  0.774450)
     C   23    Vyy=    0.2683    axis=( -0.313681 -0.816015 -0.485513)
     C   23    Vzz=   -0.3507    axis=(  0.746056 -0.528107  0.405591)
     C   23  Q=         1.0000 1e-30 m^2  Cq=        -0.8241 MHz  eta= 0.53004

     Cl  24    Vxx=    1.3104    axis=( -0.917659 -0.293307  0.268092)
     Cl  24    Vyy=    1.6023    axis=(  0.103541 -0.827854 -0.551305)
     Cl  24    Vzz=   -2.9128    axis=(  0.383642 -0.478151  0.790057)
     Cl  24  Q=        -8.1650 1e-30 m^2  Cq=        55.8797 MHz  eta= 0.10023

     Initialization:
     gipaw_setup  :      9.42s CPU     11.22s WALL (       1 calls)

     Linear response

     Apply operators

     Induced current

     Other routines
     efg          :      9.54s CPU     12.37s WALL (       1 calls)

     General routines
     calbec       :      3.44s CPU      4.55s WALL (      16 calls)
     fft          :      1.62s CPU      2.52s WALL (      15 calls)
     ffts         :      0.04s CPU      0.04s WALL (       2 calls)
     fftw         :      3.44s CPU      4.40s WALL (     672 calls)
     davcio       :      0.03s CPU      0.32s WALL (      32 calls)

     Parallel routines
     fft_scatter  :      2.39s CPU      4.14s WALL (     689 calls)

     Plugins

     GIPAW        :     61.82s CPU     74.20s WALL (       1 calls)
