
     Program QE v.6.0 (svn rev. 13079) starts on 16Jan2017 at 18:23:30 

     This program is part of the open-source Quantum ESPRESSO suite
     for quantum simulation of materials; please cite
         "P. Giannozzi et al., J. Phys.:Condens. Matter 21 395502 (2009);
          URL http://www.quantum-espresso.org", 
     in publications or presentations arising from this work. More details at
     http://www.quantum-espresso.org/quote

     Parallel version (MPI), running on     8 processors
     R & G space division:  proc/nbgrp/npool/nimage =       8

     ***** This is GIPAW svn revision unknown      *****

     Parallelizing q-star over 1 images

     Reading data from directory:
     /users/majewski/paradichlorobenzene/pbe/9_constraint/scratch/pbe.ecut100.np8.dt60.pcl2phi-129368.save
     Message from routine read_xml_file:
     file /users/majewski/paradichlorobenzene/pbe/9_constraint/scratch/pbe.ecut100.np8.dt60.pcl2phi-129368.save not guaranteed to be safe for post-processing

   Info: using nr1, nr2, nr3 values from input

   Info: using nr1, nr2, nr3 values from input

     IMPORTANT: XC functional enforced from input :
     Exchange-correlation      =  SLA  PW   PBX  PBC ( 1  4  3  4 0 0)
     Any further DFT definition will be discarded
     Please, verify this is what you really want

               file C.pbe-n-kjpaw_psl.1.0.0.UPF: wavefunction(s)  2S 2P renormalized
               file Cl.pbe-n-kjpaw_psl.1.0.0.UPF: wavefunction(s)  3S 3P renormalized
               file H.pbe-kjpaw_psl.1.0.0.UPF: wavefunction(s)  1S renormalized

     Parallelization info
     --------------------
     sticks:   dense  smooth     PW     G-vecs:    dense   smooth      PW
     Min        3057    1223    332               144436    36536    5170
     Max        3059    1225    333               144437    36537    5171
     Sum       24467    9791   2657              1155489   292295   41363


     Subspace diagonalization in iterative solution of the eigenvalue problem:
     a serial algorithm will be used

     GIPAW projectors -----------------------------------------------
     atom=  C    l=0  rc=    1.2000  rs=    0.8000
     atom=  C    l=0  rc=    1.2000  rs=    0.8000
     atom=  C    l=1  rc=    1.4000  rs=    0.9333
     atom=  C    l=1  rc=    1.4000  rs=    0.9333
     projs nearly linearly dependent: l=1  n1,n2= 1, 2  s=  0.99951561

     atom=  Cl   l=0  rc=    1.6000  rs=    1.0667
     atom=  Cl   l=0  rc=    1.6000  rs=    1.0667
     atom=  Cl   l=1  rc=    1.6000  rs=    1.0667
     atom=  Cl   l=1  rc=    1.6000  rs=    1.0667
     atom=  Cl   l=2  rc=    1.6000  rs=    1.0667
     atom=  Cl   l=2  rc=    1.6000  rs=    1.0667
     projs nearly linearly dependent: l=2  n1,n2= 1, 2  s=  0.99993509

     atom=  H    l=0  rc=    1.0000  rs=    0.6667
     atom=  H    l=0  rc=    1.0000  rs=    0.6667
     projs nearly linearly dependent: l=0  n1,n2= 1, 2  s=  0.99968852
     -----------------------------------------------------------------

     GIPAW integrals: -------------------------------------------
     Atom  i/j   nmr_para   nmr_dia   epr_rmc  epr_para   epr_dia
       C   1 1   0.83E+03  0.17E-01  0.93E+01  0.24E+08  0.24E+03
       C   2 1   0.86E+03 -0.61E-01  0.94E+01  0.25E+08  0.25E+03
       C   2 2   0.90E+03 -0.15E+00  0.97E+01  0.26E+08  0.26E+03
       C   3 3   0.33E+01  0.34E+00  0.18E+01  0.55E+03  0.21E+02
       C   4 3   0.35E+01  0.37E+00  0.20E+01  0.59E+03  0.22E+02
       C   4 4   0.38E+01  0.39E+00  0.22E+01  0.63E+03  0.24E+02
       Cl  1 1   0.14E+04 -0.47E+00  0.84E+01  0.32E+09  0.42E+03
       Cl  2 1   0.21E+04 -0.37E+00  0.12E+02  0.49E+09  0.65E+03
       Cl  2 2   0.33E+04 -0.16E+00  0.21E+02  0.76E+09  0.10E+04
       Cl  3 3   0.21E+02  0.79E-01  0.89E+01  0.23E+05  0.13E+03
       Cl  4 3   0.24E+02  0.67E-01  0.99E+01  0.27E+05  0.15E+03
       Cl  4 4   0.28E+02  0.44E-01  0.11E+02  0.32E+05  0.18E+03
       Cl  5 5   0.77E+00  0.19E+00  0.18E+01  0.12E+03  0.22E+02
       Cl  6 5   0.80E+00  0.19E+00  0.19E+01  0.12E+03  0.23E+02
       Cl  6 6   0.83E+00  0.20E+00  0.19E+01  0.12E+03  0.23E+02
       H   1 1   0.39E+02  0.19E+00  0.29E+00  0.78E+05  0.13E+02
       H   2 1   0.41E+02  0.21E+00  0.32E+00  0.82E+05  0.14E+02
       H   2 2   0.43E+02  0.22E+00  0.36E+00  0.86E+05  0.15E+02
     ------------------------------------------------------------

     alpha_pv=     34.0672 eV

     Number of occupied bands for each k-point:
     k-point:     1    nbnd_occ=  42
     k-point:     2    nbnd_occ=  42
     k-point:     3    nbnd_occ=  42
     k-point:     4    nbnd_occ=  42
     k-point:     5    nbnd_occ=  42
     k-point:     6    nbnd_occ=  42
     k-point:     7    nbnd_occ=  42
     k-point:     8    nbnd_occ=  42
     k-point:     9    nbnd_occ=  42
     k-point:    10    nbnd_occ=  42
     k-point:    11    nbnd_occ=  42
     k-point:    12    nbnd_occ=  42
     k-point:    13    nbnd_occ=  42
     k-point:    14    nbnd_occ=  42
     k-point:    15    nbnd_occ=  42
     k-point:    16    nbnd_occ=  42


     q-space interpolation up to   110.00 Rydberg

     GIPAW job: efg                                                                             


     ELECTRIC FIELD GRADIENTS TENSORS IN Hartree/bohrradius^2:

     ----- bare term -----
     Cl   1       -0.024874        0.216967        0.061243
     Cl   1        0.216967       -0.235818        0.220381
     Cl   1        0.061243        0.220381        0.260692

     C    2        0.135412        0.042382       -0.176434
     C    2        0.042382       -0.083435       -0.596221
     C    2       -0.176434       -0.596221       -0.051978

     C    3       -0.287180        0.022936        0.036598
     C    3        0.022936       -0.117900        0.162736
     C    3        0.036598        0.162736        0.405080

     H    4       -0.178937       -0.375436        0.061786
     H    4       -0.375436       -0.113327        0.143459
     H    4        0.061786        0.143459        0.292263

     C    5        0.069288       -0.019404       -0.145052
     C    5       -0.019404       -0.121327       -0.319109
     C    5       -0.145052       -0.319109        0.052039

     H    6        0.327942       -0.262735        0.057272
     H    6       -0.262735       -0.616608        0.131985
     H    6        0.057272        0.131985        0.288666

     H    7        0.442203        0.070616        0.213134
     H    7        0.070616       -0.076015        0.268152
     H    7        0.213134        0.268152       -0.366188

     C    8       -0.552012       -0.239364       -0.205437
     C    8       -0.239364        0.244570       -0.026389
     C    8       -0.205437       -0.026389        0.307442

     H    9        0.087618       -0.048597       -0.460205
     H    9       -0.048597        0.088254       -0.267085
     H    9       -0.460205       -0.267085       -0.175871

     C   10        0.202957       -0.133060       -0.077861
     C   10       -0.133060       -0.121455        0.438750
     C   10       -0.077861        0.438750       -0.081503

     C   11       -0.587157       -0.419967       -0.332909
     C   11       -0.419967        0.269426        0.222272
     C   11       -0.332909        0.222272        0.317731

     Cl  12       -0.017518        0.006666       -0.043679
     Cl  12        0.006666        0.125745        0.035674
     Cl  12       -0.043679        0.035674       -0.108227

     H   13        0.483026       -0.089228       -0.092350
     H   13       -0.089228       -0.578040       -0.243835
     H   13       -0.092350       -0.243835        0.095014

     C   14       -0.768223        0.352505       -0.420168
     C   14        0.352505        0.304871       -0.032000
     C   14       -0.420168       -0.032000        0.463352

     H   15       -0.456988       -0.249429        0.264933
     H   15       -0.249429        0.330035       -0.073412
     H   15        0.264933       -0.073412        0.126954

     C   16        0.312647        0.034538        0.065148
     C   16        0.034538       -0.472276       -0.326450
     C   16        0.065148       -0.326450        0.159630

     C   17       -0.816169        0.450580       -0.311695
     C   17        0.450580        0.275339       -0.040154
     C   17       -0.311695       -0.040154        0.540830

     Cl  18       -0.023233       -0.043762       -0.005640
     Cl  18       -0.043762        0.070803        0.079332
     Cl  18       -0.005640        0.079332       -0.047570

     H   19        0.325983       -0.239882        0.025205
     H   19       -0.239882       -0.647961        0.321107
     H   19        0.025205        0.321107        0.321979

     C   20       -0.051527        0.113897       -0.300331
     C   20        0.113897        0.007929        0.450992
     C   20       -0.300331        0.450992        0.043598

     H   21        0.040186        0.215487       -0.344823
     H   21        0.215487       -0.191762        0.479150
     H   21       -0.344823        0.479150        0.151575

     C   22       -0.714662       -0.306788       -0.255542
     C   22       -0.306788        0.220969        0.091285
     C   22       -0.255542        0.091285        0.493693

     C   23        0.121725       -0.104682       -0.127229
     C   23       -0.104682       -0.087121        0.582390
     C   23       -0.127229        0.582390       -0.034604

     Cl  24       -0.243598       -0.308312       -0.001215
     Cl  24       -0.308312        0.125277       -0.007968
     Cl  24       -0.001215       -0.007968        0.118321

     ----- ionic term -----
     Cl   1        0.158186       -0.172720       -0.055939
     Cl   1       -0.172720       -0.007125        0.039938
     Cl   1       -0.055939        0.039938       -0.151061

     C    2        0.333031       -0.043514        0.038899
     C    2       -0.043514        0.201953        0.323967
     C    2        0.038899        0.323967       -0.534984

     C    3        0.283048       -0.122096        0.015276
     C    3       -0.122096        0.242992        0.298419
     C    3        0.015276        0.298419       -0.526040

     H    4        0.851950        0.459649        0.291221
     H    4        0.459649       -0.314075        0.162325
     H    4        0.291221        0.162325       -0.537875

     C    5        0.424981       -0.041968        0.072584
     C    5       -0.041968        0.133915        0.228800
     C    5        0.072584        0.228800       -0.558896

     H    6       -0.497988        0.236060        0.060279
     H    6        0.236060        0.979156        0.383699
     H    6        0.060279        0.383699       -0.481168

     H    7       -0.522040        0.028603        0.007941
     H    7        0.028603        0.613774       -0.736719
     H    7        0.007941       -0.736719       -0.091734

     C    8        0.246812        0.280573        0.269211
     C    8        0.280573       -0.003344       -0.286361
     C    8        0.269211       -0.286361       -0.243469

     H    9        0.492915       -0.232677        0.729539
     H    9       -0.232677       -0.440312       -0.234157
     H    9        0.729539       -0.234157       -0.052604

     C   10        0.148067        0.294763        0.194915
     C   10        0.294763        0.084457       -0.401563
     C   10        0.194915       -0.401563       -0.232524

     C   11        0.170266        0.184480        0.271741
     C   11        0.184480        0.033039       -0.454211
     C   11        0.271741       -0.454211       -0.203305

     Cl  12        0.174150        0.229454        0.009421
     Cl  12        0.229454       -0.028320        0.000358
     Cl  12        0.009421        0.000358       -0.145829

     H   13       -0.496996        0.000125       -0.025564
     H   13        0.000125        0.818183        0.570734
     H   13       -0.025564        0.570734       -0.321187

     C   14        0.405165       -0.139635        0.027127
     C   14       -0.139635        0.128143        0.283985
     C   14        0.027127        0.283985       -0.533308

     H   15        0.764560        0.501825        0.410281
     H   15        0.501825       -0.259501        0.202584
     H   15        0.410281        0.202584       -0.505059

     C   16        0.253939       -0.165579        0.037380
     C   16       -0.165579        0.286732        0.321360
     C   16        0.037380        0.321360       -0.540672

     C   17        0.309370       -0.053089        0.152276
     C   17       -0.053089        0.234011        0.247516
     C   17        0.152276        0.247516       -0.543380

     Cl  18        0.164850       -0.212882        0.035079
     Cl  18       -0.212882       -0.004751       -0.019700
     Cl  18        0.035079       -0.019700       -0.160098

     H   19       -0.499968        0.107432       -0.045828
     H   19        0.107432        0.611005       -0.731680
     H   19       -0.045828       -0.731680       -0.111037

     C   20        0.305754        0.252084        0.291816
     C   20        0.252084        0.001071       -0.301967
     C   20        0.291816       -0.301967       -0.306825

     H   21        0.467125       -0.233211        0.744202
     H   21       -0.233211       -0.472811       -0.245061
     H   21        0.744202       -0.245061        0.005686

     C   22        0.191367        0.321817        0.214310
     C   22        0.321817        0.096993       -0.335903
     C   22        0.214310       -0.335903       -0.288360

     C   23        0.167155        0.281455        0.260902
     C   23        0.281455        0.070301       -0.350709
     C   23        0.260902       -0.350709       -0.237456

     Cl  24        0.152769        0.196360        0.013864
     Cl  24        0.196360        0.014944       -0.002969
     Cl  24        0.013864       -0.002969       -0.167713

     ----- GIPAW term -----
     Cl   1       -0.689464        0.279425       -0.305959
     Cl   1        0.279425        1.094646       -1.075186
     Cl   1       -0.305959       -1.075186       -0.405182

     C    2       -0.042835        0.008148       -0.004716
     C    2        0.008148        0.221969        0.009821
     C    2       -0.004716        0.009821       -0.179134

     C    3       -0.011592       -0.023188        0.010115
     C    3       -0.023188       -0.002204        0.029731
     C    3        0.010115        0.029731        0.013796

     H    4       -0.000000        0.000000        0.000000
     H    4        0.000000        0.000000        0.000000
     H    4        0.000000        0.000000        0.000000

     C    5       -0.036348        0.019242       -0.002001
     C    5        0.019242        0.146830       -0.046099
     C    5       -0.002001       -0.046099       -0.110483

     H    6       -0.000000        0.000000        0.000000
     H    6        0.000000        0.000000        0.000000
     H    6        0.000000        0.000000        0.000000

     H    7       -0.000000        0.000000        0.000000
     H    7        0.000000        0.000000        0.000000
     H    7        0.000000        0.000000        0.000000

     C    8       -0.073628       -0.019141       -0.007994
     C    8       -0.019141        0.083855        0.005553
     C    8       -0.007994        0.005553       -0.010227

     H    9       -0.000000        0.000000        0.000000
     H    9        0.000000        0.000000        0.000000
     H    9        0.000000        0.000000        0.000000

     C   10       -0.039854       -0.028297       -0.009543
     C   10       -0.028297        0.119974        0.078416
     C   10       -0.009543        0.078416       -0.080120

     C   11       -0.149222       -0.016141       -0.040205
     C   11       -0.016141        0.256519        0.087664
     C   11       -0.040205        0.087664       -0.107296

     Cl  12        0.081870        1.981824       -0.171507
     Cl  12        1.981824        2.476113        0.638696
     Cl  12       -0.171507        0.638696       -2.557983

     H   13       -0.000000        0.000000        0.000000
     H   13        0.000000        0.000000        0.000000
     H   13        0.000000        0.000000        0.000000

     C   14       -0.122827        0.000144       -0.066455
     C   14        0.000144        0.041993        0.111281
     C   14       -0.066455        0.111281        0.080834

     H   15       -0.000000        0.000000        0.000000
     H   15        0.000000        0.000000        0.000000
     H   15        0.000000        0.000000        0.000000

     C   16        0.004882       -0.017581        0.014648
     C   16       -0.017581       -0.019986        0.069610
     C   16        0.014648        0.069610        0.015104

     C   17       -0.139924       -0.003169       -0.029028
     C   17       -0.003169        0.084287        0.141204
     C   17       -0.029028        0.141204        0.055637

     Cl  18        0.281357       -2.678058       -0.385918
     Cl  18       -2.678058        1.664741        1.236259
     Cl  18       -0.385918        1.236259       -1.946098

     H   19       -0.000000        0.000000        0.000000
     H   19        0.000000        0.000000        0.000000
     H   19        0.000000        0.000000        0.000000

     C   20       -0.085576        0.065749       -0.033006
     C   20        0.065749        0.233273        0.052475
     C   20       -0.033006        0.052475       -0.147697

     H   21       -0.000000        0.000000        0.000000
     H   21        0.000000        0.000000        0.000000
     H   21        0.000000        0.000000        0.000000

     C   22       -0.152239        0.040671       -0.034978
     C   22        0.040671        0.191690       -0.037070
     C   22       -0.034978       -0.037070       -0.039451

     C   23       -0.037980       -0.037182        0.009786
     C   23       -0.037182        0.220964       -0.017767
     C   23        0.009786       -0.017767       -0.182984

     Cl  24       -0.965922       -0.213587       -0.006803
     Cl  24       -0.213587        2.919803       -0.431644
     Cl  24       -0.006803       -0.431644       -1.953881

     ----- total EFG -----
     Cl   1       -0.556151        0.323672       -0.300655
     Cl   1        0.323672        0.851703       -0.814867
     Cl   1       -0.300655       -0.814867       -0.295551

     C    2        0.425609        0.007017       -0.142251
     C    2        0.007017        0.340488       -0.262433
     C    2       -0.142251       -0.262433       -0.766096

     C    3       -0.015725       -0.122348        0.061988
     C    3       -0.122348        0.122888        0.490886
     C    3        0.061988        0.490886       -0.107163

     H    4        0.673013        0.084214        0.353008
     H    4        0.084214       -0.427402        0.305784
     H    4        0.353008        0.305784       -0.245612

     C    5        0.457922       -0.042130       -0.074468
     C    5       -0.042130        0.159419       -0.136408
     C    5       -0.074468       -0.136408       -0.617340

     H    6       -0.170046       -0.026674        0.117551
     H    6       -0.026674        0.362548        0.515684
     H    6        0.117551        0.515684       -0.192502

     H    7       -0.079837        0.099219        0.221074
     H    7        0.099219        0.537759       -0.468568
     H    7        0.221074       -0.468568       -0.457922

     C    8       -0.378828        0.022068        0.055779
     C    8        0.022068        0.325082       -0.307198
     C    8        0.055779       -0.307198        0.053746

     H    9        0.580533       -0.281274        0.269334
     H    9       -0.281274       -0.352058       -0.501241
     H    9        0.269334       -0.501241       -0.228475

     C   10        0.311170        0.133405        0.107511
     C   10        0.133405        0.082976        0.115603
     C   10        0.107511        0.115603       -0.394146

     C   11       -0.566114       -0.251628       -0.101372
     C   11       -0.251628        0.558984       -0.144275
     C   11       -0.101372       -0.144275        0.007130

     Cl  12        0.238502        2.217945       -0.205766
     Cl  12        2.217945        2.573538        0.674729
     Cl  12       -0.205766        0.674729       -2.812039

     H   13       -0.013970       -0.089104       -0.117915
     H   13       -0.089104        0.240143        0.326899
     H   13       -0.117915        0.326899       -0.226173

     C   14       -0.485885        0.213014       -0.459496
     C   14        0.213014        0.475007        0.363266
     C   14       -0.459496        0.363266        0.010877

     H   15        0.307571        0.252396        0.675214
     H   15        0.252396        0.070534        0.129173
     H   15        0.675214        0.129173       -0.378105

     C   16        0.571468       -0.148622        0.117176
     C   16       -0.148622       -0.205530        0.064520
     C   16        0.117176        0.064520       -0.365938

     C   17       -0.646724        0.394322       -0.188448
     C   17        0.394322        0.593638        0.348566
     C   17       -0.188448        0.348566        0.053086

     Cl  18        0.422974       -2.934702       -0.356479
     Cl  18       -2.934702        1.730793        1.295892
     Cl  18       -0.356479        1.295892       -2.153766

     H   19       -0.173986       -0.132450       -0.020623
     H   19       -0.132450       -0.036956       -0.410572
     H   19       -0.020623       -0.410572        0.210942

     C   20        0.168652        0.431730       -0.041522
     C   20        0.431730        0.242272        0.201500
     C   20       -0.041522        0.201500       -0.410924

     H   21        0.507312       -0.017724        0.399379
     H   21       -0.017724       -0.664573        0.234089
     H   21        0.399379        0.234089        0.157261

     C   22       -0.675534        0.055700       -0.076210
     C   22        0.055700        0.509653       -0.281688
     C   22       -0.076210       -0.281688        0.165881

     C   23        0.250900        0.139590        0.143459
     C   23        0.139590        0.204144        0.213913
     C   23        0.143459        0.213913       -0.455044

     Cl  24       -1.056752       -0.325539        0.005847
     Cl  24       -0.325539        3.060024       -0.442581
     Cl  24        0.005847       -0.442581       -2.003272

     ----- total EFG (symmetrized) -----
     Cl   1       -0.556151        0.323672       -0.300655
     Cl   1        0.323672        0.851703       -0.814867
     Cl   1       -0.300655       -0.814867       -0.295551

     C    2        0.425609        0.007017       -0.142251
     C    2        0.007017        0.340488       -0.262433
     C    2       -0.142251       -0.262433       -0.766096

     C    3       -0.015725       -0.122348        0.061988
     C    3       -0.122348        0.122888        0.490886
     C    3        0.061988        0.490886       -0.107163

     H    4        0.673013        0.084214        0.353008
     H    4        0.084214       -0.427402        0.305784
     H    4        0.353008        0.305784       -0.245612

     C    5        0.457922       -0.042130       -0.074468
     C    5       -0.042130        0.159419       -0.136408
     C    5       -0.074468       -0.136408       -0.617340

     H    6       -0.170046       -0.026674        0.117551
     H    6       -0.026674        0.362548        0.515684
     H    6        0.117551        0.515684       -0.192502

     H    7       -0.079837        0.099219        0.221074
     H    7        0.099219        0.537759       -0.468568
     H    7        0.221074       -0.468568       -0.457922

     C    8       -0.378828        0.022068        0.055779
     C    8        0.022068        0.325082       -0.307198
     C    8        0.055779       -0.307198        0.053746

     H    9        0.580533       -0.281274        0.269334
     H    9       -0.281274       -0.352058       -0.501241
     H    9        0.269334       -0.501241       -0.228475

     C   10        0.311170        0.133405        0.107511
     C   10        0.133405        0.082976        0.115603
     C   10        0.107511        0.115603       -0.394146

     C   11       -0.566114       -0.251628       -0.101372
     C   11       -0.251628        0.558984       -0.144275
     C   11       -0.101372       -0.144275        0.007130

     Cl  12        0.238502        2.217945       -0.205766
     Cl  12        2.217945        2.573538        0.674729
     Cl  12       -0.205766        0.674729       -2.812039

     H   13       -0.013970       -0.089104       -0.117915
     H   13       -0.089104        0.240143        0.326899
     H   13       -0.117915        0.326899       -0.226173

     C   14       -0.485885        0.213014       -0.459496
     C   14        0.213014        0.475007        0.363266
     C   14       -0.459496        0.363266        0.010877

     H   15        0.307571        0.252396        0.675214
     H   15        0.252396        0.070534        0.129173
     H   15        0.675214        0.129173       -0.378105

     C   16        0.571468       -0.148622        0.117176
     C   16       -0.148622       -0.205530        0.064520
     C   16        0.117176        0.064520       -0.365938

     C   17       -0.646724        0.394322       -0.188448
     C   17        0.394322        0.593638        0.348566
     C   17       -0.188448        0.348566        0.053086

     Cl  18        0.422974       -2.934702       -0.356479
     Cl  18       -2.934702        1.730793        1.295892
     Cl  18       -0.356479        1.295892       -2.153766

     H   19       -0.173986       -0.132450       -0.020623
     H   19       -0.132450       -0.036956       -0.410572
     H   19       -0.020623       -0.410572        0.210942

     C   20        0.168652        0.431730       -0.041522
     C   20        0.431730        0.242272        0.201500
     C   20       -0.041522        0.201500       -0.410924

     H   21        0.507312       -0.017724        0.399379
     H   21       -0.017724       -0.664573        0.234089
     H   21        0.399379        0.234089        0.157261

     C   22       -0.675534        0.055700       -0.076210
     C   22        0.055700        0.509653       -0.281688
     C   22       -0.076210       -0.281688        0.165881

     C   23        0.250900        0.139590        0.143459
     C   23        0.139590        0.204144        0.213913
     C   23        0.143459        0.213913       -0.455044

     Cl  24       -1.056752       -0.325539        0.005847
     Cl  24       -0.325539        3.060024       -0.442581
     Cl  24        0.005847       -0.442581       -2.003272


     NQR/NMR SPECTROSCOPIC PARAMETERS:
     Cl   1    Vxx=   -0.5646    axis=(  0.781007 -0.435840 -0.447294)
     Cl   1    Vyy=   -0.8045    axis=(  0.585745  0.262761  0.766720)
     Cl   1    Vzz=    1.3691    axis=(  0.216636  0.860814 -0.460509)
     Cl   1  Q=        -8.1650 1e-30 m^2  Cq=       -26.2653 MHz  eta= 0.17524

     C    2    Vxx=    0.3770    axis=( -0.508939  0.850629 -0.131954)
     C    2    Vyy=    0.4631    axis=( -0.854014 -0.479744  0.201261)
     C    2    Vzz=   -0.8401    axis=(  0.107895  0.215120  0.970609)
     C    2  Q=         1.0000 1e-30 m^2  Cq=        -1.9738 MHz  eta= 0.10246

     C    3    Vxx=    0.0085    axis=(  0.964987 -0.061801  0.254915)
     C    3    Vyy=    0.5184    axis=( -0.109890  0.787191  0.606840)
     C    3    Vzz=   -0.5269    axis=( -0.238170 -0.613605  0.752838)
     C    3  Q=         1.0000 1e-30 m^2  Cq=        -1.2379 MHz  eta= 0.96779

     H    4    Vxx=   -0.1466    axis=( -0.359446  0.635965  0.682896)
     H    4    Vyy=   -0.6730    axis=(  0.120902  0.757376 -0.641689)
     H    4    Vzz=    0.8197    axis=(  0.925301  0.148089  0.349125)
     H    4  Q=         1.0000 1e-30 m^2  Cq=         1.9259 MHz  eta= 0.64218

     C    5    Vxx=    0.1797    axis=(  0.100895  0.979030 -0.176973)
     C    5    Vyy=    0.4667    axis=(  0.992233 -0.112028 -0.054063)
     C    5    Vzz=   -0.6465    axis=(  0.072755  0.170144  0.982730)
     C    5  Q=         1.0000 1e-30 m^2  Cq=        -1.5189 MHz  eta= 0.44395

     H    6    Vxx=   -0.1358    axis=(  0.953108 -0.191488  0.234346)
     H    6    Vyy=   -0.5365    axis=(  0.299276  0.481396 -0.823828)
     H    6    Vzz=    0.6723    axis=(  0.044940  0.855331  0.516130)
     H    6  Q=         1.0000 1e-30 m^2  Cq=         1.5797 MHz  eta= 0.59608

     H    7    Vxx=    0.0097    axis=(  0.937624  0.114955  0.328096)
     H    7    Vyy=    0.7237    axis=(  0.014105  0.930393 -0.366293)
     H    7    Vzz=   -0.7334    axis=( -0.347365  0.348073  0.870737)
     H    7  Q=         1.0000 1e-30 m^2  Cq=        -1.7233 MHz  eta= 0.97359

     C    8    Vxx=   -0.1324    axis=(  0.231828  0.534555  0.812716)
     C    8    Vyy=   -0.3930    axis=(  0.972666 -0.115959 -0.201183)
     C    8    Vzz=    0.5254    axis=( -0.013301  0.837141 -0.546826)
     C    8  Q=         1.0000 1e-30 m^2  Cq=         1.2345 MHz  eta= 0.49600

     H    9    Vxx=   -0.0310    axis=(  0.534851  0.542598 -0.647705)
     H    9    Vyy=   -0.7962    axis=(  0.026290  0.755505  0.654615)
     H    9    Vzz=    0.8271    axis=(  0.844537 -0.367150  0.389817)
     H    9  Q=         1.0000 1e-30 m^2  Cq=         1.9434 MHz  eta= 0.92509

     C   10    Vxx=    0.0290    axis=(  0.461940 -0.878394 -0.122621)
     C   10    Vyy=    0.3998    axis=(  0.880429  0.437475  0.182922)
     C   10    Vzz=   -0.4288    axis=( -0.107034 -0.192458  0.975451)
     C   10  Q=         1.0000 1e-30 m^2  Cq=        -1.0074 MHz  eta= 0.86492

     C   11    Vxx=    0.0098    axis=( -0.232963  0.145851  0.961486)
     C   11    Vyy=    0.6361    axis=( -0.185621  0.963843 -0.191184)
     C   11    Vzz=   -0.6459    axis=( -0.954606 -0.223011 -0.197467)
     C   11  Q=         1.0000 1e-30 m^2  Cq=        -1.5175 MHz  eta= 0.96963

     Cl  12    Vxx=   -0.9556    axis=( -0.838284  0.475992  0.265917)
     Cl  12    Vyy=   -2.9900    axis=(  0.194703 -0.194220  0.961441)
     Cl  12    Vzz=    3.9456    axis=(  0.509284  0.857736  0.070135)
     Cl  12  Q=        -8.1650 1e-30 m^2  Cq=       -75.6948 MHz  eta= 0.51561

     H   13    Vxx=   -0.0418    axis=(  0.944718  0.326970 -0.024457)
     H   13    Vyy=   -0.4056    axis=( -0.170509  0.426201 -0.888414)
     H   13    Vzz=    0.4474    axis=( -0.280061  0.843471  0.458391)
     H   13  Q=         1.0000 1e-30 m^2  Cq=         1.0512 MHz  eta= 0.81333

     C   14    Vxx=    0.1890    axis=(  0.597522  0.421388 -0.682202)
     C   14    Vyy=    0.6753    axis=(  0.039177 -0.865108 -0.500053)
     C   14    Vzz=   -0.8643    axis=(  0.800895 -0.272067  0.533430)
     C   14  Q=         1.0000 1e-30 m^2  Cq=        -2.0307 MHz  eta= 0.56276

     H   15    Vxx=   -0.0345    axis=(  0.284047 -0.936389  0.206137)
     H   15    Vyy=   -0.7931    axis=(  0.527203 -0.027044 -0.849309)
     H   15    Vzz=    0.8276    axis=(  0.800858  0.349920  0.485985)
     H   15  Q=         1.0000 1e-30 m^2  Cq=         1.9445 MHz  eta= 0.91671

     C   16    Vxx=   -0.1942    axis=( -0.111657 -0.902761 -0.415398)
     C   16    Vyy=   -0.4158    axis=(  0.166700  0.395073 -0.903398)
     C   16    Vzz=    0.6100    axis=(  0.979665 -0.170118  0.106377)
     C   16  Q=         1.0000 1e-30 m^2  Cq=         1.4333 MHz  eta= 0.36320

     C   17    Vxx=    0.0329    axis=( -0.397836 -0.266025  0.878042)
     C   17    Vyy=    0.8193    axis=(  0.197738  0.909684  0.365206)
     C   17    Vzz=   -0.8522    axis=( -0.895894  0.318914 -0.309302)
     C   17  Q=         1.0000 1e-30 m^2  Cq=        -2.0022 MHz  eta= 0.92287

     Cl  18    Vxx=   -1.5894    axis=(  0.725687  0.432625  0.534990)
     Cl  18    Vyy=   -2.7311    axis=(  0.333701  0.458679 -0.823564)
     Cl  18    Vzz=    4.3204    axis=( -0.601683  0.776176  0.188491)
     Cl  18  Q=        -8.1650 1e-30 m^2  Cq=       -82.8855 MHz  eta= 0.26425

     H   19    Vxx=   -0.1174    axis=( -0.880768  0.321972  0.347248)
     H   19    Vyy=   -0.4042    axis=( -0.464626 -0.729238 -0.502330)
     H   19    Vzz=    0.5216    axis=(  0.091490 -0.603776  0.791886)
     H   19  Q=         1.0000 1e-30 m^2  Cq=         1.2256 MHz  eta= 0.54971

     C   20    Vxx=   -0.1337    axis=( -0.691288  0.531281  0.489756)
     C   20    Vyy=   -0.5191    axis=(  0.303968 -0.401084  0.864139)
     C   20    Vzz=    0.6528    axis=(  0.655534  0.746239  0.115772)
     C   20  Q=         1.0000 1e-30 m^2  Cq=         1.5338 MHz  eta= 0.59027

     H   21    Vxx=   -0.0379    axis=( -0.556375  0.304546  0.773110)
     H   21    Vyy=   -0.7396    axis=(  0.108277  0.949053 -0.295931)
     H   21    Vzz=    0.7775    axis=( -0.823846 -0.080939 -0.561004)
     H   21  Q=         1.0000 1e-30 m^2  Cq=         1.8269 MHz  eta= 0.90240

     C   22    Vxx=    0.0100    axis=( -0.056167  0.495056  0.867044)
     C   22    Vyy=    0.6732    axis=(  0.063647  0.868424 -0.491720)
     C   22    Vzz=   -0.6832    axis=( -0.996391  0.027566 -0.080285)
     C   22  Q=         1.0000 1e-30 m^2  Cq=        -1.6053 MHz  eta= 0.97078

     C   23    Vxx=    0.0925    axis=(  0.703477 -0.704860 -0.091065)
     C   23    Vyy=    0.4388    axis=(  0.698645  0.662310  0.270632)
     C   23    Vzz=   -0.5313    axis=( -0.130445 -0.254005  0.958366)
     C   23  Q=         1.0000 1e-30 m^2  Cq=        -1.2483 MHz  eta= 0.65191

     Cl  24    Vxx=   -1.0815    axis=(  0.996727  0.075166 -0.029767)
     Cl  24    Vyy=   -2.0422    axis=( -0.023116 -0.087859 -0.995865)
     Cl  24    Vzz=    3.1237    axis=( -0.077470  0.993293 -0.085834)
     Cl  24  Q=        -8.1650 1e-30 m^2  Cq=       -59.9258 MHz  eta= 0.30756

     Initialization:
     gipaw_setup  :      9.10s CPU     10.93s WALL (       1 calls)

     Linear response

     Apply operators

     Induced current

     Other routines
     efg          :      9.30s CPU     12.11s WALL (       1 calls)

     General routines
     calbec       :      3.12s CPU      4.02s WALL (      16 calls)
     fft          :      1.36s CPU      1.76s WALL (      15 calls)
     ffts         :      0.06s CPU      0.10s WALL (       2 calls)
     fftw         :      3.24s CPU      4.17s WALL (     672 calls)
     davcio       :      0.03s CPU      0.31s WALL (      32 calls)

     Parallel routines
     fft_scatter  :      2.08s CPU      3.07s WALL (     689 calls)

     Plugins

     GIPAW        :     62.15s CPU     72.29s WALL (       1 calls)
