
     Program QE v.6.0 (svn rev. 13079) starts on 11Jan2017 at  2: 5:38 

     This program is part of the open-source Quantum ESPRESSO suite
     for quantum simulation of materials; please cite
         "P. Giannozzi et al., J. Phys.:Condens. Matter 21 395502 (2009);
          URL http://www.quantum-espresso.org", 
     in publications or presentations arising from this work. More details at
     http://www.quantum-espresso.org/quote

     Parallel version (MPI), running on     8 processors
     R & G space division:  proc/nbgrp/npool/nimage =       8

     ***** This is GIPAW svn revision unknown      *****

     Parallelizing q-star over 1 images

     Reading data from directory:
     /users/majewski/paradichlorobenzene/pbe/9_constraint/scratch/pbe.ecut100.np8.dt60.pcl2phi-129368.save
     Message from routine read_xml_file:
     file /users/majewski/paradichlorobenzene/pbe/9_constraint/scratch/pbe.ecut100.np8.dt60.pcl2phi-129368.save not guaranteed to be safe for post-processing

   Info: using nr1, nr2, nr3 values from input

   Info: using nr1, nr2, nr3 values from input

     IMPORTANT: XC functional enforced from input :
     Exchange-correlation      =  SLA  PW   PBX  PBC ( 1  4  3  4 0 0)
     Any further DFT definition will be discarded
     Please, verify this is what you really want

               file C.pbe-n-kjpaw_psl.1.0.0.UPF: wavefunction(s)  2S 2P renormalized
               file Cl.pbe-n-kjpaw_psl.1.0.0.UPF: wavefunction(s)  3S 3P renormalized
               file H.pbe-kjpaw_psl.1.0.0.UPF: wavefunction(s)  1S renormalized

     Parallelization info
     --------------------
     sticks:   dense  smooth     PW     G-vecs:    dense   smooth      PW
     Min        3057    1223    332               144436    36536    5170
     Max        3059    1225    333               144437    36537    5171
     Sum       24467    9791   2657              1155489   292295   41363


     Subspace diagonalization in iterative solution of the eigenvalue problem:
     a serial algorithm will be used

     GIPAW projectors -----------------------------------------------
     atom=  C    l=0  rc=    1.2000  rs=    0.8000
     atom=  C    l=0  rc=    1.2000  rs=    0.8000
     atom=  C    l=1  rc=    1.4000  rs=    0.9333
     atom=  C    l=1  rc=    1.4000  rs=    0.9333
     projs nearly linearly dependent: l=1  n1,n2= 1, 2  s=  0.99951561

     atom=  Cl   l=0  rc=    1.6000  rs=    1.0667
     atom=  Cl   l=0  rc=    1.6000  rs=    1.0667
     atom=  Cl   l=1  rc=    1.6000  rs=    1.0667
     atom=  Cl   l=1  rc=    1.6000  rs=    1.0667
     atom=  Cl   l=2  rc=    1.6000  rs=    1.0667
     atom=  Cl   l=2  rc=    1.6000  rs=    1.0667
     projs nearly linearly dependent: l=2  n1,n2= 1, 2  s=  0.99993509

     atom=  H    l=0  rc=    1.0000  rs=    0.6667
     atom=  H    l=0  rc=    1.0000  rs=    0.6667
     projs nearly linearly dependent: l=0  n1,n2= 1, 2  s=  0.99968852
     -----------------------------------------------------------------

     GIPAW integrals: -------------------------------------------
     Atom  i/j   nmr_para   nmr_dia   epr_rmc  epr_para   epr_dia
       C   1 1   0.83E+03  0.17E-01  0.93E+01  0.24E+08  0.24E+03
       C   2 1   0.86E+03 -0.61E-01  0.94E+01  0.25E+08  0.25E+03
       C   2 2   0.90E+03 -0.15E+00  0.97E+01  0.26E+08  0.26E+03
       C   3 3   0.33E+01  0.34E+00  0.18E+01  0.55E+03  0.21E+02
       C   4 3   0.35E+01  0.37E+00  0.20E+01  0.59E+03  0.22E+02
       C   4 4   0.38E+01  0.39E+00  0.22E+01  0.63E+03  0.24E+02
       Cl  1 1   0.14E+04 -0.47E+00  0.84E+01  0.32E+09  0.42E+03
       Cl  2 1   0.21E+04 -0.37E+00  0.12E+02  0.49E+09  0.65E+03
       Cl  2 2   0.33E+04 -0.16E+00  0.21E+02  0.76E+09  0.10E+04
       Cl  3 3   0.21E+02  0.79E-01  0.89E+01  0.23E+05  0.13E+03
       Cl  4 3   0.24E+02  0.67E-01  0.99E+01  0.27E+05  0.15E+03
       Cl  4 4   0.28E+02  0.44E-01  0.11E+02  0.32E+05  0.18E+03
       Cl  5 5   0.77E+00  0.19E+00  0.18E+01  0.12E+03  0.22E+02
       Cl  6 5   0.80E+00  0.19E+00  0.19E+01  0.12E+03  0.23E+02
       Cl  6 6   0.83E+00  0.20E+00  0.19E+01  0.12E+03  0.23E+02
       H   1 1   0.39E+02  0.19E+00  0.29E+00  0.78E+05  0.13E+02
       H   2 1   0.41E+02  0.21E+00  0.32E+00  0.82E+05  0.14E+02
       H   2 2   0.43E+02  0.22E+00  0.36E+00  0.86E+05  0.15E+02
     ------------------------------------------------------------

     alpha_pv=     33.7690 eV

     Number of occupied bands for each k-point:
     k-point:     1    nbnd_occ=  42
     k-point:     2    nbnd_occ=  42
     k-point:     3    nbnd_occ=  42
     k-point:     4    nbnd_occ=  42
     k-point:     5    nbnd_occ=  42
     k-point:     6    nbnd_occ=  42
     k-point:     7    nbnd_occ=  42
     k-point:     8    nbnd_occ=  42
     k-point:     9    nbnd_occ=  42
     k-point:    10    nbnd_occ=  42
     k-point:    11    nbnd_occ=  42
     k-point:    12    nbnd_occ=  42
     k-point:    13    nbnd_occ=  42
     k-point:    14    nbnd_occ=  42
     k-point:    15    nbnd_occ=  42
     k-point:    16    nbnd_occ=  42


     q-space interpolation up to   110.00 Rydberg

     GIPAW job: efg                                                                             


     ELECTRIC FIELD GRADIENTS TENSORS IN Hartree/bohrradius^2:

     ----- bare term -----
     Cl   1       -0.053311        0.124426       -0.032780
     Cl   1        0.124426        0.003318       -0.017347
     Cl   1       -0.032780       -0.017347        0.049993

     C    2       -0.472996        0.226601       -0.377292
     C    2        0.226601        0.185307       -0.204171
     C    2       -0.377292       -0.204171        0.287690

     C    3        0.037515        0.334202       -0.122697
     C    3        0.334202       -0.095095       -0.630043
     C    3       -0.122697       -0.630043        0.057579

     H    4        0.087202        0.008428       -0.454959
     H    4        0.008428        0.095285        0.266655
     H    4       -0.454959        0.266655       -0.182487

     C    5       -0.619291        0.354724       -0.402474
     C    5        0.354724        0.269240       -0.299669
     C    5       -0.402474       -0.299669        0.350051

     H    6        0.482917        0.007919       -0.167419
     H    6        0.007919       -0.224708       -0.366480
     H    6       -0.167419       -0.366480       -0.258208

     H    7        0.394291        0.241507        0.071379
     H    7        0.241507       -0.588958       -0.265579
     H    7        0.071379       -0.265579        0.194667

     C    8       -0.433054       -0.015888       -0.266900
     C    8       -0.015888       -0.047320        0.248672
     C    8       -0.266900        0.248672        0.480374

     H    9       -0.357816        0.376334        0.228762
     H    9        0.376334        0.212410       -0.110216
     H    9        0.228762       -0.110216        0.145406

     C   10        0.171018       -0.124388        0.157359
     C   10       -0.124388       -0.216511        0.063129
     C   10        0.157359        0.063129        0.045492

     C   11       -0.332460        0.196969       -0.270584
     C   11        0.196969       -0.081322        0.549845
     C   11       -0.270584        0.549845        0.413782

     Cl  12       -0.177287       -0.100438       -0.002618
     Cl  12       -0.100438       -0.084072        0.084570
     Cl  12       -0.002618        0.084570        0.261359

     H   13        0.476762       -0.034123       -0.013783
     H   13       -0.034123       -0.106838       -0.551911
     H   13       -0.013783       -0.551911       -0.369924

     C   14       -0.216290        0.305640       -0.071217
     C   14        0.305640       -0.367645       -0.380493
     C   14       -0.071217       -0.380493        0.583935

     H   15       -0.001685       -0.022672       -0.561454
     H   15       -0.022672        0.385142        0.115238
     H   15       -0.561454        0.115238       -0.383456

     C   16       -0.342288        0.144823       -0.235105
     C   16        0.144823       -0.110210       -0.380163
     C   16       -0.235105       -0.380163        0.452498

     C   17       -0.049215       -0.052270       -0.461441
     C   17       -0.052270       -0.360941       -0.489974
     C   17       -0.461441       -0.489974        0.410156

     Cl  18       -0.112694        0.065424       -0.112358
     Cl  18        0.065424       -0.058358       -0.129673
     Cl  18       -0.112358       -0.129673        0.171053

     H   19        0.052132        0.491824        0.150762
     H   19        0.491824       -0.441257        0.064405
     H   19        0.150762        0.064405        0.389125

     C   20       -0.046381       -0.503556       -0.193645
     C   20       -0.503556       -0.334191        0.375157
     C   20       -0.193645        0.375157        0.380572

     H   21       -0.546276        0.444158        0.114558
     H   21        0.444158        0.274777       -0.047066
     H   21        0.114558       -0.047066        0.271500

     C   22        0.003888       -0.065604       -0.442023
     C   22       -0.065604       -0.258860        0.461271
     C   22       -0.442023        0.461271        0.254972

     C   23       -0.283306       -0.209310       -0.342067
     C   23       -0.209310       -0.104823        0.389612
     C   23       -0.342067        0.389612        0.388129

     Cl  24       -0.078982        0.072574       -0.027593
     Cl  24        0.072574       -0.057420       -0.101079
     Cl  24       -0.027593       -0.101079        0.136401

     ----- ionic term -----
     Cl   1        0.090610       -0.228150        0.045309
     Cl   1       -0.228150        0.069405       -0.027219
     Cl   1        0.045309       -0.027219       -0.160015

     C    2        0.059034       -0.271489        0.367590
     C    2       -0.271489        0.077083        0.360874
     C    2        0.367590        0.360874       -0.136117

     C    3        0.014152       -0.289144        0.244707
     C    3       -0.289144        0.122097        0.383963
     C    3        0.244707        0.383963       -0.136250

     H    4        0.408461        0.095926        0.787324
     H    4        0.095926       -0.497066        0.158094
     H    4        0.787324        0.158094        0.088605

     C    5        0.128914       -0.198795        0.372465
     C    5       -0.198795       -0.004072        0.284863
     C    5        0.372465        0.284863       -0.124842

     H    6       -0.513240        0.164630        0.133977
     H    6        0.164630        0.440005        0.762411
     H    6        0.133977        0.762411        0.073236

     H    7       -0.476571       -0.229889        0.045524
     H    7       -0.229889        0.977532       -0.355049
     H    7        0.045524       -0.355049       -0.500961

     C    8        0.392865        0.045847        0.043152
     C    8        0.045847        0.156414       -0.234319
     C    8        0.043152       -0.234319       -0.549280

     H    9        0.797328       -0.385379        0.485490
     H    9       -0.385379       -0.349037       -0.198231
     H    9        0.485490       -0.198231       -0.448292

     C   10        0.186298        0.089142        0.061756
     C   10        0.089142        0.351237       -0.314670
     C   10        0.061756       -0.314670       -0.537535

     C   11        0.245376       -0.006469        0.153288
     C   11       -0.006469        0.308289       -0.302211
     C   11        0.153288       -0.302211       -0.553665

     Cl  12        0.149462        0.179564       -0.010735
     Cl  12        0.179564        0.000388       -0.015301
     Cl  12       -0.010735       -0.015301       -0.149850

     H   13       -0.528464        0.023515        0.040106
     H   13        0.023515        0.637911        0.711115
     H   13        0.040106        0.711115       -0.109447

     C   14        0.175589       -0.276726        0.319039
     C   14       -0.276726        0.049730        0.260074
     C   14        0.319039        0.260074       -0.225320

     H   15        0.607977        0.200972        0.708264
     H   15        0.200972       -0.485836        0.193907
     H   15        0.708264        0.193907       -0.122141

     C   16        0.093314       -0.254005        0.243621
     C   16       -0.254005        0.133036        0.386813
     C   16        0.243621        0.386813       -0.226350

     C   17        0.047123       -0.179566        0.385351
     C   17       -0.179566        0.052034        0.405665
     C   17        0.385351        0.405665       -0.099156

     Cl  18        0.092616       -0.187630        0.019157
     Cl  18       -0.187630        0.035735       -0.007326
     Cl  18        0.019157       -0.007326       -0.128351

     H   19       -0.466940       -0.315189        0.092321
     H   19       -0.315189        0.898046       -0.413251
     H   19        0.092321       -0.413251       -0.431106

     C   20        0.334886        0.015576        0.136110
     C   20        0.015576        0.156409       -0.250665
     C   20        0.136110       -0.250665       -0.491294

     H   21        0.705391       -0.456558        0.476760
     H   21       -0.456558       -0.329871       -0.226283
     H   21        0.476760       -0.226283       -0.375520

     C   22        0.195507        0.090459        0.096050
     C   22        0.090459        0.231805       -0.349385
     C   22        0.096050       -0.349385       -0.427312

     C   23        0.297636        0.017810        0.077119
     C   23        0.017810        0.189231       -0.331741
     C   23        0.077119       -0.331741       -0.486867

     Cl  24        0.101787        0.184708       -0.037928
     Cl  24        0.184708        0.023795       -0.021417
     Cl  24       -0.037928       -0.021417       -0.125582

     ----- GIPAW term -----
     Cl   1        0.852781        0.876434       -0.974269
     Cl   1        0.876434        1.040764       -1.147203
     Cl   1       -0.974269       -1.147203       -1.893545

     C    2       -0.044327        0.036778        0.007077
     C    2        0.036778        0.120431        0.093808
     C    2        0.007077        0.093808       -0.076104

     C    3       -0.082087        0.130885       -0.032631
     C    3        0.130885        0.198639       -0.149846
     C    3       -0.032631       -0.149846       -0.116553

     H    4       -0.000000        0.000000        0.000000
     H    4        0.000000        0.000000        0.000000
     H    4        0.000000        0.000000        0.000000

     C    5       -0.145591        0.119720       -0.068843
     C    5        0.119720        0.162168       -0.069542
     C    5       -0.068843       -0.069542       -0.016577

     H    6       -0.000000        0.000000        0.000000
     H    6        0.000000        0.000000        0.000000
     H    6        0.000000        0.000000        0.000000

     H    7       -0.000000        0.000000        0.000000
     H    7        0.000000        0.000000        0.000000
     H    7        0.000000        0.000000        0.000000

     C    8       -0.139082        0.001438       -0.030263
     C    8        0.001438       -0.060153        0.135795
     C    8       -0.030263        0.135795        0.199234

     H    9       -0.000000        0.000000        0.000000
     H    9        0.000000        0.000000        0.000000
     H    9        0.000000        0.000000        0.000000

     C   10        0.014283       -0.000016        0.017994
     C   10       -0.000016       -0.011589       -0.016629
     C   10        0.017994       -0.016629       -0.002694

     C   11       -0.053411        0.171816        0.061252
     C   11        0.171816       -0.091280        0.142550
     C   11        0.061252        0.142550        0.144691

     Cl  12       -0.657061        1.406982       -0.113951
     Cl  12        1.406982       -1.173355        1.178281
     Cl  12       -0.113951        1.178281        1.830416

     H   13       -0.000000        0.000000        0.000000
     H   13        0.000000        0.000000        0.000000
     H   13        0.000000        0.000000        0.000000

     C   14       -0.105360        0.042819        0.053437
     C   14        0.042819       -0.205972       -0.067048
     C   14        0.053437       -0.067048        0.311332

     H   15       -0.000000        0.000000        0.000000
     H   15        0.000000        0.000000        0.000000
     H   15        0.000000        0.000000        0.000000

     C   16       -0.188333       -0.006007       -0.038982
     C   16       -0.006007       -0.086248       -0.135357
     C   16       -0.038982       -0.135357        0.274581

     C   17        0.009548       -0.128945       -0.165656
     C   17       -0.128945       -0.143121       -0.057678
     C   17       -0.165656       -0.057678        0.133573

     Cl  18       -0.129461       -1.289982       -1.055514
     Cl  18       -1.289982       -0.461471       -1.699916
     Cl  18       -1.055514       -1.699916        0.590933

     H   19       -0.000000        0.000000        0.000000
     H   19        0.000000        0.000000        0.000000
     H   19        0.000000        0.000000        0.000000

     C   20        0.169775       -0.173272       -0.045522
     C   20       -0.173272       -0.135531        0.082671
     C   20       -0.045522        0.082671       -0.034243

     H   21       -0.000000        0.000000        0.000000
     H   21        0.000000        0.000000        0.000000
     H   21        0.000000        0.000000        0.000000

     C   22        0.103370       -0.037789       -0.249435
     C   22       -0.037789       -0.120048        0.091976
     C   22       -0.249435        0.091976        0.016678

     C   23        0.053405        0.119023       -0.109427
     C   23        0.119023       -0.030024        0.028051
     C   23       -0.109427        0.028051       -0.023381

     Cl  24        0.108463        2.410745       -0.670260
     Cl  24        2.410745       -0.555950       -1.338983
     Cl  24       -0.670260       -1.338983        0.447488

     ----- total EFG -----
     Cl   1        0.890080        0.772710       -0.961739
     Cl   1        0.772710        1.113487       -1.191770
     Cl   1       -0.961739       -1.191770       -2.003567

     C    2       -0.458289       -0.008110       -0.002624
     C    2       -0.008110        0.382820        0.250512
     C    2       -0.002624        0.250512        0.075468

     C    3       -0.030419        0.175942        0.089378
     C    3        0.175942        0.225642       -0.395927
     C    3        0.089378       -0.395927       -0.195223

     H    4        0.495663        0.104355        0.332365
     H    4        0.104355       -0.401780        0.424750
     H    4        0.332365        0.424750       -0.093882

     C    5       -0.635968        0.275649       -0.098851
     C    5        0.275649        0.427336       -0.084348
     C    5       -0.098851       -0.084348        0.208633

     H    6       -0.030323        0.172549       -0.033442
     H    6        0.172549        0.215296        0.395931
     H    6       -0.033442        0.395931       -0.184973

     H    7       -0.082280        0.011617        0.116903
     H    7        0.011617        0.388575       -0.620628
     H    7        0.116903       -0.620628       -0.306294

     C    8       -0.179270        0.031396       -0.254011
     C    8        0.031396        0.048942        0.150148
     C    8       -0.254011        0.150148        0.130329

     H    9        0.439512       -0.009045        0.714252
     H    9       -0.009045       -0.136627       -0.308447
     H    9        0.714252       -0.308447       -0.302885

     C   10        0.371599       -0.035261        0.237109
     C   10       -0.035261        0.123137       -0.268170
     C   10        0.237109       -0.268170       -0.494736

     C   11       -0.140495        0.362315       -0.056044
     C   11        0.362315        0.135687        0.390185
     C   11       -0.056044        0.390185        0.004808

     Cl  12       -0.684886        1.486107       -0.127304
     Cl  12        1.486107       -1.257040        1.247550
     Cl  12       -0.127304        1.247550        1.941926

     H   13       -0.051702       -0.010608        0.026322
     H   13       -0.010608        0.531073        0.159204
     H   13        0.026322        0.159204       -0.479371

     C   14       -0.146061        0.071733        0.301259
     C   14        0.071733       -0.523887       -0.187467
     C   14        0.301259       -0.187467        0.669948

     H   15        0.606291        0.178300        0.146810
     H   15        0.178300       -0.100695        0.309145
     H   15        0.146810        0.309145       -0.505597

     C   16       -0.437307       -0.115189       -0.030467
     C   16       -0.115189       -0.063422       -0.128707
     C   16       -0.030467       -0.128707        0.500729

     C   17        0.007456       -0.360781       -0.241746
     C   17       -0.360781       -0.452028       -0.141986
     C   17       -0.241746       -0.141986        0.444572

     Cl  18       -0.149539       -1.412187       -1.148714
     Cl  18       -1.412187       -0.484095       -1.836915
     Cl  18       -1.148714       -1.836915        0.633634

     H   19       -0.414809        0.176636        0.243083
     H   19        0.176636        0.456789       -0.348847
     H   19        0.243083       -0.348847       -0.041981

     C   20        0.458280       -0.661253       -0.103057
     C   20       -0.661253       -0.313314        0.207163
     C   20       -0.103057        0.207163       -0.144966

     H   21        0.159115       -0.012401        0.591317
     H   21       -0.012401       -0.055094       -0.273349
     H   21        0.591317       -0.273349       -0.104021

     C   22        0.302765       -0.012934       -0.595408
     C   22       -0.012934       -0.147103        0.203861
     C   22       -0.595408        0.203861       -0.155662

     C   23        0.067735       -0.072477       -0.374375
     C   23       -0.072477        0.054384        0.085923
     C   23       -0.374375        0.085923       -0.122119

     Cl  24        0.131268        2.668027       -0.735781
     Cl  24        2.668027       -0.589575       -1.461479
     Cl  24       -0.735781       -1.461479        0.458307

     ----- total EFG (symmetrized) -----
     Cl   1        0.890080        0.772710       -0.961739
     Cl   1        0.772710        1.113487       -1.191770
     Cl   1       -0.961739       -1.191770       -2.003567

     C    2       -0.458289       -0.008110       -0.002624
     C    2       -0.008110        0.382820        0.250512
     C    2       -0.002624        0.250512        0.075468

     C    3       -0.030419        0.175942        0.089378
     C    3        0.175942        0.225642       -0.395927
     C    3        0.089378       -0.395927       -0.195223

     H    4        0.495663        0.104355        0.332365
     H    4        0.104355       -0.401780        0.424750
     H    4        0.332365        0.424750       -0.093882

     C    5       -0.635968        0.275649       -0.098851
     C    5        0.275649        0.427336       -0.084348
     C    5       -0.098851       -0.084348        0.208633

     H    6       -0.030323        0.172549       -0.033442
     H    6        0.172549        0.215296        0.395931
     H    6       -0.033442        0.395931       -0.184973

     H    7       -0.082280        0.011617        0.116903
     H    7        0.011617        0.388575       -0.620628
     H    7        0.116903       -0.620628       -0.306294

     C    8       -0.179270        0.031396       -0.254011
     C    8        0.031396        0.048942        0.150148
     C    8       -0.254011        0.150148        0.130329

     H    9        0.439512       -0.009045        0.714252
     H    9       -0.009045       -0.136627       -0.308447
     H    9        0.714252       -0.308447       -0.302885

     C   10        0.371599       -0.035261        0.237109
     C   10       -0.035261        0.123137       -0.268170
     C   10        0.237109       -0.268170       -0.494736

     C   11       -0.140495        0.362315       -0.056044
     C   11        0.362315        0.135687        0.390185
     C   11       -0.056044        0.390185        0.004808

     Cl  12       -0.684886        1.486107       -0.127304
     Cl  12        1.486107       -1.257040        1.247550
     Cl  12       -0.127304        1.247550        1.941926

     H   13       -0.051702       -0.010608        0.026322
     H   13       -0.010608        0.531073        0.159204
     H   13        0.026322        0.159204       -0.479371

     C   14       -0.146061        0.071733        0.301259
     C   14        0.071733       -0.523887       -0.187467
     C   14        0.301259       -0.187467        0.669948

     H   15        0.606291        0.178300        0.146810
     H   15        0.178300       -0.100695        0.309145
     H   15        0.146810        0.309145       -0.505597

     C   16       -0.437307       -0.115189       -0.030467
     C   16       -0.115189       -0.063422       -0.128707
     C   16       -0.030467       -0.128707        0.500729

     C   17        0.007456       -0.360781       -0.241746
     C   17       -0.360781       -0.452028       -0.141986
     C   17       -0.241746       -0.141986        0.444572

     Cl  18       -0.149539       -1.412187       -1.148714
     Cl  18       -1.412187       -0.484095       -1.836915
     Cl  18       -1.148714       -1.836915        0.633634

     H   19       -0.414809        0.176636        0.243083
     H   19        0.176636        0.456789       -0.348847
     H   19        0.243083       -0.348847       -0.041981

     C   20        0.458280       -0.661253       -0.103057
     C   20       -0.661253       -0.313314        0.207163
     C   20       -0.103057        0.207163       -0.144966

     H   21        0.159115       -0.012401        0.591317
     H   21       -0.012401       -0.055094       -0.273349
     H   21        0.591317       -0.273349       -0.104021

     C   22        0.302765       -0.012934       -0.595408
     C   22       -0.012934       -0.147103        0.203861
     C   22       -0.595408        0.203861       -0.155662

     C   23        0.067735       -0.072477       -0.374375
     C   23       -0.072477        0.054384        0.085923
     C   23       -0.374375        0.085923       -0.122119

     Cl  24        0.131268        2.668027       -0.735781
     Cl  24        2.668027       -0.589575       -1.461479
     Cl  24       -0.735781       -1.461479        0.458307


     NQR/NMR SPECTROSCOPIC PARAMETERS:
     Cl   1    Vxx=    0.2218    axis=(  0.764982 -0.643894  0.014227)
     Cl   1    Vyy=    2.3240    axis=(  0.610714  0.718193 -0.333507)
     Cl   1    Vzz=   -2.5458    axis=(  0.204526  0.263816  0.942640)
     Cl   1  Q=        -8.1650 1e-30 m^2  Cq=        48.8394 MHz  eta= 0.82575

     C    2    Vxx=   -0.0647    axis=(  0.004245 -0.488359  0.872633)
     C    2    Vyy=   -0.4584    axis=( -0.999955 -0.009505 -0.000455)
     C    2    Vzz=    0.5231    axis=(  0.008517 -0.872591 -0.488377)
     C    2  Q=         1.0000 1e-30 m^2  Cq=         1.2291 MHz  eta= 0.75248

     C    3    Vxx=    0.0087    axis=(  0.914291 -0.002268  0.405051)
     C    3    Vyy=    0.4862    axis=(  0.210505  0.857000 -0.470359)
     C    3    Vzz=   -0.4949    axis=( -0.346062  0.515311  0.784025)
     C    3  Q=         1.0000 1e-30 m^2  Cq=        -1.1628 MHz  eta= 0.96468

     H    4    Vxx=   -0.0081    axis=(  0.536491 -0.549171 -0.640772)
     H    4    Vyy=   -0.7099    axis=( -0.096620 -0.794272  0.599831)
     H    4    Vzz=    0.7180    axis=( -0.838357 -0.259893 -0.479180)
     H    4  Q=         1.0000 1e-30 m^2  Cq=         1.6870 MHz  eta= 0.97736

     C    5    Vxx=    0.1799    axis=( -0.004111  0.326755  0.945100)
     C    5    Vyy=    0.5296    axis=(  0.243641  0.916954 -0.315964)
     C    5    Vzz=   -0.7095    axis=( -0.969857  0.228966 -0.083381)
     C    5  Q=         1.0000 1e-30 m^2  Cq=        -1.6671 MHz  eta= 0.49291

     H    6    Vxx=   -0.0293    axis=(  0.928865 -0.064964 -0.364678)
     H    6    Vyy=   -0.4626    axis=( -0.275730  0.536152 -0.797818)
     H    6    Vzz=    0.4919    axis=(  0.247352  0.841618  0.480100)
     H    6  Q=         1.0000 1e-30 m^2  Cq=         1.1557 MHz  eta= 0.88102

     H    7    Vxx=   -0.0664    axis=(  0.983021  0.138735  0.120096)
     H    7    Vyy=   -0.6889    axis=( -0.173724  0.492924  0.852553)
     H    7    Vzz=    0.7553    axis=(  0.059080 -0.858940  0.508656)
     H    7  Q=         1.0000 1e-30 m^2  Cq=         1.7747 MHz  eta= 0.82429

     C    8    Vxx=    0.0246    axis=(  0.422251  0.876680 -0.230514)
     C    8    Vyy=    0.3244    axis=( -0.391299  0.405664  0.826028)
     C    8    Vzz=   -0.3490    axis=(  0.817673 -0.258591  0.514336)
     C    8  Q=         1.0000 1e-30 m^2  Cq=        -0.8200 MHz  eta= 0.85911

     H    9    Vxx=   -0.0665    axis=(  0.325001  0.920099 -0.218612)
     H    9    Vyy=   -0.8350    axis=( -0.455159  0.354809  0.816664)
     H    9    Vzz=    0.9015    axis=(  0.828978 -0.165914  0.534105)
     H    9  Q=         1.0000 1e-30 m^2  Cq=         2.1182 MHz  eta= 0.85239

     C   10    Vxx=    0.1711    axis=(  0.407585  0.888091 -0.212530)
     C   10    Vyy=    0.4680    axis=( -0.889582  0.333599 -0.312020)
     C   10    Vzz=   -0.6391    axis=( -0.206202  0.316238  0.925999)
     C   10  Q=         1.0000 1e-30 m^2  Cq=        -1.5017 MHz  eta= 0.46448

     C   11    Vxx=   -0.0144    axis=(  0.699657  0.135004 -0.701608)
     C   11    Vyy=   -0.5456    axis=( -0.615847  0.611808 -0.496411)
     C   11    Vzz=    0.5600    axis=( -0.362232 -0.779400 -0.511198)
     C   11  Q=         1.0000 1e-30 m^2  Cq=         1.3158 MHz  eta= 0.94863

     Cl  12    Vxx=    0.3035    axis=(  0.800743  0.504939 -0.322254)
     Cl  12    Vyy=    2.4216    axis=(  0.138220  0.367707  0.919612)
     Cl  12    Vzz=   -2.7251    axis=(  0.582843 -0.780915  0.224646)
     Cl  12  Q=        -8.1650 1e-30 m^2  Cq=        52.2796 MHz  eta= 0.77728

     H   13    Vxx=   -0.0501    axis=(  0.998095  0.001319  0.061689)
     H   13    Vyy=   -0.5055    axis=(  0.060771  0.152127 -0.986491)
     H   13    Vzz=    0.5556    axis=( -0.010686  0.988360  0.151757)
     H   13  Q=         1.0000 1e-30 m^2  Cq=         1.3055 MHz  eta= 0.81971

     C   14    Vxx=   -0.1993    axis=( -0.908751 -0.340323  0.241560)
     C   14    Vyy=   -0.5885    axis=( -0.293680  0.932721  0.209244)
     C   14    Vzz=    0.7878    axis=(  0.296519 -0.119209  0.947558)
     C   14  Q=         1.0000 1e-30 m^2  Cq=         1.8510 MHz  eta= 0.49410

     H   15    Vxx=   -0.0158    axis=(  0.340797 -0.837766 -0.426621)
     H   15    Vyy=   -0.6743    axis=( -0.036611 -0.465268  0.884412)
     H   15    Vzz=    0.6901    axis=( -0.939424 -0.285786 -0.189233)
     H   15  Q=         1.0000 1e-30 m^2  Cq=         1.6215 MHz  eta= 0.95422

     C   16    Vxx=   -0.0544    axis=( -0.296816  0.933715  0.200192)
     C   16    Vyy=   -0.4743    axis=(  0.954918  0.288981  0.067982)
     C   16    Vzz=    0.5287    axis=( -0.005625 -0.211345  0.977395)
     C   16  Q=         1.0000 1e-30 m^2  Cq=         1.2423 MHz  eta= 0.79422

     C   17    Vxx=    0.1493    axis=(  0.759349 -0.540940  0.361626)
     C   17    Vyy=    0.5523    axis=( -0.417347  0.021485  0.908493)
     C   17    Vzz=   -0.7016    axis=( -0.499210 -0.840786 -0.209445)
     C   17  Q=         1.0000 1e-30 m^2  Cq=        -1.6485 MHz  eta= 0.57429

     Cl  18    Vxx=    1.0042    axis=( -0.840909  0.472707  0.263476)
     Cl  18    Vyy=    2.0001    axis=( -0.063555 -0.569749  0.819358)
     Cl  18    Vzz=   -3.0043    axis=( -0.537431 -0.672261 -0.509150)
     Cl  18  Q=        -8.1650 1e-30 m^2  Cq=        57.6355 MHz  eta= 0.33147

     H   19    Vxx=   -0.0069    axis=( -0.585003 -0.333363 -0.739352)
     H   19    Vyy=   -0.6315    axis=( -0.809597  0.294215  0.507927)
     H   19    Vzz=    0.6384    axis=(  0.048204  0.895716 -0.442006)
     H   19  Q=         1.0000 1e-30 m^2  Cq=         1.5001 MHz  eta= 0.97828

     C   20    Vxx=   -0.1520    axis=(  0.274145  0.104003  0.956048)
     C   20    Vyy=   -0.7228    axis=(  0.460875  0.858331 -0.225528)
     C   20    Vzz=    0.8748    axis=( -0.844061  0.502446  0.187374)
     C   20  Q=         1.0000 1e-30 m^2  Cq=         2.0554 MHz  eta= 0.65253

     H   21    Vxx=   -0.0278    axis=(  0.405473  0.907571 -0.109116)
     H   21    Vyy=   -0.6521    axis=( -0.551018  0.337913  0.763016)
     H   21    Vzz=    0.6799    axis=(  0.729363 -0.249258  0.637103)
     H   21  Q=         1.0000 1e-30 m^2  Cq=         1.5974 MHz  eta= 0.91831

     C   22    Vxx=   -0.1096    axis=(  0.304744  0.933125  0.190810)
     C   22    Vyy=   -0.6204    axis=( -0.508593  0.328816 -0.795747)
     C   22    Vzz=    0.7301    axis=( -0.805273  0.145454  0.574786)
     C   22  Q=         1.0000 1e-30 m^2  Cq=         1.7154 MHz  eta= 0.69965

     C   23    Vxx=    0.0200    axis=(  0.274538  0.949980 -0.148886)
     C   23    Vyy=    0.3946    axis=( -0.745362  0.308063  0.591213)
     C   23    Vzz=   -0.4146    axis=(  0.607506 -0.051337  0.792654)
     C   23  Q=         1.0000 1e-30 m^2  Cq=        -0.9742 MHz  eta= 0.90366

     Cl  24    Vxx=   -0.2474    axis=(  0.490055  0.166427  0.855657)
     Cl  24    Vyy=   -3.0445    axis=( -0.603873  0.772719  0.195557)
     Cl  24    Vzz=    3.2918    axis=( -0.628636 -0.612542  0.479175)
     Cl  24  Q=        -8.1650 1e-30 m^2  Cq=       -63.1521 MHz  eta= 0.84972

     Initialization:
     gipaw_setup  :      9.15s CPU     10.74s WALL (       1 calls)

     Linear response

     Apply operators

     Induced current

     Other routines
     efg          :      9.30s CPU     11.67s WALL (       1 calls)

     General routines
     calbec       :      3.23s CPU      3.95s WALL (      16 calls)
     fft          :      1.26s CPU      1.52s WALL (      15 calls)
     ffts         :      0.04s CPU      0.05s WALL (       2 calls)
     fftw         :      3.39s CPU      4.33s WALL (     672 calls)
     davcio       :      0.02s CPU      0.34s WALL (      32 calls)

     Parallel routines
     fft_scatter  :      2.02s CPU      2.93s WALL (     689 calls)

     Plugins

     GIPAW        :     61.09s CPU     72.90s WALL (       1 calls)
