
     Program QE v.6.0 (svn rev. 13079) starts on 23Dec2016 at 22:29:28 

     This program is part of the open-source Quantum ESPRESSO suite
     for quantum simulation of materials; please cite
         "P. Giannozzi et al., J. Phys.:Condens. Matter 21 395502 (2009);
          URL http://www.quantum-espresso.org", 
     in publications or presentations arising from this work. More details at
     http://www.quantum-espresso.org/quote

     Parallel version (MPI), running on     8 processors
     R & G space division:  proc/nbgrp/npool/nimage =       8

     ***** This is GIPAW svn revision unknown      *****

     Parallelizing q-star over 1 images

     Reading data from directory:
     /users/majewski/paradichlorobenzene/pbe/9_constraint/scratch/pbe.ecut100.np8.dt60.pcl2phi-129368.save
     Message from routine read_xml_file:
     file /users/majewski/paradichlorobenzene/pbe/9_constraint/scratch/pbe.ecut100.np8.dt60.pcl2phi-129368.save not guaranteed to be safe for post-processing

   Info: using nr1, nr2, nr3 values from input

   Info: using nr1, nr2, nr3 values from input

     IMPORTANT: XC functional enforced from input :
     Exchange-correlation      =  SLA  PW   PBX  PBC ( 1  4  3  4 0 0)
     Any further DFT definition will be discarded
     Please, verify this is what you really want

               file C.pbe-n-kjpaw_psl.1.0.0.UPF: wavefunction(s)  2S 2P renormalized
               file Cl.pbe-n-kjpaw_psl.1.0.0.UPF: wavefunction(s)  3S 3P renormalized
               file H.pbe-kjpaw_psl.1.0.0.UPF: wavefunction(s)  1S renormalized

     Parallelization info
     --------------------
     sticks:   dense  smooth     PW     G-vecs:    dense   smooth      PW
     Min        3057    1223    332               144436    36536    5170
     Max        3059    1225    333               144437    36537    5171
     Sum       24467    9791   2657              1155489   292295   41363


     Subspace diagonalization in iterative solution of the eigenvalue problem:
     a serial algorithm will be used

     GIPAW projectors -----------------------------------------------
     atom=  C    l=0  rc=    1.2000  rs=    0.8000
     atom=  C    l=0  rc=    1.2000  rs=    0.8000
     atom=  C    l=1  rc=    1.4000  rs=    0.9333
     atom=  C    l=1  rc=    1.4000  rs=    0.9333
     projs nearly linearly dependent: l=1  n1,n2= 1, 2  s=  0.99951561

     atom=  Cl   l=0  rc=    1.6000  rs=    1.0667
     atom=  Cl   l=0  rc=    1.6000  rs=    1.0667
     atom=  Cl   l=1  rc=    1.6000  rs=    1.0667
     atom=  Cl   l=1  rc=    1.6000  rs=    1.0667
     atom=  Cl   l=2  rc=    1.6000  rs=    1.0667
     atom=  Cl   l=2  rc=    1.6000  rs=    1.0667
     projs nearly linearly dependent: l=2  n1,n2= 1, 2  s=  0.99993509

     atom=  H    l=0  rc=    1.0000  rs=    0.6667
     atom=  H    l=0  rc=    1.0000  rs=    0.6667
     projs nearly linearly dependent: l=0  n1,n2= 1, 2  s=  0.99968852
     -----------------------------------------------------------------

     GIPAW integrals: -------------------------------------------
     Atom  i/j   nmr_para   nmr_dia   epr_rmc  epr_para   epr_dia
       C   1 1   0.83E+03  0.17E-01  0.93E+01  0.24E+08  0.24E+03
       C   2 1   0.86E+03 -0.61E-01  0.94E+01  0.25E+08  0.25E+03
       C   2 2   0.90E+03 -0.15E+00  0.97E+01  0.26E+08  0.26E+03
       C   3 3   0.33E+01  0.34E+00  0.18E+01  0.55E+03  0.21E+02
       C   4 3   0.35E+01  0.37E+00  0.20E+01  0.59E+03  0.22E+02
       C   4 4   0.38E+01  0.39E+00  0.22E+01  0.63E+03  0.24E+02
       Cl  1 1   0.14E+04 -0.47E+00  0.84E+01  0.32E+09  0.42E+03
       Cl  2 1   0.21E+04 -0.37E+00  0.12E+02  0.49E+09  0.65E+03
       Cl  2 2   0.33E+04 -0.16E+00  0.21E+02  0.76E+09  0.10E+04
       Cl  3 3   0.21E+02  0.79E-01  0.89E+01  0.23E+05  0.13E+03
       Cl  4 3   0.24E+02  0.67E-01  0.99E+01  0.27E+05  0.15E+03
       Cl  4 4   0.28E+02  0.44E-01  0.11E+02  0.32E+05  0.18E+03
       Cl  5 5   0.77E+00  0.19E+00  0.18E+01  0.12E+03  0.22E+02
       Cl  6 5   0.80E+00  0.19E+00  0.19E+01  0.12E+03  0.23E+02
       Cl  6 6   0.83E+00  0.20E+00  0.19E+01  0.12E+03  0.23E+02
       H   1 1   0.39E+02  0.19E+00  0.29E+00  0.78E+05  0.13E+02
       H   2 1   0.41E+02  0.21E+00  0.32E+00  0.82E+05  0.14E+02
       H   2 2   0.43E+02  0.22E+00  0.36E+00  0.86E+05  0.15E+02
     ------------------------------------------------------------

     alpha_pv=     33.9181 eV

     Number of occupied bands for each k-point:
     k-point:     1    nbnd_occ=  42
     k-point:     2    nbnd_occ=  42
     k-point:     3    nbnd_occ=  42
     k-point:     4    nbnd_occ=  42
     k-point:     5    nbnd_occ=  42
     k-point:     6    nbnd_occ=  42
     k-point:     7    nbnd_occ=  42
     k-point:     8    nbnd_occ=  42
     k-point:     9    nbnd_occ=  42
     k-point:    10    nbnd_occ=  42
     k-point:    11    nbnd_occ=  42
     k-point:    12    nbnd_occ=  42
     k-point:    13    nbnd_occ=  42
     k-point:    14    nbnd_occ=  42
     k-point:    15    nbnd_occ=  42
     k-point:    16    nbnd_occ=  42


     q-space interpolation up to   110.00 Rydberg

     GIPAW job: efg                                                                             


     ELECTRIC FIELD GRADIENTS TENSORS IN Hartree/bohrradius^2:

     ----- bare term -----
     Cl   1        0.272749        0.088531        0.085424
     Cl   1        0.088531        0.333180        0.153169
     Cl   1        0.085424        0.153169       -0.605928

     C    2       -0.506359       -0.088487       -0.219302
     C    2       -0.088487       -0.022187       -0.364414
     C    2       -0.219302       -0.364414        0.528545

     C    3       -0.060267        0.204329       -0.197131
     C    3        0.204329       -0.419222       -0.469791
     C    3       -0.197131       -0.469791        0.479489

     H    4       -0.588457       -0.152677       -0.152954
     H    4       -0.152677        0.391772       -0.234698
     H    4       -0.152954       -0.234698        0.196685

     C    5       -0.725922        0.369388       -0.358401
     C    5        0.369388        0.379594       -0.261499
     C    5       -0.358401       -0.261499        0.346328

     H    6        0.502827       -0.053876        0.078156
     H    6       -0.053876       -0.202033       -0.344484
     H    6        0.078156       -0.344484       -0.300793

     H    7        0.404683        0.223105        0.054655
     H    7        0.223105       -0.597913        0.197098
     H    7        0.054655        0.197098        0.193230

     C    8       -0.554844        0.012864       -0.286015
     C    8        0.012864       -0.022168        0.342776
     C    8       -0.286015        0.342776        0.577013

     H    9       -0.350143        0.288491       -0.459635
     H    9        0.288491        0.098700        0.191530
     H    9       -0.459635        0.191530        0.251443

     C   10       -0.231208       -0.378569       -0.018420
     C   10       -0.378569       -0.335836        0.545224
     C   10       -0.018420        0.545224        0.567044

     C   11       -0.290730        0.125521       -0.321377
     C   11        0.125521       -0.075570        0.527351
     C   11       -0.321377        0.527351        0.366300

     Cl  12       -0.001093       -0.164415       -0.075863
     Cl  12       -0.164415       -0.064023        0.023249
     Cl  12       -0.075863        0.023249        0.065116

     H   13        0.464871       -0.077401       -0.184036
     H   13       -0.077401       -0.003704       -0.492766
     H   13       -0.184036       -0.492766       -0.461166

     C   14       -0.171208        0.294857       -0.097782
     C   14        0.294857       -0.390828       -0.329943
     C   14       -0.097782       -0.329943        0.562036

     H   15       -0.329505       -0.475594       -0.396495
     H   15       -0.475594        0.056078       -0.241688
     H   15       -0.396495       -0.241688        0.273427

     C   16       -0.416323        0.334320       -0.320660
     C   16        0.334320        0.065255       -0.284850
     C   16       -0.320660       -0.284850        0.351068

     C   17       -0.028196        0.203984       -0.220550
     C   17        0.203984       -0.089760       -0.609957
     C   17       -0.220550       -0.609957        0.117957

     Cl  18       -0.086096        0.160664       -0.079578
     Cl  18        0.160664        0.058135       -0.112235
     Cl  18       -0.079578       -0.112235        0.027961

     H   19        0.462202        0.067566       -0.188914
     H   19        0.067566       -0.023156        0.474846
     H   19       -0.188914        0.474846       -0.439047

     C   20       -0.226848       -0.311704       -0.044591
     C   20       -0.311704       -0.322881        0.390521
     C   20       -0.044591        0.390521        0.549730

     H   21        0.131992        0.076297       -0.396138
     H   21        0.076297        0.453092       -0.008548
     H   21       -0.396138       -0.008548       -0.585084

     C   22       -0.303497       -0.096751       -0.195254
     C   22       -0.096751       -0.055527        0.301947
     C   22       -0.195254        0.301947        0.359024

     C   23       -0.182219       -0.309668       -0.080816
     C   23       -0.309668       -0.393974        0.452217
     C   23       -0.080816        0.452217        0.576193

     Cl  24       -0.066439       -0.009086       -0.090934
     Cl  24       -0.009086        0.002719        0.131404
     Cl  24       -0.090934        0.131404        0.063720

     ----- ionic term -----
     Cl   1        0.135384       -0.183699       -0.046134
     Cl   1       -0.183699       -0.026323        0.030183
     Cl   1       -0.046134        0.030183       -0.109061

     C    2        0.227951       -0.053345        0.164398
     C    2       -0.053345       -0.038199        0.509233
     C    2        0.164398        0.509233       -0.189752

     C    3        0.232209       -0.191432        0.093715
     C    3       -0.191432       -0.013497        0.459303
     C    3        0.093715        0.459303       -0.218712

     H    4        0.729016        0.351734        0.575565
     H    4        0.351734       -0.463634        0.229031
     H    4        0.575565        0.229031       -0.265382

     C    5        0.331233       -0.218470        0.144753
     C    5       -0.218470       -0.081766        0.355874
     C    5        0.144753        0.355874       -0.249467

     H    6       -0.526819        0.010999        0.014466
     H    6        0.010999        0.466068        0.802279
     H    6        0.014466        0.802279        0.060752

     H    7       -0.442305       -0.241525        0.152026
     H    7       -0.241525        0.650402       -0.655977
     H    7        0.152026       -0.655977       -0.208097

     C    8        0.326273        0.170704        0.341198
     C    8        0.170704        0.002447       -0.266195
     C    8        0.341198       -0.266195       -0.328720

     H    9        0.507145       -0.333501        0.701915
     H    9       -0.333501       -0.378003       -0.288347
     H    9        0.701915       -0.288347       -0.129142

     C   10        0.148409        0.225997        0.223379
     C   10        0.225997        0.187170       -0.359290
     C   10        0.223379       -0.359290       -0.335579

     C   11        0.120270        0.214096        0.329561
     C   11        0.214096        0.163250       -0.332817
     C   11        0.329561       -0.332817       -0.283520

     Cl  12        0.132711        0.220802        0.054484
     Cl  12        0.220802        0.028835        0.027000
     Cl  12        0.054484        0.027000       -0.161546

     H   13       -0.500091        0.105156        0.081538
     H   13        0.105156        0.473380        0.792553
     H   13        0.081538        0.792553        0.026711

     C   14        0.348681       -0.090407        0.180495
     C   14       -0.090407       -0.050831        0.374407
     C   14        0.180495        0.374407       -0.297850

     H   15        0.589520        0.401143        0.623131
     H   15        0.401143       -0.405209        0.288588
     H   15        0.623131        0.288588       -0.184311

     C   16        0.179854       -0.170480        0.113977
     C   16       -0.170480        0.075957        0.457317
     C   16        0.113977        0.457317       -0.255812

     C   17        0.224510       -0.164539        0.192293
     C   17       -0.164539        0.012427        0.433857
     C   17        0.192293        0.433857       -0.236938

     Cl  18        0.134014       -0.190169       -0.027086
     Cl  18       -0.190169       -0.010196        0.017506
     Cl  18       -0.027086        0.017506       -0.123818

     H   19       -0.524390       -0.105705        0.080306
     H   19       -0.105705        0.632410       -0.708158
     H   19        0.080306       -0.708158       -0.108020

     C   20        0.186522        0.201859        0.311559
     C   20        0.201859        0.077909       -0.274417
     C   20        0.311559       -0.274417       -0.264430

     H   21        0.346041       -0.239155        0.770654
     H   21       -0.239155       -0.441796       -0.268690
     H   21        0.770654       -0.268690        0.095755

     C   22        0.063189        0.274354        0.223469
     C   22        0.274354        0.158665       -0.359064
     C   22        0.223469       -0.359064       -0.221854

     C   23        0.160334        0.236716        0.270495
     C   23        0.236716        0.101490       -0.372754
     C   23        0.270495       -0.372754       -0.261824

     Cl  24        0.105942        0.232335        0.009118
     Cl  24        0.232335        0.036184        0.001211
     Cl  24        0.009118        0.001211       -0.142126

     ----- GIPAW term -----
     Cl   1        0.010732       -0.520245       -0.257528
     Cl   1       -0.520245       -0.357973       -0.009790
     Cl   1       -0.257528       -0.009790        0.347241

     C    2       -0.139762       -0.097476        0.033228
     C    2       -0.097476       -0.121928       -0.062832
     C    2        0.033228       -0.062832        0.261690

     C    3       -0.077718        0.002134       -0.054285
     C    3        0.002134       -0.071785        0.039219
     C    3       -0.054285        0.039219        0.149503

     H    4       -0.000000        0.000000        0.000000
     H    4        0.000000        0.000000        0.000000
     H    4        0.000000        0.000000        0.000000

     C    5       -0.207476        0.079815       -0.047347
     C    5        0.079815        0.253644       -0.063204
     C    5       -0.047347       -0.063204       -0.046168

     H    6       -0.000000        0.000000        0.000000
     H    6        0.000000        0.000000        0.000000
     H    6        0.000000        0.000000        0.000000

     H    7       -0.000000        0.000000        0.000000
     H    7        0.000000        0.000000        0.000000
     H    7        0.000000        0.000000        0.000000

     C    8       -0.122893        0.041436        0.097968
     C    8        0.041436       -0.105285        0.093577
     C    8        0.097968        0.093577        0.228178

     H    9       -0.000000        0.000000        0.000000
     H    9        0.000000        0.000000        0.000000
     H    9        0.000000        0.000000        0.000000

     C   10       -0.099095       -0.022457        0.067811
     C   10       -0.022457       -0.077345        0.165138
     C   10        0.067811        0.165138        0.176440

     C   11       -0.009170        0.165482        0.016509
     C   11        0.165482       -0.062132        0.106645
     C   11        0.016509        0.106645        0.071303

     Cl  12        1.737638        1.445588       -0.617936
     Cl  12        1.445588       -0.339581        0.174567
     Cl  12       -0.617936        0.174567       -1.398057

     H   13       -0.000000        0.000000        0.000000
     H   13        0.000000        0.000000        0.000000
     H   13        0.000000        0.000000        0.000000

     C   14       -0.087502        0.061932        0.050713
     C   14        0.061932       -0.177353        0.031919
     C   14        0.050713        0.031919        0.264855

     H   15       -0.000000        0.000000        0.000000
     H   15        0.000000        0.000000        0.000000
     H   15        0.000000        0.000000        0.000000

     C   16       -0.084068        0.142674       -0.031745
     C   16        0.142674        0.080065        0.021466
     C   16       -0.031745        0.021466        0.004004

     C   17        0.047047        0.033715       -0.038518
     C   17        0.033715        0.111613       -0.100590
     C   17       -0.038518       -0.100590       -0.158661

     Cl  18        0.385073        0.087475       -1.363520
     Cl  18        0.087475        0.743297       -1.796968
     Cl  18       -1.363520       -1.796968       -1.128371

     H   19       -0.000000        0.000000        0.000000
     H   19        0.000000        0.000000        0.000000
     H   19        0.000000        0.000000        0.000000

     C   20       -0.113990       -0.033739        0.056835
     C   20       -0.033739       -0.190347        0.107920
     C   20        0.056835        0.107920        0.304337

     H   21       -0.000000        0.000000        0.000000
     H   21        0.000000        0.000000        0.000000
     H   21        0.000000        0.000000        0.000000

     C   22       -0.162410        0.018810       -0.008916
     C   22        0.018810       -0.072754        0.107416
     C   22       -0.008916        0.107416        0.235164

     C   23       -0.073972        0.064785        0.085652
     C   23        0.064785       -0.130460        0.160549
     C   23        0.085652        0.160549        0.204432

     Cl  24       -0.220260        1.540790       -0.574996
     Cl  24        1.540790        0.532749        2.153395
     Cl  24       -0.574996        2.153395       -0.312490

     ----- total EFG -----
     Cl   1        0.418864       -0.615413       -0.218238
     Cl   1       -0.615413       -0.051116        0.173563
     Cl   1       -0.218238        0.173563       -0.367749

     C    2       -0.418170       -0.239309       -0.021676
     C    2       -0.239309       -0.182314        0.081987
     C    2       -0.021676        0.081987        0.600484

     C    3        0.094224        0.015031       -0.157701
     C    3        0.015031       -0.504503        0.028732
     C    3       -0.157701        0.028732        0.410280

     H    4        0.140559        0.199057        0.422611
     H    4        0.199057       -0.071862       -0.005668
     H    4        0.422611       -0.005668       -0.068697

     C    5       -0.602165        0.230732       -0.260995
     C    5        0.230732        0.551472        0.031171
     C    5       -0.260995        0.031171        0.050694

     H    6       -0.023993       -0.042877        0.092622
     H    6       -0.042877        0.264034        0.457795
     H    6        0.092622        0.457795       -0.240041

     H    7       -0.037621       -0.018420        0.206681
     H    7       -0.018420        0.052489       -0.458879
     H    7        0.206681       -0.458879       -0.014867

     C    8       -0.351464        0.225004        0.153151
     C    8        0.225004       -0.125007        0.170158
     C    8        0.153151        0.170158        0.476471

     H    9        0.157002       -0.045010        0.242279
     H    9       -0.045010       -0.279303       -0.096817
     H    9        0.242279       -0.096817        0.122301

     C   10       -0.181894       -0.175029        0.272769
     C   10       -0.175029       -0.226010        0.351071
     C   10        0.272769        0.351071        0.407904

     C   11       -0.179629        0.505099        0.024693
     C   11        0.505099        0.025547        0.301179
     C   11        0.024693        0.301179        0.154082

     Cl  12        1.869255        1.501975       -0.639315
     Cl  12        1.501975       -0.374769        0.224815
     Cl  12       -0.639315        0.224815       -1.494486

     H   13       -0.035220        0.027754       -0.102498
     H   13        0.027754        0.469676        0.299786
     H   13       -0.102498        0.299786       -0.434455

     C   14        0.089971        0.266383        0.133426
     C   14        0.266383       -0.619012        0.076383
     C   14        0.133426        0.076383        0.529041

     H   15        0.260015       -0.074451        0.226637
     H   15       -0.074451       -0.349131        0.046900
     H   15        0.226637        0.046900        0.089116

     C   16       -0.320537        0.306514       -0.238428
     C   16        0.306514        0.221277        0.193933
     C   16       -0.238428        0.193933        0.099260

     C   17        0.243361        0.073159       -0.066775
     C   17        0.073159        0.034280       -0.276691
     C   17       -0.066775       -0.276691       -0.277642

     Cl  18        0.432992        0.057970       -1.470184
     Cl  18        0.057970        0.791236       -1.891696
     Cl  18       -1.470184       -1.891696       -1.224227

     H   19       -0.062188       -0.038139       -0.108608
     H   19       -0.038139        0.609254       -0.233312
     H   19       -0.108608       -0.233312       -0.547066

     C   20       -0.154316       -0.143584        0.323803
     C   20       -0.143584       -0.435320        0.224024
     C   20        0.323803        0.224024        0.589636

     H   21        0.478033       -0.162858        0.374516
     H   21       -0.162858        0.011296       -0.277238
     H   21        0.374516       -0.277238       -0.489329

     C   22       -0.402718        0.196413        0.019299
     C   22        0.196413        0.030384        0.050300
     C   22        0.019299        0.050300        0.372334

     C   23       -0.095857       -0.008167        0.275331
     C   23       -0.008167       -0.422943        0.240012
     C   23        0.275331        0.240012        0.518801

     Cl  24       -0.180757        1.764039       -0.656812
     Cl  24        1.764039        0.571652        2.286010
     Cl  24       -0.656812        2.286010       -0.390896

     ----- total EFG (symmetrized) -----
     Cl   1        0.418864       -0.615413       -0.218238
     Cl   1       -0.615413       -0.051116        0.173563
     Cl   1       -0.218238        0.173563       -0.367749

     C    2       -0.418170       -0.239309       -0.021676
     C    2       -0.239309       -0.182314        0.081987
     C    2       -0.021676        0.081987        0.600484

     C    3        0.094224        0.015031       -0.157701
     C    3        0.015031       -0.504503        0.028732
     C    3       -0.157701        0.028732        0.410280

     H    4        0.140559        0.199057        0.422611
     H    4        0.199057       -0.071862       -0.005668
     H    4        0.422611       -0.005668       -0.068697

     C    5       -0.602165        0.230732       -0.260995
     C    5        0.230732        0.551472        0.031171
     C    5       -0.260995        0.031171        0.050694

     H    6       -0.023993       -0.042877        0.092622
     H    6       -0.042877        0.264034        0.457795
     H    6        0.092622        0.457795       -0.240041

     H    7       -0.037621       -0.018420        0.206681
     H    7       -0.018420        0.052489       -0.458879
     H    7        0.206681       -0.458879       -0.014867

     C    8       -0.351464        0.225004        0.153151
     C    8        0.225004       -0.125007        0.170158
     C    8        0.153151        0.170158        0.476471

     H    9        0.157002       -0.045010        0.242279
     H    9       -0.045010       -0.279303       -0.096817
     H    9        0.242279       -0.096817        0.122301

     C   10       -0.181894       -0.175029        0.272769
     C   10       -0.175029       -0.226010        0.351071
     C   10        0.272769        0.351071        0.407904

     C   11       -0.179629        0.505099        0.024693
     C   11        0.505099        0.025547        0.301179
     C   11        0.024693        0.301179        0.154082

     Cl  12        1.869255        1.501975       -0.639315
     Cl  12        1.501975       -0.374769        0.224815
     Cl  12       -0.639315        0.224815       -1.494486

     H   13       -0.035220        0.027754       -0.102498
     H   13        0.027754        0.469676        0.299786
     H   13       -0.102498        0.299786       -0.434455

     C   14        0.089971        0.266383        0.133426
     C   14        0.266383       -0.619012        0.076383
     C   14        0.133426        0.076383        0.529041

     H   15        0.260015       -0.074451        0.226637
     H   15       -0.074451       -0.349131        0.046900
     H   15        0.226637        0.046900        0.089116

     C   16       -0.320537        0.306514       -0.238428
     C   16        0.306514        0.221277        0.193933
     C   16       -0.238428        0.193933        0.099260

     C   17        0.243361        0.073159       -0.066775
     C   17        0.073159        0.034280       -0.276691
     C   17       -0.066775       -0.276691       -0.277642

     Cl  18        0.432992        0.057970       -1.470184
     Cl  18        0.057970        0.791236       -1.891696
     Cl  18       -1.470184       -1.891696       -1.224227

     H   19       -0.062188       -0.038139       -0.108608
     H   19       -0.038139        0.609254       -0.233312
     H   19       -0.108608       -0.233312       -0.547066

     C   20       -0.154316       -0.143584        0.323803
     C   20       -0.143584       -0.435320        0.224024
     C   20        0.323803        0.224024        0.589636

     H   21        0.478033       -0.162858        0.374516
     H   21       -0.162858        0.011296       -0.277238
     H   21        0.374516       -0.277238       -0.489329

     C   22       -0.402718        0.196413        0.019299
     C   22        0.196413        0.030384        0.050300
     C   22        0.019299        0.050300        0.372334

     C   23       -0.095857       -0.008167        0.275331
     C   23       -0.008167       -0.422943        0.240012
     C   23        0.275331        0.240012        0.518801

     Cl  24       -0.180757        1.764039       -0.656812
     Cl  24        1.764039        0.571652        2.286010
     Cl  24       -0.656812        2.286010       -0.390896


     NQR/NMR SPECTROSCOPIC PARAMETERS:
     Cl   1    Vxx=   -0.4220    axis=(  0.356131  0.160118  0.920616)
     Cl   1    Vyy=   -0.4815    axis=(  0.478057  0.815296 -0.326732)
     Cl   1    Vzz=    0.9035    axis=( -0.802890  0.556466  0.213806)
     Cl   1  Q=        -8.1650 1e-30 m^2  Cq=       -17.3334 MHz  eta= 0.06590

     C    2    Vxx=   -0.0436    axis=( -0.529098  0.839357 -0.124643)
     C    2    Vyy=   -0.5676    axis=(  0.847197  0.530842 -0.021539)
     C    2    Vzz=    0.6112    axis=( -0.048087  0.116994  0.991968)
     C    2  Q=         1.0000 1e-30 m^2  Cq=         1.4361 MHz  eta= 0.85721

     C    3    Vxx=    0.0302    axis=( -0.923909 -0.046384 -0.379791)
     C    3    Vyy=    0.4759    axis=( -0.381026  0.021246  0.924320)
     C    3    Vzz=   -0.5061    axis=(  0.034805 -0.998698  0.037303)
     C    3  Q=         1.0000 1e-30 m^2  Cq=        -1.1891 MHz  eta= 0.88084

     H    4    Vxx=   -0.0669    axis=(  0.010272  0.902668 -0.430215)
     H    4    Vyy=   -0.4458    axis=( -0.623054  0.342289  0.703307)
     H    4    Vzz=    0.5127    axis=(  0.782111  0.260823  0.565927)
     H    4  Q=         1.0000 1e-30 m^2  Cq=         1.2047 MHz  eta= 0.73906

     C    5    Vxx=    0.1376    axis=( -0.303796  0.097986  0.947685)
     C    5    Vyy=    0.5966    axis=( -0.196874 -0.979685  0.038184)
     C    5    Vzz=   -0.7342    axis=(  0.932174 -0.174975  0.316915)
     C    5  Q=         1.0000 1e-30 m^2  Cq=        -1.7251 MHz  eta= 0.62522

     H    6    Vxx=   -0.0038    axis=(  0.980336 -0.115959  0.159670)
     H    6    Vyy=   -0.5309    axis=(  0.196456  0.497243 -0.845077)
     H    6    Vzz=    0.5348    axis=(  0.018600  0.859827  0.510246)
     H    6  Q=         1.0000 1e-30 m^2  Cq=         1.2565 MHz  eta= 0.98566

     H    7    Vxx=   -0.0362    axis=( -0.910188 -0.411952 -0.043065)
     H    7    Vyy=   -0.4867    axis=( -0.310530  0.609881  0.729120)
     H    7    Vzz=    0.5229    axis=(  0.274098 -0.677009  0.683030)
     H    7  Q=         1.0000 1e-30 m^2  Cq=         1.2286 MHz  eta= 0.86162

     C    8    Vxx=   -0.0773    axis=(  0.454431  0.808418 -0.374103)
     C    8    Vyy=   -0.4921    axis=(  0.861235 -0.506003 -0.047286)
     C    8    Vzz=    0.5693    axis=(  0.227524  0.300702  0.926181)
     C    8  Q=         1.0000 1e-30 m^2  Cq=         1.3377 MHz  eta= 0.72857

     H    9    Vxx=   -0.0953    axis=( -0.697254 -0.192765  0.690419)
     H    9    Vyy=   -0.3017    axis=( -0.031225  0.970417  0.239406)
     H    9    Vzz=    0.3971    axis=( -0.716144  0.145368 -0.682646)
     H    9  Q=         1.0000 1e-30 m^2  Cq=         0.9330 MHz  eta= 0.51977

     C   10    Vxx=   -0.0283    axis=(  0.772378 -0.634557  0.027725)
     C   10    Vyy=   -0.5800    axis=(  0.587700  0.697425 -0.410131)
     C   10    Vzz=    0.6083    axis=(  0.240916  0.333070  0.911605)
     C   10  Q=         1.0000 1e-30 m^2  Cq=         1.4292 MHz  eta= 0.90693

     C   11    Vxx=    0.0435    axis=( -0.501143 -0.261722  0.824838)
     C   11    Vyy=    0.5893    axis=( -0.481485 -0.707673 -0.517079)
     C   11    Vzz=   -0.6328    axis=( -0.719046  0.656278 -0.228630)
     C   11  Q=         1.0000 1e-30 m^2  Cq=        -1.4868 MHz  eta= 0.86246

     Cl  12    Vxx=   -0.8103    axis=(  0.307754 -0.780593 -0.544024)
     Cl  12    Vyy=   -1.8657    axis=(  0.323923 -0.451662  0.831310)
     Cl  12    Vzz=    2.6760    axis=( -0.894629 -0.432061  0.113852)
     Cl  12  Q=        -8.1650 1e-30 m^2  Cq=       -51.3376 MHz  eta= 0.39443

     H   13    Vxx=   -0.0132    axis=(  0.979135  0.063552 -0.193017)
     H   13    Vyy=   -0.5468    axis=( -0.203145  0.282070 -0.937640)
     H   13    Vzz=    0.5601    axis=( -0.005145  0.957287  0.289095)
     H   13  Q=         1.0000 1e-30 m^2  Cq=         1.3159 MHz  eta= 0.95281

     C   14    Vxx=    0.1231    axis=(  0.893426  0.284965 -0.347252)
     C   14    Vyy=    0.5856    axis=(  0.322644  0.130788  0.937441)
     C   14    Vzz=   -0.7087    axis=( -0.312555  0.949573 -0.024907)
     C   14  Q=         1.0000 1e-30 m^2  Cq=        -1.6652 MHz  eta= 0.65267

     H   15    Vxx=   -0.0462    axis=( -0.534083  0.256014  0.805737)
     H   15    Vyy=   -0.3722    axis=( -0.180757 -0.965589  0.186990)
     H   15    Vzz=    0.4184    axis=(  0.825883 -0.045774  0.561981)
     H   15  Q=         1.0000 1e-30 m^2  Cq=         0.9830 MHz  eta= 0.77910

     C   16    Vxx=    0.1960    axis=( -0.510136 -0.211157  0.833771)
     C   16    Vyy=    0.3923    axis=(  0.254764  0.888796  0.380968)
     C   16    Vzz=   -0.5883    axis=( -0.821497  0.406760 -0.399612)
     C   16  Q=         1.0000 1e-30 m^2  Cq=        -1.3822 MHz  eta= 0.33357

     C   17    Vxx=    0.1202    axis=( -0.615699  0.691601 -0.377627)
     C   17    Vyy=    0.3197    axis=(  0.787370  0.521106 -0.329388)
     C   17    Vzz=   -0.4399    axis=(  0.031021  0.500136  0.865391)
     C   17  Q=         1.0000 1e-30 m^2  Cq=        -1.0337 MHz  eta= 0.45344

     Cl  18    Vxx=    0.5045    axis=(  0.814861 -0.576292 -0.062373)
     Cl  18    Vyy=    2.3378    axis=( -0.450865 -0.697758  0.556646)
     Cl  18    Vzz=   -2.8423    axis=( -0.364311 -0.425467 -0.828405)
     Cl  18  Q=        -8.1650 1e-30 m^2  Cq=        54.5290 MHz  eta= 0.64499

     H   19    Vxx=   -0.0391    axis=(  0.979188 -0.015228 -0.202385)
     H   19    Vyy=   -0.6158    axis=( -0.201571 -0.189299 -0.961007)
     H   19    Vzz=    0.6550    axis=( -0.023677  0.981801 -0.188429)
     H   19  Q=         1.0000 1e-30 m^2  Cq=         1.5389 MHz  eta= 0.88046

     C   20    Vxx=   -0.1372    axis=(  0.817147 -0.541696 -0.197069)
     C   20    Vyy=   -0.5962    axis=(  0.480026  0.828760 -0.287633)
     C   20    Vzz=    0.7335    axis=(  0.319133  0.140440  0.937246)
     C   20  Q=         1.0000 1e-30 m^2  Cq=         1.7233 MHz  eta= 0.62582

     H   21    Vxx=   -0.0122    axis=(  0.429590  0.885448 -0.177294)
     H   21    Vyy=   -0.6850    axis=( -0.252651  0.306346  0.917780)
     H   21    Vzz=    0.6972    axis=(  0.866960 -0.349476  0.355312)
     H   21  Q=         1.0000 1e-30 m^2  Cq=         1.6381 MHz  eta= 0.96498

     C   22    Vxx=    0.0957    axis=(  0.353457  0.915711 -0.191158)
     C   22    Vyy=    0.3828    axis=(  0.068716  0.178381  0.981559)
     C   22    Vzz=   -0.4785    axis=( -0.932923  0.360075 -0.000126)
     C   22  Q=         1.0000 1e-30 m^2  Cq=        -1.1243 MHz  eta= 0.60003

     C   23    Vxx=   -0.1731    axis=( -0.920202  0.286435  0.266802)
     C   23    Vyy=   -0.4962    axis=(  0.210825  0.936938 -0.278746)
     C   23    Vzz=    0.6693    axis=(  0.329819  0.200254  0.922560)
     C   23  Q=         1.0000 1e-30 m^2  Cq=         1.5727 MHz  eta= 0.48264

     Cl  24    Vxx=    0.3763    axis=(  0.790601  0.021794 -0.611944)
     Cl  24    Vyy=    2.7983    axis=( -0.360067 -0.791784 -0.493387)
     Cl  24    Vzz=   -3.1746    axis=(  0.495280 -0.610413  0.618138)
     Cl  24  Q=        -8.1650 1e-30 m^2  Cq=        60.9032 MHz  eta= 0.76296

     Initialization:
     gipaw_setup  :      9.22s CPU     10.79s WALL (       1 calls)

     Linear response

     Apply operators

     Induced current

     Other routines
     efg          :      9.39s CPU     11.61s WALL (       1 calls)

     General routines
     calbec       :      3.28s CPU      4.28s WALL (      16 calls)
     fft          :      1.30s CPU      1.65s WALL (      15 calls)
     ffts         :      0.04s CPU      0.05s WALL (       2 calls)
     fftw         :      3.30s CPU      3.92s WALL (     672 calls)
     davcio       :      0.03s CPU      0.29s WALL (      32 calls)

     Parallel routines
     fft_scatter  :      1.91s CPU      2.67s WALL (     689 calls)

     Plugins

     GIPAW        :     60.36s CPU     71.59s WALL (       1 calls)
