
     Program QE v.6.0 (svn rev. 13079) starts on  2Jan2017 at  6: 9:39 

     This program is part of the open-source Quantum ESPRESSO suite
     for quantum simulation of materials; please cite
         "P. Giannozzi et al., J. Phys.:Condens. Matter 21 395502 (2009);
          URL http://www.quantum-espresso.org", 
     in publications or presentations arising from this work. More details at
     http://www.quantum-espresso.org/quote

     Parallel version (MPI), running on     8 processors
     R & G space division:  proc/nbgrp/npool/nimage =       8

     ***** This is GIPAW svn revision unknown      *****

     Parallelizing q-star over 1 images

     Reading data from directory:
     /users/majewski/paradichlorobenzene/pbe/9_constraint/scratch/pbe.ecut100.np8.dt60.pcl2phi-129368.save
     Message from routine read_xml_file:
     file /users/majewski/paradichlorobenzene/pbe/9_constraint/scratch/pbe.ecut100.np8.dt60.pcl2phi-129368.save not guaranteed to be safe for post-processing

   Info: using nr1, nr2, nr3 values from input

   Info: using nr1, nr2, nr3 values from input

     IMPORTANT: XC functional enforced from input :
     Exchange-correlation      =  SLA  PW   PBX  PBC ( 1  4  3  4 0 0)
     Any further DFT definition will be discarded
     Please, verify this is what you really want

               file C.pbe-n-kjpaw_psl.1.0.0.UPF: wavefunction(s)  2S 2P renormalized
               file Cl.pbe-n-kjpaw_psl.1.0.0.UPF: wavefunction(s)  3S 3P renormalized
               file H.pbe-kjpaw_psl.1.0.0.UPF: wavefunction(s)  1S renormalized

     Parallelization info
     --------------------
     sticks:   dense  smooth     PW     G-vecs:    dense   smooth      PW
     Min        3057    1223    332               144436    36536    5170
     Max        3059    1225    333               144437    36537    5171
     Sum       24467    9791   2657              1155489   292295   41363


     Subspace diagonalization in iterative solution of the eigenvalue problem:
     a serial algorithm will be used

     GIPAW projectors -----------------------------------------------
     atom=  C    l=0  rc=    1.2000  rs=    0.8000
     atom=  C    l=0  rc=    1.2000  rs=    0.8000
     atom=  C    l=1  rc=    1.4000  rs=    0.9333
     atom=  C    l=1  rc=    1.4000  rs=    0.9333
     projs nearly linearly dependent: l=1  n1,n2= 1, 2  s=  0.99951561

     atom=  Cl   l=0  rc=    1.6000  rs=    1.0667
     atom=  Cl   l=0  rc=    1.6000  rs=    1.0667
     atom=  Cl   l=1  rc=    1.6000  rs=    1.0667
     atom=  Cl   l=1  rc=    1.6000  rs=    1.0667
     atom=  Cl   l=2  rc=    1.6000  rs=    1.0667
     atom=  Cl   l=2  rc=    1.6000  rs=    1.0667
     projs nearly linearly dependent: l=2  n1,n2= 1, 2  s=  0.99993509

     atom=  H    l=0  rc=    1.0000  rs=    0.6667
     atom=  H    l=0  rc=    1.0000  rs=    0.6667
     projs nearly linearly dependent: l=0  n1,n2= 1, 2  s=  0.99968852
     -----------------------------------------------------------------

     GIPAW integrals: -------------------------------------------
     Atom  i/j   nmr_para   nmr_dia   epr_rmc  epr_para   epr_dia
       C   1 1   0.83E+03  0.17E-01  0.93E+01  0.24E+08  0.24E+03
       C   2 1   0.86E+03 -0.61E-01  0.94E+01  0.25E+08  0.25E+03
       C   2 2   0.90E+03 -0.15E+00  0.97E+01  0.26E+08  0.26E+03
       C   3 3   0.33E+01  0.34E+00  0.18E+01  0.55E+03  0.21E+02
       C   4 3   0.35E+01  0.37E+00  0.20E+01  0.59E+03  0.22E+02
       C   4 4   0.38E+01  0.39E+00  0.22E+01  0.63E+03  0.24E+02
       Cl  1 1   0.14E+04 -0.47E+00  0.84E+01  0.32E+09  0.42E+03
       Cl  2 1   0.21E+04 -0.37E+00  0.12E+02  0.49E+09  0.65E+03
       Cl  2 2   0.33E+04 -0.16E+00  0.21E+02  0.76E+09  0.10E+04
       Cl  3 3   0.21E+02  0.79E-01  0.89E+01  0.23E+05  0.13E+03
       Cl  4 3   0.24E+02  0.67E-01  0.99E+01  0.27E+05  0.15E+03
       Cl  4 4   0.28E+02  0.44E-01  0.11E+02  0.32E+05  0.18E+03
       Cl  5 5   0.77E+00  0.19E+00  0.18E+01  0.12E+03  0.22E+02
       Cl  6 5   0.80E+00  0.19E+00  0.19E+01  0.12E+03  0.23E+02
       Cl  6 6   0.83E+00  0.20E+00  0.19E+01  0.12E+03  0.23E+02
       H   1 1   0.39E+02  0.19E+00  0.29E+00  0.78E+05  0.13E+02
       H   2 1   0.41E+02  0.21E+00  0.32E+00  0.82E+05  0.14E+02
       H   2 2   0.43E+02  0.22E+00  0.36E+00  0.86E+05  0.15E+02
     ------------------------------------------------------------

     alpha_pv=     34.0274 eV

     Number of occupied bands for each k-point:
     k-point:     1    nbnd_occ=  42
     k-point:     2    nbnd_occ=  42
     k-point:     3    nbnd_occ=  42
     k-point:     4    nbnd_occ=  42
     k-point:     5    nbnd_occ=  42
     k-point:     6    nbnd_occ=  42
     k-point:     7    nbnd_occ=  42
     k-point:     8    nbnd_occ=  42
     k-point:     9    nbnd_occ=  42
     k-point:    10    nbnd_occ=  42
     k-point:    11    nbnd_occ=  42
     k-point:    12    nbnd_occ=  42
     k-point:    13    nbnd_occ=  42
     k-point:    14    nbnd_occ=  42
     k-point:    15    nbnd_occ=  42
     k-point:    16    nbnd_occ=  42


     q-space interpolation up to   110.00 Rydberg

     GIPAW job: efg                                                                             


     ELECTRIC FIELD GRADIENTS TENSORS IN Hartree/bohrradius^2:

     ----- bare term -----
     Cl   1        0.100220       -0.023242       -0.029001
     Cl   1       -0.023242       -0.007904       -0.005075
     Cl   1       -0.029001       -0.005075       -0.092315

     C    2       -0.063091        0.372848       -0.255710
     C    2        0.372848       -0.258461       -0.462632
     C    2       -0.255710       -0.462632        0.321552

     C    3       -0.082202        0.103991       -0.374249
     C    3        0.103991       -0.170537       -0.485897
     C    3       -0.374249       -0.485897        0.252739

     H    4       -0.295335       -0.331464       -0.523088
     H    4       -0.331464        0.239466       -0.307719
     H    4       -0.523088       -0.307719        0.055869

     C    5       -0.290636        0.349164       -0.133695
     C    5        0.349164       -0.199431       -0.425008
     C    5       -0.133695       -0.425008        0.490067

     H    6        0.189033       -0.074925       -0.411149
     H    6       -0.074925       -0.067307       -0.421835
     H    6       -0.411149       -0.421835       -0.121726

     H    7        0.354618        0.142185       -0.164077
     H    7        0.142185       -0.316522        0.554923
     H    7       -0.164077        0.554923       -0.038096

     C    8       -0.250657       -0.321240       -0.184613
     C    8       -0.321240       -0.244850        0.414305
     C    8       -0.184613        0.414305        0.495507

     H    9       -0.571006        0.428875       -0.283791
     H    9        0.428875        0.257621        0.133748
     H    9       -0.283791        0.133748        0.313385

     C   10       -0.199950       -0.191042       -0.337585
     C   10       -0.191042       -0.101755        0.425492
     C   10       -0.337585        0.425492        0.301705

     C   11       -0.033814       -0.281701       -0.154307
     C   11       -0.281701       -0.302468        0.488876
     C   11       -0.154307        0.488876        0.336282

     Cl  12        0.003854       -0.056126       -0.065580
     Cl  12       -0.056126        0.029392        0.055451
     Cl  12       -0.065580        0.055451       -0.033245

     H   13        0.412975       -0.060746       -0.044485
     H   13       -0.060746       -0.652810       -0.303528
     H   13       -0.044485       -0.303528        0.239835

     C   14       -0.251072        0.005688       -0.439036
     C   14        0.005688       -0.050780       -0.443841
     C   14       -0.439036       -0.443841        0.301852

     H   15       -0.358334       -0.317718       -0.440461
     H   15       -0.317718        0.086038       -0.060018
     H   15       -0.440461       -0.060018        0.272296

     C   16       -0.000287        0.500430        0.117003
     C   16        0.500430       -0.505453       -0.518994
     C   16        0.117003       -0.518994        0.505740

     C   17       -0.313060       -0.136171       -0.298872
     C   17       -0.136171       -0.075465       -0.497562
     C   17       -0.298872       -0.497562        0.388526

     Cl  18        0.057220        0.123688        0.072473
     Cl  18        0.123688        0.007900        0.248676
     Cl  18        0.072473        0.248676       -0.065121

     H   19        0.210743        0.067243       -0.170974
     H   19        0.067243       -0.376683        0.527700
     H   19       -0.170974        0.527700        0.165940

     C   20       -0.590462       -0.215539       -0.382274
     C   20       -0.215539        0.094311        0.241731
     C   20       -0.382274        0.241731        0.496151

     H   21       -0.530311        0.247627       -0.248290
     H   21        0.247627        0.376638        0.183569
     H   21       -0.248290        0.183569        0.153673

     C   22       -0.102743       -0.353083       -0.041283
     C   22       -0.353083       -0.522683        0.484101
     C   22       -0.041283        0.484101        0.625426

     C   23       -0.598094       -0.030955       -0.265818
     C   23       -0.030955       -0.007080        0.275014
     C   23       -0.265818        0.275014        0.605174

     Cl  24       -0.052449       -0.048178        0.040484
     Cl  24       -0.048178       -0.026413       -0.042407
     Cl  24        0.040484       -0.042407        0.078862

     ----- ionic term -----
     Cl   1        0.139366       -0.238236        0.007981
     Cl   1       -0.238236        0.019710       -0.004798
     Cl   1        0.007981       -0.004798       -0.159076

     C    2        0.244206       -0.195406        0.226297
     C    2       -0.195406        0.090813        0.378286
     C    2        0.226297        0.378286       -0.335019

     C    3        0.143636       -0.189956        0.143380
     C    3       -0.189956        0.115360        0.438095
     C    3        0.143380        0.438095       -0.258997

     H    4        0.407505        0.366145        0.684696
     H    4        0.366145       -0.379496        0.344972
     H    4        0.684696        0.344972       -0.028009

     C    5        0.383758       -0.077725        0.272414
     C    5       -0.077725       -0.082489        0.346734
     C    5        0.272414        0.346734       -0.301268

     H    6       -0.463094        0.215974        0.163302
     H    6        0.215974        0.475919        0.759515
     H    6        0.163302        0.759515       -0.012825

     H    7       -0.485541       -0.116089        0.088794
     H    7       -0.116089        0.637145       -0.715236
     H    7        0.088794       -0.715236       -0.151605

     C    8        0.406104        0.113010        0.231360
     C    8        0.113010       -0.010481       -0.315302
     C    8        0.231360       -0.315302       -0.395624

     H    9        0.659464       -0.413698        0.550843
     H    9       -0.413698       -0.380682       -0.262889
     H    9        0.550843       -0.262889       -0.278782

     C   10        0.178762        0.155499        0.136020
     C   10        0.155499        0.168439       -0.409418
     C   10        0.136020       -0.409418       -0.347201

     C   11        0.255061        0.169240        0.219993
     C   11        0.169240        0.103145       -0.411316
     C   11        0.219993       -0.411316       -0.358205

     Cl  12        0.142302        0.227170       -0.022086
     Cl  12        0.227170        0.008876       -0.017649
     Cl  12       -0.022086       -0.017649       -0.151178

     H   13       -0.502356        0.188318        0.100502
     H   13        0.188318        0.812748        0.609859
     H   13        0.100502        0.609859       -0.310393

     C   14        0.308748       -0.170383        0.195005
     C   14       -0.170383        0.090616        0.306065
     C   14        0.195005        0.306065       -0.399364

     H   15        0.643720        0.419367        0.563025
     H   15        0.419367       -0.344944        0.288770
     H   15        0.563025        0.288770       -0.298777

     C   16        0.164702       -0.253339        0.092361
     C   16       -0.253339        0.164847        0.441314
     C   16        0.092361        0.441314       -0.329549

     C   17        0.338120       -0.117901        0.177920
     C   17       -0.117901       -0.049227        0.442241
     C   17        0.177920        0.442241       -0.288893

     Cl  18        0.206896       -0.174277       -0.043517
     Cl  18       -0.174277       -0.087280        0.027838
     Cl  18       -0.043517        0.027838       -0.119616

     H   19       -0.453519       -0.259300        0.198357
     H   19       -0.259300        0.459649       -0.761821
     H   19        0.198357       -0.761821       -0.006130

     C   20        0.362361        0.115248        0.258003
     C   20        0.115248       -0.039724       -0.328451
     C   20        0.258003       -0.328451       -0.322637

     H   21        0.689693       -0.314990        0.626076
     H   21       -0.314990       -0.432174       -0.222781
     H   21        0.626076       -0.222781       -0.257519

     C   22        0.201291        0.214729        0.135699
     C   22        0.214729        0.113233       -0.398316
     C   22        0.135699       -0.398316       -0.314523

     C   23        0.260091        0.132084        0.217197
     C   23        0.132084        0.087157       -0.399229
     C   23        0.217197       -0.399229       -0.347248

     Cl  24        0.108382        0.212922       -0.000362
     Cl  24        0.212922        0.035755       -0.009741
     Cl  24       -0.000362       -0.009741       -0.144136

     ----- GIPAW term -----
     Cl   1        2.155247       -2.181077       -0.227396
     Cl   1       -2.181077       -0.076467       -0.056195
     Cl   1       -0.227396       -0.056195       -2.078780

     C    2        0.196703       -0.006363       -0.110414
     C    2       -0.006363       -0.114032       -0.073193
     C    2       -0.110414       -0.073193       -0.082672

     C    3        0.103301        0.017679       -0.093341
     C    3        0.017679       -0.064806       -0.077531
     C    3       -0.093341       -0.077531       -0.038495

     H    4       -0.000000        0.000000        0.000000
     H    4        0.000000        0.000000        0.000000
     H    4        0.000000        0.000000        0.000000

     C    5       -0.020753        0.035400        0.060431
     C    5        0.035400       -0.094798       -0.117061
     C    5        0.060431       -0.117061        0.115551

     H    6       -0.000000        0.000000        0.000000
     H    6        0.000000        0.000000        0.000000
     H    6        0.000000        0.000000        0.000000

     H    7       -0.000000        0.000000        0.000000
     H    7        0.000000        0.000000        0.000000
     H    7        0.000000        0.000000        0.000000

     C    8       -0.030970       -0.065106        0.023500
     C    8       -0.065106       -0.111027        0.073083
     C    8        0.023500        0.073083        0.141997

     H    9       -0.000000        0.000000        0.000000
     H    9        0.000000        0.000000        0.000000
     H    9        0.000000        0.000000        0.000000

     C   10        0.038557       -0.063386       -0.050513
     C   10       -0.063386       -0.028571        0.052565
     C   10       -0.050513        0.052565       -0.009986

     C   11        0.129422        0.031227        0.036915
     C   11        0.031227       -0.082158        0.049191
     C   11        0.036915        0.049191       -0.047264

     Cl  12        1.470093        1.733604       -0.560792
     Cl  12        1.733604        0.258243        0.438879
     Cl  12       -0.560792        0.438879       -1.728336

     H   13       -0.000000        0.000000        0.000000
     H   13        0.000000        0.000000        0.000000
     H   13        0.000000        0.000000        0.000000

     C   14        0.066143       -0.052360       -0.065896
     C   14       -0.052360       -0.060562       -0.092571
     C   14       -0.065896       -0.092571       -0.005581

     H   15       -0.000000        0.000000        0.000000
     H   15        0.000000        0.000000        0.000000
     H   15        0.000000        0.000000        0.000000

     C   16        0.086286        0.047638        0.173893
     C   16        0.047638       -0.167161       -0.085805
     C   16        0.173893       -0.085805        0.080875

     C   17       -0.013515       -0.158373        0.048534
     C   17       -0.158373       -0.081433       -0.086586
     C   17        0.048534       -0.086586        0.094948

     Cl  18       -0.474861       -0.178546       -0.660512
     Cl  18       -0.178546       -0.149790       -1.304842
     Cl  18       -0.660512       -1.304842        0.624651

     H   19       -0.000000        0.000000        0.000000
     H   19        0.000000        0.000000        0.000000
     H   19        0.000000        0.000000        0.000000

     C   20       -0.106053       -0.060206        0.008889
     C   20       -0.060206       -0.010451       -0.020353
     C   20        0.008889       -0.020353        0.116504

     H   21       -0.000000        0.000000        0.000000
     H   21        0.000000        0.000000        0.000000
     H   21        0.000000        0.000000        0.000000

     C   22       -0.093576       -0.052572        0.044905
     C   22       -0.052572       -0.168711        0.029080
     C   22        0.044905        0.029080        0.262287

     C   23       -0.161972        0.083165       -0.004448
     C   23        0.083165       -0.113046       -0.023036
     C   23       -0.004448       -0.023036        0.275018

     Cl  24       -0.458503        0.973092        0.884510
     Cl  24        0.973092       -0.673708       -1.740150
     Cl  24        0.884510       -1.740150        1.132211

     ----- total EFG -----
     Cl   1        2.394832       -2.442556       -0.248416
     Cl   1       -2.442556       -0.064661       -0.066068
     Cl   1       -0.248416       -0.066068       -2.330171

     C    2        0.377818        0.171079       -0.139827
     C    2        0.171079       -0.281679       -0.157538
     C    2       -0.139827       -0.157538       -0.096139

     C    3        0.164735       -0.068286       -0.324209
     C    3       -0.068286       -0.119983       -0.125333
     C    3       -0.324209       -0.125333       -0.044752

     H    4        0.112170        0.034680        0.161608
     H    4        0.034680       -0.140030        0.037253
     H    4        0.161608        0.037253        0.027860

     C    5        0.072369        0.306839        0.199150
     C    5        0.306839       -0.376719       -0.195335
     C    5        0.199150       -0.195335        0.304350

     H    6       -0.274061        0.141048       -0.247847
     H    6        0.141048        0.408612        0.337680
     H    6       -0.247847        0.337680       -0.134551

     H    7       -0.130923        0.026096       -0.075282
     H    7        0.026096        0.320623       -0.160312
     H    7       -0.075282       -0.160312       -0.189700

     C    8        0.124477       -0.273336        0.070247
     C    8       -0.273336       -0.366357        0.172086
     C    8        0.070247        0.172086        0.241880

     H    9        0.088458        0.015176        0.267053
     H    9        0.015176       -0.123061       -0.129142
     H    9        0.267053       -0.129142        0.034603

     C   10        0.017370       -0.098929       -0.252077
     C   10       -0.098929        0.038112        0.068639
     C   10       -0.252077        0.068639       -0.055482

     C   11        0.350669       -0.081235        0.102601
     C   11       -0.081235       -0.281482        0.126751
     C   11        0.102601        0.126751       -0.069187

     Cl  12        1.616248        1.904649       -0.648458
     Cl  12        1.904649        0.296511        0.476682
     Cl  12       -0.648458        0.476682       -1.912759

     H   13       -0.089381        0.127572        0.056017
     H   13        0.127572        0.159939        0.306331
     H   13        0.056017        0.306331       -0.070558

     C   14        0.123819       -0.217055       -0.309927
     C   14       -0.217055       -0.020727       -0.230347
     C   14       -0.309927       -0.230347       -0.103092

     H   15        0.285387        0.101649        0.122563
     H   15        0.101649       -0.258906        0.228752
     H   15        0.122563        0.228752       -0.026481

     C   16        0.250700        0.294729        0.383257
     C   16        0.294729       -0.507766       -0.163485
     C   16        0.383257       -0.163485        0.257066

     C   17        0.011545       -0.412444       -0.072418
     C   17       -0.412444       -0.206125       -0.141907
     C   17       -0.072418       -0.141907        0.194580

     Cl  18       -0.210744       -0.229134       -0.631556
     Cl  18       -0.229134       -0.229169       -1.028327
     Cl  18       -0.631556       -1.028327        0.439913

     H   19       -0.242776       -0.192058        0.027383
     H   19       -0.192058        0.082966       -0.234121
     H   19        0.027383       -0.234121        0.159811

     C   20       -0.334154       -0.160497       -0.115382
     C   20       -0.160497        0.044136       -0.107073
     C   20       -0.115382       -0.107073        0.290018

     H   21        0.159382       -0.067362        0.377786
     H   21       -0.067362       -0.055536       -0.039212
     H   21        0.377786       -0.039212       -0.103846

     C   22        0.004972       -0.190926        0.139321
     C   22       -0.190926       -0.578161        0.114865
     C   22        0.139321        0.114865        0.573190

     C   23       -0.499975        0.184293       -0.053069
     C   23        0.184293       -0.032969       -0.147251
     C   23       -0.053069       -0.147251        0.532944

     Cl  24       -0.402570        1.137835        0.924632
     Cl  24        1.137835       -0.664366       -1.792299
     Cl  24        0.924632       -1.792299        1.066936

     ----- total EFG (symmetrized) -----
     Cl   1        2.394832       -2.442556       -0.248416
     Cl   1       -2.442556       -0.064661       -0.066068
     Cl   1       -0.248416       -0.066068       -2.330171

     C    2        0.377818        0.171079       -0.139827
     C    2        0.171079       -0.281679       -0.157538
     C    2       -0.139827       -0.157538       -0.096139

     C    3        0.164735       -0.068286       -0.324209
     C    3       -0.068286       -0.119983       -0.125333
     C    3       -0.324209       -0.125333       -0.044752

     H    4        0.112170        0.034680        0.161608
     H    4        0.034680       -0.140030        0.037253
     H    4        0.161608        0.037253        0.027860

     C    5        0.072369        0.306839        0.199150
     C    5        0.306839       -0.376719       -0.195335
     C    5        0.199150       -0.195335        0.304350

     H    6       -0.274061        0.141048       -0.247847
     H    6        0.141048        0.408612        0.337680
     H    6       -0.247847        0.337680       -0.134551

     H    7       -0.130923        0.026096       -0.075282
     H    7        0.026096        0.320623       -0.160312
     H    7       -0.075282       -0.160312       -0.189700

     C    8        0.124477       -0.273336        0.070247
     C    8       -0.273336       -0.366357        0.172086
     C    8        0.070247        0.172086        0.241880

     H    9        0.088458        0.015176        0.267053
     H    9        0.015176       -0.123061       -0.129142
     H    9        0.267053       -0.129142        0.034603

     C   10        0.017370       -0.098929       -0.252077
     C   10       -0.098929        0.038112        0.068639
     C   10       -0.252077        0.068639       -0.055482

     C   11        0.350669       -0.081235        0.102601
     C   11       -0.081235       -0.281482        0.126751
     C   11        0.102601        0.126751       -0.069187

     Cl  12        1.616248        1.904649       -0.648458
     Cl  12        1.904649        0.296511        0.476682
     Cl  12       -0.648458        0.476682       -1.912759

     H   13       -0.089381        0.127572        0.056017
     H   13        0.127572        0.159939        0.306331
     H   13        0.056017        0.306331       -0.070558

     C   14        0.123819       -0.217055       -0.309927
     C   14       -0.217055       -0.020727       -0.230347
     C   14       -0.309927       -0.230347       -0.103092

     H   15        0.285387        0.101649        0.122563
     H   15        0.101649       -0.258906        0.228752
     H   15        0.122563        0.228752       -0.026481

     C   16        0.250700        0.294729        0.383257
     C   16        0.294729       -0.507766       -0.163485
     C   16        0.383257       -0.163485        0.257066

     C   17        0.011545       -0.412444       -0.072418
     C   17       -0.412444       -0.206125       -0.141907
     C   17       -0.072418       -0.141907        0.194580

     Cl  18       -0.210744       -0.229134       -0.631556
     Cl  18       -0.229134       -0.229169       -1.028327
     Cl  18       -0.631556       -1.028327        0.439913

     H   19       -0.242776       -0.192058        0.027383
     H   19       -0.192058        0.082966       -0.234121
     H   19        0.027383       -0.234121        0.159811

     C   20       -0.334154       -0.160497       -0.115382
     C   20       -0.160497        0.044136       -0.107073
     C   20       -0.115382       -0.107073        0.290018

     H   21        0.159382       -0.067362        0.377786
     H   21       -0.067362       -0.055536       -0.039212
     H   21        0.377786       -0.039212       -0.103846

     C   22        0.004972       -0.190926        0.139321
     C   22       -0.190926       -0.578161        0.114865
     C   22        0.139321        0.114865        0.573190

     C   23       -0.499975        0.184293       -0.053069
     C   23        0.184293       -0.032969       -0.147251
     C   23       -0.053069       -0.147251        0.532944

     Cl  24       -0.402570        1.137835        0.924632
     Cl  24        1.137835       -0.664366       -1.792299
     Cl  24        0.924632       -1.792299        1.066936


     NQR/NMR SPECTROSCOPIC PARAMETERS:
     Cl   1    Vxx=   -1.5266    axis=(  0.504904  0.833442 -0.224603)
     Cl   1    Vyy=   -2.3782    axis=(  0.141237  0.176929  0.974037)
     Cl   1    Vzz=    3.9048    axis=(  0.851542 -0.523518 -0.028380)
     Cl   1  Q=        -8.1650 1e-30 m^2  Cq=       -74.9109 MHz  eta= 0.21810

     C    2    Vxx=   -0.0925    axis=(  0.383922 -0.360605  0.850040)
     C    2    Vyy=   -0.3814    axis=(  0.121343 -0.892902 -0.433592)
     C    2    Vzz=    0.4739    axis=( -0.915358 -0.269611  0.299048)
     C    2  Q=         1.0000 1e-30 m^2  Cq=         1.1135 MHz  eta= 0.60978

     C    3    Vxx=   -0.0382    axis=(  0.325863 -0.863137  0.385756)
     C    3    Vyy=   -0.3632    axis=(  0.498472  0.503564  0.705656)
     C    3    Vzz=    0.4014    axis=( -0.803330 -0.037659  0.594342)
     C    3  Q=         1.0000 1e-30 m^2  Cq=         0.9431 MHz  eta= 0.80972

     H    4    Vxx=   -0.0957    axis=( -0.622394  0.157338  0.766727)
     H    4    Vyy=   -0.1479    axis=(  0.003796 -0.978969  0.203973)
     H    4    Vzz=    0.2436    axis=(  0.782695  0.129862  0.608707)
     H    4  Q=         1.0000 1e-30 m^2  Cq=         0.5724 MHz  eta= 0.21446

     C    5    Vxx=    0.1903    axis=(  0.749129  0.538369 -0.385959)
     C    5    Vyy=    0.4194    axis=( -0.475951  0.032203 -0.878882)
     C    5    Vzz=   -0.6096    axis=( -0.460734  0.842094  0.280361)
     C    5  Q=         1.0000 1e-30 m^2  Cq=        -1.4324 MHz  eta= 0.37576

     H    6    Vxx=   -0.0009    axis=(  0.720127  0.276667 -0.636297)
     H    6    Vyy=   -0.5700    axis=(  0.693326 -0.322318  0.644523)
     H    6    Vzz=    0.5709    axis=( -0.026772 -0.905299 -0.423930)
     H    6  Q=         1.0000 1e-30 m^2  Cq=         1.3414 MHz  eta= 0.99693

     H    7    Vxx=   -0.1034    axis=(  0.894025 -0.205530 -0.398092)
     H    7    Vyy=   -0.2677    axis=(  0.438394  0.218154  0.871906)
     H    7    Vzz=    0.3711    axis=( -0.092357 -0.954026  0.285138)
     H    7  Q=         1.0000 1e-30 m^2  Cq=         0.8719 MHz  eta= 0.44268

     C    8    Vxx=    0.2456    axis=(  0.918252 -0.371907  0.136007)
     C    8    Vyy=    0.2872    axis=( -0.034154  0.267794  0.962871)
     C    8    Vzz=   -0.5328    axis=(  0.394521  0.888803 -0.233201)
     C    8  Q=         1.0000 1e-30 m^2  Cq=        -1.2520 MHz  eta= 0.07819

     H    9    Vxx=   -0.0608    axis=(  0.503463  0.799849 -0.326752)
     H    9    Vyy=   -0.2819    axis=( -0.493251  0.576569  0.651362)
     H    9    Vzz=    0.3427    axis=( -0.709386  0.166766 -0.684807)
     H    9  Q=         1.0000 1e-30 m^2  Cq=         0.8052 MHz  eta= 0.64544

     C   10    Vxx=   -0.0178    axis=(  0.292843  0.903258 -0.313637)
     C   10    Vyy=   -0.2743    axis=( -0.661909 -0.045207 -0.748219)
     C   10    Vzz=    0.2921    axis=( -0.690014  0.426710  0.584636)
     C   10  Q=         1.0000 1e-30 m^2  Cq=         0.6864 MHz  eta= 0.87817

     C   11    Vxx=   -0.0184    axis=( -0.140799  0.464602  0.874254)
     C   11    Vyy=   -0.3602    axis=(  0.164571  0.881749 -0.442080)
     C   11    Vzz=    0.3785    axis=( -0.976264  0.081632 -0.200609)
     C   11  Q=         1.0000 1e-30 m^2  Cq=         0.8894 MHz  eta= 0.90304

     Cl  12    Vxx=   -0.6151    axis=( -0.472378  0.724367  0.502147)
     Cl  12    Vyy=   -2.3703    axis=(  0.325017 -0.386412  0.863163)
     Cl  12    Vzz=    2.9854    axis=( -0.819282 -0.570945  0.052899)
     Cl  12  Q=        -8.1650 1e-30 m^2  Cq=       -57.2741 MHz  eta= 0.58793

     H   13    Vxx=   -0.1228    axis=( -0.951726  0.126346  0.279740)
     H   13    Vyy=   -0.2868    axis=(  0.155118 -0.588448  0.793516)
     H   13    Vzz=    0.4096    axis=( -0.264870 -0.798602 -0.540443)
     H   13  Q=         1.0000 1e-30 m^2  Cq=         0.9623 MHz  eta= 0.40042

     C   14    Vxx=    0.1681    axis=(  0.122443 -0.821064  0.557549)
     C   14    Vyy=    0.3498    axis=(  0.853042 -0.200070 -0.481966)
     C   14    Vzz=   -0.5179    axis=( -0.507274 -0.534626 -0.675905)
     C   14  Q=         1.0000 1e-30 m^2  Cq=        -1.2168 MHz  eta= 0.35099

     H   15    Vxx=    0.0205    axis=( -0.509482  0.426495  0.747348)
     H   15    Vyy=    0.3796    axis=( -0.859755 -0.287991 -0.421762)
     H   15    Vzz=   -0.4001    axis=(  0.035350 -0.857417  0.513407)
     H   15  Q=         1.0000 1e-30 m^2  Cq=        -0.9400 MHz  eta= 0.89747

     C   16    Vxx=    0.0534    axis=( -0.562718 -0.489558  0.666095)
     C   16    Vyy=    0.6454    axis=(  0.727444  0.089476  0.680308)
     C   16    Vzz=   -0.6988    axis=( -0.392650  0.867368  0.305776)
     C   16  Q=         1.0000 1e-30 m^2  Cq=        -1.6420 MHz  eta= 0.84704

     C   17    Vxx=    0.2198    axis=( -0.321894 -0.003733  0.946768)
     C   17    Vyy=    0.3368    axis=(  0.738838 -0.626300  0.248730)
     C   17    Vzz=   -0.5565    axis=(  0.592032  0.779573  0.204360)
     C   17  Q=         1.0000 1e-30 m^2  Cq=        -1.3077 MHz  eta= 0.21027

     Cl  18    Vxx=   -0.0089    axis=(  0.836168 -0.544012 -0.069811)
     Cl  18    Vyy=   -1.2816    axis=(  0.480038  0.664317  0.572928)
     Cl  18    Vzz=    1.2905    axis=( -0.265303 -0.512576  0.816627)
     Cl  18  Q=        -8.1650 1e-30 m^2  Cq=       -24.7585 MHz  eta= 0.98614

     H   19    Vxx=   -0.0486    axis=( -0.457284  0.560818  0.690199)
     H   19    Vyy=   -0.3450    axis=( -0.858151 -0.481934 -0.176965)
     H   19    Vzz=    0.3936    axis=(  0.233385 -0.673218  0.701647)
     H   19  Q=         1.0000 1e-30 m^2  Cq=         0.9247 MHz  eta= 0.75319

     C   20    Vxx=    0.0880    axis=(  0.401475 -0.884053 -0.239309)
     C   20    Vyy=    0.3349    axis=( -0.092091 -0.298933  0.949820)
     C   20    Vzz=   -0.4229    axis=( -0.911228 -0.359291 -0.201428)
     C   20  Q=         1.0000 1e-30 m^2  Cq=        -0.9937 MHz  eta= 0.58369

     H   21    Vxx=   -0.0675    axis=(  0.112922  0.987686  0.108285)
     H   21    Vyy=   -0.3724    axis=( -0.580879 -0.022795  0.813671)
     H   21    Vzz=    0.4400    axis=(  0.806119 -0.154782  0.571152)
     H   21  Q=         1.0000 1e-30 m^2  Cq=         1.0338 MHz  eta= 0.69300

     C   22    Vxx=    0.0439    axis=(  0.931459 -0.318402 -0.176082)
     C   22    Vyy=    0.6097    axis=( -0.205622 -0.061394 -0.976704)
     C   22    Vzz=   -0.6536    axis=(  0.300174  0.945966 -0.122657)
     C   22  Q=         1.0000 1e-30 m^2  Cq=        -1.5358 MHz  eta= 0.86568

     C   23    Vxx=   -0.0138    axis=(  0.314361  0.908538  0.275201)
     C   23    Vyy=   -0.5639    axis=( -0.944863  0.327461 -0.001754)
     C   23    Vzz=    0.5777    axis=( -0.091712 -0.259476  0.961385)
     C   23  Q=         1.0000 1e-30 m^2  Cq=         1.3575 MHz  eta= 0.95221

     Cl  24    Vxx=    0.5027    axis=(  0.840851  0.499459  0.208594)
     Cl  24    Vyy=    2.2070    axis=( -0.085419  0.502998 -0.860056)
     Cl  24    Vzz=   -2.7097    axis=( -0.534485  0.705361  0.465610)
     Cl  24  Q=        -8.1650 1e-30 m^2  Cq=        51.9834 MHz  eta= 0.62898

     Initialization:
     gipaw_setup  :      9.58s CPU     11.51s WALL (       1 calls)

     Linear response

     Apply operators

     Induced current

     Other routines
     efg          :      9.55s CPU     12.17s WALL (       1 calls)

     General routines
     calbec       :      3.22s CPU      4.02s WALL (      16 calls)
     fft          :      1.45s CPU      1.79s WALL (      15 calls)
     ffts         :      0.04s CPU      0.07s WALL (       2 calls)
     fftw         :      3.51s CPU      4.63s WALL (     672 calls)
     davcio       :      0.02s CPU      0.33s WALL (      32 calls)

     Parallel routines
     fft_scatter  :      2.30s CPU      3.70s WALL (     689 calls)

     Plugins

     GIPAW        :     62.34s CPU     79.46s WALL (       1 calls)
