
     Program QE v.6.0 (svn rev. 13079) starts on 22Dec2016 at  2: 0:47 

     This program is part of the open-source Quantum ESPRESSO suite
     for quantum simulation of materials; please cite
         "P. Giannozzi et al., J. Phys.:Condens. Matter 21 395502 (2009);
          URL http://www.quantum-espresso.org", 
     in publications or presentations arising from this work. More details at
     http://www.quantum-espresso.org/quote

     Parallel version (MPI), running on     8 processors
     R & G space division:  proc/nbgrp/npool/nimage =       8

     ***** This is GIPAW svn revision unknown      *****

     Parallelizing q-star over 1 images

     Reading data from directory:
     /users/majewski/paradichlorobenzene/pbe/9_constraint/scratch/pbe.ecut100.np8.dt60.pcl2phi-129368.save
     Message from routine read_xml_file:
     file /users/majewski/paradichlorobenzene/pbe/9_constraint/scratch/pbe.ecut100.np8.dt60.pcl2phi-129368.save not guaranteed to be safe for post-processing

   Info: using nr1, nr2, nr3 values from input

   Info: using nr1, nr2, nr3 values from input

     IMPORTANT: XC functional enforced from input :
     Exchange-correlation      =  SLA  PW   PBX  PBC ( 1  4  3  4 0 0)
     Any further DFT definition will be discarded
     Please, verify this is what you really want

               file C.pbe-n-kjpaw_psl.1.0.0.UPF: wavefunction(s)  2S 2P renormalized
               file Cl.pbe-n-kjpaw_psl.1.0.0.UPF: wavefunction(s)  3S 3P renormalized
               file H.pbe-kjpaw_psl.1.0.0.UPF: wavefunction(s)  1S renormalized

     Parallelization info
     --------------------
     sticks:   dense  smooth     PW     G-vecs:    dense   smooth      PW
     Min        3057    1223    332               144436    36536    5170
     Max        3059    1225    333               144437    36537    5171
     Sum       24467    9791   2657              1155489   292295   41363


     Subspace diagonalization in iterative solution of the eigenvalue problem:
     a serial algorithm will be used

     GIPAW projectors -----------------------------------------------
     atom=  C    l=0  rc=    1.2000  rs=    0.8000
     atom=  C    l=0  rc=    1.2000  rs=    0.8000
     atom=  C    l=1  rc=    1.4000  rs=    0.9333
     atom=  C    l=1  rc=    1.4000  rs=    0.9333
     projs nearly linearly dependent: l=1  n1,n2= 1, 2  s=  0.99951561

     atom=  Cl   l=0  rc=    1.6000  rs=    1.0667
     atom=  Cl   l=0  rc=    1.6000  rs=    1.0667
     atom=  Cl   l=1  rc=    1.6000  rs=    1.0667
     atom=  Cl   l=1  rc=    1.6000  rs=    1.0667
     atom=  Cl   l=2  rc=    1.6000  rs=    1.0667
     atom=  Cl   l=2  rc=    1.6000  rs=    1.0667
     projs nearly linearly dependent: l=2  n1,n2= 1, 2  s=  0.99993509

     atom=  H    l=0  rc=    1.0000  rs=    0.6667
     atom=  H    l=0  rc=    1.0000  rs=    0.6667
     projs nearly linearly dependent: l=0  n1,n2= 1, 2  s=  0.99968852
     -----------------------------------------------------------------

     GIPAW integrals: -------------------------------------------
     Atom  i/j   nmr_para   nmr_dia   epr_rmc  epr_para   epr_dia
       C   1 1   0.83E+03  0.17E-01  0.93E+01  0.24E+08  0.24E+03
       C   2 1   0.86E+03 -0.61E-01  0.94E+01  0.25E+08  0.25E+03
       C   2 2   0.90E+03 -0.15E+00  0.97E+01  0.26E+08  0.26E+03
       C   3 3   0.33E+01  0.34E+00  0.18E+01  0.55E+03  0.21E+02
       C   4 3   0.35E+01  0.37E+00  0.20E+01  0.59E+03  0.22E+02
       C   4 4   0.38E+01  0.39E+00  0.22E+01  0.63E+03  0.24E+02
       Cl  1 1   0.14E+04 -0.47E+00  0.84E+01  0.32E+09  0.42E+03
       Cl  2 1   0.21E+04 -0.37E+00  0.12E+02  0.49E+09  0.65E+03
       Cl  2 2   0.33E+04 -0.16E+00  0.21E+02  0.76E+09  0.10E+04
       Cl  3 3   0.21E+02  0.79E-01  0.89E+01  0.23E+05  0.13E+03
       Cl  4 3   0.24E+02  0.67E-01  0.99E+01  0.27E+05  0.15E+03
       Cl  4 4   0.28E+02  0.44E-01  0.11E+02  0.32E+05  0.18E+03
       Cl  5 5   0.77E+00  0.19E+00  0.18E+01  0.12E+03  0.22E+02
       Cl  6 5   0.80E+00  0.19E+00  0.19E+01  0.12E+03  0.23E+02
       Cl  6 6   0.83E+00  0.20E+00  0.19E+01  0.12E+03  0.23E+02
       H   1 1   0.39E+02  0.19E+00  0.29E+00  0.78E+05  0.13E+02
       H   2 1   0.41E+02  0.21E+00  0.32E+00  0.82E+05  0.14E+02
       H   2 2   0.43E+02  0.22E+00  0.36E+00  0.86E+05  0.15E+02
     ------------------------------------------------------------

     alpha_pv=     33.8689 eV

     Number of occupied bands for each k-point:
     k-point:     1    nbnd_occ=  42
     k-point:     2    nbnd_occ=  42
     k-point:     3    nbnd_occ=  42
     k-point:     4    nbnd_occ=  42
     k-point:     5    nbnd_occ=  42
     k-point:     6    nbnd_occ=  42
     k-point:     7    nbnd_occ=  42
     k-point:     8    nbnd_occ=  42
     k-point:     9    nbnd_occ=  42
     k-point:    10    nbnd_occ=  42
     k-point:    11    nbnd_occ=  42
     k-point:    12    nbnd_occ=  42
     k-point:    13    nbnd_occ=  42
     k-point:    14    nbnd_occ=  42
     k-point:    15    nbnd_occ=  42
     k-point:    16    nbnd_occ=  42


     q-space interpolation up to   110.00 Rydberg

     GIPAW job: efg                                                                             


     ELECTRIC FIELD GRADIENTS TENSORS IN Hartree/bohrradius^2:

     ----- bare term -----
     Cl   1       -0.127062        0.256210       -0.028775
     Cl   1        0.256210        0.167593       -0.040764
     Cl   1       -0.028775       -0.040764       -0.040531

     C    2        0.091330        0.258803       -0.040136
     C    2        0.258803       -0.108883       -0.550756
     C    2       -0.040136       -0.550756        0.017553

     C    3       -0.722283        0.398842       -0.334492
     C    3        0.398842        0.343371       -0.060319
     C    3       -0.334492       -0.060319        0.378912

     H    4       -0.222632       -0.424094       -0.483127
     H    4       -0.424094        0.092431       -0.361618
     H    4       -0.483127       -0.361618        0.130201

     C    5       -0.152284        0.123781       -0.226324
     C    5        0.123781       -0.063761       -0.391553
     C    5       -0.226324       -0.391553        0.216045

     H    6        0.408403        0.123046        0.021141
     H    6        0.123046       -0.683794       -0.430616
     H    6        0.021141       -0.430616        0.275391

     H    7        0.497548        0.001122       -0.099259
     H    7        0.001122       -0.320174        0.409497
     H    7       -0.099259        0.409497       -0.177374

     C    8       -0.743762       -0.334455       -0.259494
     C    8       -0.334455        0.385430        0.256420
     C    8       -0.259494        0.256420        0.358332

     H    9        0.060928        0.044319       -0.464442
     H    9        0.044319        0.273294       -0.227269
     H    9       -0.464442       -0.227269       -0.334223

     C   10       -0.026312       -0.105679       -0.201274
     C   10       -0.105679       -0.030066        0.672946
     C   10       -0.201274        0.672946        0.056379

     C   11       -0.608715       -0.343169       -0.315675
     C   11       -0.343169        0.265814        0.251507
     C   11       -0.315675        0.251507        0.342900

     Cl  12       -0.050157        0.069319       -0.045213
     Cl  12        0.069319        0.033893        0.128661
     Cl  12       -0.045213        0.128661        0.016264

     H   13        0.361862       -0.091901        0.116784
     H   13       -0.091901       -0.342022       -0.504710
     H   13        0.116784       -0.504710       -0.019840

     C   14       -0.731109        0.422820       -0.447739
     C   14        0.422820        0.467685       -0.108701
     C   14       -0.447739       -0.108701        0.263424

     H   15       -0.220998       -0.028747       -0.551466
     H   15       -0.028747        0.092405        0.001983
     H   15       -0.551466        0.001983        0.128593

     C   16        0.026773        0.360743       -0.101098
     C   16        0.360743       -0.154159       -0.589734
     C   16       -0.101098       -0.589734        0.127386

     C   17       -0.558487        0.360810       -0.418125
     C   17        0.360810        0.319019       -0.189371
     C   17       -0.418125       -0.189371        0.239468

     Cl  18        0.006043       -0.074933       -0.024048
     Cl  18       -0.074933        0.058799        0.025482
     Cl  18       -0.024048        0.025482       -0.064842

     H   19        0.462542        0.112483       -0.021090
     H   19        0.112483       -0.811563        0.219866
     H   19       -0.021090        0.219866        0.349021

     C   20       -0.168580        0.137377       -0.371271
     C   20        0.137377        0.014513        0.469102
     C   20       -0.371271        0.469102        0.154067

     H   21       -0.272620        0.219209       -0.495885
     H   21        0.219209        0.284668        0.285170
     H   21       -0.495885        0.285170       -0.012048

     C   22       -0.489326       -0.337479       -0.358666
     C   22       -0.337479        0.057887        0.097724
     C   22       -0.358666        0.097724        0.431438

     C   23        0.029053        0.295379       -0.442041
     C   23        0.295379       -0.275437        0.470890
     C   23       -0.442041        0.470890        0.246384

     Cl  24       -0.297310       -0.226077       -0.031851
     Cl  24       -0.226077        0.173872       -0.069878
     Cl  24       -0.031851       -0.069878        0.123438

     ----- ionic term -----
     Cl   1        0.115043       -0.193717       -0.005360
     Cl   1       -0.193717        0.029190        0.007350
     Cl   1       -0.005360        0.007350       -0.144233

     C    2        0.160514       -0.177958        0.233126
     C    2       -0.177958        0.102580        0.439562
     C    2        0.233126        0.439562       -0.263094

     C    3        0.197440       -0.251010        0.192572
     C    3       -0.251010        0.078002        0.387590
     C    3        0.192572        0.387590       -0.275441

     H    4        0.578332        0.226668        0.725122
     H    4        0.226668       -0.512698        0.211050
     H    4        0.725122        0.211050       -0.065634

     C    5        0.324589       -0.197686        0.285101
     C    5       -0.197686       -0.014120        0.309406
     C    5        0.285101        0.309406       -0.310470

     H    6       -0.511745       -0.050418       -0.006836
     H    6       -0.050418        0.713535        0.685259
     H    6       -0.006836        0.685259       -0.201791

     H    7       -0.523947       -0.029055        0.036218
     H    7       -0.029055        0.567599       -0.743188
     H    7        0.036218       -0.743188       -0.043652

     C    8        0.173584        0.259428        0.317281
     C    8        0.259428        0.044963       -0.292967
     C    8        0.317281       -0.292967       -0.218547

     H    9        0.331762       -0.232614        0.767708
     H    9       -0.232614       -0.429013       -0.281398
     H    9        0.767708       -0.281398        0.097251

     C   10        0.077374        0.314385        0.232884
     C   10        0.314385        0.145719       -0.373659
     C   10        0.232884       -0.373659       -0.223093

     C   11        0.202405        0.221188        0.318383
     C   11        0.221188        0.046220       -0.359191
     C   11        0.318383       -0.359191       -0.248625

     Cl  12        0.145448        0.233523        0.040348
     Cl  12        0.233523       -0.004856        0.020029
     Cl  12        0.040348        0.020029       -0.140592

     H   13       -0.508122        0.046593        0.046821
     H   13        0.046593        0.613961        0.731511
     H   13        0.046821        0.731511       -0.105839

     C   14        0.292239       -0.174346        0.252588
     C   14       -0.174346        0.005641        0.318873
     C   14        0.252588        0.318873       -0.297879

     H   15        0.541064        0.279116        0.706837
     H   15        0.279116       -0.427563        0.261054
     H   15        0.706837        0.261054       -0.113501

     C   16        0.165493       -0.225676        0.189390
     C   16       -0.225676        0.125384        0.403478
     C   16        0.189390        0.403478       -0.290876

     C   17        0.242160       -0.156231        0.305979
     C   17       -0.156231        0.033827        0.425722
     C   17        0.305979        0.425722       -0.275987

     Cl  18        0.184535       -0.224833        0.014960
     Cl  18       -0.224833       -0.039927        0.001653
     Cl  18        0.014960        0.001653       -0.144608

     H   19       -0.511268       -0.172473        0.092602
     H   19       -0.172473        0.816830       -0.592985
     H   19        0.092602       -0.592985       -0.305562

     C   20        0.241937        0.207440        0.327000
     C   20        0.207440        0.116366       -0.251500
     C   20        0.327000       -0.251500       -0.358304

     H   21        0.694614       -0.200163        0.676852
     H   21       -0.200163       -0.483813       -0.193535
     H   21        0.676852       -0.193535       -0.210802

     C   22        0.118063        0.289549        0.232536
     C   22        0.289549        0.242943       -0.373979
     C   22        0.232536       -0.373979       -0.361006

     C   23        0.077665        0.181722        0.288151
     C   23        0.181722        0.149189       -0.446857
     C   23        0.288151       -0.446857       -0.226854

     Cl  24        0.144327        0.194642       -0.005094
     Cl  24        0.194642       -0.003611       -0.012640
     Cl  24       -0.005094       -0.012640       -0.140715

     ----- GIPAW term -----
     Cl   1        0.323631        0.200847       -0.342705
     Cl   1        0.200847        1.997927       -0.424830
     Cl   1       -0.342705       -0.424830       -2.321558

     C    2       -0.010718        0.104325        0.038501
     C    2        0.104325        0.193473        0.024687
     C    2        0.038501        0.024687       -0.182755

     C    3       -0.207894        0.140169       -0.032827
     C    3        0.140169        0.257967        0.105539
     C    3       -0.032827        0.105539       -0.050073

     H    4       -0.000000        0.000000        0.000000
     H    4        0.000000        0.000000        0.000000
     H    4        0.000000        0.000000        0.000000

     C    5       -0.106728        0.033831       -0.014919
     C    5        0.033831        0.169983        0.034563
     C    5       -0.014919        0.034563       -0.063255

     H    6       -0.000000        0.000000        0.000000
     H    6        0.000000        0.000000        0.000000
     H    6        0.000000        0.000000        0.000000

     H    7       -0.000000        0.000000        0.000000
     H    7        0.000000        0.000000        0.000000
     H    7        0.000000        0.000000        0.000000

     C    8       -0.211216        0.029117       -0.006842
     C    8        0.029117        0.277212        0.074360
     C    8       -0.006842        0.074360       -0.065996

     H    9       -0.000000        0.000000        0.000000
     H    9        0.000000        0.000000        0.000000
     H    9        0.000000        0.000000        0.000000

     C   10       -0.127382        0.007438       -0.030574
     C   10        0.007438        0.213748        0.202679
     C   10       -0.030574        0.202679       -0.086366

     C   11       -0.141286        0.101750       -0.039275
     C   11        0.101750        0.270331        0.029501
     C   11       -0.039275        0.029501       -0.129045

     Cl  12        0.175813        2.504084        0.108997
     Cl  12        2.504084        0.834860        1.804172
     Cl  12        0.108997        1.804172       -1.010673

     H   13       -0.000000        0.000000        0.000000
     H   13        0.000000        0.000000        0.000000
     H   13        0.000000        0.000000        0.000000

     C   14       -0.131735        0.196122       -0.041584
     C   14        0.196122        0.232546        0.025656
     C   14       -0.041584        0.025656       -0.100811

     H   15       -0.000000        0.000000        0.000000
     H   15        0.000000        0.000000        0.000000
     H   15        0.000000        0.000000        0.000000

     C   16       -0.083124        0.131756        0.004848
     C   16        0.131756        0.206714       -0.041122
     C   16        0.004848       -0.041122       -0.123590

     C   17       -0.110107        0.078060       -0.043154
     C   17        0.078060        0.260347        0.040538
     C   17       -0.043154        0.040538       -0.150240

     Cl  18        1.307344       -2.628978       -0.187635
     Cl  18       -2.628978        0.585467        0.180233
     Cl  18       -0.187635        0.180233       -1.892811

     H   19       -0.000000        0.000000        0.000000
     H   19        0.000000        0.000000        0.000000
     H   19        0.000000        0.000000        0.000000

     C   20       -0.074860        0.137893       -0.072441
     C   20        0.137893        0.176848        0.037552
     C   20       -0.072441        0.037552       -0.101988

     H   21       -0.000000        0.000000        0.000000
     H   21        0.000000        0.000000        0.000000
     H   21        0.000000        0.000000        0.000000

     C   22       -0.098221        0.096901       -0.150417
     C   22        0.096901        0.085769       -0.127845
     C   22       -0.150417       -0.127845        0.012452

     C   23       -0.017813        0.220119       -0.138586
     C   23        0.220119        0.009218       -0.114708
     C   23       -0.138586       -0.114708        0.008595

     Cl  24       -0.487972        1.582346       -0.305851
     Cl  24        1.582346        1.912574       -0.807297
     Cl  24       -0.305851       -0.807297       -1.424602

     ----- total EFG -----
     Cl   1        0.311612        0.263340       -0.376840
     Cl   1        0.263340        2.194709       -0.458243
     Cl   1       -0.376840       -0.458243       -2.506321

     C    2        0.241126        0.185170        0.231491
     C    2        0.185170        0.187170       -0.086506
     C    2        0.231491       -0.086506       -0.428296

     C    3       -0.732737        0.288001       -0.174747
     C    3        0.288001        0.679340        0.432810
     C    3       -0.174747        0.432810        0.053397

     H    4        0.355700       -0.197426        0.241995
     H    4       -0.197426       -0.420267       -0.150568
     H    4        0.241995       -0.150568        0.064567

     C    5        0.065578       -0.040074        0.043858
     C    5       -0.040074        0.092102       -0.047585
     C    5        0.043858       -0.047585       -0.157680

     H    6       -0.103342        0.072628        0.014305
     H    6        0.072628        0.029741        0.254642
     H    6        0.014305        0.254642        0.073601

     H    7       -0.026398       -0.027933       -0.063041
     H    7       -0.027933        0.247425       -0.333691
     H    7       -0.063041       -0.333691       -0.221027

     C    8       -0.781394       -0.045911        0.050945
     C    8       -0.045911        0.707606        0.037813
     C    8        0.050945        0.037813        0.073788

     H    9        0.392690       -0.188295        0.303266
     H    9       -0.188295       -0.155719       -0.508667
     H    9        0.303266       -0.508667       -0.236971

     C   10       -0.076320        0.216144        0.001037
     C   10        0.216144        0.329401        0.501966
     C   10        0.001037        0.501966       -0.253080

     C   11       -0.547596       -0.020231       -0.036568
     C   11       -0.020231        0.582365       -0.078183
     C   11       -0.036568       -0.078183       -0.034769

     Cl  12        0.271103        2.806926        0.104132
     Cl  12        2.806926        0.863897        1.952861
     Cl  12        0.104132        1.952861       -1.135000

     H   13       -0.146260       -0.045308        0.163605
     H   13       -0.045308        0.271939        0.226801
     H   13        0.163605        0.226801       -0.125679

     C   14       -0.570605        0.444596       -0.236735
     C   14        0.444596        0.705871        0.235828
     C   14       -0.236735        0.235828       -0.135266

     H   15        0.320066        0.250369        0.155371
     H   15        0.250369       -0.335158        0.263036
     H   15        0.155371        0.263036        0.015092

     C   16        0.109142        0.266823        0.093139
     C   16        0.266823        0.177939       -0.227378
     C   16        0.093139       -0.227378       -0.287081

     C   17       -0.426434        0.282639       -0.155300
     C   17        0.282639        0.613192        0.276888
     C   17       -0.155300        0.276888       -0.186759

     Cl  18        1.497922       -2.928744       -0.196723
     Cl  18       -2.928744        0.604339        0.207368
     Cl  18       -0.196723        0.207368       -2.102261

     H   19       -0.048726       -0.059989        0.071512
     H   19       -0.059989        0.005267       -0.373119
     H   19        0.071512       -0.373119        0.043459

     C   20       -0.001502        0.482710       -0.116712
     C   20        0.482710        0.307728        0.255154
     C   20       -0.116712        0.255154       -0.306225

     H   21        0.421995        0.019046        0.180967
     H   21        0.019046       -0.199145        0.091634
     H   21        0.180967        0.091634       -0.222850

     C   22       -0.469483        0.048972       -0.276547
     C   22        0.048972        0.386599       -0.404100
     C   22       -0.276547       -0.404100        0.082884

     C   23        0.088905        0.697220       -0.292476
     C   23        0.697220       -0.117030       -0.090674
     C   23       -0.292476       -0.090674        0.028124

     Cl  24       -0.640955        1.550911       -0.342796
     Cl  24        1.550911        2.082834       -0.889814
     Cl  24       -0.342796       -0.889814       -1.441879

     ----- total EFG (symmetrized) -----
     Cl   1        0.311612        0.263340       -0.376840
     Cl   1        0.263340        2.194709       -0.458243
     Cl   1       -0.376840       -0.458243       -2.506321

     C    2        0.241126        0.185170        0.231491
     C    2        0.185170        0.187170       -0.086506
     C    2        0.231491       -0.086506       -0.428296

     C    3       -0.732737        0.288001       -0.174747
     C    3        0.288001        0.679340        0.432810
     C    3       -0.174747        0.432810        0.053397

     H    4        0.355700       -0.197426        0.241995
     H    4       -0.197426       -0.420267       -0.150568
     H    4        0.241995       -0.150568        0.064567

     C    5        0.065578       -0.040074        0.043858
     C    5       -0.040074        0.092102       -0.047585
     C    5        0.043858       -0.047585       -0.157680

     H    6       -0.103342        0.072628        0.014305
     H    6        0.072628        0.029741        0.254642
     H    6        0.014305        0.254642        0.073601

     H    7       -0.026398       -0.027933       -0.063041
     H    7       -0.027933        0.247425       -0.333691
     H    7       -0.063041       -0.333691       -0.221027

     C    8       -0.781394       -0.045911        0.050945
     C    8       -0.045911        0.707606        0.037813
     C    8        0.050945        0.037813        0.073788

     H    9        0.392690       -0.188295        0.303266
     H    9       -0.188295       -0.155719       -0.508667
     H    9        0.303266       -0.508667       -0.236971

     C   10       -0.076320        0.216144        0.001037
     C   10        0.216144        0.329401        0.501966
     C   10        0.001037        0.501966       -0.253080

     C   11       -0.547596       -0.020231       -0.036568
     C   11       -0.020231        0.582365       -0.078183
     C   11       -0.036568       -0.078183       -0.034769

     Cl  12        0.271103        2.806926        0.104132
     Cl  12        2.806926        0.863897        1.952861
     Cl  12        0.104132        1.952861       -1.135000

     H   13       -0.146260       -0.045308        0.163605
     H   13       -0.045308        0.271939        0.226801
     H   13        0.163605        0.226801       -0.125679

     C   14       -0.570605        0.444596       -0.236735
     C   14        0.444596        0.705871        0.235828
     C   14       -0.236735        0.235828       -0.135266

     H   15        0.320066        0.250369        0.155371
     H   15        0.250369       -0.335158        0.263036
     H   15        0.155371        0.263036        0.015092

     C   16        0.109142        0.266823        0.093139
     C   16        0.266823        0.177939       -0.227378
     C   16        0.093139       -0.227378       -0.287081

     C   17       -0.426434        0.282639       -0.155300
     C   17        0.282639        0.613192        0.276888
     C   17       -0.155300        0.276888       -0.186759

     Cl  18        1.497922       -2.928744       -0.196723
     Cl  18       -2.928744        0.604339        0.207368
     Cl  18       -0.196723        0.207368       -2.102261

     H   19       -0.048726       -0.059989        0.071512
     H   19       -0.059989        0.005267       -0.373119
     H   19        0.071512       -0.373119        0.043459

     C   20       -0.001502        0.482710       -0.116712
     C   20        0.482710        0.307728        0.255154
     C   20       -0.116712        0.255154       -0.306225

     H   21        0.421995        0.019046        0.180967
     H   21        0.019046       -0.199145        0.091634
     H   21        0.180967        0.091634       -0.222850

     C   22       -0.469483        0.048972       -0.276547
     C   22        0.048972        0.386599       -0.404100
     C   22       -0.276547       -0.404100        0.082884

     C   23        0.088905        0.697220       -0.292476
     C   23        0.697220       -0.117030       -0.090674
     C   23       -0.292476       -0.090674        0.028124

     Cl  24       -0.640955        1.550911       -0.342796
     Cl  24        1.550911        2.082834       -0.889814
     Cl  24       -0.342796       -0.889814       -1.441879


     NQR/NMR SPECTROSCOPIC PARAMETERS:
     Cl   1    Vxx=    0.3083    axis=(  0.981124 -0.162449 -0.104911)
     Cl   1    Vyy=    2.2847    axis=(  0.151399  0.982783 -0.105909)
     Cl   1    Vzz=   -2.5930    axis=(  0.120310  0.088026  0.988826)
     Cl   1  Q=        -8.1650 1e-30 m^2  Cq=        49.7447 MHz  eta= 0.76220

     C    2    Vxx=    0.1076    axis=( -0.501977  0.793145 -0.344876)
     C    2    Vyy=    0.4205    axis=(  0.801267  0.576584  0.159760)
     C    2    Vzz=   -0.5281    axis=( -0.325563  0.196142  0.924953)
     C    2  Q=         1.0000 1e-30 m^2  Cq=        -1.2409 MHz  eta= 0.59255

     C    3    Vxx=   -0.0525    axis=( -0.372088 -0.359625  0.855699)
     C    3    Vyy=   -0.8678    axis=( -0.921485  0.253788 -0.294035)
     C    3    Vzz=    0.9203    axis=( -0.111424 -0.897921 -0.425821)
     C    3  Q=         1.0000 1e-30 m^2  Cq=         2.1624 MHz  eta= 0.88588

     H    4    Vxx=   -0.0698    axis=( -0.518692 -0.073741  0.851775)
     H    4    Vyy=   -0.4849    axis=(  0.172671  0.966708  0.188840)
     H    4    Vzz=    0.5547    axis=( -0.837343  0.245027 -0.488691)
     H    4  Q=         1.0000 1e-30 m^2  Cq=         1.3033 MHz  eta= 0.74847

     C    5    Vxx=    0.0369    axis=(  0.795882  0.604630  0.031531)
     C    5    Vyy=    0.1352    axis=( -0.585416  0.781788 -0.214699)
     C    5    Vzz=   -0.1720    axis=( -0.154464  0.152416  0.976171)
     C    5  Q=         1.0000 1e-30 m^2  Cq=        -0.4042 MHz  eta= 0.57139

     H    6    Vxx=   -0.0946    axis=(  0.919443  0.179470 -0.349880)
     H    6    Vyy=   -0.2212    axis=( -0.366654  0.712803 -0.597893)
     H    6    Vzz=    0.3158    axis=(  0.142092  0.678014  0.721185)
     H    6  Q=         1.0000 1e-30 m^2  Cq=         0.7420 MHz  eta= 0.40087

     H    7    Vxx=   -0.0140    axis=(  0.983988 -0.090704 -0.153428)
     H    7    Vyy=   -0.4069    axis=(  0.177969  0.453056  0.873537)
     H    7    Vzz=    0.4209    axis=( -0.009722 -0.886856  0.461944)
     H    7  Q=         1.0000 1e-30 m^2  Cq=         0.9890 MHz  eta= 0.93351

     C    8    Vxx=    0.0749    axis=(  0.062242 -0.055039  0.996542)
     C    8    Vyy=    0.7111    axis=(  0.028756 -0.997965 -0.056914)
     C    8    Vzz=   -0.7860    axis=(  0.997647  0.032199 -0.060532)
     C    8  Q=         1.0000 1e-30 m^2  Cq=        -1.8467 MHz  eta= 0.80945

     H    9    Vxx=    0.0125    axis=(  0.656471  0.609432 -0.444566)
     H    9    Vyy=    0.7032    axis=(  0.748317 -0.451720  0.485768)
     H    9    Vzz=   -0.7157    axis=(  0.095223 -0.651569 -0.752589)
     H    9  Q=         1.0000 1e-30 m^2  Cq=        -1.6817 MHz  eta= 0.96503

     C   10    Vxx=   -0.0996    axis=(  0.942043 -0.099880 -0.320279)
     C   10    Vyy=   -0.5670    axis=( -0.225930  0.516861 -0.825718)
     C   10    Vzz=    0.6666    axis=(  0.248012  0.850223  0.464339)
     C   10  Q=         1.0000 1e-30 m^2  Cq=         1.5662 MHz  eta= 0.70120

     C   11    Vxx=   -0.0415    axis=( -0.076372  0.121536  0.989644)
     C   11    Vyy=   -0.5508    axis=(  0.996986  0.022914  0.074125)
     C   11    Vzz=    0.5923    axis=( -0.013668  0.992322 -0.122920)
     C   11  Q=         1.0000 1e-30 m^2  Cq=         1.3917 MHz  eta= 0.85971

     Cl  12    Vxx=   -0.7167    axis=( -0.631628  0.194437  0.750493)
     Cl  12    Vyy=   -3.1591    axis=( -0.501954  0.635182 -0.587015)
     Cl  12    Vzz=    3.8758    axis=(  0.590837  0.747488  0.303600)
     Cl  12  Q=        -8.1650 1e-30 m^2  Cq=       -74.3543 MHz  eta= 0.63016

     H   13    Vxx=   -0.0158    axis=(  0.784148 -0.303297  0.541408)
     H   13    Vyy=   -0.3604    axis=(  0.618122  0.304255 -0.724813)
     H   13    Vzz=    0.3762    axis=(  0.055108  0.903017  0.426055)
     H   13  Q=         1.0000 1e-30 m^2  Cq=         0.8839 MHz  eta= 0.91612

     C   14    Vxx=   -0.0326    axis=( -0.425161 -0.032889  0.904520)
     C   14    Vyy=   -0.8379    axis=( -0.864867  0.309461 -0.395271)
     C   14    Vzz=    0.8704    axis=( -0.266914 -0.950343 -0.160015)
     C   14  Q=         1.0000 1e-30 m^2  Cq=         2.0452 MHz  eta= 0.92517

     H   15    Vxx=   -0.0146    axis=( -0.547185  0.232432  0.804092)
     H   15    Vyy=   -0.5059    axis=( -0.197920  0.897496 -0.394117)
     H   15    Vzz=    0.5205    axis=( -0.813275 -0.374801 -0.445093)
     H   15  Q=         1.0000 1e-30 m^2  Cq=         1.2229 MHz  eta= 0.94388

     C   16    Vxx=    0.0187    axis=( -0.720279  0.433332 -0.541685)
     C   16    Vyy=    0.4315    axis=( -0.598757 -0.782669  0.170056)
     C   16    Vzz=   -0.4501    axis=( -0.350269  0.446826  0.823200)
     C   16  Q=         1.0000 1e-30 m^2  Cq=        -1.0576 MHz  eta= 0.91708

     C   17    Vxx=   -0.1242    axis=( -0.533877 -0.110160  0.838355)
     C   17    Vyy=   -0.6201    axis=( -0.822562  0.297337 -0.484750)
     C   17    Vzz=    0.7444    axis=(  0.195873  0.948396  0.249355)
     C   17  Q=         1.0000 1e-30 m^2  Cq=         1.7490 MHz  eta= 0.66617

     Cl  18    Vxx=   -1.9074    axis=(  0.650372  0.746921  0.138295)
     Cl  18    Vyy=   -2.1195    axis=(  0.055426  0.134912 -0.989306)
     Cl  18    Vzz=    4.0270    axis=( -0.757591  0.651082  0.046344)
     Cl  18  Q=        -8.1650 1e-30 m^2  Cq=       -77.2550 MHz  eta= 0.05267

     H   19    Vxx=   -0.0673    axis=( -0.980336 -0.149757  0.128506)
     H   19    Vyy=   -0.3494    axis=(  0.019952 -0.723093 -0.690462)
     H   19    Vzz=    0.4166    axis=(  0.196323 -0.674321  0.711862)
     H   19  Q=         1.0000 1e-30 m^2  Cq=         0.9789 MHz  eta= 0.67710

     C   20    Vxx=   -0.0975    axis=(  0.629735 -0.298611 -0.717123)
     C   20    Vyy=   -0.5828    axis=( -0.543678  0.489950 -0.681442)
     C   20    Vzz=    0.6803    axis=( -0.554841 -0.819012 -0.146190)
     C   20  Q=         1.0000 1e-30 m^2  Cq=         1.5984 MHz  eta= 0.71339

     H   21    Vxx=   -0.1456    axis=(  0.195210 -0.828391 -0.525035)
     H   21    Vyy=   -0.3264    axis=(  0.181854  0.556624 -0.810616)
     H   21    Vzz=    0.4719    axis=(  0.963754  0.062760  0.259305)
     H   21  Q=         1.0000 1e-30 m^2  Cq=         1.1088 MHz  eta= 0.38314

     C   22    Vxx=   -0.1019    axis=(  0.427664 -0.601265 -0.674969)
     C   22    Vyy=   -0.5993    axis=(  0.887275  0.136515  0.440575)
     C   22    Vzz=    0.7011    axis=(  0.172759  0.787301 -0.591870)
     C   22  Q=         1.0000 1e-30 m^2  Cq=         1.6474 MHz  eta= 0.70942

     C   23    Vxx=   -0.0549    axis=(  0.151618  0.355600  0.922258)
     C   23    Vyy=   -0.7399    axis=(  0.668756 -0.723972  0.169203)
     C   23    Vzz=    0.7948    axis=(  0.727858  0.591111 -0.347577)
     C   23  Q=         1.0000 1e-30 m^2  Cq=         1.8675 MHz  eta= 0.86180

     Cl  24    Vxx=   -1.3339    axis=(  0.913610 -0.371899  0.164342)
     Cl  24    Vyy=   -1.6555    axis=( -0.068429  0.257788  0.963775)
     Cl  24    Vzz=    2.9895    axis=( -0.400792 -0.891760  0.210069)
     Cl  24  Q=        -8.1650 1e-30 m^2  Cq=       -57.3518 MHz  eta= 0.10758

     Initialization:
     gipaw_setup  :      9.35s CPU     11.80s WALL (       1 calls)

     Linear response

     Apply operators

     Induced current

     Other routines
     efg          :      9.58s CPU     11.74s WALL (       1 calls)

     General routines
     calbec       :      3.32s CPU      4.29s WALL (      16 calls)
     fft          :      1.36s CPU      1.77s WALL (      15 calls)
     ffts         :      0.04s CPU      0.05s WALL (       2 calls)
     fftw         :      3.36s CPU      3.91s WALL (     672 calls)
     davcio       :      0.02s CPU      0.32s WALL (      32 calls)

     Parallel routines
     fft_scatter  :      1.89s CPU      2.72s WALL (     689 calls)

     Plugins

     GIPAW        :     62.93s CPU     74.90s WALL (       1 calls)
