
     Program QE v.6.0 (svn rev. 13079) starts on  6Jan2017 at 18: 6: 2 

     This program is part of the open-source Quantum ESPRESSO suite
     for quantum simulation of materials; please cite
         "P. Giannozzi et al., J. Phys.:Condens. Matter 21 395502 (2009);
          URL http://www.quantum-espresso.org", 
     in publications or presentations arising from this work. More details at
     http://www.quantum-espresso.org/quote

     Parallel version (MPI), running on     8 processors
     R & G space division:  proc/nbgrp/npool/nimage =       8

     ***** This is GIPAW svn revision unknown      *****

     Parallelizing q-star over 1 images

     Reading data from directory:
     /users/majewski/paradichlorobenzene/pbe/9_constraint/scratch/pbe.ecut100.np8.dt60.pcl2phi-129368.save
     Message from routine read_xml_file:
     file /users/majewski/paradichlorobenzene/pbe/9_constraint/scratch/pbe.ecut100.np8.dt60.pcl2phi-129368.save not guaranteed to be safe for post-processing

   Info: using nr1, nr2, nr3 values from input

   Info: using nr1, nr2, nr3 values from input

     IMPORTANT: XC functional enforced from input :
     Exchange-correlation      =  SLA  PW   PBX  PBC ( 1  4  3  4 0 0)
     Any further DFT definition will be discarded
     Please, verify this is what you really want

               file C.pbe-n-kjpaw_psl.1.0.0.UPF: wavefunction(s)  2S 2P renormalized
               file Cl.pbe-n-kjpaw_psl.1.0.0.UPF: wavefunction(s)  3S 3P renormalized
               file H.pbe-kjpaw_psl.1.0.0.UPF: wavefunction(s)  1S renormalized

     Parallelization info
     --------------------
     sticks:   dense  smooth     PW     G-vecs:    dense   smooth      PW
     Min        3057    1223    332               144436    36536    5170
     Max        3059    1225    333               144437    36537    5171
     Sum       24467    9791   2657              1155489   292295   41363


     Subspace diagonalization in iterative solution of the eigenvalue problem:
     a serial algorithm will be used

     GIPAW projectors -----------------------------------------------
     atom=  C    l=0  rc=    1.2000  rs=    0.8000
     atom=  C    l=0  rc=    1.2000  rs=    0.8000
     atom=  C    l=1  rc=    1.4000  rs=    0.9333
     atom=  C    l=1  rc=    1.4000  rs=    0.9333
     projs nearly linearly dependent: l=1  n1,n2= 1, 2  s=  0.99951561

     atom=  Cl   l=0  rc=    1.6000  rs=    1.0667
     atom=  Cl   l=0  rc=    1.6000  rs=    1.0667
     atom=  Cl   l=1  rc=    1.6000  rs=    1.0667
     atom=  Cl   l=1  rc=    1.6000  rs=    1.0667
     atom=  Cl   l=2  rc=    1.6000  rs=    1.0667
     atom=  Cl   l=2  rc=    1.6000  rs=    1.0667
     projs nearly linearly dependent: l=2  n1,n2= 1, 2  s=  0.99993509

     atom=  H    l=0  rc=    1.0000  rs=    0.6667
     atom=  H    l=0  rc=    1.0000  rs=    0.6667
     projs nearly linearly dependent: l=0  n1,n2= 1, 2  s=  0.99968852
     -----------------------------------------------------------------

     GIPAW integrals: -------------------------------------------
     Atom  i/j   nmr_para   nmr_dia   epr_rmc  epr_para   epr_dia
       C   1 1   0.83E+03  0.17E-01  0.93E+01  0.24E+08  0.24E+03
       C   2 1   0.86E+03 -0.61E-01  0.94E+01  0.25E+08  0.25E+03
       C   2 2   0.90E+03 -0.15E+00  0.97E+01  0.26E+08  0.26E+03
       C   3 3   0.33E+01  0.34E+00  0.18E+01  0.55E+03  0.21E+02
       C   4 3   0.35E+01  0.37E+00  0.20E+01  0.59E+03  0.22E+02
       C   4 4   0.38E+01  0.39E+00  0.22E+01  0.63E+03  0.24E+02
       Cl  1 1   0.14E+04 -0.47E+00  0.84E+01  0.32E+09  0.42E+03
       Cl  2 1   0.21E+04 -0.37E+00  0.12E+02  0.49E+09  0.65E+03
       Cl  2 2   0.33E+04 -0.16E+00  0.21E+02  0.76E+09  0.10E+04
       Cl  3 3   0.21E+02  0.79E-01  0.89E+01  0.23E+05  0.13E+03
       Cl  4 3   0.24E+02  0.67E-01  0.99E+01  0.27E+05  0.15E+03
       Cl  4 4   0.28E+02  0.44E-01  0.11E+02  0.32E+05  0.18E+03
       Cl  5 5   0.77E+00  0.19E+00  0.18E+01  0.12E+03  0.22E+02
       Cl  6 5   0.80E+00  0.19E+00  0.19E+01  0.12E+03  0.23E+02
       Cl  6 6   0.83E+00  0.20E+00  0.19E+01  0.12E+03  0.23E+02
       H   1 1   0.39E+02  0.19E+00  0.29E+00  0.78E+05  0.13E+02
       H   2 1   0.41E+02  0.21E+00  0.32E+00  0.82E+05  0.14E+02
       H   2 2   0.43E+02  0.22E+00  0.36E+00  0.86E+05  0.15E+02
     ------------------------------------------------------------

     alpha_pv=     34.4004 eV

     Number of occupied bands for each k-point:
     k-point:     1    nbnd_occ=  42
     k-point:     2    nbnd_occ=  42
     k-point:     3    nbnd_occ=  42
     k-point:     4    nbnd_occ=  42
     k-point:     5    nbnd_occ=  42
     k-point:     6    nbnd_occ=  42
     k-point:     7    nbnd_occ=  42
     k-point:     8    nbnd_occ=  42
     k-point:     9    nbnd_occ=  42
     k-point:    10    nbnd_occ=  42
     k-point:    11    nbnd_occ=  42
     k-point:    12    nbnd_occ=  42
     k-point:    13    nbnd_occ=  42
     k-point:    14    nbnd_occ=  42
     k-point:    15    nbnd_occ=  42
     k-point:    16    nbnd_occ=  42


     q-space interpolation up to   110.00 Rydberg

     GIPAW job: efg                                                                             


     ELECTRIC FIELD GRADIENTS TENSORS IN Hartree/bohrradius^2:

     ----- bare term -----
     Cl   1       -0.153484        0.121539        0.079923
     Cl   1        0.121539       -0.052774       -0.101304
     Cl   1        0.079923       -0.101304        0.206257

     C    2        0.021735       -0.034243       -0.576873
     C    2       -0.034243       -0.097681       -0.498726
     C    2       -0.576873       -0.498726        0.075946

     C    3        0.042453        0.545808       -0.165096
     C    3        0.545808       -0.380280       -0.505989
     C    3       -0.165096       -0.505989        0.337827

     H    4       -0.424272       -0.152791       -0.531816
     H    4       -0.152791        0.261392       -0.186334
     H    4       -0.531816       -0.186334        0.162880

     C    5       -0.234352        0.128379       -0.520274
     C    5        0.128379       -0.069170       -0.421616
     C    5       -0.520274       -0.421616        0.303522

     H    6        0.317243        0.050200        0.064869
     H    6        0.050200       -0.367151       -0.543994
     H    6        0.064869       -0.543994        0.049909

     H    7        0.243316        0.403418        0.122170
     H    7        0.403418       -0.557404        0.122546
     H    7        0.122170        0.122546        0.314088

     C    8       -0.413355       -0.035048       -0.342474
     C    8       -0.035048       -0.038773        0.492316
     C    8       -0.342474        0.492316        0.452128

     H    9       -0.458287        0.344768       -0.323161
     H    9        0.344768        0.269993        0.096381
     H    9       -0.323161        0.096381        0.188294

     C   10       -0.172309       -0.408665       -0.002998
     C   10       -0.408665       -0.360991        0.527014
     C   10       -0.002998        0.527014        0.533300

     C   11       -0.159288       -0.070849       -0.466712
     C   11       -0.070849       -0.129695        0.511096
     C   11       -0.466712        0.511096        0.288983

     Cl  12       -0.169818       -0.122441       -0.119459
     Cl  12       -0.122441       -0.128855        0.024305
     Cl  12       -0.119459        0.024305        0.298674

     H   13        0.244466       -0.445219        0.155885
     H   13       -0.445219       -0.570267        0.017672
     H   13        0.155885        0.017672        0.325801

     C   14       -0.188363        0.336799       -0.297919
     C   14        0.336799       -0.217560       -0.297135
     C   14       -0.297919       -0.297135        0.405923

     H   15       -0.596779       -0.434768       -0.042590
     H   15       -0.434768        0.301209       -0.027764
     H   15       -0.042590       -0.027764        0.295570

     C   16       -0.063587        0.095554       -0.330526
     C   16        0.095554       -0.248766       -0.410670
     C   16       -0.330526       -0.410670        0.312353

     C   17       -0.181823        0.295123       -0.340853
     C   17        0.295123       -0.194189       -0.456379
     C   17       -0.340853       -0.456379        0.376013

     Cl  18       -0.045380        0.009017        0.026376
     Cl  18        0.009017       -0.012658        0.071975
     Cl  18        0.026376        0.071975        0.058038

     H   19        0.401365        0.287404        0.099970
     H   19        0.287404       -0.616102        0.060338
     H   19        0.099970        0.060338        0.214738

     C   20       -0.395555       -0.332640       -0.433600
     C   20       -0.332640       -0.161026        0.265729
     C   20       -0.433600        0.265729        0.556581

     H   21       -0.610531        0.329411       -0.205977
     H   21        0.329411        0.332670        0.114056
     H   21       -0.205977        0.114056        0.277861

     C   22       -0.177880       -0.237606       -0.375937
     C   22       -0.237606       -0.213378        0.502227
     C   22       -0.375937        0.502227        0.391258

     C   23       -0.162826       -0.268960       -0.227011
     C   23       -0.268960       -0.201541        0.439757
     C   23       -0.227011        0.439757        0.364367

     Cl  24        0.101869        0.058277        0.039287
     Cl  24        0.058277       -0.031580       -0.016440
     Cl  24        0.039287       -0.016440       -0.070289

     ----- ionic term -----
     Cl   1        0.167952       -0.189817       -0.038358
     Cl   1       -0.189817       -0.038872        0.028224
     Cl   1       -0.038358        0.028224       -0.129080

     C    2        0.292500       -0.038236        0.202734
     C    2       -0.038236        0.084623        0.468523
     C    2        0.202734        0.468523       -0.377123

     C    3        0.156946       -0.218419        0.156987
     C    3       -0.218419        0.196253        0.415592
     C    3        0.156987        0.415592       -0.353199

     H    4        0.729519        0.282589        0.613683
     H    4        0.282589       -0.451685        0.219547
     H    4        0.613683        0.219547       -0.277834

     C    5        0.274440       -0.189758        0.260553
     C    5       -0.189758        0.087159        0.297800
     C    5        0.260553        0.297800       -0.361599

     H    6       -0.513923        0.121264        0.092282
     H    6        0.121264        0.745321        0.648192
     H    6        0.092282        0.648192       -0.231399

     H    7       -0.424194       -0.341601        0.160049
     H    7       -0.341601        0.742633       -0.560917
     H    7        0.160049       -0.560917       -0.318439

     C    8        0.332399        0.112713        0.259883
     C    8        0.112713        0.133236       -0.253838
     C    8        0.259883       -0.253838       -0.465635

     H    9        0.697755       -0.329579        0.607371
     H    9       -0.329579       -0.356419       -0.226282
     H    9        0.607371       -0.226282       -0.341337

     C   10        0.172049        0.250601        0.180675
     C   10        0.250601        0.322507       -0.308906
     C   10        0.180675       -0.308906       -0.494556

     C   11        0.286371        0.187188        0.316241
     C   11        0.187188        0.189625       -0.268251
     C   11        0.316241       -0.268251       -0.475996

     Cl  12        0.164455        0.224510        0.055947
     Cl  12        0.224510        0.008350        0.028657
     Cl  12        0.055947        0.028657       -0.172804

     H   13       -0.503423        0.186973        0.059470
     H   13        0.186973        0.765106        0.617088
     H   13        0.059470        0.617088       -0.261683

     C   14        0.334178       -0.046817        0.241015
     C   14       -0.046817        0.102235        0.306084
     C   14        0.241015        0.306084       -0.436413

     H   15        0.543136        0.323851        0.672185
     H   15        0.323851       -0.415293        0.261066
     H   15        0.672185        0.261066       -0.127844

     C   16        0.125261       -0.164547        0.191786
     C   16       -0.164547        0.259983        0.357700
     C   16        0.191786        0.357700       -0.385244

     C   17        0.165588       -0.198713        0.278687
     C   17       -0.198713        0.253528        0.353485
     C   17        0.278687        0.353485       -0.419116

     Cl  18        0.105580       -0.239900       -0.000555
     Cl  18       -0.239900        0.078007        0.001138
     Cl  18       -0.000555        0.001138       -0.183587

     H   19       -0.507791       -0.088085        0.062396
     H   19       -0.088085        0.824737       -0.580922
     H   19        0.062396       -0.580922       -0.316946

     C   20        0.373336        0.203279        0.289930
     C   20        0.203279        0.088730       -0.244194
     C   20        0.289930       -0.244194       -0.462066

     H   21        0.631290       -0.289836        0.655318
     H   21       -0.289836       -0.412129       -0.228164
     H   21        0.655318       -0.228164       -0.219162

     C   22        0.221151        0.264020        0.205348
     C   22        0.264020        0.219652       -0.301384
     C   22        0.205348       -0.301384       -0.440803

     C   23        0.287339        0.157521        0.233555
     C   23        0.157521        0.161349       -0.309633
     C   23        0.233555       -0.309633       -0.448687

     Cl  24        0.167511        0.210582        0.010586
     Cl  24        0.210582       -0.004220        0.004549
     Cl  24        0.010586        0.004549       -0.163291

     ----- GIPAW term -----
     Cl   1        0.505859       -1.889035        0.636727
     Cl   1       -1.889035       -0.329742       -0.843332
     Cl   1        0.636727       -0.843332       -0.176117

     C    2        0.217526       -0.030528       -0.161406
     C    2       -0.030528       -0.065176       -0.091113
     C    2       -0.161406       -0.091113       -0.152350

     C    3        0.106320        0.174252       -0.067832
     C    3        0.174252       -0.089174       -0.090651
     C    3       -0.067832       -0.090651       -0.017147

     H    4       -0.000000        0.000000        0.000000
     H    4        0.000000        0.000000        0.000000
     H    4        0.000000        0.000000        0.000000

     C    5        0.049418        0.047142       -0.198578
     C    5        0.047142       -0.103298       -0.109433
     C    5       -0.198578       -0.109433        0.053880

     H    6       -0.000000        0.000000        0.000000
     H    6        0.000000        0.000000        0.000000
     H    6        0.000000        0.000000        0.000000

     H    7       -0.000000        0.000000        0.000000
     H    7        0.000000        0.000000        0.000000
     H    7        0.000000        0.000000        0.000000

     C    8       -0.105728        0.034772       -0.011301
     C    8        0.034772       -0.013576        0.192645
     C    8       -0.011301        0.192645        0.119304

     H    9       -0.000000        0.000000        0.000000
     H    9        0.000000        0.000000        0.000000
     H    9        0.000000        0.000000        0.000000

     C   10       -0.038374       -0.022678        0.091222
     C   10       -0.022678       -0.089174        0.129047
     C   10        0.091222        0.129047        0.127549

     C   11        0.042148        0.077779       -0.133023
     C   11        0.077779       -0.017580        0.127334
     C   11       -0.133023        0.127334       -0.024568

     Cl  12       -0.171988        1.417322       -1.220412
     Cl  12        1.417322       -1.250123        0.279063
     Cl  12       -1.220412        0.279063        1.422111

     H   13       -0.000000        0.000000        0.000000
     H   13        0.000000        0.000000        0.000000
     H   13        0.000000        0.000000        0.000000

     C   14        0.007476        0.137003       -0.162418
     C   14        0.137003       -0.077775       -0.144094
     C   14       -0.162418       -0.144094        0.070299

     H   15       -0.000000        0.000000        0.000000
     H   15        0.000000        0.000000        0.000000
     H   15        0.000000        0.000000        0.000000

     C   16        0.016595        0.056523       -0.211291
     C   16        0.056523       -0.097650       -0.106874
     C   16       -0.211291       -0.106874        0.081055

     C   17        0.109421       -0.029708       -0.174081
     C   17       -0.029708       -0.104238       -0.080783
     C   17       -0.174081       -0.080783       -0.005182

     Cl  18        0.992946       -2.098827        0.175694
     Cl  18       -2.098827        0.007881        0.583554
     Cl  18        0.175694        0.583554       -1.000827

     H   19       -0.000000        0.000000        0.000000
     H   19        0.000000        0.000000        0.000000
     H   19        0.000000        0.000000        0.000000

     C   20       -0.042271       -0.074102       -0.191384
     C   20       -0.074102       -0.120722        0.065051
     C   20       -0.191384        0.065051        0.162993

     H   21       -0.000000        0.000000        0.000000
     H   21        0.000000        0.000000        0.000000
     H   21        0.000000        0.000000        0.000000

     C   22       -0.023034       -0.077592       -0.183743
     C   22       -0.077592       -0.054703        0.130666
     C   22       -0.183743        0.130666        0.077737

     C   23        0.121522        0.114279       -0.021049
     C   23        0.114279       -0.055994        0.067499
     C   23       -0.021049        0.067499       -0.065528

     Cl  24        2.155150        2.406875        0.397870
     Cl  24        2.406875       -0.272746       -0.069314
     Cl  24        0.397870       -0.069314       -1.882404

     ----- total EFG -----
     Cl   1        0.520327       -1.957313        0.678292
     Cl   1       -1.957313       -0.421387       -0.916412
     Cl   1        0.678292       -0.916412       -0.098940

     C    2        0.531761       -0.103007       -0.535545
     C    2       -0.103007       -0.078234       -0.121316
     C    2       -0.535545       -0.121316       -0.453527

     C    3        0.305720        0.501641       -0.075941
     C    3        0.501641       -0.273201       -0.181048
     C    3       -0.075941       -0.181048       -0.032518

     H    4        0.305247        0.129798        0.081867
     H    4        0.129798       -0.190294        0.033213
     H    4        0.081867        0.033213       -0.114953

     C    5        0.089506       -0.014237       -0.458300
     C    5       -0.014237       -0.085309       -0.233249
     C    5       -0.458300       -0.233249       -0.004197

     H    6       -0.196680        0.171464        0.157151
     H    6        0.171464        0.378170        0.104198
     H    6        0.157151        0.104198       -0.181490

     H    7       -0.180878        0.061817        0.282219
     H    7        0.061817        0.185229       -0.438371
     H    7        0.282219       -0.438371       -0.004352

     C    8       -0.186684        0.112437       -0.093892
     C    8        0.112437        0.080886        0.431122
     C    8       -0.093892        0.431122        0.105798

     H    9        0.239469        0.015189        0.284210
     H    9        0.015189       -0.086426       -0.129901
     H    9        0.284210       -0.129901       -0.153043

     C   10       -0.038635       -0.180742        0.268898
     C   10       -0.180742       -0.127658        0.347155
     C   10        0.268898        0.347155        0.166293

     C   11        0.169231        0.194118       -0.283495
     C   11        0.194118        0.042350        0.370179
     C   11       -0.283495        0.370179       -0.211581

     Cl  12       -0.177351        1.519391       -1.283923
     Cl  12        1.519391       -1.370629        0.332025
     Cl  12       -1.283923        0.332025        1.547980

     H   13       -0.258957       -0.258246        0.215355
     H   13       -0.258246        0.194839        0.634760
     H   13        0.215355        0.634760        0.064118

     C   14        0.153291        0.426986       -0.219322
     C   14        0.426986       -0.193100       -0.135145
     C   14       -0.219322       -0.135145        0.039809

     H   15       -0.053643       -0.110918        0.629596
     H   15       -0.110918       -0.114083        0.233302
     H   15        0.629596        0.233302        0.167726

     C   16        0.078269       -0.012469       -0.350030
     C   16       -0.012469       -0.086434       -0.159844
     C   16       -0.350030       -0.159844        0.008165

     C   17        0.093186        0.066701       -0.236246
     C   17        0.066701       -0.044900       -0.183677
     C   17       -0.236246       -0.183677       -0.048286

     Cl  18        1.053145       -2.329711        0.201514
     Cl  18       -2.329711        0.073230        0.656668
     Cl  18        0.201514        0.656668       -1.126375

     H   19       -0.106427        0.199319        0.162366
     H   19        0.199319        0.208634       -0.520585
     H   19        0.162366       -0.520585       -0.102208

     C   20       -0.064490       -0.203462       -0.335054
     C   20       -0.203462       -0.193018        0.086586
     C   20       -0.335054        0.086586        0.257508

     H   21        0.020759        0.039575        0.449341
     H   21        0.039575       -0.079459       -0.114107
     H   21        0.449341       -0.114107        0.058700

     C   22        0.020237       -0.051178       -0.354332
     C   22       -0.051178       -0.048429        0.331508
     C   22       -0.354332        0.331508        0.028192

     C   23        0.246034        0.002840       -0.014506
     C   23        0.002840       -0.096186        0.197622
     C   23       -0.014506        0.197622       -0.149848

     Cl  24        2.424530        2.675735        0.447744
     Cl  24        2.675735       -0.308546       -0.081204
     Cl  24        0.447744       -0.081204       -2.115985

     ----- total EFG (symmetrized) -----
     Cl   1        0.520327       -1.957313        0.678292
     Cl   1       -1.957313       -0.421387       -0.916412
     Cl   1        0.678292       -0.916412       -0.098940

     C    2        0.531761       -0.103007       -0.535545
     C    2       -0.103007       -0.078234       -0.121316
     C    2       -0.535545       -0.121316       -0.453527

     C    3        0.305720        0.501641       -0.075941
     C    3        0.501641       -0.273201       -0.181048
     C    3       -0.075941       -0.181048       -0.032518

     H    4        0.305247        0.129798        0.081867
     H    4        0.129798       -0.190294        0.033213
     H    4        0.081867        0.033213       -0.114953

     C    5        0.089506       -0.014237       -0.458300
     C    5       -0.014237       -0.085309       -0.233249
     C    5       -0.458300       -0.233249       -0.004197

     H    6       -0.196680        0.171464        0.157151
     H    6        0.171464        0.378170        0.104198
     H    6        0.157151        0.104198       -0.181490

     H    7       -0.180878        0.061817        0.282219
     H    7        0.061817        0.185229       -0.438371
     H    7        0.282219       -0.438371       -0.004352

     C    8       -0.186684        0.112437       -0.093892
     C    8        0.112437        0.080886        0.431122
     C    8       -0.093892        0.431122        0.105798

     H    9        0.239469        0.015189        0.284210
     H    9        0.015189       -0.086426       -0.129901
     H    9        0.284210       -0.129901       -0.153043

     C   10       -0.038635       -0.180742        0.268898
     C   10       -0.180742       -0.127658        0.347155
     C   10        0.268898        0.347155        0.166293

     C   11        0.169231        0.194118       -0.283495
     C   11        0.194118        0.042350        0.370179
     C   11       -0.283495        0.370179       -0.211581

     Cl  12       -0.177351        1.519391       -1.283923
     Cl  12        1.519391       -1.370629        0.332025
     Cl  12       -1.283923        0.332025        1.547980

     H   13       -0.258957       -0.258246        0.215355
     H   13       -0.258246        0.194839        0.634760
     H   13        0.215355        0.634760        0.064118

     C   14        0.153291        0.426986       -0.219322
     C   14        0.426986       -0.193100       -0.135145
     C   14       -0.219322       -0.135145        0.039809

     H   15       -0.053643       -0.110918        0.629596
     H   15       -0.110918       -0.114083        0.233302
     H   15        0.629596        0.233302        0.167726

     C   16        0.078269       -0.012469       -0.350030
     C   16       -0.012469       -0.086434       -0.159844
     C   16       -0.350030       -0.159844        0.008165

     C   17        0.093186        0.066701       -0.236246
     C   17        0.066701       -0.044900       -0.183677
     C   17       -0.236246       -0.183677       -0.048286

     Cl  18        1.053145       -2.329711        0.201514
     Cl  18       -2.329711        0.073230        0.656668
     Cl  18        0.201514        0.656668       -1.126375

     H   19       -0.106427        0.199319        0.162366
     H   19        0.199319        0.208634       -0.520585
     H   19        0.162366       -0.520585       -0.102208

     C   20       -0.064490       -0.203462       -0.335054
     C   20       -0.203462       -0.193018        0.086586
     C   20       -0.335054        0.086586        0.257508

     H   21        0.020759        0.039575        0.449341
     H   21        0.039575       -0.079459       -0.114107
     H   21        0.449341       -0.114107        0.058700

     C   22        0.020237       -0.051178       -0.354332
     C   22       -0.051178       -0.048429        0.331508
     C   22       -0.354332        0.331508        0.028192

     C   23        0.246034        0.002840       -0.014506
     C   23        0.002840       -0.096186        0.197622
     C   23       -0.014506        0.197622       -0.149848

     Cl  24        2.424530        2.675735        0.447744
     Cl  24        2.675735       -0.308546       -0.081204
     Cl  24        0.447744       -0.081204       -2.115985


     NQR/NMR SPECTROSCOPIC PARAMETERS:
     Cl   1    Vxx=   -0.5078    axis=( -0.418813  0.093034  0.903294)
     Cl   1    Vyy=   -2.0191    axis=( -0.569476 -0.801728 -0.181465)
     Cl   1    Vzz=    2.5269    axis=(  0.707314 -0.590404  0.388755)
     Cl   1  Q=        -8.1650 1e-30 m^2  Cq=       -48.4778 MHz  eta= 0.59808

     C    2    Vxx=   -0.0447    axis=(  0.042505 -0.971635  0.232635)
     C    2    Vyy=   -0.7246    axis=(  0.397509  0.230069  0.888288)
     C    2    Vzz=    0.7693    axis=( -0.916613  0.054718  0.396013)
     C    2  Q=         1.0000 1e-30 m^2  Cq=         1.8075 MHz  eta= 0.88384

     C    3    Vxx=   -0.0436    axis=(  0.309340 -0.071847  0.948233)
     C    3    Vyy=   -0.5892    axis=( -0.463350  0.859380  0.216272)
     C    3    Vzz=    0.6328    axis=( -0.830431 -0.506266  0.232551)
     C    3  Q=         1.0000 1e-30 m^2  Cq=         1.4868 MHz  eta= 0.86228

     H    4    Vxx=   -0.1296    axis=( -0.209057  0.085965  0.974118)
     H    4    Vyy=   -0.2239    axis=( -0.216848  0.967254 -0.131897)
     H    4    Vzz=    0.3535    axis=( -0.953558 -0.238810 -0.183570)
     H    4  Q=         1.0000 1e-30 m^2  Cq=         0.8306 MHz  eta= 0.26684

     C    5    Vxx=   -0.0370    axis=( -0.456922  0.876180 -0.153394)
     C    5    Vyy=   -0.5023    axis=(  0.562433  0.418183  0.713297)
     C    5    Vzz=    0.5394    axis=( -0.689124 -0.239648  0.683870)
     C    5  Q=         1.0000 1e-30 m^2  Cq=         1.2673 MHz  eta= 0.86262

     H    6    Vxx=   -0.1073    axis=(  0.583408 -0.362108  0.726989)
     H    6    Vyy=   -0.3509    axis=( -0.755989  0.085038  0.649037)
     H    6    Vzz=    0.4582    axis=(  0.296843  0.928249  0.224138)
     H    6  Q=         1.0000 1e-30 m^2  Cq=         1.0765 MHz  eta= 0.53171

     H    7    Vxx=   -0.0158    axis=(  0.784629  0.514163  0.346401)
     H    7    Vyy=   -0.5480    axis=(  0.590654 -0.450188 -0.669670)
     H    7    Vzz=    0.5637    axis=(  0.188374 -0.730046  0.656923)
     H    7  Q=         1.0000 1e-30 m^2  Cq=         1.3246 MHz  eta= 0.94404

     C    8    Vxx=   -0.0980    axis=( -0.854116 -0.362349  0.373080)
     C    8    Vyy=   -0.4268    axis=( -0.519836  0.616892 -0.590944)
     C    8    Vzz=    0.5248    axis=( -0.016022 -0.698675 -0.715260)
     C    8  Q=         1.0000 1e-30 m^2  Cq=         1.2331 MHz  eta= 0.62665

     H    9    Vxx=   -0.0357    axis=(  0.281106  0.904581 -0.320490)
     H    9    Vyy=   -0.3577    axis=( -0.399743  0.413974  0.817821)
     H    9    Vzz=    0.3934    axis=(  0.872459 -0.101781  0.477970)
     H    9  Q=         1.0000 1e-30 m^2  Cq=         0.9243 MHz  eta= 0.81859

     C   10    Vxx=    0.1030    axis=(  0.790194 -0.612842  0.004244)
     C   10    Vyy=    0.4387    axis=(  0.320186  0.418731  0.849791)
     C   10    Vzz=   -0.5417    axis=( -0.522565 -0.670141  0.527102)
     C   10  Q=         1.0000 1e-30 m^2  Cq=        -1.2727 MHz  eta= 0.61974

     C   11    Vxx=    0.3039    axis=( -0.373988 -0.838452 -0.396397)
     C   11    Vyy=    0.3207    axis=(  0.838093 -0.122505 -0.531594)
     C   11    Vzz=   -0.6246    axis=(  0.397156 -0.531028  0.748516)
     C   11  Q=         1.0000 1e-30 m^2  Cq=        -1.4676 MHz  eta= 0.02678

     Cl  12    Vxx=    0.3636    axis=(  0.609605  0.626954  0.485087)
     Cl  12    Vyy=    2.2923    axis=( -0.523574 -0.141017  0.840229)
     Cl  12    Vzz=   -2.6559    axis=(  0.595191 -0.766187  0.242292)
     Cl  12  Q=        -8.1650 1e-30 m^2  Cq=        50.9525 MHz  eta= 0.72619

     H   13    Vxx=   -0.0302    axis=(  0.819891 -0.345930  0.456192)
     H   13    Vyy=   -0.7398    axis=(  0.570305  0.563491 -0.597687)
     H   13    Vzz=    0.7700    axis=( -0.050302  0.750207  0.659287)
     H   13  Q=         1.0000 1e-30 m^2  Cq=         1.8092 MHz  eta= 0.92163

     C   14    Vxx=   -0.0857    axis=(  0.350890  0.264914  0.898163)
     C   14    Vyy=   -0.4809    axis=( -0.563839  0.825558 -0.023221)
     C   14    Vzz=    0.5667    axis=( -0.747637 -0.498272  0.439049)
     C   14  Q=         1.0000 1e-30 m^2  Cq=         1.3314 MHz  eta= 0.69740

     H   15    Vxx=   -0.0300    axis=(  0.383780 -0.911776 -0.146209)
     H   15    Vyy=   -0.6810    axis=(  0.686223  0.387549 -0.615551)
     H   15    Vzz=    0.7110    axis=(  0.617908  0.135904  0.774416)
     H   15  Q=         1.0000 1e-30 m^2  Cq=         1.6706 MHz  eta= 0.91566

     C   16    Vxx=   -0.0467    axis=(  0.432102 -0.882498  0.185700)
     C   16    Vyy=   -0.3683    axis=( -0.565545 -0.425563 -0.706438)
     C   16    Vzz=    0.4150    axis=( -0.702457 -0.200232  0.682980)
     C   16  Q=         1.0000 1e-30 m^2  Cq=         0.9752 MHz  eta= 0.77500

     C   17    Vxx=   -0.0573    axis=( -0.608959  0.774991 -0.168987)
     C   17    Vyy=   -0.2845    axis=(  0.400809  0.484491  0.777573)
     C   17    Vzz=    0.3418    axis=( -0.684486 -0.405779  0.605659)
     C   17  Q=         1.0000 1e-30 m^2  Cq=         0.8030 MHz  eta= 0.66491

     Cl  18    Vxx=   -0.7605    axis=(  0.370765  0.362594  0.855020)
     Cl  18    Vyy=   -2.1999    axis=(  0.520077  0.681686 -0.514610)
     Cl  18    Vzz=    2.9604    axis=( -0.769450  0.635476  0.064168)
     Cl  18  Q=        -8.1650 1e-30 m^2  Cq=       -56.7940 MHz  eta= 0.48621

     H   19    Vxx=    0.0109    axis=(  0.891178  0.188289  0.412734)
     H   19    Vyy=    0.6026    axis=(  0.095875  0.811078 -0.577027)
     H   19    Vzz=   -0.6134    axis=( -0.443408  0.553805  0.704762)
     H   19  Q=         1.0000 1e-30 m^2  Cq=        -1.4413 MHz  eta= 0.96452

     C   20    Vxx=   -0.1346    axis=( -0.435012  0.726373 -0.532116)
     C   20    Vyy=   -0.3815    axis=( -0.713890 -0.638377 -0.287812)
     C   20    Vzz=    0.5161    axis=( -0.548750  0.254670  0.796252)
     C   20  Q=         1.0000 1e-30 m^2  Cq=         1.2127 MHz  eta= 0.47841

     H   21    Vxx=   -0.0527    axis=(  0.273935  0.953097 -0.128711)
     H   21    Vyy=   -0.4422    axis=( -0.679784  0.286552  0.675117)
     H   21    Vzz=    0.4949    axis=(  0.680334 -0.097443  0.726396)
     H   21  Q=         1.0000 1e-30 m^2  Cq=         1.1627 MHz  eta= 0.78711

     C   22    Vxx=   -0.0670    axis=( -0.691137 -0.719677 -0.066292)
     C   22    Vyy=   -0.4528    axis=(  0.474797 -0.521287  0.709103)
     C   22    Vzz=    0.5198    axis=(  0.544882 -0.458612 -0.701982)
     C   22  Q=         1.0000 1e-30 m^2  Cq=         1.2213 MHz  eta= 0.74205

     C   23    Vxx=    0.0761    axis=(  0.043418  0.753378  0.656153)
     C   23    Vyy=    0.2466    axis=( -0.998804  0.017946  0.045486)
     C   23    Vzz=   -0.3227    axis=(  0.022493 -0.657343  0.753256)
     C   23  Q=         1.0000 1e-30 m^2  Cq=        -0.7583 MHz  eta= 0.52844

     Cl  24    Vxx=   -1.7237    axis=(  0.390775 -0.704886  0.591972)
     Cl  24    Vyy=   -2.3574    axis=(  0.345859 -0.483549 -0.804091)
     Cl  24    Vzz=    4.0811    axis=(  0.853040  0.518958  0.054832)
     Cl  24  Q=        -8.1650 1e-30 m^2  Cq=       -78.2944 MHz  eta= 0.15527

     Initialization:
     gipaw_setup  :      9.24s CPU     10.91s WALL (       1 calls)

     Linear response

     Apply operators

     Induced current

     Other routines
     efg          :      9.30s CPU     11.76s WALL (       1 calls)

     General routines
     calbec       :      3.30s CPU      4.50s WALL (      16 calls)
     fft          :      1.82s CPU      2.88s WALL (      15 calls)
     ffts         :      0.02s CPU      0.05s WALL (       2 calls)
     fftw         :      3.34s CPU      4.02s WALL (     672 calls)
     davcio       :      0.02s CPU      0.32s WALL (      32 calls)

     Parallel routines
     fft_scatter  :      2.52s CPU      4.09s WALL (     689 calls)

     Plugins

     GIPAW        :     61.57s CPU     72.57s WALL (       1 calls)
