
     Program QE v.6.0 (svn rev. 13079) starts on  8Jan2017 at  3:40:58 

     This program is part of the open-source Quantum ESPRESSO suite
     for quantum simulation of materials; please cite
         "P. Giannozzi et al., J. Phys.:Condens. Matter 21 395502 (2009);
          URL http://www.quantum-espresso.org", 
     in publications or presentations arising from this work. More details at
     http://www.quantum-espresso.org/quote

     Parallel version (MPI), running on     8 processors
     R & G space division:  proc/nbgrp/npool/nimage =       8

     ***** This is GIPAW svn revision unknown      *****

     Parallelizing q-star over 1 images

     Reading data from directory:
     /users/majewski/paradichlorobenzene/pbe/9_constraint/scratch/pbe.ecut100.np8.dt60.pcl2phi-129368.save
     Message from routine read_xml_file:
     file /users/majewski/paradichlorobenzene/pbe/9_constraint/scratch/pbe.ecut100.np8.dt60.pcl2phi-129368.save not guaranteed to be safe for post-processing

   Info: using nr1, nr2, nr3 values from input

   Info: using nr1, nr2, nr3 values from input

     IMPORTANT: XC functional enforced from input :
     Exchange-correlation      =  SLA  PW   PBX  PBC ( 1  4  3  4 0 0)
     Any further DFT definition will be discarded
     Please, verify this is what you really want

               file C.pbe-n-kjpaw_psl.1.0.0.UPF: wavefunction(s)  2S 2P renormalized
               file Cl.pbe-n-kjpaw_psl.1.0.0.UPF: wavefunction(s)  3S 3P renormalized
               file H.pbe-kjpaw_psl.1.0.0.UPF: wavefunction(s)  1S renormalized

     Parallelization info
     --------------------
     sticks:   dense  smooth     PW     G-vecs:    dense   smooth      PW
     Min        3057    1223    332               144436    36536    5170
     Max        3059    1225    333               144437    36537    5171
     Sum       24467    9791   2657              1155489   292295   41363


     Subspace diagonalization in iterative solution of the eigenvalue problem:
     a serial algorithm will be used

     GIPAW projectors -----------------------------------------------
     atom=  C    l=0  rc=    1.2000  rs=    0.8000
     atom=  C    l=0  rc=    1.2000  rs=    0.8000
     atom=  C    l=1  rc=    1.4000  rs=    0.9333
     atom=  C    l=1  rc=    1.4000  rs=    0.9333
     projs nearly linearly dependent: l=1  n1,n2= 1, 2  s=  0.99951561

     atom=  Cl   l=0  rc=    1.6000  rs=    1.0667
     atom=  Cl   l=0  rc=    1.6000  rs=    1.0667
     atom=  Cl   l=1  rc=    1.6000  rs=    1.0667
     atom=  Cl   l=1  rc=    1.6000  rs=    1.0667
     atom=  Cl   l=2  rc=    1.6000  rs=    1.0667
     atom=  Cl   l=2  rc=    1.6000  rs=    1.0667
     projs nearly linearly dependent: l=2  n1,n2= 1, 2  s=  0.99993509

     atom=  H    l=0  rc=    1.0000  rs=    0.6667
     atom=  H    l=0  rc=    1.0000  rs=    0.6667
     projs nearly linearly dependent: l=0  n1,n2= 1, 2  s=  0.99968852
     -----------------------------------------------------------------

     GIPAW integrals: -------------------------------------------
     Atom  i/j   nmr_para   nmr_dia   epr_rmc  epr_para   epr_dia
       C   1 1   0.83E+03  0.17E-01  0.93E+01  0.24E+08  0.24E+03
       C   2 1   0.86E+03 -0.61E-01  0.94E+01  0.25E+08  0.25E+03
       C   2 2   0.90E+03 -0.15E+00  0.97E+01  0.26E+08  0.26E+03
       C   3 3   0.33E+01  0.34E+00  0.18E+01  0.55E+03  0.21E+02
       C   4 3   0.35E+01  0.37E+00  0.20E+01  0.59E+03  0.22E+02
       C   4 4   0.38E+01  0.39E+00  0.22E+01  0.63E+03  0.24E+02
       Cl  1 1   0.14E+04 -0.47E+00  0.84E+01  0.32E+09  0.42E+03
       Cl  2 1   0.21E+04 -0.37E+00  0.12E+02  0.49E+09  0.65E+03
       Cl  2 2   0.33E+04 -0.16E+00  0.21E+02  0.76E+09  0.10E+04
       Cl  3 3   0.21E+02  0.79E-01  0.89E+01  0.23E+05  0.13E+03
       Cl  4 3   0.24E+02  0.67E-01  0.99E+01  0.27E+05  0.15E+03
       Cl  4 4   0.28E+02  0.44E-01  0.11E+02  0.32E+05  0.18E+03
       Cl  5 5   0.77E+00  0.19E+00  0.18E+01  0.12E+03  0.22E+02
       Cl  6 5   0.80E+00  0.19E+00  0.19E+01  0.12E+03  0.23E+02
       Cl  6 6   0.83E+00  0.20E+00  0.19E+01  0.12E+03  0.23E+02
       H   1 1   0.39E+02  0.19E+00  0.29E+00  0.78E+05  0.13E+02
       H   2 1   0.41E+02  0.21E+00  0.32E+00  0.82E+05  0.14E+02
       H   2 2   0.43E+02  0.22E+00  0.36E+00  0.86E+05  0.15E+02
     ------------------------------------------------------------

     alpha_pv=     33.9540 eV

     Number of occupied bands for each k-point:
     k-point:     1    nbnd_occ=  42
     k-point:     2    nbnd_occ=  42
     k-point:     3    nbnd_occ=  42
     k-point:     4    nbnd_occ=  42
     k-point:     5    nbnd_occ=  42
     k-point:     6    nbnd_occ=  42
     k-point:     7    nbnd_occ=  42
     k-point:     8    nbnd_occ=  42
     k-point:     9    nbnd_occ=  42
     k-point:    10    nbnd_occ=  42
     k-point:    11    nbnd_occ=  42
     k-point:    12    nbnd_occ=  42
     k-point:    13    nbnd_occ=  42
     k-point:    14    nbnd_occ=  42
     k-point:    15    nbnd_occ=  42
     k-point:    16    nbnd_occ=  42


     q-space interpolation up to   110.00 Rydberg

     GIPAW job: efg                                                                             


     ELECTRIC FIELD GRADIENTS TENSORS IN Hartree/bohrradius^2:

     ----- bare term -----
     Cl   1       -0.034744        0.166580        0.052878
     Cl   1        0.166580       -0.148060        0.170514
     Cl   1        0.052878        0.170514        0.182804

     C    2        0.128081       -0.090743       -0.260668
     C    2       -0.090743       -0.068262       -0.508391
     C    2       -0.260668       -0.508391       -0.059819

     C    3       -0.368996        0.221956        0.079440
     C    3        0.221956       -0.019384       -0.006399
     C    3        0.079440       -0.006399        0.388380

     H    4       -0.103315       -0.417163       -0.059990
     H    4       -0.417163       -0.283397        0.134520
     H    4       -0.059990        0.134520        0.386713

     C    5       -0.153852       -0.213474       -0.340051
     C    5       -0.213474        0.052255       -0.533412
     C    5       -0.340051       -0.533412        0.101597

     H    6        0.237826        0.294568       -0.094703
     H    6        0.294568       -0.604362       -0.109590
     H    6       -0.094703       -0.109590        0.366536

     H    7        0.046973        0.007626        0.402366
     H    7        0.007626        0.127497        0.336565
     H    7        0.402366        0.336565       -0.174470

     C    8       -0.298478       -0.222584       -0.483225
     C    8       -0.222584        0.254148        0.216355
     C    8       -0.483225        0.216355        0.044330

     H    9        0.163592        0.077102       -0.229620
     H    9        0.077102        0.394929       -0.155833
     H    9       -0.229620       -0.155833       -0.558521

     C   10        0.142007       -0.250567        0.038618
     C   10       -0.250567       -0.165442        0.208976
     C   10        0.038618        0.208976        0.023435

     C   11       -0.200507       -0.231770       -0.327285
     C   11       -0.231770       -0.046973        0.263612
     C   11       -0.327285        0.263612        0.247479

     Cl  12       -0.025430       -0.018137       -0.069820
     Cl  12       -0.018137       -0.033388       -0.012104
     Cl  12       -0.069820       -0.012104        0.058818

     H   13        0.419490       -0.150932        0.026837
     H   13       -0.150932       -0.567799       -0.377695
     H   13        0.026837       -0.377695        0.148309

     C   14       -0.762301        0.323640       -0.422377
     C   14        0.323640        0.277648       -0.065864
     C   14       -0.422377       -0.065864        0.484654

     H   15       -0.454549       -0.299665        0.249961
     H   15       -0.299665        0.287162        0.012384
     H   15        0.249961        0.012384        0.167387

     C   16        0.010048       -0.025466       -0.329996
     C   16       -0.025466       -0.437859       -0.419044
     C   16       -0.329996       -0.419044        0.427811

     C   17       -0.388324        0.269524       -0.368047
     C   17        0.269524       -0.055896       -0.255657
     C   17       -0.368047       -0.255657        0.444220

     Cl  18       -0.055303       -0.003278       -0.004002
     Cl  18       -0.003278        0.017643       -0.057605
     Cl  18       -0.004002       -0.057605        0.037660

     H   19        0.199611       -0.185513        0.292482
     H   19       -0.185513       -0.133091        0.554018
     H   19        0.292482        0.554018       -0.066520

     C   20       -0.167462        0.170939       -0.403070
     C   20        0.170939       -0.007387        0.480030
     C   20       -0.403070        0.480030        0.174849

     H   21        0.095253        0.048620       -0.233571
     H   21        0.048620        0.305600        0.434943
     H   21       -0.233571        0.434943       -0.400853

     C   22       -0.568539       -0.345413       -0.415799
     C   22       -0.345413        0.069061        0.011011
     C   22       -0.415799        0.011011        0.499478

     C   23        0.052770       -0.167270       -0.117988
     C   23       -0.167270       -0.121159        0.503955
     C   23       -0.117988        0.503955        0.068389

     Cl  24        0.026110       -0.083968       -0.105290
     Cl  24       -0.083968        0.038645        0.161539
     Cl  24       -0.105290        0.161539       -0.064755

     ----- ionic term -----
     Cl   1        0.150398       -0.163165       -0.007052
     Cl   1       -0.163165       -0.008649        0.008541
     Cl   1       -0.007052        0.008541       -0.141749

     C    2        0.258304       -0.014579        0.115845
     C    2       -0.014579        0.168724        0.405842
     C    2        0.115845        0.405842       -0.427028

     C    3        0.271007       -0.169327        0.058575
     C    3       -0.169327        0.149955        0.412992
     C    3        0.058575        0.412992       -0.420961

     H    4        0.681456        0.477313        0.502062
     H    4        0.477313       -0.319889        0.255333
     H    4        0.502062        0.255333       -0.361567

     C    5        0.407639       -0.156020        0.062367
     C    5       -0.156020        0.055180        0.323999
     C    5        0.062367        0.323999       -0.462819

     H    6       -0.484912       -0.129389       -0.080600
     H    6       -0.129389        0.743089        0.637315
     H    6       -0.080600        0.637315       -0.258177

     H    7       -0.525361        0.127930       -0.091759
     H    7        0.127930        0.471885       -0.764502
     H    7       -0.091759       -0.764502        0.053476

     C    8        0.093726        0.185170        0.332554
     C    8        0.185170        0.013697       -0.316635
     C    8        0.332554       -0.316635       -0.107424

     H    9        0.273602       -0.237702        0.763278
     H    9       -0.237702       -0.416270       -0.298922
     H    9        0.763278       -0.298922        0.142668

     C   10        0.006596        0.281039        0.240316
     C   10        0.281039        0.157982       -0.373292
     C   10        0.240316       -0.373292       -0.164578

     C   11        0.069122        0.268955        0.323782
     C   11        0.268955        0.034005       -0.391796
     C   11        0.323782       -0.391796       -0.103127

     Cl  12        0.185176        0.224388        0.044492
     Cl  12        0.224388       -0.048794        0.015879
     Cl  12        0.044492        0.015879       -0.136382

     H   13       -0.523163        0.097036        0.021627
     H   13        0.097036        0.894237        0.531559
     H   13        0.021627        0.531559       -0.371074

     C   14        0.368694       -0.017894        0.074567
     C   14       -0.017894        0.110589        0.300117
     C   14        0.074567        0.300117       -0.479283

     H   15        0.837041        0.545658        0.152475
     H   15        0.545658       -0.287236        0.138404
     H   15        0.152475        0.138404       -0.549805

     C   16        0.263395       -0.090551       -0.014806
     C   16       -0.090551        0.208920        0.362399
     C   16       -0.014806        0.362399       -0.472315

     C   17        0.272715       -0.036744        0.099720
     C   17       -0.036744        0.185823        0.408575
     C   17        0.099720        0.408575       -0.458538

     Cl  18        0.166330       -0.213028       -0.045298
     Cl  18       -0.213028       -0.026317        0.024297
     Cl  18       -0.045298        0.024297       -0.140013

     H   19       -0.516633        0.134616       -0.092114
     H   19        0.134616        0.375627       -0.773282
     H   19       -0.092114       -0.773282        0.141006

     C   20        0.108072        0.286575        0.349112
     C   20        0.286575       -0.043563       -0.261609
     C   20        0.349112       -0.261609       -0.064508

     H   21        0.204240       -0.295679        0.737454
     H   21       -0.295679       -0.403506       -0.370403
     H   21        0.737454       -0.370403        0.199266

     C   22       -0.001754        0.313230        0.227779
     C   22        0.313230        0.092372       -0.407249
     C   22        0.227779       -0.407249       -0.090618

     C   23        0.032834        0.199549        0.343868
     C   23        0.199549        0.009521       -0.447421
     C   23        0.343868       -0.447421       -0.042356

     Cl  24        0.126273        0.194051        0.061459
     Cl  24        0.194051        0.002098        0.038236
     Cl  24        0.061459        0.038236       -0.128371

     ----- GIPAW term -----
     Cl   1       -0.595282        0.336429       -0.551751
     Cl   1        0.336429        1.090393       -1.385039
     Cl   1       -0.551751       -1.385039       -0.495111

     C    2       -0.016470       -0.026802       -0.034032
     C    2       -0.026802        0.103814       -0.080283
     C    2       -0.034032       -0.080283       -0.087343

     C    3       -0.052376       -0.031849        0.031720
     C    3       -0.031849        0.058447       -0.015560
     C    3        0.031720       -0.015560       -0.006071

     H    4       -0.000000        0.000000        0.000000
     H    4        0.000000        0.000000        0.000000
     H    4        0.000000        0.000000        0.000000

     C    5       -0.082130       -0.129493       -0.014951
     C    5       -0.129493        0.196048       -0.175431
     C    5       -0.014951       -0.175431       -0.113917

     H    6       -0.000000        0.000000        0.000000
     H    6        0.000000        0.000000        0.000000
     H    6        0.000000        0.000000        0.000000

     H    7       -0.000000        0.000000        0.000000
     H    7        0.000000        0.000000        0.000000
     H    7        0.000000        0.000000        0.000000

     C    8        0.076515       -0.163493       -0.119338
     C    8       -0.163493        0.023995        0.058546
     C    8       -0.119338        0.058546       -0.100510

     H    9       -0.000000        0.000000        0.000000
     H    9        0.000000        0.000000        0.000000
     H    9        0.000000        0.000000        0.000000

     C   10        0.007636       -0.051789       -0.023708
     C   10       -0.051789        0.004106        0.045773
     C   10       -0.023708        0.045773       -0.011741

     C   11       -0.058060       -0.031000       -0.086517
     C   11       -0.031000        0.031979        0.141691
     C   11       -0.086517        0.141691        0.026081

     Cl  12       -0.621296        1.472033       -0.186188
     Cl  12        1.472033       -0.818173        1.555024
     Cl  12       -0.186188        1.555024        1.439468

     H   13       -0.000000        0.000000        0.000000
     H   13        0.000000        0.000000        0.000000
     H   13        0.000000        0.000000        0.000000

     C   14       -0.191603       -0.022267       -0.092992
     C   14       -0.022267        0.163264        0.129047
     C   14       -0.092992        0.129047        0.028338

     H   15       -0.000000        0.000000        0.000000
     H   15        0.000000        0.000000        0.000000
     H   15        0.000000        0.000000        0.000000

     C   16       -0.010707       -0.051260       -0.212635
     C   16       -0.051260       -0.157548        0.000345
     C   16       -0.212635        0.000345        0.168255

     C   17        0.030615       -0.144341       -0.156987
     C   17       -0.144341       -0.022556        0.050397
     C   17       -0.156987        0.050397       -0.008059

     Cl  18        0.433335       -1.212173       -1.886816
     Cl  18       -1.212173       -1.208332       -0.811596
     Cl  18       -1.886816       -0.811596        0.774997

     H   19       -0.000000        0.000000        0.000000
     H   19        0.000000        0.000000        0.000000
     H   19        0.000000        0.000000        0.000000

     C   20       -0.041040        0.166089       -0.084078
     C   20        0.166089        0.128005        0.052344
     C   20       -0.084078        0.052344       -0.086965

     H   21       -0.000000        0.000000        0.000000
     H   21        0.000000        0.000000        0.000000
     H   21        0.000000        0.000000        0.000000

     C   22       -0.172764        0.031707       -0.172936
     C   22        0.031707        0.000216       -0.163303
     C   22       -0.172936       -0.163303        0.172548

     C   23       -0.042098       -0.044745        0.036608
     C   23       -0.044745        0.202512       -0.087304
     C   23        0.036608       -0.087304       -0.160414

     Cl  24       -0.316818        0.314280        0.927188
     Cl  24        0.314280       -0.438815       -1.275545
     Cl  24        0.927188       -1.275545        0.755633

     ----- total EFG -----
     Cl   1       -0.479627        0.339844       -0.505925
     Cl   1        0.339844        0.933684       -1.205984
     Cl   1       -0.505925       -1.205984       -0.454057

     C    2        0.369915       -0.132124       -0.178855
     C    2       -0.132124        0.204275       -0.182831
     C    2       -0.178855       -0.182831       -0.574190

     C    3       -0.150366        0.020780        0.169735
     C    3        0.020780        0.189018        0.391033
     C    3        0.169735        0.391033       -0.038652

     H    4        0.578141        0.060150        0.442071
     H    4        0.060150       -0.603286        0.389854
     H    4        0.442071        0.389854        0.025146

     C    5        0.171657       -0.498986       -0.292636
     C    5       -0.498986        0.303482       -0.384844
     C    5       -0.292636       -0.384844       -0.475139

     H    6       -0.247086        0.165179       -0.175303
     H    6        0.165179        0.138727        0.527725
     H    6       -0.175303        0.527725        0.108359

     H    7       -0.478388        0.135556        0.310607
     H    7        0.135556        0.599382       -0.427936
     H    7        0.310607       -0.427936       -0.120994

     C    8       -0.128237       -0.200906       -0.270010
     C    8       -0.200906        0.291840       -0.041734
     C    8       -0.270010       -0.041734       -0.163603

     H    9        0.437194       -0.160600        0.533658
     H    9       -0.160600       -0.021341       -0.454755
     H    9        0.533658       -0.454755       -0.415853

     C   10        0.156239       -0.021317        0.255225
     C   10       -0.021317       -0.003354       -0.118543
     C   10        0.255225       -0.118543       -0.152885

     C   11       -0.189444        0.006185       -0.090021
     C   11        0.006185        0.019011        0.013508
     C   11       -0.090021        0.013508        0.170433

     Cl  12       -0.461550        1.678283       -0.211516
     Cl  12        1.678283       -0.900355        1.558799
     Cl  12       -0.211516        1.558799        1.361904

     H   13       -0.103673       -0.053896        0.048463
     H   13       -0.053896        0.326438        0.153863
     H   13        0.048463        0.153863       -0.222765

     C   14       -0.585210        0.283479       -0.440801
     C   14        0.283479        0.551501        0.363300
     C   14       -0.440801        0.363300        0.033709

     H   15        0.382492        0.245994        0.402436
     H   15        0.245994       -0.000074        0.150788
     H   15        0.402436        0.150788       -0.382418

     C   16        0.262736       -0.167276       -0.557436
     C   16       -0.167276       -0.386488       -0.056299
     C   16       -0.557436       -0.056299        0.123752

     C   17       -0.084994        0.088439       -0.425313
     C   17        0.088439        0.107371        0.203315
     C   17       -0.425313        0.203315       -0.022377

     Cl  18        0.544362       -1.428478       -1.936115
     Cl  18       -1.428478       -1.217006       -0.844905
     Cl  18       -1.936115       -0.844905        0.672644

     H   19       -0.317022       -0.050897        0.200367
     H   19       -0.050897        0.242536       -0.219264
     H   19        0.200367       -0.219264        0.074487

     C   20       -0.100430        0.623602       -0.138036
     C   20        0.623602        0.077055        0.270765
     C   20       -0.138036        0.270765        0.023376

     H   21        0.299493       -0.247059        0.503883
     H   21       -0.247059       -0.097906        0.064541
     H   21        0.503883        0.064541       -0.201586

     C   22       -0.743057       -0.000476       -0.360956
     C   22       -0.000476        0.161649       -0.559541
     C   22       -0.360956       -0.559541        0.581408

     C   23        0.043507       -0.012465        0.262489
     C   23       -0.012465        0.090874       -0.030770
     C   23        0.262489       -0.030770       -0.134381

     Cl  24       -0.164435        0.424363        0.883357
     Cl  24        0.424363       -0.398073       -1.075770
     Cl  24        0.883357       -1.075770        0.562508

     ----- total EFG (symmetrized) -----
     Cl   1       -0.479627        0.339844       -0.505925
     Cl   1        0.339844        0.933684       -1.205984
     Cl   1       -0.505925       -1.205984       -0.454057

     C    2        0.369915       -0.132124       -0.178855
     C    2       -0.132124        0.204275       -0.182831
     C    2       -0.178855       -0.182831       -0.574190

     C    3       -0.150366        0.020780        0.169735
     C    3        0.020780        0.189018        0.391033
     C    3        0.169735        0.391033       -0.038652

     H    4        0.578141        0.060150        0.442071
     H    4        0.060150       -0.603286        0.389854
     H    4        0.442071        0.389854        0.025146

     C    5        0.171657       -0.498986       -0.292636
     C    5       -0.498986        0.303482       -0.384844
     C    5       -0.292636       -0.384844       -0.475139

     H    6       -0.247086        0.165179       -0.175303
     H    6        0.165179        0.138727        0.527725
     H    6       -0.175303        0.527725        0.108359

     H    7       -0.478388        0.135556        0.310607
     H    7        0.135556        0.599382       -0.427936
     H    7        0.310607       -0.427936       -0.120994

     C    8       -0.128237       -0.200906       -0.270010
     C    8       -0.200906        0.291840       -0.041734
     C    8       -0.270010       -0.041734       -0.163603

     H    9        0.437194       -0.160600        0.533658
     H    9       -0.160600       -0.021341       -0.454755
     H    9        0.533658       -0.454755       -0.415853

     C   10        0.156239       -0.021317        0.255225
     C   10       -0.021317       -0.003354       -0.118543
     C   10        0.255225       -0.118543       -0.152885

     C   11       -0.189444        0.006185       -0.090021
     C   11        0.006185        0.019011        0.013508
     C   11       -0.090021        0.013508        0.170433

     Cl  12       -0.461550        1.678283       -0.211516
     Cl  12        1.678283       -0.900355        1.558799
     Cl  12       -0.211516        1.558799        1.361904

     H   13       -0.103673       -0.053896        0.048463
     H   13       -0.053896        0.326438        0.153863
     H   13        0.048463        0.153863       -0.222765

     C   14       -0.585210        0.283479       -0.440801
     C   14        0.283479        0.551501        0.363300
     C   14       -0.440801        0.363300        0.033709

     H   15        0.382492        0.245994        0.402436
     H   15        0.245994       -0.000074        0.150788
     H   15        0.402436        0.150788       -0.382418

     C   16        0.262736       -0.167276       -0.557436
     C   16       -0.167276       -0.386488       -0.056299
     C   16       -0.557436       -0.056299        0.123752

     C   17       -0.084994        0.088439       -0.425313
     C   17        0.088439        0.107371        0.203315
     C   17       -0.425313        0.203315       -0.022377

     Cl  18        0.544362       -1.428478       -1.936115
     Cl  18       -1.428478       -1.217006       -0.844905
     Cl  18       -1.936115       -0.844905        0.672644

     H   19       -0.317022       -0.050897        0.200367
     H   19       -0.050897        0.242536       -0.219264
     H   19        0.200367       -0.219264        0.074487

     C   20       -0.100430        0.623602       -0.138036
     C   20        0.623602        0.077055        0.270765
     C   20       -0.138036        0.270765        0.023376

     H   21        0.299493       -0.247059        0.503883
     H   21       -0.247059       -0.097906        0.064541
     H   21        0.503883        0.064541       -0.201586

     C   22       -0.743057       -0.000476       -0.360956
     C   22       -0.000476        0.161649       -0.559541
     C   22       -0.360956       -0.559541        0.581408

     C   23        0.043507       -0.012465        0.262489
     C   23       -0.012465        0.090874       -0.030770
     C   23        0.262489       -0.030770       -0.134381

     Cl  24       -0.164435        0.424363        0.883357
     Cl  24        0.424363       -0.398073       -1.075770
     Cl  24        0.883357       -1.075770        0.562508


     NQR/NMR SPECTROSCOPIC PARAMETERS:
     Cl   1    Vxx=   -0.5082    axis=(  0.898462 -0.386290 -0.208678)
     Cl   1    Vyy=   -1.2579    axis=(  0.368131  0.403789  0.837517)
     Cl   1    Vzz=    1.7661    axis=(  0.239263  0.829298 -0.504994)
     Cl   1  Q=        -8.1650 1e-30 m^2  Cq=       -33.8819 MHz  eta= 0.42446

     C    2    Vxx=    0.2071    axis=(  0.387207  0.874129 -0.293206)
     C    2    Vyy=    0.4486    axis=(  0.900898 -0.426344 -0.081328)
     C    2    Vzz=   -0.6557    axis=(  0.196098  0.232658  0.952584)
     C    2  Q=         1.0000 1e-30 m^2  Cq=        -1.5405 MHz  eta= 0.36835

     C    3    Vxx=   -0.1067    axis=(  0.863935 -0.422680  0.273786)
     C    3    Vyy=   -0.3978    axis=( -0.469216 -0.478148  0.742436)
     C    3    Vzz=    0.5045    axis=(  0.182903  0.769881  0.611417)
     C    3  Q=         1.0000 1e-30 m^2  Cq=         1.1854 MHz  eta= 0.57684

     H    4    Vxx=   -0.0601    axis=(  0.536250 -0.452176 -0.712722)
     H    4    Vyy=   -0.8052    axis=(  0.112357  0.875125 -0.470673)
     H    4    Vzz=    0.8654    axis=( -0.836548 -0.172319 -0.520090)
     H    4  Q=         1.0000 1e-30 m^2  Cq=         2.0333 MHz  eta= 0.86103

     C    5    Vxx=    0.1090    axis=(  0.649310  0.443754 -0.617640)
     C    5    Vyy=    0.7502    axis=( -0.622008  0.777160 -0.095538)
     C    5    Vzz=   -0.8592    axis=(  0.437609  0.446211  0.780637)
     C    5  Q=         1.0000 1e-30 m^2  Cq=        -2.0187 MHz  eta= 0.74626

     H    6    Vxx=   -0.0724    axis=( -0.809447 -0.412147  0.418247)
     H    6    Vyy=   -0.5791    axis=( -0.587177  0.562817 -0.581774)
     H    6    Vzz=    0.6515    axis=(  0.004380 -0.716500 -0.697574)
     H    6  Q=         1.0000 1e-30 m^2  Cq=         1.5308 MHz  eta= 0.77774

     H    7    Vxx=   -0.0514    axis=(  0.621473  0.335954  0.707748)
     H    7    Vyy=   -0.7472    axis=(  0.783405 -0.258481 -0.565211)
     H    7    Vzz=    0.7986    axis=(  0.006945 -0.905717  0.423827)
     H    7  Q=         1.0000 1e-30 m^2  Cq=         1.8764 MHz  eta= 0.87132

     C    8    Vxx=    0.0740    axis=( -0.573308 -0.390765  0.720153)
     C    8    Vyy=    0.3814    axis=(  0.427837 -0.892373 -0.143616)
     C    8    Vzz=   -0.4554    axis=(  0.698765  0.225772  0.678789)
     C    8  Q=         1.0000 1e-30 m^2  Cq=        -1.0701 MHz  eta= 0.67506

     H    9    Vxx=   -0.0118    axis=(  0.538714  0.816544 -0.207468)
     H    9    Vyy=   -0.8305    axis=(  0.306577 -0.419371 -0.854481)
     H    9    Vzz=    0.8423    axis=( -0.784728  0.396716 -0.476255)
     H    9  Q=         1.0000 1e-30 m^2  Cq=         1.9790 MHz  eta= 0.97209

     C   10    Vxx=    0.0052    axis=(  0.350373  0.927561 -0.129883)
     C   10    Vyy=    0.3192    axis=(  0.827020 -0.241296  0.507754)
     C   10    Vzz=   -0.3243    axis=(  0.439633 -0.285319 -0.851655)
     C   10  Q=         1.0000 1e-30 m^2  Cq=        -0.7621 MHz  eta= 0.96798

     C   11    Vxx=    0.0186    axis=(  0.054131  0.996929 -0.056591)
     C   11    Vyy=    0.1925    axis=(  0.227853 -0.067511 -0.971352)
     C   11    Vzz=   -0.2111    axis=( -0.972190  0.039686 -0.230808)
     C   11  Q=         1.0000 1e-30 m^2  Cq=        -0.4959 MHz  eta= 0.82395

     Cl  12    Vxx=    0.4958    axis=(  0.779240  0.381863 -0.496956)
     Cl  12    Vyy=    2.3106    axis=(  0.257664  0.527627  0.809456)
     Cl  12    Vzz=   -2.8064    axis=(  0.571309 -0.758808  0.312756)
     Cl  12  Q=        -8.1650 1e-30 m^2  Cq=        53.8399 MHz  eta= 0.64668

     H   13    Vxx=   -0.0864    axis=(  0.942687 -0.001293  0.333676)
     H   13    Vyy=   -0.2836    axis=(  0.322677  0.258197 -0.910612)
     H   13    Vzz=    0.3700    axis=( -0.084976  0.966092  0.243816)
     H   13  Q=         1.0000 1e-30 m^2  Cq=         0.8694 MHz  eta= 0.53274

     C   14    Vxx=    0.1938    axis=(  0.553451  0.335602 -0.762275)
     C   14    Vyy=    0.7412    axis=(  0.048905  0.900552  0.431988)
     C   14    Vzz=   -0.9350    axis=(  0.831444 -0.276363  0.481999)
     C   14  Q=         1.0000 1e-30 m^2  Cq=        -2.1968 MHz  eta= 0.58543

     H   15    Vxx=   -0.1173    axis=(  0.392053 -0.916995  0.073582)
     H   15    Vyy=   -0.5587    axis=(  0.372800  0.085244 -0.923988)
     H   15    Vzz=    0.6760    axis=(  0.841020  0.389683  0.375276)
     H   15  Q=         1.0000 1e-30 m^2  Cq=         1.5884 MHz  eta= 0.65285

     C   16    Vxx=   -0.2280    axis=(  0.441108 -0.675399  0.590982)
     C   16    Vyy=   -0.5339    axis=( -0.486383 -0.733326 -0.475041)
     C   16    Vzz=    0.7619    axis=( -0.754225  0.077900  0.651979)
     C   16  Q=         1.0000 1e-30 m^2  Cq=         1.7901 MHz  eta= 0.40154

     C   17    Vxx=    0.1401    axis=( -0.446356 -0.893433  0.050429)
     C   17    Vyy=    0.4043    axis=( -0.583513  0.333321  0.740547)
     C   17    Vzz=   -0.5443    axis=(  0.678438 -0.301122  0.670110)
     C   17  Q=         1.0000 1e-30 m^2  Cq=        -1.2790 MHz  eta= 0.48533

     Cl  18    Vxx=    0.3082    axis=( -0.416121  0.706716 -0.572185)
     Cl  18    Vyy=    2.5930    axis=( -0.725242  0.121634  0.677664)
     Cl  18    Vzz=   -2.9012    axis=(  0.548513  0.696963  0.461926)
     Cl  18  Q=        -8.1650 1e-30 m^2  Cq=        55.6581 MHz  eta= 0.78756

     H   19    Vxx=   -0.0235    axis=( -0.358170 -0.633685 -0.685680)
     H   19    Vyy=   -0.4040    axis=( -0.908748  0.068102  0.411752)
     H   19    Vzz=    0.4275    axis=( -0.214225  0.770588 -0.600252)
     H   19  Q=         1.0000 1e-30 m^2  Cq=         1.0044 MHz  eta= 0.89011

     C   20    Vxx=    0.1044    axis=( -0.394501  0.073145  0.915980)
     C   20    Vyy=    0.6416    axis=(  0.608170  0.768042  0.200600)
     C   20    Vzz=   -0.7460    axis=( -0.688838  0.636208 -0.347478)
     C   20  Q=         1.0000 1e-30 m^2  Cq=        -1.7528 MHz  eta= 0.71998

     H   21    Vxx=   -0.0670    axis=( -0.002181 -0.898504 -0.438959)
     H   21    Vyy=   -0.5876    axis=(  0.534638  0.369909 -0.759822)
     H   21    Vzz=    0.6545    axis=(  0.845078 -0.236341  0.479568)
     H   21  Q=         1.0000 1e-30 m^2  Cq=         1.5379 MHz  eta= 0.79535

     C   22    Vxx=   -0.1617    axis=( -0.297400  0.826538  0.477900)
     C   22    Vyy=   -0.8583    axis=(  0.939693  0.164846  0.299672)
     C   22    Vzz=    1.0200    axis=( -0.168910 -0.538202  0.825717)
     C   22  Q=         1.0000 1e-30 m^2  Cq=         2.3965 MHz  eta= 0.68292

     C   23    Vxx=    0.0862    axis=(  0.178582  0.981012  0.075655)
     C   23    Vyy=    0.2371    axis=(  0.794512 -0.189133  0.577044)
     C   23    Vzz=   -0.3233    axis=(  0.580396 -0.042941 -0.813202)
     C   23  Q=         1.0000 1e-30 m^2  Cq=        -0.7597 MHz  eta= 0.46663

     Cl  24    Vxx=    0.1579    axis=(  0.776263  0.630109 -0.019439)
     Cl  24    Vyy=    1.4540    axis=(  0.352523 -0.408315  0.842025)
     Cl  24    Vzz=   -1.6119    axis=(  0.522631 -0.660486 -0.539088)
     Cl  24  Q=        -8.1650 1e-30 m^2  Cq=        30.9236 MHz  eta= 0.80407

     Initialization:
     gipaw_setup  :      9.42s CPU     11.29s WALL (       1 calls)

     Linear response

     Apply operators

     Induced current

     Other routines
     efg          :      9.59s CPU     12.19s WALL (       1 calls)

     General routines
     calbec       :      3.27s CPU      4.45s WALL (      16 calls)
     fft          :      1.75s CPU      2.76s WALL (      15 calls)
     ffts         :      0.03s CPU      0.05s WALL (       2 calls)
     fftw         :      3.50s CPU      4.32s WALL (     672 calls)
     davcio       :      0.04s CPU      0.32s WALL (      32 calls)

     Parallel routines
     fft_scatter  :      2.60s CPU      4.25s WALL (     689 calls)

     Plugins

     GIPAW        :     62.22s CPU     76.19s WALL (       1 calls)
