
     Program QE v.6.0 (svn rev. 13079) starts on 10Jan2017 at 19:22: 7 

     This program is part of the open-source Quantum ESPRESSO suite
     for quantum simulation of materials; please cite
         "P. Giannozzi et al., J. Phys.:Condens. Matter 21 395502 (2009);
          URL http://www.quantum-espresso.org", 
     in publications or presentations arising from this work. More details at
     http://www.quantum-espresso.org/quote

     Parallel version (MPI), running on     8 processors
     R & G space division:  proc/nbgrp/npool/nimage =       8

     ***** This is GIPAW svn revision unknown      *****

     Parallelizing q-star over 1 images

     Reading data from directory:
     /users/majewski/paradichlorobenzene/pbe/9_constraint/scratch/pbe.ecut100.np8.dt60.pcl2phi-129368.save
     Message from routine read_xml_file:
     file /users/majewski/paradichlorobenzene/pbe/9_constraint/scratch/pbe.ecut100.np8.dt60.pcl2phi-129368.save not guaranteed to be safe for post-processing

   Info: using nr1, nr2, nr3 values from input

   Info: using nr1, nr2, nr3 values from input

     IMPORTANT: XC functional enforced from input :
     Exchange-correlation      =  SLA  PW   PBX  PBC ( 1  4  3  4 0 0)
     Any further DFT definition will be discarded
     Please, verify this is what you really want

               file C.pbe-n-kjpaw_psl.1.0.0.UPF: wavefunction(s)  2S 2P renormalized
               file Cl.pbe-n-kjpaw_psl.1.0.0.UPF: wavefunction(s)  3S 3P renormalized
               file H.pbe-kjpaw_psl.1.0.0.UPF: wavefunction(s)  1S renormalized

     Parallelization info
     --------------------
     sticks:   dense  smooth     PW     G-vecs:    dense   smooth      PW
     Min        3057    1223    332               144436    36536    5170
     Max        3059    1225    333               144437    36537    5171
     Sum       24467    9791   2657              1155489   292295   41363


     Subspace diagonalization in iterative solution of the eigenvalue problem:
     a serial algorithm will be used

     GIPAW projectors -----------------------------------------------
     atom=  C    l=0  rc=    1.2000  rs=    0.8000
     atom=  C    l=0  rc=    1.2000  rs=    0.8000
     atom=  C    l=1  rc=    1.4000  rs=    0.9333
     atom=  C    l=1  rc=    1.4000  rs=    0.9333
     projs nearly linearly dependent: l=1  n1,n2= 1, 2  s=  0.99951561

     atom=  Cl   l=0  rc=    1.6000  rs=    1.0667
     atom=  Cl   l=0  rc=    1.6000  rs=    1.0667
     atom=  Cl   l=1  rc=    1.6000  rs=    1.0667
     atom=  Cl   l=1  rc=    1.6000  rs=    1.0667
     atom=  Cl   l=2  rc=    1.6000  rs=    1.0667
     atom=  Cl   l=2  rc=    1.6000  rs=    1.0667
     projs nearly linearly dependent: l=2  n1,n2= 1, 2  s=  0.99993509

     atom=  H    l=0  rc=    1.0000  rs=    0.6667
     atom=  H    l=0  rc=    1.0000  rs=    0.6667
     projs nearly linearly dependent: l=0  n1,n2= 1, 2  s=  0.99968852
     -----------------------------------------------------------------

     GIPAW integrals: -------------------------------------------
     Atom  i/j   nmr_para   nmr_dia   epr_rmc  epr_para   epr_dia
       C   1 1   0.83E+03  0.17E-01  0.93E+01  0.24E+08  0.24E+03
       C   2 1   0.86E+03 -0.61E-01  0.94E+01  0.25E+08  0.25E+03
       C   2 2   0.90E+03 -0.15E+00  0.97E+01  0.26E+08  0.26E+03
       C   3 3   0.33E+01  0.34E+00  0.18E+01  0.55E+03  0.21E+02
       C   4 3   0.35E+01  0.37E+00  0.20E+01  0.59E+03  0.22E+02
       C   4 4   0.38E+01  0.39E+00  0.22E+01  0.63E+03  0.24E+02
       Cl  1 1   0.14E+04 -0.47E+00  0.84E+01  0.32E+09  0.42E+03
       Cl  2 1   0.21E+04 -0.37E+00  0.12E+02  0.49E+09  0.65E+03
       Cl  2 2   0.33E+04 -0.16E+00  0.21E+02  0.76E+09  0.10E+04
       Cl  3 3   0.21E+02  0.79E-01  0.89E+01  0.23E+05  0.13E+03
       Cl  4 3   0.24E+02  0.67E-01  0.99E+01  0.27E+05  0.15E+03
       Cl  4 4   0.28E+02  0.44E-01  0.11E+02  0.32E+05  0.18E+03
       Cl  5 5   0.77E+00  0.19E+00  0.18E+01  0.12E+03  0.22E+02
       Cl  6 5   0.80E+00  0.19E+00  0.19E+01  0.12E+03  0.23E+02
       Cl  6 6   0.83E+00  0.20E+00  0.19E+01  0.12E+03  0.23E+02
       H   1 1   0.39E+02  0.19E+00  0.29E+00  0.78E+05  0.13E+02
       H   2 1   0.41E+02  0.21E+00  0.32E+00  0.82E+05  0.14E+02
       H   2 2   0.43E+02  0.22E+00  0.36E+00  0.86E+05  0.15E+02
     ------------------------------------------------------------

     alpha_pv=     33.7274 eV

     Number of occupied bands for each k-point:
     k-point:     1    nbnd_occ=  42
     k-point:     2    nbnd_occ=  42
     k-point:     3    nbnd_occ=  42
     k-point:     4    nbnd_occ=  42
     k-point:     5    nbnd_occ=  42
     k-point:     6    nbnd_occ=  42
     k-point:     7    nbnd_occ=  42
     k-point:     8    nbnd_occ=  42
     k-point:     9    nbnd_occ=  42
     k-point:    10    nbnd_occ=  42
     k-point:    11    nbnd_occ=  42
     k-point:    12    nbnd_occ=  42
     k-point:    13    nbnd_occ=  42
     k-point:    14    nbnd_occ=  42
     k-point:    15    nbnd_occ=  42
     k-point:    16    nbnd_occ=  42


     q-space interpolation up to   110.00 Rydberg

     GIPAW job: efg                                                                             


     ELECTRIC FIELD GRADIENTS TENSORS IN Hartree/bohrradius^2:

     ----- bare term -----
     Cl   1       -0.021147        0.161845        0.034208
     Cl   1        0.161845        0.105169        0.075293
     Cl   1        0.034208        0.075293       -0.084022

     C    2       -0.296590        0.304429       -0.508045
     C    2        0.304429        0.211454       -0.267182
     C    2       -0.508045       -0.267182        0.085136

     C    3        0.123544        0.373476       -0.030354
     C    3        0.373476       -0.202516       -0.429216
     C    3       -0.030354       -0.429216        0.078972

     H    4        0.119336       -0.076806       -0.367045
     H    4       -0.076806        0.263273        0.253322
     H    4       -0.367045        0.253322       -0.382609

     C    5       -0.516339        0.361558       -0.449947
     C    5        0.361558        0.279898       -0.327311
     C    5       -0.449947       -0.327311        0.236440

     H    6        0.437045       -0.058194        0.127755
     H    6       -0.058194       -0.197981       -0.407181
     H    6        0.127755       -0.407181       -0.239064

     H    7        0.329275        0.298510        0.020121
     H    7        0.298510       -0.621537        0.244658
     H    7        0.020121        0.244658        0.292261

     C    8       -0.361892       -0.229285       -0.357534
     C    8       -0.229285       -0.100475        0.462506
     C    8       -0.357534        0.462506        0.462367

     H    9       -0.508186        0.343903       -0.198546
     H    9        0.343903        0.326278        0.089713
     H    9       -0.198546        0.089713        0.181908

     C   10       -0.182591       -0.267698       -0.120547
     C   10       -0.267698       -0.410454        0.489327
     C   10       -0.120547        0.489327        0.593044

     C   11       -0.333170        0.163186       -0.289128
     C   11        0.163186       -0.074684        0.590427
     C   11       -0.289128        0.590427        0.407853

     Cl  12       -0.158054       -0.086548        0.080521
     Cl  12       -0.086548       -0.123444       -0.003600
     Cl  12        0.080521       -0.003600        0.281498

     H   13        0.307579       -0.074537       -0.380651
     H   13       -0.074537       -0.013377       -0.416984
     H   13       -0.380651       -0.416984       -0.294202

     C   14       -0.173310        0.411796        0.020732
     C   14        0.411796       -0.348973       -0.428783
     C   14        0.020732       -0.428783        0.522283

     H   15        0.137055       -0.073544       -0.385268
     H   15       -0.073544        0.443437        0.037046
     H   15       -0.385268        0.037046       -0.580493

     C   16       -0.190067       -0.039675       -0.184623
     C   16       -0.039675       -0.094620       -0.480545
     C   16       -0.184623       -0.480545        0.284687

     C   17       -0.122717        0.110901       -0.293378
     C   17        0.110901       -0.315523       -0.502998
     C   17       -0.293378       -0.502998        0.438240

     Cl  18       -0.042495        0.082591       -0.036690
     Cl  18        0.082591       -0.011691       -0.011486
     Cl  18       -0.036690       -0.011486        0.054185

     H   19        0.075857        0.317660       -0.083496
     H   19        0.317660       -0.383184        0.412246
     H   19       -0.083496        0.412246        0.307327

     C   20       -0.304826       -0.360934       -0.116695
     C   20       -0.360934       -0.184701        0.425652
     C   20       -0.116695        0.425652        0.489528

     H   21       -0.693829        0.200975        0.051319
     H   21        0.200975        0.431262        0.132692
     H   21        0.051319        0.132692        0.262568

     C   22       -0.027634       -0.025233       -0.399674
     C   22       -0.025233       -0.262195        0.531218
     C   22       -0.399674        0.531218        0.289829

     C   23       -0.190588       -0.056221       -0.421067
     C   23       -0.056221       -0.091808        0.489824
     C   23       -0.421067        0.489824        0.282396

     Cl  24        0.013872        0.053754       -0.065330
     Cl  24        0.053754       -0.022688        0.010996
     Cl  24       -0.065330        0.010996        0.008816

     ----- ionic term -----
     Cl   1        0.128701       -0.198474       -0.004835
     Cl   1       -0.198474       -0.001015        0.011701
     Cl   1       -0.004835        0.011701       -0.127687

     C    2        0.108973       -0.267607        0.285967
     C    2       -0.267607        0.005121        0.369774
     C    2        0.285967        0.369774       -0.114095

     C    3        0.045316       -0.312843        0.240666
     C    3       -0.312843        0.123432        0.345766
     C    3        0.240666        0.345766       -0.168748

     H    4        0.456228        0.177551        0.769295
     H    4        0.177551       -0.483580        0.200818
     H    4        0.769295        0.200818        0.027352

     C    5        0.119046       -0.296058        0.367843
     C    5       -0.296058        0.044348        0.236011
     C    5        0.367843        0.236011       -0.163394

     H    6       -0.535352        0.087451        0.098928
     H    6        0.087451        0.588353        0.737681
     H    6        0.098928        0.737681       -0.053001

     H    7       -0.517424       -0.149386        0.079387
     H    7       -0.149386        0.648091       -0.712663
     H    7        0.079387       -0.712663       -0.130667

     C    8        0.314431        0.110798        0.207266
     C    8        0.110798        0.077642       -0.342921
     C    8        0.207266       -0.342921       -0.392073

     H    9        0.595641       -0.259918        0.707368
     H    9       -0.259918       -0.450582       -0.236121
     H    9        0.707368       -0.236121       -0.145059

     C   10        0.130279        0.190343        0.171116
     C   10        0.190343        0.232588       -0.428961
     C   10        0.171116       -0.428961       -0.362868

     C   11        0.203217        0.088040        0.247914
     C   11        0.088040        0.186463       -0.425689
     C   11        0.247914       -0.425689       -0.389679

     Cl  12        0.115479        0.194112       -0.000344
     Cl  12        0.194112        0.030679       -0.012933
     Cl  12       -0.000344       -0.012933       -0.146158

     H   13       -0.510448        0.142053        0.116044
     H   13        0.142053        0.458369        0.754274
     H   13        0.116044        0.754274        0.052078

     C   14        0.136036       -0.233340        0.368228
     C   14       -0.233340        0.015519        0.233453
     C   14        0.368228        0.233453       -0.151555

     H   15        0.217913        0.245532        0.794248
     H   15        0.245532       -0.448544        0.309424
     H   15        0.794248        0.309424        0.230631

     C   16       -0.079355       -0.206013        0.278210
     C   16       -0.206013        0.155725        0.425574
     C   16        0.278210        0.425574       -0.076370

     C   17       -0.049380       -0.243862        0.377211
     C   17       -0.243862        0.120534        0.397669
     C   17        0.377211        0.397669       -0.071154

     Cl  18        0.039729       -0.209080        0.020468
     Cl  18       -0.209080        0.103498       -0.017327
     Cl  18        0.020468       -0.017327       -0.143227

     H   19       -0.474643       -0.243961        0.104295
     H   19       -0.243961        0.824641       -0.553046
     H   19        0.104295       -0.553046       -0.349998

     C   20        0.338649        0.089241        0.206624
     C   20        0.089241        0.073008       -0.308467
     C   20        0.206624       -0.308467       -0.411657

     H   21        0.808250       -0.360569        0.471447
     H   21       -0.360569       -0.400459       -0.194379
     H   21        0.471447       -0.194379       -0.407791

     C   22        0.222983        0.121415        0.118304
     C   22        0.121415        0.191982       -0.396299
     C   22        0.118304       -0.396299       -0.414965

     C   23        0.269187        0.015531        0.251629
     C   23        0.015531        0.127200       -0.413635
     C   23        0.251629       -0.413635       -0.396387

     Cl  24        0.135502        0.185067       -0.010623
     Cl  24        0.185067       -0.010286       -0.013832
     Cl  24       -0.010623       -0.013832       -0.125216

     ----- GIPAW term -----
     Cl   1        0.785884       -0.004535        0.451095
     Cl   1       -0.004535        1.615583        0.872015
     Cl   1        0.451095        0.872015       -2.401467

     C    2        0.038888        0.155208       -0.087264
     C    2        0.155208        0.150002       -0.040866
     C    2       -0.087264       -0.040866       -0.188889

     C    3        0.001609        0.129333       -0.049258
     C    3        0.129333        0.042536       -0.110305
     C    3       -0.049258       -0.110305       -0.044146

     H    4       -0.000000        0.000000        0.000000
     H    4        0.000000        0.000000        0.000000
     H    4        0.000000        0.000000        0.000000

     C    5       -0.088975        0.181003       -0.126571
     C    5        0.181003        0.127483       -0.136341
     C    5       -0.126571       -0.136341       -0.038508

     H    6       -0.000000        0.000000        0.000000
     H    6        0.000000        0.000000        0.000000
     H    6        0.000000        0.000000        0.000000

     H    7       -0.000000        0.000000        0.000000
     H    7        0.000000        0.000000        0.000000
     H    7        0.000000        0.000000        0.000000

     C    8       -0.094953       -0.080923       -0.106310
     C    8       -0.080923       -0.021749        0.200348
     C    8       -0.106310        0.200348        0.116702

     H    9       -0.000000        0.000000        0.000000
     H    9        0.000000        0.000000        0.000000
     H    9        0.000000        0.000000        0.000000

     C   10       -0.133696       -0.040331       -0.062407
     C   10       -0.040331       -0.138510        0.142562
     C   10       -0.062407        0.142562        0.272207

     C   11       -0.077021        0.160149        0.013151
     C   11        0.160149       -0.068200        0.179054
     C   11        0.013151        0.179054        0.145221

     Cl  12       -0.040108        1.616602        0.780139
     Cl  12        1.616602       -1.221477       -0.042226
     Cl  12        0.780139       -0.042226        1.261585

     H   13       -0.000000        0.000000        0.000000
     H   13        0.000000        0.000000        0.000000
     H   13        0.000000        0.000000        0.000000

     C   14        0.017625        0.055392        0.152831
     C   14        0.055392       -0.174491       -0.100563
     C   14        0.152831       -0.100563        0.156866

     H   15       -0.000000        0.000000        0.000000
     H   15        0.000000        0.000000        0.000000
     H   15        0.000000        0.000000        0.000000

     C   16       -0.134449       -0.077741        0.040064
     C   16       -0.077741       -0.028067       -0.190410
     C   16        0.040064       -0.190410        0.162516

     C   17        0.006352       -0.107069       -0.034236
     C   17       -0.107069       -0.100966       -0.089607
     C   17       -0.034236       -0.089607        0.094615

     Cl  18        0.299605        0.303341       -1.316353
     Cl  18        0.303341        0.685892       -1.761469
     Cl  18       -1.316353       -1.761469       -0.985498

     H   19       -0.000000        0.000000        0.000000
     H   19        0.000000        0.000000        0.000000
     H   19        0.000000        0.000000        0.000000

     C   20       -0.022800       -0.026673        0.070256
     C   20       -0.026673       -0.087071        0.124926
     C   20        0.070256        0.124926        0.109872

     H   21       -0.000000        0.000000        0.000000
     H   21        0.000000        0.000000        0.000000
     H   21        0.000000        0.000000        0.000000

     C   22        0.068464        0.068914       -0.156272
     C   22        0.068914       -0.070225        0.067281
     C   22       -0.156272        0.067281        0.001760

     C   23        0.049193        0.108083       -0.091781
     C   23        0.108083        0.003407        0.090768
     C   23       -0.091781        0.090768       -0.052600

     Cl  24        1.465012        2.509524       -0.549534
     Cl  24        2.509524       -0.132478        0.081735
     Cl  24       -0.549534        0.081735       -1.332534

     ----- total EFG -----
     Cl   1        0.893438       -0.041164        0.480468
     Cl   1       -0.041164        1.719737        0.959008
     Cl   1        0.480468        0.959008       -2.613176

     C    2       -0.148729        0.192031       -0.309342
     C    2        0.192031        0.366577        0.061726
     C    2       -0.309342        0.061726       -0.217848

     C    3        0.170470        0.189966        0.161054
     C    3        0.189966       -0.036548       -0.193755
     C    3        0.161054       -0.193755       -0.133922

     H    4        0.575564        0.100745        0.402250
     H    4        0.100745       -0.220307        0.454141
     H    4        0.402250        0.454141       -0.355257

     C    5       -0.486268        0.246504       -0.208675
     C    5        0.246504        0.451730       -0.227641
     C    5       -0.208675       -0.227641        0.034538

     H    6       -0.098308        0.029257        0.226683
     H    6        0.029257        0.390372        0.330501
     H    6        0.226683        0.330501       -0.292065

     H    7       -0.188149        0.149124        0.099508
     H    7        0.149124        0.026554       -0.468005
     H    7        0.099508       -0.468005        0.161595

     C    8       -0.142415       -0.199410       -0.256578
     C    8       -0.199410       -0.044582        0.319933
     C    8       -0.256578        0.319933        0.186996

     H    9        0.087455        0.083984        0.508822
     H    9        0.083984       -0.124304       -0.146408
     H    9        0.508822       -0.146408        0.036849

     C   10       -0.186008       -0.117685       -0.011838
     C   10       -0.117685       -0.316376        0.202928
     C   10       -0.011838        0.202928        0.502383

     C   11       -0.206974        0.411374       -0.028064
     C   11        0.411374        0.043579        0.343792
     C   11       -0.028064        0.343792        0.163395

     Cl  12       -0.082683        1.724166        0.860315
     Cl  12        1.724166       -1.314243       -0.058759
     Cl  12        0.860315       -0.058759        1.396926

     H   13       -0.202869        0.067516       -0.264607
     H   13        0.067516        0.444993        0.337290
     H   13       -0.264607        0.337290       -0.242124

     C   14       -0.019649        0.233848        0.541791
     C   14        0.233848       -0.507945       -0.295893
     C   14        0.541791       -0.295893        0.527595

     H   15        0.354969        0.171987        0.408980
     H   15        0.171987       -0.005107        0.346469
     H   15        0.408980        0.346469       -0.349862

     C   16       -0.403870       -0.323429        0.133652
     C   16       -0.323429        0.033037       -0.245381
     C   16        0.133652       -0.245381        0.370833

     C   17       -0.165745       -0.240029        0.049597
     C   17       -0.240029       -0.295955       -0.194935
     C   17        0.049597       -0.194935        0.461700

     Cl  18        0.296839        0.176852       -1.332575
     Cl  18        0.176852        0.777700       -1.790282
     Cl  18       -1.332575       -1.790282       -1.074539

     H   19       -0.398786        0.073699        0.020799
     H   19        0.073699        0.441456       -0.140800
     H   19        0.020799       -0.140800       -0.042670

     C   20        0.011023       -0.298366        0.160185
     C   20       -0.298366       -0.198765        0.242111
     C   20        0.160185        0.242111        0.187743

     H   21        0.114420       -0.159595        0.522766
     H   21       -0.159595        0.030803       -0.061687
     H   21        0.522766       -0.061687       -0.145223

     C   22        0.263813        0.165096       -0.437641
     C   22        0.165096       -0.140437        0.202199
     C   22       -0.437641        0.202199       -0.123376

     C   23        0.127792        0.067393       -0.261218
     C   23        0.067393        0.038799        0.166956
     C   23       -0.261218        0.166956       -0.166591

     Cl  24        1.614387        2.748345       -0.625488
     Cl  24        2.748345       -0.165453        0.078899
     Cl  24       -0.625488        0.078899       -1.448934

     ----- total EFG (symmetrized) -----
     Cl   1        0.893438       -0.041164        0.480468
     Cl   1       -0.041164        1.719737        0.959008
     Cl   1        0.480468        0.959008       -2.613176

     C    2       -0.148729        0.192031       -0.309342
     C    2        0.192031        0.366577        0.061726
     C    2       -0.309342        0.061726       -0.217848

     C    3        0.170470        0.189966        0.161054
     C    3        0.189966       -0.036548       -0.193755
     C    3        0.161054       -0.193755       -0.133922

     H    4        0.575564        0.100745        0.402250
     H    4        0.100745       -0.220307        0.454141
     H    4        0.402250        0.454141       -0.355257

     C    5       -0.486268        0.246504       -0.208675
     C    5        0.246504        0.451730       -0.227641
     C    5       -0.208675       -0.227641        0.034538

     H    6       -0.098308        0.029257        0.226683
     H    6        0.029257        0.390372        0.330501
     H    6        0.226683        0.330501       -0.292065

     H    7       -0.188149        0.149124        0.099508
     H    7        0.149124        0.026554       -0.468005
     H    7        0.099508       -0.468005        0.161595

     C    8       -0.142415       -0.199410       -0.256578
     C    8       -0.199410       -0.044582        0.319933
     C    8       -0.256578        0.319933        0.186996

     H    9        0.087455        0.083984        0.508822
     H    9        0.083984       -0.124304       -0.146408
     H    9        0.508822       -0.146408        0.036849

     C   10       -0.186008       -0.117685       -0.011838
     C   10       -0.117685       -0.316376        0.202928
     C   10       -0.011838        0.202928        0.502383

     C   11       -0.206974        0.411374       -0.028064
     C   11        0.411374        0.043579        0.343792
     C   11       -0.028064        0.343792        0.163395

     Cl  12       -0.082683        1.724166        0.860315
     Cl  12        1.724166       -1.314243       -0.058759
     Cl  12        0.860315       -0.058759        1.396926

     H   13       -0.202869        0.067516       -0.264607
     H   13        0.067516        0.444993        0.337290
     H   13       -0.264607        0.337290       -0.242124

     C   14       -0.019649        0.233848        0.541791
     C   14        0.233848       -0.507945       -0.295893
     C   14        0.541791       -0.295893        0.527595

     H   15        0.354969        0.171987        0.408980
     H   15        0.171987       -0.005107        0.346469
     H   15        0.408980        0.346469       -0.349862

     C   16       -0.403870       -0.323429        0.133652
     C   16       -0.323429        0.033037       -0.245381
     C   16        0.133652       -0.245381        0.370833

     C   17       -0.165745       -0.240029        0.049597
     C   17       -0.240029       -0.295955       -0.194935
     C   17        0.049597       -0.194935        0.461700

     Cl  18        0.296839        0.176852       -1.332575
     Cl  18        0.176852        0.777700       -1.790282
     Cl  18       -1.332575       -1.790282       -1.074539

     H   19       -0.398786        0.073699        0.020799
     H   19        0.073699        0.441456       -0.140800
     H   19        0.020799       -0.140800       -0.042670

     C   20        0.011023       -0.298366        0.160185
     C   20       -0.298366       -0.198765        0.242111
     C   20        0.160185        0.242111        0.187743

     H   21        0.114420       -0.159595        0.522766
     H   21       -0.159595        0.030803       -0.061687
     H   21        0.522766       -0.061687       -0.145223

     C   22        0.263813        0.165096       -0.437641
     C   22        0.165096       -0.140437        0.202199
     C   22       -0.437641        0.202199       -0.123376

     C   23        0.127792        0.067393       -0.261218
     C   23        0.067393        0.038799        0.166956
     C   23       -0.261218        0.166956       -0.166591

     Cl  24        1.614387        2.748345       -0.625488
     Cl  24        2.748345       -0.165453        0.078899
     Cl  24       -0.625488        0.078899       -1.448934


     NQR/NMR SPECTROSCOPIC PARAMETERS:
     Cl   1    Vxx=    0.9507    axis=(  0.990223 -0.084959  0.110638)
     Cl   1    Vyy=    1.9261    axis=(  0.059950  0.975341  0.212407)
     Cl   1    Vzz=   -2.8767    axis=( -0.125955 -0.203697  0.970898)
     Cl   1  Q=        -8.1650 1e-30 m^2  Cq=        55.1882 MHz  eta= 0.33907

     C    2    Vxx=    0.0957    axis=( -0.648709  0.300563  0.699170)
     C    2    Vyy=    0.4333    axis=( -0.349249 -0.933828  0.077397)
     C    2    Vzz=   -0.5290    axis=(  0.676167 -0.193976  0.710754)
     C    2  Q=         1.0000 1e-30 m^2  Cq=        -1.2429 MHz  eta= 0.63816

     C    3    Vxx=    0.1029    axis=(  0.221822 -0.675286  0.703409)
     C    3    Vyy=    0.2888    axis=( -0.888989 -0.436437 -0.138642)
     C    3    Vzz=   -0.3917    axis=(  0.400617 -0.594569 -0.697133)
     C    3  Q=         1.0000 1e-30 m^2  Cq=        -0.9204 MHz  eta= 0.47476

     H    4    Vxx=   -0.0038    axis=(  0.454105 -0.760902 -0.463484)
     H    4    Vyy=   -0.7926    axis=(  0.187412  0.590153 -0.785236)
     H    4    Vzz=    0.7964    axis=(  0.871014  0.269717  0.410594)
     H    4  Q=         1.0000 1e-30 m^2  Cq=         1.8712 MHz  eta= 0.99045

     C    5    Vxx=   -0.0515    axis=( -0.152206  0.468312  0.870355)
     C    5    Vyy=   -0.5866    axis=(  0.951315 -0.169384  0.257505)
     C    5    Vzz=    0.6381    axis=(  0.268017  0.867175 -0.419731)
     C    5  Q=         1.0000 1e-30 m^2  Cq=         1.4993 MHz  eta= 0.83872

     H    6    Vxx=   -0.0229    axis=(  0.881734 -0.331124  0.336008)
     H    6    Vyy=   -0.5222    axis=(  0.434838  0.294293 -0.851063)
     H    6    Vzz=    0.5451    axis=(  0.182922  0.896520  0.403473)
     H    6  Q=         1.0000 1e-30 m^2  Cq=         1.2807 MHz  eta= 0.91593

     H    7    Vxx=   -0.0822    axis=(  0.857188  0.369279  0.358972)
     H    7    Vyy=   -0.4854    axis=( -0.514069  0.655494  0.553228)
     H    7    Vzz=    0.5676    axis=( -0.031008 -0.658757  0.751717)
     H    7  Q=         1.0000 1e-30 m^2  Cq=         1.3337 MHz  eta= 0.71025

     C    8    Vxx=   -0.2622    axis=( -0.390540  0.629633 -0.671596)
     C    8    Vyy=   -0.2991    axis=( -0.819710 -0.569875 -0.057599)
     C    8    Vzz=    0.5612    axis=( -0.418992  0.528019  0.738676)
     C    8  Q=         1.0000 1e-30 m^2  Cq=         1.3187 MHz  eta= 0.06580

     H    9    Vxx=   -0.0578    axis=( -0.309442 -0.920076  0.240222)
     H    9    Vyy=   -0.5162    axis=(  0.625144 -0.387190 -0.677701)
     H    9    Vzz=    0.5740    axis=(  0.716548 -0.059536  0.694993)
     H    9  Q=         1.0000 1e-30 m^2  Cq=         1.3487 MHz  eta= 0.79849

     C   10    Vxx=   -0.1338    axis=(  0.898211 -0.413659  0.148669)
     C   10    Vyy=   -0.4182    axis=(  0.436369  0.879836 -0.188338)
     C   10    Vzz=    0.5520    axis=( -0.052897  0.234042  0.970786)
     C   10  Q=         1.0000 1e-30 m^2  Cq=         1.2969 MHz  eta= 0.51529

     C   11    Vxx=    0.0392    axis=( -0.606986 -0.313395  0.730309)
     C   11    Vyy=    0.5485    axis=(  0.363063  0.708102  0.605621)
     C   11    Vzz=   -0.5877    axis=( -0.706932  0.632752 -0.316026)
     C   11  Q=         1.0000 1e-30 m^2  Cq=        -1.3809 MHz  eta= 0.86664

     Cl  12    Vxx=    0.6186    axis=( -0.584662 -0.539941  0.605503)
     Cl  12    Vyy=    1.9868    axis=(  0.556205  0.276562  0.783677)
     Cl  12    Vzz=   -2.6054    axis=( -0.590599  0.794970  0.138622)
     Cl  12  Q=        -8.1650 1e-30 m^2  Cq=        49.9834 MHz  eta= 0.52513

     H   13    Vxx=   -0.0084    axis=(  0.807449  0.269976 -0.524536)
     H   13    Vyy=   -0.5765    axis=(  0.587570 -0.288470  0.756007)
     H   13    Vzz=    0.5849    axis=(  0.052791 -0.918639 -0.391555)
     H   13  Q=         1.0000 1e-30 m^2  Cq=         1.3742 MHz  eta= 0.97128

     C   14    Vxx=   -0.0748    axis=(  0.712022  0.615392 -0.338107)
     C   14    Vyy=   -0.7992    axis=( -0.496599  0.781773  0.377122)
     C   14    Vzz=    0.8740    axis=(  0.496401 -0.100616  0.862243)
     C   14  Q=         1.0000 1e-30 m^2  Cq=         2.0536 MHz  eta= 0.82882

     H   15    Vxx=   -0.0409    axis=(  0.548289 -0.814880 -0.188015)
     H   15    Vyy=   -0.6428    axis=(  0.289116  0.395657 -0.871704)
     H   15    Vzz=    0.6837    axis=(  0.784724  0.423587  0.452529)
     H   15  Q=         1.0000 1e-30 m^2  Cq=         1.6063 MHz  eta= 0.88038

     C   16    Vxx=   -0.0036    axis=( -0.373370  0.709195  0.598028)
     C   16    Vyy=   -0.5757    axis=( -0.883665 -0.468108  0.003421)
     C   16    Vzz=    0.5793    axis=(  0.282368 -0.527179  0.801468)
     C   16  Q=         1.0000 1e-30 m^2  Cq=         1.3612 MHz  eta= 0.98755

     C   17    Vxx=   -0.0295    axis=( -0.806596  0.516978  0.286594)
     C   17    Vyy=   -0.4966    axis=(  0.568342  0.811532  0.135659)
     C   17    Vzz=    0.5262    axis=(  0.162448 -0.272306  0.948399)
     C   17  Q=         1.0000 1e-30 m^2  Cq=         1.2363 MHz  eta= 0.88778

     Cl  18    Vxx=    0.2911    axis=(  0.825267 -0.560290 -0.070777)
     Cl  18    Vyy=    2.2778    axis=( -0.435190 -0.710809  0.552595)
     Cl  18    Vzz=   -2.5688    axis=( -0.359922 -0.425237 -0.830439)
     Cl  18  Q=        -8.1650 1e-30 m^2  Cq=        49.2817 MHz  eta= 0.77339

     H   19    Vxx=   -0.0760    axis=(  0.117952  0.245056  0.962307)
     H   19    Vyy=   -0.4084    axis=(  0.990223 -0.101695 -0.095477)
     H   19    Vzz=    0.4843    axis=(  0.074465  0.964160 -0.254656)
     H   19  Q=         1.0000 1e-30 m^2  Cq=         1.1380 MHz  eta= 0.68627

     C   20    Vxx=    0.2215    axis=(  0.836307 -0.540405  0.092489)
     C   20    Vyy=    0.3063    axis=(  0.132914  0.363502  0.922063)
     C   20    Vzz=   -0.5278    axis=(  0.531907  0.758834 -0.375826)
     C   20  Q=         1.0000 1e-30 m^2  Cq=        -1.2402 MHz  eta= 0.16056

     H   21    Vxx=   -0.0145    axis=(  0.174460  0.952945  0.247912)
     H   21    Vyy=   -0.5584    axis=( -0.624060 -0.087742  0.776434)
     H   21    Vzz=    0.5729    axis=(  0.761651 -0.290169  0.579387)
     H   21  Q=         1.0000 1e-30 m^2  Cq=         1.3461 MHz  eta= 0.94951

     C   22    Vxx=    0.0166    axis=(  0.246497  0.852554  0.460860)
     C   22    Vyy=    0.5500    axis=(  0.843770  0.045138 -0.534803)
     C   22    Vzz=   -0.5666    axis=( -0.476751  0.520687 -0.708233)
     C   22  Q=         1.0000 1e-30 m^2  Cq=        -1.3314 MHz  eta= 0.94141

     C   23    Vxx=    0.1090    axis=(  0.311838  0.914331  0.258371)
     C   23    Vyy=    0.2840    axis=( -0.834974  0.133950  0.533737)
     C   23    Vzz=   -0.3929    axis=(  0.453403 -0.382173  0.805214)
     C   23  Q=         1.0000 1e-30 m^2  Cq=        -0.9232 MHz  eta= 0.44537

     Cl  24    Vxx=   -1.2811    axis=( -0.189404  0.403291  0.895256)
     Cl  24    Vyy=   -2.3739    axis=(  0.555962 -0.707480  0.436324)
     Cl  24    Vzz=    3.6549    axis=( -0.809340 -0.580370  0.090215)
     Cl  24  Q=        -8.1650 1e-30 m^2  Cq=       -70.1178 MHz  eta= 0.29899

     Initialization:
     gipaw_setup  :      8.96s CPU     10.65s WALL (       1 calls)

     Linear response

     Apply operators

     Induced current

     Other routines
     efg          :      9.27s CPU     11.63s WALL (       1 calls)

     General routines
     calbec       :      3.33s CPU      4.45s WALL (      16 calls)
     fft          :      1.39s CPU      1.87s WALL (      15 calls)
     ffts         :      0.03s CPU      0.05s WALL (       2 calls)
     fftw         :      3.18s CPU      3.83s WALL (     672 calls)
     davcio       :      0.04s CPU      0.30s WALL (      32 calls)

     Parallel routines
     fft_scatter  :      2.00s CPU      2.96s WALL (     689 calls)

     Plugins

     GIPAW        :     60.27s CPU     71.26s WALL (       1 calls)
