
     Program QE v.6.0 (svn rev. 13079) starts on 19Jan2017 at 20:48: 9 

     This program is part of the open-source Quantum ESPRESSO suite
     for quantum simulation of materials; please cite
         "P. Giannozzi et al., J. Phys.:Condens. Matter 21 395502 (2009);
          URL http://www.quantum-espresso.org", 
     in publications or presentations arising from this work. More details at
     http://www.quantum-espresso.org/quote

     Parallel version (MPI), running on     8 processors
     R & G space division:  proc/nbgrp/npool/nimage =       8

     ***** This is GIPAW svn revision unknown      *****

     Parallelizing q-star over 1 images

     Reading data from directory:
     /users/majewski/paradichlorobenzene/pbe/9_constraint/scratch/pbe.ecut100.np8.dt60.pcl2phi-129368.save
     Message from routine read_xml_file:
     file /users/majewski/paradichlorobenzene/pbe/9_constraint/scratch/pbe.ecut100.np8.dt60.pcl2phi-129368.save not guaranteed to be safe for post-processing

   Info: using nr1, nr2, nr3 values from input

   Info: using nr1, nr2, nr3 values from input

     IMPORTANT: XC functional enforced from input :
     Exchange-correlation      =  SLA  PW   PBX  PBC ( 1  4  3  4 0 0)
     Any further DFT definition will be discarded
     Please, verify this is what you really want

               file C.pbe-n-kjpaw_psl.1.0.0.UPF: wavefunction(s)  2S 2P renormalized
               file Cl.pbe-n-kjpaw_psl.1.0.0.UPF: wavefunction(s)  3S 3P renormalized
               file H.pbe-kjpaw_psl.1.0.0.UPF: wavefunction(s)  1S renormalized

     Parallelization info
     --------------------
     sticks:   dense  smooth     PW     G-vecs:    dense   smooth      PW
     Min        3057    1223    332               144436    36536    5170
     Max        3059    1225    333               144437    36537    5171
     Sum       24467    9791   2657              1155489   292295   41363


     Subspace diagonalization in iterative solution of the eigenvalue problem:
     a serial algorithm will be used

     GIPAW projectors -----------------------------------------------
     atom=  C    l=0  rc=    1.2000  rs=    0.8000
     atom=  C    l=0  rc=    1.2000  rs=    0.8000
     atom=  C    l=1  rc=    1.4000  rs=    0.9333
     atom=  C    l=1  rc=    1.4000  rs=    0.9333
     projs nearly linearly dependent: l=1  n1,n2= 1, 2  s=  0.99951561

     atom=  Cl   l=0  rc=    1.6000  rs=    1.0667
     atom=  Cl   l=0  rc=    1.6000  rs=    1.0667
     atom=  Cl   l=1  rc=    1.6000  rs=    1.0667
     atom=  Cl   l=1  rc=    1.6000  rs=    1.0667
     atom=  Cl   l=2  rc=    1.6000  rs=    1.0667
     atom=  Cl   l=2  rc=    1.6000  rs=    1.0667
     projs nearly linearly dependent: l=2  n1,n2= 1, 2  s=  0.99993509

     atom=  H    l=0  rc=    1.0000  rs=    0.6667
     atom=  H    l=0  rc=    1.0000  rs=    0.6667
     projs nearly linearly dependent: l=0  n1,n2= 1, 2  s=  0.99968852
     -----------------------------------------------------------------

     GIPAW integrals: -------------------------------------------
     Atom  i/j   nmr_para   nmr_dia   epr_rmc  epr_para   epr_dia
       C   1 1   0.83E+03  0.17E-01  0.93E+01  0.24E+08  0.24E+03
       C   2 1   0.86E+03 -0.61E-01  0.94E+01  0.25E+08  0.25E+03
       C   2 2   0.90E+03 -0.15E+00  0.97E+01  0.26E+08  0.26E+03
       C   3 3   0.33E+01  0.34E+00  0.18E+01  0.55E+03  0.21E+02
       C   4 3   0.35E+01  0.37E+00  0.20E+01  0.59E+03  0.22E+02
       C   4 4   0.38E+01  0.39E+00  0.22E+01  0.63E+03  0.24E+02
       Cl  1 1   0.14E+04 -0.47E+00  0.84E+01  0.32E+09  0.42E+03
       Cl  2 1   0.21E+04 -0.37E+00  0.12E+02  0.49E+09  0.65E+03
       Cl  2 2   0.33E+04 -0.16E+00  0.21E+02  0.76E+09  0.10E+04
       Cl  3 3   0.21E+02  0.79E-01  0.89E+01  0.23E+05  0.13E+03
       Cl  4 3   0.24E+02  0.67E-01  0.99E+01  0.27E+05  0.15E+03
       Cl  4 4   0.28E+02  0.44E-01  0.11E+02  0.32E+05  0.18E+03
       Cl  5 5   0.77E+00  0.19E+00  0.18E+01  0.12E+03  0.22E+02
       Cl  6 5   0.80E+00  0.19E+00  0.19E+01  0.12E+03  0.23E+02
       Cl  6 6   0.83E+00  0.20E+00  0.19E+01  0.12E+03  0.23E+02
       H   1 1   0.39E+02  0.19E+00  0.29E+00  0.78E+05  0.13E+02
       H   2 1   0.41E+02  0.21E+00  0.32E+00  0.82E+05  0.14E+02
       H   2 2   0.43E+02  0.22E+00  0.36E+00  0.86E+05  0.15E+02
     ------------------------------------------------------------

     alpha_pv=     33.9006 eV

     Number of occupied bands for each k-point:
     k-point:     1    nbnd_occ=  42
     k-point:     2    nbnd_occ=  42
     k-point:     3    nbnd_occ=  42
     k-point:     4    nbnd_occ=  42
     k-point:     5    nbnd_occ=  42
     k-point:     6    nbnd_occ=  42
     k-point:     7    nbnd_occ=  42
     k-point:     8    nbnd_occ=  42
     k-point:     9    nbnd_occ=  42
     k-point:    10    nbnd_occ=  42
     k-point:    11    nbnd_occ=  42
     k-point:    12    nbnd_occ=  42
     k-point:    13    nbnd_occ=  42
     k-point:    14    nbnd_occ=  42
     k-point:    15    nbnd_occ=  42
     k-point:    16    nbnd_occ=  42


     q-space interpolation up to   110.00 Rydberg

     GIPAW job: efg                                                                             


     ELECTRIC FIELD GRADIENTS TENSORS IN Hartree/bohrradius^2:

     ----- bare term -----
     Cl   1        0.022895        0.066667       -0.025587
     Cl   1        0.066667        0.058183        0.004672
     Cl   1       -0.025587        0.004672       -0.081079

     C    2       -0.659740        0.437218       -0.397078
     C    2        0.437218        0.364331       -0.115605
     C    2       -0.397078       -0.115605        0.295410

     C    3        0.271965        0.063914       -0.142056
     C    3        0.063914       -0.164748       -0.458093
     C    3       -0.142056       -0.458093       -0.107217

     H    4        0.040411        0.089943       -0.491250
     H    4        0.089943        0.038439        0.238403
     H    4       -0.491250        0.238403       -0.078850

     C    5       -0.623786        0.293020       -0.154945
     C    5        0.293020        0.262453       -0.037339
     C    5       -0.154945       -0.037339        0.361333

     H    6        0.500322       -0.050601        0.129237
     H    6       -0.050601       -0.133434       -0.270508
     H    6        0.129237       -0.270508       -0.366888

     H    7        0.290360        0.377285       -0.155558
     H    7        0.377285       -0.512111        0.469064
     H    7       -0.155558        0.469064        0.221751

     C    8       -0.077638       -0.218392       -0.126521
     C    8       -0.218392       -0.051608        0.414629
     C    8       -0.126521        0.414629        0.129246

     H    9       -0.294269        0.538619       -0.038011
     H    9        0.538619       -0.045672       -0.121353
     H    9       -0.038011       -0.121353        0.339940

     C   10       -0.427735       -0.234886       -0.064727
     C   10       -0.234886        0.082869        0.177606
     C   10       -0.064727        0.177606        0.344866

     C   11        0.016739        0.110193       -0.268872
     C   11        0.110193        0.006739        0.618161
     C   11       -0.268872        0.618161       -0.023478

     Cl  12       -0.055089       -0.188483        0.028065
     Cl  12       -0.188483       -0.040081       -0.120251
     Cl  12        0.028065       -0.120251        0.095171

     H   13        0.458408        0.018937        0.084915
     H   13        0.018937       -0.151876       -0.615922
     H   13        0.084915       -0.615922       -0.306532

     C   14       -0.155233       -0.042109       -0.360978
     C   14       -0.042109       -0.191893       -0.329938
     C   14       -0.360978       -0.329938        0.347126

     H   15        0.009798       -0.152766       -0.390654
     H   15       -0.152766        0.328618       -0.440920
     H   15       -0.390654       -0.440920       -0.338415

     C   16       -0.663576        0.349007       -0.364566
     C   16        0.349007        0.185235       -0.070590
     C   16       -0.364566       -0.070590        0.478340

     C   17        0.004318       -0.058028       -0.272586
     C   17       -0.058028        0.055192       -0.667522
     C   17       -0.272586       -0.667522       -0.059509

     Cl  18       -0.263661        0.223400       -0.005474
     Cl  18        0.223400        0.126472       -0.172942
     Cl  18       -0.005474       -0.172942        0.137188

     H   19        0.397540        0.185934        0.090269
     H   19        0.185934       -0.556739        0.337595
     H   19        0.090269        0.337595        0.159199

     C   20       -0.768638       -0.318080       -0.362354
     C   20       -0.318080        0.346576        0.057646
     C   20       -0.362354        0.057646        0.422062

     H   21       -0.573787       -0.095713       -0.027724
     H   21       -0.095713        0.294612        0.349011
     H   21       -0.027724        0.349011        0.279175

     C   22        0.122851        0.069421       -0.194941
     C   22        0.069421       -0.399912        0.528880
     C   22       -0.194941        0.528880        0.277061

     C   23       -0.824895       -0.478559       -0.345356
     C   23       -0.478559        0.304143        0.017922
     C   23       -0.345356        0.017922        0.520752

     Cl  24        0.083634       -0.038645        0.105104
     Cl  24       -0.038645        0.005136        0.142254
     Cl  24        0.105104        0.142254       -0.088770

     ----- ionic term -----
     Cl   1        0.132132       -0.238342        0.018180
     Cl   1       -0.238342        0.014794       -0.003997
     Cl   1        0.018180       -0.003997       -0.146926

     C    2        0.133651       -0.230292        0.380402
     C    2       -0.230292       -0.027129        0.434103
     C    2        0.380402        0.434103       -0.106522

     C    3        0.093493       -0.246104        0.212511
     C    3       -0.246104        0.078522        0.448233
     C    3        0.212511        0.448233       -0.172015

     H    4        0.481603        0.284338        0.719354
     H    4        0.284338       -0.425314        0.267091
     H    4        0.719354        0.267091       -0.056289

     C    5        0.250112       -0.288817        0.256554
     C    5       -0.288817       -0.005370        0.295301
     C    5        0.256554        0.295301       -0.244741

     H    6       -0.510341       -0.043007       -0.003191
     H    6       -0.043007        0.588993        0.746662
     H    6       -0.003191        0.746662       -0.078652

     H    7       -0.491974       -0.191493        0.129239
     H    7       -0.191493        0.543804       -0.752644
     H    7        0.129239       -0.752644       -0.051831

     C    8        0.364635        0.154431        0.115039
     C    8        0.154431       -0.008364       -0.349279
     C    8        0.115039       -0.349279       -0.356271

     H    9        0.737632       -0.289992        0.591229
     H    9       -0.289992       -0.454971       -0.220805
     H    9        0.591229       -0.220805       -0.282661

     C   10        0.201574        0.184302        0.071779
     C   10        0.184302        0.156200       -0.444401
     C   10        0.071779       -0.444401       -0.357774

     C   11        0.272615        0.046768        0.136334
     C   11        0.046768        0.127293       -0.406563
     C   11        0.136334       -0.406563       -0.399908

     Cl  12        0.127421        0.167191       -0.024196
     Cl  12        0.167191        0.007462       -0.027402
     Cl  12       -0.024196       -0.027402       -0.134883

     H   13       -0.530592        0.049613        0.070412
     H   13        0.049613        0.474724        0.795605
     H   13        0.070412        0.795605        0.055868

     C   14        0.267994       -0.254278        0.347166
     C   14       -0.254278       -0.105264        0.313683
     C   14        0.347166        0.313683       -0.162730

     H   15        0.453095        0.223631        0.749966
     H   15        0.223631       -0.506402        0.242799
     H   15        0.749966        0.242799        0.053307

     C   16        0.115251       -0.280292        0.191201
     C   16       -0.280292        0.029676        0.437371
     C   16        0.191201        0.437371       -0.144927

     C   17        0.135365       -0.246173        0.248575
     C   17       -0.246173       -0.001024        0.444946
     C   17        0.248575        0.444946       -0.134340

     Cl  18        0.115930       -0.198064       -0.009079
     Cl  18       -0.198064        0.021994        0.018791
     Cl  18       -0.009079        0.018791       -0.137925

     H   19       -0.510646       -0.109007        0.020545
     H   19       -0.109007        0.991258       -0.401502
     H   19        0.020545       -0.401502       -0.480612

     C   20        0.328246        0.112776        0.101406
     C   20        0.112776        0.160140       -0.259509
     C   20        0.101406       -0.259509       -0.488386

     H   21        0.674494       -0.394103        0.569378
     H   21       -0.394103       -0.362664       -0.251771
     H   21        0.569378       -0.251771       -0.311830

     C   22        0.150687        0.162330        0.102894
     C   22        0.162330        0.221887       -0.419201
     C   22        0.102894       -0.419201       -0.372575

     C   23        0.292212        0.157063        0.127212
     C   23        0.157063        0.098857       -0.397191
     C   23        0.127212       -0.397191       -0.391069

     Cl  24        0.158278        0.226547       -0.042729
     Cl  24        0.226547       -0.022249       -0.029921
     Cl  24       -0.042729       -0.029921       -0.136029

     ----- GIPAW term -----
     Cl   1        0.053636       -0.502283       -0.140976
     Cl   1       -0.502283        2.648454       -0.101772
     Cl   1       -0.140976       -0.101772       -2.702090

     C    2       -0.150140        0.072587       -0.037113
     C    2        0.072587        0.288016        0.044211
     C    2       -0.037113        0.044211       -0.137875

     C    3       -0.029135       -0.004047       -0.008959
     C    3       -0.004047        0.126170       -0.032699
     C    3       -0.008959       -0.032699       -0.097036

     H    4       -0.000000        0.000000        0.000000
     H    4        0.000000        0.000000        0.000000
     H    4        0.000000        0.000000        0.000000

     C    5       -0.104323       -0.013446        0.008536
     C    5       -0.013446        0.123537       -0.022313
     C    5        0.008536       -0.022313       -0.019214

     H    6       -0.000000        0.000000        0.000000
     H    6        0.000000        0.000000        0.000000
     H    6        0.000000        0.000000        0.000000

     H    7       -0.000000        0.000000        0.000000
     H    7        0.000000        0.000000        0.000000
     H    7        0.000000        0.000000        0.000000

     C    8       -0.091110       -0.117603        0.016354
     C    8       -0.117603        0.225923        0.010232
     C    8        0.016354        0.010232       -0.134812

     H    9       -0.000000        0.000000        0.000000
     H    9        0.000000        0.000000        0.000000
     H    9        0.000000        0.000000        0.000000

     C   10       -0.123129       -0.039673       -0.023233
     C   10       -0.039673        0.125989        0.101215
     C   10       -0.023233        0.101215       -0.002859

     C   11       -0.049364        0.048987       -0.039413
     C   11        0.048987        0.144169        0.157304
     C   11       -0.039413        0.157304       -0.094805

     Cl  12       -0.761580        0.032040       -0.641820
     Cl  12        0.032040        0.534226        1.859712
     Cl  12       -0.641820        1.859712        0.227354

     H   13       -0.000000        0.000000        0.000000
     H   13        0.000000        0.000000        0.000000
     H   13        0.000000        0.000000        0.000000

     C   14       -0.075036       -0.093907       -0.116348
     C   14       -0.093907       -0.013383        0.090198
     C   14       -0.116348        0.090198        0.088419

     H   15       -0.000000        0.000000        0.000000
     H   15        0.000000        0.000000        0.000000
     H   15        0.000000        0.000000        0.000000

     C   16       -0.231331       -0.005879       -0.108100
     C   16       -0.005879        0.157648        0.160829
     C   16       -0.108100        0.160829        0.073683

     C   17       -0.062424       -0.060099       -0.035828
     C   17       -0.060099        0.269839       -0.091897
     C   17       -0.035828       -0.091897       -0.207414

     Cl  18       -0.653208       -1.034159       -0.167851
     Cl  18       -1.034159        1.476090       -1.825511
     Cl  18       -0.167851       -1.825511       -0.822883

     H   19       -0.000000        0.000000        0.000000
     H   19        0.000000        0.000000        0.000000
     H   19        0.000000        0.000000        0.000000

     C   20       -0.147726        0.125613       -0.072430
     C   20        0.125613        0.224577       -0.104395
     C   20       -0.072430       -0.104395       -0.076851

     H   21       -0.000000        0.000000        0.000000
     H   21        0.000000        0.000000        0.000000
     H   21        0.000000        0.000000        0.000000

     C   22       -0.081231        0.092102       -0.052671
     C   22        0.092102        0.070461       -0.132674
     C   22       -0.052671       -0.132674        0.010770

     C   23       -0.152615        0.011475       -0.037903
     C   23        0.011475        0.157836       -0.143010
     C   23       -0.037903       -0.143010       -0.005220

     Cl  24       -0.428663        1.339478       -0.081777
     Cl  24        1.339478       -0.527625       -1.347529
     Cl  24       -0.081777       -1.347529        0.956288

     ----- total EFG -----
     Cl   1        0.208663       -0.673958       -0.148382
     Cl   1       -0.673958        2.721432       -0.101096
     Cl   1       -0.148382       -0.101096       -2.930095

     C    2       -0.676230        0.279512       -0.053788
     C    2        0.279512        0.625217        0.362709
     C    2       -0.053788        0.362709        0.051013

     C    3        0.336324       -0.186238        0.061495
     C    3       -0.186238        0.039944       -0.042559
     C    3        0.061495       -0.042559       -0.376267

     H    4        0.522014        0.374281        0.228104
     H    4        0.374281       -0.386875        0.505494
     H    4        0.228104        0.505494       -0.135139

     C    5       -0.477997       -0.009244        0.110145
     C    5       -0.009244        0.380620        0.235648
     C    5        0.110145        0.235648        0.097377

     H    6       -0.010019       -0.093609        0.126046
     H    6       -0.093609        0.455559        0.476154
     H    6        0.126046        0.476154       -0.445540

     H    7       -0.201614        0.185792       -0.026320
     H    7        0.185792        0.031693       -0.283579
     H    7       -0.026320       -0.283579        0.169921

     C    8        0.195887       -0.181563        0.004873
     C    8       -0.181563        0.165950        0.075582
     C    8        0.004873        0.075582       -0.361837

     H    9        0.443363        0.248628        0.553218
     H    9        0.248628       -0.500643       -0.342158
     H    9        0.553218       -0.342158        0.057280

     C   10       -0.349290       -0.090256       -0.016180
     C   10       -0.090256        0.365057       -0.165579
     C   10       -0.016180       -0.165579       -0.015767

     C   11        0.239990        0.205948       -0.171952
     C   11        0.205948        0.278201        0.368902
     C   11       -0.171952        0.368902       -0.518191

     Cl  12       -0.689249        0.010748       -0.637952
     Cl  12        0.010748        0.501607        1.712059
     Cl  12       -0.637952        1.712059        0.187641

     H   13       -0.072185        0.068550        0.155327
     H   13        0.068550        0.322848        0.179683
     H   13        0.155327        0.179683       -0.250663

     C   14        0.037726       -0.390295       -0.130160
     C   14       -0.390295       -0.310540        0.073943
     C   14       -0.130160        0.073943        0.272814

     H   15        0.462893        0.070866        0.359313
     H   15        0.070866       -0.177785       -0.198121
     H   15        0.359313       -0.198121       -0.285108

     C   16       -0.779655        0.062835       -0.281465
     C   16        0.062835        0.372559        0.527609
     C   16       -0.281465        0.527609        0.407097

     C   17        0.077258       -0.364300       -0.059839
     C   17       -0.364300        0.324006       -0.314474
     C   17       -0.059839       -0.314474       -0.401264

     Cl  18       -0.800938       -1.008823       -0.182404
     Cl  18       -1.008823        1.624557       -1.979662
     Cl  18       -0.182404       -1.979662       -0.823619

     H   19       -0.113106        0.076928        0.110814
     H   19        0.076928        0.434518       -0.063906
     H   19        0.110814       -0.063906       -0.321413

     C   20       -0.588118       -0.079691       -0.333378
     C   20       -0.079691        0.731293       -0.306258
     C   20       -0.333378       -0.306258       -0.143174

     H   21        0.100707       -0.489815        0.541654
     H   21       -0.489815       -0.068052        0.097240
     H   21        0.541654        0.097240       -0.032655

     C   22        0.192308        0.323853       -0.144718
     C   22        0.323853       -0.107564       -0.022995
     C   22       -0.144718       -0.022995       -0.084744

     C   23       -0.685299       -0.310021       -0.256046
     C   23       -0.310021        0.560836       -0.522279
     C   23       -0.256046       -0.522279        0.124463

     Cl  24       -0.186751        1.527381       -0.019401
     Cl  24        1.527381       -0.544739       -1.235196
     Cl  24       -0.019401       -1.235196        0.731490

     ----- total EFG (symmetrized) -----
     Cl   1        0.208663       -0.673958       -0.148382
     Cl   1       -0.673958        2.721432       -0.101096
     Cl   1       -0.148382       -0.101096       -2.930095

     C    2       -0.676230        0.279512       -0.053788
     C    2        0.279512        0.625217        0.362709
     C    2       -0.053788        0.362709        0.051013

     C    3        0.336324       -0.186238        0.061495
     C    3       -0.186238        0.039944       -0.042559
     C    3        0.061495       -0.042559       -0.376267

     H    4        0.522014        0.374281        0.228104
     H    4        0.374281       -0.386875        0.505494
     H    4        0.228104        0.505494       -0.135139

     C    5       -0.477997       -0.009244        0.110145
     C    5       -0.009244        0.380620        0.235648
     C    5        0.110145        0.235648        0.097377

     H    6       -0.010019       -0.093609        0.126046
     H    6       -0.093609        0.455559        0.476154
     H    6        0.126046        0.476154       -0.445540

     H    7       -0.201614        0.185792       -0.026320
     H    7        0.185792        0.031693       -0.283579
     H    7       -0.026320       -0.283579        0.169921

     C    8        0.195887       -0.181563        0.004873
     C    8       -0.181563        0.165950        0.075582
     C    8        0.004873        0.075582       -0.361837

     H    9        0.443363        0.248628        0.553218
     H    9        0.248628       -0.500643       -0.342158
     H    9        0.553218       -0.342158        0.057280

     C   10       -0.349290       -0.090256       -0.016180
     C   10       -0.090256        0.365057       -0.165579
     C   10       -0.016180       -0.165579       -0.015767

     C   11        0.239990        0.205948       -0.171952
     C   11        0.205948        0.278201        0.368902
     C   11       -0.171952        0.368902       -0.518191

     Cl  12       -0.689249        0.010748       -0.637952
     Cl  12        0.010748        0.501607        1.712059
     Cl  12       -0.637952        1.712059        0.187641

     H   13       -0.072185        0.068550        0.155327
     H   13        0.068550        0.322848        0.179683
     H   13        0.155327        0.179683       -0.250663

     C   14        0.037726       -0.390295       -0.130160
     C   14       -0.390295       -0.310540        0.073943
     C   14       -0.130160        0.073943        0.272814

     H   15        0.462893        0.070866        0.359313
     H   15        0.070866       -0.177785       -0.198121
     H   15        0.359313       -0.198121       -0.285108

     C   16       -0.779655        0.062835       -0.281465
     C   16        0.062835        0.372559        0.527609
     C   16       -0.281465        0.527609        0.407097

     C   17        0.077258       -0.364300       -0.059839
     C   17       -0.364300        0.324006       -0.314474
     C   17       -0.059839       -0.314474       -0.401264

     Cl  18       -0.800938       -1.008823       -0.182404
     Cl  18       -1.008823        1.624557       -1.979662
     Cl  18       -0.182404       -1.979662       -0.823619

     H   19       -0.113106        0.076928        0.110814
     H   19        0.076928        0.434518       -0.063906
     H   19        0.110814       -0.063906       -0.321413

     C   20       -0.588118       -0.079691       -0.333378
     C   20       -0.079691        0.731293       -0.306258
     C   20       -0.333378       -0.306258       -0.143174

     H   21        0.100707       -0.489815        0.541654
     H   21       -0.489815       -0.068052        0.097240
     H   21        0.541654        0.097240       -0.032655

     C   22        0.192308        0.323853       -0.144718
     C   22        0.323853       -0.107564       -0.022995
     C   22       -0.144718       -0.022995       -0.084744

     C   23       -0.685299       -0.310021       -0.256046
     C   23       -0.310021        0.560836       -0.522279
     C   23       -0.256046       -0.522279        0.124463

     Cl  24       -0.186751        1.527381       -0.019401
     Cl  24        1.527381       -0.544739       -1.235196
     Cl  24       -0.019401       -1.235196        0.731490


     NQR/NMR SPECTROSCOPIC PARAMETERS:
     Cl   1    Vxx=    0.0488    axis=(  0.968602  0.242121 -0.056463)
     Cl   1    Vyy=    2.8914    axis=(  0.243078 -0.969948  0.010648)
     Cl   1    Vzz=   -2.9403    axis=(  0.052188  0.024039  0.998348)
     Cl   1  Q=        -8.1650 1e-30 m^2  Cq=        56.4079 MHz  eta= 0.96678

     C    2    Vxx=   -0.0803    axis=( -0.250876 -0.362145  0.897726)
     C    2    Vyy=   -0.7556    axis=( -0.955990  0.238434 -0.170973)
     C    2    Vzz=    0.8358    axis=( -0.152131 -0.901110 -0.406025)
     C    2  Q=         1.0000 1e-30 m^2  Cq=         1.9639 MHz  eta= 0.80792

     C    3    Vxx=   -0.0495    axis=(  0.438914  0.897873 -0.034338)
     C    3    Vyy=   -0.3834    axis=(  0.066745 -0.070690 -0.995263)
     C    3    Vzz=    0.4329    axis=( -0.896047  0.434543 -0.090955)
     C    3  Q=         1.0000 1e-30 m^2  Cq=         1.0171 MHz  eta= 0.77145

     H    4    Vxx=   -0.0289    axis=(  0.571740 -0.407635 -0.712003)
     H    4    Vyy=   -0.8024    axis=(  0.131136 -0.811273  0.569771)
     H    4    Vzz=    0.8313    axis=( -0.809887 -0.419130 -0.410381)
     H    4  Q=         1.0000 1e-30 m^2  Cq=         1.9532 MHz  eta= 0.93047

     C    5    Vxx=   -0.0144    axis=(  0.209905 -0.497302  0.841802)
     C    5    Vyy=   -0.5017    axis=( -0.976578 -0.065008  0.205107)
     C    5    Vzz=    0.5161    axis=( -0.047277 -0.865139 -0.499300)
     C    5  Q=         1.0000 1e-30 m^2  Cq=         1.2127 MHz  eta= 0.94432

     H    6    Vxx=    0.0226    axis=(  0.973710 -0.036721  0.224814)
     H    6    Vyy=    0.6625    axis=( -0.055111  0.919627  0.388907)
     H    6    Vzz=   -0.6851    axis=( -0.221026 -0.391072  0.893426)
     H    6  Q=         1.0000 1e-30 m^2  Cq=        -1.6098 MHz  eta= 0.93399

     H    7    Vxx=   -0.0835    axis=(  0.627816  0.485416  0.608456)
     H    7    Vyy=   -0.3399    axis=( -0.746374  0.597237  0.293656)
     H    7    Vzz=    0.4234    axis=( -0.220848 -0.638498  0.737256)
     H    7  Q=         1.0000 1e-30 m^2  Cq=         0.9948 MHz  eta= 0.60571

     C    8    Vxx=    0.0080    axis=(  0.684391  0.712525  0.154650)
     C    8    Vyy=    0.3663    axis=(  0.726754 -0.683709 -0.066111)
     C    8    Vzz=   -0.3742    axis=( -0.058630 -0.157639  0.985755)
     C    8  Q=         1.0000 1e-30 m^2  Cq=        -0.8793 MHz  eta= 0.95745

     H    9    Vxx=    0.0128    axis=( -0.444031 -0.635792  0.631352)
     H    9    Vyy=    0.8363    axis=(  0.816114  0.003877  0.577879)
     H    9    Vzz=   -0.8490    axis=(  0.369858 -0.771851 -0.517157)
     H    9  Q=         1.0000 1e-30 m^2  Cq=        -1.9949 MHz  eta= 0.96993

     C   10    Vxx=   -0.0702    axis=( -0.158312  0.322234  0.933329)
     C   10    Vyy=   -0.3648    axis=( -0.982251 -0.147704 -0.115615)
     C   10    Vzz=    0.4350    axis=(  0.100601 -0.935066  0.339898)
     C   10  Q=         1.0000 1e-30 m^2  Cq=         1.0220 MHz  eta= 0.67726

     C   11    Vxx=    0.2204    axis=( -0.822789  0.408234  0.395428)
     C   11    Vyy=    0.5008    axis=(  0.514686  0.830310  0.213737)
     C   11    Vzz=   -0.7213    axis=(  0.241073 -0.379382  0.893282)
     C   11  Q=         1.0000 1e-30 m^2  Cq=        -1.6947 MHz  eta= 0.38873

     Cl  12    Vxx=   -0.4977    axis=(  0.868782  0.425279 -0.253685)
     Cl  12    Vyy=   -1.6309    axis=( -0.471439  0.553554 -0.686530)
     Cl  12    Vzz=    2.1286    axis=(  0.151538 -0.716042 -0.681410)
     Cl  12  Q=        -8.1650 1e-30 m^2  Cq=       -40.8359 MHz  eta= 0.53236

     H   13    Vxx=   -0.0369    axis=(  0.873314 -0.340431  0.348467)
     H   13    Vyy=   -0.3639    axis=(  0.426556  0.188844 -0.884527)
     H   13    Vzz=    0.4009    axis=(  0.235314  0.921110  0.310133)
     H   13  Q=         1.0000 1e-30 m^2  Cq=         0.9419 MHz  eta= 0.81575

     C   14    Vxx=    0.1322    axis=(  0.569981 -0.380832  0.728072)
     C   14    Vyy=    0.4316    axis=( -0.614118  0.391236  0.685415)
     C   14    Vzz=   -0.5639    axis=( -0.545876 -0.837795 -0.010879)
     C   14  Q=         1.0000 1e-30 m^2  Cq=        -1.3249 MHz  eta= 0.53097

     H   15    Vxx=   -0.0587    axis=(  0.194079  0.869957 -0.453330)
     H   15    Vyy=   -0.5489    axis=( -0.321618  0.493003  0.808400)
     H   15    Vzz=    0.6076    axis=(  0.926766 -0.011094  0.375475)
     H   15  Q=         1.0000 1e-30 m^2  Cq=         1.4277 MHz  eta= 0.80667

     C   16    Vxx=   -0.0602    axis=( -0.307218 -0.717532  0.625112)
     C   16    Vyy=   -0.8727    axis=( -0.946870  0.164798 -0.276186)
     C   16    Vzz=    0.9329    axis=(  0.095155 -0.676749 -0.730039)
     C   16  Q=         1.0000 1e-30 m^2  Cq=         2.1919 MHz  eta= 0.87096

     C   17    Vxx=   -0.0562    axis=(  0.797599  0.370476 -0.476008)
     C   17    Vyy=   -0.5792    axis=(  0.311888  0.422171  0.851174)
     C   17    Vzz=    0.6354    axis=(  0.516297 -0.827356  0.221176)
     C   17  Q=         1.0000 1e-30 m^2  Cq=         1.4930 MHz  eta= 0.82297

     Cl  18    Vxx=   -0.6542    axis=(  0.871699 -0.038499 -0.488527)
     Cl  18    Vyy=   -2.2475    axis=(  0.440837  0.496992  0.747437)
     Cl  18    Vzz=    2.9017    axis=(  0.214018 -0.866901  0.450199)
     Cl  18  Q=        -8.1650 1e-30 m^2  Cq=       -55.6675 MHz  eta= 0.54912

     H   19    Vxx=   -0.0690    axis=( -0.904203  0.085014 -0.418556)
     H   19    Vyy=   -0.3792    axis=( -0.409015  0.109814  0.905896)
     H   19    Vzz=    0.4482    axis=( -0.122977 -0.990310  0.064522)
     H   19  Q=         1.0000 1e-30 m^2  Cq=         1.0532 MHz  eta= 0.69193

     C   20    Vxx=   -0.0304    axis=(  0.522136 -0.270569 -0.808805)
     C   20    Vyy=   -0.7979    axis=(  0.852660  0.144961  0.501954)
     C   20    Vzz=    0.8283    axis=(  0.018568  0.951724 -0.306393)
     C   20  Q=         1.0000 1e-30 m^2  Cq=         1.9463 MHz  eta= 0.92658

     H   21    Vxx=    0.0447    axis=(  0.036705 -0.739317 -0.672356)
     H   21    Vyy=    0.7187    axis=( -0.763080  0.413695 -0.496553)
     H   21    Vzz=   -0.7634    axis=( -0.645261 -0.531288  0.548973)
     H   21  Q=         1.0000 1e-30 m^2  Cq=        -1.7937 MHz  eta= 0.88290

     C   22    Vxx=   -0.1043    axis=(  0.069834  0.352979  0.933021)
     C   22    Vyy=   -0.3300    axis=(  0.559628 -0.788124  0.256275)
     C   22    Vzz=    0.4343    axis=(  0.825796  0.504248 -0.252575)
     C   22  Q=         1.0000 1e-30 m^2  Cq=         1.0205 MHz  eta= 0.51983

     C   23    Vxx=   -0.0089    axis=( -0.485724  0.432181  0.759797)
     C   23    Vyy=   -0.9089    axis=( -0.870577 -0.317278 -0.376072)
     C   23    Vzz=    0.9178    axis=(  0.078536 -0.844129  0.530357)
     C   23  Q=         1.0000 1e-30 m^2  Cq=         2.1565 MHz  eta= 0.98054

     Cl  24    Vxx=    0.3032    axis=(  0.685769  0.228776  0.690929)
     Cl  24    Vyy=    1.9035    axis=(  0.451961  0.610241 -0.650644)
     Cl  24    Vzz=   -2.2067    axis=(  0.570484 -0.758464 -0.315086)
     Cl  24  Q=        -8.1650 1e-30 m^2  Cq=        42.3345 MHz  eta= 0.72516

     Initialization:
     gipaw_setup  :      9.37s CPU     11.29s WALL (       1 calls)

     Linear response

     Apply operators

     Induced current

     Other routines
     efg          :      9.46s CPU     12.09s WALL (       1 calls)

     General routines
     calbec       :      3.30s CPU      4.37s WALL (      16 calls)
     fft          :      2.08s CPU      3.59s WALL (      15 calls)
     ffts         :      0.04s CPU      0.05s WALL (       2 calls)
     fftw         :      3.39s CPU      4.26s WALL (     672 calls)
     davcio       :      0.00s CPU      0.34s WALL (      32 calls)

     Parallel routines
     fft_scatter  :      2.76s CPU      4.98s WALL (     689 calls)

     Plugins

     GIPAW        :     61.57s CPU     75.90s WALL (       1 calls)
