
     Program QE v.6.0 (svn rev. 13079) starts on 13Jan2017 at 10:37:14 

     This program is part of the open-source Quantum ESPRESSO suite
     for quantum simulation of materials; please cite
         "P. Giannozzi et al., J. Phys.:Condens. Matter 21 395502 (2009);
          URL http://www.quantum-espresso.org", 
     in publications or presentations arising from this work. More details at
     http://www.quantum-espresso.org/quote

     Parallel version (MPI), running on     8 processors
     R & G space division:  proc/nbgrp/npool/nimage =       8

     ***** This is GIPAW svn revision unknown      *****

     Parallelizing q-star over 1 images

     Reading data from directory:
     /users/majewski/paradichlorobenzene/pbe/9_constraint/scratch/pbe.ecut100.np8.dt60.pcl2phi-129368.save
     Message from routine read_xml_file:
     file /users/majewski/paradichlorobenzene/pbe/9_constraint/scratch/pbe.ecut100.np8.dt60.pcl2phi-129368.save not guaranteed to be safe for post-processing

   Info: using nr1, nr2, nr3 values from input

   Info: using nr1, nr2, nr3 values from input

     IMPORTANT: XC functional enforced from input :
     Exchange-correlation      =  SLA  PW   PBX  PBC ( 1  4  3  4 0 0)
     Any further DFT definition will be discarded
     Please, verify this is what you really want

               file C.pbe-n-kjpaw_psl.1.0.0.UPF: wavefunction(s)  2S 2P renormalized
               file Cl.pbe-n-kjpaw_psl.1.0.0.UPF: wavefunction(s)  3S 3P renormalized
               file H.pbe-kjpaw_psl.1.0.0.UPF: wavefunction(s)  1S renormalized

     Parallelization info
     --------------------
     sticks:   dense  smooth     PW     G-vecs:    dense   smooth      PW
     Min        3057    1223    332               144436    36536    5170
     Max        3059    1225    333               144437    36537    5171
     Sum       24467    9791   2657              1155489   292295   41363


     Subspace diagonalization in iterative solution of the eigenvalue problem:
     a serial algorithm will be used

     GIPAW projectors -----------------------------------------------
     atom=  C    l=0  rc=    1.2000  rs=    0.8000
     atom=  C    l=0  rc=    1.2000  rs=    0.8000
     atom=  C    l=1  rc=    1.4000  rs=    0.9333
     atom=  C    l=1  rc=    1.4000  rs=    0.9333
     projs nearly linearly dependent: l=1  n1,n2= 1, 2  s=  0.99951561

     atom=  Cl   l=0  rc=    1.6000  rs=    1.0667
     atom=  Cl   l=0  rc=    1.6000  rs=    1.0667
     atom=  Cl   l=1  rc=    1.6000  rs=    1.0667
     atom=  Cl   l=1  rc=    1.6000  rs=    1.0667
     atom=  Cl   l=2  rc=    1.6000  rs=    1.0667
     atom=  Cl   l=2  rc=    1.6000  rs=    1.0667
     projs nearly linearly dependent: l=2  n1,n2= 1, 2  s=  0.99993509

     atom=  H    l=0  rc=    1.0000  rs=    0.6667
     atom=  H    l=0  rc=    1.0000  rs=    0.6667
     projs nearly linearly dependent: l=0  n1,n2= 1, 2  s=  0.99968852
     -----------------------------------------------------------------

     GIPAW integrals: -------------------------------------------
     Atom  i/j   nmr_para   nmr_dia   epr_rmc  epr_para   epr_dia
       C   1 1   0.83E+03  0.17E-01  0.93E+01  0.24E+08  0.24E+03
       C   2 1   0.86E+03 -0.61E-01  0.94E+01  0.25E+08  0.25E+03
       C   2 2   0.90E+03 -0.15E+00  0.97E+01  0.26E+08  0.26E+03
       C   3 3   0.33E+01  0.34E+00  0.18E+01  0.55E+03  0.21E+02
       C   4 3   0.35E+01  0.37E+00  0.20E+01  0.59E+03  0.22E+02
       C   4 4   0.38E+01  0.39E+00  0.22E+01  0.63E+03  0.24E+02
       Cl  1 1   0.14E+04 -0.47E+00  0.84E+01  0.32E+09  0.42E+03
       Cl  2 1   0.21E+04 -0.37E+00  0.12E+02  0.49E+09  0.65E+03
       Cl  2 2   0.33E+04 -0.16E+00  0.21E+02  0.76E+09  0.10E+04
       Cl  3 3   0.21E+02  0.79E-01  0.89E+01  0.23E+05  0.13E+03
       Cl  4 3   0.24E+02  0.67E-01  0.99E+01  0.27E+05  0.15E+03
       Cl  4 4   0.28E+02  0.44E-01  0.11E+02  0.32E+05  0.18E+03
       Cl  5 5   0.77E+00  0.19E+00  0.18E+01  0.12E+03  0.22E+02
       Cl  6 5   0.80E+00  0.19E+00  0.19E+01  0.12E+03  0.23E+02
       Cl  6 6   0.83E+00  0.20E+00  0.19E+01  0.12E+03  0.23E+02
       H   1 1   0.39E+02  0.19E+00  0.29E+00  0.78E+05  0.13E+02
       H   2 1   0.41E+02  0.21E+00  0.32E+00  0.82E+05  0.14E+02
       H   2 2   0.43E+02  0.22E+00  0.36E+00  0.86E+05  0.15E+02
     ------------------------------------------------------------

     alpha_pv=     34.1827 eV

     Number of occupied bands for each k-point:
     k-point:     1    nbnd_occ=  42
     k-point:     2    nbnd_occ=  42
     k-point:     3    nbnd_occ=  42
     k-point:     4    nbnd_occ=  42
     k-point:     5    nbnd_occ=  42
     k-point:     6    nbnd_occ=  42
     k-point:     7    nbnd_occ=  42
     k-point:     8    nbnd_occ=  42
     k-point:     9    nbnd_occ=  42
     k-point:    10    nbnd_occ=  42
     k-point:    11    nbnd_occ=  42
     k-point:    12    nbnd_occ=  42
     k-point:    13    nbnd_occ=  42
     k-point:    14    nbnd_occ=  42
     k-point:    15    nbnd_occ=  42
     k-point:    16    nbnd_occ=  42


     q-space interpolation up to   110.00 Rydberg

     GIPAW job: efg                                                                             


     ELECTRIC FIELD GRADIENTS TENSORS IN Hartree/bohrradius^2:

     ----- bare term -----
     Cl   1        0.316390        0.097633       -0.169603
     Cl   1        0.097633        0.390840        0.049353
     Cl   1       -0.169603        0.049353       -0.707231

     C    2       -0.109822        0.315588       -0.033374
     C    2        0.315588       -0.498092       -0.431638
     C    2       -0.033374       -0.431638        0.607914

     C    3       -0.221256        0.408289       -0.357983
     C    3        0.408289       -0.240286       -0.277656
     C    3       -0.357983       -0.277656        0.461541

     H    4       -0.024901       -0.008151       -0.272476
     H    4       -0.008151       -0.006968       -0.549815
     H    4       -0.272476       -0.549815        0.031869

     C    5       -0.540883        0.206457       -0.373263
     C    5        0.206457        0.201786       -0.151697
     C    5       -0.373263       -0.151697        0.339096

     H    6        0.067596        0.181043       -0.245585
     H    6        0.181043       -0.376163       -0.400377
     H    6       -0.245585       -0.400377        0.308568

     H    7        0.467735        0.192162        0.010411
     H    7        0.192162       -0.785002        0.004372
     H    7        0.010411        0.004372        0.317266

     C    8       -0.049001        0.079748       -0.133095
     C    8        0.079748       -0.121030        0.083918
     C    8       -0.133095        0.083918        0.170031

     H    9       -0.226447        0.402148        0.124509
     H    9        0.402148       -0.024041       -0.180520
     H    9        0.124509       -0.180520        0.250487

     C   10       -0.097053       -0.104127        0.146177
     C   10       -0.104127       -0.079661       -0.038024
     C   10        0.146177       -0.038024        0.176715

     C   11       -0.105620        0.063554       -0.305371
     C   11        0.063554        0.037868        0.729112
     C   11       -0.305371        0.729112        0.067752

     Cl  12       -0.222745       -0.259548       -0.012147
     Cl  12       -0.259548        0.214050        0.016323
     Cl  12       -0.012147        0.016323        0.008695

     H   13       -0.148784        0.348879        0.023557
     H   13        0.348879       -0.194114       -0.343507
     H   13        0.023557       -0.343507        0.342897

     C   14       -0.032790       -0.325278       -0.473484
     C   14       -0.325278       -0.073357       -0.520144
     C   14       -0.473484       -0.520144        0.106148

     H   15        0.067069       -0.051154       -0.254787
     H   15       -0.051154       -0.044586       -0.494207
     H   15       -0.254787       -0.494207       -0.022482

     C   16       -0.566787        0.427460       -0.336855
     C   16        0.427460        0.180836       -0.095644
     C   16       -0.336855       -0.095644        0.385951

     C   17        0.229334        0.102096       -0.094971
     C   17        0.102096       -0.456427       -0.559103
     C   17       -0.094971       -0.559103        0.227093

     Cl  18        0.210620        0.048865       -0.217043
     Cl  18        0.048865       -0.143704       -0.599640
     Cl  18       -0.217043       -0.599640       -0.066917

     H   19        0.318333        0.324287        0.194616
     H   19        0.324287       -0.522927        0.080074
     H   19        0.194616        0.080074        0.204594

     C   20       -0.716334       -0.275931       -0.459150
     C   20       -0.275931        0.080030       -0.003919
     C   20       -0.459150       -0.003919        0.636304

     H   21       -0.424959        0.381287        0.208805
     H   21        0.381287        0.276442       -0.075612
     H   21        0.208805       -0.075612        0.148517

     C   22        0.001786       -0.016362       -0.255574
     C   22       -0.016362       -0.507335        0.389018
     C   22       -0.255574        0.389018        0.505549

     C   23       -0.504897       -0.282550       -0.338300
     C   23       -0.282550        0.175204        0.331474
     C   23       -0.338300        0.331474        0.329694

     Cl  24       -0.072994        0.051321        0.009252
     Cl  24        0.051321        0.009903       -0.150024
     Cl  24        0.009252       -0.150024        0.063091

     ----- ionic term -----
     Cl   1        0.150212       -0.218656        0.104980
     Cl   1       -0.218656       -0.024556       -0.061312
     Cl   1        0.104980       -0.061312       -0.125655

     C    2        0.097798       -0.254352        0.408165
     C    2       -0.254352        0.122762        0.313012
     C    2        0.408165        0.313012       -0.220560

     C    3        0.119988       -0.238968        0.258747
     C    3       -0.238968        0.221417        0.336401
     C    3        0.258747        0.336401       -0.341406

     H    4        0.210868        0.522651        0.622791
     H    4        0.522651       -0.087600        0.461799
     H    4        0.622791        0.461799       -0.123268

     C    5        0.239255       -0.127345        0.378625
     C    5       -0.127345        0.064581        0.286406
     C    5        0.378625        0.286406       -0.303836

     H    6       -0.515950       -0.029559        0.003596
     H    6       -0.029559        0.809488        0.614116
     H    6        0.003596        0.614116       -0.293538

     H    7       -0.501923       -0.054661        0.032622
     H    7       -0.054661        0.459290       -0.746931
     H    7        0.032622       -0.746931        0.042632

     C    8        0.373761        0.099968        0.104707
     C    8        0.099968        0.082829       -0.288529
     C    8        0.104707       -0.288529       -0.456591

     H    9        0.752710       -0.484009        0.385601
     H    9       -0.484009       -0.290063       -0.186142
     H    9        0.385601       -0.186142       -0.462647

     C   10        0.226284        0.126140        0.084551
     C   10        0.126140        0.326207       -0.269530
     C   10        0.084551       -0.269530       -0.552491

     C   11        0.347924        0.030604        0.156456
     C   11        0.030604        0.255426       -0.234418
     C   11        0.156456       -0.234418       -0.603350

     Cl  12        0.145325        0.195970        0.014071
     Cl  12        0.195970        0.021112        0.010654
     Cl  12        0.014071        0.010654       -0.166437

     H   13       -0.500797       -0.193892       -0.077063
     H   13       -0.193892        0.646936        0.683992
     H   13       -0.077063        0.683992       -0.146139

     C   14        0.266027       -0.227912        0.403621
     C   14       -0.227912       -0.064594        0.286659
     C   14        0.403621        0.286659       -0.201433

     H   15        0.337447        0.396090        0.703529
     H   15        0.396090       -0.304754        0.386230
     H   15        0.703529        0.386230       -0.032693

     C   16        0.186399       -0.286707        0.257637
     C   16       -0.286707        0.100030        0.376854
     C   16        0.257637        0.376854       -0.286429

     C   17        0.164917       -0.206957        0.305728
     C   17       -0.206957        0.106625        0.435053
     C   17        0.305728        0.435053       -0.271542

     Cl  18        0.203262       -0.189150        0.072923
     Cl  18       -0.189150       -0.054473       -0.031813
     Cl  18        0.072923       -0.031813       -0.148788

     H   19       -0.491294       -0.215728        0.087405
     H   19       -0.215728        0.857794       -0.528358
     H   19        0.087405       -0.528358       -0.366499

     C   20        0.410367        0.043307        0.147698
     C   20        0.043307        0.161163       -0.220623
     C   20        0.147698       -0.220623       -0.571530

     H   21        0.697299       -0.615663        0.277596
     H   21       -0.615663       -0.167568       -0.182022
     H   21        0.277596       -0.182022       -0.529731

     C   22        0.175169        0.090006        0.088162
     C   22        0.090006        0.390849       -0.286124
     C   22        0.088162       -0.286124       -0.566019

     C   23        0.259574        0.053913        0.087703
     C   23        0.053913        0.309571       -0.324006
     C   23        0.087703       -0.324006       -0.569145

     Cl  24        0.145285        0.233605       -0.042136
     Cl  24        0.233605        0.007783       -0.023085
     Cl  24       -0.042136       -0.023085       -0.153067

     ----- GIPAW term -----
     Cl   1        0.227775       -0.526823        0.108303
     Cl   1       -0.526823       -0.050898       -0.054564
     Cl   1        0.108303       -0.054564       -0.176877

     C    2       -0.040790       -0.053299        0.124211
     C    2       -0.053299       -0.185991       -0.092474
     C    2        0.124211       -0.092474        0.226781

     C    3        0.003565        0.024494       -0.197366
     C    3        0.024494       -0.108493        0.008330
     C    3       -0.197366        0.008330        0.104928

     H    4       -0.000000        0.000000        0.000000
     H    4        0.000000        0.000000        0.000000
     H    4        0.000000        0.000000        0.000000

     C    5        0.033108        0.145157        0.121818
     C    5        0.145157       -0.025832        0.094990
     C    5        0.121818        0.094990       -0.007276

     H    6       -0.000000        0.000000        0.000000
     H    6        0.000000        0.000000        0.000000
     H    6        0.000000        0.000000        0.000000

     H    7       -0.000000        0.000000        0.000000
     H    7        0.000000        0.000000        0.000000
     H    7        0.000000        0.000000        0.000000

     C    8       -0.022494        0.002336       -0.008549
     C    8        0.002336        0.016052        0.062388
     C    8       -0.008549        0.062388        0.006442

     H    9       -0.000000        0.000000        0.000000
     H    9        0.000000        0.000000        0.000000
     H    9        0.000000        0.000000        0.000000

     C   10       -0.014220        0.005007        0.018700
     C   10        0.005007        0.012736        0.000949
     C   10        0.018700        0.000949        0.001484

     C   11       -0.049228        0.085504       -0.059375
     C   11        0.085504        0.178549        0.213224
     C   11       -0.059375        0.213224       -0.129321

     Cl  12       -0.267580        0.476034       -0.153299
     Cl  12        0.476034        2.329615        0.091616
     Cl  12       -0.153299        0.091616       -2.062035

     H   13       -0.000000        0.000000        0.000000
     H   13        0.000000        0.000000        0.000000
     H   13        0.000000        0.000000        0.000000

     C   14        0.231926       -0.182930       -0.002232
     C   14       -0.182930       -0.106267       -0.091269
     C   14       -0.002232       -0.091269       -0.125659

     H   15       -0.000000        0.000000        0.000000
     H   15        0.000000        0.000000        0.000000
     H   15        0.000000        0.000000        0.000000

     C   16       -0.062530       -0.075500       -0.089754
     C   16       -0.075500        0.090938        0.078622
     C   16       -0.089754        0.078622       -0.028408

     C   17       -0.043518        0.000995        0.040240
     C   17        0.000995        0.070513        0.133662
     C   17        0.040240        0.133662       -0.026995

     Cl  18        0.354916       -0.073118        0.127006
     Cl  18       -0.073118       -0.230777       -0.320541
     Cl  18        0.127006       -0.320541       -0.124139

     H   19       -0.000000        0.000000        0.000000
     H   19        0.000000        0.000000        0.000000
     H   19        0.000000        0.000000        0.000000

     C   20       -0.176615       -0.000545       -0.145168
     C   20       -0.000545       -0.064019       -0.121173
     C   20       -0.145168       -0.121173        0.240634

     H   21       -0.000000        0.000000        0.000000
     H   21        0.000000        0.000000        0.000000
     H   21        0.000000        0.000000        0.000000

     C   22       -0.071045        0.061742       -0.151354
     C   22        0.061742       -0.147773       -0.073680
     C   22       -0.151354       -0.073680        0.218818

     C   23       -0.103818        0.094936       -0.048681
     C   23        0.094936        0.211047        0.061996
     C   23       -0.048681        0.061996       -0.107228

     Cl  24        0.316934        2.255757       -0.073458
     Cl  24        2.255757        0.263548       -1.510572
     Cl  24       -0.073458       -1.510572       -0.580483

     ----- total EFG -----
     Cl   1        0.694377       -0.647846        0.043680
     Cl   1       -0.647846        0.315386       -0.066523
     Cl   1        0.043680       -0.066523       -1.009763

     C    2       -0.052815        0.007937        0.499002
     C    2        0.007937       -0.561320       -0.211100
     C    2        0.499002       -0.211100        0.614135

     C    3       -0.097702        0.193815       -0.296602
     C    3        0.193815       -0.127362        0.067075
     C    3       -0.296602        0.067075        0.225064

     H    4        0.185967        0.514500        0.350314
     H    4        0.514500       -0.094568       -0.088016
     H    4        0.350314       -0.088016       -0.091398

     C    5       -0.268520        0.224268        0.127180
     C    5        0.224268        0.240535        0.229700
     C    5        0.127180        0.229700        0.027985

     H    6       -0.448355        0.151484       -0.241989
     H    6        0.151484        0.433325        0.213740
     H    6       -0.241989        0.213740        0.015030

     H    7       -0.034187        0.137501        0.043033
     H    7        0.137501       -0.325711       -0.742559
     H    7        0.043033       -0.742559        0.359899

     C    8        0.302267        0.182052       -0.036938
     C    8        0.182052       -0.022149       -0.142222
     C    8       -0.036938       -0.142222       -0.280118

     H    9        0.526263       -0.081862        0.510110
     H    9       -0.081862       -0.314104       -0.366662
     H    9        0.510110       -0.366662       -0.212159

     C   10        0.115010        0.027020        0.249427
     C   10        0.027020        0.259282       -0.306604
     C   10        0.249427       -0.306604       -0.374292

     C   11        0.193076        0.179663       -0.208290
     C   11        0.179663        0.471843        0.707918
     C   11       -0.208290        0.707918       -0.664918

     Cl  12       -0.345000        0.412456       -0.151375
     Cl  12        0.412456        2.564777        0.118593
     Cl  12       -0.151375        0.118593       -2.219777

     H   13       -0.649581        0.154988       -0.053506
     H   13        0.154988        0.452822        0.340485
     H   13       -0.053506        0.340485        0.196759

     C   14        0.465163       -0.736120       -0.072094
     C   14       -0.736120       -0.244218       -0.324753
     C   14       -0.072094       -0.324753       -0.220944

     H   15        0.404515        0.344936        0.448742
     H   15        0.344936       -0.349340       -0.107977
     H   15        0.448742       -0.107977       -0.055175

     C   16       -0.442918        0.065253       -0.168972
     C   16        0.065253        0.371804        0.359832
     C   16       -0.168972        0.359832        0.071114

     C   17        0.350732       -0.103866        0.250997
     C   17       -0.103866       -0.279289        0.009612
     C   17        0.250997        0.009612       -0.071444

     Cl  18        0.768798       -0.213403       -0.017114
     Cl  18       -0.213403       -0.428954       -0.951994
     Cl  18       -0.017114       -0.951994       -0.339844

     H   19       -0.172961        0.108559        0.282021
     H   19        0.108559        0.334867       -0.448284
     H   19        0.282021       -0.448284       -0.161906

     C   20       -0.482582       -0.233170       -0.456620
     C   20       -0.233170        0.177174       -0.345715
     C   20       -0.456620       -0.345715        0.305408

     H   21        0.272339       -0.234376        0.486402
     H   21       -0.234376        0.108874       -0.257634
     H   21        0.486402       -0.257634       -0.381214

     C   22        0.105910        0.135386       -0.318766
     C   22        0.135386       -0.264258        0.029214
     C   22       -0.318766        0.029214        0.158348

     C   23       -0.349142       -0.133701       -0.299279
     C   23       -0.133701        0.695821        0.069464
     C   23       -0.299279        0.069464       -0.346680

     Cl  24        0.389224        2.540683       -0.106342
     Cl  24        2.540683        0.281235       -1.683680
     Cl  24       -0.106342       -1.683680       -0.670459

     ----- total EFG (symmetrized) -----
     Cl   1        0.694377       -0.647846        0.043680
     Cl   1       -0.647846        0.315386       -0.066523
     Cl   1        0.043680       -0.066523       -1.009763

     C    2       -0.052815        0.007937        0.499002
     C    2        0.007937       -0.561320       -0.211100
     C    2        0.499002       -0.211100        0.614135

     C    3       -0.097702        0.193815       -0.296602
     C    3        0.193815       -0.127362        0.067075
     C    3       -0.296602        0.067075        0.225064

     H    4        0.185967        0.514500        0.350314
     H    4        0.514500       -0.094568       -0.088016
     H    4        0.350314       -0.088016       -0.091398

     C    5       -0.268520        0.224268        0.127180
     C    5        0.224268        0.240535        0.229700
     C    5        0.127180        0.229700        0.027985

     H    6       -0.448355        0.151484       -0.241989
     H    6        0.151484        0.433325        0.213740
     H    6       -0.241989        0.213740        0.015030

     H    7       -0.034187        0.137501        0.043033
     H    7        0.137501       -0.325711       -0.742559
     H    7        0.043033       -0.742559        0.359899

     C    8        0.302267        0.182052       -0.036938
     C    8        0.182052       -0.022149       -0.142222
     C    8       -0.036938       -0.142222       -0.280118

     H    9        0.526263       -0.081862        0.510110
     H    9       -0.081862       -0.314104       -0.366662
     H    9        0.510110       -0.366662       -0.212159

     C   10        0.115010        0.027020        0.249427
     C   10        0.027020        0.259282       -0.306604
     C   10        0.249427       -0.306604       -0.374292

     C   11        0.193076        0.179663       -0.208290
     C   11        0.179663        0.471843        0.707918
     C   11       -0.208290        0.707918       -0.664918

     Cl  12       -0.345000        0.412456       -0.151375
     Cl  12        0.412456        2.564777        0.118593
     Cl  12       -0.151375        0.118593       -2.219777

     H   13       -0.649581        0.154988       -0.053506
     H   13        0.154988        0.452822        0.340485
     H   13       -0.053506        0.340485        0.196759

     C   14        0.465163       -0.736120       -0.072094
     C   14       -0.736120       -0.244218       -0.324753
     C   14       -0.072094       -0.324753       -0.220944

     H   15        0.404515        0.344936        0.448742
     H   15        0.344936       -0.349340       -0.107977
     H   15        0.448742       -0.107977       -0.055175

     C   16       -0.442918        0.065253       -0.168972
     C   16        0.065253        0.371804        0.359832
     C   16       -0.168972        0.359832        0.071114

     C   17        0.350732       -0.103866        0.250997
     C   17       -0.103866       -0.279289        0.009612
     C   17        0.250997        0.009612       -0.071444

     Cl  18        0.768798       -0.213403       -0.017114
     Cl  18       -0.213403       -0.428954       -0.951994
     Cl  18       -0.017114       -0.951994       -0.339844

     H   19       -0.172961        0.108559        0.282021
     H   19        0.108559        0.334867       -0.448284
     H   19        0.282021       -0.448284       -0.161906

     C   20       -0.482582       -0.233170       -0.456620
     C   20       -0.233170        0.177174       -0.345715
     C   20       -0.456620       -0.345715        0.305408

     H   21        0.272339       -0.234376        0.486402
     H   21       -0.234376        0.108874       -0.257634
     H   21        0.486402       -0.257634       -0.381214

     C   22        0.105910        0.135386       -0.318766
     C   22        0.135386       -0.264258        0.029214
     C   22       -0.318766        0.029214        0.158348

     C   23       -0.349142       -0.133701       -0.299279
     C   23       -0.133701        0.695821        0.069464
     C   23       -0.299279        0.069464       -0.346680

     Cl  24        0.389224        2.540683       -0.106342
     Cl  24        2.540683        0.281235       -1.683680
     Cl  24       -0.106342       -1.683680       -0.670459


     NQR/NMR SPECTROSCOPIC PARAMETERS:
     Cl   1    Vxx=   -0.1692    axis=(  0.600805  0.798755 -0.031995)
     Cl   1    Vyy=   -1.0132    axis=(  0.008069 -0.046081 -0.998905)
     Cl   1    Vzz=    1.1824    axis=( -0.799355  0.599889 -0.034131)
     Cl   1  Q=        -8.1650 1e-30 m^2  Cq=       -22.6843 MHz  eta= 0.71373

     C    2    Vxx=   -0.2826    axis=( -0.856391 -0.327019  0.399566)
     C    2    Vyy=   -0.6211    axis=( -0.238142  0.936802  0.256302)
     C    2    Vzz=    0.9037    axis=(  0.458130 -0.124342  0.880145)
     C    2  Q=         1.0000 1e-30 m^2  Cq=         2.1233 MHz  eta= 0.37456

     C    3    Vxx=    0.0102    axis=(  0.450349  0.813599  0.367754)
     C    3    Vyy=    0.4050    axis=(  0.530954  0.087106 -0.842912)
     C    3    Vzz=   -0.4152    axis=( -0.717826  0.574865 -0.392755)
     C    3  Q=         1.0000 1e-30 m^2  Cq=        -0.9756 MHz  eta= 0.95068

     H    4    Vxx=   -0.0101    axis=( -0.045583  0.574033 -0.817563)
     H    4    Vyy=   -0.6438    axis=( -0.599597  0.638873  0.482000)
     H    4    Vzz=    0.6539    axis=( -0.799003 -0.512180 -0.315067)
     H    4  Q=         1.0000 1e-30 m^2  Cq=         1.5364 MHz  eta= 0.96921

     C    5    Vxx=   -0.1182    axis=( -0.048326 -0.517031  0.854601)
     C    5    Vyy=   -0.3582    axis=( -0.943863  0.303561  0.130280)
     C    5    Vzz=    0.4764    axis=( -0.326782 -0.800331 -0.502677)
     C    5  Q=         1.0000 1e-30 m^2  Cq=         1.1193 MHz  eta= 0.50386

     H    6    Vxx=    0.0754    axis=( -0.469987 -0.297373  0.831072)
     H    6    Vyy=    0.5257    axis=(  0.054328  0.930009  0.363498)
     H    6    Vzz=   -0.6011    axis=( -0.881000  0.215990 -0.420937)
     H    6  Q=         1.0000 1e-30 m^2  Cq=        -1.4124 MHz  eta= 0.74914

     H    7    Vxx=   -0.0114    axis=(  0.983891  0.122244  0.130444)
     H    7    Vyy=   -0.8252    axis=( -0.173267  0.831742  0.527431)
     H    7    Vzz=    0.8366    axis=( -0.044021 -0.541536  0.839524)
     H    7  Q=         1.0000 1e-30 m^2  Cq=         1.9657 MHz  eta= 0.97275

     C    8    Vxx=   -0.0509    axis=( -0.450517  0.789321 -0.417141)
     C    8    Vyy=   -0.3460    axis=( -0.070769  0.434200  0.898032)
     C    8    Vzz=    0.3969    axis=(  0.889959  0.434099 -0.139755)
     C    8  Q=         1.0000 1e-30 m^2  Cq=         0.9325 MHz  eta= 0.74351

     H    9    Vxx=   -0.1314    axis=(  0.462346  0.748092 -0.476019)
     H    9    Vyy=   -0.7081    axis=( -0.261306  0.627956  0.733069)
     H    9    Vzz=    0.8395    axis=(  0.847322 -0.214545  0.485814)
     H    9  Q=         1.0000 1e-30 m^2  Cq=         1.9724 MHz  eta= 0.68698

     C   10    Vxx=    0.1782    axis=(  0.898457  0.398408  0.184515)
     C   10    Vyy=    0.4043    axis=( -0.290788  0.854816 -0.429804)
     C   10    Vzz=   -0.5825    axis=( -0.328964  0.332506  0.883868)
     C   10  Q=         1.0000 1e-30 m^2  Cq=        -1.3686 MHz  eta= 0.38806

     C   11    Vxx=    0.2406    axis=(  0.970662 -0.020820 -0.239545)
     C   11    Vyy=    0.8201    axis=(  0.121333  0.902515  0.413213)
     C   11    Vzz=   -1.0607    axis=(  0.207590 -0.430155  0.878563)
     C   11  Q=         1.0000 1e-30 m^2  Cq=        -2.4923 MHz  eta= 0.54631

     Cl  12    Vxx=   -0.3873    axis=( -0.986833  0.134255  0.090207)
     Cl  12    Vyy=   -2.2368    axis=(  0.086661 -0.032037  0.995723)
     Cl  12    Vzz=    2.6240    axis=(  0.136570  0.990429  0.019981)
     Cl  12  Q=        -8.1650 1e-30 m^2  Cq=       -50.3409 MHz  eta= 0.70482

     H   13    Vxx=   -0.0121    axis=( -0.198989 -0.534978  0.821098)
     H   13    Vyy=   -0.6836    axis=( -0.977266  0.170889 -0.125495)
     H   13    Vzz=    0.6957    axis=( -0.073179 -0.827403 -0.556821)
     H   13  Q=         1.0000 1e-30 m^2  Cq=         1.6345 MHz  eta= 0.96517

     C   14    Vxx=   -0.0773    axis=( -0.319777 -0.322908  0.890771)
     C   14    Vyy=   -0.8616    axis=(  0.453222  0.773474  0.443089)
     C   14    Vzz=    0.9389    axis=( -0.832065  0.545407 -0.100990)
     C   14  Q=         1.0000 1e-30 m^2  Cq=         2.2061 MHz  eta= 0.83526

     H   15    Vxx=   -0.0998    axis=(  0.225996  0.632911 -0.740506)
     H   15    Vyy=   -0.6348    axis=( -0.458210  0.739893  0.492546)
     H   15    Vzz=    0.7347    axis=( -0.859633 -0.227994 -0.457219)
     H   15  Q=         1.0000 1e-30 m^2  Cq=         1.7262 MHz  eta= 0.72821

     C   16    Vxx=   -0.0824    axis=( -0.437955 -0.518790  0.734202)
     C   16    Vyy=   -0.5306    axis=( -0.898163  0.217340 -0.382186)
     C   16    Vzz=    0.6130    axis=(  0.038703 -0.826813 -0.561143)
     C   16  Q=         1.0000 1e-30 m^2  Cq=         1.4402 MHz  eta= 0.73130

     C   17    Vxx=   -0.1663    axis=( -0.339268  0.385056  0.858271)
     C   17    Vyy=   -0.3120    axis=(  0.260010  0.915225 -0.307828)
     C   17    Vzz=    0.4784    axis=( -0.904042  0.118723 -0.410625)
     C   17  Q=         1.0000 1e-30 m^2  Cq=         1.1240 MHz  eta= 0.30453

     Cl  18    Vxx=    0.5036    axis=(  0.433623  0.593191 -0.678303)
     Cl  18    Vyy=    0.8469    axis=(  0.897666 -0.349971  0.267800)
     Cl  18    Vzz=   -1.3505    axis=( -0.078530 -0.725014 -0.684243)
     Cl  18  Q=        -8.1650 1e-30 m^2  Cq=        25.9092 MHz  eta= 0.25416

     H   19    Vxx=    0.0214    axis=(  0.830083  0.342187  0.440307)
     H   19    Vyy=    0.6026    axis=(  0.071810 -0.848610  0.524123)
     H   19    Vzz=   -0.6239    axis=(  0.552997 -0.403447 -0.728989)
     H   19  Q=         1.0000 1e-30 m^2  Cq=        -1.4660 MHz  eta= 0.93145

     C   20    Vxx=    0.1809    axis=(  0.509071 -0.792946 -0.334788)
     C   20    Vyy=    0.6421    axis=(  0.234040  0.501827 -0.832703)
     C   20    Vzz=   -0.8230    axis=(  0.828295  0.345551  0.441047)
     C   20  Q=         1.0000 1e-30 m^2  Cq=        -1.9337 MHz  eta= 0.56037

     H   21    Vxx=   -0.0521    axis=(  0.506415  0.858929  0.076065)
     H   21    Vyy=   -0.6606    axis=( -0.421720  0.169763  0.890692)
     H   21    Vzz=    0.7127    axis=(  0.752128 -0.483138  0.448198)
     H   21  Q=         1.0000 1e-30 m^2  Cq=         1.6747 MHz  eta= 0.85373

     C   22    Vxx=   -0.1036    axis=( -0.550577 -0.574288 -0.605853)
     C   22    Vyy=   -0.3554    axis=(  0.473440 -0.812566  0.339986)
     C   22    Vzz=    0.4590    axis=( -0.687546 -0.099647  0.719272)
     C   22  Q=         1.0000 1e-30 m^2  Cq=         1.0785 MHz  eta= 0.54841

     C   23    Vxx=   -0.0752    axis=(  0.683445  0.182194 -0.706900)
     C   23    Vyy=   -0.6488    axis=( -0.713990 -0.034869 -0.699287)
     C   23    Vzz=    0.7240    axis=(  0.152055 -0.982644 -0.106253)
     C   23  Q=         1.0000 1e-30 m^2  Cq=         1.7012 MHz  eta= 0.79218

     Cl  24    Vxx=   -0.4291    axis=(  0.575116 -0.151582  0.803905)
     Cl  24    Vyy=   -2.8682    axis=(  0.521305 -0.689416 -0.502938)
     Cl  24    Vzz=    3.2972    axis=( -0.630462 -0.708328  0.317474)
     Cl  24  Q=        -8.1650 1e-30 m^2  Cq=       -63.2561 MHz  eta= 0.73974

     Initialization:
     gipaw_setup  :      9.17s CPU     10.83s WALL (       1 calls)

     Linear response

     Apply operators

     Induced current

     Other routines
     efg          :      9.56s CPU     12.41s WALL (       1 calls)

     General routines
     calbec       :      3.49s CPU      4.65s WALL (      16 calls)
     fft          :      1.51s CPU      2.32s WALL (      15 calls)
     ffts         :      0.04s CPU      0.05s WALL (       2 calls)
     fftw         :      3.33s CPU      4.27s WALL (     672 calls)
     davcio       :      0.03s CPU      0.33s WALL (      32 calls)

     Parallel routines
     fft_scatter  :      2.22s CPU      3.89s WALL (     689 calls)

     Plugins

     GIPAW        :     61.16s CPU     74.13s WALL (       1 calls)
