
     Program QE v.6.0 (svn rev. 13079) starts on 20Dec2016 at  8:13:12 

     This program is part of the open-source Quantum ESPRESSO suite
     for quantum simulation of materials; please cite
         "P. Giannozzi et al., J. Phys.:Condens. Matter 21 395502 (2009);
          URL http://www.quantum-espresso.org", 
     in publications or presentations arising from this work. More details at
     http://www.quantum-espresso.org/quote

     Parallel version (MPI), running on     8 processors
     R & G space division:  proc/nbgrp/npool/nimage =       8

     ***** This is GIPAW svn revision unknown      *****

     Parallelizing q-star over 1 images

     Reading data from directory:
     /users/majewski/paradichlorobenzene/pbe/9_constraint/scratch/pbe.ecut100.np8.dt60.pcl2phi-129368.save
     Message from routine read_xml_file:
     file /users/majewski/paradichlorobenzene/pbe/9_constraint/scratch/pbe.ecut100.np8.dt60.pcl2phi-129368.save not guaranteed to be safe for post-processing

   Info: using nr1, nr2, nr3 values from input

   Info: using nr1, nr2, nr3 values from input

     IMPORTANT: XC functional enforced from input :
     Exchange-correlation      =  SLA  PW   PBX  PBC ( 1  4  3  4 0 0)
     Any further DFT definition will be discarded
     Please, verify this is what you really want

               file C.pbe-n-kjpaw_psl.1.0.0.UPF: wavefunction(s)  2S 2P renormalized
               file Cl.pbe-n-kjpaw_psl.1.0.0.UPF: wavefunction(s)  3S 3P renormalized
               file H.pbe-kjpaw_psl.1.0.0.UPF: wavefunction(s)  1S renormalized

     Parallelization info
     --------------------
     sticks:   dense  smooth     PW     G-vecs:    dense   smooth      PW
     Min        3057    1223    332               144436    36536    5170
     Max        3059    1225    333               144437    36537    5171
     Sum       24467    9791   2657              1155489   292295   41363


     Subspace diagonalization in iterative solution of the eigenvalue problem:
     a serial algorithm will be used

     GIPAW projectors -----------------------------------------------
     atom=  C    l=0  rc=    1.2000  rs=    0.8000
     atom=  C    l=0  rc=    1.2000  rs=    0.8000
     atom=  C    l=1  rc=    1.4000  rs=    0.9333
     atom=  C    l=1  rc=    1.4000  rs=    0.9333
     projs nearly linearly dependent: l=1  n1,n2= 1, 2  s=  0.99951561

     atom=  Cl   l=0  rc=    1.6000  rs=    1.0667
     atom=  Cl   l=0  rc=    1.6000  rs=    1.0667
     atom=  Cl   l=1  rc=    1.6000  rs=    1.0667
     atom=  Cl   l=1  rc=    1.6000  rs=    1.0667
     atom=  Cl   l=2  rc=    1.6000  rs=    1.0667
     atom=  Cl   l=2  rc=    1.6000  rs=    1.0667
     projs nearly linearly dependent: l=2  n1,n2= 1, 2  s=  0.99993509

     atom=  H    l=0  rc=    1.0000  rs=    0.6667
     atom=  H    l=0  rc=    1.0000  rs=    0.6667
     projs nearly linearly dependent: l=0  n1,n2= 1, 2  s=  0.99968852
     -----------------------------------------------------------------

     GIPAW integrals: -------------------------------------------
     Atom  i/j   nmr_para   nmr_dia   epr_rmc  epr_para   epr_dia
       C   1 1   0.83E+03  0.17E-01  0.93E+01  0.24E+08  0.24E+03
       C   2 1   0.86E+03 -0.61E-01  0.94E+01  0.25E+08  0.25E+03
       C   2 2   0.90E+03 -0.15E+00  0.97E+01  0.26E+08  0.26E+03
       C   3 3   0.33E+01  0.34E+00  0.18E+01  0.55E+03  0.21E+02
       C   4 3   0.35E+01  0.37E+00  0.20E+01  0.59E+03  0.22E+02
       C   4 4   0.38E+01  0.39E+00  0.22E+01  0.63E+03  0.24E+02
       Cl  1 1   0.14E+04 -0.47E+00  0.84E+01  0.32E+09  0.42E+03
       Cl  2 1   0.21E+04 -0.37E+00  0.12E+02  0.49E+09  0.65E+03
       Cl  2 2   0.33E+04 -0.16E+00  0.21E+02  0.76E+09  0.10E+04
       Cl  3 3   0.21E+02  0.79E-01  0.89E+01  0.23E+05  0.13E+03
       Cl  4 3   0.24E+02  0.67E-01  0.99E+01  0.27E+05  0.15E+03
       Cl  4 4   0.28E+02  0.44E-01  0.11E+02  0.32E+05  0.18E+03
       Cl  5 5   0.77E+00  0.19E+00  0.18E+01  0.12E+03  0.22E+02
       Cl  6 5   0.80E+00  0.19E+00  0.19E+01  0.12E+03  0.23E+02
       Cl  6 6   0.83E+00  0.20E+00  0.19E+01  0.12E+03  0.23E+02
       H   1 1   0.39E+02  0.19E+00  0.29E+00  0.78E+05  0.13E+02
       H   2 1   0.41E+02  0.21E+00  0.32E+00  0.82E+05  0.14E+02
       H   2 2   0.43E+02  0.22E+00  0.36E+00  0.86E+05  0.15E+02
     ------------------------------------------------------------

     alpha_pv=     34.5020 eV

     Number of occupied bands for each k-point:
     k-point:     1    nbnd_occ=  42
     k-point:     2    nbnd_occ=  42
     k-point:     3    nbnd_occ=  42
     k-point:     4    nbnd_occ=  42
     k-point:     5    nbnd_occ=  42
     k-point:     6    nbnd_occ=  42
     k-point:     7    nbnd_occ=  42
     k-point:     8    nbnd_occ=  42
     k-point:     9    nbnd_occ=  42
     k-point:    10    nbnd_occ=  42
     k-point:    11    nbnd_occ=  42
     k-point:    12    nbnd_occ=  42
     k-point:    13    nbnd_occ=  42
     k-point:    14    nbnd_occ=  42
     k-point:    15    nbnd_occ=  42
     k-point:    16    nbnd_occ=  42


     q-space interpolation up to   110.00 Rydberg

     GIPAW job: efg                                                                             


     ELECTRIC FIELD GRADIENTS TENSORS IN Hartree/bohrradius^2:

     ----- bare term -----
     Cl   1       -0.157001        0.289243       -0.064132
     Cl   1        0.289243       -0.064877       -0.011253
     Cl   1       -0.064132       -0.011253        0.221878

     C    2        0.080933       -0.108669       -0.573603
     C    2       -0.108669       -0.050897       -0.491144
     C    2       -0.573603       -0.491144       -0.030036

     C    3        0.082749        0.423272       -0.027197
     C    3        0.423272       -0.288589       -0.190001
     C    3       -0.027197       -0.190001        0.205840

     H    4        0.133635       -0.082116       -0.181560
     H    4       -0.082116        0.457371        0.077325
     H    4       -0.181560        0.077325       -0.591007

     C    5       -0.048961       -0.114311       -0.541382
     C    5       -0.114311       -0.127233       -0.388691
     C    5       -0.541382       -0.388691        0.176194

     H    6        0.326270        0.065550        0.290785
     H    6        0.065550       -0.021634       -0.506418
     H    6        0.290785       -0.506418       -0.304636

     H    7        0.339093        0.087775       -0.082716
     H    7        0.087775       -0.476171        0.537829
     H    7       -0.082716        0.537829        0.137078

     C    8       -0.605911       -0.349899       -0.339198
     C    8       -0.349899        0.221744        0.353735
     C    8       -0.339198        0.353735        0.384168

     H    9       -0.407040        0.372247       -0.325365
     H    9        0.372247        0.196092        0.044596
     H    9       -0.325365        0.044596        0.210948

     C   10       -0.034023       -0.319986       -0.126972
     C   10       -0.319986       -0.352676        0.496589
     C   10       -0.126972        0.496589        0.386699

     C   11       -0.396350       -0.264834       -0.421760
     C   11       -0.264834        0.210583        0.221578
     C   11       -0.421760        0.221578        0.185768

     Cl  12       -0.071289       -0.096530        0.025750
     Cl  12       -0.096530       -0.015009       -0.035714
     Cl  12        0.025750       -0.035714        0.086298

     H   13        0.432039        0.054673       -0.286998
     H   13        0.054673        0.032929       -0.219224
     H   13       -0.286998       -0.219224       -0.464968

     C   14       -0.380203        0.360361        0.074280
     C   14        0.360361        0.039387       -0.364389
     C   14        0.074280       -0.364389        0.340817

     H   15        0.148349        0.032919       -0.350186
     H   15        0.032919        0.158337        0.239560
     H   15       -0.350186        0.239560       -0.306686

     C   16        0.093783       -0.026296       -0.210335
     C   16       -0.026296       -0.072595       -0.500926
     C   16       -0.210335       -0.500926       -0.021188

     C   17       -0.549230        0.331530       -0.271078
     C   17        0.331530        0.195972       -0.320505
     C   17       -0.271078       -0.320505        0.353258

     Cl  18        0.190158       -0.060460       -0.016723
     Cl  18       -0.060460       -0.362624        0.062896
     Cl  18       -0.016723        0.062896        0.172466

     H   19        0.026062        0.433957       -0.150166
     H   19        0.433957       -0.351889        0.387372
     H   19       -0.150166        0.387372        0.325827

     C   20        0.006179       -0.546994       -0.121154
     C   20       -0.546994       -0.331460        0.402608
     C   20       -0.121154        0.402608        0.325281

     H   21       -0.697652        0.326703       -0.108129
     H   21        0.326703        0.375030        0.095126
     H   21       -0.108129        0.095126        0.322622

     C   22       -0.047059       -0.122671       -0.411483
     C   22       -0.122671       -0.200809        0.434241
     C   22       -0.411483        0.434241        0.247867

     C   23       -0.136528       -0.117522       -0.148008
     C   23       -0.117522       -0.019190        0.475071
     C   23       -0.148008        0.475071        0.155718

     Cl  24        0.085733       -0.041717        0.125357
     Cl  24       -0.041717        0.112863       -0.197724
     Cl  24        0.125357       -0.197724       -0.198596

     ----- ionic term -----
     Cl   1        0.137728       -0.203445        0.052095
     Cl   1       -0.203445       -0.001695       -0.019966
     Cl   1        0.052095       -0.019966       -0.136033

     C    2        0.061335       -0.288193        0.386119
     C    2       -0.288193       -0.012495        0.324487
     C    2        0.386119        0.324487       -0.048840

     C    3       -0.042542       -0.301556        0.242982
     C    3       -0.301556        0.149560        0.386281
     C    3        0.242982        0.386281       -0.107019

     H    4        0.307179        0.142685        0.793787
     H    4        0.142685       -0.478862        0.222956
     H    4        0.793787        0.222956        0.171683

     C    5        0.071840       -0.264345        0.376897
     C    5       -0.264345        0.043331        0.247435
     C    5        0.376897        0.247435       -0.115172

     H    6       -0.523662        0.107301        0.107513
     H    6        0.107301        0.537362        0.737447
     H    6        0.107513        0.737447       -0.013700

     H    7       -0.498479       -0.179725        0.069145
     H    7       -0.179725        0.796872       -0.622878
     H    7        0.069145       -0.622878       -0.298393

     C    8        0.362617        0.130686        0.111643
     C    8        0.130686        0.086692       -0.310521
     C    8        0.111643       -0.310521       -0.449309

     H    9        0.598635       -0.533549        0.518529
     H    9       -0.533549       -0.242165       -0.297332
     H    9        0.518529       -0.297332       -0.356470

     C   10        0.174341        0.136260        0.093581
     C   10        0.136260        0.212597       -0.418805
     C   10        0.093581       -0.418805       -0.386938

     C   11        0.235018        0.143240        0.180601
     C   11        0.143240        0.106103       -0.403851
     C   11        0.180601       -0.403851       -0.341121

     Cl  12        0.115992        0.204400       -0.042134
     Cl  12        0.204400        0.009505       -0.037058
     Cl  12       -0.042134       -0.037058       -0.125497

     H   13       -0.569045        0.057748        0.043586
     H   13        0.057748        0.375829        0.809642
     H   13        0.043586        0.809642        0.193216

     C   14        0.070136       -0.321167        0.332212
     C   14       -0.321167        0.012284        0.248419
     C   14        0.332212        0.248419       -0.082420

     H   15        0.215064        0.030220        0.789821
     H   15        0.030220       -0.500248        0.097068
     H   15        0.789821        0.097068        0.285184

     C   16       -0.052006       -0.353460        0.229255
     C   16       -0.353460        0.150523        0.361395
     C   16        0.229255        0.361395       -0.098517

     C   17       -0.050030       -0.278562        0.346393
     C   17       -0.278562        0.096140        0.388593
     C   17        0.346393        0.388593       -0.046110

     Cl  18        0.053372       -0.215629        0.012730
     Cl  18       -0.215629        0.087607       -0.006747
     Cl  18        0.012730       -0.006747       -0.140980

     H   19       -0.497527       -0.177533        0.122220
     H   19       -0.177533        0.619253       -0.730203
     H   19        0.122220       -0.730203       -0.121727

     C   20        0.311471        0.144794        0.202299
     C   20        0.144794        0.014376       -0.328155
     C   20        0.202299       -0.328155       -0.325847

     H   21        0.593608       -0.245025        0.689124
     H   21       -0.245025       -0.491695       -0.229856
     H   21        0.689124       -0.229856       -0.101912

     C   22        0.106320        0.184622        0.149671
     C   22        0.184622        0.100752       -0.488080
     C   22        0.149671       -0.488080       -0.207072

     C   23        0.220892        0.102724        0.123271
     C   23        0.102724        0.071777       -0.490033
     C   23        0.123271       -0.490033       -0.292669

     Cl  24        0.119887        0.190898       -0.040261
     Cl  24        0.190898        0.012900       -0.038994
     Cl  24       -0.040261       -0.038994       -0.132787

     ----- GIPAW term -----
     Cl   1        0.667701       -0.123442       -2.245093
     Cl   1       -0.123442       -1.379229       -0.563770
     Cl   1       -2.245093       -0.563770        0.711529

     C    2        0.251820       -0.002484       -0.135202
     C    2       -0.002484       -0.084529       -0.069958
     C    2       -0.135202       -0.069958       -0.167291

     C    3        0.076165        0.074378       -0.074097
     C    3        0.074378       -0.075423       -0.027434
     C    3       -0.074097       -0.027434       -0.000742

     H    4       -0.000000        0.000000        0.000000
     H    4        0.000000        0.000000        0.000000
     H    4        0.000000        0.000000        0.000000

     C    5        0.123612       -0.064233       -0.240432
     C    5       -0.064233       -0.156155       -0.038713
     C    5       -0.240432       -0.038713        0.032543

     H    6       -0.000000        0.000000        0.000000
     H    6        0.000000        0.000000        0.000000
     H    6        0.000000        0.000000        0.000000

     H    7       -0.000000        0.000000        0.000000
     H    7        0.000000        0.000000        0.000000
     H    7        0.000000        0.000000        0.000000

     C    8       -0.162863       -0.077307       -0.053212
     C    8       -0.077307        0.149045        0.122027
     C    8       -0.053212        0.122027        0.013818

     H    9       -0.000000        0.000000        0.000000
     H    9        0.000000        0.000000        0.000000
     H    9        0.000000        0.000000        0.000000

     C   10       -0.060956       -0.069281        0.005884
     C   10       -0.069281        0.009400       -0.028018
     C   10        0.005884       -0.028018        0.051556

     C   11        0.009321       -0.101022       -0.007158
     C   11       -0.101022        0.138298       -0.059337
     C   11       -0.007158       -0.059337       -0.147618

     Cl  12       -0.131378        0.437603        1.398540
     Cl  12        0.437603       -0.640243       -1.665506
     Cl  12        1.398540       -1.665506        0.771621

     H   13       -0.000000        0.000000        0.000000
     H   13        0.000000        0.000000        0.000000
     H   13        0.000000        0.000000        0.000000

     C   14       -0.040984       -0.106524        0.137509
     C   14       -0.106524        0.055469       -0.156052
     C   14        0.137509       -0.156052       -0.014485

     H   15       -0.000000        0.000000        0.000000
     H   15        0.000000        0.000000        0.000000
     H   15        0.000000        0.000000        0.000000

     C   16       -0.071190       -0.054086       -0.009168
     C   16       -0.054086        0.110776       -0.141596
     C   16       -0.009168       -0.141596       -0.039586

     C   17       -0.119930       -0.124147       -0.017497
     C   17       -0.124147        0.236053       -0.087403
     C   17       -0.017497       -0.087403       -0.116123

     Cl  18        0.181090       -0.022818       -0.196978
     Cl  18       -0.022818        1.588852       -0.279096
     Cl  18       -0.196978       -0.279096       -1.769942

     H   19       -0.000000        0.000000        0.000000
     H   19        0.000000        0.000000        0.000000
     H   19        0.000000        0.000000        0.000000

     C   20        0.151289       -0.242867       -0.008610
     C   20       -0.242867       -0.080611        0.085784
     C   20       -0.008610        0.085784       -0.070679

     H   21       -0.000000        0.000000        0.000000
     H   21        0.000000        0.000000        0.000000
     H   21        0.000000        0.000000        0.000000

     C   22        0.075779       -0.081252       -0.233378
     C   22       -0.081252       -0.088064        0.110996
     C   22       -0.233378        0.110996        0.012285

     C   23       -0.028920       -0.030265       -0.092427
     C   23       -0.030265        0.010601        0.158656
     C   23       -0.092427        0.158656        0.018319

     Cl  24       -0.258022        0.471353       -0.845533
     Cl  24        0.471353       -0.581214        0.973262
     Cl  24       -0.845533        0.973262        0.839236

     ----- total EFG -----
     Cl   1        0.648428       -0.037644       -2.257130
     Cl   1       -0.037644       -1.445801       -0.594990
     Cl   1       -2.257130       -0.594990        0.797373

     C    2        0.394088       -0.399346       -0.322687
     C    2       -0.399346       -0.147921       -0.236615
     C    2       -0.322687       -0.236615       -0.246167

     C    3        0.116372        0.196094        0.141688
     C    3        0.196094       -0.214451        0.168846
     C    3        0.141688        0.168846        0.098079

     H    4        0.440815        0.060568        0.612227
     H    4        0.060568       -0.021491        0.300281
     H    4        0.612227        0.300281       -0.419324

     C    5        0.146491       -0.442889       -0.404917
     C    5       -0.442889       -0.240057       -0.179968
     C    5       -0.404917       -0.179968        0.093566

     H    6       -0.197391        0.172851        0.398298
     H    6        0.172851        0.515728        0.231029
     H    6        0.398298        0.231029       -0.318336

     H    7       -0.159386       -0.091950       -0.013571
     H    7       -0.091950        0.320701       -0.085049
     H    7       -0.013571       -0.085049       -0.161315

     C    8       -0.406157       -0.296520       -0.280767
     C    8       -0.296520        0.457481        0.165241
     C    8       -0.280767        0.165241       -0.051324

     H    9        0.191595       -0.161301        0.193164
     H    9       -0.161301       -0.046073       -0.252735
     H    9        0.193164       -0.252735       -0.145522

     C   10        0.079362       -0.253007       -0.027507
     C   10       -0.253007       -0.130679        0.049766
     C   10       -0.027507        0.049766        0.051317

     C   11       -0.152012       -0.222616       -0.248318
     C   11       -0.222616        0.454983       -0.241610
     C   11       -0.248318       -0.241610       -0.302971

     Cl  12       -0.086675        0.545474        1.382156
     Cl  12        0.545474       -0.645747       -1.738278
     Cl  12        1.382156       -1.738278        0.732422

     H   13       -0.137006        0.112421       -0.243412
     H   13        0.112421        0.408758        0.590418
     H   13       -0.243412        0.590418       -0.271752

     C   14       -0.351051       -0.067330        0.544001
     C   14       -0.067330        0.107139       -0.272023
     C   14        0.544001       -0.272023        0.243912

     H   15        0.363414        0.063140        0.439635
     H   15        0.063140       -0.341911        0.336627
     H   15        0.439635        0.336627       -0.021502

     C   16       -0.029413       -0.433842        0.009752
     C   16       -0.433842        0.188703       -0.281127
     C   16        0.009752       -0.281127       -0.159290

     C   17       -0.719190       -0.071178        0.057819
     C   17       -0.071178        0.528165       -0.019315
     C   17        0.057819       -0.019315        0.191025

     Cl  18        0.424620       -0.298908       -0.200972
     Cl  18       -0.298908        1.313835       -0.222946
     Cl  18       -0.200972       -0.222946       -1.738456

     H   19       -0.471465        0.256423       -0.027947
     H   19        0.256423        0.267364       -0.342831
     H   19       -0.027947       -0.342831        0.204101

     C   20        0.468940       -0.645067        0.072535
     C   20       -0.645067       -0.397695        0.160238
     C   20        0.072535        0.160238       -0.071245

     H   21       -0.104044        0.081678        0.580995
     H   21        0.081678       -0.116666       -0.134731
     H   21        0.580995       -0.134731        0.220709

     C   22        0.135041       -0.019301       -0.495191
     C   22       -0.019301       -0.188121        0.057157
     C   22       -0.495191        0.057157        0.053080

     C   23        0.055444       -0.045062       -0.117165
     C   23       -0.045062        0.063189        0.143694
     C   23       -0.117165        0.143694       -0.118633

     Cl  24       -0.052402        0.620534       -0.760437
     Cl  24        0.620534       -0.455451        0.736545
     Cl  24       -0.760437        0.736545        0.507853

     ----- total EFG (symmetrized) -----
     Cl   1        0.648428       -0.037644       -2.257130
     Cl   1       -0.037644       -1.445801       -0.594990
     Cl   1       -2.257130       -0.594990        0.797373

     C    2        0.394088       -0.399346       -0.322687
     C    2       -0.399346       -0.147921       -0.236615
     C    2       -0.322687       -0.236615       -0.246167

     C    3        0.116372        0.196094        0.141688
     C    3        0.196094       -0.214451        0.168846
     C    3        0.141688        0.168846        0.098079

     H    4        0.440815        0.060568        0.612227
     H    4        0.060568       -0.021491        0.300281
     H    4        0.612227        0.300281       -0.419324

     C    5        0.146491       -0.442889       -0.404917
     C    5       -0.442889       -0.240057       -0.179968
     C    5       -0.404917       -0.179968        0.093566

     H    6       -0.197391        0.172851        0.398298
     H    6        0.172851        0.515728        0.231029
     H    6        0.398298        0.231029       -0.318336

     H    7       -0.159386       -0.091950       -0.013571
     H    7       -0.091950        0.320701       -0.085049
     H    7       -0.013571       -0.085049       -0.161315

     C    8       -0.406157       -0.296520       -0.280767
     C    8       -0.296520        0.457481        0.165241
     C    8       -0.280767        0.165241       -0.051324

     H    9        0.191595       -0.161301        0.193164
     H    9       -0.161301       -0.046073       -0.252735
     H    9        0.193164       -0.252735       -0.145522

     C   10        0.079362       -0.253007       -0.027507
     C   10       -0.253007       -0.130679        0.049766
     C   10       -0.027507        0.049766        0.051317

     C   11       -0.152012       -0.222616       -0.248318
     C   11       -0.222616        0.454983       -0.241610
     C   11       -0.248318       -0.241610       -0.302971

     Cl  12       -0.086675        0.545474        1.382156
     Cl  12        0.545474       -0.645747       -1.738278
     Cl  12        1.382156       -1.738278        0.732422

     H   13       -0.137006        0.112421       -0.243412
     H   13        0.112421        0.408758        0.590418
     H   13       -0.243412        0.590418       -0.271752

     C   14       -0.351051       -0.067330        0.544001
     C   14       -0.067330        0.107139       -0.272023
     C   14        0.544001       -0.272023        0.243912

     H   15        0.363414        0.063140        0.439635
     H   15        0.063140       -0.341911        0.336627
     H   15        0.439635        0.336627       -0.021502

     C   16       -0.029413       -0.433842        0.009752
     C   16       -0.433842        0.188703       -0.281127
     C   16        0.009752       -0.281127       -0.159290

     C   17       -0.719190       -0.071178        0.057819
     C   17       -0.071178        0.528165       -0.019315
     C   17        0.057819       -0.019315        0.191025

     Cl  18        0.424620       -0.298908       -0.200972
     Cl  18       -0.298908        1.313835       -0.222946
     Cl  18       -0.200972       -0.222946       -1.738456

     H   19       -0.471465        0.256423       -0.027947
     H   19        0.256423        0.267364       -0.342831
     H   19       -0.027947       -0.342831        0.204101

     C   20        0.468940       -0.645067        0.072535
     C   20       -0.645067       -0.397695        0.160238
     C   20        0.072535        0.160238       -0.071245

     H   21       -0.104044        0.081678        0.580995
     H   21        0.081678       -0.116666       -0.134731
     H   21        0.580995       -0.134731        0.220709

     C   22        0.135041       -0.019301       -0.495191
     C   22       -0.019301       -0.188121        0.057157
     C   22       -0.495191        0.057157        0.053080

     C   23        0.055444       -0.045062       -0.117165
     C   23       -0.045062        0.063189        0.143694
     C   23       -0.117165        0.143694       -0.118633

     Cl  24       -0.052402        0.620534       -0.760437
     Cl  24        0.620534       -0.455451        0.736545
     Cl  24       -0.760437        0.736545        0.507853


     NQR/NMR SPECTROSCOPIC PARAMETERS:
     Cl   1    Vxx=   -1.0690    axis=(  0.542301 -0.724923  0.424731)
     Cl   1    Vyy=   -1.9487    axis=(  0.484832  0.682868  0.546469)
     Cl   1    Vzz=    3.0177    axis=( -0.686183 -0.090428  0.721786)
     Cl   1  Q=        -8.1650 1e-30 m^2  Cq=       -57.8932 MHz  eta= 0.29149

     C    2    Vxx=    0.0321    axis=( -0.116409 -0.685933  0.718293)
     C    2    Vyy=    0.6456    axis=( -0.895928  0.384666  0.222139)
     C    2    Vzz=   -0.6776    axis=( -0.428676 -0.617680 -0.659325)
     C    2  Q=         1.0000 1e-30 m^2  Cq=        -1.5922 MHz  eta= 0.90531

     C    3    Vxx=   -0.0345    axis=( -0.666026 -0.026310  0.745465)
     C    3    Vyy=   -0.3302    axis=( -0.320212  0.912694 -0.253877)
     C    3    Vzz=    0.3647    axis=( -0.673702 -0.407795 -0.616303)
     C    3  Q=         1.0000 1e-30 m^2  Cq=         0.8569 MHz  eta= 0.81096

     H    4    Vxx=    0.0060    axis=(  0.346457 -0.925250 -0.154534)
     H    4    Vyy=    0.8057    axis=( -0.844822 -0.236153 -0.480112)
     H    4    Vzz=   -0.8117    axis=(  0.407729  0.296892 -0.863488)
     H    4  Q=         1.0000 1e-30 m^2  Cq=        -1.9071 MHz  eta= 0.98526

     C    5    Vxx=    0.1224    axis=(  0.236754 -0.648525  0.723438)
     C    5    Vyy=    0.5909    axis=(  0.789515 -0.305533 -0.532273)
     C    5    Vzz=   -0.7133    axis=( -0.566227 -0.697184 -0.439684)
     C    5  Q=         1.0000 1e-30 m^2  Cq=        -1.6759 MHz  eta= 0.65683

     H    6    Vxx=   -0.0055    axis=( -0.697446  0.470776 -0.540315)
     H    6    Vyy=   -0.6643    axis=( -0.635443 -0.057669  0.769991)
     H    6    Vzz=    0.6698    axis=(  0.331334  0.880366  0.339372)
     H    6  Q=         1.0000 1e-30 m^2  Cq=         1.5739 MHz  eta= 0.98357

     H    7    Vxx=   -0.1468    axis=( -0.703075 -0.008926  0.711059)
     H    7    Vyy=   -0.2038    axis=(  0.690204  0.232138  0.685369)
     H    7    Vzz=    0.3506    axis=(  0.171181 -0.972642  0.157050)
     H    7  Q=         1.0000 1e-30 m^2  Cq=         0.8238 MHz  eta= 0.16245

     C    8    Vxx=   -0.0436    axis=( -0.287667 -0.449180  0.845863)
     C    8    Vyy=   -0.5955    axis=( -0.894911 -0.188532 -0.404463)
     C    8    Vzz=    0.6391    axis=( -0.341150  0.873323  0.347742)
     C    8  Q=         1.0000 1e-30 m^2  Cq=         1.5016 MHz  eta= 0.86360

     H    9    Vxx=   -0.0675    axis=(  0.675727  0.633070 -0.377645)
     H    9    Vyy=   -0.3584    axis=( -0.107290  0.591311  0.799275)
     H    9    Vzz=    0.4259    axis=(  0.729303 -0.499573  0.467487)
     H    9  Q=         1.0000 1e-30 m^2  Cq=         1.0007 MHz  eta= 0.68313

     C   10    Vxx=    0.0410    axis=(  0.237616 -0.069318  0.968883)
     C   10    Vyy=    0.2605    axis=(  0.802034 -0.548696 -0.235953)
     C   10    Vzz=   -0.3016    axis=(  0.547978  0.833143 -0.074784)
     C   10  Q=         1.0000 1e-30 m^2  Cq=        -0.7085 MHz  eta= 0.72801

     C   11    Vxx=    0.0301    axis=(  0.780861  0.055285 -0.622254)
     C   11    Vyy=    0.5593    axis=( -0.227872  0.952653 -0.201315)
     C   11    Vzz=   -0.5894    axis=(  0.581662  0.298993  0.756487)
     C   11  Q=         1.0000 1e-30 m^2  Cq=        -1.3848 MHz  eta= 0.89784

     Cl  12    Vxx=    0.2302    axis=(  0.789678  0.610591 -0.059902)
     Cl  12    Vyy=    2.2661    axis=(  0.385948 -0.418491  0.822138)
     Cl  12    Vzz=   -2.4963    axis=(  0.476921 -0.672343 -0.566129)
     Cl  12  Q=        -8.1650 1e-30 m^2  Cq=        47.8911 MHz  eta= 0.81553

     H   13    Vxx=   -0.0180    axis=(  0.911960  0.229908 -0.339811)
     H   13    Vyy=   -0.7327    axis=( -0.409235  0.450671 -0.793361)
     H   13    Vzz=    0.7507    axis=( -0.029257  0.862576  0.505080)
     H   13  Q=         1.0000 1e-30 m^2  Cq=         1.7638 MHz  eta= 0.95213

     C   14    Vxx=   -0.0083    axis=(  0.308560  0.900682  0.305881)
     C   14    Vyy=   -0.6825    axis=( -0.842718  0.109708  0.527058)
     C   14    Vzz=    0.6908    axis=(  0.441154 -0.420400  0.792872)
     C   14  Q=         1.0000 1e-30 m^2  Cq=         1.6232 MHz  eta= 0.97595

     H   15    Vxx=   -0.1095    axis=(  0.578772 -0.616281 -0.534061)
     H   15    Vyy=   -0.5982    axis=(  0.232396  0.752387 -0.616366)
     H   15    Vzz=    0.7077    axis=( -0.781675 -0.232621 -0.578681)
     H   15  Q=         1.0000 1e-30 m^2  Cq=         1.6627 MHz  eta= 0.69056

     C   16    Vxx=   -0.1259    axis=( -0.597599 -0.115039  0.793500)
     C   16    Vyy=   -0.4722    axis=(  0.587130  0.611183  0.530786)
     C   16    Vzz=    0.5981    axis=(  0.546035 -0.783085  0.297699)
     C   16  Q=         1.0000 1e-30 m^2  Cq=         1.4053 MHz  eta= 0.57907

     C   17    Vxx=    0.1930    axis=(  0.057689  0.069648  0.995902)
     C   17    Vyy=    0.5337    axis=( -0.059640  0.996022 -0.066202)
     C   17    Vzz=   -0.7267    axis=( -0.996552 -0.055576  0.061613)
     C   17  Q=         1.0000 1e-30 m^2  Cq=        -1.7075 MHz  eta= 0.46879

     Cl  18    Vxx=    0.3646    axis=(  0.954656  0.272409 -0.120106)
     Cl  18    Vyy=    1.4127    axis=(  0.279862 -0.958738  0.049982)
     Cl  18    Vzz=   -1.7773    axis=(  0.101535  0.081329  0.991502)
     Cl  18  Q=        -8.1650 1e-30 m^2  Cq=        34.0971 MHz  eta= 0.58971

     H   19    Vxx=   -0.0602    axis=(  0.301260  0.566715  0.766861)
     H   19    Vyy=   -0.5607    axis=(  0.933899 -0.337754 -0.117278)
     H   19    Vzz=    0.6209    axis=(  0.192548  0.751502 -0.631007)
     H   19  Q=         1.0000 1e-30 m^2  Cq=         1.4589 MHz  eta= 0.80599

     C   20    Vxx=   -0.0282    axis=(  0.123939  0.204696  0.970947)
     C   20    Vyy=   -0.7847    axis=(  0.455191  0.857736 -0.238933)
     C   20    Vzz=    0.8129    axis=( -0.881726  0.471580  0.013131)
     C   20  Q=         1.0000 1e-30 m^2  Cq=         1.9099 MHz  eta= 0.93061

     H   21    Vxx=   -0.0755    axis=(  0.281909  0.951911 -0.119971)
     H   21    Vyy=   -0.5905    axis=( -0.752297  0.296915  0.588125)
     H   21    Vzz=    0.6660    axis=(  0.595464 -0.075544  0.799823)
     H   21  Q=         1.0000 1e-30 m^2  Cq=         1.5648 MHz  eta= 0.77328

     C   22    Vxx=   -0.1878    axis=(  0.139687  0.988801  0.052532)
     C   22    Vyy=   -0.4067    axis=(  0.666085 -0.133088  0.733906)
     C   22    Vzz=    0.5945    axis=( -0.732679  0.067526  0.677216)
     C   22  Q=         1.0000 1e-30 m^2  Cq=         1.3969 MHz  eta= 0.36820

     C   23    Vxx=    0.0143    axis=(  0.765191  0.643457  0.021118)
     C   23    Vyy=    0.2092    axis=( -0.568191  0.659535  0.492111)
     C   23    Vzz=   -0.2235    axis=(  0.302723 -0.388558  0.870277)
     C   23  Q=         1.0000 1e-30 m^2  Cq=        -0.5252 MHz  eta= 0.87191

     Cl  24    Vxx=    0.3652    axis=(  0.701652  0.690005  0.177701)
     Cl  24    Vyy=    1.0979    axis=( -0.446512  0.231454  0.864324)
     Cl  24    Vzz=   -1.4632    axis=(  0.555258 -0.685800  0.470496)
     Cl  24  Q=        -8.1650 1e-30 m^2  Cq=        28.0703 MHz  eta= 0.50075

     Initialization:
     gipaw_setup  :      9.35s CPU     10.86s WALL (       1 calls)

     Linear response

     Apply operators

     Induced current

     Other routines
     efg          :      9.21s CPU     11.36s WALL (       1 calls)

     General routines
     calbec       :      3.17s CPU      4.00s WALL (      16 calls)
     fft          :      1.61s CPU      2.36s WALL (      15 calls)
     ffts         :      0.03s CPU      0.04s WALL (       2 calls)
     fftw         :      3.24s CPU      4.00s WALL (     672 calls)
     davcio       :      0.04s CPU      0.33s WALL (      32 calls)

     Parallel routines
     fft_scatter  :      2.25s CPU      3.56s WALL (     689 calls)

     Plugins

     GIPAW        :     60.51s CPU     73.05s WALL (       1 calls)
