
     Program QE v.6.0 (svn rev. 13079) starts on 24Jan2017 at  3:52:52 

     This program is part of the open-source Quantum ESPRESSO suite
     for quantum simulation of materials; please cite
         "P. Giannozzi et al., J. Phys.:Condens. Matter 21 395502 (2009);
          URL http://www.quantum-espresso.org", 
     in publications or presentations arising from this work. More details at
     http://www.quantum-espresso.org/quote

     Parallel version (MPI), running on     8 processors
     R & G space division:  proc/nbgrp/npool/nimage =       8

     ***** This is GIPAW svn revision unknown      *****

     Parallelizing q-star over 1 images

     Reading data from directory:
     /users/majewski/paradichlorobenzene/pbe/9_constraint/scratch/pbe.ecut100.np8.dt60.pcl2phi-129368.save
     Message from routine read_xml_file:
     file /users/majewski/paradichlorobenzene/pbe/9_constraint/scratch/pbe.ecut100.np8.dt60.pcl2phi-129368.save not guaranteed to be safe for post-processing

   Info: using nr1, nr2, nr3 values from input

   Info: using nr1, nr2, nr3 values from input

     IMPORTANT: XC functional enforced from input :
     Exchange-correlation      =  SLA  PW   PBX  PBC ( 1  4  3  4 0 0)
     Any further DFT definition will be discarded
     Please, verify this is what you really want

               file C.pbe-n-kjpaw_psl.1.0.0.UPF: wavefunction(s)  2S 2P renormalized
               file Cl.pbe-n-kjpaw_psl.1.0.0.UPF: wavefunction(s)  3S 3P renormalized
               file H.pbe-kjpaw_psl.1.0.0.UPF: wavefunction(s)  1S renormalized

     Parallelization info
     --------------------
     sticks:   dense  smooth     PW     G-vecs:    dense   smooth      PW
     Min        3057    1223    332               144436    36536    5170
     Max        3059    1225    333               144437    36537    5171
     Sum       24467    9791   2657              1155489   292295   41363


     Subspace diagonalization in iterative solution of the eigenvalue problem:
     a serial algorithm will be used

     GIPAW projectors -----------------------------------------------
     atom=  C    l=0  rc=    1.2000  rs=    0.8000
     atom=  C    l=0  rc=    1.2000  rs=    0.8000
     atom=  C    l=1  rc=    1.4000  rs=    0.9333
     atom=  C    l=1  rc=    1.4000  rs=    0.9333
     projs nearly linearly dependent: l=1  n1,n2= 1, 2  s=  0.99951561

     atom=  Cl   l=0  rc=    1.6000  rs=    1.0667
     atom=  Cl   l=0  rc=    1.6000  rs=    1.0667
     atom=  Cl   l=1  rc=    1.6000  rs=    1.0667
     atom=  Cl   l=1  rc=    1.6000  rs=    1.0667
     atom=  Cl   l=2  rc=    1.6000  rs=    1.0667
     atom=  Cl   l=2  rc=    1.6000  rs=    1.0667
     projs nearly linearly dependent: l=2  n1,n2= 1, 2  s=  0.99993509

     atom=  H    l=0  rc=    1.0000  rs=    0.6667
     atom=  H    l=0  rc=    1.0000  rs=    0.6667
     projs nearly linearly dependent: l=0  n1,n2= 1, 2  s=  0.99968852
     -----------------------------------------------------------------

     GIPAW integrals: -------------------------------------------
     Atom  i/j   nmr_para   nmr_dia   epr_rmc  epr_para   epr_dia
       C   1 1   0.83E+03  0.17E-01  0.93E+01  0.24E+08  0.24E+03
       C   2 1   0.86E+03 -0.61E-01  0.94E+01  0.25E+08  0.25E+03
       C   2 2   0.90E+03 -0.15E+00  0.97E+01  0.26E+08  0.26E+03
       C   3 3   0.33E+01  0.34E+00  0.18E+01  0.55E+03  0.21E+02
       C   4 3   0.35E+01  0.37E+00  0.20E+01  0.59E+03  0.22E+02
       C   4 4   0.38E+01  0.39E+00  0.22E+01  0.63E+03  0.24E+02
       Cl  1 1   0.14E+04 -0.47E+00  0.84E+01  0.32E+09  0.42E+03
       Cl  2 1   0.21E+04 -0.37E+00  0.12E+02  0.49E+09  0.65E+03
       Cl  2 2   0.33E+04 -0.16E+00  0.21E+02  0.76E+09  0.10E+04
       Cl  3 3   0.21E+02  0.79E-01  0.89E+01  0.23E+05  0.13E+03
       Cl  4 3   0.24E+02  0.67E-01  0.99E+01  0.27E+05  0.15E+03
       Cl  4 4   0.28E+02  0.44E-01  0.11E+02  0.32E+05  0.18E+03
       Cl  5 5   0.77E+00  0.19E+00  0.18E+01  0.12E+03  0.22E+02
       Cl  6 5   0.80E+00  0.19E+00  0.19E+01  0.12E+03  0.23E+02
       Cl  6 6   0.83E+00  0.20E+00  0.19E+01  0.12E+03  0.23E+02
       H   1 1   0.39E+02  0.19E+00  0.29E+00  0.78E+05  0.13E+02
       H   2 1   0.41E+02  0.21E+00  0.32E+00  0.82E+05  0.14E+02
       H   2 2   0.43E+02  0.22E+00  0.36E+00  0.86E+05  0.15E+02
     ------------------------------------------------------------

     alpha_pv=     33.8620 eV

     Number of occupied bands for each k-point:
     k-point:     1    nbnd_occ=  42
     k-point:     2    nbnd_occ=  42
     k-point:     3    nbnd_occ=  42
     k-point:     4    nbnd_occ=  42
     k-point:     5    nbnd_occ=  42
     k-point:     6    nbnd_occ=  42
     k-point:     7    nbnd_occ=  42
     k-point:     8    nbnd_occ=  42
     k-point:     9    nbnd_occ=  42
     k-point:    10    nbnd_occ=  42
     k-point:    11    nbnd_occ=  42
     k-point:    12    nbnd_occ=  42
     k-point:    13    nbnd_occ=  42
     k-point:    14    nbnd_occ=  42
     k-point:    15    nbnd_occ=  42
     k-point:    16    nbnd_occ=  42


     q-space interpolation up to   110.00 Rydberg

     GIPAW job: efg                                                                             


     ELECTRIC FIELD GRADIENTS TENSORS IN Hartree/bohrradius^2:

     ----- bare term -----
     Cl   1       -0.118483        0.129599       -0.030820
     Cl   1        0.129599        0.100660       -0.066571
     Cl   1       -0.030820       -0.066571        0.017823

     C    2       -0.066991        0.239148       -0.231636
     C    2        0.239148       -0.034800       -0.665885
     C    2       -0.231636       -0.665885        0.101791

     C    3       -0.217960        0.090232       -0.064178
     C    3        0.090232       -0.011537       -0.092091
     C    3       -0.064178       -0.092091        0.229497

     H    4       -0.382657       -0.419505        0.156774
     H    4       -0.419505        0.134776        0.114368
     H    4        0.156774        0.114368        0.247880

     C    5       -0.002044        0.219715       -0.018539
     C    5        0.219715       -0.223586       -0.259323
     C    5       -0.018539       -0.259323        0.225629

     H    6        0.277924       -0.420989        0.081172
     H    6       -0.420989       -0.631542        0.024931
     H    6        0.081172        0.024931        0.353617

     H    7        0.320755        0.036985       -0.171288
     H    7        0.036985       -0.386274        0.523975
     H    7       -0.171288        0.523975        0.065519

     C    8       -0.568261       -0.314329       -0.329386
     C    8       -0.314329        0.130094        0.199634
     C    8       -0.329386        0.199634        0.438167

     H    9       -0.308205        0.074021       -0.584998
     H    9        0.074021        0.345881        0.062753
     H    9       -0.584998        0.062753       -0.037676

     C   10       -0.068106        0.090034       -0.268525
     C   10        0.090034       -0.085300        0.688717
     C   10       -0.268525        0.688717        0.153406

     C   11       -0.424822       -0.271729       -0.271080
     C   11       -0.271729        0.061694        0.371033
     C   11       -0.271080        0.371033        0.363129

     Cl  12        0.011232        0.149299       -0.020042
     Cl  12        0.149299        0.101736        0.033194
     Cl  12       -0.020042        0.033194       -0.112968

     H   13        0.451390       -0.031587       -0.046008
     H   13       -0.031587       -0.338822       -0.476033
     H   13       -0.046008       -0.476033       -0.112569

     C   14       -0.616537        0.363967       -0.422592
     C   14        0.363967        0.278766       -0.270877
     C   14       -0.422592       -0.270877        0.337771

     H   15       -0.491746       -0.115590       -0.428099
     H   15       -0.115590        0.278880       -0.308449
     H   15       -0.428099       -0.308449        0.212866

     C   16        0.064571        0.484791       -0.012673
     C   16        0.484791       -0.305531       -0.520021
     C   16       -0.012673       -0.520021        0.240960

     C   17       -0.515296        0.352932       -0.413259
     C   17        0.352932        0.298193       -0.120536
     C   17       -0.413259       -0.120536        0.217103

     Cl  18       -0.107475        0.036734        0.071128
     Cl  18        0.036734       -0.056759        0.132839
     Cl  18        0.071128        0.132839        0.164234

     H   19        0.368441       -0.161369       -0.017251
     H   19       -0.161369       -0.680029        0.339703
     H   19       -0.017251        0.339703        0.311588

     C   20       -0.193212        0.283480       -0.366329
     C   20        0.283480        0.027550        0.579998
     C   20       -0.366329        0.579998        0.165663

     H   21       -0.103055        0.406946       -0.229216
     H   21        0.406946       -0.332375       -0.027338
     H   21       -0.229216       -0.027338        0.435430

     C   22       -0.528296       -0.334086       -0.174250
     C   22       -0.334086        0.135493        0.319777
     C   22       -0.174250        0.319777        0.392803

     C   23       -0.020572        0.196149       -0.381758
     C   23        0.196149       -0.102506        0.565024
     C   23       -0.381758        0.565024        0.123078

     Cl  24       -0.209854       -0.162037       -0.041687
     Cl  24       -0.162037        0.093765       -0.049626
     Cl  24       -0.041687       -0.049626        0.116089

     ----- ionic term -----
     Cl   1        0.112362       -0.207368        0.012923
     Cl   1       -0.207368        0.063651       -0.007746
     Cl   1        0.012923       -0.007746       -0.176013

     C    2        0.236269       -0.130449        0.255386
     C    2       -0.130449        0.230807        0.309552
     C    2        0.255386        0.309552       -0.467076

     C    3        0.244881       -0.195732        0.076714
     C    3       -0.195732        0.257345        0.332776
     C    3        0.076714        0.332776       -0.502226

     H    4        0.890351        0.356111        0.385408
     H    4        0.356111       -0.398204        0.168131
     H    4        0.385408        0.168131       -0.492147

     C    5        0.352975       -0.136742        0.119573
     C    5       -0.136742        0.122680        0.303781
     C    5        0.119573        0.303781       -0.475655

     H    6       -0.507174        0.131833        0.030182
     H    6        0.131833        0.773888        0.616793
     H    6        0.030182        0.616793       -0.266714

     H    7       -0.513999       -0.071794        0.064966
     H    7       -0.071794        0.591831       -0.728790
     H    7        0.064966       -0.728790       -0.077832

     C    8        0.246394        0.180147        0.292657
     C    8        0.180147        0.079830       -0.274606
     C    8        0.292657       -0.274606       -0.326224

     H    9        0.477524       -0.378433        0.676530
     H    9       -0.378433       -0.356746       -0.307172
     H    9        0.676530       -0.307172       -0.120779

     C   10        0.084578        0.205558        0.230327
     C   10        0.205558        0.202420       -0.388339
     C   10        0.230327       -0.388339       -0.286998

     C   11        0.204909        0.088728        0.296628
     C   11        0.088728        0.098617       -0.432504
     C   11        0.296628       -0.432504       -0.303526

     Cl  12        0.146663        0.198035        0.002013
     Cl  12        0.198035       -0.003175        0.001428
     Cl  12        0.002013        0.001428       -0.143488

     H   13       -0.518822        0.133609        0.107958
     H   13        0.133609        0.561894        0.749459
     H   13        0.107958        0.749459       -0.043072

     C   14        0.291271       -0.140849        0.221501
     C   14       -0.140849        0.079016        0.320316
     C   14        0.221501        0.320316       -0.370287

     H   15        0.699832        0.377170        0.561496
     H   15        0.377170       -0.374035        0.242442
     H   15        0.561496        0.242442       -0.325797

     C   16        0.160687       -0.200347        0.128820
     C   16       -0.200347        0.208219        0.394136
     C   16        0.128820        0.394136       -0.368906

     C   17        0.308689       -0.086936        0.127820
     C   17       -0.086936        0.086619        0.396409
     C   17        0.127820        0.396409       -0.395308

     Cl  18        0.164393       -0.197374       -0.030047
     Cl  18       -0.197374       -0.031909        0.024248
     Cl  18       -0.030047        0.024248       -0.132485

     H   19       -0.508505       -0.069101        0.053109
     H   19       -0.069101        0.594431       -0.731717
     H   19        0.053109       -0.731717       -0.085926

     C   20        0.315182        0.106866        0.314231
     C   20        0.106866        0.029467       -0.313203
     C   20        0.314231       -0.313203       -0.344649

     H   21        0.636455       -0.546297        0.456333
     H   21       -0.546297       -0.202582       -0.263708
     H   21        0.456333       -0.263708       -0.433872

     C   22        0.141112        0.152929        0.163542
     C   22        0.152929        0.264131       -0.367252
     C   22        0.163542       -0.367252       -0.405244

     C   23        0.187544        0.197171        0.251056
     C   23        0.197171        0.183986       -0.377943
     C   23        0.251056       -0.377943       -0.371530

     Cl  24        0.151255        0.212819        0.017290
     Cl  24        0.212819        0.013641       -0.001987
     Cl  24        0.017290       -0.001987       -0.164896

     ----- GIPAW term -----
     Cl   1        0.666808       -1.534898       -0.287535
     Cl   1       -1.534898        0.931618       -0.523191
     Cl   1       -0.287535       -0.523191       -1.598425

     C    2        0.017985        0.083365       -0.100581
     C    2        0.083365        0.103460       -0.198668
     C    2       -0.100581       -0.198668       -0.121445

     C    3       -0.037906        0.043380       -0.046080
     C    3        0.043380        0.036580       -0.049748
     C    3       -0.046080       -0.049748        0.001326

     H    4       -0.000000        0.000000        0.000000
     H    4        0.000000        0.000000        0.000000
     H    4        0.000000        0.000000        0.000000

     C    5        0.016979        0.117943       -0.020698
     C    5        0.117943        0.038591       -0.084835
     C    5       -0.020698       -0.084835       -0.055570

     H    6       -0.000000        0.000000        0.000000
     H    6        0.000000        0.000000        0.000000
     H    6        0.000000        0.000000        0.000000

     H    7       -0.000000        0.000000        0.000000
     H    7        0.000000        0.000000        0.000000
     H    7        0.000000        0.000000        0.000000

     C    8       -0.089353        0.056478       -0.063206
     C    8        0.056478        0.100413       -0.022763
     C    8       -0.063206       -0.022763       -0.011060

     H    9       -0.000000        0.000000        0.000000
     H    9        0.000000        0.000000        0.000000
     H    9        0.000000        0.000000        0.000000

     C   10       -0.078319        0.152650       -0.018642
     C   10        0.152650        0.137579        0.190924
     C   10       -0.018642        0.190924       -0.059260

     C   11       -0.047923        0.149482       -0.021942
     C   11        0.149482        0.139270        0.083461
     C   11       -0.021942        0.083461       -0.091347

     Cl  12        1.067262        3.368734        0.027829
     Cl  12        3.368734        1.319172        0.443897
     Cl  12        0.027829        0.443897       -2.386434

     H   13       -0.000000        0.000000        0.000000
     H   13        0.000000        0.000000        0.000000
     H   13        0.000000        0.000000        0.000000

     C   14       -0.124741        0.143935       -0.066351
     C   14        0.143935        0.153280       -0.040270
     C   14       -0.066351       -0.040270       -0.028539

     H   15       -0.000000        0.000000        0.000000
     H   15        0.000000        0.000000        0.000000
     H   15        0.000000        0.000000        0.000000

     C   16       -0.038908        0.189032        0.062652
     C   16        0.189032        0.110455        0.042335
     C   16        0.062652        0.042335       -0.071546

     C   17       -0.046954        0.139881        0.008171
     C   17        0.139881        0.188875        0.102551
     C   17        0.008171        0.102551       -0.141920

     Cl  18       -0.060838       -1.510104        0.661312
     Cl  18       -1.510104       -0.518673        1.561630
     Cl  18        0.661312        1.561630        0.579511

     H   19       -0.000000        0.000000        0.000000
     H   19        0.000000        0.000000        0.000000
     H   19        0.000000        0.000000        0.000000

     C   20       -0.032891        0.203436        0.005319
     C   20        0.203436        0.119225        0.198552
     C   20        0.005319        0.198552       -0.086333

     H   21       -0.000000        0.000000        0.000000
     H   21        0.000000        0.000000        0.000000
     H   21        0.000000        0.000000        0.000000

     C   22       -0.163233        0.062550       -0.015055
     C   22        0.062550        0.212489        0.058374
     C   22       -0.015055        0.058374       -0.049256

     C   23        0.009399        0.206730       -0.077664
     C   23        0.206730        0.115282        0.005268
     C   23       -0.077664        0.005268       -0.124681

     Cl  24        0.288843        1.950596       -0.368150
     Cl  24        1.950596        1.002105       -0.500234
     Cl  24       -0.368150       -0.500234       -1.290947

     ----- total EFG -----
     Cl   1        0.660687       -1.612666       -0.305433
     Cl   1       -1.612666        1.095928       -0.597508
     Cl   1       -0.305433       -0.597508       -1.756615

     C    2        0.187263        0.192064       -0.076831
     C    2        0.192064        0.299467       -0.555001
     C    2       -0.076831       -0.555001       -0.486730

     C    3       -0.010985       -0.062120       -0.033543
     C    3       -0.062120        0.282388        0.190938
     C    3       -0.033543        0.190938       -0.271403

     H    4        0.507694       -0.063393        0.542182
     H    4       -0.063393       -0.263427        0.282500
     H    4        0.542182        0.282500       -0.244267

     C    5        0.367911        0.200916        0.080336
     C    5        0.200916       -0.062315       -0.040377
     C    5        0.080336       -0.040377       -0.305596

     H    6       -0.229250       -0.289156        0.111354
     H    6       -0.289156        0.142346        0.641723
     H    6        0.111354        0.641723        0.086903

     H    7       -0.193244       -0.034809       -0.106322
     H    7       -0.034809        0.205557       -0.204815
     H    7       -0.106322       -0.204815       -0.012314

     C    8       -0.411220       -0.077703       -0.099935
     C    8       -0.077703        0.310337       -0.097734
     C    8       -0.099935       -0.097734        0.100883

     H    9        0.169319       -0.304411        0.091533
     H    9       -0.304411       -0.010865       -0.244419
     H    9        0.091533       -0.244419       -0.158454

     C   10       -0.061847        0.448242       -0.056840
     C   10        0.448242        0.254699        0.491303
     C   10       -0.056840        0.491303       -0.192852

     C   11       -0.267837       -0.033519        0.003606
     C   11       -0.033519        0.299580        0.021991
     C   11        0.003606        0.021991       -0.031743

     Cl  12        1.225157        3.716068        0.009800
     Cl  12        3.716068        1.417733        0.478519
     Cl  12        0.009800        0.478519       -2.642890

     H   13       -0.067431        0.102022        0.061950
     H   13        0.102022        0.223072        0.273426
     H   13        0.061950        0.273426       -0.155641

     C   14       -0.450007        0.367053       -0.267442
     C   14        0.367053        0.511062        0.009168
     C   14       -0.267442        0.009168       -0.061055

     H   15        0.208086        0.261580        0.133397
     H   15        0.261580       -0.095155       -0.066007
     H   15        0.133397       -0.066007       -0.112931

     C   16        0.186350        0.473477        0.178799
     C   16        0.473477        0.013143       -0.083550
     C   16        0.178799       -0.083550       -0.199493

     C   17       -0.253562        0.405877       -0.277269
     C   17        0.405877        0.573687        0.378424
     C   17       -0.277269        0.378424       -0.320125

     Cl  18       -0.003919       -1.670745        0.702393
     Cl  18       -1.670745       -0.607341        1.718717
     Cl  18        0.702393        1.718717        0.611261

     H   19       -0.140064       -0.230469        0.035858
     H   19       -0.230469       -0.085598       -0.392014
     H   19        0.035858       -0.392014        0.225662

     C   20        0.089079        0.593782       -0.046778
     C   20        0.593782        0.176241        0.465347
     C   20       -0.046778        0.465347       -0.265320

     H   21        0.533399       -0.139351        0.227117
     H   21       -0.139351       -0.534957       -0.291045
     H   21        0.227117       -0.291045        0.001557

     C   22       -0.550417       -0.118606       -0.025763
     C   22       -0.118606        0.612113        0.010900
     C   22       -0.025763        0.010900       -0.061696

     C   23        0.176371        0.600050       -0.208365
     C   23        0.600050        0.196762        0.192348
     C   23       -0.208365        0.192348       -0.373132

     Cl  24        0.230244        2.001378       -0.392547
     Cl  24        2.001378        1.109511       -0.551848
     Cl  24       -0.392547       -0.551848       -1.339754

     ----- total EFG (symmetrized) -----
     Cl   1        0.660687       -1.612666       -0.305433
     Cl   1       -1.612666        1.095928       -0.597508
     Cl   1       -0.305433       -0.597508       -1.756615

     C    2        0.187263        0.192064       -0.076831
     C    2        0.192064        0.299467       -0.555001
     C    2       -0.076831       -0.555001       -0.486730

     C    3       -0.010985       -0.062120       -0.033543
     C    3       -0.062120        0.282388        0.190938
     C    3       -0.033543        0.190938       -0.271403

     H    4        0.507694       -0.063393        0.542182
     H    4       -0.063393       -0.263427        0.282500
     H    4        0.542182        0.282500       -0.244267

     C    5        0.367911        0.200916        0.080336
     C    5        0.200916       -0.062315       -0.040377
     C    5        0.080336       -0.040377       -0.305596

     H    6       -0.229250       -0.289156        0.111354
     H    6       -0.289156        0.142346        0.641723
     H    6        0.111354        0.641723        0.086903

     H    7       -0.193244       -0.034809       -0.106322
     H    7       -0.034809        0.205557       -0.204815
     H    7       -0.106322       -0.204815       -0.012314

     C    8       -0.411220       -0.077703       -0.099935
     C    8       -0.077703        0.310337       -0.097734
     C    8       -0.099935       -0.097734        0.100883

     H    9        0.169319       -0.304411        0.091533
     H    9       -0.304411       -0.010865       -0.244419
     H    9        0.091533       -0.244419       -0.158454

     C   10       -0.061847        0.448242       -0.056840
     C   10        0.448242        0.254699        0.491303
     C   10       -0.056840        0.491303       -0.192852

     C   11       -0.267837       -0.033519        0.003606
     C   11       -0.033519        0.299580        0.021991
     C   11        0.003606        0.021991       -0.031743

     Cl  12        1.225157        3.716068        0.009800
     Cl  12        3.716068        1.417733        0.478519
     Cl  12        0.009800        0.478519       -2.642890

     H   13       -0.067431        0.102022        0.061950
     H   13        0.102022        0.223072        0.273426
     H   13        0.061950        0.273426       -0.155641

     C   14       -0.450007        0.367053       -0.267442
     C   14        0.367053        0.511062        0.009168
     C   14       -0.267442        0.009168       -0.061055

     H   15        0.208086        0.261580        0.133397
     H   15        0.261580       -0.095155       -0.066007
     H   15        0.133397       -0.066007       -0.112931

     C   16        0.186350        0.473477        0.178799
     C   16        0.473477        0.013143       -0.083550
     C   16        0.178799       -0.083550       -0.199493

     C   17       -0.253562        0.405877       -0.277269
     C   17        0.405877        0.573687        0.378424
     C   17       -0.277269        0.378424       -0.320125

     Cl  18       -0.003919       -1.670745        0.702393
     Cl  18       -1.670745       -0.607341        1.718717
     Cl  18        0.702393        1.718717        0.611261

     H   19       -0.140064       -0.230469        0.035858
     H   19       -0.230469       -0.085598       -0.392014
     H   19        0.035858       -0.392014        0.225662

     C   20        0.089079        0.593782       -0.046778
     C   20        0.593782        0.176241        0.465347
     C   20       -0.046778        0.465347       -0.265320

     H   21        0.533399       -0.139351        0.227117
     H   21       -0.139351       -0.534957       -0.291045
     H   21        0.227117       -0.291045        0.001557

     C   22       -0.550417       -0.118606       -0.025763
     C   22       -0.118606        0.612113        0.010900
     C   22       -0.025763        0.010900       -0.061696

     C   23        0.176371        0.600050       -0.208365
     C   23        0.600050        0.196762        0.192348
     C   23       -0.208365        0.192348       -0.373132

     Cl  24        0.230244        2.001378       -0.392547
     Cl  24        2.001378        1.109511       -0.551848
     Cl  24       -0.392547       -0.551848       -1.339754


     NQR/NMR SPECTROSCOPIC PARAMETERS:
     Cl   1    Vxx=   -0.4553    axis=(  0.704184  0.567979 -0.426057)
     Cl   1    Vyy=   -2.0652    axis=(  0.289452  0.318293  0.902722)
     Cl   1    Vzz=    2.5205    axis=( -0.648339  0.759005 -0.059734)
     Cl   1  Q=        -8.1650 1e-30 m^2  Cq=       -48.3542 MHz  eta= 0.63875

     C    2    Vxx=    0.1005    axis=(  0.920571 -0.336762  0.197839)
     C    2    Vyy=    0.6737    axis=( -0.389985 -0.820382  0.418193)
     C    2    Vzz=   -0.7742    axis=(  0.021472 -0.462130 -0.886552)
     C    2  Q=         1.0000 1e-30 m^2  Cq=        -1.8190 MHz  eta= 0.74039

     C    3    Vxx=   -0.0235    axis=(  0.981569  0.190594  0.013984)
     C    3    Vyy=   -0.3314    axis=( -0.043236  0.292753 -0.955210)
     C    3    Vzz=    0.3550    axis=( -0.186151  0.937000  0.295598)
     C    3  Q=         1.0000 1e-30 m^2  Cq=         0.8340 MHz  eta= 0.86745

     H    4    Vxx=   -0.0909    axis=(  0.312420 -0.840245 -0.443150)
     H    4    Vyy=   -0.7062    axis=(  0.367227  0.537062 -0.759414)
     H    4    Vzz=    0.7971    axis=(  0.876093  0.074520  0.476349)
     H    4  Q=         1.0000 1e-30 m^2  Cq=         1.8729 MHz  eta= 0.77201

     C    5    Vxx=   -0.1183    axis=( -0.314238  0.891254 -0.326989)
     C    5    Vyy=   -0.3336    axis=( -0.187821  0.279262  0.941666)
     C    5    Vzz=    0.4519    axis=(  0.930579  0.357323  0.079642)
     C    5  Q=         1.0000 1e-30 m^2  Cq=         1.0619 MHz  eta= 0.47629

     H    6    Vxx=   -0.0760    axis=( -0.842009  0.265348 -0.469692)
     H    6    Vyy=   -0.6993    axis=( -0.521463 -0.623375  0.582649)
     H    6    Vzz=    0.7753    axis=( -0.138190  0.735523  0.663257)
     H    6  Q=         1.0000 1e-30 m^2  Cq=         1.8218 MHz  eta= 0.80393

     H    7    Vxx=   -0.0521    axis=(  0.606475 -0.442981 -0.660270)
     H    7    Vyy=   -0.2778    axis=(  0.793528  0.284985  0.537677)
     H    7    Vzz=    0.3299    axis=(  0.050014  0.850030 -0.524354)
     H    7  Q=         1.0000 1e-30 m^2  Cq=         0.7750 MHz  eta= 0.68430

     C    8    Vxx=    0.0914    axis=(  0.232611 -0.326458 -0.916143)
     C    8    Vyy=    0.3506    axis=(  0.050085 -0.936710  0.346504)
     C    8    Vzz=   -0.4421    axis=(  0.971280  0.126485  0.201538)
     C    8  Q=         1.0000 1e-30 m^2  Cq=        -1.0387 MHz  eta= 0.58636

     H    9    Vxx=   -0.1051    axis=( -0.647281 -0.385868  0.657368)
     H    9    Vyy=   -0.3711    axis=(  0.273357  0.687532  0.672737)
     H    9    Vzz=    0.4762    axis=(  0.711550 -0.615146  0.339547)
     H    9  Q=         1.0000 1e-30 m^2  Cq=         1.1188 MHz  eta= 0.55851

     C   10    Vxx=   -0.0624    axis=(  0.762122 -0.082354 -0.642174)
     C   10    Vyy=   -0.6728    axis=( -0.486890  0.580870 -0.652325)
     C   10    Vzz=    0.7352    axis=(  0.426741  0.809820  0.402596)
     C   10  Q=         1.0000 1e-30 m^2  Cq=         1.7273 MHz  eta= 0.83027

     C   11    Vxx=   -0.0331    axis=(  0.024388 -0.063500  0.997684)
     C   11    Vyy=   -0.2699    axis=(  0.998013  0.059537 -0.020606)
     C   11    Vzz=    0.3030    axis=( -0.058091  0.996204  0.064826)
     C   11  Q=         1.0000 1e-30 m^2  Cq=         0.7118 MHz  eta= 0.78179

     Cl  12    Vxx=   -2.1753    axis=(  0.612393 -0.558904 -0.559108)
     Cl  12    Vyy=   -2.8794    axis=( -0.375399  0.416826 -0.827848)
     Cl  12    Vzz=    5.0547    axis=(  0.695738  0.716856  0.045449)
     Cl  12  Q=        -8.1650 1e-30 m^2  Cq=       -96.9712 MHz  eta= 0.13930

     H   13    Vxx=   -0.0977    axis=(  0.967959 -0.236930 -0.083187)
     H   13    Vyy=   -0.2991    axis=(  0.035788  0.458058 -0.888202)
     H   13    Vzz=    0.3969    axis=(  0.248546  0.856765  0.451860)
     H   13  Q=         1.0000 1e-30 m^2  Cq=         0.9325 MHz  eta= 0.50751

     C   14    Vxx=    0.0366    axis=( -0.326250  0.234689  0.915687)
     C   14    Vyy=    0.6443    axis=( -0.341468 -0.932539  0.117347)
     C   14    Vzz=   -0.6809    axis=(  0.881454 -0.274393  0.384380)
     C   14  Q=         1.0000 1e-30 m^2  Cq=        -1.5998 MHz  eta= 0.89255

     H   15    Vxx=   -0.0510    axis=( -0.118484  0.541717 -0.832168)
     H   15    Vyy=   -0.3226    axis=( -0.478712  0.703081  0.525844)
     H   15    Vzz=    0.3736    axis=( -0.869941 -0.460673 -0.176022)
     H   15  Q=         1.0000 1e-30 m^2  Cq=         0.8778 MHz  eta= 0.72714

     C   16    Vxx=   -0.0975    axis=(  0.259154 -0.473292  0.841923)
     C   16    Vyy=   -0.4929    axis=( -0.574736  0.624998  0.528257)
     C   16    Vzz=    0.5904    axis=( -0.776220 -0.620783 -0.110047)
     C   16  Q=         1.0000 1e-30 m^2  Cq=         1.3871 MHz  eta= 0.66974

     C   17    Vxx=   -0.0100    axis=(  0.715978 -0.046244 -0.696590)
     C   17    Vyy=   -0.7904    axis=( -0.633549  0.376084 -0.676149)
     C   17    Vzz=    0.8004    axis=( -0.293244 -0.925431 -0.239969)
     C   17  Q=         1.0000 1e-30 m^2  Cq=         1.8807 MHz  eta= 0.97497

     Cl  18    Vxx=    0.9514    axis=(  0.788895 -0.207966  0.578269)
     Cl  18    Vyy=    1.9597    axis=( -0.321464  0.662325  0.676747)
     Cl  18    Vzz=   -2.9111    axis=(  0.523742  0.719775 -0.455651)
     Cl  18  Q=        -8.1650 1e-30 m^2  Cq=        55.8477 MHz  eta= 0.34637

     H   19    Vxx=   -0.0782    axis=( -0.825761  0.296396  0.479863)
     H   19    Vyy=   -0.4533    axis=(  0.509693  0.756461  0.409853)
     H   19    Vzz=    0.5315    axis=(  0.241519 -0.583024  0.775727)
     H   19  Q=         1.0000 1e-30 m^2  Cq=         1.2487 MHz  eta= 0.70580

     C   20    Vxx=   -0.0706    axis=(  0.658062 -0.233379 -0.715883)
     C   20    Vyy=   -0.7535    axis=(  0.469384 -0.616264  0.632375)
     C   20    Vzz=    0.8241    axis=( -0.588756 -0.752166 -0.295995)
     C   20  Q=         1.0000 1e-30 m^2  Cq=         1.9364 MHz  eta= 0.82863

     H   21    Vxx=   -0.0008    axis=(  0.441508  0.337756 -0.831259)
     H   21    Vyy=   -0.6637    axis=( -0.032853 -0.919738 -0.391155)
     H   21    Vzz=    0.6645    axis=( -0.896656  0.200007 -0.394976)
     H   21  Q=         1.0000 1e-30 m^2  Cq=         1.5614 MHz  eta= 0.99755

     C   22    Vxx=   -0.0608    axis=( -0.046632 -0.024396  0.998614)
     C   22    Vyy=   -0.5636    axis=( -0.993808 -0.099803 -0.048845)
     C   22    Vzz=    0.6244    axis=(  0.100856 -0.994708 -0.019591)
     C   22  Q=         1.0000 1e-30 m^2  Cq=         1.4670 MHz  eta= 0.80537

     C   23    Vxx=   -0.1092    axis=( -0.480880  0.482993  0.731759)
     C   23    Vyy=   -0.6775    axis=( -0.524743  0.510082 -0.681514)
     C   23    Vzz=    0.7868    axis=( -0.702424 -0.711712  0.008159)
     C   23  Q=         1.0000 1e-30 m^2  Cq=         1.8486 MHz  eta= 0.72230

     Cl  24    Vxx=   -1.3615    axis=( -0.752932  0.519638 -0.403819)
     Cl  24    Vyy=   -1.4671    axis=( -0.227815  0.369870  0.900720)
     Cl  24    Vzz=    2.8286    axis=( -0.617409 -0.770177  0.160106)
     Cl  24  Q=        -8.1650 1e-30 m^2  Cq=       -54.2658 MHz  eta= 0.03731

     Initialization:
     gipaw_setup  :      9.12s CPU     10.88s WALL (       1 calls)

     Linear response

     Apply operators

     Induced current

     Other routines
     efg          :      9.52s CPU     11.94s WALL (       1 calls)

     General routines
     calbec       :      3.34s CPU      4.45s WALL (      16 calls)
     fft          :      1.33s CPU      1.55s WALL (      15 calls)
     ffts         :      0.04s CPU      0.05s WALL (       2 calls)
     fftw         :      3.30s CPU      3.84s WALL (     672 calls)
     davcio       :      0.02s CPU      0.32s WALL (      32 calls)

     Parallel routines
     fft_scatter  :      1.89s CPU      2.51s WALL (     689 calls)

     Plugins

     GIPAW        :     62.12s CPU     74.13s WALL (       1 calls)
