
     Program QE v.6.0 (svn rev. 13079) starts on 22Dec2016 at  0: 0: 6 

     This program is part of the open-source Quantum ESPRESSO suite
     for quantum simulation of materials; please cite
         "P. Giannozzi et al., J. Phys.:Condens. Matter 21 395502 (2009);
          URL http://www.quantum-espresso.org", 
     in publications or presentations arising from this work. More details at
     http://www.quantum-espresso.org/quote

     Parallel version (MPI), running on     8 processors
     R & G space division:  proc/nbgrp/npool/nimage =       8

     ***** This is GIPAW svn revision unknown      *****

     Parallelizing q-star over 1 images

     Reading data from directory:
     /users/majewski/paradichlorobenzene/pbe/9_constraint/scratch/pbe.ecut100.np8.dt60.pcl2phi-129368.save
     Message from routine read_xml_file:
     file /users/majewski/paradichlorobenzene/pbe/9_constraint/scratch/pbe.ecut100.np8.dt60.pcl2phi-129368.save not guaranteed to be safe for post-processing

   Info: using nr1, nr2, nr3 values from input

   Info: using nr1, nr2, nr3 values from input

     IMPORTANT: XC functional enforced from input :
     Exchange-correlation      =  SLA  PW   PBX  PBC ( 1  4  3  4 0 0)
     Any further DFT definition will be discarded
     Please, verify this is what you really want

               file C.pbe-n-kjpaw_psl.1.0.0.UPF: wavefunction(s)  2S 2P renormalized
               file Cl.pbe-n-kjpaw_psl.1.0.0.UPF: wavefunction(s)  3S 3P renormalized
               file H.pbe-kjpaw_psl.1.0.0.UPF: wavefunction(s)  1S renormalized

     Parallelization info
     --------------------
     sticks:   dense  smooth     PW     G-vecs:    dense   smooth      PW
     Min        3057    1223    332               144436    36536    5170
     Max        3059    1225    333               144437    36537    5171
     Sum       24467    9791   2657              1155489   292295   41363


     Subspace diagonalization in iterative solution of the eigenvalue problem:
     a serial algorithm will be used

     GIPAW projectors -----------------------------------------------
     atom=  C    l=0  rc=    1.2000  rs=    0.8000
     atom=  C    l=0  rc=    1.2000  rs=    0.8000
     atom=  C    l=1  rc=    1.4000  rs=    0.9333
     atom=  C    l=1  rc=    1.4000  rs=    0.9333
     projs nearly linearly dependent: l=1  n1,n2= 1, 2  s=  0.99951561

     atom=  Cl   l=0  rc=    1.6000  rs=    1.0667
     atom=  Cl   l=0  rc=    1.6000  rs=    1.0667
     atom=  Cl   l=1  rc=    1.6000  rs=    1.0667
     atom=  Cl   l=1  rc=    1.6000  rs=    1.0667
     atom=  Cl   l=2  rc=    1.6000  rs=    1.0667
     atom=  Cl   l=2  rc=    1.6000  rs=    1.0667
     projs nearly linearly dependent: l=2  n1,n2= 1, 2  s=  0.99993509

     atom=  H    l=0  rc=    1.0000  rs=    0.6667
     atom=  H    l=0  rc=    1.0000  rs=    0.6667
     projs nearly linearly dependent: l=0  n1,n2= 1, 2  s=  0.99968852
     -----------------------------------------------------------------

     GIPAW integrals: -------------------------------------------
     Atom  i/j   nmr_para   nmr_dia   epr_rmc  epr_para   epr_dia
       C   1 1   0.83E+03  0.17E-01  0.93E+01  0.24E+08  0.24E+03
       C   2 1   0.86E+03 -0.61E-01  0.94E+01  0.25E+08  0.25E+03
       C   2 2   0.90E+03 -0.15E+00  0.97E+01  0.26E+08  0.26E+03
       C   3 3   0.33E+01  0.34E+00  0.18E+01  0.55E+03  0.21E+02
       C   4 3   0.35E+01  0.37E+00  0.20E+01  0.59E+03  0.22E+02
       C   4 4   0.38E+01  0.39E+00  0.22E+01  0.63E+03  0.24E+02
       Cl  1 1   0.14E+04 -0.47E+00  0.84E+01  0.32E+09  0.42E+03
       Cl  2 1   0.21E+04 -0.37E+00  0.12E+02  0.49E+09  0.65E+03
       Cl  2 2   0.33E+04 -0.16E+00  0.21E+02  0.76E+09  0.10E+04
       Cl  3 3   0.21E+02  0.79E-01  0.89E+01  0.23E+05  0.13E+03
       Cl  4 3   0.24E+02  0.67E-01  0.99E+01  0.27E+05  0.15E+03
       Cl  4 4   0.28E+02  0.44E-01  0.11E+02  0.32E+05  0.18E+03
       Cl  5 5   0.77E+00  0.19E+00  0.18E+01  0.12E+03  0.22E+02
       Cl  6 5   0.80E+00  0.19E+00  0.19E+01  0.12E+03  0.23E+02
       Cl  6 6   0.83E+00  0.20E+00  0.19E+01  0.12E+03  0.23E+02
       H   1 1   0.39E+02  0.19E+00  0.29E+00  0.78E+05  0.13E+02
       H   2 1   0.41E+02  0.21E+00  0.32E+00  0.82E+05  0.14E+02
       H   2 2   0.43E+02  0.22E+00  0.36E+00  0.86E+05  0.15E+02
     ------------------------------------------------------------

     alpha_pv=     34.4917 eV

     Number of occupied bands for each k-point:
     k-point:     1    nbnd_occ=  42
     k-point:     2    nbnd_occ=  42
     k-point:     3    nbnd_occ=  42
     k-point:     4    nbnd_occ=  42
     k-point:     5    nbnd_occ=  42
     k-point:     6    nbnd_occ=  42
     k-point:     7    nbnd_occ=  42
     k-point:     8    nbnd_occ=  42
     k-point:     9    nbnd_occ=  42
     k-point:    10    nbnd_occ=  42
     k-point:    11    nbnd_occ=  42
     k-point:    12    nbnd_occ=  42
     k-point:    13    nbnd_occ=  42
     k-point:    14    nbnd_occ=  42
     k-point:    15    nbnd_occ=  42
     k-point:    16    nbnd_occ=  42


     q-space interpolation up to   110.00 Rydberg

     GIPAW job: efg                                                                             


     ELECTRIC FIELD GRADIENTS TENSORS IN Hartree/bohrradius^2:

     ----- bare term -----
     Cl   1       -0.128171        0.230918       -0.042877
     Cl   1        0.230918        0.164368       -0.070779
     Cl   1       -0.042877       -0.070779       -0.036196

     C    2        0.096018        0.153732       -0.107433
     C    2        0.153732       -0.084017       -0.564820
     C    2       -0.107433       -0.564820       -0.012001

     C    3       -0.777378        0.379865       -0.349100
     C    3        0.379865        0.319332       -0.008802
     C    3       -0.349100       -0.008802        0.458047

     H    4        0.060566       -0.241878       -0.401297
     H    4       -0.241878        0.048548       -0.515211
     H    4       -0.401297       -0.515211       -0.109114

     C    5       -0.077703        0.134298       -0.156442
     C    5        0.134298       -0.199775       -0.312320
     C    5       -0.156442       -0.312320        0.277478

     H    6        0.414748        0.079478        0.154885
     H    6        0.079478       -0.170427       -0.620751
     H    6        0.154885       -0.620751       -0.244321

     H    7        0.394782        0.079508        0.102547
     H    7        0.079508       -0.338255        0.487130
     H    7        0.102547        0.487130       -0.056527

     C    8       -0.809538       -0.347186       -0.388211
     C    8       -0.347186        0.393270        0.116470
     C    8       -0.388211        0.116470        0.416268

     H    9       -0.173070       -0.090433       -0.565236
     H    9       -0.090433        0.131113       -0.111399
     H    9       -0.565236       -0.111399        0.041957

     C   10       -0.050868       -0.078673       -0.213508
     C   10       -0.078673       -0.034134        0.683174
     C   10       -0.213508        0.683174        0.085002

     C   11       -0.500883       -0.304020       -0.337258
     C   11       -0.304020        0.182432        0.365273
     C   11       -0.337258        0.365273        0.318452

     Cl  12       -0.056085        0.047694       -0.059804
     Cl  12        0.047694        0.024974        0.131556
     Cl  12       -0.059804        0.131556        0.031111

     H   13        0.292433       -0.089376        0.053965
     H   13       -0.089376       -0.402401       -0.597257
     H   13        0.053965       -0.597257        0.109968

     C   14       -0.788661        0.396958       -0.424601
     C   14        0.396958        0.465829       -0.070729
     C   14       -0.424601       -0.070729        0.322832

     H   15       -0.352086       -0.062078       -0.542817
     H   15       -0.062078        0.111582       -0.188169
     H   15       -0.542817       -0.188169        0.240503

     C   16        0.095905        0.473099       -0.013492
     C   16        0.473099       -0.222476       -0.568720
     C   16       -0.013492       -0.568720        0.126571

     C   17       -0.574240        0.351961       -0.400354
     C   17        0.351961        0.312396       -0.129855
     C   17       -0.400354       -0.129855        0.261843

     Cl  18       -0.004792       -0.041454       -0.027791
     Cl  18       -0.041454        0.084088       -0.009481
     Cl  18       -0.027791       -0.009481       -0.079296

     H   19        0.325451       -0.241706        0.061180
     H   19       -0.241706       -0.601317        0.431746
     H   19        0.061180        0.431746        0.275866

     C   20       -0.138496        0.165825       -0.365651
     C   20        0.165825        0.020536        0.449874
     C   20       -0.365651        0.449874        0.117960

     H   21       -0.056264        0.246457       -0.404504
     H   21        0.246457       -0.070612        0.459128
     H   21       -0.404504        0.459128        0.126876

     C   22       -0.639695       -0.340784       -0.373777
     C   22       -0.340784        0.178289        0.057483
     C   22       -0.373777        0.057483        0.461406

     C   23        0.009465        0.259595       -0.445586
     C   23        0.259595       -0.197837        0.511949
     C   23       -0.445586        0.511949        0.188371

     Cl  24       -0.331653       -0.259665       -0.014082
     Cl  24       -0.259665        0.175496       -0.004324
     Cl  24       -0.014082       -0.004324        0.156157

     ----- ionic term -----
     Cl   1        0.098815       -0.178438       -0.008585
     Cl   1       -0.178438        0.031090        0.007373
     Cl   1       -0.008585        0.007373       -0.129905

     C    2        0.171964       -0.156954        0.262279
     C    2       -0.156954        0.021171        0.434488
     C    2        0.262279        0.434488       -0.193135

     C    3        0.140153       -0.234691        0.207202
     C    3       -0.234691        0.053494        0.404644
     C    3        0.207202        0.404644       -0.193647

     H    4        0.435139        0.315131        0.762508
     H    4        0.315131       -0.462194        0.285921
     H    4        0.762508        0.285921        0.027055

     C    5        0.248427       -0.217670        0.260682
     C    5       -0.217670       -0.033077        0.337418
     C    5        0.260682        0.337418       -0.215350

     H    6       -0.521970       -0.096666       -0.066822
     H    6       -0.096666        0.420209        0.796989
     H    6       -0.066822        0.796989        0.101761

     H    7       -0.497805        0.082883       -0.038440
     H    7        0.082883        0.479845       -0.770757
     H    7       -0.038440       -0.770757        0.017961

     C    8        0.270144        0.231543        0.358103
     C    8        0.231543       -0.002403       -0.274281
     C    8        0.358103       -0.274281       -0.267741

     H    9        0.578413       -0.289731        0.675566
     H    9       -0.289731       -0.407370       -0.243878
     H    9        0.675566       -0.243878       -0.171044

     C   10        0.107685        0.257769        0.250531
     C   10        0.257769        0.166176       -0.354672
     C   10        0.250531       -0.354672       -0.273861

     C   11        0.114405        0.167032        0.321510
     C   11        0.167032        0.110299       -0.414566
     C   11        0.321510       -0.414566       -0.224704

     Cl  12        0.136515        0.217231        0.046652
     Cl  12        0.217231       -0.002087        0.014084
     Cl  12        0.046652        0.014084       -0.134428

     H   13       -0.506104        0.000819        0.023277
     H   13        0.000819        0.726438        0.683650
     H   13        0.023277        0.683650       -0.220335

     C   14        0.338507       -0.256016        0.258146
     C   14       -0.256016        0.011592        0.315782
     C   14        0.258146        0.315782       -0.350100

     H   15        0.648951        0.343490        0.628743
     H   15        0.343490       -0.389670        0.264157
     H   15        0.628743        0.264157       -0.259281

     C   16        0.217125       -0.295877        0.157272
     C   16       -0.295877        0.123687        0.425573
     C   16        0.157272        0.425573       -0.340812

     C   17        0.178064       -0.182658        0.298484
     C   17       -0.182658        0.051798        0.441005
     C   17        0.298484        0.441005       -0.229863

     Cl  18        0.179329       -0.225794        0.033124
     Cl  18       -0.225794       -0.036994       -0.007203
     Cl  18        0.033124       -0.007203       -0.142335

     H   19       -0.533935        0.044661       -0.015715
     H   19        0.044661        0.675315       -0.697664
     H   19       -0.015715       -0.697664       -0.141379

     C   20        0.178638        0.191173        0.290092
     C   20        0.191173        0.092596       -0.291157
     C   20        0.290092       -0.291157       -0.271234

     H   21        0.574507       -0.376864        0.656300
     H   21       -0.376864       -0.387888       -0.279943
     H   21        0.656300       -0.279943       -0.186618

     C   22        0.116617        0.199120        0.216791
     C   22        0.199120        0.176952       -0.356361
     C   22        0.216791       -0.356361       -0.293569

     C   23        0.275440        0.216688        0.306199
     C   23        0.216688        0.027797       -0.398481
     C   23        0.306199       -0.398481       -0.303238

     Cl  24        0.182039        0.232185       -0.007891
     Cl  24        0.232185       -0.010205       -0.017626
     Cl  24       -0.007891       -0.017626       -0.171834

     ----- GIPAW term -----
     Cl   1        0.407975       -0.311083       -0.452292
     Cl   1       -0.311083        1.698479       -0.668870
     Cl   1       -0.452292       -0.668870       -2.106455

     C    2       -0.036994        0.055496        0.021373
     C    2        0.055496        0.225182        0.032831
     C    2        0.021373        0.032831       -0.188188

     C    3       -0.228428        0.086082       -0.023507
     C    3        0.086082        0.181761        0.173987
     C    3       -0.023507        0.173987        0.046666

     H    4       -0.000000        0.000000        0.000000
     H    4        0.000000        0.000000        0.000000
     H    4        0.000000        0.000000        0.000000

     C    5       -0.118955        0.038141        0.009302
     C    5        0.038141        0.105818        0.143026
     C    5        0.009302        0.143026        0.013136

     H    6       -0.000000        0.000000        0.000000
     H    6        0.000000        0.000000        0.000000
     H    6        0.000000        0.000000        0.000000

     H    7       -0.000000        0.000000        0.000000
     H    7        0.000000        0.000000        0.000000
     H    7        0.000000        0.000000        0.000000

     C    8       -0.223978       -0.008614       -0.056559
     C    8       -0.008614        0.258657       -0.075080
     C    8       -0.056559       -0.075080       -0.034679

     H    9       -0.000000        0.000000        0.000000
     H    9        0.000000        0.000000        0.000000
     H    9        0.000000        0.000000        0.000000

     C   10       -0.131112        0.026825       -0.029357
     C   10        0.026825        0.197733        0.219099
     C   10       -0.029357        0.219099       -0.066621

     C   11       -0.120334        0.066359       -0.045890
     C   11        0.066359        0.224648        0.110913
     C   11       -0.045890        0.110913       -0.104314

     Cl  12        0.012395        2.254699       -0.041858
     Cl  12        2.254699        0.790202        1.947874
     Cl  12       -0.041858        1.947874       -0.802597

     H   13       -0.000000        0.000000        0.000000
     H   13        0.000000        0.000000        0.000000
     H   13        0.000000        0.000000        0.000000

     C   14       -0.153745        0.139500       -0.032552
     C   14        0.139500        0.233092        0.034023
     C   14       -0.032552        0.034023       -0.079347

     H   15       -0.000000        0.000000        0.000000
     H   15        0.000000        0.000000        0.000000
     H   15        0.000000        0.000000        0.000000

     C   16       -0.043216        0.196195        0.037788
     C   16        0.196195        0.175097       -0.011753
     C   16        0.037788       -0.011753       -0.131881

     C   17       -0.097821        0.095443       -0.009206
     C   17        0.095443        0.223274        0.104625
     C   17       -0.009206        0.104625       -0.125453

     Cl  18        1.202502       -2.374629       -0.188267
     Cl  18       -2.374629        0.821146       -0.108430
     Cl  18       -0.188267       -0.108430       -2.023648

     H   19       -0.000000        0.000000        0.000000
     H   19        0.000000        0.000000        0.000000
     H   19        0.000000        0.000000        0.000000

     C   20       -0.089416        0.142045       -0.072739
     C   20        0.142045        0.207957        0.002203
     C   20       -0.072739        0.002203       -0.118540

     H   21       -0.000000        0.000000        0.000000
     H   21        0.000000        0.000000        0.000000
     H   21        0.000000        0.000000        0.000000

     C   22       -0.202256        0.047036       -0.127915
     C   22        0.047036        0.154185       -0.160527
     C   22       -0.127915       -0.160527        0.048070

     C   23        0.024671        0.239410       -0.125387
     C   23        0.239410        0.035458       -0.047664
     C   23       -0.125387       -0.047664       -0.060129

     Cl  24       -0.598015        1.815051       -0.187063
     Cl  24        1.815051        2.165256       -0.226364
     Cl  24       -0.187063       -0.226364       -1.567241

     ----- total EFG -----
     Cl   1        0.378619       -0.258603       -0.503754
     Cl   1       -0.258603        1.893937       -0.732276
     Cl   1       -0.503754       -0.732276       -2.272556

     C    2        0.230988        0.052274        0.176219
     C    2        0.052274        0.162336       -0.097501
     C    2        0.176219       -0.097501       -0.393324

     C    3       -0.865653        0.231256       -0.165405
     C    3        0.231256        0.554587        0.569829
     C    3       -0.165405        0.569829        0.311066

     H    4        0.495706        0.073253        0.361211
     H    4        0.073253       -0.413646       -0.229290
     H    4        0.361211       -0.229290       -0.082060

     C    5        0.051770       -0.045230        0.113542
     C    5       -0.045230       -0.127034        0.168124
     C    5        0.113542        0.168124        0.075264

     H    6       -0.107222       -0.017188        0.088063
     H    6       -0.017188        0.249782        0.176238
     H    6        0.088063        0.176238       -0.142560

     H    7       -0.103023        0.162390        0.064107
     H    7        0.162390        0.141589       -0.283627
     H    7        0.064107       -0.283627       -0.038567

     C    8       -0.763372       -0.124257       -0.086668
     C    8       -0.124257        0.649524       -0.232891
     C    8       -0.086668       -0.232891        0.113848

     H    9        0.405343       -0.380164        0.110329
     H    9       -0.380164       -0.276257       -0.355277
     H    9        0.110329       -0.355277       -0.129086

     C   10       -0.074295        0.205921        0.007665
     C   10        0.205921        0.329775        0.547601
     C   10        0.007665        0.547601       -0.255480

     C   11       -0.506812       -0.070630       -0.061638
     C   11       -0.070630        0.517378        0.061621
     C   11       -0.061638        0.061621       -0.010566

     Cl  12        0.092825        2.519625       -0.055011
     Cl  12        2.519625        0.813088        2.093514
     Cl  12       -0.055011        2.093514       -0.905914

     H   13       -0.213671       -0.088556        0.077242
     H   13       -0.088556        0.324038        0.086393
     H   13        0.077242        0.086393       -0.110367

     C   14       -0.603899        0.280442       -0.199007
     C   14        0.280442        0.710514        0.279076
     C   14       -0.199007        0.279076       -0.106615

     H   15        0.296865        0.281412        0.085926
     H   15        0.281412       -0.278087        0.075988
     H   15        0.085926        0.075988       -0.018778

     C   16        0.269814        0.373417        0.181568
     C   16        0.373417        0.076308       -0.154900
     C   16        0.181568       -0.154900       -0.346122

     C   17       -0.493996        0.264745       -0.111076
     C   17        0.264745        0.587468        0.415775
     C   17       -0.111076        0.415775       -0.093472

     Cl  18        1.377040       -2.641877       -0.182935
     Cl  18       -2.641877        0.868240       -0.125115
     Cl  18       -0.182935       -0.125115       -2.245279

     H   19       -0.208484       -0.197045        0.045465
     H   19       -0.197045        0.073998       -0.265917
     H   19        0.045465       -0.265917        0.134487

     C   20       -0.049274        0.499044       -0.148297
     C   20        0.499044        0.321088        0.160921
     C   20       -0.148297        0.160921       -0.271814

     H   21        0.518243       -0.130407        0.251796
     H   21       -0.130407       -0.458501        0.179184
     H   21        0.251796        0.179184       -0.059742

     C   22       -0.725334       -0.094629       -0.284901
     C   22       -0.094629        0.509427       -0.459405
     C   22       -0.284901       -0.459405        0.215907

     C   23        0.309577        0.715694       -0.264774
     C   23        0.715694       -0.134582        0.065803
     C   23       -0.264774        0.065803       -0.174995

     Cl  24       -0.747629        1.787571       -0.209036
     Cl  24        1.787571        2.330547       -0.248314
     Cl  24       -0.209036       -0.248314       -1.582919

     ----- total EFG (symmetrized) -----
     Cl   1        0.378619       -0.258603       -0.503754
     Cl   1       -0.258603        1.893937       -0.732276
     Cl   1       -0.503754       -0.732276       -2.272556

     C    2        0.230988        0.052274        0.176219
     C    2        0.052274        0.162336       -0.097501
     C    2        0.176219       -0.097501       -0.393324

     C    3       -0.865653        0.231256       -0.165405
     C    3        0.231256        0.554587        0.569829
     C    3       -0.165405        0.569829        0.311066

     H    4        0.495706        0.073253        0.361211
     H    4        0.073253       -0.413646       -0.229290
     H    4        0.361211       -0.229290       -0.082060

     C    5        0.051770       -0.045230        0.113542
     C    5       -0.045230       -0.127034        0.168124
     C    5        0.113542        0.168124        0.075264

     H    6       -0.107222       -0.017188        0.088063
     H    6       -0.017188        0.249782        0.176238
     H    6        0.088063        0.176238       -0.142560

     H    7       -0.103023        0.162390        0.064107
     H    7        0.162390        0.141589       -0.283627
     H    7        0.064107       -0.283627       -0.038567

     C    8       -0.763372       -0.124257       -0.086668
     C    8       -0.124257        0.649524       -0.232891
     C    8       -0.086668       -0.232891        0.113848

     H    9        0.405343       -0.380164        0.110329
     H    9       -0.380164       -0.276257       -0.355277
     H    9        0.110329       -0.355277       -0.129086

     C   10       -0.074295        0.205921        0.007665
     C   10        0.205921        0.329775        0.547601
     C   10        0.007665        0.547601       -0.255480

     C   11       -0.506812       -0.070630       -0.061638
     C   11       -0.070630        0.517378        0.061621
     C   11       -0.061638        0.061621       -0.010566

     Cl  12        0.092825        2.519625       -0.055011
     Cl  12        2.519625        0.813088        2.093514
     Cl  12       -0.055011        2.093514       -0.905914

     H   13       -0.213671       -0.088556        0.077242
     H   13       -0.088556        0.324038        0.086393
     H   13        0.077242        0.086393       -0.110367

     C   14       -0.603899        0.280442       -0.199007
     C   14        0.280442        0.710514        0.279076
     C   14       -0.199007        0.279076       -0.106615

     H   15        0.296865        0.281412        0.085926
     H   15        0.281412       -0.278087        0.075988
     H   15        0.085926        0.075988       -0.018778

     C   16        0.269814        0.373417        0.181568
     C   16        0.373417        0.076308       -0.154900
     C   16        0.181568       -0.154900       -0.346122

     C   17       -0.493996        0.264745       -0.111076
     C   17        0.264745        0.587468        0.415775
     C   17       -0.111076        0.415775       -0.093472

     Cl  18        1.377040       -2.641877       -0.182935
     Cl  18       -2.641877        0.868240       -0.125115
     Cl  18       -0.182935       -0.125115       -2.245279

     H   19       -0.208484       -0.197045        0.045465
     H   19       -0.197045        0.073998       -0.265917
     H   19        0.045465       -0.265917        0.134487

     C   20       -0.049274        0.499044       -0.148297
     C   20        0.499044        0.321088        0.160921
     C   20       -0.148297        0.160921       -0.271814

     H   21        0.518243       -0.130407        0.251796
     H   21       -0.130407       -0.458501        0.179184
     H   21        0.251796        0.179184       -0.059742

     C   22       -0.725334       -0.094629       -0.284901
     C   22       -0.094629        0.509427       -0.459405
     C   22       -0.284901       -0.459405        0.215907

     C   23        0.309577        0.715694       -0.264774
     C   23        0.715694       -0.134582        0.065803
     C   23       -0.264774        0.065803       -0.174995

     Cl  24       -0.747629        1.787571       -0.209036
     Cl  24        1.787571        2.330547       -0.248314
     Cl  24       -0.209036       -0.248314       -1.582919


     NQR/NMR SPECTROSCOPIC PARAMETERS:
     Cl   1    Vxx=    0.4620    axis=(  0.977008  0.074239 -0.199861)
     Cl   1    Vyy=    2.0371    axis=( -0.106241  0.982266 -0.154485)
     Cl   1    Vzz=   -2.4991    axis=(  0.184848  0.172166  0.967569)
     Cl   1  Q=        -8.1650 1e-30 m^2  Cq=        47.9438 MHz  eta= 0.63025

     C    2    Vxx=    0.1747    axis=( -0.189809  0.956159 -0.223009)
     C    2    Vyy=    0.2836    axis=(  0.947807  0.237712  0.212495)
     C    2    Vzz=   -0.4583    axis=( -0.256191  0.171036  0.951374)
     C    2  Q=         1.0000 1e-30 m^2  Cq=        -1.0768 MHz  eta= 0.23763

     C    3    Vxx=   -0.0575    axis=( -0.319171 -0.578318  0.750785)
     C    3    Vyy=   -0.9611    axis=( -0.946784  0.229352 -0.225827)
     C    3    Vzz=    1.0187    axis=( -0.041595 -0.782908 -0.620745)
     C    3  Q=         1.0000 1e-30 m^2  Cq=         2.3935 MHz  eta= 0.88701

     H    4    Vxx=   -0.0840    axis=(  0.374759  0.584137 -0.719958)
     H    4    Vyy=   -0.5864    axis=( -0.233906  0.811002  0.536250)
     H    4    Vzz=    0.6704    axis=( -0.897131  0.032562 -0.440564)
     H    4  Q=         1.0000 1e-30 m^2  Cq=         1.5752 MHz  eta= 0.74928

     C    5    Vxx=    0.0409    axis=(  0.821587 -0.498336 -0.276867)
     C    5    Vyy=    0.2123    axis=(  0.478148  0.337907  0.810674)
     C    5    Vzz=   -0.2533    axis=( -0.310433 -0.798423  0.515899)
     C    5  Q=         1.0000 1e-30 m^2  Cq=        -0.5950 MHz  eta= 0.67667

     H    6    Vxx=   -0.0569    axis=(  0.865665 -0.212094  0.453475)
     H    6    Vyy=   -0.2610    axis=(  0.499205  0.297569 -0.813786)
     H    6    Vzz=    0.3179    axis=(  0.037659  0.930843  0.363473)
     H    6  Q=         1.0000 1e-30 m^2  Cq=         0.7469 MHz  eta= 0.64216

     H    7    Vxx=   -0.0268    axis=( -0.812553 -0.160340 -0.560401)
     H    7    Vyy=   -0.3422    axis=(  0.544313 -0.552661 -0.631102)
     H    7    Vzz=    0.3690    axis=( -0.208521 -0.817837  0.536341)
     H    7  Q=         1.0000 1e-30 m^2  Cq=         0.8670 MHz  eta= 0.85493

     C    8    Vxx=    0.0457    axis=( -0.150353  0.328691  0.932393)
     C    8    Vyy=    0.7416    axis=(  0.057900 -0.938567  0.340205)
     C    8    Vzz=   -0.7873    axis=(  0.986935  0.105137  0.122085)
     C    8  Q=         1.0000 1e-30 m^2  Cq=        -1.8499 MHz  eta= 0.88385

     H    9    Vxx=   -0.0368    axis=(  0.505529  0.360512 -0.783882)
     H    9    Vyy=   -0.6223    axis=(  0.243441  0.812012  0.530446)
     H    9    Vzz=    0.6592    axis=( -0.827754  0.458985 -0.322733)
     H    9  Q=         1.0000 1e-30 m^2  Cq=         1.5488 MHz  eta= 0.88821

     C   10    Vxx=   -0.0972    axis=(  0.953978 -0.095518 -0.284259)
     C   10    Vyy=   -0.6033    axis=( -0.193530  0.527986 -0.826908)
     C   10    Vzz=    0.7005    axis=(  0.229069  0.843864  0.485201)
     C   10  Q=         1.0000 1e-30 m^2  Cq=         1.6460 MHz  eta= 0.72250

     C   11    Vxx=   -0.0121    axis=( -0.104488 -0.128713  0.986162)
     C   11    Vyy=   -0.5182    axis=( -0.991723 -0.060914 -0.113028)
     C   11    Vzz=    0.5303    axis=(  0.074620 -0.989809 -0.121283)
     C   11  Q=         1.0000 1e-30 m^2  Cq=         1.2459 MHz  eta= 0.95444

     Cl  12    Vxx=   -0.4151    axis=( -0.674375  0.151712  0.722635)
     Cl  12    Vyy=   -3.1615    axis=( -0.497605  0.629677 -0.596570)
     Cl  12    Vzz=    3.5766    axis=(  0.545534  0.761899  0.349146)
     Cl  12  Q=        -8.1650 1e-30 m^2  Cq=       -68.6144 MHz  eta= 0.76790

     H   13    Vxx=   -0.0716    axis=( -0.510997  0.072651 -0.856507)
     H   13    Vyy=   -0.2786    axis=( -0.849465 -0.195111  0.490246)
     H   13    Vzz=    0.3502    axis=( -0.131497  0.978087  0.161415)
     H   13  Q=         1.0000 1e-30 m^2  Cq=         0.8228 MHz  eta= 0.59102

     C   14    Vxx=   -0.0662    axis=(  0.418614  0.169424 -0.892221)
     C   14    Vyy=   -0.7627    axis=(  0.895367 -0.241344  0.374261)
     C   14    Vzz=    0.8289    axis=( -0.151923 -0.955536 -0.252727)
     C   14  Q=         1.0000 1e-30 m^2  Cq=         1.9476 MHz  eta= 0.84018

     H   15    Vxx=   -0.0406    axis=( -0.253681  0.008887  0.967247)
     H   15    Vyy=   -0.3968    axis=( -0.362829  0.926071 -0.103668)
     H   15    Vzz=    0.4375    axis=( -0.896661 -0.377244 -0.231703)
     H   15  Q=         1.0000 1e-30 m^2  Cq=         1.0279 MHz  eta= 0.81431

     C   16    Vxx=   -0.0379    axis=( -0.450767  0.662381 -0.598382)
     C   16    Vyy=   -0.5238    axis=( -0.395775  0.452554  0.799098)
     C   16    Vzz=    0.5617    axis=( -0.800107 -0.597031 -0.058157)
     C   16  Q=         1.0000 1e-30 m^2  Cq=         1.3197 MHz  eta= 0.86512

     C   17    Vxx=   -0.1659    axis=( -0.500842 -0.276631  0.820142)
     C   17    Vyy=   -0.6475    axis=( -0.852501  0.321505 -0.412161)
     C   17    Vzz=    0.8134    axis=( -0.149663 -0.905599 -0.396851)
     C   17  Q=         1.0000 1e-30 m^2  Cq=         1.9112 MHz  eta= 0.59214

     Cl  18    Vxx=   -1.4714    axis=(  0.645782  0.714854 -0.268234)
     Cl  18    Vyy=   -2.3058    axis=(  0.186372  0.193100  0.963316)
     Cl  18    Vzz=    3.7772    axis=( -0.740426  0.672084  0.008528)
     Cl  18  Q=        -8.1650 1e-30 m^2  Cq=       -72.4632 MHz  eta= 0.22089

     H   19    Vxx=   -0.0877    axis=( -0.533795  0.486657  0.691540)
     H   19    Vyy=   -0.3294    axis=( -0.803315 -0.547246 -0.234960)
     H   19    Vzz=    0.4172    axis=(  0.264098 -0.680945  0.683056)
     H   19  Q=         1.0000 1e-30 m^2  Cq=         0.9802 MHz  eta= 0.57934

     C   20    Vxx=   -0.1134    axis=( -0.521679  0.303935  0.797167)
     C   20    Vyy=   -0.5573    axis=( -0.642283  0.475098 -0.601460)
     C   20    Vzz=    0.6707    axis=( -0.561537 -0.825776 -0.052636)
     C   20  Q=         1.0000 1e-30 m^2  Cq=         1.5759 MHz  eta= 0.66181

     H   21    Vxx=   -0.0451    axis=( -0.273876  0.453950  0.847892)
     H   21    Vyy=   -0.5709    axis=(  0.201469  0.889119 -0.410946)
     H   21    Vzz=    0.6160    axis=(  0.940426 -0.058276  0.334966)
     H   21  Q=         1.0000 1e-30 m^2  Cq=         1.4474 MHz  eta= 0.85344

     C   22    Vxx=   -0.0073    axis=( -0.365304  0.580247  0.727919)
     C   22    Vyy=   -0.8432    axis=( -0.928868 -0.175724 -0.326075)
     C   22    Vzz=    0.8506    axis=( -0.061291 -0.795258  0.603166)
     C   22  Q=         1.0000 1e-30 m^2  Cq=         1.9985 MHz  eta= 0.98278

     C   23    Vxx=   -0.1245    axis=( -0.078958  0.387657  0.918416)
     C   23    Vyy=   -0.7423    axis=( -0.585187  0.727829 -0.357521)
     C   23    Vzz=    0.8668    axis=( -0.807045 -0.565674  0.169384)
     C   23  Q=         1.0000 1e-30 m^2  Cq=         2.0366 MHz  eta= 0.71283

     Cl  24    Vxx=   -1.4973    axis=( -0.687816  0.362021  0.629166)
     Cl  24    Vyy=   -1.6736    axis=( -0.594127  0.217205 -0.774490)
     Cl  24    Vzz=    3.1709    axis=( -0.417039 -0.906511  0.065689)
     Cl  24  Q=        -8.1650 1e-30 m^2  Cq=       -60.8323 MHz  eta= 0.05562

     Initialization:
     gipaw_setup  :      9.10s CPU     10.77s WALL (       1 calls)

     Linear response

     Apply operators

     Induced current

     Other routines
     efg          :      9.34s CPU     11.75s WALL (       1 calls)

     General routines
     calbec       :      3.17s CPU      4.22s WALL (      16 calls)
     fft          :      1.97s CPU      3.81s WALL (      15 calls)
     ffts         :      0.05s CPU      0.07s WALL (       2 calls)
     fftw         :      3.44s CPU      4.18s WALL (     672 calls)
     davcio       :      0.02s CPU      0.31s WALL (      32 calls)

     Parallel routines
     fft_scatter  :      2.80s CPU      5.28s WALL (     689 calls)

     Plugins

     GIPAW        :     64.27s CPU     87.09s WALL (       1 calls)
