
     Program QE v.6.0 (svn rev. 13079) starts on 18Dec2016 at 21:45:44 

     This program is part of the open-source Quantum ESPRESSO suite
     for quantum simulation of materials; please cite
         "P. Giannozzi et al., J. Phys.:Condens. Matter 21 395502 (2009);
          URL http://www.quantum-espresso.org", 
     in publications or presentations arising from this work. More details at
     http://www.quantum-espresso.org/quote

     Parallel version (MPI), running on     8 processors
     R & G space division:  proc/nbgrp/npool/nimage =       8

     ***** This is GIPAW svn revision unknown      *****

     Parallelizing q-star over 1 images

     Reading data from directory:
     /users/majewski/paradichlorobenzene/pbe/9_constraint/scratch/pbe.ecut100.np8.dt60.pcl2phi-129368.save
     Message from routine read_xml_file:
     file /users/majewski/paradichlorobenzene/pbe/9_constraint/scratch/pbe.ecut100.np8.dt60.pcl2phi-129368.save not guaranteed to be safe for post-processing

   Info: using nr1, nr2, nr3 values from input

   Info: using nr1, nr2, nr3 values from input

     IMPORTANT: XC functional enforced from input :
     Exchange-correlation      =  SLA  PW   PBX  PBC ( 1  4  3  4 0 0)
     Any further DFT definition will be discarded
     Please, verify this is what you really want

               file C.pbe-n-kjpaw_psl.1.0.0.UPF: wavefunction(s)  2S 2P renormalized
               file Cl.pbe-n-kjpaw_psl.1.0.0.UPF: wavefunction(s)  3S 3P renormalized
               file H.pbe-kjpaw_psl.1.0.0.UPF: wavefunction(s)  1S renormalized

     Parallelization info
     --------------------
     sticks:   dense  smooth     PW     G-vecs:    dense   smooth      PW
     Min        3057    1223    332               144436    36536    5170
     Max        3059    1225    333               144437    36537    5171
     Sum       24467    9791   2657              1155489   292295   41363


     Subspace diagonalization in iterative solution of the eigenvalue problem:
     a serial algorithm will be used

     GIPAW projectors -----------------------------------------------
     atom=  C    l=0  rc=    1.2000  rs=    0.8000
     atom=  C    l=0  rc=    1.2000  rs=    0.8000
     atom=  C    l=1  rc=    1.4000  rs=    0.9333
     atom=  C    l=1  rc=    1.4000  rs=    0.9333
     projs nearly linearly dependent: l=1  n1,n2= 1, 2  s=  0.99951561

     atom=  Cl   l=0  rc=    1.6000  rs=    1.0667
     atom=  Cl   l=0  rc=    1.6000  rs=    1.0667
     atom=  Cl   l=1  rc=    1.6000  rs=    1.0667
     atom=  Cl   l=1  rc=    1.6000  rs=    1.0667
     atom=  Cl   l=2  rc=    1.6000  rs=    1.0667
     atom=  Cl   l=2  rc=    1.6000  rs=    1.0667
     projs nearly linearly dependent: l=2  n1,n2= 1, 2  s=  0.99993509

     atom=  H    l=0  rc=    1.0000  rs=    0.6667
     atom=  H    l=0  rc=    1.0000  rs=    0.6667
     projs nearly linearly dependent: l=0  n1,n2= 1, 2  s=  0.99968852
     -----------------------------------------------------------------

     GIPAW integrals: -------------------------------------------
     Atom  i/j   nmr_para   nmr_dia   epr_rmc  epr_para   epr_dia
       C   1 1   0.83E+03  0.17E-01  0.93E+01  0.24E+08  0.24E+03
       C   2 1   0.86E+03 -0.61E-01  0.94E+01  0.25E+08  0.25E+03
       C   2 2   0.90E+03 -0.15E+00  0.97E+01  0.26E+08  0.26E+03
       C   3 3   0.33E+01  0.34E+00  0.18E+01  0.55E+03  0.21E+02
       C   4 3   0.35E+01  0.37E+00  0.20E+01  0.59E+03  0.22E+02
       C   4 4   0.38E+01  0.39E+00  0.22E+01  0.63E+03  0.24E+02
       Cl  1 1   0.14E+04 -0.47E+00  0.84E+01  0.32E+09  0.42E+03
       Cl  2 1   0.21E+04 -0.37E+00  0.12E+02  0.49E+09  0.65E+03
       Cl  2 2   0.33E+04 -0.16E+00  0.21E+02  0.76E+09  0.10E+04
       Cl  3 3   0.21E+02  0.79E-01  0.89E+01  0.23E+05  0.13E+03
       Cl  4 3   0.24E+02  0.67E-01  0.99E+01  0.27E+05  0.15E+03
       Cl  4 4   0.28E+02  0.44E-01  0.11E+02  0.32E+05  0.18E+03
       Cl  5 5   0.77E+00  0.19E+00  0.18E+01  0.12E+03  0.22E+02
       Cl  6 5   0.80E+00  0.19E+00  0.19E+01  0.12E+03  0.23E+02
       Cl  6 6   0.83E+00  0.20E+00  0.19E+01  0.12E+03  0.23E+02
       H   1 1   0.39E+02  0.19E+00  0.29E+00  0.78E+05  0.13E+02
       H   2 1   0.41E+02  0.21E+00  0.32E+00  0.82E+05  0.14E+02
       H   2 2   0.43E+02  0.22E+00  0.36E+00  0.86E+05  0.15E+02
     ------------------------------------------------------------

     alpha_pv=     33.7380 eV

     Number of occupied bands for each k-point:
     k-point:     1    nbnd_occ=  42
     k-point:     2    nbnd_occ=  42
     k-point:     3    nbnd_occ=  42
     k-point:     4    nbnd_occ=  42
     k-point:     5    nbnd_occ=  42
     k-point:     6    nbnd_occ=  42
     k-point:     7    nbnd_occ=  42
     k-point:     8    nbnd_occ=  42
     k-point:     9    nbnd_occ=  42
     k-point:    10    nbnd_occ=  42
     k-point:    11    nbnd_occ=  42
     k-point:    12    nbnd_occ=  42
     k-point:    13    nbnd_occ=  42
     k-point:    14    nbnd_occ=  42
     k-point:    15    nbnd_occ=  42
     k-point:    16    nbnd_occ=  42


     q-space interpolation up to   110.00 Rydberg

     GIPAW job: efg                                                                             


     ELECTRIC FIELD GRADIENTS TENSORS IN Hartree/bohrradius^2:

     ----- bare term -----
     Cl   1       -0.067727        0.021833       -0.042635
     Cl   1        0.021833       -0.050346        0.004700
     Cl   1       -0.042635        0.004700        0.118073

     C    2       -0.021018        0.258127       -0.102482
     C    2        0.258127       -0.387601       -0.444491
     C    2       -0.102482       -0.444491        0.408619

     C    3       -0.382885        0.336974       -0.254883
     C    3        0.336974       -0.022433       -0.478251
     C    3       -0.254883       -0.478251        0.405318

     H    4       -0.234298       -0.524626       -0.090926
     H    4       -0.524626       -0.124981        0.118228
     H    4       -0.090926        0.118228        0.359279

     C    5       -0.375572        0.063898       -0.318802
     C    5        0.063898       -0.045133       -0.499783
     C    5       -0.318802       -0.499783        0.420705

     H    6        0.469580       -0.072373       -0.051280
     H    6       -0.072373       -0.685126        0.201948
     H    6       -0.051280        0.201948        0.215546

     H    7        0.371220        0.357567        0.114071
     H    7        0.357567       -0.660505       -0.116458
     H    7        0.114071       -0.116458        0.289285

     C    8       -0.220224       -0.221314       -0.272251
     C    8       -0.221314       -0.073536        0.486419
     C    8       -0.272251        0.486419        0.293760

     H    9       -0.241067        0.523193       -0.109591
     H    9        0.523193       -0.119310       -0.107845
     H    9       -0.109591       -0.107845        0.360377

     C   10       -0.371332       -0.349448       -0.290133
     C   10       -0.349448       -0.033816        0.470426
     C   10       -0.290133        0.470426        0.405148

     C   11       -0.048183        0.028576       -0.354110
     C   11        0.028576       -0.318507        0.473539
     C   11       -0.354110        0.473539        0.366689

     Cl  12       -0.076069       -0.167523       -0.093961
     Cl  12       -0.167523        0.084882        0.130503
     Cl  12       -0.093961        0.130503       -0.008813

     H   13        0.352953        0.180673       -0.198245
     H   13        0.180673       -0.608901       -0.087031
     H   13       -0.198245       -0.087031        0.255948

     C   14       -0.455742       -0.097485       -0.283383
     C   14       -0.097485       -0.038895       -0.432022
     C   14       -0.283383       -0.432022        0.494637

     H   15       -0.137418       -0.366828       -0.306149
     H   15       -0.366828       -0.283288       -0.018158
     H   15       -0.306149       -0.018158        0.420706

     C   16       -0.325440        0.367051       -0.078838
     C   16        0.367051       -0.156266       -0.503068
     C   16       -0.078838       -0.503068        0.481706

     C   17       -0.097410       -0.006279       -0.389161
     C   17       -0.006279       -0.197870       -0.527454
     C   17       -0.389161       -0.527454        0.295280

     Cl  18       -0.215120        0.238862        0.032174
     Cl  18        0.238862        0.087489        0.148594
     Cl  18        0.032174        0.148594        0.127631

     H   19        0.497884        0.152547        0.005650
     H   19        0.152547       -0.637342        0.012689
     H   19        0.005650        0.012689        0.139458

     C   20       -0.605476       -0.165914       -0.381674
     C   20       -0.165914       -0.053957        0.231519
     C   20       -0.381674        0.231519        0.659433

     H   21       -0.415865        0.463875       -0.053534
     H   21        0.463875        0.205561       -0.076342
     H   21       -0.053534       -0.076342        0.210304

     C   22       -0.123649       -0.195723       -0.184420
     C   22       -0.195723       -0.440643        0.450115
     C   22       -0.184420        0.450115        0.564292

     C   23       -0.397827        0.026077       -0.324666
     C   23        0.026077       -0.078629        0.502999
     C   23       -0.324666        0.502999        0.476456

     Cl  24       -0.034019       -0.008741       -0.004409
     Cl  24       -0.008741       -0.019180        0.003521
     Cl  24       -0.004409        0.003521        0.053199

     ----- ionic term -----
     Cl   1        0.117030       -0.195664        0.062129
     Cl   1       -0.195664        0.033476       -0.039493
     Cl   1        0.062129       -0.039493       -0.150506

     C    2        0.148648       -0.082224        0.314529
     C    2       -0.082224        0.320124        0.286356
     C    2        0.314529        0.286356       -0.468771

     C    3        0.157215       -0.131900        0.176314
     C    3       -0.131900        0.352491        0.298218
     C    3        0.176314        0.298218       -0.509706

     H    4        0.613542        0.524511        0.508559
     H    4        0.524511       -0.216606        0.267480
     H    4        0.508559        0.267480       -0.396936

     C    5        0.318762       -0.066971        0.244259
     C    5       -0.066971        0.173740        0.243303
     C    5        0.244259        0.243303       -0.492502

     H    6       -0.510329        0.065692        0.012351
     H    6        0.065692        0.968177        0.418984
     H    6        0.012351        0.418984       -0.457848

     H    7       -0.487028       -0.263019        0.069685
     H    7       -0.263019        1.003039       -0.318743
     H    7        0.069685       -0.318743       -0.516011

     C    8        0.321728        0.045651        0.179186
     C    8        0.045651        0.192104       -0.235579
     C    8        0.179186       -0.235579       -0.513832

     H    9        0.620228       -0.525651        0.475567
     H    9       -0.525651       -0.245701       -0.264441
     H    9        0.475567       -0.264441       -0.374528

     C   10        0.152644        0.106877        0.123355
     C   10        0.106877        0.328876       -0.364899
     C   10        0.123355       -0.364899       -0.481520

     C   11        0.260787        0.004899        0.196355
     C   11        0.004899        0.194790       -0.388659
     C   11        0.196355       -0.388659       -0.455577

     Cl  12        0.156496        0.168913       -0.045712
     Cl  12        0.168913       -0.026050       -0.022106
     Cl  12       -0.045712       -0.022106       -0.130446

     H   13       -0.527118       -0.000860        0.020573
     H   13       -0.000860        0.772270        0.609079
     H   13        0.020573        0.609079       -0.245152

     C   14        0.307251       -0.136453        0.287871
     C   14       -0.136453        0.119004        0.264985
     C   14        0.287871        0.264985       -0.426255

     H   15        0.515144        0.511152        0.551759
     H   15        0.511152       -0.192247        0.327730
     H   15        0.551759        0.327730       -0.322897

     C   16        0.168464       -0.186501        0.189091
     C   16       -0.186501        0.285292        0.327647
     C   16        0.189091        0.327647       -0.453756

     C   17        0.346429       -0.091291        0.264980
     C   17       -0.091291        0.149487        0.338083
     C   17        0.264980        0.338083       -0.495916

     Cl  18        0.232555       -0.211155        0.037063
     Cl  18       -0.211155       -0.053071       -0.010149
     Cl  18        0.037063       -0.010149       -0.179483

     H   19       -0.514023       -0.080250        0.034013
     H   19       -0.080250        0.772821       -0.616184
     H   19        0.034013       -0.616184       -0.258798

     C   20        0.345724        0.100101        0.223046
     C   20        0.100101        0.102118       -0.297751
     C   20        0.223046       -0.297751       -0.447842

     H   21        0.568540       -0.426857        0.623164
     H   21       -0.426857       -0.335451       -0.296602
     H   21        0.623164       -0.296602       -0.233088

     C   22        0.152625        0.141093        0.185044
     C   22        0.141093        0.257490       -0.399697
     C   22        0.185044       -0.399697       -0.410115

     C   23        0.214462        0.051291        0.228259
     C   23        0.051291        0.247786       -0.383700
     C   23        0.228259       -0.383700       -0.462248

     Cl  24        0.138577        0.216826        0.021517
     Cl  24        0.216826        0.027976        0.011450
     Cl  24        0.021517        0.011450       -0.166553

     ----- GIPAW term -----
     Cl   1       -0.647360       -1.593461        0.257806
     Cl   1       -1.593461       -1.336995       -0.771895
     Cl   1        0.257806       -0.771895        1.984355

     C    2        0.061987       -0.024124        0.086804
     C    2       -0.024124       -0.106664        0.011726
     C    2        0.086804        0.011726        0.044677

     C    3       -0.150260        0.111825       -0.111370
     C    3        0.111825        0.089515       -0.201784
     C    3       -0.111370       -0.201784        0.060745

     H    4       -0.000000        0.000000        0.000000
     H    4        0.000000        0.000000        0.000000
     H    4        0.000000        0.000000        0.000000

     C    5       -0.141464        0.016011       -0.053605
     C    5        0.016011        0.020048       -0.252076
     C    5       -0.053605       -0.252076        0.121417

     H    6       -0.000000        0.000000        0.000000
     H    6        0.000000        0.000000        0.000000
     H    6        0.000000        0.000000        0.000000

     H    7       -0.000000        0.000000        0.000000
     H    7        0.000000        0.000000        0.000000
     H    7        0.000000        0.000000        0.000000

     C    8       -0.057822       -0.080099       -0.037822
     C    8       -0.080099        0.090518        0.122438
     C    8       -0.037822        0.122438       -0.032696

     H    9       -0.000000        0.000000        0.000000
     H    9        0.000000        0.000000        0.000000
     H    9        0.000000        0.000000        0.000000

     C   10       -0.127732       -0.107180       -0.107359
     C   10       -0.107180        0.084278        0.154476
     C   10       -0.107359        0.154476        0.043454

     C   11        0.014299        0.144772       -0.078879
     C   11        0.144772       -0.079012       -0.004044
     C   11       -0.078879       -0.004044        0.064714

     Cl  12        0.778909        0.638756       -0.959040
     Cl  12        0.638756        0.798226        1.242964
     Cl  12       -0.959040        1.242964       -1.577135

     H   13       -0.000000        0.000000        0.000000
     H   13        0.000000        0.000000        0.000000
     H   13        0.000000        0.000000        0.000000

     C   14       -0.083751       -0.087719        0.102176
     C   14       -0.087719       -0.084537       -0.156648
     C   14        0.102176       -0.156648        0.168288

     H   15       -0.000000        0.000000        0.000000
     H   15        0.000000        0.000000        0.000000
     H   15        0.000000        0.000000        0.000000

     C   16       -0.108239       -0.002893        0.037062
     C   16       -0.002893        0.034338       -0.159338
     C   16        0.037062       -0.159338        0.073901

     C   17        0.062515       -0.145312       -0.085645
     C   17       -0.145312       -0.038635       -0.076138
     C   17       -0.085645       -0.076138       -0.023880

     Cl  18       -0.545664       -0.442783        0.469988
     Cl  18       -0.442783        1.293842        1.981137
     Cl  18        0.469988        1.981137       -0.748179

     H   19       -0.000000        0.000000        0.000000
     H   19        0.000000        0.000000        0.000000
     H   19        0.000000        0.000000        0.000000

     C   20       -0.187076       -0.023069       -0.087906
     C   20       -0.023069       -0.113786        0.067185
     C   20       -0.087906        0.067185        0.300861

     H   21       -0.000000        0.000000        0.000000
     H   21        0.000000        0.000000        0.000000
     H   21        0.000000        0.000000        0.000000

     C   22       -0.106926       -0.027323       -0.117037
     C   22       -0.027323       -0.160652        0.093909
     C   22       -0.117037        0.093909        0.267578

     C   23       -0.089567        0.119162       -0.054777
     C   23        0.119162       -0.083040        0.120661
     C   23       -0.054777        0.120661        0.172607

     Cl  24        1.225691        2.286258       -0.057628
     Cl  24        2.286258       -0.045398        0.030939
     Cl  24       -0.057628        0.030939       -1.180292

     ----- total EFG -----
     Cl   1       -0.598057       -1.767292        0.277301
     Cl   1       -1.767292       -1.353865       -0.806689
     Cl   1        0.277301       -0.806689        1.951922

     C    2        0.189617        0.151778        0.298852
     C    2        0.151778       -0.174141       -0.146408
     C    2        0.298852       -0.146408       -0.015476

     C    3       -0.375930        0.316899       -0.189939
     C    3        0.316899        0.419573       -0.381818
     C    3       -0.189939       -0.381818       -0.043643

     H    4        0.379245       -0.000115        0.417633
     H    4       -0.000115       -0.341587        0.385708
     H    4        0.417633        0.385708       -0.037657

     C    5       -0.198274        0.012938       -0.128148
     C    5        0.012938        0.148654       -0.508556
     C    5       -0.128148       -0.508556        0.049620

     H    6       -0.040749       -0.006681       -0.038929
     H    6       -0.006681        0.283051        0.620932
     H    6       -0.038929        0.620932       -0.242302

     H    7       -0.115809        0.094549        0.183755
     H    7        0.094549        0.342535       -0.435201
     H    7        0.183755       -0.435201       -0.226726

     C    8        0.043682       -0.255762       -0.130888
     C    8       -0.255762        0.209087        0.373278
     C    8       -0.130888        0.373278       -0.252769

     H    9        0.379161       -0.002458        0.365976
     H    9       -0.002458       -0.365010       -0.372286
     H    9        0.365976       -0.372286       -0.014151

     C   10       -0.346420       -0.349751       -0.274137
     C   10       -0.349751        0.379338        0.260004
     C   10       -0.274137        0.260004       -0.032918

     C   11        0.226903        0.178247       -0.236634
     C   11        0.178247       -0.202729        0.080836
     C   11       -0.236634        0.080836       -0.024174

     Cl  12        0.859336        0.640146       -1.098713
     Cl  12        0.640146        0.857058        1.351361
     Cl  12       -1.098713        1.351361       -1.716394

     H   13       -0.174165        0.179813       -0.177672
     H   13        0.179813        0.163369        0.522048
     H   13       -0.177672        0.522048        0.010797

     C   14       -0.232241       -0.321656        0.106664
     C   14       -0.321656       -0.004429       -0.323686
     C   14        0.106664       -0.323686        0.236670

     H   15        0.377726        0.144324        0.245611
     H   15        0.144324       -0.475535        0.309572
     H   15        0.245611        0.309572        0.097809

     C   16       -0.265214        0.177658        0.147315
     C   16        0.177658        0.163364       -0.334759
     C   16        0.147315       -0.334759        0.101850

     C   17        0.311534       -0.242882       -0.209826
     C   17       -0.242882       -0.087018       -0.265508
     C   17       -0.209826       -0.265508       -0.224516

     Cl  18       -0.528229       -0.415077        0.539225
     Cl  18       -0.415077        1.328260        2.119582
     Cl  18        0.539225        2.119582       -0.800031

     H   19       -0.016139        0.072297        0.039662
     H   19        0.072297        0.135479       -0.603495
     H   19        0.039662       -0.603495       -0.119340

     C   20       -0.446828       -0.088882       -0.246534
     C   20       -0.088882       -0.065624        0.000953
     C   20       -0.246534        0.000953        0.512452

     H   21        0.152674        0.037017        0.569630
     H   21        0.037017       -0.129890       -0.372944
     H   21        0.569630       -0.372944       -0.022784

     C   22       -0.077950       -0.081952       -0.116413
     C   22       -0.081952       -0.343804        0.144327
     C   22       -0.116413        0.144327        0.421755

     C   23       -0.272933        0.196529       -0.151184
     C   23        0.196529        0.086117        0.239960
     C   23       -0.151184        0.239960        0.186816

     Cl  24        1.330248        2.494342       -0.040520
     Cl  24        2.494342       -0.036601        0.045910
     Cl  24       -0.040520        0.045910       -1.293646

     ----- total EFG (symmetrized) -----
     Cl   1       -0.598057       -1.767292        0.277301
     Cl   1       -1.767292       -1.353865       -0.806689
     Cl   1        0.277301       -0.806689        1.951922

     C    2        0.189617        0.151778        0.298852
     C    2        0.151778       -0.174141       -0.146408
     C    2        0.298852       -0.146408       -0.015476

     C    3       -0.375930        0.316899       -0.189939
     C    3        0.316899        0.419573       -0.381818
     C    3       -0.189939       -0.381818       -0.043643

     H    4        0.379245       -0.000115        0.417633
     H    4       -0.000115       -0.341587        0.385708
     H    4        0.417633        0.385708       -0.037657

     C    5       -0.198274        0.012938       -0.128148
     C    5        0.012938        0.148654       -0.508556
     C    5       -0.128148       -0.508556        0.049620

     H    6       -0.040749       -0.006681       -0.038929
     H    6       -0.006681        0.283051        0.620932
     H    6       -0.038929        0.620932       -0.242302

     H    7       -0.115809        0.094549        0.183755
     H    7        0.094549        0.342535       -0.435201
     H    7        0.183755       -0.435201       -0.226726

     C    8        0.043682       -0.255762       -0.130888
     C    8       -0.255762        0.209087        0.373278
     C    8       -0.130888        0.373278       -0.252769

     H    9        0.379161       -0.002458        0.365976
     H    9       -0.002458       -0.365010       -0.372286
     H    9        0.365976       -0.372286       -0.014151

     C   10       -0.346420       -0.349751       -0.274137
     C   10       -0.349751        0.379338        0.260004
     C   10       -0.274137        0.260004       -0.032918

     C   11        0.226903        0.178247       -0.236634
     C   11        0.178247       -0.202729        0.080836
     C   11       -0.236634        0.080836       -0.024174

     Cl  12        0.859336        0.640146       -1.098713
     Cl  12        0.640146        0.857058        1.351361
     Cl  12       -1.098713        1.351361       -1.716394

     H   13       -0.174165        0.179813       -0.177672
     H   13        0.179813        0.163369        0.522048
     H   13       -0.177672        0.522048        0.010797

     C   14       -0.232241       -0.321656        0.106664
     C   14       -0.321656       -0.004429       -0.323686
     C   14        0.106664       -0.323686        0.236670

     H   15        0.377726        0.144324        0.245611
     H   15        0.144324       -0.475535        0.309572
     H   15        0.245611        0.309572        0.097809

     C   16       -0.265214        0.177658        0.147315
     C   16        0.177658        0.163364       -0.334759
     C   16        0.147315       -0.334759        0.101850

     C   17        0.311534       -0.242882       -0.209826
     C   17       -0.242882       -0.087018       -0.265508
     C   17       -0.209826       -0.265508       -0.224516

     Cl  18       -0.528229       -0.415077        0.539225
     Cl  18       -0.415077        1.328260        2.119582
     Cl  18        0.539225        2.119582       -0.800031

     H   19       -0.016139        0.072297        0.039662
     H   19        0.072297        0.135479       -0.603495
     H   19        0.039662       -0.603495       -0.119340

     C   20       -0.446828       -0.088882       -0.246534
     C   20       -0.088882       -0.065624        0.000953
     C   20       -0.246534        0.000953        0.512452

     H   21        0.152674        0.037017        0.569630
     H   21        0.037017       -0.129890       -0.372944
     H   21        0.569630       -0.372944       -0.022784

     C   22       -0.077950       -0.081952       -0.116413
     C   22       -0.081952       -0.343804        0.144327
     C   22       -0.116413        0.144327        0.421755

     C   23       -0.272933        0.196529       -0.151184
     C   23        0.196529        0.086117        0.239960
     C   23       -0.151184        0.239960        0.186816

     Cl  24        1.330248        2.494342       -0.040520
     Cl  24        2.494342       -0.036601        0.045910
     Cl  24       -0.040520        0.045910       -1.293646


     NQR/NMR SPECTROSCOPIC PARAMETERS:
     Cl   1    Vxx=    0.4888    axis=( -0.738625  0.521303  0.427406)
     Cl   1    Vyy=    2.3386    axis=(  0.285183 -0.332855  0.898820)
     Cl   1    Vzz=   -2.8274    axis=(  0.610822  0.785780  0.097189)
     Cl   1  Q=        -8.1650 1e-30 m^2  Cq=        54.2429 MHz  eta= 0.65425

     C    2    Vxx=    0.0055    axis=(  0.325223  0.747084 -0.579737)
     C    2    Vyy=    0.4059    axis=( -0.825479 -0.074788 -0.559456)
     C    2    Vzz=   -0.4115    axis=( -0.461318  0.660509  0.592380)
     C    2  Q=         1.0000 1e-30 m^2  Cq=        -0.9668 MHz  eta= 0.97305

     C    3    Vxx=   -0.2582    axis=( -0.037096  0.503571  0.863157)
     C    3    Vyy=   -0.4969    axis=( -0.949875  0.250543 -0.186991)
     C    3    Vzz=    0.7551    axis=( -0.310421 -0.826828  0.469035)
     C    3  Q=         1.0000 1e-30 m^2  Cq=         1.7743 MHz  eta= 0.31606

     H    4    Vxx=   -0.0176    axis=(  0.560299 -0.634336 -0.532619)
     H    4    Vyy=   -0.6649    axis=(  0.248925  0.742265 -0.622157)
     H    4    Vzz=    0.6825    axis=(  0.790001  0.216012  0.573792)
     H    4  Q=         1.0000 1e-30 m^2  Cq=         1.6037 MHz  eta= 0.94835

     C    5    Vxx=   -0.1781    axis=(  0.932186 -0.314860 -0.178582)
     C    5    Vyy=   -0.4433    axis=(  0.342559  0.607921  0.716300)
     C    5    Vzz=    0.6214    axis=(  0.116970  0.728900 -0.674554)
     C    5  Q=         1.0000 1e-30 m^2  Cq=         1.4600 MHz  eta= 0.42677

     H    6    Vxx=   -0.0404    axis=(  0.998227  0.056504 -0.018694)
     H    6    Vyy=   -0.6552    axis=( -0.046795  0.551058 -0.833154)
     H    6    Vzz=    0.6956    axis=( -0.036776  0.832552  0.552725)
     H    6  Q=         1.0000 1e-30 m^2  Cq=         1.6343 MHz  eta= 0.88384

     H    7    Vxx=   -0.0194    axis=(  0.906150  0.206869  0.368913)
     H    7    Vyy=   -0.5585    axis=( -0.422905  0.429706  0.797812)
     H    7    Vzz=    0.5779    axis=(  0.006519 -0.878953  0.476864)
     H    7  Q=         1.0000 1e-30 m^2  Cq=         1.3579 MHz  eta= 0.93282

     C    8    Vxx=   -0.1119    axis=(  0.878585  0.404128  0.254497)
     C    8    Vyy=   -0.4610    axis=(  0.024731  0.493670 -0.869298)
     C    8    Vzz=    0.5729    axis=( -0.476945  0.770046  0.423736)
     C    8  Q=         1.0000 1e-30 m^2  Cq=         1.3461 MHz  eta= 0.60944

     H    9    Vxx=    0.0025    axis=( -0.567647 -0.584000  0.580277)
     H    9    Vyy=    0.6399    axis=( -0.796610  0.211702 -0.566211)
     H    9    Vzz=   -0.6425    axis=(  0.207821 -0.783662 -0.585392)
     H    9  Q=         1.0000 1e-30 m^2  Cq=        -1.5095 MHz  eta= 0.99218

     C   10    Vxx=   -0.1406    axis=( -0.185261 -0.536368  0.823400)
     C   10    Vyy=   -0.5484    axis=( -0.902099 -0.239491 -0.358974)
     C   10    Vzz=    0.6890    axis=(  0.389739 -0.809292 -0.439489)
     C   10  Q=         1.0000 1e-30 m^2  Cq=         1.6188 MHz  eta= 0.59183

     C   11    Vxx=   -0.0353    axis=(  0.247457  0.622099  0.742804)
     C   11    Vyy=   -0.3564    axis=(  0.430555 -0.757398  0.490887)
     C   11    Vzz=    0.3918    axis=( -0.867979 -0.198344  0.455271)
     C   11  Q=         1.0000 1e-30 m^2  Cq=         0.9205 MHz  eta= 0.81975

     Cl  12    Vxx=    1.2080    axis=( -0.792110  0.383533  0.474830)
     Cl  12    Vyy=    1.5310    axis=(  0.512567  0.840357  0.176284)
     Cl  12    Vzz=   -2.7390    axis=(  0.331416 -0.383018  0.862241)
     Cl  12  Q=        -8.1650 1e-30 m^2  Cq=        52.5462 MHz  eta= 0.11792

     H   13    Vxx=   -0.0228    axis=(  0.855960  0.317543 -0.408042)
     H   13    Vyy=   -0.5925    axis=( -0.516326  0.566463 -0.642283)
     H   13    Vzz=    0.6152    axis=( -0.027188 -0.760451 -0.648825)
     H   13  Q=         1.0000 1e-30 m^2  Cq=         1.4455 MHz  eta= 0.92601

     C   14    Vxx=   -0.0835    axis=( -0.559642  0.482257  0.673965)
     C   14    Vyy=   -0.4772    axis=( -0.754697 -0.632567 -0.174045)
     C   14    Vzz=    0.5608    axis=(  0.342393 -0.606042  0.717969)
     C   14  Q=         1.0000 1e-30 m^2  Cq=         1.3176 MHz  eta= 0.70213

     H   15    Vxx=    0.0141    axis=( -0.611740  0.285986  0.737554)
     H   15    Vyy=    0.5979    axis=(  0.790152  0.265537  0.552404)
     H   15    Vzz=   -0.6121    axis=( -0.037868  0.920707 -0.388412)
     H   15  Q=         1.0000 1e-30 m^2  Cq=        -1.4381 MHz  eta= 0.95383

     C   16    Vxx=   -0.0047    axis=(  0.655769  0.475259  0.586597)
     C   16    Vyy=   -0.4656    axis=(  0.753402 -0.461878 -0.468032)
     C   16    Vzz=    0.4703    axis=( -0.048501 -0.748864  0.660946)
     C   16  Q=         1.0000 1e-30 m^2  Cq=         1.1051 MHz  eta= 0.98008

     C   17    Vxx=    0.1080    axis=(  0.161351  0.719102 -0.675913)
     C   17    Vyy=    0.4382    axis=( -0.924141  0.350423  0.152207)
     C   17    Vzz=   -0.5462    axis=(  0.346308  0.600080  0.721093)
     C   17  Q=         1.0000 1e-30 m^2  Cq=        -1.2834 MHz  eta= 0.60440

     Cl  18    Vxx=   -0.2793    axis=(  0.937557 -0.163036  0.307256)
     Cl  18    Vyy=   -2.3581    axis=(  0.347080  0.496537 -0.795605)
     Cl  18    Vzz=    2.6374    axis=( -0.022852  0.852567  0.522118)
     Cl  18  Q=        -8.1650 1e-30 m^2  Cq=       -50.5978 MHz  eta= 0.78818

     H   19    Vxx=   -0.0080    axis=(  0.990840  0.041398  0.128540)
     H   19    Vyy=   -0.6184    axis=( -0.125911  0.627291  0.768539)
     H   19    Vzz=    0.6264    axis=( -0.048816 -0.777684  0.626757)
     H   19  Q=         1.0000 1e-30 m^2  Cq=         1.4718 MHz  eta= 0.97454

     C   20    Vxx=   -0.0501    axis=( -0.172121  0.982055 -0.077091)
     C   20    Vyy=   -0.5227    axis=( -0.955965 -0.185407 -0.227496)
     C   20    Vzz=    0.5729    axis=( -0.237707  0.034539  0.970723)
     C   20  Q=         1.0000 1e-30 m^2  Cq=         1.3460 MHz  eta= 0.82501

     H   21    Vxx=   -0.0117    axis=(  0.533051  0.820342 -0.207110)
     H   21    Vyy=   -0.6907    axis=( -0.498953  0.502480  0.706088)
     H   21    Vzz=    0.7024    axis=(  0.683303 -0.273043  0.677159)
     H   21  Q=         1.0000 1e-30 m^2  Cq=         1.6503 MHz  eta= 0.96674

     C   22    Vxx=   -0.0957    axis=( -0.951786  0.163289 -0.259692)
     C   22    Vyy=   -0.3827    axis=(  0.205358  0.968040 -0.143967)
     C   22    Vzz=    0.4783    axis=( -0.227884  0.190355  0.954900)
     C   22  Q=         1.0000 1e-30 m^2  Cq=         1.1238 MHz  eta= 0.60003

     C   23    Vxx=    0.0702    axis=(  0.585326  0.621654 -0.520519)
     C   23    Vyy=    0.3817    axis=( -0.012299 -0.635102 -0.772330)
     C   23    Vzz=   -0.4520    axis=( -0.810705  0.458467 -0.364096)
     C   23  Q=         1.0000 1e-30 m^2  Cq=        -1.0620 MHz  eta= 0.68918

     Cl  24    Vxx=   -1.2879    axis=( -0.055846  0.074792  0.995634)
     Cl  24    Vyy=   -1.9452    axis=( -0.603942  0.791545 -0.093336)
     Cl  24    Vzz=    3.2331    axis=( -0.795070 -0.606517  0.000966)
     Cl  24  Q=        -8.1650 1e-30 m^2  Cq=       -62.0254 MHz  eta= 0.20329

     Initialization:
     gipaw_setup  :      9.28s CPU     10.94s WALL (       1 calls)

     Linear response

     Apply operators

     Induced current

     Other routines
     efg          :      9.44s CPU     12.15s WALL (       1 calls)

     General routines
     calbec       :      3.30s CPU      4.47s WALL (      16 calls)
     fft          :      1.68s CPU      2.92s WALL (      15 calls)
     ffts         :      0.04s CPU      0.04s WALL (       2 calls)
     fftw         :      3.33s CPU      4.18s WALL (     672 calls)
     davcio       :      0.04s CPU      0.32s WALL (      32 calls)

     Parallel routines
     fft_scatter  :      2.53s CPU      4.31s WALL (     689 calls)

     Plugins

     GIPAW        :     63.00s CPU     75.54s WALL (       1 calls)
