
     Program QE v.6.0 (svn rev. 13079) starts on 24Dec2016 at  1:27:12 

     This program is part of the open-source Quantum ESPRESSO suite
     for quantum simulation of materials; please cite
         "P. Giannozzi et al., J. Phys.:Condens. Matter 21 395502 (2009);
          URL http://www.quantum-espresso.org", 
     in publications or presentations arising from this work. More details at
     http://www.quantum-espresso.org/quote

     Parallel version (MPI), running on     8 processors
     R & G space division:  proc/nbgrp/npool/nimage =       8

     ***** This is GIPAW svn revision unknown      *****

     Parallelizing q-star over 1 images

     Reading data from directory:
     /users/majewski/paradichlorobenzene/pbe/9_constraint/scratch/pbe.ecut100.np8.dt60.pcl2phi-129368.save
     Message from routine read_xml_file:
     file /users/majewski/paradichlorobenzene/pbe/9_constraint/scratch/pbe.ecut100.np8.dt60.pcl2phi-129368.save not guaranteed to be safe for post-processing

   Info: using nr1, nr2, nr3 values from input

   Info: using nr1, nr2, nr3 values from input

     IMPORTANT: XC functional enforced from input :
     Exchange-correlation      =  SLA  PW   PBX  PBC ( 1  4  3  4 0 0)
     Any further DFT definition will be discarded
     Please, verify this is what you really want

               file C.pbe-n-kjpaw_psl.1.0.0.UPF: wavefunction(s)  2S 2P renormalized
               file Cl.pbe-n-kjpaw_psl.1.0.0.UPF: wavefunction(s)  3S 3P renormalized
               file H.pbe-kjpaw_psl.1.0.0.UPF: wavefunction(s)  1S renormalized

     Parallelization info
     --------------------
     sticks:   dense  smooth     PW     G-vecs:    dense   smooth      PW
     Min        3057    1223    332               144436    36536    5170
     Max        3059    1225    333               144437    36537    5171
     Sum       24467    9791   2657              1155489   292295   41363


     Subspace diagonalization in iterative solution of the eigenvalue problem:
     a serial algorithm will be used

     GIPAW projectors -----------------------------------------------
     atom=  C    l=0  rc=    1.2000  rs=    0.8000
     atom=  C    l=0  rc=    1.2000  rs=    0.8000
     atom=  C    l=1  rc=    1.4000  rs=    0.9333
     atom=  C    l=1  rc=    1.4000  rs=    0.9333
     projs nearly linearly dependent: l=1  n1,n2= 1, 2  s=  0.99951561

     atom=  Cl   l=0  rc=    1.6000  rs=    1.0667
     atom=  Cl   l=0  rc=    1.6000  rs=    1.0667
     atom=  Cl   l=1  rc=    1.6000  rs=    1.0667
     atom=  Cl   l=1  rc=    1.6000  rs=    1.0667
     atom=  Cl   l=2  rc=    1.6000  rs=    1.0667
     atom=  Cl   l=2  rc=    1.6000  rs=    1.0667
     projs nearly linearly dependent: l=2  n1,n2= 1, 2  s=  0.99993509

     atom=  H    l=0  rc=    1.0000  rs=    0.6667
     atom=  H    l=0  rc=    1.0000  rs=    0.6667
     projs nearly linearly dependent: l=0  n1,n2= 1, 2  s=  0.99968852
     -----------------------------------------------------------------

     GIPAW integrals: -------------------------------------------
     Atom  i/j   nmr_para   nmr_dia   epr_rmc  epr_para   epr_dia
       C   1 1   0.83E+03  0.17E-01  0.93E+01  0.24E+08  0.24E+03
       C   2 1   0.86E+03 -0.61E-01  0.94E+01  0.25E+08  0.25E+03
       C   2 2   0.90E+03 -0.15E+00  0.97E+01  0.26E+08  0.26E+03
       C   3 3   0.33E+01  0.34E+00  0.18E+01  0.55E+03  0.21E+02
       C   4 3   0.35E+01  0.37E+00  0.20E+01  0.59E+03  0.22E+02
       C   4 4   0.38E+01  0.39E+00  0.22E+01  0.63E+03  0.24E+02
       Cl  1 1   0.14E+04 -0.47E+00  0.84E+01  0.32E+09  0.42E+03
       Cl  2 1   0.21E+04 -0.37E+00  0.12E+02  0.49E+09  0.65E+03
       Cl  2 2   0.33E+04 -0.16E+00  0.21E+02  0.76E+09  0.10E+04
       Cl  3 3   0.21E+02  0.79E-01  0.89E+01  0.23E+05  0.13E+03
       Cl  4 3   0.24E+02  0.67E-01  0.99E+01  0.27E+05  0.15E+03
       Cl  4 4   0.28E+02  0.44E-01  0.11E+02  0.32E+05  0.18E+03
       Cl  5 5   0.77E+00  0.19E+00  0.18E+01  0.12E+03  0.22E+02
       Cl  6 5   0.80E+00  0.19E+00  0.19E+01  0.12E+03  0.23E+02
       Cl  6 6   0.83E+00  0.20E+00  0.19E+01  0.12E+03  0.23E+02
       H   1 1   0.39E+02  0.19E+00  0.29E+00  0.78E+05  0.13E+02
       H   2 1   0.41E+02  0.21E+00  0.32E+00  0.82E+05  0.14E+02
       H   2 2   0.43E+02  0.22E+00  0.36E+00  0.86E+05  0.15E+02
     ------------------------------------------------------------

     alpha_pv=     34.7053 eV

     Number of occupied bands for each k-point:
     k-point:     1    nbnd_occ=  42
     k-point:     2    nbnd_occ=  42
     k-point:     3    nbnd_occ=  42
     k-point:     4    nbnd_occ=  42
     k-point:     5    nbnd_occ=  42
     k-point:     6    nbnd_occ=  42
     k-point:     7    nbnd_occ=  42
     k-point:     8    nbnd_occ=  42
     k-point:     9    nbnd_occ=  42
     k-point:    10    nbnd_occ=  42
     k-point:    11    nbnd_occ=  42
     k-point:    12    nbnd_occ=  42
     k-point:    13    nbnd_occ=  42
     k-point:    14    nbnd_occ=  42
     k-point:    15    nbnd_occ=  42
     k-point:    16    nbnd_occ=  42


     q-space interpolation up to   110.00 Rydberg

     GIPAW job: efg                                                                             


     ELECTRIC FIELD GRADIENTS TENSORS IN Hartree/bohrradius^2:

     ----- bare term -----
     Cl   1        0.143208        0.104720       -0.030159
     Cl   1        0.104720        0.218775        0.027836
     Cl   1       -0.030159        0.027836       -0.361983

     C    2       -0.619454        0.126775       -0.268688
     C    2        0.126775        0.025902       -0.214100
     C    2       -0.268688       -0.214100        0.593552

     C    3       -0.028736        0.145274       -0.171844
     C    3        0.145274       -0.552058       -0.394707
     C    3       -0.171844       -0.394707        0.580794

     H    4       -0.577933       -0.048933       -0.117277
     H    4       -0.048933        0.363313       -0.311844
     H    4       -0.117277       -0.311844        0.214621

     C    5       -0.757654        0.338140       -0.405140
     C    5        0.338140        0.314280       -0.132061
     C    5       -0.405140       -0.132061        0.443373

     H    6        0.423582       -0.053467       -0.002269
     H    6       -0.053467       -0.410729       -0.527564
     H    6       -0.002269       -0.527564       -0.012854

     H    7        0.155165       -0.083945        0.170229
     H    7       -0.083945       -0.234306        0.524857
     H    7        0.170229        0.524857        0.079140

     C    8       -0.410411        0.035774       -0.331497
     C    8        0.035774       -0.034244        0.477665
     C    8       -0.331497        0.477665        0.444655

     H    9       -0.376652        0.148470       -0.552323
     H    9        0.148470        0.244629        0.142821
     H    9       -0.552323        0.142821        0.132023

     C   10       -0.087562       -0.427645       -0.009649
     C   10       -0.427645       -0.459541        0.512967
     C   10       -0.009649        0.512967        0.547103

     C   11       -0.335369        0.166448       -0.281843
     C   11        0.166448       -0.067612        0.604371
     C   11       -0.281843        0.604371        0.402981

     Cl  12       -0.043253       -0.162744       -0.047643
     Cl  12       -0.162744       -0.061710        0.001126
     Cl  12       -0.047643        0.001126        0.104963

     H   13        0.447864       -0.072354       -0.069343
     H   13       -0.072354       -0.246110       -0.609952
     H   13       -0.069343       -0.609952       -0.201753

     C   14       -0.207913        0.196112       -0.217622
     C   14        0.196112       -0.347995       -0.341277
     C   14       -0.217622       -0.341277        0.555908

     H   15       -0.538644       -0.401174       -0.355479
     H   15       -0.401174        0.259432       -0.166532
     H   15       -0.355479       -0.166532        0.279212

     C   16       -0.408920        0.295895       -0.304870
     C   16        0.295895        0.012428       -0.303917
     C   16       -0.304870       -0.303917        0.396492

     C   17       -0.043737        0.135089       -0.246091
     C   17        0.135089       -0.059335       -0.627947
     C   17       -0.246091       -0.627947        0.103072

     Cl  18       -0.103203        0.147792       -0.054386
     Cl  18        0.147792        0.031501       -0.086433
     Cl  18       -0.054386       -0.086433        0.071702

     H   19        0.449301        0.048032       -0.210532
     H   19        0.048032       -0.060909        0.433195
     H   19       -0.210532        0.433195       -0.388393

     C   20       -0.316060       -0.340378       -0.009745
     C   20       -0.340378       -0.191390        0.450608
     C   20       -0.009745        0.450608        0.507450

     H   21       -0.163940        0.001971       -0.623314
     H   21        0.001971        0.365821       -0.053076
     H   21       -0.623314       -0.053076       -0.201881

     C   22       -0.290621       -0.067531       -0.211477
     C   22       -0.067531       -0.109841        0.474679
     C   22       -0.211477        0.474679        0.400461

     C   23       -0.168459       -0.152229       -0.346592
     C   23       -0.152229       -0.310128        0.473079
     C   23       -0.346592        0.473079        0.478587

     Cl  24       -0.075665       -0.022639       -0.096785
     Cl  24       -0.022639        0.002520        0.142194
     Cl  24       -0.096785        0.142194        0.073144

     ----- ionic term -----
     Cl   1        0.149064       -0.244468       -0.048659
     Cl   1       -0.244468        0.002868        0.043519
     Cl   1       -0.048659        0.043519       -0.151932

     C    2        0.257212       -0.197556        0.148991
     C    2       -0.197556        0.052318        0.483284
     C    2        0.148991        0.483284       -0.309530

     C    3        0.187874       -0.221703        0.090368
     C    3       -0.221703        0.077474        0.457322
     C    3        0.090368        0.457322       -0.265348

     H    4        0.668226        0.268337        0.652097
     H    4        0.268337       -0.479429        0.222647
     H    4        0.652097        0.222647       -0.188797

     C    5        0.341871       -0.172994        0.131909
     C    5       -0.172994       -0.039668        0.359700
     C    5        0.131909        0.359700       -0.302203

     H    6       -0.525349        0.022061        0.009818
     H    6        0.022061        0.536556        0.790078
     H    6        0.009818        0.790078       -0.011207

     H    7       -0.524190        0.070170       -0.051674
     H    7        0.070170        0.327661       -0.790916
     H    7       -0.051674       -0.790916        0.196529

     C    8        0.193146        0.211192        0.308248
     C    8        0.211192       -0.025982       -0.336686
     C    8        0.308248       -0.336686       -0.167164

     H    9        0.510863       -0.129475        0.758451
     H    9       -0.129475       -0.486539       -0.185104
     H    9        0.758451       -0.185104       -0.024324

     C   10        0.067078        0.288796        0.219799
     C   10        0.288796        0.148369       -0.423697
     C   10        0.219799       -0.423697       -0.215448

     C   11        0.142879        0.222054        0.326910
     C   11        0.222054        0.107294       -0.406718
     C   11        0.326910       -0.406718       -0.250173

     Cl  12        0.129874        0.235600        0.058757
     Cl  12        0.235600        0.034898        0.025846
     Cl  12        0.058757        0.025846       -0.164772

     H   13       -0.488391        0.122322        0.081446
     H   13        0.122322        0.694993        0.700063
     H   13        0.081446        0.700063       -0.206602

     C   14        0.368934       -0.118564        0.196656
     C   14       -0.118564       -0.026489        0.327225
     C   14        0.196656        0.327225       -0.342445

     H   15        0.695207        0.356164        0.580738
     H   15        0.356164       -0.450880        0.240761
     H   15        0.580738        0.240761       -0.244326

     C   16        0.187214       -0.160970        0.114382
     C   16       -0.160970        0.054248        0.450777
     C   16        0.114382        0.450777       -0.241463

     C   17        0.250399       -0.121937        0.168814
     C   17       -0.121937       -0.001011        0.466175
     C   17        0.168814        0.466175       -0.249388

     Cl  18        0.138935       -0.187182       -0.041281
     Cl  18       -0.187182       -0.018933        0.025861
     Cl  18       -0.041281        0.025861       -0.120001

     H   19       -0.521958       -0.095789        0.065362
     H   19       -0.095789        0.660520       -0.710455
     H   19        0.065362       -0.710455       -0.138562

     C   20        0.261595        0.205520        0.283273
     C   20        0.205520        0.070936       -0.297630
     C   20        0.283273       -0.297630       -0.332531

     H   21        0.664568       -0.304640        0.630028
     H   21       -0.304640       -0.420753       -0.221412
     H   21        0.630028       -0.221412       -0.243815

     C   22        0.156826        0.228845        0.211954
     C   22        0.228845        0.185652       -0.379969
     C   22        0.211954       -0.379969       -0.342479

     C   23        0.105120        0.136908        0.356410
     C   23        0.136908        0.111461       -0.428779
     C   23        0.356410       -0.428779       -0.216580

     Cl  24        0.109915        0.214960        0.015345
     Cl  24        0.214960        0.021481        0.003422
     Cl  24        0.015345        0.003422       -0.131396

     ----- GIPAW term -----
     Cl   1       -0.449012       -0.722548       -0.025792
     Cl   1       -0.722548       -0.886705        0.077711
     Cl   1       -0.025792        0.077711        1.335717

     C    2       -0.159348       -0.059209       -0.070933
     C    2       -0.059209       -0.106631        0.034760
     C    2       -0.070933        0.034760        0.265979

     C    3       -0.108485       -0.017920       -0.074554
     C    3       -0.017920       -0.153052        0.087795
     C    3       -0.074554        0.087795        0.261537

     H    4       -0.000000        0.000000        0.000000
     H    4        0.000000        0.000000        0.000000
     H    4        0.000000        0.000000        0.000000

     C    5       -0.202963        0.040955       -0.058751
     C    5        0.040955        0.192480        0.079630
     C    5       -0.058751        0.079630        0.010483

     H    6       -0.000000        0.000000        0.000000
     H    6        0.000000        0.000000        0.000000
     H    6        0.000000        0.000000        0.000000

     H    7       -0.000000        0.000000        0.000000
     H    7        0.000000        0.000000        0.000000
     H    7        0.000000        0.000000        0.000000

     C    8       -0.074243        0.072500        0.035148
     C    8        0.072500       -0.040429        0.171065
     C    8        0.035148        0.171065        0.114672

     H    9       -0.000000        0.000000        0.000000
     H    9        0.000000        0.000000        0.000000
     H    9        0.000000        0.000000        0.000000

     C   10       -0.022878       -0.069628        0.087379
     C   10       -0.069628       -0.133061        0.065422
     C   10        0.087379        0.065422        0.155939

     C   11       -0.093886        0.149602        0.004938
     C   11        0.149602       -0.062084        0.199726
     C   11        0.004938        0.199726        0.155970

     Cl  12        1.613936        1.822926       -0.409832
     Cl  12        1.822926       -0.302153       -0.037324
     Cl  12       -0.409832       -0.037324       -1.311783

     H   13       -0.000000        0.000000        0.000000
     H   13        0.000000        0.000000        0.000000
     H   13        0.000000        0.000000        0.000000

     C   14       -0.103319        0.017257       -0.046006
     C   14        0.017257       -0.188606        0.000563
     C   14       -0.046006        0.000563        0.291924

     H   15       -0.000000        0.000000        0.000000
     H   15        0.000000        0.000000        0.000000
     H   15        0.000000        0.000000        0.000000

     C   16       -0.095181        0.101599       -0.018956
     C   16        0.101599        0.040697        0.019294
     C   16       -0.018956        0.019294        0.054484

     C   17        0.023347       -0.001098       -0.044711
     C   17       -0.001098        0.135978       -0.110402
     C   17       -0.044711       -0.110402       -0.159325

     Cl  18       -0.097295       -0.035252       -1.324625
     Cl  18       -0.035252        0.530989       -2.041354
     Cl  18       -1.324625       -2.041354       -0.433694

     H   19       -0.000000        0.000000        0.000000
     H   19        0.000000        0.000000        0.000000
     H   19        0.000000        0.000000        0.000000

     C   20       -0.118069       -0.012847        0.091902
     C   20       -0.012847       -0.113076        0.190634
     C   20        0.091902        0.190634        0.231145

     H   21       -0.000000        0.000000        0.000000
     H   21        0.000000        0.000000        0.000000
     H   21        0.000000        0.000000        0.000000

     C   22       -0.175746        0.038230        0.001421
     C   22        0.038230       -0.054104        0.189023
     C   22        0.001421        0.189023        0.229851

     C   23       -0.085416        0.039191       -0.100010
     C   23        0.039191       -0.108718        0.179888
     C   23       -0.100010        0.179888        0.194134

     Cl  24       -0.158326        1.432037       -0.712439
     Cl  24        1.432037        0.443526        2.107301
     Cl  24       -0.712439        2.107301       -0.285200

     ----- total EFG -----
     Cl   1       -0.156740       -0.862296       -0.104609
     Cl   1       -0.862296       -0.665062        0.149066
     Cl   1       -0.104609        0.149066        0.821802

     C    2       -0.521590       -0.129990       -0.190631
     C    2       -0.129990       -0.028411        0.303945
     C    2       -0.190631        0.303945        0.550002

     C    3        0.050653       -0.094349       -0.156030
     C    3       -0.094349       -0.627636        0.150410
     C    3       -0.156030        0.150410        0.576983

     H    4        0.090293        0.219405        0.534819
     H    4        0.219405       -0.116117       -0.089197
     H    4        0.534819       -0.089197        0.025824

     C    5       -0.618746        0.206101       -0.331982
     C    5        0.206101        0.467092        0.307269
     C    5       -0.331982        0.307269        0.151654

     H    6       -0.101767       -0.031406        0.007549
     H    6       -0.031406        0.125827        0.262515
     H    6        0.007549        0.262515       -0.024061

     H    7       -0.369025       -0.013775        0.118555
     H    7       -0.013775        0.093355       -0.266059
     H    7        0.118555       -0.266059        0.275670

     C    8       -0.291508        0.319465        0.011899
     C    8        0.319465       -0.100655        0.312044
     C    8        0.011899        0.312044        0.392163

     H    9        0.134211        0.018994        0.206129
     H    9        0.018994       -0.241910       -0.042283
     H    9        0.206129       -0.042283        0.107699

     C   10       -0.043361       -0.208477        0.297529
     C   10       -0.208477       -0.444233        0.154691
     C   10        0.297529        0.154691        0.487594

     C   11       -0.286376        0.538104        0.050004
     C   11        0.538104       -0.022401        0.397379
     C   11        0.050004        0.397379        0.308777

     Cl  12        1.700557        1.895781       -0.398718
     Cl  12        1.895781       -0.328964       -0.010352
     Cl  12       -0.398718       -0.010352       -1.371592

     H   13       -0.040528        0.049968        0.012103
     H   13        0.049968        0.448883        0.090111
     H   13        0.012103        0.090111       -0.408355

     C   14        0.057702        0.094805       -0.066971
     C   14        0.094805       -0.563089       -0.013489
     C   14       -0.066971       -0.013489        0.505387

     H   15        0.156562       -0.045010        0.225259
     H   15       -0.045010       -0.191448        0.074229
     H   15        0.225259        0.074229        0.034886

     C   16       -0.316886        0.236523       -0.209444
     C   16        0.236523        0.107373        0.166154
     C   16       -0.209444        0.166154        0.209514

     C   17        0.230009        0.012055       -0.121988
     C   17        0.012055        0.075632       -0.272174
     C   17       -0.121988       -0.272174       -0.305641

     Cl  18       -0.061563       -0.074642       -1.420292
     Cl  18       -0.074642        0.543556       -2.101926
     Cl  18       -1.420292       -2.101926       -0.481993

     H   19       -0.072657       -0.047757       -0.145169
     H   19       -0.047757        0.599612       -0.277260
     H   19       -0.145169       -0.277260       -0.526955

     C   20       -0.172533       -0.147704        0.365430
     C   20       -0.147704       -0.233531        0.343613
     C   20        0.365430        0.343613        0.406064

     H   21        0.500628       -0.302669        0.006713
     H   21       -0.302669       -0.054932       -0.274489
     H   21        0.006713       -0.274489       -0.445696

     C   22       -0.309541        0.199544        0.001899
     C   22        0.199544        0.021708        0.283733
     C   22        0.001899        0.283733        0.287833

     C   23       -0.148755        0.023869       -0.090191
     C   23        0.023869       -0.307385        0.224188
     C   23       -0.090191        0.224188        0.456140

     Cl  24       -0.124076        1.624358       -0.793878
     Cl  24        1.624358        0.467527        2.252917
     Cl  24       -0.793878        2.252917       -0.343451

     ----- total EFG (symmetrized) -----
     Cl   1       -0.156740       -0.862296       -0.104609
     Cl   1       -0.862296       -0.665062        0.149066
     Cl   1       -0.104609        0.149066        0.821802

     C    2       -0.521590       -0.129990       -0.190631
     C    2       -0.129990       -0.028411        0.303945
     C    2       -0.190631        0.303945        0.550002

     C    3        0.050653       -0.094349       -0.156030
     C    3       -0.094349       -0.627636        0.150410
     C    3       -0.156030        0.150410        0.576983

     H    4        0.090293        0.219405        0.534819
     H    4        0.219405       -0.116117       -0.089197
     H    4        0.534819       -0.089197        0.025824

     C    5       -0.618746        0.206101       -0.331982
     C    5        0.206101        0.467092        0.307269
     C    5       -0.331982        0.307269        0.151654

     H    6       -0.101767       -0.031406        0.007549
     H    6       -0.031406        0.125827        0.262515
     H    6        0.007549        0.262515       -0.024061

     H    7       -0.369025       -0.013775        0.118555
     H    7       -0.013775        0.093355       -0.266059
     H    7        0.118555       -0.266059        0.275670

     C    8       -0.291508        0.319465        0.011899
     C    8        0.319465       -0.100655        0.312044
     C    8        0.011899        0.312044        0.392163

     H    9        0.134211        0.018994        0.206129
     H    9        0.018994       -0.241910       -0.042283
     H    9        0.206129       -0.042283        0.107699

     C   10       -0.043361       -0.208477        0.297529
     C   10       -0.208477       -0.444233        0.154691
     C   10        0.297529        0.154691        0.487594

     C   11       -0.286376        0.538104        0.050004
     C   11        0.538104       -0.022401        0.397379
     C   11        0.050004        0.397379        0.308777

     Cl  12        1.700557        1.895781       -0.398718
     Cl  12        1.895781       -0.328964       -0.010352
     Cl  12       -0.398718       -0.010352       -1.371592

     H   13       -0.040528        0.049968        0.012103
     H   13        0.049968        0.448883        0.090111
     H   13        0.012103        0.090111       -0.408355

     C   14        0.057702        0.094805       -0.066971
     C   14        0.094805       -0.563089       -0.013489
     C   14       -0.066971       -0.013489        0.505387

     H   15        0.156562       -0.045010        0.225259
     H   15       -0.045010       -0.191448        0.074229
     H   15        0.225259        0.074229        0.034886

     C   16       -0.316886        0.236523       -0.209444
     C   16        0.236523        0.107373        0.166154
     C   16       -0.209444        0.166154        0.209514

     C   17        0.230009        0.012055       -0.121988
     C   17        0.012055        0.075632       -0.272174
     C   17       -0.121988       -0.272174       -0.305641

     Cl  18       -0.061563       -0.074642       -1.420292
     Cl  18       -0.074642        0.543556       -2.101926
     Cl  18       -1.420292       -2.101926       -0.481993

     H   19       -0.072657       -0.047757       -0.145169
     H   19       -0.047757        0.599612       -0.277260
     H   19       -0.145169       -0.277260       -0.526955

     C   20       -0.172533       -0.147704        0.365430
     C   20       -0.147704       -0.233531        0.343613
     C   20        0.365430        0.343613        0.406064

     H   21        0.500628       -0.302669        0.006713
     H   21       -0.302669       -0.054932       -0.274489
     H   21        0.006713       -0.274489       -0.445696

     C   22       -0.309541        0.199544        0.001899
     C   22        0.199544        0.021708        0.283733
     C   22        0.001899        0.283733        0.287833

     C   23       -0.148755        0.023869       -0.090191
     C   23        0.023869       -0.307385        0.224188
     C   23       -0.090191        0.224188        0.456140

     Cl  24       -0.124076        1.624358       -0.793878
     Cl  24        1.624358        0.467527        2.252917
     Cl  24       -0.793878        2.252917       -0.343451


     NQR/NMR SPECTROSCOPIC PARAMETERS:
     Cl   1    Vxx=    0.4148    axis=( -0.745126  0.541185 -0.389752)
     Cl   1    Vyy=    0.8966    axis=( -0.298121  0.252485  0.920530)
     Cl   1    Vzz=   -1.3114    axis=( -0.596583 -0.802104  0.026795)
     Cl   1  Q=        -8.1650 1e-30 m^2  Cq=        25.1584 MHz  eta= 0.36735

     C    2    Vxx=   -0.1542    axis=( -0.102791  0.902835 -0.417521)
     C    2    Vyy=   -0.5675    axis=(  0.978375  0.167506  0.121340)
     C    2    Vzz=    0.7217    axis=( -0.179487  0.396019  0.900529)
     C    2  Q=         1.0000 1e-30 m^2  Cq=         1.6956 MHz  eta= 0.57273

     C    3    Vxx=    0.0117    axis=( -0.956036  0.074350 -0.283667)
     C    3    Vyy=    0.6426    axis=( -0.272399  0.133072  0.952938)
     C    3    Vzz=   -0.6543    axis=(  0.108599  0.988314 -0.106969)
     C    3  Q=         1.0000 1e-30 m^2  Cq=        -1.5373 MHz  eta= 0.96425

     H    4    Vxx=   -0.0285    axis=( -0.190380 -0.892682  0.408503)
     H    4    Vyy=   -0.5796    axis=(  0.645408 -0.427359 -0.633098)
     H    4    Vzz=    0.6081    axis=(  0.739732  0.143122  0.657504)
     H    4  Q=         1.0000 1e-30 m^2  Cq=         1.4288 MHz  eta= 0.90625

     C    5    Vxx=    0.1600    axis=(  0.448446  0.463667 -0.764140)
     C    5    Vyy=    0.6548    axis=( -0.002711 -0.854215 -0.519914)
     C    5    Vzz=   -0.8148    axis=(  0.893806 -0.235225  0.381812)
     C    5  Q=         1.0000 1e-30 m^2  Cq=        -1.9145 MHz  eta= 0.60718

     H    6    Vxx=   -0.0978    axis=(  0.979360 -0.080246  0.185513)
     H    6    Vyy=   -0.2271    axis=( -0.196299 -0.596383  0.778328)
     H    6    Vzz=    0.3249    axis=( -0.048179  0.798679  0.599826)
     H    6  Q=         1.0000 1e-30 m^2  Cq=         0.7633 MHz  eta= 0.39815

     H    7    Vxx=   -0.0857    axis=(  0.186937  0.819395  0.541891)
     H    7    Vyy=   -0.3930    axis=( -0.974625  0.085556  0.206850)
     H    7    Vzz=    0.4787    axis=(  0.123130 -0.566808  0.814596)
     H    7  Q=         1.0000 1e-30 m^2  Cq=         1.1248 MHz  eta= 0.64179

     C    8    Vxx=   -0.0070    axis=(  0.645064  0.592534 -0.482489)
     C    8    Vyy=   -0.5657    axis=(  0.739768 -0.642423  0.200089)
     C    8    Vzz=    0.5727    axis=(  0.191402  0.486001  0.852742)
     C    8  Q=         1.0000 1e-30 m^2  Cq=         1.3456 MHz  eta= 0.97570

     H    9    Vxx=   -0.0742    axis=( -0.668821 -0.252052  0.699392)
     H    9    Vyy=   -0.2537    axis=(  0.154231 -0.967347 -0.201130)
     H    9    Vzz=    0.3279    axis=(  0.727249 -0.026652  0.685856)
     H    9  Q=         1.0000 1e-30 m^2  Cq=         0.7705 MHz  eta= 0.54755

     C   10    Vxx=   -0.0251    axis=(  0.800687 -0.512643 -0.309997)
     C   10    Vyy=   -0.5990    axis=(  0.453255  0.856739 -0.246087)
     C   10    Vzz=    0.6240    axis=(  0.391741  0.056531  0.918337)
     C   10  Q=         1.0000 1e-30 m^2  Cq=         1.4662 MHz  eta= 0.91964

     C   11    Vxx=    0.0386    axis=( -0.571259 -0.411058  0.710419)
     C   11    Vyy=    0.7140    axis=( -0.376631 -0.637760 -0.671872)
     C   11    Vzz=   -0.7527    axis=( -0.729254  0.651379 -0.209509)
     C   11  Q=         1.0000 1e-30 m^2  Cq=        -1.7684 MHz  eta= 0.89733

     Cl  12    Vxx=   -1.2343    axis=( -0.276828  0.588350  0.759744)
     Cl  12    Vyy=   -1.6303    axis=(  0.434846 -0.628352  0.645044)
     Cl  12    Vzz=    2.8646    axis=( -0.856898 -0.508938  0.081896)
     Cl  12  Q=        -8.1650 1e-30 m^2  Cq=       -54.9564 MHz  eta= 0.13823

     H   13    Vxx=   -0.0456    axis=(  0.994757 -0.101963  0.007861)
     H   13    Vyy=   -0.4179    axis=(  0.018350  0.102345 -0.994580)
     H   13    Vzz=    0.4634    axis=(  0.100606  0.989510  0.103679)
     H   13  Q=         1.0000 1e-30 m^2  Cq=         1.0888 MHz  eta= 0.80340

     C   14    Vxx=    0.0614    axis=(  0.977684  0.145151  0.151875)
     C   14    Vyy=    0.5159    axis=( -0.149751 -0.025515  0.988394)
     C   14    Vzz=   -0.5773    axis=( -0.147341  0.989081  0.003209)
     C   14  Q=         1.0000 1e-30 m^2  Cq=        -1.3563 MHz  eta= 0.78736

     H   15    Vxx=   -0.0742    axis=(  0.500858 -0.592016 -0.631394)
     H   15    Vyy=   -0.2550    axis=(  0.349733  0.805711 -0.478033)
     H   15    Vzz=    0.3292    axis=( -0.791725 -0.018607 -0.610595)
     H   15  Q=         1.0000 1e-30 m^2  Cq=         0.7736 MHz  eta= 0.54923

     C   16    Vxx=    0.1813    axis=(  0.527557  0.736722 -0.422995)
     C   16    Vyy=    0.3344    axis=(  0.075422 -0.536575 -0.840475)
     C   16    Vzz=   -0.5157    axis=( -0.846165  0.411495 -0.338639)
     C   16  Q=         1.0000 1e-30 m^2  Cq=        -1.2118 MHz  eta= 0.29674

     C   17    Vxx=    0.1636    axis=( -0.621808  0.736731 -0.265673)
     C   17    Vyy=    0.2991    axis=( -0.769068 -0.510322  0.384846)
     C   17    Vzz=   -0.4627    axis=(  0.147949  0.443620  0.883919)
     C   17  Q=         1.0000 1e-30 m^2  Cq=        -1.0871 MHz  eta= 0.29275

     Cl  18    Vxx=    0.1876    axis=(  0.839882 -0.529452 -0.119496)
     Cl  18    Vyy=    2.4908    axis=(  0.339322  0.684016 -0.645742)
     Cl  18    Vzz=   -2.6784    axis=(  0.423626  0.501800  0.754147)
     Cl  18  Q=        -8.1650 1e-30 m^2  Cq=        51.3839 MHz  eta= 0.85994

     H   19    Vxx=   -0.0315    axis=(  0.964809 -0.041090 -0.259721)
     H   19    Vyy=   -0.6329    axis=(  0.262269  0.221456  0.939240)
     H   19    Vzz=    0.6644    axis=(  0.018924 -0.974304  0.224439)
     H   19  Q=         1.0000 1e-30 m^2  Cq=         1.5611 MHz  eta= 0.90505

     C   20    Vxx=   -0.0556    axis=(  0.717648 -0.694527 -0.051120)
     C   20    Vyy=   -0.6012    axis=(  0.606284  0.659208 -0.444818)
     C   20    Vzz=    0.6569    axis=(  0.342637  0.288230  0.894161)
     C   20  Q=         1.0000 1e-30 m^2  Cq=         1.5434 MHz  eta= 0.83065

     H   21    Vxx=   -0.0421    axis=(  0.425376  0.751607 -0.504125)
     H   21    Vyy=   -0.6049    axis=(  0.131619  0.499735  0.856120)
     H   21    Vzz=    0.6470    axis=( -0.895394  0.430526 -0.113650)
     H   21  Q=         1.0000 1e-30 m^2  Cq=         1.5202 MHz  eta= 0.86980

     C   22    Vxx=   -0.0568    axis=(  0.516671  0.659596 -0.545880)
     C   22    Vyy=   -0.4271    axis=( -0.844110  0.499122 -0.195845)
     C   22    Vzz=    0.4839    axis=(  0.143282  0.561970  0.814653)
     C   22  Q=         1.0000 1e-30 m^2  Cq=         1.1370 MHz  eta= 0.76522

     C   23    Vxx=   -0.1486    axis=(  0.971335  0.230133  0.059548)
     C   23    Vyy=   -0.3782    axis=( -0.205704  0.939287 -0.274636)
     C   23    Vzz=    0.5268    axis=( -0.119136  0.254515  0.959703)
     C   23  Q=         1.0000 1e-30 m^2  Cq=         1.2377 MHz  eta= 0.43572

     Cl  24    Vxx=    0.5539    axis=(  0.810953  0.053702 -0.582641)
     Cl  24    Vyy=    2.6024    axis=( -0.320690 -0.792099 -0.519363)
     Cl  24    Vzz=   -3.1562    axis=(  0.489400 -0.608026  0.625133)
     Cl  24  Q=        -8.1650 1e-30 m^2  Cq=        60.5505 MHz  eta= 0.64903

     Initialization:
     gipaw_setup  :      9.18s CPU     10.96s WALL (       1 calls)

     Linear response

     Apply operators

     Induced current

     Other routines
     efg          :      9.18s CPU     11.45s WALL (       1 calls)

     General routines
     calbec       :      3.20s CPU      4.18s WALL (      16 calls)
     fft          :      1.52s CPU      2.16s WALL (      15 calls)
     ffts         :      0.05s CPU      0.05s WALL (       2 calls)
     fftw         :      3.28s CPU      3.96s WALL (     672 calls)
     davcio       :      0.03s CPU      0.31s WALL (      32 calls)

     Parallel routines
     fft_scatter  :      2.28s CPU      3.40s WALL (     689 calls)

     Plugins

     GIPAW        :     60.63s CPU     75.07s WALL (       1 calls)
