
     Program QE v.6.0 (svn rev. 13079) starts on 20Jan2017 at 20:34:17 

     This program is part of the open-source Quantum ESPRESSO suite
     for quantum simulation of materials; please cite
         "P. Giannozzi et al., J. Phys.:Condens. Matter 21 395502 (2009);
          URL http://www.quantum-espresso.org", 
     in publications or presentations arising from this work. More details at
     http://www.quantum-espresso.org/quote

     Parallel version (MPI), running on     8 processors
     R & G space division:  proc/nbgrp/npool/nimage =       8

     ***** This is GIPAW svn revision unknown      *****

     Parallelizing q-star over 1 images

     Reading data from directory:
     /users/majewski/paradichlorobenzene/pbe/9_constraint/scratch/pbe.ecut100.np8.dt60.pcl2phi-129368.save
     Message from routine read_xml_file:
     file /users/majewski/paradichlorobenzene/pbe/9_constraint/scratch/pbe.ecut100.np8.dt60.pcl2phi-129368.save not guaranteed to be safe for post-processing

   Info: using nr1, nr2, nr3 values from input

   Info: using nr1, nr2, nr3 values from input

     IMPORTANT: XC functional enforced from input :
     Exchange-correlation      =  SLA  PW   PBX  PBC ( 1  4  3  4 0 0)
     Any further DFT definition will be discarded
     Please, verify this is what you really want

               file C.pbe-n-kjpaw_psl.1.0.0.UPF: wavefunction(s)  2S 2P renormalized
               file Cl.pbe-n-kjpaw_psl.1.0.0.UPF: wavefunction(s)  3S 3P renormalized
               file H.pbe-kjpaw_psl.1.0.0.UPF: wavefunction(s)  1S renormalized

     Parallelization info
     --------------------
     sticks:   dense  smooth     PW     G-vecs:    dense   smooth      PW
     Min        3057    1223    332               144436    36536    5170
     Max        3059    1225    333               144437    36537    5171
     Sum       24467    9791   2657              1155489   292295   41363


     Subspace diagonalization in iterative solution of the eigenvalue problem:
     a serial algorithm will be used

     GIPAW projectors -----------------------------------------------
     atom=  C    l=0  rc=    1.2000  rs=    0.8000
     atom=  C    l=0  rc=    1.2000  rs=    0.8000
     atom=  C    l=1  rc=    1.4000  rs=    0.9333
     atom=  C    l=1  rc=    1.4000  rs=    0.9333
     projs nearly linearly dependent: l=1  n1,n2= 1, 2  s=  0.99951561

     atom=  Cl   l=0  rc=    1.6000  rs=    1.0667
     atom=  Cl   l=0  rc=    1.6000  rs=    1.0667
     atom=  Cl   l=1  rc=    1.6000  rs=    1.0667
     atom=  Cl   l=1  rc=    1.6000  rs=    1.0667
     atom=  Cl   l=2  rc=    1.6000  rs=    1.0667
     atom=  Cl   l=2  rc=    1.6000  rs=    1.0667
     projs nearly linearly dependent: l=2  n1,n2= 1, 2  s=  0.99993509

     atom=  H    l=0  rc=    1.0000  rs=    0.6667
     atom=  H    l=0  rc=    1.0000  rs=    0.6667
     projs nearly linearly dependent: l=0  n1,n2= 1, 2  s=  0.99968852
     -----------------------------------------------------------------

     GIPAW integrals: -------------------------------------------
     Atom  i/j   nmr_para   nmr_dia   epr_rmc  epr_para   epr_dia
       C   1 1   0.83E+03  0.17E-01  0.93E+01  0.24E+08  0.24E+03
       C   2 1   0.86E+03 -0.61E-01  0.94E+01  0.25E+08  0.25E+03
       C   2 2   0.90E+03 -0.15E+00  0.97E+01  0.26E+08  0.26E+03
       C   3 3   0.33E+01  0.34E+00  0.18E+01  0.55E+03  0.21E+02
       C   4 3   0.35E+01  0.37E+00  0.20E+01  0.59E+03  0.22E+02
       C   4 4   0.38E+01  0.39E+00  0.22E+01  0.63E+03  0.24E+02
       Cl  1 1   0.14E+04 -0.47E+00  0.84E+01  0.32E+09  0.42E+03
       Cl  2 1   0.21E+04 -0.37E+00  0.12E+02  0.49E+09  0.65E+03
       Cl  2 2   0.33E+04 -0.16E+00  0.21E+02  0.76E+09  0.10E+04
       Cl  3 3   0.21E+02  0.79E-01  0.89E+01  0.23E+05  0.13E+03
       Cl  4 3   0.24E+02  0.67E-01  0.99E+01  0.27E+05  0.15E+03
       Cl  4 4   0.28E+02  0.44E-01  0.11E+02  0.32E+05  0.18E+03
       Cl  5 5   0.77E+00  0.19E+00  0.18E+01  0.12E+03  0.22E+02
       Cl  6 5   0.80E+00  0.19E+00  0.19E+01  0.12E+03  0.23E+02
       Cl  6 6   0.83E+00  0.20E+00  0.19E+01  0.12E+03  0.23E+02
       H   1 1   0.39E+02  0.19E+00  0.29E+00  0.78E+05  0.13E+02
       H   2 1   0.41E+02  0.21E+00  0.32E+00  0.82E+05  0.14E+02
       H   2 2   0.43E+02  0.22E+00  0.36E+00  0.86E+05  0.15E+02
     ------------------------------------------------------------

     alpha_pv=     34.5082 eV

     Number of occupied bands for each k-point:
     k-point:     1    nbnd_occ=  42
     k-point:     2    nbnd_occ=  42
     k-point:     3    nbnd_occ=  42
     k-point:     4    nbnd_occ=  42
     k-point:     5    nbnd_occ=  42
     k-point:     6    nbnd_occ=  42
     k-point:     7    nbnd_occ=  42
     k-point:     8    nbnd_occ=  42
     k-point:     9    nbnd_occ=  42
     k-point:    10    nbnd_occ=  42
     k-point:    11    nbnd_occ=  42
     k-point:    12    nbnd_occ=  42
     k-point:    13    nbnd_occ=  42
     k-point:    14    nbnd_occ=  42
     k-point:    15    nbnd_occ=  42
     k-point:    16    nbnd_occ=  42


     q-space interpolation up to   110.00 Rydberg

     GIPAW job: efg                                                                             


     ELECTRIC FIELD GRADIENTS TENSORS IN Hartree/bohrradius^2:

     ----- bare term -----
     Cl   1        0.098657        0.058204        0.058386
     Cl   1        0.058204       -0.125256       -0.063829
     Cl   1        0.058386       -0.063829        0.026599

     C    2       -0.697844        0.502873       -0.365049
     C    2        0.502873        0.138630       -0.069368
     C    2       -0.365049       -0.069368        0.559214

     C    3        0.291084        0.064494       -0.148501
     C    3        0.064494       -0.435065       -0.663660
     C    3       -0.148501       -0.663660        0.143981

     H    4       -0.269762        0.309495       -0.278873
     H    4        0.309495       -0.109858       -0.258743
     H    4       -0.278873       -0.258743        0.379620

     C    5       -0.911517        0.370513       -0.418183
     C    5        0.370513        0.432381       -0.045018
     C    5       -0.418183       -0.045018        0.479136

     H    6        0.219189        0.107521       -0.225566
     H    6        0.107521       -0.428183       -0.564881
     H    6       -0.225566       -0.564881        0.208995

     H    7        0.406036        0.217210        0.023125
     H    7        0.217210       -0.740098       -0.037360
     H    7        0.023125       -0.037360        0.334062

     C    8        0.058451        0.048065       -0.152151
     C    8        0.048065       -0.127912        0.266200
     C    8       -0.152151        0.266200        0.069461

     H    9       -0.179917        0.400684        0.057943
     H    9        0.400684       -0.122017       -0.157858
     H    9        0.057943       -0.157858        0.301934

     C   10       -0.182041       -0.035847        0.136204
     C   10       -0.035847       -0.093567       -0.181496
     C   10        0.136204       -0.181496        0.275607

     C   11        0.265681        0.059691       -0.119097
     C   11        0.059691       -0.160056        0.285913
     C   11       -0.119097        0.285913       -0.105625

     Cl  12        0.009745       -0.240592        0.064546
     Cl  12       -0.240592       -0.195844       -0.295695
     Cl  12        0.064546       -0.295695        0.186099

     H   13        0.374284       -0.243595       -0.039065
     H   13       -0.243595       -0.632735       -0.298186
     H   13       -0.039065       -0.298186        0.258451

     C   14        0.154215        0.036834       -0.057040
     C   14        0.036834       -0.306855       -0.410427
     C   14       -0.057040       -0.410427        0.152641

     H   15       -0.226783       -0.539627       -0.256517
     H   15       -0.539627       -0.156843       -0.127262
     H   15       -0.256517       -0.127262        0.383627

     C   16       -0.668973        0.293486       -0.260787
     C   16        0.293486        0.231220       -0.070942
     C   16       -0.260787       -0.070942        0.437753

     C   17        0.070304       -0.052847       -0.261060
     C   17       -0.052847       -0.018956       -0.620205
     C   17       -0.261060       -0.620205       -0.051348

     Cl  18       -0.333568        0.305935        0.036506
     Cl  18        0.305935        0.138735       -0.118531
     Cl  18        0.036506       -0.118531        0.194833

     H   19        0.346378        0.097637        0.021017
     H   19        0.097637       -0.567910        0.575259
     H   19        0.021017        0.575259        0.221531

     C   20       -0.925006       -0.382755       -0.406461
     C   20       -0.382755        0.522079        0.053809
     C   20       -0.406461        0.053809        0.402927

     H   21       -0.578344       -0.031957       -0.098416
     H   21       -0.031957        0.327928        0.327362
     H   21       -0.098416        0.327362        0.250416

     C   22        0.045662        0.011339       -0.223205
     C   22        0.011339       -0.358370        0.442517
     C   22       -0.223205        0.442517        0.312708

     C   23       -0.694821       -0.430437       -0.379237
     C   23       -0.430437        0.372077        0.126406
     C   23       -0.379237        0.126406        0.322744

     Cl  24        0.001567       -0.022644        0.048208
     Cl  24       -0.022644       -0.000479       -0.067026
     Cl  24        0.048208       -0.067026       -0.001089

     ----- ionic term -----
     Cl   1        0.180958       -0.227105       -0.008370
     Cl   1       -0.227105       -0.022966        0.015578
     Cl   1       -0.008370        0.015578       -0.157992

     C    2        0.249836       -0.155890        0.220757
     C    2       -0.155890        0.105652        0.395877
     C    2        0.220757        0.395877       -0.355488

     C    3        0.137218       -0.237066        0.169133
     C    3       -0.237066        0.212547        0.365233
     C    3        0.169133        0.365233       -0.349765

     H    4        0.723769        0.152897        0.622512
     H    4        0.152897       -0.436778        0.153033
     H    4        0.622512        0.153033       -0.286991

     C    5        0.309493       -0.100004        0.271715
     C    5       -0.100004        0.053980        0.304669
     C    5        0.271715        0.304669       -0.363474

     H    6       -0.471161        0.245009        0.163474
     H    6        0.245009        0.571315        0.716244
     H    6        0.163474        0.716244       -0.100154

     H    7       -0.515596       -0.131835        0.056162
     H    7       -0.131835        0.752943       -0.644594
     H    7        0.056162       -0.644594       -0.237346

     C    8        0.364622        0.081721        0.128157
     C    8        0.081721        0.071323       -0.334820
     C    8        0.128157       -0.334820       -0.435945

     H    9        0.788984       -0.438576        0.443729
     H    9       -0.438576       -0.331517       -0.228330
     H    9        0.443729       -0.228330       -0.457467

     C   10        0.207289        0.130222        0.059781
     C   10        0.130222        0.235289       -0.435211
     C   10        0.059781       -0.435211       -0.442578

     C   11        0.272432        0.033988        0.133310
     C   11        0.033988        0.226445       -0.426029
     C   11        0.133310       -0.426029       -0.498878

     Cl  12        0.152850        0.191615       -0.011331
     Cl  12        0.191615        0.016853       -0.027667
     Cl  12       -0.011331       -0.027667       -0.169703

     H   13       -0.523024        0.138514        0.071676
     H   13        0.138514        0.697977        0.684294
     H   13        0.071676        0.684294       -0.174953

     C   14        0.275357       -0.170419        0.209142
     C   14       -0.170419        0.094596        0.302659
     C   14        0.209142        0.302659       -0.369953

     H   15        0.735921        0.231369        0.617107
     H   15        0.231369       -0.474497        0.188219
     H   15        0.617107        0.188219       -0.261424

     C   16        0.177791       -0.222876        0.155748
     C   16       -0.222876        0.183282        0.360830
     C   16        0.155748        0.360830       -0.361073

     C   17        0.270294       -0.139631        0.229893
     C   17       -0.139631        0.111858        0.389388
     C   17        0.229893        0.389388       -0.382153

     Cl  18        0.124237       -0.197806       -0.026248
     Cl  18       -0.197806        0.033367        0.032216
     Cl  18       -0.026248        0.032216       -0.157604

     H   19       -0.488598       -0.229813        0.064790
     H   19       -0.229813        0.899857       -0.491280
     H   19        0.064790       -0.491280       -0.411259

     C   20        0.397625        0.005093        0.113060
     C   20        0.005093        0.125651       -0.282354
     C   20        0.113060       -0.282354       -0.523276

     H   21        0.670476       -0.390080        0.581352
     H   21       -0.390080       -0.351579       -0.239158
     H   21        0.581352       -0.239158       -0.318897

     C   22        0.202897        0.121735        0.110103
     C   22        0.121735        0.240060       -0.371060
     C   22        0.110103       -0.371060       -0.442956

     C   23        0.247870        0.038476        0.170885
     C   23        0.038476        0.210303       -0.388602
     C   23        0.170885       -0.388602       -0.458173

     Cl  24        0.150080        0.203360       -0.021187
     Cl  24        0.203360       -0.013602       -0.017922
     Cl  24       -0.021187       -0.017922       -0.136478

     ----- GIPAW term -----
     Cl   1       -0.253880       -0.984668        0.278034
     Cl   1       -0.984668        1.309092        1.723249
     Cl   1        0.278034        1.723249       -1.055212

     C    2       -0.062504        0.040977       -0.009647
     C    2        0.040977        0.066966        0.043246
     C    2       -0.009647        0.043246       -0.004461

     C    3       -0.052141       -0.016689       -0.003037
     C    3       -0.016689        0.115781        0.076974
     C    3       -0.003037        0.076974       -0.063640

     H    4       -0.000000        0.000000        0.000000
     H    4        0.000000        0.000000        0.000000
     H    4        0.000000        0.000000        0.000000

     C    5       -0.192738       -0.024171       -0.048756
     C    5       -0.024171        0.233894        0.107047
     C    5       -0.048756        0.107047       -0.041156

     H    6       -0.000000        0.000000        0.000000
     H    6        0.000000        0.000000        0.000000
     H    6        0.000000        0.000000        0.000000

     H    7       -0.000000        0.000000        0.000000
     H    7        0.000000        0.000000        0.000000
     H    7        0.000000        0.000000        0.000000

     C    8       -0.027734       -0.009242       -0.006176
     C    8       -0.009242        0.113249        0.065355
     C    8       -0.006176        0.065355       -0.085515

     H    9       -0.000000        0.000000        0.000000
     H    9        0.000000        0.000000        0.000000
     H    9        0.000000        0.000000        0.000000

     C   10       -0.002808        0.021092        0.020828
     C   10        0.021092        0.002257       -0.031939
     C   10        0.020828       -0.031939        0.000551

     C   11        0.031389        0.005606       -0.014378
     C   11        0.005606        0.027109       -0.004584
     C   11       -0.014378       -0.004584       -0.058498

     Cl  12       -0.647289       -0.141957       -0.256738
     Cl  12       -0.141957        0.694613        1.094053
     Cl  12       -0.256738        1.094053       -0.047324

     H   13       -0.000000        0.000000        0.000000
     H   13        0.000000        0.000000        0.000000
     H   13        0.000000        0.000000        0.000000

     C   14       -0.037547        0.025129        0.026386
     C   14        0.025129        0.106752        0.038038
     C   14        0.026386        0.038038       -0.069205

     H   15       -0.000000        0.000000        0.000000
     H   15        0.000000        0.000000        0.000000
     H   15        0.000000        0.000000        0.000000

     C   16       -0.156602        0.050652       -0.035087
     C   16        0.050652        0.202254        0.020954
     C   16       -0.035087        0.020954       -0.045651

     C   17       -0.063030       -0.051791       -0.025279
     C   17       -0.051791        0.257254       -0.006484
     C   17       -0.025279       -0.006484       -0.194223

     Cl  18       -1.160912       -1.170549        0.248998
     Cl  18       -1.170549        2.234166       -1.611216
     Cl  18        0.248998       -1.611216       -1.073254

     H   19       -0.000000        0.000000        0.000000
     H   19        0.000000        0.000000        0.000000
     H   19        0.000000        0.000000        0.000000

     C   20       -0.245970       -0.035156       -0.040728
     C   20       -0.035156        0.315663       -0.095173
     C   20       -0.040728       -0.095173       -0.069694

     H   21       -0.000000        0.000000        0.000000
     H   21        0.000000        0.000000        0.000000
     H   21        0.000000        0.000000        0.000000

     C   22       -0.106544        0.092317       -0.071997
     C   22        0.092317        0.072799       -0.164963
     C   22       -0.071997       -0.164963        0.033746

     C   23       -0.169890       -0.028759       -0.040617
     C   23       -0.028759        0.303725       -0.037668
     C   23       -0.040617       -0.037668       -0.133835

     Cl  24       -0.244139        1.543334        0.119432
     Cl  24        1.543334        1.434198       -1.948919
     Cl  24        0.119432       -1.948919       -1.190059

     ----- total EFG -----
     Cl   1        0.025735       -1.153569        0.328050
     Cl   1       -1.153569        1.160870        1.674998
     Cl   1        0.328050        1.674998       -1.186604

     C    2       -0.510512        0.387960       -0.153939
     C    2        0.387960        0.311247        0.369754
     C    2       -0.153939        0.369754        0.199265

     C    3        0.376161       -0.189261        0.017596
     C    3       -0.189261       -0.106737       -0.221452
     C    3        0.017596       -0.221452       -0.269424

     H    4        0.454007        0.462392        0.343639
     H    4        0.462392       -0.546636       -0.105711
     H    4        0.343639       -0.105711        0.092630

     C    5       -0.794762        0.246338       -0.195224
     C    5        0.246338        0.720256        0.366698
     C    5       -0.195224        0.366698        0.074506

     H    6       -0.251972        0.352529       -0.062092
     H    6        0.352529        0.143132        0.151363
     H    6       -0.062092        0.151363        0.108841

     H    7       -0.109560        0.085376        0.079287
     H    7        0.085376        0.012845       -0.681953
     H    7        0.079287       -0.681953        0.096715

     C    8        0.395340        0.120544       -0.030171
     C    8        0.120544        0.056660       -0.003265
     C    8       -0.030171       -0.003265       -0.451999

     H    9        0.609067       -0.037891        0.501672
     H    9       -0.037891       -0.453534       -0.386188
     H    9        0.501672       -0.386188       -0.155533

     C   10        0.022441        0.115467        0.216813
     C   10        0.115467        0.143979       -0.648646
     C   10        0.216813       -0.648646       -0.166420

     C   11        0.569502        0.099285       -0.000165
     C   11        0.099285        0.093499       -0.144701
     C   11       -0.000165       -0.144701       -0.663001

     Cl  12       -0.484694       -0.190934       -0.203524
     Cl  12       -0.190934        0.515623        0.770690
     Cl  12       -0.203524        0.770690       -0.030928

     H   13       -0.148740       -0.105081        0.032612
     H   13       -0.105081        0.065242        0.386109
     H   13        0.032612        0.386109        0.083498

     C   14        0.392024       -0.108457        0.178489
     C   14       -0.108457       -0.105507       -0.069729
     C   14        0.178489       -0.069729       -0.286517

     H   15        0.509138       -0.308258        0.360590
     H   15       -0.308258       -0.631341        0.060957
     H   15        0.360590        0.060957        0.122203

     C   16       -0.647785        0.121262       -0.140126
     C   16        0.121262        0.616756        0.310842
     C   16       -0.140126        0.310842        0.031029

     C   17        0.277568       -0.244269       -0.056445
     C   17       -0.244269        0.350156       -0.237300
     C   17       -0.056445       -0.237300       -0.627724

     Cl  18       -1.370243       -1.062421        0.259256
     Cl  18       -1.062421        2.406268       -1.697532
     Cl  18        0.259256       -1.697532       -1.036025

     H   19       -0.142220       -0.132176        0.085807
     H   19       -0.132176        0.331948        0.083979
     H   19        0.085807        0.083979       -0.189728

     C   20       -0.773351       -0.412818       -0.334129
     C   20       -0.412818        0.963394       -0.323719
     C   20       -0.334129       -0.323719       -0.190043

     H   21        0.092132       -0.422037        0.482936
     H   21       -0.422037       -0.023651        0.088204
     H   21        0.482936        0.088204       -0.068481

     C   22        0.142015        0.225391       -0.185099
     C   22        0.225391       -0.045511       -0.093506
     C   22       -0.185099       -0.093506       -0.096503

     C   23       -0.616842       -0.420719       -0.248968
     C   23       -0.420719        0.886106       -0.299864
     C   23       -0.248968       -0.299864       -0.269264

     Cl  24       -0.092491        1.724050        0.146454
     Cl  24        1.724050        1.420117       -2.033867
     Cl  24        0.146454       -2.033867       -1.327626

     ----- total EFG (symmetrized) -----
     Cl   1        0.025735       -1.153569        0.328050
     Cl   1       -1.153569        1.160870        1.674998
     Cl   1        0.328050        1.674998       -1.186604

     C    2       -0.510512        0.387960       -0.153939
     C    2        0.387960        0.311247        0.369754
     C    2       -0.153939        0.369754        0.199265

     C    3        0.376161       -0.189261        0.017596
     C    3       -0.189261       -0.106737       -0.221452
     C    3        0.017596       -0.221452       -0.269424

     H    4        0.454007        0.462392        0.343639
     H    4        0.462392       -0.546636       -0.105711
     H    4        0.343639       -0.105711        0.092630

     C    5       -0.794762        0.246338       -0.195224
     C    5        0.246338        0.720256        0.366698
     C    5       -0.195224        0.366698        0.074506

     H    6       -0.251972        0.352529       -0.062092
     H    6        0.352529        0.143132        0.151363
     H    6       -0.062092        0.151363        0.108841

     H    7       -0.109560        0.085376        0.079287
     H    7        0.085376        0.012845       -0.681953
     H    7        0.079287       -0.681953        0.096715

     C    8        0.395340        0.120544       -0.030171
     C    8        0.120544        0.056660       -0.003265
     C    8       -0.030171       -0.003265       -0.451999

     H    9        0.609067       -0.037891        0.501672
     H    9       -0.037891       -0.453534       -0.386188
     H    9        0.501672       -0.386188       -0.155533

     C   10        0.022441        0.115467        0.216813
     C   10        0.115467        0.143979       -0.648646
     C   10        0.216813       -0.648646       -0.166420

     C   11        0.569502        0.099285       -0.000165
     C   11        0.099285        0.093499       -0.144701
     C   11       -0.000165       -0.144701       -0.663001

     Cl  12       -0.484694       -0.190934       -0.203524
     Cl  12       -0.190934        0.515623        0.770690
     Cl  12       -0.203524        0.770690       -0.030928

     H   13       -0.148740       -0.105081        0.032612
     H   13       -0.105081        0.065242        0.386109
     H   13        0.032612        0.386109        0.083498

     C   14        0.392024       -0.108457        0.178489
     C   14       -0.108457       -0.105507       -0.069729
     C   14        0.178489       -0.069729       -0.286517

     H   15        0.509138       -0.308258        0.360590
     H   15       -0.308258       -0.631341        0.060957
     H   15        0.360590        0.060957        0.122203

     C   16       -0.647785        0.121262       -0.140126
     C   16        0.121262        0.616756        0.310842
     C   16       -0.140126        0.310842        0.031029

     C   17        0.277568       -0.244269       -0.056445
     C   17       -0.244269        0.350156       -0.237300
     C   17       -0.056445       -0.237300       -0.627724

     Cl  18       -1.370243       -1.062421        0.259256
     Cl  18       -1.062421        2.406268       -1.697532
     Cl  18        0.259256       -1.697532       -1.036025

     H   19       -0.142220       -0.132176        0.085807
     H   19       -0.132176        0.331948        0.083979
     H   19        0.085807        0.083979       -0.189728

     C   20       -0.773351       -0.412818       -0.334129
     C   20       -0.412818        0.963394       -0.323719
     C   20       -0.334129       -0.323719       -0.190043

     H   21        0.092132       -0.422037        0.482936
     H   21       -0.422037       -0.023651        0.088204
     H   21        0.482936        0.088204       -0.068481

     C   22        0.142015        0.225391       -0.185099
     C   22        0.225391       -0.045511       -0.093506
     C   22       -0.185099       -0.093506       -0.096503

     C   23       -0.616842       -0.420719       -0.248968
     C   23       -0.420719        0.886106       -0.299864
     C   23       -0.248968       -0.299864       -0.269264

     Cl  24       -0.092491        1.724050        0.146454
     Cl  24        1.724050        1.420117       -2.033867
     Cl  24        0.146454       -2.033867       -1.327626


     NQR/NMR SPECTROSCOPIC PARAMETERS:
     Cl   1    Vxx=   -0.0140    axis=(  0.862643  0.165628  0.477927)
     Cl   1    Vyy=   -2.3641    axis=(  0.347386  0.492788 -0.797799)
     Cl   1    Vzz=    2.3781    axis=( -0.367655  0.854241  0.367563)
     Cl   1  Q=        -8.1650 1e-30 m^2  Cq=       -45.6221 MHz  eta= 0.98822

     C    2    Vxx=    0.0864    axis=( -0.478122 -0.432333  0.764517)
     C    2    Vyy=    0.6667    axis=(  0.188909  0.799464  0.570238)
     C    2    Vzz=   -0.7531    axis=( -0.857737  0.417068 -0.300570)
     C    2  Q=         1.0000 1e-30 m^2  Cq=        -1.7695 MHz  eta= 0.77044

     C    3    Vxx=   -0.0179    axis=(  0.368071  0.710526 -0.599731)
     C    3    Vyy=   -0.4357    axis=(  0.123252  0.602035  0.788899)
     C    3    Vzz=    0.4535    axis=( -0.921592  0.364289 -0.134018)
     C    3  Q=         1.0000 1e-30 m^2  Cq=         1.0656 MHz  eta= 0.92124

     H    4    Vxx=    0.0282    axis=( -0.284030 -0.389565  0.876109)
     H    4    Vyy=    0.7600    axis=(  0.871678  0.275692  0.405181)
     H    4    Vzz=   -0.7882    axis=( -0.399380  0.878768  0.261270)
     H    4  Q=         1.0000 1e-30 m^2  Cq=        -1.8520 MHz  eta= 0.92837

     C    5    Vxx=    0.0037    axis=( -0.321314 -0.341546  0.883235)
     C    5    Vyy=    0.8988    axis=( -0.088850 -0.917705 -0.387199)
     C    5    Vzz=   -0.9025    axis=(  0.942795 -0.202888  0.264525)
     C    5  Q=         1.0000 1e-30 m^2  Cq=        -2.1206 MHz  eta= 0.99175

     H    6    Vxx=    0.0998    axis=(  0.364923  0.204114 -0.908388)
     H    6    Vyy=    0.3877    axis=( -0.423955 -0.832220 -0.357313)
     H    6    Vzz=   -0.4875    axis=(  0.828911 -0.515508  0.217161)
     H    6  Q=         1.0000 1e-30 m^2  Cq=        -1.1454 MHz  eta= 0.59066

     H    7    Vxx=   -0.0846    axis=(  0.977813  0.152008  0.144136)
     H    7    Vyy=   -0.6534    axis=( -0.209478  0.712396  0.669784)
     H    7    Vzz=    0.7380    axis=( -0.000869 -0.685117  0.728433)
     H    7  Q=         1.0000 1e-30 m^2  Cq=         1.7341 MHz  eta= 0.77074

     C    8    Vxx=    0.0182    axis=(  0.303505 -0.952743 -0.012859)
     C    8    Vyy=    0.4349    axis=(  0.952156  0.303771 -0.033510)
     C    8    Vzz=   -0.4531    axis=(  0.035833 -0.002073  0.999356)
     C    8  Q=         1.0000 1e-30 m^2  Cq=        -1.0645 MHz  eta= 0.91959

     H    9    Vxx=   -0.1179    axis=( -0.454413 -0.649756  0.609365)
     H    9    Vyy=   -0.7731    axis=(  0.210267 -0.742980 -0.635427)
     H    9    Vzz=    0.8909    axis=(  0.865619 -0.160617  0.474242)
     H    9  Q=         1.0000 1e-30 m^2  Cq=         2.0934 MHz  eta= 0.73545

     C   10    Vxx=    0.0947    axis=(  0.951782  0.242520  0.187869)
     C   10    Vyy=    0.6589    axis=(  0.073415 -0.774670  0.628089)
     C   10    Vzz=   -0.7536    axis=(  0.297861 -0.584012 -0.755122)
     C   10  Q=         1.0000 1e-30 m^2  Cq=        -1.7707 MHz  eta= 0.74879

     C   11    Vxx=    0.0999    axis=( -0.203458  0.961943 -0.182401)
     C   11    Vyy=    0.5901    axis=(  0.978979  0.202600 -0.023525)
     C   11    Vzz=   -0.6900    axis=( -0.014325  0.183353  0.982943)
     C   11  Q=         1.0000 1e-30 m^2  Cq=        -1.6212 MHz  eta= 0.71032

     Cl  12    Vxx=   -0.4941    axis=(  0.814604  0.441316 -0.376377)
     Cl  12    Vyy=   -0.6130    axis=( -0.554711  0.403179 -0.727834)
     Cl  12    Vzz=    1.1071    axis=(  0.169457 -0.801677 -0.573234)
     Cl  12  Q=        -8.1650 1e-30 m^2  Cq=       -21.2384 MHz  eta= 0.10737

     H   13    Vxx=   -0.1064    axis=( -0.899747  0.251462 -0.356683)
     H   13    Vyy=   -0.3583    axis=( -0.428441 -0.664465  0.612311)
     H   13    Vzz=    0.4648    axis=( -0.083031  0.703743  0.705587)
     H   13  Q=         1.0000 1e-30 m^2  Cq=         1.0920 MHz  eta= 0.54194

     C   14    Vxx=   -0.1237    axis=(  0.249164  0.958663 -0.137415)
     C   14    Vyy=   -0.3387    axis=( -0.206045  0.191116  0.959698)
     C   14    Vzz=    0.4624    axis=(  0.946289 -0.210809  0.245147)
     C   14  Q=         1.0000 1e-30 m^2  Cq=         1.0865 MHz  eta= 0.46499

     H   15    Vxx=   -0.0279    axis=( -0.409337  0.296281  0.862937)
     H   15    Vyy=   -0.7374    axis=(  0.286414  0.939723 -0.186783)
     H   15    Vzz=    0.7653    axis=( -0.866262  0.170700 -0.469523)
     H   15  Q=         1.0000 1e-30 m^2  Cq=         1.7982 MHz  eta= 0.92705

     C   16    Vxx=   -0.0512    axis=( -0.282260 -0.362175  0.888346)
     C   16    Vyy=   -0.7021    axis=( -0.958468  0.145888 -0.245062)
     C   16    Vzz=    0.7532    axis=( -0.040844 -0.920623 -0.388311)
     C   16  Q=         1.0000 1e-30 m^2  Cq=         1.7698 MHz  eta= 0.86412

     C   17    Vxx=    0.1164    axis=(  0.783211  0.572707 -0.242047)
     C   17    Vyy=    0.5789    axis=(  0.610541 -0.782020  0.125239)
     C   17    Vzz=   -0.6953    axis=(  0.117560  0.245868  0.962148)
     C   17  Q=         1.0000 1e-30 m^2  Cq=        -1.6336 MHz  eta= 0.66518

     Cl  18    Vxx=   -1.5061    axis=(  0.796530 -0.045291 -0.602901)
     Cl  18    Vyy=   -1.8444    axis=(  0.561770  0.424080  0.710331)
     Cl  18    Vzz=    3.3505    axis=( -0.223507  0.904491 -0.363236)
     Cl  18  Q=        -8.1650 1e-30 m^2  Cq=       -64.2779 MHz  eta= 0.10099

     H   19    Vxx=   -0.0824    axis=(  0.737519  0.099896  0.667898)
     H   19    Vyy=   -0.2905    axis=( -0.634972 -0.234178  0.736187)
     H   19    Vzz=    0.3729    axis=( -0.229949  0.967048  0.109280)
     H   19  Q=         1.0000 1e-30 m^2  Cq=         0.8761 MHz  eta= 0.55793

     C   20    Vxx=   -0.0499    axis=( -0.461150  0.094006  0.882328)
     C   20    Vyy=   -1.0549    axis=(  0.869439  0.246501  0.428150)
     C   20    Vzz=    1.1048    axis=( -0.177247  0.964572 -0.195407)
     C   20  Q=         1.0000 1e-30 m^2  Cq=         2.5959 MHz  eta= 0.90967

     H   21    Vxx=    0.0444    axis=( -0.015873 -0.753670 -0.657061)
     H   21    Vyy=    0.6294    axis=( -0.766540  0.431112 -0.475981)
     H   21    Vzz=   -0.6737    axis=(  0.642000  0.496109 -0.584561)
     H   21  Q=         1.0000 1e-30 m^2  Cq=        -1.5830 MHz  eta= 0.86832

     C   22    Vxx=   -0.1671    axis=( -0.077704  0.694217  0.715559)
     C   22    Vyy=   -0.2142    axis=(  0.629498 -0.522401  0.575178)
     C   22    Vzz=    0.3813    axis=(  0.773107  0.495137 -0.396415)
     C   22  Q=         1.0000 1e-30 m^2  Cq=         0.8958 MHz  eta= 0.12337

     C   23    Vxx=   -0.1429    axis=(  0.498031 -0.048676 -0.865792)
     C   23    Vyy=   -0.8943    axis=( -0.839527 -0.277097 -0.467345)
     C   23    Vzz=    1.0372    axis=( -0.217160  0.959608 -0.178868)
     C   23  Q=         1.0000 1e-30 m^2  Cq=         2.4370 MHz  eta= 0.72444

     Cl  24    Vxx=   -0.3883    axis=(  0.825069 -0.186861  0.533239)
     Cl  24    Vyy=   -2.7910    axis=( -0.375806  0.523252  0.764838)
     Cl  24    Vzz=    3.1793    axis=( -0.421937 -0.831439  0.361495)
     Cl  24  Q=        -8.1650 1e-30 m^2  Cq=       -60.9938 MHz  eta= 0.75573

     Initialization:
     gipaw_setup  :      9.09s CPU     10.99s WALL (       1 calls)

     Linear response

     Apply operators

     Induced current

     Other routines
     efg          :      9.45s CPU     12.17s WALL (       1 calls)

     General routines
     calbec       :      3.43s CPU      4.60s WALL (      16 calls)
     fft          :      1.54s CPU      2.32s WALL (      15 calls)
     ffts         :      0.04s CPU      0.06s WALL (       2 calls)
     fftw         :      3.38s CPU      4.22s WALL (     672 calls)
     davcio       :      0.02s CPU      0.31s WALL (      32 calls)

     Parallel routines
     fft_scatter  :      2.29s CPU      3.77s WALL (     689 calls)

     Plugins

     GIPAW        :     61.10s CPU     72.27s WALL (       1 calls)
