
     Program QE v.6.0 (svn rev. 13079) starts on  7Jan2017 at 16:35:37 

     This program is part of the open-source Quantum ESPRESSO suite
     for quantum simulation of materials; please cite
         "P. Giannozzi et al., J. Phys.:Condens. Matter 21 395502 (2009);
          URL http://www.quantum-espresso.org", 
     in publications or presentations arising from this work. More details at
     http://www.quantum-espresso.org/quote

     Parallel version (MPI), running on     8 processors
     R & G space division:  proc/nbgrp/npool/nimage =       8

     ***** This is GIPAW svn revision unknown      *****

     Parallelizing q-star over 1 images

     Reading data from directory:
     /users/majewski/paradichlorobenzene/pbe/9_constraint/scratch/pbe.ecut100.np8.dt60.pcl2phi-129368.save
     Message from routine read_xml_file:
     file /users/majewski/paradichlorobenzene/pbe/9_constraint/scratch/pbe.ecut100.np8.dt60.pcl2phi-129368.save not guaranteed to be safe for post-processing

   Info: using nr1, nr2, nr3 values from input

   Info: using nr1, nr2, nr3 values from input

     IMPORTANT: XC functional enforced from input :
     Exchange-correlation      =  SLA  PW   PBX  PBC ( 1  4  3  4 0 0)
     Any further DFT definition will be discarded
     Please, verify this is what you really want

               file C.pbe-n-kjpaw_psl.1.0.0.UPF: wavefunction(s)  2S 2P renormalized
               file Cl.pbe-n-kjpaw_psl.1.0.0.UPF: wavefunction(s)  3S 3P renormalized
               file H.pbe-kjpaw_psl.1.0.0.UPF: wavefunction(s)  1S renormalized

     Parallelization info
     --------------------
     sticks:   dense  smooth     PW     G-vecs:    dense   smooth      PW
     Min        3057    1223    332               144436    36536    5170
     Max        3059    1225    333               144437    36537    5171
     Sum       24467    9791   2657              1155489   292295   41363


     Subspace diagonalization in iterative solution of the eigenvalue problem:
     a serial algorithm will be used

     GIPAW projectors -----------------------------------------------
     atom=  C    l=0  rc=    1.2000  rs=    0.8000
     atom=  C    l=0  rc=    1.2000  rs=    0.8000
     atom=  C    l=1  rc=    1.4000  rs=    0.9333
     atom=  C    l=1  rc=    1.4000  rs=    0.9333
     projs nearly linearly dependent: l=1  n1,n2= 1, 2  s=  0.99951561

     atom=  Cl   l=0  rc=    1.6000  rs=    1.0667
     atom=  Cl   l=0  rc=    1.6000  rs=    1.0667
     atom=  Cl   l=1  rc=    1.6000  rs=    1.0667
     atom=  Cl   l=1  rc=    1.6000  rs=    1.0667
     atom=  Cl   l=2  rc=    1.6000  rs=    1.0667
     atom=  Cl   l=2  rc=    1.6000  rs=    1.0667
     projs nearly linearly dependent: l=2  n1,n2= 1, 2  s=  0.99993509

     atom=  H    l=0  rc=    1.0000  rs=    0.6667
     atom=  H    l=0  rc=    1.0000  rs=    0.6667
     projs nearly linearly dependent: l=0  n1,n2= 1, 2  s=  0.99968852
     -----------------------------------------------------------------

     GIPAW integrals: -------------------------------------------
     Atom  i/j   nmr_para   nmr_dia   epr_rmc  epr_para   epr_dia
       C   1 1   0.83E+03  0.17E-01  0.93E+01  0.24E+08  0.24E+03
       C   2 1   0.86E+03 -0.61E-01  0.94E+01  0.25E+08  0.25E+03
       C   2 2   0.90E+03 -0.15E+00  0.97E+01  0.26E+08  0.26E+03
       C   3 3   0.33E+01  0.34E+00  0.18E+01  0.55E+03  0.21E+02
       C   4 3   0.35E+01  0.37E+00  0.20E+01  0.59E+03  0.22E+02
       C   4 4   0.38E+01  0.39E+00  0.22E+01  0.63E+03  0.24E+02
       Cl  1 1   0.14E+04 -0.47E+00  0.84E+01  0.32E+09  0.42E+03
       Cl  2 1   0.21E+04 -0.37E+00  0.12E+02  0.49E+09  0.65E+03
       Cl  2 2   0.33E+04 -0.16E+00  0.21E+02  0.76E+09  0.10E+04
       Cl  3 3   0.21E+02  0.79E-01  0.89E+01  0.23E+05  0.13E+03
       Cl  4 3   0.24E+02  0.67E-01  0.99E+01  0.27E+05  0.15E+03
       Cl  4 4   0.28E+02  0.44E-01  0.11E+02  0.32E+05  0.18E+03
       Cl  5 5   0.77E+00  0.19E+00  0.18E+01  0.12E+03  0.22E+02
       Cl  6 5   0.80E+00  0.19E+00  0.19E+01  0.12E+03  0.23E+02
       Cl  6 6   0.83E+00  0.20E+00  0.19E+01  0.12E+03  0.23E+02
       H   1 1   0.39E+02  0.19E+00  0.29E+00  0.78E+05  0.13E+02
       H   2 1   0.41E+02  0.21E+00  0.32E+00  0.82E+05  0.14E+02
       H   2 2   0.43E+02  0.22E+00  0.36E+00  0.86E+05  0.15E+02
     ------------------------------------------------------------

     alpha_pv=     34.5785 eV

     Number of occupied bands for each k-point:
     k-point:     1    nbnd_occ=  42
     k-point:     2    nbnd_occ=  42
     k-point:     3    nbnd_occ=  42
     k-point:     4    nbnd_occ=  42
     k-point:     5    nbnd_occ=  42
     k-point:     6    nbnd_occ=  42
     k-point:     7    nbnd_occ=  42
     k-point:     8    nbnd_occ=  42
     k-point:     9    nbnd_occ=  42
     k-point:    10    nbnd_occ=  42
     k-point:    11    nbnd_occ=  42
     k-point:    12    nbnd_occ=  42
     k-point:    13    nbnd_occ=  42
     k-point:    14    nbnd_occ=  42
     k-point:    15    nbnd_occ=  42
     k-point:    16    nbnd_occ=  42


     q-space interpolation up to   110.00 Rydberg

     GIPAW job: efg                                                                             


     ELECTRIC FIELD GRADIENTS TENSORS IN Hartree/bohrradius^2:

     ----- bare term -----
     Cl   1       -0.278303        0.297041        0.011144
     Cl   1        0.297041        0.099952       -0.107146
     Cl   1        0.011144       -0.107146        0.178351

     C    2       -0.084776       -0.264403       -0.322373
     C    2       -0.264403       -0.045942       -0.588583
     C    2       -0.322373       -0.588583        0.130718

     C    3       -0.279391        0.355198        0.146808
     C    3        0.355198       -0.102564       -0.344822
     C    3        0.146808       -0.344822        0.381955

     H    4       -0.160417       -0.388029       -0.252496
     H    4       -0.388029       -0.239581        0.100619
     H    4       -0.252496        0.100619        0.399998

     C    5       -0.188823       -0.338419       -0.349986
     C    5       -0.338419       -0.035242       -0.537687
     C    5       -0.349986       -0.537687        0.224065

     H    6        0.271120        0.282477       -0.093651
     H    6        0.282477       -0.630757       -0.194960
     H    6       -0.093651       -0.194960        0.359637

     H    7       -0.140343       -0.069926        0.301510
     H    7       -0.069926        0.190780        0.319693
     H    7        0.301510        0.319693       -0.050437

     C    8       -0.294947        0.135804       -0.249545
     C    8        0.135804        0.382459       -0.036059
     C    8       -0.249545       -0.036059       -0.087512

     H    9       -0.000125        0.104606       -0.202246
     H    9        0.104606        0.528083        0.046500
     H    9       -0.202246        0.046500       -0.527958

     C   10        0.080808       -0.217547        0.214977
     C   10       -0.217547       -0.187116        0.013662
     C   10        0.214977        0.013662        0.106307

     C   11       -0.142345       -0.157564       -0.497179
     C   11       -0.157564       -0.067638        0.414050
     C   11       -0.497179        0.414050        0.209983

     Cl  12       -0.198727       -0.158038       -0.089569
     Cl  12       -0.158038       -0.115281       -0.031768
     Cl  12       -0.089569       -0.031768        0.314008

     H   13        0.382710        0.028685       -0.224981
     H   13        0.028685       -0.330532       -0.454744
     H   13       -0.224981       -0.454744       -0.052178

     C   14       -0.479860        0.332424       -0.064037
     C   14        0.332424        0.123249       -0.266334
     C   14       -0.064037       -0.266334        0.356611

     H   15       -0.703195        0.015060        0.054564
     H   15        0.015060        0.377733       -0.203765
     H   15        0.054564       -0.203765        0.325462

     C   16        0.136150       -0.271390       -0.451863
     C   16       -0.271390       -0.276671       -0.571656
     C   16       -0.451863       -0.571656        0.140520

     C   17       -0.285272        0.384757       -0.195640
     C   17        0.384757       -0.114184       -0.280765
     C   17       -0.195640       -0.280765        0.399456

     Cl  18       -0.058233       -0.052570        0.279103
     Cl  18       -0.052570        0.210697        0.064825
     Cl  18        0.279103        0.064825       -0.152464

     H   19        0.187109       -0.042637        0.395750
     H   19       -0.042637        0.099816        0.381269
     H   19        0.395750        0.381269       -0.286925

     C   20       -0.190904        0.042921       -0.400349
     C   20        0.042921       -0.095934        0.438461
     C   20       -0.400349        0.438461        0.286839

     H   21        0.122402        0.085836       -0.283839
     H   21        0.085836        0.324307        0.375195
     H   21       -0.283839        0.375195       -0.446709

     C   22       -0.720024       -0.329259       -0.304251
     C   22       -0.329259        0.192135        0.016279
     C   22       -0.304251        0.016279        0.527889

     C   23        0.075488       -0.348360        0.069924
     C   23       -0.348360       -0.306911        0.533630
     C   23        0.069924        0.533630        0.231423

     Cl  24       -0.054710       -0.100514       -0.030869
     Cl  24       -0.100514       -0.000032        0.027215
     Cl  24       -0.030869        0.027215        0.054742

     ----- ionic term -----
     Cl   1        0.155136       -0.196414        0.022036
     Cl   1       -0.196414       -0.004757       -0.004071
     Cl   1        0.022036       -0.004071       -0.150379

     C    2        0.280497       -0.115120        0.218582
     C    2       -0.115120        0.103615        0.402012
     C    2        0.218582        0.402012       -0.384112

     C    3        0.171577       -0.180865        0.133207
     C    3       -0.180865        0.173721        0.451098
     C    3        0.133207        0.451098       -0.345299

     H    4        0.589404        0.389438        0.646826
     H    4        0.389438       -0.377485        0.298218
     H    4        0.646826        0.298218       -0.211919

     C    5        0.387644       -0.105531        0.154952
     C    5       -0.105531        0.010446        0.340344
     C    5        0.154952        0.340344       -0.398089

     H    6       -0.501439        0.052644        0.017620
     H    6        0.052644        0.626108        0.731866
     H    6        0.017620        0.731866       -0.124669

     H    7       -0.512556        0.183291       -0.083941
     H    7        0.183291        0.594995       -0.714274
     H    7       -0.083941       -0.714274       -0.082439

     C    8        0.138396        0.262479        0.323613
     C    8        0.262479       -0.042056       -0.295215
     C    8        0.323613       -0.295215       -0.096341

     H    9        0.493953       -0.415072        0.642078
     H    9       -0.415072       -0.324202       -0.342119
     H    9        0.642078       -0.342119       -0.169751

     C   10        0.145481        0.305961        0.164459
     C   10        0.305961        0.048865       -0.386134
     C   10        0.164459       -0.386134       -0.194346

     C   11        0.182565        0.334708        0.304269
     C   11        0.334708       -0.100788       -0.416161
     C   11        0.304269       -0.416161       -0.081777

     Cl  12        0.238342        0.247735        0.051890
     Cl  12        0.247735       -0.085225        0.016357
     Cl  12        0.051890        0.016357       -0.153118

     H   13       -0.520627       -0.012510        0.003057
     H   13       -0.012510        0.675081        0.722736
     H   13        0.003057        0.722736       -0.154455

     C   14        0.405644       -0.177294        0.124393
     C   14       -0.177294        0.002332        0.340337
     C   14        0.124393        0.340337       -0.407976

     H   15        0.786615        0.351313        0.441066
     H   15        0.351313       -0.429858        0.213096
     H   15        0.441066        0.213096       -0.356756

     C   16        0.270138       -0.211891        0.042775
     C   16       -0.211891        0.129469        0.410914
     C   16        0.042775        0.410914       -0.399607

     C   17        0.329527       -0.067129        0.078583
     C   17       -0.067129        0.042137        0.452103
     C   17        0.078583        0.452103       -0.371665

     Cl  18        0.165651       -0.208265       -0.093478
     Cl  18       -0.208265       -0.057766        0.034625
     Cl  18       -0.093478        0.034625       -0.107885

     H   19       -0.471726        0.196640       -0.217459
     H   19        0.196640        0.122665       -0.741224
     H   19       -0.217459       -0.741224        0.349061

     C   20        0.177140        0.249047        0.332046
     C   20        0.249047       -0.192769       -0.289701
     C   20        0.332046       -0.289701        0.015630

     H   21        0.101768       -0.272812        0.719705
     H   21       -0.272812       -0.447134       -0.371365
     H   21        0.719705       -0.371365        0.345366

     C   22        0.003046        0.288841        0.192789
     C   22        0.288841        0.031631       -0.454159
     C   22        0.192789       -0.454159       -0.034678

     C   23       -0.030218        0.300973        0.301728
     C   23        0.300973        0.049982       -0.474815
     C   23        0.301728       -0.474815       -0.019764

     Cl  24        0.097168        0.243774        0.054760
     Cl  24        0.243774        0.046074        0.041286
     Cl  24        0.054760        0.041286       -0.143243

     ----- GIPAW term -----
     Cl   1       -1.220488       -0.566517       -0.091549
     Cl   1       -0.566517        2.068289       -1.950357
     Cl   1       -0.091549       -1.950357       -0.847801

     C    2       -0.043732       -0.123645        0.003335
     C    2       -0.123645        0.038644       -0.171508
     C    2        0.003335       -0.171508        0.005088

     C    3       -0.077396       -0.047524        0.101195
     C    3       -0.047524        0.046791       -0.140261
     C    3        0.101195       -0.140261        0.030605

     H    4       -0.000000        0.000000        0.000000
     H    4        0.000000        0.000000        0.000000
     H    4        0.000000        0.000000        0.000000

     C    5       -0.001724       -0.198368        0.056665
     C    5       -0.198368        0.034139       -0.195392
     C    5        0.056665       -0.195392       -0.032416

     H    6       -0.000000        0.000000        0.000000
     H    6        0.000000        0.000000        0.000000
     H    6        0.000000        0.000000        0.000000

     H    7       -0.000000        0.000000        0.000000
     H    7        0.000000        0.000000        0.000000
     H    7        0.000000        0.000000        0.000000

     C    8        0.030535        0.007858        0.027106
     C    8        0.007858        0.015412       -0.041674
     C    8        0.027106       -0.041674       -0.045947

     H    9       -0.000000        0.000000        0.000000
     H    9        0.000000        0.000000        0.000000
     H    9        0.000000        0.000000        0.000000

     C   10        0.016659        0.004752        0.025422
     C   10        0.004752       -0.013755       -0.021194
     C   10        0.025422       -0.021194       -0.002904

     C   11       -0.005144       -0.051424       -0.178374
     C   11       -0.051424        0.000032        0.176792
     C   11       -0.178374        0.176792        0.005112

     Cl  12       -0.581241        1.325353       -1.100924
     Cl  12        1.325353       -1.356905       -0.469986
     Cl  12       -1.100924       -0.469986        1.938146

     H   13       -0.000000        0.000000        0.000000
     H   13        0.000000        0.000000        0.000000
     H   13        0.000000        0.000000        0.000000

     C   14       -0.021635       -0.164578        0.070129
     C   14       -0.164578        0.119817       -0.069598
     C   14        0.070129       -0.069598       -0.098182

     H   15       -0.000000        0.000000        0.000000
     H   15        0.000000        0.000000        0.000000
     H   15        0.000000        0.000000        0.000000

     C   16        0.155809       -0.217722       -0.174337
     C   16       -0.217722       -0.063389       -0.028731
     C   16       -0.174337       -0.028731       -0.092420

     C   17        0.133155       -0.193228       -0.041499
     C   17       -0.193228       -0.009311       -0.005143
     C   17       -0.041499       -0.005143       -0.123844

     Cl  18        0.345758       -0.635014       -1.184141
     Cl  18       -0.635014       -0.586188       -0.770745
     Cl  18       -1.184141       -0.770745        0.240431

     H   19       -0.000000        0.000000        0.000000
     H   19        0.000000        0.000000        0.000000
     H   19        0.000000        0.000000        0.000000

     C   20       -0.023919        0.100783       -0.100998
     C   20        0.100783        0.022899        0.032378
     C   20       -0.100998        0.032378        0.001019

     H   21       -0.000000        0.000000        0.000000
     H   21        0.000000        0.000000        0.000000
     H   21        0.000000        0.000000        0.000000

     C   22       -0.245112       -0.064260        0.000347
     C   22       -0.064260        0.044165       -0.180974
     C   22        0.000347       -0.180974        0.200947

     C   23       -0.007710       -0.092166        0.072122
     C   23       -0.092166        0.080709       -0.057373
     C   23        0.072122       -0.057373       -0.072999

     Cl  24       -0.230989        0.232114        1.237766
     Cl  24        0.232114       -0.265256       -1.752139
     Cl  24        1.237766       -1.752139        0.496245

     ----- total EFG -----
     Cl   1       -1.343655       -0.465890       -0.058370
     Cl   1       -0.465890        2.163484       -2.061574
     Cl   1       -0.058370       -2.061574       -0.819829

     C    2        0.151989       -0.503168       -0.100456
     C    2       -0.503168        0.096316       -0.358079
     C    2       -0.100456       -0.358079       -0.248306

     C    3       -0.185210        0.126810        0.381210
     C    3        0.126810        0.117948       -0.033984
     C    3        0.381210       -0.033984        0.067262

     H    4        0.428988        0.001409        0.394330
     H    4        0.001409       -0.617066        0.398838
     H    4        0.394330        0.398838        0.188079

     C    5        0.197097       -0.642318       -0.138369
     C    5       -0.642318        0.009343       -0.392735
     C    5       -0.138369       -0.392735       -0.206440

     H    6       -0.230319        0.335120       -0.076031
     H    6        0.335120       -0.004649        0.536906
     H    6       -0.076031        0.536906        0.234968

     H    7       -0.652898        0.113365        0.217569
     H    7        0.113365        0.785774       -0.394581
     H    7        0.217569       -0.394581       -0.132876

     C    8       -0.126015        0.406141        0.101174
     C    8        0.406141        0.355815       -0.372948
     C    8        0.101174       -0.372948       -0.229800

     H    9        0.493828       -0.310465        0.439832
     H    9       -0.310465        0.203881       -0.295618
     H    9        0.439832       -0.295618       -0.697709

     C   10        0.242948        0.093166        0.404858
     C   10        0.093166       -0.152005       -0.393666
     C   10        0.404858       -0.393666       -0.090943

     C   11        0.035076        0.125720       -0.371284
     C   11        0.125720       -0.168394        0.174681
     C   11       -0.371284        0.174681        0.133318

     Cl  12       -0.541625        1.415050       -1.138602
     Cl  12        1.415050       -1.557411       -0.485397
     Cl  12       -1.138602       -0.485397        2.099036

     H   13       -0.137916        0.016175       -0.221923
     H   13        0.016175        0.344549        0.267993
     H   13       -0.221923        0.267993       -0.206633

     C   14       -0.095851       -0.009448        0.130485
     C   14       -0.009448        0.245398        0.004406
     C   14        0.130485        0.004406       -0.149547

     H   15        0.083420        0.366372        0.495630
     H   15        0.366372       -0.052126        0.009332
     H   15        0.495630        0.009332       -0.031294

     C   16        0.562098       -0.701003       -0.583425
     C   16       -0.701003       -0.210590       -0.189474
     C   16       -0.583425       -0.189474       -0.351507

     C   17        0.177410        0.124400       -0.158556
     C   17        0.124400       -0.081357        0.166194
     C   17       -0.158556        0.166194       -0.096053

     Cl  18        0.453176       -0.895848       -0.998516
     Cl  18       -0.895848       -0.433258       -0.671295
     Cl  18       -0.998516       -0.671295       -0.019918

     H   19       -0.284617        0.154003        0.178291
     H   19        0.154003        0.222480       -0.359955
     H   19        0.178291       -0.359955        0.062136

     C   20       -0.037683        0.392752       -0.169301
     C   20        0.392752       -0.265804        0.181138
     C   20       -0.169301        0.181138        0.303488

     H   21        0.224170       -0.186976        0.435866
     H   21       -0.186976       -0.122827        0.003830
     H   21        0.435866        0.003830       -0.101343

     C   22       -0.962090       -0.104677       -0.111116
     C   22       -0.104677        0.267931       -0.618853
     C   22       -0.111116       -0.618853        0.694159

     C   23        0.037560       -0.139552        0.443774
     C   23       -0.139552       -0.176220        0.001442
     C   23        0.443774        0.001442        0.138660

     Cl  24       -0.188531        0.375373        1.261657
     Cl  24        0.375373       -0.219213       -1.683639
     Cl  24        1.261657       -1.683639        0.407744

     ----- total EFG (symmetrized) -----
     Cl   1       -1.343655       -0.465890       -0.058370
     Cl   1       -0.465890        2.163484       -2.061574
     Cl   1       -0.058370       -2.061574       -0.819829

     C    2        0.151989       -0.503168       -0.100456
     C    2       -0.503168        0.096316       -0.358079
     C    2       -0.100456       -0.358079       -0.248306

     C    3       -0.185210        0.126810        0.381210
     C    3        0.126810        0.117948       -0.033984
     C    3        0.381210       -0.033984        0.067262

     H    4        0.428988        0.001409        0.394330
     H    4        0.001409       -0.617066        0.398838
     H    4        0.394330        0.398838        0.188079

     C    5        0.197097       -0.642318       -0.138369
     C    5       -0.642318        0.009343       -0.392735
     C    5       -0.138369       -0.392735       -0.206440

     H    6       -0.230319        0.335120       -0.076031
     H    6        0.335120       -0.004649        0.536906
     H    6       -0.076031        0.536906        0.234968

     H    7       -0.652898        0.113365        0.217569
     H    7        0.113365        0.785774       -0.394581
     H    7        0.217569       -0.394581       -0.132876

     C    8       -0.126015        0.406141        0.101174
     C    8        0.406141        0.355815       -0.372948
     C    8        0.101174       -0.372948       -0.229800

     H    9        0.493828       -0.310465        0.439832
     H    9       -0.310465        0.203881       -0.295618
     H    9        0.439832       -0.295618       -0.697709

     C   10        0.242948        0.093166        0.404858
     C   10        0.093166       -0.152005       -0.393666
     C   10        0.404858       -0.393666       -0.090943

     C   11        0.035076        0.125720       -0.371284
     C   11        0.125720       -0.168394        0.174681
     C   11       -0.371284        0.174681        0.133318

     Cl  12       -0.541625        1.415050       -1.138602
     Cl  12        1.415050       -1.557411       -0.485397
     Cl  12       -1.138602       -0.485397        2.099036

     H   13       -0.137916        0.016175       -0.221923
     H   13        0.016175        0.344549        0.267993
     H   13       -0.221923        0.267993       -0.206633

     C   14       -0.095851       -0.009448        0.130485
     C   14       -0.009448        0.245398        0.004406
     C   14        0.130485        0.004406       -0.149547

     H   15        0.083420        0.366372        0.495630
     H   15        0.366372       -0.052126        0.009332
     H   15        0.495630        0.009332       -0.031294

     C   16        0.562098       -0.701003       -0.583425
     C   16       -0.701003       -0.210590       -0.189474
     C   16       -0.583425       -0.189474       -0.351507

     C   17        0.177410        0.124400       -0.158556
     C   17        0.124400       -0.081357        0.166194
     C   17       -0.158556        0.166194       -0.096053

     Cl  18        0.453176       -0.895848       -0.998516
     Cl  18       -0.895848       -0.433258       -0.671295
     Cl  18       -0.998516       -0.671295       -0.019918

     H   19       -0.284617        0.154003        0.178291
     H   19        0.154003        0.222480       -0.359955
     H   19        0.178291       -0.359955        0.062136

     C   20       -0.037683        0.392752       -0.169301
     C   20        0.392752       -0.265804        0.181138
     C   20       -0.169301        0.181138        0.303488

     H   21        0.224170       -0.186976        0.435866
     H   21       -0.186976       -0.122827        0.003830
     H   21        0.435866        0.003830       -0.101343

     C   22       -0.962090       -0.104677       -0.111116
     C   22       -0.104677        0.267931       -0.618853
     C   22       -0.111116       -0.618853        0.694159

     C   23        0.037560       -0.139552        0.443774
     C   23       -0.139552       -0.176220        0.001442
     C   23        0.443774        0.001442        0.138660

     Cl  24       -0.188531        0.375373        1.261657
     Cl  24        0.375373       -0.219213       -1.683639
     Cl  24        1.261657       -1.683639        0.407744


     NQR/NMR SPECTROSCOPIC PARAMETERS:
     Cl   1    Vxx=   -1.2631    axis=(  0.914832 -0.109481 -0.388711)
     Cl   1    Vyy=   -1.9863    axis=(  0.394895  0.443931  0.804353)
     Cl   1    Vzz=    3.2494    axis=( -0.084499  0.889348 -0.449355)
     Cl   1  Q=        -8.1650 1e-30 m^2  Cq=       -62.3379 MHz  eta= 0.22256

     C    2    Vxx=   -0.0059    axis=(  0.590744  0.332135 -0.735329)
     C    2    Vyy=   -0.6592    axis=(  0.458958  0.611226  0.644795)
     C    2    Vzz=    0.6651    axis=( -0.663611  0.718393 -0.208643)
     C    2  Q=         1.0000 1e-30 m^2  Cq=         1.5627 MHz  eta= 0.98237

     C    3    Vxx=    0.1329    axis=( -0.035597 -0.956796  0.288572)
     C    3    Vyy=    0.3527    axis=(  0.597832  0.211003  0.773353)
     C    3    Vzz=   -0.4856    axis=(  0.800831 -0.200047 -0.564492)
     C    3  Q=         1.0000 1e-30 m^2  Cq=        -1.1410 MHz  eta= 0.45257

     H    4    Vxx=    0.0353    axis=(  0.650805 -0.395022 -0.648390)
     H    4    Vyy=    0.7658    axis=( -0.747648 -0.184740 -0.637883)
     H    4    Vzz=   -0.8010    axis=(  0.132194  0.899905 -0.415567)
     H    4  Q=         1.0000 1e-30 m^2  Cq=        -1.8821 MHz  eta= 0.91195

     C    5    Vxx=    0.0249    axis=( -0.490990 -0.307228  0.815193)
     C    5    Vyy=    0.7789    axis=( -0.711457  0.681432 -0.171693)
     C    5    Vzz=   -0.8038    axis=( -0.502750 -0.664275 -0.553156)
     C    5  Q=         1.0000 1e-30 m^2  Cq=        -1.8887 MHz  eta= 0.93801

     H    6    Vxx=   -0.0281    axis=( -0.784706 -0.358799  0.505470)
     H    6    Vyy=   -0.6641    axis=( -0.594263  0.667398 -0.448811)
     H    6    Vzz=    0.6922    axis=(  0.176317  0.652566  0.736933)
     H    6  Q=         1.0000 1e-30 m^2  Cq=         1.6264 MHz  eta= 0.91877

     H    7    Vxx=   -0.1593    axis=(  0.441596  0.300065  0.845549)
     H    7    Vyy=   -0.7733    axis=( -0.896991  0.168636  0.408618)
     H    7    Vzz=    0.9326    axis=( -0.019978 -0.938895  0.343625)
     H    7  Q=         1.0000 1e-30 m^2  Cq=         2.1912 MHz  eta= 0.65843

     C    8    Vxx=   -0.0775    axis=(  0.721559 -0.084917  0.687125)
     C    8    Vyy=   -0.5996    axis=(  0.566867 -0.497350 -0.656738)
     C    8    Vzz=    0.6770    axis=( -0.397510 -0.863384  0.310731)
     C    8  Q=         1.0000 1e-30 m^2  Cq=         1.5907 MHz  eta= 0.77116

     H    9    Vxx=    0.0064    axis=(  0.544711  0.838541 -0.011798)
     H    9    Vyy=    0.8705    axis=( -0.796529  0.512917 -0.320090)
     H    9    Vzz=   -0.8769    axis=( -0.262357  0.183754  0.947314)
     H    9  Q=         1.0000 1e-30 m^2  Cq=        -2.0603 MHz  eta= 0.98549

     C   10    Vxx=    0.1059    axis=(  0.554339  0.750256 -0.360312)
     C   10    Vyy=    0.5507    axis=( -0.742310  0.249888 -0.621717)
     C   10    Vzz=   -0.6566    axis=( -0.376409  0.612105  0.695445)
     C   10  Q=         1.0000 1e-30 m^2  Cq=        -1.5427 MHz  eta= 0.67744

     C   11    Vxx=   -0.0142    axis=(  0.506934  0.793796  0.336015)
     C   11    Vyy=   -0.4487    axis=( -0.578625  0.602307 -0.549927)
     C   11    Vzz=    0.4628    axis=( -0.638914  0.084350  0.764640)
     C   11  Q=         1.0000 1e-30 m^2  Cq=         1.0875 MHz  eta= 0.93880

     Cl  12    Vxx=   -0.1810    axis=(  0.694324  0.550215  0.463873)
     Cl  12    Vyy=   -2.5689    axis=( -0.594305  0.801879 -0.061579)
     Cl  12    Vzz=    2.7499    axis=( -0.405852 -0.232926  0.883759)
     Cl  12  Q=        -8.1650 1e-30 m^2  Cq=       -52.7545 MHz  eta= 0.86838

     H   13    Vxx=   -0.0042    axis=(  0.820609  0.323812 -0.470900)
     H   13    Vyy=   -0.4578    axis=( -0.557595  0.273064 -0.783915)
     H   13    Vzz=    0.4620    axis=( -0.125255  0.905860  0.404635)
     H   13  Q=         1.0000 1e-30 m^2  Cq=         1.0856 MHz  eta= 0.98189

     C   14    Vxx=    0.0104    axis=(  0.774518  0.019289  0.632257)
     C   14    Vyy=    0.2457    axis=( -0.026776  0.999639  0.002303)
     C   14    Vzz=   -0.2561    axis=( -0.631985 -0.018713  0.774755)
     C   14  Q=         1.0000 1e-30 m^2  Cq=        -0.6017 MHz  eta= 0.91853

     H   15    Vxx=   -0.0537    axis=( -0.011817 -0.802526  0.596500)
     H   15    Vyy=   -0.5921    axis=( -0.673952  0.447077  0.588142)
     H   15    Vzz=    0.6458    axis=(  0.738681  0.395063  0.546147)
     H   15  Q=         1.0000 1e-30 m^2  Cq=         1.5174 MHz  eta= 0.83380

     C   16    Vxx=   -0.1008    axis=(  0.088158  0.685146 -0.723052)
     C   16    Vyy=   -0.9993    axis=(  0.501837  0.596480  0.626396)
     C   16    Vzz=    1.1002    axis=(  0.860458 -0.418076 -0.291247)
     C   16  Q=         1.0000 1e-30 m^2  Cq=         2.5850 MHz  eta= 0.81670

     C   17    Vxx=    0.0759    axis=(  0.087974  0.755576  0.649126)
     C   17    Vyy=    0.2580    axis=( -0.926562 -0.177173  0.331801)
     C   17    Vzz=   -0.3339    axis=(  0.365709 -0.630646  0.684502)
     C   17  Q=         1.0000 1e-30 m^2  Cq=        -0.7845 MHz  eta= 0.54531

     Cl  18    Vxx=    0.4198    axis=(  0.198373 -0.726243  0.658194)
     Cl  18    Vyy=    1.3115    axis=(  0.830721 -0.231798 -0.506134)
     Cl  18    Vzz=   -1.7314    axis=( -0.520145 -0.647179 -0.557323)
     Cl  18  Q=        -8.1650 1e-30 m^2  Cq=        33.2151 MHz  eta= 0.51502

     H   19    Vxx=   -0.0184    axis=( -0.662210 -0.460264 -0.591299)
     H   19    Vyy=   -0.4928    axis=( -0.749223  0.419308  0.512685)
     H   19    Vzz=    0.5112    axis=(  0.011966  0.782520 -0.622510)
     H   19  Q=         1.0000 1e-30 m^2  Cq=         1.2011 MHz  eta= 0.92809

     C   20    Vxx=    0.2516    axis=(  0.743640  0.636292  0.205262)
     C   20    Vyy=    0.3745    axis=(  0.320902 -0.070356 -0.944496)
     C   20    Vzz=   -0.6261    axis=( -0.586533  0.768234 -0.256507)
     C   20  Q=         1.0000 1e-30 m^2  Cq=        -1.4712 MHz  eta= 0.19622

     H   21    Vxx=   -0.1165    axis=(  0.022275 -0.912357 -0.408790)
     H   21    Vyy=   -0.4443    axis=(  0.578459  0.345257 -0.739041)
     H   21    Vzz=    0.5608    axis=( -0.815407  0.220007 -0.535452)
     H   21  Q=         1.0000 1e-30 m^2  Cq=         1.3177 MHz  eta= 0.58439

     C   22    Vxx=   -0.1460    axis=( -0.180333  0.803197  0.567763)
     C   22    Vyy=   -0.9900    axis=( -0.983502 -0.138873 -0.115920)
     C   22    Vzz=    1.1360    axis=( -0.014260 -0.579301  0.814989)
     C   22  Q=         1.0000 1e-30 m^2  Cq=         2.6691 MHz  eta= 0.74292

     C   23    Vxx=   -0.1386    axis=(  0.237797 -0.895584 -0.376007)
     C   23    Vyy=   -0.4081    axis=(  0.701884  0.426030 -0.570839)
     C   23    Vzz=    0.5466    axis=(  0.671425 -0.128169  0.729905)
     C   23  Q=         1.0000 1e-30 m^2  Cq=         1.2844 MHz  eta= 0.49303

     Cl  24    Vxx=    0.1611    axis=(  0.796641  0.603034  0.041379)
     Cl  24    Vyy=    2.0811    axis=(  0.349610 -0.515534  0.782303)
     Cl  24    Vzz=   -2.2422    axis=(  0.493088 -0.608749 -0.621522)
     Cl  24  Q=        -8.1650 1e-30 m^2  Cq=        43.0161 MHz  eta= 0.85626

     Initialization:
     gipaw_setup  :      9.04s CPU     10.89s WALL (       1 calls)

     Linear response

     Apply operators

     Induced current

     Other routines
     efg          :      9.40s CPU     11.88s WALL (       1 calls)

     General routines
     calbec       :      3.35s CPU      4.35s WALL (      16 calls)
     fft          :      1.36s CPU      1.72s WALL (      15 calls)
     ffts         :      0.04s CPU      0.07s WALL (       2 calls)
     fftw         :      3.28s CPU      4.06s WALL (     672 calls)
     davcio       :      0.02s CPU      0.34s WALL (      32 calls)

     Parallel routines
     fft_scatter  :      2.03s CPU      2.99s WALL (     689 calls)

     Plugins

     GIPAW        :     61.98s CPU     76.56s WALL (       1 calls)
