
     Program QE v.6.0 (svn rev. 13079) starts on 16Jan2017 at  6:35:33 

     This program is part of the open-source Quantum ESPRESSO suite
     for quantum simulation of materials; please cite
         "P. Giannozzi et al., J. Phys.:Condens. Matter 21 395502 (2009);
          URL http://www.quantum-espresso.org", 
     in publications or presentations arising from this work. More details at
     http://www.quantum-espresso.org/quote

     Parallel version (MPI), running on     8 processors
     R & G space division:  proc/nbgrp/npool/nimage =       8

     ***** This is GIPAW svn revision unknown      *****

     Parallelizing q-star over 1 images

     Reading data from directory:
     /users/majewski/paradichlorobenzene/pbe/9_constraint/scratch/pbe.ecut100.np8.dt60.pcl2phi-129368.save
     Message from routine read_xml_file:
     file /users/majewski/paradichlorobenzene/pbe/9_constraint/scratch/pbe.ecut100.np8.dt60.pcl2phi-129368.save not guaranteed to be safe for post-processing

   Info: using nr1, nr2, nr3 values from input

   Info: using nr1, nr2, nr3 values from input

     IMPORTANT: XC functional enforced from input :
     Exchange-correlation      =  SLA  PW   PBX  PBC ( 1  4  3  4 0 0)
     Any further DFT definition will be discarded
     Please, verify this is what you really want

               file C.pbe-n-kjpaw_psl.1.0.0.UPF: wavefunction(s)  2S 2P renormalized
               file Cl.pbe-n-kjpaw_psl.1.0.0.UPF: wavefunction(s)  3S 3P renormalized
               file H.pbe-kjpaw_psl.1.0.0.UPF: wavefunction(s)  1S renormalized

     Parallelization info
     --------------------
     sticks:   dense  smooth     PW     G-vecs:    dense   smooth      PW
     Min        3057    1223    332               144436    36536    5170
     Max        3059    1225    333               144437    36537    5171
     Sum       24467    9791   2657              1155489   292295   41363


     Subspace diagonalization in iterative solution of the eigenvalue problem:
     a serial algorithm will be used

     GIPAW projectors -----------------------------------------------
     atom=  C    l=0  rc=    1.2000  rs=    0.8000
     atom=  C    l=0  rc=    1.2000  rs=    0.8000
     atom=  C    l=1  rc=    1.4000  rs=    0.9333
     atom=  C    l=1  rc=    1.4000  rs=    0.9333
     projs nearly linearly dependent: l=1  n1,n2= 1, 2  s=  0.99951561

     atom=  Cl   l=0  rc=    1.6000  rs=    1.0667
     atom=  Cl   l=0  rc=    1.6000  rs=    1.0667
     atom=  Cl   l=1  rc=    1.6000  rs=    1.0667
     atom=  Cl   l=1  rc=    1.6000  rs=    1.0667
     atom=  Cl   l=2  rc=    1.6000  rs=    1.0667
     atom=  Cl   l=2  rc=    1.6000  rs=    1.0667
     projs nearly linearly dependent: l=2  n1,n2= 1, 2  s=  0.99993509

     atom=  H    l=0  rc=    1.0000  rs=    0.6667
     atom=  H    l=0  rc=    1.0000  rs=    0.6667
     projs nearly linearly dependent: l=0  n1,n2= 1, 2  s=  0.99968852
     -----------------------------------------------------------------

     GIPAW integrals: -------------------------------------------
     Atom  i/j   nmr_para   nmr_dia   epr_rmc  epr_para   epr_dia
       C   1 1   0.83E+03  0.17E-01  0.93E+01  0.24E+08  0.24E+03
       C   2 1   0.86E+03 -0.61E-01  0.94E+01  0.25E+08  0.25E+03
       C   2 2   0.90E+03 -0.15E+00  0.97E+01  0.26E+08  0.26E+03
       C   3 3   0.33E+01  0.34E+00  0.18E+01  0.55E+03  0.21E+02
       C   4 3   0.35E+01  0.37E+00  0.20E+01  0.59E+03  0.22E+02
       C   4 4   0.38E+01  0.39E+00  0.22E+01  0.63E+03  0.24E+02
       Cl  1 1   0.14E+04 -0.47E+00  0.84E+01  0.32E+09  0.42E+03
       Cl  2 1   0.21E+04 -0.37E+00  0.12E+02  0.49E+09  0.65E+03
       Cl  2 2   0.33E+04 -0.16E+00  0.21E+02  0.76E+09  0.10E+04
       Cl  3 3   0.21E+02  0.79E-01  0.89E+01  0.23E+05  0.13E+03
       Cl  4 3   0.24E+02  0.67E-01  0.99E+01  0.27E+05  0.15E+03
       Cl  4 4   0.28E+02  0.44E-01  0.11E+02  0.32E+05  0.18E+03
       Cl  5 5   0.77E+00  0.19E+00  0.18E+01  0.12E+03  0.22E+02
       Cl  6 5   0.80E+00  0.19E+00  0.19E+01  0.12E+03  0.23E+02
       Cl  6 6   0.83E+00  0.20E+00  0.19E+01  0.12E+03  0.23E+02
       H   1 1   0.39E+02  0.19E+00  0.29E+00  0.78E+05  0.13E+02
       H   2 1   0.41E+02  0.21E+00  0.32E+00  0.82E+05  0.14E+02
       H   2 2   0.43E+02  0.22E+00  0.36E+00  0.86E+05  0.15E+02
     ------------------------------------------------------------

     alpha_pv=     33.9388 eV

     Number of occupied bands for each k-point:
     k-point:     1    nbnd_occ=  42
     k-point:     2    nbnd_occ=  42
     k-point:     3    nbnd_occ=  42
     k-point:     4    nbnd_occ=  42
     k-point:     5    nbnd_occ=  42
     k-point:     6    nbnd_occ=  42
     k-point:     7    nbnd_occ=  42
     k-point:     8    nbnd_occ=  42
     k-point:     9    nbnd_occ=  42
     k-point:    10    nbnd_occ=  42
     k-point:    11    nbnd_occ=  42
     k-point:    12    nbnd_occ=  42
     k-point:    13    nbnd_occ=  42
     k-point:    14    nbnd_occ=  42
     k-point:    15    nbnd_occ=  42
     k-point:    16    nbnd_occ=  42


     q-space interpolation up to   110.00 Rydberg

     GIPAW job: efg                                                                             


     ELECTRIC FIELD GRADIENTS TENSORS IN Hartree/bohrradius^2:

     ----- bare term -----
     Cl   1        0.148887        0.221164        0.046137
     Cl   1        0.221164        0.024797        0.416123
     Cl   1        0.046137        0.416123       -0.173684

     C    2       -0.049380       -0.062104       -0.281408
     C    2       -0.062104        0.070816       -0.713261
     C    2       -0.281408       -0.713261       -0.021436

     C    3       -0.379132        0.255052       -0.180796
     C    3        0.255052        0.076916       -0.257189
     C    3       -0.180796       -0.257189        0.302216

     H    4       -0.384168       -0.525716        0.048032
     H    4       -0.525716        0.077472        0.115543
     H    4        0.048032        0.115543        0.306696

     C    5       -0.005343        0.217110       -0.052854
     C    5        0.217110       -0.114709       -0.388701
     C    5       -0.052854       -0.388701        0.120052

     H    6        0.305034       -0.393726        0.023385
     H    6       -0.393726       -0.663601       -0.084102
     H    6        0.023385       -0.084102        0.358567

     H    7        0.499829       -0.056145       -0.174667
     H    7       -0.056145       -0.316739        0.374628
     H    7       -0.174667        0.374628       -0.183090

     C    8       -0.718805       -0.331693       -0.202704
     C    8       -0.331693        0.390054        0.157105
     C    8       -0.202704        0.157105        0.328751

     H    9       -0.236320       -0.079776       -0.547940
     H    9       -0.079776        0.100473       -0.035399
     H    9       -0.547940       -0.035399        0.135847

     C   10        0.095833        0.048118       -0.255327
     C   10        0.048118       -0.093654        0.617559
     C   10       -0.255327        0.617559       -0.002180

     C   11       -0.743140       -0.472790       -0.328284
     C   11       -0.472790        0.320073        0.089814
     C   11       -0.328284        0.089814        0.423068

     Cl  12        0.010145       -0.033911       -0.031108
     Cl  12       -0.033911        0.060890       -0.001407
     Cl  12       -0.031108       -0.001407       -0.071035

     H   13        0.235223       -0.007199       -0.101010
     H   13       -0.007199       -0.492400       -0.610688
     H   13       -0.101010       -0.610688        0.257177

     C   14       -0.833608        0.329885       -0.414389
     C   14        0.329885        0.381865       -0.014592
     C   14       -0.414389       -0.014592        0.451743

     H   15       -0.552248       -0.007126        0.070983
     H   15       -0.007126        0.344983       -0.352532
     H   15        0.070983       -0.352532        0.207265

     C   16        0.167377        0.094143       -0.088649
     C   16        0.094143       -0.531141       -0.453675
     C   16       -0.088649       -0.453675        0.363764

     C   17       -0.769734        0.366496       -0.311909
     C   17        0.366496        0.281318       -0.067974
     C   17       -0.311909       -0.067974        0.488416

     Cl  18        0.279431       -0.035464       -0.061760
     Cl  18       -0.035464       -0.083787       -0.435876
     Cl  18       -0.061760       -0.435876       -0.195644

     H   19        0.410247        0.200318        0.017957
     H   19        0.200318       -0.745517       -0.023931
     H   19        0.017957       -0.023931        0.335270

     C   20       -0.009098        0.079567       -0.259514
     C   20        0.079567       -0.029444        0.415077
     C   20       -0.259514        0.415077        0.038542

     H   21       -0.166002        0.451239       -0.335687
     H   21        0.451239       -0.192093        0.201379
     H   21       -0.335687        0.201379        0.358096

     C   22       -0.694423       -0.355048       -0.236076
     C   22       -0.355048        0.333629        0.205907
     C   22       -0.236076        0.205907        0.360793

     C   23       -0.004855        0.104117       -0.296476
     C   23        0.104117        0.060147        0.678538
     C   23       -0.296476        0.678538       -0.055292

     Cl  24       -0.322080       -0.247409       -0.010097
     Cl  24       -0.247409        0.203348        0.001014
     Cl  24       -0.010097        0.001014        0.118731

     ----- ionic term -----
     Cl   1        0.119187       -0.172395       -0.083045
     Cl   1       -0.172395       -0.004725        0.064159
     Cl   1       -0.083045        0.064159       -0.114462

     C    2        0.275884       -0.061119        0.091489
     C    2       -0.061119        0.126072        0.445798
     C    2        0.091489        0.445798       -0.401956

     C    3        0.160585       -0.132852        0.102333
     C    3       -0.132852        0.231473        0.414837
     C    3        0.102333        0.414837       -0.392058

     H    4        0.783746        0.333344        0.521621
     H    4        0.333344       -0.443163        0.214817
     H    4        0.521621        0.214817       -0.340583

     C    5        0.364200       -0.064381        0.127966
     C    5       -0.064381        0.116166        0.305317
     C    5        0.127966        0.305317       -0.480366

     H    6       -0.507494        0.208321        0.087378
     H    6        0.208321        0.809164        0.613711
     H    6        0.087378        0.613711       -0.301670

     H    7       -0.501172       -0.147652        0.099099
     H    7       -0.147652        0.642666       -0.699579
     H    7        0.099099       -0.699579       -0.141493

     C    8        0.275627        0.151843        0.269426
     C    8        0.151843       -0.007672       -0.314094
     C    8        0.269426       -0.314094       -0.267956

     H    9        0.469080       -0.369767        0.667681
     H    9       -0.369767       -0.336884       -0.311306
     H    9        0.667681       -0.311306       -0.132196

     C   10        0.121457        0.175170        0.153399
     C   10        0.175170        0.161437       -0.419523
     C   10        0.153399       -0.419523       -0.282894

     C   11        0.252007        0.142365        0.265291
     C   11        0.142365        0.092201       -0.376367
     C   11        0.265291       -0.376367       -0.344208

     Cl  12        0.164460        0.227234        0.019456
     Cl  12        0.227234       -0.010515        0.005993
     Cl  12        0.019456        0.005993       -0.153945

     H   13       -0.514134        0.170891        0.076308
     H   13        0.170891        0.669422        0.716677
     H   13        0.076308        0.716677       -0.155288

     C   14        0.353460       -0.151854        0.099453
     C   14       -0.151854        0.078315        0.350918
     C   14        0.099453        0.350918       -0.431775

     H   15        0.786282        0.373888        0.503056
     H   15        0.373888       -0.385725        0.203011
     H   15        0.503056        0.203011       -0.400557

     C   16        0.195497       -0.184875        0.067437
     C   16       -0.184875        0.218030        0.424402
     C   16        0.067437        0.424402       -0.413528

     C   17        0.281901       -0.041245        0.140464
     C   17       -0.041245        0.154686        0.401340
     C   17        0.140464        0.401340       -0.436587

     Cl  18        0.114391       -0.199006       -0.029807
     Cl  18       -0.199006        0.018964        0.027471
     Cl  18       -0.029807        0.027471       -0.133355

     H   19       -0.480343       -0.226341        0.086570
     H   19       -0.226341        0.838390       -0.535848
     H   19        0.086570       -0.535848       -0.358047

     C   20        0.292232        0.080428        0.275340
     C   20        0.080428        0.103625       -0.257165
     C   20        0.275340       -0.257165       -0.395857

     H   21        0.619040       -0.286185        0.669027
     H   21       -0.286185       -0.420138       -0.240259
     H   21        0.669027       -0.240259       -0.198902

     C   22        0.113678        0.185176        0.207961
     C   22        0.185176        0.186543       -0.378243
     C   22        0.207961       -0.378243       -0.300221

     C   23        0.185782        0.195959        0.319507
     C   23        0.195959        0.107403       -0.379261
     C   23        0.319507       -0.379261       -0.293185

     Cl  24        0.141360        0.206400        0.024616
     Cl  24        0.206400        0.025485       -0.000460
     Cl  24        0.024616       -0.000460       -0.166845

     ----- GIPAW term -----
     Cl   1       -0.294859       -0.076220       -0.252766
     Cl   1       -0.076220       -0.161719       -0.593085
     Cl   1       -0.252766       -0.593085        0.456578

     C    2       -0.064120       -0.057916       -0.049209
     C    2       -0.057916        0.227293       -0.185111
     C    2       -0.049209       -0.185111       -0.163174

     C    3       -0.110607        0.101909       -0.082339
     C    3        0.101909        0.117223       -0.128945
     C    3       -0.082339       -0.128945       -0.006616

     H    4       -0.000000        0.000000        0.000000
     H    4        0.000000        0.000000        0.000000
     H    4        0.000000        0.000000        0.000000

     C    5       -0.045696        0.131528        0.019367
     C    5        0.131528        0.174422       -0.050139
     C    5        0.019367       -0.050139       -0.128726

     H    6       -0.000000        0.000000        0.000000
     H    6        0.000000        0.000000        0.000000
     H    6        0.000000        0.000000        0.000000

     H    7       -0.000000        0.000000        0.000000
     H    7        0.000000        0.000000        0.000000
     H    7        0.000000        0.000000        0.000000

     C    8       -0.177465       -0.006257       -0.000324
     C    8       -0.006257        0.226710        0.075806
     C    8       -0.000324        0.075806       -0.049245

     H    9       -0.000000        0.000000        0.000000
     H    9        0.000000        0.000000        0.000000
     H    9        0.000000        0.000000        0.000000

     C   10       -0.095052        0.094859       -0.035953
     C   10        0.094859        0.244121        0.024919
     C   10       -0.035953        0.024919       -0.149069

     C   11       -0.155196        0.024486       -0.032001
     C   11        0.024486        0.253903       -0.041767
     C   11       -0.032001       -0.041767       -0.098707

     Cl  12       -0.044394        1.786474       -0.135443
     Cl  12        1.786474        2.600049        0.143220
     Cl  12       -0.135443        0.143220       -2.555654

     H   13       -0.000000        0.000000        0.000000
     H   13        0.000000        0.000000        0.000000
     H   13        0.000000        0.000000        0.000000

     C   14       -0.186640       -0.087883       -0.088986
     C   14       -0.087883        0.229878        0.146134
     C   14       -0.088986        0.146134       -0.043238

     H   15       -0.000000        0.000000        0.000000
     H   15        0.000000        0.000000        0.000000
     H   15        0.000000        0.000000        0.000000

     C   16       -0.083003       -0.023577       -0.006113
     C   16       -0.023577        0.007798        0.166597
     C   16       -0.006113        0.166597        0.075205

     C   17       -0.115071        0.059542        0.045384
     C   17        0.059542        0.066496        0.140002
     C   17        0.045384        0.140002        0.048575

     Cl  18        0.092514       -0.556214        0.327719
     Cl  18       -0.556214        0.011507        0.697367
     Cl  18        0.327719        0.697367       -0.104021

     H   19       -0.000000        0.000000        0.000000
     H   19        0.000000        0.000000        0.000000
     H   19        0.000000        0.000000        0.000000

     C   20       -0.070284        0.032094       -0.021920
     C   20        0.032094        0.207713        0.061543
     C   20       -0.021920        0.061543       -0.137429

     H   21       -0.000000        0.000000        0.000000
     H   21        0.000000        0.000000        0.000000
     H   21        0.000000        0.000000        0.000000

     C   22       -0.235033       -0.049230       -0.042564
     C   22       -0.049230        0.316349        0.038902
     C   22       -0.042564        0.038902       -0.081317

     C   23       -0.064682        0.083923       -0.039445
     C   23        0.083923        0.263146        0.107148
     C   23       -0.039445        0.107148       -0.198464

     Cl  24       -0.667692        1.549018       -0.140852
     Cl  24        1.549018        2.317228       -0.130393
     Cl  24       -0.140852       -0.130393       -1.649537

     ----- total EFG -----
     Cl   1       -0.026784       -0.027451       -0.289675
     Cl   1       -0.027451       -0.141647       -0.112803
     Cl   1       -0.289675       -0.112803        0.168431

     C    2        0.162384       -0.181138       -0.239128
     C    2       -0.181138        0.424182       -0.452574
     C    2       -0.239128       -0.452574       -0.586566

     C    3       -0.329154        0.224109       -0.160802
     C    3        0.224109        0.425612        0.028702
     C    3       -0.160802        0.028702       -0.096459

     H    4        0.399578       -0.192372        0.569653
     H    4       -0.192372       -0.365691        0.330359
     H    4        0.569653        0.330359       -0.033887

     C    5        0.313161        0.284257        0.094479
     C    5        0.284257        0.175879       -0.133523
     C    5        0.094479       -0.133523       -0.489041

     H    6       -0.202461       -0.185405        0.110763
     H    6       -0.185405        0.145563        0.529609
     H    6        0.110763        0.529609        0.056897

     H    7       -0.001343       -0.203797       -0.075567
     H    7       -0.203797        0.325927       -0.324952
     H    7       -0.075567       -0.324952       -0.324584

     C    8       -0.620643       -0.186108        0.066398
     C    8       -0.186108        0.609092       -0.081183
     C    8        0.066398       -0.081183        0.011551

     H    9        0.232759       -0.449543        0.119740
     H    9       -0.449543       -0.236410       -0.346705
     H    9        0.119740       -0.346705        0.003651

     C   10        0.122239        0.318147       -0.137882
     C   10        0.318147        0.311904        0.222955
     C   10       -0.137882        0.222955       -0.434143

     C   11       -0.646329       -0.305939       -0.094994
     C   11       -0.305939        0.666177       -0.328321
     C   11       -0.094994       -0.328321       -0.019848

     Cl  12        0.130210        1.979797       -0.147094
     Cl  12        1.979797        2.650424        0.147806
     Cl  12       -0.147094        0.147806       -2.780635

     H   13       -0.278911        0.163692       -0.024702
     H   13        0.163692        0.177022        0.105989
     H   13       -0.024702        0.105989        0.101889

     C   14       -0.666788        0.090148       -0.403922
     C   14        0.090148        0.690058        0.482461
     C   14       -0.403922        0.482461       -0.023270

     H   15        0.234034        0.366762        0.574038
     H   15        0.366762       -0.040742       -0.149521
     H   15        0.574038       -0.149521       -0.193292

     C   16        0.279872       -0.114310       -0.027325
     C   16       -0.114310       -0.305313        0.137324
     C   16       -0.027325        0.137324        0.025441

     C   17       -0.602904        0.384793       -0.126061
     C   17        0.384793        0.502500        0.473369
     C   17       -0.126061        0.473369        0.100404

     Cl  18        0.486335       -0.790684        0.236152
     Cl  18       -0.790684       -0.053316        0.288962
     Cl  18        0.236152        0.288962       -0.433019

     H   19       -0.070096       -0.026023        0.104527
     H   19       -0.026023        0.092873       -0.559779
     H   19        0.104527       -0.559779       -0.022777

     C   20        0.212850        0.192090       -0.006093
     C   20        0.192090        0.281894        0.219455
     C   20       -0.006093        0.219455       -0.494744

     H   21        0.453038        0.165054        0.333340
     H   21        0.165054       -0.612232       -0.038880
     H   21        0.333340       -0.038880        0.159194

     C   22       -0.815777       -0.219102       -0.070680
     C   22       -0.219102        0.836522       -0.133434
     C   22       -0.070680       -0.133434       -0.020744

     C   23        0.116245        0.383999       -0.016415
     C   23        0.383999        0.430696        0.406426
     C   23       -0.016415        0.406426       -0.546941

     Cl  24       -0.848411        1.508009       -0.126333
     Cl  24        1.508009        2.546062       -0.129838
     Cl  24       -0.126333       -0.129838       -1.697651

     ----- total EFG (symmetrized) -----
     Cl   1       -0.026784       -0.027451       -0.289675
     Cl   1       -0.027451       -0.141647       -0.112803
     Cl   1       -0.289675       -0.112803        0.168431

     C    2        0.162384       -0.181138       -0.239128
     C    2       -0.181138        0.424182       -0.452574
     C    2       -0.239128       -0.452574       -0.586566

     C    3       -0.329154        0.224109       -0.160802
     C    3        0.224109        0.425612        0.028702
     C    3       -0.160802        0.028702       -0.096459

     H    4        0.399578       -0.192372        0.569653
     H    4       -0.192372       -0.365691        0.330359
     H    4        0.569653        0.330359       -0.033887

     C    5        0.313161        0.284257        0.094479
     C    5        0.284257        0.175879       -0.133523
     C    5        0.094479       -0.133523       -0.489041

     H    6       -0.202461       -0.185405        0.110763
     H    6       -0.185405        0.145563        0.529609
     H    6        0.110763        0.529609        0.056897

     H    7       -0.001343       -0.203797       -0.075567
     H    7       -0.203797        0.325927       -0.324952
     H    7       -0.075567       -0.324952       -0.324584

     C    8       -0.620643       -0.186108        0.066398
     C    8       -0.186108        0.609092       -0.081183
     C    8        0.066398       -0.081183        0.011551

     H    9        0.232759       -0.449543        0.119740
     H    9       -0.449543       -0.236410       -0.346705
     H    9        0.119740       -0.346705        0.003651

     C   10        0.122239        0.318147       -0.137882
     C   10        0.318147        0.311904        0.222955
     C   10       -0.137882        0.222955       -0.434143

     C   11       -0.646329       -0.305939       -0.094994
     C   11       -0.305939        0.666177       -0.328321
     C   11       -0.094994       -0.328321       -0.019848

     Cl  12        0.130210        1.979797       -0.147094
     Cl  12        1.979797        2.650424        0.147806
     Cl  12       -0.147094        0.147806       -2.780635

     H   13       -0.278911        0.163692       -0.024702
     H   13        0.163692        0.177022        0.105989
     H   13       -0.024702        0.105989        0.101889

     C   14       -0.666788        0.090148       -0.403922
     C   14        0.090148        0.690058        0.482461
     C   14       -0.403922        0.482461       -0.023270

     H   15        0.234034        0.366762        0.574038
     H   15        0.366762       -0.040742       -0.149521
     H   15        0.574038       -0.149521       -0.193292

     C   16        0.279872       -0.114310       -0.027325
     C   16       -0.114310       -0.305313        0.137324
     C   16       -0.027325        0.137324        0.025441

     C   17       -0.602904        0.384793       -0.126061
     C   17        0.384793        0.502500        0.473369
     C   17       -0.126061        0.473369        0.100404

     Cl  18        0.486335       -0.790684        0.236152
     Cl  18       -0.790684       -0.053316        0.288962
     Cl  18        0.236152        0.288962       -0.433019

     H   19       -0.070096       -0.026023        0.104527
     H   19       -0.026023        0.092873       -0.559779
     H   19        0.104527       -0.559779       -0.022777

     C   20        0.212850        0.192090       -0.006093
     C   20        0.192090        0.281894        0.219455
     C   20       -0.006093        0.219455       -0.494744

     H   21        0.453038        0.165054        0.333340
     H   21        0.165054       -0.612232       -0.038880
     H   21        0.333340       -0.038880        0.159194

     C   22       -0.815777       -0.219102       -0.070680
     C   22       -0.219102        0.836522       -0.133434
     C   22       -0.070680       -0.133434       -0.020744

     C   23        0.116245        0.383999       -0.016415
     C   23        0.383999        0.430696        0.406426
     C   23       -0.016415        0.406426       -0.546941

     Cl  24       -0.848411        1.508009       -0.126333
     Cl  24        1.508009        2.546062       -0.129838
     Cl  24       -0.126333       -0.129838       -1.697651


     NQR/NMR SPECTROSCOPIC PARAMETERS:
     Cl   1    Vxx=   -0.0973    axis=(  0.511823 -0.834601  0.203661)
     Cl   1    Vyy=   -0.2903    axis=(  0.651074  0.531499  0.541858)
     Cl   1    Vzz=    0.3876    axis=( -0.560481 -0.144737  0.815421)
     Cl   1  Q=        -8.1650 1e-30 m^2  Cq=        -7.4352 MHz  eta= 0.49796

     C    2    Vxx=    0.2275    axis=(  0.938015  0.100819 -0.331606)
     C    2    Vyy=    0.6151    axis=(  0.208668 -0.928202  0.308056)
     C    2    Vzz=   -0.8426    axis=(  0.276740  0.358157  0.891706)
     C    2  Q=         1.0000 1e-30 m^2  Cq=        -1.9797 MHz  eta= 0.46009

     C    3    Vxx=   -0.0246    axis=( -0.384400  0.133106  0.913520)
     C    3    Vyy=   -0.4629    axis=( -0.882968  0.235816 -0.405904)
     C    3    Vzz=    0.4875    axis=( -0.269451 -0.962639  0.026881)
     C    3  Q=         1.0000 1e-30 m^2  Cq=         1.1455 MHz  eta= 0.89903

     H    4    Vxx=   -0.0143    axis=(  0.407030 -0.734021 -0.543636)
     H    4    Vyy=   -0.7788    axis=(  0.406530  0.678549 -0.611804)
     H    4    Vzz=    0.7932    axis=(  0.817961  0.028018  0.574592)
     H    4  Q=         1.0000 1e-30 m^2  Cq=         1.8636 MHz  eta= 0.96383

     C    5    Vxx=    0.0060    axis=( -0.591302  0.743108 -0.313292)
     C    5    Vyy=    0.5370    axis=( -0.784222 -0.620422  0.008527)
     C    5    Vzz=   -0.5430    axis=( -0.188037  0.250732  0.949618)
     C    5  Q=         1.0000 1e-30 m^2  Cq=        -1.2758 MHz  eta= 0.97796

     H    6    Vxx=   -0.0840    axis=( -0.855975  0.292413 -0.426381)
     H    6    Vyy=   -0.5535    axis=( -0.511305 -0.601017  0.614285)
     H    6    Vzz=    0.6374    axis=( -0.076637  0.743823  0.663968)
     H    6  Q=         1.0000 1e-30 m^2  Cq=         1.4977 MHz  eta= 0.73659

     H    7    Vxx=   -0.0073    axis=(  0.904205  0.171581 -0.391117)
     H    7    Vyy=   -0.5049    axis=( -0.295454 -0.409996 -0.862908)
     H    7    Vzz=    0.5122    axis=( -0.308415  0.895803 -0.320026)
     H    7  Q=         1.0000 1e-30 m^2  Cq=         1.2034 MHz  eta= 0.97138

     C    8    Vxx=    0.0032    axis=(  0.060077  0.150667  0.986757)
     C    8    Vyy=    0.6494    axis=(  0.150730 -0.978577  0.140241)
     C    8    Vzz=   -0.6526    axis=(  0.986748  0.140309 -0.081500)
     C    8  Q=         1.0000 1e-30 m^2  Cq=        -1.5333 MHz  eta= 0.99020

     H    9    Vxx=   -0.0302    axis=(  0.571841  0.118256 -0.811796)
     H    9    Vyy=   -0.6102    axis=( -0.388081 -0.832834 -0.394690)
     H    9    Vzz=    0.6404    axis=( -0.722766  0.540743 -0.430356)
     H    9  Q=         1.0000 1e-30 m^2  Cq=         1.5046 MHz  eta= 0.90571

     C   10    Vxx=    0.0130    axis=( -0.757217  0.460597  0.463112)
     C   10    Vyy=    0.5593    axis=( -0.563186 -0.819535 -0.105759)
     C   10    Vzz=   -0.5724    axis=(  0.330824 -0.340900  0.879967)
     C   10  Q=         1.0000 1e-30 m^2  Cq=        -1.3448 MHz  eta= 0.95441

     C   11    Vxx=   -0.0867    axis=( -0.304649  0.273991  0.912205)
     C   11    Vyy=   -0.7540    axis=(  0.937297  0.256480  0.235992)
     C   11    Vzz=    0.8407    axis=( -0.169302  0.926902 -0.334947)
     C   11  Q=         1.0000 1e-30 m^2  Cq=         1.9753 MHz  eta= 0.79365

     Cl  12    Vxx=   -0.9348    axis=( -0.872177  0.477184  0.107715)
     Cl  12    Vyy=   -2.8028    axis=(  0.090132 -0.059668  0.994141)
     Cl  12    Vzz=    3.7376    axis=( -0.480815 -0.876776 -0.009031)
     Cl  12  Q=        -8.1650 1e-30 m^2  Cq=       -71.7049 MHz  eta= 0.49979

     H   13    Vxx=    0.0589    axis=( -0.264578 -0.414652  0.870668)
     H   13    Vyy=    0.2800    axis=( -0.228064 -0.850327 -0.474268)
     H   13    Vzz=   -0.3390    axis=( -0.937009  0.324049 -0.130410)
     H   13  Q=         1.0000 1e-30 m^2  Cq=        -0.7964 MHz  eta= 0.65236

     C   14    Vxx=   -0.0213    axis=( -0.520823 -0.432990  0.735705)
     C   14    Vyy=   -0.9191    axis=( -0.850902  0.194037 -0.488176)
     C   14    Vzz=    0.9404    axis=( -0.068621  0.880266  0.469491)
     C   14  Q=         1.0000 1e-30 m^2  Cq=         2.2095 MHz  eta= 0.95476

     H   15    Vxx=    0.0507    axis=( -0.008267  0.843853 -0.536511)
     H   15    Vyy=    0.7036    axis=(  0.823341  0.310228  0.475257)
     H   15    Vzz=   -0.7543    axis=( -0.567487  0.437803  0.697343)
     H   15  Q=         1.0000 1e-30 m^2  Cq=        -1.7723 MHz  eta= 0.86550

     C   16    Vxx=    0.0580    axis=(  0.254012  0.270986  0.928464)
     C   16    Vyy=    0.3119    axis=(  0.955251 -0.220722 -0.196920)
     C   16    Vzz=   -0.3700    axis=(  0.151570  0.936936 -0.314925)
     C   16  Q=         1.0000 1e-30 m^2  Cq=        -0.8693 MHz  eta= 0.68621

     C   17    Vxx=   -0.0514    axis=( -0.449402 -0.379095  0.808903)
     C   17    Vyy=   -0.8104    axis=( -0.874994  0.369312 -0.313041)
     C   17    Vzz=    0.8618    axis=( -0.180065 -0.848466 -0.497676)
     C   17  Q=         1.0000 1e-30 m^2  Cq=         2.0249 MHz  eta= 0.88070

     Cl  18    Vxx=   -0.1424    axis=(  0.345392  0.509959  0.787811)
     Cl  18    Vyy=   -0.9099    axis=(  0.464563  0.636490 -0.615680)
     Cl  18    Vzz=    1.0524    axis=( -0.815405  0.578639 -0.017070)
     Cl  18  Q=        -8.1650 1e-30 m^2  Cq=       -20.1893 MHz  eta= 0.72930

     H   19    Vxx=   -0.0740    axis=( -0.982814 -0.184368 -0.009269)
     H   19    Vyy=   -0.5356    axis=( -0.130151  0.656444  0.743063)
     H   19    Vzz=    0.6096    axis=(  0.130912 -0.731499  0.669158)
     H   19  Q=         1.0000 1e-30 m^2  Cq=         1.4323 MHz  eta= 0.75725

     C   20    Vxx=    0.0845    axis=(  0.808741 -0.547148 -0.215796)
     C   20    Vyy=    0.4720    axis=(  0.583411  0.792814  0.176287)
     C   20    Vzz=   -0.5566    axis=(  0.074631 -0.268468  0.960393)
     C   20  Q=         1.0000 1e-30 m^2  Cq=        -1.3077 MHz  eta= 0.69628

     H   21    Vxx=   -0.0330    axis=( -0.506814 -0.200696  0.838368)
     H   21    Vyy=   -0.6481    axis=(  0.183328 -0.975368 -0.122666)
     H   21    Vzz=    0.6812    axis=(  0.842336  0.091528  0.531124)
     H   21  Q=         1.0000 1e-30 m^2  Cq=         1.6004 MHz  eta= 0.90307

     C   22    Vxx=   -0.0284    axis=( -0.122109  0.121046  0.985108)
     C   22    Vyy=   -0.8536    axis=(  0.985084  0.136024  0.105392)
     C   22    Vzz=    0.8820    axis=( -0.121241  0.983283 -0.135850)
     C   22  Q=         1.0000 1e-30 m^2  Cq=         2.0723 MHz  eta= 0.93565

     C   23    Vxx=   -0.0515    axis=(  0.854030 -0.387964 -0.346579)
     C   23    Vyy=   -0.7226    axis=( -0.192851  0.382638 -0.903547)
     C   23    Vzz=    0.7741    axis=(  0.483158  0.838494  0.251965)
     C   23  Q=         1.0000 1e-30 m^2  Cq=         1.8188 MHz  eta= 0.86685

     Cl  24    Vxx=   -1.4043    axis=(  0.905805 -0.353462 -0.233629)
     Cl  24    Vyy=   -1.7207    axis=( -0.230392  0.051859 -0.971715)
     Cl  24    Vzz=    3.1250    axis=(  0.355580  0.934010 -0.034461)
     Cl  24  Q=        -8.1650 1e-30 m^2  Cq=       -59.9507 MHz  eta= 0.10125

     Initialization:
     gipaw_setup  :      9.72s CPU     11.49s WALL (       1 calls)

     Linear response

     Apply operators

     Induced current

     Other routines
     efg          :     10.27s CPU     13.79s WALL (       1 calls)

     General routines
     calbec       :      3.79s CPU      5.24s WALL (      16 calls)
     fft          :      1.76s CPU      3.22s WALL (      15 calls)
     ffts         :      0.04s CPU      0.06s WALL (       2 calls)
     fftw         :      3.70s CPU      4.84s WALL (     672 calls)
     davcio       :      0.04s CPU      0.32s WALL (      32 calls)

     Parallel routines
     fft_scatter  :      2.64s CPU      5.12s WALL (     689 calls)

     Plugins

     GIPAW        :     64.34s CPU     79.01s WALL (       1 calls)
