
     Program QE v.6.0 (svn rev. 13079) starts on  6Jan2017 at 21: 0:31 

     This program is part of the open-source Quantum ESPRESSO suite
     for quantum simulation of materials; please cite
         "P. Giannozzi et al., J. Phys.:Condens. Matter 21 395502 (2009);
          URL http://www.quantum-espresso.org", 
     in publications or presentations arising from this work. More details at
     http://www.quantum-espresso.org/quote

     Parallel version (MPI), running on     8 processors
     R & G space division:  proc/nbgrp/npool/nimage =       8

     ***** This is GIPAW svn revision unknown      *****

     Parallelizing q-star over 1 images

     Reading data from directory:
     /users/majewski/paradichlorobenzene/pbe/9_constraint/scratch/pbe.ecut100.np8.dt60.pcl2phi-129368.save
     Message from routine read_xml_file:
     file /users/majewski/paradichlorobenzene/pbe/9_constraint/scratch/pbe.ecut100.np8.dt60.pcl2phi-129368.save not guaranteed to be safe for post-processing

   Info: using nr1, nr2, nr3 values from input

   Info: using nr1, nr2, nr3 values from input

     IMPORTANT: XC functional enforced from input :
     Exchange-correlation      =  SLA  PW   PBX  PBC ( 1  4  3  4 0 0)
     Any further DFT definition will be discarded
     Please, verify this is what you really want

               file C.pbe-n-kjpaw_psl.1.0.0.UPF: wavefunction(s)  2S 2P renormalized
               file Cl.pbe-n-kjpaw_psl.1.0.0.UPF: wavefunction(s)  3S 3P renormalized
               file H.pbe-kjpaw_psl.1.0.0.UPF: wavefunction(s)  1S renormalized

     Parallelization info
     --------------------
     sticks:   dense  smooth     PW     G-vecs:    dense   smooth      PW
     Min        3057    1223    332               144436    36536    5170
     Max        3059    1225    333               144437    36537    5171
     Sum       24467    9791   2657              1155489   292295   41363


     Subspace diagonalization in iterative solution of the eigenvalue problem:
     a serial algorithm will be used

     GIPAW projectors -----------------------------------------------
     atom=  C    l=0  rc=    1.2000  rs=    0.8000
     atom=  C    l=0  rc=    1.2000  rs=    0.8000
     atom=  C    l=1  rc=    1.4000  rs=    0.9333
     atom=  C    l=1  rc=    1.4000  rs=    0.9333
     projs nearly linearly dependent: l=1  n1,n2= 1, 2  s=  0.99951561

     atom=  Cl   l=0  rc=    1.6000  rs=    1.0667
     atom=  Cl   l=0  rc=    1.6000  rs=    1.0667
     atom=  Cl   l=1  rc=    1.6000  rs=    1.0667
     atom=  Cl   l=1  rc=    1.6000  rs=    1.0667
     atom=  Cl   l=2  rc=    1.6000  rs=    1.0667
     atom=  Cl   l=2  rc=    1.6000  rs=    1.0667
     projs nearly linearly dependent: l=2  n1,n2= 1, 2  s=  0.99993509

     atom=  H    l=0  rc=    1.0000  rs=    0.6667
     atom=  H    l=0  rc=    1.0000  rs=    0.6667
     projs nearly linearly dependent: l=0  n1,n2= 1, 2  s=  0.99968852
     -----------------------------------------------------------------

     GIPAW integrals: -------------------------------------------
     Atom  i/j   nmr_para   nmr_dia   epr_rmc  epr_para   epr_dia
       C   1 1   0.83E+03  0.17E-01  0.93E+01  0.24E+08  0.24E+03
       C   2 1   0.86E+03 -0.61E-01  0.94E+01  0.25E+08  0.25E+03
       C   2 2   0.90E+03 -0.15E+00  0.97E+01  0.26E+08  0.26E+03
       C   3 3   0.33E+01  0.34E+00  0.18E+01  0.55E+03  0.21E+02
       C   4 3   0.35E+01  0.37E+00  0.20E+01  0.59E+03  0.22E+02
       C   4 4   0.38E+01  0.39E+00  0.22E+01  0.63E+03  0.24E+02
       Cl  1 1   0.14E+04 -0.47E+00  0.84E+01  0.32E+09  0.42E+03
       Cl  2 1   0.21E+04 -0.37E+00  0.12E+02  0.49E+09  0.65E+03
       Cl  2 2   0.33E+04 -0.16E+00  0.21E+02  0.76E+09  0.10E+04
       Cl  3 3   0.21E+02  0.79E-01  0.89E+01  0.23E+05  0.13E+03
       Cl  4 3   0.24E+02  0.67E-01  0.99E+01  0.27E+05  0.15E+03
       Cl  4 4   0.28E+02  0.44E-01  0.11E+02  0.32E+05  0.18E+03
       Cl  5 5   0.77E+00  0.19E+00  0.18E+01  0.12E+03  0.22E+02
       Cl  6 5   0.80E+00  0.19E+00  0.19E+01  0.12E+03  0.23E+02
       Cl  6 6   0.83E+00  0.20E+00  0.19E+01  0.12E+03  0.23E+02
       H   1 1   0.39E+02  0.19E+00  0.29E+00  0.78E+05  0.13E+02
       H   2 1   0.41E+02  0.21E+00  0.32E+00  0.82E+05  0.14E+02
       H   2 2   0.43E+02  0.22E+00  0.36E+00  0.86E+05  0.15E+02
     ------------------------------------------------------------

     alpha_pv=     33.9987 eV

     Number of occupied bands for each k-point:
     k-point:     1    nbnd_occ=  42
     k-point:     2    nbnd_occ=  42
     k-point:     3    nbnd_occ=  42
     k-point:     4    nbnd_occ=  42
     k-point:     5    nbnd_occ=  42
     k-point:     6    nbnd_occ=  42
     k-point:     7    nbnd_occ=  42
     k-point:     8    nbnd_occ=  42
     k-point:     9    nbnd_occ=  42
     k-point:    10    nbnd_occ=  42
     k-point:    11    nbnd_occ=  42
     k-point:    12    nbnd_occ=  42
     k-point:    13    nbnd_occ=  42
     k-point:    14    nbnd_occ=  42
     k-point:    15    nbnd_occ=  42
     k-point:    16    nbnd_occ=  42


     q-space interpolation up to   110.00 Rydberg

     GIPAW job: efg                                                                             


     ELECTRIC FIELD GRADIENTS TENSORS IN Hartree/bohrradius^2:

     ----- bare term -----
     Cl   1       -0.224007        0.154367        0.057038
     Cl   1        0.154367       -0.017258       -0.163162
     Cl   1        0.057038       -0.163162        0.241265

     C    2        0.014696        0.009957       -0.599601
     C    2        0.009957       -0.081976       -0.487217
     C    2       -0.599601       -0.487217        0.067280

     C    3       -0.060099        0.454028       -0.179062
     C    3        0.454028       -0.330956       -0.503184
     C    3       -0.179062       -0.503184        0.391055

     H    4       -0.381078       -0.307466       -0.448138
     H    4       -0.307466        0.145782       -0.175807
     H    4       -0.448138       -0.175807        0.235296

     C    5       -0.261895        0.113279       -0.477747
     C    5        0.113279       -0.074011       -0.424619
     C    5       -0.477747       -0.424619        0.335905

     H    6        0.294263        0.085101        0.040713
     H    6        0.085101       -0.428321       -0.518085
     H    6        0.040713       -0.518085        0.134058

     H    7        0.098856       -0.325290       -0.171478
     H    7       -0.325290       -0.456682        0.231358
     H    7       -0.171478        0.231358        0.357826

     C    8       -0.295811        0.092710       -0.368423
     C    8        0.092710       -0.039215        0.475637
     C    8       -0.368423        0.475637        0.335026

     H    9       -0.354802        0.309534       -0.450017
     H    9        0.309534        0.147943        0.224537
     H    9       -0.450017        0.224537        0.206859

     C   10       -0.365993       -0.359817       -0.217029
     C   10       -0.359817       -0.061095        0.331988
     C   10       -0.217029        0.331988        0.427088

     C   11        0.011095        0.239734       -0.484910
     C   11        0.239734       -0.180773        0.567414
     C   11       -0.484910        0.567414        0.169677

     Cl  12       -0.153266       -0.165170       -0.150979
     Cl  12       -0.165170       -0.125422        0.043970
     Cl  12       -0.150979        0.043970        0.278687

     H   13        0.034618       -0.463500        0.065050
     H   13       -0.463500       -0.427972       -0.219229
     H   13        0.065050       -0.219229        0.393354

     C   14       -0.071103        0.391628       -0.225039
     C   14        0.391628       -0.318722       -0.188554
     C   14       -0.225039       -0.188554        0.389825

     H   15       -0.706028       -0.144555        0.123477
     H   15       -0.144555        0.409164       -0.129014
     H   15        0.123477       -0.129014        0.296863

     C   16        0.024520        0.009066       -0.384611
     C   16        0.009066       -0.212660       -0.416312
     C   16       -0.384611       -0.416312        0.188140

     C   17       -0.188789        0.310923       -0.312557
     C   17        0.310923       -0.157651       -0.510919
     C   17       -0.312557       -0.510919        0.346440

     Cl  18       -0.013324       -0.112861       -0.066406
     Cl  18       -0.112861       -0.020635        0.072787
     Cl  18       -0.066406        0.072787        0.033959

     H   19        0.432145        0.283660        0.082279
     H   19        0.283660       -0.674349       -0.037565
     H   19        0.082279       -0.037565        0.242204

     C   20       -0.171064       -0.426368       -0.344651
     C   20       -0.426368       -0.262003        0.335604
     C   20       -0.344651        0.335604        0.433067

     H   21       -0.545686        0.453466        0.032799
     H   21        0.453466        0.281231       -0.026464
     H   21        0.032799       -0.026464        0.264455

     C   22       -0.234042       -0.284178       -0.369676
     C   22       -0.284178       -0.130809        0.482985
     C   22       -0.369676        0.482985        0.364851

     C   23       -0.101220       -0.228011       -0.204237
     C   23       -0.228011       -0.263114        0.487867
     C   23       -0.204237        0.487867        0.364333

     Cl  24        0.039220       -0.065083        0.092679
     Cl  24       -0.065083       -0.014283       -0.089765
     Cl  24        0.092679       -0.089765       -0.024937

     ----- ionic term -----
     Cl   1        0.173639       -0.178741       -0.050118
     Cl   1       -0.178741       -0.055211        0.031149
     Cl   1       -0.050118        0.031149       -0.118429

     C    2        0.299840       -0.055183        0.168475
     C    2       -0.055183        0.072264        0.407049
     C    2        0.168475        0.407049       -0.372104

     C    3        0.155552       -0.137261        0.149764
     C    3       -0.137261        0.229780        0.390163
     C    3        0.149764        0.390163       -0.385332

     H    4        0.632905        0.475703        0.546944
     H    4        0.475703       -0.305315        0.281084
     H    4        0.546944        0.281084       -0.327590

     C    5        0.297152       -0.153756        0.206143
     C    5       -0.153756        0.112012        0.291261
     C    5        0.206143        0.291261       -0.409163

     H    6       -0.511420        0.071643        0.060140
     H    6        0.071643        0.750063        0.649253
     H    6        0.060140        0.649253       -0.238642

     H    7       -0.494756        0.092063       -0.032208
     H    7        0.092063        0.774266       -0.606095
     H    7       -0.032208       -0.606095       -0.279510

     C    8        0.339280        0.182676        0.300607
     C    8        0.182676        0.074961       -0.274194
     C    8        0.300607       -0.274194       -0.414242

     H    9        0.672994       -0.325692        0.641348
     H    9       -0.325692       -0.399206       -0.225002
     H    9        0.641348       -0.225002       -0.273788

     C   10        0.218999        0.217421        0.229293
     C   10        0.217421        0.179268       -0.326433
     C   10        0.229293       -0.326433       -0.398267

     C   11        0.171367        0.117243        0.263025
     C   11        0.117243        0.212696       -0.341884
     C   11        0.263025       -0.341884       -0.384063

     Cl  12        0.128171        0.199446        0.056075
     Cl  12        0.199446        0.022775        0.026404
     Cl  12        0.056075        0.026404       -0.150946

     H   13       -0.514180        0.111094        0.053600
     H   13        0.111094        0.588770        0.727371
     H   13        0.053600        0.727371       -0.074590

     C   14        0.301018       -0.128542        0.216107
     C   14       -0.128542        0.077466        0.300263
     C   14        0.216107        0.300263       -0.378484

     H   15        0.790152        0.229874        0.549920
     H   15        0.229874       -0.477815        0.158911
     H   15        0.549920        0.158911       -0.312337

     C   16        0.172057       -0.194169        0.184954
     C   16       -0.194169        0.203348        0.373594
     C   16        0.184954        0.373594       -0.375405

     C   17        0.153781       -0.086092        0.250464
     C   17       -0.086092        0.221427        0.403976
     C   17        0.250464        0.403976       -0.375208

     Cl  18        0.089305       -0.206765        0.000863
     Cl  18       -0.206765        0.071747       -0.001895
     Cl  18        0.000863       -0.001895       -0.161052

     H   19       -0.521922       -0.009755        0.009274
     H   19       -0.009755        0.876924       -0.533732
     H   19        0.009274       -0.533732       -0.355003

     C   20        0.282923        0.225366        0.212455
     C   20        0.225366        0.198272       -0.246736
     C   20        0.212455       -0.246736       -0.481195

     H   21        0.779500       -0.385592        0.485952
     H   21       -0.385592       -0.358687       -0.210494
     H   21        0.485952       -0.210494       -0.420813

     C   22        0.223755        0.256145        0.170265
     C   22        0.256145        0.280114       -0.311352
     C   22        0.170265       -0.311352       -0.503869

     C   23        0.261787        0.097294        0.315210
     C   23        0.097294        0.157919       -0.354930
     C   23        0.315210       -0.354930       -0.419706

     Cl  24        0.177433        0.204822        0.015217
     Cl  24        0.204822       -0.013018        0.006011
     Cl  24        0.015217        0.006011       -0.164415

     ----- GIPAW term -----
     Cl   1       -0.209159       -1.668795        0.471957
     Cl   1       -1.668795       -0.064757       -1.557497
     Cl   1        0.471957       -1.557497        0.273916

     C    2        0.198609        0.010712       -0.188488
     C    2        0.010712       -0.056413       -0.106406
     C    2       -0.188488       -0.106406       -0.142195

     C    3        0.039202        0.113849       -0.046917
     C    3        0.113849       -0.066630       -0.080659
     C    3       -0.046917       -0.080659        0.027429

     H    4       -0.000000        0.000000        0.000000
     H    4        0.000000        0.000000        0.000000
     H    4        0.000000        0.000000        0.000000

     C    5        0.034889        0.017073       -0.146737
     C    5        0.017073       -0.081574       -0.092426
     C    5       -0.146737       -0.092426        0.046685

     H    6       -0.000000        0.000000        0.000000
     H    6        0.000000        0.000000        0.000000
     H    6        0.000000        0.000000        0.000000

     H    7       -0.000000        0.000000        0.000000
     H    7        0.000000        0.000000        0.000000
     H    7        0.000000        0.000000        0.000000

     C    8        0.037502        0.103621        0.030886
     C    8        0.103621       -0.057537        0.132663
     C    8        0.030886        0.132663        0.020034

     H    9       -0.000000        0.000000        0.000000
     H    9        0.000000        0.000000        0.000000
     H    9        0.000000        0.000000        0.000000

     C   10       -0.072017        0.039510       -0.049815
     C   10        0.039510        0.070475        0.020828
     C   10       -0.049815        0.020828        0.001541

     C   11        0.117927        0.236515       -0.128016
     C   11        0.236515       -0.026870        0.053437
     C   11       -0.128016        0.053437       -0.091057

     Cl  12        0.088626        1.116972       -1.674177
     Cl  12        1.116972       -1.254096        0.517663
     Cl  12       -1.674177        0.517663        1.165470

     H   13       -0.000000        0.000000        0.000000
     H   13        0.000000        0.000000        0.000000
     H   13        0.000000        0.000000        0.000000

     C   14        0.107470        0.120732       -0.147678
     C   14        0.120732       -0.121298       -0.069374
     C   14       -0.147678       -0.069374        0.013828

     H   15       -0.000000        0.000000        0.000000
     H   15        0.000000        0.000000        0.000000
     H   15        0.000000        0.000000        0.000000

     C   16        0.114854        0.034939       -0.216404
     C   16        0.034939       -0.102467       -0.076552
     C   16       -0.216404       -0.076552       -0.012387

     C   17        0.053001        0.046226       -0.200324
     C   17        0.046226       -0.091296       -0.149850
     C   17       -0.200324       -0.149850        0.038295

     Cl  18        1.079310       -2.811593       -0.666032
     Cl  18       -2.811593       -0.112521        0.660263
     Cl  18       -0.666032        0.660263       -0.966789

     H   19       -0.000000        0.000000        0.000000
     H   19        0.000000        0.000000        0.000000
     H   19        0.000000        0.000000        0.000000

     C   20        0.072770       -0.154682       -0.176294
     C   20       -0.154682       -0.118957        0.120179
     C   20       -0.176294        0.120179        0.046187

     H   21       -0.000000        0.000000        0.000000
     H   21        0.000000        0.000000        0.000000
     H   21        0.000000        0.000000        0.000000

     C   22       -0.038540       -0.110810       -0.168579
     C   22       -0.110810       -0.004763        0.138955
     C   22       -0.168579        0.138955        0.043303

     C   23        0.099725        0.083576        0.014212
     C   23        0.083576       -0.073204        0.073261
     C   23        0.014212        0.073261       -0.026520

     Cl  24        1.731531        1.346772        0.960597
     Cl  24        1.346772       -0.190482       -0.735694
     Cl  24        0.960597       -0.735694       -1.541048

     ----- total EFG -----
     Cl   1       -0.259526       -1.693170        0.478876
     Cl   1       -1.693170       -0.137226       -1.689510
     Cl   1        0.478876       -1.689510        0.396752

     C    2        0.513145       -0.034515       -0.619613
     C    2       -0.034515       -0.066126       -0.186574
     C    2       -0.619613       -0.186574       -0.447019

     C    3        0.134654        0.430616       -0.076214
     C    3        0.430616       -0.167806       -0.193680
     C    3       -0.076214       -0.193680        0.033152

     H    4        0.251827        0.168236        0.098806
     H    4        0.168236       -0.159534        0.105277
     H    4        0.098806        0.105277       -0.092293

     C    5        0.070146       -0.023405       -0.418341
     C    5       -0.023405       -0.043573       -0.225784
     C    5       -0.418341       -0.225784       -0.026573

     H    6       -0.217157        0.156743        0.100853
     H    6        0.156743        0.321741        0.131168
     H    6        0.100853        0.131168       -0.104584

     H    7       -0.395900       -0.233228       -0.203686
     H    7       -0.233228        0.317583       -0.374737
     H    7       -0.203686       -0.374737        0.078316

     C    8        0.080972        0.379007       -0.036930
     C    8        0.379007       -0.021790        0.334107
     C    8       -0.036930        0.334107       -0.059182

     H    9        0.318192       -0.016158        0.191331
     H    9       -0.016158       -0.251262       -0.000465
     H    9        0.191331       -0.000465       -0.066929

     C   10       -0.219011       -0.102886       -0.037551
     C   10       -0.102886        0.188649        0.026383
     C   10       -0.037551        0.026383        0.030363

     C   11        0.300389        0.593492       -0.349902
     C   11        0.593492        0.005054        0.278968
     C   11       -0.349902        0.278968       -0.305443

     Cl  12        0.063531        1.151248       -1.769081
     Cl  12        1.151248       -1.356742        0.588037
     Cl  12       -1.769081        0.588037        1.293211

     H   13       -0.479562       -0.352406        0.118650
     H   13       -0.352406        0.160798        0.508142
     H   13        0.118650        0.508142        0.318764

     C   14        0.337385        0.383818       -0.156609
     C   14        0.383818       -0.362554        0.042335
     C   14       -0.156609        0.042335        0.025169

     H   15        0.084124        0.085319        0.673397
     H   15        0.085319       -0.068651        0.029898
     H   15        0.673397        0.029898       -0.015473

     C   16        0.311431       -0.150164       -0.416061
     C   16       -0.150164       -0.111778       -0.119270
     C   16       -0.416061       -0.119270       -0.199652

     C   17        0.017993        0.271058       -0.262416
     C   17        0.271058       -0.027520       -0.256793
     C   17       -0.262416       -0.256793        0.009527

     Cl  18        1.155291       -3.131219       -0.731574
     Cl  18       -3.131219       -0.061408        0.731154
     Cl  18       -0.731574        0.731154       -1.093882

     H   19       -0.089777        0.273905        0.091553
     H   19        0.273905        0.202575       -0.571297
     H   19        0.091553       -0.571297       -0.112798

     C   20        0.184629       -0.355684       -0.308491
     C   20       -0.355684       -0.182688        0.209047
     C   20       -0.308491        0.209047       -0.001941

     H   21        0.233813        0.067874        0.518751
     H   21        0.067874       -0.077455       -0.236958
     H   21        0.518751       -0.236958       -0.156358

     C   22       -0.048827       -0.138842       -0.367990
     C   22       -0.138842        0.144543        0.310588
     C   22       -0.367990        0.310588       -0.095716

     C   23        0.260292       -0.047141        0.125184
     C   23       -0.047141       -0.178399        0.206198
     C   23        0.125184        0.206198       -0.081893

     Cl  24        1.948184        1.486510        1.068494
     Cl  24        1.486510       -0.217784       -0.819448
     Cl  24        1.068494       -0.819448       -1.730400

     ----- total EFG (symmetrized) -----
     Cl   1       -0.259526       -1.693170        0.478876
     Cl   1       -1.693170       -0.137226       -1.689510
     Cl   1        0.478876       -1.689510        0.396752

     C    2        0.513145       -0.034515       -0.619613
     C    2       -0.034515       -0.066126       -0.186574
     C    2       -0.619613       -0.186574       -0.447019

     C    3        0.134654        0.430616       -0.076214
     C    3        0.430616       -0.167806       -0.193680
     C    3       -0.076214       -0.193680        0.033152

     H    4        0.251827        0.168236        0.098806
     H    4        0.168236       -0.159534        0.105277
     H    4        0.098806        0.105277       -0.092293

     C    5        0.070146       -0.023405       -0.418341
     C    5       -0.023405       -0.043573       -0.225784
     C    5       -0.418341       -0.225784       -0.026573

     H    6       -0.217157        0.156743        0.100853
     H    6        0.156743        0.321741        0.131168
     H    6        0.100853        0.131168       -0.104584

     H    7       -0.395900       -0.233228       -0.203686
     H    7       -0.233228        0.317583       -0.374737
     H    7       -0.203686       -0.374737        0.078316

     C    8        0.080972        0.379007       -0.036930
     C    8        0.379007       -0.021790        0.334107
     C    8       -0.036930        0.334107       -0.059182

     H    9        0.318192       -0.016158        0.191331
     H    9       -0.016158       -0.251262       -0.000465
     H    9        0.191331       -0.000465       -0.066929

     C   10       -0.219011       -0.102886       -0.037551
     C   10       -0.102886        0.188649        0.026383
     C   10       -0.037551        0.026383        0.030363

     C   11        0.300389        0.593492       -0.349902
     C   11        0.593492        0.005054        0.278968
     C   11       -0.349902        0.278968       -0.305443

     Cl  12        0.063531        1.151248       -1.769081
     Cl  12        1.151248       -1.356742        0.588037
     Cl  12       -1.769081        0.588037        1.293211

     H   13       -0.479562       -0.352406        0.118650
     H   13       -0.352406        0.160798        0.508142
     H   13        0.118650        0.508142        0.318764

     C   14        0.337385        0.383818       -0.156609
     C   14        0.383818       -0.362554        0.042335
     C   14       -0.156609        0.042335        0.025169

     H   15        0.084124        0.085319        0.673397
     H   15        0.085319       -0.068651        0.029898
     H   15        0.673397        0.029898       -0.015473

     C   16        0.311431       -0.150164       -0.416061
     C   16       -0.150164       -0.111778       -0.119270
     C   16       -0.416061       -0.119270       -0.199652

     C   17        0.017993        0.271058       -0.262416
     C   17        0.271058       -0.027520       -0.256793
     C   17       -0.262416       -0.256793        0.009527

     Cl  18        1.155291       -3.131219       -0.731574
     Cl  18       -3.131219       -0.061408        0.731154
     Cl  18       -0.731574        0.731154       -1.093882

     H   19       -0.089777        0.273905        0.091553
     H   19        0.273905        0.202575       -0.571297
     H   19        0.091553       -0.571297       -0.112798

     C   20        0.184629       -0.355684       -0.308491
     C   20       -0.355684       -0.182688        0.209047
     C   20       -0.308491        0.209047       -0.001941

     H   21        0.233813        0.067874        0.518751
     H   21        0.067874       -0.077455       -0.236958
     H   21        0.518751       -0.236958       -0.156358

     C   22       -0.048827       -0.138842       -0.367990
     C   22       -0.138842        0.144543        0.310588
     C   22       -0.367990        0.310588       -0.095716

     C   23        0.260292       -0.047141        0.125184
     C   23       -0.047141       -0.178399        0.206198
     C   23        0.125184        0.206198       -0.081893

     Cl  24        1.948184        1.486510        1.068494
     Cl  24        1.486510       -0.217784       -0.819448
     Cl  24        1.068494       -0.819448       -1.730400


     NQR/NMR SPECTROSCOPIC PARAMETERS:
     Cl   1    Vxx=   -0.4043    axis=(  0.687777 -0.142524 -0.711793)
     Cl   1    Vyy=   -2.2371    axis=( -0.547097 -0.746244 -0.379216)
     Cl   1    Vzz=    2.6414    axis=( -0.477125  0.650236 -0.591224)
     Cl   1  Q=        -8.1650 1e-30 m^2  Cq=       -50.6731 MHz  eta= 0.69390

     C    2    Vxx=   -0.0233    axis=(  0.159957 -0.968187  0.192428)
     C    2    Vyy=   -0.7966    axis=( -0.420037 -0.243168 -0.874321)
     C    2    Vzz=    0.8199    axis=(  0.893299  0.059026 -0.445571)
     C    2  Q=         1.0000 1e-30 m^2  Cq=         1.9265 MHz  eta= 0.94306

     C    3    Vxx=   -0.0069    axis=(  0.417394  0.023579  0.908420)
     C    3    Vyy=   -0.4990    axis=( -0.529640  0.818627  0.222107)
     C    3    Vzz=    0.5059    axis=( -0.738420 -0.573841  0.354178)
     C    3  Q=         1.0000 1e-30 m^2  Cq=         1.1885 MHz  eta= 0.97274

     H    4    Vxx=   -0.0971    axis=( -0.404601  0.340812  0.848614)
     H    4    Vyy=   -0.2527    axis=( -0.203048  0.871318 -0.446739)
     H    4    Vzz=    0.3498    axis=( -0.891667 -0.353061 -0.283335)
     H    4  Q=         1.0000 1e-30 m^2  Cq=         0.8220 MHz  eta= 0.44476

     C    5    Vxx=    0.0012    axis=(  0.464719 -0.876501  0.125629)
     C    5    Vyy=    0.4793    axis=(  0.682145  0.263933 -0.681922)
     C    5    Vzz=   -0.4805    axis=(  0.564547  0.402599  0.720556)
     C    5  Q=         1.0000 1e-30 m^2  Cq=        -1.1290 MHz  eta= 0.99501

     H    6    Vxx=   -0.1232    axis=(  0.319657 -0.369770  0.872405)
     H    6    Vyy=   -0.2868    axis=(  0.906591 -0.148368 -0.395069)
     H    6    Vzz=    0.4100    axis=(  0.275521  0.917201  0.287803)
     H    6  Q=         1.0000 1e-30 m^2  Cq=         0.9633 MHz  eta= 0.39887

     H    7    Vxx=    0.0198    axis=( -0.578951  0.423444  0.696786)
     H    7    Vyy=    0.5966    axis=(  0.077452 -0.822147  0.563981)
     H    7    Vzz=   -0.6164    axis=( -0.811676 -0.380485 -0.443186)
     H    7  Q=         1.0000 1e-30 m^2  Cq=        -1.4484 MHz  eta= 0.93568

     C    8    Vxx=    0.0375    axis=( -0.641060  0.147011  0.753279)
     C    8    Vyy=    0.4920    axis=(  0.607883  0.696423  0.381410)
     C    8    Vzz=   -0.5295    axis=( -0.468530  0.702412 -0.535814)
     C    8  Q=         1.0000 1e-30 m^2  Cq=        -1.2440 MHz  eta= 0.85853

     H    9    Vxx=   -0.1455    axis=( -0.379261  0.053889  0.923719)
     H    9    Vyy=   -0.2519    axis=( -0.042045 -0.998275  0.040976)
     H    9    Vzz=    0.3974    axis=(  0.924334 -0.023297  0.380873)
     H    9  Q=         1.0000 1e-30 m^2  Cq=         0.9338 MHz  eta= 0.26774

     C   10    Vxx=    0.0274    axis=( -0.064875 -0.201333  0.977372)
     C   10    Vyy=    0.2195    axis=(  0.239323 -0.953990 -0.180631)
     C   10    Vzz=   -0.2469    axis=(  0.968770  0.222190  0.110073)
     C   10  Q=         1.0000 1e-30 m^2  Cq=        -0.5801 MHz  eta= 0.77786

     C   11    Vxx=    0.0510    axis=( -0.310698  0.576220  0.755935)
     C   11    Vyy=    0.7759    axis=( -0.806501 -0.580690  0.111157)
     C   11    Vzz=   -0.8270    axis=(  0.503014 -0.575126  0.645141)
     C   11  Q=         1.0000 1e-30 m^2  Cq=        -1.9430 MHz  eta= 0.87661

     Cl  12    Vxx=   -0.0005    axis=(  0.565870  0.681535  0.464006)
     Cl  12    Vyy=   -2.5609    axis=(  0.572272 -0.729799  0.374030)
     Cl  12    Vzz=    2.5614    axis=(  0.593546  0.053885 -0.802994)
     Cl  12  Q=        -8.1650 1e-30 m^2  Cq=       -49.1391 MHz  eta= 0.99959

     H   13    Vxx=   -0.0259    axis=(  0.581536 -0.545310  0.603699)
     H   13    Vyy=   -0.7451    axis=( -0.804413 -0.496172  0.326699)
     H   13    Vzz=    0.7711    axis=( -0.121386  0.675611  0.727197)
     H   13  Q=         1.0000 1e-30 m^2  Cq=         1.8117 MHz  eta= 0.93272

     C   14    Vxx=    0.0121    axis=(  0.150263  0.261666  0.953390)
     C   14    Vyy=    0.5384    axis=( -0.896496 -0.370482  0.242978)
     C   14    Vzz=   -0.5506    axis=(  0.416793 -0.891220  0.178913)
     C   14  Q=         1.0000 1e-30 m^2  Cq=        -1.2936 MHz  eta= 0.95602

     H   15    Vxx=   -0.0751    axis=(  0.033635 -0.992468  0.117793)
     H   15    Vyy=   -0.6432    axis=( -0.682004  0.063362  0.728599)
     H   15    Vzz=    0.7183    axis=(  0.730575  0.104842  0.674736)
     H   15  Q=         1.0000 1e-30 m^2  Cq=         1.6877 MHz  eta= 0.79092

     C   16    Vxx=   -0.0405    axis=(  0.101656 -0.905181  0.412691)
     C   16    Vyy=   -0.5120    axis=(  0.469827  0.409345  0.782112)
     C   16    Vzz=    0.5525    axis=( -0.876886  0.114387  0.466891)
     C   16  Q=         1.0000 1e-30 m^2  Cq=         1.2983 MHz  eta= 0.85327

     C   17    Vxx=   -0.2476    axis=(  0.612361  0.151223  0.775981)
     C   17    Vyy=   -0.2798    axis=(  0.520625 -0.815790 -0.251867)
     C   17    Vzz=    0.5274    axis=(  0.594949  0.558228 -0.578288)
     C   17  Q=         1.0000 1e-30 m^2  Cq=         1.2392 MHz  eta= 0.06103

     Cl  18    Vxx=   -1.2972    axis=(  0.199850 -0.071780  0.977194)
     Cl  18    Vyy=   -2.6498    axis=( -0.625654 -0.776873  0.070890)
     Cl  18    Vzz=    3.9471    axis=(  0.754067 -0.625552 -0.200167)
     Cl  18  Q=        -8.1650 1e-30 m^2  Cq=       -75.7223 MHz  eta= 0.34270

     H   19    Vxx=   -0.0215    axis=(  0.888542  0.069929  0.453435)
     H   19    Vyy=   -0.6528    axis=( -0.402252  0.594054  0.696630)
     H   19    Vzz=    0.6743    axis=( -0.220650 -0.801380  0.555971)
     H   19  Q=         1.0000 1e-30 m^2  Cq=         1.5844 MHz  eta= 0.93623

     C   20    Vxx=   -0.2223    axis=(  0.481466 -0.191082  0.855382)
     C   20    Vyy=   -0.4008    axis=( -0.486647 -0.869967  0.079578)
     C   20    Vzz=    0.6231    axis=(  0.728948 -0.454583 -0.511849)
     C   20  Q=         1.0000 1e-30 m^2  Cq=         1.4639 MHz  eta= 0.28649

     H   21    Vxx=    0.0146    axis=(  0.329735  0.908085 -0.258180)
     H   21    Vyy=    0.6028    axis=( -0.800792  0.124190 -0.585926)
     H   21    Vzz=   -0.6174    axis=( -0.500007  0.399949  0.768136)
     H   21  Q=         1.0000 1e-30 m^2  Cq=        -1.4507 MHz  eta= 0.95283

     C   22    Vxx=   -0.0741    axis=(  0.635064  0.736103 -0.234192)
     C   22    Vyy=   -0.4761    axis=( -0.581681  0.256224 -0.772008)
     C   22    Vzz=    0.5501    axis=( -0.508272  0.626500  0.590896)
     C   22  Q=         1.0000 1e-30 m^2  Cq=         1.2926 MHz  eta= 0.73077

     C   23    Vxx=    0.0612    axis=( -0.283663  0.656960  0.698526)
     C   23    Vyy=    0.3022    axis=(  0.941132  0.051059  0.334162)
     C   23    Vzz=   -0.3634    axis=(  0.183865  0.752195 -0.632769)
     C   23  Q=         1.0000 1e-30 m^2  Cq=        -0.8538 MHz  eta= 0.66317

     Cl  24    Vxx=   -0.1205    axis=( -0.263830  0.777498 -0.570868)
     Cl  24    Vyy=   -2.6656    axis=( -0.341463  0.478228  0.809136)
     Cl  24    Vzz=    2.7862    axis=( -0.902107 -0.408405 -0.139316)
     Cl  24  Q=        -8.1650 1e-30 m^2  Cq=       -53.4513 MHz  eta= 0.91348

     Initialization:
     gipaw_setup  :      9.13s CPU     10.80s WALL (       1 calls)

     Linear response

     Apply operators

     Induced current

     Other routines
     efg          :      9.24s CPU     11.65s WALL (       1 calls)

     General routines
     calbec       :      3.24s CPU      4.17s WALL (      16 calls)
     fft          :      1.60s CPU      2.54s WALL (      15 calls)
     ffts         :      0.04s CPU      0.05s WALL (       2 calls)
     fftw         :      3.28s CPU      4.03s WALL (     672 calls)
     davcio       :      0.01s CPU      0.35s WALL (      32 calls)

     Parallel routines
     fft_scatter  :      2.14s CPU      3.76s WALL (     689 calls)

     Plugins

     GIPAW        :     61.21s CPU     74.87s WALL (       1 calls)
