
     Program QE v.6.0 (svn rev. 13079) starts on 15Jan2017 at 20:50:35 

     This program is part of the open-source Quantum ESPRESSO suite
     for quantum simulation of materials; please cite
         "P. Giannozzi et al., J. Phys.:Condens. Matter 21 395502 (2009);
          URL http://www.quantum-espresso.org", 
     in publications or presentations arising from this work. More details at
     http://www.quantum-espresso.org/quote

     Parallel version (MPI), running on     8 processors
     R & G space division:  proc/nbgrp/npool/nimage =       8

     ***** This is GIPAW svn revision unknown      *****

     Parallelizing q-star over 1 images

     Reading data from directory:
     /users/majewski/paradichlorobenzene/pbe/9_constraint/scratch/pbe.ecut100.np8.dt60.pcl2phi-129368.save
     Message from routine read_xml_file:
     file /users/majewski/paradichlorobenzene/pbe/9_constraint/scratch/pbe.ecut100.np8.dt60.pcl2phi-129368.save not guaranteed to be safe for post-processing

   Info: using nr1, nr2, nr3 values from input

   Info: using nr1, nr2, nr3 values from input

     IMPORTANT: XC functional enforced from input :
     Exchange-correlation      =  SLA  PW   PBX  PBC ( 1  4  3  4 0 0)
     Any further DFT definition will be discarded
     Please, verify this is what you really want

               file C.pbe-n-kjpaw_psl.1.0.0.UPF: wavefunction(s)  2S 2P renormalized
               file Cl.pbe-n-kjpaw_psl.1.0.0.UPF: wavefunction(s)  3S 3P renormalized
               file H.pbe-kjpaw_psl.1.0.0.UPF: wavefunction(s)  1S renormalized

     Parallelization info
     --------------------
     sticks:   dense  smooth     PW     G-vecs:    dense   smooth      PW
     Min        3057    1223    332               144436    36536    5170
     Max        3059    1225    333               144437    36537    5171
     Sum       24467    9791   2657              1155489   292295   41363


     Subspace diagonalization in iterative solution of the eigenvalue problem:
     a serial algorithm will be used

     GIPAW projectors -----------------------------------------------
     atom=  C    l=0  rc=    1.2000  rs=    0.8000
     atom=  C    l=0  rc=    1.2000  rs=    0.8000
     atom=  C    l=1  rc=    1.4000  rs=    0.9333
     atom=  C    l=1  rc=    1.4000  rs=    0.9333
     projs nearly linearly dependent: l=1  n1,n2= 1, 2  s=  0.99951561

     atom=  Cl   l=0  rc=    1.6000  rs=    1.0667
     atom=  Cl   l=0  rc=    1.6000  rs=    1.0667
     atom=  Cl   l=1  rc=    1.6000  rs=    1.0667
     atom=  Cl   l=1  rc=    1.6000  rs=    1.0667
     atom=  Cl   l=2  rc=    1.6000  rs=    1.0667
     atom=  Cl   l=2  rc=    1.6000  rs=    1.0667
     projs nearly linearly dependent: l=2  n1,n2= 1, 2  s=  0.99993509

     atom=  H    l=0  rc=    1.0000  rs=    0.6667
     atom=  H    l=0  rc=    1.0000  rs=    0.6667
     projs nearly linearly dependent: l=0  n1,n2= 1, 2  s=  0.99968852
     -----------------------------------------------------------------

     GIPAW integrals: -------------------------------------------
     Atom  i/j   nmr_para   nmr_dia   epr_rmc  epr_para   epr_dia
       C   1 1   0.83E+03  0.17E-01  0.93E+01  0.24E+08  0.24E+03
       C   2 1   0.86E+03 -0.61E-01  0.94E+01  0.25E+08  0.25E+03
       C   2 2   0.90E+03 -0.15E+00  0.97E+01  0.26E+08  0.26E+03
       C   3 3   0.33E+01  0.34E+00  0.18E+01  0.55E+03  0.21E+02
       C   4 3   0.35E+01  0.37E+00  0.20E+01  0.59E+03  0.22E+02
       C   4 4   0.38E+01  0.39E+00  0.22E+01  0.63E+03  0.24E+02
       Cl  1 1   0.14E+04 -0.47E+00  0.84E+01  0.32E+09  0.42E+03
       Cl  2 1   0.21E+04 -0.37E+00  0.12E+02  0.49E+09  0.65E+03
       Cl  2 2   0.33E+04 -0.16E+00  0.21E+02  0.76E+09  0.10E+04
       Cl  3 3   0.21E+02  0.79E-01  0.89E+01  0.23E+05  0.13E+03
       Cl  4 3   0.24E+02  0.67E-01  0.99E+01  0.27E+05  0.15E+03
       Cl  4 4   0.28E+02  0.44E-01  0.11E+02  0.32E+05  0.18E+03
       Cl  5 5   0.77E+00  0.19E+00  0.18E+01  0.12E+03  0.22E+02
       Cl  6 5   0.80E+00  0.19E+00  0.19E+01  0.12E+03  0.23E+02
       Cl  6 6   0.83E+00  0.20E+00  0.19E+01  0.12E+03  0.23E+02
       H   1 1   0.39E+02  0.19E+00  0.29E+00  0.78E+05  0.13E+02
       H   2 1   0.41E+02  0.21E+00  0.32E+00  0.82E+05  0.14E+02
       H   2 2   0.43E+02  0.22E+00  0.36E+00  0.86E+05  0.15E+02
     ------------------------------------------------------------

     alpha_pv=     34.3504 eV

     Number of occupied bands for each k-point:
     k-point:     1    nbnd_occ=  42
     k-point:     2    nbnd_occ=  42
     k-point:     3    nbnd_occ=  42
     k-point:     4    nbnd_occ=  42
     k-point:     5    nbnd_occ=  42
     k-point:     6    nbnd_occ=  42
     k-point:     7    nbnd_occ=  42
     k-point:     8    nbnd_occ=  42
     k-point:     9    nbnd_occ=  42
     k-point:    10    nbnd_occ=  42
     k-point:    11    nbnd_occ=  42
     k-point:    12    nbnd_occ=  42
     k-point:    13    nbnd_occ=  42
     k-point:    14    nbnd_occ=  42
     k-point:    15    nbnd_occ=  42
     k-point:    16    nbnd_occ=  42


     q-space interpolation up to   110.00 Rydberg

     GIPAW job: efg                                                                             


     ELECTRIC FIELD GRADIENTS TENSORS IN Hartree/bohrradius^2:

     ----- bare term -----
     Cl   1       -0.000328        0.253153       -0.082611
     Cl   1        0.253153        0.126212        0.120645
     Cl   1       -0.082611        0.120645       -0.125884

     C    2       -0.129058       -0.160804       -0.211761
     C    2       -0.160804       -0.010643       -0.403491
     C    2       -0.211761       -0.403491        0.139701

     C    3       -0.207120        0.181377       -0.243610
     C    3        0.181377       -0.042140       -0.298597
     C    3       -0.243610       -0.298597        0.249260

     H    4       -0.599768       -0.299816        0.197763
     H    4       -0.299816        0.365020       -0.030921
     H    4        0.197763       -0.030921        0.234748

     C    5        0.065221        0.527148        0.076259
     C    5        0.527148       -0.422453       -0.374905
     C    5        0.076259       -0.374905        0.357232

     H    6       -0.000851       -0.436525       -0.220212
     H    6       -0.436525       -0.256236       -0.374983
     H    6       -0.220212       -0.374983        0.257087

     H    7       -0.077391        0.097553       -0.144595
     H    7        0.097553       -0.284331        0.494350
     H    7       -0.144595        0.494350        0.361722

     C    8       -0.549244       -0.306255       -0.270253
     C    8       -0.306255        0.159323        0.134705
     C    8       -0.270253        0.134705        0.389921

     H    9       -0.281365       -0.269287       -0.467720
     H    9       -0.269287        0.020368       -0.005764
     H    9       -0.467720       -0.005764        0.260997

     C   10        0.060685        0.224697       -0.346412
     C   10        0.224697       -0.114397        0.630185
     C   10       -0.346412        0.630185        0.053712

     C   11       -0.709841       -0.402244       -0.351482
     C   11       -0.402244        0.354785        0.138168
     C   11       -0.351482        0.138168        0.355056

     Cl  12        0.055684       -0.058524       -0.021297
     Cl  12       -0.058524       -0.013582       -0.010700
     Cl  12       -0.021297       -0.010700       -0.042102

     H   13        0.405294        0.094904       -0.229432
     H   13        0.094904        0.090864       -0.145074
     H   13       -0.229432       -0.145074       -0.496158

     C   14       -0.438228        0.328566        0.029666
     C   14        0.328566        0.183984       -0.037083
     C   14        0.029666       -0.037083        0.254244

     H   15       -0.206937        0.289590       -0.381309
     H   15        0.289590       -0.149914       -0.180564
     H   15       -0.381309       -0.180564        0.356852

     C   16        0.255586        0.123494       -0.101165
     C   16        0.123494       -0.351916       -0.621423
     C   16       -0.101165       -0.621423        0.096330

     C   17       -0.699539        0.272763       -0.337073
     C   17        0.272763        0.267544       -0.141454
     C   17       -0.337073       -0.141454        0.431994

     Cl  18        0.352823       -0.044903       -0.206401
     Cl  18       -0.044903        0.178877       -0.502691
     Cl  18       -0.206401       -0.502691       -0.531700

     H   19        0.452257        0.155081        0.001114
     H   19        0.155081       -0.805807        0.012551
     H   19        0.001114        0.012551        0.353550

     C   20       -0.113058       -0.046846       -0.223457
     C   20       -0.046846        0.043079        0.473579
     C   20       -0.223457        0.473579        0.069979

     H   21       -0.386813        0.441253       -0.297404
     H   21        0.441253        0.088813        0.089206
     H   21       -0.297404        0.089206        0.298000

     C   22       -0.630986       -0.346835       -0.194136
     C   22       -0.346835        0.257625        0.301041
     C   22       -0.194136        0.301041        0.373361

     C   23        0.047006        0.349994       -0.502093
     C   23        0.349994       -0.156300        0.597452
     C   23       -0.502093        0.597452        0.109293

     Cl  24       -0.240035       -0.191104        0.014667
     Cl  24       -0.191104        0.107830        0.049480
     Cl  24        0.014667        0.049480        0.132204

     ----- ionic term -----
     Cl   1        0.064870       -0.200355       -0.034560
     Cl   1       -0.200355        0.077778        0.043077
     Cl   1       -0.034560        0.043077       -0.142647

     C    2        0.258408       -0.162353        0.242540
     C    2       -0.162353        0.030218        0.391443
     C    2        0.242540        0.391443       -0.288626

     C    3        0.241579       -0.221207        0.052837
     C    3       -0.221207        0.066139        0.436906
     C    3        0.052837        0.436906       -0.307718

     H    4        0.930512        0.153620        0.467005
     H    4        0.153620       -0.535410        0.134472
     H    4        0.467005        0.134472       -0.395102

     C    5        0.354490       -0.169449        0.068677
     C    5       -0.169449        0.009351        0.376960
     C    5        0.068677        0.376960       -0.363841

     H    6       -0.506915        0.210902        0.113397
     H    6        0.210902        0.597444        0.768854
     H    6        0.113397        0.768854       -0.090529

     H    7       -0.485221       -0.235004        0.118459
     H    7       -0.235004        0.701410       -0.634803
     H    7        0.118459       -0.634803       -0.216189

     C    8        0.273335        0.171494        0.295466
     C    8        0.171494        0.093745       -0.257901
     C    8        0.295466       -0.257901       -0.367080

     H    9        0.559627       -0.196689        0.726187
     H    9       -0.196689       -0.440495       -0.186345
     H    9        0.726187       -0.186345       -0.119132

     C   10        0.105392        0.220800        0.231275
     C   10        0.220800        0.220401       -0.355846
     C   10        0.231275       -0.355846       -0.325793

     C   11        0.186438        0.130490        0.269968
     C   11        0.130490        0.180868       -0.377434
     C   11        0.269968       -0.377434       -0.367306

     Cl  12        0.127231        0.212064        0.009716
     Cl  12        0.212064        0.032015       -0.000591
     Cl  12        0.009716       -0.000591       -0.159247

     H   13       -0.514352        0.194494        0.180183
     H   13        0.194494        0.373053        0.830012
     H   13        0.180183        0.830012        0.141299

     C   14        0.299019       -0.196458        0.148121
     C   14       -0.196458       -0.066897        0.396809
     C   14        0.148121        0.396809       -0.232121

     H   15        0.720203        0.153448        0.645258
     H   15        0.153448       -0.516254        0.157629
     H   15        0.645258        0.157629       -0.203949

     C   16        0.128869       -0.223978        0.066329
     C   16       -0.223978        0.035286        0.500597
     C   16        0.066329        0.500597       -0.164155

     C   17        0.257468       -0.107385        0.112800
     C   17       -0.107385       -0.039223        0.452554
     C   17        0.112800        0.452554       -0.218245

     Cl  18        0.085110       -0.190356       -0.057822
     Cl  18       -0.190356        0.018383        0.044659
     Cl  18       -0.057822        0.044659       -0.103493

     H   19       -0.503192       -0.117951        0.056220
     H   19       -0.117951        0.828887       -0.563543
     H   19        0.056220       -0.563543       -0.325696

     C   20        0.279200        0.177020        0.243897
     C   20        0.177020        0.154928       -0.253274
     C   20        0.243897       -0.253274       -0.434128

     H   21        0.756420       -0.216374        0.629682
     H   21       -0.216374       -0.446285       -0.177028
     H   21        0.629682       -0.177028       -0.310135

     C   22        0.194204        0.237402        0.195877
     C   22        0.237402        0.220775       -0.290100
     C   22        0.195877       -0.290100       -0.414980

     C   23        0.287754        0.174661        0.273030
     C   23        0.174661        0.095354       -0.308479
     C   23        0.273030       -0.308479       -0.383108

     Cl  24        0.163412        0.202285        0.000399
     Cl  24        0.202285       -0.002389       -0.016308
     Cl  24        0.000399       -0.016308       -0.161023

     ----- GIPAW term -----
     Cl   1       -0.681168       -0.526732        0.400695
     Cl   1       -0.526732       -0.935318       -0.644188
     Cl   1        0.400695       -0.644188        1.616487

     C    2       -0.050365       -0.060938       -0.018214
     C    2       -0.060938       -0.005818       -0.122452
     C    2       -0.018214       -0.122452        0.056183

     C    3       -0.031531        0.108320       -0.137208
     C    3        0.108320        0.021962       -0.120500
     C    3       -0.137208       -0.120500        0.009569

     H    4       -0.000000        0.000000        0.000000
     H    4        0.000000        0.000000        0.000000
     H    4        0.000000        0.000000        0.000000

     C    5        0.112188        0.215275        0.084667
     C    5        0.215275       -0.051258       -0.013629
     C    5        0.084667       -0.013629       -0.060931

     H    6       -0.000000        0.000000        0.000000
     H    6        0.000000        0.000000        0.000000
     H    6        0.000000        0.000000        0.000000

     H    7       -0.000000        0.000000        0.000000
     H    7        0.000000        0.000000        0.000000
     H    7        0.000000        0.000000        0.000000

     C    8       -0.029257        0.166346       -0.047796
     C    8        0.166346        0.128437       -0.049154
     C    8       -0.047796       -0.049154       -0.099180

     H    9       -0.000000        0.000000        0.000000
     H    9        0.000000        0.000000        0.000000
     H    9        0.000000        0.000000        0.000000

     C   10       -0.047580        0.210633       -0.071815
     C   10        0.210633        0.184998        0.031118
     C   10       -0.071815        0.031118       -0.137418

     C   11       -0.175109        0.042313       -0.045159
     C   11        0.042313        0.302265       -0.045721
     C   11       -0.045159       -0.045721       -0.127156

     Cl  12       -0.030532        0.527308       -0.094359
     Cl  12        0.527308        2.618474       -0.041863
     Cl  12       -0.094359       -0.041863       -2.587942

     H   13       -0.000000        0.000000        0.000000
     H   13        0.000000        0.000000        0.000000
     H   13        0.000000        0.000000        0.000000

     C   14       -0.059361       -0.037617        0.046215
     C   14       -0.037617        0.078156       -0.032035
     C   14        0.046215       -0.032035       -0.018795

     H   15       -0.000000        0.000000        0.000000
     H   15        0.000000        0.000000        0.000000
     H   15        0.000000        0.000000        0.000000

     C   16       -0.063590        0.007093        0.012682
     C   16        0.007093        0.156683        0.071550
     C   16        0.012682        0.071550       -0.093093

     C   17       -0.055622        0.065432        0.070616
     C   17        0.065432        0.024129        0.094538
     C   17        0.070616        0.094538        0.031493

     Cl  18        0.394836       -0.489588       -0.152332
     Cl  18       -0.489588        0.141309       -0.142970
     Cl  18       -0.152332       -0.142970       -0.536146

     H   19       -0.000000        0.000000        0.000000
     H   19        0.000000        0.000000        0.000000
     H   19        0.000000        0.000000        0.000000

     C   20       -0.105470       -0.026319       -0.019551
     C   20       -0.026319        0.256135        0.112323
     C   20       -0.019551        0.112323       -0.150665

     H   21       -0.000000        0.000000        0.000000
     H   21        0.000000        0.000000        0.000000
     H   21        0.000000        0.000000        0.000000

     C   22       -0.226747        0.000378       -0.026934
     C   22        0.000378        0.289642        0.081292
     C   22       -0.026934        0.081292       -0.062896

     C   23        0.125607        0.285056       -0.124515
     C   23        0.285056        0.002493        0.044714
     C   23       -0.124515        0.044714       -0.128099

     Cl  24        0.215462        2.078340        0.078109
     Cl  24        2.078340        1.205162        0.347814
     Cl  24        0.078109        0.347814       -1.420624

     ----- total EFG -----
     Cl   1       -0.616627       -0.473933        0.283524
     Cl   1       -0.473933       -0.731328       -0.480467
     Cl   1        0.283524       -0.480467        1.347955

     C    2        0.078985       -0.384094        0.012565
     C    2       -0.384094        0.013757       -0.134500
     C    2        0.012565       -0.134500       -0.092741

     C    3        0.002928        0.068491       -0.327981
     C    3        0.068491        0.045961        0.017808
     C    3       -0.327981        0.017808       -0.048889

     H    4        0.330744       -0.146196        0.664767
     H    4       -0.146196       -0.170390        0.103550
     H    4        0.664767        0.103550       -0.160354

     C    5        0.531898        0.572975        0.229603
     C    5        0.572975       -0.464359       -0.011574
     C    5        0.229603       -0.011574       -0.067539

     H    6       -0.507766       -0.225624       -0.106816
     H    6       -0.225624        0.341208        0.393870
     H    6       -0.106816        0.393870        0.166558

     H    7       -0.562612       -0.137451       -0.026136
     H    7       -0.137451        0.417079       -0.140452
     H    7       -0.026136       -0.140452        0.145533

     C    8       -0.305166        0.031586       -0.022583
     C    8        0.031586        0.381504       -0.172349
     C    8       -0.022583       -0.172349       -0.076338

     H    9        0.278262       -0.465976        0.258468
     H    9       -0.465976       -0.420128       -0.192110
     H    9        0.258468       -0.192110        0.141866

     C   10        0.118497        0.656131       -0.186952
     C   10        0.656131        0.291002        0.305457
     C   10       -0.186952        0.305457       -0.409499

     C   11       -0.698512       -0.229441       -0.126673
     C   11       -0.229441        0.837919       -0.284986
     C   11       -0.126673       -0.284986       -0.139406

     Cl  12        0.152384        0.680847       -0.105940
     Cl  12        0.680847        2.636907       -0.053154
     Cl  12       -0.105940       -0.053154       -2.789291

     H   13       -0.109057        0.289398       -0.049249
     H   13        0.289398        0.463917        0.684938
     H   13       -0.049249        0.684938       -0.354859

     C   14       -0.198570        0.094491        0.224002
     C   14        0.094491        0.195243        0.327692
     C   14        0.224002        0.327692        0.003328

     H   15        0.513266        0.443038        0.263950
     H   15        0.443038       -0.666168       -0.022935
     H   15        0.263950       -0.022935        0.152902

     C   16        0.320865       -0.093391       -0.022154
     C   16       -0.093391       -0.159946       -0.049276
     C   16       -0.022154       -0.049276       -0.160919

     C   17       -0.497693        0.230811       -0.153658
     C   17        0.230811        0.252450        0.405637
     C   17       -0.153658        0.405637        0.245242

     Cl  18        0.832770       -0.724848       -0.416554
     Cl  18       -0.724848        0.338569       -0.601003
     Cl  18       -0.416554       -0.601003       -1.171338

     H   19       -0.050935        0.037129        0.057335
     H   19        0.037129        0.023080       -0.550992
     H   19        0.057335       -0.550992        0.027854

     C   20        0.060672        0.103855        0.000888
     C   20        0.103855        0.454142        0.332628
     C   20        0.000888        0.332628       -0.514814

     H   21        0.369606        0.224880        0.332278
     H   21        0.224880       -0.357471       -0.087822
     H   21        0.332278       -0.087822       -0.012135

     C   22       -0.663528       -0.109055       -0.025194
     C   22       -0.109055        0.768042        0.092233
     C   22       -0.025194        0.092233       -0.104514

     C   23        0.460367        0.809711       -0.353577
     C   23        0.809711       -0.058452        0.333687
     C   23       -0.353577        0.333687       -0.401914

     Cl  24        0.138839        2.089521        0.093175
     Cl  24        2.089521        1.310603        0.380985
     Cl  24        0.093175        0.380985       -1.449443

     ----- total EFG (symmetrized) -----
     Cl   1       -0.616627       -0.473933        0.283524
     Cl   1       -0.473933       -0.731328       -0.480467
     Cl   1        0.283524       -0.480467        1.347955

     C    2        0.078985       -0.384094        0.012565
     C    2       -0.384094        0.013757       -0.134500
     C    2        0.012565       -0.134500       -0.092741

     C    3        0.002928        0.068491       -0.327981
     C    3        0.068491        0.045961        0.017808
     C    3       -0.327981        0.017808       -0.048889

     H    4        0.330744       -0.146196        0.664767
     H    4       -0.146196       -0.170390        0.103550
     H    4        0.664767        0.103550       -0.160354

     C    5        0.531898        0.572975        0.229603
     C    5        0.572975       -0.464359       -0.011574
     C    5        0.229603       -0.011574       -0.067539

     H    6       -0.507766       -0.225624       -0.106816
     H    6       -0.225624        0.341208        0.393870
     H    6       -0.106816        0.393870        0.166558

     H    7       -0.562612       -0.137451       -0.026136
     H    7       -0.137451        0.417079       -0.140452
     H    7       -0.026136       -0.140452        0.145533

     C    8       -0.305166        0.031586       -0.022583
     C    8        0.031586        0.381504       -0.172349
     C    8       -0.022583       -0.172349       -0.076338

     H    9        0.278262       -0.465976        0.258468
     H    9       -0.465976       -0.420128       -0.192110
     H    9        0.258468       -0.192110        0.141866

     C   10        0.118497        0.656131       -0.186952
     C   10        0.656131        0.291002        0.305457
     C   10       -0.186952        0.305457       -0.409499

     C   11       -0.698512       -0.229441       -0.126673
     C   11       -0.229441        0.837919       -0.284986
     C   11       -0.126673       -0.284986       -0.139406

     Cl  12        0.152384        0.680847       -0.105940
     Cl  12        0.680847        2.636907       -0.053154
     Cl  12       -0.105940       -0.053154       -2.789291

     H   13       -0.109057        0.289398       -0.049249
     H   13        0.289398        0.463917        0.684938
     H   13       -0.049249        0.684938       -0.354859

     C   14       -0.198570        0.094491        0.224002
     C   14        0.094491        0.195243        0.327692
     C   14        0.224002        0.327692        0.003328

     H   15        0.513266        0.443038        0.263950
     H   15        0.443038       -0.666168       -0.022935
     H   15        0.263950       -0.022935        0.152902

     C   16        0.320865       -0.093391       -0.022154
     C   16       -0.093391       -0.159946       -0.049276
     C   16       -0.022154       -0.049276       -0.160919

     C   17       -0.497693        0.230811       -0.153658
     C   17        0.230811        0.252450        0.405637
     C   17       -0.153658        0.405637        0.245242

     Cl  18        0.832770       -0.724848       -0.416554
     Cl  18       -0.724848        0.338569       -0.601003
     Cl  18       -0.416554       -0.601003       -1.171338

     H   19       -0.050935        0.037129        0.057335
     H   19        0.037129        0.023080       -0.550992
     H   19        0.057335       -0.550992        0.027854

     C   20        0.060672        0.103855        0.000888
     C   20        0.103855        0.454142        0.332628
     C   20        0.000888        0.332628       -0.514814

     H   21        0.369606        0.224880        0.332278
     H   21        0.224880       -0.357471       -0.087822
     H   21        0.332278       -0.087822       -0.012135

     C   22       -0.663528       -0.109055       -0.025194
     C   22       -0.109055        0.768042        0.092233
     C   22       -0.025194        0.092233       -0.104514

     C   23        0.460367        0.809711       -0.353577
     C   23        0.809711       -0.058452        0.333687
     C   23       -0.353577        0.333687       -0.401914

     Cl  24        0.138839        2.089521        0.093175
     Cl  24        2.089521        1.310603        0.380985
     Cl  24        0.093175        0.380985       -1.449443


     NQR/NMR SPECTROSCOPIC PARAMETERS:
     Cl   1    Vxx=   -0.3582    axis=( -0.756203  0.586200  0.290734)
     Cl   1    Vyy=   -1.1646    axis=(  0.629153  0.773467  0.076912)
     Cl   1    Vzz=    1.5229    axis=(  0.179788 -0.241077  0.953708)
     Cl   1  Q=        -8.1650 1e-30 m^2  Cq=       -29.2152 MHz  eta= 0.52951

     C    2    Vxx=   -0.0806    axis=( -0.353645 -0.116602  0.928084)
     C    2    Vyy=   -0.3701    axis=(  0.609857  0.723572  0.323292)
     C    2    Vzz=    0.4507    axis=(  0.709232 -0.680329  0.184777)
     C    2  Q=         1.0000 1e-30 m^2  Cq=         1.0590 MHz  eta= 0.64220

     C    3    Vxx=    0.0491    axis=(  0.008282 -0.978617 -0.205526)
     C    3    Vyy=    0.3116    axis=(  0.735419  0.145227 -0.661867)
     C    3    Vzz=   -0.3608    axis=(  0.677562 -0.145666  0.720896)
     C    3  Q=         1.0000 1e-30 m^2  Cq=        -0.8476 MHz  eta= 0.72767

     H    4    Vxx=   -0.1182    axis=(  0.128763 -0.946729 -0.295168)
     H    4    Vyy=   -0.6795    axis=(  0.553035  0.315617 -0.771063)
     H    4    Vzz=    0.7978    axis=(  0.823148 -0.063953  0.564214)
     H    4  Q=         1.0000 1e-30 m^2  Cq=         1.8744 MHz  eta= 0.70362

     C    5    Vxx=   -0.0966    axis=( -0.133773 -0.238691  0.961837)
     C    5    Vyy=   -0.7427    axis=( -0.428639  0.889014  0.161004)
     C    5    Vzz=    0.8393    axis=( -0.893517 -0.390743 -0.221239)
     C    5  Q=         1.0000 1e-30 m^2  Cq=         1.9721 MHz  eta= 0.76981

     H    6    Vxx=   -0.1419    axis=(  0.130514 -0.589144  0.797418)
     H    6    Vyy=   -0.5641    axis=( -0.971727 -0.235626 -0.015040)
     H    6    Vzz=    0.7061    axis=(  0.196753 -0.772910 -0.603239)
     H    6  Q=         1.0000 1e-30 m^2  Cq=         1.6589 MHz  eta= 0.59799

     H    7    Vxx=    0.0947    axis=( -0.111451  0.356587  0.927591)
     H    7    Vyy=    0.4897    axis=( -0.111420  0.923037 -0.368223)
     H    7    Vzz=   -0.5844    axis=( -0.987504 -0.144391 -0.063143)
     H    7  Q=         1.0000 1e-30 m^2  Cq=        -1.3731 MHz  eta= 0.67596

     C    8    Vxx=   -0.1332    axis=( -0.065252  0.320434  0.945021)
     C    8    Vyy=   -0.3078    axis=( -0.996630  0.026239 -0.077713)
     C    8    Vzz=    0.4410    axis=( -0.049698 -0.946907  0.317642)
     C    8  Q=         1.0000 1e-30 m^2  Cq=         1.0361 MHz  eta= 0.39580

     H    9    Vxx=   -0.0365    axis=( -0.481763  0.153118  0.862821)
     H    9    Vyy=   -0.6577    axis=( -0.426872 -0.900901 -0.078471)
     H    9    Vzz=    0.6942    axis=(  0.765301 -0.406119  0.499382)
     H    9  Q=         1.0000 1e-30 m^2  Cq=         1.6311 MHz  eta= 0.89472

     C   10    Vxx=   -0.0967    axis=(  0.568505 -0.392468 -0.723030)
     C   10    Vyy=   -0.7793    axis=( -0.517398  0.512728 -0.685134)
     C   10    Vzz=    0.8760    axis=( -0.639611 -0.763596 -0.088426)
     C   10  Q=         1.0000 1e-30 m^2  Cq=         2.0582 MHz  eta= 0.77922

     C   11    Vxx=   -0.1585    axis=( -0.302501  0.197058  0.932556)
     C   11    Vyy=   -0.7785    axis=(  0.946008  0.181615  0.268487)
     C   11    Vzz=    0.9370    axis=( -0.116459  0.963423 -0.241357)
     C   11  Q=         1.0000 1e-30 m^2  Cq=         2.2017 MHz  eta= 0.66163

     Cl  12    Vxx=   -0.0191    axis=(  0.968020 -0.248792 -0.032246)
     Cl  12    Vyy=   -2.7933    axis=(  0.034687  0.005433  0.999383)
     Cl  12    Vzz=    2.8123    axis=( -0.248464 -0.968542  0.013889)
     Cl  12  Q=        -8.1650 1e-30 m^2  Cq=       -53.9531 MHz  eta= 0.98644

     H   13    Vxx=   -0.1086    axis=(  0.935973 -0.057585 -0.347332)
     H   13    Vyy=   -0.7960    axis=( -0.272263  0.507101 -0.817754)
     H   13    Vzz=    0.9046    axis=(  0.223223  0.859961  0.458954)
     H   13  Q=         1.0000 1e-30 m^2  Cq=         2.1254 MHz  eta= 0.75992

     C   14    Vxx=   -0.1349    axis=(  0.640145 -0.625673  0.445812)
     C   14    Vyy=   -0.3703    axis=( -0.710104 -0.260412  0.654170)
     C   14    Vzz=    0.5052    axis=(  0.293202  0.735336  0.610994)
     C   14  Q=         1.0000 1e-30 m^2  Cq=         1.1870 MHz  eta= 0.46586

     H   15    Vxx=    0.0662    axis=( -0.321749 -0.223461  0.920078)
     H   15    Vyy=    0.7597    axis=( -0.886758 -0.269489 -0.375548)
     H   15    Vzz=   -0.8259    axis=(  0.331871 -0.936718 -0.111448)
     H   15  Q=         1.0000 1e-30 m^2  Cq=        -1.9404 MHz  eta= 0.83976

     C   16    Vxx=   -0.1162    axis=( -0.099071 -0.643691  0.758846)
     C   16    Vyy=   -0.2225    axis=( -0.154320 -0.743433 -0.650764)
     C   16    Vzz=    0.3387    axis=( -0.983041  0.181577  0.025682)
     C   16  Q=         1.0000 1e-30 m^2  Cq=         0.7958 MHz  eta= 0.31367

     C   17    Vxx=   -0.0077    axis=( -0.480878 -0.587802  0.650573)
     C   17    Vyy=   -0.6497    axis=( -0.875226  0.366071 -0.316182)
     C   17    Vzz=    0.6574    axis=( -0.052304 -0.721443 -0.690496)
     C   17  Q=         1.0000 1e-30 m^2  Cq=         1.5447 MHz  eta= 0.97664

     Cl  18    Vxx=    0.2075    axis=(  0.517808  0.715848 -0.468441)
     Cl  18    Vyy=    1.3515    axis=( -0.811805  0.583907 -0.005061)
     Cl  18    Vzz=   -1.5591    axis=(  0.269903  0.382903  0.883480)
     Cl  18  Q=        -8.1650 1e-30 m^2  Cq=        29.9100 MHz  eta= 0.73377

     H   19    Vxx=   -0.0421    axis=( -0.990335 -0.113216 -0.080118)
     H   19    Vyy=   -0.5347    axis=(  0.136754 -0.700725 -0.700202)
     H   19    Vzz=    0.5768    axis=(  0.023133 -0.704391  0.709435)
     H   19  Q=         1.0000 1e-30 m^2  Cq=         1.3552 MHz  eta= 0.85419

     C   20    Vxx=    0.0428    axis=(  0.980858 -0.167914 -0.098601)
     C   20    Vyy=    0.5765    axis=(  0.189567  0.939170  0.286399)
     C   20    Vzz=   -0.6193    axis=(  0.044513 -0.299608  0.953023)
     C   20  Q=         1.0000 1e-30 m^2  Cq=        -1.4552 MHz  eta= 0.86178

     H   21    Vxx=   -0.0877    axis=(  0.317929  0.522505 -0.791145)
     H   21    Vyy=   -0.4995    axis=(  0.370716 -0.836518 -0.403495)
     H   21    Vzz=    0.5872    axis=( -0.872634 -0.165007 -0.459654)
     H   21  Q=         1.0000 1e-30 m^2  Cq=         1.3796 MHz  eta= 0.70140

     C   22    Vxx=   -0.1138    axis=( -0.024334 -0.106967  0.993965)
     C   22    Vyy=   -0.6724    axis=(  0.996779  0.073398  0.032302)
     C   22    Vzz=    0.7862    axis=( -0.076411  0.991550  0.104836)
     C   22  Q=         1.0000 1e-30 m^2  Cq=         1.8473 MHz  eta= 0.71045

     C   23    Vxx=   -0.0364    axis=( -0.309771  0.533678  0.786911)
     C   23    Vyy=   -1.0208    axis=( -0.486530  0.622093 -0.613424)
     C   23    Vzz=    1.0572    axis=( -0.816903 -0.572877  0.066944)
     C   23  Q=         1.0000 1e-30 m^2  Cq=         2.4839 MHz  eta= 0.93109

     Cl  24    Vxx=   -1.3059    axis=( -0.627449  0.404161  0.665554)
     Cl  24    Vyy=   -1.6185    axis=(  0.496555 -0.450706  0.741820)
     Cl  24    Vzz=    2.9245    axis=(  0.599784  0.795938  0.082106)
     Cl  24  Q=        -8.1650 1e-30 m^2  Cq=       -56.1046 MHz  eta= 0.10690

     Initialization:
     gipaw_setup  :      8.97s CPU     10.61s WALL (       1 calls)

     Linear response

     Apply operators

     Induced current

     Other routines
     efg          :      9.38s CPU     12.25s WALL (       1 calls)

     General routines
     calbec       :      3.32s CPU      4.25s WALL (      16 calls)
     fft          :      1.56s CPU      2.12s WALL (      15 calls)
     ffts         :      0.04s CPU      0.04s WALL (       2 calls)
     fftw         :      3.41s CPU      4.33s WALL (     672 calls)
     davcio       :      0.02s CPU      0.31s WALL (      32 calls)

     Parallel routines
     fft_scatter  :      2.37s CPU      3.71s WALL (     689 calls)

     Plugins

     GIPAW        :     62.44s CPU     76.32s WALL (       1 calls)
