
     Program QE v.6.0 (svn rev. 13079) starts on 13Jan2017 at  0:34:49 

     This program is part of the open-source Quantum ESPRESSO suite
     for quantum simulation of materials; please cite
         "P. Giannozzi et al., J. Phys.:Condens. Matter 21 395502 (2009);
          URL http://www.quantum-espresso.org", 
     in publications or presentations arising from this work. More details at
     http://www.quantum-espresso.org/quote

     Parallel version (MPI), running on     8 processors
     R & G space division:  proc/nbgrp/npool/nimage =       8

     ***** This is GIPAW svn revision unknown      *****

     Parallelizing q-star over 1 images

     Reading data from directory:
     /users/majewski/paradichlorobenzene/pbe/9_constraint/scratch/pbe.ecut100.np8.dt60.pcl2phi-129368.save
     Message from routine read_xml_file:
     file /users/majewski/paradichlorobenzene/pbe/9_constraint/scratch/pbe.ecut100.np8.dt60.pcl2phi-129368.save not guaranteed to be safe for post-processing

   Info: using nr1, nr2, nr3 values from input

   Info: using nr1, nr2, nr3 values from input

     IMPORTANT: XC functional enforced from input :
     Exchange-correlation      =  SLA  PW   PBX  PBC ( 1  4  3  4 0 0)
     Any further DFT definition will be discarded
     Please, verify this is what you really want

               file C.pbe-n-kjpaw_psl.1.0.0.UPF: wavefunction(s)  2S 2P renormalized
               file Cl.pbe-n-kjpaw_psl.1.0.0.UPF: wavefunction(s)  3S 3P renormalized
               file H.pbe-kjpaw_psl.1.0.0.UPF: wavefunction(s)  1S renormalized

     Parallelization info
     --------------------
     sticks:   dense  smooth     PW     G-vecs:    dense   smooth      PW
     Min        3057    1223    332               144436    36536    5170
     Max        3059    1225    333               144437    36537    5171
     Sum       24467    9791   2657              1155489   292295   41363


     Subspace diagonalization in iterative solution of the eigenvalue problem:
     a serial algorithm will be used

     GIPAW projectors -----------------------------------------------
     atom=  C    l=0  rc=    1.2000  rs=    0.8000
     atom=  C    l=0  rc=    1.2000  rs=    0.8000
     atom=  C    l=1  rc=    1.4000  rs=    0.9333
     atom=  C    l=1  rc=    1.4000  rs=    0.9333
     projs nearly linearly dependent: l=1  n1,n2= 1, 2  s=  0.99951561

     atom=  Cl   l=0  rc=    1.6000  rs=    1.0667
     atom=  Cl   l=0  rc=    1.6000  rs=    1.0667
     atom=  Cl   l=1  rc=    1.6000  rs=    1.0667
     atom=  Cl   l=1  rc=    1.6000  rs=    1.0667
     atom=  Cl   l=2  rc=    1.6000  rs=    1.0667
     atom=  Cl   l=2  rc=    1.6000  rs=    1.0667
     projs nearly linearly dependent: l=2  n1,n2= 1, 2  s=  0.99993509

     atom=  H    l=0  rc=    1.0000  rs=    0.6667
     atom=  H    l=0  rc=    1.0000  rs=    0.6667
     projs nearly linearly dependent: l=0  n1,n2= 1, 2  s=  0.99968852
     -----------------------------------------------------------------

     GIPAW integrals: -------------------------------------------
     Atom  i/j   nmr_para   nmr_dia   epr_rmc  epr_para   epr_dia
       C   1 1   0.83E+03  0.17E-01  0.93E+01  0.24E+08  0.24E+03
       C   2 1   0.86E+03 -0.61E-01  0.94E+01  0.25E+08  0.25E+03
       C   2 2   0.90E+03 -0.15E+00  0.97E+01  0.26E+08  0.26E+03
       C   3 3   0.33E+01  0.34E+00  0.18E+01  0.55E+03  0.21E+02
       C   4 3   0.35E+01  0.37E+00  0.20E+01  0.59E+03  0.22E+02
       C   4 4   0.38E+01  0.39E+00  0.22E+01  0.63E+03  0.24E+02
       Cl  1 1   0.14E+04 -0.47E+00  0.84E+01  0.32E+09  0.42E+03
       Cl  2 1   0.21E+04 -0.37E+00  0.12E+02  0.49E+09  0.65E+03
       Cl  2 2   0.33E+04 -0.16E+00  0.21E+02  0.76E+09  0.10E+04
       Cl  3 3   0.21E+02  0.79E-01  0.89E+01  0.23E+05  0.13E+03
       Cl  4 3   0.24E+02  0.67E-01  0.99E+01  0.27E+05  0.15E+03
       Cl  4 4   0.28E+02  0.44E-01  0.11E+02  0.32E+05  0.18E+03
       Cl  5 5   0.77E+00  0.19E+00  0.18E+01  0.12E+03  0.22E+02
       Cl  6 5   0.80E+00  0.19E+00  0.19E+01  0.12E+03  0.23E+02
       Cl  6 6   0.83E+00  0.20E+00  0.19E+01  0.12E+03  0.23E+02
       H   1 1   0.39E+02  0.19E+00  0.29E+00  0.78E+05  0.13E+02
       H   2 1   0.41E+02  0.21E+00  0.32E+00  0.82E+05  0.14E+02
       H   2 2   0.43E+02  0.22E+00  0.36E+00  0.86E+05  0.15E+02
     ------------------------------------------------------------

     alpha_pv=     33.9520 eV

     Number of occupied bands for each k-point:
     k-point:     1    nbnd_occ=  42
     k-point:     2    nbnd_occ=  42
     k-point:     3    nbnd_occ=  42
     k-point:     4    nbnd_occ=  42
     k-point:     5    nbnd_occ=  42
     k-point:     6    nbnd_occ=  42
     k-point:     7    nbnd_occ=  42
     k-point:     8    nbnd_occ=  42
     k-point:     9    nbnd_occ=  42
     k-point:    10    nbnd_occ=  42
     k-point:    11    nbnd_occ=  42
     k-point:    12    nbnd_occ=  42
     k-point:    13    nbnd_occ=  42
     k-point:    14    nbnd_occ=  42
     k-point:    15    nbnd_occ=  42
     k-point:    16    nbnd_occ=  42


     q-space interpolation up to   110.00 Rydberg

     GIPAW job: efg                                                                             


     ELECTRIC FIELD GRADIENTS TENSORS IN Hartree/bohrradius^2:

     ----- bare term -----
     Cl   1        0.132611        0.031606       -0.389177
     Cl   1        0.031606        0.331309       -0.042586
     Cl   1       -0.389177       -0.042586       -0.463920

     C    2       -0.093332        0.289083       -0.123941
     C    2        0.289083       -0.355440       -0.309845
     C    2       -0.123941       -0.309845        0.448772

     C    3       -0.041460        0.453540       -0.275607
     C    3        0.453540       -0.284536       -0.316252
     C    3       -0.275607       -0.316252        0.325996

     H    4        0.049215       -0.013008       -0.156565
     H    4       -0.013008        0.426050       -0.338796
     H    4       -0.156565       -0.338796       -0.475265

     C    5       -0.603208        0.298999       -0.491506
     C    5        0.298999        0.349688       -0.080914
     C    5       -0.491506       -0.080914        0.253520

     H    6       -0.228008        0.112222        0.004011
     H    6        0.112222       -0.094909       -0.518848
     H    6        0.004011       -0.518848        0.322917

     H    7        0.345240        0.202754        0.042052
     H    7        0.202754       -0.605009       -0.204271
     H    7        0.042052       -0.204271        0.259769

     C    8        0.015988        0.023190       -0.142887
     C    8        0.023190       -0.108637        0.274102
     C    8       -0.142887        0.274102        0.092650

     H    9       -0.188220        0.344113        0.114821
     H    9        0.344113       -0.060547       -0.161333
     H    9        0.114821       -0.161333        0.248768

     C   10       -0.186060       -0.069144        0.066162
     C   10       -0.069144       -0.043156       -0.019452
     C   10        0.066162       -0.019452        0.229215

     C   11        0.014759        0.079111       -0.243002
     C   11        0.079111        0.008735        0.604216
     C   11       -0.243002        0.604216       -0.023493

     Cl  12       -0.147893       -0.209931       -0.026204
     Cl  12       -0.209931        0.037064        0.064244
     Cl  12       -0.026204        0.064244        0.110829

     H   13        0.269974        0.153854       -0.116968
     H   13        0.153854       -0.573560        0.075156
     H   13       -0.116968        0.075156        0.303586

     C   14       -0.033048       -0.223020       -0.375608
     C   14       -0.223020       -0.145771       -0.280339
     C   14       -0.375608       -0.280339        0.178819

     H   15        0.044961       -0.094302       -0.238863
     H   15       -0.094302       -0.195868       -0.362586
     H   15       -0.238863       -0.362586        0.150907

     C   16       -0.664890        0.319013       -0.261026
     C   16        0.319013        0.112408       -0.118813
     C   16       -0.261026       -0.118813        0.552482

     C   17        0.297915        0.077190       -0.100349
     C   17        0.077190       -0.515431       -0.646973
     C   17       -0.100349       -0.646973        0.217516

     Cl  18        0.269020        0.131306       -0.177964
     Cl  18        0.131306        0.026712       -0.587545
     Cl  18       -0.177964       -0.587545       -0.295732

     H   19        0.229560        0.183500        0.058252
     H   19        0.183500       -0.487976        0.461525
     H   19        0.058252        0.461525        0.258416

     C   20       -0.719567       -0.313080       -0.416663
     C   20       -0.313080        0.247991        0.069012
     C   20       -0.416663        0.069012        0.471575

     H   21       -0.461951        0.346092        0.202787
     H   21        0.346092        0.340968       -0.016258
     H   21        0.202787       -0.016258        0.120983

     C   22        0.070364       -0.016492       -0.149580
     C   22       -0.016492       -0.529842        0.362827
     C   22       -0.149580        0.362827        0.459478

     C   23       -0.784764       -0.322707       -0.338865
     C   23       -0.322707        0.261736        0.008822
     C   23       -0.338865        0.008822        0.523028

     Cl  24       -0.070624        0.006625        0.025430
     Cl  24        0.006625       -0.053736       -0.033432
     Cl  24        0.025430       -0.033432        0.124360

     ----- ionic term -----
     Cl   1        0.215843       -0.195165        0.060795
     Cl   1       -0.195165       -0.083042       -0.024826
     Cl   1        0.060795       -0.024826       -0.132801

     C    2        0.167709       -0.191141        0.292824
     C    2       -0.191141        0.141000        0.373653
     C    2        0.292824        0.373653       -0.308709

     C    3        0.107925       -0.301694        0.293642
     C    3       -0.301694        0.182611        0.327478
     C    3        0.293642        0.327478       -0.290536

     H    4        0.088487        0.379828        0.692364
     H    4        0.379828       -0.236737        0.481044
     H    4        0.692364        0.481044        0.148250

     C    5        0.230156       -0.204776        0.434480
     C    5       -0.204776        0.009235        0.275517
     C    5        0.434480        0.275517       -0.239391

     H    6       -0.502737       -0.186409       -0.065381
     H    6       -0.186409        0.704325        0.644783
     H    6       -0.065381        0.644783       -0.201588

     H    7       -0.504132       -0.165464        0.022370
     H    7       -0.165464        1.000835       -0.340388
     H    7        0.022370       -0.340388       -0.496703

     C    8        0.359966       -0.006810        0.064867
     C    8       -0.006810        0.170930       -0.226725
     C    8        0.064867       -0.226725       -0.530896

     H    9        0.744039       -0.598061        0.171001
     H    9       -0.598061       -0.211862       -0.138346
     H    9        0.171001       -0.138346       -0.532177

     C   10        0.171709        0.015797        0.040693
     C   10        0.015797        0.287698       -0.366068
     C   10        0.040693       -0.366068       -0.459408

     C   11        0.244345       -0.022904        0.150534
     C   11       -0.022904        0.235568       -0.366018
     C   11        0.150534       -0.366018       -0.479912

     Cl  12        0.112313        0.175878       -0.012688
     Cl  12        0.175878        0.037049       -0.004226
     Cl  12       -0.012688       -0.004226       -0.149362

     H   13       -0.518228       -0.080668       -0.021154
     H   13       -0.080668        0.861530        0.545725
     H   13       -0.021154        0.545725       -0.343303

     C   14        0.185801       -0.139243        0.359614
     C   14       -0.139243        0.121709        0.248510
     C   14        0.359614        0.248510       -0.307510

     H   15        0.143716        0.419328        0.670833
     H   15        0.419328       -0.176299        0.464742
     H   15        0.670833        0.464742        0.032583

     C   16        0.031614       -0.201777        0.291867
     C   16       -0.201777        0.292919        0.345128
     C   16        0.291867        0.345128       -0.324533

     C   17        0.064846       -0.161075        0.408781
     C   17       -0.161075        0.210498        0.374030
     C   17        0.408781        0.374030       -0.275344

     Cl  18        0.160540       -0.182897        0.094458
     Cl  18       -0.182897       -0.018534       -0.047844
     Cl  18        0.094458       -0.047844       -0.142006

     H   19       -0.517960       -0.173051        0.071630
     H   19       -0.173051        0.808744       -0.581378
     H   19        0.071630       -0.581378       -0.290784

     C   20        0.330327        0.052577        0.065819
     C   20        0.052577        0.131640       -0.313177
     C   20        0.065819       -0.313177       -0.461967

     H   21        0.668188       -0.577716        0.357104
     H   21       -0.577716       -0.212947       -0.239359
     H   21        0.357104       -0.239359       -0.455242

     C   22        0.174157        0.089551        0.014063
     C   22        0.089551        0.273609       -0.405038
     C   22        0.014063       -0.405038       -0.447766

     C   23        0.322387        0.015670        0.064283
     C   23        0.015670        0.190183       -0.363140
     C   23        0.064283       -0.363140       -0.512569

     Cl  24        0.160937        0.227795       -0.043726
     Cl  24        0.227795       -0.010239       -0.023835
     Cl  24       -0.043726       -0.023835       -0.150698

     ----- GIPAW term -----
     Cl   1        0.141980       -0.669071        0.316597
     Cl   1       -0.669071       -0.323094        0.213148
     Cl   1        0.316597        0.213148        0.181114

     C    2       -0.071024       -0.026263        0.016200
     C    2       -0.026263       -0.098246       -0.108396
     C    2        0.016200       -0.108396        0.169270

     C    3        0.033781        0.109522       -0.195305
     C    3        0.109522       -0.122494       -0.085446
     C    3       -0.195305       -0.085446        0.088713

     H    4       -0.000000        0.000000        0.000000
     H    4        0.000000        0.000000        0.000000
     H    4        0.000000        0.000000        0.000000

     C    5        0.011352        0.190013        0.030070
     C    5        0.190013        0.070578        0.090021
     C    5        0.030070        0.090021       -0.081930

     H    6       -0.000000        0.000000        0.000000
     H    6        0.000000        0.000000        0.000000
     H    6        0.000000        0.000000        0.000000

     H    7       -0.000000        0.000000        0.000000
     H    7        0.000000        0.000000        0.000000
     H    7        0.000000        0.000000        0.000000

     C    8       -0.036106       -0.020934       -0.010012
     C    8       -0.020934        0.110548        0.090858
     C    8       -0.010012        0.090858       -0.074442

     H    9       -0.000000        0.000000        0.000000
     H    9        0.000000        0.000000        0.000000
     H    9        0.000000        0.000000        0.000000

     C   10       -0.029406       -0.004968       -0.000832
     C   10       -0.004968        0.024537        0.013782
     C   10       -0.000832        0.013782        0.004868

     C   11       -0.047109        0.032044       -0.042774
     C   11        0.032044        0.137395        0.158847
     C   11       -0.042774        0.158847       -0.090286

     Cl  12       -0.624886       -0.079264       -0.858840
     Cl  12       -0.079264        1.271054        2.077127
     Cl  12       -0.858840        2.077127       -0.646168

     H   13       -0.000000        0.000000        0.000000
     H   13        0.000000        0.000000        0.000000
     H   13        0.000000        0.000000        0.000000

     C   14        0.000181       -0.072534       -0.002401
     C   14       -0.072534        0.027648       -0.073398
     C   14       -0.002401       -0.073398       -0.027830

     H   15       -0.000000        0.000000        0.000000
     H   15        0.000000        0.000000        0.000000
     H   15        0.000000        0.000000        0.000000

     C   16       -0.095953       -0.053324       -0.034877
     C   16       -0.053324        0.108644        0.025745
     C   16       -0.034877        0.025745       -0.012691

     C   17       -0.031422       -0.004234        0.031813
     C   17       -0.004234        0.062342        0.105044
     C   17        0.031813        0.105044       -0.030920

     Cl  18        0.396047       -0.063661        0.134854
     Cl  18       -0.063661       -0.122594       -0.472978
     Cl  18        0.134854       -0.472978       -0.273452

     H   19       -0.000000        0.000000        0.000000
     H   19        0.000000        0.000000        0.000000
     H   19        0.000000        0.000000        0.000000

     C   20       -0.159645        0.057660       -0.104679
     C   20        0.057660        0.150528       -0.121704
     C   20       -0.104679       -0.121704        0.009117

     H   21       -0.000000        0.000000        0.000000
     H   21        0.000000        0.000000        0.000000
     H   21        0.000000        0.000000        0.000000

     C   22       -0.079965        0.056860       -0.079563
     C   22        0.056860       -0.100094       -0.125878
     C   22       -0.079563       -0.125878        0.180059

     C   23       -0.191708        0.014608       -0.023585
     C   23        0.014608        0.117729       -0.212792
     C   23       -0.023585       -0.212792        0.073979

     Cl  24       -0.540554        1.730226       -0.250233
     Cl  24        1.730226       -1.149333       -1.152961
     Cl  24       -0.250233       -1.152961        1.689886

     ----- total EFG -----
     Cl   1        0.490434       -0.832630       -0.011785
     Cl   1       -0.832630       -0.074827        0.145736
     Cl   1       -0.011785        0.145736       -0.415607

     C    2        0.003353        0.071678        0.185083
     C    2        0.071678       -0.312686       -0.044589
     C    2        0.185083       -0.044589        0.309334

     C    3        0.100246        0.261368       -0.177270
     C    3        0.261368       -0.224420       -0.074220
     C    3       -0.177270       -0.074220        0.124174

     H    4        0.137702        0.366819        0.535799
     H    4        0.366819        0.189313        0.142248
     H    4        0.535799        0.142248       -0.327015

     C    5       -0.361700        0.284236       -0.026956
     C    5        0.284236        0.429500        0.284624
     C    5       -0.026956        0.284624       -0.067800

     H    6       -0.730745       -0.074187       -0.061371
     H    6       -0.074187        0.609416        0.125936
     H    6       -0.061371        0.125936        0.121328

     H    7       -0.158892        0.037289        0.064422
     H    7        0.037289        0.395826       -0.544659
     H    7        0.064422       -0.544659       -0.236934

     C    8        0.339847       -0.004554       -0.088032
     C    8       -0.004554        0.172840        0.138236
     C    8       -0.088032        0.138236       -0.512688

     H    9        0.555819       -0.253948        0.285822
     H    9       -0.253948       -0.272410       -0.299679
     H    9        0.285822       -0.299679       -0.283410

     C   10       -0.043756       -0.058314        0.106023
     C   10       -0.058314        0.269080       -0.371738
     C   10        0.106023       -0.371738       -0.225325

     C   11        0.211994        0.088250       -0.135241
     C   11        0.088250        0.381697        0.397044
     C   11       -0.135241        0.397044       -0.593691

     Cl  12       -0.660466       -0.113317       -0.897733
     Cl  12       -0.113317        1.345167        2.137145
     Cl  12       -0.897733        2.137145       -0.684701

     H   13       -0.248254        0.073186       -0.138122
     H   13        0.073186        0.287970        0.620881
     H   13       -0.138122        0.620881       -0.039716

     C   14        0.152935       -0.434797       -0.018395
     C   14       -0.434797        0.003587       -0.105227
     C   14       -0.018395       -0.105227       -0.156522

     H   15        0.188676        0.325025        0.431970
     H   15        0.325025       -0.372166        0.102156
     H   15        0.431970        0.102156        0.183490

     C   16       -0.729230        0.063911       -0.004036
     C   16        0.063911        0.513972        0.252060
     C   16       -0.004036        0.252060        0.215258

     C   17        0.331340       -0.088119        0.340245
     C   17       -0.088119       -0.242591       -0.167899
     C   17        0.340245       -0.167899       -0.088748

     Cl  18        0.825607       -0.115252        0.051348
     Cl  18       -0.115252       -0.114416       -1.108368
     Cl  18        0.051348       -1.108368       -0.711191

     H   19       -0.288400        0.010450        0.129882
     H   19        0.010450        0.320768       -0.119852
     H   19        0.129882       -0.119852       -0.032368

     C   20       -0.548884       -0.202843       -0.455523
     C   20       -0.202843        0.530159       -0.365870
     C   20       -0.455523       -0.365870        0.018725

     H   21        0.206238       -0.231624        0.559891
     H   21       -0.231624        0.128021       -0.255617
     H   21        0.559891       -0.255617       -0.334259

     C   22        0.164556        0.129920       -0.215080
     C   22        0.129920       -0.356327       -0.168089
     C   22       -0.215080       -0.168089        0.191771

     C   23       -0.654085       -0.292429       -0.298167
     C   23       -0.292429        0.569648       -0.567110
     C   23       -0.298167       -0.567110        0.084437

     Cl  24       -0.450242        1.964646       -0.268528
     Cl  24        1.964646       -1.213307       -1.210228
     Cl  24       -0.268528       -1.210228        1.663549

     ----- total EFG (symmetrized) -----
     Cl   1        0.490434       -0.832630       -0.011785
     Cl   1       -0.832630       -0.074827        0.145736
     Cl   1       -0.011785        0.145736       -0.415607

     C    2        0.003353        0.071678        0.185083
     C    2        0.071678       -0.312686       -0.044589
     C    2        0.185083       -0.044589        0.309334

     C    3        0.100246        0.261368       -0.177270
     C    3        0.261368       -0.224420       -0.074220
     C    3       -0.177270       -0.074220        0.124174

     H    4        0.137702        0.366819        0.535799
     H    4        0.366819        0.189313        0.142248
     H    4        0.535799        0.142248       -0.327015

     C    5       -0.361700        0.284236       -0.026956
     C    5        0.284236        0.429500        0.284624
     C    5       -0.026956        0.284624       -0.067800

     H    6       -0.730745       -0.074187       -0.061371
     H    6       -0.074187        0.609416        0.125936
     H    6       -0.061371        0.125936        0.121328

     H    7       -0.158892        0.037289        0.064422
     H    7        0.037289        0.395826       -0.544659
     H    7        0.064422       -0.544659       -0.236934

     C    8        0.339847       -0.004554       -0.088032
     C    8       -0.004554        0.172840        0.138236
     C    8       -0.088032        0.138236       -0.512688

     H    9        0.555819       -0.253948        0.285822
     H    9       -0.253948       -0.272410       -0.299679
     H    9        0.285822       -0.299679       -0.283410

     C   10       -0.043756       -0.058314        0.106023
     C   10       -0.058314        0.269080       -0.371738
     C   10        0.106023       -0.371738       -0.225325

     C   11        0.211994        0.088250       -0.135241
     C   11        0.088250        0.381697        0.397044
     C   11       -0.135241        0.397044       -0.593691

     Cl  12       -0.660466       -0.113317       -0.897733
     Cl  12       -0.113317        1.345167        2.137145
     Cl  12       -0.897733        2.137145       -0.684701

     H   13       -0.248254        0.073186       -0.138122
     H   13        0.073186        0.287970        0.620881
     H   13       -0.138122        0.620881       -0.039716

     C   14        0.152935       -0.434797       -0.018395
     C   14       -0.434797        0.003587       -0.105227
     C   14       -0.018395       -0.105227       -0.156522

     H   15        0.188676        0.325025        0.431970
     H   15        0.325025       -0.372166        0.102156
     H   15        0.431970        0.102156        0.183490

     C   16       -0.729230        0.063911       -0.004036
     C   16        0.063911        0.513972        0.252060
     C   16       -0.004036        0.252060        0.215258

     C   17        0.331340       -0.088119        0.340245
     C   17       -0.088119       -0.242591       -0.167899
     C   17        0.340245       -0.167899       -0.088748

     Cl  18        0.825607       -0.115252        0.051348
     Cl  18       -0.115252       -0.114416       -1.108368
     Cl  18        0.051348       -1.108368       -0.711191

     H   19       -0.288400        0.010450        0.129882
     H   19        0.010450        0.320768       -0.119852
     H   19        0.129882       -0.119852       -0.032368

     C   20       -0.548884       -0.202843       -0.455523
     C   20       -0.202843        0.530159       -0.365870
     C   20       -0.455523       -0.365870        0.018725

     H   21        0.206238       -0.231624        0.559891
     H   21       -0.231624        0.128021       -0.255617
     H   21        0.559891       -0.255617       -0.334259

     C   22        0.164556        0.129920       -0.215080
     C   22        0.129920       -0.356327       -0.168089
     C   22       -0.215080       -0.168089        0.191771

     C   23       -0.654085       -0.292429       -0.298167
     C   23       -0.292429        0.569648       -0.567110
     C   23       -0.298167       -0.567110        0.084437

     Cl  24       -0.450242        1.964646       -0.268528
     Cl  24        1.964646       -1.213307       -1.210228
     Cl  24       -0.268528       -1.210228        1.663549


     NQR/NMR SPECTROSCOPIC PARAMETERS:
     Cl   1    Vxx=   -0.3791    axis=( -0.256169 -0.254323 -0.932576)
     Cl   1    Vyy=   -0.7139    axis=(  0.529174  0.770464 -0.355472)
     Cl   1    Vzz=    1.0930    axis=(  0.808920 -0.584556 -0.062787)
     Cl   1  Q=        -8.1650 1e-30 m^2  Cq=       -20.9694 MHz  eta= 0.30634

     C    2    Vxx=   -0.0564    axis=( -0.862819 -0.310670  0.398783)
     C    2    Vyy=   -0.3402    axis=( -0.275743  0.950413  0.143809)
     C    2    Vzz=    0.3966    axis=(  0.423686 -0.014119  0.905699)
     C    2  Q=         1.0000 1e-30 m^2  Cq=         0.9319 MHz  eta= 0.71568

     C    3    Vxx=   -0.0147    axis=(  0.492967  0.329378  0.805291)
     C    3    Vyy=   -0.3708    axis=( -0.498577  0.865471 -0.048784)
     C    3    Vzz=    0.3855    axis=( -0.713025 -0.377451  0.590869)
     C    3  Q=         1.0000 1e-30 m^2  Cq=         0.9058 MHz  eta= 0.92373

     H    4    Vxx=   -0.0661    axis=(  0.412874 -0.817092  0.402363)
     H    4    Vyy=   -0.6877    axis=(  0.574839 -0.108893 -0.810989)
     H    4    Vzz=    0.7538    axis=(  0.706467  0.566130  0.424737)
     H    4  Q=         1.0000 1e-30 m^2  Cq=         1.7711 MHz  eta= 0.82465

     C    5    Vxx=   -0.1334    axis=( -0.404809 -0.241535  0.881924)
     C    5    Vyy=   -0.4893    axis=( -0.879674  0.366146 -0.303498)
     C    5    Vzz=    0.6227    axis=( -0.249608 -0.898664 -0.360692)
     C    5  Q=         1.0000 1e-30 m^2  Cq=         1.4631 MHz  eta= 0.57160

     H    6    Vxx=    0.0929    axis=( -0.050255 -0.243373  0.968630)
     H    6    Vyy=    0.6455    axis=( -0.062928  0.968700  0.240126)
     H    6    Vzz=   -0.7383    axis=( -0.996752 -0.048887 -0.063997)
     H    6  Q=         1.0000 1e-30 m^2  Cq=        -1.7348 MHz  eta= 0.74843

     H    7    Vxx=   -0.1452    axis=(  0.983544  0.089948  0.156689)
     H    7    Vyy=   -0.5641    axis=( -0.180671  0.490669  0.852410)
     H    7    Vzz=    0.7093    axis=( -0.000209 -0.866691  0.498845)
     H    7  Q=         1.0000 1e-30 m^2  Cq=         1.6666 MHz  eta= 0.59054

     C    8    Vxx=    0.1967    axis=(  0.137431  0.975288  0.172992)
     C    8    Vyy=    0.3510    axis=(  0.985848 -0.117754 -0.119324)
     C    8    Vzz=   -0.5478    axis=(  0.096004 -0.186943  0.977668)
     C    8  Q=         1.0000 1e-30 m^2  Cq=        -1.2870 MHz  eta= 0.28174

     H    9    Vxx=   -0.1764    axis=( -0.460958 -0.653833  0.600017)
     H    9    Vyy=   -0.5784    axis=(  0.029181 -0.686937 -0.726131)
     H    9    Vzz=    0.7548    axis=(  0.886942 -0.317207  0.335729)
     H    9  Q=         1.0000 1e-30 m^2  Cq=         1.7736 MHz  eta= 0.53252

     C   10    Vxx=   -0.0519    axis=(  0.967039  0.247058  0.061624)
     C   10    Vyy=   -0.4360    axis=( -0.170493  0.448502  0.877370)
     C   10    Vzz=    0.4879    axis=(  0.189123 -0.858958  0.475841)
     C   10  Q=         1.0000 1e-30 m^2  Cq=         1.1463 MHz  eta= 0.78724

     C   11    Vxx=    0.2325    axis=(  0.979020 -0.066986 -0.192440)
     C   11    Vyy=    0.5277    axis=(  0.126701  0.939771  0.317454)
     C   11    Vzz=   -0.7603    axis=(  0.159585 -0.335176  0.928542)
     C   11  Q=         1.0000 1e-30 m^2  Cq=        -1.7863 MHz  eta= 0.38826

     Cl  12    Vxx=   -0.4567    axis=(  0.902076  0.352338 -0.249231)
     Cl  12    Vyy=   -2.3382    axis=( -0.397096  0.451426 -0.799080)
     Cl  12    Vzz=    2.7949    axis=( -0.169037  0.819800  0.547133)
     Cl  12  Q=        -8.1650 1e-30 m^2  Cq=       -53.6179 MHz  eta= 0.67319

     H   13    Vxx=   -0.1790    axis=(  0.910104  0.272479 -0.312195)
     H   13    Vyy=   -0.5880    axis=( -0.413539  0.549251 -0.726160)
     H   13    Vzz=    0.7670    axis=(  0.026390 -0.789986 -0.612556)
     H   13  Q=         1.0000 1e-30 m^2  Cq=         1.8020 MHz  eta= 0.53332

     C   14    Vxx=   -0.1252    axis=( -0.291840 -0.225979  0.929388)
     C   14    Vyy=   -0.3986    axis=(  0.584903  0.726660  0.360353)
     C   14    Vzz=    0.5237    axis=( -0.756781  0.648767 -0.079892)
     C   14  Q=         1.0000 1e-30 m^2  Cq=         1.2306 MHz  eta= 0.52205

     H   15    Vxx=   -0.1690    axis=( -0.505682 -0.434227  0.745475)
     H   15    Vyy=   -0.5361    axis=( -0.485783  0.857408  0.169902)
     H   15    Vzz=    0.7051    axis=( -0.712951 -0.276223 -0.644516)
     H   15  Q=         1.0000 1e-30 m^2  Cq=         1.6567 MHz  eta= 0.52054

     C   16    Vxx=    0.0732    axis=( -0.043497 -0.491156  0.869985)
     C   16    Vyy=    0.6597    axis=(  0.038571  0.869334  0.492717)
     C   16    Vzz=   -0.7328    axis=( -0.998309  0.054988 -0.018869)
     C   16  Q=         1.0000 1e-30 m^2  Cq=        -1.7218 MHz  eta= 0.80034

     C   17    Vxx=   -0.1750    axis=(  0.479247  0.697706 -0.532475)
     C   17    Vyy=   -0.3784    axis=( -0.242347  0.688293  0.683755)
     C   17    Vzz=    0.5533    axis=( -0.843558  0.198644 -0.498949)
     C   17  Q=         1.0000 1e-30 m^2  Cq=         1.3001 MHz  eta= 0.36754

     Cl  18    Vxx=    0.6496    axis=(  0.571142  0.646878 -0.505317)
     Cl  18    Vyy=    0.9114    axis=( -0.820759  0.459290 -0.339717)
     Cl  18    Vzz=   -1.5610    axis=(  0.012332  0.608770  0.793251)
     Cl  18  Q=        -8.1650 1e-30 m^2  Cq=        29.9469 MHz  eta= 0.16766

     H   19    Vxx=   -0.0113    axis=(  0.414318  0.297455  0.860151)
     H   19    Vyy=   -0.3477    axis=( -0.908961  0.087303  0.407638)
     H   19    Vzz=    0.3589    axis=(  0.046161 -0.950736  0.306546)
     H   19  Q=         1.0000 1e-30 m^2  Cq=         0.8433 MHz  eta= 0.93729

     C   20    Vxx=    0.1712    axis=(  0.567366 -0.408306 -0.715110)
     C   20    Vyy=    0.7218    axis=( -0.030809 -0.878332  0.477057)
     C   20    Vzz=   -0.8930    axis=(  0.822889  0.248634  0.510915)
     C   20  Q=         1.0000 1e-30 m^2  Cq=        -2.0982 MHz  eta= 0.61649

     H   21    Vxx=   -0.0422    axis=(  0.473850  0.867948  0.148768)
     H   21    Vyy=   -0.6975    axis=( -0.499039  0.125478  0.857447)
     H   21    Vzz=    0.7398    axis=(  0.725552 -0.480542  0.492598)
     H   21  Q=         1.0000 1e-30 m^2  Cq=         1.7382 MHz  eta= 0.88579

     C   22    Vxx=   -0.0364    axis=( -0.744159  0.047863 -0.666286)
     C   22    Vyy=   -0.4129    axis=( -0.135236  0.965981  0.220434)
     C   22    Vzz=    0.4492    axis=(  0.654170  0.254144 -0.712371)
     C   22  Q=         1.0000 1e-30 m^2  Cq=         1.0555 MHz  eta= 0.83807

     C   23    Vxx=   -0.0253    axis=( -0.541601  0.425091  0.725235)
     C   23    Vyy=   -0.9229    axis=( -0.838876 -0.329095 -0.433571)
     C   23    Vzz=    0.9482    axis=(  0.054364 -0.843205  0.534837)
     C   23  Q=         1.0000 1e-30 m^2  Cq=         2.2279 MHz  eta= 0.94663

     Cl  24    Vxx=    0.4717    axis=(  0.706886  0.410456  0.576054)
     Cl  24    Vyy=    2.4938    axis=( -0.382259 -0.463553  0.799373)
     Cl  24    Vzz=   -2.9655    axis=(  0.595139 -0.785267 -0.170779)
     Cl  24  Q=        -8.1650 1e-30 m^2  Cq=        56.8911 MHz  eta= 0.68187

     Initialization:
     gipaw_setup  :      9.05s CPU     10.88s WALL (       1 calls)

     Linear response

     Apply operators

     Induced current

     Other routines
     efg          :      9.25s CPU     11.99s WALL (       1 calls)

     General routines
     calbec       :      3.26s CPU      4.36s WALL (      16 calls)
     fft          :      1.63s CPU      2.58s WALL (      15 calls)
     ffts         :      0.03s CPU      0.04s WALL (       2 calls)
     fftw         :      3.22s CPU      4.12s WALL (     672 calls)
     davcio       :      0.04s CPU      0.32s WALL (      32 calls)

     Parallel routines
     fft_scatter  :      2.26s CPU      3.96s WALL (     689 calls)

     Plugins

     GIPAW        :     60.87s CPU     71.03s WALL (       1 calls)
