
     Program QE v.6.0 (svn rev. 13079) starts on 22Jan2017 at 11: 8: 0 

     This program is part of the open-source Quantum ESPRESSO suite
     for quantum simulation of materials; please cite
         "P. Giannozzi et al., J. Phys.:Condens. Matter 21 395502 (2009);
          URL http://www.quantum-espresso.org", 
     in publications or presentations arising from this work. More details at
     http://www.quantum-espresso.org/quote

     Parallel version (MPI), running on     8 processors
     R & G space division:  proc/nbgrp/npool/nimage =       8

     ***** This is GIPAW svn revision unknown      *****

     Parallelizing q-star over 1 images

     Reading data from directory:
     /users/majewski/paradichlorobenzene/pbe/9_constraint/scratch/pbe.ecut100.np8.dt60.pcl2phi-129368.save
     Message from routine read_xml_file:
     file /users/majewski/paradichlorobenzene/pbe/9_constraint/scratch/pbe.ecut100.np8.dt60.pcl2phi-129368.save not guaranteed to be safe for post-processing

   Info: using nr1, nr2, nr3 values from input

   Info: using nr1, nr2, nr3 values from input

     IMPORTANT: XC functional enforced from input :
     Exchange-correlation      =  SLA  PW   PBX  PBC ( 1  4  3  4 0 0)
     Any further DFT definition will be discarded
     Please, verify this is what you really want

               file C.pbe-n-kjpaw_psl.1.0.0.UPF: wavefunction(s)  2S 2P renormalized
               file Cl.pbe-n-kjpaw_psl.1.0.0.UPF: wavefunction(s)  3S 3P renormalized
               file H.pbe-kjpaw_psl.1.0.0.UPF: wavefunction(s)  1S renormalized

     Parallelization info
     --------------------
     sticks:   dense  smooth     PW     G-vecs:    dense   smooth      PW
     Min        3057    1223    332               144436    36536    5170
     Max        3059    1225    333               144437    36537    5171
     Sum       24467    9791   2657              1155489   292295   41363


     Subspace diagonalization in iterative solution of the eigenvalue problem:
     a serial algorithm will be used

     GIPAW projectors -----------------------------------------------
     atom=  C    l=0  rc=    1.2000  rs=    0.8000
     atom=  C    l=0  rc=    1.2000  rs=    0.8000
     atom=  C    l=1  rc=    1.4000  rs=    0.9333
     atom=  C    l=1  rc=    1.4000  rs=    0.9333
     projs nearly linearly dependent: l=1  n1,n2= 1, 2  s=  0.99951561

     atom=  Cl   l=0  rc=    1.6000  rs=    1.0667
     atom=  Cl   l=0  rc=    1.6000  rs=    1.0667
     atom=  Cl   l=1  rc=    1.6000  rs=    1.0667
     atom=  Cl   l=1  rc=    1.6000  rs=    1.0667
     atom=  Cl   l=2  rc=    1.6000  rs=    1.0667
     atom=  Cl   l=2  rc=    1.6000  rs=    1.0667
     projs nearly linearly dependent: l=2  n1,n2= 1, 2  s=  0.99993509

     atom=  H    l=0  rc=    1.0000  rs=    0.6667
     atom=  H    l=0  rc=    1.0000  rs=    0.6667
     projs nearly linearly dependent: l=0  n1,n2= 1, 2  s=  0.99968852
     -----------------------------------------------------------------

     GIPAW integrals: -------------------------------------------
     Atom  i/j   nmr_para   nmr_dia   epr_rmc  epr_para   epr_dia
       C   1 1   0.83E+03  0.17E-01  0.93E+01  0.24E+08  0.24E+03
       C   2 1   0.86E+03 -0.61E-01  0.94E+01  0.25E+08  0.25E+03
       C   2 2   0.90E+03 -0.15E+00  0.97E+01  0.26E+08  0.26E+03
       C   3 3   0.33E+01  0.34E+00  0.18E+01  0.55E+03  0.21E+02
       C   4 3   0.35E+01  0.37E+00  0.20E+01  0.59E+03  0.22E+02
       C   4 4   0.38E+01  0.39E+00  0.22E+01  0.63E+03  0.24E+02
       Cl  1 1   0.14E+04 -0.47E+00  0.84E+01  0.32E+09  0.42E+03
       Cl  2 1   0.21E+04 -0.37E+00  0.12E+02  0.49E+09  0.65E+03
       Cl  2 2   0.33E+04 -0.16E+00  0.21E+02  0.76E+09  0.10E+04
       Cl  3 3   0.21E+02  0.79E-01  0.89E+01  0.23E+05  0.13E+03
       Cl  4 3   0.24E+02  0.67E-01  0.99E+01  0.27E+05  0.15E+03
       Cl  4 4   0.28E+02  0.44E-01  0.11E+02  0.32E+05  0.18E+03
       Cl  5 5   0.77E+00  0.19E+00  0.18E+01  0.12E+03  0.22E+02
       Cl  6 5   0.80E+00  0.19E+00  0.19E+01  0.12E+03  0.23E+02
       Cl  6 6   0.83E+00  0.20E+00  0.19E+01  0.12E+03  0.23E+02
       H   1 1   0.39E+02  0.19E+00  0.29E+00  0.78E+05  0.13E+02
       H   2 1   0.41E+02  0.21E+00  0.32E+00  0.82E+05  0.14E+02
       H   2 2   0.43E+02  0.22E+00  0.36E+00  0.86E+05  0.15E+02
     ------------------------------------------------------------

     alpha_pv=     34.3953 eV

     Number of occupied bands for each k-point:
     k-point:     1    nbnd_occ=  42
     k-point:     2    nbnd_occ=  42
     k-point:     3    nbnd_occ=  42
     k-point:     4    nbnd_occ=  42
     k-point:     5    nbnd_occ=  42
     k-point:     6    nbnd_occ=  42
     k-point:     7    nbnd_occ=  42
     k-point:     8    nbnd_occ=  42
     k-point:     9    nbnd_occ=  42
     k-point:    10    nbnd_occ=  42
     k-point:    11    nbnd_occ=  42
     k-point:    12    nbnd_occ=  42
     k-point:    13    nbnd_occ=  42
     k-point:    14    nbnd_occ=  42
     k-point:    15    nbnd_occ=  42
     k-point:    16    nbnd_occ=  42


     q-space interpolation up to   110.00 Rydberg

     GIPAW job: efg                                                                             


     ELECTRIC FIELD GRADIENTS TENSORS IN Hartree/bohrradius^2:

     ----- bare term -----
     Cl   1       -0.050405       -0.094191       -0.044978
     Cl   1       -0.094191       -0.028641        0.102353
     Cl   1       -0.044978        0.102353        0.079047

     C    2       -0.530607        0.233287       -0.394647
     C    2        0.233287       -0.027716       -0.204213
     C    2       -0.394647       -0.204213        0.558323

     C    3       -0.041587        0.107770       -0.235149
     C    3        0.107770       -0.183680       -0.571630
     C    3       -0.235149       -0.571630        0.225267

     H    4       -0.287717        0.116179       -0.517722
     H    4        0.116179        0.065501       -0.028591
     H    4       -0.517722       -0.028591        0.222217

     C    5       -0.904073        0.380312       -0.427542
     C    5        0.380312        0.478848       -0.034450
     C    5       -0.427542       -0.034450        0.425225

     H    6        0.387313       -0.097161        0.114024
     H    6       -0.097161       -0.336839       -0.487142
     H    6        0.114024       -0.487142       -0.050474

     H    7        0.312976        0.207513       -0.186862
     H    7        0.207513       -0.353140        0.550023
     H    7       -0.186862        0.550023        0.040164

     C    8       -0.217482       -0.276382       -0.268055
     C    8       -0.276382       -0.098738        0.484780
     C    8       -0.268055        0.484780        0.316220

     H    9        0.021506        0.059242       -0.474378
     H    9        0.059242        0.216968       -0.222520
     H    9       -0.474378       -0.222520       -0.238475

     C   10       -0.103813       -0.415211       -0.245850
     C   10       -0.415211       -0.261159        0.544706
     C   10       -0.245850        0.544706        0.364972

     C   11       -0.062754        0.230632       -0.402018
     C   11        0.230632       -0.108345        0.565304
     C   11       -0.402018        0.565304        0.171100

     Cl  12        0.005225       -0.279733       -0.081438
     Cl  12       -0.279733        0.006503        0.059681
     Cl  12       -0.081438        0.059681       -0.011728

     H   13        0.168085        0.095961        0.367583
     H   13        0.095961        0.082525       -0.406628
     H   13        0.367583       -0.406628       -0.250610

     C   14       -0.088344       -0.031787       -0.337450
     C   14       -0.031787       -0.185915       -0.293878
     C   14       -0.337450       -0.293878        0.274259

     H   15        0.058745       -0.116446       -0.417540
     H   15       -0.116446        0.493601       -0.080115
     H   15       -0.417540       -0.080115       -0.552346

     C   16       -0.308119        0.328497       -0.274095
     C   16        0.328497        0.037286       -0.042863
     C   16       -0.274095       -0.042863        0.270833

     C   17        0.027210       -0.102873       -0.290389
     C   17       -0.102873       -0.450057       -0.357288
     C   17       -0.290389       -0.357288        0.422846

     Cl  18       -0.175021        0.262899        0.004502
     Cl  18        0.262899        0.188770        0.036566
     Cl  18        0.004502        0.036566       -0.013749

     H   19        0.478662        0.000445        0.030506
     H   19        0.000445        0.128976        0.136640
     H   19        0.030506        0.136640       -0.607639

     C   20       -0.401393       -0.296413       -0.091289
     C   20       -0.296413        0.122325        0.307349
     C   20       -0.091289        0.307349        0.279068

     H   21        0.129761       -0.011074       -0.411030
     H   21       -0.011074        0.219115       -0.255189
     H   21       -0.411030       -0.255189       -0.348876

     C   22        0.236695       -0.064809       -0.049624
     C   22       -0.064809       -0.102805        0.166167
     C   22       -0.049624        0.166167       -0.133890

     C   23       -0.279030       -0.273286       -0.392690
     C   23       -0.273286        0.029792        0.327393
     C   23       -0.392690        0.327393        0.249238

     Cl  24        0.041760        0.268250        0.324098
     Cl  24        0.268250       -0.103414       -0.448467
     Cl  24        0.324098       -0.448467        0.061654

     ----- ionic term -----
     Cl   1        0.139120       -0.231981        0.020338
     Cl   1       -0.231981        0.009488       -0.001248
     Cl   1        0.020338       -0.001248       -0.148608

     C    2        0.156202       -0.262216        0.296815
     C    2       -0.262216        0.002296        0.426710
     C    2        0.296815        0.426710       -0.158499

     C    3        0.184721       -0.307427        0.198871
     C    3       -0.307427        0.017376        0.385077
     C    3        0.198871        0.385077       -0.202097

     H    4        0.567846        0.191789        0.732603
     H    4        0.191789       -0.502321        0.204381
     H    4        0.732603        0.204381       -0.065525

     C    5        0.264450       -0.273609        0.281972
     C    5       -0.273609       -0.087044        0.309553
     C    5        0.281972        0.309553       -0.177406

     H    6       -0.513529       -0.076735       -0.047225
     H    6       -0.076735        0.446065        0.789472
     H    6       -0.047225        0.789472        0.067463

     H    7       -0.533964       -0.123696        0.099226
     H    7       -0.123696        0.453996       -0.759073
     H    7        0.099226       -0.759073        0.079968

     C    8        0.070855        0.214944        0.345123
     C    8        0.214944        0.099742       -0.250335
     C    8        0.345123       -0.250335       -0.170597

     H    9        0.428797       -0.052985        0.793135
     H    9       -0.052985       -0.510620       -0.116993
     H    9        0.793135       -0.116993        0.081824

     C   10       -0.048196        0.272450        0.278858
     C   10        0.272450        0.191942       -0.359550
     C   10        0.278858       -0.359550       -0.143746

     C   11       -0.007820        0.211472        0.410353
     C   11        0.211472        0.065740       -0.389071
     C   11        0.410353       -0.389071       -0.057920

     Cl  12        0.072447        0.190722        0.026575
     Cl  12        0.190722        0.063713        0.015328
     Cl  12        0.026575        0.015328       -0.136160

     H   13       -0.494369       -0.148584       -0.062012
     H   13       -0.148584        0.528222        0.756439
     H   13       -0.062012        0.756439       -0.033852

     C   14        0.272376       -0.295507        0.297307
     C   14       -0.295507       -0.044179        0.293792
     C   14        0.297307        0.293792       -0.228197

     H   15        0.701950        0.207712        0.716395
     H   15        0.207712       -0.526612        0.192215
     H   15        0.716395        0.192215       -0.175339

     C   16        0.179529       -0.317466        0.195018
     C   16       -0.317466        0.036505        0.392937
     C   16        0.195018        0.392937       -0.216035

     C   17        0.137863       -0.208797        0.239025
     C   17       -0.208797       -0.047860        0.476427
     C   17        0.239025        0.476427       -0.090003

     Cl  18        0.152173       -0.175511       -0.018650
     Cl  18       -0.175511       -0.051105        0.010153
     Cl  18       -0.018650        0.010153       -0.101068

     H   19       -0.543693       -0.035800        0.037142
     H   19       -0.035800        0.255814       -0.787843
     H   19        0.037142       -0.787843        0.287879

     C   20        0.088579        0.246162        0.371114
     C   20        0.246162       -0.035979       -0.272604
     C   20        0.371114       -0.272604       -0.052601

     H   21        0.490918       -0.270300        0.743277
     H   21       -0.270300       -0.414057       -0.268490
     H   21        0.743277       -0.268490       -0.076861

     C   22       -0.016185        0.236456        0.240579
     C   22        0.236456        0.196055       -0.428112
     C   22        0.240579       -0.428112       -0.179871

     C   23       -0.014451        0.281446        0.358705
     C   23        0.281446        0.178233       -0.377772
     C   23        0.358705       -0.377772       -0.163783

     Cl  24        0.064802        0.249934        0.054780
     Cl  24        0.249934        0.097120        0.031924
     Cl  24        0.054780        0.031924       -0.161922

     ----- GIPAW term -----
     Cl   1        0.678402       -2.642963       -0.549067
     Cl   1       -2.642963       -0.171306        0.984217
     Cl   1       -0.549067        0.984217       -0.507096

     C    2       -0.078513       -0.102682       -0.176604
     C    2       -0.102682       -0.067193        0.080343
     C    2       -0.176604        0.080343        0.145706

     C    3       -0.083358       -0.041302       -0.050940
     C    3       -0.041302        0.133489       -0.029410
     C    3       -0.050940       -0.029410       -0.050131

     H    4       -0.000000        0.000000        0.000000
     H    4        0.000000        0.000000        0.000000
     H    4        0.000000        0.000000        0.000000

     C    5       -0.251472        0.063986       -0.043917
     C    5        0.063986        0.282435        0.138494
     C    5       -0.043917        0.138494       -0.030963

     H    6       -0.000000        0.000000        0.000000
     H    6        0.000000        0.000000        0.000000
     H    6        0.000000        0.000000        0.000000

     H    7       -0.000000        0.000000        0.000000
     H    7        0.000000        0.000000        0.000000
     H    7        0.000000        0.000000        0.000000

     C    8       -0.041347       -0.112169       -0.044504
     C    8       -0.112169        0.063433        0.136931
     C    8       -0.044504        0.136931       -0.022085

     H    9       -0.000000        0.000000        0.000000
     H    9        0.000000        0.000000        0.000000
     H    9        0.000000        0.000000        0.000000

     C   10       -0.023399       -0.120328       -0.099859
     C   10       -0.120328       -0.025008        0.137895
     C   10       -0.099859        0.137895        0.048408

     C   11        0.156404        0.202432        0.000526
     C   11        0.202432       -0.061985        0.094756
     C   11        0.000526        0.094756       -0.094418

     Cl  12        1.769704       -0.379616       -0.827749
     Cl  12       -0.379616        0.316752        0.675019
     Cl  12       -0.827749        0.675019       -2.086456

     H   13       -0.000000        0.000000        0.000000
     H   13        0.000000        0.000000        0.000000
     H   13        0.000000        0.000000        0.000000

     C   14       -0.012264       -0.038026       -0.170642
     C   14       -0.038026       -0.153719       -0.010065
     C   14       -0.170642       -0.010065        0.165983

     H   15       -0.000000        0.000000        0.000000
     H   15        0.000000        0.000000        0.000000
     H   15        0.000000        0.000000        0.000000

     C   16       -0.077880        0.004287       -0.124315
     C   16        0.004287       -0.057597        0.045621
     C   16       -0.124315        0.045621        0.135477

     C   17       -0.070561       -0.128852       -0.069387
     C   17       -0.128852       -0.088025        0.147461
     C   17       -0.069387        0.147461        0.158586

     Cl  18        0.014293       -0.132091        0.046543
     Cl  18       -0.132091        2.142515        0.459626
     Cl  18        0.046543        0.459626       -2.156808

     H   19       -0.000000        0.000000        0.000000
     H   19        0.000000        0.000000        0.000000
     H   19        0.000000        0.000000        0.000000

     C   20       -0.135237       -0.032051       -0.003121
     C   20       -0.032051        0.039786        0.179382
     C   20       -0.003121        0.179382        0.095451

     H   21       -0.000000        0.000000        0.000000
     H   21        0.000000        0.000000        0.000000
     H   21        0.000000        0.000000        0.000000

     C   22       -0.001878       -0.000541       -0.004580
     C   22       -0.000541        0.029703        0.024444
     C   22       -0.004580        0.024444       -0.027825

     C   23       -0.073483       -0.053096       -0.107085
     C   23       -0.053096        0.082025        0.173054
     C   23       -0.107085        0.173054       -0.008543

     Cl  24        0.064395        0.381173        0.010121
     Cl  24        0.381173        0.237679        0.194193
     Cl  24        0.010121        0.194193       -0.302074

     ----- total EFG -----
     Cl   1        0.767117       -2.969135       -0.573706
     Cl   1       -2.969135       -0.190460        1.085322
     Cl   1       -0.573706        1.085322       -0.576657

     C    2       -0.452918       -0.131611       -0.274437
     C    2       -0.131611       -0.092613        0.302840
     C    2       -0.274437        0.302840        0.545531

     C    3        0.059776       -0.240959       -0.087218
     C    3       -0.240959       -0.032815       -0.215963
     C    3       -0.087218       -0.215963       -0.026961

     H    4        0.280129        0.307969        0.214882
     H    4        0.307969       -0.436820        0.175790
     H    4        0.214882        0.175790        0.156692

     C    5       -0.891095        0.170689       -0.189487
     C    5        0.170689        0.674239        0.413597
     C    5       -0.189487        0.413597        0.216856

     H    6       -0.126216       -0.173896        0.066799
     H    6       -0.173896        0.109226        0.302330
     H    6        0.066799        0.302330        0.016990

     H    7       -0.220988        0.083817       -0.087636
     H    7        0.083817        0.100856       -0.209050
     H    7       -0.087636       -0.209050        0.120132

     C    8       -0.187974       -0.173606        0.032564
     C    8       -0.173606        0.064437        0.371376
     C    8        0.032564        0.371376        0.123538

     H    9        0.450303        0.006257        0.318757
     H    9        0.006257       -0.293652       -0.339513
     H    9        0.318757       -0.339513       -0.156651

     C   10       -0.175409       -0.263089       -0.066851
     C   10       -0.263089       -0.094225        0.323052
     C   10       -0.066851        0.323052        0.269634

     C   11        0.085829        0.644537        0.008861
     C   11        0.644537       -0.104591        0.270989
     C   11        0.008861        0.270989        0.018762

     Cl  12        1.847376       -0.468627       -0.882611
     Cl  12       -0.468627        0.386968        0.750028
     Cl  12       -0.882611        0.750028       -2.234344

     H   13       -0.326285       -0.052623        0.305570
     H   13       -0.052623        0.610747        0.349810
     H   13        0.305570        0.349810       -0.284463

     C   14        0.171768       -0.365320       -0.210784
     C   14       -0.365320       -0.383814       -0.010151
     C   14       -0.210784       -0.010151        0.212046

     H   15        0.760695        0.091266        0.298855
     H   15        0.091266       -0.033011        0.112100
     H   15        0.298855        0.112100       -0.727684

     C   16       -0.206469        0.015318       -0.203392
     C   16        0.015318        0.016194        0.395694
     C   16       -0.203392        0.395694        0.190275

     C   17        0.094512       -0.440522       -0.120751
     C   17       -0.440522       -0.585942        0.266601
     C   17       -0.120751        0.266601        0.491430

     Cl  18       -0.008555       -0.044703        0.032395
     Cl  18       -0.044703        2.280180        0.506345
     Cl  18        0.032395        0.506345       -2.271624

     H   19       -0.065030       -0.035355        0.067648
     H   19       -0.035355        0.384790       -0.651203
     H   19        0.067648       -0.651203       -0.319760

     C   20       -0.448051       -0.082303        0.276704
     C   20       -0.082303        0.126133        0.214128
     C   20        0.276704        0.214128        0.321919

     H   21        0.620679       -0.281374        0.332248
     H   21       -0.281374       -0.194942       -0.523680
     H   21        0.332248       -0.523680       -0.425737

     C   22        0.218632        0.171106        0.186375
     C   22        0.171106        0.122953       -0.237501
     C   22        0.186375       -0.237501       -0.341585

     C   23       -0.366963       -0.044936       -0.141070
     C   23       -0.044936        0.290051        0.122675
     C   23       -0.141070        0.122675        0.076912

     Cl  24        0.170957        0.899357        0.388999
     Cl  24        0.899357        0.231385       -0.222350
     Cl  24        0.388999       -0.222350       -0.402342

     ----- total EFG (symmetrized) -----
     Cl   1        0.767117       -2.969135       -0.573706
     Cl   1       -2.969135       -0.190460        1.085322
     Cl   1       -0.573706        1.085322       -0.576657

     C    2       -0.452918       -0.131611       -0.274437
     C    2       -0.131611       -0.092613        0.302840
     C    2       -0.274437        0.302840        0.545531

     C    3        0.059776       -0.240959       -0.087218
     C    3       -0.240959       -0.032815       -0.215963
     C    3       -0.087218       -0.215963       -0.026961

     H    4        0.280129        0.307969        0.214882
     H    4        0.307969       -0.436820        0.175790
     H    4        0.214882        0.175790        0.156692

     C    5       -0.891095        0.170689       -0.189487
     C    5        0.170689        0.674239        0.413597
     C    5       -0.189487        0.413597        0.216856

     H    6       -0.126216       -0.173896        0.066799
     H    6       -0.173896        0.109226        0.302330
     H    6        0.066799        0.302330        0.016990

     H    7       -0.220988        0.083817       -0.087636
     H    7        0.083817        0.100856       -0.209050
     H    7       -0.087636       -0.209050        0.120132

     C    8       -0.187974       -0.173606        0.032564
     C    8       -0.173606        0.064437        0.371376
     C    8        0.032564        0.371376        0.123538

     H    9        0.450303        0.006257        0.318757
     H    9        0.006257       -0.293652       -0.339513
     H    9        0.318757       -0.339513       -0.156651

     C   10       -0.175409       -0.263089       -0.066851
     C   10       -0.263089       -0.094225        0.323052
     C   10       -0.066851        0.323052        0.269634

     C   11        0.085829        0.644537        0.008861
     C   11        0.644537       -0.104591        0.270989
     C   11        0.008861        0.270989        0.018762

     Cl  12        1.847376       -0.468627       -0.882611
     Cl  12       -0.468627        0.386968        0.750028
     Cl  12       -0.882611        0.750028       -2.234344

     H   13       -0.326285       -0.052623        0.305570
     H   13       -0.052623        0.610747        0.349810
     H   13        0.305570        0.349810       -0.284463

     C   14        0.171768       -0.365320       -0.210784
     C   14       -0.365320       -0.383814       -0.010151
     C   14       -0.210784       -0.010151        0.212046

     H   15        0.760695        0.091266        0.298855
     H   15        0.091266       -0.033011        0.112100
     H   15        0.298855        0.112100       -0.727684

     C   16       -0.206469        0.015318       -0.203392
     C   16        0.015318        0.016194        0.395694
     C   16       -0.203392        0.395694        0.190275

     C   17        0.094512       -0.440522       -0.120751
     C   17       -0.440522       -0.585942        0.266601
     C   17       -0.120751        0.266601        0.491430

     Cl  18       -0.008555       -0.044703        0.032395
     Cl  18       -0.044703        2.280180        0.506345
     Cl  18        0.032395        0.506345       -2.271624

     H   19       -0.065030       -0.035355        0.067648
     H   19       -0.035355        0.384790       -0.651203
     H   19        0.067648       -0.651203       -0.319760

     C   20       -0.448051       -0.082303        0.276704
     C   20       -0.082303        0.126133        0.214128
     C   20        0.276704        0.214128        0.321919

     H   21        0.620679       -0.281374        0.332248
     H   21       -0.281374       -0.194942       -0.523680
     H   21        0.332248       -0.523680       -0.425737

     C   22        0.218632        0.171106        0.186375
     C   22        0.171106        0.122953       -0.237501
     C   22        0.186375       -0.237501       -0.341585

     C   23       -0.366963       -0.044936       -0.141070
     C   23       -0.044936        0.290051        0.122675
     C   23       -0.141070        0.122675        0.076912

     Cl  24        0.170957        0.899357        0.388999
     Cl  24        0.899357        0.231385       -0.222350
     Cl  24        0.388999       -0.222350       -0.402342


     NQR/NMR SPECTROSCOPIC PARAMETERS:
     Cl   1    Vxx=   -0.7883    axis=(  0.342992 -0.001826  0.939336)
     Cl   1    Vyy=   -2.8208    axis=(  0.601277  0.768711 -0.218058)
     Cl   1    Vzz=    3.6090    axis=( -0.721680  0.639594  0.264760)
     Cl   1  Q=        -8.1650 1e-30 m^2  Cq=       -69.2370 MHz  eta= 0.56317

     C    2    Vxx=   -0.2122    axis=( -0.059291  0.919370 -0.388901)
     C    2    Vyy=   -0.5312    axis=(  0.967429  0.148968  0.204671)
     C    2    Vzz=    0.7435    axis=( -0.246102  0.364099  0.898257)
     C    2  Q=         1.0000 1e-30 m^2  Cq=         1.7469 MHz  eta= 0.42909

     C    3    Vxx=    0.0942    axis=( -0.594649 -0.197156  0.779437)
     C    3    Vyy=    0.2820    axis=( -0.640037  0.702798 -0.310527)
     C    3    Vzz=   -0.3763    axis=( -0.486564 -0.683523 -0.544106)
     C    3  Q=         1.0000 1e-30 m^2  Cq=        -0.8840 MHz  eta= 0.49924

     H    4    Vxx=   -0.0023    axis=( -0.560039 -0.062734  0.826087)
     H    4    Vyy=   -0.5635    axis=( -0.308522  0.941200 -0.137685)
     H    4    Vzz=    0.5658    axis=( -0.768876 -0.331975 -0.546464)
     H    4  Q=         1.0000 1e-30 m^2  Cq=         1.3295 MHz  eta= 0.99175

     C    5    Vxx=    0.0398    axis=( -0.258501 -0.477797  0.839576)
     C    5    Vyy=    0.9196    axis=( -0.029084 -0.864873 -0.501148)
     C    5    Vzz=   -0.9595    axis=(  0.965573 -0.153966  0.209674)
     C    5  Q=         1.0000 1e-30 m^2  Cq=        -2.2543 MHz  eta= 0.91699

     H    6    Vxx=   -0.0235    axis=(  0.788076 -0.249441  0.562774)
     H    6    Vyy=   -0.3621    axis=( -0.587131 -0.579288  0.565423)
     H    6    Vzz=    0.3856    axis=( -0.184969  0.776018  0.602978)
     H    6  Q=         1.0000 1e-30 m^2  Cq=         0.9060 MHz  eta= 0.87825

     H    7    Vxx=   -0.0988    axis=(  0.000592  0.723088  0.690755)
     H    7    Vyy=   -0.2469    axis=( -0.977863  0.144957 -0.150905)
     H    7    Vzz=    0.3457    axis=( -0.209248 -0.675375  0.707167)
     H    7  Q=         1.0000 1e-30 m^2  Cq=         0.8123 MHz  eta= 0.42856

     C    8    Vxx=   -0.0870    axis=( -0.781124  0.358367 -0.511292)
     C    8    Vyy=   -0.3933    axis=( -0.607230 -0.626612  0.488497)
     C    8    Vzz=    0.4803    axis=( -0.145320  0.692048  0.707072)
     C    8  Q=         1.0000 1e-30 m^2  Cq=         1.1286 MHz  eta= 0.63770

     H    9    Vxx=    0.0072    axis=(  0.420215  0.682944 -0.597501)
     H    9    Vyy=    0.6076    axis=(  0.883989 -0.159414  0.439489)
     H    9    Vzz=   -0.6149    axis=( -0.204896  0.712864  0.670703)
     H    9  Q=         1.0000 1e-30 m^2  Cq=        -1.4447 MHz  eta= 0.97647

     C   10    Vxx=   -0.0692    axis=( -0.716406  0.428938 -0.550249)
     C   10    Vyy=   -0.4456    axis=( -0.637618 -0.722673  0.266808)
     C   10    Vzz=    0.5149    axis=( -0.283206  0.541992  0.791226)
     C   10  Q=         1.0000 1e-30 m^2  Cq=         1.2097 MHz  eta= 0.73105

     C   11    Vxx=    0.0224    axis=( -0.383264  0.025009  0.923300)
     C   11    Vyy=    0.6944    axis=( -0.701297 -0.658410 -0.273275)
     C   11    Vzz=   -0.7168    axis=(  0.601076 -0.752244  0.269884)
     C   11  Q=         1.0000 1e-30 m^2  Cq=        -1.6843 MHz  eta= 0.93744

     Cl  12    Vxx=    0.3184    axis=(  0.365053  0.919779  0.144025)
     Cl  12    Vyy=    2.2413    axis=( -0.915455  0.326501  0.235245)
     Cl  12    Vzz=   -2.5597    axis=(  0.169349 -0.217725  0.961206)
     Cl  12  Q=        -8.1650 1e-30 m^2  Cq=        49.1072 MHz  eta= 0.75121

     H   13    Vxx=   -0.0588    axis=(  0.748318 -0.260016  0.610255)
     H   13    Vyy=   -0.6749    axis=(  0.661391  0.221997 -0.716435)
     H   13    Vzz=    0.7338    axis=(  0.050810  0.939739  0.338097)
     H   13  Q=         1.0000 1e-30 m^2  Cq=         1.7240 MHz  eta= 0.83971

     C   14    Vxx=    0.0958    axis=( -0.462258  0.369131 -0.806263)
     C   14    Vyy=    0.4831    axis=(  0.755703 -0.311708 -0.575979)
     C   14    Vzz=   -0.5790    axis=(  0.463930  0.875546  0.134864)
     C   14  Q=         1.0000 1e-30 m^2  Cq=        -1.3603 MHz  eta= 0.66891

     H   15    Vxx=   -0.0359    axis=(  0.148534 -0.984301 -0.095337)
     H   15    Vyy=   -0.7968    axis=(  0.180156  0.121726 -0.976077)
     H   15    Vzz=    0.8327    axis=(  0.972359  0.127805  0.195408)
     H   15  Q=         1.0000 1e-30 m^2  Cq=         1.9566 MHz  eta= 0.91372

     C   16    Vxx=   -0.1290    axis=(  0.766082  0.593271 -0.247280)
     C   16    Vyy=   -0.4101    axis=( -0.610251  0.550597 -0.569594)
     C   16    Vzz=    0.5391    axis=( -0.201772  0.587258  0.783847)
     C   16  Q=         1.0000 1e-30 m^2  Cq=         1.2666 MHz  eta= 0.52158

     C   17    Vxx=    0.1685    axis=( -0.800263  0.279853 -0.530341)
     C   17    Vyy=    0.6609    axis=( -0.437166  0.333085  0.835428)
     C   17    Vzz=   -0.8295    axis=(  0.410445  0.900409 -0.144213)
     C   17  Q=         1.0000 1e-30 m^2  Cq=        -1.9489 MHz  eta= 0.59361

     Cl  18    Vxx=   -0.0087    axis=(  0.999720  0.015588  0.017799)
     Cl  18    Vyy=   -2.3279    axis=(  0.015990  0.109365 -0.993873)
     Cl  18    Vzz=    2.3365    axis=( -0.017439  0.993879  0.109085)
     Cl  18  Q=        -8.1650 1e-30 m^2  Cq=       -44.8253 MHz  eta= 0.99257

     H   19    Vxx=   -0.0676    axis=(  0.995093  0.097946  0.014011)
     H   19    Vyy=   -0.7104    axis=( -0.062155  0.508624  0.858742)
     H   19    Vzz=    0.7779    axis=(  0.076984 -0.855399  0.512216)
     H   19  Q=         1.0000 1e-30 m^2  Cq=         1.8278 MHz  eta= 0.82631

     C   20    Vxx=    0.0676    axis=(  0.335107 -0.868084  0.366242)
     C   20    Vyy=    0.5009    axis=(  0.214079  0.448705  0.867660)
     C   20    Vzz=   -0.5685    axis=( -0.917537 -0.212355  0.336202)
     C   20  Q=         1.0000 1e-30 m^2  Cq=        -1.3357 MHz  eta= 0.76230

     H   21    Vxx=   -0.0451    axis=(  0.534597  0.691907 -0.485254)
     H   21    Vyy=   -0.8518    axis=( -0.063341  0.605381  0.793411)
     H   21    Vzz=    0.8969    axis=(  0.842730 -0.393419  0.367461)
     H   21  Q=         1.0000 1e-30 m^2  Cq=         2.1074 MHz  eta= 0.89949

     C   22    Vxx=    0.1709    axis=( -0.509621  0.694877 -0.507379)
     C   22    Vyy=    0.3485    axis=( -0.802366 -0.596725 -0.011329)
     C   22    Vzz=   -0.5194    axis=( -0.310638  0.401330  0.861649)
     C   22  Q=         1.0000 1e-30 m^2  Cq=        -1.2204 MHz  eta= 0.34200

     C   23    Vxx=    0.0479    axis=(  0.237148  0.473621 -0.848200)
     C   23    Vyy=    0.3603    axis=(  0.142095 -0.880628 -0.452000)
     C   23    Vzz=   -0.4081    axis=(  0.961025  0.013334  0.276139)
     C   23  Q=         1.0000 1e-30 m^2  Cq=        -0.9589 MHz  eta= 0.76549

     Cl  24    Vxx=   -0.0984    axis=(  0.368395 -0.459829  0.807986)
     Cl  24    Vyy=   -1.0113    axis=( -0.604399  0.541915  0.583978)
     Cl  24    Vzz=    1.1097    axis=( -0.706390 -0.703481 -0.078281)
     Cl  24  Q=        -8.1650 1e-30 m^2  Cq=       -21.2894 MHz  eta= 0.82259

     Initialization:
     gipaw_setup  :      9.08s CPU     10.67s WALL (       1 calls)

     Linear response

     Apply operators

     Induced current

     Other routines
     efg          :      9.08s CPU     11.09s WALL (       1 calls)

     General routines
     calbec       :      3.20s CPU      4.09s WALL (      16 calls)
     fft          :      1.64s CPU      2.53s WALL (      15 calls)
     ffts         :      0.03s CPU      0.04s WALL (       2 calls)
     fftw         :      3.19s CPU      3.71s WALL (     672 calls)
     davcio       :      0.01s CPU      0.31s WALL (      32 calls)

     Parallel routines
     fft_scatter  :      2.21s CPU      3.44s WALL (     689 calls)

     Plugins

     GIPAW        :     62.28s CPU     71.50s WALL (       1 calls)
