
     Program QE v.6.0 (svn rev. 13079) starts on 20Jan2017 at  6:50:42 

     This program is part of the open-source Quantum ESPRESSO suite
     for quantum simulation of materials; please cite
         "P. Giannozzi et al., J. Phys.:Condens. Matter 21 395502 (2009);
          URL http://www.quantum-espresso.org", 
     in publications or presentations arising from this work. More details at
     http://www.quantum-espresso.org/quote

     Parallel version (MPI), running on     8 processors
     R & G space division:  proc/nbgrp/npool/nimage =       8

     ***** This is GIPAW svn revision unknown      *****

     Parallelizing q-star over 1 images

     Reading data from directory:
     /users/majewski/paradichlorobenzene/pbe/9_constraint/scratch/pbe.ecut100.np8.dt60.pcl2phi-129368.save
     Message from routine read_xml_file:
     file /users/majewski/paradichlorobenzene/pbe/9_constraint/scratch/pbe.ecut100.np8.dt60.pcl2phi-129368.save not guaranteed to be safe for post-processing

   Info: using nr1, nr2, nr3 values from input

   Info: using nr1, nr2, nr3 values from input

     IMPORTANT: XC functional enforced from input :
     Exchange-correlation      =  SLA  PW   PBX  PBC ( 1  4  3  4 0 0)
     Any further DFT definition will be discarded
     Please, verify this is what you really want

               file C.pbe-n-kjpaw_psl.1.0.0.UPF: wavefunction(s)  2S 2P renormalized
               file Cl.pbe-n-kjpaw_psl.1.0.0.UPF: wavefunction(s)  3S 3P renormalized
               file H.pbe-kjpaw_psl.1.0.0.UPF: wavefunction(s)  1S renormalized

     Parallelization info
     --------------------
     sticks:   dense  smooth     PW     G-vecs:    dense   smooth      PW
     Min        3057    1223    332               144436    36536    5170
     Max        3059    1225    333               144437    36537    5171
     Sum       24467    9791   2657              1155489   292295   41363


     Subspace diagonalization in iterative solution of the eigenvalue problem:
     a serial algorithm will be used

     GIPAW projectors -----------------------------------------------
     atom=  C    l=0  rc=    1.2000  rs=    0.8000
     atom=  C    l=0  rc=    1.2000  rs=    0.8000
     atom=  C    l=1  rc=    1.4000  rs=    0.9333
     atom=  C    l=1  rc=    1.4000  rs=    0.9333
     projs nearly linearly dependent: l=1  n1,n2= 1, 2  s=  0.99951561

     atom=  Cl   l=0  rc=    1.6000  rs=    1.0667
     atom=  Cl   l=0  rc=    1.6000  rs=    1.0667
     atom=  Cl   l=1  rc=    1.6000  rs=    1.0667
     atom=  Cl   l=1  rc=    1.6000  rs=    1.0667
     atom=  Cl   l=2  rc=    1.6000  rs=    1.0667
     atom=  Cl   l=2  rc=    1.6000  rs=    1.0667
     projs nearly linearly dependent: l=2  n1,n2= 1, 2  s=  0.99993509

     atom=  H    l=0  rc=    1.0000  rs=    0.6667
     atom=  H    l=0  rc=    1.0000  rs=    0.6667
     projs nearly linearly dependent: l=0  n1,n2= 1, 2  s=  0.99968852
     -----------------------------------------------------------------

     GIPAW integrals: -------------------------------------------
     Atom  i/j   nmr_para   nmr_dia   epr_rmc  epr_para   epr_dia
       C   1 1   0.83E+03  0.17E-01  0.93E+01  0.24E+08  0.24E+03
       C   2 1   0.86E+03 -0.61E-01  0.94E+01  0.25E+08  0.25E+03
       C   2 2   0.90E+03 -0.15E+00  0.97E+01  0.26E+08  0.26E+03
       C   3 3   0.33E+01  0.34E+00  0.18E+01  0.55E+03  0.21E+02
       C   4 3   0.35E+01  0.37E+00  0.20E+01  0.59E+03  0.22E+02
       C   4 4   0.38E+01  0.39E+00  0.22E+01  0.63E+03  0.24E+02
       Cl  1 1   0.14E+04 -0.47E+00  0.84E+01  0.32E+09  0.42E+03
       Cl  2 1   0.21E+04 -0.37E+00  0.12E+02  0.49E+09  0.65E+03
       Cl  2 2   0.33E+04 -0.16E+00  0.21E+02  0.76E+09  0.10E+04
       Cl  3 3   0.21E+02  0.79E-01  0.89E+01  0.23E+05  0.13E+03
       Cl  4 3   0.24E+02  0.67E-01  0.99E+01  0.27E+05  0.15E+03
       Cl  4 4   0.28E+02  0.44E-01  0.11E+02  0.32E+05  0.18E+03
       Cl  5 5   0.77E+00  0.19E+00  0.18E+01  0.12E+03  0.22E+02
       Cl  6 5   0.80E+00  0.19E+00  0.19E+01  0.12E+03  0.23E+02
       Cl  6 6   0.83E+00  0.20E+00  0.19E+01  0.12E+03  0.23E+02
       H   1 1   0.39E+02  0.19E+00  0.29E+00  0.78E+05  0.13E+02
       H   2 1   0.41E+02  0.21E+00  0.32E+00  0.82E+05  0.14E+02
       H   2 2   0.43E+02  0.22E+00  0.36E+00  0.86E+05  0.15E+02
     ------------------------------------------------------------

     alpha_pv=     34.3045 eV

     Number of occupied bands for each k-point:
     k-point:     1    nbnd_occ=  42
     k-point:     2    nbnd_occ=  42
     k-point:     3    nbnd_occ=  42
     k-point:     4    nbnd_occ=  42
     k-point:     5    nbnd_occ=  42
     k-point:     6    nbnd_occ=  42
     k-point:     7    nbnd_occ=  42
     k-point:     8    nbnd_occ=  42
     k-point:     9    nbnd_occ=  42
     k-point:    10    nbnd_occ=  42
     k-point:    11    nbnd_occ=  42
     k-point:    12    nbnd_occ=  42
     k-point:    13    nbnd_occ=  42
     k-point:    14    nbnd_occ=  42
     k-point:    15    nbnd_occ=  42
     k-point:    16    nbnd_occ=  42


     q-space interpolation up to   110.00 Rydberg

     GIPAW job: efg                                                                             


     ELECTRIC FIELD GRADIENTS TENSORS IN Hartree/bohrradius^2:

     ----- bare term -----
     Cl   1        0.119607        0.031668        0.035895
     Cl   1        0.031668       -0.147965       -0.087591
     Cl   1        0.035895       -0.087591        0.028358

     C    2       -0.692779        0.449744       -0.347590
     C    2        0.449744        0.337567       -0.131426
     C    2       -0.347590       -0.131426        0.355213

     C    3        0.340609        0.035146       -0.229553
     C    3        0.035146       -0.236552       -0.391607
     C    3       -0.229553       -0.391607       -0.104057

     H    4        0.020150        0.206242       -0.380602
     H    4        0.206242       -0.055189        0.103001
     H    4       -0.380602        0.103001        0.035038

     C    5       -0.516528        0.289792       -0.058069
     C    5        0.289792        0.160350        0.031899
     C    5       -0.058069        0.031899        0.356178

     H    6        0.526137        0.020577        0.030732
     H    6        0.020577        0.019759       -0.139380
     H    6        0.030732       -0.139380       -0.545896

     H    7        0.323646        0.263410        0.052657
     H    7        0.263410       -0.616230       -0.103041
     H    7        0.052657       -0.103041        0.292584

     C    8        0.123398        0.032318       -0.105033
     C    8        0.032318       -0.188050        0.263220
     C    8       -0.105033        0.263220        0.064652

     H    9       -0.184464        0.386439        0.059059
     H    9        0.386439       -0.112495       -0.144657
     H    9        0.059059       -0.144657        0.296959

     C   10       -0.169645        0.030141        0.143615
     C   10        0.030141       -0.142617       -0.252308
     C   10        0.143615       -0.252308        0.312262

     C   11        0.291171        0.026809       -0.174114
     C   11        0.026809       -0.202370        0.408183
     C   11       -0.174114        0.408183       -0.088801

     Cl  12        0.081144       -0.168200        0.090335
     Cl  12       -0.168200       -0.157865       -0.373543
     Cl  12        0.090335       -0.373543        0.076721

     H   13        0.404998        0.067916        0.209518
     H   13        0.067916       -0.046962       -0.561622
     H   13        0.209518       -0.561622       -0.358036

     C   14       -0.129774       -0.150959       -0.391410
     C   14       -0.150959       -0.126377       -0.350184
     C   14       -0.391410       -0.350184        0.256150

     H   15       -0.133592       -0.168328       -0.460816
     H   15       -0.168328        0.410345       -0.242933
     H   15       -0.460816       -0.242933       -0.276753

     C   16       -0.626920        0.330331       -0.315879
     C   16        0.330331        0.212997       -0.123505
     C   16       -0.315879       -0.123505        0.413923

     C   17        0.049556       -0.161611       -0.332093
     C   17       -0.161611       -0.009870       -0.646674
     C   17       -0.332093       -0.646674       -0.039687

     Cl  18       -0.235206        0.294934       -0.002410
     Cl  18        0.294934        0.080938       -0.059202
     Cl  18       -0.002410       -0.059202        0.154269

     H   19        0.481349        0.143823       -0.013056
     H   19        0.143823       -0.577417        0.134889
     H   19       -0.013056        0.134889        0.096068

     C   20       -0.879203       -0.359591       -0.477332
     C   20       -0.359591        0.341063       -0.028488
     C   20       -0.477332       -0.028488        0.538140

     H   21       -0.531700        0.145534        0.223326
     H   21        0.145534        0.366100        0.185241
     H   21        0.223326        0.185241        0.165599

     C   22        0.195016        0.020345       -0.043481
     C   22        0.020345       -0.506689        0.422386
     C   22       -0.043481        0.422386        0.311673

     C   23       -0.813338       -0.470264       -0.356724
     C   23       -0.470264        0.333669        0.018598
     C   23       -0.356724        0.018598        0.479669

     Cl  24       -0.037568        0.006423        0.051068
     Cl  24        0.006423       -0.025372       -0.076703
     Cl  24        0.051068       -0.076703        0.062940

     ----- ionic term -----
     Cl   1        0.122204       -0.231513       -0.025336
     Cl   1       -0.231513        0.012048        0.026260
     Cl   1       -0.025336        0.026260       -0.134253

     C    2        0.091951       -0.221584        0.292294
     C    2       -0.221584       -0.009188        0.500244
     C    2        0.292294        0.500244       -0.082763

     C    3        0.099740       -0.262050        0.205247
     C    3       -0.262050        0.050166        0.428124
     C    3        0.205247        0.428124       -0.149905

     H    4        0.573285        0.058812        0.735101
     H    4        0.058812       -0.512297        0.102051
     H    4        0.735101        0.102051       -0.060988

     C    5        0.252719       -0.224603        0.267957
     C    5       -0.224603       -0.051456        0.327262
     C    5        0.267957        0.327262       -0.201263

     H    6       -0.541548        0.003727        0.011019
     H    6        0.003727        0.483405        0.806799
     H    6        0.011019        0.806799        0.058143

     H    7       -0.504508       -0.221996        0.064465
     H    7       -0.221996        0.918004       -0.458406
     H    7        0.064465       -0.458406       -0.413496

     C    8        0.374511        0.062538        0.064478
     C    8        0.062538        0.111170       -0.281784
     C    8        0.064478       -0.281784       -0.485681

     H    9        0.827280       -0.404938        0.443728
     H    9       -0.404938       -0.365104       -0.206027
     H    9        0.443728       -0.206027       -0.462175

     C   10        0.231013        0.101396        0.029815
     C   10        0.101396        0.244410       -0.386810
     C   10        0.029815       -0.386810       -0.475422

     C   11        0.231080       -0.042841        0.043940
     C   11       -0.042841        0.279566       -0.373588
     C   11        0.043940       -0.373588       -0.510646

     Cl  12        0.122205        0.157317       -0.034174
     Cl  12        0.157317        0.010682       -0.034996
     Cl  12       -0.034174       -0.034996       -0.132887

     H   13       -0.517287       -0.008557        0.026458
     H   13       -0.008557        0.332724        0.801290
     H   13        0.026458        0.801290        0.184563

     C   14        0.254800       -0.279556        0.282469
     C   14       -0.279556       -0.117500        0.325431
     C   14        0.282469        0.325431       -0.137300

     H   15        0.531275        0.067908        0.751895
     H   15        0.067908       -0.565787        0.134437
     H   15        0.751895        0.134437        0.034513

     C   16        0.141044       -0.317516        0.182147
     C   16       -0.317516       -0.014446        0.419605
     C   16        0.182147        0.419605       -0.126598

     C   17        0.196298       -0.191788        0.303234
     C   17       -0.191788       -0.085844        0.438652
     C   17        0.303234        0.438652       -0.110454

     Cl  18        0.141905       -0.183259        0.005954
     Cl  18       -0.183259       -0.004154        0.010518
     Cl  18        0.005954        0.010518       -0.137750

     H   19       -0.516661       -0.072388       -0.005337
     H   19       -0.072388        0.976794       -0.411319
     H   19       -0.005337       -0.411319       -0.460133

     C   20        0.352691        0.054131        0.022450
     C   20        0.054131        0.202532       -0.233590
     C   20        0.022450       -0.233590       -0.555223

     H   21        0.785005       -0.471036        0.423895
     H   21       -0.471036       -0.295395       -0.200736
     H   21        0.423895       -0.200736       -0.489610

     C   22        0.223734        0.124961        0.058239
     C   22        0.124961        0.293352       -0.318928
     C   22        0.058239       -0.318928       -0.517086

     C   23        0.308436        0.100566        0.107448
     C   23        0.100566        0.228670       -0.322797
     C   23        0.107448       -0.322797       -0.537106

     Cl  24        0.182550        0.241320       -0.022679
     Cl  24        0.241320       -0.016223       -0.017900
     Cl  24       -0.022679       -0.017900       -0.166327

     ----- GIPAW term -----
     Cl   1       -0.176114       -0.627247        0.441384
     Cl   1       -0.627247        1.309661        1.640647
     Cl   1        0.441384        1.640647       -1.133547

     C    2       -0.162997        0.008505       -0.035095
     C    2        0.008505        0.284030        0.006830
     C    2       -0.035095        0.006830       -0.121033

     C    3        0.000365       -0.013354       -0.022041
     C    3       -0.013354        0.069442        0.004967
     C    3       -0.022041        0.004967       -0.069807

     H    4       -0.000000        0.000000        0.000000
     H    4        0.000000        0.000000        0.000000
     H    4        0.000000        0.000000        0.000000

     C    5       -0.055450       -0.033042        0.024063
     C    5       -0.033042        0.060442        0.002488
     C    5        0.024063        0.002488       -0.004992

     H    6       -0.000000        0.000000        0.000000
     H    6        0.000000        0.000000        0.000000
     H    6        0.000000        0.000000        0.000000

     H    7       -0.000000        0.000000        0.000000
     H    7        0.000000        0.000000        0.000000
     H    7        0.000000        0.000000        0.000000

     C    8       -0.015317       -0.014568        0.005621
     C    8       -0.014568        0.108161        0.021416
     C    8        0.005621        0.021416       -0.092844

     H    9       -0.000000        0.000000        0.000000
     H    9        0.000000        0.000000        0.000000
     H    9        0.000000        0.000000        0.000000

     C   10        0.007750        0.026745        0.019577
     C   10        0.026745       -0.014155       -0.042009
     C   10        0.019577       -0.042009        0.006405

     C   11        0.023167       -0.001477       -0.019019
     C   11       -0.001477        0.057370       -0.004484
     C   11       -0.019019       -0.004484       -0.080536

     Cl  12       -0.381008       -0.109007       -0.365908
     Cl  12       -0.109007        0.286375        0.892066
     Cl  12       -0.365908        0.892066        0.094633

     H   13       -0.000000        0.000000        0.000000
     H   13        0.000000        0.000000        0.000000
     H   13        0.000000        0.000000        0.000000

     C   14       -0.070594       -0.146892       -0.125235
     C   14       -0.146892        0.056167        0.095070
     C   14       -0.125235        0.095070        0.014426

     H   15       -0.000000        0.000000        0.000000
     H   15        0.000000        0.000000        0.000000
     H   15        0.000000        0.000000        0.000000

     C   16       -0.191323       -0.069868       -0.095395
     C   16       -0.069868        0.217968        0.104981
     C   16       -0.095395        0.104981       -0.026645

     C   17       -0.046180       -0.083402       -0.035491
     C   17       -0.083402        0.172258       -0.122474
     C   17       -0.035491       -0.122474       -0.126078

     Cl  18       -1.099516        0.022996       -0.327874
     Cl  18        0.022996        2.486612       -1.467688
     Cl  18       -0.327874       -1.467688       -1.387095

     H   19       -0.000000        0.000000        0.000000
     H   19        0.000000        0.000000        0.000000
     H   19        0.000000        0.000000        0.000000

     C   20       -0.184664        0.013316       -0.088115
     C   20        0.013316        0.103648       -0.180647
     C   20       -0.088115       -0.180647        0.081016

     H   21       -0.000000        0.000000        0.000000
     H   21        0.000000        0.000000        0.000000
     H   21        0.000000        0.000000        0.000000

     C   22       -0.043713        0.047771       -0.017123
     C   22        0.047771       -0.027364       -0.109243
     C   22       -0.017123       -0.109243        0.071077

     C   23       -0.165417        0.004924       -0.035264
     C   23        0.004924        0.207781       -0.136577
     C   23       -0.035264       -0.136577       -0.042364

     Cl  24       -0.373717        1.723211        0.050910
     Cl  24        1.723211        0.135999       -2.072684
     Cl  24        0.050910       -2.072684        0.237718

     ----- total EFG -----
     Cl   1        0.065697       -0.827092        0.451943
     Cl   1       -0.827092        1.173744        1.579316
     Cl   1        0.451943        1.579316       -1.239442

     C    2       -0.763825        0.236665       -0.090390
     C    2        0.236665        0.612408        0.375648
     C    2       -0.090390        0.375648        0.151417

     C    3        0.440714       -0.240259       -0.046348
     C    3       -0.240259       -0.116944        0.041484
     C    3       -0.046348        0.041484       -0.323770

     H    4        0.593435        0.265054        0.354499
     H    4        0.265054       -0.567485        0.205052
     H    4        0.354499        0.205052       -0.025950

     C    5       -0.319258        0.032147        0.233950
     C    5        0.032147        0.169336        0.361649
     C    5        0.233950        0.361649        0.149922

     H    6       -0.015411        0.024304        0.041751
     H    6        0.024304        0.503164        0.667419
     H    6        0.041751        0.667419       -0.487753

     H    7       -0.180862        0.041414        0.117122
     H    7        0.041414        0.301774       -0.561446
     H    7        0.117122       -0.561446       -0.120912

     C    8        0.482591        0.080288       -0.034934
     C    8        0.080288        0.031281        0.002852
     C    8       -0.034934        0.002852       -0.513873

     H    9        0.642815       -0.018499        0.502787
     H    9       -0.018499       -0.477599       -0.350684
     H    9        0.502787       -0.350684       -0.165216

     C   10        0.069118        0.158282        0.193007
     C   10        0.158282        0.087637       -0.681128
     C   10        0.193007       -0.681128       -0.156755

     C   11        0.545418       -0.017509       -0.149192
     C   11       -0.017509        0.134566        0.030111
     C   11       -0.149192        0.030111       -0.679984

     Cl  12       -0.177658       -0.119890       -0.309747
     Cl  12       -0.119890        0.139192        0.483527
     Cl  12       -0.309747        0.483527        0.038466

     H   13       -0.112289        0.059359        0.235976
     H   13        0.059359        0.285762        0.239668
     H   13        0.235976        0.239668       -0.173474

     C   14        0.054432       -0.577408       -0.234175
     C   14       -0.577408       -0.187709        0.070318
     C   14       -0.234175        0.070318        0.133277

     H   15        0.397683       -0.100421        0.291079
     H   15       -0.100421       -0.155442       -0.108497
     H   15        0.291079       -0.108497       -0.242240

     C   16       -0.677199       -0.057053       -0.229126
     C   16       -0.057053        0.416519        0.401081
     C   16       -0.229126        0.401081        0.260680

     C   17        0.199675       -0.436802       -0.064349
     C   17       -0.436802        0.076544       -0.330496
     C   17       -0.064349       -0.330496       -0.276219

     Cl  18       -1.192818        0.134670       -0.324330
     Cl  18        0.134670        2.563395       -1.516371
     Cl  18       -0.324330       -1.516371       -1.370577

     H   19       -0.035312        0.071435       -0.018393
     H   19        0.071435        0.399377       -0.276429
     H   19       -0.018393       -0.276429       -0.364065

     C   20       -0.711175       -0.292143       -0.542997
     C   20       -0.292143        0.647243       -0.442724
     C   20       -0.542997       -0.442724        0.063932

     H   21        0.253306       -0.325503        0.647221
     H   21       -0.325503        0.070705       -0.015495
     H   21        0.647221       -0.015495       -0.324011

     C   22        0.375037        0.193076       -0.002365
     C   22        0.193076       -0.240701       -0.005784
     C   22       -0.002365       -0.005784       -0.134336

     C   23       -0.670319       -0.364773       -0.284540
     C   23       -0.364773        0.770121       -0.440776
     C   23       -0.284540       -0.440776       -0.099802

     Cl  24       -0.228735        1.970954        0.079299
     Cl  24        1.970954        0.094404       -2.167287
     Cl  24        0.079299       -2.167287        0.134331

     ----- total EFG (symmetrized) -----
     Cl   1        0.065697       -0.827092        0.451943
     Cl   1       -0.827092        1.173744        1.579316
     Cl   1        0.451943        1.579316       -1.239442

     C    2       -0.763825        0.236665       -0.090390
     C    2        0.236665        0.612408        0.375648
     C    2       -0.090390        0.375648        0.151417

     C    3        0.440714       -0.240259       -0.046348
     C    3       -0.240259       -0.116944        0.041484
     C    3       -0.046348        0.041484       -0.323770

     H    4        0.593435        0.265054        0.354499
     H    4        0.265054       -0.567485        0.205052
     H    4        0.354499        0.205052       -0.025950

     C    5       -0.319258        0.032147        0.233950
     C    5        0.032147        0.169336        0.361649
     C    5        0.233950        0.361649        0.149922

     H    6       -0.015411        0.024304        0.041751
     H    6        0.024304        0.503164        0.667419
     H    6        0.041751        0.667419       -0.487753

     H    7       -0.180862        0.041414        0.117122
     H    7        0.041414        0.301774       -0.561446
     H    7        0.117122       -0.561446       -0.120912

     C    8        0.482591        0.080288       -0.034934
     C    8        0.080288        0.031281        0.002852
     C    8       -0.034934        0.002852       -0.513873

     H    9        0.642815       -0.018499        0.502787
     H    9       -0.018499       -0.477599       -0.350684
     H    9        0.502787       -0.350684       -0.165216

     C   10        0.069118        0.158282        0.193007
     C   10        0.158282        0.087637       -0.681128
     C   10        0.193007       -0.681128       -0.156755

     C   11        0.545418       -0.017509       -0.149192
     C   11       -0.017509        0.134566        0.030111
     C   11       -0.149192        0.030111       -0.679984

     Cl  12       -0.177658       -0.119890       -0.309747
     Cl  12       -0.119890        0.139192        0.483527
     Cl  12       -0.309747        0.483527        0.038466

     H   13       -0.112289        0.059359        0.235976
     H   13        0.059359        0.285762        0.239668
     H   13        0.235976        0.239668       -0.173474

     C   14        0.054432       -0.577408       -0.234175
     C   14       -0.577408       -0.187709        0.070318
     C   14       -0.234175        0.070318        0.133277

     H   15        0.397683       -0.100421        0.291079
     H   15       -0.100421       -0.155442       -0.108497
     H   15        0.291079       -0.108497       -0.242240

     C   16       -0.677199       -0.057053       -0.229126
     C   16       -0.057053        0.416519        0.401081
     C   16       -0.229126        0.401081        0.260680

     C   17        0.199675       -0.436802       -0.064349
     C   17       -0.436802        0.076544       -0.330496
     C   17       -0.064349       -0.330496       -0.276219

     Cl  18       -1.192818        0.134670       -0.324330
     Cl  18        0.134670        2.563395       -1.516371
     Cl  18       -0.324330       -1.516371       -1.370577

     H   19       -0.035312        0.071435       -0.018393
     H   19        0.071435        0.399377       -0.276429
     H   19       -0.018393       -0.276429       -0.364065

     C   20       -0.711175       -0.292143       -0.542997
     C   20       -0.292143        0.647243       -0.442724
     C   20       -0.542997       -0.442724        0.063932

     H   21        0.253306       -0.325503        0.647221
     H   21       -0.325503        0.070705       -0.015495
     H   21        0.647221       -0.015495       -0.324011

     C   22        0.375037        0.193076       -0.002365
     C   22        0.193076       -0.240701       -0.005784
     C   22       -0.002365       -0.005784       -0.134336

     C   23       -0.670319       -0.364773       -0.284540
     C   23       -0.364773        0.770121       -0.440776
     C   23       -0.284540       -0.440776       -0.099802

     Cl  24       -0.228735        1.970954        0.079299
     Cl  24        1.970954        0.094404       -2.167287
     Cl  24        0.079299       -2.167287        0.134331


     NQR/NMR SPECTROSCOPIC PARAMETERS:
     Cl   1    Vxx=    0.1729    axis=(  0.906832  0.105443  0.408089)
     Cl   1    Vyy=    2.1088    axis=(  0.273686 -0.883634 -0.379852)
     Cl   1    Vzz=   -2.2817    axis=(  0.320549  0.456150 -0.830166)
     Cl   1  Q=        -8.1650 1e-30 m^2  Cq=        43.7739 MHz  eta= 0.84844

     C    2    Vxx=   -0.0106    axis=( -0.240234 -0.432664  0.868959)
     C    2    Vyy=   -0.8289    axis=( -0.965190  0.201840 -0.166340)
     C    2    Vzz=    0.8395    axis=( -0.103421 -0.878671 -0.466092)
     C    2  Q=         1.0000 1e-30 m^2  Cq=         1.9726 MHz  eta= 0.97467

     C    3    Vxx=   -0.2021    axis=(  0.355761  0.917603  0.177308)
     C    3    Vyy=   -0.3318    axis=( -0.000088 -0.189687  0.981845)
     C    3    Vzz=    0.5339    axis=(  0.934577 -0.349317 -0.067403)
     C    3  Q=         1.0000 1e-30 m^2  Cq=         1.2544 MHz  eta= 0.24295

     H    4    Vxx=   -0.1753    axis=( -0.456271  0.150190  0.877075)
     H    4    Vyy=   -0.6556    axis=( -0.137142  0.962008 -0.236078)
     H    4    Vzz=    0.8308    axis=( -0.879209 -0.228000 -0.418339)
     H    4  Q=         1.0000 1e-30 m^2  Cq=         1.9522 MHz  eta= 0.57813

     C    5    Vxx=   -0.1192    axis=( -0.490942  0.701758 -0.516248)
     C    5    Vyy=   -0.4428    axis=( -0.844764 -0.238614  0.478996)
     C    5    Vzz=    0.5620    axis=(  0.212956  0.671267  0.709965)
     C    5  Q=         1.0000 1e-30 m^2  Cq=         1.3206 MHz  eta= 0.57582

     H    6    Vxx=   -0.0165    axis=(  0.998351 -0.056862  0.007916)
     H    6    Vyy=   -0.8244    axis=(  0.032625  0.448461 -0.893207)
     H    6    Vzz=    0.8408    axis=(  0.047240  0.891992  0.449577)
     H    6  Q=         1.0000 1e-30 m^2  Cq=         1.9756 MHz  eta= 0.96084

     H    7    Vxx=   -0.1429    axis=( -0.949805 -0.207325 -0.234278)
     H    7    Vyy=   -0.5486    axis=( -0.310542  0.534207  0.786248)
     H    7    Vzz=    0.6916    axis=(  0.037856 -0.819536  0.571776)
     H    7  Q=         1.0000 1e-30 m^2  Cq=         1.6249 MHz  eta= 0.58664

     C    8    Vxx=    0.0176    axis=( -0.168918  0.985494  0.016392)
     C    8    Vyy=    0.4976    axis=( -0.984979 -0.169388  0.033542)
     C    8    Vzz=   -0.5152    axis=(  0.035832 -0.010480  0.999303)
     C    8  Q=         1.0000 1e-30 m^2  Cq=        -1.2104 MHz  eta= 0.93180

     H    9    Vxx=   -0.1435    axis=( -0.422376 -0.645027  0.636820)
     H    9    Vyy=   -0.7619    axis=( -0.212741  0.753486  0.622094)
     H    9    Vzz=    0.9054    axis=(  0.881101 -0.127280  0.455478)
     H    9  Q=         1.0000 1e-30 m^2  Cq=         2.1273 MHz  eta= 0.68303

     C   10    Vxx=    0.1409    axis=(  0.961002  0.180899  0.209168)
     C   10    Vyy=    0.6575    axis=(  0.004490 -0.766474  0.642259)
     C   10    Vzz=   -0.7984    axis=(  0.276506 -0.616273 -0.737395)
     C   10  Q=         1.0000 1e-30 m^2  Cq=        -1.8759 MHz  eta= 0.64698

     C   11    Vxx=    0.1345    axis=(  0.052442  0.998251  0.027300)
     C   11    Vyy=    0.5643    axis=( -0.991565  0.048808  0.120068)
     C   11    Vzz=   -0.6988    axis=(  0.118525 -0.033366  0.992390)
     C   11  Q=         1.0000 1e-30 m^2  Cq=        -1.6419 MHz  eta= 0.61515

     Cl  12    Vxx=   -0.1865    axis=( -0.776893 -0.594364  0.207771)
     Cl  12    Vyy=   -0.4934    axis=(  0.534024 -0.447203  0.717515)
     Cl  12    Vzz=    0.6800    axis=(  0.333549 -0.668387 -0.664834)
     Cl  12  Q=        -8.1650 1e-30 m^2  Cq=       -13.0450 MHz  eta= 0.45133

     H   13    Vxx=   -0.0192    axis=(  0.766758 -0.482223  0.423725)
     H   13    Vyy=   -0.4129    axis=(  0.574653  0.221432 -0.787871)
     H   13    Vzz=    0.4322    axis=(  0.286104  0.847602  0.446896)
     H   13  Q=         1.0000 1e-30 m^2  Cq=         1.0154 MHz  eta= 0.91107

     C   14    Vxx=    0.0399    axis=(  0.250813 -0.358404  0.899244)
     C   14    Vyy=    0.6281    axis=( -0.723217  0.548102  0.420169)
     C   14    Vzz=   -0.6680    axis=( -0.643468 -0.755732 -0.121732)
     C   14  Q=         1.0000 1e-30 m^2  Cq=        -1.5696 MHz  eta= 0.88044

     H   15    Vxx=   -0.1601    axis=(  0.284444  0.932297 -0.223412)
     H   15    Vyy=   -0.3759    axis=( -0.299807  0.307854  0.902963)
     H   15    Vzz=    0.5360    axis=(  0.910608 -0.189862  0.367077)
     H   15  Q=         1.0000 1e-30 m^2  Cq=         1.2593 MHz  eta= 0.40264

     C   16    Vxx=   -0.0410    axis=( -0.201575 -0.659742  0.723953)
     C   16    Vyy=   -0.7314    axis=( -0.970556  0.035029 -0.238316)
     C   16    Vzz=    0.7724    axis=(  0.131868 -0.750675 -0.647378)
     C   16  Q=         1.0000 1e-30 m^2  Cq=         1.8149 MHz  eta= 0.89376

     C   17    Vxx=   -0.0213    axis=(  0.607283  0.407696 -0.681902)
     C   17    Vyy=   -0.5934    axis=(  0.386492  0.598291  0.701906)
     C   17    Vzz=    0.6147    axis=( -0.694140  0.689805 -0.205761)
     C   17  Q=         1.0000 1e-30 m^2  Cq=         1.4442 MHz  eta= 0.93065

     Cl  18    Vxx=   -1.1156    axis=(  0.945020 -0.153586 -0.288701)
     Cl  18    Vyy=   -1.9770    axis=(  0.322481  0.291231  0.900661)
     Cl  18    Vzz=    3.0926    axis=( -0.054250 -0.944244  0.324747)
     Cl  18  Q=        -8.1650 1e-30 m^2  Cq=       -59.3309 MHz  eta= 0.27853

     H   19    Vxx=   -0.0454    axis=(  0.990581 -0.126453  0.052521)
     H   19    Vyy=   -0.4537    axis=(  0.010966 -0.309073 -0.950975)
     H   19    Vzz=    0.4991    axis=(  0.136487  0.942594 -0.304775)
     H   19  Q=         1.0000 1e-30 m^2  Cq=         1.1727 MHz  eta= 0.81805

     C   20    Vxx=    0.2296    axis=(  0.548180 -0.396908 -0.736181)
     C   20    Vyy=    0.8857    axis=( -0.000269 -0.880303  0.474411)
     C   20    Vzz=   -1.1153    axis=(  0.836360  0.259865  0.482672)
     C   20  Q=         1.0000 1e-30 m^2  Cq=        -2.6205 MHz  eta= 0.58833

     H   21    Vxx=   -0.0088    axis=(  0.203323  0.905296  0.372960)
     H   21    Vyy=   -0.7780    axis=( -0.565601 -0.202333  0.799472)
     H   21    Vzz=    0.7868    axis=(  0.799221 -0.373498  0.470898)
     H   21  Q=         1.0000 1e-30 m^2  Cq=         1.8486 MHz  eta= 0.97767

     C   22    Vxx=   -0.1342    axis=(  0.014949 -0.027188  0.999519)
     C   22    Vyy=   -0.2964    axis=( -0.276139  0.960641  0.030260)
     C   22    Vzz=    0.4306    axis=( -0.961001 -0.276459  0.006853)
     C   22  Q=         1.0000 1e-30 m^2  Cq=         1.0117 MHz  eta= 0.37662

     C   23    Vxx=   -0.0442    axis=(  0.507938 -0.222862 -0.832065)
     C   23    Vyy=   -0.9439    axis=(  0.848859  0.293688  0.439528)
     C   23    Vzz=    0.9880    axis=(  0.146414 -0.929559  0.338354)
     C   23  Q=         1.0000 1e-30 m^2  Cq=         2.3214 MHz  eta= 0.91061

     Cl  24    Vxx=    0.0149    axis=(  0.737133  0.064047  0.672706)
     Cl  24    Vyy=    2.9298    axis=( -0.434261 -0.717823  0.544194)
     Cl  24    Vzz=   -2.9447    axis=(  0.517738 -0.693273 -0.501318)
     Cl  24  Q=        -8.1650 1e-30 m^2  Cq=        56.4928 MHz  eta= 0.98989

     Initialization:
     gipaw_setup  :      8.96s CPU     10.75s WALL (       1 calls)

     Linear response

     Apply operators

     Induced current

     Other routines
     efg          :      9.09s CPU     11.51s WALL (       1 calls)

     General routines
     calbec       :      3.25s CPU      4.27s WALL (      16 calls)
     fft          :      1.56s CPU      2.43s WALL (      15 calls)
     ffts         :      0.03s CPU      0.04s WALL (       2 calls)
     fftw         :      3.06s CPU      3.77s WALL (     672 calls)
     davcio       :      0.02s CPU      0.33s WALL (      32 calls)

     Parallel routines
     fft_scatter  :      2.01s CPU      3.19s WALL (     689 calls)

     Plugins

     GIPAW        :     60.26s CPU     72.82s WALL (       1 calls)
