
     Program QE v.6.0 (svn rev. 13079) starts on 30Dec2016 at 23:59:10 

     This program is part of the open-source Quantum ESPRESSO suite
     for quantum simulation of materials; please cite
         "P. Giannozzi et al., J. Phys.:Condens. Matter 21 395502 (2009);
          URL http://www.quantum-espresso.org", 
     in publications or presentations arising from this work. More details at
     http://www.quantum-espresso.org/quote

     Parallel version (MPI), running on     8 processors
     R & G space division:  proc/nbgrp/npool/nimage =       8

     ***** This is GIPAW svn revision unknown      *****

     Parallelizing q-star over 1 images

     Reading data from directory:
     /users/majewski/paradichlorobenzene/pbe/9_constraint/scratch/pbe.ecut100.np8.dt60.pcl2phi-129368.save
     Message from routine read_xml_file:
     file /users/majewski/paradichlorobenzene/pbe/9_constraint/scratch/pbe.ecut100.np8.dt60.pcl2phi-129368.save not guaranteed to be safe for post-processing

   Info: using nr1, nr2, nr3 values from input

   Info: using nr1, nr2, nr3 values from input

     IMPORTANT: XC functional enforced from input :
     Exchange-correlation      =  SLA  PW   PBX  PBC ( 1  4  3  4 0 0)
     Any further DFT definition will be discarded
     Please, verify this is what you really want

               file C.pbe-n-kjpaw_psl.1.0.0.UPF: wavefunction(s)  2S 2P renormalized
               file Cl.pbe-n-kjpaw_psl.1.0.0.UPF: wavefunction(s)  3S 3P renormalized
               file H.pbe-kjpaw_psl.1.0.0.UPF: wavefunction(s)  1S renormalized

     Parallelization info
     --------------------
     sticks:   dense  smooth     PW     G-vecs:    dense   smooth      PW
     Min        3057    1223    332               144436    36536    5170
     Max        3059    1225    333               144437    36537    5171
     Sum       24467    9791   2657              1155489   292295   41363


     Subspace diagonalization in iterative solution of the eigenvalue problem:
     a serial algorithm will be used

     GIPAW projectors -----------------------------------------------
     atom=  C    l=0  rc=    1.2000  rs=    0.8000
     atom=  C    l=0  rc=    1.2000  rs=    0.8000
     atom=  C    l=1  rc=    1.4000  rs=    0.9333
     atom=  C    l=1  rc=    1.4000  rs=    0.9333
     projs nearly linearly dependent: l=1  n1,n2= 1, 2  s=  0.99951561

     atom=  Cl   l=0  rc=    1.6000  rs=    1.0667
     atom=  Cl   l=0  rc=    1.6000  rs=    1.0667
     atom=  Cl   l=1  rc=    1.6000  rs=    1.0667
     atom=  Cl   l=1  rc=    1.6000  rs=    1.0667
     atom=  Cl   l=2  rc=    1.6000  rs=    1.0667
     atom=  Cl   l=2  rc=    1.6000  rs=    1.0667
     projs nearly linearly dependent: l=2  n1,n2= 1, 2  s=  0.99993509

     atom=  H    l=0  rc=    1.0000  rs=    0.6667
     atom=  H    l=0  rc=    1.0000  rs=    0.6667
     projs nearly linearly dependent: l=0  n1,n2= 1, 2  s=  0.99968852
     -----------------------------------------------------------------

     GIPAW integrals: -------------------------------------------
     Atom  i/j   nmr_para   nmr_dia   epr_rmc  epr_para   epr_dia
       C   1 1   0.83E+03  0.17E-01  0.93E+01  0.24E+08  0.24E+03
       C   2 1   0.86E+03 -0.61E-01  0.94E+01  0.25E+08  0.25E+03
       C   2 2   0.90E+03 -0.15E+00  0.97E+01  0.26E+08  0.26E+03
       C   3 3   0.33E+01  0.34E+00  0.18E+01  0.55E+03  0.21E+02
       C   4 3   0.35E+01  0.37E+00  0.20E+01  0.59E+03  0.22E+02
       C   4 4   0.38E+01  0.39E+00  0.22E+01  0.63E+03  0.24E+02
       Cl  1 1   0.14E+04 -0.47E+00  0.84E+01  0.32E+09  0.42E+03
       Cl  2 1   0.21E+04 -0.37E+00  0.12E+02  0.49E+09  0.65E+03
       Cl  2 2   0.33E+04 -0.16E+00  0.21E+02  0.76E+09  0.10E+04
       Cl  3 3   0.21E+02  0.79E-01  0.89E+01  0.23E+05  0.13E+03
       Cl  4 3   0.24E+02  0.67E-01  0.99E+01  0.27E+05  0.15E+03
       Cl  4 4   0.28E+02  0.44E-01  0.11E+02  0.32E+05  0.18E+03
       Cl  5 5   0.77E+00  0.19E+00  0.18E+01  0.12E+03  0.22E+02
       Cl  6 5   0.80E+00  0.19E+00  0.19E+01  0.12E+03  0.23E+02
       Cl  6 6   0.83E+00  0.20E+00  0.19E+01  0.12E+03  0.23E+02
       H   1 1   0.39E+02  0.19E+00  0.29E+00  0.78E+05  0.13E+02
       H   2 1   0.41E+02  0.21E+00  0.32E+00  0.82E+05  0.14E+02
       H   2 2   0.43E+02  0.22E+00  0.36E+00  0.86E+05  0.15E+02
     ------------------------------------------------------------

     alpha_pv=     33.6239 eV

     Number of occupied bands for each k-point:
     k-point:     1    nbnd_occ=  42
     k-point:     2    nbnd_occ=  42
     k-point:     3    nbnd_occ=  42
     k-point:     4    nbnd_occ=  42
     k-point:     5    nbnd_occ=  42
     k-point:     6    nbnd_occ=  42
     k-point:     7    nbnd_occ=  42
     k-point:     8    nbnd_occ=  42
     k-point:     9    nbnd_occ=  42
     k-point:    10    nbnd_occ=  42
     k-point:    11    nbnd_occ=  42
     k-point:    12    nbnd_occ=  42
     k-point:    13    nbnd_occ=  42
     k-point:    14    nbnd_occ=  42
     k-point:    15    nbnd_occ=  42
     k-point:    16    nbnd_occ=  42


     q-space interpolation up to   110.00 Rydberg

     GIPAW job: efg                                                                             


     ELECTRIC FIELD GRADIENTS TENSORS IN Hartree/bohrradius^2:

     ----- bare term -----
     Cl   1       -0.247690        0.267906        0.055418
     Cl   1        0.267906        0.045665       -0.077057
     Cl   1        0.055418       -0.077057        0.202024

     C    2        0.004327       -0.383345       -0.456741
     C    2       -0.383345       -0.067688       -0.708355
     C    2       -0.456741       -0.708355        0.063361

     C    3       -0.413310        0.362565       -0.002925
     C    3        0.362565        0.017686       -0.278239
     C    3       -0.002925       -0.278239        0.395625

     H    4       -0.278346       -0.247581       -0.452350
     H    4       -0.247581       -0.055691       -0.173469
     H    4       -0.452350       -0.173469        0.334037

     C    5       -0.104406       -0.339687       -0.448324
     C    5       -0.339687        0.012964       -0.510668
     C    5       -0.448324       -0.510668        0.091442

     H    6        0.220030        0.316991        0.072296
     H    6        0.316991       -0.515292       -0.405267
     H    6        0.072296       -0.405267        0.295262

     H    7        0.320710        0.047616        0.327299
     H    7        0.047616        0.165587        0.160371
     H    7        0.327299        0.160371       -0.486298

     C    8       -0.391319       -0.253129       -0.389331
     C    8       -0.253129        0.291730        0.166898
     C    8       -0.389331        0.166898        0.099589

     H    9        0.218259       -0.015240       -0.277816
     H    9       -0.015240        0.117061       -0.288840
     H    9       -0.277816       -0.288840       -0.335320

     C   10        0.232629       -0.158842        0.163133
     C   10       -0.158842       -0.225075        0.230130
     C   10        0.163133        0.230130       -0.007554

     C   11       -0.349728       -0.317979       -0.471554
     C   11       -0.317979        0.209482        0.132772
     C   11       -0.471554        0.132772        0.140246

     Cl  12        0.069004        0.299422        0.174116
     Cl  12        0.299422       -0.295212       -0.331251
     Cl  12        0.174116       -0.331251        0.226208

     H   13        0.512467        0.069117       -0.193676
     H   13        0.069117       -0.076679       -0.218772
     H   13       -0.193676       -0.218772       -0.435789

     C   14       -0.554406        0.353696       -0.009467
     C   14        0.353696        0.226164       -0.162547
     C   14       -0.009467       -0.162547        0.328242

     H   15       -0.205052        0.284829       -0.429948
     H   15        0.284829       -0.008765        0.029914
     H   15       -0.429948        0.029914        0.213816

     C   16        0.170544       -0.088928       -0.320946
     C   16       -0.088928       -0.142290       -0.547324
     C   16       -0.320946       -0.547324       -0.028254

     C   17       -0.655377        0.451472       -0.270411
     C   17        0.451472        0.192969       -0.120696
     C   17       -0.270411       -0.120696        0.462408

     Cl  18       -0.058250        0.053923        0.073933
     Cl  18        0.053923       -0.018606       -0.046968
     Cl  18        0.073933       -0.046968        0.076856

     H   19        0.415282        0.175785       -0.108898
     H   19        0.175785       -0.475159        0.592686
     H   19       -0.108898        0.592686        0.059876

     C   20       -0.016195       -0.507372       -0.017327
     C   20       -0.507372       -0.256832        0.389241
     C   20       -0.017327        0.389241        0.273027

     H   21       -0.168357        0.376382       -0.516683
     H   21        0.376382        0.141299        0.397060
     H   21       -0.516683        0.397060        0.027058

     C   22       -0.515971       -0.291900       -0.255499
     C   22       -0.291900        0.067548        0.174450
     C   22       -0.255499        0.174450        0.448424

     C   23        0.045351       -0.388886       -0.067002
     C   23       -0.388886       -0.257682        0.485348
     C   23       -0.067002        0.485348        0.212331

     Cl  24       -0.119283       -0.079722        0.078431
     Cl  24       -0.079722       -0.069695       -0.121676
     Cl  24        0.078431       -0.121676        0.188977

     ----- ionic term -----
     Cl   1        0.127951       -0.192870        0.022162
     Cl   1       -0.192870        0.017822        0.001561
     Cl   1        0.022162        0.001561       -0.145773

     C    2        0.149817       -0.193755        0.337816
     C    2       -0.193755        0.087409        0.408960
     C    2        0.337816        0.408960       -0.237225

     C    3        0.194587       -0.296812        0.153317
     C    3       -0.296812        0.159146        0.412726
     C    3        0.153317        0.412726       -0.353733

     H    4        0.707048        0.220063        0.682175
     H    4        0.220063       -0.471455        0.195090
     H    4        0.682175        0.195090       -0.235593

     C    5        0.341072       -0.250476        0.203290
     C    5       -0.250476        0.018213        0.337415
     C    5        0.203290        0.337415       -0.359285

     H    6       -0.509202       -0.009464       -0.007132
     H    6       -0.009464        0.634286        0.741010
     H    6       -0.007132        0.741010       -0.125084

     H    7       -0.542665        0.041965       -0.047657
     H    7        0.041965        0.230014       -0.789466
     H    7       -0.047657       -0.789466        0.312651

     C    8        0.093490        0.244475        0.292389
     C    8        0.244475       -0.014079       -0.277864
     C    8        0.292389       -0.277864       -0.079412

     H    9        0.361079       -0.018268        0.804292
     H    9       -0.018268       -0.494160       -0.108196
     H    9        0.804292       -0.108196        0.133081

     C   10       -0.006543        0.322917        0.225997
     C   10        0.322917        0.133209       -0.360257
     C   10        0.225997       -0.360257       -0.126666

     C   11        0.075425        0.257525        0.331280
     C   11        0.257525        0.069602       -0.364964
     C   11        0.331280       -0.364964       -0.145027

     Cl  12        0.101944        0.211849        0.051421
     Cl  12        0.211849        0.037920        0.021326
     Cl  12        0.051421        0.021326       -0.139864

     H   13       -0.535275        0.033312        0.054990
     H   13        0.033312        0.529558        0.784546
     H   13        0.054990        0.784546        0.005717

     C   14        0.228298       -0.206467        0.304867
     C   14       -0.206467       -0.029165        0.335377
     C   14        0.304867        0.335377       -0.199133

     H   15        0.629695        0.229966        0.647732
     H   15        0.229966       -0.474312        0.212712
     H   15        0.647732        0.212712       -0.155383

     C   16        0.143159       -0.258023        0.154946
     C   16       -0.258023        0.046810        0.410850
     C   16        0.154946        0.410850       -0.189969

     C   17        0.253881       -0.170646        0.197706
     C   17       -0.170646       -0.050460        0.455611
     C   17        0.197706        0.455611       -0.203421

     Cl  18        0.141941       -0.217045       -0.045786
     Cl  18       -0.217045       -0.020217        0.021829
     Cl  18       -0.045786        0.021829       -0.121724

     H   19       -0.517142        0.049020       -0.007083
     H   19        0.049020        0.531874       -0.746949
     H   19       -0.007083       -0.746949       -0.014732

     C   20        0.191993        0.271559        0.321104
     C   20        0.271559        0.034436       -0.255953
     C   20        0.321104       -0.255953       -0.226429

     H   21        0.534881       -0.377085        0.639899
     H   21       -0.377085       -0.383545       -0.299730
     H   21        0.639899       -0.299730       -0.151336

     C   22        0.078473        0.242757        0.217142
     C   22        0.242757        0.175465       -0.371111
     C   22        0.217142       -0.371111       -0.253938

     C   23        0.080471        0.251229        0.346545
     C   23        0.251229        0.076113       -0.338957
     C   23        0.346545       -0.338957       -0.156584

     Cl  24        0.098175        0.210023        0.041768
     Cl  24        0.210023        0.052325        0.029815
     Cl  24        0.041768        0.029815       -0.150500

     ----- GIPAW term -----
     Cl   1        0.516031       -2.219883        0.490566
     Cl   1       -2.219883        0.812264       -0.644796
     Cl   1        0.490566       -0.644796       -1.328295

     C    2        0.028814       -0.229410       -0.020188
     C    2       -0.229410        0.093561       -0.113259
     C    2       -0.020188       -0.113259       -0.122376

     C    3       -0.022540       -0.162158        0.062446
     C    3       -0.162158        0.121781       -0.054953
     C    3        0.062446       -0.054953       -0.099242

     H    4       -0.000000        0.000000        0.000000
     H    4        0.000000        0.000000        0.000000
     H    4        0.000000        0.000000        0.000000

     C    5       -0.013432       -0.233252       -0.078340
     C    5       -0.233252        0.147144       -0.057574
     C    5       -0.078340       -0.057574       -0.133712

     H    6       -0.000000        0.000000        0.000000
     H    6        0.000000        0.000000        0.000000
     H    6        0.000000        0.000000        0.000000

     H    7       -0.000000        0.000000        0.000000
     H    7        0.000000        0.000000        0.000000
     H    7        0.000000        0.000000        0.000000

     C    8       -0.019947       -0.138819       -0.101790
     C    8       -0.138819        0.072567        0.078280
     C    8       -0.101790        0.078280       -0.052620

     H    9       -0.000000        0.000000        0.000000
     H    9        0.000000        0.000000        0.000000
     H    9        0.000000        0.000000        0.000000

     C   10        0.009295       -0.017560        0.027428
     C   10       -0.017560        0.023180        0.000617
     C   10        0.027428        0.000617       -0.032475

     C   11       -0.005226       -0.132009       -0.067582
     C   11       -0.132009        0.141003        0.024263
     C   11       -0.067582        0.024263       -0.135778

     Cl  12        0.194673        0.209512       -0.227132
     Cl  12        0.209512        0.451065        0.395306
     Cl  12       -0.227132        0.395306       -0.645738

     H   13       -0.000000        0.000000        0.000000
     H   13        0.000000        0.000000        0.000000
     H   13        0.000000        0.000000        0.000000

     C   14       -0.095688       -0.076406        0.061834
     C   14       -0.076406        0.137911       -0.071957
     C   14        0.061834       -0.071957       -0.042222

     H   15       -0.000000        0.000000        0.000000
     H   15        0.000000        0.000000        0.000000
     H   15        0.000000        0.000000        0.000000

     C   16       -0.036551       -0.088690       -0.029212
     C   16       -0.088690        0.124459       -0.064326
     C   16       -0.029212       -0.064326       -0.087909

     C   17       -0.070022       -0.155848       -0.055090
     C   17       -0.155848        0.170672        0.058180
     C   17       -0.055090        0.058180       -0.100650

     Cl  18        0.412734       -2.262961       -1.146493
     Cl  18       -2.262961       -0.326861        1.159446
     Cl  18       -1.146493        1.159446       -0.085874

     H   19       -0.000000        0.000000        0.000000
     H   19        0.000000        0.000000        0.000000
     H   19        0.000000        0.000000        0.000000

     C   20        0.035423       -0.253991        0.072475
     C   20       -0.253991        0.045480        0.007686
     C   20        0.072475        0.007686       -0.080903

     H   21       -0.000000        0.000000        0.000000
     H   21        0.000000        0.000000        0.000000
     H   21        0.000000        0.000000        0.000000

     C   22       -0.130812       -0.115590        0.064859
     C   22       -0.115590        0.011487       -0.100083
     C   22        0.064859       -0.100083        0.119326

     C   23        0.109993       -0.106540        0.067541
     C   23       -0.106540        0.013713       -0.012033
     C   23        0.067541       -0.012033       -0.123706

     Cl  24        0.093679        1.298320        1.105277
     Cl  24        1.298320       -0.757315       -1.300137
     Cl  24        1.105277       -1.300137        0.663636

     ----- total EFG -----
     Cl   1        0.396293       -2.144846        0.568146
     Cl   1       -2.144846        0.875751       -0.720292
     Cl   1        0.568146       -0.720292       -1.272044

     C    2        0.182958       -0.806510       -0.139112
     C    2       -0.806510        0.113281       -0.412654
     C    2       -0.139112       -0.412654       -0.296239

     C    3       -0.241263       -0.096405        0.212837
     C    3       -0.096405        0.298613        0.079534
     C    3        0.212837        0.079534       -0.057349

     H    4        0.428702       -0.027519        0.229826
     H    4       -0.027519       -0.527146        0.021620
     H    4        0.229826        0.021620        0.098444

     C    5        0.223234       -0.823416       -0.323373
     C    5       -0.823416        0.178321       -0.230827
     C    5       -0.323373       -0.230827       -0.401555

     H    6       -0.289173        0.307527        0.065164
     H    6        0.307527        0.118995        0.335742
     H    6        0.065164        0.335742        0.170178

     H    7       -0.221954        0.089582        0.279642
     H    7        0.089582        0.395601       -0.629096
     H    7        0.279642       -0.629096       -0.173647

     C    8       -0.317776       -0.147473       -0.198733
     C    8       -0.147473        0.350218       -0.032686
     C    8       -0.198733       -0.032686       -0.032443

     H    9        0.579338       -0.033508        0.526475
     H    9       -0.033508       -0.377099       -0.397036
     H    9        0.526475       -0.397036       -0.202239

     C   10        0.235381        0.146515        0.416558
     C   10        0.146515       -0.068686       -0.129510
     C   10        0.416558       -0.129510       -0.166696

     C   11       -0.279529       -0.192463       -0.207856
     C   11       -0.192463        0.420088       -0.207928
     C   11       -0.207856       -0.207928       -0.140558

     Cl  12        0.365620        0.720783       -0.001595
     Cl  12        0.720783        0.193773        0.085382
     Cl  12       -0.001595        0.085382       -0.559393

     H   13       -0.022808        0.102429       -0.138685
     H   13        0.102429        0.452880        0.565774
     H   13       -0.138685        0.565774       -0.430072

     C   14       -0.421797        0.070823        0.357234
     C   14        0.070823        0.334910        0.100872
     C   14        0.357234        0.100872        0.086887

     H   15        0.424644        0.514795        0.217783
     H   15        0.514795       -0.483077        0.242626
     H   15        0.217783        0.242626        0.058433

     C   16        0.277152       -0.435641       -0.195211
     C   16       -0.435641        0.028980       -0.200800
     C   16       -0.195211       -0.200800       -0.306132

     C   17       -0.471518        0.124978       -0.127796
     C   17        0.124978        0.313181        0.393095
     C   17       -0.127796        0.393095        0.158337

     Cl  18        0.496426       -2.426083       -1.118346
     Cl  18       -2.426083       -0.365683        1.134307
     Cl  18       -1.118346        1.134307       -0.130743

     H   19       -0.101860        0.224805       -0.115981
     H   19        0.224805        0.056715       -0.154262
     H   19       -0.115981       -0.154262        0.045144

     C   20        0.211221       -0.489804        0.376252
     C   20       -0.489804       -0.176916        0.140974
     C   20        0.376252        0.140974       -0.034305

     H   21        0.366524       -0.000703        0.123216
     H   21       -0.000703       -0.242246        0.097330
     H   21        0.123216        0.097330       -0.124278

     C   22       -0.568310       -0.164733        0.026502
     C   22       -0.164733        0.254499       -0.296744
     C   22        0.026502       -0.296744        0.313811

     C   23        0.235815       -0.244198        0.347084
     C   23       -0.244198       -0.167856        0.134358
     C   23        0.347084        0.134358       -0.067959

     Cl  24        0.072571        1.428620        1.225476
     Cl  24        1.428620       -0.774685       -1.391998
     Cl  24        1.225476       -1.391998        0.702113

     ----- total EFG (symmetrized) -----
     Cl   1        0.396293       -2.144846        0.568146
     Cl   1       -2.144846        0.875751       -0.720292
     Cl   1        0.568146       -0.720292       -1.272044

     C    2        0.182958       -0.806510       -0.139112
     C    2       -0.806510        0.113281       -0.412654
     C    2       -0.139112       -0.412654       -0.296239

     C    3       -0.241263       -0.096405        0.212837
     C    3       -0.096405        0.298613        0.079534
     C    3        0.212837        0.079534       -0.057349

     H    4        0.428702       -0.027519        0.229826
     H    4       -0.027519       -0.527146        0.021620
     H    4        0.229826        0.021620        0.098444

     C    5        0.223234       -0.823416       -0.323373
     C    5       -0.823416        0.178321       -0.230827
     C    5       -0.323373       -0.230827       -0.401555

     H    6       -0.289173        0.307527        0.065164
     H    6        0.307527        0.118995        0.335742
     H    6        0.065164        0.335742        0.170178

     H    7       -0.221954        0.089582        0.279642
     H    7        0.089582        0.395601       -0.629096
     H    7        0.279642       -0.629096       -0.173647

     C    8       -0.317776       -0.147473       -0.198733
     C    8       -0.147473        0.350218       -0.032686
     C    8       -0.198733       -0.032686       -0.032443

     H    9        0.579338       -0.033508        0.526475
     H    9       -0.033508       -0.377099       -0.397036
     H    9        0.526475       -0.397036       -0.202239

     C   10        0.235381        0.146515        0.416558
     C   10        0.146515       -0.068686       -0.129510
     C   10        0.416558       -0.129510       -0.166696

     C   11       -0.279529       -0.192463       -0.207856
     C   11       -0.192463        0.420088       -0.207928
     C   11       -0.207856       -0.207928       -0.140558

     Cl  12        0.365620        0.720783       -0.001595
     Cl  12        0.720783        0.193773        0.085382
     Cl  12       -0.001595        0.085382       -0.559393

     H   13       -0.022808        0.102429       -0.138685
     H   13        0.102429        0.452880        0.565774
     H   13       -0.138685        0.565774       -0.430072

     C   14       -0.421797        0.070823        0.357234
     C   14        0.070823        0.334910        0.100872
     C   14        0.357234        0.100872        0.086887

     H   15        0.424644        0.514795        0.217783
     H   15        0.514795       -0.483077        0.242626
     H   15        0.217783        0.242626        0.058433

     C   16        0.277152       -0.435641       -0.195211
     C   16       -0.435641        0.028980       -0.200800
     C   16       -0.195211       -0.200800       -0.306132

     C   17       -0.471518        0.124978       -0.127796
     C   17        0.124978        0.313181        0.393095
     C   17       -0.127796        0.393095        0.158337

     Cl  18        0.496426       -2.426083       -1.118346
     Cl  18       -2.426083       -0.365683        1.134307
     Cl  18       -1.118346        1.134307       -0.130743

     H   19       -0.101860        0.224805       -0.115981
     H   19        0.224805        0.056715       -0.154262
     H   19       -0.115981       -0.154262        0.045144

     C   20        0.211221       -0.489804        0.376252
     C   20       -0.489804       -0.176916        0.140974
     C   20        0.376252        0.140974       -0.034305

     H   21        0.366524       -0.000703        0.123216
     H   21       -0.000703       -0.242246        0.097330
     H   21        0.123216        0.097330       -0.124278

     C   22       -0.568310       -0.164733        0.026502
     C   22       -0.164733        0.254499       -0.296744
     C   22        0.026502       -0.296744        0.313811

     C   23        0.235815       -0.244198        0.347084
     C   23       -0.244198       -0.167856        0.134358
     C   23        0.347084        0.134358       -0.067959

     Cl  24        0.072571        1.428620        1.225476
     Cl  24        1.428620       -0.774685       -1.391998
     Cl  24        1.225476       -1.391998        0.702113


     NQR/NMR SPECTROSCOPIC PARAMETERS:
     Cl   1    Vxx=   -1.4339    axis=(  0.515884  0.220956 -0.827673)
     Cl   1    Vyy=   -1.5570    axis=( -0.558189 -0.646205 -0.520427)
     Cl   1    Vzz=    2.9909    axis=( -0.649838  0.730477 -0.210032)
     Cl   1  Q=        -8.1650 1e-30 m^2  Cq=       -57.3794 MHz  eta= 0.04118

     C    2    Vxx=   -0.0671    axis=( -0.486637 -0.292876  0.823048)
     C    2    Vyy=   -0.9171    axis=(  0.538960  0.640816  0.546696)
     C    2    Vzz=    0.9842    axis=( -0.687537  0.709633 -0.153997)
     C    2  Q=         1.0000 1e-30 m^2  Cq=         2.3125 MHz  eta= 0.86355

     C    3    Vxx=    0.0818    axis=(  0.560502 -0.053930  0.826395)
     C    3    Vyy=    0.3214    axis=( -0.114755  0.983193  0.141995)
     C    3    Vzz=   -0.4032    axis=( -0.820164 -0.174421  0.544893)
     C    3  Q=         1.0000 1e-30 m^2  Cq=        -0.9473 MHz  eta= 0.59413

     H    4    Vxx=   -0.0174    axis=( -0.454024  0.062214  0.888814)
     H    4    Vyy=   -0.5293    axis=(  0.040465  0.997970 -0.049184)
     H    4    Vzz=    0.5468    axis=( -0.890070  0.013635 -0.455620)
     H    4  Q=         1.0000 1e-30 m^2  Cq=         1.2847 MHz  eta= 0.93620

     C    5    Vxx=   -0.1087    axis=( -0.385982 -0.467854  0.795067)
     C    5    Vyy=   -0.9195    axis=(  0.571258  0.555507  0.604215)
     C    5    Vzz=    1.0282    axis=( -0.724350  0.687404  0.052849)
     C    5  Q=         1.0000 1e-30 m^2  Cq=         2.4160 MHz  eta= 0.78850

     H    6    Vxx=   -0.0883    axis=( -0.484847 -0.472569  0.735937)
     H    6    Vyy=   -0.4745    axis=(  0.820826 -0.536367  0.196355)
     H    6    Vzz=    0.5629    axis=(  0.301941  0.699278  0.647952)
     H    6  Q=         1.0000 1e-30 m^2  Cq=         1.3225 MHz  eta= 0.68610

     H    7    Vxx=   -0.0706    axis=(  0.871002  0.327162  0.366498)
     H    7    Vyy=   -0.7368    axis=( -0.484997  0.453694  0.747623)
     H    7    Vzz=    0.8075    axis=(  0.078316 -0.828931  0.553841)
     H    7  Q=         1.0000 1e-30 m^2  Cq=         1.8972 MHz  eta= 0.82503

     C    8    Vxx=    0.0651    axis=( -0.422272 -0.115337  0.899102)
     C    8    Vyy=    0.3816    axis=( -0.213124  0.976700  0.025195)
     C    8    Vzz=   -0.4466    axis=( -0.881059 -0.180981 -0.437014)
     C    8  Q=         1.0000 1e-30 m^2  Cq=        -1.0494 MHz  eta= 0.70855

     H    9    Vxx=   -0.1046    axis=(  0.444773  0.720537 -0.531980)
     H    9    Vyy=   -0.7766    axis=( -0.253893  0.671032  0.696602)
     H    9    Vzz=    0.8812    axis=(  0.858904 -0.174764  0.481396)
     H    9  Q=         1.0000 1e-30 m^2  Cq=         2.0705 MHz  eta= 0.76250

     C   10    Vxx=    0.0061    axis=(  0.122654  0.913167 -0.388692)
     C   10    Vyy=    0.5026    axis=(  0.853297  0.102963  0.511158)
     C   10    Vzz=   -0.5087    axis=(  0.506793 -0.394365 -0.766575)
     C   10  Q=         1.0000 1e-30 m^2  Cq=        -1.1953 MHz  eta= 0.97594

     C   11    Vxx=    0.0038    axis=(  0.629654 -0.094069 -0.771160)
     C   11    Vyy=    0.5086    axis=( -0.166309  0.953308 -0.252080)
     C   11    Vzz=   -0.5124    axis=(  0.758866  0.286974  0.584610)
     C   11  Q=         1.0000 1e-30 m^2  Cq=        -1.2040 MHz  eta= 0.98520

     Cl  12    Vxx=   -0.4170    axis=( -0.617531  0.671450  0.409645)
     Cl  12    Vyy=   -0.5905    axis=(  0.248483 -0.327601  0.911555)
     Cl  12    Vzz=    1.0076    axis=(  0.746265  0.664704  0.035460)
     Cl  12  Q=        -8.1650 1e-30 m^2  Cq=       -19.3294 MHz  eta= 0.17217

     H   13    Vxx=    0.0157    axis=(  0.972624  0.061965 -0.223972)
     H   13    Vyy=    0.7304    axis=(  0.042537  0.900038  0.433731)
     H   13    Vzz=   -0.7460    axis=(  0.228459 -0.431384  0.872762)
     H   13  Q=         1.0000 1e-30 m^2  Cq=        -1.7529 MHz  eta= 0.95803

     C   14    Vxx=    0.1769    axis=(  0.351276 -0.610597  0.709772)
     C   14    Vyy=    0.4294    axis=(  0.291241  0.791735  0.536968)
     C   14    Vzz=   -0.6063    axis=(  0.889822 -0.018091 -0.455948)
     C   14  Q=         1.0000 1e-30 m^2  Cq=        -1.4245 MHz  eta= 0.41642

     H   15    Vxx=   -0.0430    axis=( -0.424517  0.002587  0.905416)
     H   15    Vyy=   -0.7391    axis=( -0.370436  0.911975 -0.176290)
     H   15    Vzz=    0.7821    axis=( -0.826173 -0.410237 -0.386191)
     H   15  Q=         1.0000 1e-30 m^2  Cq=         1.8375 MHz  eta= 0.89007

     C   16    Vxx=   -0.0261    axis=( -0.398007 -0.591316  0.701381)
     C   16    Vyy=   -0.5814    axis=( -0.439814 -0.547961 -0.711549)
     C   16    Vzz=    0.6075    axis=( -0.805080  0.591679  0.041977)
     C   16  Q=         1.0000 1e-30 m^2  Cq=         1.4274 MHz  eta= 0.91418

     C   17    Vxx=   -0.0833    axis=( -0.416619 -0.570477  0.707803)
     C   17    Vyy=   -0.5534    axis=( -0.908968  0.273725 -0.314408)
     C   17    Vzz=    0.6366    axis=( -0.014380 -0.774358 -0.632584)
     C   17  Q=         1.0000 1e-30 m^2  Cq=         1.4958 MHz  eta= 0.73840

     Cl  18    Vxx=   -0.8582    axis=(  0.380499 -0.203402  0.902135)
     Cl  18    Vyy=   -2.4116    axis=(  0.618833  0.780917 -0.084938)
     Cl  18    Vzz=    3.2698    axis=( -0.687216  0.590590  0.423010)
     Cl  18  Q=        -8.1650 1e-30 m^2  Cq=       -62.7290 MHz  eta= 0.47508

     H   19    Vxx=   -0.0804    axis=(  0.294137  0.460289  0.837626)
     H   19    Vyy=   -0.2611    axis=( -0.821688  0.569417 -0.024363)
     H   19    Vzz=    0.3414    axis=( -0.488173 -0.681101  0.545700)
     H   19  Q=         1.0000 1e-30 m^2  Cq=         0.8022 MHz  eta= 0.52933

     C   20    Vxx=    0.0494    axis=( -0.046533  0.598807  0.799541)
     C   20    Vyy=    0.6372    axis=(  0.822808 -0.430875  0.370586)
     C   20    Vzz=   -0.6866    axis=(  0.566412  0.675113 -0.472653)
     C   20  Q=         1.0000 1e-30 m^2  Cq=        -1.6131 MHz  eta= 0.85615

     H   21    Vxx=   -0.0934    axis=( -0.217893  0.534849  0.816369)
     H   21    Vyy=   -0.3031    axis=(  0.097858  0.844225 -0.526980)
     H   21    Vzz=    0.3965    axis=(  0.971054  0.034937  0.236290)
     H   21  Q=         1.0000 1e-30 m^2  Cq=         0.9316 MHz  eta= 0.52886

     C   22    Vxx=    0.0040    axis=( -0.170770  0.704189  0.689170)
     C   22    Vyy=    0.5971    axis=(  0.112698 -0.680894  0.723659)
     C   22    Vzz=   -0.6012    axis=( -0.978845 -0.201247 -0.036916)
     C   22  Q=         1.0000 1e-30 m^2  Cq=        -1.4125 MHz  eta= 0.98658

     C   23    Vxx=    0.0003    axis=(  0.164744 -0.750596 -0.639894)
     C   23    Vyy=    0.4922    axis=( -0.852097  0.218448 -0.475617)
     C   23    Vzz=   -0.4924    axis=( -0.496780 -0.623607  0.603593)
     C   23  Q=         1.0000 1e-30 m^2  Cq=        -1.1570 MHz  eta= 0.99885

     Cl  24    Vxx=    1.1094    axis=(  0.707594  0.679583 -0.193593)
     Cl  24    Vyy=    1.7051    axis=(  0.451769 -0.224419  0.863447)
     Cl  24    Vzz=   -2.8145    axis=( -0.543338  0.698429  0.465812)
     Cl  24  Q=        -8.1650 1e-30 m^2  Cq=        53.9939 MHz  eta= 0.21167

     Initialization:
     gipaw_setup  :     14.70s CPU     23.89s WALL (       1 calls)

     Linear response

     Apply operators

     Induced current

     Other routines
     efg          :      9.46s CPU     12.03s WALL (       1 calls)

     General routines
     calbec       :      3.29s CPU      4.27s WALL (      16 calls)
     fft          :      1.50s CPU      1.95s WALL (      15 calls)
     ffts         :      0.08s CPU      0.15s WALL (       2 calls)
     fftw         :      3.43s CPU      4.36s WALL (     672 calls)
     davcio       :      0.02s CPU      0.33s WALL (      32 calls)

     Parallel routines
     fft_scatter  :      2.27s CPU      3.59s WALL (     689 calls)

     Plugins

     GIPAW        :     66.97s CPU     89.91s WALL (       1 calls)
