
     Program QE v.6.0 (svn rev. 13079) starts on 16Dec2016 at 10:55:13 

     This program is part of the open-source Quantum ESPRESSO suite
     for quantum simulation of materials; please cite
         "P. Giannozzi et al., J. Phys.:Condens. Matter 21 395502 (2009);
          URL http://www.quantum-espresso.org", 
     in publications or presentations arising from this work. More details at
     http://www.quantum-espresso.org/quote

     Parallel version (MPI), running on     8 processors
     R & G space division:  proc/nbgrp/npool/nimage =       8

     ***** This is GIPAW svn revision unknown      *****

     Parallelizing q-star over 1 images

     Reading data from directory:
     /users/majewski/paradichlorobenzene/pbe/9_constraint/scratch/pbe.ecut100.np8.dt60.pcl2phi-129368.save
     Message from routine read_xml_file:
     file /users/majewski/paradichlorobenzene/pbe/9_constraint/scratch/pbe.ecut100.np8.dt60.pcl2phi-129368.save not guaranteed to be safe for post-processing

   Info: using nr1, nr2, nr3 values from input

   Info: using nr1, nr2, nr3 values from input

     IMPORTANT: XC functional enforced from input :
     Exchange-correlation      =  SLA  PW   PBX  PBC ( 1  4  3  4 0 0)
     Any further DFT definition will be discarded
     Please, verify this is what you really want

               file C.pbe-n-kjpaw_psl.1.0.0.UPF: wavefunction(s)  2S 2P renormalized
               file Cl.pbe-n-kjpaw_psl.1.0.0.UPF: wavefunction(s)  3S 3P renormalized
               file H.pbe-kjpaw_psl.1.0.0.UPF: wavefunction(s)  1S renormalized

     Parallelization info
     --------------------
     sticks:   dense  smooth     PW     G-vecs:    dense   smooth      PW
     Min        3057    1223    332               144436    36536    5170
     Max        3059    1225    333               144437    36537    5171
     Sum       24467    9791   2657              1155489   292295   41363


     Subspace diagonalization in iterative solution of the eigenvalue problem:
     a serial algorithm will be used

     GIPAW projectors -----------------------------------------------
     atom=  C    l=0  rc=    1.2000  rs=    0.8000
     atom=  C    l=0  rc=    1.2000  rs=    0.8000
     atom=  C    l=1  rc=    1.4000  rs=    0.9333
     atom=  C    l=1  rc=    1.4000  rs=    0.9333
     projs nearly linearly dependent: l=1  n1,n2= 1, 2  s=  0.99951561

     atom=  Cl   l=0  rc=    1.6000  rs=    1.0667
     atom=  Cl   l=0  rc=    1.6000  rs=    1.0667
     atom=  Cl   l=1  rc=    1.6000  rs=    1.0667
     atom=  Cl   l=1  rc=    1.6000  rs=    1.0667
     atom=  Cl   l=2  rc=    1.6000  rs=    1.0667
     atom=  Cl   l=2  rc=    1.6000  rs=    1.0667
     projs nearly linearly dependent: l=2  n1,n2= 1, 2  s=  0.99993509

     atom=  H    l=0  rc=    1.0000  rs=    0.6667
     atom=  H    l=0  rc=    1.0000  rs=    0.6667
     projs nearly linearly dependent: l=0  n1,n2= 1, 2  s=  0.99968852
     -----------------------------------------------------------------

     GIPAW integrals: -------------------------------------------
     Atom  i/j   nmr_para   nmr_dia   epr_rmc  epr_para   epr_dia
       C   1 1   0.83E+03  0.17E-01  0.93E+01  0.24E+08  0.24E+03
       C   2 1   0.86E+03 -0.61E-01  0.94E+01  0.25E+08  0.25E+03
       C   2 2   0.90E+03 -0.15E+00  0.97E+01  0.26E+08  0.26E+03
       C   3 3   0.33E+01  0.34E+00  0.18E+01  0.55E+03  0.21E+02
       C   4 3   0.35E+01  0.37E+00  0.20E+01  0.59E+03  0.22E+02
       C   4 4   0.38E+01  0.39E+00  0.22E+01  0.63E+03  0.24E+02
       Cl  1 1   0.14E+04 -0.47E+00  0.84E+01  0.32E+09  0.42E+03
       Cl  2 1   0.21E+04 -0.37E+00  0.12E+02  0.49E+09  0.65E+03
       Cl  2 2   0.33E+04 -0.16E+00  0.21E+02  0.76E+09  0.10E+04
       Cl  3 3   0.21E+02  0.79E-01  0.89E+01  0.23E+05  0.13E+03
       Cl  4 3   0.24E+02  0.67E-01  0.99E+01  0.27E+05  0.15E+03
       Cl  4 4   0.28E+02  0.44E-01  0.11E+02  0.32E+05  0.18E+03
       Cl  5 5   0.77E+00  0.19E+00  0.18E+01  0.12E+03  0.22E+02
       Cl  6 5   0.80E+00  0.19E+00  0.19E+01  0.12E+03  0.23E+02
       Cl  6 6   0.83E+00  0.20E+00  0.19E+01  0.12E+03  0.23E+02
       H   1 1   0.39E+02  0.19E+00  0.29E+00  0.78E+05  0.13E+02
       H   2 1   0.41E+02  0.21E+00  0.32E+00  0.82E+05  0.14E+02
       H   2 2   0.43E+02  0.22E+00  0.36E+00  0.86E+05  0.15E+02
     ------------------------------------------------------------

     alpha_pv=     34.0265 eV

     Number of occupied bands for each k-point:
     k-point:     1    nbnd_occ=  42
     k-point:     2    nbnd_occ=  42
     k-point:     3    nbnd_occ=  42
     k-point:     4    nbnd_occ=  42
     k-point:     5    nbnd_occ=  42
     k-point:     6    nbnd_occ=  42
     k-point:     7    nbnd_occ=  42
     k-point:     8    nbnd_occ=  42
     k-point:     9    nbnd_occ=  42
     k-point:    10    nbnd_occ=  42
     k-point:    11    nbnd_occ=  42
     k-point:    12    nbnd_occ=  42
     k-point:    13    nbnd_occ=  42
     k-point:    14    nbnd_occ=  42
     k-point:    15    nbnd_occ=  42
     k-point:    16    nbnd_occ=  42


     q-space interpolation up to   110.00 Rydberg

     GIPAW job: efg                                                                             


     ELECTRIC FIELD GRADIENTS TENSORS IN Hartree/bohrradius^2:

     ----- bare term -----
     Cl   1        0.247751        0.036943        0.020048
     Cl   1        0.036943        0.162091       -0.274965
     Cl   1        0.020048       -0.274965       -0.409842

     C    2       -0.799022        0.323292       -0.292221
     C    2        0.323292        0.228018       -0.027963
     C    2       -0.292221       -0.027963        0.571004

     C    3        0.323941       -0.037968        0.157362
     C    3       -0.037968       -0.362588       -0.261183
     C    3        0.157362       -0.261183        0.038647

     H    4       -0.426818       -0.182948        0.270385
     H    4       -0.182948        0.257850       -0.103159
     H    4        0.270385       -0.103159        0.168968

     C    5       -0.582886        0.347574       -0.356708
     C    5        0.347574        0.203202        0.009375
     C    5       -0.356708        0.009375        0.379683

     H    6        0.084064       -0.382673        0.251705
     H    6       -0.382673       -0.432472       -0.044404
     H    6        0.251705       -0.044404        0.348408

     H    7        0.340032        0.371586        0.078492
     H    7        0.371586       -0.662393        0.074326
     H    7        0.078492        0.074326        0.322361

     C    8       -0.225332       -0.349541       -0.317255
     C    8       -0.349541       -0.160042        0.449405
     C    8       -0.317255        0.449405        0.385374

     H    9       -0.558884       -0.046721       -0.338006
     H    9       -0.046721        0.268066        0.210450
     H    9       -0.338006        0.210450        0.290818

     C   10       -0.319384       -0.330966       -0.268599
     C   10       -0.330966       -0.115439        0.461454
     C   10       -0.268599        0.461454        0.434823

     C   11       -0.237836       -0.004173       -0.370646
     C   11       -0.004173       -0.081354        0.500005
     C   11       -0.370646        0.500005        0.319190

     Cl  12        0.030872       -0.258188        0.016485
     Cl  12       -0.258188       -0.007772       -0.016562
     Cl  12        0.016485       -0.016562       -0.023100

     H   13        0.281529       -0.419974        0.102607
     H   13       -0.419974       -0.625994        0.057299
     H   13        0.102607        0.057299        0.344465

     C   14       -0.115678        0.214152       -0.178380
     C   14        0.214152       -0.070576       -0.428384
     C   14       -0.178380       -0.428384        0.186254

     H   15       -0.325682       -0.368093        0.204530
     H   15       -0.368093        0.137391        0.128288
     H   15        0.204530        0.128288        0.188291

     C   16       -0.269806        0.213094       -0.055543
     C   16        0.213094       -0.062259       -0.269935
     C   16       -0.055543       -0.269935        0.332065

     C   17       -0.092111       -0.150147       -0.338065
     C   17       -0.150147        0.000822       -0.706005
     C   17       -0.338065       -0.706005        0.091289

     Cl  18       -0.112082        0.093875        0.079691
     Cl  18        0.093875       -0.082405       -0.038272
     Cl  18        0.079691       -0.038272        0.194487

     H   19        0.516159        0.022742        0.106720
     H   19        0.022742        0.061570        0.193114
     H   19        0.106720        0.193114       -0.577728

     C   20       -0.483481       -0.307623       -0.193271
     C   20       -0.307623        0.215333        0.303918
     C   20       -0.193271        0.303918        0.268149

     H   21        0.159213       -0.003552       -0.356026
     H   21       -0.003552        0.199673       -0.261293
     H   21       -0.356026       -0.261293       -0.358886

     C   22        0.212096       -0.105309        0.031817
     C   22       -0.105309       -0.089377        0.087844
     C   22        0.031817        0.087844       -0.122719

     C   23       -0.321032       -0.309344       -0.352859
     C   23       -0.309344        0.073571        0.237068
     C   23       -0.352859        0.237068        0.247461

     Cl  24        0.092143        0.013763       -0.026007
     Cl  24        0.013763       -0.127476       -0.121171
     Cl  24       -0.026007       -0.121171        0.035334

     ----- ionic term -----
     Cl   1        0.127317       -0.204513       -0.055085
     Cl   1       -0.204513        0.015085        0.040428
     Cl   1       -0.055085        0.040428       -0.142403

     C    2        0.278720       -0.036861        0.027128
     C    2       -0.036861        0.304680        0.341877
     C    2        0.027128        0.341877       -0.583400

     C    3        0.211304       -0.133851        0.012573
     C    3       -0.133851        0.356910        0.352770
     C    3        0.012573        0.352770       -0.568214

     H    4        0.913102        0.396073        0.355360
     H    4        0.396073       -0.366860        0.156285
     H    4        0.355360        0.156285       -0.546242

     C    5        0.440708       -0.083392        0.033396
     C    5       -0.083392        0.125821        0.271139
     C    5        0.033396        0.271139       -0.566529

     H    6       -0.451256        0.318890        0.112746
     H    6        0.318890        0.817065        0.534402
     H    6        0.112746        0.534402       -0.365809

     H    7       -0.511524       -0.141443        0.065165
     H    7       -0.141443        0.742534       -0.635746
     H    7        0.065165       -0.635746       -0.231010

     C    8        0.219998        0.275740        0.319124
     C    8        0.275740        0.117114       -0.221889
     C    8        0.319124       -0.221889       -0.337112

     H    9        0.762800       -0.061292        0.653861
     H    9       -0.061292       -0.492737       -0.103376
     H    9        0.653861       -0.103376       -0.270063

     C   10        0.156440        0.335721        0.233914
     C   10        0.335721        0.201919       -0.272676
     C   10        0.233914       -0.272676       -0.358359

     C   11        0.093816        0.291768        0.358187
     C   11        0.291768        0.141217       -0.294840
     C   11        0.358187       -0.294840       -0.235033

     Cl  12        0.098993        0.217486        0.017090
     Cl  12        0.217486        0.074206        0.004442
     Cl  12        0.017090        0.004442       -0.173200

     H   13       -0.469309        0.267155        0.076688
     H   13        0.267155        0.817380        0.541666
     H   13        0.076688        0.541666       -0.348070

     C   14        0.401626       -0.065643        0.041488
     C   14       -0.065643        0.151014        0.260703
     C   14        0.041488        0.260703       -0.552640

     H   15        0.940560        0.420437        0.149989
     H   15        0.420437       -0.344653        0.090818
     H   15        0.149989        0.090818       -0.595907

     C   16        0.235430       -0.116349        0.006525
     C   16       -0.116349        0.313512        0.317724
     C   16        0.006525        0.317724       -0.548941

     C   17        0.293969       -0.036238        0.083834
     C   17       -0.036238        0.269843        0.298041
     C   17        0.083834        0.298041       -0.563813

     Cl  18        0.087289       -0.174072       -0.017427
     Cl  18       -0.174072        0.056950        0.011267
     Cl  18       -0.017427        0.011267       -0.144238

     H   19       -0.533170       -0.022380        0.059485
     H   19       -0.022380        0.430759       -0.781321
     H   19        0.059485       -0.781321        0.102411

     C   20        0.154403        0.317968        0.384403
     C   20        0.317968        0.024112       -0.221303
     C   20        0.384403       -0.221303       -0.178515

     H   21        0.531287       -0.146744        0.758114
     H   21       -0.146744       -0.479583       -0.179120
     H   21        0.758114       -0.179120       -0.051704

     C   22        0.066425        0.333592        0.247968
     C   22        0.333592        0.139527       -0.313023
     C   22        0.247968       -0.313023       -0.205952

     C   23        0.162473        0.266530        0.285313
     C   23        0.266530        0.040119       -0.344962
     C   23        0.285313       -0.344962       -0.202592

     Cl  24        0.126185        0.207209        0.014289
     Cl  24        0.207209        0.015905        0.001886
     Cl  24        0.014289        0.001886       -0.142090

     ----- GIPAW term -----
     Cl   1       -0.134190       -0.785518        0.142996
     Cl   1       -0.785518       -0.404246        0.608051
     Cl   1        0.142996        0.608051        0.538436

     C    2       -0.176665       -0.016158       -0.021401
     C    2       -0.016158        0.035345        0.178676
     C    2       -0.021401        0.178676        0.141320

     C    3        0.019121       -0.019401        0.031120
     C    3       -0.019401        0.006242        0.047289
     C    3        0.031120        0.047289       -0.025363

     H    4       -0.000000        0.000000        0.000000
     H    4        0.000000        0.000000        0.000000
     H    4        0.000000        0.000000        0.000000

     C    5       -0.063199       -0.011463       -0.093207
     C    5       -0.011463        0.005248        0.085296
     C    5       -0.093207        0.085296        0.057951

     H    6       -0.000000        0.000000        0.000000
     H    6        0.000000        0.000000        0.000000
     H    6        0.000000        0.000000        0.000000

     H    7       -0.000000        0.000000        0.000000
     H    7        0.000000        0.000000        0.000000
     H    7        0.000000        0.000000        0.000000

     C    8       -0.020038       -0.159926       -0.129322
     C    8       -0.159926       -0.017725        0.193107
     C    8       -0.129322        0.193107        0.037764

     H    9       -0.000000        0.000000        0.000000
     H    9        0.000000        0.000000        0.000000
     H    9        0.000000        0.000000        0.000000

     C   10       -0.098517       -0.061880       -0.073629
     C   10       -0.061880        0.036285        0.099137
     C   10       -0.073629        0.099137        0.062232

     C   11        0.028939        0.139902       -0.060584
     C   11        0.139902       -0.015800        0.079224
     C   11       -0.060584        0.079224       -0.013139

     Cl  12        1.949123        0.219601        0.172372
     Cl  12        0.219601        0.121604       -0.152789
     Cl  12        0.172372       -0.152789       -2.070727

     H   13       -0.000000        0.000000        0.000000
     H   13        0.000000        0.000000        0.000000
     H   13        0.000000        0.000000        0.000000

     C   14       -0.056256        0.129307       -0.053470
     C   14        0.129307        0.124715       -0.182191
     C   14       -0.053470       -0.182191       -0.068459

     H   15       -0.000000        0.000000        0.000000
     H   15        0.000000        0.000000        0.000000
     H   15        0.000000        0.000000        0.000000

     C   16       -0.100954        0.052049       -0.048887
     C   16        0.052049        0.038824       -0.133331
     C   16       -0.048887       -0.133331        0.062130

     C   17       -0.017965       -0.160815       -0.050328
     C   17       -0.160815        0.151244       -0.175265
     C   17       -0.050328       -0.175265       -0.133279

     Cl  18        0.730981       -1.875535        0.630250
     Cl  18       -1.875535       -0.585370       -0.306148
     Cl  18        0.630250       -0.306148       -0.145611

     H   19       -0.000000        0.000000        0.000000
     H   19        0.000000        0.000000        0.000000
     H   19        0.000000        0.000000        0.000000

     C   20       -0.148116       -0.066486       -0.043714
     C   20       -0.066486        0.091911        0.183051
     C   20       -0.043714        0.183051        0.056204

     H   21       -0.000000        0.000000        0.000000
     H   21        0.000000        0.000000        0.000000
     H   21        0.000000        0.000000        0.000000

     C   22        0.006382       -0.007097        0.000302
     C   22       -0.007097        0.014042        0.009888
     C   22        0.000302        0.009888       -0.020424

     C   23       -0.075963       -0.051881       -0.077727
     C   23       -0.051881        0.106045        0.134618
     C   23       -0.077727        0.134618       -0.030082

     Cl  24       -0.095325        0.269029       -0.778093
     Cl  24        0.269029        1.119603        1.637093
     Cl  24       -0.778093        1.637093       -1.024278

     ----- total EFG -----
     Cl   1        0.240879       -0.953088        0.107959
     Cl   1       -0.953088       -0.227070        0.373514
     Cl   1        0.107959        0.373514       -0.013809

     C    2       -0.696967        0.270274       -0.286493
     C    2        0.270274        0.568044        0.492589
     C    2       -0.286493        0.492589        0.128923

     C    3        0.554366       -0.191219        0.201054
     C    3       -0.191219        0.000563        0.138876
     C    3        0.201054        0.138876       -0.554929

     H    4        0.486284        0.213125        0.625746
     H    4        0.213125       -0.109009        0.053127
     H    4        0.625746        0.053127       -0.377275

     C    5       -0.205376        0.252718       -0.416519
     C    5        0.252718        0.334271        0.365810
     C    5       -0.416519        0.365810       -0.128894

     H    6       -0.367192       -0.063783        0.364451
     H    6       -0.063783        0.384594        0.489998
     H    6        0.364451        0.489998       -0.017402

     H    7       -0.171492        0.230143        0.143657
     H    7        0.230143        0.080141       -0.561420
     H    7        0.143657       -0.561420        0.091351

     C    8       -0.025372       -0.233727       -0.127453
     C    8       -0.233727       -0.060653        0.420623
     C    8       -0.127453        0.420623        0.086025

     H    9        0.203916       -0.108014        0.315855
     H    9       -0.108014       -0.224671        0.107074
     H    9        0.315855        0.107074        0.020755

     C   10       -0.261461       -0.057125       -0.108313
     C   10       -0.057125        0.122764        0.287914
     C   10       -0.108313        0.287914        0.138696

     C   11       -0.115081        0.427497       -0.073043
     C   11        0.427497        0.044063        0.284389
     C   11       -0.073043        0.284389        0.071018

     Cl  12        2.078988        0.178899        0.205948
     Cl  12        0.178899        0.188038       -0.164909
     Cl  12        0.205948       -0.164909       -2.267026

     H   13       -0.187780       -0.152819        0.179295
     H   13       -0.152819        0.191385        0.598965
     H   13        0.179295        0.598965       -0.003605

     C   14        0.229692        0.277817       -0.190361
     C   14        0.277817        0.205153       -0.349872
     C   14       -0.190361       -0.349872       -0.434845

     H   15        0.614878        0.052344        0.354519
     H   15        0.052344       -0.207262        0.219106
     H   15        0.354519        0.219106       -0.407617

     C   16       -0.135330        0.148794       -0.097905
     C   16        0.148794        0.290077       -0.085541
     C   16       -0.097905       -0.085541       -0.154747

     C   17        0.183893       -0.347199       -0.304559
     C   17       -0.347199        0.421909       -0.583229
     C   17       -0.304559       -0.583229       -0.605802

     Cl  18        0.706187       -1.955732        0.692514
     Cl  18       -1.955732       -0.610826       -0.333154
     Cl  18        0.692514       -0.333154       -0.095362

     H   19       -0.017011        0.000362        0.166204
     H   19        0.000362        0.492329       -0.588207
     H   19        0.166204       -0.588207       -0.475318

     C   20       -0.477194       -0.056141        0.147419
     C   20       -0.056141        0.331356        0.265666
     C   20        0.147419        0.265666        0.145838

     H   21        0.690500       -0.150296        0.402087
     H   21       -0.150296       -0.279910       -0.440413
     H   21        0.402087       -0.440413       -0.410590

     C   22        0.284903        0.221185        0.280087
     C   22        0.221185        0.064192       -0.215291
     C   22        0.280087       -0.215291       -0.349095

     C   23       -0.234522       -0.094695       -0.145272
     C   23       -0.094695        0.219735        0.026724
     C   23       -0.145272        0.026724        0.014787

     Cl  24        0.123002        0.490001       -0.789811
     Cl  24        0.490001        1.008032        1.517808
     Cl  24       -0.789811        1.517808       -1.131034

     ----- total EFG (symmetrized) -----
     Cl   1        0.240879       -0.953088        0.107959
     Cl   1       -0.953088       -0.227070        0.373514
     Cl   1        0.107959        0.373514       -0.013809

     C    2       -0.696967        0.270274       -0.286493
     C    2        0.270274        0.568044        0.492589
     C    2       -0.286493        0.492589        0.128923

     C    3        0.554366       -0.191219        0.201054
     C    3       -0.191219        0.000563        0.138876
     C    3        0.201054        0.138876       -0.554929

     H    4        0.486284        0.213125        0.625746
     H    4        0.213125       -0.109009        0.053127
     H    4        0.625746        0.053127       -0.377275

     C    5       -0.205376        0.252718       -0.416519
     C    5        0.252718        0.334271        0.365810
     C    5       -0.416519        0.365810       -0.128894

     H    6       -0.367192       -0.063783        0.364451
     H    6       -0.063783        0.384594        0.489998
     H    6        0.364451        0.489998       -0.017402

     H    7       -0.171492        0.230143        0.143657
     H    7        0.230143        0.080141       -0.561420
     H    7        0.143657       -0.561420        0.091351

     C    8       -0.025372       -0.233727       -0.127453
     C    8       -0.233727       -0.060653        0.420623
     C    8       -0.127453        0.420623        0.086025

     H    9        0.203916       -0.108014        0.315855
     H    9       -0.108014       -0.224671        0.107074
     H    9        0.315855        0.107074        0.020755

     C   10       -0.261461       -0.057125       -0.108313
     C   10       -0.057125        0.122764        0.287914
     C   10       -0.108313        0.287914        0.138696

     C   11       -0.115081        0.427497       -0.073043
     C   11        0.427497        0.044063        0.284389
     C   11       -0.073043        0.284389        0.071018

     Cl  12        2.078988        0.178899        0.205948
     Cl  12        0.178899        0.188038       -0.164909
     Cl  12        0.205948       -0.164909       -2.267026

     H   13       -0.187780       -0.152819        0.179295
     H   13       -0.152819        0.191385        0.598965
     H   13        0.179295        0.598965       -0.003605

     C   14        0.229692        0.277817       -0.190361
     C   14        0.277817        0.205153       -0.349872
     C   14       -0.190361       -0.349872       -0.434845

     H   15        0.614878        0.052344        0.354519
     H   15        0.052344       -0.207262        0.219106
     H   15        0.354519        0.219106       -0.407617

     C   16       -0.135330        0.148794       -0.097905
     C   16        0.148794        0.290077       -0.085541
     C   16       -0.097905       -0.085541       -0.154747

     C   17        0.183893       -0.347199       -0.304559
     C   17       -0.347199        0.421909       -0.583229
     C   17       -0.304559       -0.583229       -0.605802

     Cl  18        0.706187       -1.955732        0.692514
     Cl  18       -1.955732       -0.610826       -0.333154
     Cl  18        0.692514       -0.333154       -0.095362

     H   19       -0.017011        0.000362        0.166204
     H   19        0.000362        0.492329       -0.588207
     H   19        0.166204       -0.588207       -0.475318

     C   20       -0.477194       -0.056141        0.147419
     C   20       -0.056141        0.331356        0.265666
     C   20        0.147419        0.265666        0.145838

     H   21        0.690500       -0.150296        0.402087
     H   21       -0.150296       -0.279910       -0.440413
     H   21        0.402087       -0.440413       -0.410590

     C   22        0.284903        0.221185        0.280087
     C   22        0.221185        0.064192       -0.215291
     C   22        0.280087       -0.215291       -0.349095

     C   23       -0.234522       -0.094695       -0.145272
     C   23       -0.094695        0.219735        0.026724
     C   23       -0.145272        0.026724        0.014787

     Cl  24        0.123002        0.490001       -0.789811
     Cl  24        0.490001        1.008032        1.517808
     Cl  24       -0.789811        1.517808       -1.131034


     NQR/NMR SPECTROSCOPIC PARAMETERS:
     Cl   1    Vxx=    0.0854    axis=(  0.315163  0.157431  0.935889)
     Cl   1    Vyy=    1.0104    axis=( -0.760877  0.631313  0.150031)
     Cl   1    Vzz=   -1.0958    axis=( -0.567219 -0.759381  0.318752)
     Cl   1  Q=        -8.1650 1e-30 m^2  Cq=        21.0216 MHz  eta= 0.84417

     C    2    Vxx=    0.0176    axis=( -0.473371 -0.446875  0.759093)
     C    2    Vyy=    0.8912    axis=( -0.048722 -0.847159 -0.529101)
     C    2    Vzz=   -0.9088    axis=( -0.879514  0.287446 -0.379248)
     C    2  Q=         1.0000 1e-30 m^2  Cq=        -2.1354 MHz  eta= 0.96128

     C    3    Vxx=    0.0032    axis=(  0.210164  0.928308  0.306716)
     C    3    Vyy=    0.6340    axis=(  0.956628 -0.259992  0.131407)
     C    3    Vzz=   -0.6371    axis=( -0.201730 -0.265796  0.942686)
     C    3  Q=         1.0000 1e-30 m^2  Cq=        -1.4970 MHz  eta= 0.99009

     H    4    Vxx=   -0.1513    axis=(  0.147790 -0.972388  0.180610)
     H    4    Vyy=   -0.7105    axis=(  0.474067 -0.090621 -0.875813)
     H    4    Vzz=    0.8618    axis=(  0.867997  0.215058  0.447584)
     H    4  Q=         1.0000 1e-30 m^2  Cq=         2.0248 MHz  eta= 0.64893

     C    5    Vxx=    0.2222    axis=(  0.749394  0.275430 -0.602119)
     C    5    Vyy=    0.5365    axis=( -0.043757 -0.886785 -0.460105)
     C    5    Vzz=   -0.7587    axis=(  0.660677 -0.371147  0.652500)
     C    5  Q=         1.0000 1e-30 m^2  Cq=        -1.7827 MHz  eta= 0.41435

     H    6    Vxx=   -0.0325    axis=(  0.673548 -0.517259  0.527992)
     H    6    Vyy=   -0.7033    axis=( -0.724051 -0.318114  0.612008)
     H    6    Vzz=    0.7358    axis=(  0.148605  0.794510  0.588787)
     H    6  Q=         1.0000 1e-30 m^2  Cq=         1.7288 MHz  eta= 0.91161

     H    7    Vxx=   -0.0224    axis=(  0.861071  0.303043  0.408316)
     H    7    Vyy=   -0.6295    axis=( -0.502414  0.630766  0.591366)
     H    7    Vzz=    0.6519    axis=( -0.078342 -0.714352  0.695388)
     H    7  Q=         1.0000 1e-30 m^2  Cq=         1.5317 MHz  eta= 0.93136

     C    8    Vxx=   -0.1072    axis=( -0.875330 -0.043996 -0.481520)
     C    8    Vyy=   -0.4414    axis=( -0.268698 -0.783670  0.560056)
     C    8    Vzz=    0.5486    axis=( -0.401993  0.619617  0.674148)
     C    8  Q=         1.0000 1e-30 m^2  Cq=         1.2890 MHz  eta= 0.60909

     H    9    Vxx=   -0.0705    axis=(  0.406907 -0.696036 -0.591575)
     H    9    Vyy=   -0.3714    axis=(  0.433980  0.717161 -0.545290)
     H    9    Vzz=    0.4420    axis=( -0.803796  0.034849 -0.593884)
     H    9  Q=         1.0000 1e-30 m^2  Cq=         1.0384 MHz  eta= 0.68088

     C   10    Vxx=   -0.1486    axis=(  0.244040  0.729434 -0.639039)
     C   10    Vyy=   -0.2899    axis=( -0.955459  0.068081 -0.287164)
     C   10    Vzz=    0.4385    axis=( -0.165961  0.680655  0.713559)
     C   10  Q=         1.0000 1e-30 m^2  Cq=         1.0304 MHz  eta= 0.32236

     C   11    Vxx=    0.0808    axis=( -0.557041 -0.114725  0.822522)
     C   11    Vyy=    0.4832    axis=( -0.487473 -0.756675 -0.435675)
     C   11    Vzz=   -0.5640    axis=(  0.672365 -0.643647  0.365574)
     C   11  Q=         1.0000 1e-30 m^2  Cq=        -1.3253 MHz  eta= 0.71343

     Cl  12    Vxx=    0.1849    axis=( -0.085792  0.993559 -0.074031)
     Cl  12    Vyy=    2.1040    axis=( -0.995066 -0.089165 -0.043520)
     Cl  12    Vzz=   -2.2889    axis=( -0.049840  0.069932  0.996306)
     Cl  12  Q=        -8.1650 1e-30 m^2  Cq=        43.9115 MHz  eta= 0.83846

     H   13    Vxx=   -0.0641    axis=(  0.885440 -0.300843  0.354246)
     H   13    Vyy=   -0.6366    axis=( -0.464754 -0.573676  0.674462)
     H   13    Vzz=    0.7007    axis=( -0.000315  0.761833  0.647773)
     H   13  Q=         1.0000 1e-30 m^2  Cq=         1.6465 MHz  eta= 0.81698

     C   14    Vxx=   -0.0386    axis=(  0.765904 -0.617923  0.177658)
     C   14    Vyy=   -0.5944    axis=(  0.087315  0.373717  0.923424)
     C   14    Vzz=    0.6330    axis=( -0.636999 -0.691741  0.340186)
     C   14  Q=         1.0000 1e-30 m^2  Cq=         1.4874 MHz  eta= 0.87804

     H   15    Vxx=   -0.1272    axis=(  0.246231 -0.889889 -0.384016)
     H   15    Vyy=   -0.6131    axis=(  0.231931  0.438803 -0.868136)
     H   15    Vzz=    0.7403    axis=(  0.941052  0.124696  0.314440)
     H   15  Q=         1.0000 1e-30 m^2  Cq=         1.7393 MHz  eta= 0.65636

     C   16    Vxx=   -0.1145    axis=( -0.612536  0.372704  0.697059)
     C   16    Vyy=   -0.2468    axis=(  0.723295 -0.091406  0.684463)
     C   16    Vzz=    0.3612    axis=( -0.318817 -0.923437  0.213586)
     C   16  Q=         1.0000 1e-30 m^2  Cq=         0.8488 MHz  eta= 0.36634

     C   17    Vxx=    0.2560    axis=(  0.864636  0.217611 -0.452824)
     C   17    Vyy=    0.7629    axis=(  0.374333 -0.880195  0.291772)
     C   17    Vzz=   -1.0189    axis=(  0.335081  0.421784  0.842508)
     C   17  Q=         1.0000 1e-30 m^2  Cq=        -2.3940 MHz  eta= 0.49748

     Cl  18    Vxx=   -0.3204    axis=( -0.196914  0.233787  0.952139)
     Cl  18    Vyy=   -2.0259    axis=(  0.592849  0.801880 -0.074284)
     Cl  18    Vzz=    2.3463    axis=( -0.780868  0.549847 -0.296501)
     Cl  18  Q=        -8.1650 1e-30 m^2  Cq=       -45.0119 MHz  eta= 0.72690

     H   19    Vxx=    0.0063    axis=(  0.976923  0.164354  0.136416)
     H   19    Vyy=    0.7765    axis=(  0.090349 -0.896698  0.433324)
     H   19    Vzz=   -0.7828    axis=(  0.193543 -0.410999 -0.890854)
     H   19  Q=         1.0000 1e-30 m^2  Cq=        -1.8393 MHz  eta= 0.98401

     C   20    Vxx=    0.0052    axis=( -0.299973  0.570927 -0.764237)
     C   20    Vyy=    0.5216    axis=(  0.041290  0.808151  0.587526)
     C   20    Vzz=   -0.5269    axis=( -0.953054 -0.144686  0.265997)
     C   20  Q=         1.0000 1e-30 m^2  Cq=        -1.2379 MHz  eta= 0.98013

     H   21    Vxx=   -0.0724    axis=(  0.413362  0.761172 -0.499749)
     H   21    Vyy=   -0.8218    axis=( -0.149846  0.598214  0.787201)
     H   21    Vzz=    0.8942    axis=(  0.898153 -0.250513  0.361338)
     H   21  Q=         1.0000 1e-30 m^2  Cq=         2.1010 MHz  eta= 0.83812

     C   22    Vxx=    0.1316    axis=( -0.248624  0.821693 -0.512842)
     C   22    Vyy=    0.4483    axis=( -0.893488 -0.398992 -0.206118)
     C   22    Vzz=   -0.5799    axis=( -0.373986  0.406972  0.833372)
     C   22  Q=         1.0000 1e-30 m^2  Cq=        -1.3626 MHz  eta= 0.54602

     C   23    Vxx=    0.0585    axis=( -0.327773 -0.338711  0.881952)
     C   23    Vyy=    0.2535    axis=(  0.258221 -0.930096 -0.261234)
     C   23    Vzz=   -0.3120    axis=(  0.908783  0.142113  0.392323)
     C   23  Q=         1.0000 1e-30 m^2  Cq=        -0.7332 MHz  eta= 0.62497

     Cl  24    Vxx=    0.4776    axis=(  0.931476  0.121133 -0.343045)
     Cl  24    Vyy=    1.7988    axis=(  0.049303  0.892210  0.448921)
     Cl  24    Vzz=   -2.2764    axis=(  0.360448 -0.435072  0.825100)
     Cl  24  Q=        -8.1650 1e-30 m^2  Cq=        43.6716 MHz  eta= 0.58039

     Initialization:
     gipaw_setup  :      9.11s CPU     10.56s WALL (       1 calls)

     Linear response

     Apply operators

     Induced current

     Other routines
     efg          :      9.38s CPU     11.44s WALL (       1 calls)

     General routines
     calbec       :      3.32s CPU      4.24s WALL (      16 calls)
     fft          :      1.37s CPU      1.96s WALL (      15 calls)
     ffts         :      0.03s CPU      0.05s WALL (       2 calls)
     fftw         :      3.27s CPU      3.81s WALL (     672 calls)
     davcio       :      0.04s CPU      0.32s WALL (      32 calls)

     Parallel routines
     fft_scatter  :      1.92s CPU      2.87s WALL (     689 calls)

     Plugins

     GIPAW        :     61.84s CPU     72.42s WALL (       1 calls)
