
     Program QE v.6.0 (svn rev. 13079) starts on 19Dec2016 at  3:52:55 

     This program is part of the open-source Quantum ESPRESSO suite
     for quantum simulation of materials; please cite
         "P. Giannozzi et al., J. Phys.:Condens. Matter 21 395502 (2009);
          URL http://www.quantum-espresso.org", 
     in publications or presentations arising from this work. More details at
     http://www.quantum-espresso.org/quote

     Parallel version (MPI), running on     8 processors
     R & G space division:  proc/nbgrp/npool/nimage =       8

     ***** This is GIPAW svn revision unknown      *****

     Parallelizing q-star over 1 images

     Reading data from directory:
     /users/majewski/paradichlorobenzene/pbe/9_constraint/scratch/pbe.ecut100.np8.dt60.pcl2phi-129368.save
     Message from routine read_xml_file:
     file /users/majewski/paradichlorobenzene/pbe/9_constraint/scratch/pbe.ecut100.np8.dt60.pcl2phi-129368.save not guaranteed to be safe for post-processing

   Info: using nr1, nr2, nr3 values from input

   Info: using nr1, nr2, nr3 values from input

     IMPORTANT: XC functional enforced from input :
     Exchange-correlation      =  SLA  PW   PBX  PBC ( 1  4  3  4 0 0)
     Any further DFT definition will be discarded
     Please, verify this is what you really want

               file C.pbe-n-kjpaw_psl.1.0.0.UPF: wavefunction(s)  2S 2P renormalized
               file Cl.pbe-n-kjpaw_psl.1.0.0.UPF: wavefunction(s)  3S 3P renormalized
               file H.pbe-kjpaw_psl.1.0.0.UPF: wavefunction(s)  1S renormalized

     Parallelization info
     --------------------
     sticks:   dense  smooth     PW     G-vecs:    dense   smooth      PW
     Min        3057    1223    332               144436    36536    5170
     Max        3059    1225    333               144437    36537    5171
     Sum       24467    9791   2657              1155489   292295   41363


     Subspace diagonalization in iterative solution of the eigenvalue problem:
     a serial algorithm will be used

     GIPAW projectors -----------------------------------------------
     atom=  C    l=0  rc=    1.2000  rs=    0.8000
     atom=  C    l=0  rc=    1.2000  rs=    0.8000
     atom=  C    l=1  rc=    1.4000  rs=    0.9333
     atom=  C    l=1  rc=    1.4000  rs=    0.9333
     projs nearly linearly dependent: l=1  n1,n2= 1, 2  s=  0.99951561

     atom=  Cl   l=0  rc=    1.6000  rs=    1.0667
     atom=  Cl   l=0  rc=    1.6000  rs=    1.0667
     atom=  Cl   l=1  rc=    1.6000  rs=    1.0667
     atom=  Cl   l=1  rc=    1.6000  rs=    1.0667
     atom=  Cl   l=2  rc=    1.6000  rs=    1.0667
     atom=  Cl   l=2  rc=    1.6000  rs=    1.0667
     projs nearly linearly dependent: l=2  n1,n2= 1, 2  s=  0.99993509

     atom=  H    l=0  rc=    1.0000  rs=    0.6667
     atom=  H    l=0  rc=    1.0000  rs=    0.6667
     projs nearly linearly dependent: l=0  n1,n2= 1, 2  s=  0.99968852
     -----------------------------------------------------------------

     GIPAW integrals: -------------------------------------------
     Atom  i/j   nmr_para   nmr_dia   epr_rmc  epr_para   epr_dia
       C   1 1   0.83E+03  0.17E-01  0.93E+01  0.24E+08  0.24E+03
       C   2 1   0.86E+03 -0.61E-01  0.94E+01  0.25E+08  0.25E+03
       C   2 2   0.90E+03 -0.15E+00  0.97E+01  0.26E+08  0.26E+03
       C   3 3   0.33E+01  0.34E+00  0.18E+01  0.55E+03  0.21E+02
       C   4 3   0.35E+01  0.37E+00  0.20E+01  0.59E+03  0.22E+02
       C   4 4   0.38E+01  0.39E+00  0.22E+01  0.63E+03  0.24E+02
       Cl  1 1   0.14E+04 -0.47E+00  0.84E+01  0.32E+09  0.42E+03
       Cl  2 1   0.21E+04 -0.37E+00  0.12E+02  0.49E+09  0.65E+03
       Cl  2 2   0.33E+04 -0.16E+00  0.21E+02  0.76E+09  0.10E+04
       Cl  3 3   0.21E+02  0.79E-01  0.89E+01  0.23E+05  0.13E+03
       Cl  4 3   0.24E+02  0.67E-01  0.99E+01  0.27E+05  0.15E+03
       Cl  4 4   0.28E+02  0.44E-01  0.11E+02  0.32E+05  0.18E+03
       Cl  5 5   0.77E+00  0.19E+00  0.18E+01  0.12E+03  0.22E+02
       Cl  6 5   0.80E+00  0.19E+00  0.19E+01  0.12E+03  0.23E+02
       Cl  6 6   0.83E+00  0.20E+00  0.19E+01  0.12E+03  0.23E+02
       H   1 1   0.39E+02  0.19E+00  0.29E+00  0.78E+05  0.13E+02
       H   2 1   0.41E+02  0.21E+00  0.32E+00  0.82E+05  0.14E+02
       H   2 2   0.43E+02  0.22E+00  0.36E+00  0.86E+05  0.15E+02
     ------------------------------------------------------------

     alpha_pv=     34.0712 eV

     Number of occupied bands for each k-point:
     k-point:     1    nbnd_occ=  42
     k-point:     2    nbnd_occ=  42
     k-point:     3    nbnd_occ=  42
     k-point:     4    nbnd_occ=  42
     k-point:     5    nbnd_occ=  42
     k-point:     6    nbnd_occ=  42
     k-point:     7    nbnd_occ=  42
     k-point:     8    nbnd_occ=  42
     k-point:     9    nbnd_occ=  42
     k-point:    10    nbnd_occ=  42
     k-point:    11    nbnd_occ=  42
     k-point:    12    nbnd_occ=  42
     k-point:    13    nbnd_occ=  42
     k-point:    14    nbnd_occ=  42
     k-point:    15    nbnd_occ=  42
     k-point:    16    nbnd_occ=  42


     q-space interpolation up to   110.00 Rydberg

     GIPAW job: efg                                                                             


     ELECTRIC FIELD GRADIENTS TENSORS IN Hartree/bohrradius^2:

     ----- bare term -----
     Cl   1       -0.087073        0.127547       -0.012291
     Cl   1        0.127547       -0.013513       -0.001669
     Cl   1       -0.012291       -0.001669        0.100585

     C    2       -0.141537        0.097630       -0.333118
     C    2        0.097630       -0.244248       -0.510138
     C    2       -0.333118       -0.510138        0.385784

     C    3       -0.281595        0.317601       -0.257410
     C    3        0.317601       -0.158406       -0.470079
     C    3       -0.257410       -0.470079        0.440002

     H    4       -0.227422       -0.325472       -0.422585
     H    4       -0.325472       -0.020478       -0.281343
     H    4       -0.422585       -0.281343        0.247901

     C    5       -0.511837        0.065593       -0.343026
     C    5        0.065593       -0.047618       -0.411080
     C    5       -0.343026       -0.411080        0.559456

     H    6        0.454538       -0.219662        0.041928
     H    6       -0.219662       -0.657764       -0.043536
     H    6        0.041928       -0.043536        0.203226

     H    7        0.381894        0.244639        0.004470
     H    7        0.244639       -0.666793        0.232611
     H    7        0.004470        0.232611        0.284899

     C    8       -0.286953       -0.152626       -0.354680
     C    8       -0.152626       -0.106252        0.439938
     C    8       -0.354680        0.439938        0.393205

     H    9       -0.527868        0.453847       -0.053217
     H    9        0.453847        0.261719       -0.001024
     H    9       -0.053217       -0.001024        0.266149

     C   10       -0.239917       -0.282905       -0.336839
     C   10       -0.282905       -0.176554        0.505022
     C   10       -0.336839        0.505022        0.416472

     C   11       -0.098689        0.069965       -0.349990
     C   11        0.069965       -0.092498        0.616331
     C   11       -0.349990        0.616331        0.191187

     Cl  12       -0.173582       -0.108278       -0.033964
     Cl  12       -0.108278       -0.013462        0.155558
     Cl  12       -0.033964        0.155558        0.187044

     H   13        0.448592       -0.037335       -0.043337
     H   13       -0.037335       -0.744518       -0.187888
     H   13       -0.043337       -0.187888        0.295926

     C   14       -0.319135       -0.049578       -0.335757
     C   14       -0.049578       -0.001409       -0.558947
     C   14       -0.335757       -0.558947        0.320544

     H   15       -0.359702       -0.449176       -0.317146
     H   15       -0.449176        0.053342       -0.115405
     H   15       -0.317146       -0.115405        0.306359

     C   16       -0.528791        0.358433       -0.293928
     C   16        0.358433        0.101128       -0.264008
     C   16       -0.293928       -0.264008        0.427663

     C   17       -0.043398        0.070385       -0.243558
     C   17        0.070385       -0.375084       -0.436469
     C   17       -0.243558       -0.436469        0.418481

     Cl  18       -0.019528       -0.021642        0.029175
     Cl  18       -0.021642       -0.040828        0.022396
     Cl  18        0.029175        0.022396        0.060355

     H   19        0.378237        0.316581        0.125716
     H   19        0.316581       -0.601416       -0.204256
     H   19        0.125716       -0.204256        0.223179

     C   20       -0.375439       -0.173884       -0.318857
     C   20       -0.173884       -0.110208        0.271162
     C   20       -0.318857        0.271162        0.485647

     H   21       -0.246466        0.403629        0.149432
     H   21        0.403629        0.019425       -0.183239
     H   21        0.149432       -0.183239        0.227041

     C   22       -0.047298       -0.119563        0.004603
     C   22       -0.119563       -0.249571        0.239392
     C   22        0.004603        0.239392        0.296870

     C   23       -0.280312       -0.095803       -0.357515
     C   23       -0.095803       -0.107202        0.542700
     C   23       -0.357515        0.542700        0.387514

     Cl  24       -0.088237        0.011533       -0.039108
     Cl  24        0.011533       -0.078707        0.013653
     Cl  24       -0.039108        0.013653        0.166944

     ----- ionic term -----
     Cl   1        0.156536       -0.226886        0.087412
     Cl   1       -0.226886        0.005245       -0.048093
     Cl   1        0.087412       -0.048093       -0.161781

     C    2        0.196740       -0.135603        0.377134
     C    2       -0.135603        0.203519        0.311123
     C    2        0.377134        0.311123       -0.400259

     C    3        0.103053       -0.177767        0.245693
     C    3       -0.177767        0.295231        0.329461
     C    3        0.245693        0.329461       -0.398283

     H    4        0.458111        0.429433        0.654941
     H    4        0.429433       -0.268116        0.332632
     H    4        0.654941        0.332632       -0.189995

     C    5        0.265417       -0.089518        0.313719
     C    5       -0.089518        0.135346        0.252437
     C    5        0.313719        0.252437       -0.400763

     H    6       -0.481097        0.188113        0.093997
     H    6        0.188113        0.793916        0.570478
     H    6        0.093997        0.570478       -0.312819

     H    7       -0.496868       -0.197760        0.094025
     H    7       -0.197760        0.842879       -0.533408
     H    7        0.094025       -0.533408       -0.346012

     C    8        0.321432        0.057984        0.192658
     C    8        0.057984        0.100109       -0.289680
     C    8        0.192658       -0.289680       -0.421542

     H    9        0.690960       -0.398966        0.566457
     H    9       -0.398966       -0.395270       -0.247070
     H    9        0.566457       -0.247070       -0.295690

     C   10        0.165978        0.096774        0.128487
     C   10        0.096774        0.219919       -0.425211
     C   10        0.128487       -0.425211       -0.385897

     C   11        0.227273        0.015609        0.101049
     C   11        0.015609        0.227107       -0.432759
     C   11        0.101049       -0.432759       -0.454380

     Cl  12        0.139821        0.199061       -0.037316
     Cl  12        0.199061        0.000158       -0.025588
     Cl  12       -0.037316       -0.025588       -0.139979

     H   13       -0.527149        0.095216        0.064333
     H   13        0.095216        0.720551        0.650205
     H   13        0.064333        0.650205       -0.193402

     C   14        0.258752       -0.114954        0.335343
     C   14       -0.114954        0.104265        0.271831
     C   14        0.335343        0.271831       -0.363017

     H   15        0.721926        0.379782        0.548260
     H   15        0.379782       -0.370209        0.219443
     H   15        0.548260        0.219443       -0.351717

     C   16        0.175588       -0.206555        0.212594
     C   16       -0.206555        0.241442        0.308788
     C   16        0.212594        0.308788       -0.417029

     C   17        0.163932       -0.102915        0.247013
     C   17       -0.102915        0.217689        0.386320
     C   17        0.247013        0.386320       -0.381622

     Cl  18        0.149887       -0.184072        0.005995
     Cl  18       -0.184072        0.001222        0.002533
     Cl  18        0.005995        0.002533       -0.151110

     H   19       -0.494794       -0.192258        0.035644
     H   19       -0.192258        0.924020       -0.449515
     H   19        0.035644       -0.449515       -0.429225

     C   20        0.345127        0.054156        0.084097
     C   20        0.054156        0.181732       -0.256411
     C   20        0.084097       -0.256411       -0.526860

     H   21        0.692646       -0.613615        0.289478
     H   21       -0.613615       -0.139554       -0.192948
     H   21        0.289478       -0.192948       -0.553092

     C   22        0.182367        0.089023        0.054242
     C   22        0.089023        0.360721       -0.328188
     C   22        0.054242       -0.328188       -0.543088

     C   23        0.207514        0.083079        0.212620
     C   23        0.083079        0.290659       -0.329106
     C   23        0.212620       -0.329106       -0.498173

     Cl  24        0.133348        0.204808       -0.002792
     Cl  24        0.204808        0.032843       -0.002641
     Cl  24       -0.002792       -0.002641       -0.166191

     ----- GIPAW term -----
     Cl   1       -0.920362       -1.066332       -0.350294
     Cl   1       -1.066332       -1.438198        0.119300
     Cl   1       -0.350294        0.119300        2.358560

     C    2        0.023146       -0.113977       -0.056612
     C    2       -0.113977       -0.064474       -0.101071
     C    2       -0.056612       -0.101071        0.041328

     C    3       -0.082419        0.048670       -0.064998
     C    3        0.048670        0.011301       -0.088856
     C    3       -0.064998       -0.088856        0.071118

     H    4       -0.000000        0.000000        0.000000
     H    4        0.000000        0.000000        0.000000
     H    4        0.000000        0.000000        0.000000

     C    5       -0.147460       -0.014048       -0.008861
     C    5       -0.014048       -0.066935       -0.153325
     C    5       -0.008861       -0.153325        0.214394

     H    6       -0.000000        0.000000        0.000000
     H    6        0.000000        0.000000        0.000000
     H    6        0.000000        0.000000        0.000000

     H    7       -0.000000        0.000000        0.000000
     H    7        0.000000        0.000000        0.000000
     H    7        0.000000        0.000000        0.000000

     C    8       -0.028466       -0.006238       -0.062974
     C    8       -0.006238       -0.028016        0.086718
     C    8       -0.062974        0.086718        0.056482

     H    9       -0.000000        0.000000        0.000000
     H    9        0.000000        0.000000        0.000000
     H    9        0.000000        0.000000        0.000000

     C   10       -0.063777       -0.089157       -0.152242
     C   10       -0.089157       -0.019087        0.145362
     C   10       -0.152242        0.145362        0.082864

     C   11        0.037103        0.154188       -0.062283
     C   11        0.154188        0.055519        0.119117
     C   11       -0.062283        0.119117       -0.092622

     Cl  12        0.025949        1.560958       -0.378473
     Cl  12        1.560958       -0.079251        1.432464
     Cl  12       -0.378473        1.432464        0.053302

     H   13       -0.000000        0.000000        0.000000
     H   13        0.000000        0.000000        0.000000
     H   13        0.000000        0.000000        0.000000

     C   14       -0.088545       -0.078896       -0.010565
     C   14       -0.078896        0.068571       -0.223365
     C   14       -0.010565       -0.223365        0.019973

     H   15       -0.000000        0.000000        0.000000
     H   15        0.000000        0.000000        0.000000
     H   15        0.000000        0.000000        0.000000

     C   16       -0.179594        0.024935       -0.073420
     C   16        0.024935        0.159756        0.024297
     C   16       -0.073420        0.024297        0.019838

     C   17       -0.005233       -0.097039       -0.007577
     C   17       -0.097039       -0.093576        0.039954
     C   17       -0.007577        0.039954        0.098809

     Cl  18        1.222409       -2.329328        0.296054
     Cl  18       -2.329328       -0.241364        0.138543
     Cl  18        0.296054        0.138543       -0.981045

     H   19       -0.000000        0.000000        0.000000
     H   19        0.000000        0.000000        0.000000
     H   19        0.000000        0.000000        0.000000

     C   20       -0.108506       -0.060026       -0.119976
     C   20       -0.060026       -0.071694        0.148009
     C   20       -0.119976        0.148009        0.180200

     H   21       -0.000000        0.000000        0.000000
     H   21        0.000000        0.000000        0.000000
     H   21        0.000000        0.000000        0.000000

     C   22       -0.049655       -0.017688       -0.042644
     C   22       -0.017688       -0.055598        0.061249
     C   22       -0.042644        0.061249        0.105253

     C   23       -0.013325        0.078225       -0.126346
     C   23        0.078225       -0.052077        0.138374
     C   23       -0.126346        0.138374        0.065403

     Cl  24        0.614348        2.213590       -0.402881
     Cl  24        2.213590       -0.628894        0.100058
     Cl  24       -0.402881        0.100058        0.014546

     ----- total EFG -----
     Cl   1       -0.850899       -1.165672       -0.275173
     Cl   1       -1.165672       -1.446465        0.069538
     Cl   1       -0.275173        0.069538        2.297364

     C    2        0.078350       -0.151950       -0.012596
     C    2       -0.151950       -0.105202       -0.300087
     C    2       -0.012596       -0.300087        0.026853

     C    3       -0.260962        0.188504       -0.076716
     C    3        0.188504        0.148125       -0.229474
     C    3       -0.076716       -0.229474        0.112836

     H    4        0.230688        0.103961        0.232355
     H    4        0.103961       -0.288594        0.051289
     H    4        0.232355        0.051289        0.057906

     C    5       -0.393880       -0.037973       -0.038168
     C    5       -0.037973        0.020793       -0.311968
     C    5       -0.038168       -0.311968        0.373088

     H    6       -0.026559       -0.031549        0.135925
     H    6       -0.031549        0.136152        0.526942
     H    6        0.135925        0.526942       -0.109592

     H    7       -0.114974        0.046879        0.098495
     H    7        0.046879        0.176086       -0.300798
     H    7        0.098495       -0.300798       -0.061112

     C    8        0.006014       -0.100880       -0.224995
     C    8       -0.100880       -0.034159        0.236976
     C    8       -0.224995        0.236976        0.028145

     H    9        0.163092        0.054881        0.513240
     H    9        0.054881       -0.133551       -0.248093
     H    9        0.513240       -0.248093       -0.029541

     C   10       -0.137716       -0.275288       -0.360593
     C   10       -0.275288        0.024278        0.225174
     C   10       -0.360593        0.225174        0.113438

     C   11        0.165687        0.239763       -0.311224
     C   11        0.239763        0.190128        0.302690
     C   11       -0.311224        0.302690       -0.355815

     Cl  12       -0.007812        1.651741       -0.449754
     Cl  12        1.651741       -0.092555        1.562434
     Cl  12       -0.449754        1.562434        0.100368

     H   13       -0.078557        0.057881        0.020996
     H   13        0.057881       -0.023968        0.462317
     H   13        0.020996        0.462317        0.102524

     C   14       -0.148927       -0.243428       -0.010978
     C   14       -0.243428        0.171427       -0.510481
     C   14       -0.010978       -0.510481       -0.022499

     H   15        0.362224       -0.069394        0.231114
     H   15       -0.069394       -0.316866        0.104038
     H   15        0.231114        0.104038       -0.045358

     C   16       -0.532798        0.176812       -0.154754
     C   16        0.176812        0.502326        0.069077
     C   16       -0.154754        0.069077        0.030472

     C   17        0.115301       -0.129569       -0.004122
     C   17       -0.129569       -0.250970       -0.010196
     C   17       -0.004122       -0.010196        0.135669

     Cl  18        1.352768       -2.535042        0.331224
     Cl  18       -2.535042       -0.280969        0.163472
     Cl  18        0.331224        0.163472       -1.071800

     H   19       -0.116557        0.124323        0.161360
     H   19        0.124323        0.322604       -0.653771
     H   19        0.161360       -0.653771       -0.206047

     C   20       -0.138817       -0.179754       -0.354736
     C   20       -0.179754       -0.000170        0.162761
     C   20       -0.354736        0.162761        0.138987

     H   21        0.446180       -0.209986        0.438910
     H   21       -0.209986       -0.120130       -0.376187
     H   21        0.438910       -0.376187       -0.326051

     C   22        0.085414       -0.048228        0.016202
     C   22       -0.048228        0.055552       -0.027547
     C   22        0.016202       -0.027547       -0.140965

     C   23       -0.086124        0.065501       -0.271242
     C   23        0.065501        0.131380        0.351968
     C   23       -0.271242        0.351968       -0.045257

     Cl  24        0.659458        2.429931       -0.444781
     Cl  24        2.429931       -0.674758        0.111070
     Cl  24       -0.444781        0.111070        0.015299

     ----- total EFG (symmetrized) -----
     Cl   1       -0.850899       -1.165672       -0.275173
     Cl   1       -1.165672       -1.446465        0.069538
     Cl   1       -0.275173        0.069538        2.297364

     C    2        0.078350       -0.151950       -0.012596
     C    2       -0.151950       -0.105202       -0.300087
     C    2       -0.012596       -0.300087        0.026853

     C    3       -0.260962        0.188504       -0.076716
     C    3        0.188504        0.148125       -0.229474
     C    3       -0.076716       -0.229474        0.112836

     H    4        0.230688        0.103961        0.232355
     H    4        0.103961       -0.288594        0.051289
     H    4        0.232355        0.051289        0.057906

     C    5       -0.393880       -0.037973       -0.038168
     C    5       -0.037973        0.020793       -0.311968
     C    5       -0.038168       -0.311968        0.373088

     H    6       -0.026559       -0.031549        0.135925
     H    6       -0.031549        0.136152        0.526942
     H    6        0.135925        0.526942       -0.109592

     H    7       -0.114974        0.046879        0.098495
     H    7        0.046879        0.176086       -0.300798
     H    7        0.098495       -0.300798       -0.061112

     C    8        0.006014       -0.100880       -0.224995
     C    8       -0.100880       -0.034159        0.236976
     C    8       -0.224995        0.236976        0.028145

     H    9        0.163092        0.054881        0.513240
     H    9        0.054881       -0.133551       -0.248093
     H    9        0.513240       -0.248093       -0.029541

     C   10       -0.137716       -0.275288       -0.360593
     C   10       -0.275288        0.024278        0.225174
     C   10       -0.360593        0.225174        0.113438

     C   11        0.165687        0.239763       -0.311224
     C   11        0.239763        0.190128        0.302690
     C   11       -0.311224        0.302690       -0.355815

     Cl  12       -0.007812        1.651741       -0.449754
     Cl  12        1.651741       -0.092555        1.562434
     Cl  12       -0.449754        1.562434        0.100368

     H   13       -0.078557        0.057881        0.020996
     H   13        0.057881       -0.023968        0.462317
     H   13        0.020996        0.462317        0.102524

     C   14       -0.148927       -0.243428       -0.010978
     C   14       -0.243428        0.171427       -0.510481
     C   14       -0.010978       -0.510481       -0.022499

     H   15        0.362224       -0.069394        0.231114
     H   15       -0.069394       -0.316866        0.104038
     H   15        0.231114        0.104038       -0.045358

     C   16       -0.532798        0.176812       -0.154754
     C   16        0.176812        0.502326        0.069077
     C   16       -0.154754        0.069077        0.030472

     C   17        0.115301       -0.129569       -0.004122
     C   17       -0.129569       -0.250970       -0.010196
     C   17       -0.004122       -0.010196        0.135669

     Cl  18        1.352768       -2.535042        0.331224
     Cl  18       -2.535042       -0.280969        0.163472
     Cl  18        0.331224        0.163472       -1.071800

     H   19       -0.116557        0.124323        0.161360
     H   19        0.124323        0.322604       -0.653771
     H   19        0.161360       -0.653771       -0.206047

     C   20       -0.138817       -0.179754       -0.354736
     C   20       -0.179754       -0.000170        0.162761
     C   20       -0.354736        0.162761        0.138987

     H   21        0.446180       -0.209986        0.438910
     H   21       -0.209986       -0.120130       -0.376187
     H   21        0.438910       -0.376187       -0.326051

     C   22        0.085414       -0.048228        0.016202
     C   22       -0.048228        0.055552       -0.027547
     C   22        0.016202       -0.027547       -0.140965

     C   23       -0.086124        0.065501       -0.271242
     C   23        0.065501        0.131380        0.351968
     C   23       -0.271242        0.351968       -0.045257

     Cl  24        0.659458        2.429931       -0.444781
     Cl  24        2.429931       -0.674758        0.111070
     Cl  24       -0.444781        0.111070        0.015299


     NQR/NMR SPECTROSCOPIC PARAMETERS:
     Cl   1    Vxx=    0.0248    axis=( -0.781345  0.613713 -0.113386)
     Cl   1    Vyy=    2.3298    axis=( -0.104446  0.050530  0.993246)
     Cl   1    Vzz=   -2.3546    axis=(  0.615298  0.787910  0.024618)
     Cl   1  Q=        -8.1650 1e-30 m^2  Cq=        45.1717 MHz  eta= 0.97897

     C    2    Vxx=    0.0777    axis=( -0.880518 -0.043000  0.472059)
     C    2    Vyy=    0.3043    axis=(  0.389189 -0.634083  0.668184)
     C    2    Vzz=   -0.3820    axis=( -0.270593 -0.772068 -0.575056)
     C    2  Q=         1.0000 1e-30 m^2  Cq=        -0.8975 MHz  eta= 0.59326

     C    3    Vxx=   -0.0801    axis=(  0.261508  0.568400  0.780086)
     C    3    Vyy=   -0.3350    axis=( -0.925284  0.377655  0.035010)
     C    3    Vzz=    0.4151    axis=( -0.274704 -0.730957  0.624692)
     C    3  Q=         1.0000 1e-30 m^2  Cq=         0.9753 MHz  eta= 0.61413

     H    4    Vxx=   -0.1022    axis=( -0.553448 -0.080581  0.828977)
     H    4    Vyy=   -0.3088    axis=( -0.179184  0.983522 -0.024025)
     H    4    Vzz=    0.4110    axis=( -0.813381 -0.161836 -0.558767)
     H    4  Q=         1.0000 1e-30 m^2  Cq=         0.9657 MHz  eta= 0.50264

     C    5    Vxx=   -0.1502    axis=( -0.208629  0.846667  0.489519)
     C    5    Vyy=   -0.4052    axis=( -0.977886 -0.173114 -0.117350)
     C    5    Vzz=    0.5554    axis=( -0.014614 -0.503177  0.864060)
     C    5  Q=         1.0000 1e-30 m^2  Cq=         1.3050 MHz  eta= 0.45906

     H    6    Vxx=   -0.0027    axis=(  0.967111 -0.225659  0.117366)
     H    6    Vyy=   -0.5579    axis=(  0.232190  0.594840 -0.769579)
     H    6    Vzz=    0.5606    axis=(  0.103849  0.771520  0.627672)
     H    6  Q=         1.0000 1e-30 m^2  Cq=         1.3172 MHz  eta= 0.99036

     H    7    Vxx=   -0.0593    axis=(  0.885990  0.287963  0.363455)
     H    7    Vyy=   -0.3221    axis=( -0.462396  0.489804  0.739109)
     H    7    Vzz=    0.3814    axis=(  0.034814 -0.822903  0.567115)
     H    7  Q=         1.0000 1e-30 m^2  Cq=         0.8961 MHz  eta= 0.68887

     C    8    Vxx=   -0.1126    axis=(  0.751406  0.651576  0.104100)
     C    8    Vyy=   -0.2730    axis=(  0.386308 -0.562307  0.731148)
     C    8    Vzz=    0.3856    axis=( -0.534935  0.509175  0.674230)
     C    8  Q=         1.0000 1e-30 m^2  Cq=         0.9061 MHz  eta= 0.41582

     H    9    Vxx=   -0.0340    axis=(  0.422599  0.869613 -0.255309)
     H    9    Vyy=   -0.5744    axis=( -0.528678  0.465337  0.709902)
     H    9    Vzz=    0.6084    axis=( -0.736145  0.165027 -0.656397)
     H    9  Q=         1.0000 1e-30 m^2  Cq=         1.4296 MHz  eta= 0.88809

     C   10    Vxx=   -0.1601    axis=(  0.037884  0.795408 -0.604890)
     C   10    Vyy=   -0.4235    axis=( -0.845684 -0.296949 -0.443442)
     C   10    Vzz=    0.5835    axis=(  0.532338 -0.528344 -0.661414)
     C   10  Q=         1.0000 1e-30 m^2  Cq=         1.3711 MHz  eta= 0.45136

     C   11    Vxx=    0.2492    axis=( -0.600868  0.547107  0.582779)
     C   11    Vyy=    0.4180    axis=( -0.680144 -0.732961 -0.013158)
     C   11    Vzz=   -0.6673    axis=(  0.419955 -0.404280  0.812524)
     C   11  Q=         1.0000 1e-30 m^2  Cq=        -1.5678 MHz  eta= 0.25299

     Cl  12    Vxx=    0.4982    axis=(  0.689808  0.014239 -0.723852)
     Cl  12    Vyy=    2.0301    axis=( -0.486832 -0.730897 -0.478313)
     Cl  12    Vzz=   -2.5283    axis=(  0.535872 -0.682339  0.497247)
     Cl  12  Q=        -8.1650 1e-30 m^2  Cq=        48.5051 MHz  eta= 0.60588

     H   13    Vxx=   -0.0809    axis=(  0.992176  0.004453 -0.124767)
     H   13    Vyy=   -0.4299    axis=( -0.085290  0.753978 -0.651339)
     H   13    Vzz=    0.5108    axis=(  0.091171  0.656884  0.748459)
     H   13  Q=         1.0000 1e-30 m^2  Cq=         1.2003 MHz  eta= 0.68312

     C   14    Vxx=   -0.1140    axis=(  0.873913 -0.103921 -0.474843)
     C   14    Vyy=   -0.5229    axis=(  0.427882  0.627972  0.650052)
     C   14    Vzz=    0.6369    axis=( -0.230634  0.771266 -0.593259)
     C   14  Q=         1.0000 1e-30 m^2  Cq=         1.4964 MHz  eta= 0.64196

     H   15    Vxx=   -0.0844    axis=( -0.347847  0.467572  0.812637)
     H   15    Vyy=   -0.3827    axis=(  0.211893  0.883545 -0.417671)
     H   15    Vzz=    0.4671    axis=( -0.913293  0.026907 -0.406414)
     H   15  Q=         1.0000 1e-30 m^2  Cq=         1.0975 MHz  eta= 0.63853

     C   16    Vxx=    0.0691    axis=( -0.261642 -0.046929  0.964023)
     C   16    Vyy=    0.5355    axis=( -0.150126 -0.984682 -0.088680)
     C   16    Vzz=   -0.6046    axis=(  0.953418 -0.167927  0.250589)
     C   16  Q=         1.0000 1e-30 m^2  Cq=        -1.4206 MHz  eta= 0.77139

     C   17    Vxx=    0.1359    axis=(  0.031033 -0.036716  0.998844)
     C   17    Vyy=    0.1565    axis=( -0.952492  0.301833  0.040687)
     C   17    Vzz=   -0.2925    axis=( -0.302978 -0.952654 -0.025605)
     C   17  Q=         1.0000 1e-30 m^2  Cq=        -0.6871 MHz  eta= 0.07051

     Cl  18    Vxx=   -0.9851    axis=(  0.130150  0.245541  0.960610)
     Cl  18    Vyy=   -2.2211    axis=(  0.573082  0.771989 -0.274972)
     Cl  18    Vzz=    3.2062    axis=( -0.809097  0.586296 -0.040241)
     Cl  18  Q=        -8.1650 1e-30 m^2  Cq=       -61.5095 MHz  eta= 0.38548

     H   19    Vxx=   -0.0478    axis=(  0.946864  0.167181  0.274772)
     H   19    Vyy=   -0.7159    axis=( -0.321280  0.531765  0.783585)
     H   19    Vzz=    0.7637    axis=( -0.015114 -0.830227  0.557221)
     H   19  Q=         1.0000 1e-30 m^2  Cq=         1.7943 MHz  eta= 0.87486

     C   20    Vxx=   -0.1033    axis=(  0.093281  0.884331 -0.457446)
     C   20    Vyy=   -0.3910    axis=( -0.842194 -0.174973 -0.509995)
     C   20    Vzz=    0.4943    axis=( -0.531045  0.432831  0.728456)
     C   20  Q=         1.0000 1e-30 m^2  Cq=         1.1614 MHz  eta= 0.58194

     H   21    Vxx=   -0.1167    axis=(  0.532065  0.790140 -0.304278)
     H   21    Vyy=   -0.6683    axis=( -0.239733  0.485246  0.840871)
     H   21    Vzz=    0.7849    axis=(  0.812056 -0.374452  0.447605)
     H   21  Q=         1.0000 1e-30 m^2  Cq=         1.8443 MHz  eta= 0.70274

     C   22    Vxx=    0.0209    axis=(  0.609028  0.789742 -0.073434)
     C   22    Vyy=    0.1242    axis=( -0.791962  0.600442 -0.110748)
     C   22    Vzz=   -0.1452    axis=( -0.043370  0.125605  0.991132)
     C   22  Q=         1.0000 1e-30 m^2  Cq=        -0.3411 MHz  eta= 0.71176

     C   23    Vxx=    0.0508    axis=(  0.796704  0.539784 -0.271839)
     C   23    Vyy=    0.4363    axis=(  0.253951 -0.707147 -0.659888)
     C   23    Vzz=   -0.4871    axis=( -0.548427  0.456701 -0.700465)
     C   23  Q=         1.0000 1e-30 m^2  Cq=        -1.1445 MHz  eta= 0.79141

     Cl  24    Vxx=    0.0323    axis=(  0.006912  0.178320  0.983948)
     Cl  24    Vyy=    2.5449    axis=( -0.794906 -0.596004  0.113598)
     Cl  24    Vzz=   -2.5772    axis=(  0.606694 -0.782931  0.137628)
     Cl  24  Q=        -8.1650 1e-30 m^2  Cq=        49.4430 MHz  eta= 0.97493

     Initialization:
     gipaw_setup  :      9.00s CPU     10.70s WALL (       1 calls)

     Linear response

     Apply operators

     Induced current

     Other routines
     efg          :      9.30s CPU     11.81s WALL (       1 calls)

     General routines
     calbec       :      3.35s CPU      4.34s WALL (      16 calls)
     fft          :      1.38s CPU      1.84s WALL (      15 calls)
     ffts         :      0.02s CPU      0.03s WALL (       2 calls)
     fftw         :      3.21s CPU      4.12s WALL (     672 calls)
     davcio       :      0.01s CPU      0.31s WALL (      32 calls)

     Parallel routines
     fft_scatter  :      2.10s CPU      3.18s WALL (     689 calls)

     Plugins

     GIPAW        :     61.93s CPU     74.55s WALL (       1 calls)
