
     Program QE v.6.0 (svn rev. 13079) starts on 19Jan2017 at 11:28:33 

     This program is part of the open-source Quantum ESPRESSO suite
     for quantum simulation of materials; please cite
         "P. Giannozzi et al., J. Phys.:Condens. Matter 21 395502 (2009);
          URL http://www.quantum-espresso.org", 
     in publications or presentations arising from this work. More details at
     http://www.quantum-espresso.org/quote

     Parallel version (MPI), running on     8 processors
     R & G space division:  proc/nbgrp/npool/nimage =       8

     ***** This is GIPAW svn revision unknown      *****

     Parallelizing q-star over 1 images

     Reading data from directory:
     /users/majewski/paradichlorobenzene/pbe/9_constraint/scratch/pbe.ecut100.np8.dt60.pcl2phi-129368.save
     Message from routine read_xml_file:
     file /users/majewski/paradichlorobenzene/pbe/9_constraint/scratch/pbe.ecut100.np8.dt60.pcl2phi-129368.save not guaranteed to be safe for post-processing

   Info: using nr1, nr2, nr3 values from input

   Info: using nr1, nr2, nr3 values from input

     IMPORTANT: XC functional enforced from input :
     Exchange-correlation      =  SLA  PW   PBX  PBC ( 1  4  3  4 0 0)
     Any further DFT definition will be discarded
     Please, verify this is what you really want

               file C.pbe-n-kjpaw_psl.1.0.0.UPF: wavefunction(s)  2S 2P renormalized
               file Cl.pbe-n-kjpaw_psl.1.0.0.UPF: wavefunction(s)  3S 3P renormalized
               file H.pbe-kjpaw_psl.1.0.0.UPF: wavefunction(s)  1S renormalized

     Parallelization info
     --------------------
     sticks:   dense  smooth     PW     G-vecs:    dense   smooth      PW
     Min        3057    1223    332               144436    36536    5170
     Max        3059    1225    333               144437    36537    5171
     Sum       24467    9791   2657              1155489   292295   41363


     Subspace diagonalization in iterative solution of the eigenvalue problem:
     a serial algorithm will be used

     GIPAW projectors -----------------------------------------------
     atom=  C    l=0  rc=    1.2000  rs=    0.8000
     atom=  C    l=0  rc=    1.2000  rs=    0.8000
     atom=  C    l=1  rc=    1.4000  rs=    0.9333
     atom=  C    l=1  rc=    1.4000  rs=    0.9333
     projs nearly linearly dependent: l=1  n1,n2= 1, 2  s=  0.99951561

     atom=  Cl   l=0  rc=    1.6000  rs=    1.0667
     atom=  Cl   l=0  rc=    1.6000  rs=    1.0667
     atom=  Cl   l=1  rc=    1.6000  rs=    1.0667
     atom=  Cl   l=1  rc=    1.6000  rs=    1.0667
     atom=  Cl   l=2  rc=    1.6000  rs=    1.0667
     atom=  Cl   l=2  rc=    1.6000  rs=    1.0667
     projs nearly linearly dependent: l=2  n1,n2= 1, 2  s=  0.99993509

     atom=  H    l=0  rc=    1.0000  rs=    0.6667
     atom=  H    l=0  rc=    1.0000  rs=    0.6667
     projs nearly linearly dependent: l=0  n1,n2= 1, 2  s=  0.99968852
     -----------------------------------------------------------------

     GIPAW integrals: -------------------------------------------
     Atom  i/j   nmr_para   nmr_dia   epr_rmc  epr_para   epr_dia
       C   1 1   0.83E+03  0.17E-01  0.93E+01  0.24E+08  0.24E+03
       C   2 1   0.86E+03 -0.61E-01  0.94E+01  0.25E+08  0.25E+03
       C   2 2   0.90E+03 -0.15E+00  0.97E+01  0.26E+08  0.26E+03
       C   3 3   0.33E+01  0.34E+00  0.18E+01  0.55E+03  0.21E+02
       C   4 3   0.35E+01  0.37E+00  0.20E+01  0.59E+03  0.22E+02
       C   4 4   0.38E+01  0.39E+00  0.22E+01  0.63E+03  0.24E+02
       Cl  1 1   0.14E+04 -0.47E+00  0.84E+01  0.32E+09  0.42E+03
       Cl  2 1   0.21E+04 -0.37E+00  0.12E+02  0.49E+09  0.65E+03
       Cl  2 2   0.33E+04 -0.16E+00  0.21E+02  0.76E+09  0.10E+04
       Cl  3 3   0.21E+02  0.79E-01  0.89E+01  0.23E+05  0.13E+03
       Cl  4 3   0.24E+02  0.67E-01  0.99E+01  0.27E+05  0.15E+03
       Cl  4 4   0.28E+02  0.44E-01  0.11E+02  0.32E+05  0.18E+03
       Cl  5 5   0.77E+00  0.19E+00  0.18E+01  0.12E+03  0.22E+02
       Cl  6 5   0.80E+00  0.19E+00  0.19E+01  0.12E+03  0.23E+02
       Cl  6 6   0.83E+00  0.20E+00  0.19E+01  0.12E+03  0.23E+02
       H   1 1   0.39E+02  0.19E+00  0.29E+00  0.78E+05  0.13E+02
       H   2 1   0.41E+02  0.21E+00  0.32E+00  0.82E+05  0.14E+02
       H   2 2   0.43E+02  0.22E+00  0.36E+00  0.86E+05  0.15E+02
     ------------------------------------------------------------

     alpha_pv=     34.5529 eV

     Number of occupied bands for each k-point:
     k-point:     1    nbnd_occ=  42
     k-point:     2    nbnd_occ=  42
     k-point:     3    nbnd_occ=  42
     k-point:     4    nbnd_occ=  42
     k-point:     5    nbnd_occ=  42
     k-point:     6    nbnd_occ=  42
     k-point:     7    nbnd_occ=  42
     k-point:     8    nbnd_occ=  42
     k-point:     9    nbnd_occ=  42
     k-point:    10    nbnd_occ=  42
     k-point:    11    nbnd_occ=  42
     k-point:    12    nbnd_occ=  42
     k-point:    13    nbnd_occ=  42
     k-point:    14    nbnd_occ=  42
     k-point:    15    nbnd_occ=  42
     k-point:    16    nbnd_occ=  42


     q-space interpolation up to   110.00 Rydberg

     GIPAW job: efg                                                                             


     ELECTRIC FIELD GRADIENTS TENSORS IN Hartree/bohrradius^2:

     ----- bare term -----
     Cl   1       -0.001493        0.042094       -0.077678
     Cl   1        0.042094       -0.016895       -0.034031
     Cl   1       -0.077678       -0.034031        0.018388

     C    2       -0.538529        0.413181       -0.415323
     C    2        0.413181        0.299576       -0.198767
     C    2       -0.415323       -0.198767        0.238953

     C    3        0.054743        0.216792       -0.134245
     C    3        0.216792       -0.055334       -0.629460
     C    3       -0.134245       -0.629460        0.000591

     H    4        0.014766        0.110968       -0.496837
     H    4        0.110968       -0.030614        0.200099
     H    4       -0.496837        0.200099        0.015848

     C    5       -0.846731        0.359898       -0.325818
     C    5        0.359898        0.496788       -0.154354
     C    5       -0.325818       -0.154354        0.349943

     H    6        0.498422       -0.063800        0.102071
     H    6       -0.063800       -0.231271       -0.341811
     H    6        0.102071       -0.341811       -0.267151

     H    7        0.445703       -0.007054        0.026320
     H    7       -0.007054       -0.413794        0.634404
     H    7        0.026320        0.634404       -0.031908

     C    8       -0.130797       -0.272898       -0.140506
     C    8       -0.272898       -0.182478        0.349036
     C    8       -0.140506        0.349036        0.313276

     H    9       -0.320968        0.487965       -0.305732
     H    9        0.487965       -0.017100        0.127508
     H    9       -0.305732        0.127508        0.338068

     C   10       -0.591180       -0.377153       -0.310796
     C   10       -0.377153        0.187133        0.230056
     C   10       -0.310796        0.230056        0.404047

     C   11       -0.091204        0.075761       -0.297992
     C   11        0.075761        0.056098        0.733242
     C   11       -0.297992        0.733242        0.035106

     Cl  12       -0.274931       -0.247690        0.061016
     Cl  12       -0.247690        0.026117        0.158195
     Cl  12        0.061016        0.158195        0.248813

     H   13        0.423496       -0.227228       -0.036479
     H   13       -0.227228       -0.748143       -0.318974
     H   13       -0.036479       -0.318974        0.324647

     C   14       -0.109126        0.345805       -0.156029
     C   14        0.345805       -0.077697       -0.463179
     C   14       -0.156029       -0.463179        0.186823

     H   15       -0.235816       -0.324247       -0.516103
     H   15       -0.324247        0.204667       -0.342593
     H   15       -0.516103       -0.342593        0.031149

     C   16       -0.543544        0.361800       -0.318000
     C   16        0.361800        0.123453       -0.223422
     C   16       -0.318000       -0.223422        0.420090

     C   17       -0.017176       -0.120384       -0.328816
     C   17       -0.120384       -0.103727       -0.542153
     C   17       -0.328816       -0.542153        0.120903

     Cl  18       -0.078629        0.079829        0.001801
     Cl  18        0.079829        0.006259       -0.033477
     Cl  18        0.001801       -0.033477        0.072369

     H   19        0.529887       -0.053931       -0.146309
     H   19       -0.053931       -0.054694        0.204202
     H   19       -0.146309        0.204202       -0.475193

     C   20       -0.705135       -0.326435       -0.154872
     C   20       -0.326435        0.364332        0.267238
     C   20       -0.154872        0.267238        0.340804

     H   21       -0.623650       -0.028366        0.052154
     H   21       -0.028366        0.364204        0.290123
     H   21        0.052154        0.290123        0.259445

     C   22        0.023842        0.123041       -0.310243
     C   22        0.123041       -0.154086        0.558034
     C   22       -0.310243        0.558034        0.130244

     C   23       -0.769207       -0.284536       -0.335717
     C   23       -0.284536        0.209175        0.027078
     C   23       -0.335717        0.027078        0.560032

     Cl  24        0.089902       -0.026674        0.057769
     Cl  24       -0.026674        0.037024        0.125304
     Cl  24        0.057769        0.125304       -0.126926

     ----- ionic term -----
     Cl   1        0.146815       -0.230645        0.051663
     Cl   1       -0.230645        0.005637       -0.019231
     Cl   1        0.051663       -0.019231       -0.152453

     C    2        0.196729       -0.215507        0.337899
     C    2       -0.215507        0.111369        0.341158
     C    2        0.337899        0.341158       -0.308098

     C    3        0.136491       -0.329193        0.243640
     C    3       -0.329193        0.188858        0.344745
     C    3        0.243640        0.344745       -0.325349

     H    4        0.516650        0.111518        0.762941
     H    4        0.111518       -0.457828        0.167097
     H    4        0.762941        0.167097       -0.058822

     C    5        0.269202       -0.302361        0.305884
     C    5       -0.302361        0.013528        0.288704
     C    5        0.305884        0.288704       -0.282730

     H    6       -0.507726       -0.048305       -0.014454
     H    6       -0.048305        0.455141        0.775579
     H    6       -0.014454        0.775579        0.052584

     H    7       -0.507750        0.018867       -0.004382
     H    7        0.018867        0.577815       -0.769086
     H    7       -0.004382       -0.769086       -0.070065

     C    8        0.326018        0.222775        0.171366
     C    8        0.222775        0.035536       -0.323893
     C    8        0.171366       -0.323893       -0.361554

     H    9        0.710105       -0.373667        0.580866
     H    9       -0.373667       -0.428234       -0.239287
     H    9        0.580866       -0.239287       -0.281871

     C   10        0.172043        0.239522        0.130470
     C   10        0.239522        0.103739       -0.426500
     C   10        0.130470       -0.426500       -0.275782

     C   11        0.205868        0.237493        0.190190
     C   11        0.237493        0.044671       -0.436857
     C   11        0.190190       -0.436857       -0.250539

     Cl  12        0.120436        0.224396       -0.026971
     Cl  12        0.224396        0.033601       -0.029657
     Cl  12       -0.026971       -0.029657       -0.154038

     H   13       -0.528624        0.044734        0.038434
     H   13        0.044734        0.672205        0.701526
     H   13        0.038434        0.701526       -0.143581

     C   14        0.222858       -0.225113        0.307304
     C   14       -0.225113        0.105625        0.257328
     C   14        0.307304        0.257328       -0.328483

     H   15        0.573029        0.290234        0.701315
     H   15        0.290234       -0.442249        0.246069
     H   15        0.701315        0.246069       -0.130780

     C   16        0.067329       -0.204136        0.261703
     C   16       -0.204136        0.225775        0.390323
     C   16        0.261703        0.390323       -0.293104

     C   17        0.119556       -0.163572        0.318351
     C   17       -0.163572        0.130868        0.428734
     C   17        0.318351        0.428734       -0.250424

     Cl  18        0.105461       -0.191558       -0.005221
     Cl  18       -0.191558        0.034618        0.013675
     Cl  18       -0.005221        0.013675       -0.140079

     H   19       -0.525222       -0.063185        0.062501
     H   19       -0.063185        0.369240       -0.819445
     H   19        0.062501       -0.819445        0.155982

     C   20        0.305113        0.198845        0.167290
     C   20        0.198845       -0.075465       -0.352649
     C   20        0.167290       -0.352649       -0.229648

     H   21        0.838229       -0.426694        0.383087
     H   21       -0.426694       -0.394700       -0.188314
     H   21        0.383087       -0.188314       -0.443529

     C   22        0.229542        0.163371        0.060815
     C   22        0.163371        0.055807       -0.422739
     C   22        0.060815       -0.422739       -0.285349

     C   23        0.238052        0.123954        0.177847
     C   23        0.123954        0.021301       -0.441552
     C   23        0.177847       -0.441552       -0.259353

     Cl  24        0.120599        0.207409       -0.035538
     Cl  24        0.207409        0.007424       -0.032109
     Cl  24       -0.035538       -0.032109       -0.128023

     ----- GIPAW term -----
     Cl   1       -0.180145       -0.553670       -0.944241
     Cl   1       -0.553670        1.058407       -2.081727
     Cl   1       -0.944241       -2.081727       -0.878262

     C    2       -0.118176        0.091653       -0.062814
     C    2        0.091653        0.257677       -0.053206
     C    2       -0.062814       -0.053206       -0.139501

     C    3       -0.104249        0.064551       -0.017727
     C    3        0.064551        0.245961       -0.118628
     C    3       -0.017727       -0.118628       -0.141712

     H    4       -0.000000        0.000000        0.000000
     H    4        0.000000        0.000000        0.000000
     H    4        0.000000        0.000000        0.000000

     C    5       -0.236180        0.015280       -0.026207
     C    5        0.015280        0.324117       -0.010240
     C    5       -0.026207       -0.010240       -0.087937

     H    6       -0.000000        0.000000        0.000000
     H    6        0.000000        0.000000        0.000000
     H    6        0.000000        0.000000        0.000000

     H    7       -0.000000        0.000000        0.000000
     H    7        0.000000        0.000000        0.000000
     H    7        0.000000        0.000000        0.000000

     C    8       -0.082432       -0.108554        0.031793
     C    8       -0.108554        0.078321       -0.069271
     C    8        0.031793       -0.069271        0.004111

     H    9       -0.000000        0.000000        0.000000
     H    9        0.000000        0.000000        0.000000
     H    9        0.000000        0.000000        0.000000

     C   10       -0.207964       -0.074424       -0.066553
     C   10       -0.074424        0.209527       -0.037209
     C   10       -0.066553       -0.037209       -0.001563

     C   11       -0.060727        0.078854       -0.055160
     C   11        0.078854        0.197806        0.214442
     C   11       -0.055160        0.214442       -0.137080

     Cl  12       -0.859439        1.329283        0.629186
     Cl  12        1.329283        0.449692        2.162774
     Cl  12        0.629186        2.162774        0.409747

     H   13       -0.000000        0.000000        0.000000
     H   13        0.000000        0.000000        0.000000
     H   13        0.000000        0.000000        0.000000

     C   14       -0.041292        0.188688       -0.012514
     C   14        0.188688        0.158230       -0.110288
     C   14       -0.012514       -0.110288       -0.116937

     H   15       -0.000000        0.000000        0.000000
     H   15        0.000000        0.000000        0.000000
     H   15        0.000000        0.000000        0.000000

     C   16       -0.177650        0.106010       -0.046109
     C   16        0.106010        0.133509        0.062564
     C   16       -0.046109        0.062564        0.044141

     C   17       -0.015053       -0.156956       -0.054681
     C   17       -0.156956        0.142048        0.024634
     C   17       -0.054681        0.024634       -0.126995

     Cl  18        1.099048       -2.109979       -0.019605
     Cl  18       -2.109979        0.187230       -0.236822
     Cl  18       -0.019605       -0.236822       -1.286278

     H   19       -0.000000        0.000000        0.000000
     H   19        0.000000        0.000000        0.000000
     H   19        0.000000        0.000000        0.000000

     C   20       -0.191621        0.055128        0.030215
     C   20        0.055128        0.250445        0.118570
     C   20        0.030215        0.118570       -0.058825

     H   21       -0.000000        0.000000        0.000000
     H   21        0.000000        0.000000        0.000000
     H   21        0.000000        0.000000        0.000000

     C   22       -0.080689        0.167571       -0.086941
     C   22        0.167571        0.182179       -0.041828
     C   22       -0.086941       -0.041828       -0.101490

     C   23       -0.190956        0.038010       -0.039980
     C   23        0.038010        0.069298       -0.205251
     C   23       -0.039980       -0.205251        0.121657

     Cl  24       -0.497848        1.169589        0.131459
     Cl  24        1.169589       -0.689330       -1.259221
     Cl  24        0.131459       -1.259221        1.187178

     ----- total EFG -----
     Cl   1       -0.034823       -0.742221       -0.970256
     Cl   1       -0.742221        1.047149       -2.134988
     Cl   1       -0.970256       -2.134988       -1.012327

     C    2       -0.459976        0.289327       -0.140238
     C    2        0.289327        0.668622        0.089185
     C    2       -0.140238        0.089185       -0.208646

     C    3        0.086985       -0.047851        0.091668
     C    3       -0.047851        0.379485       -0.403342
     C    3        0.091668       -0.403342       -0.466469

     H    4        0.531416        0.222486        0.266104
     H    4        0.222486       -0.488442        0.367195
     H    4        0.266104        0.367195       -0.042974

     C    5       -0.813709        0.072817       -0.046141
     C    5        0.072817        0.834433        0.124110
     C    5       -0.046141        0.124110       -0.020724

     H    6       -0.009304       -0.112105        0.087616
     H    6       -0.112105        0.223870        0.433767
     H    6        0.087616        0.433767       -0.214566

     H    7       -0.062047        0.011813        0.021938
     H    7        0.011813        0.164021       -0.134683
     H    7        0.021938       -0.134683       -0.101973

     C    8        0.112789       -0.158677        0.062653
     C    8       -0.158677       -0.068622       -0.044128
     C    8        0.062653       -0.044128       -0.044167

     H    9        0.389137        0.114298        0.275134
     H    9        0.114298       -0.445335       -0.111780
     H    9        0.275134       -0.111780        0.056198

     C   10       -0.627101       -0.212056       -0.246880
     C   10       -0.212056        0.500400       -0.233652
     C   10       -0.246880       -0.233652        0.126702

     C   11        0.053937        0.392108       -0.162962
     C   11        0.392108        0.298575        0.510827
     C   11       -0.162962        0.510827       -0.352512

     Cl  12       -1.013934        1.305989        0.663231
     Cl  12        1.305989        0.509411        2.291313
     Cl  12        0.663231        2.291313        0.504523

     H   13       -0.105128       -0.182493        0.001955
     H   13       -0.182493       -0.075938        0.382552
     H   13        0.001955        0.382552        0.181066

     C   14        0.072440        0.309380        0.138762
     C   14        0.309380        0.186157       -0.316139
     C   14        0.138762       -0.316139       -0.258598

     H   15        0.337214       -0.034013        0.185211
     H   15       -0.034013       -0.237582       -0.096525
     H   15        0.185211       -0.096525       -0.099632

     C   16       -0.653864        0.263674       -0.102407
     C   16        0.263674        0.482737        0.229464
     C   16       -0.102407        0.229464        0.171127

     C   17        0.087327       -0.440911       -0.065145
     C   17       -0.440911        0.169189       -0.088785
     C   17       -0.065145       -0.088785       -0.256516

     Cl  18        1.125880       -2.221708       -0.023024
     Cl  18       -2.221708        0.228108       -0.256624
     Cl  18       -0.023024       -0.256624       -1.353988

     H   19        0.004664       -0.117116       -0.083808
     H   19       -0.117116        0.314546       -0.615242
     H   19       -0.083808       -0.615242       -0.319211

     C   20       -0.591642       -0.072462        0.042634
     C   20       -0.072462        0.539311        0.033160
     C   20        0.042634        0.033160        0.052331

     H   21        0.214579       -0.455060        0.435240
     H   21       -0.455060       -0.030496        0.101809
     H   21        0.435240        0.101809       -0.184084

     C   22        0.172694        0.453983       -0.336368
     C   22        0.453983        0.083900        0.093466
     C   22       -0.336368        0.093466       -0.256594

     C   23       -0.722110       -0.122572       -0.197850
     C   23       -0.122572        0.299774       -0.619724
     C   23       -0.197850       -0.619724        0.422337

     Cl  24       -0.287347        1.350324        0.153690
     Cl  24        1.350324       -0.644882       -1.166026
     Cl  24        0.153690       -1.166026        0.932229

     ----- total EFG (symmetrized) -----
     Cl   1       -0.034823       -0.742221       -0.970256
     Cl   1       -0.742221        1.047149       -2.134988
     Cl   1       -0.970256       -2.134988       -1.012327

     C    2       -0.459976        0.289327       -0.140238
     C    2        0.289327        0.668622        0.089185
     C    2       -0.140238        0.089185       -0.208646

     C    3        0.086985       -0.047851        0.091668
     C    3       -0.047851        0.379485       -0.403342
     C    3        0.091668       -0.403342       -0.466469

     H    4        0.531416        0.222486        0.266104
     H    4        0.222486       -0.488442        0.367195
     H    4        0.266104        0.367195       -0.042974

     C    5       -0.813709        0.072817       -0.046141
     C    5        0.072817        0.834433        0.124110
     C    5       -0.046141        0.124110       -0.020724

     H    6       -0.009304       -0.112105        0.087616
     H    6       -0.112105        0.223870        0.433767
     H    6        0.087616        0.433767       -0.214566

     H    7       -0.062047        0.011813        0.021938
     H    7        0.011813        0.164021       -0.134683
     H    7        0.021938       -0.134683       -0.101973

     C    8        0.112789       -0.158677        0.062653
     C    8       -0.158677       -0.068622       -0.044128
     C    8        0.062653       -0.044128       -0.044167

     H    9        0.389137        0.114298        0.275134
     H    9        0.114298       -0.445335       -0.111780
     H    9        0.275134       -0.111780        0.056198

     C   10       -0.627101       -0.212056       -0.246880
     C   10       -0.212056        0.500400       -0.233652
     C   10       -0.246880       -0.233652        0.126702

     C   11        0.053937        0.392108       -0.162962
     C   11        0.392108        0.298575        0.510827
     C   11       -0.162962        0.510827       -0.352512

     Cl  12       -1.013934        1.305989        0.663231
     Cl  12        1.305989        0.509411        2.291313
     Cl  12        0.663231        2.291313        0.504523

     H   13       -0.105128       -0.182493        0.001955
     H   13       -0.182493       -0.075938        0.382552
     H   13        0.001955        0.382552        0.181066

     C   14        0.072440        0.309380        0.138762
     C   14        0.309380        0.186157       -0.316139
     C   14        0.138762       -0.316139       -0.258598

     H   15        0.337214       -0.034013        0.185211
     H   15       -0.034013       -0.237582       -0.096525
     H   15        0.185211       -0.096525       -0.099632

     C   16       -0.653864        0.263674       -0.102407
     C   16        0.263674        0.482737        0.229464
     C   16       -0.102407        0.229464        0.171127

     C   17        0.087327       -0.440911       -0.065145
     C   17       -0.440911        0.169189       -0.088785
     C   17       -0.065145       -0.088785       -0.256516

     Cl  18        1.125880       -2.221708       -0.023024
     Cl  18       -2.221708        0.228108       -0.256624
     Cl  18       -0.023024       -0.256624       -1.353988

     H   19        0.004664       -0.117116       -0.083808
     H   19       -0.117116        0.314546       -0.615242
     H   19       -0.083808       -0.615242       -0.319211

     C   20       -0.591642       -0.072462        0.042634
     C   20       -0.072462        0.539311        0.033160
     C   20        0.042634        0.033160        0.052331

     H   21        0.214579       -0.455060        0.435240
     H   21       -0.455060       -0.030496        0.101809
     H   21        0.435240        0.101809       -0.184084

     C   22        0.172694        0.453983       -0.336368
     C   22        0.453983        0.083900        0.093466
     C   22       -0.336368        0.093466       -0.256594

     C   23       -0.722110       -0.122572       -0.197850
     C   23       -0.122572        0.299774       -0.619724
     C   23       -0.197850       -0.619724        0.422337

     Cl  24       -0.287347        1.350324        0.153690
     Cl  24        1.350324       -0.644882       -1.166026
     Cl  24        0.153690       -1.166026        0.932229


     NQR/NMR SPECTROSCOPIC PARAMETERS:
     Cl   1    Vxx=    0.4807    axis=( -0.917562  0.163571  0.362386)
     Cl   1    Vyy=    2.3937    axis=(  0.053119 -0.852849  0.519449)
     Cl   1    Vzz=   -2.8744    axis=(  0.394027  0.495877  0.773853)
     Cl   1  Q=        -8.1650 1e-30 m^2  Cq=        55.1446 MHz  eta= 0.66554

     C    2    Vxx=   -0.1473    axis=( -0.382151  0.034574  0.923453)
     C    2    Vyy=   -0.5943    axis=( -0.895698  0.231987 -0.379351)
     C    2    Vzz=    0.7416    axis=( -0.227344 -0.972104 -0.057686)
     C    2  Q=         1.0000 1e-30 m^2  Cq=         1.7424 MHz  eta= 0.60281

     C    3    Vxx=    0.0800    axis=(  0.981507  0.189852  0.024517)
     C    3    Vyy=    0.5543    axis=( -0.166985  0.911749 -0.375274)
     C    3    Vzz=   -0.6343    axis=( -0.093599  0.364240  0.926590)
     C    3  Q=         1.0000 1e-30 m^2  Cq=        -1.4903 MHz  eta= 0.74769

     H    4    Vxx=   -0.0382    axis=( -0.509013  0.378847  0.772904)
     H    4    Vyy=   -0.6988    axis=( -0.057694  0.880898 -0.469777)
     H    4    Vzz=    0.7371    axis=(  0.858823  0.283715  0.426531)
     H    4  Q=         1.0000 1e-30 m^2  Cq=         1.7318 MHz  eta= 0.89624

     C    5    Vxx=   -0.0344    axis=( -0.071144 -0.135209  0.988260)
     C    5    Vyy=   -0.8203    axis=(  0.996689 -0.048742  0.065082)
     C    5    Vzz=    0.8547    axis=(  0.039370  0.989617  0.138229)
     C    5  Q=         1.0000 1e-30 m^2  Cq=         2.0081 MHz  eta= 0.91954

     H    6    Vxx=    0.0209    axis=(  0.961516 -0.047316  0.270643)
     H    6    Vyy=    0.4957    axis=( -0.101324  0.854558  0.509376)
     H    6    Vzz=   -0.5166    axis=( -0.255382 -0.517196  0.816877)
     H    6  Q=         1.0000 1e-30 m^2  Cq=        -1.2138 MHz  eta= 0.91918

     H    7    Vxx=   -0.0561    axis=(  0.971772  0.082991  0.220845)
     H    7    Vyy=   -0.1643    axis=( -0.235764  0.376101  0.896082)
     H    7    Vzz=    0.2203    axis=( -0.008693 -0.922854  0.385051)
     H    7  Q=         1.0000 1e-30 m^2  Cq=         0.5177 MHz  eta= 0.49119

     C    8    Vxx=   -0.0653    axis=( -0.268646  0.077638  0.960105)
     C    8    Vyy=   -0.1611    axis=( -0.488723 -0.869908 -0.066405)
     C    8    Vzz=    0.2264    axis=(  0.830047 -0.487065  0.271641)
     C    8  Q=         1.0000 1e-30 m^2  Cq=         0.5320 MHz  eta= 0.42345

     H    9    Vxx=   -0.0411    axis=( -0.435995 -0.352280  0.828135)
     H    9    Vyy=   -0.5052    axis=( -0.208077  0.934728  0.288075)
     H    9    Vzz=    0.5463    axis=( -0.875564 -0.046717 -0.480838)
     H    9  Q=         1.0000 1e-30 m^2  Cq=         1.2837 MHz  eta= 0.84953

     C   10    Vxx=    0.1406    axis=( -0.371883  0.341428  0.863209)
     C   10    Vyy=    0.6193    axis=(  0.077408 -0.915257  0.395364)
     C   10    Vzz=   -0.7599    axis=(  0.925047  0.213848  0.313939)
     C   10  Q=         1.0000 1e-30 m^2  Cq=        -1.7855 MHz  eta= 0.62984

     C   11    Vxx=    0.0712    axis=(  0.817817 -0.189760 -0.543293)
     C   11    Vyy=    0.7030    axis=( -0.421711 -0.840002 -0.341405)
     C   11    Vzz=   -0.7743    axis=(  0.391582 -0.508319  0.766991)
     C   11  Q=         1.0000 1e-30 m^2  Cq=        -1.8192 MHz  eta= 0.81605

     Cl  12    Vxx=   -1.1685    axis=(  0.774704  0.211002 -0.596080)
     Cl  12    Vyy=   -2.0883    axis=(  0.549644 -0.690756  0.469838)
     Cl  12    Vzz=    3.2568    axis=( -0.312610 -0.691617 -0.651108)
     Cl  12  Q=        -8.1650 1e-30 m^2  Cq=       -62.4805 MHz  eta= 0.28241

     H   13    Vxx=   -0.0522    axis=(  0.879661 -0.250863  0.404060)
     H   13    Vyy=   -0.4238    axis=(  0.437737  0.759244 -0.481596)
     H   13    Vzz=    0.4760    axis=( -0.185966  0.600514  0.777689)
     H   13  Q=         1.0000 1e-30 m^2  Cq=         1.1184 MHz  eta= 0.78073

     C   14    Vxx=    0.0632    axis=( -0.737758  0.294490 -0.607445)
     C   14    Vyy=    0.4835    axis=( -0.527981 -0.812427  0.247381)
     C   14    Vzz=   -0.5467    axis=( -0.420653  0.503227  0.754860)
     C   14  Q=         1.0000 1e-30 m^2  Cq=        -1.2845 MHz  eta= 0.76880

     H   15    Vxx=   -0.1186    axis=(  0.353499  0.526315 -0.773325)
     H   15    Vyy=   -0.2932    axis=(  0.108658 -0.844207 -0.524888)
     H   15    Vzz=    0.4118    axis=( -0.929103  0.101519 -0.355615)
     H   15  Q=         1.0000 1e-30 m^2  Cq=         0.9676 MHz  eta= 0.42402

     C   16    Vxx=    0.1049    axis=( -0.249268 -0.369645  0.895113)
     C   16    Vyy=    0.6326    axis=(  0.151195  0.898101  0.412983)
     C   16    Vzz=   -0.7375    axis=( -0.956559  0.238280 -0.167979)
     C   16  Q=         1.0000 1e-30 m^2  Cq=        -1.7329 MHz  eta= 0.71557

     C   17    Vxx=   -0.1741    axis=( -0.465940 -0.393413  0.792544)
     C   17    Vyy=   -0.3975    axis=(  0.576777  0.544210  0.609232)
     C   17    Vzz=    0.5716    axis=( -0.670991  0.740986 -0.026658)
     C   17  Q=         1.0000 1e-30 m^2  Cq=         1.3431 MHz  eta= 0.39072

     Cl  18    Vxx=   -1.2319    axis=(  0.347095  0.377255 -0.858606)
     Cl  18    Vyy=   -1.7165    axis=( -0.531727 -0.674985 -0.511528)
     Cl  18    Vzz=    2.9485    axis=( -0.772523  0.634093 -0.033687)
     Cl  18  Q=        -8.1650 1e-30 m^2  Cq=       -56.5650 MHz  eta= 0.16436

     H   19    Vxx=    0.0243    axis=(  0.980027 -0.023214 -0.197507)
     H   19    Vyy=    0.6944    axis=( -0.082946  0.854933 -0.512064)
     H   19    Vzz=   -0.7187    axis=(  0.180742  0.518219  0.835931)
     H   19  Q=         1.0000 1e-30 m^2  Cq=        -1.6887 MHz  eta= 0.93230

     C   20    Vxx=    0.0535    axis=(  0.072226 -0.057195  0.995747)
     C   20    Vyy=    0.5458    axis=(  0.061153 -0.996222 -0.061658)
     C   20    Vzz=   -0.5993    axis=(  0.995512  0.065347 -0.068455)
     C   20  Q=         1.0000 1e-30 m^2  Cq=        -1.4082 MHz  eta= 0.82140

     H   21    Vxx=   -0.0057    axis=( -0.115264 -0.715160 -0.689391)
     H   21    Vyy=   -0.6659    axis=( -0.578774 -0.515688  0.631733)
     H   21    Vzz=    0.6716    axis=( -0.807301  0.471818 -0.354476)
     H   21  Q=         1.0000 1e-30 m^2  Cq=         1.5781 MHz  eta= 0.98303

     C   22    Vxx=   -0.0254    axis=( -0.300177  0.648964  0.699100)
     C   22    Vyy=   -0.6028    axis=(  0.567617 -0.467493  0.677688)
     C   22    Vzz=    0.6282    axis=( -0.766619 -0.600247  0.228032)
     C   22  Q=         1.0000 1e-30 m^2  Cq=         1.4760 MHz  eta= 0.91913

     C   23    Vxx=   -0.1714    axis=( -0.374148  0.701071  0.607052)
     C   23    Vyy=   -0.8149    axis=( -0.926568 -0.255407 -0.276112)
     C   23    Vzz=    0.9863    axis=( -0.038529 -0.665782  0.745151)
     C   23  Q=         1.0000 1e-30 m^2  Cq=         2.3174 MHz  eta= 0.65238

     Cl  24    Vxx=    0.4335    axis=( -0.755244 -0.339370 -0.560744)
     Cl  24    Vyy=    1.7196    axis=(  0.317486  0.559040 -0.765948)
     Cl  24    Vzz=   -2.1531    axis=(  0.573419 -0.756506 -0.314467)
     Cl  24  Q=        -8.1650 1e-30 m^2  Cq=        41.3062 MHz  eta= 0.59729

     Initialization:
     gipaw_setup  :      9.30s CPU     10.97s WALL (       1 calls)

     Linear response

     Apply operators

     Induced current

     Other routines
     efg          :      9.35s CPU     11.69s WALL (       1 calls)

     General routines
     calbec       :      3.22s CPU      3.98s WALL (      16 calls)
     fft          :      1.33s CPU      1.49s WALL (      15 calls)
     ffts         :      0.05s CPU      0.06s WALL (       2 calls)
     fftw         :      3.36s CPU      4.22s WALL (     672 calls)
     davcio       :      0.02s CPU      0.34s WALL (      32 calls)

     Parallel routines
     fft_scatter  :      1.95s CPU      2.84s WALL (     689 calls)

     Plugins

     GIPAW        :     60.65s CPU     72.56s WALL (       1 calls)
