
     Program QE v.6.0 (svn rev. 13079) starts on  4Jan2017 at 19:59:49 

     This program is part of the open-source Quantum ESPRESSO suite
     for quantum simulation of materials; please cite
         "P. Giannozzi et al., J. Phys.:Condens. Matter 21 395502 (2009);
          URL http://www.quantum-espresso.org", 
     in publications or presentations arising from this work. More details at
     http://www.quantum-espresso.org/quote

     Parallel version (MPI), running on     8 processors
     R & G space division:  proc/nbgrp/npool/nimage =       8

     ***** This is GIPAW svn revision unknown      *****

     Parallelizing q-star over 1 images

     Reading data from directory:
     /users/majewski/paradichlorobenzene/pbe/9_constraint/scratch/pbe.ecut100.np8.dt60.pcl2phi-129368.save
     Message from routine read_xml_file:
     file /users/majewski/paradichlorobenzene/pbe/9_constraint/scratch/pbe.ecut100.np8.dt60.pcl2phi-129368.save not guaranteed to be safe for post-processing

   Info: using nr1, nr2, nr3 values from input

   Info: using nr1, nr2, nr3 values from input

     IMPORTANT: XC functional enforced from input :
     Exchange-correlation      =  SLA  PW   PBX  PBC ( 1  4  3  4 0 0)
     Any further DFT definition will be discarded
     Please, verify this is what you really want

               file C.pbe-n-kjpaw_psl.1.0.0.UPF: wavefunction(s)  2S 2P renormalized
               file Cl.pbe-n-kjpaw_psl.1.0.0.UPF: wavefunction(s)  3S 3P renormalized
               file H.pbe-kjpaw_psl.1.0.0.UPF: wavefunction(s)  1S renormalized

     Parallelization info
     --------------------
     sticks:   dense  smooth     PW     G-vecs:    dense   smooth      PW
     Min        3057    1223    332               144436    36536    5170
     Max        3059    1225    333               144437    36537    5171
     Sum       24467    9791   2657              1155489   292295   41363


     Subspace diagonalization in iterative solution of the eigenvalue problem:
     a serial algorithm will be used

     GIPAW projectors -----------------------------------------------
     atom=  C    l=0  rc=    1.2000  rs=    0.8000
     atom=  C    l=0  rc=    1.2000  rs=    0.8000
     atom=  C    l=1  rc=    1.4000  rs=    0.9333
     atom=  C    l=1  rc=    1.4000  rs=    0.9333
     projs nearly linearly dependent: l=1  n1,n2= 1, 2  s=  0.99951561

     atom=  Cl   l=0  rc=    1.6000  rs=    1.0667
     atom=  Cl   l=0  rc=    1.6000  rs=    1.0667
     atom=  Cl   l=1  rc=    1.6000  rs=    1.0667
     atom=  Cl   l=1  rc=    1.6000  rs=    1.0667
     atom=  Cl   l=2  rc=    1.6000  rs=    1.0667
     atom=  Cl   l=2  rc=    1.6000  rs=    1.0667
     projs nearly linearly dependent: l=2  n1,n2= 1, 2  s=  0.99993509

     atom=  H    l=0  rc=    1.0000  rs=    0.6667
     atom=  H    l=0  rc=    1.0000  rs=    0.6667
     projs nearly linearly dependent: l=0  n1,n2= 1, 2  s=  0.99968852
     -----------------------------------------------------------------

     GIPAW integrals: -------------------------------------------
     Atom  i/j   nmr_para   nmr_dia   epr_rmc  epr_para   epr_dia
       C   1 1   0.83E+03  0.17E-01  0.93E+01  0.24E+08  0.24E+03
       C   2 1   0.86E+03 -0.61E-01  0.94E+01  0.25E+08  0.25E+03
       C   2 2   0.90E+03 -0.15E+00  0.97E+01  0.26E+08  0.26E+03
       C   3 3   0.33E+01  0.34E+00  0.18E+01  0.55E+03  0.21E+02
       C   4 3   0.35E+01  0.37E+00  0.20E+01  0.59E+03  0.22E+02
       C   4 4   0.38E+01  0.39E+00  0.22E+01  0.63E+03  0.24E+02
       Cl  1 1   0.14E+04 -0.47E+00  0.84E+01  0.32E+09  0.42E+03
       Cl  2 1   0.21E+04 -0.37E+00  0.12E+02  0.49E+09  0.65E+03
       Cl  2 2   0.33E+04 -0.16E+00  0.21E+02  0.76E+09  0.10E+04
       Cl  3 3   0.21E+02  0.79E-01  0.89E+01  0.23E+05  0.13E+03
       Cl  4 3   0.24E+02  0.67E-01  0.99E+01  0.27E+05  0.15E+03
       Cl  4 4   0.28E+02  0.44E-01  0.11E+02  0.32E+05  0.18E+03
       Cl  5 5   0.77E+00  0.19E+00  0.18E+01  0.12E+03  0.22E+02
       Cl  6 5   0.80E+00  0.19E+00  0.19E+01  0.12E+03  0.23E+02
       Cl  6 6   0.83E+00  0.20E+00  0.19E+01  0.12E+03  0.23E+02
       H   1 1   0.39E+02  0.19E+00  0.29E+00  0.78E+05  0.13E+02
       H   2 1   0.41E+02  0.21E+00  0.32E+00  0.82E+05  0.14E+02
       H   2 2   0.43E+02  0.22E+00  0.36E+00  0.86E+05  0.15E+02
     ------------------------------------------------------------

     alpha_pv=     34.6275 eV

     Number of occupied bands for each k-point:
     k-point:     1    nbnd_occ=  42
     k-point:     2    nbnd_occ=  42
     k-point:     3    nbnd_occ=  42
     k-point:     4    nbnd_occ=  42
     k-point:     5    nbnd_occ=  42
     k-point:     6    nbnd_occ=  42
     k-point:     7    nbnd_occ=  42
     k-point:     8    nbnd_occ=  42
     k-point:     9    nbnd_occ=  42
     k-point:    10    nbnd_occ=  42
     k-point:    11    nbnd_occ=  42
     k-point:    12    nbnd_occ=  42
     k-point:    13    nbnd_occ=  42
     k-point:    14    nbnd_occ=  42
     k-point:    15    nbnd_occ=  42
     k-point:    16    nbnd_occ=  42


     q-space interpolation up to   110.00 Rydberg

     GIPAW job: efg                                                                             


     ELECTRIC FIELD GRADIENTS TENSORS IN Hartree/bohrradius^2:

     ----- bare term -----
     Cl   1       -0.002724        0.013795       -0.048230
     Cl   1        0.013795        0.075246       -0.030555
     Cl   1       -0.048230       -0.030555       -0.072522

     C    2       -0.716233        0.500370       -0.345072
     C    2        0.500370        0.243311       -0.052222
     C    2       -0.345072       -0.052222        0.472921

     C    3        0.377697        0.084717       -0.078845
     C    3        0.084717       -0.305511       -0.466893
     C    3       -0.078845       -0.466893       -0.072186

     H    4        0.071320        0.042245       -0.470863
     H    4        0.042245        0.025273        0.246374
     H    4       -0.470863        0.246374       -0.096593

     C    5       -0.846965        0.352866       -0.339396
     C    5        0.352866        0.397682       -0.079202
     C    5       -0.339396       -0.079202        0.449283

     H    6        0.520061        0.051396       -0.109060
     H    6        0.051396       -0.316944       -0.365709
     H    6       -0.109060       -0.365709       -0.203117

     H    7        0.146702        0.499068        0.041325
     H    7        0.499068       -0.534421        0.112361
     H    7        0.041325        0.112361        0.387719

     C    8        0.009535       -0.320874       -0.008602
     C    8       -0.320874       -0.292384        0.274269
     C    8       -0.008602        0.274269        0.282850

     H    9       -0.539698        0.454974        0.109980
     H    9        0.454974        0.250687       -0.050058
     H    9        0.109980       -0.050058        0.289010

     C   10       -0.164789       -0.054782       -0.086523
     C   10       -0.054782       -0.027647        0.121631
     C   10       -0.086523        0.121631        0.192436

     C   11       -0.061064       -0.043942        0.001029
     C   11       -0.043942        0.014048        0.261831
     C   11        0.001029        0.261831        0.047016

     Cl  12        0.039734       -0.173799       -0.005608
     Cl  12       -0.173799        0.096022       -0.149971
     Cl  12       -0.005608       -0.149971       -0.135756

     H   13        0.458345       -0.054739       -0.029306
     H   13       -0.054739       -0.173536       -0.617973
     H   13       -0.029306       -0.617973       -0.284809

     C   14       -0.016140       -0.136204       -0.269287
     C   14       -0.136204       -0.199925       -0.400731
     C   14       -0.269287       -0.400731        0.216065

     H   15        0.079690       -0.057987       -0.255588
     H   15       -0.057987        0.233213       -0.503598
     H   15       -0.255588       -0.503598       -0.312903

     C   16       -0.550555        0.387546       -0.384117
     C   16        0.387546        0.173383       -0.015462
     C   16       -0.384117       -0.015462        0.377172

     C   17        0.041695       -0.181027       -0.320050
     C   17       -0.181027       -0.264800       -0.464628
     C   17       -0.320050       -0.464628        0.223105

     Cl  18       -0.177873        0.278889        0.231937
     Cl  18        0.278889        0.131868        0.056905
     Cl  18        0.231937        0.056905        0.046005

     H   19        0.451222       -0.001576       -0.115706
     H   19       -0.001576       -0.424348        0.502425
     H   19       -0.115706        0.502425       -0.026875

     C   20       -0.648218       -0.334659       -0.203492
     C   20       -0.334659        0.363173        0.231741
     C   20       -0.203492        0.231741        0.285045

     H   21       -0.415743       -0.121721       -0.361454
     H   21       -0.121721        0.086342        0.315698
     H   21       -0.361454        0.315698        0.329400

     C   22        0.097315       -0.266844       -0.081740
     C   22       -0.266844       -0.130225        0.588211
     C   22       -0.081740        0.588211        0.032909

     C   23       -0.393238       -0.290273       -0.473513
     C   23       -0.290273        0.197822        0.055426
     C   23       -0.473513        0.055426        0.195416

     Cl  24       -0.044965       -0.125883        0.056763
     Cl  24       -0.125883        0.016138       -0.083487
     Cl  24        0.056763       -0.083487        0.028827

     ----- ionic term -----
     Cl   1        0.183000       -0.229286        0.031299
     Cl   1       -0.229286       -0.033957       -0.012788
     Cl   1        0.031299       -0.012788       -0.149043

     C    2        0.143762       -0.241715        0.352833
     C    2       -0.241715       -0.002700        0.408092
     C    2        0.352833        0.408092       -0.141062

     C    3       -0.001324       -0.280434        0.223628
     C    3       -0.280434        0.173595        0.421707
     C    3        0.223628        0.421707       -0.172271

     H    4        0.357054        0.280053        0.730155
     H    4        0.280053       -0.382904        0.306977
     H    4        0.730155        0.306977        0.025850

     C    5        0.142619       -0.257283        0.358774
     C    5       -0.257283        0.032970        0.262523
     C    5        0.358774        0.262523       -0.175589

     H    6       -0.533412        0.059765        0.080069
     H    6        0.059765        0.502205        0.759294
     H    6        0.080069        0.759294        0.031206

     H    7       -0.524522       -0.141240        0.074619
     H    7       -0.141240        0.681602       -0.716593
     H    7        0.074619       -0.716593       -0.157080

     C    8        0.365929        0.184856        0.186039
     C    8        0.184856        0.025636       -0.331153
     C    8        0.186039       -0.331153       -0.391565

     H    9        0.730593       -0.223296        0.623434
     H    9       -0.223296       -0.514497       -0.195097
     H    9        0.623434       -0.195097       -0.216097

     C   10        0.195751        0.241257        0.114866
     C   10        0.241257        0.126436       -0.417551
     C   10        0.114866       -0.417551       -0.322187

     C   11        0.232006        0.212882        0.135668
     C   11        0.212882        0.154224       -0.405728
     C   11        0.135668       -0.405728       -0.386230

     Cl  12        0.081672        0.223555       -0.036536
     Cl  12        0.223555        0.089018       -0.041770
     Cl  12       -0.036536       -0.041770       -0.170690

     H   13       -0.506436        0.168706        0.121825
     H   13        0.168706        0.392541        0.773179
     H   13        0.121825        0.773179        0.113895

     C   14        0.184014       -0.203181        0.359152
     C   14       -0.203181       -0.018851        0.303979
     C   14        0.359152        0.303979       -0.165163

     H   15        0.422471        0.255879        0.774115
     H   15        0.255879       -0.424452        0.269893
     H   15        0.774115        0.269893        0.001981

     C   16        0.047629       -0.290123        0.215788
     C   16       -0.290123        0.197871        0.393213
     C   16        0.215788        0.393213       -0.245500

     C   17        0.002498       -0.266034        0.359048
     C   17       -0.266034        0.180817        0.316085
     C   17        0.359048        0.316085       -0.183316

     Cl  18        0.041910       -0.187431        0.054658
     Cl  18       -0.187431        0.104436       -0.044283
     Cl  18        0.054658       -0.044283       -0.146346

     H   19       -0.484483       -0.175037        0.079831
     H   19       -0.175037        0.809765       -0.597924
     H   19        0.079831       -0.597924       -0.325282

     C   20        0.348250        0.189039        0.122659
     C   20        0.189039        0.098051       -0.297948
     C   20        0.122659       -0.297948       -0.446301

     H   21        0.778097       -0.363812        0.527960
     H   21       -0.363812       -0.395906       -0.215847
     H   21        0.527960       -0.215847       -0.382191

     C   22        0.203607        0.174372        0.102492
     C   22        0.174372        0.180014       -0.408654
     C   22        0.102492       -0.408654       -0.383621

     C   23        0.332069        0.112566        0.219297
     C   23        0.112566        0.038575       -0.392516
     C   23        0.219297       -0.392516       -0.370644

     Cl  24        0.146923        0.204215       -0.033307
     Cl  24        0.204215       -0.018865       -0.033709
     Cl  24       -0.033307       -0.033709       -0.128058

     ----- GIPAW term -----
     Cl   1       -0.010264       -1.981213       -0.139883
     Cl   1       -1.981213        2.440407       -0.748342
     Cl   1       -0.139883       -0.748342       -2.430143

     C    2       -0.116014        0.025158       -0.022366
     C    2        0.025158        0.175691        0.044369
     C    2       -0.022366        0.044369       -0.059677

     C    3       -0.002487        0.003206        0.007593
     C    3        0.003206        0.087504        0.027265
     C    3        0.007593        0.027265       -0.085017

     H    4       -0.000000        0.000000        0.000000
     H    4        0.000000        0.000000        0.000000
     H    4        0.000000        0.000000        0.000000

     C    5       -0.170285       -0.007438       -0.021871
     C    5       -0.007438        0.221382        0.031903
     C    5       -0.021871        0.031903       -0.051096

     H    6       -0.000000        0.000000        0.000000
     H    6        0.000000        0.000000        0.000000
     H    6        0.000000        0.000000        0.000000

     H    7       -0.000000        0.000000        0.000000
     H    7        0.000000        0.000000        0.000000
     H    7        0.000000        0.000000        0.000000

     C    8        0.056164       -0.149299       -0.023161
     C    8       -0.149299        0.002106        0.077730
     C    8       -0.023161        0.077730       -0.058269

     H    9       -0.000000        0.000000        0.000000
     H    9        0.000000        0.000000        0.000000
     H    9        0.000000        0.000000        0.000000

     C   10       -0.015462       -0.045820       -0.062296
     C   10       -0.045820        0.016895        0.047536
     C   10       -0.062296        0.047536       -0.001433

     C   11       -0.005013        0.000128       -0.026751
     C   11        0.000128        0.009649        0.059364
     C   11       -0.026751        0.059364       -0.004636

     Cl  12       -0.711015        0.578039       -0.203802
     Cl  12        0.578039       -0.827575        0.960032
     Cl  12       -0.203802        0.960032        1.538589

     H   13       -0.000000        0.000000        0.000000
     H   13        0.000000        0.000000        0.000000
     H   13        0.000000        0.000000        0.000000

     C   14       -0.085328       -0.090162       -0.059822
     C   14       -0.090162        0.076856        0.106134
     C   14       -0.059822        0.106134        0.008471

     H   15       -0.000000        0.000000        0.000000
     H   15        0.000000        0.000000        0.000000
     H   15        0.000000        0.000000        0.000000

     C   16       -0.094640       -0.075163       -0.138355
     C   16       -0.075163        0.072883        0.139475
     C   16       -0.138355        0.139475        0.021757

     C   17       -0.070457       -0.151918       -0.063764
     C   17       -0.151918        0.088224        0.155219
     C   17       -0.063764        0.155219       -0.017767

     Cl  18        0.027716        0.044597       -1.299578
     Cl  18        0.044597       -0.863631       -0.329085
     Cl  18       -1.299578       -0.329085        0.835915

     H   19       -0.000000        0.000000        0.000000
     H   19        0.000000        0.000000        0.000000
     H   19        0.000000        0.000000        0.000000

     C   20       -0.180488       -0.043523       -0.015310
     C   20       -0.043523        0.204226        0.134925
     C   20       -0.015310        0.134925       -0.023738

     H   21       -0.000000        0.000000        0.000000
     H   21        0.000000        0.000000        0.000000
     H   21        0.000000        0.000000        0.000000

     C   22       -0.094888       -0.085909        0.012415
     C   22       -0.085909        0.246434        0.013785
     C   22        0.012415        0.013785       -0.151546

     C   23        0.013042       -0.120725       -0.027065
     C   23       -0.120725        0.100083       -0.035403
     C   23       -0.027065       -0.035403       -0.113125

     Cl  24        0.468554       -0.176370        1.198175
     Cl  24       -0.176370        0.743774       -1.743091
     Cl  24        1.198175       -1.743091       -1.212328

     ----- total EFG -----
     Cl   1        0.170012       -2.196704       -0.156814
     Cl   1       -2.196704        2.481696       -0.791685
     Cl   1       -0.156814       -0.791685       -2.651707

     C    2       -0.688485        0.283813       -0.014604
     C    2        0.283813        0.416303        0.400239
     C    2       -0.014604        0.400239        0.272182

     C    3        0.373887       -0.192510        0.152376
     C    3       -0.192510       -0.044412       -0.017921
     C    3        0.152376       -0.017921       -0.329474

     H    4        0.428374        0.322298        0.259292
     H    4        0.322298       -0.357631        0.553351
     H    4        0.259292        0.553351       -0.070743

     C    5       -0.874631        0.088145       -0.002493
     C    5        0.088145        0.652034        0.215225
     C    5       -0.002493        0.215225        0.222597

     H    6       -0.013351        0.111161       -0.028992
     H    6        0.111161        0.185261        0.393585
     H    6       -0.028992        0.393585       -0.171911

     H    7       -0.377820        0.357828        0.115944
     H    7        0.357828        0.147182       -0.604232
     H    7        0.115944       -0.604232        0.230639

     C    8        0.431628       -0.285316        0.154276
     C    8       -0.285316       -0.264643        0.020846
     C    8        0.154276        0.020846       -0.166985

     H    9        0.190896        0.231678        0.733414
     H    9        0.231678       -0.263809       -0.245155
     H    9        0.733414       -0.245155        0.072914

     C   10        0.015499        0.140655       -0.033953
     C   10        0.140655        0.115683       -0.248384
     C   10       -0.033953       -0.248384       -0.131183

     C   11        0.165930        0.169067        0.109947
     C   11        0.169067        0.177921       -0.084532
     C   11        0.109947       -0.084532       -0.343851

     Cl  12       -0.589608        0.627795       -0.245946
     Cl  12        0.627795       -0.642535        0.768291
     Cl  12       -0.245946        0.768291        1.232143

     H   13       -0.048091        0.113967        0.092519
     H   13        0.113967        0.219005        0.155206
     H   13        0.092519        0.155206       -0.170914

     C   14        0.082547       -0.429547        0.030042
     C   14       -0.429547       -0.141920        0.009382
     C   14        0.030042        0.009382        0.059373

     H   15        0.502161        0.197892        0.518527
     H   15        0.197892       -0.191239       -0.233706
     H   15        0.518527       -0.233706       -0.310922

     C   16       -0.597566        0.022261       -0.306684
     C   16        0.022261        0.444137        0.517226
     C   16       -0.306684        0.517226        0.153430

     C   17       -0.026264       -0.598979       -0.024767
     C   17       -0.598979        0.004241        0.006677
     C   17       -0.024767        0.006677        0.022023

     Cl  18       -0.108247        0.136055       -1.012984
     Cl  18        0.136055       -0.627327       -0.316463
     Cl  18       -1.012984       -0.316463        0.735574

     H   19       -0.033261       -0.176613       -0.035875
     H   19       -0.176613        0.385417       -0.095499
     H   19       -0.035875       -0.095499       -0.352157

     C   20       -0.480456       -0.189143       -0.096142
     C   20       -0.189143        0.665450        0.068718
     C   20       -0.096142        0.068718       -0.184994

     H   21        0.362354       -0.485533        0.166506
     H   21       -0.485533       -0.309564        0.099851
     H   21        0.166506        0.099851       -0.052790

     C   22        0.206035       -0.178380        0.033167
     C   22       -0.178380        0.296223        0.193342
     C   22        0.033167        0.193342       -0.502257

     C   23       -0.048128       -0.298432       -0.281280
     C   23       -0.298432        0.336480       -0.372494
     C   23       -0.281280       -0.372494       -0.288352

     Cl  24        0.570512       -0.098038        1.221632
     Cl  24       -0.098038        0.741047       -1.860286
     Cl  24        1.221632       -1.860286       -1.311559

     ----- total EFG (symmetrized) -----
     Cl   1        0.170012       -2.196704       -0.156814
     Cl   1       -2.196704        2.481696       -0.791685
     Cl   1       -0.156814       -0.791685       -2.651707

     C    2       -0.688485        0.283813       -0.014604
     C    2        0.283813        0.416303        0.400239
     C    2       -0.014604        0.400239        0.272182

     C    3        0.373887       -0.192510        0.152376
     C    3       -0.192510       -0.044412       -0.017921
     C    3        0.152376       -0.017921       -0.329474

     H    4        0.428374        0.322298        0.259292
     H    4        0.322298       -0.357631        0.553351
     H    4        0.259292        0.553351       -0.070743

     C    5       -0.874631        0.088145       -0.002493
     C    5        0.088145        0.652034        0.215225
     C    5       -0.002493        0.215225        0.222597

     H    6       -0.013351        0.111161       -0.028992
     H    6        0.111161        0.185261        0.393585
     H    6       -0.028992        0.393585       -0.171911

     H    7       -0.377820        0.357828        0.115944
     H    7        0.357828        0.147182       -0.604232
     H    7        0.115944       -0.604232        0.230639

     C    8        0.431628       -0.285316        0.154276
     C    8       -0.285316       -0.264643        0.020846
     C    8        0.154276        0.020846       -0.166985

     H    9        0.190896        0.231678        0.733414
     H    9        0.231678       -0.263809       -0.245155
     H    9        0.733414       -0.245155        0.072914

     C   10        0.015499        0.140655       -0.033953
     C   10        0.140655        0.115683       -0.248384
     C   10       -0.033953       -0.248384       -0.131183

     C   11        0.165930        0.169067        0.109947
     C   11        0.169067        0.177921       -0.084532
     C   11        0.109947       -0.084532       -0.343851

     Cl  12       -0.589608        0.627795       -0.245946
     Cl  12        0.627795       -0.642535        0.768291
     Cl  12       -0.245946        0.768291        1.232143

     H   13       -0.048091        0.113967        0.092519
     H   13        0.113967        0.219005        0.155206
     H   13        0.092519        0.155206       -0.170914

     C   14        0.082547       -0.429547        0.030042
     C   14       -0.429547       -0.141920        0.009382
     C   14        0.030042        0.009382        0.059373

     H   15        0.502161        0.197892        0.518527
     H   15        0.197892       -0.191239       -0.233706
     H   15        0.518527       -0.233706       -0.310922

     C   16       -0.597566        0.022261       -0.306684
     C   16        0.022261        0.444137        0.517226
     C   16       -0.306684        0.517226        0.153430

     C   17       -0.026264       -0.598979       -0.024767
     C   17       -0.598979        0.004241        0.006677
     C   17       -0.024767        0.006677        0.022023

     Cl  18       -0.108247        0.136055       -1.012984
     Cl  18        0.136055       -0.627327       -0.316463
     Cl  18       -1.012984       -0.316463        0.735574

     H   19       -0.033261       -0.176613       -0.035875
     H   19       -0.176613        0.385417       -0.095499
     H   19       -0.035875       -0.095499       -0.352157

     C   20       -0.480456       -0.189143       -0.096142
     C   20       -0.189143        0.665450        0.068718
     C   20       -0.096142        0.068718       -0.184994

     H   21        0.362354       -0.485533        0.166506
     H   21       -0.485533       -0.309564        0.099851
     H   21        0.166506        0.099851       -0.052790

     C   22        0.206035       -0.178380        0.033167
     C   22       -0.178380        0.296223        0.193342
     C   22        0.033167        0.193342       -0.502257

     C   23       -0.048128       -0.298432       -0.281280
     C   23       -0.298432        0.336480       -0.372494
     C   23       -0.281280       -0.372494       -0.288352

     Cl  24        0.570512       -0.098038        1.221632
     Cl  24       -0.098038        0.741047       -1.860286
     Cl  24        1.221632       -1.860286       -1.311559


     NQR/NMR SPECTROSCOPIC PARAMETERS:
     Cl   1    Vxx=   -0.9866    axis=(  0.835704  0.461283 -0.298020)
     Cl   1    Vyy=   -2.8766    axis=( -0.213111 -0.227744 -0.950114)
     Cl   1    Vzz=    3.8632    axis=( -0.506144  0.857526 -0.092022)
     Cl   1  Q=        -8.1650 1e-30 m^2  Cq=       -74.1141 MHz  eta= 0.48925

     C    2    Vxx=   -0.0115    axis=( -0.254023 -0.565507  0.784649)
     C    2    Vyy=   -0.7698    axis=( -0.956336  0.268100 -0.116382)
     C    2    Vzz=    0.7814    axis=( -0.144550 -0.779952 -0.608918)
     C    2  Q=         1.0000 1e-30 m^2  Cq=         1.8359 MHz  eta= 0.97044

     C    3    Vxx=   -0.1137    axis=(  0.322236  0.934717  0.149890)
     C    3    Vyy=   -0.3628    axis=(  0.221771  0.079392 -0.971861)
     C    3    Vzz=    0.4764    axis=( -0.920316  0.346410 -0.181711)
     C    3  Q=         1.0000 1e-30 m^2  Cq=         1.1194 MHz  eta= 0.52290

     H    4    Vxx=   -0.0056    axis=(  0.667671 -0.387695 -0.635537)
     H    4    Vyy=   -0.7944    axis=(  0.088507 -0.806300  0.584847)
     H    4    Vzz=    0.8000    axis=( -0.739176 -0.446736 -0.504030)
     H    4  Q=         1.0000 1e-30 m^2  Cq=         1.8796 MHz  eta= 0.98603

     C    5    Vxx=    0.1346    axis=( -0.035356 -0.378653  0.924863)
     C    5    Vyy=    0.7453    axis=(  0.049672  0.923632  0.380048)
     C    5    Vzz=   -0.8799    axis=( -0.998140  0.059377 -0.013848)
     C    5  Q=         1.0000 1e-30 m^2  Cq=        -2.0674 MHz  eta= 0.69411

     H    6    Vxx=   -0.0096    axis=(  0.966105 -0.034334 -0.255858)
     H    6    Vyy=   -0.4425    axis=( -0.196375  0.545596 -0.814716)
     H    6    Vzz=    0.4521    axis=(  0.167567  0.837345  0.520360)
     H    6  Q=         1.0000 1e-30 m^2  Cq=         1.0622 MHz  eta= 0.95743

     H    7    Vxx=   -0.0712    axis=(  0.706029  0.420246  0.570015)
     H    7    Vyy=   -0.7464    axis=(  0.693573 -0.572975 -0.436641)
     H    7    Vzz=    0.8176    axis=( -0.143107 -0.703628  0.696008)
     H    7  Q=         1.0000 1e-30 m^2  Cq=         1.9211 MHz  eta= 0.82578

     C    8    Vxx=   -0.1684    axis=( -0.059164  0.375669  0.924864)
     C    8    Vyy=   -0.3917    axis=(  0.363726  0.870909 -0.330485)
     C    8    Vzz=    0.5601    axis=( -0.929625  0.316844 -0.188167)
     C    8  Q=         1.0000 1e-30 m^2  Cq=         1.3160 MHz  eta= 0.39873

     H    9    Vxx=   -0.0561    axis=( -0.352873 -0.851506  0.387839)
     H    9    Vyy=   -0.8116    axis=(  0.578389 -0.524332 -0.624934)
     H    9    Vzz=    0.8677    axis=(  0.735491  0.003799  0.677524)
     H    9  Q=         1.0000 1e-30 m^2  Cq=         2.0388 MHz  eta= 0.87061

     C   10    Vxx=   -0.0377    axis=(  0.900409 -0.255581  0.352054)
     C   10    Vyy=   -0.2926    axis=( -0.162482  0.553116  0.817106)
     C   10    Vzz=    0.3303    axis=( -0.403564 -0.792932  0.456503)
     C   10  Q=         1.0000 1e-30 m^2  Cq=         0.7760 MHz  eta= 0.77170

     C   11    Vxx=    0.0508    axis=( -0.667123  0.668346 -0.329030)
     C   11    Vyy=    0.3415    axis=(  0.701439  0.712302  0.024672)
     C   11    Vzz=   -0.3923    axis=( -0.250858  0.214335  0.943997)
     C   11  Q=         1.0000 1e-30 m^2  Cq=        -0.9217 MHz  eta= 0.74110

     Cl  12    Vxx=   -0.0600    axis=(  0.786078  0.585404 -0.198454)
     Cl  12    Vyy=   -1.4470    axis=( -0.618036  0.738837 -0.268610)
     Cl  12    Vzz=    1.5070    axis=( -0.010620  0.333800  0.942584)
     Cl  12  Q=        -8.1650 1e-30 m^2  Cq=       -28.9109 MHz  eta= 0.92039

     H   13    Vxx=   -0.0840    axis=(  0.886093 -0.426407  0.181705)
     H   13    Vyy=   -0.2410    axis=(  0.303065  0.236385 -0.923187)
     H   13    Vzz=    0.3250    axis=(  0.350701  0.873097  0.338688)
     H   13  Q=         1.0000 1e-30 m^2  Cq=         0.7636 MHz  eta= 0.48329

     C   14    Vxx=    0.0597    axis=( -0.010693  0.069200  0.997546)
     C   14    Vyy=    0.4152    axis=( -0.791332  0.609276 -0.050748)
     C   14    Vzz=   -0.4749    axis=( -0.611293 -0.789933  0.048245)
     C   14  Q=         1.0000 1e-30 m^2  Cq=        -1.1158 MHz  eta= 0.74857

     H   15    Vxx=   -0.0326    axis=(  0.137641  0.869763 -0.473886)
     H   15    Vyy=   -0.7284    axis=( -0.404579  0.486076  0.774626)
     H   15    Vzz=    0.7610    axis=(  0.904086  0.085104  0.418791)
     H   15  Q=         1.0000 1e-30 m^2  Cq=         1.7880 MHz  eta= 0.91435

     C   16    Vxx=   -0.1099    axis=(  0.444769  0.601570 -0.663547)
     C   16    Vyy=   -0.7463    axis=( -0.887662  0.197374 -0.416052)
     C   16    Vzz=    0.8562    axis=(  0.119318 -0.774053 -0.621776)
     C   16  Q=         1.0000 1e-30 m^2  Cq=         2.0117 MHz  eta= 0.74323

     C   17    Vxx=    0.0214    axis=(  0.012350 -0.042292  0.999029)
     C   17    Vyy=    0.5890    axis=(  0.697824 -0.715212 -0.038903)
     C   17    Vzz=   -0.6105    axis=(  0.716163  0.697627  0.020679)
     C   17  Q=         1.0000 1e-30 m^2  Cq=        -1.4343 MHz  eta= 0.92978

     Cl  18    Vxx=   -0.6531    axis=(  0.436058 -0.892583  0.114674)
     Cl  18    Vyy=   -0.8127    axis=(  0.716936  0.421580  0.555224)
     Cl  18    Vzz=    1.4659    axis=( -0.543927 -0.159895  0.823758)
     Cl  18  Q=        -8.1650 1e-30 m^2  Cq=       -28.1221 MHz  eta= 0.10888

     H   19    Vxx=   -0.0821    axis=(  0.925023  0.302491 -0.229851)
     H   19    Vyy=   -0.3753    axis=(  0.186717  0.164922  0.968472)
     H   19    Vzz=    0.4574    axis=(  0.330862 -0.938776  0.096076)
     H   19  Q=         1.0000 1e-30 m^2  Cq=         1.0748 MHz  eta= 0.64104

     C   20    Vxx=   -0.1721    axis=(  0.221954  0.129413 -0.966431)
     C   20    Vyy=   -0.5316    axis=(  0.961089  0.138130  0.239224)
     C   20    Vzz=    0.7037    axis=(  0.164451 -0.981923 -0.093719)
     C   20  Q=         1.0000 1e-30 m^2  Cq=         1.6534 MHz  eta= 0.51082

     H   21    Vxx=   -0.0185    axis=(  0.000061  0.324433  0.945909)
     H   21    Vyy=   -0.6137    axis=(  0.465431  0.837200 -0.287177)
     H   21    Vzz=    0.6323    axis=( -0.885084  0.440273 -0.150950)
     H   21  Q=         1.0000 1e-30 m^2  Cq=         1.4856 MHz  eta= 0.94138

     C   22    Vxx=    0.0993    axis=( -0.819680 -0.530639 -0.215746)
     C   22    Vyy=    0.4545    axis=( -0.564275  0.812808  0.144695)
     C   22    Vzz=   -0.5538    axis=( -0.098580 -0.240344  0.965669)
     C   22  Q=         1.0000 1e-30 m^2  Cq=        -1.3011 MHz  eta= 0.64141

     C   23    Vxx=    0.1343    axis=(  0.797886  0.075974 -0.598002)
     C   23    Vyy=    0.5596    axis=( -0.307500  0.904546 -0.295364)
     C   23    Vzz=   -0.6938    axis=(  0.518480  0.419553  0.745086)
     C   23  Q=         1.0000 1e-30 m^2  Cq=        -1.6302 MHz  eta= 0.61296

     Cl  24    Vxx=    0.5314    axis=(  0.843039  0.537609  0.016157)
     Cl  24    Vyy=    2.1936    axis=(  0.446625 -0.716470  0.535907)
     Cl  24    Vzz=   -2.7250    axis=(  0.299684 -0.444575 -0.844122)
     Cl  24  Q=        -8.1650 1e-30 m^2  Cq=        52.2783 MHz  eta= 0.60998

     Initialization:
     gipaw_setup  :      8.94s CPU     11.04s WALL (       1 calls)

     Linear response

     Apply operators

     Induced current

     Other routines
     efg          :      9.34s CPU     11.71s WALL (       1 calls)

     General routines
     calbec       :      3.21s CPU      4.19s WALL (      16 calls)
     fft          :      1.48s CPU      5.91s WALL (      15 calls)
     ffts         :      0.04s CPU      0.06s WALL (       2 calls)
     fftw         :      3.24s CPU      4.10s WALL (     672 calls)
     davcio       :      0.03s CPU      0.32s WALL (      32 calls)

     Parallel routines
     fft_scatter  :      2.11s CPU      7.22s WALL (     689 calls)

     Plugins

     GIPAW        :     63.68s CPU     79.95s WALL (       1 calls)
