
     Program QE v.6.0 (svn rev. 13079) starts on 14Jan2017 at  7:39:11 

     This program is part of the open-source Quantum ESPRESSO suite
     for quantum simulation of materials; please cite
         "P. Giannozzi et al., J. Phys.:Condens. Matter 21 395502 (2009);
          URL http://www.quantum-espresso.org", 
     in publications or presentations arising from this work. More details at
     http://www.quantum-espresso.org/quote

     Parallel version (MPI), running on     8 processors
     R & G space division:  proc/nbgrp/npool/nimage =       8

     ***** This is GIPAW svn revision unknown      *****

     Parallelizing q-star over 1 images

     Reading data from directory:
     /users/majewski/paradichlorobenzene/pbe/9_constraint/scratch/pbe.ecut100.np8.dt60.pcl2phi-129368.save
     Message from routine read_xml_file:
     file /users/majewski/paradichlorobenzene/pbe/9_constraint/scratch/pbe.ecut100.np8.dt60.pcl2phi-129368.save not guaranteed to be safe for post-processing

   Info: using nr1, nr2, nr3 values from input

   Info: using nr1, nr2, nr3 values from input

     IMPORTANT: XC functional enforced from input :
     Exchange-correlation      =  SLA  PW   PBX  PBC ( 1  4  3  4 0 0)
     Any further DFT definition will be discarded
     Please, verify this is what you really want

               file C.pbe-n-kjpaw_psl.1.0.0.UPF: wavefunction(s)  2S 2P renormalized
               file Cl.pbe-n-kjpaw_psl.1.0.0.UPF: wavefunction(s)  3S 3P renormalized
               file H.pbe-kjpaw_psl.1.0.0.UPF: wavefunction(s)  1S renormalized

     Parallelization info
     --------------------
     sticks:   dense  smooth     PW     G-vecs:    dense   smooth      PW
     Min        3057    1223    332               144436    36536    5170
     Max        3059    1225    333               144437    36537    5171
     Sum       24467    9791   2657              1155489   292295   41363


     Subspace diagonalization in iterative solution of the eigenvalue problem:
     a serial algorithm will be used

     GIPAW projectors -----------------------------------------------
     atom=  C    l=0  rc=    1.2000  rs=    0.8000
     atom=  C    l=0  rc=    1.2000  rs=    0.8000
     atom=  C    l=1  rc=    1.4000  rs=    0.9333
     atom=  C    l=1  rc=    1.4000  rs=    0.9333
     projs nearly linearly dependent: l=1  n1,n2= 1, 2  s=  0.99951561

     atom=  Cl   l=0  rc=    1.6000  rs=    1.0667
     atom=  Cl   l=0  rc=    1.6000  rs=    1.0667
     atom=  Cl   l=1  rc=    1.6000  rs=    1.0667
     atom=  Cl   l=1  rc=    1.6000  rs=    1.0667
     atom=  Cl   l=2  rc=    1.6000  rs=    1.0667
     atom=  Cl   l=2  rc=    1.6000  rs=    1.0667
     projs nearly linearly dependent: l=2  n1,n2= 1, 2  s=  0.99993509

     atom=  H    l=0  rc=    1.0000  rs=    0.6667
     atom=  H    l=0  rc=    1.0000  rs=    0.6667
     projs nearly linearly dependent: l=0  n1,n2= 1, 2  s=  0.99968852
     -----------------------------------------------------------------

     GIPAW integrals: -------------------------------------------
     Atom  i/j   nmr_para   nmr_dia   epr_rmc  epr_para   epr_dia
       C   1 1   0.83E+03  0.17E-01  0.93E+01  0.24E+08  0.24E+03
       C   2 1   0.86E+03 -0.61E-01  0.94E+01  0.25E+08  0.25E+03
       C   2 2   0.90E+03 -0.15E+00  0.97E+01  0.26E+08  0.26E+03
       C   3 3   0.33E+01  0.34E+00  0.18E+01  0.55E+03  0.21E+02
       C   4 3   0.35E+01  0.37E+00  0.20E+01  0.59E+03  0.22E+02
       C   4 4   0.38E+01  0.39E+00  0.22E+01  0.63E+03  0.24E+02
       Cl  1 1   0.14E+04 -0.47E+00  0.84E+01  0.32E+09  0.42E+03
       Cl  2 1   0.21E+04 -0.37E+00  0.12E+02  0.49E+09  0.65E+03
       Cl  2 2   0.33E+04 -0.16E+00  0.21E+02  0.76E+09  0.10E+04
       Cl  3 3   0.21E+02  0.79E-01  0.89E+01  0.23E+05  0.13E+03
       Cl  4 3   0.24E+02  0.67E-01  0.99E+01  0.27E+05  0.15E+03
       Cl  4 4   0.28E+02  0.44E-01  0.11E+02  0.32E+05  0.18E+03
       Cl  5 5   0.77E+00  0.19E+00  0.18E+01  0.12E+03  0.22E+02
       Cl  6 5   0.80E+00  0.19E+00  0.19E+01  0.12E+03  0.23E+02
       Cl  6 6   0.83E+00  0.20E+00  0.19E+01  0.12E+03  0.23E+02
       H   1 1   0.39E+02  0.19E+00  0.29E+00  0.78E+05  0.13E+02
       H   2 1   0.41E+02  0.21E+00  0.32E+00  0.82E+05  0.14E+02
       H   2 2   0.43E+02  0.22E+00  0.36E+00  0.86E+05  0.15E+02
     ------------------------------------------------------------

     alpha_pv=     34.1101 eV

     Number of occupied bands for each k-point:
     k-point:     1    nbnd_occ=  42
     k-point:     2    nbnd_occ=  42
     k-point:     3    nbnd_occ=  42
     k-point:     4    nbnd_occ=  42
     k-point:     5    nbnd_occ=  42
     k-point:     6    nbnd_occ=  42
     k-point:     7    nbnd_occ=  42
     k-point:     8    nbnd_occ=  42
     k-point:     9    nbnd_occ=  42
     k-point:    10    nbnd_occ=  42
     k-point:    11    nbnd_occ=  42
     k-point:    12    nbnd_occ=  42
     k-point:    13    nbnd_occ=  42
     k-point:    14    nbnd_occ=  42
     k-point:    15    nbnd_occ=  42
     k-point:    16    nbnd_occ=  42


     q-space interpolation up to   110.00 Rydberg

     GIPAW job: efg                                                                             


     ELECTRIC FIELD GRADIENTS TENSORS IN Hartree/bohrradius^2:

     ----- bare term -----
     Cl   1       -0.115504        0.041068       -0.049450
     Cl   1        0.041068       -0.084437       -0.035903
     Cl   1       -0.049450       -0.035903        0.199941

     C    2       -0.120628        0.055143       -0.393381
     C    2        0.055143       -0.294043       -0.511886
     C    2       -0.393381       -0.511886        0.414671

     C    3       -0.112884        0.433452       -0.211233
     C    3        0.433452       -0.296861       -0.363861
     C    3       -0.211233       -0.363861        0.409744

     H    4       -0.238152       -0.141870       -0.411840
     H    4       -0.141870        0.206125       -0.407248
     H    4       -0.411840       -0.407248        0.032027

     C    5       -0.321950        0.014627       -0.387696
     C    5        0.014627       -0.002523       -0.384195
     C    5       -0.387696       -0.384195        0.324474

     H    6        0.176902        0.278419       -0.263703
     H    6        0.278419       -0.488294       -0.131055
     H    6       -0.263703       -0.131055        0.311391

     H    7        0.293382       -0.057661        0.176728
     H    7       -0.057661       -0.216147        0.537980
     H    7        0.176728        0.537980       -0.077235

     C    8       -0.334767       -0.221133       -0.367421
     C    8       -0.221133       -0.107068        0.425431
     C    8       -0.367421        0.425431        0.441835

     H    9        0.175189        0.041305       -0.315326
     H    9        0.041305        0.235251       -0.272371
     H    9       -0.315326       -0.272371       -0.410441

     C   10       -0.067618       -0.453132       -0.248919
     C   10       -0.453132       -0.264518        0.551558
     C   10       -0.248919        0.551558        0.332136

     C   11       -0.231363       -0.005685       -0.401961
     C   11       -0.005685       -0.034844        0.445252
     C   11       -0.401961        0.445252        0.266208

     Cl  12       -0.062002       -0.057058       -0.017935
     Cl  12       -0.057058        0.020338        0.012181
     Cl  12       -0.017935        0.012181        0.041664

     H   13        0.213375        0.222684       -0.006321
     H   13        0.222684       -0.488986       -0.413281
     H   13       -0.006321       -0.413281        0.275611

     C   14       -0.232096       -0.051893       -0.427101
     C   14       -0.051893       -0.058150       -0.471940
     C   14       -0.427101       -0.471940        0.290246

     H   15        0.007181       -0.142761       -0.401270
     H   15       -0.142761        0.444099       -0.302543
     H   15       -0.401270       -0.302543       -0.451280

     C   16       -0.487461        0.328830       -0.367528
     C   16        0.328830       -0.069353       -0.202549
     C   16       -0.367528       -0.202549        0.556813

     C   17       -0.030485        0.143217       -0.166914
     C   17        0.143217       -0.410926       -0.407495
     C   17       -0.166914       -0.407495        0.441411

     Cl  18       -0.062205        0.094769       -0.019956
     Cl  18        0.094769       -0.005107        0.005757
     Cl  18       -0.019956        0.005757        0.067312

     H   19        0.405618        0.080760       -0.110120
     H   19        0.080760       -0.265944        0.552246
     H   19       -0.110120        0.552246       -0.139674

     C   20       -0.306912       -0.325940       -0.128984
     C   20       -0.325940       -0.242626        0.441833
     C   20       -0.128984        0.441833        0.549538

     H   21       -0.027292        0.063152       -0.543912
     H   21        0.063152        0.406458       -0.059885
     H   21       -0.543912       -0.059885       -0.379166

     C   22       -0.231114       -0.069972       -0.251183
     C   22       -0.069972       -0.137636        0.598901
     C   22       -0.251183        0.598901        0.368750

     C   23       -0.206367       -0.123854       -0.384655
     C   23       -0.123854       -0.155903        0.511571
     C   23       -0.384655        0.511571        0.362270

     Cl  24       -0.029261       -0.032690       -0.066781
     Cl  24       -0.032690        0.005997        0.065077
     Cl  24       -0.066781        0.065077        0.023263

     ----- ionic term -----
     Cl   1        0.141351       -0.208179        0.069193
     Cl   1       -0.208179        0.002664       -0.035977
     Cl   1        0.069193       -0.035977       -0.144015

     C    2        0.112648       -0.183535        0.369942
     C    2       -0.183535        0.162552        0.362248
     C    2        0.369942        0.362248       -0.275200

     C    3        0.153118       -0.269293        0.238219
     C    3       -0.269293        0.224768        0.336969
     C    3        0.238219        0.336969       -0.377886

     H    4        0.486934        0.385937        0.698070
     H    4        0.385937       -0.341037        0.311461
     H    4        0.698070        0.311461       -0.145898

     C    5        0.254424       -0.217766        0.340906
     C    5       -0.217766        0.106044        0.255382
     C    5        0.340906        0.255382       -0.360468

     H    6       -0.507861       -0.062164        0.003043
     H    6       -0.062164        0.901422        0.498208
     H    6        0.003043        0.498208       -0.393560

     H    7       -0.527350        0.048579       -0.001290
     H    7        0.048579        0.604520       -0.733511
     H    7       -0.001290       -0.733511       -0.077170

     C    8        0.159794        0.289198        0.289517
     C    8        0.289198        0.067316       -0.278812
     C    8        0.289517       -0.278812       -0.227111

     H    9        0.148711        0.070605        0.811155
     H    9        0.070605       -0.541794       -0.002477
     H    9        0.811155       -0.002477        0.393082

     C   10        0.004026        0.380422        0.223442
     C   10        0.380422        0.106323       -0.331588
     C   10        0.223442       -0.331588       -0.110349

     C   11        0.198103        0.229388        0.293401
     C   11        0.229388       -0.026251       -0.400850
     C   11        0.293401       -0.400850       -0.171852

     Cl  12        0.157975        0.213748        0.008989
     Cl  12        0.213748       -0.017847        0.000253
     Cl  12        0.008989        0.000253       -0.140128

     H   13       -0.526234       -0.013914        0.007399
     H   13       -0.013914        0.709339        0.665304
     H   13        0.007399        0.665304       -0.183105

     C   14        0.197966       -0.168526        0.379222
     C   14       -0.168526        0.051713        0.286932
     C   14        0.379222        0.286932       -0.249679

     H   15        0.409255        0.273534        0.778377
     H   15        0.273534       -0.427807        0.282657
     H   15        0.778377        0.282657        0.018552

     C   16        0.078754       -0.249857        0.265266
     C   16       -0.249857        0.176296        0.371732
     C   16        0.265266        0.371732       -0.255050

     C   17        0.103009       -0.176123        0.360928
     C   17       -0.176123        0.156539        0.407741
     C   17        0.360928        0.407741       -0.259548

     Cl  18        0.124442       -0.214882        0.078246
     Cl  18       -0.214882        0.013706       -0.042119
     Cl  18        0.078246       -0.042119       -0.138147

     H   19       -0.521980       -0.077502        0.053182
     H   19       -0.077502        0.698031       -0.686866
     H   19        0.053182       -0.686866       -0.176051

     C   20        0.213387        0.202197        0.286260
     C   20        0.202197        0.038928       -0.292770
     C   20        0.286260       -0.292770       -0.252315

     H   21        0.415582       -0.246105        0.815400
     H   21       -0.246105       -0.482943       -0.275339
     H   21        0.815400       -0.275339        0.067360

     C   22        0.070327        0.216980        0.227856
     C   22        0.216980        0.153071       -0.409873
     C   22        0.227856       -0.409873       -0.223397

     C   23        0.113192        0.215687        0.314983
     C   23        0.215687        0.094891       -0.400414
     C   23        0.314983       -0.400414       -0.208084

     Cl  24        0.117810        0.226056        0.007647
     Cl  24        0.226056        0.023470       -0.002531
     Cl  24        0.007647       -0.002531       -0.141280

     ----- GIPAW term -----
     Cl   1       -0.663780       -1.532026       -0.309088
     Cl   1       -1.532026       -1.298804       -0.916892
     Cl   1       -0.309088       -0.916892        1.962584

     C    2        0.001516       -0.107190       -0.106110
     C    2       -0.107190       -0.101243       -0.108004
     C    2       -0.106110       -0.108004        0.099727

     C    3        0.092241        0.008140       -0.080064
     C    3        0.008140       -0.092241       -0.021602
     C    3       -0.080064       -0.021602       -0.000000

     H    4       -0.000000        0.000000        0.000000
     H    4        0.000000        0.000000        0.000000
     H    4        0.000000        0.000000        0.000000

     C    5        0.077683       -0.015914        0.036745
     C    5       -0.015914       -0.083052       -0.062748
     C    5        0.036745       -0.062748        0.005369

     H    6       -0.000000        0.000000        0.000000
     H    6        0.000000        0.000000        0.000000
     H    6        0.000000        0.000000        0.000000

     H    7       -0.000000        0.000000        0.000000
     H    7        0.000000        0.000000        0.000000
     H    7        0.000000        0.000000        0.000000

     C    8       -0.048179       -0.040049       -0.090763
     C    8       -0.040049       -0.069686        0.104063
     C    8       -0.090763        0.104063        0.117865

     H    9       -0.000000        0.000000        0.000000
     H    9        0.000000        0.000000        0.000000
     H    9        0.000000        0.000000        0.000000

     C   10       -0.013399       -0.152070       -0.124702
     C   10       -0.152070       -0.026521        0.162210
     C   10       -0.124702        0.162210        0.039920

     C   11        0.060062        0.107436       -0.041526
     C   11        0.107436       -0.002126        0.044329
     C   11       -0.041526        0.044329       -0.057936

     Cl  12        1.157881        2.154586       -0.161350
     Cl  12        2.154586        0.277439        0.078390
     Cl  12       -0.161350        0.078390       -1.435320

     H   13       -0.000000        0.000000        0.000000
     H   13        0.000000        0.000000        0.000000
     H   13        0.000000        0.000000        0.000000

     C   14        0.053450       -0.093798       -0.059790
     C   14       -0.093798       -0.040726       -0.105695
     C   14       -0.059790       -0.105695       -0.012724

     H   15       -0.000000        0.000000        0.000000
     H   15        0.000000        0.000000        0.000000
     H   15        0.000000        0.000000        0.000000

     C   16       -0.177391        0.014632       -0.139234
     C   16        0.014632       -0.038392        0.066181
     C   16       -0.139234        0.066181        0.215783

     C   17       -0.009202       -0.058835        0.042581
     C   17       -0.058835       -0.101535        0.067723
     C   17        0.042581        0.067723        0.110736

     Cl  18       -0.867302       -1.157714       -0.018344
     Cl  18       -1.157714       -1.437436        0.022908
     Cl  18       -0.018344        0.022908        2.304738

     H   19       -0.000000        0.000000        0.000000
     H   19        0.000000        0.000000        0.000000
     H   19        0.000000        0.000000        0.000000

     C   20       -0.088988       -0.041578        0.044070
     C   20       -0.041578       -0.137478        0.134024
     C   20        0.044070        0.134024        0.226466

     H   21       -0.000000        0.000000        0.000000
     H   21        0.000000        0.000000        0.000000
     H   21        0.000000        0.000000        0.000000

     C   22       -0.119374        0.059928       -0.006850
     C   22        0.059928       -0.000395        0.198389
     C   22       -0.006850        0.198389        0.119768

     C   23       -0.000475        0.091728       -0.085740
     C   23        0.091728       -0.017234        0.139621
     C   23       -0.085740        0.139621        0.017709

     Cl  24        1.163236        1.991088       -0.482472
     Cl  24        1.991088        0.200115        0.550069
     Cl  24       -0.482472        0.550069       -1.363352

     ----- total EFG -----
     Cl   1       -0.637933       -1.699137       -0.289345
     Cl   1       -1.699137       -1.380576       -0.988772
     Cl   1       -0.289345       -0.988772        2.018509

     C    2       -0.006464       -0.235581       -0.129549
     C    2       -0.235581       -0.232734       -0.257642
     C    2       -0.129549       -0.257642        0.239198

     C    3        0.132476        0.172299       -0.053077
     C    3        0.172299       -0.164334       -0.048495
     C    3       -0.053077       -0.048495        0.031858

     H    4        0.248782        0.244067        0.286230
     H    4        0.244067       -0.134912       -0.095786
     H    4        0.286230       -0.095786       -0.113870

     C    5        0.010157       -0.219053       -0.010045
     C    5       -0.219053        0.020469       -0.191561
     C    5       -0.010045       -0.191561       -0.030626

     H    6       -0.330959        0.216255       -0.260660
     H    6        0.216255        0.413128        0.367153
     H    6       -0.260660        0.367153       -0.082169

     H    7       -0.233968       -0.009082        0.175438
     H    7       -0.009082        0.388373       -0.195531
     H    7        0.175438       -0.195531       -0.154405

     C    8       -0.223152        0.028015       -0.168667
     C    8        0.028015       -0.109437        0.250681
     C    8       -0.168667        0.250681        0.332589

     H    9        0.323901        0.111910        0.495829
     H    9        0.111910       -0.306542       -0.274848
     H    9        0.495829       -0.274848       -0.017358

     C   10       -0.076992       -0.224781       -0.150178
     C   10       -0.224781       -0.184716        0.382181
     C   10       -0.150178        0.382181        0.261707

     C   11        0.026801        0.331139       -0.150086
     C   11        0.331139       -0.063221        0.088731
     C   11       -0.150086        0.088731        0.036420

     Cl  12        1.253854        2.311276       -0.170296
     Cl  12        2.311276        0.279930        0.090825
     Cl  12       -0.170296        0.090825       -1.533785

     H   13       -0.312859        0.208770        0.001078
     H   13        0.208770        0.220353        0.252024
     H   13        0.001078        0.252024        0.092506

     C   14        0.019321       -0.314217       -0.107669
     C   14       -0.314217       -0.047163       -0.290703
     C   14       -0.107669       -0.290703        0.027843

     H   15        0.416435        0.130773        0.377107
     H   15        0.130773        0.016292       -0.019886
     H   15        0.377107       -0.019886       -0.432727

     C   16       -0.586098        0.093605       -0.241496
     C   16        0.093605        0.068551        0.235364
     C   16       -0.241496        0.235364        0.517547

     C   17        0.063322       -0.091741        0.236595
     C   17       -0.091741       -0.355922        0.067970
     C   17        0.236595        0.067970        0.292600

     Cl  18       -0.805065       -1.277826        0.039947
     Cl  18       -1.277826       -1.428838       -0.013455
     Cl  18        0.039947       -0.013455        2.233902

     H   19       -0.116362        0.003258       -0.056938
     H   19        0.003258        0.432087       -0.134619
     H   19       -0.056938       -0.134619       -0.315725

     C   20       -0.182513       -0.165321        0.201347
     C   20       -0.165321       -0.341176        0.283087
     C   20        0.201347        0.283087        0.523690

     H   21        0.388290       -0.182954        0.271488
     H   21       -0.182954       -0.076485       -0.335223
     H   21        0.271488       -0.335223       -0.311806

     C   22       -0.280161        0.206935       -0.030177
     C   22        0.206935        0.015040        0.387416
     C   22       -0.030177        0.387416        0.265122

     C   23       -0.093650        0.183561       -0.155411
     C   23        0.183561       -0.078245        0.250778
     C   23       -0.155411        0.250778        0.171895

     Cl  24        1.251786        2.184454       -0.541606
     Cl  24        2.184454        0.229582        0.612615
     Cl  24       -0.541606        0.612615       -1.481368

     ----- total EFG (symmetrized) -----
     Cl   1       -0.637933       -1.699137       -0.289345
     Cl   1       -1.699137       -1.380576       -0.988772
     Cl   1       -0.289345       -0.988772        2.018509

     C    2       -0.006464       -0.235581       -0.129549
     C    2       -0.235581       -0.232734       -0.257642
     C    2       -0.129549       -0.257642        0.239198

     C    3        0.132476        0.172299       -0.053077
     C    3        0.172299       -0.164334       -0.048495
     C    3       -0.053077       -0.048495        0.031858

     H    4        0.248782        0.244067        0.286230
     H    4        0.244067       -0.134912       -0.095786
     H    4        0.286230       -0.095786       -0.113870

     C    5        0.010157       -0.219053       -0.010045
     C    5       -0.219053        0.020469       -0.191561
     C    5       -0.010045       -0.191561       -0.030626

     H    6       -0.330959        0.216255       -0.260660
     H    6        0.216255        0.413128        0.367153
     H    6       -0.260660        0.367153       -0.082169

     H    7       -0.233968       -0.009082        0.175438
     H    7       -0.009082        0.388373       -0.195531
     H    7        0.175438       -0.195531       -0.154405

     C    8       -0.223152        0.028015       -0.168667
     C    8        0.028015       -0.109437        0.250681
     C    8       -0.168667        0.250681        0.332589

     H    9        0.323901        0.111910        0.495829
     H    9        0.111910       -0.306542       -0.274848
     H    9        0.495829       -0.274848       -0.017358

     C   10       -0.076992       -0.224781       -0.150178
     C   10       -0.224781       -0.184716        0.382181
     C   10       -0.150178        0.382181        0.261707

     C   11        0.026801        0.331139       -0.150086
     C   11        0.331139       -0.063221        0.088731
     C   11       -0.150086        0.088731        0.036420

     Cl  12        1.253854        2.311276       -0.170296
     Cl  12        2.311276        0.279930        0.090825
     Cl  12       -0.170296        0.090825       -1.533785

     H   13       -0.312859        0.208770        0.001078
     H   13        0.208770        0.220353        0.252024
     H   13        0.001078        0.252024        0.092506

     C   14        0.019321       -0.314217       -0.107669
     C   14       -0.314217       -0.047163       -0.290703
     C   14       -0.107669       -0.290703        0.027843

     H   15        0.416435        0.130773        0.377107
     H   15        0.130773        0.016292       -0.019886
     H   15        0.377107       -0.019886       -0.432727

     C   16       -0.586098        0.093605       -0.241496
     C   16        0.093605        0.068551        0.235364
     C   16       -0.241496        0.235364        0.517547

     C   17        0.063322       -0.091741        0.236595
     C   17       -0.091741       -0.355922        0.067970
     C   17        0.236595        0.067970        0.292600

     Cl  18       -0.805065       -1.277826        0.039947
     Cl  18       -1.277826       -1.428838       -0.013455
     Cl  18        0.039947       -0.013455        2.233902

     H   19       -0.116362        0.003258       -0.056938
     H   19        0.003258        0.432087       -0.134619
     H   19       -0.056938       -0.134619       -0.315725

     C   20       -0.182513       -0.165321        0.201347
     C   20       -0.165321       -0.341176        0.283087
     C   20        0.201347        0.283087        0.523690

     H   21        0.388290       -0.182954        0.271488
     H   21       -0.182954       -0.076485       -0.335223
     H   21        0.271488       -0.335223       -0.311806

     C   22       -0.280161        0.206935       -0.030177
     C   22        0.206935        0.015040        0.387416
     C   22       -0.030177        0.387416        0.265122

     C   23       -0.093650        0.183561       -0.155411
     C   23        0.183561       -0.078245        0.250778
     C   23       -0.155411        0.250778        0.171895

     Cl  24        1.251786        2.184454       -0.541606
     Cl  24        2.184454        0.229582        0.612615
     Cl  24       -0.541606        0.612615       -1.481368


     NQR/NMR SPECTROSCOPIC PARAMETERS:
     Cl   1    Vxx=    0.6356    axis=(  0.796892 -0.557769 -0.232070)
     Cl   1    Vyy=    2.2974    axis=(  0.074282 -0.290763  0.953907)
     Cl   1    Vzz=   -2.9330    axis=( -0.599537 -0.777400 -0.190275)
     Cl   1  Q=        -8.1650 1e-30 m^2  Cq=        56.2677 MHz  eta= 0.56658

     C    2    Vxx=    0.1388    axis=(  0.871306 -0.479250 -0.105573)
     C    2    Vyy=    0.3548    axis=(  0.090969  0.369134 -0.924913)
     C    2    Vzz=   -0.4936    axis=(  0.482236  0.796278  0.365225)
     C    2  Q=         1.0000 1e-30 m^2  Cq=        -1.1597 MHz  eta= 0.43753

     C    3    Vxx=    0.0104    axis=(  0.326085  0.059685  0.943454)
     C    3    Vyy=    0.2347    axis=(  0.854597  0.408048 -0.321187)
     C    3    Vzz=   -0.2451    axis=( -0.404145  0.911007  0.082052)
     C    3  Q=         1.0000 1e-30 m^2  Cq=        -0.5760 MHz  eta= 0.91478

     H    4    Vxx=   -0.0305    axis=( -0.049482 -0.735639  0.675564)
     H    4    Vyy=   -0.4280    axis=( -0.485032  0.608978  0.627606)
     H    4    Vzz=    0.4586    axis=(  0.873095  0.296615  0.386942)
     H    4  Q=         1.0000 1e-30 m^2  Cq=         1.0774 MHz  eta= 0.86684

     C    5    Vxx=   -0.0029    axis=(  0.660934  0.073552 -0.746831)
     C    5    Vyy=   -0.2910    axis=(  0.513277  0.681696  0.521380)
     C    5    Vzz=    0.2938    axis=( -0.547460  0.727929 -0.412803)
     C    5  Q=         1.0000 1e-30 m^2  Cq=         0.6904 MHz  eta= 0.98047

     H    6    Vxx=    0.0249    axis=(  0.671505  0.276218 -0.687593)
     H    6    Vyy=    0.6141    axis=( -0.083127 -0.893988 -0.440313)
     H    6    Vzz=   -0.6390    axis=( -0.736322  0.352830 -0.577357)
     H    6  Q=         1.0000 1e-30 m^2  Cq=        -1.5013 MHz  eta= 0.92206

     H    7    Vxx=   -0.0649    axis=(  0.678509  0.302379  0.669472)
     H    7    Vyy=   -0.3926    axis=(  0.728358 -0.158441 -0.666627)
     H    7    Vzz=    0.4575    axis=(  0.095503 -0.939927  0.327744)
     H    7  Q=         1.0000 1e-30 m^2  Cq=         1.0749 MHz  eta= 0.71621

     C    8    Vxx=   -0.1435    axis=(  0.632623  0.754817 -0.173315)
     C    8    Vyy=   -0.3318    axis=( -0.747373  0.536346 -0.392131)
     C    8    Vzz=    0.4753    axis=( -0.203030  0.377602  0.903435)
     C    8  Q=         1.0000 1e-30 m^2  Cq=         1.1167 MHz  eta= 0.39606

     H    9    Vxx=   -0.0518    axis=(  0.445201  0.739872 -0.504367)
     H    9    Vyy=   -0.6310    axis=( -0.402927  0.668549  0.625054)
     H    9    Vzz=    0.6828    axis=( -0.799654  0.075052 -0.595753)
     H    9  Q=         1.0000 1e-30 m^2  Cq=         1.6043 MHz  eta= 0.84815

     C   10    Vxx=   -0.1228    axis=(  0.862807 -0.147411  0.483564)
     C   10    Vyy=   -0.4506    axis=( -0.359229 -0.851803  0.381294)
     C   10    Vzz=    0.5733    axis=( -0.355694  0.502694  0.787896)
     C   10  Q=         1.0000 1e-30 m^2  Cq=         1.3471 MHz  eta= 0.57179

     C   11    Vxx=    0.0859    axis=( -0.063344  0.402582  0.913190)
     C   11    Vyy=    0.3279    axis=(  0.769006  0.602906 -0.212450)
     C   11    Vzz=   -0.4138    axis=( -0.636096  0.688791 -0.347778)
     C   11  Q=         1.0000 1e-30 m^2  Cq=        -0.9723 MHz  eta= 0.58462

     Cl  12    Vxx=   -1.3847    axis=( -0.396795  0.509256  0.763683)
     Cl  12    Vyy=   -1.7454    axis=(  0.488912 -0.586886  0.645391)
     Cl  12    Vzz=    3.1301    axis=( -0.776864 -0.629462  0.016108)
     Cl  12  Q=        -8.1650 1e-30 m^2  Cq=       -60.0498 MHz  eta= 0.11522

     H   13    Vxx=   -0.0527    axis=( -0.368077 -0.462908  0.806372)
     H   13    Vyy=   -0.4009    axis=(  0.903718 -0.382066  0.193182)
     H   13    Vzz=    0.4536    axis=(  0.218662  0.799839  0.558968)
     H   13  Q=         1.0000 1e-30 m^2  Cq=         1.0657 MHz  eta= 0.76777

     C   14    Vxx=    0.1312    axis=( -0.675333 -0.012146  0.737413)
     C   14    Vyy=    0.3629    axis=(  0.516055 -0.722099  0.460717)
     C   14    Vzz=   -0.4941    axis=(  0.526889  0.691683  0.493926)
     C   14  Q=         1.0000 1e-30 m^2  Cq=        -1.1610 MHz  eta= 0.46879

     H   15    Vxx=   -0.0001    axis=( -0.148205  0.973544 -0.173920)
     H   15    Vyy=   -0.5832    axis=(  0.363379 -0.109953 -0.925130)
     H   15    Vzz=    0.5833    axis=( -0.919778 -0.200308 -0.337470)
     H   15  Q=         1.0000 1e-30 m^2  Cq=         1.3705 MHz  eta= 0.99978

     C   16    Vxx=    0.0174    axis=(  0.263515  0.915615 -0.303661)
     C   16    Vyy=    0.6472    axis=(  0.154245 -0.350730 -0.923687)
     C   16    Vzz=   -0.6647    axis=( -0.952244  0.196567 -0.233651)
     C   16  Q=         1.0000 1e-30 m^2  Cq=        -1.5617 MHz  eta= 0.94754

     C   17    Vxx=   -0.0435    axis=(  0.799529 -0.342164 -0.493637)
     C   17    Vyy=   -0.3975    axis=( -0.284694 -0.939570  0.190152)
     C   17    Vzz=    0.4410    axis=(  0.528870  0.011497  0.848625)
     C   17  Q=         1.0000 1e-30 m^2  Cq=         1.0361 MHz  eta= 0.80274

     Cl  18    Vxx=    0.1976    axis=( -0.786270  0.617575  0.019505)
     Cl  18    Vyy=    2.2347    axis=(  0.017205 -0.009673  0.999805)
     Cl  18    Vzz=   -2.4323    axis=(  0.617643  0.786453 -0.003020)
     Cl  18  Q=        -8.1650 1e-30 m^2  Cq=        46.6631 MHz  eta= 0.83751

     H   19    Vxx=   -0.1036    axis=(  0.973090 -0.061712 -0.222008)
     H   19    Vyy=   -0.3523    axis=( -0.229288 -0.163719 -0.959491)
     H   19    Vzz=    0.4559    axis=(  0.022865  0.984575 -0.173463)
     H   19  Q=         1.0000 1e-30 m^2  Cq=         1.0711 MHz  eta= 0.54559

     C   20    Vxx=   -0.0789    axis=(  0.835368 -0.549287 -0.021080)
     C   20    Vyy=   -0.5566    axis=(  0.517680  0.799036 -0.305859)
     C   20    Vzz=    0.6355    axis=(  0.184848  0.244592  0.951843)
     C   20  Q=         1.0000 1e-30 m^2  Cq=         1.4933 MHz  eta= 0.75174

     H   21    Vxx=   -0.0435    axis=(  0.551191  0.745800 -0.374128)
     H   21    Vyy=   -0.5656    axis=( -0.138656  0.524028  0.840338)
     H   21    Vzz=    0.6092    axis=(  0.822778 -0.411311  0.392249)
     H   21  Q=         1.0000 1e-30 m^2  Cq=         1.4313 MHz  eta= 0.85707

     C   22    Vxx=   -0.0954    axis=( -0.676417 -0.529286  0.512169)
     C   22    Vyy=   -0.4637    axis=( -0.726488  0.593855 -0.345763)
     C   22    Vzz=    0.5591    axis=(  0.121147  0.605964  0.786213)
     C   22  Q=         1.0000 1e-30 m^2  Cq=         1.3136 MHz  eta= 0.65876

     C   23    Vxx=    0.0811    axis=(  0.792326  0.569882 -0.217840)
     C   23    Vyy=    0.3310    axis=( -0.108912  0.483441  0.868575)
     C   23    Vzz=   -0.4121    axis=(  0.600298 -0.664470  0.445110)
     C   23  Q=         1.0000 1e-30 m^2  Cq=        -0.9682 MHz  eta= 0.60635

     Cl  24    Vxx=   -0.6757    axis=( -0.429878  0.555743  0.711586)
     Cl  24    Vyy=   -2.3088    axis=( -0.446727  0.553978 -0.702526)
     Cl  24    Vzz=    2.9846    axis=( -0.784627 -0.619885  0.010123)
     Cl  24  Q=        -8.1650 1e-30 m^2  Cq=       -57.2576 MHz  eta= 0.54719

     Initialization:
     gipaw_setup  :      9.36s CPU     11.67s WALL (       1 calls)

     Linear response

     Apply operators

     Induced current

     Other routines
     efg          :     10.15s CPU     13.72s WALL (       1 calls)

     General routines
     calbec       :      3.46s CPU      4.97s WALL (      16 calls)
     fft          :      2.12s CPU      4.53s WALL (      15 calls)
     ffts         :      0.04s CPU      0.07s WALL (       2 calls)
     fftw         :      3.80s CPU      5.30s WALL (     672 calls)
     davcio       :      0.04s CPU      0.26s WALL (      32 calls)

     Parallel routines
     fft_scatter  :      3.30s CPU      6.97s WALL (     689 calls)

     Plugins

     GIPAW        :     63.47s CPU     79.58s WALL (       1 calls)
