
     Program QE v.6.0 (svn rev. 13079) starts on 26Dec2016 at 11:35:44 

     This program is part of the open-source Quantum ESPRESSO suite
     for quantum simulation of materials; please cite
         "P. Giannozzi et al., J. Phys.:Condens. Matter 21 395502 (2009);
          URL http://www.quantum-espresso.org", 
     in publications or presentations arising from this work. More details at
     http://www.quantum-espresso.org/quote

     Parallel version (MPI), running on     8 processors
     R & G space division:  proc/nbgrp/npool/nimage =       8

     ***** This is GIPAW svn revision unknown      *****

     Parallelizing q-star over 1 images

     Reading data from directory:
     /users/majewski/paradichlorobenzene/pbe/9_constraint/scratch/pbe.ecut100.np8.dt60.pcl2phi-129368.save
     Message from routine read_xml_file:
     file /users/majewski/paradichlorobenzene/pbe/9_constraint/scratch/pbe.ecut100.np8.dt60.pcl2phi-129368.save not guaranteed to be safe for post-processing

   Info: using nr1, nr2, nr3 values from input

   Info: using nr1, nr2, nr3 values from input

     IMPORTANT: XC functional enforced from input :
     Exchange-correlation      =  SLA  PW   PBX  PBC ( 1  4  3  4 0 0)
     Any further DFT definition will be discarded
     Please, verify this is what you really want

               file C.pbe-n-kjpaw_psl.1.0.0.UPF: wavefunction(s)  2S 2P renormalized
               file Cl.pbe-n-kjpaw_psl.1.0.0.UPF: wavefunction(s)  3S 3P renormalized
               file H.pbe-kjpaw_psl.1.0.0.UPF: wavefunction(s)  1S renormalized

     Parallelization info
     --------------------
     sticks:   dense  smooth     PW     G-vecs:    dense   smooth      PW
     Min        3057    1223    332               144436    36536    5170
     Max        3059    1225    333               144437    36537    5171
     Sum       24467    9791   2657              1155489   292295   41363


     Subspace diagonalization in iterative solution of the eigenvalue problem:
     a serial algorithm will be used

     GIPAW projectors -----------------------------------------------
     atom=  C    l=0  rc=    1.2000  rs=    0.8000
     atom=  C    l=0  rc=    1.2000  rs=    0.8000
     atom=  C    l=1  rc=    1.4000  rs=    0.9333
     atom=  C    l=1  rc=    1.4000  rs=    0.9333
     projs nearly linearly dependent: l=1  n1,n2= 1, 2  s=  0.99951561

     atom=  Cl   l=0  rc=    1.6000  rs=    1.0667
     atom=  Cl   l=0  rc=    1.6000  rs=    1.0667
     atom=  Cl   l=1  rc=    1.6000  rs=    1.0667
     atom=  Cl   l=1  rc=    1.6000  rs=    1.0667
     atom=  Cl   l=2  rc=    1.6000  rs=    1.0667
     atom=  Cl   l=2  rc=    1.6000  rs=    1.0667
     projs nearly linearly dependent: l=2  n1,n2= 1, 2  s=  0.99993509

     atom=  H    l=0  rc=    1.0000  rs=    0.6667
     atom=  H    l=0  rc=    1.0000  rs=    0.6667
     projs nearly linearly dependent: l=0  n1,n2= 1, 2  s=  0.99968852
     -----------------------------------------------------------------

     GIPAW integrals: -------------------------------------------
     Atom  i/j   nmr_para   nmr_dia   epr_rmc  epr_para   epr_dia
       C   1 1   0.83E+03  0.17E-01  0.93E+01  0.24E+08  0.24E+03
       C   2 1   0.86E+03 -0.61E-01  0.94E+01  0.25E+08  0.25E+03
       C   2 2   0.90E+03 -0.15E+00  0.97E+01  0.26E+08  0.26E+03
       C   3 3   0.33E+01  0.34E+00  0.18E+01  0.55E+03  0.21E+02
       C   4 3   0.35E+01  0.37E+00  0.20E+01  0.59E+03  0.22E+02
       C   4 4   0.38E+01  0.39E+00  0.22E+01  0.63E+03  0.24E+02
       Cl  1 1   0.14E+04 -0.47E+00  0.84E+01  0.32E+09  0.42E+03
       Cl  2 1   0.21E+04 -0.37E+00  0.12E+02  0.49E+09  0.65E+03
       Cl  2 2   0.33E+04 -0.16E+00  0.21E+02  0.76E+09  0.10E+04
       Cl  3 3   0.21E+02  0.79E-01  0.89E+01  0.23E+05  0.13E+03
       Cl  4 3   0.24E+02  0.67E-01  0.99E+01  0.27E+05  0.15E+03
       Cl  4 4   0.28E+02  0.44E-01  0.11E+02  0.32E+05  0.18E+03
       Cl  5 5   0.77E+00  0.19E+00  0.18E+01  0.12E+03  0.22E+02
       Cl  6 5   0.80E+00  0.19E+00  0.19E+01  0.12E+03  0.23E+02
       Cl  6 6   0.83E+00  0.20E+00  0.19E+01  0.12E+03  0.23E+02
       H   1 1   0.39E+02  0.19E+00  0.29E+00  0.78E+05  0.13E+02
       H   2 1   0.41E+02  0.21E+00  0.32E+00  0.82E+05  0.14E+02
       H   2 2   0.43E+02  0.22E+00  0.36E+00  0.86E+05  0.15E+02
     ------------------------------------------------------------

     alpha_pv=     34.3018 eV

     Number of occupied bands for each k-point:
     k-point:     1    nbnd_occ=  42
     k-point:     2    nbnd_occ=  42
     k-point:     3    nbnd_occ=  42
     k-point:     4    nbnd_occ=  42
     k-point:     5    nbnd_occ=  42
     k-point:     6    nbnd_occ=  42
     k-point:     7    nbnd_occ=  42
     k-point:     8    nbnd_occ=  42
     k-point:     9    nbnd_occ=  42
     k-point:    10    nbnd_occ=  42
     k-point:    11    nbnd_occ=  42
     k-point:    12    nbnd_occ=  42
     k-point:    13    nbnd_occ=  42
     k-point:    14    nbnd_occ=  42
     k-point:    15    nbnd_occ=  42
     k-point:    16    nbnd_occ=  42


     q-space interpolation up to   110.00 Rydberg

     GIPAW job: efg                                                                             


     ELECTRIC FIELD GRADIENTS TENSORS IN Hartree/bohrradius^2:

     ----- bare term -----
     Cl   1        0.189812        0.002247       -0.039110
     Cl   1        0.002247       -0.126591        0.298358
     Cl   1       -0.039110        0.298358       -0.063222

     C    2       -0.311461        0.262460       -0.305525
     C    2        0.262460       -0.113061       -0.491458
     C    2       -0.305525       -0.491458        0.424522

     C    3        0.000878        0.217472       -0.120861
     C    3        0.217472       -0.102686       -0.292747
     C    3       -0.120861       -0.292747        0.101808

     H    4        0.143830       -0.053662       -0.367522
     H    4       -0.053662        0.335007        0.206288
     H    4       -0.367522        0.206288       -0.478837

     C    5       -0.399273        0.277304       -0.335490
     C    5        0.277304        0.156803       -0.334223
     C    5       -0.335490       -0.334223        0.242470

     H    6        0.244100       -0.034126        0.383885
     H    6       -0.034126        0.107743       -0.300203
     H    6        0.383885       -0.300203       -0.351843

     H    7        0.444944       -0.038707        0.031388
     H    7       -0.038707       -0.583711        0.550789
     H    7        0.031388        0.550789        0.138767

     C    8       -0.058383        0.021897       -0.241781
     C    8        0.021897       -0.113503        0.378650
     C    8       -0.241781        0.378650        0.171886

     H    9       -0.069042        0.438293       -0.236532
     H    9        0.438293       -0.323452        0.136579
     H    9       -0.236532        0.136579        0.392494

     C   10       -0.744504       -0.326776       -0.314740
     C   10       -0.326776        0.269157        0.069256
     C   10       -0.314740        0.069256        0.475347

     C   11        0.108855        0.013477       -0.226725
     C   11        0.013477       -0.098623        0.592340
     C   11       -0.226725        0.592340       -0.010232

     Cl  12       -0.283296       -0.208447        0.008679
     Cl  12       -0.208447        0.173911        0.058662
     Cl  12        0.008679        0.058662        0.109385

     H   13        0.071343        0.279061        0.161281
     H   13        0.279061       -0.281635       -0.492453
     H   13        0.161281       -0.492453        0.210293

     C   14       -0.181013       -0.178287       -0.424856
     C   14       -0.178287       -0.038642       -0.513171
     C   14       -0.424856       -0.513171        0.219654

     H   15       -0.158780       -0.147721       -0.361505
     H   15       -0.147721        0.452895       -0.260618
     H   15       -0.361505       -0.260618       -0.294115

     C   16       -0.290246        0.359541       -0.275308
     C   16        0.359541       -0.101177       -0.190734
     C   16       -0.275308       -0.190734        0.391423

     C   17       -0.073900       -0.036546       -0.314645
     C   17       -0.036546       -0.045519       -0.648828
     C   17       -0.314645       -0.648828        0.119419

     Cl  18       -0.097781        0.163451       -0.007936
     Cl  18        0.163451       -0.080747       -0.023757
     Cl  18       -0.007936       -0.023757        0.178528

     H   19        0.077272        0.127118        0.054939
     H   19        0.127118       -0.446143        0.515995
     H   19        0.054939        0.515995        0.368871

     C   20       -0.782869       -0.368185       -0.458635
     C   20       -0.368185        0.297514       -0.010504
     C   20       -0.458635       -0.010504        0.485355

     H   21       -0.543594       -0.013551        0.152487
     H   21       -0.013551        0.291987        0.295171
     H   21        0.152487        0.295171        0.251607

     C   22        0.156042        0.050544       -0.099032
     C   22        0.050544       -0.486504        0.454954
     C   22       -0.099032        0.454954        0.330462

     C   23       -0.827247       -0.439435       -0.325041
     C   23       -0.439435        0.286211        0.017760
     C   23       -0.325041        0.017760        0.541037

     Cl  24       -0.040522        0.003357        0.045751
     Cl  24        0.003357        0.017278       -0.118622
     Cl  24        0.045751       -0.118622        0.023244

     ----- ionic term -----
     Cl   1        0.099266       -0.197925        0.053970
     Cl   1       -0.197925        0.019475       -0.023085
     Cl   1        0.053970       -0.023085       -0.118741

     C    2        0.054080       -0.230842        0.341802
     C    2       -0.230842        0.053029        0.376447
     C    2        0.341802        0.376447       -0.107109

     C    3        0.103796       -0.305974        0.229394
     C    3       -0.305974        0.088909        0.351978
     C    3        0.229394        0.351978       -0.192705

     H    4        0.464844        0.196843        0.771656
     H    4        0.196843       -0.458861        0.222404
     H    4        0.771656        0.222404       -0.005983

     C    5        0.183517       -0.248721        0.308231
     C    5       -0.248721       -0.015231        0.297733
     C    5        0.308231        0.297733       -0.168286

     H    6       -0.513036       -0.123797       -0.091666
     H    6       -0.123797        0.495163        0.768770
     H    6       -0.091666        0.768770        0.017873

     H    7       -0.513573       -0.033587        0.032880
     H    7       -0.033587        0.640118       -0.730144
     H    7        0.032880       -0.730144       -0.126545

     C    8        0.411037        0.167597        0.227903
     C    8        0.167597       -0.000518       -0.319450
     C    8        0.227903       -0.319450       -0.410519

     H    9        0.706885       -0.422481        0.545529
     H    9       -0.422481       -0.371564       -0.215510
     H    9        0.545529       -0.215510       -0.335321

     C   10        0.258613        0.198761        0.130807
     C   10        0.198761        0.120579       -0.371968
     C   10        0.130807       -0.371968       -0.379191

     C   11        0.187724        0.144241        0.145638
     C   11        0.144241        0.165270       -0.381300
     C   11        0.145638       -0.381300       -0.352994

     Cl  12        0.092071        0.181558       -0.009816
     Cl  12        0.181558        0.046791       -0.011897
     Cl  12       -0.009816       -0.011897       -0.138862

     H   13       -0.525955       -0.135540       -0.054457
     H   13       -0.135540        0.556014        0.747898
     H   13       -0.054457        0.747898       -0.030060

     C   14        0.206668       -0.340396        0.319428
     C   14       -0.340396        0.007339        0.280797
     C   14        0.319428        0.280797       -0.214007

     H   15        0.488570        0.117506        0.750584
     H   15        0.117506       -0.519823        0.192229
     H   15        0.750584        0.192229        0.031254

     C   16        0.170486       -0.426205        0.205679
     C   16       -0.426205        0.072692        0.329590
     C   16        0.205679        0.329590       -0.243178

     C   17        0.241730       -0.235963        0.305831
     C   17       -0.235963       -0.084938        0.387377
     C   17        0.305831        0.387377       -0.156792

     Cl  18        0.229754       -0.184238        0.028491
     Cl  18       -0.184238       -0.072905       -0.001112
     Cl  18        0.028491       -0.001112       -0.156849

     H   19       -0.486680       -0.195403        0.089435
     H   19       -0.195403        0.719293       -0.643120
     H   19        0.089435       -0.643120       -0.232613

     C   20        0.319526        0.155538        0.119818
     C   20        0.155538        0.106019       -0.316324
     C   20        0.119818       -0.316324       -0.425546

     H   21        0.836744       -0.341411        0.454059
     H   21       -0.341411       -0.378796       -0.179031
     H   21        0.454059       -0.179031       -0.457949

     C   22        0.226244        0.205003        0.079306
     C   22        0.205003        0.234887       -0.390559
     C   22        0.079306       -0.390559       -0.461131

     C   23        0.285261        0.127573        0.269748
     C   23        0.127573        0.158518       -0.372859
     C   23        0.269748       -0.372859       -0.443779

     Cl  24        0.158131        0.259559        0.012645
     Cl  24        0.259559        0.019892        0.002743
     Cl  24        0.012645        0.002743       -0.178024

     ----- GIPAW term -----
     Cl   1       -0.181797       -0.693018       -0.523728
     Cl   1       -0.693018        0.262363       -1.355826
     Cl   1       -0.523728       -1.355826       -0.080566

     C    2       -0.112916       -0.031811       -0.055236
     C    2       -0.031811        0.028424       -0.236341
     C    2       -0.055236       -0.236341        0.084492

     C    3       -0.054571        0.048275       -0.066936
     C    3        0.048275       -0.007328       -0.112260
     C    3       -0.066936       -0.112260        0.061899

     H    4       -0.000000        0.000000        0.000000
     H    4        0.000000        0.000000        0.000000
     H    4        0.000000        0.000000        0.000000

     C    5       -0.096899        0.111999       -0.123804
     C    5        0.111999        0.033436       -0.178137
     C    5       -0.123804       -0.178137        0.063464

     H    6       -0.000000        0.000000        0.000000
     H    6        0.000000        0.000000        0.000000
     H    6        0.000000        0.000000        0.000000

     H    7       -0.000000        0.000000        0.000000
     H    7        0.000000        0.000000        0.000000
     H    7        0.000000        0.000000        0.000000

     C    8       -0.115843        0.037730       -0.032901
     C    8        0.037730        0.178245       -0.100335
     C    8       -0.032901       -0.100335       -0.062402

     H    9       -0.000000        0.000000        0.000000
     H    9        0.000000        0.000000        0.000000
     H    9        0.000000        0.000000        0.000000

     C   10       -0.175872       -0.012968       -0.043043
     C   10       -0.012968        0.207058       -0.067129
     C   10       -0.043043       -0.067129       -0.031186

     C   11       -0.060138        0.031230       -0.012068
     C   11        0.031230        0.230555       -0.044492
     C   11       -0.012068       -0.044492       -0.170417

     Cl  12       -0.288717        1.753707        0.010740
     Cl  12        1.753707        1.823419        0.447668
     Cl  12        0.010740        0.447668       -1.534702

     H   13       -0.000000        0.000000        0.000000
     H   13        0.000000        0.000000        0.000000
     H   13        0.000000        0.000000        0.000000

     C   14        0.033949       -0.173042       -0.063183
     C   14       -0.173042        0.026792       -0.114110
     C   14       -0.063183       -0.114110       -0.060741

     H   15       -0.000000        0.000000        0.000000
     H   15        0.000000        0.000000        0.000000
     H   15        0.000000        0.000000        0.000000

     C   16        0.034723       -0.116126       -0.118887
     C   16       -0.116126        0.009044        0.067049
     C   16       -0.118887        0.067049       -0.043767

     C   17        0.007342       -0.110578       -0.055416
     C   17       -0.110578        0.129155       -0.125384
     C   17       -0.055416       -0.125384       -0.136498

     Cl  18       -0.205979        0.903999        0.158517
     Cl  18        0.903999        2.016662        0.513345
     Cl  18        0.158517        0.513345       -1.810683

     H   19       -0.000000        0.000000        0.000000
     H   19        0.000000        0.000000        0.000000
     H   19        0.000000        0.000000        0.000000

     C   20       -0.126827        0.081954       -0.117281
     C   20        0.081954        0.127408       -0.157655
     C   20       -0.117281       -0.157655       -0.000582

     H   21       -0.000000        0.000000        0.000000
     H   21        0.000000        0.000000        0.000000
     H   21        0.000000        0.000000        0.000000

     C   22       -0.059042        0.066532       -0.035440
     C   22        0.066532       -0.010980       -0.123261
     C   22       -0.035440       -0.123261        0.070022

     C   23       -0.155958        0.005842       -0.031667
     C   23        0.005842        0.105664       -0.161296
     C   23       -0.031667       -0.161296        0.050294

     Cl  24       -0.214033        1.699329        0.147943
     Cl  24        1.699329        0.907152       -2.100532
     Cl  24        0.147943       -2.100532       -0.693119

     ----- total EFG -----
     Cl   1        0.107281       -0.888696       -0.508868
     Cl   1       -0.888696        0.155248       -1.080553
     Cl   1       -0.508868       -1.080553       -0.262529

     C    2       -0.370297       -0.000192       -0.018960
     C    2       -0.000192       -0.031608       -0.351353
     C    2       -0.018960       -0.351353        0.401905

     C    3        0.050103       -0.040227        0.041597
     C    3       -0.040227       -0.021105       -0.053028
     C    3        0.041597       -0.053028       -0.028998

     H    4        0.608674        0.143181        0.404133
     H    4        0.143181       -0.123853        0.428692
     H    4        0.404133        0.428692       -0.484820

     C    5       -0.312656        0.140583       -0.151062
     C    5        0.140583        0.175008       -0.214627
     C    5       -0.151062       -0.214627        0.137648

     H    6       -0.268936       -0.157923        0.292219
     H    6       -0.157923        0.602906        0.468567
     H    6        0.292219        0.468567       -0.333969

     H    7       -0.068629       -0.072294        0.064268
     H    7       -0.072294        0.056407       -0.179355
     H    7        0.064268       -0.179355        0.012222

     C    8        0.236811        0.227223       -0.046779
     C    8        0.227223        0.064224       -0.041134
     C    8       -0.046779       -0.041134       -0.301035

     H    9        0.637843        0.015812        0.308997
     H    9        0.015812       -0.695016       -0.078931
     H    9        0.308997       -0.078931        0.057173

     C   10       -0.661764       -0.140983       -0.226976
     C   10       -0.140983        0.596794       -0.369842
     C   10       -0.226976       -0.369842        0.064970

     C   11        0.236441        0.188949       -0.093155
     C   11        0.188949        0.297202        0.166548
     C   11       -0.093155        0.166548       -0.533643

     Cl  12       -0.479943        1.726818        0.009603
     Cl  12        1.726818        2.044121        0.494434
     Cl  12        0.009603        0.494434       -1.564179

     H   13       -0.454612        0.143522        0.106824
     H   13        0.143522        0.274379        0.255445
     H   13        0.106824        0.255445        0.180233

     C   14        0.059605       -0.691724       -0.168611
     C   14       -0.691724       -0.004511       -0.346484
     C   14       -0.168611       -0.346484       -0.055094

     H   15        0.329789       -0.030215        0.389079
     H   15       -0.030215       -0.066928       -0.068390
     H   15        0.389079       -0.068390       -0.262861

     C   16       -0.085038       -0.182790       -0.188516
     C   16       -0.182790       -0.019440        0.205905
     C   16       -0.188516        0.205905        0.104478

     C   17        0.175173       -0.383086       -0.064230
     C   17       -0.383086       -0.001303       -0.386835
     C   17       -0.064230       -0.386835       -0.173870

     Cl  18       -0.074006        0.883212        0.179072
     Cl  18        0.883212        1.863010        0.488476
     Cl  18        0.179072        0.488476       -1.789005

     H   19       -0.409408       -0.068286        0.144374
     H   19       -0.068286        0.273149       -0.127125
     H   19        0.144374       -0.127125        0.136258

     C   20       -0.590170       -0.130693       -0.456099
     C   20       -0.130693        0.530942       -0.484484
     C   20       -0.456099       -0.484484        0.059228

     H   21        0.293150       -0.354962        0.606546
     H   21       -0.354962       -0.086808        0.116139
     H   21        0.606546        0.116139       -0.206342

     C   22        0.323244        0.322079       -0.055166
     C   22        0.322079       -0.262597       -0.058866
     C   22       -0.055166       -0.058866       -0.060646

     C   23       -0.697944       -0.306020       -0.086960
     C   23       -0.306020        0.550392       -0.516395
     C   23       -0.086960       -0.516395        0.147552

     Cl  24       -0.096424        1.962246        0.206339
     Cl  24        1.962246        0.944322       -2.216411
     Cl  24        0.206339       -2.216411       -0.847898

     ----- total EFG (symmetrized) -----
     Cl   1        0.107281       -0.888696       -0.508868
     Cl   1       -0.888696        0.155248       -1.080553
     Cl   1       -0.508868       -1.080553       -0.262529

     C    2       -0.370297       -0.000192       -0.018960
     C    2       -0.000192       -0.031608       -0.351353
     C    2       -0.018960       -0.351353        0.401905

     C    3        0.050103       -0.040227        0.041597
     C    3       -0.040227       -0.021105       -0.053028
     C    3        0.041597       -0.053028       -0.028998

     H    4        0.608674        0.143181        0.404133
     H    4        0.143181       -0.123853        0.428692
     H    4        0.404133        0.428692       -0.484820

     C    5       -0.312656        0.140583       -0.151062
     C    5        0.140583        0.175008       -0.214627
     C    5       -0.151062       -0.214627        0.137648

     H    6       -0.268936       -0.157923        0.292219
     H    6       -0.157923        0.602906        0.468567
     H    6        0.292219        0.468567       -0.333969

     H    7       -0.068629       -0.072294        0.064268
     H    7       -0.072294        0.056407       -0.179355
     H    7        0.064268       -0.179355        0.012222

     C    8        0.236811        0.227223       -0.046779
     C    8        0.227223        0.064224       -0.041134
     C    8       -0.046779       -0.041134       -0.301035

     H    9        0.637843        0.015812        0.308997
     H    9        0.015812       -0.695016       -0.078931
     H    9        0.308997       -0.078931        0.057173

     C   10       -0.661764       -0.140983       -0.226976
     C   10       -0.140983        0.596794       -0.369842
     C   10       -0.226976       -0.369842        0.064970

     C   11        0.236441        0.188949       -0.093155
     C   11        0.188949        0.297202        0.166548
     C   11       -0.093155        0.166548       -0.533643

     Cl  12       -0.479943        1.726818        0.009603
     Cl  12        1.726818        2.044121        0.494434
     Cl  12        0.009603        0.494434       -1.564179

     H   13       -0.454612        0.143522        0.106824
     H   13        0.143522        0.274379        0.255445
     H   13        0.106824        0.255445        0.180233

     C   14        0.059605       -0.691724       -0.168611
     C   14       -0.691724       -0.004511       -0.346484
     C   14       -0.168611       -0.346484       -0.055094

     H   15        0.329789       -0.030215        0.389079
     H   15       -0.030215       -0.066928       -0.068390
     H   15        0.389079       -0.068390       -0.262861

     C   16       -0.085038       -0.182790       -0.188516
     C   16       -0.182790       -0.019440        0.205905
     C   16       -0.188516        0.205905        0.104478

     C   17        0.175173       -0.383086       -0.064230
     C   17       -0.383086       -0.001303       -0.386835
     C   17       -0.064230       -0.386835       -0.173870

     Cl  18       -0.074006        0.883212        0.179072
     Cl  18        0.883212        1.863010        0.488476
     Cl  18        0.179072        0.488476       -1.789005

     H   19       -0.409408       -0.068286        0.144374
     H   19       -0.068286        0.273149       -0.127125
     H   19        0.144374       -0.127125        0.136258

     C   20       -0.590170       -0.130693       -0.456099
     C   20       -0.130693        0.530942       -0.484484
     C   20       -0.456099       -0.484484        0.059228

     H   21        0.293150       -0.354962        0.606546
     H   21       -0.354962       -0.086808        0.116139
     H   21        0.606546        0.116139       -0.206342

     C   22        0.323244        0.322079       -0.055166
     C   22        0.322079       -0.262597       -0.058866
     C   22       -0.055166       -0.058866       -0.060646

     C   23       -0.697944       -0.306020       -0.086960
     C   23       -0.306020        0.550392       -0.516395
     C   23       -0.086960       -0.516395        0.147552

     Cl  24       -0.096424        1.962246        0.206339
     Cl  24        1.962246        0.944322       -2.216411
     Cl  24        0.206339       -2.216411       -0.847898


     NQR/NMR SPECTROSCOPIC PARAMETERS:
     Cl   1    Vxx=    0.4561    axis=( -0.760609 -0.070973  0.645319)
     Cl   1    Vyy=    1.2254    axis=(  0.435818 -0.792560  0.426512)
     Cl   1    Vzz=   -1.6815    axis=(  0.481183  0.605650  0.633759)
     Cl   1  Q=        -8.1650 1e-30 m^2  Cq=        32.2590 MHz  eta= 0.45752

     C    2    Vxx=   -0.2271    axis=( -0.065390  0.871992  0.485134)
     C    2    Vyy=   -0.3712    axis=(  0.997715  0.048853  0.046671)
     C    2    Vzz=    0.5983    axis=( -0.016996 -0.487077  0.873194)
     C    2  Q=         1.0000 1e-30 m^2  Cq=         1.4057 MHz  eta= 0.24090

     C    3    Vxx=   -0.0196    axis=(  0.636735  0.587603 -0.499291)
     C    3    Vyy=   -0.0783    axis=( -0.032081  0.667147  0.744235)
     C    3    Vzz=    0.0980    axis=(  0.770415 -0.457863  0.443647)
     C    3  Q=         1.0000 1e-30 m^2  Cq=         0.2302 MHz  eta= 0.59909

     H    4    Vxx=   -0.0066    axis=(  0.434017 -0.821560 -0.369687)
     H    4    Vyy=   -0.8201    axis=(  0.192561  0.485465 -0.852786)
     H    4    Vzz=    0.8267    axis=(  0.880085  0.298936  0.368901)
     H    4  Q=         1.0000 1e-30 m^2  Cq=         1.9424 MHz  eta= 0.98406

     C    5    Vxx=   -0.0584    axis=( -0.046303  0.691189  0.721189)
     C    5    Vyy=   -0.3705    axis=(  0.962448 -0.162456  0.217491)
     C    5    Vzz=    0.4289    axis=(  0.267489  0.704177 -0.657712)
     C    5  Q=         1.0000 1e-30 m^2  Cq=         1.0077 MHz  eta= 0.72788

     H    6    Vxx=   -0.0445    axis=(  0.825196 -0.184969  0.533702)
     H    6    Vyy=   -0.7537    axis=(  0.563788  0.327520 -0.758204)
     H    6    Vzz=    0.7982    axis=( -0.034554  0.926562  0.374552)
     H    6  Q=         1.0000 1e-30 m^2  Cq=         1.8755 MHz  eta= 0.88839

     H    7    Vxx=   -0.0985    axis=(  0.955537  0.224150 -0.191590)
     H    7    Vyy=   -0.1464    axis=( -0.004811  0.661502  0.749928)
     H    7    Vzz=    0.2449    axis=( -0.294833  0.715662 -0.633167)
     H    7  Q=         1.0000 1e-30 m^2  Cq=         0.5753 MHz  eta= 0.19571

     C    8    Vxx=   -0.0923    axis=(  0.571076 -0.820207  0.033651)
     C    8    Vyy=   -0.3067    axis=(  0.053137  0.077842  0.995549)
     C    8    Vzz=    0.3990    axis=( -0.819175 -0.566746  0.088038)
     C    8  Q=         1.0000 1e-30 m^2  Cq=         0.9376 MHz  eta= 0.53742

     H    9    Vxx=   -0.0666    axis=( -0.396227 -0.124238  0.909708)
     H    9    Vyy=   -0.7051    axis=( -0.038956  0.992185  0.118534)
     H    9    Vzz=    0.7717    axis=( -0.917326  0.011528 -0.397971)
     H    9  Q=         1.0000 1e-30 m^2  Cq=         1.8132 MHz  eta= 0.82731

     C   10    Vxx=   -0.0151    axis=( -0.380445  0.412613  0.827655)
     C   10    Vyy=   -0.7717    axis=(  0.924666  0.185182  0.332718)
     C   10    Vzz=    0.7867    axis=( -0.015983  0.891885 -0.451980)
     C   10  Q=         1.0000 1e-30 m^2  Cq=         1.8485 MHz  eta= 0.96168

     C   11    Vxx=    0.1232    axis=( -0.767541  0.586931  0.257666)
     C   11    Vyy=    0.4630    axis=(  0.621065  0.780411  0.072362)
     C   11    Vzz=   -0.5862    axis=(  0.158614 -0.215568  0.963521)
     C   11  Q=         1.0000 1e-30 m^2  Cq=        -1.3774 MHz  eta= 0.57961

     Cl  12    Vxx=   -1.2341    axis=(  0.797593 -0.345572 -0.494395)
     Cl  12    Vyy=   -1.7307    axis=( -0.405901  0.298808 -0.863689)
     Cl  12    Vzz=    2.9648    axis=(  0.446196  0.889547  0.098059)
     Cl  12  Q=        -8.1650 1e-30 m^2  Cq=       -56.8781 MHz  eta= 0.16752

     H   13    Vxx=   -0.0322    axis=( -0.020115 -0.634370  0.772768)
     H   13    Vyy=   -0.4876    axis=( -0.983395  0.151987  0.099170)
     H   13    Vzz=    0.5198    axis=( -0.180361 -0.757941 -0.626894)
     H   13  Q=         1.0000 1e-30 m^2  Cq=         1.2213 MHz  eta= 0.87594

     C   14    Vxx=    0.0991    axis=( -0.416211 -0.192845  0.888583)
     C   14    Vyy=    0.7397    axis=( -0.682802  0.711639 -0.165380)
     C   14    Vzz=   -0.8388    axis=( -0.600458 -0.675559 -0.427867)
     C   14  Q=         1.0000 1e-30 m^2  Cq=        -1.9708 MHz  eta= 0.76376

     H   15    Vxx=   -0.0666    axis=(  0.140262  0.987899 -0.066194)
     H   15    Vyy=   -0.4615    axis=( -0.434257  0.121462  0.892563)
     H   15    Vzz=    0.5281    axis=(  0.889802 -0.096448  0.446038)
     H   15  Q=         1.0000 1e-30 m^2  Cq=         1.2408 MHz  eta= 0.74764

     C   16    Vxx=   -0.1593    axis=(  0.352225 -0.598806  0.719284)
     C   16    Vyy=   -0.2391    axis=(  0.806096  0.584598  0.091943)
     C   16    Vzz=    0.3984    axis=( -0.475548  0.547427  0.688605)
     C   16  Q=         1.0000 1e-30 m^2  Cq=         0.9360 MHz  eta= 0.20045

     C   17    Vxx=    0.0601    axis=(  0.650019  0.311405 -0.693182)
     C   17    Vyy=    0.5429    axis=( -0.659231  0.684825 -0.310531)
     C   17    Vzz=   -0.6030    axis=(  0.378007  0.658819  0.650437)
     C   17  Q=         1.0000 1e-30 m^2  Cq=        -1.4169 MHz  eta= 0.80053

     Cl  18    Vxx=   -0.4162    axis=(  0.932884 -0.360119 -0.006451)
     Cl  18    Vyy=   -1.8557    axis=(  0.039788  0.120839 -0.991874)
     Cl  18    Vzz=    2.2719    axis=(  0.357973  0.925047  0.127057)
     Cl  18  Q=        -8.1650 1e-30 m^2  Cq=       -43.5850 MHz  eta= 0.63362

     H   19    Vxx=    0.0747    axis=(  0.159619  0.570944  0.805323)
     H   19    Vyy=    0.3723    axis=(  0.172534 -0.819361  0.546699)
     H   19    Vzz=   -0.4471    axis=(  0.971984  0.051682 -0.229293)
     H   19  Q=         1.0000 1e-30 m^2  Cq=        -1.0505 MHz  eta= 0.66563

     C   20    Vxx=    0.0637    axis=( -0.556591  0.517923  0.649586)
     C   20    Vyy=    0.8477    axis=( -0.104372 -0.819290  0.563800)
     C   20    Vzz=   -0.9114    axis=( -0.824204 -0.246007 -0.510067)
     C   20  Q=         1.0000 1e-30 m^2  Cq=        -2.1415 MHz  eta= 0.86012

     H   21    Vxx=   -0.0160    axis=(  0.005840 -0.861754 -0.507292)
     H   21    Vyy=   -0.7504    axis=(  0.558576  0.423590 -0.713137)
     H   21    Vzz=    0.7664    axis=(  0.829433 -0.279196  0.483829)
     H   21  Q=         1.0000 1e-30 m^2  Cq=         1.8008 MHz  eta= 0.95816

     C   22    Vxx=   -0.0680    axis=(  0.162813 -0.028869  0.986235)
     C   22    Vyy=   -0.4079    axis=( -0.395573  0.913810  0.092052)
     C   22    Vzz=    0.4760    axis=( -0.903888 -0.405115  0.137360)
     C   22  Q=         1.0000 1e-30 m^2  Cq=         1.1184 MHz  eta= 0.71415

     C   23    Vxx=   -0.1103    axis=( -0.361486  0.464480  0.808447)
     C   23    Vyy=   -0.8193    axis=(  0.923526  0.297562  0.241983)
     C   23    Vzz=    0.9296    axis=( -0.128166  0.834095 -0.536524)
     C   23  Q=         1.0000 1e-30 m^2  Cq=         2.1841 MHz  eta= 0.76279

     Cl  24    Vxx=   -0.2069    axis=( -0.771747  0.109328 -0.626461)
     Cl  24    Vyy=   -2.9922    axis=(  0.452361 -0.598007 -0.661632)
     Cl  24    Vzz=    3.1991    axis=( -0.446963 -0.794000  0.412054)
     Cl  24  Q=        -8.1650 1e-30 m^2  Cq=       -61.3741 MHz  eta= 0.87065

     Initialization:
     gipaw_setup  :      9.39s CPU     11.41s WALL (       1 calls)

     Linear response

     Apply operators

     Induced current

     Other routines
     efg          :      9.06s CPU     11.63s WALL (       1 calls)

     General routines
     calbec       :      3.16s CPU      4.29s WALL (      16 calls)
     fft          :      1.77s CPU      2.91s WALL (      15 calls)
     ffts         :      0.04s CPU      0.05s WALL (       2 calls)
     fftw         :      3.20s CPU      3.91s WALL (     672 calls)
     davcio       :      0.02s CPU      0.32s WALL (      32 calls)

     Parallel routines
     fft_scatter  :      2.40s CPU      4.09s WALL (     689 calls)

     Plugins

     GIPAW        :     61.05s CPU     74.99s WALL (       1 calls)
