
     Program QE v.6.0 (svn rev. 13079) starts on 25Dec2016 at 11:10:21 

     This program is part of the open-source Quantum ESPRESSO suite
     for quantum simulation of materials; please cite
         "P. Giannozzi et al., J. Phys.:Condens. Matter 21 395502 (2009);
          URL http://www.quantum-espresso.org", 
     in publications or presentations arising from this work. More details at
     http://www.quantum-espresso.org/quote

     Parallel version (MPI), running on     8 processors
     R & G space division:  proc/nbgrp/npool/nimage =       8

     ***** This is GIPAW svn revision unknown      *****

     Parallelizing q-star over 1 images

     Reading data from directory:
     /users/majewski/paradichlorobenzene/pbe/9_constraint/scratch/pbe.ecut100.np8.dt60.pcl2phi-129368.save
     Message from routine read_xml_file:
     file /users/majewski/paradichlorobenzene/pbe/9_constraint/scratch/pbe.ecut100.np8.dt60.pcl2phi-129368.save not guaranteed to be safe for post-processing

   Info: using nr1, nr2, nr3 values from input

   Info: using nr1, nr2, nr3 values from input

     IMPORTANT: XC functional enforced from input :
     Exchange-correlation      =  SLA  PW   PBX  PBC ( 1  4  3  4 0 0)
     Any further DFT definition will be discarded
     Please, verify this is what you really want

               file C.pbe-n-kjpaw_psl.1.0.0.UPF: wavefunction(s)  2S 2P renormalized
               file Cl.pbe-n-kjpaw_psl.1.0.0.UPF: wavefunction(s)  3S 3P renormalized
               file H.pbe-kjpaw_psl.1.0.0.UPF: wavefunction(s)  1S renormalized

     Parallelization info
     --------------------
     sticks:   dense  smooth     PW     G-vecs:    dense   smooth      PW
     Min        3057    1223    332               144436    36536    5170
     Max        3059    1225    333               144437    36537    5171
     Sum       24467    9791   2657              1155489   292295   41363


     Subspace diagonalization in iterative solution of the eigenvalue problem:
     a serial algorithm will be used

     GIPAW projectors -----------------------------------------------
     atom=  C    l=0  rc=    1.2000  rs=    0.8000
     atom=  C    l=0  rc=    1.2000  rs=    0.8000
     atom=  C    l=1  rc=    1.4000  rs=    0.9333
     atom=  C    l=1  rc=    1.4000  rs=    0.9333
     projs nearly linearly dependent: l=1  n1,n2= 1, 2  s=  0.99951561

     atom=  Cl   l=0  rc=    1.6000  rs=    1.0667
     atom=  Cl   l=0  rc=    1.6000  rs=    1.0667
     atom=  Cl   l=1  rc=    1.6000  rs=    1.0667
     atom=  Cl   l=1  rc=    1.6000  rs=    1.0667
     atom=  Cl   l=2  rc=    1.6000  rs=    1.0667
     atom=  Cl   l=2  rc=    1.6000  rs=    1.0667
     projs nearly linearly dependent: l=2  n1,n2= 1, 2  s=  0.99993509

     atom=  H    l=0  rc=    1.0000  rs=    0.6667
     atom=  H    l=0  rc=    1.0000  rs=    0.6667
     projs nearly linearly dependent: l=0  n1,n2= 1, 2  s=  0.99968852
     -----------------------------------------------------------------

     GIPAW integrals: -------------------------------------------
     Atom  i/j   nmr_para   nmr_dia   epr_rmc  epr_para   epr_dia
       C   1 1   0.83E+03  0.17E-01  0.93E+01  0.24E+08  0.24E+03
       C   2 1   0.86E+03 -0.61E-01  0.94E+01  0.25E+08  0.25E+03
       C   2 2   0.90E+03 -0.15E+00  0.97E+01  0.26E+08  0.26E+03
       C   3 3   0.33E+01  0.34E+00  0.18E+01  0.55E+03  0.21E+02
       C   4 3   0.35E+01  0.37E+00  0.20E+01  0.59E+03  0.22E+02
       C   4 4   0.38E+01  0.39E+00  0.22E+01  0.63E+03  0.24E+02
       Cl  1 1   0.14E+04 -0.47E+00  0.84E+01  0.32E+09  0.42E+03
       Cl  2 1   0.21E+04 -0.37E+00  0.12E+02  0.49E+09  0.65E+03
       Cl  2 2   0.33E+04 -0.16E+00  0.21E+02  0.76E+09  0.10E+04
       Cl  3 3   0.21E+02  0.79E-01  0.89E+01  0.23E+05  0.13E+03
       Cl  4 3   0.24E+02  0.67E-01  0.99E+01  0.27E+05  0.15E+03
       Cl  4 4   0.28E+02  0.44E-01  0.11E+02  0.32E+05  0.18E+03
       Cl  5 5   0.77E+00  0.19E+00  0.18E+01  0.12E+03  0.22E+02
       Cl  6 5   0.80E+00  0.19E+00  0.19E+01  0.12E+03  0.23E+02
       Cl  6 6   0.83E+00  0.20E+00  0.19E+01  0.12E+03  0.23E+02
       H   1 1   0.39E+02  0.19E+00  0.29E+00  0.78E+05  0.13E+02
       H   2 1   0.41E+02  0.21E+00  0.32E+00  0.82E+05  0.14E+02
       H   2 2   0.43E+02  0.22E+00  0.36E+00  0.86E+05  0.15E+02
     ------------------------------------------------------------

     alpha_pv=     34.3902 eV

     Number of occupied bands for each k-point:
     k-point:     1    nbnd_occ=  42
     k-point:     2    nbnd_occ=  42
     k-point:     3    nbnd_occ=  42
     k-point:     4    nbnd_occ=  42
     k-point:     5    nbnd_occ=  42
     k-point:     6    nbnd_occ=  42
     k-point:     7    nbnd_occ=  42
     k-point:     8    nbnd_occ=  42
     k-point:     9    nbnd_occ=  42
     k-point:    10    nbnd_occ=  42
     k-point:    11    nbnd_occ=  42
     k-point:    12    nbnd_occ=  42
     k-point:    13    nbnd_occ=  42
     k-point:    14    nbnd_occ=  42
     k-point:    15    nbnd_occ=  42
     k-point:    16    nbnd_occ=  42


     q-space interpolation up to   110.00 Rydberg

     GIPAW job: efg                                                                             


     ELECTRIC FIELD GRADIENTS TENSORS IN Hartree/bohrradius^2:

     ----- bare term -----
     Cl   1       -0.025929        0.007760        0.000965
     Cl   1        0.007760        0.143946        0.070281
     Cl   1        0.000965        0.070281       -0.118016

     C    2       -0.494846        0.376964       -0.245718
     C    2        0.376964        0.128471       -0.354211
     C    2       -0.245718       -0.354211        0.366375

     C    3        0.078222       -0.058978       -0.217580
     C    3       -0.058978       -0.080360       -0.480586
     C    3       -0.217580       -0.480586        0.002138

     H    4       -0.072701        0.214547       -0.468680
     H    4        0.214547        0.020087        0.140489
     H    4       -0.468680        0.140489        0.052614

     C    5       -0.489145        0.343861        0.019842
     C    5        0.343861        0.193838       -0.236369
     C    5        0.019842       -0.236369        0.295307

     H    6        0.547553        0.012957       -0.091500
     H    6        0.012957       -0.088280       -0.236055
     H    6       -0.091500       -0.236055       -0.459272

     H    7        0.387770        0.287610       -0.060077
     H    7        0.287610       -0.673871        0.353809
     H    7       -0.060077        0.353809        0.286101

     C    8        0.032786       -0.232256        0.034800
     C    8       -0.232256       -0.242441        0.375995
     C    8        0.034800        0.375995        0.209655

     H    9       -0.390162        0.525398       -0.342233
     H    9        0.525398        0.070028        0.196849
     H    9       -0.342233        0.196849        0.320135

     C   10       -0.555471       -0.376858       -0.322660
     C   10       -0.376858        0.266669        0.136944
     C   10       -0.322660        0.136944        0.288802

     C   11        0.057706       -0.293228       -0.067207
     C   11       -0.293228       -0.065521        0.569067
     C   11       -0.067207        0.569067        0.007816

     Cl  12       -0.209488       -0.190268       -0.011621
     Cl  12       -0.190268        0.172412       -0.020181
     Cl  12       -0.011621       -0.020181        0.037076

     H   13        0.381105        0.106467       -0.121977
     H   13        0.106467       -0.669855        0.126517
     H   13       -0.121977        0.126517        0.288750

     C   14       -0.182658       -0.100914       -0.245698
     C   14       -0.100914       -0.045115       -0.361388
     C   14       -0.245698       -0.361388        0.227773

     H   15       -0.233038       -0.504744       -0.043318
     H   15       -0.504744       -0.089467        0.170131
     H   15       -0.043318        0.170131        0.322505

     C   16       -0.444653        0.279141        0.026860
     C   16        0.279141        0.065488       -0.249962
     C   16        0.026860       -0.249962        0.379165

     C   17       -0.055446       -0.287220       -0.351069
     C   17       -0.287220       -0.010057       -0.700325
     C   17       -0.351069       -0.700325        0.065503

     Cl  18       -0.221060        0.228912       -0.055677
     Cl  18        0.228912        0.042515        0.034606
     Cl  18       -0.055677        0.034606        0.178545

     H   19        0.398980        0.059872       -0.036400
     H   19        0.059872       -0.533848        0.652464
     H   19       -0.036400        0.652464        0.134868

     C   20       -0.926551       -0.401846       -0.424636
     C   20       -0.401846        0.523238        0.041850
     C   20       -0.424636        0.041850        0.403314

     H   21       -0.402226       -0.125002       -0.368297
     H   21       -0.125002        0.067562        0.323752
     H   21       -0.368297        0.323752        0.334664

     C   22        0.095508       -0.230628       -0.080258
     C   22       -0.230628       -0.281093        0.518081
     C   22       -0.080258        0.518081        0.185585

     C   23       -0.652884       -0.409150       -0.413026
     C   23       -0.409150        0.222554        0.050483
     C   23       -0.413026        0.050483        0.430330

     Cl  24       -0.038061       -0.055607        0.053883
     Cl  24       -0.055607        0.070265       -0.129463
     Cl  24        0.053883       -0.129463       -0.032204

     ----- ionic term -----
     Cl   1        0.132121       -0.220852       -0.038918
     Cl   1       -0.220852       -0.000601        0.031054
     Cl   1       -0.038918        0.031054       -0.131520

     C    2        0.240335       -0.134917        0.211509
     C    2       -0.134917        0.066354        0.461245
     C    2        0.211509        0.461245       -0.306688

     C    3        0.167703       -0.295456        0.206404
     C    3       -0.295456        0.130553        0.363264
     C    3        0.206404        0.363264       -0.298255

     H    4        0.677578        0.129351        0.670733
     H    4        0.129351       -0.481662        0.152115
     H    4        0.670733        0.152115       -0.195916

     C    5        0.247618       -0.257136        0.272205
     C    5       -0.257136        0.070450        0.296163
     C    5        0.272205        0.296163       -0.318067

     H    6       -0.544395       -0.024196        0.006985
     H    6       -0.024196        0.599407        0.753400
     H    6        0.006985        0.753400       -0.055012

     H    7       -0.519950       -0.039532        0.015027
     H    7       -0.039532        0.657824       -0.708768
     H    7        0.015027       -0.708768       -0.137874

     C    8        0.302062        0.182107        0.210021
     C    8        0.182107        0.086515       -0.302738
     C    8        0.210021       -0.302738       -0.388577

     H    9        0.623613       -0.225383        0.690823
     H    9       -0.225383       -0.470902       -0.211185
     H    9        0.690823       -0.211185       -0.152711

     C   10        0.123026        0.247601        0.172123
     C   10        0.247601        0.223732       -0.392159
     C   10        0.172123       -0.392159       -0.346758

     C   11        0.177541        0.207438        0.227619
     C   11        0.207438        0.199400       -0.376663
     C   11        0.227619       -0.376663       -0.376942

     Cl  12        0.097483        0.214792        0.004484
     Cl  12        0.214792        0.067733       -0.002268
     Cl  12        0.004484       -0.002268       -0.165216

     H   13       -0.455737       -0.072739       -0.031100
     H   13       -0.072739        0.774177        0.611809
     H   13       -0.031100        0.611809       -0.318440

     C   14        0.392686       -0.234358        0.239354
     C   14       -0.234358        0.068138        0.274528
     C   14        0.239354        0.274528       -0.460824

     H   15        0.780169        0.348190        0.552188
     H   15        0.348190       -0.392325        0.203383
     H   15        0.552188        0.203383       -0.387844

     C   16        0.245277       -0.219720        0.198161
     C   16       -0.219720        0.193822        0.333484
     C   16        0.198161        0.333484       -0.439098

     C   17        0.164695       -0.165404        0.350140
     C   17       -0.165404        0.175455        0.324489
     C   17        0.350140        0.324489       -0.340150

     Cl  18        0.114630       -0.196294        0.052933
     Cl  18       -0.196294        0.052081       -0.025700
     Cl  18        0.052933       -0.025700       -0.166711

     H   19       -0.504565       -0.016589        0.028398
     H   19       -0.016589        0.681494       -0.689713
     H   19        0.028398       -0.689713       -0.176929

     C   20        0.316664        0.229027        0.196110
     C   20        0.229027        0.066937       -0.291445
     C   20        0.196110       -0.291445       -0.383601

     H   21        0.672268       -0.302322        0.626456
     H   21       -0.302322       -0.408157       -0.223142
     H   21        0.626456       -0.223142       -0.264111

     C   22        0.219446        0.225293        0.158683
     C   22        0.225293        0.142879       -0.346015
     C   22        0.158683       -0.346015       -0.362325

     C   23        0.339346        0.130806        0.250056
     C   23        0.130806        0.032352       -0.338447
     C   23        0.250056       -0.338447       -0.371698

     Cl  24        0.183649        0.211745        0.004932
     Cl  24        0.211745       -0.029268       -0.008273
     Cl  24        0.004932       -0.008273       -0.154381

     ----- GIPAW term -----
     Cl   1        0.116101       -1.666664       -0.009566
     Cl   1       -1.666664        2.393924        0.843268
     Cl   1       -0.009566        0.843268       -2.510025

     C    2       -0.141822       -0.042527       -0.011248
     C    2       -0.042527        0.188496       -0.177910
     C    2       -0.011248       -0.177910       -0.046674

     C    3       -0.067288       -0.067238       -0.001669
     C    3       -0.067238        0.085848       -0.142733
     C    3       -0.001669       -0.142733       -0.018560

     H    4       -0.000000        0.000000        0.000000
     H    4        0.000000        0.000000        0.000000
     H    4        0.000000        0.000000        0.000000

     C    5       -0.100480       -0.068600        0.079096
     C    5       -0.068600        0.121310       -0.118739
     C    5        0.079096       -0.118739       -0.020831

     H    6       -0.000000        0.000000        0.000000
     H    6        0.000000        0.000000        0.000000
     H    6        0.000000        0.000000        0.000000

     H    7       -0.000000        0.000000        0.000000
     H    7        0.000000        0.000000        0.000000
     H    7        0.000000        0.000000        0.000000

     C    8       -0.036297       -0.117796        0.053455
     C    8       -0.117796        0.119217       -0.008522
     C    8        0.053455       -0.008522       -0.082920

     H    9       -0.000000        0.000000        0.000000
     H    9        0.000000        0.000000        0.000000
     H    9        0.000000        0.000000        0.000000

     C   10       -0.125061       -0.185761       -0.061545
     C   10       -0.185761        0.219129       -0.004261
     C   10       -0.061545       -0.004261       -0.094068

     C   11        0.005914       -0.124183        0.019904
     C   11       -0.124183        0.196354        0.019971
     C   11        0.019904        0.019971       -0.202268

     Cl  12        0.065272        1.329649       -0.127814
     Cl  12        1.329649        1.651711       -0.238663
     Cl  12       -0.127814       -0.238663       -1.716984

     H   13       -0.000000        0.000000        0.000000
     H   13        0.000000        0.000000        0.000000
     H   13        0.000000        0.000000        0.000000

     C   14       -0.085528       -0.031323       -0.007336
     C   14       -0.031323        0.068178       -0.181128
     C   14       -0.007336       -0.181128        0.017350

     H   15       -0.000000        0.000000        0.000000
     H   15        0.000000        0.000000        0.000000
     H   15        0.000000        0.000000        0.000000

     C   16       -0.138424       -0.013786        0.029322
     C   16       -0.013786        0.134989       -0.128469
     C   16        0.029322       -0.128469        0.003434

     C   17       -0.044225       -0.163035       -0.007377
     C   17       -0.163035        0.115260       -0.195162
     C   17       -0.007377       -0.195162       -0.071035

     Cl  18        0.589464       -2.181825       -0.562728
     Cl  18       -2.181825        0.713002        0.491144
     Cl  18       -0.562728        0.491144       -1.302466

     H   19       -0.000000        0.000000        0.000000
     H   19        0.000000        0.000000        0.000000
     H   19        0.000000        0.000000        0.000000

     C   20       -0.233023       -0.075182       -0.033107
     C   20       -0.075182        0.298075       -0.100727
     C   20       -0.033107       -0.100727       -0.065052

     H   21       -0.000000        0.000000        0.000000
     H   21        0.000000        0.000000        0.000000
     H   21        0.000000        0.000000        0.000000

     C   22       -0.109451       -0.049440        0.026186
     C   22       -0.049440        0.184257       -0.121572
     C   22        0.026186       -0.121572       -0.074806

     C   23       -0.058565       -0.095290        0.015388
     C   23       -0.095290        0.091882       -0.090115
     C   23        0.015388       -0.090115       -0.033318

     Cl  24        0.061386        0.935041        0.548385
     Cl  24        0.935041        1.489850       -1.831492
     Cl  24        0.548385       -1.831492       -1.551236

     ----- total EFG -----
     Cl   1        0.222292       -1.879756       -0.047519
     Cl   1       -1.879756        2.537269        0.944603
     Cl   1       -0.047519        0.944603       -2.759561

     C    2       -0.396334        0.199520       -0.045457
     C    2        0.199520        0.383321       -0.070877
     C    2       -0.045457       -0.070877        0.013013

     C    3        0.178637       -0.421672       -0.012845
     C    3       -0.421672        0.136040       -0.260056
     C    3       -0.012845       -0.260056       -0.314677

     H    4        0.604877        0.343898        0.202053
     H    4        0.343898       -0.461575        0.292604
     H    4        0.202053        0.292604       -0.143302

     C    5       -0.342007        0.018125        0.371142
     C    5        0.018125        0.385598       -0.058945
     C    5        0.371142       -0.058945       -0.043591

     H    6        0.003157       -0.011238       -0.084514
     H    6       -0.011238        0.511127        0.517344
     H    6       -0.084514        0.517344       -0.514284

     H    7       -0.132180        0.248078       -0.045050
     H    7        0.248078       -0.016047       -0.354958
     H    7       -0.045050       -0.354958        0.148227

     C    8        0.298551       -0.167945        0.298277
     C    8       -0.167945       -0.036710        0.064735
     C    8        0.298277        0.064735       -0.261842

     H    9        0.233450        0.300014        0.348590
     H    9        0.300014       -0.400874       -0.014336
     H    9        0.348590       -0.014336        0.167424

     C   10       -0.557505       -0.315017       -0.212082
     C   10       -0.315017        0.709530       -0.259476
     C   10       -0.212082       -0.259476       -0.152024

     C   11        0.241161       -0.209973        0.180316
     C   11       -0.209973        0.330234        0.212375
     C   11        0.180316        0.212375       -0.571395

     Cl  12       -0.046733        1.354173       -0.134951
     Cl  12        1.354173        1.891856       -0.261112
     Cl  12       -0.134951       -0.261112       -1.845123

     H   13       -0.074632        0.033728       -0.153077
     H   13        0.033728        0.104322        0.738326
     H   13       -0.153077        0.738326       -0.029689

     C   14        0.124500       -0.366595       -0.013681
     C   14       -0.366595        0.091201       -0.267989
     C   14       -0.013681       -0.267989       -0.215701

     H   15        0.547131       -0.156554        0.508870
     H   15       -0.156554       -0.481792        0.373514
     H   15        0.508870        0.373514       -0.065340

     C   16       -0.337800        0.045635        0.254343
     C   16        0.045635        0.394299       -0.044946
     C   16        0.254343       -0.044946       -0.056499

     C   17        0.065024       -0.615659       -0.008306
     C   17       -0.615659        0.280658       -0.570998
     C   17       -0.008306       -0.570998       -0.345683

     Cl  18        0.483034       -2.149206       -0.565471
     Cl  18       -2.149206        0.807598        0.500050
     Cl  18       -0.565471        0.500050       -1.290632

     H   19       -0.105585        0.043283       -0.008002
     H   19        0.043283        0.147645       -0.037248
     H   19       -0.008002       -0.037248       -0.042061

     C   20       -0.842910       -0.248001       -0.261633
     C   20       -0.248001        0.888250       -0.350322
     C   20       -0.261633       -0.350322       -0.045340

     H   21        0.270042       -0.427324        0.258159
     H   21       -0.427324       -0.340595        0.100610
     H   21        0.258159        0.100610        0.070553

     C   22        0.205504       -0.054776        0.104612
     C   22       -0.054776        0.046043        0.050495
     C   22        0.104612        0.050495       -0.251546

     C   23       -0.372102       -0.373634       -0.147583
     C   23       -0.373634        0.346788       -0.378079
     C   23       -0.147583       -0.378079        0.025315

     Cl  24        0.206974        1.091179        0.607200
     Cl  24        1.091179        1.530847       -1.969228
     Cl  24        0.607200       -1.969228       -1.737822

     ----- total EFG (symmetrized) -----
     Cl   1        0.222292       -1.879756       -0.047519
     Cl   1       -1.879756        2.537269        0.944603
     Cl   1       -0.047519        0.944603       -2.759561

     C    2       -0.396334        0.199520       -0.045457
     C    2        0.199520        0.383321       -0.070877
     C    2       -0.045457       -0.070877        0.013013

     C    3        0.178637       -0.421672       -0.012845
     C    3       -0.421672        0.136040       -0.260056
     C    3       -0.012845       -0.260056       -0.314677

     H    4        0.604877        0.343898        0.202053
     H    4        0.343898       -0.461575        0.292604
     H    4        0.202053        0.292604       -0.143302

     C    5       -0.342007        0.018125        0.371142
     C    5        0.018125        0.385598       -0.058945
     C    5        0.371142       -0.058945       -0.043591

     H    6        0.003157       -0.011238       -0.084514
     H    6       -0.011238        0.511127        0.517344
     H    6       -0.084514        0.517344       -0.514284

     H    7       -0.132180        0.248078       -0.045050
     H    7        0.248078       -0.016047       -0.354958
     H    7       -0.045050       -0.354958        0.148227

     C    8        0.298551       -0.167945        0.298277
     C    8       -0.167945       -0.036710        0.064735
     C    8        0.298277        0.064735       -0.261842

     H    9        0.233450        0.300014        0.348590
     H    9        0.300014       -0.400874       -0.014336
     H    9        0.348590       -0.014336        0.167424

     C   10       -0.557505       -0.315017       -0.212082
     C   10       -0.315017        0.709530       -0.259476
     C   10       -0.212082       -0.259476       -0.152024

     C   11        0.241161       -0.209973        0.180316
     C   11       -0.209973        0.330234        0.212375
     C   11        0.180316        0.212375       -0.571395

     Cl  12       -0.046733        1.354173       -0.134951
     Cl  12        1.354173        1.891856       -0.261112
     Cl  12       -0.134951       -0.261112       -1.845123

     H   13       -0.074632        0.033728       -0.153077
     H   13        0.033728        0.104322        0.738326
     H   13       -0.153077        0.738326       -0.029689

     C   14        0.124500       -0.366595       -0.013681
     C   14       -0.366595        0.091201       -0.267989
     C   14       -0.013681       -0.267989       -0.215701

     H   15        0.547131       -0.156554        0.508870
     H   15       -0.156554       -0.481792        0.373514
     H   15        0.508870        0.373514       -0.065340

     C   16       -0.337800        0.045635        0.254343
     C   16        0.045635        0.394299       -0.044946
     C   16        0.254343       -0.044946       -0.056499

     C   17        0.065024       -0.615659       -0.008306
     C   17       -0.615659        0.280658       -0.570998
     C   17       -0.008306       -0.570998       -0.345683

     Cl  18        0.483034       -2.149206       -0.565471
     Cl  18       -2.149206        0.807598        0.500050
     Cl  18       -0.565471        0.500050       -1.290632

     H   19       -0.105585        0.043283       -0.008002
     H   19        0.043283        0.147645       -0.037248
     H   19       -0.008002       -0.037248       -0.042061

     C   20       -0.842910       -0.248001       -0.261633
     C   20       -0.248001        0.888250       -0.350322
     C   20       -0.261633       -0.350322       -0.045340

     H   21        0.270042       -0.427324        0.258159
     H   21       -0.427324       -0.340595        0.100610
     H   21        0.258159        0.100610        0.070553

     C   22        0.205504       -0.054776        0.104612
     C   22       -0.054776        0.046043        0.050495
     C   22        0.104612        0.050495       -0.251546

     C   23       -0.372102       -0.373634       -0.147583
     C   23       -0.373634        0.346788       -0.378079
     C   23       -0.147583       -0.378079        0.025315

     Cl  24        0.206974        1.091179        0.607200
     Cl  24        1.091179        1.530847       -1.969228
     Cl  24        0.607200       -1.969228       -1.737822


     NQR/NMR SPECTROSCOPIC PARAMETERS:
     Cl   1    Vxx=   -0.7471    axis=(  0.874721  0.446321  0.188839)
     Cl   1    Vyy=   -2.9522    axis=( -0.106116 -0.203809  0.973243)
     Cl   1    Vzz=    3.6993    axis=(  0.472866 -0.871355 -0.130914)
     Cl   1  Q=        -8.1650 1e-30 m^2  Cq=       -70.9691 MHz  eta= 0.59608

     C    2    Vxx=    0.0001    axis=( -0.016797  0.190267  0.981589)
     C    2    Vyy=    0.4461    axis=(  0.235905  0.954765 -0.181030)
     C    2    Vzz=   -0.4461    axis=( -0.971631  0.228521 -0.060922)
     C    2  Q=         1.0000 1e-30 m^2  Cq=        -1.0482 MHz  eta= 0.99977

     C    3    Vxx=   -0.1082    axis=(  0.643375  0.456328 -0.614682)
     C    3    Vyy=   -0.5041    axis=(  0.348278  0.540556  0.765834)
     C    3    Vzz=    0.6122    axis=(  0.681742 -0.706798  0.188851)
     C    3  Q=         1.0000 1e-30 m^2  Cq=         1.4385 MHz  eta= 0.64664

     H    4    Vxx=   -0.1221    axis=( -0.396193  0.335394  0.854718)
     H    4    Vyy=   -0.6692    axis=( -0.171689  0.887414 -0.427808)
     H    4    Vzz=    0.7913    axis=(  0.901972  0.316240  0.294003)
     H    4  Q=         1.0000 1e-30 m^2  Cq=         1.8593 MHz  eta= 0.69129

     C    5    Vxx=    0.1993    axis=(  0.558578  0.200328  0.804897)
     C    5    Vyy=    0.3959    axis=( -0.072984  0.978503 -0.192887)
     C    5    Vzz=   -0.5952    axis=( -0.826235  0.048998  0.561190)
     C    5  Q=         1.0000 1e-30 m^2  Cq=        -1.3984 MHz  eta= 0.33027

     H    6    Vxx=    0.0080    axis=(  0.993302  0.092869 -0.068748)
     H    6    Vyy=    0.7293    axis=(  0.059264 -0.920238 -0.386847)
     H    6    Vzz=   -0.7373    axis=( -0.099191  0.380182 -0.919578)
     H    6  Q=         1.0000 1e-30 m^2  Cq=        -1.7323 MHz  eta= 0.97842

     H    7    Vxx=   -0.0778    axis=( -0.765371 -0.273698 -0.582492)
     H    7    Vyy=   -0.4138    axis=( -0.566205  0.716634  0.407244)
     H    7    Vzz=    0.4915    axis=(  0.305972  0.641502 -0.703460)
     H    7  Q=         1.0000 1e-30 m^2  Cq=         1.1549 MHz  eta= 0.68362

     C    8    Vxx=   -0.0289    axis=( -0.109415 -0.912677 -0.393762)
     C    8    Vyy=   -0.4330    axis=(  0.419539  0.316723 -0.850690)
     C    8    Vzz=    0.4620    axis=(  0.901119 -0.258276  0.348249)
     C    8  Q=         1.0000 1e-30 m^2  Cq=         1.0854 MHz  eta= 0.87482

     H    9    Vxx=   -0.0451    axis=( -0.481305 -0.436448  0.760170)
     H    9    Vyy=   -0.5535    axis=( -0.433017  0.872407  0.226722)
     H    9    Vzz=    0.5986    axis=( -0.762130 -0.220044 -0.608883)
     H    9  Q=         1.0000 1e-30 m^2  Cq=         1.4064 MHz  eta= 0.84945

     C   10    Vxx=   -0.0739    axis=(  0.457589 -0.108306 -0.882543)
     C   10    Vyy=   -0.7543    axis=( -0.869638 -0.261381 -0.418820)
     C   10    Vzz=    0.8282    axis=( -0.185319  0.959140 -0.213792)
     C   10  Q=         1.0000 1e-30 m^2  Cq=         1.9460 MHz  eta= 0.82154

     C   11    Vxx=    0.1710    axis=(  0.762588  0.548918  0.342270)
     C   11    Vyy=    0.5033    axis=(  0.599985 -0.797976 -0.057025)
     C   11    Vzz=   -0.6742    axis=( -0.241822 -0.248844  0.937869)
     C   11  Q=         1.0000 1e-30 m^2  Cq=        -1.5842 MHz  eta= 0.49291

     Cl  12    Vxx=   -0.7428    axis=(  0.889370 -0.457187 -0.000585)
     Cl  12    Vyy=   -1.8645    axis=( -0.030634 -0.058317 -0.997828)
     Cl  12    Vzz=    2.6073    axis=(  0.456160  0.887457 -0.065871)
     Cl  12  Q=        -8.1650 1e-30 m^2  Cq=       -50.0196 MHz  eta= 0.43024

     H   13    Vxx=   -0.0537    axis=( -0.974769 -0.204969  0.088387)
     H   13    Vyy=   -0.7323    axis=(  0.203392 -0.652475  0.730006)
     H   13    Vzz=    0.7859    axis=(  0.091958 -0.729565 -0.677701)
     H   13  Q=         1.0000 1e-30 m^2  Cq=         1.8466 MHz  eta= 0.86345

     C   14    Vxx=   -0.0627    axis=(  0.644216  0.354208 -0.677881)
     C   14    Vyy=   -0.4572    axis=(  0.396486  0.603257  0.692011)
     C   14    Vzz=    0.5198    axis=(  0.654053 -0.714575  0.248189)
     C   14  Q=         1.0000 1e-30 m^2  Cq=         1.2214 MHz  eta= 0.75888

     H   15    Vxx=   -0.0112    axis=( -0.406400  0.647155  0.645004)
     H   15    Vyy=   -0.8255    axis=(  0.299941  0.761300 -0.574854)
     H   15    Vzz=    0.8367    axis=(  0.863061  0.040158  0.503501)
     H   15  Q=         1.0000 1e-30 m^2  Cq=         1.9659 MHz  eta= 0.97322

     C   16    Vxx=    0.0927    axis=(  0.511961  0.050332  0.857533)
     C   16    Vyy=    0.3994    axis=( -0.034409 -0.996279  0.079018)
     C   16    Vzz=   -0.4922    axis=(  0.858319 -0.069961 -0.508324)
     C   16  Q=         1.0000 1e-30 m^2  Cq=        -1.1564 MHz  eta= 0.62324

     C   17    Vxx=   -0.1234    axis=(  0.739377  0.234846 -0.631007)
     C   17    Vyy=   -0.8299    axis=(  0.409932  0.586446  0.698596)
     C   17    Vzz=    0.9533    axis=(  0.534114 -0.775196  0.337333)
     C   17  Q=         1.0000 1e-30 m^2  Cq=         2.2399 MHz  eta= 0.74104

     Cl  18    Vxx=   -1.3820    axis=( -0.260696 -0.450841  0.853686)
     Cl  18    Vyy=   -1.5522    axis=( -0.693522 -0.527699 -0.490470)
     Cl  18    Vzz=    2.9342    axis=(  0.671613 -0.719914 -0.175099)
     Cl  18  Q=        -8.1650 1e-30 m^2  Cq=       -56.2918 MHz  eta= 0.05799

     H   19    Vxx=   -0.0491    axis=(  0.002853  0.185402  0.982659)
     H   19    Vyy=   -0.1128    axis=(  0.986729 -0.160057  0.027333)
     H   19    Vzz=    0.1619    axis=(  0.162349  0.969540 -0.183398)
     H   19  Q=         1.0000 1e-30 m^2  Cq=         0.3805 MHz  eta= 0.39346

     C   20    Vxx=   -0.0338    axis=( -0.365140  0.243200  0.898625)
     C   20    Vyy=   -0.9844    axis=(  0.926993  0.183919  0.326891)
     C   20    Vzz=    1.0182    axis=(  0.085774 -0.952380  0.292601)
     C   20  Q=         1.0000 1e-30 m^2  Cq=         2.3924 MHz  eta= 0.93353

     H   21    Vxx=    0.0613    axis=(  0.200344 -0.433048 -0.878824)
     H   21    Vyy=    0.5639    axis=( -0.854216  0.362053 -0.373139)
     H   21    Vzz=   -0.6252    axis=( -0.479768 -0.825462  0.297381)
     H   21  Q=         1.0000 1e-30 m^2  Cq=        -1.4690 MHz  eta= 0.80398

     C   22    Vxx=    0.0475    axis=( -0.182502 -0.957011 -0.225442)
     C   22    Vyy=    0.2382    axis=(  0.957291 -0.225254  0.181257)
     C   22    Vzz=   -0.2857    axis=( -0.224246 -0.182734  0.957247)
     C   22  Q=         1.0000 1e-30 m^2  Cq=        -0.6713 MHz  eta= 0.66753

     C   23    Vxx=    0.0066    axis=( -0.561048  0.257958  0.786564)
     C   23    Vyy=    0.6555    axis=(  0.245619 -0.855535  0.455776)
     C   23    Vzz=   -0.6621    axis=(  0.790504  0.448907  0.416637)
     C   23  Q=         1.0000 1e-30 m^2  Cq=        -1.5556 MHz  eta= 0.98009

     Cl  24    Vxx=    0.3054    axis=( -0.901036  0.145971 -0.408444)
     Cl  24    Vyy=    2.6881    axis=(  0.303161  0.885405 -0.352351)
     Cl  24    Vzz=   -2.9936    axis=( -0.310205  0.441305  0.842035)
     Cl  24  Q=        -8.1650 1e-30 m^2  Cq=        57.4302 MHz  eta= 0.79593

     Initialization:
     gipaw_setup  :      9.19s CPU     10.98s WALL (       1 calls)

     Linear response

     Apply operators

     Induced current

     Other routines
     efg          :      9.14s CPU     11.68s WALL (       1 calls)

     General routines
     calbec       :      3.29s CPU      4.47s WALL (      16 calls)
     fft          :      1.49s CPU      2.27s WALL (      15 calls)
     ffts         :      0.04s CPU      0.04s WALL (       2 calls)
     fftw         :      3.07s CPU      3.75s WALL (     672 calls)
     davcio       :      0.00s CPU      0.35s WALL (      32 calls)

     Parallel routines
     fft_scatter  :      1.93s CPU      3.21s WALL (     689 calls)

     Plugins

     GIPAW        :     60.72s CPU     72.38s WALL (       1 calls)
