
     Program QE v.6.0 (svn rev. 13079) starts on 22Dec2016 at 14:54: 5 

     This program is part of the open-source Quantum ESPRESSO suite
     for quantum simulation of materials; please cite
         "P. Giannozzi et al., J. Phys.:Condens. Matter 21 395502 (2009);
          URL http://www.quantum-espresso.org", 
     in publications or presentations arising from this work. More details at
     http://www.quantum-espresso.org/quote

     Parallel version (MPI), running on     8 processors
     R & G space division:  proc/nbgrp/npool/nimage =       8

     ***** This is GIPAW svn revision unknown      *****

     Parallelizing q-star over 1 images

     Reading data from directory:
     /users/majewski/paradichlorobenzene/pbe/9_constraint/scratch/pbe.ecut100.np8.dt60.pcl2phi-129368.save
     Message from routine read_xml_file:
     file /users/majewski/paradichlorobenzene/pbe/9_constraint/scratch/pbe.ecut100.np8.dt60.pcl2phi-129368.save not guaranteed to be safe for post-processing

   Info: using nr1, nr2, nr3 values from input

   Info: using nr1, nr2, nr3 values from input

     IMPORTANT: XC functional enforced from input :
     Exchange-correlation      =  SLA  PW   PBX  PBC ( 1  4  3  4 0 0)
     Any further DFT definition will be discarded
     Please, verify this is what you really want

               file C.pbe-n-kjpaw_psl.1.0.0.UPF: wavefunction(s)  2S 2P renormalized
               file Cl.pbe-n-kjpaw_psl.1.0.0.UPF: wavefunction(s)  3S 3P renormalized
               file H.pbe-kjpaw_psl.1.0.0.UPF: wavefunction(s)  1S renormalized

     Parallelization info
     --------------------
     sticks:   dense  smooth     PW     G-vecs:    dense   smooth      PW
     Min        3057    1223    332               144436    36536    5170
     Max        3059    1225    333               144437    36537    5171
     Sum       24467    9791   2657              1155489   292295   41363


     Subspace diagonalization in iterative solution of the eigenvalue problem:
     a serial algorithm will be used

     GIPAW projectors -----------------------------------------------
     atom=  C    l=0  rc=    1.2000  rs=    0.8000
     atom=  C    l=0  rc=    1.2000  rs=    0.8000
     atom=  C    l=1  rc=    1.4000  rs=    0.9333
     atom=  C    l=1  rc=    1.4000  rs=    0.9333
     projs nearly linearly dependent: l=1  n1,n2= 1, 2  s=  0.99951561

     atom=  Cl   l=0  rc=    1.6000  rs=    1.0667
     atom=  Cl   l=0  rc=    1.6000  rs=    1.0667
     atom=  Cl   l=1  rc=    1.6000  rs=    1.0667
     atom=  Cl   l=1  rc=    1.6000  rs=    1.0667
     atom=  Cl   l=2  rc=    1.6000  rs=    1.0667
     atom=  Cl   l=2  rc=    1.6000  rs=    1.0667
     projs nearly linearly dependent: l=2  n1,n2= 1, 2  s=  0.99993509

     atom=  H    l=0  rc=    1.0000  rs=    0.6667
     atom=  H    l=0  rc=    1.0000  rs=    0.6667
     projs nearly linearly dependent: l=0  n1,n2= 1, 2  s=  0.99968852
     -----------------------------------------------------------------

     GIPAW integrals: -------------------------------------------
     Atom  i/j   nmr_para   nmr_dia   epr_rmc  epr_para   epr_dia
       C   1 1   0.83E+03  0.17E-01  0.93E+01  0.24E+08  0.24E+03
       C   2 1   0.86E+03 -0.61E-01  0.94E+01  0.25E+08  0.25E+03
       C   2 2   0.90E+03 -0.15E+00  0.97E+01  0.26E+08  0.26E+03
       C   3 3   0.33E+01  0.34E+00  0.18E+01  0.55E+03  0.21E+02
       C   4 3   0.35E+01  0.37E+00  0.20E+01  0.59E+03  0.22E+02
       C   4 4   0.38E+01  0.39E+00  0.22E+01  0.63E+03  0.24E+02
       Cl  1 1   0.14E+04 -0.47E+00  0.84E+01  0.32E+09  0.42E+03
       Cl  2 1   0.21E+04 -0.37E+00  0.12E+02  0.49E+09  0.65E+03
       Cl  2 2   0.33E+04 -0.16E+00  0.21E+02  0.76E+09  0.10E+04
       Cl  3 3   0.21E+02  0.79E-01  0.89E+01  0.23E+05  0.13E+03
       Cl  4 3   0.24E+02  0.67E-01  0.99E+01  0.27E+05  0.15E+03
       Cl  4 4   0.28E+02  0.44E-01  0.11E+02  0.32E+05  0.18E+03
       Cl  5 5   0.77E+00  0.19E+00  0.18E+01  0.12E+03  0.22E+02
       Cl  6 5   0.80E+00  0.19E+00  0.19E+01  0.12E+03  0.23E+02
       Cl  6 6   0.83E+00  0.20E+00  0.19E+01  0.12E+03  0.23E+02
       H   1 1   0.39E+02  0.19E+00  0.29E+00  0.78E+05  0.13E+02
       H   2 1   0.41E+02  0.21E+00  0.32E+00  0.82E+05  0.14E+02
       H   2 2   0.43E+02  0.22E+00  0.36E+00  0.86E+05  0.15E+02
     ------------------------------------------------------------

     alpha_pv=     34.2819 eV

     Number of occupied bands for each k-point:
     k-point:     1    nbnd_occ=  42
     k-point:     2    nbnd_occ=  42
     k-point:     3    nbnd_occ=  42
     k-point:     4    nbnd_occ=  42
     k-point:     5    nbnd_occ=  42
     k-point:     6    nbnd_occ=  42
     k-point:     7    nbnd_occ=  42
     k-point:     8    nbnd_occ=  42
     k-point:     9    nbnd_occ=  42
     k-point:    10    nbnd_occ=  42
     k-point:    11    nbnd_occ=  42
     k-point:    12    nbnd_occ=  42
     k-point:    13    nbnd_occ=  42
     k-point:    14    nbnd_occ=  42
     k-point:    15    nbnd_occ=  42
     k-point:    16    nbnd_occ=  42


     q-space interpolation up to   110.00 Rydberg

     GIPAW job: efg                                                                             


     ELECTRIC FIELD GRADIENTS TENSORS IN Hartree/bohrradius^2:

     ----- bare term -----
     Cl   1       -0.125558        0.229538       -0.009647
     Cl   1        0.229538        0.070271       -0.012688
     Cl   1       -0.009647       -0.012688        0.055287

     C    2       -0.001913        0.067075       -0.130821
     C    2        0.067075       -0.001630       -0.531887
     C    2       -0.130821       -0.531887        0.003544

     C    3        0.028111        0.016644        0.227640
     C    3        0.016644       -0.078299        0.205024
     C    3        0.227640        0.205024        0.050188

     H    4       -0.226795       -0.394043        0.130143
     H    4       -0.394043       -0.017988        0.176739
     H    4        0.130143        0.176739        0.244783

     C    5       -0.028630       -0.138394       -0.111380
     C    5       -0.138394       -0.093807        0.091809
     C    5       -0.111380        0.091809        0.122436

     H    6        0.350481       -0.184610        0.029821
     H    6       -0.184610       -0.570679        0.268835
     H    6        0.029821        0.268835        0.220198

     H    7        0.480800        0.059384        0.129308
     H    7        0.059384       -0.170538        0.344900
     H    7        0.129308        0.344900       -0.310262

     C    8       -0.654173       -0.369586       -0.309747
     C    8       -0.369586        0.364084        0.310081
     C    8       -0.309747        0.310081        0.290089

     H    9        0.126719       -0.068520       -0.408945
     H    9       -0.068520        0.073795       -0.262594
     H    9       -0.408945       -0.262594       -0.200514

     C   10       -0.047879       -0.205324       -0.190851
     C   10       -0.205324       -0.074252        0.630473
     C   10       -0.190851        0.630473        0.122131

     C   11       -0.468749       -0.251078       -0.336581
     C   11       -0.251078        0.105559        0.297761
     C   11       -0.336581        0.297761        0.363190

     Cl  12       -0.016398        0.011513       -0.036807
     Cl  12        0.011513        0.107561        0.033526
     Cl  12       -0.036807        0.033526       -0.091162

     H   13        0.230225        0.218843       -0.199597
     H   13        0.218843       -0.513050       -0.246129
     H   13       -0.199597       -0.246129        0.282825

     C   14       -0.363836        0.187640       -0.450477
     C   14        0.187640        0.034212       -0.376067
     C   14       -0.450477       -0.376067        0.329624

     H   15       -0.278814       -0.501829       -0.058092
     H   15       -0.501829       -0.001574        0.163437
     H   15       -0.058092        0.163437        0.280388

     C   16       -0.284843        0.345790       -0.206537
     C   16        0.345790       -0.184207       -0.492888
     C   16       -0.206537       -0.492888        0.469049

     C   17       -0.187671        0.141075       -0.322093
     C   17        0.141075       -0.218152       -0.515553
     C   17       -0.322093       -0.515553        0.405822

     Cl  18       -0.039803        0.030729       -0.112251
     Cl  18        0.030729       -0.031896       -0.096402
     Cl  18       -0.112251       -0.096402        0.071699

     H   19        0.157210       -0.322396        0.078687
     H   19       -0.322396       -0.444888        0.430931
     H   19        0.078687        0.430931        0.287679

     C   20       -0.097247        0.228152       -0.506003
     C   20        0.228152       -0.111221        0.438875
     C   20       -0.506003        0.438875        0.208467

     H   21       -0.020227        0.158470       -0.401389
     H   21        0.158470        0.310188        0.437210
     H   21       -0.401389        0.437210       -0.289960

     C   22       -0.627169       -0.341613       -0.405282
     C   22       -0.341613        0.156870        0.010338
     C   22       -0.405282        0.010338        0.470299

     C   23        0.006264        0.231034       -0.413275
     C   23        0.231034       -0.234647        0.467032
     C   23       -0.413275        0.467032        0.228383

     Cl  24       -0.231134       -0.225225       -0.098477
     Cl  24       -0.225225       -0.086311       -0.079009
     Cl  24       -0.098477       -0.079009        0.317445

     ----- ionic term -----
     Cl   1        0.167259       -0.191625        0.051967
     Cl   1       -0.191625        0.009674       -0.025313
     Cl   1        0.051967       -0.025313       -0.176934

     C    2        0.223007       -0.045833        0.221277
     C    2       -0.045833        0.330431        0.298475
     C    2        0.221277        0.298475       -0.553438

     C    3        0.223279       -0.156735        0.103358
     C    3       -0.156735        0.324141        0.308004
     C    3        0.103358        0.308004       -0.547420

     H    4        0.757503        0.427126        0.489475
     H    4        0.427126       -0.306274        0.226880
     H    4        0.489475        0.226880       -0.451230

     C    5        0.364037       -0.024241        0.088690
     C    5       -0.024241        0.181819        0.239486
     C    5        0.088690        0.239486       -0.545856

     H    6       -0.514679        0.143823        0.023330
     H    6        0.143823        0.943620        0.440907
     H    6        0.023330        0.440907       -0.428941

     H    7       -0.547588       -0.006029        0.025227
     H    7       -0.006029        0.598295       -0.744628
     H    7        0.025227       -0.744628       -0.050706

     C    8        0.152896        0.267581        0.308099
     C    8        0.267581       -0.000368       -0.288944
     C    8        0.308099       -0.288944       -0.152528

     H    9        0.365789        0.031171        0.778189
     H    9        0.031171       -0.509553       -0.067590
     H    9        0.778189       -0.067590        0.143763

     C   10        0.100269        0.373049        0.200666
     C   10        0.373049        0.041277       -0.343698
     C   10        0.200666       -0.343698       -0.141547

     C   11        0.196200        0.256702        0.306974
     C   11        0.256702       -0.011267       -0.428170
     C   11        0.306974       -0.428170       -0.184933

     Cl  12        0.160511        0.263929        0.014788
     Cl  12        0.263929        0.010940        0.004622
     Cl  12        0.014788        0.004622       -0.171451

     H   13       -0.539957       -0.024897       -0.005080
     H   13       -0.024897        0.952989        0.446672
     H   13       -0.005080        0.446672       -0.413032

     C   14        0.341108       -0.078710        0.131914
     C   14       -0.078710        0.162823        0.261567
     C   14        0.131914        0.261567       -0.503931

     H   15        0.682065        0.584946        0.345315
     H   15        0.584946       -0.196548        0.210462
     H   15        0.345315        0.210462       -0.485517

     C   16        0.248371       -0.115327        0.056199
     C   16       -0.115327        0.239634        0.322207
     C   16        0.056199        0.322207       -0.488004

     C   17        0.289669       -0.018344        0.047212
     C   17       -0.018344        0.207884        0.353168
     C   17        0.047212        0.353168       -0.497553

     Cl  18        0.170787       -0.189621       -0.042093
     Cl  18       -0.189621       -0.046128        0.022481
     Cl  18       -0.042093        0.022481       -0.124658

     H   19       -0.497532        0.038072        0.007357
     H   19        0.038072        0.735738       -0.662440
     H   19        0.007357       -0.662440       -0.238206

     C   20        0.314069        0.217385        0.344554
     C   20        0.217385       -0.012460       -0.283423
     C   20        0.344554       -0.283423       -0.301609

     H   21        0.543570       -0.239655        0.735008
     H   21       -0.239655       -0.470065       -0.227401
     H   21        0.735008       -0.227401       -0.073505

     C   22        0.187982        0.259527        0.240492
     C   22        0.259527        0.094479       -0.336876
     C   22        0.240492       -0.336876       -0.282461

     C   23        0.076761        0.247787        0.355599
     C   23        0.247787        0.085731       -0.346703
     C   23        0.355599       -0.346703       -0.162491

     Cl  24        0.120791        0.216325        0.047369
     Cl  24        0.216325        0.028656        0.023626
     Cl  24        0.047369        0.023626       -0.149447

     ----- GIPAW term -----
     Cl   1       -0.042282        0.854069       -0.211668
     Cl   1        0.854069        2.285846       -0.212461
     Cl   1       -0.211668       -0.212461       -2.243564

     C    2       -0.022209        0.031714       -0.055729
     C    2        0.031714        0.093639       -0.147271
     C    2       -0.055729       -0.147271       -0.071430

     C    3        0.017790       -0.014313        0.025038
     C    3       -0.014313        0.003659        0.038623
     C    3        0.025038        0.038623       -0.021450

     H    4       -0.000000        0.000000        0.000000
     H    4        0.000000        0.000000        0.000000
     H    4        0.000000        0.000000        0.000000

     C    5        0.004154       -0.016038        0.006182
     C    5       -0.016038       -0.005948        0.001462
     C    5        0.006182        0.001462        0.001794

     H    6       -0.000000        0.000000        0.000000
     H    6        0.000000        0.000000        0.000000
     H    6        0.000000        0.000000        0.000000

     H    7       -0.000000        0.000000        0.000000
     H    7        0.000000        0.000000        0.000000
     H    7        0.000000        0.000000        0.000000

     C    8       -0.191028       -0.105265       -0.059520
     C    8       -0.105265        0.213701        0.161389
     C    8       -0.059520        0.161389       -0.022673

     H    9       -0.000000        0.000000        0.000000
     H    9        0.000000        0.000000        0.000000
     H    9        0.000000        0.000000        0.000000

     C   10       -0.119957       -0.053513       -0.056100
     C   10       -0.053513        0.133972        0.231556
     C   10       -0.056100        0.231556       -0.014014

     C   11       -0.058770        0.135874       -0.065478
     C   11        0.135874        0.143813        0.002955
     C   11       -0.065478        0.002955       -0.085043

     Cl  12        1.060571        2.097305       -0.243883
     Cl  12        2.097305        1.058785        0.318735
     Cl  12       -0.243883        0.318735       -2.119357

     H   13       -0.000000        0.000000        0.000000
     H   13        0.000000        0.000000        0.000000
     H   13        0.000000        0.000000        0.000000

     C   14        0.021224        0.065283       -0.083617
     C   14        0.065283       -0.026482       -0.072228
     C   14       -0.083617       -0.072228        0.005257

     H   15       -0.000000        0.000000        0.000000
     H   15        0.000000        0.000000        0.000000
     H   15        0.000000        0.000000        0.000000

     C   16       -0.094516        0.046915       -0.042328
     C   16        0.046915        0.004823       -0.116641
     C   16       -0.042328       -0.116641        0.089692

     C   17       -0.001707       -0.102552       -0.048709
     C   17       -0.102552       -0.047266       -0.134832
     C   17       -0.048709       -0.134832        0.048973

     Cl  18        1.035730       -1.791327       -1.046655
     Cl  18       -1.791327       -0.298207       -0.804839
     Cl  18       -1.046655       -0.804839       -0.737524

     H   19       -0.000000        0.000000        0.000000
     H   19        0.000000        0.000000        0.000000
     H   19        0.000000        0.000000        0.000000

     C   20        0.063673        0.197631       -0.165695
     C   20        0.197631       -0.029115        0.011382
     C   20       -0.165695        0.011382       -0.034557

     H   21       -0.000000        0.000000        0.000000
     H   21        0.000000        0.000000        0.000000
     H   21        0.000000        0.000000        0.000000

     C   22       -0.183025        0.061330       -0.154193
     C   22        0.061330        0.106112       -0.183407
     C   22       -0.154193       -0.183407        0.076912

     C   23       -0.013921        0.214789       -0.115053
     C   23        0.214789        0.035195       -0.098465
     C   23       -0.115053       -0.098465       -0.021274

     Cl  24       -0.646948        1.289712       -1.296639
     Cl  24        1.289712       -0.988335       -1.252449
     Cl  24       -1.296639       -1.252449        1.635283

     ----- total EFG -----
     Cl   1       -0.000580        0.891982       -0.169348
     Cl   1        0.891982        2.365791       -0.250462
     Cl   1       -0.169348       -0.250462       -2.365210

     C    2        0.198884        0.052956        0.034727
     C    2        0.052956        0.422439       -0.380682
     C    2        0.034727       -0.380682       -0.621324

     C    3        0.269181       -0.154405        0.356036
     C    3       -0.154405        0.249501        0.551651
     C    3        0.356036        0.551651       -0.518682

     H    4        0.530708        0.033083        0.619618
     H    4        0.033083       -0.324262        0.403618
     H    4        0.619618        0.403618       -0.206446

     C    5        0.339561       -0.178673       -0.016508
     C    5       -0.178673        0.082065        0.332757
     C    5       -0.016508        0.332757       -0.421626

     H    6       -0.164197       -0.040787        0.053151
     H    6       -0.040787        0.372941        0.709742
     H    6        0.053151        0.709742       -0.208743

     H    7       -0.066788        0.053355        0.154535
     H    7        0.053355        0.427757       -0.399728
     H    7        0.154535       -0.399728       -0.360969

     C    8       -0.692305       -0.207270       -0.061168
     C    8       -0.207270        0.577417        0.182526
     C    8       -0.061168        0.182526        0.114888

     H    9        0.492508       -0.037349        0.369244
     H    9       -0.037349       -0.435758       -0.330184
     H    9        0.369244       -0.330184       -0.056750

     C   10       -0.067567        0.114212       -0.046285
     C   10        0.114212        0.100996        0.518331
     C   10       -0.046285        0.518331       -0.033429

     C   11       -0.331319        0.141498       -0.095084
     C   11        0.141498        0.238105       -0.127454
     C   11       -0.095084       -0.127454        0.093214

     Cl  12        1.204683        2.372747       -0.265902
     Cl  12        2.372747        1.177286        0.356882
     Cl  12       -0.265902        0.356882       -2.381970

     H   13       -0.309732        0.193946       -0.204677
     H   13        0.193946        0.439939        0.200543
     H   13       -0.204677        0.200543       -0.130207

     C   14       -0.001504        0.174213       -0.402180
     C   14        0.174213        0.170554       -0.186729
     C   14       -0.402180       -0.186729       -0.169050

     H   15        0.403251        0.083118        0.287223
     H   15        0.083118       -0.198122        0.373899
     H   15        0.287223        0.373899       -0.205129

     C   16       -0.130987        0.277378       -0.192666
     C   16        0.277378        0.060250       -0.287322
     C   16       -0.192666       -0.287322        0.070737

     C   17        0.100292        0.020180       -0.323590
     C   17        0.020180       -0.057534       -0.297217
     C   17       -0.323590       -0.297217       -0.042757

     Cl  18        1.166714       -1.950219       -1.200999
     Cl  18       -1.950219       -0.376231       -0.878760
     Cl  18       -1.200999       -0.878760       -0.790483

     H   19       -0.340322       -0.284324        0.086044
     H   19       -0.284324        0.290849       -0.231509
     H   19        0.086044       -0.231509        0.049473

     C   20        0.280496        0.643169       -0.327144
     C   20        0.643169       -0.152796        0.166835
     C   20       -0.327144        0.166835       -0.127699

     H   21        0.523343       -0.081186        0.333619
     H   21       -0.081186       -0.159878        0.209808
     H   21        0.333619        0.209808       -0.363465

     C   22       -0.622212       -0.020756       -0.318983
     C   22       -0.020756        0.357461       -0.509946
     C   22       -0.318983       -0.509946        0.264751

     C   23        0.069104        0.693610       -0.172729
     C   23        0.693610       -0.113722        0.021863
     C   23       -0.172729        0.021863        0.044618

     Cl  24       -0.757291        1.280812       -1.347747
     Cl  24        1.280812       -1.045990       -1.307832
     Cl  24       -1.347747       -1.307832        1.803281

     ----- total EFG (symmetrized) -----
     Cl   1       -0.000580        0.891982       -0.169348
     Cl   1        0.891982        2.365791       -0.250462
     Cl   1       -0.169348       -0.250462       -2.365210

     C    2        0.198884        0.052956        0.034727
     C    2        0.052956        0.422439       -0.380682
     C    2        0.034727       -0.380682       -0.621324

     C    3        0.269181       -0.154405        0.356036
     C    3       -0.154405        0.249501        0.551651
     C    3        0.356036        0.551651       -0.518682

     H    4        0.530708        0.033083        0.619618
     H    4        0.033083       -0.324262        0.403618
     H    4        0.619618        0.403618       -0.206446

     C    5        0.339561       -0.178673       -0.016508
     C    5       -0.178673        0.082065        0.332757
     C    5       -0.016508        0.332757       -0.421626

     H    6       -0.164197       -0.040787        0.053151
     H    6       -0.040787        0.372941        0.709742
     H    6        0.053151        0.709742       -0.208743

     H    7       -0.066788        0.053355        0.154535
     H    7        0.053355        0.427757       -0.399728
     H    7        0.154535       -0.399728       -0.360969

     C    8       -0.692305       -0.207270       -0.061168
     C    8       -0.207270        0.577417        0.182526
     C    8       -0.061168        0.182526        0.114888

     H    9        0.492508       -0.037349        0.369244
     H    9       -0.037349       -0.435758       -0.330184
     H    9        0.369244       -0.330184       -0.056750

     C   10       -0.067567        0.114212       -0.046285
     C   10        0.114212        0.100996        0.518331
     C   10       -0.046285        0.518331       -0.033429

     C   11       -0.331319        0.141498       -0.095084
     C   11        0.141498        0.238105       -0.127454
     C   11       -0.095084       -0.127454        0.093214

     Cl  12        1.204683        2.372747       -0.265902
     Cl  12        2.372747        1.177286        0.356882
     Cl  12       -0.265902        0.356882       -2.381970

     H   13       -0.309732        0.193946       -0.204677
     H   13        0.193946        0.439939        0.200543
     H   13       -0.204677        0.200543       -0.130207

     C   14       -0.001504        0.174213       -0.402180
     C   14        0.174213        0.170554       -0.186729
     C   14       -0.402180       -0.186729       -0.169050

     H   15        0.403251        0.083118        0.287223
     H   15        0.083118       -0.198122        0.373899
     H   15        0.287223        0.373899       -0.205129

     C   16       -0.130987        0.277378       -0.192666
     C   16        0.277378        0.060250       -0.287322
     C   16       -0.192666       -0.287322        0.070737

     C   17        0.100292        0.020180       -0.323590
     C   17        0.020180       -0.057534       -0.297217
     C   17       -0.323590       -0.297217       -0.042757

     Cl  18        1.166714       -1.950219       -1.200999
     Cl  18       -1.950219       -0.376231       -0.878760
     Cl  18       -1.200999       -0.878760       -0.790483

     H   19       -0.340322       -0.284324        0.086044
     H   19       -0.284324        0.290849       -0.231509
     H   19        0.086044       -0.231509        0.049473

     C   20        0.280496        0.643169       -0.327144
     C   20        0.643169       -0.152796        0.166835
     C   20       -0.327144        0.166835       -0.127699

     H   21        0.523343       -0.081186        0.333619
     H   21       -0.081186       -0.159878        0.209808
     H   21        0.333619        0.209808       -0.363465

     C   22       -0.622212       -0.020756       -0.318983
     C   22       -0.020756        0.357461       -0.509946
     C   22       -0.318983       -0.509946        0.264751

     C   23        0.069104        0.693610       -0.172729
     C   23        0.693610       -0.113722        0.021863
     C   23       -0.172729        0.021863        0.044618

     Cl  24       -0.757291        1.280812       -1.347747
     Cl  24        1.280812       -1.045990       -1.307832
     Cl  24       -1.347747       -1.307832        1.803281


     NQR/NMR SPECTROSCOPIC PARAMETERS:
     Cl   1    Vxx=   -0.2960    axis=(  0.946370 -0.320768 -0.038626)
     Cl   1    Vyy=   -2.3852    axis=( -0.055040 -0.042258 -0.997590)
     Cl   1    Vzz=    2.6812    axis=(  0.318363  0.946215 -0.057646)
     Cl   1  Q=        -8.1650 1e-30 m^2  Cq=       -51.4368 MHz  eta= 0.77920

     C    2    Vxx=    0.1970    axis=(  0.992301 -0.090717  0.084312)
     C    2    Vyy=    0.5510    axis=(  0.112310  0.946066 -0.303883)
     C    2    Vzz=   -0.7480    axis=( -0.052197  0.311013  0.948971)
     C    2  Q=         1.0000 1e-30 m^2  Cq=        -1.7575 MHz  eta= 0.47328

     C    3    Vxx=    0.3892    axis=(  0.936495 -0.296660  0.187002)
     C    3    Vyy=    0.5424    axis=(  0.169644  0.849953  0.498799)
     C    3    Vzz=   -0.9316    axis=( -0.306917 -0.435399  0.846304)
     C    3  Q=         1.0000 1e-30 m^2  Cq=        -2.1889 MHz  eta= 0.16448

     H    4    Vxx=   -0.1208    axis=(  0.449840 -0.782116 -0.431205)
     H    4    Vyy=   -0.8066    axis=(  0.326262  0.593353 -0.735857)
     H    4    Vzz=    0.9274    axis=(  0.831383  0.190332  0.522088)
     H    4  Q=         1.0000 1e-30 m^2  Cq=         2.1790 MHz  eta= 0.73956

     C    5    Vxx=    0.1222    axis=( -0.598740 -0.691145 -0.404758)
     C    5    Vyy=    0.4696    axis=( -0.797706  0.559963  0.223845)
     C    5    Vzz=   -0.5918    axis=( -0.071940 -0.456903  0.886603)
     C    5  Q=         1.0000 1e-30 m^2  Cq=        -1.3904 MHz  eta= 0.58716

     H    6    Vxx=   -0.1558    axis=(  0.992103 -0.066352  0.106440)
     H    6    Vyy=   -0.6934    axis=(  0.125357  0.553035 -0.823673)
     H    6    Vzz=    0.8491    axis=( -0.004213  0.830511  0.556986)
     H    6  Q=         1.0000 1e-30 m^2  Cq=         1.9951 MHz  eta= 0.63312

     H    7    Vxx=   -0.0151    axis=(  0.952846  0.131886  0.273294)
     H    7    Vyy=   -0.5800    axis=(  0.303016 -0.365189 -0.880238)
     H    7    Vzz=    0.5951    axis=( -0.016287  0.921544 -0.387933)
     H    7  Q=         1.0000 1e-30 m^2  Cq=         1.3982 MHz  eta= 0.94932

     C    8    Vxx=    0.0517    axis=(  0.012364 -0.323588  0.946117)
     C    8    Vyy=    0.6749    axis=( -0.155980  0.933982  0.321476)
     C    8    Vzz=   -0.7265    axis=( -0.987683 -0.151550 -0.038926)
     C    8  Q=         1.0000 1e-30 m^2  Cq=        -1.7070 MHz  eta= 0.85778

     H    9    Vxx=   -0.0587    axis=(  0.491579  0.545660 -0.678679)
     H    9    Vyy=   -0.6503    axis=( -0.151074  0.820963  0.550632)
     H    9    Vzz=    0.7091    axis=( -0.857629  0.168149 -0.486004)
     H    9  Q=         1.0000 1e-30 m^2  Cq=         1.6660 MHz  eta= 0.83434

     C   10    Vxx=   -0.0453    axis=( -0.966694 -0.091786  0.238910)
     C   10    Vyy=   -0.5161    axis=(  0.239918 -0.650030  0.721041)
     C   10    Vzz=    0.5614    axis=( -0.089118 -0.754345 -0.650401)
     C   10  Q=         1.0000 1e-30 m^2  Cq=         1.3191 MHz  eta= 0.83867

     C   11    Vxx=    0.0193    axis=( -0.024517  0.515018  0.856829)
     C   11    Vyy=    0.3545    axis=( -0.240876 -0.834878  0.494931)
     C   11    Vzz=   -0.3738    axis=(  0.970246 -0.194255  0.144524)
     C   11  Q=         1.0000 1e-30 m^2  Cq=        -0.8783 MHz  eta= 0.89661

     Cl  12    Vxx=   -1.0375    axis=( -0.673067  0.670915  0.311213)
     Cl  12    Vyy=   -2.5269    axis=(  0.212467 -0.227652  0.950280)
     Cl  12    Vzz=    3.5644    axis=( -0.708405 -0.705725 -0.010678)
     Cl  12  Q=        -8.1650 1e-30 m^2  Cq=       -68.3821 MHz  eta= 0.41785

     H   13    Vxx=   -0.0027    axis=( -0.595084 -0.100504  0.797355)
     H   13    Vyy=   -0.5211    axis=( -0.786949  0.274168 -0.552760)
     H   13    Vzz=    0.5238    axis=( -0.163055 -0.956416 -0.242244)
     H   13  Q=         1.0000 1e-30 m^2  Cq=         1.2307 MHz  eta= 0.98958

     C   14    Vxx=   -0.0149    axis=(  0.498711 -0.801287 -0.330494)
     C   14    Vyy=   -0.4982    axis=(  0.615629  0.059046  0.785821)
     C   14    Vzz=    0.5130    axis=( -0.610153 -0.595360  0.522743)
     C   14  Q=         1.0000 1e-30 m^2  Cq=         1.2055 MHz  eta= 0.94195

     H   15    Vxx=    0.0125    axis=(  0.517663 -0.691145 -0.504325)
     H   15    Vyy=    0.5863    axis=( -0.841033 -0.302808 -0.448297)
     H   15    Vzz=   -0.5987    axis=(  0.157124  0.656221 -0.738029)
     H   15  Q=         1.0000 1e-30 m^2  Cq=        -1.4068 MHz  eta= 0.95839

     C   16    Vxx=   -0.1934    axis=(  0.399799  0.460511  0.792522)
     C   16    Vyy=   -0.3293    axis=( -0.795558  0.603770  0.050498)
     C   16    Vzz=    0.5227    axis=( -0.455246 -0.650686  0.607749)
     C   16  Q=         1.0000 1e-30 m^2  Cq=         1.2281 MHz  eta= 0.25993

     C   17    Vxx=   -0.0065    axis=(  0.656089 -0.735120  0.170721)
     C   17    Vyy=   -0.4451    axis=(  0.414572  0.540095  0.732412)
     C   17    Vzz=    0.4516    axis=( -0.630616 -0.409751  0.659111)
     C   17  Q=         1.0000 1e-30 m^2  Cq=         1.0611 MHz  eta= 0.97112

     Cl  18    Vxx=    0.1589    axis=( -0.194181 -0.585190  0.787303)
     Cl  18    Vyy=    2.5782    axis=( -0.844931  0.507527  0.168842)
     Cl  18    Vzz=   -2.7371    axis=( -0.498382 -0.632431 -0.592998)
     Cl  18  Q=        -8.1650 1e-30 m^2  Cq=        52.5090 MHz  eta= 0.88389

     H   19    Vxx=   -0.0781    axis=( -0.170495  0.426126  0.888453)
     H   19    Vyy=   -0.4495    axis=( -0.932856 -0.360196 -0.006256)
     H   19    Vzz=    0.5276    axis=(  0.317352 -0.829865  0.458926)
     H   19  Q=         1.0000 1e-30 m^2  Cq=         1.2397 MHz  eta= 0.70403

     C   20    Vxx=    0.0055    axis=( -0.105312  0.486246  0.867453)
     C   20    Vyy=    0.7768    axis=( -0.822243 -0.533191  0.199054)
     C   20    Vzz=   -0.7823    axis=(  0.559308 -0.692294  0.455964)
     C   20  Q=         1.0000 1e-30 m^2  Cq=        -1.8381 MHz  eta= 0.98585

     H   21    Vxx=   -0.0431    axis=(  0.133267 -0.887000 -0.442122)
     H   21    Vyy=   -0.5919    axis=(  0.284919  0.461557 -0.840111)
     H   21    Vzz=    0.6350    axis=(  0.949242 -0.014010  0.314234)
     H   21  Q=         1.0000 1e-30 m^2  Cq=         1.4920 MHz  eta= 0.86424

     C   22    Vxx=   -0.0924    axis=( -0.397509  0.680055  0.616045)
     C   22    Vyy=   -0.7590    axis=( -0.906889 -0.188896 -0.376657)
     C   22    Vzz=    0.8514    axis=( -0.139779 -0.708409  0.691822)
     C   22  Q=         1.0000 1e-30 m^2  Cq=         2.0004 MHz  eta= 0.78305

     C   23    Vxx=    0.0456    axis=(  0.024739  0.240787  0.970263)
     C   23    Vyy=    0.6981    axis=( -0.750614 -0.636561  0.177112)
     C   23    Vzz=   -0.7437    axis=(  0.660278 -0.732674  0.164990)
     C   23  Q=         1.0000 1e-30 m^2  Cq=        -1.7474 MHz  eta= 0.87727

     Cl  24    Vxx=   -0.9088    axis=(  0.635947  0.522463  0.567983)
     Cl  24    Vyy=   -2.1928    axis=( -0.650014  0.759358  0.029293)
     Cl  24    Vzz=    3.1016    axis=( -0.415998 -0.387826  0.822519)
     Cl  24  Q=        -8.1650 1e-30 m^2  Cq=       -59.5021 MHz  eta= 0.41401

     Initialization:
     gipaw_setup  :      9.11s CPU     12.18s WALL (       1 calls)

     Linear response

     Apply operators

     Induced current

     Other routines
     efg          :     11.18s CPU     20.22s WALL (       1 calls)

     General routines
     calbec       :      3.16s CPU      4.16s WALL (      16 calls)
     fft          :      1.82s CPU      2.89s WALL (      15 calls)
     ffts         :      0.03s CPU      0.03s WALL (       2 calls)
     fftw         :      5.38s CPU     12.64s WALL (     672 calls)
     davcio       :      0.01s CPU      0.32s WALL (      32 calls)

     Parallel routines
     fft_scatter  :      4.53s CPU     11.86s WALL (     689 calls)

     Plugins

     GIPAW        :     64.39s CPU     82.23s WALL (       1 calls)
