
     Program QE v.6.0 (svn rev. 13079) starts on  8Jan2017 at  9:33:30 

     This program is part of the open-source Quantum ESPRESSO suite
     for quantum simulation of materials; please cite
         "P. Giannozzi et al., J. Phys.:Condens. Matter 21 395502 (2009);
          URL http://www.quantum-espresso.org", 
     in publications or presentations arising from this work. More details at
     http://www.quantum-espresso.org/quote

     Parallel version (MPI), running on     8 processors
     R & G space division:  proc/nbgrp/npool/nimage =       8

     ***** This is GIPAW svn revision unknown      *****

     Parallelizing q-star over 1 images

     Reading data from directory:
     /users/majewski/paradichlorobenzene/pbe/9_constraint/scratch/pbe.ecut100.np8.dt60.pcl2phi-129368.save
     Message from routine read_xml_file:
     file /users/majewski/paradichlorobenzene/pbe/9_constraint/scratch/pbe.ecut100.np8.dt60.pcl2phi-129368.save not guaranteed to be safe for post-processing

   Info: using nr1, nr2, nr3 values from input

   Info: using nr1, nr2, nr3 values from input

     IMPORTANT: XC functional enforced from input :
     Exchange-correlation      =  SLA  PW   PBX  PBC ( 1  4  3  4 0 0)
     Any further DFT definition will be discarded
     Please, verify this is what you really want

               file C.pbe-n-kjpaw_psl.1.0.0.UPF: wavefunction(s)  2S 2P renormalized
               file Cl.pbe-n-kjpaw_psl.1.0.0.UPF: wavefunction(s)  3S 3P renormalized
               file H.pbe-kjpaw_psl.1.0.0.UPF: wavefunction(s)  1S renormalized

     Parallelization info
     --------------------
     sticks:   dense  smooth     PW     G-vecs:    dense   smooth      PW
     Min        3057    1223    332               144436    36536    5170
     Max        3059    1225    333               144437    36537    5171
     Sum       24467    9791   2657              1155489   292295   41363


     Subspace diagonalization in iterative solution of the eigenvalue problem:
     a serial algorithm will be used

     GIPAW projectors -----------------------------------------------
     atom=  C    l=0  rc=    1.2000  rs=    0.8000
     atom=  C    l=0  rc=    1.2000  rs=    0.8000
     atom=  C    l=1  rc=    1.4000  rs=    0.9333
     atom=  C    l=1  rc=    1.4000  rs=    0.9333
     projs nearly linearly dependent: l=1  n1,n2= 1, 2  s=  0.99951561

     atom=  Cl   l=0  rc=    1.6000  rs=    1.0667
     atom=  Cl   l=0  rc=    1.6000  rs=    1.0667
     atom=  Cl   l=1  rc=    1.6000  rs=    1.0667
     atom=  Cl   l=1  rc=    1.6000  rs=    1.0667
     atom=  Cl   l=2  rc=    1.6000  rs=    1.0667
     atom=  Cl   l=2  rc=    1.6000  rs=    1.0667
     projs nearly linearly dependent: l=2  n1,n2= 1, 2  s=  0.99993509

     atom=  H    l=0  rc=    1.0000  rs=    0.6667
     atom=  H    l=0  rc=    1.0000  rs=    0.6667
     projs nearly linearly dependent: l=0  n1,n2= 1, 2  s=  0.99968852
     -----------------------------------------------------------------

     GIPAW integrals: -------------------------------------------
     Atom  i/j   nmr_para   nmr_dia   epr_rmc  epr_para   epr_dia
       C   1 1   0.83E+03  0.17E-01  0.93E+01  0.24E+08  0.24E+03
       C   2 1   0.86E+03 -0.61E-01  0.94E+01  0.25E+08  0.25E+03
       C   2 2   0.90E+03 -0.15E+00  0.97E+01  0.26E+08  0.26E+03
       C   3 3   0.33E+01  0.34E+00  0.18E+01  0.55E+03  0.21E+02
       C   4 3   0.35E+01  0.37E+00  0.20E+01  0.59E+03  0.22E+02
       C   4 4   0.38E+01  0.39E+00  0.22E+01  0.63E+03  0.24E+02
       Cl  1 1   0.14E+04 -0.47E+00  0.84E+01  0.32E+09  0.42E+03
       Cl  2 1   0.21E+04 -0.37E+00  0.12E+02  0.49E+09  0.65E+03
       Cl  2 2   0.33E+04 -0.16E+00  0.21E+02  0.76E+09  0.10E+04
       Cl  3 3   0.21E+02  0.79E-01  0.89E+01  0.23E+05  0.13E+03
       Cl  4 3   0.24E+02  0.67E-01  0.99E+01  0.27E+05  0.15E+03
       Cl  4 4   0.28E+02  0.44E-01  0.11E+02  0.32E+05  0.18E+03
       Cl  5 5   0.77E+00  0.19E+00  0.18E+01  0.12E+03  0.22E+02
       Cl  6 5   0.80E+00  0.19E+00  0.19E+01  0.12E+03  0.23E+02
       Cl  6 6   0.83E+00  0.20E+00  0.19E+01  0.12E+03  0.23E+02
       H   1 1   0.39E+02  0.19E+00  0.29E+00  0.78E+05  0.13E+02
       H   2 1   0.41E+02  0.21E+00  0.32E+00  0.82E+05  0.14E+02
       H   2 2   0.43E+02  0.22E+00  0.36E+00  0.86E+05  0.15E+02
     ------------------------------------------------------------

     alpha_pv=     34.3952 eV

     Number of occupied bands for each k-point:
     k-point:     1    nbnd_occ=  42
     k-point:     2    nbnd_occ=  42
     k-point:     3    nbnd_occ=  42
     k-point:     4    nbnd_occ=  42
     k-point:     5    nbnd_occ=  42
     k-point:     6    nbnd_occ=  42
     k-point:     7    nbnd_occ=  42
     k-point:     8    nbnd_occ=  42
     k-point:     9    nbnd_occ=  42
     k-point:    10    nbnd_occ=  42
     k-point:    11    nbnd_occ=  42
     k-point:    12    nbnd_occ=  42
     k-point:    13    nbnd_occ=  42
     k-point:    14    nbnd_occ=  42
     k-point:    15    nbnd_occ=  42
     k-point:    16    nbnd_occ=  42


     q-space interpolation up to   110.00 Rydberg

     GIPAW job: efg                                                                             


     ELECTRIC FIELD GRADIENTS TENSORS IN Hartree/bohrradius^2:

     ----- bare term -----
     Cl   1        0.105196        0.041448        0.141596
     Cl   1        0.041448       -0.225041        0.399418
     Cl   1        0.141596        0.399418        0.119845

     C    2        0.040813        0.197054       -0.127886
     C    2        0.197054       -0.035297       -0.571356
     C    2       -0.127886       -0.571356       -0.005516

     C    3       -0.376531        0.131644       -0.050385
     C    3        0.131644        0.021311        0.001588
     C    3       -0.050385        0.001588        0.355220

     H    4       -0.146849       -0.382118        0.032661
     H    4       -0.382118       -0.167641        0.142580
     H    4        0.032661        0.142580        0.314490

     C    5       -0.101547       -0.027209       -0.244413
     C    5       -0.027209        0.032344       -0.466419
     C    5       -0.244413       -0.466419        0.069203

     H    6        0.380008       -0.294223        0.057369
     H    6       -0.294223       -0.702596        0.098767
     H    6        0.057369        0.098767        0.322588

     H    7        0.149005        0.068724        0.288189
     H    7        0.068724       -0.107238        0.447472
     H    7        0.288189        0.447472       -0.041767

     C    8       -0.685943       -0.410224       -0.437520
     C    8       -0.410224        0.395911        0.214908
     C    8       -0.437520        0.214908        0.290032

     H    9        0.121442        0.100467       -0.295416
     H    9        0.100467        0.439661       -0.116193
     H    9       -0.295416       -0.116193       -0.561103

     C   10       -0.047615       -0.381740       -0.218581
     C   10       -0.381740       -0.196082        0.495396
     C   10       -0.218581        0.495396        0.243697

     C   11       -0.333220       -0.275853       -0.288231
     C   11       -0.275853       -0.090265        0.487776
     C   11       -0.288231        0.487776        0.423485

     Cl  12        0.099039       -0.014625        0.004820
     Cl  12       -0.014625        0.008546       -0.185301
     Cl  12        0.004820       -0.185301       -0.107586

     H   13        0.466294       -0.186291        0.058752
     H   13       -0.186291       -0.572045       -0.190775
     H   13        0.058752       -0.190775        0.105751

     C   14       -0.857378        0.281908       -0.425232
     C   14        0.281908        0.221131        0.028272
     C   14       -0.425232        0.028272        0.636247

     H   15       -0.389944       -0.375191        0.221324
     H   15       -0.375191        0.263423        0.080522
     H   15        0.221324        0.080522        0.126521

     C   16        0.094420        0.138935       -0.032101
     C   16        0.138935       -0.554670       -0.324423
     C   16       -0.032101       -0.324423        0.460251

     C   17       -0.731839        0.206414       -0.300215
     C   17        0.206414        0.117333       -0.089453
     C   17       -0.300215       -0.089453        0.614506

     Cl  18        0.003958       -0.030325       -0.134477
     Cl  18       -0.030325       -0.054839       -0.062033
     Cl  18       -0.134477       -0.062033        0.050881

     H   19        0.356208       -0.198921       -0.047163
     H   19       -0.198921       -0.697800        0.254059
     H   19       -0.047163        0.254059        0.341592

     C   20       -0.162964        0.329571       -0.387945
     C   20        0.329571        0.005078        0.576520
     C   20       -0.387945        0.576520        0.157886

     H   21        0.005989        0.207063       -0.352780
     H   21        0.207063       -0.219288        0.453832
     H   21       -0.352780        0.453832        0.213299

     C   22       -0.653579       -0.346533       -0.371529
     C   22       -0.346533        0.234218        0.023019
     C   22       -0.371529        0.023019        0.419361

     C   23        0.055830        0.128025       -0.270277
     C   23        0.128025       -0.335237        0.430253
     C   23       -0.270277        0.430253        0.279407

     Cl  24       -0.110610       -0.261335       -0.005939
     Cl  24       -0.261335       -0.013184        0.072726
     Cl  24       -0.005939        0.072726        0.123793

     ----- ionic term -----
     Cl   1        0.167776       -0.167455       -0.083963
     Cl   1       -0.167455       -0.043263        0.043456
     Cl   1       -0.083963        0.043456       -0.124513

     C    2        0.336751       -0.062091        0.023376
     C    2       -0.062091        0.139314        0.343475
     C    2        0.023376        0.343475       -0.476065

     C    3        0.237152       -0.087187        0.033958
     C    3       -0.087187        0.248988        0.305219
     C    3        0.033958        0.305219       -0.486140

     H    4        0.684147        0.580555        0.296910
     H    4        0.580555       -0.186234        0.188514
     H    4        0.296910        0.188514       -0.497913

     C    5        0.411953        0.046520        0.110555
     C    5        0.046520        0.126491        0.255565
     C    5        0.110555        0.255565       -0.538445

     H    6       -0.498677        0.245016        0.082207
     H    6        0.245016        0.911031        0.479405
     H    6        0.082207        0.479405       -0.412354

     H    7       -0.517029        0.136841       -0.090760
     H    7        0.136841        0.518227       -0.746439
     H    7       -0.090760       -0.746439       -0.001198

     C    8        0.156016        0.278350        0.350427
     C    8        0.278350        0.043206       -0.281005
     C    8        0.350427       -0.281005       -0.199222

     H    9        0.282865       -0.216393        0.780795
     H    9       -0.216393       -0.423277       -0.268954
     H    9        0.780795       -0.268954        0.140412

     C   10        0.068730        0.341506        0.280197
     C   10        0.341506        0.174360       -0.330130
     C   10        0.280197       -0.330130       -0.243090

     C   11        0.113527        0.235910        0.390469
     C   11        0.235910        0.118567       -0.380608
     C   11        0.390469       -0.380608       -0.232094

     Cl  12        0.141736        0.246818        0.068171
     Cl  12        0.246818        0.013839        0.038871
     Cl  12        0.068171        0.038871       -0.155576

     H   13       -0.502382        0.141191        0.053167
     H   13        0.141191        0.824592        0.572233
     H   13        0.053167        0.572233       -0.322211

     C   14        0.404898       -0.108005        0.093416
     C   14       -0.108005        0.101772        0.279281
     C   14        0.093416        0.279281       -0.506669

     H   15        0.726829        0.563531        0.334564
     H   15        0.563531       -0.217769        0.211729
     H   15        0.334564        0.211729       -0.509059

     C   16        0.244150       -0.152050        0.050980
     C   16       -0.152050        0.254637        0.369435
     C   16        0.050980        0.369435       -0.498787

     C   17        0.329567        0.034463        0.141051
     C   17        0.034463        0.176178        0.344679
     C   17        0.141051        0.344679       -0.505745

     Cl  18        0.179187       -0.191922        0.007760
     Cl  18       -0.191922       -0.036344       -0.004203
     Cl  18        0.007760       -0.004203       -0.142843

     H   19       -0.519113       -0.047997        0.061086
     H   19       -0.047997        0.688240       -0.691164
     H   19        0.061086       -0.691164       -0.169127

     C   20        0.253406        0.185690        0.449436
     C   20        0.185690        0.007758       -0.274061
     C   20        0.449436       -0.274061       -0.261164

     H   21        0.602184       -0.409545        0.614079
     H   21       -0.409545       -0.350168       -0.278458
     H   21        0.614079       -0.278458       -0.252016

     C   22        0.161627        0.239703        0.273138
     C   22        0.239703        0.193937       -0.323686
     C   22        0.273138       -0.323686       -0.355564

     C   23        0.067355        0.197921        0.351871
     C   23        0.197921        0.155749       -0.393464
     C   23        0.351871       -0.393464       -0.223104

     Cl  24        0.148447        0.198011        0.048124
     Cl  24        0.198011        0.006511        0.021850
     Cl  24        0.048124        0.021850       -0.154959

     ----- GIPAW term -----
     Cl   1       -0.075016        0.157968       -0.417711
     Cl   1        0.157968        0.209060       -0.600186
     Cl   1       -0.417711       -0.600186       -0.134044

     C    2       -0.023263        0.072560        0.012069
     C    2        0.072560        0.230859       -0.003717
     C    2        0.012069       -0.003717       -0.207595

     C    3       -0.064023        0.015508       -0.011923
     C    3        0.015508        0.069742       -0.020120
     C    3       -0.011923       -0.020120       -0.005718

     H    4       -0.000000        0.000000        0.000000
     H    4        0.000000        0.000000        0.000000
     H    4        0.000000        0.000000        0.000000

     C    5       -0.095594       -0.002759       -0.021711
     C    5       -0.002759        0.225118       -0.143809
     C    5       -0.021711       -0.143809       -0.129523

     H    6       -0.000000        0.000000        0.000000
     H    6        0.000000        0.000000        0.000000
     H    6        0.000000        0.000000        0.000000

     H    7       -0.000000        0.000000        0.000000
     H    7        0.000000        0.000000        0.000000
     H    7        0.000000        0.000000        0.000000

     C    8       -0.146750       -0.183655       -0.063300
     C    8       -0.183655        0.221040        0.021174
     C    8       -0.063300        0.021174       -0.074290

     H    9       -0.000000        0.000000        0.000000
     H    9        0.000000        0.000000        0.000000
     H    9        0.000000        0.000000        0.000000

     C   10       -0.053987       -0.129239       -0.132223
     C   10       -0.129239       -0.010455        0.189108
     C   10       -0.132223        0.189108        0.064442

     C   11       -0.116907        0.039414       -0.040909
     C   11        0.039414        0.045535        0.236763
     C   11       -0.040909        0.236763        0.071372

     Cl  12       -0.408532        0.746956       -0.638744
     Cl  12        0.746956       -0.269998        1.468099
     Cl  12       -0.638744        1.468099        0.678530

     H   13       -0.000000        0.000000        0.000000
     H   13        0.000000        0.000000        0.000000
     H   13        0.000000        0.000000        0.000000

     C   14       -0.221587        0.020486       -0.057577
     C   14        0.020486       -0.002809        0.169105
     C   14       -0.057577        0.169105        0.224396

     H   15       -0.000000        0.000000        0.000000
     H   15        0.000000        0.000000        0.000000
     H   15        0.000000        0.000000        0.000000

     C   16       -0.068533       -0.005823       -0.025804
     C   16       -0.005823       -0.134019        0.060634
     C   16       -0.025804        0.060634        0.202552

     C   17       -0.186132       -0.050748       -0.040077
     C   17       -0.050748       -0.032470        0.155636
     C   17       -0.040077        0.155636        0.218602

     Cl  18        1.479220       -1.828517       -2.008967
     Cl  18       -1.828517       -1.099616       -0.426293
     Cl  18       -2.008967       -0.426293       -0.379605

     H   19       -0.000000        0.000000        0.000000
     H   19        0.000000        0.000000        0.000000
     H   19        0.000000        0.000000        0.000000

     C   20        0.010892        0.232693        0.006554
     C   20        0.232693        0.084030        0.180439
     C   20        0.006554        0.180439       -0.094923

     H   21       -0.000000        0.000000        0.000000
     H   21        0.000000        0.000000        0.000000
     H   21        0.000000        0.000000        0.000000

     C   22       -0.150025        0.098374       -0.120676
     C   22        0.098374        0.165633       -0.151157
     C   22       -0.120676       -0.151157       -0.015608

     C   23       -0.077867        0.122209       -0.043116
     C   23        0.122209        0.048045       -0.172189
     C   23       -0.043116       -0.172189        0.029822

     Cl  24       -1.089991        0.493493        0.087589
     Cl  24        0.493493       -0.214135       -1.821699
     Cl  24        0.087589       -1.821699        1.304126

     ----- total EFG -----
     Cl   1        0.197955        0.031960       -0.360078
     Cl   1        0.031960       -0.059244       -0.157312
     Cl   1       -0.360078       -0.157312       -0.138711

     C    2        0.354301        0.207523       -0.092441
     C    2        0.207523        0.334875       -0.231599
     C    2       -0.092441       -0.231599       -0.689176

     C    3       -0.203402        0.059964       -0.028350
     C    3        0.059964        0.340041        0.286687
     C    3       -0.028350        0.286687       -0.136639

     H    4        0.537298        0.198437        0.329571
     H    4        0.198437       -0.353874        0.331094
     H    4        0.329571        0.331094       -0.183423

     C    5        0.214812        0.016552       -0.155569
     C    5        0.016552        0.383953       -0.354664
     C    5       -0.155569       -0.354664       -0.598765

     H    6       -0.118670       -0.049207        0.139576
     H    6       -0.049207        0.208435        0.578172
     H    6        0.139576        0.578172       -0.089766

     H    7       -0.368024        0.205565        0.197429
     H    7        0.205565        0.410989       -0.298966
     H    7        0.197429       -0.298966       -0.042965

     C    8       -0.676676       -0.315530       -0.150393
     C    8       -0.315530        0.660156       -0.044924
     C    8       -0.150393       -0.044924        0.016520

     H    9        0.404307       -0.115926        0.485380
     H    9       -0.115926        0.016384       -0.385148
     H    9        0.485380       -0.385148       -0.420691

     C   10       -0.032872       -0.169474       -0.070607
     C   10       -0.169474       -0.032176        0.354375
     C   10       -0.070607        0.354375        0.065048

     C   11       -0.336600       -0.000529        0.061329
     C   11       -0.000529        0.073837        0.343931
     C   11        0.061329        0.343931        0.262763

     Cl  12       -0.167756        0.979149       -0.565754
     Cl  12        0.979149       -0.247612        1.321669
     Cl  12       -0.565754        1.321669        0.415368

     H   13       -0.036087       -0.045099        0.111919
     H   13       -0.045099        0.252547        0.381458
     H   13        0.111919        0.381458       -0.216460

     C   14       -0.674067        0.194389       -0.389394
     C   14        0.194389        0.320093        0.476659
     C   14       -0.389394        0.476659        0.353974

     H   15        0.336885        0.188340        0.555888
     H   15        0.188340        0.045654        0.292251
     H   15        0.555888        0.292251       -0.382539

     C   16        0.270037       -0.018938       -0.006925
     C   16       -0.018938       -0.434052        0.105646
     C   16       -0.006925        0.105646        0.164015

     C   17       -0.588405        0.190129       -0.199241
     C   17        0.190129        0.261041        0.410862
     C   17       -0.199241        0.410862        0.327363

     Cl  18        1.662365       -2.050763       -2.135685
     Cl  18       -2.050763       -1.190798       -0.492529
     Cl  18       -2.135685       -0.492529       -0.471567

     H   19       -0.162905       -0.246919        0.013923
     H   19       -0.246919       -0.009560       -0.437105
     H   19        0.013923       -0.437105        0.172465

     C   20        0.101335        0.747953        0.068045
     C   20        0.747953        0.096865        0.482898
     C   20        0.068045        0.482898       -0.198200

     H   21        0.608173       -0.202482        0.261299
     H   21       -0.202482       -0.569456        0.175374
     H   21        0.261299        0.175374       -0.038717

     C   22       -0.641977       -0.008456       -0.219067
     C   22       -0.008456        0.593788       -0.451824
     C   22       -0.219067       -0.451824        0.048189

     C   23        0.045319        0.448154        0.038477
     C   23        0.448154       -0.131443       -0.135400
     C   23        0.038477       -0.135400        0.086125

     Cl  24       -1.052153        0.430168        0.129774
     Cl  24        0.430168       -0.220807       -1.727123
     Cl  24        0.129774       -1.727123        1.272961

     ----- total EFG (symmetrized) -----
     Cl   1        0.197955        0.031960       -0.360078
     Cl   1        0.031960       -0.059244       -0.157312
     Cl   1       -0.360078       -0.157312       -0.138711

     C    2        0.354301        0.207523       -0.092441
     C    2        0.207523        0.334875       -0.231599
     C    2       -0.092441       -0.231599       -0.689176

     C    3       -0.203402        0.059964       -0.028350
     C    3        0.059964        0.340041        0.286687
     C    3       -0.028350        0.286687       -0.136639

     H    4        0.537298        0.198437        0.329571
     H    4        0.198437       -0.353874        0.331094
     H    4        0.329571        0.331094       -0.183423

     C    5        0.214812        0.016552       -0.155569
     C    5        0.016552        0.383953       -0.354664
     C    5       -0.155569       -0.354664       -0.598765

     H    6       -0.118670       -0.049207        0.139576
     H    6       -0.049207        0.208435        0.578172
     H    6        0.139576        0.578172       -0.089766

     H    7       -0.368024        0.205565        0.197429
     H    7        0.205565        0.410989       -0.298966
     H    7        0.197429       -0.298966       -0.042965

     C    8       -0.676676       -0.315530       -0.150393
     C    8       -0.315530        0.660156       -0.044924
     C    8       -0.150393       -0.044924        0.016520

     H    9        0.404307       -0.115926        0.485380
     H    9       -0.115926        0.016384       -0.385148
     H    9        0.485380       -0.385148       -0.420691

     C   10       -0.032872       -0.169474       -0.070607
     C   10       -0.169474       -0.032176        0.354375
     C   10       -0.070607        0.354375        0.065048

     C   11       -0.336600       -0.000529        0.061329
     C   11       -0.000529        0.073837        0.343931
     C   11        0.061329        0.343931        0.262763

     Cl  12       -0.167756        0.979149       -0.565754
     Cl  12        0.979149       -0.247612        1.321669
     Cl  12       -0.565754        1.321669        0.415368

     H   13       -0.036087       -0.045099        0.111919
     H   13       -0.045099        0.252547        0.381458
     H   13        0.111919        0.381458       -0.216460

     C   14       -0.674067        0.194389       -0.389394
     C   14        0.194389        0.320093        0.476659
     C   14       -0.389394        0.476659        0.353974

     H   15        0.336885        0.188340        0.555888
     H   15        0.188340        0.045654        0.292251
     H   15        0.555888        0.292251       -0.382539

     C   16        0.270037       -0.018938       -0.006925
     C   16       -0.018938       -0.434052        0.105646
     C   16       -0.006925        0.105646        0.164015

     C   17       -0.588405        0.190129       -0.199241
     C   17        0.190129        0.261041        0.410862
     C   17       -0.199241        0.410862        0.327363

     Cl  18        1.662365       -2.050763       -2.135685
     Cl  18       -2.050763       -1.190798       -0.492529
     Cl  18       -2.135685       -0.492529       -0.471567

     H   19       -0.162905       -0.246919        0.013923
     H   19       -0.246919       -0.009560       -0.437105
     H   19        0.013923       -0.437105        0.172465

     C   20        0.101335        0.747953        0.068045
     C   20        0.747953        0.096865        0.482898
     C   20        0.068045        0.482898       -0.198200

     H   21        0.608173       -0.202482        0.261299
     H   21       -0.202482       -0.569456        0.175374
     H   21        0.261299        0.175374       -0.038717

     C   22       -0.641977       -0.008456       -0.219067
     C   22       -0.008456        0.593788       -0.451824
     C   22       -0.219067       -0.451824        0.048189

     C   23        0.045319        0.448154        0.038477
     C   23        0.448154       -0.131443       -0.135400
     C   23        0.038477       -0.135400        0.086125

     Cl  24       -1.052153        0.430168        0.129774
     Cl  24        0.430168       -0.220807       -1.727123
     Cl  24        0.129774       -1.727123        1.272961


     NQR/NMR SPECTROSCOPIC PARAMETERS:
     Cl   1    Vxx=   -0.0443    axis=(  0.359567 -0.919242  0.160329)
     Cl   1    Vyy=   -0.4079    axis=(  0.470060  0.326865  0.819880)
     Cl   1    Vzz=    0.4522    axis=( -0.806074 -0.219437  0.549629)
     Cl   1  Q=        -8.1650 1e-30 m^2  Cq=        -8.6748 MHz  eta= 0.80402

     C    2    Vxx=    0.1480    axis=(  0.728503 -0.676674  0.106756)
     C    2    Vyy=    0.5932    axis=(  0.683610  0.708022 -0.177149)
     C    2    Vzz=   -0.7412    axis=(  0.044286  0.202033  0.978377)
     C    2  Q=         1.0000 1e-30 m^2  Cq=        -1.7415 MHz  eta= 0.60065

     C    3    Vxx=   -0.1780    axis=(  0.875040  0.152867 -0.459279)
     C    3    Vyy=   -0.2991    axis=( -0.480028  0.396121 -0.782727)
     C    3    Vzz=    0.4772    axis=( -0.062277 -0.905384 -0.420002)
     C    3  Q=         1.0000 1e-30 m^2  Cq=         1.1211 MHz  eta= 0.25372

     H    4    Vxx=   -0.1407    axis=( -0.488025  0.570993  0.660150)
     H    4    Vyy=   -0.6127    axis=(  0.048032  0.772756 -0.632883)
     H    4    Vzz=    0.7534    axis=(  0.871507  0.277155  0.404550)
     H    4  Q=         1.0000 1e-30 m^2  Cq=         1.7702 MHz  eta= 0.62653

     C    5    Vxx=    0.2220    axis=(  0.963935 -0.256216 -0.071988)
     C    5    Vyy=    0.5129    axis=(  0.220302  0.919940 -0.324312)
     C    5    Vzz=   -0.7350    axis=(  0.149319  0.296756  0.943207)
     C    5  Q=         1.0000 1e-30 m^2  Cq=        -1.7269 MHz  eta= 0.39582

     H    6    Vxx=   -0.0786    axis=(  0.954491 -0.226695  0.193795)
     H    6    Vyy=   -0.5806    axis=(  0.291920  0.577082 -0.762732)
     H    6    Vzz=    0.6593    axis=(  0.061072  0.784593  0.616996)
     H    6  Q=         1.0000 1e-30 m^2  Cq=         1.5490 MHz  eta= 0.76142

     H    7    Vxx=   -0.0028    axis=(  0.572205  0.274153  0.772930)
     H    7    Vyy=   -0.5675    axis=(  0.812240 -0.319704 -0.487909)
     H    7    Vzz=    0.5704    axis=( -0.113347 -0.906989  0.405615)
     H    7  Q=         1.0000 1e-30 m^2  Cq=         1.3402 MHz  eta= 0.99001

     C    8    Vxx=    0.0472    axis=( -0.192061 -0.026968  0.981012)
     C    8    Vyy=    0.7311    axis=( -0.217092  0.976025 -0.015671)
     C    8    Vzz=   -0.7783    axis=( -0.957070 -0.215980 -0.193311)
     C    8  Q=         1.0000 1e-30 m^2  Cq=        -1.8286 MHz  eta= 0.87871

     H    9    Vxx=    0.0311    axis=(  0.500858  0.845947 -0.183069)
     H    9    Vyy=    0.7374    axis=(  0.803487 -0.375799  0.461719)
     H    9    Vzz=   -0.7685    axis=(  0.321792 -0.378349 -0.867929)
     H    9  Q=         1.0000 1e-30 m^2  Cq=        -1.8058 MHz  eta= 0.91908

     C   10    Vxx=   -0.0696    axis=( -0.902698 -0.016491 -0.429959)
     C   10    Vyy=   -0.3637    axis=( -0.265970 -0.764105  0.587711)
     C   10    Vzz=    0.4333    axis=( -0.338226  0.644882  0.685369)
     C   10  Q=         1.0000 1e-30 m^2  Cq=         1.0182 MHz  eta= 0.67877

     C   11    Vxx=   -0.1796    axis=( -0.228243  0.783676 -0.577717)
     C   11    Vyy=   -0.3481    axis=( -0.971987 -0.149222  0.181589)
     C   11    Vzz=    0.5277    axis=(  0.056099  0.602980  0.795782)
     C   11  Q=         1.0000 1e-30 m^2  Cq=         1.2399 MHz  eta= 0.31948

     Cl  12    Vxx=    0.5082    axis=( -0.839015 -0.328688  0.433611)
     Cl  12    Vyy=    1.4672    axis=( -0.131263 -0.651111 -0.747545)
     Cl  12    Vzz=   -1.9754    axis=( -0.528038  0.684119 -0.503148)
     Cl  12  Q=        -8.1650 1e-30 m^2  Cq=        37.8973 MHz  eta= 0.48546

     H   13    Vxx=   -0.0030    axis=(  0.962367 -0.159060  0.220341)
     H   13    Vyy=   -0.4633    axis=(  0.269941  0.466013 -0.842594)
     H   13    Vzz=    0.4663    axis=(  0.031341  0.870363  0.491412)
     H   13  Q=         1.0000 1e-30 m^2  Cq=         1.0956 MHz  eta= 0.98710

     C   14    Vxx=    0.0762    axis=(  0.464121  0.697393 -0.546108)
     C   14    Vyy=    0.8298    axis=(  0.108387 -0.656615 -0.746398)
     C   14    Vzz=   -0.9060    axis=( -0.879115  0.287228 -0.380337)
     C   14  Q=         1.0000 1e-30 m^2  Cq=        -2.1288 MHz  eta= 0.83179

     H   15    Vxx=   -0.0465    axis=(  0.458205 -0.888721 -0.014938)
     H   15    Vyy=   -0.7245    axis=( -0.418971 -0.230773  0.878184)
     H   15    Vzz=    0.7711    axis=( -0.783908 -0.396129 -0.478090)
     H   15  Q=         1.0000 1e-30 m^2  Cq=         1.8117 MHz  eta= 0.87929

     C   16    Vxx=    0.1810    axis=(  0.111309  0.164906  0.980008)
     C   16    Vyy=    0.2716    axis=( -0.993491  0.042487  0.105691)
     C   16    Vzz=   -0.4526    axis=( -0.024209 -0.985394  0.168561)
     C   16  Q=         1.0000 1e-30 m^2  Cq=        -1.0634 MHz  eta= 0.20013

     C   17    Vxx=    0.0085    axis=( -0.417982 -0.674785  0.608240)
     C   17    Vyy=    0.7067    axis=( -0.014558  0.674422  0.738203)
     C   17    Vzz=   -0.7151    axis=( -0.908338  0.299701 -0.291720)
     C   17  Q=         1.0000 1e-30 m^2  Cq=        -1.6803 MHz  eta= 0.97632

     Cl  18    Vxx=   -0.3269    axis=(  0.103938 -0.667257  0.737540)
     Cl  18    Vyy=   -3.1729    axis=( -0.518818 -0.669043 -0.532173)
     Cl  18    Vzz=    3.4998    axis=( -0.848542  0.327336  0.415725)
     Cl  18  Q=        -8.1650 1e-30 m^2  Cq=       -67.1420 MHz  eta= 0.81316

     H   19    Vxx=   -0.0876    axis=( -0.814525  0.277226  0.509602)
     H   19    Vyy=   -0.4803    axis=( -0.531340 -0.709110 -0.463509)
     H   19    Vzz=    0.5679    axis=(  0.232867 -0.648312  0.724890)
     H   19  Q=         1.0000 1e-30 m^2  Cq=         1.3343 MHz  eta= 0.69156

     C   20    Vxx=   -0.1678    axis=( -0.570094  0.131365  0.811009)
     C   20    Vyy=   -0.8136    axis=( -0.531237  0.694070 -0.485854)
     C   20    Vzz=    0.9815    axis=(  0.626721  0.707821  0.325899)
     C   20  Q=         1.0000 1e-30 m^2  Cq=         2.3060 MHz  eta= 0.65803

     H   21    Vxx=   -0.0341    axis=( -0.241736  0.383453  0.891363)
     H   21    Vyy=   -0.6808    axis=(  0.212404  0.917239 -0.336981)
     H   21    Vzz=    0.7149    axis=(  0.946809 -0.107869  0.303177)
     H   21  Q=         1.0000 1e-30 m^2  Cq=         1.6798 MHz  eta= 0.90450

     C   22    Vxx=   -0.1335    axis=( -0.351581  0.491041  0.797038)
     C   22    Vyy=   -0.7221    axis=(  0.933652  0.121670  0.336884)
     C   22    Vzz=    0.8557    axis=(  0.068448  0.862598 -0.501239)
     C   22  Q=         1.0000 1e-30 m^2  Cq=         2.0105 MHz  eta= 0.68787

     C   23    Vxx=    0.1035    axis=(  0.265653 -0.048172  0.962864)
     C   23    Vyy=    0.4236    axis=(  0.745178  0.643933 -0.173378)
     C   23    Vzz=   -0.5271    axis=( -0.611668  0.763564  0.206960)
     C   23  Q=         1.0000 1e-30 m^2  Cq=        -1.2386 MHz  eta= 0.60726

     Cl  24    Vxx=   -0.7506    axis=( -0.814169 -0.466387 -0.345849)
     Cl  24    Vyy=   -1.6619    axis=(  0.579423 -0.690969 -0.432240)
     Cl  24    Vzz=    2.4126    axis=( -0.037380 -0.552309  0.832801)
     Cl  24  Q=        -8.1650 1e-30 m^2  Cq=       -46.2836 MHz  eta= 0.37775

     Initialization:
     gipaw_setup  :      9.26s CPU     10.90s WALL (       1 calls)

     Linear response

     Apply operators

     Induced current

     Other routines
     efg          :      9.36s CPU     11.69s WALL (       1 calls)

     General routines
     calbec       :      3.38s CPU      4.53s WALL (      16 calls)
     fft          :      1.84s CPU      3.24s WALL (      15 calls)
     ffts         :      0.06s CPU      0.12s WALL (       2 calls)
     fftw         :      3.29s CPU      3.89s WALL (     672 calls)
     davcio       :      0.03s CPU      0.32s WALL (      32 calls)

     Parallel routines
     fft_scatter  :      2.48s CPU      4.38s WALL (     689 calls)

     Plugins

     GIPAW        :     61.01s CPU     72.53s WALL (       1 calls)
