
     Program QE v.6.0 (svn rev. 13079) starts on 17Dec2016 at 20:41:46 

     This program is part of the open-source Quantum ESPRESSO suite
     for quantum simulation of materials; please cite
         "P. Giannozzi et al., J. Phys.:Condens. Matter 21 395502 (2009);
          URL http://www.quantum-espresso.org", 
     in publications or presentations arising from this work. More details at
     http://www.quantum-espresso.org/quote

     Parallel version (MPI), running on     8 processors
     R & G space division:  proc/nbgrp/npool/nimage =       8

     ***** This is GIPAW svn revision unknown      *****

     Parallelizing q-star over 1 images

     Reading data from directory:
     /users/majewski/paradichlorobenzene/pbe/9_constraint/scratch/pbe.ecut100.np8.dt60.pcl2phi-129368.save
     Message from routine read_xml_file:
     file /users/majewski/paradichlorobenzene/pbe/9_constraint/scratch/pbe.ecut100.np8.dt60.pcl2phi-129368.save not guaranteed to be safe for post-processing

   Info: using nr1, nr2, nr3 values from input

   Info: using nr1, nr2, nr3 values from input

     IMPORTANT: XC functional enforced from input :
     Exchange-correlation      =  SLA  PW   PBX  PBC ( 1  4  3  4 0 0)
     Any further DFT definition will be discarded
     Please, verify this is what you really want

               file C.pbe-n-kjpaw_psl.1.0.0.UPF: wavefunction(s)  2S 2P renormalized
               file Cl.pbe-n-kjpaw_psl.1.0.0.UPF: wavefunction(s)  3S 3P renormalized
               file H.pbe-kjpaw_psl.1.0.0.UPF: wavefunction(s)  1S renormalized

     Parallelization info
     --------------------
     sticks:   dense  smooth     PW     G-vecs:    dense   smooth      PW
     Min        3057    1223    332               144436    36536    5170
     Max        3059    1225    333               144437    36537    5171
     Sum       24467    9791   2657              1155489   292295   41363


     Subspace diagonalization in iterative solution of the eigenvalue problem:
     a serial algorithm will be used

     GIPAW projectors -----------------------------------------------
     atom=  C    l=0  rc=    1.2000  rs=    0.8000
     atom=  C    l=0  rc=    1.2000  rs=    0.8000
     atom=  C    l=1  rc=    1.4000  rs=    0.9333
     atom=  C    l=1  rc=    1.4000  rs=    0.9333
     projs nearly linearly dependent: l=1  n1,n2= 1, 2  s=  0.99951561

     atom=  Cl   l=0  rc=    1.6000  rs=    1.0667
     atom=  Cl   l=0  rc=    1.6000  rs=    1.0667
     atom=  Cl   l=1  rc=    1.6000  rs=    1.0667
     atom=  Cl   l=1  rc=    1.6000  rs=    1.0667
     atom=  Cl   l=2  rc=    1.6000  rs=    1.0667
     atom=  Cl   l=2  rc=    1.6000  rs=    1.0667
     projs nearly linearly dependent: l=2  n1,n2= 1, 2  s=  0.99993509

     atom=  H    l=0  rc=    1.0000  rs=    0.6667
     atom=  H    l=0  rc=    1.0000  rs=    0.6667
     projs nearly linearly dependent: l=0  n1,n2= 1, 2  s=  0.99968852
     -----------------------------------------------------------------

     GIPAW integrals: -------------------------------------------
     Atom  i/j   nmr_para   nmr_dia   epr_rmc  epr_para   epr_dia
       C   1 1   0.83E+03  0.17E-01  0.93E+01  0.24E+08  0.24E+03
       C   2 1   0.86E+03 -0.61E-01  0.94E+01  0.25E+08  0.25E+03
       C   2 2   0.90E+03 -0.15E+00  0.97E+01  0.26E+08  0.26E+03
       C   3 3   0.33E+01  0.34E+00  0.18E+01  0.55E+03  0.21E+02
       C   4 3   0.35E+01  0.37E+00  0.20E+01  0.59E+03  0.22E+02
       C   4 4   0.38E+01  0.39E+00  0.22E+01  0.63E+03  0.24E+02
       Cl  1 1   0.14E+04 -0.47E+00  0.84E+01  0.32E+09  0.42E+03
       Cl  2 1   0.21E+04 -0.37E+00  0.12E+02  0.49E+09  0.65E+03
       Cl  2 2   0.33E+04 -0.16E+00  0.21E+02  0.76E+09  0.10E+04
       Cl  3 3   0.21E+02  0.79E-01  0.89E+01  0.23E+05  0.13E+03
       Cl  4 3   0.24E+02  0.67E-01  0.99E+01  0.27E+05  0.15E+03
       Cl  4 4   0.28E+02  0.44E-01  0.11E+02  0.32E+05  0.18E+03
       Cl  5 5   0.77E+00  0.19E+00  0.18E+01  0.12E+03  0.22E+02
       Cl  6 5   0.80E+00  0.19E+00  0.19E+01  0.12E+03  0.23E+02
       Cl  6 6   0.83E+00  0.20E+00  0.19E+01  0.12E+03  0.23E+02
       H   1 1   0.39E+02  0.19E+00  0.29E+00  0.78E+05  0.13E+02
       H   2 1   0.41E+02  0.21E+00  0.32E+00  0.82E+05  0.14E+02
       H   2 2   0.43E+02  0.22E+00  0.36E+00  0.86E+05  0.15E+02
     ------------------------------------------------------------

     alpha_pv=     33.7704 eV

     Number of occupied bands for each k-point:
     k-point:     1    nbnd_occ=  42
     k-point:     2    nbnd_occ=  42
     k-point:     3    nbnd_occ=  42
     k-point:     4    nbnd_occ=  42
     k-point:     5    nbnd_occ=  42
     k-point:     6    nbnd_occ=  42
     k-point:     7    nbnd_occ=  42
     k-point:     8    nbnd_occ=  42
     k-point:     9    nbnd_occ=  42
     k-point:    10    nbnd_occ=  42
     k-point:    11    nbnd_occ=  42
     k-point:    12    nbnd_occ=  42
     k-point:    13    nbnd_occ=  42
     k-point:    14    nbnd_occ=  42
     k-point:    15    nbnd_occ=  42
     k-point:    16    nbnd_occ=  42


     q-space interpolation up to   110.00 Rydberg

     GIPAW job: efg                                                                             


     ELECTRIC FIELD GRADIENTS TENSORS IN Hartree/bohrradius^2:

     ----- bare term -----
     Cl   1       -0.004906        0.049326       -0.073411
     Cl   1        0.049326        0.046269       -0.077783
     Cl   1       -0.073411       -0.077783       -0.041363

     C    2       -0.256558        0.337316       -0.167901
     C    2        0.337316       -0.129622       -0.356269
     C    2       -0.167901       -0.356269        0.386180

     C    3       -0.098469       -0.031664       -0.211077
     C    3       -0.031664       -0.069668       -0.629274
     C    3       -0.211077       -0.629274        0.168137

     H    4        0.041382       -0.052959       -0.509781
     H    4       -0.052959        0.398917        0.119742
     H    4       -0.509781        0.119742       -0.440298

     C    5       -0.528329        0.291462       -0.278668
     C    5        0.291462        0.330991       -0.137401
     C    5       -0.278668       -0.137401        0.197337

     H    6        0.342625       -0.070417        0.327786
     H    6       -0.070417        0.079202       -0.232148
     H    6        0.327786       -0.232148       -0.421827

     H    7        0.458189       -0.021549       -0.042689
     H    7       -0.021549       -0.803689        0.144857
     H    7       -0.042689        0.144857        0.345500

     C    8       -0.229137       -0.050022       -0.279865
     C    8       -0.050022        0.039858        0.549933
     C    8       -0.279865        0.549933        0.189279

     H    9       -0.082053        0.349385       -0.417959
     H    9        0.349385       -0.096017        0.413957
     H    9       -0.417959        0.413957        0.178071

     C   10       -0.524430       -0.408376       -0.328676
     C   10       -0.408376        0.221316        0.285805
     C   10       -0.328676        0.285805        0.303114

     C   11        0.015023       -0.259229       -0.142066
     C   11       -0.259229       -0.039561        0.596825
     C   11       -0.142066        0.596825        0.024538

     Cl  12       -0.095679       -0.153670        0.082112
     Cl  12       -0.153670        0.030226       -0.147808
     Cl  12        0.082112       -0.147808        0.065454

     H   13       -0.052441        0.205085        0.293458
     H   13        0.205085        0.016345       -0.405169
     H   13        0.293458       -0.405169        0.036096

     C   14       -0.022482       -0.319019       -0.533865
     C   14       -0.319019       -0.109970       -0.447035
     C   14       -0.533865       -0.447035        0.132452

     H   15        0.023139       -0.035872       -0.238701
     H   15       -0.035872        0.274537       -0.507481
     H   15       -0.238701       -0.507481       -0.297675

     C   16       -0.588028        0.345603       -0.302017
     C   16        0.345603        0.183815       -0.076227
     C   16       -0.302017       -0.076227        0.404213

     C   17        0.094694       -0.015022       -0.231711
     C   17       -0.015022       -0.019269       -0.624499
     C   17       -0.231711       -0.624499       -0.075425

     Cl  18       -0.140029        0.235816       -0.004016
     Cl  18        0.235816       -0.024077       -0.016986
     Cl  18       -0.004016       -0.016986        0.164106

     H   19        0.074764        0.012709        0.404820
     H   19        0.012709        0.155491        0.297781
     H   19        0.404820        0.297781       -0.230255

     C   20       -0.289534       -0.130121       -0.296047
     C   20       -0.130121        0.271625        0.067831
     C   20       -0.296047        0.067831        0.017909

     H   21        0.168763        0.070947       -0.243763
     H   21        0.070947        0.365080       -0.190441
     H   21       -0.243763       -0.190441       -0.533843

     C   22        0.082330       -0.357234       -0.076579
     C   22       -0.357234       -0.192673        0.369621
     C   22       -0.076579        0.369621        0.110343

     C   23       -0.273418       -0.205523       -0.417965
     C   23       -0.205523       -0.085645        0.510415
     C   23       -0.417965        0.510415        0.359062

     Cl  24       -0.092197        0.030179       -0.051372
     Cl  24        0.030179       -0.041917        0.128743
     Cl  24       -0.051372        0.128743        0.134115

     ----- ionic term -----
     Cl   1        0.208259       -0.216336       -0.037603
     Cl   1       -0.216336       -0.079054        0.009621
     Cl   1       -0.037603        0.009621       -0.129205

     C    2        0.249061       -0.210901        0.184562
     C    2       -0.210901       -0.136304        0.455330
     C    2        0.184562        0.455330       -0.112757

     C    3        0.137225       -0.200577        0.158131
     C    3       -0.200577       -0.040747        0.411292
     C    3        0.158131        0.411292       -0.096478

     H    4        0.359255        0.351579        0.719053
     H    4        0.351579       -0.425512        0.334993
     H    4        0.719053        0.334993        0.066257

     C    5        0.228347       -0.156311        0.276165
     C    5       -0.156311       -0.103244        0.333887
     C    5        0.276165        0.333887       -0.125104

     H    6       -0.520462       -0.098106       -0.050733
     H    6       -0.098106        0.485508        0.769444
     H    6       -0.050733        0.769444        0.034954

     H    7       -0.509613        0.004641        0.002302
     H    7        0.004641        0.688187       -0.688199
     H    7        0.002302       -0.688199       -0.178574

     C    8        0.230423        0.135261        0.275920
     C    8        0.135261        0.059758       -0.304508
     C    8        0.275920       -0.304508       -0.290181

     H    9        0.374530       -0.353136        0.704084
     H    9       -0.353136       -0.397946       -0.337859
     H    9        0.704084       -0.337859        0.023416

     C   10        0.059551        0.172183        0.230695
     C   10        0.172183        0.192809       -0.421177
     C   10        0.230695       -0.421177       -0.252359

     C   11        0.048011        0.187153        0.377711
     C   11        0.187153        0.125327       -0.410970
     C   11        0.377711       -0.410970       -0.173338

     Cl  12        0.102431        0.216217        0.047109
     Cl  12        0.216217        0.041997        0.031415
     Cl  12        0.047109        0.031415       -0.144429

     H   13       -0.442032       -0.224900       -0.157144
     H   13       -0.224900        0.414141        0.754938
     H   13       -0.157144        0.754938        0.027891

     C   14        0.340815       -0.268988        0.205570
     C   14       -0.268988       -0.137700        0.324235
     C   14        0.205570        0.324235       -0.203115

     H   15        0.337992        0.183392        0.810282
     H   15        0.183392       -0.531172        0.248434
     H   15        0.810282        0.248434        0.193180

     C   16        0.186889       -0.319895        0.158010
     C   16       -0.319895       -0.030828        0.418266
     C   16        0.158010        0.418266       -0.156061

     C   17        0.131260       -0.205532        0.299942
     C   17       -0.205532       -0.027930        0.427097
     C   17        0.299942        0.427097       -0.103330

     Cl  18        0.141733       -0.189837        0.054516
     Cl  18       -0.189837       -0.009828       -0.029680
     Cl  18        0.054516       -0.029680       -0.131905

     H   19       -0.509601        0.155712       -0.073682
     H   19        0.155712        0.532045       -0.743650
     H   19       -0.073682       -0.743650       -0.022444

     C   20        0.197671        0.259028        0.303620
     C   20        0.259028       -0.053532       -0.316270
     C   20        0.303620       -0.316270       -0.144139

     H   21        0.236183       -0.167510        0.798800
     H   21       -0.167510       -0.484449       -0.251816
     H   21        0.798800       -0.251816        0.248265

     C   22        0.064083        0.316059        0.184935
     C   22        0.316059        0.069861       -0.437029
     C   22        0.184935       -0.437029       -0.133944

     C   23        0.150976        0.207295        0.228168
     C   23        0.207295        0.057448       -0.468489
     C   23        0.228168       -0.468489       -0.208424

     Cl  24        0.162532        0.230691        0.029553
     Cl  24        0.230691       -0.028424        0.009179
     Cl  24        0.029553        0.009179       -0.134108

     ----- GIPAW term -----
     Cl   1        2.025918       -0.364394       -1.760951
     Cl   1       -0.364394       -0.452290       -1.033079
     Cl   1       -1.760951       -1.033079       -1.573628

     C    2        0.111853       -0.186707        0.004785
     C    2       -0.186707       -0.001645       -0.054327
     C    2        0.004785       -0.054327       -0.110209

     C    3       -0.130415       -0.080607        0.003826
     C    3       -0.080607        0.084306       -0.244514
     C    3        0.003826       -0.244514        0.046109

     H    4       -0.000000        0.000000        0.000000
     H    4        0.000000        0.000000        0.000000
     H    4        0.000000        0.000000        0.000000

     C    5       -0.107497        0.092883       -0.053303
     C    5        0.092883        0.136126       -0.088145
     C    5       -0.053303       -0.088145       -0.028629

     H    6       -0.000000        0.000000        0.000000
     H    6        0.000000        0.000000        0.000000
     H    6        0.000000        0.000000        0.000000

     H    7       -0.000000        0.000000        0.000000
     H    7        0.000000        0.000000        0.000000
     H    7        0.000000        0.000000        0.000000

     C    8       -0.117486       -0.017210       -0.037729
     C    8       -0.017210        0.189441        0.225017
     C    8       -0.037729        0.225017       -0.071955

     H    9       -0.000000        0.000000        0.000000
     H    9        0.000000        0.000000        0.000000
     H    9        0.000000        0.000000        0.000000

     C   10       -0.154973       -0.180054       -0.088148
     C   10       -0.180054        0.227026        0.053660
     C   10       -0.088148        0.053660       -0.072054

     C   11        0.013467       -0.098953       -0.007714
     C   11       -0.098953        0.192173        0.061278
     C   11       -0.007714        0.061278       -0.205641

     Cl  12        0.563864        0.783426        0.914657
     Cl  12        0.783426        0.355098       -1.485981
     Cl  12        0.914657       -1.485981       -0.918962

     H   13       -0.000000        0.000000        0.000000
     H   13        0.000000        0.000000        0.000000
     H   13        0.000000        0.000000        0.000000

     C   14        0.127176       -0.201809       -0.183313
     C   14       -0.201809       -0.076524       -0.000719
     C   14       -0.183313       -0.000719       -0.050652

     H   15       -0.000000        0.000000        0.000000
     H   15        0.000000        0.000000        0.000000
     H   15        0.000000        0.000000        0.000000

     C   16       -0.097744       -0.139514       -0.094788
     C   16       -0.139514        0.164762        0.107045
     C   16       -0.094788        0.107045       -0.067018

     C   17       -0.052484       -0.020685       -0.022371
     C   17       -0.020685        0.243359       -0.033575
     C   17       -0.022371       -0.033575       -0.190876

     Cl  18       -0.693906        0.407327        0.544218
     Cl  18        0.407327        1.673578        1.728353
     Cl  18        0.544218        1.728353       -0.979672

     H   19       -0.000000        0.000000        0.000000
     H   19        0.000000        0.000000        0.000000
     H   19        0.000000        0.000000        0.000000

     C   20        0.008543       -0.076320       -0.063693
     C   20       -0.076320        0.032696        0.033602
     C   20       -0.063693        0.033602       -0.041239

     H   21       -0.000000        0.000000        0.000000
     H   21        0.000000        0.000000        0.000000
     H   21        0.000000        0.000000        0.000000

     C   22       -0.003561       -0.111788       -0.074668
     C   22       -0.111788        0.007101        0.114579
     C   22       -0.074668        0.114579       -0.003540

     C   23       -0.066800        0.020570       -0.116747
     C   23        0.020570        0.029856        0.212390
     C   23       -0.116747        0.212390        0.036944

     Cl  24        0.258414        2.177052       -0.230232
     Cl  24        2.177052       -0.208437        1.357953
     Cl  24       -0.230232        1.357953       -0.049977

     ----- total EFG -----
     Cl   1        2.229271       -0.531404       -1.871965
     Cl   1       -0.531404       -0.485075       -1.101241
     Cl   1       -1.871965       -1.101241       -1.744196

     C    2        0.104356       -0.060292        0.021446
     C    2       -0.060292       -0.267571        0.044735
     C    2        0.021446        0.044735        0.163215

     C    3       -0.091659       -0.312847       -0.049120
     C    3       -0.312847       -0.026109       -0.462495
     C    3       -0.049120       -0.462495        0.117769

     H    4        0.400637        0.298620        0.209272
     H    4        0.298620       -0.026596        0.454735
     H    4        0.209272        0.454735       -0.374041

     C    5       -0.407478        0.228034       -0.055806
     C    5        0.228034        0.363873        0.108341
     C    5       -0.055806        0.108341        0.043605

     H    6       -0.177837       -0.168523        0.277053
     H    6       -0.168523        0.564710        0.537297
     H    6        0.277053        0.537297       -0.386873

     H    7       -0.051424       -0.016908       -0.040387
     H    7       -0.016908       -0.115502       -0.543342
     H    7       -0.040387       -0.543342        0.166925

     C    8       -0.116200        0.068029       -0.041675
     C    8        0.068029        0.289057        0.470442
     C    8       -0.041675        0.470442       -0.172856

     H    9        0.292477       -0.003751        0.286125
     H    9       -0.003751       -0.493964        0.076099
     H    9        0.286125        0.076099        0.201487

     C   10       -0.619852       -0.416246       -0.186129
     C   10       -0.416246        0.641151       -0.081713
     C   10       -0.186129       -0.081713       -0.021299

     C   11        0.076502       -0.171029        0.227931
     C   11       -0.171029        0.277939        0.247133
     C   11        0.227931        0.247133       -0.354441

     Cl  12        0.570616        0.845973        1.043878
     Cl  12        0.845973        0.427321       -1.602374
     Cl  12        1.043878       -1.602374       -0.997937

     H   13       -0.494473       -0.019815        0.136314
     H   13       -0.019815        0.430486        0.349770
     H   13        0.136314        0.349770        0.063987

     C   14        0.445509       -0.789816       -0.511609
     C   14       -0.789816       -0.324194       -0.123520
     C   14       -0.511609       -0.123520       -0.121315

     H   15        0.361130        0.147520        0.571581
     H   15        0.147520       -0.256635       -0.259047
     H   15        0.571581       -0.259047       -0.104495

     C   16       -0.498883       -0.113805       -0.238794
     C   16       -0.113805        0.317749        0.449085
     C   16       -0.238794        0.449085        0.181134

     C   17        0.173471       -0.241240        0.045860
     C   17       -0.241240        0.196160       -0.230977
     C   17        0.045860       -0.230977       -0.369631

     Cl  18       -0.692202        0.453306        0.594718
     Cl  18        0.453306        1.639674        1.681686
     Cl  18        0.594718        1.681686       -0.947472

     H   19       -0.434837        0.168421        0.331138
     H   19        0.168421        0.687536       -0.445869
     H   19        0.331138       -0.445869       -0.252699

     C   20       -0.083320        0.052587       -0.056120
     C   20        0.052587        0.250789       -0.214836
     C   20       -0.056120       -0.214836       -0.167470

     H   21        0.404946       -0.096562        0.555037
     H   21       -0.096562       -0.119368       -0.442257
     H   21        0.555037       -0.442257       -0.285578

     C   22        0.142852       -0.152962        0.033688
     C   22       -0.152962       -0.115712        0.047171
     C   22        0.033688        0.047171       -0.027140

     C   23       -0.189241        0.022342       -0.306543
     C   23        0.022342        0.001659        0.254316
     C   23       -0.306543        0.254316        0.187582

     Cl  24        0.328749        2.437922       -0.252051
     Cl  24        2.437922       -0.278779        1.495876
     Cl  24       -0.252051        1.495876       -0.049970

     ----- total EFG (symmetrized) -----
     Cl   1        2.229271       -0.531404       -1.871965
     Cl   1       -0.531404       -0.485075       -1.101241
     Cl   1       -1.871965       -1.101241       -1.744196

     C    2        0.104356       -0.060292        0.021446
     C    2       -0.060292       -0.267571        0.044735
     C    2        0.021446        0.044735        0.163215

     C    3       -0.091659       -0.312847       -0.049120
     C    3       -0.312847       -0.026109       -0.462495
     C    3       -0.049120       -0.462495        0.117769

     H    4        0.400637        0.298620        0.209272
     H    4        0.298620       -0.026596        0.454735
     H    4        0.209272        0.454735       -0.374041

     C    5       -0.407478        0.228034       -0.055806
     C    5        0.228034        0.363873        0.108341
     C    5       -0.055806        0.108341        0.043605

     H    6       -0.177837       -0.168523        0.277053
     H    6       -0.168523        0.564710        0.537297
     H    6        0.277053        0.537297       -0.386873

     H    7       -0.051424       -0.016908       -0.040387
     H    7       -0.016908       -0.115502       -0.543342
     H    7       -0.040387       -0.543342        0.166925

     C    8       -0.116200        0.068029       -0.041675
     C    8        0.068029        0.289057        0.470442
     C    8       -0.041675        0.470442       -0.172856

     H    9        0.292477       -0.003751        0.286125
     H    9       -0.003751       -0.493964        0.076099
     H    9        0.286125        0.076099        0.201487

     C   10       -0.619852       -0.416246       -0.186129
     C   10       -0.416246        0.641151       -0.081713
     C   10       -0.186129       -0.081713       -0.021299

     C   11        0.076502       -0.171029        0.227931
     C   11       -0.171029        0.277939        0.247133
     C   11        0.227931        0.247133       -0.354441

     Cl  12        0.570616        0.845973        1.043878
     Cl  12        0.845973        0.427321       -1.602374
     Cl  12        1.043878       -1.602374       -0.997937

     H   13       -0.494473       -0.019815        0.136314
     H   13       -0.019815        0.430486        0.349770
     H   13        0.136314        0.349770        0.063987

     C   14        0.445509       -0.789816       -0.511609
     C   14       -0.789816       -0.324194       -0.123520
     C   14       -0.511609       -0.123520       -0.121315

     H   15        0.361130        0.147520        0.571581
     H   15        0.147520       -0.256635       -0.259047
     H   15        0.571581       -0.259047       -0.104495

     C   16       -0.498883       -0.113805       -0.238794
     C   16       -0.113805        0.317749        0.449085
     C   16       -0.238794        0.449085        0.181134

     C   17        0.173471       -0.241240        0.045860
     C   17       -0.241240        0.196160       -0.230977
     C   17        0.045860       -0.230977       -0.369631

     Cl  18       -0.692202        0.453306        0.594718
     Cl  18        0.453306        1.639674        1.681686
     Cl  18        0.594718        1.681686       -0.947472

     H   19       -0.434837        0.168421        0.331138
     H   19        0.168421        0.687536       -0.445869
     H   19        0.331138       -0.445869       -0.252699

     C   20       -0.083320        0.052587       -0.056120
     C   20        0.052587        0.250789       -0.214836
     C   20       -0.056120       -0.214836       -0.167470

     H   21        0.404946       -0.096562        0.555037
     H   21       -0.096562       -0.119368       -0.442257
     H   21        0.555037       -0.442257       -0.285578

     C   22        0.142852       -0.152962        0.033688
     C   22       -0.152962       -0.115712        0.047171
     C   22        0.033688        0.047171       -0.027140

     C   23       -0.189241        0.022342       -0.306543
     C   23        0.022342        0.001659        0.254316
     C   23       -0.306543        0.254316        0.187582

     Cl  24        0.328749        2.437922       -0.252051
     Cl  24        2.437922       -0.278779        1.495876
     Cl  24       -0.252051        1.495876       -0.049970


     NQR/NMR SPECTROSCOPIC PARAMETERS:
     Cl   1    Vxx=    0.0895    axis=(  0.132226 -0.903524  0.407628)
     Cl   1    Vyy=    2.9747    axis=(  0.931363 -0.027493 -0.363054)
     Cl   1    Vzz=   -3.0642    axis=(  0.339235  0.427655  0.837873)
     Cl   1  Q=        -8.1650 1e-30 m^2  Cq=        58.7849 MHz  eta= 0.94157

     C    2    Vxx=    0.1104    axis=(  0.955051 -0.180184 -0.235395)
     C    2    Vyy=    0.1717    axis=(  0.250194  0.064038  0.966076)
     C    2    Vzz=   -0.2822    axis=( -0.158997 -0.981546  0.106241)
     C    2  Q=         1.0000 1e-30 m^2  Cq=        -0.6630 MHz  eta= 0.21720

     C    3    Vxx=    0.0178    axis=(  0.819912 -0.202804 -0.535364)
     C    3    Vyy=    0.5616    axis=(  0.274962 -0.680726  0.678976)
     C    3    Vzz=   -0.5794    axis=( -0.502135 -0.703906 -0.502372)
     C    3  Q=         1.0000 1e-30 m^2  Cq=        -1.3613 MHz  eta= 0.93857

     H    4    Vxx=   -0.0255    axis=(  0.650119 -0.627540 -0.428415)
     H    4    Vyy=   -0.6871    axis=(  0.003191  0.566077 -0.824346)
     H    4    Vzz=    0.7126    axis=(  0.759826  0.534556  0.370020)
     H    4  Q=         1.0000 1e-30 m^2  Cq=         1.6744 MHz  eta= 0.92839

     C    5    Vxx=    0.0363    axis=( -0.209611 -0.172431  0.962461)
     C    5    Vyy=    0.4466    axis=( -0.238038 -0.945715 -0.221272)
     C    5    Vzz=   -0.4830    axis=(  0.948368 -0.275483  0.157187)
     C    5  Q=         1.0000 1e-30 m^2  Cq=        -1.1348 MHz  eta= 0.84948

     H    6    Vxx=   -0.0119    axis=(  0.885773 -0.150291  0.439110)
     H    6    Vyy=   -0.7964    axis=(  0.462061  0.374529 -0.803883)
     H    6    Vzz=    0.8083    axis=( -0.043643  0.914954  0.401191)
     H    6  Q=         1.0000 1e-30 m^2  Cq=         1.8993 MHz  eta= 0.97056

     H    7    Vxx=   -0.0492    axis=(  0.996380 -0.082394 -0.020949)
     H    7    Vyy=   -0.5387    axis=(  0.077988  0.787731  0.611063)
     H    7    Vzz=    0.5878    axis=( -0.033846 -0.610484  0.791305)
     H    7  Q=         1.0000 1e-30 m^2  Cq=         1.3812 MHz  eta= 0.83269

     C    8    Vxx=   -0.1040    axis=(  0.979848  0.058863 -0.190873)
     C    8    Vyy=   -0.4800    axis=( -0.193051  0.524371 -0.829317)
     C    8    Vzz=    0.5840    axis=(  0.051272  0.849453  0.525167)
     C    8  Q=         1.0000 1e-30 m^2  Cq=         1.3722 MHz  eta= 0.64386

     H    9    Vxx=   -0.0349    axis=( -0.651744  0.129207  0.747352)
     H    9    Vyy=   -0.5039    axis=(  0.050402  0.990582 -0.127305)
     H    9    Vzz=    0.5388    axis=( -0.756763 -0.045302 -0.652118)
     H    9  Q=         1.0000 1e-30 m^2  Cq=         1.2660 MHz  eta= 0.87054

     C   10    Vxx=    0.0304    axis=( -0.250449 -0.041279  0.967249)
     C   10    Vyy=    0.7670    axis=( -0.283326  0.958474 -0.032457)
     C   10    Vzz=   -0.7973    axis=( -0.925744 -0.282175 -0.251744)
     C   10  Q=         1.0000 1e-30 m^2  Cq=        -1.8734 MHz  eta= 0.92379

     C   11    Vxx=    0.1611    axis=(  0.847750  0.222477  0.481481)
     C   11    Vyy=    0.3961    axis=(  0.351064 -0.915834 -0.194944)
     C   11    Vzz=   -0.5572    axis=( -0.397586 -0.334294  0.854501)
     C   11  Q=         1.0000 1e-30 m^2  Cq=        -1.3091 MHz  eta= 0.42183

     Cl  12    Vxx=    1.0892    axis=( -0.870349  0.068233 -0.487685)
     Cl  12    Vyy=    1.5134    axis=( -0.302500 -0.855548  0.420156)
     Cl  12    Vzz=   -2.6026    axis=( -0.388570  0.513207  0.765266)
     Cl  12  Q=        -8.1650 1e-30 m^2  Cq=        49.9290 MHz  eta= 0.16297

     H   13    Vxx=   -0.1065    axis=(  0.308041 -0.511217  0.802351)
     H   13    Vyy=   -0.5381    axis=(  0.950168  0.122890 -0.286493)
     H   13    Vzz=    0.6447    axis=(  0.047859  0.850620  0.523598)
     H   13  Q=         1.0000 1e-30 m^2  Cq=         1.5147 MHz  eta= 0.66949

     C   14    Vxx=   -0.0677    axis=( -0.037877  0.525821 -0.849751)
     C   14    Vyy=   -0.9940    axis=(  0.546773  0.722679  0.422818)
     C   14    Vzz=    1.0617    axis=(  0.836424 -0.448606 -0.314878)
     C   14  Q=         1.0000 1e-30 m^2  Cq=         2.4946 MHz  eta= 0.87250

     H   15    Vxx=   -0.0540    axis=(  0.333812  0.825307 -0.455453)
     H   15    Vyy=   -0.6920    axis=( -0.453495  0.564183  0.689956)
     H   15    Vzz=    0.7460    axis=(  0.826385 -0.023770  0.562604)
     H   15  Q=         1.0000 1e-30 m^2  Cq=         1.7529 MHz  eta= 0.85520

     C   16    Vxx=   -0.1755    axis=( -0.263733 -0.681964  0.682180)
     C   16    Vyy=   -0.5755    axis=( -0.945339  0.042128 -0.323357)
     C   16    Vzz=    0.7510    axis=(  0.191779 -0.730171 -0.655798)
     C   16  Q=         1.0000 1e-30 m^2  Cq=         1.7645 MHz  eta= 0.53264

     C   17    Vxx=   -0.0203    axis=(  0.774460  0.569720 -0.275011)
     C   17    Vyy=   -0.4546    axis=( -0.068809 -0.356276 -0.931844)
     C   17    Vzz=    0.4748    axis=( -0.628870  0.740599 -0.236720)
     C   17  Q=         1.0000 1e-30 m^2  Cq=         1.1157 MHz  eta= 0.91459

     Cl  18    Vxx=   -0.7266    axis=(  0.934592 -0.306885  0.179886)
     Cl  18    Vyy=   -1.8781    axis=(  0.293876  0.381167 -0.876555)
     Cl  18    Vzz=    2.6047    axis=(  0.200435  0.872085  0.446422)
     Cl  18  Q=        -8.1650 1e-30 m^2  Cq=       -49.9702 MHz  eta= 0.44210

     H   19    Vxx=   -0.0633    axis=(  0.704216  0.239033  0.668538)
     H   19    Vyy=   -0.8030    axis=(  0.709424 -0.274356 -0.649189)
     H   19    Vzz=    0.8663    axis=( -0.028240 -0.931446  0.362781)
     H   19  Q=         1.0000 1e-30 m^2  Cq=         2.0355 MHz  eta= 0.85384

     C   20    Vxx=   -0.0890    axis=(  0.970926 -0.215782 -0.103640)
     C   20    Vyy=   -0.2638    axis=(  0.178385  0.363491  0.914359)
     C   20    Vzz=    0.3528    axis=( -0.159630 -0.906263  0.391415)
     C   20  Q=         1.0000 1e-30 m^2  Cq=         0.8290 MHz  eta= 0.49543

     H   21    Vxx=   -0.0334    axis=(  0.521484  0.809047 -0.271105)
     H   21    Vyy=   -0.7846    axis=( -0.336537  0.486993  0.805965)
     H   21    Vzz=    0.8180    axis=(  0.784090 -0.329061  0.526234)
     H   21  Q=         1.0000 1e-30 m^2  Cq=         1.9219 MHz  eta= 0.91831

     C   22    Vxx=   -0.0094    axis=(  0.087271  0.296305  0.951098)
     C   22    Vyy=   -0.2050    axis=(  0.407942  0.860388 -0.305477)
     C   22    Vzz=    0.2143    axis=( -0.908827  0.414652 -0.045788)
     C   22  Q=         1.0000 1e-30 m^2  Cq=         0.5036 MHz  eta= 0.91272

     C   23    Vxx=   -0.0438    axis=(  0.535428  0.821981 -0.194072)
     C   23    Vyy=   -0.4176    axis=( -0.758561  0.366993 -0.538425)
     C   23    Vzz=    0.4615    axis=( -0.371352  0.435504  0.820021)
     C   23  Q=         1.0000 1e-30 m^2  Cq=         1.0843 MHz  eta= 0.81003

     Cl  24    Vxx=    0.2728    axis=( -0.503771  0.100263  0.857999)
     Cl  24    Vyy=    2.7416    axis=(  0.660210  0.685219  0.307567)
     Cl  24    Vzz=   -3.0144    axis=( -0.557080  0.721403 -0.411388)
     Cl  24  Q=        -8.1650 1e-30 m^2  Cq=        57.8302 MHz  eta= 0.81899

     Initialization:
     gipaw_setup  :      9.36s CPU     11.23s WALL (       1 calls)

     Linear response

     Apply operators

     Induced current

     Other routines
     efg          :      9.74s CPU     12.22s WALL (       1 calls)

     General routines
     calbec       :      3.38s CPU      4.30s WALL (      16 calls)
     fft          :      1.74s CPU      2.85s WALL (      15 calls)
     ffts         :      0.04s CPU      0.05s WALL (       2 calls)
     fftw         :      3.52s CPU      4.44s WALL (     672 calls)
     davcio       :      0.04s CPU      0.34s WALL (      32 calls)

     Parallel routines
     fft_scatter  :      2.55s CPU      4.37s WALL (     689 calls)

     Plugins

     GIPAW        :     61.14s CPU     73.56s WALL (       1 calls)
