
     Program QE v.6.0 (svn rev. 13079) starts on 11Jan2017 at 23:50:55 

     This program is part of the open-source Quantum ESPRESSO suite
     for quantum simulation of materials; please cite
         "P. Giannozzi et al., J. Phys.:Condens. Matter 21 395502 (2009);
          URL http://www.quantum-espresso.org", 
     in publications or presentations arising from this work. More details at
     http://www.quantum-espresso.org/quote

     Parallel version (MPI), running on     8 processors
     R & G space division:  proc/nbgrp/npool/nimage =       8

     ***** This is GIPAW svn revision unknown      *****

     Parallelizing q-star over 1 images

     Reading data from directory:
     /users/majewski/paradichlorobenzene/pbe/9_constraint/scratch/pbe.ecut100.np8.dt60.pcl2phi-129368.save
     Message from routine read_xml_file:
     file /users/majewski/paradichlorobenzene/pbe/9_constraint/scratch/pbe.ecut100.np8.dt60.pcl2phi-129368.save not guaranteed to be safe for post-processing

   Info: using nr1, nr2, nr3 values from input

   Info: using nr1, nr2, nr3 values from input

     IMPORTANT: XC functional enforced from input :
     Exchange-correlation      =  SLA  PW   PBX  PBC ( 1  4  3  4 0 0)
     Any further DFT definition will be discarded
     Please, verify this is what you really want

               file C.pbe-n-kjpaw_psl.1.0.0.UPF: wavefunction(s)  2S 2P renormalized
               file Cl.pbe-n-kjpaw_psl.1.0.0.UPF: wavefunction(s)  3S 3P renormalized
               file H.pbe-kjpaw_psl.1.0.0.UPF: wavefunction(s)  1S renormalized

     Parallelization info
     --------------------
     sticks:   dense  smooth     PW     G-vecs:    dense   smooth      PW
     Min        3057    1223    332               144436    36536    5170
     Max        3059    1225    333               144437    36537    5171
     Sum       24467    9791   2657              1155489   292295   41363


     Subspace diagonalization in iterative solution of the eigenvalue problem:
     a serial algorithm will be used

     GIPAW projectors -----------------------------------------------
     atom=  C    l=0  rc=    1.2000  rs=    0.8000
     atom=  C    l=0  rc=    1.2000  rs=    0.8000
     atom=  C    l=1  rc=    1.4000  rs=    0.9333
     atom=  C    l=1  rc=    1.4000  rs=    0.9333
     projs nearly linearly dependent: l=1  n1,n2= 1, 2  s=  0.99951561

     atom=  Cl   l=0  rc=    1.6000  rs=    1.0667
     atom=  Cl   l=0  rc=    1.6000  rs=    1.0667
     atom=  Cl   l=1  rc=    1.6000  rs=    1.0667
     atom=  Cl   l=1  rc=    1.6000  rs=    1.0667
     atom=  Cl   l=2  rc=    1.6000  rs=    1.0667
     atom=  Cl   l=2  rc=    1.6000  rs=    1.0667
     projs nearly linearly dependent: l=2  n1,n2= 1, 2  s=  0.99993509

     atom=  H    l=0  rc=    1.0000  rs=    0.6667
     atom=  H    l=0  rc=    1.0000  rs=    0.6667
     projs nearly linearly dependent: l=0  n1,n2= 1, 2  s=  0.99968852
     -----------------------------------------------------------------

     GIPAW integrals: -------------------------------------------
     Atom  i/j   nmr_para   nmr_dia   epr_rmc  epr_para   epr_dia
       C   1 1   0.83E+03  0.17E-01  0.93E+01  0.24E+08  0.24E+03
       C   2 1   0.86E+03 -0.61E-01  0.94E+01  0.25E+08  0.25E+03
       C   2 2   0.90E+03 -0.15E+00  0.97E+01  0.26E+08  0.26E+03
       C   3 3   0.33E+01  0.34E+00  0.18E+01  0.55E+03  0.21E+02
       C   4 3   0.35E+01  0.37E+00  0.20E+01  0.59E+03  0.22E+02
       C   4 4   0.38E+01  0.39E+00  0.22E+01  0.63E+03  0.24E+02
       Cl  1 1   0.14E+04 -0.47E+00  0.84E+01  0.32E+09  0.42E+03
       Cl  2 1   0.21E+04 -0.37E+00  0.12E+02  0.49E+09  0.65E+03
       Cl  2 2   0.33E+04 -0.16E+00  0.21E+02  0.76E+09  0.10E+04
       Cl  3 3   0.21E+02  0.79E-01  0.89E+01  0.23E+05  0.13E+03
       Cl  4 3   0.24E+02  0.67E-01  0.99E+01  0.27E+05  0.15E+03
       Cl  4 4   0.28E+02  0.44E-01  0.11E+02  0.32E+05  0.18E+03
       Cl  5 5   0.77E+00  0.19E+00  0.18E+01  0.12E+03  0.22E+02
       Cl  6 5   0.80E+00  0.19E+00  0.19E+01  0.12E+03  0.23E+02
       Cl  6 6   0.83E+00  0.20E+00  0.19E+01  0.12E+03  0.23E+02
       H   1 1   0.39E+02  0.19E+00  0.29E+00  0.78E+05  0.13E+02
       H   2 1   0.41E+02  0.21E+00  0.32E+00  0.82E+05  0.14E+02
       H   2 2   0.43E+02  0.22E+00  0.36E+00  0.86E+05  0.15E+02
     ------------------------------------------------------------

     alpha_pv=     34.6076 eV

     Number of occupied bands for each k-point:
     k-point:     1    nbnd_occ=  42
     k-point:     2    nbnd_occ=  42
     k-point:     3    nbnd_occ=  42
     k-point:     4    nbnd_occ=  42
     k-point:     5    nbnd_occ=  42
     k-point:     6    nbnd_occ=  42
     k-point:     7    nbnd_occ=  42
     k-point:     8    nbnd_occ=  42
     k-point:     9    nbnd_occ=  42
     k-point:    10    nbnd_occ=  42
     k-point:    11    nbnd_occ=  42
     k-point:    12    nbnd_occ=  42
     k-point:    13    nbnd_occ=  42
     k-point:    14    nbnd_occ=  42
     k-point:    15    nbnd_occ=  42
     k-point:    16    nbnd_occ=  42


     q-space interpolation up to   110.00 Rydberg

     GIPAW job: efg                                                                             


     ELECTRIC FIELD GRADIENTS TENSORS IN Hartree/bohrradius^2:

     ----- bare term -----
     Cl   1        0.027986        0.043990       -0.048835
     Cl   1        0.043990        0.028757        0.071066
     Cl   1       -0.048835        0.071066       -0.056743

     C    2       -0.324761        0.249445       -0.397305
     C    2        0.249445       -0.017339       -0.490242
     C    2       -0.397305       -0.490242        0.342100

     C    3        0.066031        0.543701       -0.152416
     C    3        0.543701       -0.283670       -0.564301
     C    3       -0.152416       -0.564301        0.217639

     H    4       -0.207207       -0.195094       -0.426600
     H    4       -0.195094        0.426109       -0.083136
     H    4       -0.426600       -0.083136       -0.218902

     C    5       -0.670402        0.405010       -0.452948
     C    5        0.405010        0.394613       -0.124717
     C    5       -0.452948       -0.124717        0.275789

     H    6        0.119481        0.018189       -0.057577
     H    6        0.018189       -0.364756       -0.576532
     H    6       -0.057577       -0.576532        0.245275

     H    7        0.261667        0.299367       -0.204179
     H    7        0.299367       -0.386973        0.529648
     H    7       -0.204179        0.529648        0.125306

     C    8       -0.189722       -0.147641       -0.245120
     C    8       -0.147641        0.019206        0.523530
     C    8       -0.245120        0.523530        0.170517

     H    9       -0.398000        0.462086        0.139703
     H    9        0.462086        0.175590       -0.131683
     H    9        0.139703       -0.131683        0.222410

     C   10       -0.254847       -0.227300       -0.099378
     C   10       -0.227300       -0.113807        0.339604
     C   10       -0.099378        0.339604        0.368654

     C   11       -0.116194        0.122247       -0.233368
     C   11        0.122247       -0.006312        0.542796
     C   11       -0.233368        0.542796        0.122506

     Cl  12        0.281279       -0.200772        0.049111
     Cl  12       -0.200772        0.156971       -0.519468
     Cl  12        0.049111       -0.519468       -0.438249

     H   13        0.403052        0.154582       -0.015311
     H   13        0.154582       -0.753271       -0.267158
     H   13       -0.015311       -0.267158        0.350219

     C   14       -0.121730       -0.291499       -0.413029
     C   14       -0.291499        0.039457       -0.517669
     C   14       -0.413029       -0.517669        0.082273

     H   15        0.096765       -0.103632       -0.291189
     H   15       -0.103632        0.058867       -0.511912
     H   15       -0.291189       -0.511912       -0.155632

     C   16       -0.741232        0.363376       -0.388578
     C   16        0.363376        0.290578       -0.003617
     C   16       -0.388578       -0.003617        0.450655

     C   17        0.119611        0.091206       -0.116589
     C   17        0.091206       -0.401924       -0.420957
     C   17       -0.116589       -0.420957        0.282313

     Cl  18        0.021240        0.183170       -0.030022
     Cl  18        0.183170        0.055088       -0.154384
     Cl  18       -0.030022       -0.154384       -0.076328

     H   19        0.201192        0.069668       -0.179348
     H   19        0.069668       -0.365406        0.523443
     H   19       -0.179348        0.523443        0.164214

     C   20       -0.532744       -0.313440       -0.297095
     C   20       -0.313440        0.111064        0.214427
     C   20       -0.297095        0.214427        0.421680

     H   21       -0.492689        0.379196        0.183837
     H   21        0.379196        0.326780       -0.040673
     H   21        0.183837       -0.040673        0.165908

     C   22        0.032884        0.086588       -0.318214
     C   22        0.086588       -0.450622        0.408120
     C   22       -0.318214        0.408120        0.417738

     C   23       -0.715037       -0.221687       -0.335217
     C   23       -0.221687        0.105035        0.090387
     C   23       -0.335217        0.090387        0.610002

     Cl  24        0.196492       -0.053870        0.076895
     Cl  24       -0.053870        0.227034        0.104248
     Cl  24        0.076895        0.104248       -0.423526

     ----- ionic term -----
     Cl   1        0.176378       -0.224726        0.085421
     Cl   1       -0.224726       -0.031566       -0.039733
     Cl   1        0.085421       -0.039733       -0.144812

     C    2        0.095402       -0.185594        0.381947
     C    2       -0.185594        0.150140        0.411330
     C    2        0.381947        0.411330       -0.245542

     C    3        0.118985       -0.306868        0.238316
     C    3       -0.306868        0.231705        0.371524
     C    3        0.238316        0.371524       -0.350690

     H    4        0.485312        0.362032        0.689823
     H    4        0.362032       -0.325268        0.310630
     H    4        0.689823        0.310630       -0.160045

     C    5        0.194934       -0.250913        0.330312
     C    5       -0.250913        0.087493        0.267356
     C    5        0.330312        0.267356       -0.282427

     H    6       -0.525114       -0.022218        0.003384
     H    6       -0.022218        0.760413        0.637247
     H    6        0.003384        0.637247       -0.235298

     H    7       -0.498635       -0.166712        0.139635
     H    7       -0.166712        0.375358       -0.797175
     H    7        0.139635       -0.797175        0.123277

     C    8        0.351878        0.040201        0.089621
     C    8        0.040201        0.001353       -0.334883
     C    8        0.089621       -0.334883       -0.353231

     H    9        0.790080       -0.379790        0.477768
     H    9       -0.379790       -0.443467       -0.215824
     H    9        0.477768       -0.215824       -0.346612

     C   10        0.156998        0.110312        0.075148
     C   10        0.110312        0.163477       -0.456408
     C   10        0.075148       -0.456408       -0.320475

     C   11        0.259765        0.042947        0.040770
     C   11        0.042947        0.110983       -0.487589
     C   11        0.040770       -0.487589       -0.370748

     Cl  12        0.125972        0.189979       -0.083774
     Cl  12        0.189979       -0.003600       -0.059003
     Cl  12       -0.083774       -0.059003       -0.122372

     H   13       -0.521630        0.066966        0.049478
     H   13        0.066966        0.734046        0.651386
     H   13        0.049478        0.651386       -0.212416

     C   14        0.176844       -0.111601        0.401631
     C   14       -0.111601        0.056214        0.293508
     C   14        0.401631        0.293508       -0.233058

     H   15        0.309335        0.353102        0.719308
     H   15        0.353102       -0.337673        0.359751
     H   15        0.719308        0.359751        0.028338

     C   16        0.058826       -0.212317        0.271858
     C   16       -0.212317        0.186879        0.364625
     C   16        0.271858        0.364625       -0.245706

     C   17        0.073601       -0.206898        0.339404
     C   17       -0.206898        0.153034        0.379747
     C   17        0.339404        0.379747       -0.226635

     Cl  18        0.136456       -0.197836        0.062819
     Cl  18       -0.197836        0.008163       -0.031763
     Cl  18        0.062819       -0.031763       -0.144619

     H   19       -0.508386       -0.147722        0.067789
     H   19       -0.147722        0.655397       -0.730001
     H   19        0.067789       -0.730001       -0.147011

     C   20        0.364538        0.052077        0.052089
     C   20        0.052077        0.038671       -0.340431
     C   20        0.052089       -0.340431       -0.403209

     H   21        0.666585       -0.566062        0.388866
     H   21       -0.566062       -0.260908       -0.248629
     H   21        0.388866       -0.248629       -0.405677

     C   22        0.183988        0.063780        0.033539
     C   22        0.063780        0.173451       -0.420393
     C   22        0.033539       -0.420393       -0.357439

     C   23        0.290381        0.037739        0.057785
     C   23        0.037739        0.110200       -0.411614
     C   23        0.057785       -0.411614       -0.400581

     Cl  24        0.117384        0.208642       -0.065156
     Cl  24        0.208642        0.003993       -0.041798
     Cl  24       -0.065156       -0.041798       -0.121377

     ----- GIPAW term -----
     Cl   1       -0.669338       -1.190535       -0.203685
     Cl   1       -1.190535       -1.000136       -1.084349
     Cl   1       -0.203685       -1.084349        1.669473

     C    2       -0.088556       -0.008473       -0.100764
     C    2       -0.008473        0.081894       -0.217785
     C    2       -0.100764       -0.217785        0.006662

     C    3        0.042167        0.222021       -0.088764
     C    3        0.222021        0.010821       -0.148149
     C    3       -0.088764       -0.148149       -0.052987

     H    4       -0.000000        0.000000        0.000000
     H    4        0.000000        0.000000        0.000000
     H    4        0.000000        0.000000        0.000000

     C    5       -0.088843        0.220591       -0.013968
     C    5        0.220591        0.174515        0.066459
     C    5       -0.013968        0.066459       -0.085672

     H    6       -0.000000        0.000000        0.000000
     H    6        0.000000        0.000000        0.000000
     H    6        0.000000        0.000000        0.000000

     H    7       -0.000000        0.000000        0.000000
     H    7        0.000000        0.000000        0.000000
     H    7        0.000000        0.000000        0.000000

     C    8       -0.101902       -0.080144       -0.041989
     C    8       -0.080144        0.197161        0.197602
     C    8       -0.041989        0.197602       -0.095259

     H    9       -0.000000        0.000000        0.000000
     H    9        0.000000        0.000000        0.000000
     H    9        0.000000        0.000000        0.000000

     C   10       -0.107868       -0.062686       -0.073296
     C   10       -0.062686        0.011676        0.156520
     C   10       -0.073296        0.156520        0.096192

     C   11       -0.065041        0.054953       -0.039744
     C   11        0.054953        0.040167        0.183141
     C   11       -0.039744        0.183141        0.024874

     Cl  12        0.225356        0.015579       -0.224468
     Cl  12        0.015579       -0.113417       -0.250612
     Cl  12       -0.224468       -0.250612       -0.111939

     H   13       -0.000000        0.000000        0.000000
     H   13        0.000000        0.000000        0.000000
     H   13        0.000000        0.000000        0.000000

     C   14       -0.043826       -0.204978       -0.058878
     C   14       -0.204978        0.186007       -0.082637
     C   14       -0.058878       -0.082637       -0.142182

     H   15       -0.000000        0.000000        0.000000
     H   15        0.000000        0.000000        0.000000
     H   15        0.000000        0.000000        0.000000

     C   16       -0.206135       -0.013528       -0.088434
     C   16       -0.013528        0.150344        0.171382
     C   16       -0.088434        0.171382        0.055792

     C   17       -0.067084       -0.016546        0.042176
     C   17       -0.016546        0.052538        0.183651
     C   17        0.042176        0.183651        0.014547

     Cl  18       -0.736826       -0.471880        0.413218
     Cl  18       -0.471880       -0.644793        1.136447
     Cl  18        0.413218        1.136447        1.381619

     H   19       -0.000000        0.000000        0.000000
     H   19        0.000000        0.000000        0.000000
     H   19        0.000000        0.000000        0.000000

     C   20       -0.063573        0.076522       -0.048145
     C   20        0.076522        0.092666       -0.007516
     C   20       -0.048145       -0.007516       -0.029093

     H   21       -0.000000        0.000000        0.000000
     H   21        0.000000        0.000000        0.000000
     H   21        0.000000        0.000000        0.000000

     C   22       -0.025869        0.099563       -0.189887
     C   22        0.099563       -0.125156       -0.068320
     C   22       -0.189887       -0.068320        0.151025

     C   23       -0.178141        0.067333       -0.076613
     C   23        0.067333       -0.020577       -0.158549
     C   23       -0.076613       -0.158549        0.198718

     Cl  24       -0.276120        0.893211       -0.126542
     Cl  24        0.893211       -0.722197       -0.332894
     Cl  24       -0.126542       -0.332894        0.998317

     ----- total EFG -----
     Cl   1       -0.464973       -1.371270       -0.167099
     Cl   1       -1.371270       -1.002945       -1.053016
     Cl   1       -0.167099       -1.053016        1.467918

     C    2       -0.317915        0.055378       -0.116122
     C    2        0.055378        0.214694       -0.296698
     C    2       -0.116122       -0.296698        0.103220

     C    3        0.227183        0.458854       -0.002864
     C    3        0.458854       -0.041144       -0.340925
     C    3       -0.002864       -0.340925       -0.186038

     H    4        0.278105        0.166938        0.263223
     H    4        0.166938        0.100842        0.227494
     H    4        0.263223        0.227494       -0.378947

     C    5       -0.564311        0.374688       -0.136603
     C    5        0.374688        0.656620        0.209098
     C    5       -0.136603        0.209098       -0.092309

     H    6       -0.405633       -0.004029       -0.054193
     H    6       -0.004029        0.395657        0.060715
     H    6       -0.054193        0.060715        0.009976

     H    7       -0.236968        0.132655       -0.064544
     H    7        0.132655       -0.011615       -0.267527
     H    7       -0.064544       -0.267527        0.248583

     C    8        0.060253       -0.187584       -0.197488
     C    8       -0.187584        0.217720        0.386249
     C    8       -0.197488        0.386249       -0.277973

     H    9        0.392079        0.082297        0.617472
     H    9        0.082297       -0.267877       -0.347507
     H    9        0.617472       -0.347507       -0.124202

     C   10       -0.205718       -0.179674       -0.097525
     C   10       -0.179674        0.061346        0.039716
     C   10       -0.097525        0.039716        0.144372

     C   11        0.078530        0.220147       -0.232342
     C   11        0.220147        0.144838        0.238349
     C   11       -0.232342        0.238349       -0.223368

     Cl  12        0.632606        0.004786       -0.259131
     Cl  12        0.004786        0.039954       -0.829083
     Cl  12       -0.259131       -0.829083       -0.672560

     H   13       -0.118578        0.221548        0.034167
     H   13        0.221548       -0.019225        0.384228
     H   13        0.034167        0.384228        0.137803

     C   14        0.011288       -0.608077       -0.070276
     C   14       -0.608077        0.281679       -0.306798
     C   14       -0.070276       -0.306798       -0.292967

     H   15        0.406099        0.249470        0.428119
     H   15        0.249470       -0.278806       -0.152161
     H   15        0.428119       -0.152161       -0.127294

     C   16       -0.888541        0.137532       -0.205154
     C   16        0.137532        0.627801        0.532391
     C   16       -0.205154        0.532391        0.260740

     C   17        0.126128       -0.132238        0.264991
     C   17       -0.132238       -0.196353        0.142441
     C   17        0.264991        0.142441        0.070225

     Cl  18       -0.579130       -0.486546        0.446015
     Cl  18       -0.486546       -0.581541        0.950300
     Cl  18        0.446015        0.950300        1.160671

     H   19       -0.307193       -0.078054       -0.111559
     H   19       -0.078054        0.289991       -0.206558
     H   19       -0.111559       -0.206558        0.017202

     C   20       -0.231778       -0.184841       -0.293151
     C   20       -0.184841        0.242400       -0.133519
     C   20       -0.293151       -0.133519       -0.010622

     H   21        0.173897       -0.186866        0.572704
     H   21       -0.186866        0.065872       -0.289302
     H   21        0.572704       -0.289302       -0.239769

     C   22        0.191003        0.249931       -0.474562
     C   22        0.249931       -0.402327       -0.080592
     C   22       -0.474562       -0.080592        0.211324

     C   23       -0.602797       -0.116615       -0.354046
     C   23       -0.116615        0.194658       -0.479776
     C   23       -0.354046       -0.479776        0.408139

     Cl  24        0.037756        1.047982       -0.114804
     Cl  24        1.047982       -0.491170       -0.270443
     Cl  24       -0.114804       -0.270443        0.453414

     ----- total EFG (symmetrized) -----
     Cl   1       -0.464973       -1.371270       -0.167099
     Cl   1       -1.371270       -1.002945       -1.053016
     Cl   1       -0.167099       -1.053016        1.467918

     C    2       -0.317915        0.055378       -0.116122
     C    2        0.055378        0.214694       -0.296698
     C    2       -0.116122       -0.296698        0.103220

     C    3        0.227183        0.458854       -0.002864
     C    3        0.458854       -0.041144       -0.340925
     C    3       -0.002864       -0.340925       -0.186038

     H    4        0.278105        0.166938        0.263223
     H    4        0.166938        0.100842        0.227494
     H    4        0.263223        0.227494       -0.378947

     C    5       -0.564311        0.374688       -0.136603
     C    5        0.374688        0.656620        0.209098
     C    5       -0.136603        0.209098       -0.092309

     H    6       -0.405633       -0.004029       -0.054193
     H    6       -0.004029        0.395657        0.060715
     H    6       -0.054193        0.060715        0.009976

     H    7       -0.236968        0.132655       -0.064544
     H    7        0.132655       -0.011615       -0.267527
     H    7       -0.064544       -0.267527        0.248583

     C    8        0.060253       -0.187584       -0.197488
     C    8       -0.187584        0.217720        0.386249
     C    8       -0.197488        0.386249       -0.277973

     H    9        0.392079        0.082297        0.617472
     H    9        0.082297       -0.267877       -0.347507
     H    9        0.617472       -0.347507       -0.124202

     C   10       -0.205718       -0.179674       -0.097525
     C   10       -0.179674        0.061346        0.039716
     C   10       -0.097525        0.039716        0.144372

     C   11        0.078530        0.220147       -0.232342
     C   11        0.220147        0.144838        0.238349
     C   11       -0.232342        0.238349       -0.223368

     Cl  12        0.632606        0.004786       -0.259131
     Cl  12        0.004786        0.039954       -0.829083
     Cl  12       -0.259131       -0.829083       -0.672560

     H   13       -0.118578        0.221548        0.034167
     H   13        0.221548       -0.019225        0.384228
     H   13        0.034167        0.384228        0.137803

     C   14        0.011288       -0.608077       -0.070276
     C   14       -0.608077        0.281679       -0.306798
     C   14       -0.070276       -0.306798       -0.292967

     H   15        0.406099        0.249470        0.428119
     H   15        0.249470       -0.278806       -0.152161
     H   15        0.428119       -0.152161       -0.127294

     C   16       -0.888541        0.137532       -0.205154
     C   16        0.137532        0.627801        0.532391
     C   16       -0.205154        0.532391        0.260740

     C   17        0.126128       -0.132238        0.264991
     C   17       -0.132238       -0.196353        0.142441
     C   17        0.264991        0.142441        0.070225

     Cl  18       -0.579130       -0.486546        0.446015
     Cl  18       -0.486546       -0.581541        0.950300
     Cl  18        0.446015        0.950300        1.160671

     H   19       -0.307193       -0.078054       -0.111559
     H   19       -0.078054        0.289991       -0.206558
     H   19       -0.111559       -0.206558        0.017202

     C   20       -0.231778       -0.184841       -0.293151
     C   20       -0.184841        0.242400       -0.133519
     C   20       -0.293151       -0.133519       -0.010622

     H   21        0.173897       -0.186866        0.572704
     H   21       -0.186866        0.065872       -0.289302
     H   21        0.572704       -0.289302       -0.239769

     C   22        0.191003        0.249931       -0.474562
     C   22        0.249931       -0.402327       -0.080592
     C   22       -0.474562       -0.080592        0.211324

     C   23       -0.602797       -0.116615       -0.354046
     C   23       -0.116615        0.194658       -0.479776
     C   23       -0.354046       -0.479776        0.408139

     Cl  24        0.037756        1.047982       -0.114804
     Cl  24        1.047982       -0.491170       -0.270443
     Cl  24       -0.114804       -0.270443        0.453414


     NQR/NMR SPECTROSCOPIC PARAMETERS:
     Cl   1    Vxx=    0.4471    axis=(  0.794097 -0.483291 -0.368565)
     Cl   1    Vyy=    1.9108    axis=(  0.170517 -0.404896  0.898322)
     Cl   1    Vzz=   -2.3580    axis=( -0.583382 -0.776201 -0.239117)
     Cl   1  Q=        -8.1650 1e-30 m^2  Cq=        45.2364 MHz  eta= 0.62074

     C    2    Vxx=   -0.1292    axis=( -0.246737  0.655556  0.713699)
     C    2    Vyy=   -0.3489    axis=(  0.958026  0.054075  0.281535)
     C    2    Vzz=    0.4781    axis=(  0.145969  0.753208 -0.641382)
     C    2  Q=         1.0000 1e-30 m^2  Cq=         1.1233 MHz  eta= 0.45966

     C    3    Vxx=   -0.0417    axis=(  0.564110 -0.325868  0.758677)
     C    3    Vyy=   -0.5869    axis=(  0.393424 -0.701747 -0.593943)
     C    3    Vzz=    0.6287    axis=( -0.725946 -0.633531  0.267658)
     C    3  Q=         1.0000 1e-30 m^2  Cq=         1.4771 MHz  eta= 0.86723

     H    4    Vxx=    0.0055    axis=(  0.578278 -0.811478 -0.084252)
     H    4    Vyy=    0.5115    axis=(  0.776655  0.515940  0.361403)
     H    4    Vzz=   -0.5170    axis=( -0.249802 -0.274426  0.928595)
     H    4  Q=         1.0000 1e-30 m^2  Cq=        -1.2147 MHz  eta= 0.97873

     C    5    Vxx=   -0.0661    axis=( -0.331913 -0.099323  0.938066)
     C    5    Vyy=   -0.7276    axis=( -0.911272  0.290730 -0.291650)
     C    5    Vzz=    0.7937    axis=( -0.243757 -0.951636 -0.187007)
     C    5  Q=         1.0000 1e-30 m^2  Cq=         1.8648 MHz  eta= 0.83340

     H    6    Vxx=    0.0074    axis=( -0.127039 -0.154546  0.979784)
     H    6    Vyy=    0.4052    axis=( -0.015193  0.987975  0.153868)
     H    6    Vzz=   -0.4126    axis=( -0.991781  0.004661 -0.127859)
     H    6  Q=         1.0000 1e-30 m^2  Cq=        -0.9694 MHz  eta= 0.96400

     H    7    Vxx=   -0.1329    axis=(  0.504682  0.664329  0.551328)
     H    7    Vyy=   -0.3066    axis=( -0.843384  0.515802  0.150506)
     H    7    Vzz=    0.4394    axis=( -0.184391 -0.540939  0.820600)
     H    7  Q=         1.0000 1e-30 m^2  Cq=         1.0325 MHz  eta= 0.39532

     C    8    Vxx=   -0.0609    axis=(  0.870937  0.486027  0.072438)
     C    8    Vyy=   -0.5032    axis=( -0.167066  0.431500 -0.886508)
     C    8    Vzz=    0.5640    axis=( -0.462124  0.759991  0.457008)
     C    8  Q=         1.0000 1e-30 m^2  Cq=         1.3253 MHz  eta= 0.78422

     H    9    Vxx=   -0.0532    axis=(  0.412316  0.815543 -0.406061)
     H    9    Vyy=   -0.7653    axis=( -0.419146  0.565550  0.710261)
     H    9    Vzz=    0.8185    axis=(  0.808896 -0.122653  0.575017)
     H    9  Q=         1.0000 1e-30 m^2  Cq=         1.9232 MHz  eta= 0.86990

     C   10    Vxx=    0.0752    axis=( -0.205653  0.695289 -0.688680)
     C   10    Vyy=    0.2319    axis=( -0.397475  0.583719  0.708015)
     C   10    Vzz=   -0.3070    axis=(  0.894271  0.419339  0.156316)
     C   10  Q=         1.0000 1e-30 m^2  Cq=        -0.7214 MHz  eta= 0.51044

     C   11    Vxx=    0.1671    axis=( -0.649650  0.412629  0.638508)
     C   11    Vyy=    0.3370    axis=( -0.596588 -0.797285 -0.091761)
     C   11    Vzz=   -0.5041    axis=(  0.471209 -0.440538  0.764126)
     C   11  Q=         1.0000 1e-30 m^2  Cq=        -1.1843 MHz  eta= 0.33714

     Cl  12    Vxx=    0.4718    axis=( -0.613199  0.699142 -0.367680)
     Cl  12    Vyy=    0.7714    axis=( -0.781670 -0.469918  0.410084)
     Cl  12    Vzz=   -1.2432    axis=(  0.113927  0.538867  0.834652)
     Cl  12  Q=        -8.1650 1e-30 m^2  Cq=        23.8502 MHz  eta= 0.24104

     H   13    Vxx=   -0.0812    axis=( -0.829550 -0.219060  0.513674)
     H   13    Vyy=   -0.4173    axis=( -0.488059  0.731415 -0.476267)
     H   13    Vzz=    0.4985    axis=( -0.271378 -0.645790 -0.713659)
     H   13  Q=         1.0000 1e-30 m^2  Cq=         1.1712 MHz  eta= 0.67409

     C   14    Vxx=   -0.1487    axis=(  0.567451  0.240327 -0.787554)
     C   14    Vyy=   -0.6570    axis=(  0.577071  0.566193  0.588570)
     C   14    Vzz=    0.8057    axis=(  0.587357 -0.788459  0.182601)
     C   14  Q=         1.0000 1e-30 m^2  Cq=         1.8931 MHz  eta= 0.63086

     H   15    Vxx=   -0.0805    axis=( -0.191438 -0.737675  0.647447)
     H   15    Vyy=   -0.5868    axis=( -0.431796  0.655681  0.619383)
     H   15    Vzz=    0.6673    axis=(  0.881422  0.160991  0.444047)
     H   15  Q=         1.0000 1e-30 m^2  Cq=         1.5680 MHz  eta= 0.75870

     C   16    Vxx=   -0.0465    axis=( -0.281335 -0.558655  0.780228)
     C   16    Vyy=   -0.9610    axis=( -0.959602  0.160507 -0.231088)
     C   16    Vzz=    1.0074    axis=(  0.003867 -0.813721 -0.581243)
     C   16  Q=         1.0000 1e-30 m^2  Cq=         2.3671 MHz  eta= 0.90772

     C   17    Vxx=    0.0125    axis=(  0.485488 -0.681130 -0.548055)
     C   17    Vyy=    0.3647    axis=(  0.744745 -0.006114  0.667321)
     C   17    Vzz=   -0.3772    axis=( -0.457883 -0.732137  0.504300)
     C   17  Q=         1.0000 1e-30 m^2  Cq=        -0.8862 MHz  eta= 0.93364

     Cl  18    Vxx=   -0.1471    axis=(  0.802552 -0.578309  0.146521)
     Cl  18    Vyy=   -1.4538    axis=(  0.587445  0.723237 -0.363092)
     Cl  18    Vzz=    1.6009    axis=(  0.104010  0.377474  0.920161)
     Cl  18  Q=        -8.1650 1e-30 m^2  Cq=       -30.7129 MHz  eta= 0.81623

     H   19    Vxx=   -0.0285    axis=(  0.435691 -0.412213 -0.800159)
     H   19    Vyy=   -0.3730    axis=( -0.899786 -0.222803 -0.375158)
     H   19    Vzz=    0.4015    axis=( -0.023632  0.883425 -0.467977)
     H   19  Q=         1.0000 1e-30 m^2  Cq=         0.9434 MHz  eta= 0.85821

     C   20    Vxx=    0.1919    axis=( -0.578894  0.035044  0.814650)
     C   20    Vyy=    0.3122    axis=( -0.218815  0.955754 -0.196605)
     C   20    Vzz=   -0.5041    axis=( -0.785495 -0.292071 -0.545612)
     C   20  Q=         1.0000 1e-30 m^2  Cq=        -1.1845 MHz  eta= 0.23850

     H   21    Vxx=   -0.0643    axis=(  0.470988  0.877489  0.090462)
     H   21    Vyy=   -0.6675    axis=( -0.522010  0.194574  0.830449)
     H   21    Vzz=    0.7318    axis=(  0.711109 -0.438354  0.549700)
     H   21  Q=         1.0000 1e-30 m^2  Cq=         1.7194 MHz  eta= 0.82440

     C   22    Vxx=   -0.2136    axis=(  0.557625  0.437148  0.705660)
     C   22    Vyy=   -0.5108    axis=( -0.442386  0.875817 -0.192977)
     C   22    Vzz=    0.7244    axis=( -0.702388 -0.204565  0.681766)
     C   22  Q=         1.0000 1e-30 m^2  Cq=         1.7021 MHz  eta= 0.41026

     C   23    Vxx=   -0.0327    axis=( -0.447233  0.761327  0.469429)
     C   23    Vyy=   -0.7913    axis=(  0.881606  0.286716  0.374920)
     C   23    Vzz=    0.8240    axis=( -0.150844 -0.581528  0.799419)
     C   23  Q=         1.0000 1e-30 m^2  Cq=         1.9360 MHz  eta= 0.92071

     Cl  24    Vxx=    0.3381    axis=(  0.397953  0.211818  0.892618)
     Cl  24    Vyy=    0.9812    axis=(  0.689781  0.572400 -0.443352)
     Cl  24    Vzz=   -1.3192    axis=( -0.604844  0.792144  0.081680)
     Cl  24  Q=        -8.1650 1e-30 m^2  Cq=        25.3091 MHz  eta= 0.48750

     Initialization:
     gipaw_setup  :      8.99s CPU     10.84s WALL (       1 calls)

     Linear response

     Apply operators

     Induced current

     Other routines
     efg          :      9.20s CPU     11.57s WALL (       1 calls)

     General routines
     calbec       :      3.18s CPU      4.03s WALL (      16 calls)
     fft          :      1.51s CPU      2.11s WALL (      15 calls)
     ffts         :      0.04s CPU      0.06s WALL (       2 calls)
     fftw         :      3.36s CPU      4.14s WALL (     672 calls)
     davcio       :      0.02s CPU      0.32s WALL (      32 calls)

     Parallel routines
     fft_scatter  :      2.28s CPU      3.54s WALL (     689 calls)

     Plugins

     GIPAW        :     60.62s CPU     71.42s WALL (       1 calls)
