
     Program QE v.6.0 (svn rev. 13079) starts on 17Dec2016 at  4:39:32 

     This program is part of the open-source Quantum ESPRESSO suite
     for quantum simulation of materials; please cite
         "P. Giannozzi et al., J. Phys.:Condens. Matter 21 395502 (2009);
          URL http://www.quantum-espresso.org", 
     in publications or presentations arising from this work. More details at
     http://www.quantum-espresso.org/quote

     Parallel version (MPI), running on     8 processors
     R & G space division:  proc/nbgrp/npool/nimage =       8

     ***** This is GIPAW svn revision unknown      *****

     Parallelizing q-star over 1 images

     Reading data from directory:
     /users/majewski/paradichlorobenzene/pbe/9_constraint/scratch/pbe.ecut100.np8.dt60.pcl2phi-129368.save
     Message from routine read_xml_file:
     file /users/majewski/paradichlorobenzene/pbe/9_constraint/scratch/pbe.ecut100.np8.dt60.pcl2phi-129368.save not guaranteed to be safe for post-processing

   Info: using nr1, nr2, nr3 values from input

   Info: using nr1, nr2, nr3 values from input

     IMPORTANT: XC functional enforced from input :
     Exchange-correlation      =  SLA  PW   PBX  PBC ( 1  4  3  4 0 0)
     Any further DFT definition will be discarded
     Please, verify this is what you really want

               file C.pbe-n-kjpaw_psl.1.0.0.UPF: wavefunction(s)  2S 2P renormalized
               file Cl.pbe-n-kjpaw_psl.1.0.0.UPF: wavefunction(s)  3S 3P renormalized
               file H.pbe-kjpaw_psl.1.0.0.UPF: wavefunction(s)  1S renormalized

     Parallelization info
     --------------------
     sticks:   dense  smooth     PW     G-vecs:    dense   smooth      PW
     Min        3057    1223    332               144436    36536    5170
     Max        3059    1225    333               144437    36537    5171
     Sum       24467    9791   2657              1155489   292295   41363


     Subspace diagonalization in iterative solution of the eigenvalue problem:
     a serial algorithm will be used

     GIPAW projectors -----------------------------------------------
     atom=  C    l=0  rc=    1.2000  rs=    0.8000
     atom=  C    l=0  rc=    1.2000  rs=    0.8000
     atom=  C    l=1  rc=    1.4000  rs=    0.9333
     atom=  C    l=1  rc=    1.4000  rs=    0.9333
     projs nearly linearly dependent: l=1  n1,n2= 1, 2  s=  0.99951561

     atom=  Cl   l=0  rc=    1.6000  rs=    1.0667
     atom=  Cl   l=0  rc=    1.6000  rs=    1.0667
     atom=  Cl   l=1  rc=    1.6000  rs=    1.0667
     atom=  Cl   l=1  rc=    1.6000  rs=    1.0667
     atom=  Cl   l=2  rc=    1.6000  rs=    1.0667
     atom=  Cl   l=2  rc=    1.6000  rs=    1.0667
     projs nearly linearly dependent: l=2  n1,n2= 1, 2  s=  0.99993509

     atom=  H    l=0  rc=    1.0000  rs=    0.6667
     atom=  H    l=0  rc=    1.0000  rs=    0.6667
     projs nearly linearly dependent: l=0  n1,n2= 1, 2  s=  0.99968852
     -----------------------------------------------------------------

     GIPAW integrals: -------------------------------------------
     Atom  i/j   nmr_para   nmr_dia   epr_rmc  epr_para   epr_dia
       C   1 1   0.83E+03  0.17E-01  0.93E+01  0.24E+08  0.24E+03
       C   2 1   0.86E+03 -0.61E-01  0.94E+01  0.25E+08  0.25E+03
       C   2 2   0.90E+03 -0.15E+00  0.97E+01  0.26E+08  0.26E+03
       C   3 3   0.33E+01  0.34E+00  0.18E+01  0.55E+03  0.21E+02
       C   4 3   0.35E+01  0.37E+00  0.20E+01  0.59E+03  0.22E+02
       C   4 4   0.38E+01  0.39E+00  0.22E+01  0.63E+03  0.24E+02
       Cl  1 1   0.14E+04 -0.47E+00  0.84E+01  0.32E+09  0.42E+03
       Cl  2 1   0.21E+04 -0.37E+00  0.12E+02  0.49E+09  0.65E+03
       Cl  2 2   0.33E+04 -0.16E+00  0.21E+02  0.76E+09  0.10E+04
       Cl  3 3   0.21E+02  0.79E-01  0.89E+01  0.23E+05  0.13E+03
       Cl  4 3   0.24E+02  0.67E-01  0.99E+01  0.27E+05  0.15E+03
       Cl  4 4   0.28E+02  0.44E-01  0.11E+02  0.32E+05  0.18E+03
       Cl  5 5   0.77E+00  0.19E+00  0.18E+01  0.12E+03  0.22E+02
       Cl  6 5   0.80E+00  0.19E+00  0.19E+01  0.12E+03  0.23E+02
       Cl  6 6   0.83E+00  0.20E+00  0.19E+01  0.12E+03  0.23E+02
       H   1 1   0.39E+02  0.19E+00  0.29E+00  0.78E+05  0.13E+02
       H   2 1   0.41E+02  0.21E+00  0.32E+00  0.82E+05  0.14E+02
       H   2 2   0.43E+02  0.22E+00  0.36E+00  0.86E+05  0.15E+02
     ------------------------------------------------------------

     alpha_pv=     33.8888 eV

     Number of occupied bands for each k-point:
     k-point:     1    nbnd_occ=  42
     k-point:     2    nbnd_occ=  42
     k-point:     3    nbnd_occ=  42
     k-point:     4    nbnd_occ=  42
     k-point:     5    nbnd_occ=  42
     k-point:     6    nbnd_occ=  42
     k-point:     7    nbnd_occ=  42
     k-point:     8    nbnd_occ=  42
     k-point:     9    nbnd_occ=  42
     k-point:    10    nbnd_occ=  42
     k-point:    11    nbnd_occ=  42
     k-point:    12    nbnd_occ=  42
     k-point:    13    nbnd_occ=  42
     k-point:    14    nbnd_occ=  42
     k-point:    15    nbnd_occ=  42
     k-point:    16    nbnd_occ=  42


     q-space interpolation up to   110.00 Rydberg

     GIPAW job: efg                                                                             


     ELECTRIC FIELD GRADIENTS TENSORS IN Hartree/bohrradius^2:

     ----- bare term -----
     Cl   1        0.002157       -0.131755       -0.095669
     Cl   1       -0.131755       -0.033634        0.067152
     Cl   1       -0.095669        0.067152        0.031477

     C    2       -0.608514        0.292171       -0.236336
     C    2        0.292171        0.106889       -0.121338
     C    2       -0.236336       -0.121338        0.501625

     C    3        0.094932        0.018031       -0.008695
     C    3        0.018031       -0.398393       -0.269237
     C    3       -0.008695       -0.269237        0.303462

     H    4       -0.499627       -0.303422        0.233590
     H    4       -0.303422        0.354171       -0.022828
     H    4        0.233590       -0.022828        0.145455

     C    5       -0.741216        0.218980       -0.377870
     C    5        0.218980        0.142505       -0.013388
     C    5       -0.377870       -0.013388        0.598711

     H    6        0.465022       -0.231607        0.085215
     H    6       -0.231607       -0.574150       -0.016596
     H    6        0.085215       -0.016596        0.109128

     H    7        0.367166       -0.036175        0.035872
     H    7       -0.036175       -0.419628        0.556089
     H    7        0.035872        0.556089        0.052463

     C    8       -0.292348       -0.076206       -0.341973
     C    8       -0.076206       -0.039015        0.513265
     C    8       -0.341973        0.513265        0.331363

     H    9        0.002825        0.144749       -0.345822
     H    9        0.144749        0.467226       -0.039637
     H    9       -0.345822       -0.039637       -0.470051

     C   10       -0.267470       -0.389734       -0.284574
     C   10       -0.389734       -0.179152        0.307847
     C   10       -0.284574        0.307847        0.446622

     C   11       -0.215090        0.052300       -0.338907
     C   11        0.052300       -0.064414        0.652784
     C   11       -0.338907        0.652784        0.279504

     Cl  12       -0.081569       -0.143315       -0.008008
     Cl  12       -0.143315        0.109054       -0.015365
     Cl  12       -0.008008       -0.015365       -0.027485

     H   13        0.449490        0.040600        0.085842
     H   13        0.040600       -0.253142       -0.649594
     H   13        0.085842       -0.649594       -0.196348

     C   14       -0.120085       -0.050345       -0.308703
     C   14       -0.050345       -0.221344       -0.287596
     C   14       -0.308703       -0.287596        0.341429

     H   15       -0.143567       -0.498311       -0.245549
     H   15       -0.498311       -0.258837       -0.108107
     H   15       -0.245549       -0.108107        0.402403

     C   16       -0.791513        0.379079       -0.349336
     C   16        0.379079        0.361534       -0.025642
     C   16       -0.349336       -0.025642        0.429979

     C   17        0.068440        0.046716       -0.162305
     C   17        0.046716       -0.283392       -0.430492
     C   17       -0.162305       -0.430492        0.214952

     Cl  18       -0.191235        0.270558       -0.004654
     Cl  18        0.270558        0.042463       -0.035435
     Cl  18       -0.004654       -0.035435        0.148772

     H   19        0.363776        0.054867        0.185687
     H   19        0.054867       -0.194953        0.436874
     H   19        0.185687        0.436874       -0.168823

     C   20       -0.635204       -0.366545       -0.325297
     C   20       -0.366545        0.288598        0.363431
     C   20       -0.325297        0.363431        0.346607

     H   21        0.011379       -0.057736       -0.524218
     H   21       -0.057736        0.165602       -0.233971
     H   21       -0.524218       -0.233971       -0.176981

     C   22       -0.131811       -0.210867       -0.213312
     C   22       -0.210867       -0.114209        0.478076
     C   22       -0.213312        0.478076        0.246019

     C   23       -0.210863       -0.249036       -0.287198
     C   23       -0.249036       -0.112471        0.316660
     C   23       -0.287198        0.316660        0.323335

     Cl  24        0.172271        0.072064        0.074274
     Cl  24        0.072064       -0.116763       -0.336732
     Cl  24        0.074274       -0.336732       -0.055508

     ----- ionic term -----
     Cl   1        0.140673       -0.212505        0.042756
     Cl   1       -0.212505        0.016218       -0.023605
     Cl   1        0.042756       -0.023605       -0.156892

     C    2        0.259380       -0.112772        0.238538
     C    2       -0.112772        0.152745        0.306532
     C    2        0.238538        0.306532       -0.412125

     C    3        0.254009       -0.153673        0.113469
     C    3       -0.153673        0.163271        0.342548
     C    3        0.113469        0.342548       -0.417280

     H    4        0.755087        0.409427        0.506554
     H    4        0.409427       -0.359906        0.218618
     H    4        0.506554        0.218618       -0.395182

     C    5        0.350091       -0.053090        0.143802
     C    5       -0.053090        0.084867        0.296571
     C    5        0.143802        0.296571       -0.434958

     H    6       -0.486317        0.146790        0.045104
     H    6        0.146790        0.803982        0.582364
     H    6        0.045104        0.582364       -0.317666

     H    7       -0.541742        0.020375        0.019610
     H    7        0.020375        0.490873       -0.766130
     H    7        0.019610       -0.766130        0.050869

     C    8        0.136587        0.324781        0.329126
     C    8        0.324781        0.054374       -0.251444
     C    8        0.329126       -0.251444       -0.190961

     H    9        0.313261       -0.033677        0.793286
     H    9       -0.033677       -0.541164       -0.112910
     H    9        0.793286       -0.112910        0.227903

     C   10        0.071147        0.392837        0.245882
     C   10        0.392837        0.095201       -0.303621
     C   10        0.245882       -0.303621       -0.166348

     C   11        0.287264        0.202064        0.333252
     C   11        0.202064       -0.059712       -0.360372
     C   11        0.333252       -0.360372       -0.227552

     Cl  12        0.161079        0.197878        0.025860
     Cl  12        0.197878       -0.007829        0.009391
     Cl  12        0.025860        0.009391       -0.153250

     H   13       -0.523527        0.044692        0.041953
     H   13        0.044692        0.588966        0.746352
     H   13        0.041953        0.746352       -0.065439

     C   14        0.370962       -0.139147        0.167974
     C   14       -0.139147        0.015571        0.313081
     C   14        0.167974        0.313081       -0.386532

     H   15        0.725124        0.461421        0.481574
     H   15        0.461421       -0.343084        0.222944
     H   15        0.481574        0.222944       -0.382040

     C   16        0.224045       -0.165473        0.090270
     C   16       -0.165473        0.174494        0.402255
     C   16        0.090270        0.402255       -0.398539

     C   17        0.230930       -0.071393        0.087060
     C   17       -0.071393        0.146319        0.459100
     C   17        0.087060        0.459100       -0.377249

     Cl  18        0.154620       -0.173480       -0.059891
     Cl  18       -0.173480       -0.034822        0.035279
     Cl  18       -0.059891        0.035279       -0.119798

     H   19       -0.505000        0.030379       -0.010486
     H   19        0.030379        0.613991       -0.731916
     H   19       -0.010486       -0.731916       -0.108991

     C   20        0.324268        0.237789        0.370007
     C   20        0.237789        0.011881       -0.256775
     C   20        0.370007       -0.256775       -0.336149

     H   21        0.643576       -0.167483        0.694423
     H   21       -0.167483       -0.437148       -0.165793
     H   21        0.694423       -0.165793       -0.206427

     C   22        0.163473        0.300476        0.265725
     C   22        0.300476        0.186054       -0.283599
     C   22        0.265725       -0.283599       -0.349527

     C   23        0.038663        0.257072        0.331915
     C   23        0.257072        0.181505       -0.323329
     C   23        0.331915       -0.323329       -0.220168

     Cl  24        0.103764        0.222788        0.041811
     Cl  24        0.222788        0.039623        0.017832
     Cl  24        0.041811        0.017832       -0.143387

     ----- GIPAW term -----
     Cl   1        1.176503       -3.013421       -1.279206
     Cl   1       -3.013421       -0.339096        0.896882
     Cl   1       -1.279206        0.896882       -0.837407

     C    2       -0.102942       -0.035468       -0.095315
     C    2       -0.035468       -0.059224        0.061874
     C    2       -0.095315        0.061874        0.162165

     C    3       -0.030721       -0.017775       -0.045078
     C    3       -0.017775       -0.087054        0.018578
     C    3       -0.045078        0.018578        0.117775

     H    4       -0.000000        0.000000        0.000000
     H    4        0.000000        0.000000        0.000000
     H    4        0.000000        0.000000        0.000000

     C    5       -0.183496        0.011147       -0.064839
     C    5        0.011147       -0.055597        0.094862
     C    5       -0.064839        0.094862        0.239093

     H    6       -0.000000        0.000000        0.000000
     H    6        0.000000        0.000000        0.000000
     H    6        0.000000        0.000000        0.000000

     H    7       -0.000000        0.000000        0.000000
     H    7        0.000000        0.000000        0.000000
     H    7        0.000000        0.000000        0.000000

     C    8       -0.065995        0.017130       -0.044735
     C    8        0.017130        0.057227        0.161218
     C    8       -0.044735        0.161218        0.008768

     H    9       -0.000000        0.000000        0.000000
     H    9        0.000000        0.000000        0.000000
     H    9        0.000000        0.000000        0.000000

     C   10       -0.011679        0.007800       -0.116215
     C   10        0.007800       -0.033271       -0.008517
     C   10       -0.116215       -0.008517        0.044951

     C   11       -0.023259        0.126590       -0.068740
     C   11        0.126590        0.016958        0.196363
     C   11       -0.068740        0.196363        0.006301

     Cl  12        0.901864        1.280406       -0.079743
     Cl  12        1.280406        0.990850       -0.148561
     Cl  12       -0.079743       -0.148561       -1.892714

     H   13       -0.000000        0.000000        0.000000
     H   13        0.000000        0.000000        0.000000
     H   13        0.000000        0.000000        0.000000

     C   14       -0.100911       -0.086958       -0.095784
     C   14       -0.086958       -0.000792        0.143067
     C   14       -0.095784        0.143067        0.101703

     H   15       -0.000000        0.000000        0.000000
     H   15        0.000000        0.000000        0.000000
     H   15        0.000000        0.000000        0.000000

     C   16       -0.254743        0.050667       -0.056300
     C   16        0.050667        0.266996        0.153573
     C   16       -0.056300        0.153573       -0.012253

     C   17       -0.073475       -0.035618        0.023515
     C   17       -0.035618        0.112800        0.176483
     C   17        0.023515        0.176483       -0.039324

     Cl  18       -0.909382        0.305289       -0.443796
     Cl  18        0.305289        2.353277       -1.387262
     Cl  18       -0.443796       -1.387262       -1.443895

     H   19       -0.000000        0.000000        0.000000
     H   19        0.000000        0.000000        0.000000
     H   19        0.000000        0.000000        0.000000

     C   20       -0.187183       -0.092414       -0.057578
     C   20       -0.092414        0.184883        0.161895
     C   20       -0.057578        0.161895        0.002300

     H   21       -0.000000        0.000000        0.000000
     H   21        0.000000        0.000000        0.000000
     H   21        0.000000        0.000000        0.000000

     C   22       -0.124467       -0.045867       -0.082402
     C   22       -0.045867        0.002140        0.202718
     C   22       -0.082402        0.202718        0.122327

     C   23       -0.080838       -0.009505       -0.069176
     C   23       -0.009505        0.007671        0.164548
     C   23       -0.069176        0.164548        0.073167

     Cl  24       -0.051184        0.413111       -0.575593
     Cl  24        0.413111        0.288684        1.124610
     Cl  24       -0.575593        1.124610       -0.237500

     ----- total EFG -----
     Cl   1        1.319334       -3.357680       -1.332120
     Cl   1       -3.357680       -0.356512        0.940429
     Cl   1       -1.332120        0.940429       -0.962822

     C    2       -0.452075        0.143932       -0.093114
     C    2        0.143932        0.200410        0.247068
     C    2       -0.093114        0.247068        0.251665

     C    3        0.318220       -0.153418        0.059696
     C    3       -0.153418       -0.322176        0.091889
     C    3        0.059696        0.091889        0.003957

     H    4        0.255461        0.106005        0.740144
     H    4        0.106005       -0.005734        0.195791
     H    4        0.740144        0.195791       -0.249726

     C    5       -0.574621        0.177037       -0.298906
     C    5        0.177037        0.171776        0.378045
     C    5       -0.298906        0.378045        0.402845

     H    6       -0.021294       -0.084817        0.130318
     H    6       -0.084817        0.229832        0.565768
     H    6        0.130318        0.565768       -0.208538

     H    7       -0.174576       -0.015800        0.055482
     H    7       -0.015800        0.071245       -0.210041
     H    7        0.055482       -0.210041        0.103332

     C    8       -0.221756        0.265705       -0.057581
     C    8        0.265705        0.072586        0.423039
     C    8       -0.057581        0.423039        0.149171

     H    9        0.316085        0.111072        0.447464
     H    9        0.111072       -0.073938       -0.152548
     H    9        0.447464       -0.152548       -0.242148

     C   10       -0.208002        0.010903       -0.154906
     C   10        0.010903       -0.117222       -0.004292
     C   10       -0.154906       -0.004292        0.325224

     C   11        0.048914        0.380954       -0.074395
     C   11        0.380954       -0.107167        0.488775
     C   11       -0.074395        0.488775        0.058253

     Cl  12        0.981374        1.334969       -0.061891
     Cl  12        1.334969        1.092076       -0.154535
     Cl  12       -0.061891       -0.154535       -2.073450

     H   13       -0.074037        0.085292        0.127794
     H   13        0.085292        0.335824        0.096758
     H   13        0.127794        0.096758       -0.261787

     C   14        0.149966       -0.276450       -0.236514
     C   14       -0.276450       -0.206566        0.168552
     C   14       -0.236514        0.168552        0.056600

     H   15        0.581557       -0.036890        0.236025
     H   15       -0.036890       -0.601921        0.114837
     H   15        0.236025        0.114837        0.020364

     C   16       -0.822212        0.264273       -0.315365
     C   16        0.264273        0.803025        0.530186
     C   16       -0.315365        0.530186        0.019187

     C   17        0.225894       -0.060295       -0.051730
     C   17       -0.060295       -0.024274        0.205092
     C   17       -0.051730        0.205092       -0.201621

     Cl  18       -0.945997        0.402366       -0.508341
     Cl  18        0.402366        2.360918       -1.387418
     Cl  18       -0.508341       -1.387418       -1.414921

     H   19       -0.141225        0.085247        0.175201
     H   19        0.085247        0.419039       -0.295042
     H   19        0.175201       -0.295042       -0.277814

     C   20       -0.498119       -0.221170       -0.012868
     C   20       -0.221170        0.485362        0.268550
     C   20       -0.012868        0.268550        0.012757

     H   21        0.654955       -0.225219        0.170206
     H   21       -0.225219       -0.271546       -0.399764
     H   21        0.170206       -0.399764       -0.383409

     C   22       -0.092805        0.043742       -0.029989
     C   22        0.043742        0.073986        0.397195
     C   22       -0.029989        0.397195        0.018819

     C   23       -0.253039       -0.001469       -0.024459
     C   23       -0.001469        0.076705        0.157878
     C   23       -0.024459        0.157878        0.176333

     Cl  24        0.224851        0.707963       -0.459508
     Cl  24        0.707963        0.211544        0.805709
     Cl  24       -0.459508        0.805709       -0.436396

     ----- total EFG (symmetrized) -----
     Cl   1        1.319334       -3.357680       -1.332120
     Cl   1       -3.357680       -0.356512        0.940429
     Cl   1       -1.332120        0.940429       -0.962822

     C    2       -0.452075        0.143932       -0.093114
     C    2        0.143932        0.200410        0.247068
     C    2       -0.093114        0.247068        0.251665

     C    3        0.318220       -0.153418        0.059696
     C    3       -0.153418       -0.322176        0.091889
     C    3        0.059696        0.091889        0.003957

     H    4        0.255461        0.106005        0.740144
     H    4        0.106005       -0.005734        0.195791
     H    4        0.740144        0.195791       -0.249726

     C    5       -0.574621        0.177037       -0.298906
     C    5        0.177037        0.171776        0.378045
     C    5       -0.298906        0.378045        0.402845

     H    6       -0.021294       -0.084817        0.130318
     H    6       -0.084817        0.229832        0.565768
     H    6        0.130318        0.565768       -0.208538

     H    7       -0.174576       -0.015800        0.055482
     H    7       -0.015800        0.071245       -0.210041
     H    7        0.055482       -0.210041        0.103332

     C    8       -0.221756        0.265705       -0.057581
     C    8        0.265705        0.072586        0.423039
     C    8       -0.057581        0.423039        0.149171

     H    9        0.316085        0.111072        0.447464
     H    9        0.111072       -0.073938       -0.152548
     H    9        0.447464       -0.152548       -0.242148

     C   10       -0.208002        0.010903       -0.154906
     C   10        0.010903       -0.117222       -0.004292
     C   10       -0.154906       -0.004292        0.325224

     C   11        0.048914        0.380954       -0.074395
     C   11        0.380954       -0.107167        0.488775
     C   11       -0.074395        0.488775        0.058253

     Cl  12        0.981374        1.334969       -0.061891
     Cl  12        1.334969        1.092076       -0.154535
     Cl  12       -0.061891       -0.154535       -2.073450

     H   13       -0.074037        0.085292        0.127794
     H   13        0.085292        0.335824        0.096758
     H   13        0.127794        0.096758       -0.261787

     C   14        0.149966       -0.276450       -0.236514
     C   14       -0.276450       -0.206566        0.168552
     C   14       -0.236514        0.168552        0.056600

     H   15        0.581557       -0.036890        0.236025
     H   15       -0.036890       -0.601921        0.114837
     H   15        0.236025        0.114837        0.020364

     C   16       -0.822212        0.264273       -0.315365
     C   16        0.264273        0.803025        0.530186
     C   16       -0.315365        0.530186        0.019187

     C   17        0.225894       -0.060295       -0.051730
     C   17       -0.060295       -0.024274        0.205092
     C   17       -0.051730        0.205092       -0.201621

     Cl  18       -0.945997        0.402366       -0.508341
     Cl  18        0.402366        2.360918       -1.387418
     Cl  18       -0.508341       -1.387418       -1.414921

     H   19       -0.141225        0.085247        0.175201
     H   19        0.085247        0.419039       -0.295042
     H   19        0.175201       -0.295042       -0.277814

     C   20       -0.498119       -0.221170       -0.012868
     C   20       -0.221170        0.485362        0.268550
     C   20       -0.012868        0.268550        0.012757

     H   21        0.654955       -0.225219        0.170206
     H   21       -0.225219       -0.271546       -0.399764
     H   21        0.170206       -0.399764       -0.383409

     C   22       -0.092805        0.043742       -0.029989
     C   22        0.043742        0.073986        0.397195
     C   22       -0.029989        0.397195        0.018819

     C   23       -0.253039       -0.001469       -0.024459
     C   23       -0.001469        0.076705        0.157878
     C   23       -0.024459        0.157878        0.176333

     Cl  24        0.224851        0.707963       -0.459508
     Cl  24        0.707963        0.211544        0.805709
     Cl  24       -0.459508        0.805709       -0.436396


     NQR/NMR SPECTROSCOPIC PARAMETERS:
     Cl   1    Vxx=   -1.4507    axis=(  0.197196 -0.216650  0.956126)
     Cl   1    Vyy=   -2.9830    axis=( -0.623746 -0.780144 -0.048130)
     Cl   1    Vzz=    4.4337    axis=(  0.756343 -0.586888 -0.288976)
     Cl   1  Q=        -8.1650 1e-30 m^2  Cq=       -85.0584 MHz  eta= 0.34562

     C    2    Vxx=    0.0361    axis=( -0.326481 -0.688250  0.647859)
     C    2    Vyy=    0.4753    axis=( -0.031286 -0.677173 -0.735158)
     C    2    Vzz=   -0.5114    axis=( -0.944686  0.260284 -0.199551)
     C    2  Q=         1.0000 1e-30 m^2  Cq=        -1.2016 MHz  eta= 0.85875

     C    3    Vxx=    0.0271    axis=( -0.051766  0.275297  0.959965)
     C    3    Vyy=    0.3573    axis=( -0.972529  0.204557 -0.111106)
     C    3    Vzz=   -0.3844    axis=( -0.226955 -0.939345  0.257145)
     C    3  Q=         1.0000 1e-30 m^2  Cq=        -0.9032 MHz  eta= 0.85906

     H    4    Vxx=   -0.0413    axis=(  0.264062 -0.963969  0.032183)
     H    4    Vyy=   -0.7917    axis=(  0.563876  0.127221 -0.816002)
     H    4    Vzz=    0.8330    axis=(  0.782506  0.233622  0.577153)
     H    4  Q=         1.0000 1e-30 m^2  Cq=         1.9573 MHz  eta= 0.90082

     C    5    Vxx=    0.0491    axis=(  0.438557  0.774058 -0.456620)
     C    5    Vyy=    0.6985    axis=(  0.116821 -0.552877 -0.825033)
     C    5    Vzz=   -0.7476    axis=( -0.891078  0.308481 -0.332894)
     C    5  Q=         1.0000 1e-30 m^2  Cq=        -1.7565 MHz  eta= 0.86873

     H    6    Vxx=    0.0180    axis=(  0.969410 -0.143570  0.199076)
     H    6    Vyy=    0.6174    axis=(  0.005936  0.824555  0.565750)
     H    6    Vzz=   -0.6354    axis=( -0.245375 -0.547262  0.800184)
     H    6  Q=         1.0000 1e-30 m^2  Cq=        -1.4930 MHz  eta= 0.94325

     H    7    Vxx=   -0.1133    axis=(  0.359488  0.714267  0.600492)
     H    7    Vyy=   -0.1902    axis=( -0.926957  0.199325  0.317837)
     H    7    Vzz=    0.3035    axis=(  0.107327 -0.670889  0.733750)
     H    7  Q=         1.0000 1e-30 m^2  Cq=         0.7131 MHz  eta= 0.25342

     C    8    Vxx=   -0.0469    axis=( -0.739206 -0.363462  0.566983)
     C    8    Vyy=   -0.5146    axis=( -0.647219  0.616174 -0.448818)
     C    8    Vzz=    0.5616    axis=(  0.186231  0.698731  0.690719)
     C    8  Q=         1.0000 1e-30 m^2  Cq=         1.3195 MHz  eta= 0.83281

     H    9    Vxx=   -0.0029    axis=(  0.140625  0.932808 -0.331805)
     H    9    Vyy=   -0.5623    axis=(  0.459348 -0.358352 -0.812762)
     H    9    Vzz=    0.5652    axis=( -0.877054 -0.038119 -0.478877)
     H    9  Q=         1.0000 1e-30 m^2  Cq=         1.3281 MHz  eta= 0.98963

     C   10    Vxx=   -0.1167    axis=( -0.064359 -0.997406 -0.032250)
     C   10    Vyy=   -0.2504    axis=(  0.963372 -0.070529  0.258726)
     C   10    Vzz=    0.3671    axis=( -0.260329 -0.014417  0.965412)
     C   10  Q=         1.0000 1e-30 m^2  Cq=         0.8624 MHz  eta= 0.36437

     C   11    Vxx=    0.1242    axis=(  0.797193  0.040003 -0.602398)
     C   11    Vyy=    0.5597    axis=( -0.419867 -0.680249 -0.600810)
     C   11    Vzz=   -0.6839    axis=(  0.433815 -0.731889  0.525494)
     C   11  Q=         1.0000 1e-30 m^2  Cq=        -1.6069 MHz  eta= 0.63666

     Cl  12    Vxx=   -0.2972    axis=(  0.722560 -0.690427  0.034891)
     Cl  12    Vyy=   -2.0810    axis=(  0.001248 -0.049168 -0.998790)
     Cl  12    Vzz=    2.3782    axis=(  0.691307  0.721729 -0.034665)
     Cl  12  Q=        -8.1650 1e-30 m^2  Cq=       -45.6245 MHz  eta= 0.75005

     H   13    Vxx=   -0.0461    axis=(  0.874397 -0.293193  0.386611)
     H   13    Vyy=   -0.3302    axis=( -0.424589 -0.076691  0.902132)
     H   13    Vzz=    0.3763    axis=( -0.234849 -0.952973 -0.191545)
     H   13  Q=         1.0000 1e-30 m^2  Cq=         0.8841 MHz  eta= 0.75481

     C   14    Vxx=   -0.1308    axis=(  0.544632 -0.152497  0.824694)
     C   14    Vyy=   -0.3614    axis=(  0.429446  0.895344 -0.118047)
     C   14    Vzz=    0.4921    axis=( -0.720383  0.418454  0.553122)
     C   14  Q=         1.0000 1e-30 m^2  Cq=         1.1564 MHz  eta= 0.46861

     H   15    Vxx=   -0.0399    axis=( -0.336275  0.209658  0.918130)
     H   15    Vyy=   -0.6278    axis=(  0.068506  0.977768 -0.198185)
     H   15    Vzz=    0.6676    axis=( -0.939269 -0.003748 -0.343162)
     H   15  Q=         1.0000 1e-30 m^2  Cq=         1.5687 MHz  eta= 0.88059

     C   16    Vxx=   -0.0441    axis=( -0.453718 -0.366777  0.812167)
     C   16    Vyy=   -1.0313    axis=( -0.889579  0.240418 -0.388391)
     C   16    Vzz=    1.0754    axis=( -0.052807 -0.898707 -0.435359)
     C   16  Q=         1.0000 1e-30 m^2  Cq=         2.5267 MHz  eta= 0.91804

     C   17    Vxx=    0.0706    axis=( -0.451834 -0.751659 -0.480474)
     C   17    Vyy=    0.2660    axis=( -0.891912  0.369484  0.260720)
     C   17    Vzz=   -0.3366    axis=(  0.018445 -0.546342  0.837359)
     C   17  Q=         1.0000 1e-30 m^2  Cq=        -0.7908 MHz  eta= 0.58059

     Cl  18    Vxx=   -0.8938    axis=(  0.930284 -0.235063 -0.281632)
     Cl  18    Vyy=   -1.9988    axis=(  0.338889  0.256760  0.905112)
     Cl  18    Vzz=    2.8926    axis=( -0.140446 -0.937454  0.318520)
     Cl  18  Q=        -8.1650 1e-30 m^2  Cq=       -55.4932 MHz  eta= 0.38203

     H   19    Vxx=   -0.0349    axis=(  0.875007  0.137394  0.464203)
     H   19    Vyy=   -0.4929    axis=( -0.483088  0.310074  0.818829)
     H   19    Vzz=    0.5278    axis=( -0.031435 -0.940732  0.337691)
     H   19  Q=         1.0000 1e-30 m^2  Cq=         1.2401 MHz  eta= 0.86778

     C   20    Vxx=   -0.0951    axis=(  0.168431 -0.360321  0.917496)
     C   20    Vyy=   -0.5494    axis=(  0.969257  0.229911 -0.087642)
     C   20    Vzz=    0.6445    axis=( -0.179363  0.904052  0.387968)
     C   20  Q=         1.0000 1e-30 m^2  Cq=         1.5143 MHz  eta= 0.70497

     H   21    Vxx=   -0.0382    axis=(  0.376165  0.692138 -0.615991)
     H   21    Vyy=   -0.7314    axis=(  0.015049  0.660169  0.750967)
     H   21    Vzz=    0.7696    axis=(  0.926430 -0.291758  0.237916)
     H   21  Q=         1.0000 1e-30 m^2  Cq=         1.8082 MHz  eta= 0.90082

     C   22    Vxx=   -0.0831    axis=( -0.981713 -0.113357  0.152939)
     C   22    Vyy=   -0.3617    axis=(  0.189142 -0.671834  0.716145)
     C   22    Vzz=    0.4448    axis=( -0.021569 -0.731976 -0.680989)
     C   22  Q=         1.0000 1e-30 m^2  Cq=         1.0451 MHz  eta= 0.62643

     C   23    Vxx=   -0.0382    axis=(  0.061316  0.807242 -0.587028)
     C   23    Vyy=   -0.2546    axis=( -0.997405  0.027318 -0.066615)
     C   23    Vzz=    0.2928    axis=( -0.037738  0.589589  0.806822)
     C   23  Q=         1.0000 1e-30 m^2  Cq=         0.6881 MHz  eta= 0.73901

     Cl  24    Vxx=    0.3801    axis=(  0.691115 -0.280736 -0.665993)
     Cl  24    Vyy=    0.9915    axis=( -0.567024 -0.781996 -0.258777)
     Cl  24    Vzz=   -1.3716    axis=( -0.448156  0.556479 -0.699634)
     Cl  24  Q=        -8.1650 1e-30 m^2  Cq=        26.3132 MHz  eta= 0.44579

     Initialization:
     gipaw_setup  :      8.90s CPU     10.53s WALL (       1 calls)

     Linear response

     Apply operators

     Induced current

     Other routines
     efg          :      9.38s CPU     11.78s WALL (       1 calls)

     General routines
     calbec       :      3.39s CPU      4.55s WALL (      16 calls)
     fft          :      1.36s CPU      1.61s WALL (      15 calls)
     ffts         :      0.02s CPU      0.05s WALL (       2 calls)
     fftw         :      3.17s CPU      3.84s WALL (     672 calls)
     davcio       :      0.02s CPU      0.30s WALL (      32 calls)

     Parallel routines
     fft_scatter  :      1.93s CPU      2.63s WALL (     689 calls)

     Plugins

     GIPAW        :     61.30s CPU     71.38s WALL (       1 calls)
