
     Program QE v.6.0 (svn rev. 13079) starts on 23Jan2017 at 16: 4:16 

     This program is part of the open-source Quantum ESPRESSO suite
     for quantum simulation of materials; please cite
         "P. Giannozzi et al., J. Phys.:Condens. Matter 21 395502 (2009);
          URL http://www.quantum-espresso.org", 
     in publications or presentations arising from this work. More details at
     http://www.quantum-espresso.org/quote

     Parallel version (MPI), running on     8 processors
     R & G space division:  proc/nbgrp/npool/nimage =       8

     ***** This is GIPAW svn revision unknown      *****

     Parallelizing q-star over 1 images

     Reading data from directory:
     /users/majewski/paradichlorobenzene/pbe/9_constraint/scratch/pbe.ecut100.np8.dt60.pcl2phi-129368.save
     Message from routine read_xml_file:
     file /users/majewski/paradichlorobenzene/pbe/9_constraint/scratch/pbe.ecut100.np8.dt60.pcl2phi-129368.save not guaranteed to be safe for post-processing

   Info: using nr1, nr2, nr3 values from input

   Info: using nr1, nr2, nr3 values from input

     IMPORTANT: XC functional enforced from input :
     Exchange-correlation      =  SLA  PW   PBX  PBC ( 1  4  3  4 0 0)
     Any further DFT definition will be discarded
     Please, verify this is what you really want

               file C.pbe-n-kjpaw_psl.1.0.0.UPF: wavefunction(s)  2S 2P renormalized
               file Cl.pbe-n-kjpaw_psl.1.0.0.UPF: wavefunction(s)  3S 3P renormalized
               file H.pbe-kjpaw_psl.1.0.0.UPF: wavefunction(s)  1S renormalized

     Parallelization info
     --------------------
     sticks:   dense  smooth     PW     G-vecs:    dense   smooth      PW
     Min        3057    1223    332               144436    36536    5170
     Max        3059    1225    333               144437    36537    5171
     Sum       24467    9791   2657              1155489   292295   41363


     Subspace diagonalization in iterative solution of the eigenvalue problem:
     a serial algorithm will be used

     GIPAW projectors -----------------------------------------------
     atom=  C    l=0  rc=    1.2000  rs=    0.8000
     atom=  C    l=0  rc=    1.2000  rs=    0.8000
     atom=  C    l=1  rc=    1.4000  rs=    0.9333
     atom=  C    l=1  rc=    1.4000  rs=    0.9333
     projs nearly linearly dependent: l=1  n1,n2= 1, 2  s=  0.99951561

     atom=  Cl   l=0  rc=    1.6000  rs=    1.0667
     atom=  Cl   l=0  rc=    1.6000  rs=    1.0667
     atom=  Cl   l=1  rc=    1.6000  rs=    1.0667
     atom=  Cl   l=1  rc=    1.6000  rs=    1.0667
     atom=  Cl   l=2  rc=    1.6000  rs=    1.0667
     atom=  Cl   l=2  rc=    1.6000  rs=    1.0667
     projs nearly linearly dependent: l=2  n1,n2= 1, 2  s=  0.99993509

     atom=  H    l=0  rc=    1.0000  rs=    0.6667
     atom=  H    l=0  rc=    1.0000  rs=    0.6667
     projs nearly linearly dependent: l=0  n1,n2= 1, 2  s=  0.99968852
     -----------------------------------------------------------------

     GIPAW integrals: -------------------------------------------
     Atom  i/j   nmr_para   nmr_dia   epr_rmc  epr_para   epr_dia
       C   1 1   0.83E+03  0.17E-01  0.93E+01  0.24E+08  0.24E+03
       C   2 1   0.86E+03 -0.61E-01  0.94E+01  0.25E+08  0.25E+03
       C   2 2   0.90E+03 -0.15E+00  0.97E+01  0.26E+08  0.26E+03
       C   3 3   0.33E+01  0.34E+00  0.18E+01  0.55E+03  0.21E+02
       C   4 3   0.35E+01  0.37E+00  0.20E+01  0.59E+03  0.22E+02
       C   4 4   0.38E+01  0.39E+00  0.22E+01  0.63E+03  0.24E+02
       Cl  1 1   0.14E+04 -0.47E+00  0.84E+01  0.32E+09  0.42E+03
       Cl  2 1   0.21E+04 -0.37E+00  0.12E+02  0.49E+09  0.65E+03
       Cl  2 2   0.33E+04 -0.16E+00  0.21E+02  0.76E+09  0.10E+04
       Cl  3 3   0.21E+02  0.79E-01  0.89E+01  0.23E+05  0.13E+03
       Cl  4 3   0.24E+02  0.67E-01  0.99E+01  0.27E+05  0.15E+03
       Cl  4 4   0.28E+02  0.44E-01  0.11E+02  0.32E+05  0.18E+03
       Cl  5 5   0.77E+00  0.19E+00  0.18E+01  0.12E+03  0.22E+02
       Cl  6 5   0.80E+00  0.19E+00  0.19E+01  0.12E+03  0.23E+02
       Cl  6 6   0.83E+00  0.20E+00  0.19E+01  0.12E+03  0.23E+02
       H   1 1   0.39E+02  0.19E+00  0.29E+00  0.78E+05  0.13E+02
       H   2 1   0.41E+02  0.21E+00  0.32E+00  0.82E+05  0.14E+02
       H   2 2   0.43E+02  0.22E+00  0.36E+00  0.86E+05  0.15E+02
     ------------------------------------------------------------

     alpha_pv=     33.9347 eV

     Number of occupied bands for each k-point:
     k-point:     1    nbnd_occ=  42
     k-point:     2    nbnd_occ=  42
     k-point:     3    nbnd_occ=  42
     k-point:     4    nbnd_occ=  42
     k-point:     5    nbnd_occ=  42
     k-point:     6    nbnd_occ=  42
     k-point:     7    nbnd_occ=  42
     k-point:     8    nbnd_occ=  42
     k-point:     9    nbnd_occ=  42
     k-point:    10    nbnd_occ=  42
     k-point:    11    nbnd_occ=  42
     k-point:    12    nbnd_occ=  42
     k-point:    13    nbnd_occ=  42
     k-point:    14    nbnd_occ=  42
     k-point:    15    nbnd_occ=  42
     k-point:    16    nbnd_occ=  42


     q-space interpolation up to   110.00 Rydberg

     GIPAW job: efg                                                                             


     ELECTRIC FIELD GRADIENTS TENSORS IN Hartree/bohrradius^2:

     ----- bare term -----
     Cl   1        0.047756        0.126463       -0.035018
     Cl   1        0.126463        0.071678       -0.021329
     Cl   1       -0.035018       -0.021329       -0.119434

     C    2        0.072753        0.509050       -0.090469
     C    2        0.509050       -0.270416       -0.521674
     C    2       -0.090469       -0.521674        0.197663

     C    3       -0.112987        0.025689       -0.067452
     C    3        0.025689       -0.068718       -0.147889
     C    3       -0.067452       -0.147889        0.181705

     H    4       -0.372216       -0.346797        0.193786
     H    4       -0.346797        0.159183        0.093457
     H    4        0.193786        0.093457        0.213033

     C    5       -0.190159        0.238225       -0.223229
     C    5        0.238225       -0.182209       -0.154775
     C    5       -0.223229       -0.154775        0.372368

     H    6        0.254709       -0.386473        0.167516
     H    6       -0.386473       -0.524853        0.190626
     H    6        0.167516        0.190626        0.270144

     H    7        0.547949        0.006751       -0.037941
     H    7        0.006751       -0.062706        0.254598
     H    7       -0.037941        0.254598       -0.485243

     C    8       -0.392524       -0.334300        0.018929
     C    8       -0.334300        0.018203        0.385080
     C    8        0.018929        0.385080        0.374320

     H    9        0.035120       -0.082126       -0.510578
     H    9       -0.082126        0.188242       -0.231545
     H    9       -0.510578       -0.231545       -0.223362

     C   10       -0.086251        0.063910       -0.212034
     C   10        0.063910       -0.073907        0.609518
     C   10       -0.212034        0.609518        0.160158

     C   11       -0.340484       -0.343546       -0.144564
     C   11       -0.343546       -0.056196        0.357774
     C   11       -0.144564        0.357774        0.396679

     Cl  12       -0.020052        0.122367       -0.009525
     Cl  12        0.122367        0.043903        0.104590
     Cl  12       -0.009525        0.104590       -0.023851

     H   13        0.390194        0.137740       -0.243409
     H   13        0.137740       -0.582509        0.020252
     H   13       -0.243409        0.020252        0.192315

     C   14       -0.574673       -0.068739       -0.249539
     C   14       -0.068739        0.011261       -0.264546
     C   14       -0.249539       -0.264546        0.563412

     H   15       -0.320203       -0.451026        0.102259
     H   15       -0.451026        0.151681        0.171548
     H   15        0.102259        0.171548        0.168523

     C   16       -0.095991        0.358820        0.070899
     C   16        0.358820       -0.534431       -0.473046
     C   16        0.070899       -0.473046        0.630422

     C   17       -0.130715       -0.089098       -0.407215
     C   17       -0.089098       -0.065491       -0.477089
     C   17       -0.407215       -0.477089        0.196207

     Cl  18        0.038294        0.283209       -0.020259
     Cl  18        0.283209       -0.023211       -0.011123
     Cl  18       -0.020259       -0.011123       -0.015083

     H   19        0.144444       -0.060927        0.400032
     H   19       -0.060927        0.097036        0.391286
     H   19        0.400032        0.391286       -0.241480

     C   20        0.001364        0.214269       -0.569843
     C   20        0.214269       -0.107405        0.455367
     C   20       -0.569843        0.455367        0.106041

     H   21       -0.087072        0.147188       -0.307649
     H   21        0.147188        0.508902        0.109126
     H   21       -0.307649        0.109126       -0.421830

     C   22       -0.035015       -0.472424       -0.246230
     C   22       -0.472424       -0.272442        0.119469
     C   22       -0.246230        0.119469        0.307457

     C   23        0.123399        0.281996       -0.616000
     C   23        0.281996       -0.236829        0.557046
     C   23       -0.616000        0.557046        0.113430

     Cl  24       -0.071649       -0.349878       -0.151872
     Cl  24       -0.349878       -0.148964        0.009731
     Cl  24       -0.151872        0.009731        0.220613

     ----- ionic term -----
     Cl   1        0.145570       -0.187435       -0.005744
     Cl   1       -0.187435        0.016260       -0.002603
     Cl   1       -0.005744       -0.002603       -0.161830

     C    2        0.289779       -0.023206        0.153456
     C    2       -0.023206        0.291214        0.293632
     C    2        0.153456        0.293632       -0.580993

     C    3        0.276675       -0.156907        0.063458
     C    3       -0.156907        0.317428        0.269770
     C    3        0.063458        0.269770       -0.594103

     H    4        0.909840        0.454893        0.234027
     H    4        0.454893       -0.324643        0.142235
     H    4        0.234027        0.142235       -0.585197

     C    5        0.440982       -0.068996        0.138762
     C    5       -0.068996        0.155379        0.211205
     C    5        0.138762        0.211205       -0.596361

     H    6       -0.479141        0.219462        0.071248
     H    6        0.219462        0.973084        0.389115
     H    6        0.071248        0.389115       -0.493943

     H    7       -0.520231        0.118725       -0.068122
     H    7        0.118725        0.408716       -0.777686
     H    7       -0.068122       -0.777686        0.111515

     C    8        0.150974        0.361661        0.285731
     C    8        0.361661        0.020248       -0.258539
     C    8        0.285731       -0.258539       -0.171222

     H    9        0.439886       -0.143098        0.754535
     H    9       -0.143098       -0.492274       -0.192309
     H    9        0.754535       -0.192309        0.052388

     C   10        0.088299        0.376353        0.217236
     C   10        0.376353        0.109179       -0.339000
     C   10        0.217236       -0.339000       -0.197477

     C   11        0.142120        0.281484        0.320739
     C   11        0.281484        0.011584       -0.366384
     C   11        0.320739       -0.366384       -0.153704

     Cl  12        0.131620        0.245273        0.009886
     Cl  12        0.245273        0.029332        0.013159
     Cl  12        0.009886        0.013159       -0.160952

     H   13       -0.514183        0.055763        0.010405
     H   13        0.055763        0.843438        0.550912
     H   13        0.010405        0.550912       -0.329255

     C   14        0.357782       -0.055714        0.142867
     C   14       -0.055714        0.161960        0.252234
     C   14        0.142867        0.252234       -0.519743

     H   15        0.734178        0.551699        0.372321
     H   15        0.551699       -0.208556        0.189554
     H   15        0.372321        0.189554       -0.525622

     C   16        0.178924       -0.064022        0.113990
     C   16       -0.064022        0.358909        0.317724
     C   16        0.113990        0.317724       -0.537833

     C   17        0.253619       -0.040584        0.168219
     C   17       -0.040584        0.332971        0.306078
     C   17        0.168219        0.306078       -0.586590

     Cl  18        0.135827       -0.209054        0.025273
     Cl  18       -0.209054        0.032515       -0.009222
     Cl  18        0.025273       -0.009222       -0.168342

     H   19       -0.529958        0.069426       -0.046370
     H   19        0.069426        0.281026       -0.796900
     H   19       -0.046370       -0.796900        0.248932

     C   20        0.196844        0.274682        0.348524
     C   20        0.274682       -0.045751       -0.264630
     C   20        0.348524       -0.264630       -0.151093

     H   21        0.629764       -0.213484        0.719524
     H   21       -0.213484       -0.477545       -0.203983
     H   21        0.719524       -0.203983       -0.152218

     C   22        0.109148        0.306702        0.237677
     C   22        0.306702        0.123710       -0.338291
     C   22        0.237677       -0.338291       -0.232859

     C   23        0.072282        0.299524        0.297045
     C   23        0.299524        0.072957       -0.373553
     C   23        0.297045       -0.373553       -0.145239

     Cl  24        0.128267        0.219472        0.026272
     Cl  24        0.219472        0.022774        0.002802
     Cl  24        0.026272        0.002802       -0.151041

     ----- GIPAW term -----
     Cl   1        2.408986        0.230602       -0.480547
     Cl   1        0.230602        0.295736       -0.289454
     Cl   1       -0.480547       -0.289454       -2.704722

     C    2        0.203637        0.151237       -0.008954
     C    2        0.151237       -0.044649       -0.067228
     C    2       -0.008954       -0.067228       -0.158988

     C    3       -0.010400        0.033652       -0.063540
     C    3        0.033652       -0.001737       -0.046348
     C    3       -0.063540       -0.046348        0.012138

     H    4       -0.000000        0.000000        0.000000
     H    4        0.000000        0.000000        0.000000
     H    4        0.000000        0.000000        0.000000

     C    5       -0.005847        0.081387       -0.123239
     C    5        0.081387       -0.069838       -0.087986
     C    5       -0.123239       -0.087986        0.075685

     H    6       -0.000000        0.000000        0.000000
     H    6        0.000000        0.000000        0.000000
     H    6        0.000000        0.000000        0.000000

     H    7       -0.000000        0.000000        0.000000
     H    7        0.000000        0.000000        0.000000
     H    7        0.000000        0.000000        0.000000

     C    8       -0.028616        0.119509        0.130449
     C    8        0.119509        0.052354        0.154351
     C    8        0.130449        0.154351       -0.023739

     H    9       -0.000000        0.000000        0.000000
     H    9        0.000000        0.000000        0.000000
     H    9        0.000000        0.000000        0.000000

     C   10       -0.119670        0.096637        0.015351
     C   10        0.096637        0.073949        0.233386
     C   10        0.015351        0.233386        0.045721

     C   11        0.048316        0.198023        0.032651
     C   11        0.198023        0.059190        0.082285
     C   11        0.032651        0.082285       -0.107506

     Cl  12        0.714344        3.056556        0.388320
     Cl  12        3.056556        0.779229        1.351708
     Cl  12        0.388320        1.351708       -1.493572

     H   13       -0.000000        0.000000        0.000000
     H   13        0.000000        0.000000        0.000000
     H   13        0.000000        0.000000        0.000000

     C   14       -0.107766       -0.044494        0.144252
     C   14       -0.044494       -0.118126       -0.052936
     C   14        0.144252       -0.052936        0.225892

     H   15       -0.000000        0.000000        0.000000
     H   15        0.000000        0.000000        0.000000
     H   15        0.000000        0.000000        0.000000

     C   16       -0.110432        0.033005        0.081439
     C   16        0.033005       -0.178856       -0.092069
     C   16        0.081439       -0.092069        0.289288

     C   17        0.138014       -0.117529       -0.008960
     C   17       -0.117529       -0.046125       -0.051057
     C   17       -0.008960       -0.051057       -0.091889

     Cl  18        2.094914       -0.039899       -0.167392
     Cl  18       -0.039899        0.005296       -0.103749
     Cl  18       -0.167392       -0.103749       -2.100210

     H   19       -0.000000        0.000000        0.000000
     H   19        0.000000        0.000000        0.000000
     H   19        0.000000        0.000000        0.000000

     C   20        0.222019        0.137379       -0.182833
     C   20        0.137379       -0.135895        0.049402
     C   20       -0.182833        0.049402       -0.086123

     H   21       -0.000000        0.000000        0.000000
     H   21        0.000000        0.000000        0.000000
     H   21        0.000000        0.000000        0.000000

     C   22        0.110170       -0.027730       -0.173570
     C   22       -0.027730       -0.134053       -0.024736
     C   22       -0.173570       -0.024736        0.023883

     C   23        0.203349        0.171465       -0.220702
     C   23        0.171465       -0.123555        0.047199
     C   23       -0.220702        0.047199       -0.079794

     Cl  24        2.071420        0.327625       -2.020260
     Cl  24        0.327625       -1.465551        0.176467
     Cl  24       -2.020260        0.176467       -0.605869

     ----- total EFG -----
     Cl   1        2.602312        0.169630       -0.521308
     Cl   1        0.169630        0.383674       -0.313386
     Cl   1       -0.521308       -0.313386       -2.985986

     C    2        0.566169        0.637081        0.054034
     C    2        0.637081       -0.023852       -0.295270
     C    2        0.054034       -0.295270       -0.542317

     C    3        0.153288       -0.097566       -0.067533
     C    3       -0.097566        0.246972        0.075533
     C    3       -0.067533        0.075533       -0.400260

     H    4        0.537624        0.108096        0.427814
     H    4        0.108096       -0.165460        0.235692
     H    4        0.427814        0.235692       -0.372164

     C    5        0.244976        0.250617       -0.207706
     C    5        0.250617       -0.096668       -0.031556
     C    5       -0.207706       -0.031556       -0.148308

     H    6       -0.224432       -0.167011        0.238764
     H    6       -0.167011        0.448232        0.579741
     H    6        0.238764        0.579741       -0.223799

     H    7        0.027718        0.125476       -0.106063
     H    7        0.125476        0.346010       -0.523088
     H    7       -0.106063       -0.523088       -0.373728

     C    8       -0.270165        0.146870        0.435109
     C    8        0.146870        0.090806        0.280893
     C    8        0.435109        0.280893        0.179360

     H    9        0.475006       -0.225224        0.243957
     H    9       -0.225224       -0.304032       -0.423854
     H    9        0.243957       -0.423854       -0.170974

     C   10       -0.117622        0.536899        0.020553
     C   10        0.536899        0.109221        0.503905
     C   10        0.020553        0.503905        0.008401

     C   11       -0.150047        0.135961        0.208827
     C   11        0.135961        0.014578        0.073674
     C   11        0.208827        0.073674        0.135469

     Cl  12        0.825912        3.424196        0.388680
     Cl  12        3.424196        0.852464        1.469457
     Cl  12        0.388680        1.469457       -1.678376

     H   13       -0.123989        0.193504       -0.233004
     H   13        0.193504        0.260929        0.571163
     H   13       -0.233004        0.571163       -0.136940

     C   14       -0.324657       -0.168946        0.037579
     C   14       -0.168946        0.055096       -0.065248
     C   14        0.037579       -0.065248        0.269561

     H   15        0.413974        0.100674        0.474580
     H   15        0.100674       -0.056876        0.361102
     H   15        0.474580        0.361102       -0.357099

     C   16       -0.027499        0.327803        0.266327
     C   16        0.327803       -0.354378       -0.247392
     C   16        0.266327       -0.247392        0.381877

     C   17        0.260918       -0.247211       -0.247956
     C   17       -0.247211        0.221355       -0.222067
     C   17       -0.247956       -0.222067       -0.482273

     Cl  18        2.269035        0.034255       -0.162378
     Cl  18        0.034255        0.014600       -0.124095
     Cl  18       -0.162378       -0.124095       -2.283635

     H   19       -0.385514        0.008499        0.353662
     H   19        0.008499        0.378061       -0.405614
     H   19        0.353662       -0.405614        0.007452

     C   20        0.420227        0.626330       -0.404152
     C   20        0.626330       -0.289052        0.240138
     C   20       -0.404152        0.240138       -0.131175

     H   21        0.542692       -0.066296        0.411875
     H   21       -0.066296        0.031356       -0.094857
     H   21        0.411875       -0.094857       -0.574049

     C   22        0.184303       -0.193452       -0.182122
     C   22       -0.193452       -0.282784       -0.243558
     C   22       -0.182122       -0.243558        0.098481

     C   23        0.399030        0.752985       -0.539657
     C   23        0.752985       -0.287427        0.230693
     C   23       -0.539657        0.230693       -0.111603

     Cl  24        2.128038        0.197218       -2.145860
     Cl  24        0.197218       -1.591741        0.189000
     Cl  24       -2.145860        0.189000       -0.536297

     ----- total EFG (symmetrized) -----
     Cl   1        2.602312        0.169630       -0.521308
     Cl   1        0.169630        0.383674       -0.313386
     Cl   1       -0.521308       -0.313386       -2.985986

     C    2        0.566169        0.637081        0.054034
     C    2        0.637081       -0.023852       -0.295270
     C    2        0.054034       -0.295270       -0.542317

     C    3        0.153288       -0.097566       -0.067533
     C    3       -0.097566        0.246972        0.075533
     C    3       -0.067533        0.075533       -0.400260

     H    4        0.537624        0.108096        0.427814
     H    4        0.108096       -0.165460        0.235692
     H    4        0.427814        0.235692       -0.372164

     C    5        0.244976        0.250617       -0.207706
     C    5        0.250617       -0.096668       -0.031556
     C    5       -0.207706       -0.031556       -0.148308

     H    6       -0.224432       -0.167011        0.238764
     H    6       -0.167011        0.448232        0.579741
     H    6        0.238764        0.579741       -0.223799

     H    7        0.027718        0.125476       -0.106063
     H    7        0.125476        0.346010       -0.523088
     H    7       -0.106063       -0.523088       -0.373728

     C    8       -0.270165        0.146870        0.435109
     C    8        0.146870        0.090806        0.280893
     C    8        0.435109        0.280893        0.179360

     H    9        0.475006       -0.225224        0.243957
     H    9       -0.225224       -0.304032       -0.423854
     H    9        0.243957       -0.423854       -0.170974

     C   10       -0.117622        0.536899        0.020553
     C   10        0.536899        0.109221        0.503905
     C   10        0.020553        0.503905        0.008401

     C   11       -0.150047        0.135961        0.208827
     C   11        0.135961        0.014578        0.073674
     C   11        0.208827        0.073674        0.135469

     Cl  12        0.825912        3.424196        0.388680
     Cl  12        3.424196        0.852464        1.469457
     Cl  12        0.388680        1.469457       -1.678376

     H   13       -0.123989        0.193504       -0.233004
     H   13        0.193504        0.260929        0.571163
     H   13       -0.233004        0.571163       -0.136940

     C   14       -0.324657       -0.168946        0.037579
     C   14       -0.168946        0.055096       -0.065248
     C   14        0.037579       -0.065248        0.269561

     H   15        0.413974        0.100674        0.474580
     H   15        0.100674       -0.056876        0.361102
     H   15        0.474580        0.361102       -0.357099

     C   16       -0.027499        0.327803        0.266327
     C   16        0.327803       -0.354378       -0.247392
     C   16        0.266327       -0.247392        0.381877

     C   17        0.260918       -0.247211       -0.247956
     C   17       -0.247211        0.221355       -0.222067
     C   17       -0.247956       -0.222067       -0.482273

     Cl  18        2.269035        0.034255       -0.162378
     Cl  18        0.034255        0.014600       -0.124095
     Cl  18       -0.162378       -0.124095       -2.283635

     H   19       -0.385514        0.008499        0.353662
     H   19        0.008499        0.378061       -0.405614
     H   19        0.353662       -0.405614        0.007452

     C   20        0.420227        0.626330       -0.404152
     C   20        0.626330       -0.289052        0.240138
     C   20       -0.404152        0.240138       -0.131175

     H   21        0.542692       -0.066296        0.411875
     H   21       -0.066296        0.031356       -0.094857
     H   21        0.411875       -0.094857       -0.574049

     C   22        0.184303       -0.193452       -0.182122
     C   22       -0.193452       -0.282784       -0.243558
     C   22       -0.182122       -0.243558        0.098481

     C   23        0.399030        0.752985       -0.539657
     C   23        0.752985       -0.287427        0.230693
     C   23       -0.539657        0.230693       -0.111603

     Cl  24        2.128038        0.197218       -2.145860
     Cl  24        0.197218       -1.591741        0.189000
     Cl  24       -2.145860        0.189000       -0.536297


     NQR/NMR SPECTROSCOPIC PARAMETERS:
     Cl   1    Vxx=    0.3920    axis=(  0.094449 -0.992508  0.077502)
     Cl   1    Vyy=    2.6678    axis=(  0.991562  0.086844 -0.096241)
     Cl   1    Vzz=   -3.0598    axis=(  0.088790  0.085938  0.992336)
     Cl   1  Q=        -8.1650 1e-30 m^2  Cq=        58.7001 MHz  eta= 0.74377

     C    2    Vxx=   -0.2075    axis=( -0.469521  0.623233 -0.625404)
     C    2    Vyy=   -0.7745    axis=( -0.295711  0.556424  0.776497)
     C    2    Vzz=    0.9820    axis=( -0.831929 -0.549520  0.076956)
     C    2  Q=         1.0000 1e-30 m^2  Cq=         2.3073 MHz  eta= 0.57737

     C    3    Vxx=    0.0924    axis=(  0.838163  0.544515 -0.031409)
     C    3    Vyy=    0.3222    axis=( -0.536012  0.832988  0.137194)
     C    3    Vzz=   -0.4146    axis=(  0.100867 -0.098155  0.990046)
     C    3  Q=         1.0000 1e-30 m^2  Cq=        -0.9742 MHz  eta= 0.55413

     H    4    Vxx=   -0.1294    axis=(  0.330925 -0.898307 -0.289022)
     H    4    Vyy=   -0.6173    axis=(  0.288038  0.387817 -0.875575)
     H    4    Vzz=    0.7467    axis=(  0.898623  0.206500  0.387085)
     H    4  Q=         1.0000 1e-30 m^2  Cq=         1.7546 MHz  eta= 0.65330

     C    5    Vxx=   -0.1563    axis=(  0.080759 -0.709509 -0.700054)
     C    5    Vyy=   -0.2883    axis=(  0.516774 -0.570771  0.638095)
     C    5    Vzz=    0.4446    axis=(  0.852305  0.413301 -0.320561)
     C    5  Q=         1.0000 1e-30 m^2  Cq=         1.0447 MHz  eta= 0.29680

     H    6    Vxx=   -0.0570    axis=(  0.864914 -0.227484  0.447409)
     H    6    Vyy=   -0.7260    axis=(  0.501194  0.439357 -0.745500)
     H    6    Vzz=    0.7830    axis=( -0.026983  0.869032  0.494020)
     H    6  Q=         1.0000 1e-30 m^2  Cq=         1.8397 MHz  eta= 0.85441

     H    7    Vxx=   -0.0110    axis=(  0.967865 -0.242474  0.066667)
     H    7    Vyy=   -0.6507    axis=(  0.053825  0.458713  0.886953)
     H    7    Vzz=    0.6617    axis=( -0.245644 -0.854862  0.457023)
     H    7  Q=         1.0000 1e-30 m^2  Cq=         1.5548 MHz  eta= 0.96669

     C    8    Vxx=   -0.0941    axis=(  0.297711 -0.861510  0.411302)
     C    8    Vyy=   -0.5359    axis=(  0.846762  0.039336 -0.530516)
     C    8    Vzz=    0.6300    axis=(  0.440866  0.506215  0.741204)
     C    8  Q=         1.0000 1e-30 m^2  Cq=         1.4803 MHz  eta= 0.70142

     H    9    Vxx=   -0.0274    axis=(  0.550817  0.534192 -0.641280)
     H    9    Vyy=   -0.6667    axis=(  0.012426  0.763010  0.646267)
     H    9    Vzz=    0.6941    axis=(  0.834533 -0.363944  0.413641)
     H    9  Q=         1.0000 1e-30 m^2  Cq=         1.6310 MHz  eta= 0.92093

     C   10    Vxx=   -0.0698    axis=(  0.666003  0.087732 -0.740772)
     C   10    Vyy=   -0.7080    axis=( -0.591289  0.667512 -0.452553)
     C   10    Vzz=    0.7778    axis=( -0.454771 -0.739412 -0.496440)
     C   10  Q=         1.0000 1e-30 m^2  Cq=         1.8274 MHz  eta= 0.82062

     C   11    Vxx=   -0.0178    axis=( -0.073105 -0.856327  0.511234)
     C   11    Vyy=   -0.2875    axis=( -0.874792  0.301230  0.379473)
     C   11    Vzz=    0.3053    axis=(  0.478952  0.419481  0.771129)
     C   11  Q=         1.0000 1e-30 m^2  Cq=         0.7172 MHz  eta= 0.88338

     Cl  12    Vxx=   -1.4633    axis=( -0.522744  0.257221  0.812758)
     Cl  12    Vyy=   -3.0818    axis=( -0.521889  0.657296 -0.543686)
     Cl  12    Vzz=    4.5451    axis=(  0.674070  0.708378  0.209357)
     Cl  12  Q=        -8.1650 1e-30 m^2  Cq=       -87.1956 MHz  eta= 0.35609

     H   13    Vxx=    0.0335    axis=(  0.885287  0.242813 -0.396622)
     H   13    Vyy=    0.6675    axis=( -0.031769 -0.819298 -0.572487)
     H   13    Vzz=   -0.7010    axis=( -0.463959  0.519415 -0.717600)
     H   13  Q=         1.0000 1e-30 m^2  Cq=        -1.6471 MHz  eta= 0.90450

     C   14    Vxx=    0.0888    axis=( -0.320074  0.867887  0.379902)
     C   14    Vyy=    0.3003    axis=(  0.150084 -0.349484  0.924844)
     C   14    Vzz=   -0.3892    axis=( -0.935429 -0.353036  0.018396)
     C   14  Q=         1.0000 1e-30 m^2  Cq=        -0.9144 MHz  eta= 0.54342

     H   15    Vxx=   -0.0104    axis=(  0.470367 -0.849076 -0.240469)
     H   15    Vyy=   -0.7137    axis=(  0.320386  0.418209 -0.849973)
     H   15    Vzz=    0.7240    axis=(  0.822258  0.322756  0.468744)
     H   15  Q=         1.0000 1e-30 m^2  Cq=         1.7012 MHz  eta= 0.97133

     C   16    Vxx=    0.1523    axis=(  0.761578  0.605492 -0.231039)
     C   16    Vyy=    0.5224    axis=( -0.374097  0.119623 -0.919642)
     C   16    Vzz=   -0.6747    axis=( -0.529198  0.786810  0.317614)
     C   16  Q=         1.0000 1e-30 m^2  Cq=        -1.5853 MHz  eta= 0.54848

     C   17    Vxx=    0.1626    axis=(  0.571039  0.683367 -0.454889)
     C   17    Vyy=    0.4905    axis=( -0.752777  0.656939  0.041914)
     C   17    Vzz=   -0.6531    axis=(  0.327477  0.318496  0.889561)
     C   17  Q=         1.0000 1e-30 m^2  Cq=        -1.5344 MHz  eta= 0.50204

     Cl  18    Vxx=    0.0205    axis=(  0.018997 -0.998444  0.052435)
     Cl  18    Vyy=    2.2755    axis=(  0.999203  0.017118 -0.036054)
     Cl  18    Vzz=   -2.2959    axis=(  0.035100  0.053079  0.997973)
     Cl  18  Q=        -8.1650 1e-30 m^2  Cq=        44.0466 MHz  eta= 0.98217

     H   19    Vxx=   -0.0290    axis=(  0.587971  0.564738  0.579104)
     H   19    Vyy=   -0.6449    axis=(  0.786795 -0.233135 -0.571491)
     H   19    Vzz=    0.6739    axis=(  0.187733 -0.791656  0.581410)
     H   19  Q=         1.0000 1e-30 m^2  Cq=         1.5835 MHz  eta= 0.91387

     C   20    Vxx=    0.0416    axis=( -0.026988  0.553462  0.832437)
     C   20    Vyy=    0.8456    axis=(  0.868400  0.425444 -0.254711)
     C   20    Vzz=   -0.8872    axis=( -0.495129  0.716015 -0.492109)
     C   20  Q=         1.0000 1e-30 m^2  Cq=        -2.0846 MHz  eta= 0.90625

     H   21    Vxx=    0.0248    axis=(  0.161846  0.985797 -0.044836)
     H   21    Vyy=    0.6912    axis=( -0.938434  0.139700 -0.315953)
     H   21    Vzz=   -0.7160    axis=( -0.305202  0.093211  0.947715)
     H   21  Q=         1.0000 1e-30 m^2  Cq=        -1.6824 MHz  eta= 0.93077

     C   22    Vxx=    0.1686    axis=(  0.509818 -0.567401  0.646639)
     C   22    Vyy=    0.3285    axis=(  0.784707 -0.001358 -0.619865)
     C   22    Vzz=   -0.4971    axis=( -0.352590 -0.823441 -0.444551)
     C   22  Q=         1.0000 1e-30 m^2  Cq=        -1.1680 MHz  eta= 0.32165

     C   23    Vxx=    0.0472    axis=(  0.008193  0.579981  0.814589)
     C   23    Vyy=    0.9947    axis=(  0.841124  0.436547 -0.319277)
     C   23    Vzz=   -1.0419    axis=( -0.540781  0.687786 -0.484259)
     C   23  Q=         1.0000 1e-30 m^2  Cq=        -2.4480 MHz  eta= 0.90936

     Cl  24    Vxx=   -1.3917    axis=(  0.285152  0.791573  0.540463)
     Cl  24    Vyy=   -1.9313    axis=(  0.393009 -0.610854  0.687314)
     Cl  24    Vzz=    3.3229    axis=( -0.874204 -0.016418  0.485282)
     Cl  24  Q=        -8.1650 1e-30 m^2  Cq=       -63.7489 MHz  eta= 0.16240

     Initialization:
     gipaw_setup  :      9.16s CPU     10.99s WALL (       1 calls)

     Linear response

     Apply operators

     Induced current

     Other routines
     efg          :      9.55s CPU     11.66s WALL (       1 calls)

     General routines
     calbec       :      3.24s CPU      4.02s WALL (      16 calls)
     fft          :      1.94s CPU      3.50s WALL (      15 calls)
     ffts         :      0.04s CPU      0.04s WALL (       2 calls)
     fftw         :      3.41s CPU      4.09s WALL (     672 calls)
     davcio       :      0.03s CPU      0.32s WALL (      32 calls)

     Parallel routines
     fft_scatter  :      2.63s CPU      4.63s WALL (     689 calls)

     Plugins

     GIPAW        :     62.02s CPU     76.95s WALL (       1 calls)
