
     Program QE v.6.0 (svn rev. 13079) starts on  8Jan2017 at 17:29: 0 

     This program is part of the open-source Quantum ESPRESSO suite
     for quantum simulation of materials; please cite
         "P. Giannozzi et al., J. Phys.:Condens. Matter 21 395502 (2009);
          URL http://www.quantum-espresso.org", 
     in publications or presentations arising from this work. More details at
     http://www.quantum-espresso.org/quote

     Parallel version (MPI), running on     8 processors
     R & G space division:  proc/nbgrp/npool/nimage =       8

     ***** This is GIPAW svn revision unknown      *****

     Parallelizing q-star over 1 images

     Reading data from directory:
     /users/majewski/paradichlorobenzene/pbe/9_constraint/scratch/pbe.ecut100.np8.dt60.pcl2phi-129368.save
     Message from routine read_xml_file:
     file /users/majewski/paradichlorobenzene/pbe/9_constraint/scratch/pbe.ecut100.np8.dt60.pcl2phi-129368.save not guaranteed to be safe for post-processing

   Info: using nr1, nr2, nr3 values from input

   Info: using nr1, nr2, nr3 values from input

     IMPORTANT: XC functional enforced from input :
     Exchange-correlation      =  SLA  PW   PBX  PBC ( 1  4  3  4 0 0)
     Any further DFT definition will be discarded
     Please, verify this is what you really want

               file C.pbe-n-kjpaw_psl.1.0.0.UPF: wavefunction(s)  2S 2P renormalized
               file Cl.pbe-n-kjpaw_psl.1.0.0.UPF: wavefunction(s)  3S 3P renormalized
               file H.pbe-kjpaw_psl.1.0.0.UPF: wavefunction(s)  1S renormalized

     Parallelization info
     --------------------
     sticks:   dense  smooth     PW     G-vecs:    dense   smooth      PW
     Min        3057    1223    332               144436    36536    5170
     Max        3059    1225    333               144437    36537    5171
     Sum       24467    9791   2657              1155489   292295   41363


     Subspace diagonalization in iterative solution of the eigenvalue problem:
     a serial algorithm will be used

     GIPAW projectors -----------------------------------------------
     atom=  C    l=0  rc=    1.2000  rs=    0.8000
     atom=  C    l=0  rc=    1.2000  rs=    0.8000
     atom=  C    l=1  rc=    1.4000  rs=    0.9333
     atom=  C    l=1  rc=    1.4000  rs=    0.9333
     projs nearly linearly dependent: l=1  n1,n2= 1, 2  s=  0.99951561

     atom=  Cl   l=0  rc=    1.6000  rs=    1.0667
     atom=  Cl   l=0  rc=    1.6000  rs=    1.0667
     atom=  Cl   l=1  rc=    1.6000  rs=    1.0667
     atom=  Cl   l=1  rc=    1.6000  rs=    1.0667
     atom=  Cl   l=2  rc=    1.6000  rs=    1.0667
     atom=  Cl   l=2  rc=    1.6000  rs=    1.0667
     projs nearly linearly dependent: l=2  n1,n2= 1, 2  s=  0.99993509

     atom=  H    l=0  rc=    1.0000  rs=    0.6667
     atom=  H    l=0  rc=    1.0000  rs=    0.6667
     projs nearly linearly dependent: l=0  n1,n2= 1, 2  s=  0.99968852
     -----------------------------------------------------------------

     GIPAW integrals: -------------------------------------------
     Atom  i/j   nmr_para   nmr_dia   epr_rmc  epr_para   epr_dia
       C   1 1   0.83E+03  0.17E-01  0.93E+01  0.24E+08  0.24E+03
       C   2 1   0.86E+03 -0.61E-01  0.94E+01  0.25E+08  0.25E+03
       C   2 2   0.90E+03 -0.15E+00  0.97E+01  0.26E+08  0.26E+03
       C   3 3   0.33E+01  0.34E+00  0.18E+01  0.55E+03  0.21E+02
       C   4 3   0.35E+01  0.37E+00  0.20E+01  0.59E+03  0.22E+02
       C   4 4   0.38E+01  0.39E+00  0.22E+01  0.63E+03  0.24E+02
       Cl  1 1   0.14E+04 -0.47E+00  0.84E+01  0.32E+09  0.42E+03
       Cl  2 1   0.21E+04 -0.37E+00  0.12E+02  0.49E+09  0.65E+03
       Cl  2 2   0.33E+04 -0.16E+00  0.21E+02  0.76E+09  0.10E+04
       Cl  3 3   0.21E+02  0.79E-01  0.89E+01  0.23E+05  0.13E+03
       Cl  4 3   0.24E+02  0.67E-01  0.99E+01  0.27E+05  0.15E+03
       Cl  4 4   0.28E+02  0.44E-01  0.11E+02  0.32E+05  0.18E+03
       Cl  5 5   0.77E+00  0.19E+00  0.18E+01  0.12E+03  0.22E+02
       Cl  6 5   0.80E+00  0.19E+00  0.19E+01  0.12E+03  0.23E+02
       Cl  6 6   0.83E+00  0.20E+00  0.19E+01  0.12E+03  0.23E+02
       H   1 1   0.39E+02  0.19E+00  0.29E+00  0.78E+05  0.13E+02
       H   2 1   0.41E+02  0.21E+00  0.32E+00  0.82E+05  0.14E+02
       H   2 2   0.43E+02  0.22E+00  0.36E+00  0.86E+05  0.15E+02
     ------------------------------------------------------------

     alpha_pv=     33.9582 eV

     Number of occupied bands for each k-point:
     k-point:     1    nbnd_occ=  42
     k-point:     2    nbnd_occ=  42
     k-point:     3    nbnd_occ=  42
     k-point:     4    nbnd_occ=  42
     k-point:     5    nbnd_occ=  42
     k-point:     6    nbnd_occ=  42
     k-point:     7    nbnd_occ=  42
     k-point:     8    nbnd_occ=  42
     k-point:     9    nbnd_occ=  42
     k-point:    10    nbnd_occ=  42
     k-point:    11    nbnd_occ=  42
     k-point:    12    nbnd_occ=  42
     k-point:    13    nbnd_occ=  42
     k-point:    14    nbnd_occ=  42
     k-point:    15    nbnd_occ=  42
     k-point:    16    nbnd_occ=  42


     q-space interpolation up to   110.00 Rydberg

     GIPAW job: efg                                                                             


     ELECTRIC FIELD GRADIENTS TENSORS IN Hartree/bohrradius^2:

     ----- bare term -----
     Cl   1        0.086173       -0.031476        0.163550
     Cl   1       -0.031476       -0.187000        0.368535
     Cl   1        0.163550        0.368535        0.100826

     C    2        0.093744        0.138628       -0.093095
     C    2        0.138628       -0.026198       -0.582891
     C    2       -0.093095       -0.582891       -0.067546

     C    3       -0.388925        0.152931       -0.080034
     C    3        0.152931        0.049193       -0.036542
     C    3       -0.080034       -0.036542        0.339732

     H    4       -0.252622       -0.438173        0.079827
     H    4       -0.438173       -0.039319        0.148324
     H    4        0.079827        0.148324        0.291941

     C    5       -0.127743        0.026360       -0.246367
     C    5        0.026360        0.049963       -0.471940
     C    5       -0.246367       -0.471940        0.077780

     H    6        0.432486       -0.246166        0.005378
     H    6       -0.246166       -0.798213       -0.090865
     H    6        0.005378       -0.090865        0.365727

     H    7        0.351503        0.066226       -0.059522
     H    7        0.066226       -0.540463        0.595395
     H    7       -0.059522        0.595395        0.188959

     C    8       -0.705938       -0.309121       -0.493970
     C    8       -0.309121        0.120229       -0.014520
     C    8       -0.493970       -0.014520        0.585709

     H    9       -0.538108       -0.022552       -0.425745
     H    9       -0.022552        0.285833        0.147175
     H    9       -0.425745        0.147175        0.252274

     C   10        0.006699        0.154269       -0.322619
     C   10        0.154269       -0.121113        0.620137
     C   10       -0.322619        0.620137        0.114413

     C   11       -0.436154       -0.383776       -0.228514
     C   11       -0.383776        0.070022        0.302230
     C   11       -0.228514        0.302230        0.366132

     Cl  12        0.330908       -0.034210       -0.051167
     Cl  12       -0.034210       -0.012583       -0.511585
     Cl  12       -0.051167       -0.511585       -0.318325

     H   13        0.314458        0.131141       -0.322428
     H   13        0.131141       -0.523397        0.028869
     H   13       -0.322428        0.028869        0.208939

     C   14       -0.840919        0.197053       -0.334561
     C   14        0.197053        0.221001       -0.038226
     C   14       -0.334561       -0.038226        0.619918

     H   15       -0.278610       -0.364756        0.240113
     H   15       -0.364756        0.142962        0.147081
     H   15        0.240113        0.147081        0.135648

     C   16        0.195503        0.196949        0.090163
     C   16        0.196949       -0.377038       -0.202650
     C   16        0.090163       -0.202650        0.181535

     C   17       -0.673225        0.139863       -0.297963
     C   17        0.139863        0.050773       -0.163144
     C   17       -0.297963       -0.163144        0.622452

     Cl  18       -0.070864       -0.056450       -0.010658
     Cl  18       -0.056450       -0.032794        0.110035
     Cl  18       -0.010658        0.110035        0.103658

     H   19        0.466064        0.053585       -0.020392
     H   19        0.053585       -0.829449        0.111594
     H   19       -0.020392        0.111594        0.363385

     C   20       -0.088492        0.242544       -0.368474
     C   20        0.242544        0.007444        0.489091
     C   20       -0.368474        0.489091        0.081049

     H   21       -0.061570        0.229315       -0.390224
     H   21        0.229315       -0.137363        0.433000
     H   21       -0.390224        0.433000        0.198933

     C   22       -0.618152       -0.327170       -0.324881
     C   22       -0.327170        0.204222        0.102696
     C   22       -0.324881        0.102696        0.413930

     C   23        0.006654        0.143330       -0.329354
     C   23        0.143330       -0.307572        0.404917
     C   23       -0.329354        0.404917        0.300918

     Cl  24       -0.204733       -0.264977       -0.044590
     Cl  24       -0.264977       -0.046682       -0.033540
     Cl  24       -0.044590       -0.033540        0.251415

     ----- ionic term -----
     Cl   1        0.162139       -0.160503       -0.065383
     Cl   1       -0.160503       -0.024979        0.035292
     Cl   1       -0.065383        0.035292       -0.137159

     C    2        0.295248        0.015801        0.016046
     C    2        0.015801        0.190000        0.407910
     C    2        0.016046        0.407910       -0.485247

     C    3        0.235219       -0.111501        0.016824
     C    3       -0.111501        0.196126        0.382034
     C    3        0.016824        0.382034       -0.431345

     H    4        0.797836        0.446586        0.334772
     H    4        0.446586       -0.344957        0.176882
     H    4        0.334772        0.176882       -0.452879

     C    5        0.362684        0.002323        0.103855
     C    5        0.002323        0.107961        0.299791
     C    5        0.103855        0.299791       -0.470645

     H    6       -0.524432        0.171097        0.069337
     H    6        0.171097        0.837114        0.571035
     H    6        0.069337        0.571035       -0.312682

     H    7       -0.498223       -0.053533        0.030473
     H    7       -0.053533        0.560404       -0.713019
     H    7        0.030473       -0.713019       -0.062181

     C    8        0.230091        0.144094        0.313444
     C    8        0.144094        0.105334       -0.249461
     C    8        0.313444       -0.249461       -0.335425

     H    9        0.555984       -0.402560        0.632403
     H    9       -0.402560       -0.287831       -0.259089
     H    9        0.632403       -0.259089       -0.268153

     C   10        0.087050        0.148706        0.262503
     C   10        0.148706        0.347737       -0.271154
     C   10        0.262503       -0.271154       -0.434788

     C   11        0.107674        0.116168        0.422583
     C   11        0.116168        0.246207       -0.271088
     C   11        0.422583       -0.271088       -0.353881

     Cl  12        0.134346        0.222011        0.078620
     Cl  12        0.222011        0.020437        0.047000
     Cl  12        0.078620        0.047000       -0.154784

     H   13       -0.480942       -0.094573       -0.073068
     H   13       -0.094573        0.955512        0.415362
     H   13       -0.073068        0.415362       -0.474570

     C   14        0.440052       -0.071030       -0.016521
     C   14       -0.071030        0.118847        0.261698
     C   14       -0.016521        0.261698       -0.558900

     H   15        0.755705        0.591412        0.254564
     H   15        0.591412       -0.188256        0.156367
     H   15        0.254564        0.156367       -0.567449

     C   16        0.278979       -0.106895       -0.019828
     C   16       -0.106895        0.258926        0.317968
     C   16       -0.019828        0.317968       -0.537905

     C   17        0.258237       -0.053231        0.166903
     C   17       -0.053231        0.280441        0.298618
     C   17        0.166903        0.298618       -0.538678

     Cl  18        0.159880       -0.211965        0.026404
     Cl  18       -0.211965        0.004266       -0.012635
     Cl  18        0.026404       -0.012635       -0.164147

     H   19       -0.500922       -0.183408        0.111807
     H   19       -0.183408        0.694960       -0.632253
     H   19        0.111807       -0.632253       -0.194038

     C   20        0.167984        0.092503        0.395314
     C   20        0.092503        0.101720       -0.257010
     C   20        0.395314       -0.257010       -0.269705

     H   21        0.548606       -0.365098        0.662814
     H   21       -0.365098       -0.346015       -0.277024
     H   21        0.662814       -0.277024       -0.202591

     C   22        0.052918        0.180848        0.248840
     C   22        0.180848        0.296363       -0.339387
     C   22        0.248840       -0.339387       -0.349281

     C   23        0.161057        0.182608        0.300547
     C   23        0.182608        0.230987       -0.343163
     C   23        0.300547       -0.343163       -0.392044

     Cl  24        0.146581        0.207209        0.045671
     Cl  24        0.207209        0.026945        0.021757
     Cl  24        0.045671        0.021757       -0.173526

     ----- GIPAW term -----
     Cl   1        0.049529        0.146958       -0.528690
     Cl   1        0.146958        0.204596       -0.663152
     Cl   1       -0.528690       -0.663152       -0.254125

     C    2       -0.014294        0.064666       -0.014493
     C    2        0.064666        0.184480       -0.074611
     C    2       -0.014493       -0.074611       -0.170186

     C    3       -0.074662        0.031832       -0.022481
     C    3        0.031832        0.086342       -0.034301
     C    3       -0.022481       -0.034301       -0.011679

     H    4       -0.000000        0.000000        0.000000
     H    4        0.000000        0.000000        0.000000
     H    4        0.000000        0.000000        0.000000

     C    5       -0.113297        0.007103       -0.022968
     C    5        0.007103        0.266336       -0.076760
     C    5       -0.022968       -0.076760       -0.153039

     H    6       -0.000000        0.000000        0.000000
     H    6        0.000000        0.000000        0.000000
     H    6        0.000000        0.000000        0.000000

     H    7       -0.000000        0.000000        0.000000
     H    7        0.000000        0.000000        0.000000
     H    7        0.000000        0.000000        0.000000

     C    8       -0.151117        0.038548       -0.173880
     C    8        0.038548        0.011482       -0.169307
     C    8       -0.173880       -0.169307        0.139634

     H    9       -0.000000        0.000000        0.000000
     H    9        0.000000        0.000000        0.000000
     H    9        0.000000        0.000000        0.000000

     C   10       -0.049860        0.195055       -0.075631
     C   10        0.195055        0.164352        0.055046
     C   10       -0.075631        0.055046       -0.114491

     C   11       -0.123079        0.017962       -0.014109
     C   11        0.017962        0.137153        0.166051
     C   11       -0.014109        0.166051       -0.014075

     Cl  12        0.179436        0.614298       -0.238855
     Cl  12        0.614298       -0.101753        0.326329
     Cl  12       -0.238855        0.326329       -0.077683

     H   13       -0.000000        0.000000        0.000000
     H   13        0.000000        0.000000        0.000000
     H   13        0.000000        0.000000        0.000000

     C   14       -0.195510        0.045300        0.061759
     C   14        0.045300       -0.035428        0.127751
     C   14        0.061759        0.127751        0.230938

     H   15       -0.000000        0.000000        0.000000
     H   15        0.000000        0.000000        0.000000
     H   15        0.000000        0.000000        0.000000

     C   16       -0.002251        0.008441        0.014507
     C   16        0.008441       -0.051537        0.016611
     C   16        0.014507        0.016611        0.053787

     C   17       -0.177476       -0.066195       -0.040641
     C   17       -0.066195       -0.073453        0.108004
     C   17       -0.040641        0.108004        0.250929

     Cl  18        0.542198       -2.383382       -0.212945
     Cl  18       -2.383382       -0.196961        1.021063
     Cl  18       -0.212945        1.021063       -0.345237

     H   19       -0.000000        0.000000        0.000000
     H   19        0.000000        0.000000        0.000000
     H   19        0.000000        0.000000        0.000000

     C   20       -0.053435        0.135693       -0.022111
     C   20        0.135693        0.171825        0.126107
     C   20       -0.022111        0.126107       -0.118390

     H   21       -0.000000        0.000000        0.000000
     H   21        0.000000        0.000000        0.000000
     H   21        0.000000        0.000000        0.000000

     C   22       -0.175239        0.087272       -0.103675
     C   22        0.087272        0.203158       -0.115769
     C   22       -0.103675       -0.115769       -0.027919

     C   23       -0.058058        0.158315       -0.073736
     C   23        0.158315        0.016758       -0.153858
     C   23       -0.073736       -0.153858        0.041300

     Cl  24       -0.946893        1.012110       -1.069848
     Cl  24        1.012110       -0.968085       -1.365601
     Cl  24       -1.069848       -1.365601        1.914978

     ----- total EFG -----
     Cl   1        0.297841       -0.045021       -0.430523
     Cl   1       -0.045021       -0.007383       -0.259325
     Cl   1       -0.430523       -0.259325       -0.290458

     C    2        0.374698        0.219095       -0.091542
     C    2        0.219095        0.348281       -0.249592
     C    2       -0.091542       -0.249592       -0.722979

     C    3       -0.228369        0.073262       -0.085691
     C    3        0.073262        0.331661        0.311190
     C    3       -0.085691        0.311190       -0.103292

     H    4        0.545214        0.008413        0.414600
     H    4        0.008413       -0.384275        0.325207
     H    4        0.414600        0.325207       -0.160938

     C    5        0.121644        0.035787       -0.165480
     C    5        0.035787        0.424260       -0.248909
     C    5       -0.165480       -0.248909       -0.545904

     H    6       -0.091946       -0.075069        0.074715
     H    6       -0.075069        0.038901        0.480170
     H    6        0.074715        0.480170        0.053045

     H    7       -0.146719        0.012693       -0.029049
     H    7        0.012693        0.019942       -0.117623
     H    7       -0.029049       -0.117623        0.126778

     C    8       -0.626964       -0.126479       -0.354405
     C    8       -0.126479        0.237045       -0.433288
     C    8       -0.354405       -0.433288        0.389919

     H    9        0.017876       -0.425111        0.206658
     H    9       -0.425111       -0.001998       -0.111914
     H    9        0.206658       -0.111914       -0.015879

     C   10        0.043889        0.498030       -0.135747
     C   10        0.498030        0.390976        0.404030
     C   10       -0.135747        0.404030       -0.434865

     C   11       -0.451558       -0.249647        0.179960
     C   11       -0.249647        0.453382        0.197193
     C   11        0.179960        0.197193       -0.001824

     Cl  12        0.644691        0.802098       -0.211402
     Cl  12        0.802098       -0.093899       -0.138256
     Cl  12       -0.211402       -0.138256       -0.550792

     H   13       -0.166485        0.036568       -0.395496
     H   13        0.036568        0.432115        0.444232
     H   13       -0.395496        0.444232       -0.265630

     C   14       -0.596377        0.171323       -0.289324
     C   14        0.171323        0.304420        0.351223
     C   14       -0.289324        0.351223        0.291957

     H   15        0.477095        0.226656        0.494677
     H   15        0.226656       -0.045294        0.303449
     H   15        0.494677        0.303449       -0.431802

     C   16        0.472231        0.098495        0.084841
     C   16        0.098495       -0.169649        0.131929
     C   16        0.084841        0.131929       -0.302582

     C   17       -0.592465        0.020436       -0.171701
     C   17        0.020436        0.257761        0.243478
     C   17       -0.171701        0.243478        0.334704

     Cl  18        0.631215       -2.651797       -0.197200
     Cl  18       -2.651797       -0.225489        1.118463
     Cl  18       -0.197200        1.118463       -0.405726

     H   19       -0.034857       -0.129823        0.091415
     H   19       -0.129823       -0.134489       -0.520659
     H   19        0.091415       -0.520659        0.169346

     C   20        0.026057        0.470741        0.004729
     C   20        0.470741        0.280989        0.358188
     C   20        0.004729        0.358188       -0.307046

     H   21        0.487036       -0.135783        0.272589
     H   21       -0.135783       -0.483378        0.155976
     H   21        0.272589        0.155976       -0.003658

     C   22       -0.740472       -0.059050       -0.179716
     C   22       -0.059050        0.703743       -0.352460
     C   22       -0.179716       -0.352460        0.036730

     C   23        0.109653        0.484254       -0.102543
     C   23        0.484254       -0.059827       -0.092104
     C   23       -0.102543       -0.092104       -0.049826

     Cl  24       -1.005045        0.954342       -1.068767
     Cl  24        0.954342       -0.987822       -1.377384
     Cl  24       -1.068767       -1.377384        1.992867

     ----- total EFG (symmetrized) -----
     Cl   1        0.297841       -0.045021       -0.430523
     Cl   1       -0.045021       -0.007383       -0.259325
     Cl   1       -0.430523       -0.259325       -0.290458

     C    2        0.374698        0.219095       -0.091542
     C    2        0.219095        0.348281       -0.249592
     C    2       -0.091542       -0.249592       -0.722979

     C    3       -0.228369        0.073262       -0.085691
     C    3        0.073262        0.331661        0.311190
     C    3       -0.085691        0.311190       -0.103292

     H    4        0.545214        0.008413        0.414600
     H    4        0.008413       -0.384275        0.325207
     H    4        0.414600        0.325207       -0.160938

     C    5        0.121644        0.035787       -0.165480
     C    5        0.035787        0.424260       -0.248909
     C    5       -0.165480       -0.248909       -0.545904

     H    6       -0.091946       -0.075069        0.074715
     H    6       -0.075069        0.038901        0.480170
     H    6        0.074715        0.480170        0.053045

     H    7       -0.146719        0.012693       -0.029049
     H    7        0.012693        0.019942       -0.117623
     H    7       -0.029049       -0.117623        0.126778

     C    8       -0.626964       -0.126479       -0.354405
     C    8       -0.126479        0.237045       -0.433288
     C    8       -0.354405       -0.433288        0.389919

     H    9        0.017876       -0.425111        0.206658
     H    9       -0.425111       -0.001998       -0.111914
     H    9        0.206658       -0.111914       -0.015879

     C   10        0.043889        0.498030       -0.135747
     C   10        0.498030        0.390976        0.404030
     C   10       -0.135747        0.404030       -0.434865

     C   11       -0.451558       -0.249647        0.179960
     C   11       -0.249647        0.453382        0.197193
     C   11        0.179960        0.197193       -0.001824

     Cl  12        0.644691        0.802098       -0.211402
     Cl  12        0.802098       -0.093899       -0.138256
     Cl  12       -0.211402       -0.138256       -0.550792

     H   13       -0.166485        0.036568       -0.395496
     H   13        0.036568        0.432115        0.444232
     H   13       -0.395496        0.444232       -0.265630

     C   14       -0.596377        0.171323       -0.289324
     C   14        0.171323        0.304420        0.351223
     C   14       -0.289324        0.351223        0.291957

     H   15        0.477095        0.226656        0.494677
     H   15        0.226656       -0.045294        0.303449
     H   15        0.494677        0.303449       -0.431802

     C   16        0.472231        0.098495        0.084841
     C   16        0.098495       -0.169649        0.131929
     C   16        0.084841        0.131929       -0.302582

     C   17       -0.592465        0.020436       -0.171701
     C   17        0.020436        0.257761        0.243478
     C   17       -0.171701        0.243478        0.334704

     Cl  18        0.631215       -2.651797       -0.197200
     Cl  18       -2.651797       -0.225489        1.118463
     Cl  18       -0.197200        1.118463       -0.405726

     H   19       -0.034857       -0.129823        0.091415
     H   19       -0.129823       -0.134489       -0.520659
     H   19        0.091415       -0.520659        0.169346

     C   20        0.026057        0.470741        0.004729
     C   20        0.470741        0.280989        0.358188
     C   20        0.004729        0.358188       -0.307046

     H   21        0.487036       -0.135783        0.272589
     H   21       -0.135783       -0.483378        0.155976
     H   21        0.272589        0.155976       -0.003658

     C   22       -0.740472       -0.059050       -0.179716
     C   22       -0.059050        0.703743       -0.352460
     C   22       -0.179716       -0.352460        0.036730

     C   23        0.109653        0.484254       -0.102543
     C   23        0.484254       -0.059827       -0.092104
     C   23       -0.102543       -0.092104       -0.049826

     Cl  24       -1.005045        0.954342       -1.068767
     Cl  24        0.954342       -0.987822       -1.377384
     Cl  24       -1.068767       -1.377384        1.992867


     NQR/NMR SPECTROSCOPIC PARAMETERS:
     Cl   1    Vxx=    0.0822    axis=(  0.324874 -0.909919  0.257885)
     Cl   1    Vyy=    0.5387    axis=(  0.853412  0.164524 -0.494590)
     Cl   1    Vzz=   -0.6209    axis=(  0.407609  0.380762  0.829985)
     Cl   1  Q=        -8.1650 1e-30 m^2  Cq=        11.9108 MHz  eta= 0.73525

     C    2    Vxx=    0.1560    axis=(  0.726818 -0.676876  0.116511)
     C    2    Vyy=    0.6239    axis=(  0.685787  0.705847 -0.177414)
     C    2    Vzz=   -0.7799    axis=(  0.037848  0.208849  0.977215)
     C    2  Q=         1.0000 1e-30 m^2  Cq=        -1.8324 MHz  eta= 0.59998

     C    3    Vxx=   -0.1361    axis=(  0.761889  0.271797 -0.587922)
     C    3    Vyy=   -0.3586    axis=( -0.646716  0.369451 -0.667282)
     C    3    Vzz=    0.4947    axis=( -0.035843 -0.888613 -0.457256)
     C    3  Q=         1.0000 1e-30 m^2  Cq=         1.1625 MHz  eta= 0.44978

     H    4    Vxx=   -0.0878    axis=(  0.414256 -0.667276 -0.618979)
     H    4    Vyy=   -0.6684    axis=(  0.215479  0.732645 -0.645601)
     H    4    Vzz=    0.7562    axis=(  0.884286  0.134067  0.447286)
     H    4  Q=         1.0000 1e-30 m^2  Cq=         1.7768 MHz  eta= 0.76771

     C    5    Vxx=    0.1373    axis=(  0.959113 -0.243997 -0.143417)
     C    5    Vyy=    0.4996    axis=(  0.202000  0.945072 -0.256973)
     C    5    Vzz=   -0.6369    axis=(  0.198240  0.217496  0.955718)
     C    5  Q=         1.0000 1e-30 m^2  Cq=        -1.4964 MHz  eta= 0.56888

     H    6    Vxx=   -0.0618    axis=( -0.961860  0.195450 -0.191376)
     H    6    Vyy=   -0.4644    axis=( -0.273541 -0.685025  0.675216)
     H    6    Vzz=    0.5262    axis=(  0.000873  0.701812  0.712361)
     H    6  Q=         1.0000 1e-30 m^2  Cq=         1.2363 MHz  eta= 0.76501

     H    7    Vxx=   -0.0556    axis=( -0.053208  0.842970  0.535323)
     H    7    Vyy=   -0.1498    axis=( -0.994648  0.002808 -0.103285)
     H    7    Vzz=    0.2053    axis=( -0.088570 -0.537953  0.838309)
     H    7  Q=         1.0000 1e-30 m^2  Cq=         0.4824 MHz  eta= 0.45886

     C    8    Vxx=    0.0240    axis=(  0.418003 -0.760961 -0.496196)
     C    8    Vyy=    0.7815    axis=( -0.145416 -0.595208  0.790304)
     C    8    Vzz=   -0.8054    axis=( -0.896731 -0.258195 -0.359455)
     C    8  Q=         1.0000 1e-30 m^2  Cq=        -1.8925 MHz  eta= 0.94043

     H    9    Vxx=   -0.0989    axis=( -0.147165  0.399455  0.904864)
     H    9    Vyy=   -0.4290    axis=(  0.720283  0.670257 -0.178742)
     H    9    Vzz=    0.5279    axis=( -0.677891  0.625453 -0.386359)
     H    9  Q=         1.0000 1e-30 m^2  Cq=         1.2403 MHz  eta= 0.62532

     C   10    Vxx=   -0.0524    axis=( -0.748904  0.305171  0.588229)
     C   10    Vyy=   -0.7481    axis=(  0.423883 -0.461706  0.779198)
     C   10    Vzz=    0.8005    axis=(  0.509378  0.832885  0.216417)
     C   10  Q=         1.0000 1e-30 m^2  Cq=         1.8810 MHz  eta= 0.86901

     C   11    Vxx=    0.0427    axis=(  0.414377 -0.176765  0.892774)
     C   11    Vyy=    0.5592    axis=(  0.184674 -0.944219 -0.272666)
     C   11    Vzz=   -0.6018    axis=(  0.891172  0.277858 -0.358618)
     C   11  Q=         1.0000 1e-30 m^2  Cq=        -1.4140 MHz  eta= 0.85823

     Cl  12    Vxx=   -0.5871    axis=(  0.181787 -0.020049  0.983133)
     Cl  12    Vyy=   -0.6079    axis=(  0.522071 -0.845280 -0.113771)
     Cl  12    Vzz=    1.1950    axis=(  0.833304  0.533948 -0.143194)
     Cl  12  Q=        -8.1650 1e-30 m^2  Cq=       -22.9249 MHz  eta= 0.01745

     H   13    Vxx=    0.0569    axis=(  0.807789  0.415868 -0.417769)
     H   13    Vyy=    0.6752    axis=( -0.189978  0.854569  0.483342)
     H   13    Vzz=   -0.7321    axis=(  0.558019 -0.311071  0.769318)
     H   13  Q=         1.0000 1e-30 m^2  Cq=        -1.7202 MHz  eta= 0.84461

     C   14    Vxx=    0.0979    axis=(  0.418916  0.678541 -0.603400)
     C   14    Vyy=    0.6554    axis=(  0.072902 -0.687507 -0.722509)
     C   14    Vzz=   -0.7532    axis=( -0.905094  0.258681 -0.337474)
     C   14  Q=         1.0000 1e-30 m^2  Cq=        -1.7698 MHz  eta= 0.74015

     H   15    Vxx=   -0.1144    axis=(  0.452452 -0.881161 -0.137270)
     H   15    Vyy=   -0.7086    axis=(  0.317084  0.302824 -0.898752)
     H   15    Vzz=    0.8230    axis=(  0.833514  0.363116  0.416415)
     H   15  Q=         1.0000 1e-30 m^2  Cq=         1.9337 MHz  eta= 0.72197

     C   16    Vxx=   -0.1163    axis=( -0.212512  0.840459  0.498465)
     C   16    Vyy=   -0.3844    axis=( -0.025689 -0.514746  0.856958)
     C   16    Vzz=    0.5007    axis=(  0.976821  0.169309  0.130980)
     C   16  Q=         1.0000 1e-30 m^2  Cq=         1.1764 MHz  eta= 0.53540

     C   17    Vxx=    0.0730    axis=(  0.179746  0.776273 -0.604228)
     C   17    Vyy=    0.5551    axis=( -0.104506  0.625825  0.772931)
     C   17    Vzz=   -0.6280    axis=(  0.978146 -0.075786  0.193615)
     C   17  Q=         1.0000 1e-30 m^2  Cq=        -1.4756 MHz  eta= 0.76760

     Cl  18    Vxx=   -0.3892    axis=(  0.391620  0.082553  0.916416)
     Cl  18    Vyy=   -2.7235    axis=( -0.577205 -0.753588  0.314547)
     Cl  18    Vzz=    3.1127    axis=( -0.716567  0.652143  0.247470)
     Cl  18  Q=        -8.1650 1e-30 m^2  Cq=       -59.7156 MHz  eta= 0.74990

     H   19    Vxx=   -0.0661    axis=(  0.966900  0.057350 -0.248628)
     H   19    Vyy=   -0.5300    axis=(  0.102805  0.804258  0.585320)
     H   19    Vzz=    0.5961    axis=(  0.233529 -0.591507  0.771741)
     H   19  Q=         1.0000 1e-30 m^2  Cq=         1.4005 MHz  eta= 0.77833

     C   20    Vxx=   -0.1551    axis=( -0.730403  0.274844  0.625277)
     C   20    Vyy=   -0.5696    axis=(  0.420881 -0.539893  0.728955)
     C   20    Vzz=    0.7247    axis=(  0.537931  0.795598  0.278663)
     C   20  Q=         1.0000 1e-30 m^2  Cq=         1.7028 MHz  eta= 0.57191

     H   21    Vxx=   -0.0383    axis=( -0.337939  0.401435  0.851262)
     H   21    Vyy=   -0.5736    axis=(  0.206701  0.914048 -0.348986)
     H   21    Vzz=    0.6120    axis=( -0.918190  0.058021 -0.391869)
     H   21  Q=         1.0000 1e-30 m^2  Cq=         1.4378 MHz  eta= 0.87477

     C   22    Vxx=   -0.0626    axis=( -0.267705  0.385475  0.883030)
     C   22    Vyy=   -0.7930    axis=(  0.963440  0.096836  0.249811)
     C   22    Vzz=    0.8557    axis=(  0.010787  0.917623 -0.397306)
     C   22  Q=         1.0000 1e-30 m^2  Cq=         2.0104 MHz  eta= 0.85357

     C   23    Vxx=   -0.0815    axis=(  0.179262  0.135573  0.974415)
     C   23    Vyy=   -0.4668    axis=( -0.642012  0.766609  0.011450)
     C   23    Vzz=    0.5483    axis=( -0.745443 -0.627639  0.224463)
     C   23  Q=         1.0000 1e-30 m^2  Cq=         1.2882 MHz  eta= 0.70267

     Cl  24    Vxx=   -1.0205    axis=(  0.687578  0.536629  0.489148)
     Cl  24    Vyy=   -1.9692    axis=(  0.650576 -0.754465 -0.086791)
     Cl  24    Vzz=    2.9897    axis=( -0.322470 -0.377904  0.867872)
     Cl  24  Q=        -8.1650 1e-30 m^2  Cq=       -57.3568 MHz  eta= 0.31730

     Initialization:
     gipaw_setup  :      9.12s CPU     11.25s WALL (       1 calls)

     Linear response

     Apply operators

     Induced current

     Other routines
     efg          :      9.84s CPU     12.73s WALL (       1 calls)

     General routines
     calbec       :      3.32s CPU      4.29s WALL (      16 calls)
     fft          :      1.47s CPU      1.95s WALL (      15 calls)
     ffts         :      0.04s CPU      0.05s WALL (       2 calls)
     fftw         :      3.65s CPU      4.70s WALL (     672 calls)
     davcio       :      0.02s CPU      0.32s WALL (      32 calls)

     Parallel routines
     fft_scatter  :      2.54s CPU      3.86s WALL (     689 calls)

     Plugins

     GIPAW        :     60.96s CPU     71.84s WALL (       1 calls)
