
     Program QE v.6.0 (svn rev. 13079) starts on 22Dec2016 at 19:50:42 

     This program is part of the open-source Quantum ESPRESSO suite
     for quantum simulation of materials; please cite
         "P. Giannozzi et al., J. Phys.:Condens. Matter 21 395502 (2009);
          URL http://www.quantum-espresso.org", 
     in publications or presentations arising from this work. More details at
     http://www.quantum-espresso.org/quote

     Parallel version (MPI), running on     8 processors
     R & G space division:  proc/nbgrp/npool/nimage =       8

     ***** This is GIPAW svn revision unknown      *****

     Parallelizing q-star over 1 images

     Reading data from directory:
     /users/majewski/paradichlorobenzene/pbe/9_constraint/scratch/pbe.ecut100.np8.dt60.pcl2phi-129368.save
     Message from routine read_xml_file:
     file /users/majewski/paradichlorobenzene/pbe/9_constraint/scratch/pbe.ecut100.np8.dt60.pcl2phi-129368.save not guaranteed to be safe for post-processing

   Info: using nr1, nr2, nr3 values from input

   Info: using nr1, nr2, nr3 values from input

     IMPORTANT: XC functional enforced from input :
     Exchange-correlation      =  SLA  PW   PBX  PBC ( 1  4  3  4 0 0)
     Any further DFT definition will be discarded
     Please, verify this is what you really want

               file C.pbe-n-kjpaw_psl.1.0.0.UPF: wavefunction(s)  2S 2P renormalized
               file Cl.pbe-n-kjpaw_psl.1.0.0.UPF: wavefunction(s)  3S 3P renormalized
               file H.pbe-kjpaw_psl.1.0.0.UPF: wavefunction(s)  1S renormalized

     Parallelization info
     --------------------
     sticks:   dense  smooth     PW     G-vecs:    dense   smooth      PW
     Min        3057    1223    332               144436    36536    5170
     Max        3059    1225    333               144437    36537    5171
     Sum       24467    9791   2657              1155489   292295   41363


     Subspace diagonalization in iterative solution of the eigenvalue problem:
     a serial algorithm will be used

     GIPAW projectors -----------------------------------------------
     atom=  C    l=0  rc=    1.2000  rs=    0.8000
     atom=  C    l=0  rc=    1.2000  rs=    0.8000
     atom=  C    l=1  rc=    1.4000  rs=    0.9333
     atom=  C    l=1  rc=    1.4000  rs=    0.9333
     projs nearly linearly dependent: l=1  n1,n2= 1, 2  s=  0.99951561

     atom=  Cl   l=0  rc=    1.6000  rs=    1.0667
     atom=  Cl   l=0  rc=    1.6000  rs=    1.0667
     atom=  Cl   l=1  rc=    1.6000  rs=    1.0667
     atom=  Cl   l=1  rc=    1.6000  rs=    1.0667
     atom=  Cl   l=2  rc=    1.6000  rs=    1.0667
     atom=  Cl   l=2  rc=    1.6000  rs=    1.0667
     projs nearly linearly dependent: l=2  n1,n2= 1, 2  s=  0.99993509

     atom=  H    l=0  rc=    1.0000  rs=    0.6667
     atom=  H    l=0  rc=    1.0000  rs=    0.6667
     projs nearly linearly dependent: l=0  n1,n2= 1, 2  s=  0.99968852
     -----------------------------------------------------------------

     GIPAW integrals: -------------------------------------------
     Atom  i/j   nmr_para   nmr_dia   epr_rmc  epr_para   epr_dia
       C   1 1   0.83E+03  0.17E-01  0.93E+01  0.24E+08  0.24E+03
       C   2 1   0.86E+03 -0.61E-01  0.94E+01  0.25E+08  0.25E+03
       C   2 2   0.90E+03 -0.15E+00  0.97E+01  0.26E+08  0.26E+03
       C   3 3   0.33E+01  0.34E+00  0.18E+01  0.55E+03  0.21E+02
       C   4 3   0.35E+01  0.37E+00  0.20E+01  0.59E+03  0.22E+02
       C   4 4   0.38E+01  0.39E+00  0.22E+01  0.63E+03  0.24E+02
       Cl  1 1   0.14E+04 -0.47E+00  0.84E+01  0.32E+09  0.42E+03
       Cl  2 1   0.21E+04 -0.37E+00  0.12E+02  0.49E+09  0.65E+03
       Cl  2 2   0.33E+04 -0.16E+00  0.21E+02  0.76E+09  0.10E+04
       Cl  3 3   0.21E+02  0.79E-01  0.89E+01  0.23E+05  0.13E+03
       Cl  4 3   0.24E+02  0.67E-01  0.99E+01  0.27E+05  0.15E+03
       Cl  4 4   0.28E+02  0.44E-01  0.11E+02  0.32E+05  0.18E+03
       Cl  5 5   0.77E+00  0.19E+00  0.18E+01  0.12E+03  0.22E+02
       Cl  6 5   0.80E+00  0.19E+00  0.19E+01  0.12E+03  0.23E+02
       Cl  6 6   0.83E+00  0.20E+00  0.19E+01  0.12E+03  0.23E+02
       H   1 1   0.39E+02  0.19E+00  0.29E+00  0.78E+05  0.13E+02
       H   2 1   0.41E+02  0.21E+00  0.32E+00  0.82E+05  0.14E+02
       H   2 2   0.43E+02  0.22E+00  0.36E+00  0.86E+05  0.15E+02
     ------------------------------------------------------------

     alpha_pv=     34.3622 eV

     Number of occupied bands for each k-point:
     k-point:     1    nbnd_occ=  42
     k-point:     2    nbnd_occ=  42
     k-point:     3    nbnd_occ=  42
     k-point:     4    nbnd_occ=  42
     k-point:     5    nbnd_occ=  42
     k-point:     6    nbnd_occ=  42
     k-point:     7    nbnd_occ=  42
     k-point:     8    nbnd_occ=  42
     k-point:     9    nbnd_occ=  42
     k-point:    10    nbnd_occ=  42
     k-point:    11    nbnd_occ=  42
     k-point:    12    nbnd_occ=  42
     k-point:    13    nbnd_occ=  42
     k-point:    14    nbnd_occ=  42
     k-point:    15    nbnd_occ=  42
     k-point:    16    nbnd_occ=  42


     q-space interpolation up to   110.00 Rydberg

     GIPAW job: efg                                                                             


     ELECTRIC FIELD GRADIENTS TENSORS IN Hartree/bohrradius^2:

     ----- bare term -----
     Cl   1       -0.118565        0.210841       -0.054656
     Cl   1        0.210841        0.089395       -0.092374
     Cl   1       -0.054656       -0.092374        0.029170

     C    2       -0.027440        0.079904       -0.129575
     C    2        0.079904       -0.003562       -0.522548
     C    2       -0.129575       -0.522548        0.031002

     C    3        0.090721       -0.042706        0.271866
     C    3       -0.042706       -0.062297        0.276587
     C    3        0.271866        0.276587       -0.028424

     H    4       -0.155720       -0.307524        0.121612
     H    4       -0.307524       -0.073857        0.161857
     H    4        0.121612        0.161857        0.229577

     C    5       -0.060384       -0.134436       -0.119039
     C    5       -0.134436       -0.073342        0.081284
     C    5       -0.119039        0.081284        0.133726

     H    6        0.345871       -0.206827        0.044963
     H    6       -0.206827       -0.563317        0.273238
     H    6        0.044963        0.273238        0.217446

     H    7        0.354796        0.044646        0.028362
     H    7        0.044646       -0.406891        0.555373
     H    7        0.028362        0.555373        0.052095

     C    8       -0.714604       -0.384442       -0.409691
     C    8       -0.384442        0.362480        0.217474
     C    8       -0.409691        0.217474        0.352124

     H    9       -0.127833       -0.142099       -0.512498
     H    9       -0.142099       -0.106568       -0.019740
     H    9       -0.512498       -0.019740        0.234401

     C   10        0.060558       -0.421495       -0.084857
     C   10       -0.421495       -0.148657        0.609157
     C   10       -0.084857        0.609157        0.088099

     C   11       -0.499234       -0.368972       -0.408179
     C   11       -0.368972        0.252316        0.316263
     C   11       -0.408179        0.316263        0.246918

     Cl  12        0.008474        0.105054       -0.025607
     Cl  12        0.105054        0.077437        0.034825
     Cl  12       -0.025607        0.034825       -0.085911

     H   13        0.367609        0.107535       -0.258515
     H   13        0.107535       -0.535003       -0.214018
     H   13       -0.258515       -0.214018        0.167394

     C   14       -0.668610        0.344009       -0.415390
     C   14        0.344009        0.278621       -0.161935
     C   14       -0.415390       -0.161935        0.389990

     H   15       -0.381640       -0.467906        0.069980
     H   15       -0.467906        0.199944        0.133430
     H   15        0.069980        0.133430        0.181697

     C   16       -0.230494        0.326985       -0.157251
     C   16        0.326985       -0.323277       -0.537028
     C   16       -0.157251       -0.537028        0.553771

     C   17       -0.229181        0.227987       -0.240853
     C   17        0.227987       -0.150499       -0.458406
     C   17       -0.240853       -0.458406        0.379680

     Cl  18       -0.032656        0.179532       -0.087578
     Cl  18        0.179532        0.092937       -0.100803
     Cl  18       -0.087578       -0.100803       -0.060281

     H   19        0.436902       -0.043876        0.134715
     H   19       -0.043876       -0.131977        0.602764
     H   19        0.134715        0.602764       -0.304925

     C   20       -0.164709       -0.176027       -0.212752
     C   20       -0.176027       -0.215799        0.330075
     C   20       -0.212752        0.330075        0.380508

     H   21        0.135360        0.089361       -0.330653
     H   21        0.089361        0.479388        0.031588
     H   21       -0.330653        0.031588       -0.614747

     C   22       -0.540314       -0.296424       -0.352730
     C   22       -0.296424       -0.027855        0.123981
     C   22       -0.352730        0.123981        0.568169

     C   23       -0.022536        0.063107       -0.316933
     C   23        0.063107       -0.282384        0.439278
     C   23       -0.316933        0.439278        0.304920

     Cl  24       -0.195967       -0.184848       -0.093473
     Cl  24       -0.184848       -0.106126       -0.026407
     Cl  24       -0.093473       -0.026407        0.302092

     ----- ionic term -----
     Cl   1        0.155914       -0.191244        0.025193
     Cl   1       -0.191244        0.023324       -0.012397
     Cl   1        0.025193       -0.012397       -0.179238

     C    2        0.308308       -0.030440        0.183542
     C    2       -0.030440        0.295403        0.247539
     C    2        0.183542        0.247539       -0.603710

     C    3        0.238837       -0.072741        0.036172
     C    3       -0.072741        0.323282        0.274349
     C    3        0.036172        0.274349       -0.562118

     H    4        0.726204        0.554499        0.357187
     H    4        0.554499       -0.187793        0.207692
     H    4        0.357187        0.207692       -0.538411

     C    5        0.398465        0.001414        0.032395
     C    5        0.001414        0.144669        0.235713
     C    5        0.032395        0.235713       -0.543134

     H    6       -0.506720        0.184972        0.031400
     H    6        0.184972        0.947251        0.432088
     H    6        0.031400        0.432088       -0.440532

     H    7       -0.532822       -0.025201        0.038675
     H    7       -0.025201        0.655825       -0.712321
     H    7        0.038675       -0.712321       -0.123003

     C    8        0.181379        0.241577        0.327135
     C    8        0.241577        0.073215       -0.285479
     C    8        0.327135       -0.285479       -0.254594

     H    9        0.669396       -0.134615        0.660968
     H    9       -0.134615       -0.458108       -0.172553
     H    9        0.660968       -0.172553       -0.211288

     C   10        0.113020        0.336173        0.200247
     C   10        0.336173        0.222251       -0.352592
     C   10        0.200247       -0.352592       -0.335271

     C   11        0.135758        0.243859        0.267646
     C   11        0.243859        0.097806       -0.389668
     C   11        0.267646       -0.389668       -0.233564

     Cl  12        0.189899        0.221318        0.001227
     Cl  12        0.221318       -0.031081       -0.006539
     Cl  12        0.001227       -0.006539       -0.158818

     H   13       -0.516093        0.006653        0.011310
     H   13        0.006653        1.006327        0.393174
     H   13        0.011310        0.393174       -0.490233

     C   14        0.487959       -0.083391        0.118671
     C   14       -0.083391        0.095950        0.235963
     C   14        0.118671        0.235963       -0.583909

     H   15        0.753310        0.520826        0.346276
     H   15        0.520826       -0.257298        0.204380
     H   15        0.346276        0.204380       -0.496011

     C   16        0.329778       -0.178814        0.030190
     C   16       -0.178814        0.194029        0.311035
     C   16        0.030190        0.311035       -0.523806

     C   17        0.387191       -0.094318        0.015106
     C   17       -0.094318        0.157496        0.311989
     C   17        0.015106        0.311989       -0.544687

     Cl  18        0.218078       -0.214865       -0.030153
     Cl  18       -0.214865       -0.065792        0.013651
     Cl  18       -0.030153        0.013651       -0.152286

     H   19       -0.525119        0.055355       -0.033770
     H   19        0.055355        0.444337       -0.772011
     H   19       -0.033770       -0.772011        0.080782

     C   20        0.138738        0.273448        0.306905
     C   20        0.273448        0.044199       -0.259131
     C   20        0.306905       -0.259131       -0.182938

     H   21        0.291483       -0.109131        0.817024
     H   21       -0.109131       -0.515185       -0.181046
     H   21        0.817024       -0.181046        0.223702

     C   22        0.012311        0.309297        0.266816
     C   22        0.309297        0.136805       -0.347397
     C   22        0.266816       -0.347397       -0.149116

     C   23        0.110511        0.232678        0.361744
     C   23        0.232678        0.069522       -0.380406
     C   23        0.361744       -0.380406       -0.180033

     Cl  24        0.106234        0.231650        0.041753
     Cl  24        0.231650        0.047722        0.025455
     Cl  24        0.041753        0.025455       -0.153956

     ----- GIPAW term -----
     Cl   1        0.075815        0.375467       -0.968523
     Cl   1        0.375467        1.535954       -1.576967
     Cl   1       -0.968523       -1.576967       -1.611769

     C    2       -0.022465        0.033724       -0.062823
     C    2        0.033724        0.077065       -0.153114
     C    2       -0.062823       -0.153114       -0.054599

     C    3        0.018824       -0.012517        0.020378
     C    3       -0.012517        0.002862        0.035279
     C    3        0.020378        0.035279       -0.021687

     H    4       -0.000000        0.000000        0.000000
     H    4        0.000000        0.000000        0.000000
     H    4        0.000000        0.000000        0.000000

     C    5       -0.001136       -0.016659        0.006628
     C    5       -0.016659       -0.006714       -0.002144
     C    5        0.006628       -0.002144        0.007850

     H    6       -0.000000        0.000000        0.000000
     H    6        0.000000        0.000000        0.000000
     H    6        0.000000        0.000000        0.000000

     H    7       -0.000000        0.000000        0.000000
     H    7        0.000000        0.000000        0.000000
     H    7        0.000000        0.000000        0.000000

     C    8       -0.179324       -0.129384       -0.054067
     C    8       -0.129384        0.220081        0.007441
     C    8       -0.054067        0.007441       -0.040758

     H    9       -0.000000        0.000000        0.000000
     H    9        0.000000        0.000000        0.000000
     H    9        0.000000        0.000000        0.000000

     C   10       -0.056841       -0.175054       -0.013023
     C   10       -0.175054        0.187560        0.104159
     C   10       -0.013023        0.104159       -0.130719

     C   11       -0.127524       -0.052951       -0.077511
     C   11       -0.052951        0.251364        0.122099
     C   11       -0.077511        0.122099       -0.123840

     Cl  12        1.256901        2.797928       -0.138267
     Cl  12        2.797928        0.763799        0.328690
     Cl  12       -0.138267        0.328690       -2.020700

     H   13       -0.000000        0.000000        0.000000
     H   13        0.000000        0.000000        0.000000
     H   13        0.000000        0.000000        0.000000

     C   14       -0.119519        0.149446       -0.006575
     C   14        0.149446        0.116518        0.069066
     C   14       -0.006575        0.069066        0.003002

     H   15       -0.000000        0.000000        0.000000
     H   15        0.000000        0.000000        0.000000
     H   15        0.000000        0.000000        0.000000

     C   16       -0.112198        0.047434       -0.036185
     C   16        0.047434       -0.079592       -0.145918
     C   16       -0.036185       -0.145918        0.191790

     C   17        0.048482       -0.131560       -0.005598
     C   17       -0.131560       -0.007687       -0.097710
     C   17       -0.005598       -0.097710       -0.040795

     Cl  18        1.153478       -0.305064       -0.929718
     Cl  18       -0.305064        0.861416       -0.998231
     Cl  18       -0.929718       -0.998231       -2.014894

     H   19       -0.000000        0.000000        0.000000
     H   19        0.000000        0.000000        0.000000
     H   19        0.000000        0.000000        0.000000

     C   20       -0.093241       -0.032540       -0.012996
     C   20       -0.032540        0.009278       -0.083629
     C   20       -0.012996       -0.083629        0.083962

     H   21       -0.000000        0.000000        0.000000
     H   21        0.000000        0.000000        0.000000
     H   21        0.000000        0.000000        0.000000

     C   22       -0.213944       -0.010961       -0.121404
     C   22       -0.010961       -0.079335       -0.074671
     C   22       -0.121404       -0.074671        0.293280

     C   23       -0.017974        0.142805       -0.056492
     C   23        0.142805       -0.004502       -0.086183
     C   23       -0.056492       -0.086183        0.022476

     Cl  24       -0.589707        1.200951       -1.319591
     Cl  24        1.200951       -1.396463       -0.462095
     Cl  24       -1.319591       -0.462095        1.986170

     ----- total EFG -----
     Cl   1        0.113164        0.395064       -0.997986
     Cl   1        0.395064        1.648673       -1.681738
     Cl   1       -0.997986       -1.681738       -1.761837

     C    2        0.258402        0.083188       -0.008856
     C    2        0.083188        0.368906       -0.428123
     C    2       -0.008856       -0.428123       -0.627308

     C    3        0.348382       -0.127963        0.328416
     C    3       -0.127963        0.263847        0.586215
     C    3        0.328416        0.586215       -0.612229

     H    4        0.570485        0.246975        0.478799
     H    4        0.246975       -0.261651        0.369549
     H    4        0.478799        0.369549       -0.308834

     C    5        0.336945       -0.149681       -0.080017
     C    5       -0.149681        0.064613        0.314853
     C    5       -0.080017        0.314853       -0.401557

     H    6       -0.160849       -0.021855        0.076362
     H    6       -0.021855        0.383934        0.705326
     H    6        0.076362        0.705326       -0.223085

     H    7       -0.178026        0.019445        0.067037
     H    7        0.019445        0.248934       -0.156948
     H    7        0.067037       -0.156948       -0.070908

     C    8       -0.712549       -0.272249       -0.136623
     C    8       -0.272249        0.655776       -0.060565
     C    8       -0.136623       -0.060565        0.056772

     H    9        0.541563       -0.276714        0.148470
     H    9       -0.276714       -0.564676       -0.192293
     H    9        0.148470       -0.192293        0.023113

     C   10        0.116737       -0.260377        0.102367
     C   10       -0.260377        0.261154        0.360724
     C   10        0.102367        0.360724       -0.377891

     C   11       -0.491000       -0.178065       -0.218044
     C   11       -0.178065        0.601486        0.048694
     C   11       -0.218044        0.048694       -0.110486

     Cl  12        1.455274        3.124300       -0.162647
     Cl  12        3.124300        0.810154        0.356976
     Cl  12       -0.162647        0.356976       -2.265429

     H   13       -0.148484        0.114187       -0.247205
     H   13        0.114187        0.471323        0.179156
     H   13       -0.247205        0.179156       -0.322839

     C   14       -0.300170        0.410063       -0.303294
     C   14        0.410063        0.491089        0.143093
     C   14       -0.303294        0.143093       -0.190918

     H   15        0.371670        0.052920        0.416256
     H   15        0.052920       -0.057355        0.337810
     H   15        0.416256        0.337810       -0.314315

     C   16       -0.012914        0.195605       -0.163246
     C   16        0.195605       -0.208840       -0.371910
     C   16       -0.163246       -0.371910        0.221754

     C   17        0.206492        0.002109       -0.231345
     C   17        0.002109       -0.000690       -0.244128
     C   17       -0.231345       -0.244128       -0.205802

     Cl  18        1.338900       -0.340397       -1.047449
     Cl  18       -0.340397        0.888561       -1.085383
     Cl  18       -1.047449       -1.085383       -2.227461

     H   19       -0.088217        0.011479        0.100945
     H   19        0.011479        0.312360       -0.169247
     H   19        0.100945       -0.169247       -0.224143

     C   20       -0.119212        0.064881        0.081157
     C   20        0.064881       -0.162321       -0.012684
     C   20        0.081157       -0.012684        0.281533

     H   21        0.426843       -0.019770        0.486371
     H   21       -0.019770       -0.035798       -0.149458
     H   21        0.486371       -0.149458       -0.391045

     C   22       -0.741947        0.001913       -0.207318
     C   22        0.001913        0.029614       -0.298086
     C   22       -0.207318       -0.298086        0.712333

     C   23        0.070002        0.438590       -0.011681
     C   23        0.438590       -0.217364       -0.027311
     C   23       -0.011681       -0.027311        0.147362

     Cl  24       -0.679440        1.247753       -1.371311
     Cl  24        1.247753       -1.454867       -0.463047
     Cl  24       -1.371311       -0.463047        2.134306

     ----- total EFG (symmetrized) -----
     Cl   1        0.113164        0.395064       -0.997986
     Cl   1        0.395064        1.648673       -1.681738
     Cl   1       -0.997986       -1.681738       -1.761837

     C    2        0.258402        0.083188       -0.008856
     C    2        0.083188        0.368906       -0.428123
     C    2       -0.008856       -0.428123       -0.627308

     C    3        0.348382       -0.127963        0.328416
     C    3       -0.127963        0.263847        0.586215
     C    3        0.328416        0.586215       -0.612229

     H    4        0.570485        0.246975        0.478799
     H    4        0.246975       -0.261651        0.369549
     H    4        0.478799        0.369549       -0.308834

     C    5        0.336945       -0.149681       -0.080017
     C    5       -0.149681        0.064613        0.314853
     C    5       -0.080017        0.314853       -0.401557

     H    6       -0.160849       -0.021855        0.076362
     H    6       -0.021855        0.383934        0.705326
     H    6        0.076362        0.705326       -0.223085

     H    7       -0.178026        0.019445        0.067037
     H    7        0.019445        0.248934       -0.156948
     H    7        0.067037       -0.156948       -0.070908

     C    8       -0.712549       -0.272249       -0.136623
     C    8       -0.272249        0.655776       -0.060565
     C    8       -0.136623       -0.060565        0.056772

     H    9        0.541563       -0.276714        0.148470
     H    9       -0.276714       -0.564676       -0.192293
     H    9        0.148470       -0.192293        0.023113

     C   10        0.116737       -0.260377        0.102367
     C   10       -0.260377        0.261154        0.360724
     C   10        0.102367        0.360724       -0.377891

     C   11       -0.491000       -0.178065       -0.218044
     C   11       -0.178065        0.601486        0.048694
     C   11       -0.218044        0.048694       -0.110486

     Cl  12        1.455274        3.124300       -0.162647
     Cl  12        3.124300        0.810154        0.356976
     Cl  12       -0.162647        0.356976       -2.265429

     H   13       -0.148484        0.114187       -0.247205
     H   13        0.114187        0.471323        0.179156
     H   13       -0.247205        0.179156       -0.322839

     C   14       -0.300170        0.410063       -0.303294
     C   14        0.410063        0.491089        0.143093
     C   14       -0.303294        0.143093       -0.190918

     H   15        0.371670        0.052920        0.416256
     H   15        0.052920       -0.057355        0.337810
     H   15        0.416256        0.337810       -0.314315

     C   16       -0.012914        0.195605       -0.163246
     C   16        0.195605       -0.208840       -0.371910
     C   16       -0.163246       -0.371910        0.221754

     C   17        0.206492        0.002109       -0.231345
     C   17        0.002109       -0.000690       -0.244128
     C   17       -0.231345       -0.244128       -0.205802

     Cl  18        1.338900       -0.340397       -1.047449
     Cl  18       -0.340397        0.888561       -1.085383
     Cl  18       -1.047449       -1.085383       -2.227461

     H   19       -0.088217        0.011479        0.100945
     H   19        0.011479        0.312360       -0.169247
     H   19        0.100945       -0.169247       -0.224143

     C   20       -0.119212        0.064881        0.081157
     C   20        0.064881       -0.162321       -0.012684
     C   20        0.081157       -0.012684        0.281533

     H   21        0.426843       -0.019770        0.486371
     H   21       -0.019770       -0.035798       -0.149458
     H   21        0.486371       -0.149458       -0.391045

     C   22       -0.741947        0.001913       -0.207318
     C   22        0.001913        0.029614       -0.298086
     C   22       -0.207318       -0.298086        0.712333

     C   23        0.070002        0.438590       -0.011681
     C   23        0.438590       -0.217364       -0.027311
     C   23       -0.011681       -0.027311        0.147362

     Cl  24       -0.679440        1.247753       -1.371311
     Cl  24        1.247753       -1.454867       -0.463047
     Cl  24       -1.371311       -0.463047        2.134306


     NQR/NMR SPECTROSCOPIC PARAMETERS:
     Cl   1    Vxx=    0.1001    axis=(  0.911952 -0.385429 -0.140671)
     Cl   1    Vyy=    2.5749    axis=( -0.302440 -0.863163  0.404327)
     Cl   1    Vzz=   -2.6750    axis=( -0.277261 -0.326182 -0.903732)
     Cl   1  Q=        -8.1650 1e-30 m^2  Cq=        51.3185 MHz  eta= 0.92513

     C    2    Vxx=    0.2363    axis=(  0.963210 -0.244585  0.111378)
     C    2    Vyy=    0.5502    axis=(  0.268019  0.904773 -0.330986)
     C    2    Vzz=   -0.7864    axis=( -0.019818  0.348661  0.937039)
     C    2  Q=         1.0000 1e-30 m^2  Cq=        -1.8478 MHz  eta= 0.39916

     C    3    Vxx=    0.4319    axis=(  0.937980 -0.328593  0.110542)
     C    3    Vyy=    0.5656    axis=(  0.237643  0.841550  0.485098)
     C    3    Vzz=   -0.9975    axis=( -0.252426 -0.428742  0.867445)
     C    3  Q=         1.0000 1e-30 m^2  Cq=        -2.3438 MHz  eta= 0.13404

     H    4    Vxx=   -0.2150    axis=(  0.498083 -0.754071 -0.428124)
     H    4    Vyy=   -0.6905    axis=(  0.189030  0.576274 -0.795095)
     H    4    Vzz=    0.9055    axis=(  0.846275  0.315095  0.429574)
     H    4  Q=         1.0000 1e-30 m^2  Cq=         2.1275 MHz  eta= 0.52518

     C    5    Vxx=    0.1012    axis=( -0.584079 -0.726490 -0.362027)
     C    5    Vyy=    0.4591    axis=( -0.811683  0.520138  0.265757)
     C    5    Vzz=   -0.5602    axis=(  0.004766 -0.449074  0.893482)
     C    5  Q=         1.0000 1e-30 m^2  Cq=        -1.3163 MHz  eta= 0.63882

     H    6    Vxx=   -0.1507    axis=(  0.989900 -0.096517  0.103834)
     H    6    Vyy=   -0.6981    axis=(  0.139788  0.542685 -0.828222)
     H    6    Vzz=    0.8488    axis=(  0.023588  0.834372  0.550696)
     H    6  Q=         1.0000 1e-30 m^2  Cq=         1.9944 MHz  eta= 0.64491

     H    7    Vxx=   -0.0839    axis=(  0.593032  0.314789  0.741095)
     H    7    Vyy=   -0.2293    axis=(  0.805033 -0.214289 -0.553174)
     H    7    Vzz=    0.3132    axis=(  0.015325 -0.924656  0.380496)
     H    7  Q=         1.0000 1e-30 m^2  Cq=         0.7359 MHz  eta= 0.46404

     C    8    Vxx=    0.0800    axis=( -0.176520  0.020051  0.984093)
     C    8    Vyy=    0.7097    axis=( -0.182845  0.981723 -0.052800)
     C    8    Vzz=   -0.7898    axis=( -0.967165 -0.189257 -0.169628)
     C    8  Q=         1.0000 1e-30 m^2  Cq=        -1.8557 MHz  eta= 0.79730

     H    9    Vxx=    0.0014    axis=( -0.333906 -0.152746  0.930148)
     H    9    Vyy=    0.6641    axis=( -0.922999  0.253203 -0.289760)
     H    9    Vzz=   -0.6655    axis=( -0.191257 -0.955278 -0.225530)
     H    9  Q=         1.0000 1e-30 m^2  Cq=        -1.5636 MHz  eta= 0.99581

     C   10    Vxx=    0.0731    axis=( -0.839902 -0.314596 -0.442260)
     C   10    Vyy=    0.5262    axis=( -0.463404  0.839868  0.282628)
     C   10    Vzz=   -0.5993    axis=( -0.282527 -0.442325  0.851192)
     C   10  Q=         1.0000 1e-30 m^2  Cq=        -1.4082 MHz  eta= 0.75601

     C   11    Vxx=   -0.0322    axis=( -0.367018 -0.173370  0.913915)
     C   11    Vyy=   -0.6071    axis=( -0.913383 -0.118882 -0.389356)
     C   11    Vzz=    0.6393    axis=(  0.176151 -0.977655 -0.114722)
     C   11  Q=         1.0000 1e-30 m^2  Cq=         1.5021 MHz  eta= 0.89939

     Cl  12    Vxx=   -1.7421    axis=( -0.554203  0.597341  0.579692)
     Cl  12    Vyy=   -2.5337    axis=(  0.377845 -0.440006  0.814634)
     Cl  12    Vzz=    4.2758    axis=( -0.741682 -0.670506 -0.018150)
     Cl  12  Q=        -8.1650 1e-30 m^2  Cq=       -82.0285 MHz  eta= 0.18513

     H   13    Vxx=    0.0263    axis=( -0.820618 -0.019369  0.571149)
     H   13    Vyy=    0.5160    axis=( -0.101545 -0.978579 -0.179085)
     H   13    Vzz=   -0.5422    axis=(  0.562383 -0.204957  0.801073)
     H   13  Q=         1.0000 1e-30 m^2  Cq=        -1.2740 MHz  eta= 0.90312

     C   14    Vxx=    0.0310    axis=( -0.515326  0.200135  0.833298)
     C   14    Vyy=    0.6655    axis=( -0.386190 -0.922256 -0.017327)
     C   14    Vzz=   -0.6965    axis=(  0.765046 -0.330740  0.552553)
     C   14  Q=         1.0000 1e-30 m^2  Cq=        -1.6365 MHz  eta= 0.91095

     H   15    Vxx=    0.0244    axis=(  0.459916 -0.843859 -0.276369)
     H   15    Vyy=    0.6280    axis=(  0.829461  0.297175  0.472951)
     H   15    Vzz=   -0.6524    axis=( -0.316974 -0.446755  0.836623)
     H   15  Q=         1.0000 1e-30 m^2  Cq=        -1.5329 MHz  eta= 0.92509

     C   16    Vxx=   -0.0966    axis=(  0.886008  0.007918  0.463602)
     C   16    Vyy=   -0.4444    axis=(  0.232784 -0.872310 -0.429985)
     C   16    Vzz=    0.5409    axis=( -0.401000 -0.488889  0.774717)
     C   16  Q=         1.0000 1e-30 m^2  Cq=         1.2710 MHz  eta= 0.64291

     C   17    Vxx=    0.0805    axis=(  0.516732 -0.811085  0.274097)
     C   17    Vyy=    0.3480    axis=(  0.801689  0.346037 -0.487394)
     C   17    Vzz=   -0.4285    axis=(  0.300470  0.471592  0.829047)
     C   17  Q=         1.0000 1e-30 m^2  Cq=        -1.0068 MHz  eta= 0.62444

     Cl  18    Vxx=    1.2291    axis=(  0.025586  0.951515 -0.306538)
     Cl  18    Vyy=    1.6282    axis=(  0.966903 -0.101423 -0.234121)
     Cl  18    Vzz=   -2.8573    axis=(  0.253860  0.290402  0.922617)
     Cl  18  Q=        -8.1650 1e-30 m^2  Cq=        54.8159 MHz  eta= 0.13970

     H   19    Vxx=   -0.0450    axis=(  0.914956  0.148369  0.375289)
     H   19    Vyy=   -0.3170    axis=( -0.401652  0.244648  0.882509)
     H   19    Vzz=    0.3620    axis=(  0.039123 -0.958193  0.283435)
     H   19  Q=         1.0000 1e-30 m^2  Cq=         0.8505 MHz  eta= 0.75162

     C   20    Vxx=   -0.0812    axis=( -0.761009 -0.631588  0.148194)
     C   20    Vyy=   -0.2162    axis=( -0.619920  0.775304  0.120844)
     C   20    Vzz=    0.2973    axis=(  0.191219 -0.000095  0.981547)
     C   20  Q=         1.0000 1e-30 m^2  Cq=         0.6986 MHz  eta= 0.45404

     H   21    Vxx=   -0.0186    axis=(  0.193241  0.971471 -0.137483)
     H   21    Vyy=   -0.6443    axis=( -0.401395  0.206138  0.892406)
     H   21    Vzz=    0.6629    axis=(  0.895288 -0.117264  0.429778)
     H   21  Q=         1.0000 1e-30 m^2  Cq=         1.5576 MHz  eta= 0.94395

     C   22    Vxx=   -0.0751    axis=( -0.099658  0.938981  0.329216)
     C   22    Vyy=   -0.7730    axis=(  0.987515  0.052770  0.148424)
     C   22    Vzz=    0.8481    axis=( -0.121995 -0.339898  0.932516)
     C   22  Q=         1.0000 1e-30 m^2  Cq=         1.9927 MHz  eta= 0.82290

     C   23    Vxx=    0.1450    axis=(  0.097590  0.043176  0.994290)
     C   23    Vyy=    0.3905    axis=(  0.804298  0.584993 -0.104345)
     C   23    Vzz=   -0.5355    axis=( -0.586157  0.809888  0.022363)
     C   23  Q=         1.0000 1e-30 m^2  Cq=        -1.2583 MHz  eta= 0.45839

     Cl  24    Vxx=   -0.4645    axis=(  0.651380  0.609234  0.452259)
     Cl  24    Vyy=   -2.4242    axis=(  0.635458 -0.763736  0.113583)
     Cl  24    Vzz=    2.8887    axis=( -0.414605 -0.213406  0.884625)
     Cl  24  Q=        -8.1650 1e-30 m^2  Cq=       -55.4186 MHz  eta= 0.67838

     Initialization:
     gipaw_setup  :      9.21s CPU     10.92s WALL (       1 calls)

     Linear response

     Apply operators

     Induced current

     Other routines
     efg          :      9.39s CPU     11.52s WALL (       1 calls)

     General routines
     calbec       :      3.33s CPU      4.23s WALL (      16 calls)
     fft          :      1.50s CPU      1.93s WALL (      15 calls)
     ffts         :      0.05s CPU      0.06s WALL (       2 calls)
     fftw         :      3.26s CPU      3.90s WALL (     672 calls)
     davcio       :      0.03s CPU      0.31s WALL (      32 calls)

     Parallel routines
     fft_scatter  :      2.11s CPU      3.03s WALL (     689 calls)

     Plugins

     GIPAW        :     63.22s CPU     79.43s WALL (       1 calls)
