
     Program QE v.6.0 (svn rev. 13079) starts on 31Dec2016 at  4:49:42 

     This program is part of the open-source Quantum ESPRESSO suite
     for quantum simulation of materials; please cite
         "P. Giannozzi et al., J. Phys.:Condens. Matter 21 395502 (2009);
          URL http://www.quantum-espresso.org", 
     in publications or presentations arising from this work. More details at
     http://www.quantum-espresso.org/quote

     Parallel version (MPI), running on     8 processors
     R & G space division:  proc/nbgrp/npool/nimage =       8

     ***** This is GIPAW svn revision unknown      *****

     Parallelizing q-star over 1 images

     Reading data from directory:
     /users/majewski/paradichlorobenzene/pbe/9_constraint/scratch/pbe.ecut100.np8.dt60.pcl2phi-129368.save
     Message from routine read_xml_file:
     file /users/majewski/paradichlorobenzene/pbe/9_constraint/scratch/pbe.ecut100.np8.dt60.pcl2phi-129368.save not guaranteed to be safe for post-processing

   Info: using nr1, nr2, nr3 values from input

   Info: using nr1, nr2, nr3 values from input

     IMPORTANT: XC functional enforced from input :
     Exchange-correlation      =  SLA  PW   PBX  PBC ( 1  4  3  4 0 0)
     Any further DFT definition will be discarded
     Please, verify this is what you really want

               file C.pbe-n-kjpaw_psl.1.0.0.UPF: wavefunction(s)  2S 2P renormalized
               file Cl.pbe-n-kjpaw_psl.1.0.0.UPF: wavefunction(s)  3S 3P renormalized
               file H.pbe-kjpaw_psl.1.0.0.UPF: wavefunction(s)  1S renormalized

     Parallelization info
     --------------------
     sticks:   dense  smooth     PW     G-vecs:    dense   smooth      PW
     Min        3057    1223    332               144436    36536    5170
     Max        3059    1225    333               144437    36537    5171
     Sum       24467    9791   2657              1155489   292295   41363


     Subspace diagonalization in iterative solution of the eigenvalue problem:
     a serial algorithm will be used

     GIPAW projectors -----------------------------------------------
     atom=  C    l=0  rc=    1.2000  rs=    0.8000
     atom=  C    l=0  rc=    1.2000  rs=    0.8000
     atom=  C    l=1  rc=    1.4000  rs=    0.9333
     atom=  C    l=1  rc=    1.4000  rs=    0.9333
     projs nearly linearly dependent: l=1  n1,n2= 1, 2  s=  0.99951561

     atom=  Cl   l=0  rc=    1.6000  rs=    1.0667
     atom=  Cl   l=0  rc=    1.6000  rs=    1.0667
     atom=  Cl   l=1  rc=    1.6000  rs=    1.0667
     atom=  Cl   l=1  rc=    1.6000  rs=    1.0667
     atom=  Cl   l=2  rc=    1.6000  rs=    1.0667
     atom=  Cl   l=2  rc=    1.6000  rs=    1.0667
     projs nearly linearly dependent: l=2  n1,n2= 1, 2  s=  0.99993509

     atom=  H    l=0  rc=    1.0000  rs=    0.6667
     atom=  H    l=0  rc=    1.0000  rs=    0.6667
     projs nearly linearly dependent: l=0  n1,n2= 1, 2  s=  0.99968852
     -----------------------------------------------------------------

     GIPAW integrals: -------------------------------------------
     Atom  i/j   nmr_para   nmr_dia   epr_rmc  epr_para   epr_dia
       C   1 1   0.83E+03  0.17E-01  0.93E+01  0.24E+08  0.24E+03
       C   2 1   0.86E+03 -0.61E-01  0.94E+01  0.25E+08  0.25E+03
       C   2 2   0.90E+03 -0.15E+00  0.97E+01  0.26E+08  0.26E+03
       C   3 3   0.33E+01  0.34E+00  0.18E+01  0.55E+03  0.21E+02
       C   4 3   0.35E+01  0.37E+00  0.20E+01  0.59E+03  0.22E+02
       C   4 4   0.38E+01  0.39E+00  0.22E+01  0.63E+03  0.24E+02
       Cl  1 1   0.14E+04 -0.47E+00  0.84E+01  0.32E+09  0.42E+03
       Cl  2 1   0.21E+04 -0.37E+00  0.12E+02  0.49E+09  0.65E+03
       Cl  2 2   0.33E+04 -0.16E+00  0.21E+02  0.76E+09  0.10E+04
       Cl  3 3   0.21E+02  0.79E-01  0.89E+01  0.23E+05  0.13E+03
       Cl  4 3   0.24E+02  0.67E-01  0.99E+01  0.27E+05  0.15E+03
       Cl  4 4   0.28E+02  0.44E-01  0.11E+02  0.32E+05  0.18E+03
       Cl  5 5   0.77E+00  0.19E+00  0.18E+01  0.12E+03  0.22E+02
       Cl  6 5   0.80E+00  0.19E+00  0.19E+01  0.12E+03  0.23E+02
       Cl  6 6   0.83E+00  0.20E+00  0.19E+01  0.12E+03  0.23E+02
       H   1 1   0.39E+02  0.19E+00  0.29E+00  0.78E+05  0.13E+02
       H   2 1   0.41E+02  0.21E+00  0.32E+00  0.82E+05  0.14E+02
       H   2 2   0.43E+02  0.22E+00  0.36E+00  0.86E+05  0.15E+02
     ------------------------------------------------------------

     alpha_pv=     33.9962 eV

     Number of occupied bands for each k-point:
     k-point:     1    nbnd_occ=  42
     k-point:     2    nbnd_occ=  42
     k-point:     3    nbnd_occ=  42
     k-point:     4    nbnd_occ=  42
     k-point:     5    nbnd_occ=  42
     k-point:     6    nbnd_occ=  42
     k-point:     7    nbnd_occ=  42
     k-point:     8    nbnd_occ=  42
     k-point:     9    nbnd_occ=  42
     k-point:    10    nbnd_occ=  42
     k-point:    11    nbnd_occ=  42
     k-point:    12    nbnd_occ=  42
     k-point:    13    nbnd_occ=  42
     k-point:    14    nbnd_occ=  42
     k-point:    15    nbnd_occ=  42
     k-point:    16    nbnd_occ=  42


     q-space interpolation up to   110.00 Rydberg

     GIPAW job: efg                                                                             


     ELECTRIC FIELD GRADIENTS TENSORS IN Hartree/bohrradius^2:

     ----- bare term -----
     Cl   1       -0.244476        0.313280       -0.046163
     Cl   1        0.313280        0.011742        0.018154
     Cl   1       -0.046163        0.018154        0.232733

     C    2       -0.015987       -0.325455       -0.469708
     C    2       -0.325455       -0.122132       -0.661872
     C    2       -0.469708       -0.661872        0.138119

     C    3       -0.380216        0.338740        0.061954
     C    3        0.338740       -0.019664       -0.394200
     C    3        0.061954       -0.394200        0.399880

     H    4       -0.368914       -0.372849       -0.348022
     H    4       -0.372849        0.134054       -0.023582
     H    4       -0.348022       -0.023582        0.234860

     C    5       -0.163354       -0.304790       -0.382150
     C    5       -0.304790        0.036938       -0.567534
     C    5       -0.382150       -0.567534        0.126416

     H    6        0.298978        0.267689       -0.025309
     H    6        0.267689       -0.651459       -0.282859
     H    6       -0.025309       -0.282859        0.352481

     H    7        0.054026        0.047417        0.375823
     H    7        0.047417        0.071071        0.369448
     H    7        0.375823        0.369448       -0.125096

     C    8       -0.380143       -0.143901       -0.339927
     C    8       -0.143901        0.294801       -0.003764
     C    8       -0.339927       -0.003764        0.085342

     H    9        0.168318        0.036219       -0.341676
     H    9        0.036219        0.176988       -0.287724
     H    9       -0.341676       -0.287724       -0.345306

     C   10        0.205368       -0.112009        0.232396
     C   10       -0.112009       -0.203779        0.098555
     C   10        0.232396        0.098555       -0.001588

     C   11       -0.168252       -0.092239       -0.355063
     C   11       -0.092239        0.078227       -0.004700
     C   11       -0.355063       -0.004700        0.090024

     Cl  12        0.000164        0.152031        0.170411
     Cl  12        0.152031       -0.105994       -0.262158
     Cl  12        0.170411       -0.262158        0.105830

     H   13        0.095541        0.039655       -0.412798
     H   13        0.039655       -0.126663       -0.402300
     H   13       -0.412798       -0.402300        0.031122

     C   14       -0.330916        0.478199        0.016604
     C   14        0.478199       -0.041502       -0.251532
     C   14        0.016604       -0.251532        0.372418

     H   15       -0.534432        0.217931       -0.141287
     H   15        0.217931        0.182142       -0.179603
     H   15       -0.141287       -0.179603        0.352290

     C   16        0.059254       -0.217777       -0.405314
     C   16       -0.217777       -0.213198       -0.650563
     C   16       -0.405314       -0.650563        0.153944

     C   17       -0.612854        0.391361       -0.298720
     C   17        0.391361        0.173377       -0.128574
     C   17       -0.298720       -0.128574        0.439477

     Cl  18       -0.015932        0.045942        0.101325
     Cl  18        0.045942       -0.030648       -0.061695
     Cl  18        0.101325       -0.061695        0.046580

     H   19        0.427994       -0.058436        0.140523
     H   19       -0.058436       -0.164901        0.617927
     H   19        0.140523        0.617927       -0.263093

     C   20       -0.032959       -0.466843        0.004596
     C   20       -0.466843       -0.272893        0.353466
     C   20        0.004596        0.353466        0.305852

     H   21        0.102831        0.156058       -0.408038
     H   21        0.156058        0.334961        0.401150
     H   21       -0.408038        0.401150       -0.437791

     C   22       -0.667367       -0.330604       -0.265569
     C   22       -0.330604        0.185252        0.050987
     C   22       -0.265569        0.050987        0.482116

     C   23        0.071783       -0.546590        0.041157
     C   23       -0.546590       -0.242126        0.501461
     C   23        0.041157        0.501461        0.170342

     Cl  24       -0.020517       -0.010172        0.071256
     Cl  24       -0.010172       -0.048552       -0.065311
     Cl  24        0.071256       -0.065311        0.069069

     ----- ionic term -----
     Cl   1        0.118820       -0.185470        0.041789
     Cl   1       -0.185470        0.029500       -0.011498
     Cl   1        0.041789       -0.011498       -0.148320

     C    2        0.154397       -0.102941        0.305872
     C    2       -0.102941        0.155130        0.414072
     C    2        0.305872        0.414072       -0.309527

     C    3        0.195736       -0.242537        0.187624
     C    3       -0.242537        0.180537        0.414801
     C    3        0.187624        0.414801       -0.376273

     H    4        0.771044        0.206979        0.642842
     H    4        0.206979       -0.467909        0.178763
     H    4        0.642842        0.178763       -0.303134

     C    5        0.382840       -0.194130        0.208020
     C    5       -0.194130        0.038852        0.320990
     C    5        0.208020        0.320990       -0.421692

     H    6       -0.489932        0.030488        0.015179
     H    6        0.030488        0.631948        0.724481
     H    6        0.015179        0.724481       -0.142015

     H    7       -0.516700        0.063369       -0.005136
     H    7        0.063369        0.644943       -0.703915
     H    7       -0.005136       -0.703915       -0.128244

     C    8        0.164319        0.309936        0.310119
     C    8        0.309936        0.070182       -0.229348
     C    8        0.310119       -0.229348       -0.234502

     H    9        0.569891       -0.210555        0.734597
     H    9       -0.210555       -0.442836       -0.218624
     H    9        0.734597       -0.218624       -0.127055

     C   10        0.078421        0.315775        0.231265
     C   10        0.315775        0.159784       -0.353786
     C   10        0.231265       -0.353786       -0.238205

     C   11        0.040820        0.290071        0.323950
     C   11        0.290071        0.067106       -0.370902
     C   11        0.323950       -0.370902       -0.107926

     Cl  12        0.145252        0.224989        0.046714
     Cl  12        0.224989       -0.004435        0.014190
     Cl  12        0.046714        0.014190       -0.140817

     H   13       -0.545852        0.072696        0.053202
     H   13        0.072696        0.660910        0.728378
     H   13        0.053202        0.728378       -0.115058

     C   14        0.220105       -0.143811        0.192496
     C   14       -0.143811        0.083134        0.340175
     C   14        0.192496        0.340175       -0.303238

     H   15        0.757615        0.289661        0.523838
     H   15        0.289661       -0.451634        0.188773
     H   15        0.523838        0.188773       -0.305981

     C   16        0.156652       -0.144691        0.144436
     C   16       -0.144691        0.145279        0.432478
     C   16        0.144436        0.432478       -0.301931

     C   17        0.275636       -0.070032        0.215798
     C   17       -0.070032        0.056784        0.467646
     C   17        0.215798        0.467646       -0.332419

     Cl  18        0.115430       -0.215773       -0.051378
     Cl  18       -0.215773        0.008851        0.036999
     Cl  18       -0.051378        0.036999       -0.124282

     H   19       -0.490296        0.197975       -0.150823
     H   19        0.197975        0.336814       -0.765502
     H   19       -0.150823       -0.765502        0.153482

     C   20        0.137705        0.341244        0.288290
     C   20        0.341244       -0.036356       -0.246504
     C   20        0.288290       -0.246504       -0.101349

     H   21        0.253174       -0.240103        0.757896
     H   21       -0.240103       -0.467628       -0.289535
     H   21        0.757896       -0.289535        0.214454

     C   22        0.056287        0.313225        0.219653
     C   22        0.313225        0.073755       -0.338983
     C   22        0.219653       -0.338983       -0.130042

     C   23        0.080832        0.298617        0.284517
     C   23        0.298617        0.066393       -0.323059
     C   23        0.284517       -0.323059       -0.147225

     Cl  24        0.074886        0.213553        0.023722
     Cl  24        0.213553        0.073596        0.019144
     Cl  24        0.023722        0.019144       -0.148482

     ----- GIPAW term -----
     Cl   1        0.781849       -2.227513       -0.562026
     Cl   1       -2.227513        0.576850        0.455201
     Cl   1       -0.562026        0.455201       -1.358699

     C    2        0.034085       -0.164723        0.001162
     C    2       -0.164723        0.028743       -0.103698
     C    2        0.001162       -0.103698       -0.062828

     C    3       -0.065297       -0.129856        0.106066
     C    3       -0.129856        0.114891       -0.137178
     C    3        0.106066       -0.137178       -0.049594

     H    4       -0.000000        0.000000        0.000000
     H    4        0.000000        0.000000        0.000000
     H    4        0.000000        0.000000        0.000000

     C    5       -0.036199       -0.205869       -0.010470
     C    5       -0.205869        0.147723       -0.174315
     C    5       -0.010470       -0.174315       -0.111524

     H    6       -0.000000        0.000000        0.000000
     H    6        0.000000        0.000000        0.000000
     H    6        0.000000        0.000000        0.000000

     H    7       -0.000000        0.000000        0.000000
     H    7        0.000000        0.000000        0.000000
     H    7        0.000000        0.000000        0.000000

     C    8        0.003870       -0.077203       -0.040062
     C    8       -0.077203        0.046490       -0.003115
     C    8       -0.040062       -0.003115       -0.050360

     H    9       -0.000000        0.000000        0.000000
     H    9        0.000000        0.000000        0.000000
     H    9        0.000000        0.000000        0.000000

     C   10        0.010849        0.007629        0.035194
     C   10        0.007629        0.003263       -0.019189
     C   10        0.035194       -0.019189       -0.014112

     C   11        0.028505       -0.035314       -0.038138
     C   11       -0.035314        0.031350       -0.000474
     C   11       -0.038138       -0.000474       -0.059855

     Cl  12        0.124387       -0.074821       -0.623797
     Cl  12       -0.074821        0.495607        0.948394
     Cl  12       -0.623797        0.948394       -0.619994

     H   13       -0.000000        0.000000        0.000000
     H   13        0.000000        0.000000        0.000000
     H   13        0.000000        0.000000        0.000000

     C   14        0.070058       -0.129577        0.081996
     C   14       -0.129577        0.024008       -0.046605
     C   14        0.081996       -0.046605       -0.094066

     H   15       -0.000000        0.000000        0.000000
     H   15        0.000000        0.000000        0.000000
     H   15        0.000000        0.000000        0.000000

     C   16        0.022154       -0.141198       -0.062264
     C   16       -0.141198        0.039266       -0.034949
     C   16       -0.062264       -0.034949       -0.061420

     C   17       -0.059328       -0.176934       -0.078423
     C   17       -0.176934        0.159521        0.076347
     C   17       -0.078423        0.076347       -0.100193

     Cl  18       -0.094668       -1.978559       -0.753523
     Cl  18       -1.978559       -0.303357        1.445949
     Cl  18       -0.753523        1.445949        0.398024

     H   19       -0.000000        0.000000        0.000000
     H   19        0.000000        0.000000        0.000000
     H   19        0.000000        0.000000        0.000000

     C   20       -0.012160       -0.222063        0.099517
     C   20       -0.222063        0.047403       -0.056801
     C   20        0.099517       -0.056801       -0.035244

     H   21       -0.000000        0.000000        0.000000
     H   21        0.000000        0.000000        0.000000
     H   21        0.000000        0.000000        0.000000

     C   22       -0.192494       -0.120533        0.066704
     C   22       -0.120533        0.047520       -0.167295
     C   22        0.066704       -0.167295        0.144974

     C   23        0.125191       -0.195243        0.054805
     C   23       -0.195243        0.032780        0.011469
     C   23        0.054805        0.011469       -0.157971

     Cl  24        1.191813        1.997400        0.700776
     Cl  24        1.997400       -0.361949       -0.491593
     Cl  24        0.700776       -0.491593       -0.829863

     ----- total EFG -----
     Cl   1        0.656193       -2.099703       -0.566399
     Cl   1       -2.099703        0.618092        0.461857
     Cl   1       -0.566399        0.461857       -1.274285

     C    2        0.172494       -0.593119       -0.162673
     C    2       -0.593119        0.061741       -0.351498
     C    2       -0.162673       -0.351498       -0.234235

     C    3       -0.249777       -0.033653        0.355643
     C    3       -0.033653        0.275763       -0.116577
     C    3        0.355643       -0.116577       -0.025986

     H    4        0.402130       -0.165870        0.294821
     H    4       -0.165870       -0.333856        0.155180
     H    4        0.294821        0.155180       -0.068274

     C    5        0.183287       -0.704789       -0.184600
     C    5       -0.704789        0.223513       -0.420859
     C    5       -0.184600       -0.420859       -0.406800

     H    6       -0.190954        0.298177       -0.010130
     H    6        0.298177       -0.019512        0.441622
     H    6       -0.010130        0.441622        0.210466

     H    7       -0.462674        0.110786        0.370687
     H    7        0.110786        0.716014       -0.334467
     H    7        0.370687       -0.334467       -0.253340

     C    8       -0.211954        0.088833       -0.069870
     C    8        0.088833        0.411474       -0.236226
     C    8       -0.069870       -0.236226       -0.199520

     H    9        0.738209       -0.174336        0.392921
     H    9       -0.174336       -0.265848       -0.506348
     H    9        0.392921       -0.506348       -0.472361

     C   10        0.294638        0.211395        0.498855
     C   10        0.211395       -0.040733       -0.274420
     C   10        0.498855       -0.274420       -0.253905

     C   11       -0.098927        0.162518       -0.069251
     C   11        0.162518        0.176684       -0.376075
     C   11       -0.069251       -0.376075       -0.077757

     Cl  12        0.269803        0.302199       -0.406672
     Cl  12        0.302199        0.385178        0.700426
     Cl  12       -0.406672        0.700426       -0.654981

     H   13       -0.450311        0.112351       -0.359596
     H   13        0.112351        0.534247        0.326078
     H   13       -0.359596        0.326078       -0.083936

     C   14       -0.040754        0.204811        0.291096
     C   14        0.204811        0.065640        0.042038
     C   14        0.291096        0.042038       -0.024886

     H   15        0.223183        0.507591        0.382551
     H   15        0.507591       -0.269492        0.009170
     H   15        0.382551        0.009170        0.046309

     C   16        0.238060       -0.503666       -0.323142
     C   16       -0.503666       -0.028653       -0.253034
     C   16       -0.323142       -0.253034       -0.209407

     C   17       -0.396546        0.144394       -0.161346
     C   17        0.144394        0.389682        0.415419
     C   17       -0.161346        0.415419        0.006864

     Cl  18        0.004831       -2.148390       -0.703575
     Cl  18       -2.148390       -0.325154        1.421254
     Cl  18       -0.703575        1.421254        0.320323

     H   19       -0.062303        0.139539       -0.010301
     H   19        0.139539        0.171913       -0.147574
     H   19       -0.010301       -0.147574       -0.109610

     C   20        0.092586       -0.347662        0.392403
     C   20       -0.347662       -0.261845        0.050161
     C   20        0.392403        0.050161        0.169259

     H   21        0.356005       -0.084045        0.349858
     H   21       -0.084045       -0.132667        0.111615
     H   21        0.349858        0.111615       -0.223337

     C   22       -0.803575       -0.137912        0.020787
     C   22       -0.137912        0.306527       -0.455291
     C   22        0.020787       -0.455291        0.497048

     C   23        0.277806       -0.443216        0.380479
     C   23       -0.443216       -0.142953        0.189871
     C   23        0.380479        0.189871       -0.134854

     Cl  24        1.246181        2.200782        0.795754
     Cl  24        2.200782       -0.336905       -0.537759
     Cl  24        0.795754       -0.537759       -0.909277

     ----- total EFG (symmetrized) -----
     Cl   1        0.656193       -2.099703       -0.566399
     Cl   1       -2.099703        0.618092        0.461857
     Cl   1       -0.566399        0.461857       -1.274285

     C    2        0.172494       -0.593119       -0.162673
     C    2       -0.593119        0.061741       -0.351498
     C    2       -0.162673       -0.351498       -0.234235

     C    3       -0.249777       -0.033653        0.355643
     C    3       -0.033653        0.275763       -0.116577
     C    3        0.355643       -0.116577       -0.025986

     H    4        0.402130       -0.165870        0.294821
     H    4       -0.165870       -0.333856        0.155180
     H    4        0.294821        0.155180       -0.068274

     C    5        0.183287       -0.704789       -0.184600
     C    5       -0.704789        0.223513       -0.420859
     C    5       -0.184600       -0.420859       -0.406800

     H    6       -0.190954        0.298177       -0.010130
     H    6        0.298177       -0.019512        0.441622
     H    6       -0.010130        0.441622        0.210466

     H    7       -0.462674        0.110786        0.370687
     H    7        0.110786        0.716014       -0.334467
     H    7        0.370687       -0.334467       -0.253340

     C    8       -0.211954        0.088833       -0.069870
     C    8        0.088833        0.411474       -0.236226
     C    8       -0.069870       -0.236226       -0.199520

     H    9        0.738209       -0.174336        0.392921
     H    9       -0.174336       -0.265848       -0.506348
     H    9        0.392921       -0.506348       -0.472361

     C   10        0.294638        0.211395        0.498855
     C   10        0.211395       -0.040733       -0.274420
     C   10        0.498855       -0.274420       -0.253905

     C   11       -0.098927        0.162518       -0.069251
     C   11        0.162518        0.176684       -0.376075
     C   11       -0.069251       -0.376075       -0.077757

     Cl  12        0.269803        0.302199       -0.406672
     Cl  12        0.302199        0.385178        0.700426
     Cl  12       -0.406672        0.700426       -0.654981

     H   13       -0.450311        0.112351       -0.359596
     H   13        0.112351        0.534247        0.326078
     H   13       -0.359596        0.326078       -0.083936

     C   14       -0.040754        0.204811        0.291096
     C   14        0.204811        0.065640        0.042038
     C   14        0.291096        0.042038       -0.024886

     H   15        0.223183        0.507591        0.382551
     H   15        0.507591       -0.269492        0.009170
     H   15        0.382551        0.009170        0.046309

     C   16        0.238060       -0.503666       -0.323142
     C   16       -0.503666       -0.028653       -0.253034
     C   16       -0.323142       -0.253034       -0.209407

     C   17       -0.396546        0.144394       -0.161346
     C   17        0.144394        0.389682        0.415419
     C   17       -0.161346        0.415419        0.006864

     Cl  18        0.004831       -2.148390       -0.703575
     Cl  18       -2.148390       -0.325154        1.421254
     Cl  18       -0.703575        1.421254        0.320323

     H   19       -0.062303        0.139539       -0.010301
     H   19        0.139539        0.171913       -0.147574
     H   19       -0.010301       -0.147574       -0.109610

     C   20        0.092586       -0.347662        0.392403
     C   20       -0.347662       -0.261845        0.050161
     C   20        0.392403        0.050161        0.169259

     H   21        0.356005       -0.084045        0.349858
     H   21       -0.084045       -0.132667        0.111615
     H   21        0.349858        0.111615       -0.223337

     C   22       -0.803575       -0.137912        0.020787
     C   22       -0.137912        0.306527       -0.455291
     C   22        0.020787       -0.455291        0.497048

     C   23        0.277806       -0.443216        0.380479
     C   23       -0.443216       -0.142953        0.189871
     C   23        0.380479        0.189871       -0.134854

     Cl  24        1.246181        2.200782        0.795754
     Cl  24        2.200782       -0.336905       -0.537759
     Cl  24        0.795754       -0.537759       -0.909277


     NQR/NMR SPECTROSCOPIC PARAMETERS:
     Cl   1    Vxx=   -1.3565    axis=( -0.281870 -0.492336  0.823501)
     Cl   1    Vyy=   -1.5083    axis=( -0.654488 -0.528939 -0.540250)
     Cl   1    Vzz=    2.8648    axis=(  0.701566 -0.691252 -0.173136)
     Cl   1  Q=        -8.1650 1e-30 m^2  Cq=       -54.9598 MHz  eta= 0.05296

     C    2    Vxx=    0.0199    axis=( -0.496266 -0.346042  0.796226)
     C    2    Vyy=    0.7288    axis=( -0.703826  0.697305 -0.135624)
     C    2    Vzz=   -0.7487    axis=( -0.508281 -0.627710 -0.589602)
     C    2  Q=         1.0000 1e-30 m^2  Cq=        -1.7591 MHz  eta= 0.94680

     C    3    Vxx=    0.1407    axis=(  0.488424  0.636817  0.596579)
     C    3    Vyy=    0.3722    axis=( -0.348080  0.769111 -0.536011)
     C    3    Vzz=   -0.5130    axis=(  0.800176 -0.054143 -0.597316)
     C    3  Q=         1.0000 1e-30 m^2  Cq=        -1.2053 MHz  eta= 0.45128

     H    4    Vxx=   -0.0554    axis=( -0.276454  0.588225  0.759977)
     H    4    Vyy=   -0.4968    axis=(  0.314345  0.802645 -0.506902)
     H    4    Vzz=    0.5522    axis=(  0.908163 -0.098760  0.406799)
     H    4  Q=         1.0000 1e-30 m^2  Cq=         1.2975 MHz  eta= 0.79932

     C    5    Vxx=   -0.0431    axis=(  0.575743  0.375223 -0.726449)
     C    5    Vyy=   -0.8901    axis=(  0.483526  0.560217  0.672577)
     C    5    Vzz=    0.9332    axis=( -0.659335  0.738488 -0.141111)
     C    5  Q=         1.0000 1e-30 m^2  Cq=         2.1926 MHz  eta= 0.90759

     H    6    Vxx=   -0.0517    axis=( -0.767703 -0.340052  0.543136)
     H    6    Vyy=   -0.5421    axis=( -0.596600  0.688639 -0.412123)
     H    6    Vzz=    0.5938    axis=(  0.233881  0.640423  0.731545)
     H    6  Q=         1.0000 1e-30 m^2  Cq=         1.3953 MHz  eta= 0.82584

     H    7    Vxx=   -0.0197    axis=(  0.657769  0.227398  0.718074)
     H    7    Vyy=   -0.8005    axis=(  0.753210 -0.193664 -0.628625)
     H    7    Vzz=    0.8202    axis=(  0.003883 -0.954350  0.298664)
     H    7  Q=         1.0000 1e-30 m^2  Cq=         1.9272 MHz  eta= 0.95196

     C    8    Vxx=   -0.2086    axis=(  0.878281 -0.274862 -0.391247)
     C    8    Vyy=   -0.2994    axis=(  0.455025  0.229101  0.860503)
     C    8    Vzz=    0.5080    axis=(  0.146885  0.933790 -0.326284)
     C    8  Q=         1.0000 1e-30 m^2  Cq=         1.1936 MHz  eta= 0.17861

     H    9    Vxx=   -0.0328    axis=(  0.423773  0.758543 -0.495005)
     H    9    Vyy=   -0.9108    axis=( -0.127329  0.590965  0.796585)
     H    9    Vzz=    0.9436    axis=(  0.896774 -0.274543  0.347020)
     H    9  Q=         1.0000 1e-30 m^2  Cq=         2.2171 MHz  eta= 0.93045

     C   10    Vxx=    0.1296    axis=( -0.158996 -0.889037  0.429341)
     C   10    Vyy=    0.5930    axis=(  0.869959  0.079448  0.486681)
     C   10    Vzz=   -0.7226    axis=( -0.466788  0.450889  0.760794)
     C   10  Q=         1.0000 1e-30 m^2  Cq=        -1.6979 MHz  eta= 0.64131

     C   11    Vxx=   -0.1422    axis=( -0.944544  0.121645 -0.305024)
     C   11    Vyy=   -0.3543    axis=( -0.173419  0.603998  0.777889)
     C   11    Vzz=    0.4965    axis=( -0.278860 -0.787647  0.549408)
     C   11  Q=         1.0000 1e-30 m^2  Cq=         1.1667 MHz  eta= 0.42716

     Cl  12    Vxx=    0.4203    axis=(  0.913692 -0.080923 -0.398270)
     Cl  12    Vyy=    0.7593    axis=( -0.242217 -0.895339 -0.373763)
     Cl  12    Vzz=   -1.1796    axis=(  0.326341 -0.437972  0.837665)
     Cl  12  Q=        -8.1650 1e-30 m^2  Cq=        22.6306 MHz  eta= 0.28740

     H   13    Vxx=    0.0533    axis=(  0.594674  0.351378 -0.723116)
     H   13    Vyy=    0.6760    axis=(  0.039976 -0.911246 -0.409919)
     H   13    Vzz=   -0.7293    axis=(  0.802973 -0.214860  0.555940)
     H   13  Q=         1.0000 1e-30 m^2  Cq=        -1.7137 MHz  eta= 0.85373

     C   14    Vxx=   -0.0048    axis=(  0.155447 -0.798774  0.581202)
     C   14    Vyy=   -0.3605    axis=(  0.739683 -0.295850 -0.604435)
     C   14    Vzz=    0.3653    axis=(  0.654756  0.523863  0.544851)
     C   14  Q=         1.0000 1e-30 m^2  Cq=         0.8584 MHz  eta= 0.97369

     H   15    Vxx=   -0.0611    axis=( -0.222168 -0.504418  0.834388)
     H   15    Vyy=   -0.6503    axis=(  0.574921 -0.758944 -0.305729)
     H   15    Vzz=    0.7114    axis=(  0.787469  0.411784  0.458614)
     H   15  Q=         1.0000 1e-30 m^2  Cq=         1.6715 MHz  eta= 0.82824

     C   16    Vxx=    0.0861    axis=( -0.258554 -0.575693  0.775711)
     C   16    Vyy=    0.6405    axis=( -0.816016  0.559920  0.143556)
     C   16    Vzz=   -0.7266    axis=( -0.516980 -0.595875 -0.614544)
     C   16  Q=         1.0000 1e-30 m^2  Cq=        -1.7072 MHz  eta= 0.76303

     C   17    Vxx=   -0.1039    axis=(  0.587486  0.413580 -0.695566)
     C   17    Vyy=   -0.5530    axis=( -0.808500  0.336578 -0.482745)
     C   17    Vzz=    0.6569    axis=( -0.034459 -0.845971 -0.532114)
     C   17  Q=         1.0000 1e-30 m^2  Cq=         1.5434 MHz  eta= 0.68375

     Cl  18    Vxx=   -0.4206    axis=(  0.539218 -0.163748  0.826093)
     Cl  18    Vyy=   -2.4546    axis=(  0.598962  0.764124 -0.239498)
     Cl  18    Vzz=    2.8753    axis=( -0.592020  0.623940  0.510108)
     Cl  18  Q=        -8.1650 1e-30 m^2  Cq=       -55.1609 MHz  eta= 0.70741

     H   19    Vxx=   -0.0908    axis=( -0.824128  0.127749 -0.551810)
     H   19    Vyy=   -0.1952    axis=(  0.438128 -0.473655 -0.763999)
     H   19    Vzz=    0.2860    axis=( -0.358968 -0.871396  0.334382)
     H   19  Q=         1.0000 1e-30 m^2  Cq=         0.6720 MHz  eta= 0.36488

     C   20    Vxx=   -0.0056    axis=( -0.378581  0.643740  0.665038)
     C   20    Vyy=   -0.5719    axis=(  0.590899  0.721136 -0.361665)
     C   20    Vzz=    0.5774    axis=(  0.712401 -0.256051  0.653393)
     C   20  Q=         1.0000 1e-30 m^2  Cq=         1.3568 MHz  eta= 0.98072

     H   21    Vxx=   -0.0744    axis=(  0.130248 -0.915690 -0.380195)
     H   21    Vyy=   -0.4475    axis=(  0.400807  0.399360 -0.824539)
     H   21    Vzz=    0.5218    axis=(  0.906857 -0.044991  0.419031)
     H   21  Q=         1.0000 1e-30 m^2  Cq=         1.2261 MHz  eta= 0.71497

     C   22    Vxx=   -0.0518    axis=( -0.122121  0.761619  0.636414)
     C   22    Vyy=   -0.8215    axis=( -0.990595 -0.133396 -0.030444)
     C   22    Vzz=    0.8733    axis=(  0.061708 -0.634146  0.770747)
     C   22  Q=         1.0000 1e-30 m^2  Cq=         2.0519 MHz  eta= 0.88136

     C   23    Vxx=    0.0497    axis=(  0.033827  0.660955  0.749662)
     C   23    Vyy=    0.6334    axis=(  0.853969 -0.408803  0.321897)
     C   23    Vzz=   -0.6831    axis=(  0.519224  0.629300 -0.578264)
     C   23  Q=         1.0000 1e-30 m^2  Cq=        -1.6050 MHz  eta= 0.85444

     Cl  24    Vxx=   -0.4022    axis=(  0.222206 -0.474419  0.851793)
     Cl  24    Vyy=   -2.4240    axis=( -0.520174  0.681229  0.515117)
     Cl  24    Vzz=    2.8262    axis=( -0.824647 -0.557543 -0.095408)
     Cl  24  Q=        -8.1650 1e-30 m^2  Cq=       -54.2191 MHz  eta= 0.71539

     Initialization:
     gipaw_setup  :      9.38s CPU     10.94s WALL (       1 calls)

     Linear response

     Apply operators

     Induced current

     Other routines
     efg          :      9.46s CPU     11.52s WALL (       1 calls)

     General routines
     calbec       :      3.27s CPU      4.02s WALL (      16 calls)
     fft          :      1.47s CPU      2.07s WALL (      15 calls)
     ffts         :      0.03s CPU      0.04s WALL (       2 calls)
     fftw         :      3.38s CPU      4.07s WALL (     672 calls)
     davcio       :      0.03s CPU      0.32s WALL (      32 calls)

     Parallel routines
     fft_scatter  :      2.15s CPU      3.28s WALL (     689 calls)

     Plugins

     GIPAW        :     61.32s CPU     72.10s WALL (       1 calls)
