
     Program QE v.6.0 (svn rev. 13079) starts on 11Jan2017 at  1: 5:33 

     This program is part of the open-source Quantum ESPRESSO suite
     for quantum simulation of materials; please cite
         "P. Giannozzi et al., J. Phys.:Condens. Matter 21 395502 (2009);
          URL http://www.quantum-espresso.org", 
     in publications or presentations arising from this work. More details at
     http://www.quantum-espresso.org/quote

     Parallel version (MPI), running on     8 processors
     R & G space division:  proc/nbgrp/npool/nimage =       8

     ***** This is GIPAW svn revision unknown      *****

     Parallelizing q-star over 1 images

     Reading data from directory:
     /users/majewski/paradichlorobenzene/pbe/9_constraint/scratch/pbe.ecut100.np8.dt60.pcl2phi-129368.save
     Message from routine read_xml_file:
     file /users/majewski/paradichlorobenzene/pbe/9_constraint/scratch/pbe.ecut100.np8.dt60.pcl2phi-129368.save not guaranteed to be safe for post-processing

   Info: using nr1, nr2, nr3 values from input

   Info: using nr1, nr2, nr3 values from input

     IMPORTANT: XC functional enforced from input :
     Exchange-correlation      =  SLA  PW   PBX  PBC ( 1  4  3  4 0 0)
     Any further DFT definition will be discarded
     Please, verify this is what you really want

               file C.pbe-n-kjpaw_psl.1.0.0.UPF: wavefunction(s)  2S 2P renormalized
               file Cl.pbe-n-kjpaw_psl.1.0.0.UPF: wavefunction(s)  3S 3P renormalized
               file H.pbe-kjpaw_psl.1.0.0.UPF: wavefunction(s)  1S renormalized

     Parallelization info
     --------------------
     sticks:   dense  smooth     PW     G-vecs:    dense   smooth      PW
     Min        3057    1223    332               144436    36536    5170
     Max        3059    1225    333               144437    36537    5171
     Sum       24467    9791   2657              1155489   292295   41363


     Subspace diagonalization in iterative solution of the eigenvalue problem:
     a serial algorithm will be used

     GIPAW projectors -----------------------------------------------
     atom=  C    l=0  rc=    1.2000  rs=    0.8000
     atom=  C    l=0  rc=    1.2000  rs=    0.8000
     atom=  C    l=1  rc=    1.4000  rs=    0.9333
     atom=  C    l=1  rc=    1.4000  rs=    0.9333
     projs nearly linearly dependent: l=1  n1,n2= 1, 2  s=  0.99951561

     atom=  Cl   l=0  rc=    1.6000  rs=    1.0667
     atom=  Cl   l=0  rc=    1.6000  rs=    1.0667
     atom=  Cl   l=1  rc=    1.6000  rs=    1.0667
     atom=  Cl   l=1  rc=    1.6000  rs=    1.0667
     atom=  Cl   l=2  rc=    1.6000  rs=    1.0667
     atom=  Cl   l=2  rc=    1.6000  rs=    1.0667
     projs nearly linearly dependent: l=2  n1,n2= 1, 2  s=  0.99993509

     atom=  H    l=0  rc=    1.0000  rs=    0.6667
     atom=  H    l=0  rc=    1.0000  rs=    0.6667
     projs nearly linearly dependent: l=0  n1,n2= 1, 2  s=  0.99968852
     -----------------------------------------------------------------

     GIPAW integrals: -------------------------------------------
     Atom  i/j   nmr_para   nmr_dia   epr_rmc  epr_para   epr_dia
       C   1 1   0.83E+03  0.17E-01  0.93E+01  0.24E+08  0.24E+03
       C   2 1   0.86E+03 -0.61E-01  0.94E+01  0.25E+08  0.25E+03
       C   2 2   0.90E+03 -0.15E+00  0.97E+01  0.26E+08  0.26E+03
       C   3 3   0.33E+01  0.34E+00  0.18E+01  0.55E+03  0.21E+02
       C   4 3   0.35E+01  0.37E+00  0.20E+01  0.59E+03  0.22E+02
       C   4 4   0.38E+01  0.39E+00  0.22E+01  0.63E+03  0.24E+02
       Cl  1 1   0.14E+04 -0.47E+00  0.84E+01  0.32E+09  0.42E+03
       Cl  2 1   0.21E+04 -0.37E+00  0.12E+02  0.49E+09  0.65E+03
       Cl  2 2   0.33E+04 -0.16E+00  0.21E+02  0.76E+09  0.10E+04
       Cl  3 3   0.21E+02  0.79E-01  0.89E+01  0.23E+05  0.13E+03
       Cl  4 3   0.24E+02  0.67E-01  0.99E+01  0.27E+05  0.15E+03
       Cl  4 4   0.28E+02  0.44E-01  0.11E+02  0.32E+05  0.18E+03
       Cl  5 5   0.77E+00  0.19E+00  0.18E+01  0.12E+03  0.22E+02
       Cl  6 5   0.80E+00  0.19E+00  0.19E+01  0.12E+03  0.23E+02
       Cl  6 6   0.83E+00  0.20E+00  0.19E+01  0.12E+03  0.23E+02
       H   1 1   0.39E+02  0.19E+00  0.29E+00  0.78E+05  0.13E+02
       H   2 1   0.41E+02  0.21E+00  0.32E+00  0.82E+05  0.14E+02
       H   2 2   0.43E+02  0.22E+00  0.36E+00  0.86E+05  0.15E+02
     ------------------------------------------------------------

     alpha_pv=     33.9396 eV

     Number of occupied bands for each k-point:
     k-point:     1    nbnd_occ=  42
     k-point:     2    nbnd_occ=  42
     k-point:     3    nbnd_occ=  42
     k-point:     4    nbnd_occ=  42
     k-point:     5    nbnd_occ=  42
     k-point:     6    nbnd_occ=  42
     k-point:     7    nbnd_occ=  42
     k-point:     8    nbnd_occ=  42
     k-point:     9    nbnd_occ=  42
     k-point:    10    nbnd_occ=  42
     k-point:    11    nbnd_occ=  42
     k-point:    12    nbnd_occ=  42
     k-point:    13    nbnd_occ=  42
     k-point:    14    nbnd_occ=  42
     k-point:    15    nbnd_occ=  42
     k-point:    16    nbnd_occ=  42


     q-space interpolation up to   110.00 Rydberg

     GIPAW job: efg                                                                             


     ELECTRIC FIELD GRADIENTS TENSORS IN Hartree/bohrradius^2:

     ----- bare term -----
     Cl   1       -0.041909        0.158395       -0.044028
     Cl   1        0.158395        0.023117       -0.030582
     Cl   1       -0.044028       -0.030582        0.018791

     C    2       -0.489495        0.296751       -0.402290
     C    2        0.296751        0.250048       -0.181130
     C    2       -0.402290       -0.181130        0.239447

     C    3        0.061440        0.389800       -0.097486
     C    3        0.389800       -0.127099       -0.612955
     C    3       -0.097486       -0.612955        0.065660

     H    4        0.094820       -0.079143       -0.396250
     H    4       -0.079143        0.244548        0.251179
     H    4       -0.396250        0.251179       -0.339369

     C    5       -0.603531        0.351100       -0.377884
     C    5        0.351100        0.246279       -0.338892
     C    5       -0.377884       -0.338892        0.357252

     H    6        0.516783       -0.022146       -0.046727
     H    6       -0.022146       -0.181738       -0.348579
     H    6       -0.046727       -0.348579       -0.335045

     H    7        0.407294        0.284634        0.104463
     H    7        0.284634       -0.609300       -0.216726
     H    7        0.104463       -0.216726        0.202006

     C    8       -0.444461       -0.089454       -0.300222
     C    8       -0.089454       -0.069975        0.258476
     C    8       -0.300222        0.258476        0.514436

     H    9       -0.295286        0.398637        0.202274
     H    9        0.398637        0.128331       -0.163834
     H    9        0.202274       -0.163834        0.166955

     C   10        0.085294       -0.197357        0.129521
     C   10       -0.197357       -0.246897        0.138215
     C   10        0.129521        0.138215        0.161602

     C   11       -0.485559        0.110883       -0.220474
     C   11        0.110883       -0.034365        0.356908
     C   11       -0.220474        0.356908        0.519924

     Cl  12       -0.175995       -0.084247       -0.003781
     Cl  12       -0.084247       -0.095488        0.080473
     Cl  12       -0.003781        0.080473        0.271483

     H   13        0.430506       -0.081395       -0.255588
     H   13       -0.081395        0.000285       -0.461391
     H   13       -0.255588       -0.461391       -0.430791

     C   14       -0.204787        0.321142       -0.045969
     C   14        0.321142       -0.379908       -0.379599
     C   14       -0.045969       -0.379599        0.584695

     H   15        0.063214       -0.051337       -0.502381
     H   15       -0.051337        0.417081        0.103452
     H   15       -0.502381        0.103452       -0.480295

     C   16       -0.407415        0.209546       -0.271740
     C   16        0.209546       -0.093834       -0.276584
     C   16       -0.271740       -0.276584        0.501249

     C   17       -0.081803       -0.005414       -0.447018
     C   17       -0.005414       -0.300072       -0.514155
     C   17       -0.447018       -0.514155        0.381875

     Cl  18       -0.094356        0.069368       -0.112972
     Cl  18        0.069368       -0.031570       -0.133238
     Cl  18       -0.112972       -0.133238        0.125926

     H   19        0.285594        0.397677        0.157597
     H   19        0.397677       -0.569598        0.032047
     H   19        0.157597        0.032047        0.284004

     C   20       -0.081282       -0.461129       -0.237595
     C   20       -0.461129       -0.326502        0.309606
     C   20       -0.237595        0.309606        0.407784

     H   21       -0.570227        0.389693        0.151229
     H   21        0.389693        0.332409       -0.020278
     H   21        0.151229       -0.020278        0.237819

     C   22       -0.027128       -0.098284       -0.448583
     C   22       -0.098284       -0.277834        0.487614
     C   22       -0.448583        0.487614        0.304962

     C   23       -0.226042       -0.183822       -0.324728
     C   23       -0.183822       -0.131293        0.445703
     C   23       -0.324728        0.445703        0.357335

     Cl  24       -0.069622        0.087078       -0.044513
     Cl  24        0.087078       -0.053658       -0.100878
     Cl  24       -0.044513       -0.100878        0.123280

     ----- ionic term -----
     Cl   1        0.105199       -0.234315        0.038476
     Cl   1       -0.234315        0.058707       -0.020809
     Cl   1        0.038476       -0.020809       -0.163906

     C    2        0.080802       -0.300046        0.353289
     C    2       -0.300046        0.075231        0.344220
     C    2        0.353289        0.344220       -0.156033

     C    3       -0.003319       -0.295361        0.230437
     C    3       -0.295361        0.150580        0.396107
     C    3        0.230437        0.396107       -0.147261

     H    4        0.324971        0.153508        0.788589
     H    4        0.153508       -0.479826        0.218405
     H    4        0.788589        0.218405        0.154856

     C    5        0.129549       -0.244816        0.341009
     C    5       -0.244816        0.018061        0.280215
     C    5        0.341009        0.280215       -0.147610

     H    6       -0.535245        0.095175        0.083285
     H    6        0.095175        0.453667        0.773752
     H    6        0.083285        0.773752        0.081578

     H    7       -0.488924       -0.205359        0.053086
     H    7       -0.205359        0.913000       -0.466058
     H    7        0.053086       -0.466058       -0.424076

     C    8        0.397845        0.112134        0.049715
     C    8        0.112134        0.154969       -0.271347
     C    8        0.049715       -0.271347       -0.552814

     H    9        0.816292       -0.454756        0.383360
     H    9       -0.454756       -0.300015       -0.182640
     H    9        0.383360       -0.182640       -0.516277

     C   10        0.265008        0.163074        0.032342
     C   10        0.163074        0.268715       -0.318176
     C   10        0.032342       -0.318176       -0.533724

     C   11        0.384859        0.050183        0.165780
     C   11        0.050183        0.151865       -0.271408
     C   11        0.165780       -0.271408       -0.536724

     Cl  12        0.160885        0.181108       -0.000463
     Cl  12        0.181108       -0.007694       -0.007158
     Cl  12       -0.000463       -0.007158       -0.153190

     H   13       -0.518528        0.128119        0.109323
     H   13        0.128119        0.542449        0.749246
     H   13        0.109323        0.749246       -0.023921

     C   14        0.200085       -0.296712        0.344597
     C   14       -0.296712        0.020392        0.254401
     C   14        0.344597        0.254401       -0.220477

     H   15        0.563232        0.141433        0.743136
     H   15        0.141433       -0.504230        0.165411
     H   15        0.743136        0.165411       -0.059002

     C   16        0.134768       -0.327971        0.237532
     C   16       -0.327971        0.109056        0.327521
     C   16        0.237532        0.327521       -0.243824

     C   17        0.075775       -0.214946        0.362721
     C   17       -0.214946        0.037994        0.339810
     C   17        0.362721        0.339810       -0.113769

     Cl  18        0.086007       -0.185839        0.022719
     Cl  18       -0.185839        0.042316       -0.012843
     Cl  18        0.022719       -0.012843       -0.128323

     H   19       -0.512653       -0.130802        0.039401
     H   19       -0.130802        0.964966       -0.431958
     H   19        0.039401       -0.431958       -0.452313

     C   20        0.429518        0.135455        0.126165
     C   20        0.135455        0.133609       -0.245076
     C   20        0.126165       -0.245076       -0.563127

     H   21        0.792682       -0.436428        0.425703
     H   21       -0.436428       -0.359425       -0.192443
     H   21        0.425703       -0.192443       -0.433257

     C   22        0.239808        0.154538        0.088623
     C   22        0.154538        0.234914       -0.360230
     C   22        0.088623       -0.360230       -0.474723

     C   23        0.256993        0.025252        0.092262
     C   23        0.025252        0.210275       -0.360911
     C   23        0.092262       -0.360911       -0.467268

     Cl  24        0.099346        0.177151       -0.031642
     Cl  24        0.177151        0.021795       -0.020124
     Cl  24       -0.031642       -0.020124       -0.121141

     ----- GIPAW term -----
     Cl   1        0.979267        0.897632       -0.837002
     Cl   1        0.897632        1.166188       -0.974520
     Cl   1       -0.837002       -0.974520       -2.145455

     C    2       -0.051094        0.085641       -0.006303
     C    2        0.085641        0.175681        0.085344
     C    2       -0.006303        0.085344       -0.124587

     C    3       -0.059630        0.161539       -0.030215
     C    3        0.161539        0.177303       -0.137452
     C    3       -0.030215       -0.137452       -0.117673

     H    4       -0.000000        0.000000        0.000000
     H    4        0.000000        0.000000        0.000000
     H    4        0.000000        0.000000        0.000000

     C    5       -0.153204        0.105294       -0.069535
     C    5        0.105294        0.154509       -0.109599
     C    5       -0.069535       -0.109599       -0.001305

     H    6       -0.000000        0.000000        0.000000
     H    6        0.000000        0.000000        0.000000
     H    6        0.000000        0.000000        0.000000

     H    7       -0.000000        0.000000        0.000000
     H    7        0.000000        0.000000        0.000000
     H    7        0.000000        0.000000        0.000000

     C    8       -0.142489       -0.022891       -0.071693
     C    8       -0.022891       -0.072937        0.138352
     C    8       -0.071693        0.138352        0.215426

     H    9       -0.000000        0.000000        0.000000
     H    9        0.000000        0.000000        0.000000
     H    9        0.000000        0.000000        0.000000

     C   10       -0.009424       -0.006719        0.019415
     C   10       -0.006719       -0.028606        0.012416
     C   10        0.019415        0.012416        0.038030

     C   11       -0.097655        0.109285        0.103153
     C   11        0.109285       -0.126972        0.020799
     C   11        0.103153        0.020799        0.224627

     Cl  12       -0.539417        1.515635       -0.130010
     Cl  12        1.515635       -1.197591        1.002028
     Cl  12       -0.130010        1.002028        1.737007

     H   13       -0.000000        0.000000        0.000000
     H   13        0.000000        0.000000        0.000000
     H   13        0.000000        0.000000        0.000000

     C   14       -0.098890        0.046407        0.072580
     C   14        0.046407       -0.208579       -0.063307
     C   14        0.072580       -0.063307        0.307469

     H   15       -0.000000        0.000000        0.000000
     H   15        0.000000        0.000000        0.000000
     H   15        0.000000        0.000000        0.000000

     C   16       -0.196070        0.009611       -0.074698
     C   16        0.009611       -0.105413       -0.063916
     C   16       -0.074698       -0.063916        0.301483

     C   17        0.022681       -0.119248       -0.144091
     C   17       -0.119248       -0.109758       -0.091368
     C   17       -0.144091       -0.091368        0.087077

     Cl  18       -0.126887       -1.079425       -1.120428
     Cl  18       -1.079425       -0.114122       -1.952640
     Cl  18       -1.120428       -1.952640        0.241009

     H   19       -0.000000        0.000000        0.000000
     H   19        0.000000        0.000000        0.000000
     H   19        0.000000        0.000000        0.000000

     C   20        0.194520       -0.087826       -0.076116
     C   20       -0.087826       -0.164459        0.049971
     C   20       -0.076116        0.049971       -0.030060

     H   21       -0.000000        0.000000        0.000000
     H   21        0.000000        0.000000        0.000000
     H   21        0.000000        0.000000        0.000000

     C   22        0.079344       -0.031663       -0.245822
     C   22       -0.031663       -0.118627        0.096062
     C   22       -0.245822        0.096062        0.039283

     C   23        0.066963        0.110073       -0.084441
     C   23        0.110073       -0.031067        0.058347
     C   23       -0.084441        0.058347       -0.035896

     Cl  24        0.308410        2.544097       -0.767554
     Cl  24        2.544097       -0.486876       -1.226340
     Cl  24       -0.767554       -1.226340        0.178467

     ----- total EFG -----
     Cl   1        1.042557        0.821713       -0.842554
     Cl   1        0.821713        1.248012       -1.025911
     Cl   1       -0.842554       -1.025911       -2.290569

     C    2       -0.459787        0.082346       -0.055305
     C    2        0.082346        0.500960        0.248433
     C    2       -0.055305        0.248433       -0.041173

     C    3       -0.001510        0.255978        0.102736
     C    3        0.255978        0.200784       -0.354299
     C    3        0.102736       -0.354299       -0.199274

     H    4        0.419791        0.074365        0.392339
     H    4        0.074365       -0.235278        0.469583
     H    4        0.392339        0.469583       -0.184513

     C    5       -0.627186        0.211578       -0.106410
     C    5        0.211578        0.418849       -0.168276
     C    5       -0.106410       -0.168276        0.208337

     H    6       -0.018462        0.073029        0.036558
     H    6        0.073029        0.271929        0.425173
     H    6        0.036558        0.425173       -0.253467

     H    7       -0.081630        0.079276        0.157550
     H    7        0.079276        0.303700       -0.682784
     H    7        0.157550       -0.682784       -0.222070

     C    8       -0.189105       -0.000211       -0.322201
     C    8       -0.000211        0.012057        0.125481
     C    8       -0.322201        0.125481        0.177048

     H    9        0.521006       -0.056120        0.585634
     H    9       -0.056120       -0.171684       -0.346475
     H    9        0.585634       -0.346475       -0.349322

     C   10        0.340878       -0.041002        0.181278
     C   10       -0.041002       -0.006787       -0.167546
     C   10        0.181278       -0.167546       -0.334091

     C   11       -0.198355        0.270351        0.048459
     C   11        0.270351       -0.009472        0.106300
     C   11        0.048459        0.106300        0.207827

     Cl  12       -0.554527        1.612496       -0.134254
     Cl  12        1.612496       -1.300773        1.075343
     Cl  12       -0.134254        1.075343        1.855300

     H   13       -0.088023        0.046724       -0.146265
     H   13        0.046724        0.542734        0.287855
     H   13       -0.146265        0.287855       -0.454711

     C   14       -0.103591        0.070837        0.371207
     C   14        0.070837       -0.568095       -0.188505
     C   14        0.371207       -0.188505        0.671687

     H   15        0.626446        0.090096        0.240756
     H   15        0.090096       -0.087150        0.268863
     H   15        0.240756        0.268863       -0.539296

     C   16       -0.468717       -0.108814       -0.108906
     C   16       -0.108814       -0.090191       -0.012980
     C   16       -0.108906       -0.012980        0.558908

     C   17        0.016653       -0.339608       -0.228389
     C   17       -0.339608       -0.371837       -0.265712
     C   17       -0.228389       -0.265712        0.355184

     Cl  18       -0.135236       -1.195896       -1.210681
     Cl  18       -1.195896       -0.103376       -2.098721
     Cl  18       -1.210681       -2.098721        0.238612

     H   19       -0.227059        0.266874        0.196998
     H   19        0.266874        0.395369       -0.399911
     H   19        0.196998       -0.399911       -0.168310

     C   20        0.542756       -0.413500       -0.187545
     C   20       -0.413500       -0.357353        0.114500
     C   20       -0.187545        0.114500       -0.185403

     H   21        0.222454       -0.046735        0.576932
     H   21       -0.046735       -0.027016       -0.212721
     H   21        0.576932       -0.212721       -0.195439

     C   22        0.292025        0.024591       -0.605782
     C   22        0.024591       -0.161547        0.223446
     C   22       -0.605782        0.223446       -0.130477

     C   23        0.097914       -0.048497       -0.316907
     C   23       -0.048497        0.047915        0.143139
     C   23       -0.316907        0.143139       -0.145829

     Cl  24        0.338133        2.808327       -0.843710
     Cl  24        2.808327       -0.518739       -1.347342
     Cl  24       -0.843710       -1.347342        0.180606

     ----- total EFG (symmetrized) -----
     Cl   1        1.042557        0.821713       -0.842554
     Cl   1        0.821713        1.248012       -1.025911
     Cl   1       -0.842554       -1.025911       -2.290569

     C    2       -0.459787        0.082346       -0.055305
     C    2        0.082346        0.500960        0.248433
     C    2       -0.055305        0.248433       -0.041173

     C    3       -0.001510        0.255978        0.102736
     C    3        0.255978        0.200784       -0.354299
     C    3        0.102736       -0.354299       -0.199274

     H    4        0.419791        0.074365        0.392339
     H    4        0.074365       -0.235278        0.469583
     H    4        0.392339        0.469583       -0.184513

     C    5       -0.627186        0.211578       -0.106410
     C    5        0.211578        0.418849       -0.168276
     C    5       -0.106410       -0.168276        0.208337

     H    6       -0.018462        0.073029        0.036558
     H    6        0.073029        0.271929        0.425173
     H    6        0.036558        0.425173       -0.253467

     H    7       -0.081630        0.079276        0.157550
     H    7        0.079276        0.303700       -0.682784
     H    7        0.157550       -0.682784       -0.222070

     C    8       -0.189105       -0.000211       -0.322201
     C    8       -0.000211        0.012057        0.125481
     C    8       -0.322201        0.125481        0.177048

     H    9        0.521006       -0.056120        0.585634
     H    9       -0.056120       -0.171684       -0.346475
     H    9        0.585634       -0.346475       -0.349322

     C   10        0.340878       -0.041002        0.181278
     C   10       -0.041002       -0.006787       -0.167546
     C   10        0.181278       -0.167546       -0.334091

     C   11       -0.198355        0.270351        0.048459
     C   11        0.270351       -0.009472        0.106300
     C   11        0.048459        0.106300        0.207827

     Cl  12       -0.554527        1.612496       -0.134254
     Cl  12        1.612496       -1.300773        1.075343
     Cl  12       -0.134254        1.075343        1.855300

     H   13       -0.088023        0.046724       -0.146265
     H   13        0.046724        0.542734        0.287855
     H   13       -0.146265        0.287855       -0.454711

     C   14       -0.103591        0.070837        0.371207
     C   14        0.070837       -0.568095       -0.188505
     C   14        0.371207       -0.188505        0.671687

     H   15        0.626446        0.090096        0.240756
     H   15        0.090096       -0.087150        0.268863
     H   15        0.240756        0.268863       -0.539296

     C   16       -0.468717       -0.108814       -0.108906
     C   16       -0.108814       -0.090191       -0.012980
     C   16       -0.108906       -0.012980        0.558908

     C   17        0.016653       -0.339608       -0.228389
     C   17       -0.339608       -0.371837       -0.265712
     C   17       -0.228389       -0.265712        0.355184

     Cl  18       -0.135236       -1.195896       -1.210681
     Cl  18       -1.195896       -0.103376       -2.098721
     Cl  18       -1.210681       -2.098721        0.238612

     H   19       -0.227059        0.266874        0.196998
     H   19        0.266874        0.395369       -0.399911
     H   19        0.196998       -0.399911       -0.168310

     C   20        0.542756       -0.413500       -0.187545
     C   20       -0.413500       -0.357353        0.114500
     C   20       -0.187545        0.114500       -0.185403

     H   21        0.222454       -0.046735        0.576932
     H   21       -0.046735       -0.027016       -0.212721
     H   21        0.576932       -0.212721       -0.195439

     C   22        0.292025        0.024591       -0.605782
     C   22        0.024591       -0.161547        0.223446
     C   22       -0.605782        0.223446       -0.130477

     C   23        0.097914       -0.048497       -0.316907
     C   23       -0.048497        0.047915        0.143139
     C   23       -0.316907        0.143139       -0.145829

     Cl  24        0.338133        2.808327       -0.843710
     Cl  24        2.808327       -0.518739       -1.347342
     Cl  24       -0.843710       -1.347342        0.180606


     NQR/NMR SPECTROSCOPIC PARAMETERS:
     Cl   1    Vxx=    0.3178    axis=(  0.756412 -0.653969  0.012880)
     Cl   1    Vyy=    2.3526    axis=(  0.631519  0.725033 -0.274794)
     Cl   1    Vzz=   -2.6704    axis=(  0.170368  0.215992  0.961417)
     Cl   1  Q=        -8.1650 1e-30 m^2  Cq=        51.2294 MHz  eta= 0.76199

     C    2    Vxx=   -0.1186    axis=( -0.229173 -0.335864  0.913606)
     C    2    Vyy=   -0.4820    axis=( -0.971895  0.130874 -0.195682)
     C    2    Vzz=    0.6006    axis=( -0.053845 -0.932774 -0.356418)
     C    2  Q=         1.0000 1e-30 m^2  Cq=         1.4113 MHz  eta= 0.60499

     C    3    Vxx=    0.0309    axis=( -0.830390  0.113648 -0.545470)
     C    3    Vyy=    0.4753    axis=(  0.369927  0.844531 -0.387198)
     C    3    Vzz=   -0.5063    axis=( -0.416662  0.523309  0.743331)
     C    3  Q=         1.0000 1e-30 m^2  Cq=        -1.1896 MHz  eta= 0.87777

     H    4    Vxx=    0.0189    axis=(  0.574327 -0.678377 -0.458206)
     H    4    Vyy=    0.7064    axis=( -0.792675 -0.321032 -0.518270)
     H    4    Vzz=   -0.7254    axis=(  0.204484  0.660865 -0.722110)
     H    4  Q=         1.0000 1e-30 m^2  Cq=        -1.7043 MHz  eta= 0.94778

     C    5    Vxx=    0.1152    axis=(  0.010699  0.478995  0.877752)
     C    5    Vyy=    0.5593    axis=(  0.195628  0.859837 -0.471603)
     C    5    Vzz=   -0.6745    axis=( -0.980620  0.176759 -0.084505)
     C    5  Q=         1.0000 1e-30 m^2  Cq=        -1.5848 MHz  eta= 0.65838

     H    6    Vxx=   -0.0308    axis=(  0.988739 -0.126717 -0.079616)
     H    6    Vyy=   -0.4906    axis=(  0.007814 -0.487561  0.873054)
     H    6    Vzz=    0.5213    axis=( -0.149448 -0.863844 -0.481081)
     H    6  Q=         1.0000 1e-30 m^2  Cq=         1.2250 MHz  eta= 0.88198

     H    7    Vxx=   -0.0357    axis=(  0.965822  0.169285  0.196291)
     H    7    Vyy=   -0.7374    axis=( -0.257629  0.543531  0.798875)
     H    7    Vzz=    0.7731    axis=(  0.028548 -0.822142  0.568567)
     H    7  Q=         1.0000 1e-30 m^2  Cq=         1.8166 MHz  eta= 0.90761

     C    8    Vxx=   -0.0087    axis=(  0.278696  0.947522 -0.156626)
     C    8    Vyy=   -0.3869    axis=( -0.840879  0.161964 -0.516420)
     C    8    Vzz=    0.3957    axis=( -0.463952  0.275627  0.841890)
     C    8  Q=         1.0000 1e-30 m^2  Cq=         0.9297 MHz  eta= 0.95579

     H    9    Vxx=   -0.0766    axis=(  0.377611  0.875528 -0.301432)
     H    9    Vyy=   -0.7822    axis=( -0.352946  0.437050  0.827295)
     H    9    Vzz=    0.8588    axis=(  0.856060 -0.206006  0.474049)
     H    9  Q=         1.0000 1e-30 m^2  Cq=         2.0179 MHz  eta= 0.82161

     C   10    Vxx=    0.0314    axis=(  0.284967  0.917033 -0.279005)
     C   10    Vyy=    0.4036    axis=( -0.938123  0.207070 -0.277574)
     C   10    Vzz=   -0.4350    axis=( -0.196771  0.340841  0.919298)
     C   10  Q=         1.0000 1e-30 m^2  Cq=        -1.0221 MHz  eta= 0.85542

     C   11    Vxx=    0.0802    axis=(  0.457270  0.590323 -0.665149)
     C   11    Vyy=    0.3110    axis=(  0.366344  0.556484  0.745733)
     C   11    Vzz=   -0.3911    axis=( -0.810367  0.584675 -0.038202)
     C   11  Q=         1.0000 1e-30 m^2  Cq=        -0.9190 MHz  eta= 0.59005

     Cl  12    Vxx=    0.5288    axis=(  0.795913  0.507181 -0.330591)
     Cl  12    Vyy=    2.2427    axis=( -0.158726 -0.352145 -0.922388)
     Cl  12    Vzz=   -2.7715    axis=( -0.584233  0.786614 -0.199774)
     Cl  12  Q=        -8.1650 1e-30 m^2  Cq=        53.1699 MHz  eta= 0.61842

     H   13    Vxx=   -0.0402    axis=(  0.954561  0.066890 -0.290412)
     H   13    Vyy=   -0.5797    axis=(  0.297827 -0.248764  0.921638)
     H   13    Vzz=    0.6199    axis=( -0.010596 -0.966252 -0.257382)
     H   13  Q=         1.0000 1e-30 m^2  Cq=         1.4566 MHz  eta= 0.87015

     C   14    Vxx=   -0.2046    axis=( -0.891929 -0.332668  0.306259)
     C   14    Vyy=   -0.6320    axis=( -0.275983  0.937021  0.214066)
     C   14    Vzz=    0.8367    axis=(  0.358185 -0.106409  0.927567)
     C   14  Q=         1.0000 1e-30 m^2  Cq=         1.9658 MHz  eta= 0.51083

     H   15    Vxx=   -0.0109    axis=(  0.257161 -0.903607 -0.342581)
     H   15    Vyy=   -0.6901    axis=(  0.140368  0.385672 -0.911896)
     H   15    Vzz=    0.7009    axis=(  0.956120  0.186417  0.226018)
     H   15  Q=         1.0000 1e-30 m^2  Cq=         1.6469 MHz  eta= 0.96902

     C   16    Vxx=   -0.0615    axis=(  0.252091 -0.967406  0.024012)
     C   16    Vyy=   -0.5088    axis=(  0.962100  0.253221  0.101211)
     C   16    Vzz=    0.5703    axis=( -0.103992 -0.002413  0.994575)
     C   16  Q=         1.0000 1e-30 m^2  Cq=         1.3400 MHz  eta= 0.78429

     C   17    Vxx=    0.2003    axis=(  0.797901 -0.567718  0.202610)
     C   17    Vyy=    0.4833    axis=(  0.343292  0.151684 -0.926900)
     C   17    Vzz=   -0.6835    axis=(  0.495485  0.809128  0.315922)
     C   17  Q=         1.0000 1e-30 m^2  Cq=        -1.6061 MHz  eta= 0.41396

     Cl  18    Vxx=    0.8578    axis=( -0.861226  0.407025  0.304338)
     Cl  18    Vyy=    2.1772    axis=( -0.048857 -0.662361  0.747590)
     Cl  18    Vzz=   -3.0350    axis=( -0.505869 -0.628975 -0.590328)
     Cl  18  Q=        -8.1650 1e-30 m^2  Cq=        58.2244 MHz  eta= 0.43473

     H   19    Vxx=   -0.0155    axis=( -0.758272 -0.129397 -0.638968)
     H   19    Vyy=   -0.6150    axis=( -0.624729  0.424418  0.655426)
     H   19    Vzz=    0.6306    axis=(  0.186379  0.896173 -0.402662)
     H   19  Q=         1.0000 1e-30 m^2  Cq=         1.4816 MHz  eta= 0.95079

     C   20    Vxx=   -0.2303    axis=(  0.255407  0.039359  0.966032)
     C   20    Vyy=   -0.5234    axis=( -0.339039 -0.932077  0.127613)
     C   20    Vzz=    0.7538    axis=(  0.905439 -0.360115 -0.224715)
     C   20  Q=         1.0000 1e-30 m^2  Cq=         1.7710 MHz  eta= 0.38887

     H   21    Vxx=   -0.0283    axis=(  0.328211  0.942272 -0.066333)
     H   21    Vyy=   -0.6369    axis=( -0.531658  0.242318  0.811555)
     H   21    Vzz=    0.6652    axis=(  0.780779 -0.231095  0.580499)
     H   21  Q=         1.0000 1e-30 m^2  Cq=         1.5630 MHz  eta= 0.91486

     C   22    Vxx=   -0.0936    axis=(  0.322705  0.914887  0.242578)
     C   22    Vyy=   -0.6425    axis=( -0.509364  0.383878 -0.770186)
     C   22    Vzz=    0.7361    axis=( -0.797753  0.124982  0.589889)
     C   22  Q=         1.0000 1e-30 m^2  Cq=         1.7296 MHz  eta= 0.74562

     C   23    Vxx=    0.0198    axis=(  0.425843  0.904181 -0.033387)
     C   23    Vyy=    0.3637    axis=(  0.739203 -0.368948 -0.563433)
     C   23    Vzz=   -0.3835    axis=( -0.521763  0.215254 -0.825487)
     C   23  Q=         1.0000 1e-30 m^2  Cq=        -0.9010 MHz  eta= 0.89679

     Cl  24    Vxx=   -0.4495    axis=(  0.430817  0.146680  0.890439)
     Cl  24    Vyy=   -3.0110    axis=(  0.608558 -0.775815 -0.166637)
     Cl  24    Vzz=    3.4606    axis=(  0.666374  0.613674 -0.423498)
     Cl  24  Q=        -8.1650 1e-30 m^2  Cq=       -66.3891 MHz  eta= 0.74019

     Initialization:
     gipaw_setup  :      9.18s CPU     11.00s WALL (       1 calls)

     Linear response

     Apply operators

     Induced current

     Other routines
     efg          :      9.40s CPU     12.23s WALL (       1 calls)

     General routines
     calbec       :      3.29s CPU      4.40s WALL (      16 calls)
     fft          :      1.66s CPU      2.56s WALL (      15 calls)
     ffts         :      0.03s CPU      0.04s WALL (       2 calls)
     fftw         :      3.26s CPU      4.24s WALL (     672 calls)
     davcio       :      0.04s CPU      0.32s WALL (      32 calls)

     Parallel routines
     fft_scatter  :      2.29s CPU      3.82s WALL (     689 calls)

     Plugins

     GIPAW        :     60.56s CPU     74.49s WALL (       1 calls)
