
     Program QE v.6.0 (svn rev. 13079) starts on 17Jan2017 at  5:43:45 

     This program is part of the open-source Quantum ESPRESSO suite
     for quantum simulation of materials; please cite
         "P. Giannozzi et al., J. Phys.:Condens. Matter 21 395502 (2009);
          URL http://www.quantum-espresso.org", 
     in publications or presentations arising from this work. More details at
     http://www.quantum-espresso.org/quote

     Parallel version (MPI), running on     8 processors
     R & G space division:  proc/nbgrp/npool/nimage =       8

     ***** This is GIPAW svn revision unknown      *****

     Parallelizing q-star over 1 images

     Reading data from directory:
     /users/majewski/paradichlorobenzene/pbe/9_constraint/scratch/pbe.ecut100.np8.dt60.pcl2phi-129368.save
     Message from routine read_xml_file:
     file /users/majewski/paradichlorobenzene/pbe/9_constraint/scratch/pbe.ecut100.np8.dt60.pcl2phi-129368.save not guaranteed to be safe for post-processing

   Info: using nr1, nr2, nr3 values from input

   Info: using nr1, nr2, nr3 values from input

     IMPORTANT: XC functional enforced from input :
     Exchange-correlation      =  SLA  PW   PBX  PBC ( 1  4  3  4 0 0)
     Any further DFT definition will be discarded
     Please, verify this is what you really want

               file C.pbe-n-kjpaw_psl.1.0.0.UPF: wavefunction(s)  2S 2P renormalized
               file Cl.pbe-n-kjpaw_psl.1.0.0.UPF: wavefunction(s)  3S 3P renormalized
               file H.pbe-kjpaw_psl.1.0.0.UPF: wavefunction(s)  1S renormalized

     Parallelization info
     --------------------
     sticks:   dense  smooth     PW     G-vecs:    dense   smooth      PW
     Min        3057    1223    332               144436    36536    5170
     Max        3059    1225    333               144437    36537    5171
     Sum       24467    9791   2657              1155489   292295   41363


     Subspace diagonalization in iterative solution of the eigenvalue problem:
     a serial algorithm will be used

     GIPAW projectors -----------------------------------------------
     atom=  C    l=0  rc=    1.2000  rs=    0.8000
     atom=  C    l=0  rc=    1.2000  rs=    0.8000
     atom=  C    l=1  rc=    1.4000  rs=    0.9333
     atom=  C    l=1  rc=    1.4000  rs=    0.9333
     projs nearly linearly dependent: l=1  n1,n2= 1, 2  s=  0.99951561

     atom=  Cl   l=0  rc=    1.6000  rs=    1.0667
     atom=  Cl   l=0  rc=    1.6000  rs=    1.0667
     atom=  Cl   l=1  rc=    1.6000  rs=    1.0667
     atom=  Cl   l=1  rc=    1.6000  rs=    1.0667
     atom=  Cl   l=2  rc=    1.6000  rs=    1.0667
     atom=  Cl   l=2  rc=    1.6000  rs=    1.0667
     projs nearly linearly dependent: l=2  n1,n2= 1, 2  s=  0.99993509

     atom=  H    l=0  rc=    1.0000  rs=    0.6667
     atom=  H    l=0  rc=    1.0000  rs=    0.6667
     projs nearly linearly dependent: l=0  n1,n2= 1, 2  s=  0.99968852
     -----------------------------------------------------------------

     GIPAW integrals: -------------------------------------------
     Atom  i/j   nmr_para   nmr_dia   epr_rmc  epr_para   epr_dia
       C   1 1   0.83E+03  0.17E-01  0.93E+01  0.24E+08  0.24E+03
       C   2 1   0.86E+03 -0.61E-01  0.94E+01  0.25E+08  0.25E+03
       C   2 2   0.90E+03 -0.15E+00  0.97E+01  0.26E+08  0.26E+03
       C   3 3   0.33E+01  0.34E+00  0.18E+01  0.55E+03  0.21E+02
       C   4 3   0.35E+01  0.37E+00  0.20E+01  0.59E+03  0.22E+02
       C   4 4   0.38E+01  0.39E+00  0.22E+01  0.63E+03  0.24E+02
       Cl  1 1   0.14E+04 -0.47E+00  0.84E+01  0.32E+09  0.42E+03
       Cl  2 1   0.21E+04 -0.37E+00  0.12E+02  0.49E+09  0.65E+03
       Cl  2 2   0.33E+04 -0.16E+00  0.21E+02  0.76E+09  0.10E+04
       Cl  3 3   0.21E+02  0.79E-01  0.89E+01  0.23E+05  0.13E+03
       Cl  4 3   0.24E+02  0.67E-01  0.99E+01  0.27E+05  0.15E+03
       Cl  4 4   0.28E+02  0.44E-01  0.11E+02  0.32E+05  0.18E+03
       Cl  5 5   0.77E+00  0.19E+00  0.18E+01  0.12E+03  0.22E+02
       Cl  6 5   0.80E+00  0.19E+00  0.19E+01  0.12E+03  0.23E+02
       Cl  6 6   0.83E+00  0.20E+00  0.19E+01  0.12E+03  0.23E+02
       H   1 1   0.39E+02  0.19E+00  0.29E+00  0.78E+05  0.13E+02
       H   2 1   0.41E+02  0.21E+00  0.32E+00  0.82E+05  0.14E+02
       H   2 2   0.43E+02  0.22E+00  0.36E+00  0.86E+05  0.15E+02
     ------------------------------------------------------------

     alpha_pv=     34.1511 eV

     Number of occupied bands for each k-point:
     k-point:     1    nbnd_occ=  42
     k-point:     2    nbnd_occ=  42
     k-point:     3    nbnd_occ=  42
     k-point:     4    nbnd_occ=  42
     k-point:     5    nbnd_occ=  42
     k-point:     6    nbnd_occ=  42
     k-point:     7    nbnd_occ=  42
     k-point:     8    nbnd_occ=  42
     k-point:     9    nbnd_occ=  42
     k-point:    10    nbnd_occ=  42
     k-point:    11    nbnd_occ=  42
     k-point:    12    nbnd_occ=  42
     k-point:    13    nbnd_occ=  42
     k-point:    14    nbnd_occ=  42
     k-point:    15    nbnd_occ=  42
     k-point:    16    nbnd_occ=  42


     q-space interpolation up to   110.00 Rydberg

     GIPAW job: efg                                                                             


     ELECTRIC FIELD GRADIENTS TENSORS IN Hartree/bohrradius^2:

     ----- bare term -----
     Cl   1       -0.138438        0.309831       -0.019578
     Cl   1        0.309831       -0.213256       -0.119852
     Cl   1       -0.019578       -0.119852        0.351694

     C    2        0.168721       -0.008498       -0.228737
     C    2       -0.008498       -0.140018       -0.605526
     C    2       -0.228737       -0.605526       -0.028703

     C    3       -0.479641        0.170293       -0.053455
     C    3        0.170293       -0.065379        0.030421
     C    3       -0.053455        0.030421        0.545019

     H    4       -0.063560       -0.367307       -0.087086
     H    4       -0.367307       -0.317262        0.054824
     H    4       -0.087086        0.054824        0.380822

     C    5       -0.035453       -0.184704       -0.340063
     C    5       -0.184704       -0.028467       -0.428541
     C    5       -0.340063       -0.428541        0.063920

     H    6        0.420293       -0.194228        0.019260
     H    6       -0.194228       -0.748853        0.069639
     H    6        0.019260        0.069639        0.328560

     H    7        0.392226        0.082190        0.268177
     H    7        0.082190       -0.032803        0.270395
     H    7        0.268177        0.270395       -0.359423

     C    8       -0.753738       -0.373582       -0.356212
     C    8       -0.373582        0.456342        0.122797
     C    8       -0.356212        0.122797        0.297396

     H    9        0.120440       -0.013940       -0.424409
     H    9       -0.013940        0.113185       -0.279540
     H    9       -0.424409       -0.279540       -0.233625

     C   10        0.210655       -0.190214       -0.001286
     C   10       -0.190214       -0.154520        0.384283
     C   10       -0.001286        0.384283       -0.056135

     C   11       -0.423632       -0.364261       -0.426086
     C   11       -0.364261        0.208199        0.268423
     C   11       -0.426086        0.268423        0.215432

     Cl  12       -0.018909       -0.049069       -0.089888
     Cl  12       -0.049069        0.025732        0.082217
     Cl  12       -0.089888        0.082217       -0.006823

     H   13        0.389759       -0.043003       -0.120814
     H   13       -0.043003       -0.577100       -0.672765
     H   13       -0.120814       -0.672765        0.187341

     C   14       -0.950572        0.381808       -0.436992
     C   14        0.381808        0.492893       -0.004625
     C   14       -0.436992       -0.004625        0.457679

     H   15       -0.556451       -0.147049       -0.339127
     H   15       -0.147049        0.336983       -0.209706
     H   15       -0.339127       -0.209706        0.219468

     C   16        0.008297       -0.045895       -0.279236
     C   16       -0.045895       -0.199586       -0.523140
     C   16       -0.279236       -0.523140        0.191289

     C   17       -0.540467        0.352662       -0.279787
     C   17        0.352662        0.130905       -0.188800
     C   17       -0.279787       -0.188800        0.409562

     Cl  18        0.080838       -0.154648       -0.056779
     Cl  18       -0.154648        0.011739        0.024626
     Cl  18       -0.056779        0.024626       -0.092576

     H   19        0.391347       -0.142690        0.103413
     H   19       -0.142690       -0.475256        0.590528
     H   19        0.103413        0.590528        0.083908

     C   20       -0.114896       -0.011837       -0.249124
     C   20       -0.011837        0.017929        0.433820
     C   20       -0.249124        0.433820        0.096966

     H   21       -0.013571        0.325227       -0.348077
     H   21        0.325227       -0.279606        0.359210
     H   21       -0.348077        0.359210        0.293177

     C   22       -0.763870       -0.332501       -0.296365
     C   22       -0.332501        0.330570        0.077826
     C   22       -0.296365        0.077826        0.433300

     C   23        0.092415       -0.145670       -0.114629
     C   23       -0.145670       -0.062013        0.577707
     C   23       -0.114629        0.577707       -0.030403

     Cl  24       -0.171547       -0.264600        0.003235
     Cl  24       -0.264600        0.053143       -0.013520
     Cl  24        0.003235       -0.013520        0.118405

     ----- ionic term -----
     Cl   1        0.177597       -0.192857        0.035483
     Cl   1       -0.192857       -0.004489       -0.015204
     Cl   1        0.035483       -0.015204       -0.173108

     C    2        0.295324       -0.114098        0.277899
     C    2       -0.114098        0.152853        0.334738
     C    2        0.277899        0.334738       -0.448178

     C    3        0.268650       -0.154871        0.123843
     C    3       -0.154871        0.208550        0.334970
     C    3        0.123843        0.334970       -0.477200

     H    4        0.662646        0.514168        0.463054
     H    4        0.514168       -0.231997        0.244228
     H    4        0.463054        0.244228       -0.430649

     C    5        0.399585       -0.071265        0.198099
     C    5       -0.071265        0.067567        0.270790
     C    5        0.198099        0.270790       -0.467152

     H    6       -0.459299        0.241370        0.095999
     H    6        0.241370        0.842325        0.526069
     H    6        0.095999        0.526069       -0.383026

     H    7       -0.519819        0.074370       -0.043926
     H    7        0.074370        0.444240       -0.784542
     H    7       -0.043926       -0.784542        0.075579

     C    8        0.212264        0.259183        0.294029
     C    8        0.259183        0.043491       -0.282059
     C    8        0.294029       -0.282059       -0.255755

     H    9        0.478094       -0.205125        0.761674
     H    9       -0.205125       -0.441894       -0.235760
     H    9        0.761674       -0.235760       -0.036200

     C   10        0.065703        0.312445        0.250749
     C   10        0.312445        0.160627       -0.394635
     C   10        0.250749       -0.394635       -0.226331

     C   11        0.103076        0.214916        0.323974
     C   11        0.214916        0.064369       -0.458301
     C   11        0.323974       -0.458301       -0.167444

     Cl  12        0.155630        0.236047        0.026368
     Cl  12        0.236047       -0.013004        0.007258
     Cl  12        0.026368        0.007258       -0.142626

     H   13       -0.510227       -0.029551        0.003676
     H   13       -0.029551        0.781546        0.622249
     H   13        0.003676        0.622249       -0.271319

     C   14        0.363173       -0.148304        0.239779
     C   14       -0.148304        0.065032        0.292915
     C   14        0.239779        0.292915       -0.428205

     H   15        0.509560        0.471797        0.598540
     H   15        0.471797       -0.276766        0.332286
     H   15        0.598540        0.332286       -0.232794

     C   16        0.174388       -0.211671        0.153489
     C   16       -0.211671        0.207728        0.412001
     C   16        0.153489        0.412001       -0.382116

     C   17        0.233591       -0.148261        0.164512
     C   17       -0.148261        0.164187        0.407348
     C   17        0.164512        0.407348       -0.397778

     Cl  18        0.175965       -0.231954        0.003361
     Cl  18       -0.231954       -0.026046       -0.001265
     Cl  18        0.003361       -0.001265       -0.149920

     H   19       -0.523167        0.090263       -0.047121
     H   19        0.090263        0.475373       -0.779286
     H   19       -0.047121       -0.779286        0.047794

     C   20        0.259777        0.294458        0.290668
     C   20        0.294458       -0.026173       -0.325482
     C   20        0.290668       -0.325482       -0.233604

     H   21        0.591685       -0.330917        0.653317
     H   21       -0.330917       -0.432122       -0.270906
     H   21        0.653317       -0.270906       -0.159563

     C   22        0.213603        0.332827        0.179351
     C   22        0.332827        0.112315       -0.375414
     C   22        0.179351       -0.375414       -0.325918

     C   23        0.199426        0.242312        0.261443
     C   23        0.242312        0.064898       -0.379248
     C   23        0.261443       -0.379248       -0.264324

     Cl  24        0.144865        0.197989        0.016174
     Cl  24        0.197989        0.016313        0.005374
     Cl  24        0.016174        0.005374       -0.161178

     ----- GIPAW term -----
     Cl   1       -1.063258        0.287849        0.061477
     Cl   1        0.287849        1.966265        0.924068
     Cl   1        0.061477        0.924068       -0.903007

     C    2       -0.041601       -0.016870       -0.015469
     C    2       -0.016870        0.195339        0.025183
     C    2       -0.015469        0.025183       -0.153738

     C    3       -0.046714       -0.035340        0.005290
     C    3       -0.035340        0.033390        0.011783
     C    3        0.005290        0.011783        0.013324

     H    4       -0.000000        0.000000        0.000000
     H    4        0.000000        0.000000        0.000000
     H    4        0.000000        0.000000        0.000000

     C    5       -0.053697       -0.084533       -0.025983
     C    5       -0.084533        0.168660       -0.094254
     C    5       -0.025983       -0.094254       -0.114963

     H    6       -0.000000        0.000000        0.000000
     H    6        0.000000        0.000000        0.000000
     H    6        0.000000        0.000000        0.000000

     H    7       -0.000000        0.000000        0.000000
     H    7        0.000000        0.000000        0.000000
     H    7        0.000000        0.000000        0.000000

     C    8       -0.172640       -0.105314       -0.040187
     C    8       -0.105314        0.246529        0.033923
     C    8       -0.040187        0.033923       -0.073889

     H    9       -0.000000        0.000000        0.000000
     H    9        0.000000        0.000000        0.000000
     H    9        0.000000        0.000000        0.000000

     C   10       -0.020101       -0.050567       -0.004035
     C   10       -0.050567        0.086461        0.063062
     C   10       -0.004035        0.063062       -0.066360

     C   11       -0.091980       -0.090170       -0.089797
     C   11       -0.090170        0.198545        0.122283
     C   11       -0.089797        0.122283       -0.106565

     Cl  12       -0.111202        0.769093       -0.811717
     Cl  12        0.769093        1.432543        2.006091
     Cl  12       -0.811717        2.006091       -1.321342

     H   13       -0.000000        0.000000        0.000000
     H   13        0.000000        0.000000        0.000000
     H   13        0.000000        0.000000        0.000000

     C   14       -0.241366        0.022992       -0.048420
     C   14        0.022992        0.274593        0.150688
     C   14       -0.048420        0.150688       -0.033226

     H   15       -0.000000        0.000000        0.000000
     H   15        0.000000        0.000000        0.000000
     H   15        0.000000        0.000000        0.000000

     C   16       -0.091925       -0.127676       -0.082469
     C   16       -0.127676        0.156346        0.069005
     C   16       -0.082469        0.069005       -0.064421

     C   17       -0.034551       -0.194376       -0.065019
     C   17       -0.194376        0.150086        0.041283
     C   17       -0.065019        0.041283       -0.115535

     Cl  18        2.151900       -3.480597       -0.617800
     Cl  18       -3.480597        0.103511        0.303790
     Cl  18       -0.617800        0.303790       -2.255411

     H   19       -0.000000        0.000000        0.000000
     H   19        0.000000        0.000000        0.000000
     H   19        0.000000        0.000000        0.000000

     C   20       -0.117628        0.015204       -0.025794
     C   20        0.015204        0.256252        0.004681
     C   20       -0.025794        0.004681       -0.138624

     H   21       -0.000000        0.000000        0.000000
     H   21        0.000000        0.000000        0.000000
     H   21        0.000000        0.000000        0.000000

     C   22       -0.211082        0.027988       -0.052048
     C   22        0.027988        0.270031       -0.075271
     C   22       -0.052048       -0.075271       -0.058950

     C   23       -0.035258       -0.056003        0.013199
     C   23       -0.056003        0.229389       -0.009860
     C   23        0.013199       -0.009860       -0.194131

     Cl  24       -0.587042       -0.611131        0.218469
     Cl  24       -0.611131        2.470582       -0.869728
     Cl  24        0.218469       -0.869728       -1.883540

     ----- total EFG -----
     Cl   1       -1.024099        0.404823        0.077381
     Cl   1        0.404823        1.748519        0.789012
     Cl   1        0.077381        0.789012       -0.724420

     C    2        0.422444       -0.139467        0.033693
     C    2       -0.139467        0.208174       -0.245605
     C    2        0.033693       -0.245605       -0.630618

     C    3       -0.257705       -0.019918        0.075678
     C    3       -0.019918        0.176562        0.377174
     C    3        0.075678        0.377174        0.081144

     H    4        0.599086        0.146860        0.375968
     H    4        0.146860       -0.549259        0.299052
     H    4        0.375968        0.299052       -0.049827

     C    5        0.310435       -0.340503       -0.167946
     C    5       -0.340503        0.207760       -0.252005
     C    5       -0.167946       -0.252005       -0.518196

     H    6       -0.039006        0.047142        0.115259
     H    6        0.047142        0.093472        0.595708
     H    6        0.115259        0.595708       -0.054466

     H    7       -0.127594        0.156560        0.224250
     H    7        0.156560        0.411437       -0.514147
     H    7        0.224250       -0.514147       -0.283843

     C    8       -0.714114       -0.219713       -0.102370
     C    8       -0.219713        0.746362       -0.125339
     C    8       -0.102370       -0.125339       -0.032248

     H    9        0.598533       -0.219064        0.337265
     H    9       -0.219064       -0.328709       -0.515300
     H    9        0.337265       -0.515300       -0.269825

     C   10        0.256257        0.071664        0.245427
     C   10        0.071664        0.092568        0.052711
     C   10        0.245427        0.052711       -0.348825

     C   11       -0.412537       -0.239515       -0.191908
     C   11       -0.239515        0.471113       -0.067596
     C   11       -0.191908       -0.067596       -0.058577

     Cl  12        0.025519        0.956071       -0.875238
     Cl  12        0.956071        1.445272        2.095566
     Cl  12       -0.875238        2.095566       -1.470791

     H   13       -0.120467       -0.072554       -0.117139
     H   13       -0.072554        0.204446       -0.050516
     H   13       -0.117139       -0.050516       -0.083978

     C   14       -0.828765        0.256497       -0.245633
     C   14        0.256497        0.832517        0.438977
     C   14       -0.245633        0.438977       -0.003752

     H   15       -0.046891        0.324748        0.259413
     H   15        0.324748        0.060217        0.122580
     H   15        0.259413        0.122580       -0.013325

     C   16        0.090760       -0.385243       -0.208215
     C   16       -0.385243        0.164488       -0.042133
     C   16       -0.208215       -0.042133       -0.255248

     C   17       -0.341426        0.010026       -0.180294
     C   17        0.010026        0.445178        0.259830
     C   17       -0.180294        0.259830       -0.103751

     Cl  18        2.408703       -3.867199       -0.671217
     Cl  18       -3.867199        0.089204        0.327152
     Cl  18       -0.671217        0.327152       -2.497907

     H   19       -0.131820       -0.052427        0.056292
     H   19       -0.052427        0.000117       -0.188758
     H   19        0.056292       -0.188758        0.131703

     C   20        0.027253        0.297825        0.015750
     C   20        0.297825        0.248008        0.113020
     C   20        0.015750        0.113020       -0.275261

     H   21        0.578114       -0.005689        0.305240
     H   21       -0.005689       -0.711727        0.088304
     H   21        0.305240        0.088304        0.133614

     C   22       -0.761349        0.028313       -0.169062
     C   22        0.028313        0.712917       -0.372859
     C   22       -0.169062       -0.372859        0.048432

     C   23        0.256583        0.040639        0.160013
     C   23        0.040639        0.232275        0.188599
     C   23        0.160013        0.188599       -0.488858

     Cl  24       -0.613724       -0.677742        0.237878
     Cl  24       -0.677742        2.540038       -0.877874
     Cl  24        0.237878       -0.877874       -1.926313

     ----- total EFG (symmetrized) -----
     Cl   1       -1.024099        0.404823        0.077381
     Cl   1        0.404823        1.748519        0.789012
     Cl   1        0.077381        0.789012       -0.724420

     C    2        0.422444       -0.139467        0.033693
     C    2       -0.139467        0.208174       -0.245605
     C    2        0.033693       -0.245605       -0.630618

     C    3       -0.257705       -0.019918        0.075678
     C    3       -0.019918        0.176562        0.377174
     C    3        0.075678        0.377174        0.081144

     H    4        0.599086        0.146860        0.375968
     H    4        0.146860       -0.549259        0.299052
     H    4        0.375968        0.299052       -0.049827

     C    5        0.310435       -0.340503       -0.167946
     C    5       -0.340503        0.207760       -0.252005
     C    5       -0.167946       -0.252005       -0.518196

     H    6       -0.039006        0.047142        0.115259
     H    6        0.047142        0.093472        0.595708
     H    6        0.115259        0.595708       -0.054466

     H    7       -0.127594        0.156560        0.224250
     H    7        0.156560        0.411437       -0.514147
     H    7        0.224250       -0.514147       -0.283843

     C    8       -0.714114       -0.219713       -0.102370
     C    8       -0.219713        0.746362       -0.125339
     C    8       -0.102370       -0.125339       -0.032248

     H    9        0.598533       -0.219064        0.337265
     H    9       -0.219064       -0.328709       -0.515300
     H    9        0.337265       -0.515300       -0.269825

     C   10        0.256257        0.071664        0.245427
     C   10        0.071664        0.092568        0.052711
     C   10        0.245427        0.052711       -0.348825

     C   11       -0.412537       -0.239515       -0.191908
     C   11       -0.239515        0.471113       -0.067596
     C   11       -0.191908       -0.067596       -0.058577

     Cl  12        0.025519        0.956071       -0.875238
     Cl  12        0.956071        1.445272        2.095566
     Cl  12       -0.875238        2.095566       -1.470791

     H   13       -0.120467       -0.072554       -0.117139
     H   13       -0.072554        0.204446       -0.050516
     H   13       -0.117139       -0.050516       -0.083978

     C   14       -0.828765        0.256497       -0.245633
     C   14        0.256497        0.832517        0.438977
     C   14       -0.245633        0.438977       -0.003752

     H   15       -0.046891        0.324748        0.259413
     H   15        0.324748        0.060217        0.122580
     H   15        0.259413        0.122580       -0.013325

     C   16        0.090760       -0.385243       -0.208215
     C   16       -0.385243        0.164488       -0.042133
     C   16       -0.208215       -0.042133       -0.255248

     C   17       -0.341426        0.010026       -0.180294
     C   17        0.010026        0.445178        0.259830
     C   17       -0.180294        0.259830       -0.103751

     Cl  18        2.408703       -3.867199       -0.671217
     Cl  18       -3.867199        0.089204        0.327152
     Cl  18       -0.671217        0.327152       -2.497907

     H   19       -0.131820       -0.052427        0.056292
     H   19       -0.052427        0.000117       -0.188758
     H   19        0.056292       -0.188758        0.131703

     C   20        0.027253        0.297825        0.015750
     C   20        0.297825        0.248008        0.113020
     C   20        0.015750        0.113020       -0.275261

     H   21        0.578114       -0.005689        0.305240
     H   21       -0.005689       -0.711727        0.088304
     H   21        0.305240        0.088304        0.133614

     C   22       -0.761349        0.028313       -0.169062
     C   22        0.028313        0.712917       -0.372859
     C   22       -0.169062       -0.372859        0.048432

     C   23        0.256583        0.040639        0.160013
     C   23        0.040639        0.232275        0.188599
     C   23        0.160013        0.188599       -0.488858

     Cl  24       -0.613724       -0.677742        0.237878
     Cl  24       -0.677742        2.540038       -0.877874
     Cl  24        0.237878       -0.877874       -1.926313


     NQR/NMR SPECTROSCOPIC PARAMETERS:
     Cl   1    Vxx=   -0.9436    axis=( -0.272535 -0.232637  0.933598)
     Cl   1    Vyy=   -1.0903    axis=( -0.952909  0.199395 -0.228486)
     Cl   1    Vzz=    2.0339    axis=( -0.133001 -0.951904 -0.276024)
     Cl   1  Q=        -8.1650 1e-30 m^2  Cq=       -39.0188 MHz  eta= 0.07210

     C    2    Vxx=    0.1873    axis=(  0.520719  0.823333 -0.225776)
     C    2    Vyy=    0.5099    axis=(  0.853721 -0.503302  0.133599)
     C    2    Vzz=   -0.6973    axis=(  0.003637  0.262317  0.964975)
     C    2  Q=         1.0000 1e-30 m^2  Cq=        -1.6383 MHz  eta= 0.46270

     C    3    Vxx=   -0.1853    axis=(  0.685814 -0.506704  0.522408)
     C    3    Vyy=   -0.3253    axis=( -0.726320 -0.431145  0.535325)
     C    3    Vzz=    0.5106    axis=(  0.046018  0.746569  0.663715)
     C    3  Q=         1.0000 1e-30 m^2  Cq=         1.1998 MHz  eta= 0.27409

     H    4    Vxx=   -0.1316    axis=( -0.482000  0.391686  0.783746)
     H    4    Vyy=   -0.6898    axis=(  0.024299  0.900144 -0.434914)
     H    4    Vzz=    0.8214    axis=( -0.875834 -0.190584 -0.443387)
     H    4  Q=         1.0000 1e-30 m^2  Cq=         1.9299 MHz  eta= 0.67958

     C    5    Vxx=    0.0681    axis=(  0.604544  0.654279 -0.454364)
     C    5    Vyy=    0.6048    axis=( -0.746750  0.664056 -0.037338)
     C    5    Vzz=   -0.6730    axis=(  0.277294  0.361868  0.890033)
     C    5  Q=         1.0000 1e-30 m^2  Cq=        -1.5812 MHz  eta= 0.79748

     H    6    Vxx=   -0.0518    axis=(  0.981284 -0.190000 -0.031317)
     H    6    Vyy=   -0.5864    axis=(  0.102161  0.651529 -0.751713)
     H    6    Vzz=    0.6383    axis=(  0.163230  0.734445  0.658746)
     H    6  Q=         1.0000 1e-30 m^2  Cq=         1.4997 MHz  eta= 0.83764

     H    7    Vxx=    0.0026    axis=(  0.898794  0.166020  0.405717)
     H    7    Vyy=    0.6859    axis=(  0.043855  0.886815 -0.460040)
     H    7    Vzz=   -0.6884    axis=( -0.436172  0.431274  0.789783)
     H    7  Q=         1.0000 1e-30 m^2  Cq=        -1.6176 MHz  eta= 0.99259

     C    8    Vxx=   -0.0272    axis=( -0.180029  0.107303  0.977791)
     C    8    Vyy=   -0.7661    axis=(  0.974471  0.155016  0.162407)
     C    8    Vzz=    0.7933    axis=( -0.134147  0.982067 -0.132471)
     C    8  Q=         1.0000 1e-30 m^2  Cq=         1.8639 MHz  eta= 0.93154

     H    9    Vxx=   -0.0297    axis=(  0.528250  0.617411 -0.582885)
     H    9    Vyy=   -0.8195    axis=( -0.056972  0.710709  0.701175)
     H    9    Vzz=    0.8492    axis=(  0.847176 -0.337187  0.410607)
     H    9  Q=         1.0000 1e-30 m^2  Cq=         1.9953 MHz  eta= 0.93016

     C   10    Vxx=    0.0676    axis=(  0.294119 -0.954323  0.052549)
     C   10    Vyy=    0.3695    axis=(  0.897460  0.294668  0.328232)
     C   10    Vzz=   -0.4371    axis=( -0.328724 -0.049378  0.943134)
     C   10  Q=         1.0000 1e-30 m^2  Cq=        -1.0271 MHz  eta= 0.69080

     C   11    Vxx=    0.0234    axis=( -0.374145 -0.060444  0.925398)
     C   11    Vyy=    0.5325    axis=( -0.239185  0.970402 -0.033320)
     C   11    Vzz=   -0.5559    axis=( -0.895994 -0.233808 -0.377529)
     C   11  Q=         1.0000 1e-30 m^2  Cq=        -1.3061 MHz  eta= 0.91571

     Cl  12    Vxx=    0.4288    axis=(  0.909308  0.002590 -0.416115)
     Cl  12    Vyy=    2.6246    axis=( -0.187547 -0.890107 -0.415374)
     Cl  12    Vzz=   -3.0534    axis=(  0.371463 -0.455744  0.808896)
     Cl  12  Q=        -8.1650 1e-30 m^2  Cq=        58.5778 MHz  eta= 0.71915

     H   13    Vxx=    0.0160    axis=( -0.638591 -0.039848  0.768514)
     H   13    Vyy=    0.2223    axis=( -0.175087  0.979991 -0.094674)
     H   13    Vzz=   -0.2383    axis=( -0.749364 -0.195015 -0.632789)
     H   13  Q=         1.0000 1e-30 m^2  Cq=        -0.5598 MHz  eta= 0.86590

     C   14    Vxx=   -0.0567    axis=( -0.381788 -0.318250  0.867730)
     C   14    Vyy=   -0.9749    axis=( -0.920940  0.210373 -0.328043)
     C   14    Vzz=    1.0315    axis=( -0.078147 -0.924370 -0.373407)
     C   14  Q=         1.0000 1e-30 m^2  Cq=         2.4237 MHz  eta= 0.89011

     H   15    Vxx=   -0.1042    axis=( -0.023076  0.626446 -0.779124)
     H   15    Vyy=   -0.3753    axis=( -0.784508  0.471725  0.402520)
     H   15    Vzz=    0.4795    axis=(  0.619689  0.620517  0.480566)
     H   15  Q=         1.0000 1e-30 m^2  Cq=         1.1266 MHz  eta= 0.56534

     C   16    Vxx=   -0.0846    axis=( -0.446325 -0.574159  0.686393)
     C   16    Vyy=   -0.4459    axis=( -0.569989 -0.408905 -0.712678)
     C   16    Vzz=    0.5306    axis=( -0.689860  0.709322  0.144760)
     C   16  Q=         1.0000 1e-30 m^2  Cq=         1.2466 MHz  eta= 0.68104

     C   17    Vxx=   -0.0921    axis=( -0.557466 -0.353009  0.751409)
     C   17    Vyy=   -0.4604    axis=( -0.827496  0.163288 -0.537203)
     C   17    Vzz=    0.5525    axis=( -0.066942  0.921261  0.383141)
     C   17  Q=         1.0000 1e-30 m^2  Cq=         1.2982 MHz  eta= 0.66676

     Cl  18    Vxx=   -2.5006    axis=( -0.189670 -0.396672  0.898152)
     Cl  18    Vyy=   -2.8542    axis=( -0.569620 -0.700622 -0.429724)
     Cl  18    Vzz=    5.3549    axis=(  0.799724 -0.593110 -0.093066)
     Cl  18  Q=        -8.1650 1e-30 m^2  Cq=      -102.7310 MHz  eta= 0.06603

     H   19    Vxx=   -0.1283    axis=( -0.483941  0.655072  0.580242)
     H   19    Vyy=   -0.1516    axis=( -0.855923 -0.492376 -0.157993)
     H   19    Vzz=    0.2799    axis=(  0.182201 -0.573102  0.798972)
     H   19  Q=         1.0000 1e-30 m^2  Cq=         0.6577 MHz  eta= 0.08302

     C   20    Vxx=   -0.1598    axis=(  0.797560 -0.481826 -0.362963)
     C   20    Vyy=   -0.3094    axis=( -0.231777  0.310742 -0.921802)
     C   20    Vzz=    0.4692    axis=(  0.556936  0.819318  0.136160)
     C   20  Q=         1.0000 1e-30 m^2  Cq=         1.1025 MHz  eta= 0.31873

     H   21    Vxx=   -0.0123    axis=( -0.455322  0.115163  0.882847)
     H   21    Vyy=   -0.7220    axis=(  0.031004  0.993049 -0.113548)
     H   21    Vzz=    0.7343    axis=( -0.889787 -0.024329 -0.455728)
     H   21  Q=         1.0000 1e-30 m^2  Cq=         1.7253 MHz  eta= 0.96652

     C   22    Vxx=   -0.0889    axis=( -0.204800  0.418668  0.884745)
     C   22    Vyy=   -0.7968    axis=(  0.977066  0.033608  0.210267)
     C   22    Vzz=    0.8856    axis=(  0.058298  0.907517 -0.415949)
     C   22  Q=         1.0000 1e-30 m^2  Cq=         2.0809 MHz  eta= 0.79930

     C   23    Vxx=    0.2042    axis=(  0.685436 -0.727056 -0.039596)
     C   23    Vyy=    0.3572    axis=(  0.706333  0.650724  0.278660)
     C   23    Vzz=   -0.5614    axis=( -0.176835 -0.218971  0.959573)
     C   23  Q=         1.0000 1e-30 m^2  Cq=        -1.3190 MHz  eta= 0.27239

     Cl  24    Vxx=   -0.7510    axis=(  0.976543  0.211657  0.039554)
     Cl  24    Vyy=   -2.1010    axis=(  0.077550 -0.174353 -0.981625)
     Cl  24    Vzz=    2.8520    axis=( -0.200871  0.961666 -0.186677)
     Cl  24  Q=        -8.1650 1e-30 m^2  Cq=       -54.7145 MHz  eta= 0.47337

     Initialization:
     gipaw_setup  :      9.12s CPU     11.30s WALL (       1 calls)

     Linear response

     Apply operators

     Induced current

     Other routines
     efg          :     10.14s CPU     12.88s WALL (       1 calls)

     General routines
     calbec       :      3.41s CPU      4.52s WALL (      16 calls)
     fft          :      1.50s CPU      2.36s WALL (      15 calls)
     ffts         :      0.04s CPU      0.05s WALL (       2 calls)
     fftw         :      3.94s CPU      4.84s WALL (     672 calls)
     davcio       :      0.03s CPU      0.34s WALL (      32 calls)

     Parallel routines
     fft_scatter  :      2.43s CPU      4.03s WALL (     689 calls)

     Plugins

     GIPAW        :     62.22s CPU     74.50s WALL (       1 calls)
