
     Program QE v.6.0 (svn rev. 13079) starts on 24Jan2017 at  0:10:33 

     This program is part of the open-source Quantum ESPRESSO suite
     for quantum simulation of materials; please cite
         "P. Giannozzi et al., J. Phys.:Condens. Matter 21 395502 (2009);
          URL http://www.quantum-espresso.org", 
     in publications or presentations arising from this work. More details at
     http://www.quantum-espresso.org/quote

     Parallel version (MPI), running on     8 processors
     R & G space division:  proc/nbgrp/npool/nimage =       8

     ***** This is GIPAW svn revision unknown      *****

     Parallelizing q-star over 1 images

     Reading data from directory:
     /users/majewski/paradichlorobenzene/pbe/9_constraint/scratch/pbe.ecut100.np8.dt60.pcl2phi-129368.save
     Message from routine read_xml_file:
     file /users/majewski/paradichlorobenzene/pbe/9_constraint/scratch/pbe.ecut100.np8.dt60.pcl2phi-129368.save not guaranteed to be safe for post-processing

   Info: using nr1, nr2, nr3 values from input

   Info: using nr1, nr2, nr3 values from input

     IMPORTANT: XC functional enforced from input :
     Exchange-correlation      =  SLA  PW   PBX  PBC ( 1  4  3  4 0 0)
     Any further DFT definition will be discarded
     Please, verify this is what you really want

               file C.pbe-n-kjpaw_psl.1.0.0.UPF: wavefunction(s)  2S 2P renormalized
               file Cl.pbe-n-kjpaw_psl.1.0.0.UPF: wavefunction(s)  3S 3P renormalized
               file H.pbe-kjpaw_psl.1.0.0.UPF: wavefunction(s)  1S renormalized

     Parallelization info
     --------------------
     sticks:   dense  smooth     PW     G-vecs:    dense   smooth      PW
     Min        3057    1223    332               144436    36536    5170
     Max        3059    1225    333               144437    36537    5171
     Sum       24467    9791   2657              1155489   292295   41363


     Subspace diagonalization in iterative solution of the eigenvalue problem:
     a serial algorithm will be used

     GIPAW projectors -----------------------------------------------
     atom=  C    l=0  rc=    1.2000  rs=    0.8000
     atom=  C    l=0  rc=    1.2000  rs=    0.8000
     atom=  C    l=1  rc=    1.4000  rs=    0.9333
     atom=  C    l=1  rc=    1.4000  rs=    0.9333
     projs nearly linearly dependent: l=1  n1,n2= 1, 2  s=  0.99951561

     atom=  Cl   l=0  rc=    1.6000  rs=    1.0667
     atom=  Cl   l=0  rc=    1.6000  rs=    1.0667
     atom=  Cl   l=1  rc=    1.6000  rs=    1.0667
     atom=  Cl   l=1  rc=    1.6000  rs=    1.0667
     atom=  Cl   l=2  rc=    1.6000  rs=    1.0667
     atom=  Cl   l=2  rc=    1.6000  rs=    1.0667
     projs nearly linearly dependent: l=2  n1,n2= 1, 2  s=  0.99993509

     atom=  H    l=0  rc=    1.0000  rs=    0.6667
     atom=  H    l=0  rc=    1.0000  rs=    0.6667
     projs nearly linearly dependent: l=0  n1,n2= 1, 2  s=  0.99968852
     -----------------------------------------------------------------

     GIPAW integrals: -------------------------------------------
     Atom  i/j   nmr_para   nmr_dia   epr_rmc  epr_para   epr_dia
       C   1 1   0.83E+03  0.17E-01  0.93E+01  0.24E+08  0.24E+03
       C   2 1   0.86E+03 -0.61E-01  0.94E+01  0.25E+08  0.25E+03
       C   2 2   0.90E+03 -0.15E+00  0.97E+01  0.26E+08  0.26E+03
       C   3 3   0.33E+01  0.34E+00  0.18E+01  0.55E+03  0.21E+02
       C   4 3   0.35E+01  0.37E+00  0.20E+01  0.59E+03  0.22E+02
       C   4 4   0.38E+01  0.39E+00  0.22E+01  0.63E+03  0.24E+02
       Cl  1 1   0.14E+04 -0.47E+00  0.84E+01  0.32E+09  0.42E+03
       Cl  2 1   0.21E+04 -0.37E+00  0.12E+02  0.49E+09  0.65E+03
       Cl  2 2   0.33E+04 -0.16E+00  0.21E+02  0.76E+09  0.10E+04
       Cl  3 3   0.21E+02  0.79E-01  0.89E+01  0.23E+05  0.13E+03
       Cl  4 3   0.24E+02  0.67E-01  0.99E+01  0.27E+05  0.15E+03
       Cl  4 4   0.28E+02  0.44E-01  0.11E+02  0.32E+05  0.18E+03
       Cl  5 5   0.77E+00  0.19E+00  0.18E+01  0.12E+03  0.22E+02
       Cl  6 5   0.80E+00  0.19E+00  0.19E+01  0.12E+03  0.23E+02
       Cl  6 6   0.83E+00  0.20E+00  0.19E+01  0.12E+03  0.23E+02
       H   1 1   0.39E+02  0.19E+00  0.29E+00  0.78E+05  0.13E+02
       H   2 1   0.41E+02  0.21E+00  0.32E+00  0.82E+05  0.14E+02
       H   2 2   0.43E+02  0.22E+00  0.36E+00  0.86E+05  0.15E+02
     ------------------------------------------------------------

     alpha_pv=     33.9503 eV

     Number of occupied bands for each k-point:
     k-point:     1    nbnd_occ=  42
     k-point:     2    nbnd_occ=  42
     k-point:     3    nbnd_occ=  42
     k-point:     4    nbnd_occ=  42
     k-point:     5    nbnd_occ=  42
     k-point:     6    nbnd_occ=  42
     k-point:     7    nbnd_occ=  42
     k-point:     8    nbnd_occ=  42
     k-point:     9    nbnd_occ=  42
     k-point:    10    nbnd_occ=  42
     k-point:    11    nbnd_occ=  42
     k-point:    12    nbnd_occ=  42
     k-point:    13    nbnd_occ=  42
     k-point:    14    nbnd_occ=  42
     k-point:    15    nbnd_occ=  42
     k-point:    16    nbnd_occ=  42


     q-space interpolation up to   110.00 Rydberg

     GIPAW job: efg                                                                             


     ELECTRIC FIELD GRADIENTS TENSORS IN Hartree/bohrradius^2:

     ----- bare term -----
     Cl   1        0.073442        0.124843       -0.026781
     Cl   1        0.124843        0.052411       -0.009296
     Cl   1       -0.026781       -0.009296       -0.125854

     C    2       -0.051099        0.337658       -0.222697
     C    2        0.337658       -0.103284       -0.621754
     C    2       -0.222697       -0.621754        0.154383

     C    3       -0.135653       -0.006358        0.019543
     C    3       -0.006358       -0.034098       -0.011775
     C    3        0.019543       -0.011775        0.169751

     H    4       -0.425103       -0.375831        0.186618
     H    4       -0.375831        0.193223        0.082052
     H    4        0.186618        0.082052        0.231880

     C    5       -0.048447        0.092301       -0.037618
     C    5        0.092301       -0.187273       -0.078652
     C    5       -0.037618       -0.078652        0.235721

     H    6        0.360164       -0.288116        0.086903
     H    6       -0.288116       -0.620910        0.211118
     H    6        0.086903        0.211118        0.260746

     H    7        0.227133        0.058215       -0.140731
     H    7        0.058215       -0.418640        0.546953
     H    7       -0.140731        0.546953        0.191508

     C    8       -0.582223       -0.301656       -0.165388
     C    8       -0.301656        0.214248        0.266670
     C    8       -0.165388        0.266670        0.367974

     H    9       -0.222116       -0.032010       -0.608993
     H    9       -0.032010        0.301889       -0.063228
     H    9       -0.608993       -0.063228       -0.079773

     C   10       -0.012072        0.207072       -0.293612
     C   10        0.207072       -0.091756        0.690652
     C   10       -0.293612        0.690652        0.103827

     C   11       -0.498169       -0.329588       -0.221544
     C   11       -0.329588        0.122432        0.329572
     C   11       -0.221544        0.329572        0.375737

     Cl  12        0.026738        0.169255        0.004335
     Cl  12        0.169255        0.054799        0.068035
     Cl  12        0.004335        0.068035       -0.081537

     H   13        0.433983       -0.238110        0.110454
     H   13       -0.238110       -0.563045       -0.122085
     H   13        0.110454       -0.122085        0.129062

     C   14       -0.789519        0.323410       -0.408077
     C   14        0.323410        0.262274       -0.071340
     C   14       -0.408077       -0.071340        0.527245

     H   15       -0.555429       -0.201581        0.026856
     H   15       -0.201581        0.440543       -0.203853
     H   15        0.026856       -0.203853        0.114886

     C   16       -0.017207        0.224747       -0.124132
     C   16        0.224747       -0.472496       -0.409788
     C   16       -0.124132       -0.409788        0.489702

     C   17       -0.390576        0.314195       -0.466196
     C   17        0.314195        0.240144       -0.263417
     C   17       -0.466196       -0.263417        0.150432

     Cl  18       -0.069587        0.153947        0.126779
     Cl  18        0.153947       -0.048514        0.119663
     Cl  18        0.126779        0.119663        0.118101

     H   19        0.313153       -0.192789        0.099684
     H   19       -0.192789       -0.476124        0.534073
     H   19        0.099684        0.534073        0.162971

     C   20       -0.053977        0.344840       -0.514505
     C   20        0.344840       -0.071682        0.491438
     C   20       -0.514505        0.491438        0.125659

     H   21       -0.160519        0.150367       -0.343356
     H   21        0.150367        0.482858        0.195573
     H   21       -0.343356        0.195573       -0.322339

     C   22       -0.400854       -0.325150       -0.154343
     C   22       -0.325150        0.023745        0.268012
     C   22       -0.154343        0.268012        0.377109

     C   23        0.000076        0.384432       -0.434420
     C   23        0.384432       -0.029421        0.683535
     C   23       -0.434420        0.683535        0.029345

     Cl  24       -0.102727       -0.188840       -0.122063
     Cl  24       -0.188840       -0.072134       -0.044177
     Cl  24       -0.122063       -0.044177        0.174860

     ----- ionic term -----
     Cl   1        0.118441       -0.184659        0.015021
     Cl   1       -0.184659        0.043139       -0.014142
     Cl   1        0.015021       -0.014142       -0.161580

     C    2        0.298842       -0.076052        0.210512
     C    2       -0.076052        0.216796        0.254513
     C    2        0.210512        0.254513       -0.515638

     C    3        0.283899       -0.187741        0.114933
     C    3       -0.187741        0.240133        0.267204
     C    3        0.114933        0.267204       -0.524032

     H    4        0.904673        0.306640        0.408527
     H    4        0.306640       -0.422616        0.152866
     H    4        0.408527        0.152866       -0.482057

     C    5        0.408760       -0.130531        0.131726
     C    5       -0.130531        0.138623        0.238877
     C    5        0.131726        0.238877       -0.547383

     H    6       -0.488417        0.058940        0.012960
     H    6        0.058940        0.889369        0.500431
     H    6        0.012960        0.500431       -0.400952

     H    7       -0.510828       -0.094188        0.065623
     H    7       -0.094188        0.781727       -0.624264
     H    7        0.065623       -0.624264       -0.270899

     C    8        0.281147        0.199612        0.290352
     C    8        0.199612        0.074545       -0.280502
     C    8        0.290352       -0.280502       -0.355693

     H    9        0.431922       -0.317678        0.712897
     H    9       -0.317678       -0.408196       -0.299173
     H    9        0.712897       -0.299173       -0.023726

     C   10        0.127739        0.245555        0.211438
     C   10        0.245555        0.165668       -0.387666
     C   10        0.211438       -0.387666       -0.293407

     C   11        0.200815        0.197598        0.333720
     C   11        0.197598        0.056970       -0.389264
     C   11        0.333720       -0.389264       -0.257784

     Cl  12        0.163884        0.232104        0.002204
     Cl  12        0.232104       -0.000175        0.004058
     Cl  12        0.002204        0.004058       -0.163709

     H   13       -0.474574        0.279876        0.086233
     H   13        0.279876        0.952765        0.380521
     H   13        0.086233        0.380521       -0.478191

     C   14        0.368671       -0.076068        0.173425
     C   14       -0.076068        0.153251        0.215132
     C   14        0.173425        0.215132       -0.521922

     H   15        0.767632        0.431269        0.473930
     H   15        0.431269       -0.332450        0.212069
     H   15        0.473930        0.212069       -0.435182

     C   16        0.189385       -0.114053        0.124991
     C   16       -0.114053        0.296921        0.344587
     C   16        0.124991        0.344587       -0.486306

     C   17        0.322947       -0.058142        0.119833
     C   17       -0.058142        0.213145        0.366835
     C   17        0.119833        0.366835       -0.536093

     Cl  18        0.166410       -0.218917       -0.035918
     Cl  18       -0.218917       -0.010997        0.029718
     Cl  18       -0.035918        0.029718       -0.155413

     H   19       -0.515172       -0.110808        0.078794
     H   19       -0.110808        0.615316       -0.726068
     H   19        0.078794       -0.726068       -0.100144

     C   20        0.273011        0.182133        0.311947
     C   20        0.182133       -0.021566       -0.324077
     C   20        0.311947       -0.324077       -0.251445

     H   21        0.385388       -0.038860        0.812588
     H   21       -0.038860       -0.520258       -0.120269
     H   21        0.812588       -0.120269        0.134871

     C   22        0.113136        0.289488        0.207832
     C   22        0.289488        0.131206       -0.382318
     C   22        0.207832       -0.382318       -0.244342

     C   23        0.140198        0.166820        0.302145
     C   23        0.166820        0.134087       -0.403744
     C   23        0.302145       -0.403744       -0.274285

     Cl  24        0.116840        0.194105        0.032194
     Cl  24        0.194105        0.027883        0.009929
     Cl  24        0.032194        0.009929       -0.144723

     ----- GIPAW term -----
     Cl   1        2.076023       -0.800402       -0.236656
     Cl   1       -0.800402        0.366100       -0.090808
     Cl   1       -0.236656       -0.090808       -2.442123

     C    2        0.072200        0.114602       -0.119509
     C    2        0.114602        0.035687       -0.178878
     C    2       -0.119509       -0.178878       -0.107887

     C    3       -0.012046        0.011964       -0.019308
     C    3        0.011964        0.014557       -0.011001
     C    3       -0.019308       -0.011001       -0.002512

     H    4       -0.000000        0.000000        0.000000
     H    4        0.000000        0.000000        0.000000
     H    4        0.000000        0.000000        0.000000

     C    5        0.003500        0.046609       -0.031341
     C    5        0.046609       -0.006924       -0.054683
     C    5       -0.031341       -0.054683        0.003424

     H    6       -0.000000        0.000000        0.000000
     H    6        0.000000        0.000000        0.000000
     H    6        0.000000        0.000000        0.000000

     H    7       -0.000000        0.000000        0.000000
     H    7        0.000000        0.000000        0.000000
     H    7        0.000000        0.000000        0.000000

     C    8       -0.097331        0.131403        0.031477
     C    8        0.131403        0.177834        0.065517
     C    8        0.031477        0.065517       -0.080503

     H    9       -0.000000        0.000000        0.000000
     H    9        0.000000        0.000000        0.000000
     H    9        0.000000        0.000000        0.000000

     C   10       -0.036911        0.216152       -0.012791
     C   10        0.216152        0.128104        0.173989
     C   10       -0.012791        0.173989       -0.091193

     C   11       -0.072983        0.166610        0.002237
     C   11        0.166610        0.184906        0.087477
     C   11        0.002237        0.087477       -0.111923

     Cl  12        1.309850        3.366235        0.297408
     Cl  12        3.366235        0.687022        0.773515
     Cl  12        0.297408        0.773515       -1.996872

     H   13       -0.000000        0.000000        0.000000
     H   13        0.000000        0.000000        0.000000
     H   13        0.000000        0.000000        0.000000

     C   14       -0.201917        0.091704       -0.008992
     C   14        0.091704        0.095917        0.142130
     C   14       -0.008992        0.142130        0.106000

     H   15       -0.000000        0.000000        0.000000
     H   15        0.000000        0.000000        0.000000
     H   15        0.000000        0.000000        0.000000

     C   16       -0.107543        0.015838       -0.011216
     C   16        0.015838       -0.052297        0.132400
     C   16       -0.011216        0.132400        0.159839

     C   17       -0.013300        0.120924       -0.062522
     C   17        0.120924        0.189943       -0.009027
     C   17       -0.062522       -0.009027       -0.176643

     Cl  18        0.796755       -0.823304        1.270166
     Cl  18       -0.823304       -0.352461        1.220473
     Cl  18        1.270166        1.220473       -0.444294

     H   19       -0.000000        0.000000        0.000000
     H   19        0.000000        0.000000        0.000000
     H   19        0.000000        0.000000        0.000000

     C   20        0.106770        0.252511       -0.131696
     C   20        0.252511       -0.003668        0.041726
     C   20       -0.131696        0.041726       -0.103102

     H   21       -0.000000        0.000000        0.000000
     H   21        0.000000        0.000000        0.000000
     H   21        0.000000        0.000000        0.000000

     C   22       -0.040177        0.145173       -0.015753
     C   22        0.145173        0.124641        0.007990
     C   22       -0.015753        0.007990       -0.084464

     C   23        0.028632        0.284042       -0.059417
     C   23        0.284042        0.144901        0.091483
     C   23       -0.059417        0.091483       -0.173533

     Cl  24        1.237193        1.823688       -1.060125
     Cl  24        1.823688       -0.384497       -0.440166
     Cl  24       -1.060125       -0.440166       -0.852696

     ----- total EFG -----
     Cl   1        2.267906       -0.860219       -0.248416
     Cl   1       -0.860219        0.461651       -0.114246
     Cl   1       -0.248416       -0.114246       -2.729557

     C    2        0.319943        0.376208       -0.131695
     C    2        0.376208        0.149199       -0.546119
     C    2       -0.131695       -0.546119       -0.469142

     C    3        0.136201       -0.182135        0.115169
     C    3       -0.182135        0.220592        0.244428
     C    3        0.115169        0.244428       -0.356793

     H    4        0.479570       -0.069191        0.595145
     H    4       -0.069191       -0.229393        0.234918
     H    4        0.595145        0.234918       -0.250177

     C    5        0.363813        0.008379        0.062766
     C    5        0.008379       -0.055574        0.105542
     C    5        0.062766        0.105542       -0.308238

     H    6       -0.128252       -0.229176        0.099863
     H    6       -0.229176        0.268459        0.711550
     H    6        0.099863        0.711550       -0.140206

     H    7       -0.283696       -0.035974       -0.075108
     H    7       -0.035974        0.363087       -0.077312
     H    7       -0.075108       -0.077312       -0.079391

     C    8       -0.398407        0.029359        0.156441
     C    8        0.029359        0.466628        0.051685
     C    8        0.156441        0.051685       -0.068221

     H    9        0.209806       -0.349688        0.103904
     H    9       -0.349688       -0.106307       -0.362401
     H    9        0.103904       -0.362401       -0.103498

     C   10        0.078756        0.668779       -0.094966
     C   10        0.668779        0.202016        0.476975
     C   10       -0.094966        0.476975       -0.280773

     C   11       -0.370337        0.034620        0.114413
     C   11        0.034620        0.364308        0.027785
     C   11        0.114413        0.027785        0.006029

     Cl  12        1.500471        3.767594        0.303946
     Cl  12        3.767594        0.741646        0.845608
     Cl  12        0.303946        0.845608       -2.242117

     H   13       -0.040591        0.041767        0.196687
     H   13        0.041767        0.389720        0.258436
     H   13        0.196687        0.258436       -0.349129

     C   14       -0.622764        0.339045       -0.243644
     C   14        0.339045        0.511441        0.285922
     C   14       -0.243644        0.285922        0.111323

     H   15        0.212203        0.229688        0.500785
     H   15        0.229688        0.108094        0.008216
     H   15        0.500785        0.008216       -0.320297

     C   16        0.064636        0.126532       -0.010358
     C   16        0.126532       -0.227871        0.067199
     C   16       -0.010358        0.067199        0.163235

     C   17       -0.080928        0.376977       -0.408884
     C   17        0.376977        0.643232        0.094391
     C   17       -0.408884        0.094391       -0.562303

     Cl  18        0.893578       -0.888274        1.361027
     Cl  18       -0.888274       -0.411972        1.369855
     Cl  18        1.361027        1.369855       -0.481606

     H   19       -0.202019       -0.303598        0.178478
     H   19       -0.303598        0.139191       -0.191996
     H   19        0.178478       -0.191996        0.062827

     C   20        0.325804        0.779483       -0.334254
     C   20        0.779483       -0.096916        0.209088
     C   20       -0.334254        0.209088       -0.228888

     H   21        0.224869        0.111506        0.469232
     H   21        0.111506       -0.037400        0.075303
     H   21        0.469232        0.075303       -0.187469

     C   22       -0.327895        0.109511        0.037735
     C   22        0.109511        0.279592       -0.106317
     C   22        0.037735       -0.106317        0.048303

     C   23        0.168906        0.835294       -0.191691
     C   23        0.835294        0.249566        0.371274
     C   23       -0.191691        0.371274       -0.418473

     Cl  24        1.251306        1.828952       -1.149994
     Cl  24        1.828952       -0.428747       -0.474414
     Cl  24       -1.149994       -0.474414       -0.822559

     ----- total EFG (symmetrized) -----
     Cl   1        2.267906       -0.860219       -0.248416
     Cl   1       -0.860219        0.461651       -0.114246
     Cl   1       -0.248416       -0.114246       -2.729557

     C    2        0.319943        0.376208       -0.131695
     C    2        0.376208        0.149199       -0.546119
     C    2       -0.131695       -0.546119       -0.469142

     C    3        0.136201       -0.182135        0.115169
     C    3       -0.182135        0.220592        0.244428
     C    3        0.115169        0.244428       -0.356793

     H    4        0.479570       -0.069191        0.595145
     H    4       -0.069191       -0.229393        0.234918
     H    4        0.595145        0.234918       -0.250177

     C    5        0.363813        0.008379        0.062766
     C    5        0.008379       -0.055574        0.105542
     C    5        0.062766        0.105542       -0.308238

     H    6       -0.128252       -0.229176        0.099863
     H    6       -0.229176        0.268459        0.711550
     H    6        0.099863        0.711550       -0.140206

     H    7       -0.283696       -0.035974       -0.075108
     H    7       -0.035974        0.363087       -0.077312
     H    7       -0.075108       -0.077312       -0.079391

     C    8       -0.398407        0.029359        0.156441
     C    8        0.029359        0.466628        0.051685
     C    8        0.156441        0.051685       -0.068221

     H    9        0.209806       -0.349688        0.103904
     H    9       -0.349688       -0.106307       -0.362401
     H    9        0.103904       -0.362401       -0.103498

     C   10        0.078756        0.668779       -0.094966
     C   10        0.668779        0.202016        0.476975
     C   10       -0.094966        0.476975       -0.280773

     C   11       -0.370337        0.034620        0.114413
     C   11        0.034620        0.364308        0.027785
     C   11        0.114413        0.027785        0.006029

     Cl  12        1.500471        3.767594        0.303946
     Cl  12        3.767594        0.741646        0.845608
     Cl  12        0.303946        0.845608       -2.242117

     H   13       -0.040591        0.041767        0.196687
     H   13        0.041767        0.389720        0.258436
     H   13        0.196687        0.258436       -0.349129

     C   14       -0.622764        0.339045       -0.243644
     C   14        0.339045        0.511441        0.285922
     C   14       -0.243644        0.285922        0.111323

     H   15        0.212203        0.229688        0.500785
     H   15        0.229688        0.108094        0.008216
     H   15        0.500785        0.008216       -0.320297

     C   16        0.064636        0.126532       -0.010358
     C   16        0.126532       -0.227871        0.067199
     C   16       -0.010358        0.067199        0.163235

     C   17       -0.080928        0.376977       -0.408884
     C   17        0.376977        0.643232        0.094391
     C   17       -0.408884        0.094391       -0.562303

     Cl  18        0.893578       -0.888274        1.361027
     Cl  18       -0.888274       -0.411972        1.369855
     Cl  18        1.361027        1.369855       -0.481606

     H   19       -0.202019       -0.303598        0.178478
     H   19       -0.303598        0.139191       -0.191996
     H   19        0.178478       -0.191996        0.062827

     C   20        0.325804        0.779483       -0.334254
     C   20        0.779483       -0.096916        0.209088
     C   20       -0.334254        0.209088       -0.228888

     H   21        0.224869        0.111506        0.469232
     H   21        0.111506       -0.037400        0.075303
     H   21        0.469232        0.075303       -0.187469

     C   22       -0.327895        0.109511        0.037735
     C   22        0.109511        0.279592       -0.106317
     C   22        0.037735       -0.106317        0.048303

     C   23        0.168906        0.835294       -0.191691
     C   23        0.835294        0.249566        0.371274
     C   23       -0.191691        0.371274       -0.418473

     Cl  24        1.251306        1.828952       -1.149994
     Cl  24        1.828952       -0.428747       -0.474414
     Cl  24       -1.149994       -0.474414       -0.822559


     NQR/NMR SPECTROSCOPIC PARAMETERS:
     Cl   1    Vxx=    0.1312    axis=(  0.365683  0.928191 -0.068822)
     Cl   1    Vyy=    2.6187    axis=(  0.928924 -0.368587 -0.035273)
     Cl   1    Vzz=   -2.7499    axis=(  0.058107  0.051031  0.997005)
     Cl   1  Q=        -8.1650 1e-30 m^2  Cq=        52.7551 MHz  eta= 0.90456

     C    2    Vxx=   -0.0002    axis=(  0.764906 -0.515792  0.385847)
     C    2    Vyy=   -0.7933    axis=(  0.076093 -0.522461 -0.849261)
     C    2    Vzz=    0.7935    axis=(  0.639632  0.678965 -0.360385)
     C    2  Q=         1.0000 1e-30 m^2  Cq=         1.8644 MHz  eta= 0.99956

     C    3    Vxx=    0.1050    axis=(  0.814871  0.403055  0.416572)
     C    3    Vyy=    0.3893    axis=(  0.513033 -0.835998 -0.194692)
     C    3    Vzz=   -0.4943    axis=( -0.269782 -0.372364  0.888011)
     C    3  Q=         1.0000 1e-30 m^2  Cq=        -1.1614 MHz  eta= 0.57518

     H    4    Vxx=   -0.1117    axis=(  0.266084 -0.890965 -0.367941)
     H    4    Vyy=   -0.7040    axis=(  0.421887  0.450840 -0.786609)
     H    4    Vzz=    0.8157    axis=(  0.866724  0.054074  0.495848)
     H    4  Q=         1.0000 1e-30 m^2  Cq=         1.9166 MHz  eta= 0.72610

     C    5    Vxx=   -0.0195    axis=( -0.074308  0.941735  0.328044)
     C    5    Vyy=   -0.3510    axis=( -0.078591 -0.333460  0.939483)
     C    5    Vzz=    0.3704    axis=(  0.994134  0.044030  0.098790)
     C    5  Q=         1.0000 1e-30 m^2  Cq=         0.8703 MHz  eta= 0.89487

     H    6    Vxx=   -0.0677    axis=(  0.933381 -0.095768  0.345872)
     H    6    Vyy=   -0.7532    axis=(  0.333406  0.588039 -0.736920)
     H    6    Vzz=    0.8209    axis=( -0.132813  0.803143  0.580794)
     H    6  Q=         1.0000 1e-30 m^2  Cq=         1.9288 MHz  eta= 0.83498

     H    7    Vxx=   -0.0635    axis=(  0.340113 -0.139837 -0.929929)
     H    7    Vyy=   -0.3135    axis=(  0.939719  0.087734  0.330500)
     H    7    Vzz=    0.3770    axis=(  0.035370 -0.986280  0.161247)
     H    7  Q=         1.0000 1e-30 m^2  Cq=         0.8858 MHz  eta= 0.66289

     C    8    Vxx=   -0.0131    axis=(  0.365409 -0.121788  0.922845)
     C    8    Vyy=   -0.4608    axis=(  0.929330 -0.008847 -0.369144)
     C    8    Vzz=    0.4739    axis=(  0.053121  0.992517  0.109949)
     C    8  Q=         1.0000 1e-30 m^2  Cq=         1.1135 MHz  eta= 0.94473

     H    9    Vxx=   -0.0505    axis=( -0.665599 -0.291311  0.687107)
     H    9    Vyy=   -0.5184    axis=(  0.279058  0.756743  0.591157)
     H    9    Vzz=    0.5689    axis=(  0.692174 -0.585216  0.422395)
     H    9  Q=         1.0000 1e-30 m^2  Cq=         1.3366 MHz  eta= 0.82244

     C   10    Vxx=   -0.0548    axis=(  0.622149 -0.230526 -0.748190)
     C   10    Vyy=   -0.8354    axis=( -0.508197  0.608045 -0.609932)
     C   10    Vzz=    0.8902    axis=( -0.595538 -0.759697 -0.261142)
     C   10  Q=         1.0000 1e-30 m^2  Cq=         2.0917 MHz  eta= 0.87679

     C   11    Vxx=    0.0342    axis=(  0.261998 -0.108180  0.958986)
     C   11    Vyy=    0.3691    axis=(  0.061269  0.993557  0.095341)
     C   11    Vzz=   -0.4033    axis=( -0.963121  0.033777  0.266938)
     C   11  Q=         1.0000 1e-30 m^2  Cq=        -0.9475 MHz  eta= 0.83062

     Cl  12    Vxx=   -2.0441    axis=( -0.445526  0.352777  0.822834)
     Cl  12    Vyy=   -2.9507    axis=( -0.513754  0.651952 -0.557688)
     Cl  12    Vzz=    4.9948    axis=(  0.733187  0.671198  0.109220)
     Cl  12  Q=        -8.1650 1e-30 m^2  Cq=       -95.8228 MHz  eta= 0.18149

     H   13    Vxx=    0.0081    axis=(  0.911016 -0.294912  0.288230)
     H   13    Vyy=    0.4908    axis=(  0.194686  0.923752  0.329819)
     H   13    Vzz=   -0.4989    axis=( -0.363521 -0.244356  0.898968)
     H   13  Q=         1.0000 1e-30 m^2  Cq=        -1.1722 MHz  eta= 0.96746

     C   14    Vxx=    0.1316    axis=( -0.408848 -0.287102  0.866266)
     C   14    Vyy=    0.6918    axis=( -0.164505 -0.910491 -0.379400)
     C   14    Vzz=   -0.8234    axis=(  0.897654 -0.297622  0.325022)
     C   14  Q=         1.0000 1e-30 m^2  Cq=        -1.9347 MHz  eta= 0.68046

     H   15    Vxx=    0.0411    axis=(  0.253374 -0.909185  0.330431)
     H   15    Vyy=    0.5975    axis=( -0.808079 -0.386700 -0.444377)
     H   15    Vzz=   -0.6386    axis=(  0.531798 -0.154421 -0.832673)
     H   15  Q=         1.0000 1e-30 m^2  Cq=        -1.5005 MHz  eta= 0.87129

     C   16    Vxx=    0.1089    axis=(  0.929100  0.308327 -0.204225)
     C   16    Vyy=    0.1760    axis=(  0.144293  0.206232  0.967806)
     C   16    Vzz=   -0.2849    axis=(  0.340519 -0.928656  0.147121)
     C   16  Q=         1.0000 1e-30 m^2  Cq=        -0.6694 MHz  eta= 0.23554

     C   17    Vxx=    0.0390    axis=( -0.738850  0.373350  0.560990)
     C   17    Vyy=    0.8083    axis=( -0.413102 -0.908662  0.060659)
     C   17    Vzz=   -0.8473    axis=(  0.532398 -0.186928  0.825597)
     C   17  Q=         1.0000 1e-30 m^2  Cq=        -1.9909 MHz  eta= 0.90786

     Cl  18    Vxx=    0.8275    axis=(  0.287848 -0.795531 -0.533173)
     Cl  18    Vyy=    1.7320    axis=( -0.859788  0.030532 -0.509737)
     Cl  18    Vzz=   -2.5595    axis=( -0.421791 -0.605143  0.675200)
     Cl  18  Q=        -8.1650 1e-30 m^2  Cq=        49.1037 MHz  eta= 0.35338

     H   19    Vxx=   -0.0878    axis=( -0.125535  0.537461  0.833893)
     H   19    Vyy=   -0.3887    axis=(  0.879729  0.448856 -0.156861)
     H   19    Vzz=    0.4765    axis=( -0.458604  0.713908 -0.529167)
     H   19  Q=         1.0000 1e-30 m^2  Cq=         1.1197 MHz  eta= 0.63156

     C   20    Vxx=   -0.0401    axis=( -0.197950  0.463337  0.863791)
     C   20    Vyy=   -0.8996    axis=( -0.559379  0.670249 -0.487711)
     C   20    Vzz=    0.9397    axis=( -0.804929 -0.579729  0.126505)
     C   20  Q=         1.0000 1e-30 m^2  Cq=         2.2080 MHz  eta= 0.91458

     H   21    Vxx=   -0.0676    axis=(  0.186160 -0.975669  0.115816)
     H   21    Vyy=   -0.4938    axis=(  0.546159  0.004774 -0.837668)
     H   21    Vzz=    0.5615    axis=(  0.816734  0.219195  0.533760)
     H   21  Q=         1.0000 1e-30 m^2  Cq=         1.3192 MHz  eta= 0.75914

     C   22    Vxx=    0.0218    axis=(  0.195236  0.301902  0.933134)
     C   22    Vyy=    0.3332    axis=( -0.135848 -0.933947  0.330588)
     C   22    Vzz=   -0.3550    axis=(  0.971302 -0.191307 -0.141327)
     C   22  Q=         1.0000 1e-30 m^2  Cq=        -0.8340 MHz  eta= 0.87716

     C   23    Vxx=   -0.1242    axis=( -0.508366  0.358138  0.783135)
     C   23    Vyy=   -0.9347    axis=( -0.541353  0.574335 -0.614066)
     C   23    Vzz=    1.0590    axis=( -0.669702 -0.736123 -0.098093)
     C   23  Q=         1.0000 1e-30 m^2  Cq=         2.4881 MHz  eta= 0.76534

     Cl  24    Vxx=   -1.1377    axis=(  0.027353  0.506245  0.861956)
     Cl  24    Vyy=   -1.6972    axis=(  0.590559 -0.703898  0.394674)
     Cl  24    Vzz=    2.8349    axis=(  0.806531  0.498240 -0.318221)
     Cl  24  Q=        -8.1650 1e-30 m^2  Cq=       -54.3859 MHz  eta= 0.19737

     Initialization:
     gipaw_setup  :      9.89s CPU     13.48s WALL (       1 calls)

     Linear response

     Apply operators

     Induced current

     Other routines
     efg          :     11.84s CPU     27.48s WALL (       1 calls)

     General routines
     calbec       :      3.23s CPU      4.21s WALL (      16 calls)
     fft          :      1.29s CPU      1.52s WALL (      15 calls)
     ffts         :      0.05s CPU      0.06s WALL (       2 calls)
     fftw         :      5.75s CPU     11.41s WALL (     672 calls)
     davcio       :      0.08s CPU      8.59s WALL (      32 calls)

     Parallel routines
     fft_scatter  :      4.45s CPU     10.13s WALL (     689 calls)

     Plugins

     GIPAW        :     65.90s CPU     95.44s WALL (       1 calls)
