
     Program QE v.6.0 (svn rev. 13079) starts on  7Jan2017 at  0:51:12 

     This program is part of the open-source Quantum ESPRESSO suite
     for quantum simulation of materials; please cite
         "P. Giannozzi et al., J. Phys.:Condens. Matter 21 395502 (2009);
          URL http://www.quantum-espresso.org", 
     in publications or presentations arising from this work. More details at
     http://www.quantum-espresso.org/quote

     Parallel version (MPI), running on     8 processors
     R & G space division:  proc/nbgrp/npool/nimage =       8

     ***** This is GIPAW svn revision unknown      *****

     Parallelizing q-star over 1 images

     Reading data from directory:
     /users/majewski/paradichlorobenzene/pbe/9_constraint/scratch/pbe.ecut100.np8.dt60.pcl2phi-129368.save
     Message from routine read_xml_file:
     file /users/majewski/paradichlorobenzene/pbe/9_constraint/scratch/pbe.ecut100.np8.dt60.pcl2phi-129368.save not guaranteed to be safe for post-processing

   Info: using nr1, nr2, nr3 values from input

   Info: using nr1, nr2, nr3 values from input

     IMPORTANT: XC functional enforced from input :
     Exchange-correlation      =  SLA  PW   PBX  PBC ( 1  4  3  4 0 0)
     Any further DFT definition will be discarded
     Please, verify this is what you really want

               file C.pbe-n-kjpaw_psl.1.0.0.UPF: wavefunction(s)  2S 2P renormalized
               file Cl.pbe-n-kjpaw_psl.1.0.0.UPF: wavefunction(s)  3S 3P renormalized
               file H.pbe-kjpaw_psl.1.0.0.UPF: wavefunction(s)  1S renormalized

     Parallelization info
     --------------------
     sticks:   dense  smooth     PW     G-vecs:    dense   smooth      PW
     Min        3057    1223    332               144436    36536    5170
     Max        3059    1225    333               144437    36537    5171
     Sum       24467    9791   2657              1155489   292295   41363


     Subspace diagonalization in iterative solution of the eigenvalue problem:
     a serial algorithm will be used

     GIPAW projectors -----------------------------------------------
     atom=  C    l=0  rc=    1.2000  rs=    0.8000
     atom=  C    l=0  rc=    1.2000  rs=    0.8000
     atom=  C    l=1  rc=    1.4000  rs=    0.9333
     atom=  C    l=1  rc=    1.4000  rs=    0.9333
     projs nearly linearly dependent: l=1  n1,n2= 1, 2  s=  0.99951561

     atom=  Cl   l=0  rc=    1.6000  rs=    1.0667
     atom=  Cl   l=0  rc=    1.6000  rs=    1.0667
     atom=  Cl   l=1  rc=    1.6000  rs=    1.0667
     atom=  Cl   l=1  rc=    1.6000  rs=    1.0667
     atom=  Cl   l=2  rc=    1.6000  rs=    1.0667
     atom=  Cl   l=2  rc=    1.6000  rs=    1.0667
     projs nearly linearly dependent: l=2  n1,n2= 1, 2  s=  0.99993509

     atom=  H    l=0  rc=    1.0000  rs=    0.6667
     atom=  H    l=0  rc=    1.0000  rs=    0.6667
     projs nearly linearly dependent: l=0  n1,n2= 1, 2  s=  0.99968852
     -----------------------------------------------------------------

     GIPAW integrals: -------------------------------------------
     Atom  i/j   nmr_para   nmr_dia   epr_rmc  epr_para   epr_dia
       C   1 1   0.83E+03  0.17E-01  0.93E+01  0.24E+08  0.24E+03
       C   2 1   0.86E+03 -0.61E-01  0.94E+01  0.25E+08  0.25E+03
       C   2 2   0.90E+03 -0.15E+00  0.97E+01  0.26E+08  0.26E+03
       C   3 3   0.33E+01  0.34E+00  0.18E+01  0.55E+03  0.21E+02
       C   4 3   0.35E+01  0.37E+00  0.20E+01  0.59E+03  0.22E+02
       C   4 4   0.38E+01  0.39E+00  0.22E+01  0.63E+03  0.24E+02
       Cl  1 1   0.14E+04 -0.47E+00  0.84E+01  0.32E+09  0.42E+03
       Cl  2 1   0.21E+04 -0.37E+00  0.12E+02  0.49E+09  0.65E+03
       Cl  2 2   0.33E+04 -0.16E+00  0.21E+02  0.76E+09  0.10E+04
       Cl  3 3   0.21E+02  0.79E-01  0.89E+01  0.23E+05  0.13E+03
       Cl  4 3   0.24E+02  0.67E-01  0.99E+01  0.27E+05  0.15E+03
       Cl  4 4   0.28E+02  0.44E-01  0.11E+02  0.32E+05  0.18E+03
       Cl  5 5   0.77E+00  0.19E+00  0.18E+01  0.12E+03  0.22E+02
       Cl  6 5   0.80E+00  0.19E+00  0.19E+01  0.12E+03  0.23E+02
       Cl  6 6   0.83E+00  0.20E+00  0.19E+01  0.12E+03  0.23E+02
       H   1 1   0.39E+02  0.19E+00  0.29E+00  0.78E+05  0.13E+02
       H   2 1   0.41E+02  0.21E+00  0.32E+00  0.82E+05  0.14E+02
       H   2 2   0.43E+02  0.22E+00  0.36E+00  0.86E+05  0.15E+02
     ------------------------------------------------------------

     alpha_pv=     34.6515 eV

     Number of occupied bands for each k-point:
     k-point:     1    nbnd_occ=  42
     k-point:     2    nbnd_occ=  42
     k-point:     3    nbnd_occ=  42
     k-point:     4    nbnd_occ=  42
     k-point:     5    nbnd_occ=  42
     k-point:     6    nbnd_occ=  42
     k-point:     7    nbnd_occ=  42
     k-point:     8    nbnd_occ=  42
     k-point:     9    nbnd_occ=  42
     k-point:    10    nbnd_occ=  42
     k-point:    11    nbnd_occ=  42
     k-point:    12    nbnd_occ=  42
     k-point:    13    nbnd_occ=  42
     k-point:    14    nbnd_occ=  42
     k-point:    15    nbnd_occ=  42
     k-point:    16    nbnd_occ=  42


     q-space interpolation up to   110.00 Rydberg

     GIPAW job: efg                                                                             


     ELECTRIC FIELD GRADIENTS TENSORS IN Hartree/bohrradius^2:

     ----- bare term -----
     Cl   1       -0.241631        0.183133        0.070976
     Cl   1        0.183133       -0.028164       -0.162856
     Cl   1        0.070976       -0.162856        0.269795

     C    2       -0.054071       -0.159887       -0.426762
     C    2       -0.159887       -0.095466       -0.514467
     C    2       -0.426762       -0.514467        0.149537

     C    3        0.035802        0.519682       -0.014001
     C    3        0.519682       -0.459825       -0.487562
     C    3       -0.014001       -0.487562        0.424023

     H    4       -0.319827       -0.239457       -0.475987
     H    4       -0.239457        0.003157       -0.175885
     H    4       -0.475987       -0.175885        0.316669

     C    5       -0.145396       -0.040293       -0.526825
     C    5       -0.040293       -0.127407       -0.431655
     C    5       -0.526825       -0.431655        0.272803

     H    6        0.378923       -0.092213       -0.063841
     H    6       -0.092213       -0.455398       -0.536668
     H    6       -0.063841       -0.536668        0.076476

     H    7        0.031860       -0.342934       -0.186053
     H    7       -0.342934       -0.404730        0.227334
     H    7       -0.186053        0.227334        0.372870

     C    8       -0.086895        0.124079       -0.472514
     C    8        0.124079       -0.051208        0.439858
     C    8       -0.472514        0.439858        0.138103

     H    9       -0.168424        0.076600       -0.344035
     H    9        0.076600        0.210108        0.477676
     H    9       -0.344035        0.477676       -0.041684

     C   10       -0.175053       -0.395603       -0.233360
     C   10       -0.395603       -0.216232        0.262161
     C   10       -0.233360        0.262161        0.391285

     C   11       -0.067503        0.021966       -0.454653
     C   11        0.021966       -0.355161        0.490855
     C   11       -0.454653        0.490855        0.422664

     Cl  12       -0.131844       -0.227568       -0.179935
     Cl  12       -0.227568       -0.133792        0.028089
     Cl  12       -0.179935        0.028089        0.265635

     H   13       -0.122358       -0.381870        0.054381
     H   13       -0.381870       -0.305304       -0.295492
     H   13        0.054381       -0.295492        0.427661

     C   14       -0.227715        0.396017       -0.405721
     C   14        0.396017       -0.251906       -0.148358
     C   14       -0.405721       -0.148358        0.479620

     H   15       -0.603245       -0.379826        0.127420
     H   15       -0.379826        0.355657       -0.003781
     H   15        0.127420       -0.003781        0.247587

     C   16       -0.002955       -0.013979       -0.264401
     C   16       -0.013979       -0.292346       -0.372891
     C   16       -0.264401       -0.372891        0.295301

     C   17       -0.258725        0.352418       -0.356783
     C   17        0.352418       -0.185599       -0.342703
     C   17       -0.356783       -0.342703        0.444324

     Cl  18        0.048748       -0.095425       -0.134534
     Cl  18       -0.095425       -0.059118       -0.002882
     Cl  18       -0.134534       -0.002882        0.010370

     H   19        0.484021        0.086128       -0.041967
     H   19        0.086128       -0.675911        0.062040
     H   19       -0.041967        0.062040        0.191890

     C   20       -0.384712       -0.320356       -0.397279
     C   20       -0.320356       -0.137334        0.337643
     C   20       -0.397279        0.337643        0.522045

     H   21       -0.133949        0.330378       -0.454101
     H   21        0.330378        0.024220        0.404869
     H   21       -0.454101        0.404869        0.109729

     C   22       -0.420547       -0.382306       -0.344592
     C   22       -0.382306        0.108066        0.358339
     C   22       -0.344592        0.358339        0.312481

     C   23        0.056123       -0.453803       -0.086507
     C   23       -0.453803       -0.332467        0.485423
     C   23       -0.086507        0.485423        0.276344

     Cl  24       -0.025714       -0.115215        0.099239
     Cl  24       -0.115215        0.003301       -0.125782
     Cl  24        0.099239       -0.125782        0.022412

     ----- ionic term -----
     Cl   1        0.174854       -0.204334       -0.035854
     Cl   1       -0.204334       -0.039360        0.026124
     Cl   1       -0.035854        0.026124       -0.135494

     C    2        0.363016       -0.115871        0.161687
     C    2       -0.115871        0.035331        0.430836
     C    2        0.161687        0.430836       -0.398347

     C    3        0.108526       -0.159533        0.113972
     C    3       -0.159533        0.227858        0.466763
     C    3        0.113972        0.466763       -0.336383

     H    4        0.563647        0.479608        0.574729
     H    4        0.479608       -0.275489        0.324717
     H    4        0.574729        0.324717       -0.288158

     C    5        0.304444       -0.102011        0.215644
     C    5       -0.102011        0.075746        0.318585
     C    5        0.215644        0.318585       -0.380190

     H    6       -0.476972        0.247303        0.146011
     H    6        0.247303        0.698921        0.656637
     H    6        0.146011        0.656637       -0.221949

     H    7       -0.511583        0.024951        0.001273
     H    7        0.024951        0.882113       -0.531038
     H    7        0.001273       -0.531038       -0.370530

     C    8        0.324394        0.162939        0.308568
     C    8        0.162939        0.081133       -0.267886
     C    8        0.308568       -0.267886       -0.405527

     H    9        0.457321       -0.351306        0.717364
     H    9       -0.351306       -0.358773       -0.306769
     H    9        0.717364       -0.306769       -0.098548

     C   10        0.177148        0.246918        0.218040
     C   10        0.246918        0.204744       -0.326172
     C   10        0.218040       -0.326172       -0.381892

     C   11        0.195447        0.273474        0.266919
     C   11        0.273474        0.201465       -0.326900
     C   11        0.266919       -0.326900       -0.396912

     Cl  12        0.163503        0.247506        0.040040
     Cl  12        0.247506        0.014954        0.012111
     Cl  12        0.040040        0.012111       -0.178457

     H   13       -0.460652        0.241719        0.135248
     H   13        0.241719        0.636120        0.689715
     H   13        0.135248        0.689715       -0.175468

     C   14        0.454050       -0.095723        0.195080
     C   14       -0.095723       -0.012517        0.328672
     C   14        0.195080        0.328672       -0.441533

     H   15        0.632537        0.381346        0.586526
     H   15        0.381346       -0.396707        0.261827
     H   15        0.586526        0.261827       -0.235831

     C   16        0.204561       -0.183339        0.115576
     C   16       -0.183339        0.210381        0.402758
     C   16        0.115576        0.402758       -0.414943

     C   17        0.213921       -0.122816        0.232031
     C   17       -0.122816        0.192953        0.364339
     C   17        0.232031        0.364339       -0.406875

     Cl  18        0.117230       -0.214359       -0.003764
     Cl  18       -0.214359        0.036909       -0.001930
     Cl  18       -0.003764       -0.001930       -0.154139

     H   19       -0.501639        0.040525        0.012022
     H   19        0.040525        0.833371       -0.567219
     H   19        0.012022       -0.567219       -0.331732

     C   20        0.354038        0.269844        0.291444
     C   20        0.269844        0.056891       -0.243792
     C   20        0.291444       -0.243792       -0.410929

     H   21        0.363618       -0.309320        0.721683
     H   21       -0.309320       -0.402279       -0.320471
     H   21        0.721683       -0.320471        0.038662

     C   22        0.208948        0.293639        0.224762
     C   22        0.293639        0.154457       -0.334800
     C   22        0.224762       -0.334800       -0.363405

     C   23        0.255457        0.164616        0.320247
     C   23        0.164616        0.117630       -0.352441
     C   23        0.320247       -0.352441       -0.373087

     Cl  24        0.176372        0.219537        0.037095
     Cl  24        0.219537       -0.005330        0.019974
     Cl  24        0.037095        0.019974       -0.171042

     ----- GIPAW term -----
     Cl   1       -0.470179       -1.544423        0.675159
     Cl   1       -1.544423       -0.216507       -1.764714
     Cl   1        0.675159       -1.764714        0.686686

     C    2        0.187164       -0.146291       -0.013072
     C    2       -0.146291       -0.069173       -0.066662
     C    2       -0.013072       -0.066662       -0.117991

     C    3        0.131563        0.095213        0.073078
     C    3        0.095213       -0.142786       -0.057611
     C    3        0.073078       -0.057611        0.011223

     H    4       -0.000000        0.000000        0.000000
     H    4        0.000000        0.000000        0.000000
     H    4        0.000000        0.000000        0.000000

     C    5        0.096244       -0.067119       -0.185882
     C    5       -0.067119       -0.115206       -0.062984
     C    5       -0.185882       -0.062984        0.018961

     H    6       -0.000000        0.000000        0.000000
     H    6        0.000000        0.000000        0.000000
     H    6        0.000000        0.000000        0.000000

     H    7       -0.000000        0.000000        0.000000
     H    7        0.000000        0.000000        0.000000
     H    7        0.000000        0.000000        0.000000

     C    8        0.250251        0.071965       -0.022918
     C    8        0.071965       -0.134297        0.071772
     C    8       -0.022918        0.071772       -0.115954

     H    9       -0.000000        0.000000        0.000000
     H    9        0.000000        0.000000        0.000000
     H    9        0.000000        0.000000        0.000000

     C   10        0.095123        0.078441       -0.097120
     C   10        0.078441       -0.053002       -0.027164
     C   10       -0.097120       -0.027164       -0.042121

     C   11        0.000159        0.115585       -0.161095
     C   11        0.115585       -0.142995        0.076238
     C   11       -0.161095        0.076238        0.142836

     Cl  12        0.632281        0.892989       -2.041017
     Cl  12        0.892989       -1.294067        0.327139
     Cl  12       -2.041017        0.327139        0.661786

     H   13       -0.000000        0.000000        0.000000
     H   13        0.000000        0.000000        0.000000
     H   13        0.000000        0.000000        0.000000

     C   14        0.106701        0.036870       -0.218178
     C   14        0.036870       -0.160679        0.009457
     C   14       -0.218178        0.009457        0.053979

     H   15       -0.000000        0.000000        0.000000
     H   15        0.000000        0.000000        0.000000
     H   15        0.000000        0.000000        0.000000

     C   16        0.021613        0.002230       -0.181589
     C   16        0.002230       -0.110215       -0.053461
     C   16       -0.181589       -0.053461        0.088602

     C   17        0.087554       -0.026632       -0.227170
     C   17       -0.026632       -0.139783       -0.035270
     C   17       -0.227170       -0.035270        0.052228

     Cl  18        1.858327       -2.606887       -1.679660
     Cl  18       -2.606887       -0.845600        0.206191
     Cl  18       -1.679660        0.206191       -1.012727

     H   19       -0.000000        0.000000        0.000000
     H   19        0.000000        0.000000        0.000000
     H   19        0.000000        0.000000        0.000000

     C   20       -0.045132       -0.079124       -0.142546
     C   20       -0.079124       -0.086495        0.092051
     C   20       -0.142546        0.092051        0.131627

     H   21       -0.000000        0.000000        0.000000
     H   21        0.000000        0.000000        0.000000
     H   21        0.000000        0.000000        0.000000

     C   22       -0.106764       -0.170257       -0.107951
     C   22       -0.170257        0.148927        0.082343
     C   22       -0.107951        0.082343       -0.042163

     C   23        0.219386       -0.074087        0.036620
     C   23       -0.074087       -0.099635        0.045544
     C   23        0.036620        0.045544       -0.119751

     Cl  24        1.176696        0.497141        1.480332
     Cl  24        0.497141       -0.138694       -1.407848
     Cl  24        1.480332       -1.407848       -1.038002

     ----- total EFG -----
     Cl   1       -0.536956       -1.565624        0.710281
     Cl   1       -1.565624       -0.284032       -1.901446
     Cl   1        0.710281       -1.901446        0.820987

     C    2        0.496109       -0.422049       -0.278146
     C    2       -0.422049       -0.129307       -0.150293
     C    2       -0.278146       -0.150293       -0.366801

     C    3        0.275890        0.455362        0.173048
     C    3        0.455362       -0.374753       -0.078410
     C    3        0.173048       -0.078410        0.098863

     H    4        0.243820        0.240151        0.098742
     H    4        0.240151       -0.272332        0.148832
     H    4        0.098742        0.148832        0.028512

     C    5        0.255292       -0.209422       -0.497063
     C    5       -0.209422       -0.166866       -0.176054
     C    5       -0.497063       -0.176054       -0.088426

     H    6       -0.098049        0.155090        0.082170
     H    6        0.155090        0.243523        0.119969
     H    6        0.082170        0.119969       -0.145474

     H    7       -0.479723       -0.317983       -0.184780
     H    7       -0.317983        0.477383       -0.303704
     H    7       -0.184780       -0.303704        0.002340

     C    8        0.487749        0.358983       -0.186864
     C    8        0.358983       -0.104372        0.243744
     C    8       -0.186864        0.243744       -0.383378

     H    9        0.288897       -0.274706        0.373329
     H    9       -0.274706       -0.148665        0.170907
     H    9        0.373329        0.170907       -0.140232

     C   10        0.097218       -0.070245       -0.112440
     C   10       -0.070245       -0.064490       -0.091174
     C   10       -0.112440       -0.091174       -0.032728

     C   11        0.128103        0.411026       -0.348830
     C   11        0.411026       -0.296691        0.240192
     C   11       -0.348830        0.240192        0.168588

     Cl  12        0.663939        0.912927       -2.180911
     Cl  12        0.912927       -1.412904        0.367339
     Cl  12       -2.180911        0.367339        0.748964

     H   13       -0.583010       -0.140151        0.189630
     H   13       -0.140151        0.330816        0.394223
     H   13        0.189630        0.394223        0.252194

     C   14        0.333036        0.337164       -0.428818
     C   14        0.337164       -0.425102        0.189771
     C   14       -0.428818        0.189771        0.092066

     H   15        0.029293        0.001520        0.713946
     H   15        0.001520       -0.041049        0.258047
     H   15        0.713946        0.258047        0.011757

     C   16        0.223219       -0.195088       -0.330414
     C   16       -0.195088       -0.192180       -0.023593
     C   16       -0.330414       -0.023593       -0.031040

     C   17        0.042751        0.202970       -0.351922
     C   17        0.202970       -0.132428       -0.013635
     C   17       -0.351922       -0.013635        0.089677

     Cl  18        2.024305       -2.916671       -1.817958
     Cl  18       -2.916671       -0.867808        0.201379
     Cl  18       -1.817958        0.201379       -1.156497

     H   19       -0.017618        0.126653       -0.029946
     H   19        0.126653        0.157460       -0.505179
     H   19       -0.029946       -0.505179       -0.139842

     C   20       -0.075806       -0.129636       -0.248381
     C   20       -0.129636       -0.166938        0.185901
     C   20       -0.248381        0.185901        0.242744

     H   21        0.229669        0.021058        0.267582
     H   21        0.021058       -0.378059        0.084398
     H   21        0.267582        0.084398        0.148391

     C   22       -0.318363       -0.258925       -0.227780
     C   22       -0.258925        0.411450        0.105882
     C   22       -0.227780        0.105882       -0.093087

     C   23        0.530966       -0.363274        0.270359
     C   23       -0.363274       -0.314473        0.178526
     C   23        0.270359        0.178526       -0.216494

     Cl  24        1.327354        0.601463        1.616666
     Cl  24        0.601463       -0.140722       -1.513656
     Cl  24        1.616666       -1.513656       -1.186632

     ----- total EFG (symmetrized) -----
     Cl   1       -0.536956       -1.565624        0.710281
     Cl   1       -1.565624       -0.284032       -1.901446
     Cl   1        0.710281       -1.901446        0.820987

     C    2        0.496109       -0.422049       -0.278146
     C    2       -0.422049       -0.129307       -0.150293
     C    2       -0.278146       -0.150293       -0.366801

     C    3        0.275890        0.455362        0.173048
     C    3        0.455362       -0.374753       -0.078410
     C    3        0.173048       -0.078410        0.098863

     H    4        0.243820        0.240151        0.098742
     H    4        0.240151       -0.272332        0.148832
     H    4        0.098742        0.148832        0.028512

     C    5        0.255292       -0.209422       -0.497063
     C    5       -0.209422       -0.166866       -0.176054
     C    5       -0.497063       -0.176054       -0.088426

     H    6       -0.098049        0.155090        0.082170
     H    6        0.155090        0.243523        0.119969
     H    6        0.082170        0.119969       -0.145474

     H    7       -0.479723       -0.317983       -0.184780
     H    7       -0.317983        0.477383       -0.303704
     H    7       -0.184780       -0.303704        0.002340

     C    8        0.487749        0.358983       -0.186864
     C    8        0.358983       -0.104372        0.243744
     C    8       -0.186864        0.243744       -0.383378

     H    9        0.288897       -0.274706        0.373329
     H    9       -0.274706       -0.148665        0.170907
     H    9        0.373329        0.170907       -0.140232

     C   10        0.097218       -0.070245       -0.112440
     C   10       -0.070245       -0.064490       -0.091174
     C   10       -0.112440       -0.091174       -0.032728

     C   11        0.128103        0.411026       -0.348830
     C   11        0.411026       -0.296691        0.240192
     C   11       -0.348830        0.240192        0.168588

     Cl  12        0.663939        0.912927       -2.180911
     Cl  12        0.912927       -1.412904        0.367339
     Cl  12       -2.180911        0.367339        0.748964

     H   13       -0.583010       -0.140151        0.189630
     H   13       -0.140151        0.330816        0.394223
     H   13        0.189630        0.394223        0.252194

     C   14        0.333036        0.337164       -0.428818
     C   14        0.337164       -0.425102        0.189771
     C   14       -0.428818        0.189771        0.092066

     H   15        0.029293        0.001520        0.713946
     H   15        0.001520       -0.041049        0.258047
     H   15        0.713946        0.258047        0.011757

     C   16        0.223219       -0.195088       -0.330414
     C   16       -0.195088       -0.192180       -0.023593
     C   16       -0.330414       -0.023593       -0.031040

     C   17        0.042751        0.202970       -0.351922
     C   17        0.202970       -0.132428       -0.013635
     C   17       -0.351922       -0.013635        0.089677

     Cl  18        2.024305       -2.916671       -1.817958
     Cl  18       -2.916671       -0.867808        0.201379
     Cl  18       -1.817958        0.201379       -1.156497

     H   19       -0.017618        0.126653       -0.029946
     H   19        0.126653        0.157460       -0.505179
     H   19       -0.029946       -0.505179       -0.139842

     C   20       -0.075806       -0.129636       -0.248381
     C   20       -0.129636       -0.166938        0.185901
     C   20       -0.248381        0.185901        0.242744

     H   21        0.229669        0.021058        0.267582
     H   21        0.021058       -0.378059        0.084398
     H   21        0.267582        0.084398        0.148391

     C   22       -0.318363       -0.258925       -0.227780
     C   22       -0.258925        0.411450        0.105882
     C   22       -0.227780        0.105882       -0.093087

     C   23        0.530966       -0.363274        0.270359
     C   23       -0.363274       -0.314473        0.178526
     C   23        0.270359        0.178526       -0.216494

     Cl  24        1.327354        0.601463        1.616666
     Cl  24        0.601463       -0.140722       -1.513656
     Cl  24        1.616666       -1.513656       -1.186632


     NQR/NMR SPECTROSCOPIC PARAMETERS:
     Cl   1    Vxx=   -0.6657    axis=( -0.727244  0.233096  0.645587)
     Cl   1    Vyy=   -2.2672    axis=( -0.548878 -0.762250 -0.343085)
     Cl   1    Vzz=    2.9329    axis=(  0.412127 -0.603855  0.682283)
     Cl   1  Q=        -8.1650 1e-30 m^2  Cq=       -56.2662 MHz  eta= 0.54607

     C    2    Vxx=   -0.1129    axis=(  0.204923  0.727339 -0.654970)
     C    2    Vyy=   -0.6271    axis=(  0.390111  0.553028  0.736189)
     C    2    Vzz=    0.7400    axis=(  0.897675 -0.406373 -0.170415)
     C    2  Q=         1.0000 1e-30 m^2  Cq=         1.7386 MHz  eta= 0.69491

     C    3    Vxx=    0.0966    axis=(  0.148098  0.299837 -0.942425)
     C    3    Vyy=    0.5430    axis=(  0.872064  0.409856  0.267439)
     C    3    Vzz=   -0.6396    axis=( -0.466446  0.861462  0.200778)
     C    3  Q=         1.0000 1e-30 m^2  Cq=        -1.5028 MHz  eta= 0.69788

     H    4    Vxx=   -0.0049    axis=( -0.445458  0.095418  0.890204)
     H    4    Vyy=   -0.3935    axis=( -0.306833  0.917819 -0.251917)
     H    4    Vzz=    0.3984    axis=( -0.841083 -0.385362 -0.379572)
     H    4  Q=         1.0000 1e-30 m^2  Cq=         0.9361 MHz  eta= 0.97517

     C    5    Vxx=   -0.0116    axis=(  0.226373 -0.848185  0.478891)
     C    5    Vyy=   -0.6043    axis=(  0.518821  0.521103  0.677700)
     C    5    Vzz=    0.6159    axis=( -0.824367  0.095046  0.558020)
     C    5  Q=         1.0000 1e-30 m^2  Cq=         1.4471 MHz  eta= 0.96242

     H    6    Vxx=   -0.1372    axis=(  0.720766 -0.457680  0.520601)
     H    6    Vyy=   -0.2073    axis=(  0.590348  0.011679 -0.807064)
     H    6    Vzz=    0.3445    axis=(  0.363297  0.889040  0.278608)
     H    6  Q=         1.0000 1e-30 m^2  Cq=         0.8094 MHz  eta= 0.20359

     H    7    Vxx=    0.0187    axis=(  0.467921 -0.238961 -0.850851)
     H    7    Vyy=    0.6661    axis=(  0.194391 -0.911344  0.362855)
     H    7    Vzz=   -0.6848    axis=( -0.862126 -0.335186 -0.379985)
     H    7  Q=         1.0000 1e-30 m^2  Cq=        -1.6090 MHz  eta= 0.94549

     C    8    Vxx=   -0.0259    axis=( -0.273547  0.722134  0.635369)
     C    8    Vyy=   -0.6356    axis=(  0.307053 -0.560442  0.769171)
     C    8    Vzz=    0.6615    axis=( -0.911532 -0.405496  0.068426)
     C    8  Q=         1.0000 1e-30 m^2  Cq=         1.5542 MHz  eta= 0.92170

     H    9    Vxx=    0.0201    axis=(  0.083653 -0.772924 -0.628960)
     H    9    Vyy=    0.5434    axis=( -0.875433  0.244522 -0.416925)
     H    9    Vzz=   -0.5636    axis=( -0.476046 -0.585489  0.656188)
     H    9  Q=         1.0000 1e-30 m^2  Cq=        -1.3242 MHz  eta= 0.92853

     C   10    Vxx=    0.0332    axis=(  0.250226 -0.750671  0.611457)
     C   10    Vyy=    0.1634    axis=(  0.881001 -0.085377 -0.465347)
     C   10    Vzz=   -0.1966    axis=( -0.401527 -0.655136 -0.639979)
     C   10  Q=         1.0000 1e-30 m^2  Cq=        -0.4619 MHz  eta= 0.66237

     C   11    Vxx=    0.2004    axis=(  0.377318  0.636899  0.672303)
     C   11    Vyy=    0.5200    axis=( -0.760501 -0.201166  0.617390)
     C   11    Vzz=   -0.7204    axis=( -0.528460  0.744239 -0.408459)
     C   11  Q=         1.0000 1e-30 m^2  Cq=        -1.6926 MHz  eta= 0.44374

     Cl  12    Vxx=   -0.5555    axis=( -0.446107 -0.708976 -0.546206)
     Cl  12    Vyy=   -2.3666    axis=(  0.544164 -0.699401  0.463383)
     Cl  12    Vzz=    2.9220    axis=( -0.710545 -0.090507  0.697807)
     Cl  12  Q=        -8.1650 1e-30 m^2  Cq=       -56.0579 MHz  eta= 0.61981

     H   13    Vxx=   -0.0089    axis=( -0.377856  0.630691 -0.677830)
     H   13    Vyy=   -0.6792    axis=( -0.925660 -0.241968  0.290868)
     H   13    Vzz=    0.6881    axis=(  0.019435  0.737346  0.675235)
     H   13  Q=         1.0000 1e-30 m^2  Cq=         1.6168 MHz  eta= 0.97412

     C   14    Vxx=    0.0253    axis=(  0.370433  0.582275  0.723695)
     C   14    Vyy=    0.6825    axis=( -0.822373 -0.156629  0.546964)
     C   14    Vzz=   -0.7077    axis=(  0.431835 -0.797761  0.420827)
     C   14  Q=         1.0000 1e-30 m^2  Cq=        -1.6629 MHz  eta= 0.92862

     H   15    Vxx=   -0.0339    axis=( -0.341373  0.939505  0.028195)
     H   15    Vyy=   -0.7425    axis=( -0.655512 -0.259467  0.709212)
     H   15    Vzz=    0.7764    axis=( -0.673623 -0.223624 -0.704432)
     H   15  Q=         1.0000 1e-30 m^2  Cq=         1.8242 MHz  eta= 0.91278

     C   16    Vxx=   -0.1137    axis=(  0.214676 -0.729362  0.649573)
     C   16    Vyy=   -0.3697    axis=( -0.522256 -0.647734 -0.554698)
     C   16    Vzz=    0.4834    axis=( -0.825326  0.220163  0.519966)
     C   16  Q=         1.0000 1e-30 m^2  Cq=         1.1359 MHz  eta= 0.52942

     C   17    Vxx=   -0.0821    axis=(  0.235872  0.803245  0.546957)
     C   17    Vyy=   -0.3759    axis=( -0.679656  0.538638 -0.497932)
     C   17    Vzz=    0.4580    axis=( -0.694573 -0.254295  0.672980)
     C   17  Q=         1.0000 1e-30 m^2  Cq=         1.0762 MHz  eta= 0.64147

     Cl  18    Vxx=   -1.2560    axis=( -0.013766 -0.540015  0.841543)
     Cl  18    Vyy=   -3.0819    axis=( -0.558275 -0.694076 -0.454519)
     Cl  18    Vzz=    4.3379    axis=(  0.829542 -0.476069 -0.291922)
     Cl  18  Q=        -8.1650 1e-30 m^2  Cq=       -83.2208 MHz  eta= 0.42093

     H   19    Vxx=   -0.0369    axis=(  0.973522 -0.099629  0.205738)
     H   19    Vyy=   -0.5233    axis=( -0.104845  0.605167  0.789164)
     H   19    Vzz=    0.5602    axis=( -0.203130 -0.789840  0.578698)
     H   19  Q=         1.0000 1e-30 m^2  Cq=         1.3162 MHz  eta= 0.86822

     C   20    Vxx=   -0.2004    axis=( -0.712786  0.407899 -0.570573)
     C   20    Vyy=   -0.2592    axis=( -0.527577 -0.847855  0.052948)
     C   20    Vzz=    0.4597    axis=( -0.462166  0.338762  0.819538)
     C   20  Q=         1.0000 1e-30 m^2  Cq=         1.0800 MHz  eta= 0.12785

     H   21    Vxx=   -0.0736    axis=( -0.659477  0.158094  0.734913)
     H   21    Vyy=   -0.3921    axis=( -0.041668 -0.983820  0.174248)
     H   21    Vzz=    0.4657    axis=(  0.750569  0.084290  0.655394)
     H   21  Q=         1.0000 1e-30 m^2  Cq=         1.0942 MHz  eta= 0.68404

     C   22    Vxx=   -0.0492    axis=(  0.346068  0.390621 -0.853025)
     C   22    Vyy=   -0.4931    axis=(  0.873400  0.197925  0.444969)
     C   22    Vzz=    0.5422    axis=(  0.342650 -0.899022 -0.272673)
     C   22  Q=         1.0000 1e-30 m^2  Cq=         1.2741 MHz  eta= 0.81867

     C   23    Vxx=   -0.0804    axis=( -0.004543 -0.601937 -0.798531)
     C   23    Vyy=   -0.6276    axis=(  0.364033  0.742751 -0.561961)
     C   23    Vzz=    0.7080    axis=( -0.931375  0.293245 -0.215750)
     C   23  Q=         1.0000 1e-30 m^2  Cq=         1.6635 MHz  eta= 0.77293

     Cl  24    Vxx=    0.7978    axis=( -0.294261 -0.860230  0.416432)
     Cl  24    Vyy=    2.1278    axis=(  0.881932 -0.076521  0.465124)
     Cl  24    Vzz=   -2.9256    axis=( -0.368248  0.504133  0.781181)
     Cl  24  Q=        -8.1650 1e-30 m^2  Cq=        56.1254 MHz  eta= 0.45462

     Initialization:
     gipaw_setup  :      9.14s CPU     11.16s WALL (       1 calls)

     Linear response

     Apply operators

     Induced current

     Other routines
     efg          :      9.42s CPU     12.01s WALL (       1 calls)

     General routines
     calbec       :      3.24s CPU      4.18s WALL (      16 calls)
     fft          :      1.82s CPU      2.92s WALL (      15 calls)
     ffts         :      0.04s CPU      0.04s WALL (       2 calls)
     fftw         :      3.39s CPU      4.41s WALL (     672 calls)
     davcio       :      0.02s CPU      0.32s WALL (      32 calls)

     Parallel routines
     fft_scatter  :      2.54s CPU      4.46s WALL (     689 calls)

     Plugins

     GIPAW        :     61.10s CPU     73.67s WALL (       1 calls)
