
     Program QE v.6.0 (svn rev. 13079) starts on 19Jan2017 at 22:16:45 

     This program is part of the open-source Quantum ESPRESSO suite
     for quantum simulation of materials; please cite
         "P. Giannozzi et al., J. Phys.:Condens. Matter 21 395502 (2009);
          URL http://www.quantum-espresso.org", 
     in publications or presentations arising from this work. More details at
     http://www.quantum-espresso.org/quote

     Parallel version (MPI), running on     8 processors
     R & G space division:  proc/nbgrp/npool/nimage =       8

     ***** This is GIPAW svn revision unknown      *****

     Parallelizing q-star over 1 images

     Reading data from directory:
     /users/majewski/paradichlorobenzene/pbe/9_constraint/scratch/pbe.ecut100.np8.dt60.pcl2phi-129368.save
     Message from routine read_xml_file:
     file /users/majewski/paradichlorobenzene/pbe/9_constraint/scratch/pbe.ecut100.np8.dt60.pcl2phi-129368.save not guaranteed to be safe for post-processing

   Info: using nr1, nr2, nr3 values from input

   Info: using nr1, nr2, nr3 values from input

     IMPORTANT: XC functional enforced from input :
     Exchange-correlation      =  SLA  PW   PBX  PBC ( 1  4  3  4 0 0)
     Any further DFT definition will be discarded
     Please, verify this is what you really want

               file C.pbe-n-kjpaw_psl.1.0.0.UPF: wavefunction(s)  2S 2P renormalized
               file Cl.pbe-n-kjpaw_psl.1.0.0.UPF: wavefunction(s)  3S 3P renormalized
               file H.pbe-kjpaw_psl.1.0.0.UPF: wavefunction(s)  1S renormalized

     Parallelization info
     --------------------
     sticks:   dense  smooth     PW     G-vecs:    dense   smooth      PW
     Min        3057    1223    332               144436    36536    5170
     Max        3059    1225    333               144437    36537    5171
     Sum       24467    9791   2657              1155489   292295   41363


     Subspace diagonalization in iterative solution of the eigenvalue problem:
     a serial algorithm will be used

     GIPAW projectors -----------------------------------------------
     atom=  C    l=0  rc=    1.2000  rs=    0.8000
     atom=  C    l=0  rc=    1.2000  rs=    0.8000
     atom=  C    l=1  rc=    1.4000  rs=    0.9333
     atom=  C    l=1  rc=    1.4000  rs=    0.9333
     projs nearly linearly dependent: l=1  n1,n2= 1, 2  s=  0.99951561

     atom=  Cl   l=0  rc=    1.6000  rs=    1.0667
     atom=  Cl   l=0  rc=    1.6000  rs=    1.0667
     atom=  Cl   l=1  rc=    1.6000  rs=    1.0667
     atom=  Cl   l=1  rc=    1.6000  rs=    1.0667
     atom=  Cl   l=2  rc=    1.6000  rs=    1.0667
     atom=  Cl   l=2  rc=    1.6000  rs=    1.0667
     projs nearly linearly dependent: l=2  n1,n2= 1, 2  s=  0.99993509

     atom=  H    l=0  rc=    1.0000  rs=    0.6667
     atom=  H    l=0  rc=    1.0000  rs=    0.6667
     projs nearly linearly dependent: l=0  n1,n2= 1, 2  s=  0.99968852
     -----------------------------------------------------------------

     GIPAW integrals: -------------------------------------------
     Atom  i/j   nmr_para   nmr_dia   epr_rmc  epr_para   epr_dia
       C   1 1   0.83E+03  0.17E-01  0.93E+01  0.24E+08  0.24E+03
       C   2 1   0.86E+03 -0.61E-01  0.94E+01  0.25E+08  0.25E+03
       C   2 2   0.90E+03 -0.15E+00  0.97E+01  0.26E+08  0.26E+03
       C   3 3   0.33E+01  0.34E+00  0.18E+01  0.55E+03  0.21E+02
       C   4 3   0.35E+01  0.37E+00  0.20E+01  0.59E+03  0.22E+02
       C   4 4   0.38E+01  0.39E+00  0.22E+01  0.63E+03  0.24E+02
       Cl  1 1   0.14E+04 -0.47E+00  0.84E+01  0.32E+09  0.42E+03
       Cl  2 1   0.21E+04 -0.37E+00  0.12E+02  0.49E+09  0.65E+03
       Cl  2 2   0.33E+04 -0.16E+00  0.21E+02  0.76E+09  0.10E+04
       Cl  3 3   0.21E+02  0.79E-01  0.89E+01  0.23E+05  0.13E+03
       Cl  4 3   0.24E+02  0.67E-01  0.99E+01  0.27E+05  0.15E+03
       Cl  4 4   0.28E+02  0.44E-01  0.11E+02  0.32E+05  0.18E+03
       Cl  5 5   0.77E+00  0.19E+00  0.18E+01  0.12E+03  0.22E+02
       Cl  6 5   0.80E+00  0.19E+00  0.19E+01  0.12E+03  0.23E+02
       Cl  6 6   0.83E+00  0.20E+00  0.19E+01  0.12E+03  0.23E+02
       H   1 1   0.39E+02  0.19E+00  0.29E+00  0.78E+05  0.13E+02
       H   2 1   0.41E+02  0.21E+00  0.32E+00  0.82E+05  0.14E+02
       H   2 2   0.43E+02  0.22E+00  0.36E+00  0.86E+05  0.15E+02
     ------------------------------------------------------------

     alpha_pv=     34.4039 eV

     Number of occupied bands for each k-point:
     k-point:     1    nbnd_occ=  42
     k-point:     2    nbnd_occ=  42
     k-point:     3    nbnd_occ=  42
     k-point:     4    nbnd_occ=  42
     k-point:     5    nbnd_occ=  42
     k-point:     6    nbnd_occ=  42
     k-point:     7    nbnd_occ=  42
     k-point:     8    nbnd_occ=  42
     k-point:     9    nbnd_occ=  42
     k-point:    10    nbnd_occ=  42
     k-point:    11    nbnd_occ=  42
     k-point:    12    nbnd_occ=  42
     k-point:    13    nbnd_occ=  42
     k-point:    14    nbnd_occ=  42
     k-point:    15    nbnd_occ=  42
     k-point:    16    nbnd_occ=  42


     q-space interpolation up to   110.00 Rydberg

     GIPAW job: efg                                                                             


     ELECTRIC FIELD GRADIENTS TENSORS IN Hartree/bohrradius^2:

     ----- bare term -----
     Cl   1        0.048188        0.058480       -0.002997
     Cl   1        0.058480       -0.002465        0.021237
     Cl   1       -0.002997        0.021237       -0.045723

     C    2       -0.713733        0.430493       -0.340882
     C    2        0.430493        0.350451       -0.134757
     C    2       -0.340882       -0.134757        0.363281

     C    3        0.246518        0.067421       -0.128307
     C    3        0.067421       -0.135436       -0.427328
     C    3       -0.128307       -0.427328       -0.111081

     H    4        0.027360        0.184804       -0.437190
     H    4        0.184804       -0.050856        0.162213
     H    4       -0.437190        0.162213        0.023496

     C    5       -0.565731        0.282063       -0.126296
     C    5        0.282063        0.270445       -0.047493
     C    5       -0.126296       -0.047493        0.295286

     H    6        0.517060       -0.014716        0.102622
     H    6       -0.014716        0.024614       -0.155322
     H    6        0.102622       -0.155322       -0.541675

     H    7        0.450630        0.144783       -0.060309
     H    7        0.144783       -0.602318        0.551189
     H    7       -0.060309        0.551189        0.151689

     C    8       -0.017404       -0.139351       -0.109038
     C    8       -0.139351       -0.066817        0.403738
     C    8       -0.109038        0.403738        0.084221

     H    9       -0.233925        0.460790        0.046002
     H    9        0.460790       -0.080972       -0.149649
     H    9        0.046002       -0.149649        0.314898

     C   10       -0.418233       -0.206032       -0.094520
     C   10       -0.206032        0.085448        0.118145
     C   10       -0.094520        0.118145        0.332784

     C   11       -0.027872        0.017595       -0.212959
     C   11        0.017595        0.020168        0.612246
     C   11       -0.212959        0.612246        0.007704

     Cl  12       -0.039352       -0.220251        0.037635
     Cl  12       -0.220251       -0.071105       -0.178761
     Cl  12        0.037635       -0.178761        0.110457

     H   13        0.355847        0.143617        0.181400
     H   13        0.143617       -0.275051       -0.617599
     H   13        0.181400       -0.617599       -0.080796

     C   14       -0.160304        0.063498       -0.275375
     C   14        0.063498       -0.202205       -0.316700
     C   14       -0.275375       -0.316700        0.362509

     H   15       -0.230010       -0.173636       -0.542668
     H   15       -0.173636        0.375902       -0.182634
     H   15       -0.542668       -0.182634       -0.145891

     C   16       -0.565141        0.343333       -0.366537
     C   16        0.343333        0.076539       -0.120566
     C   16       -0.366537       -0.120566        0.488602

     C   17       -0.028346       -0.200950       -0.342582
     C   17       -0.200950        0.052163       -0.698048
     C   17       -0.342582       -0.698048       -0.023816

     Cl  18       -0.271043        0.265555       -0.010424
     Cl  18        0.265555        0.149594       -0.140054
     Cl  18       -0.010424       -0.140054        0.121449

     H   19        0.096302       -0.057003       -0.218690
     H   19       -0.057003       -0.365909        0.551695
     H   19       -0.218690        0.551695        0.269607

     C   20       -0.842954       -0.332913       -0.422190
     C   20       -0.332913        0.387311        0.009099
     C   20       -0.422190        0.009099        0.455643

     H   21       -0.549641       -0.048180        0.121311
     H   21       -0.048180        0.283544        0.317103
     H   21        0.121311        0.317103        0.266097

     C   22        0.104454        0.049120       -0.179460
     C   22        0.049120       -0.443642        0.456469
     C   22       -0.179460        0.456469        0.339188

     C   23       -0.825123       -0.423764       -0.346221
     C   23       -0.423764        0.320430       -0.003114
     C   23       -0.346221       -0.003114        0.504693

     Cl  24        0.074947       -0.046922        0.116323
     Cl  24       -0.046922       -0.013721        0.141283
     Cl  24        0.116323        0.141283       -0.061226

     ----- ionic term -----
     Cl   1        0.125759       -0.247676        0.005665
     Cl   1       -0.247676        0.028194        0.006355
     Cl   1        0.005665        0.006355       -0.153954

     C    2        0.123133       -0.306882        0.251886
     C    2       -0.306882        0.024544        0.399626
     C    2        0.251886        0.399626       -0.147677

     C    3        0.143835       -0.322814        0.176502
     C    3       -0.322814        0.038717        0.379312
     C    3        0.176502        0.379312       -0.182552

     H    4        0.615256        0.104325        0.702505
     H    4        0.104325       -0.491251        0.140891
     H    4        0.702505        0.140891       -0.124005

     C    5        0.229342       -0.265061        0.295194
     C    5       -0.265061       -0.063698        0.306449
     C    5        0.295194        0.306449       -0.165644

     H    6       -0.532556       -0.000292        0.013729
     H    6       -0.000292        0.450616        0.801931
     H    6        0.013729        0.801931        0.081940

     H    7       -0.520199       -0.033777        0.016018
     H    7       -0.033777        0.447184       -0.796291
     H    7        0.016018       -0.796291        0.073015

     C    8        0.344333        0.127809        0.099044
     C    8        0.127809        0.008730       -0.346101
     C    8        0.099044       -0.346101       -0.353064

     H    9        0.797811       -0.456786        0.388205
     H    9       -0.456786       -0.335496       -0.210522
     H    9        0.388205       -0.210522       -0.462315

     C   10        0.226177        0.147314        0.044383
     C   10        0.147314        0.159787       -0.389209
     C   10        0.044383       -0.389209       -0.385965

     C   11        0.358675        0.134006        0.090146
     C   11        0.134006        0.078205       -0.359869
     C   11        0.090146       -0.359869       -0.436879

     Cl  12        0.150569        0.200092       -0.031094
     Cl  12        0.200092        0.007324       -0.033462
     Cl  12       -0.031094       -0.033462       -0.157893

     H   13       -0.514902       -0.070402       -0.009129
     H   13       -0.070402        0.563051        0.754084
     H   13       -0.009129        0.754084       -0.048149

     C   14        0.227765       -0.332072        0.236235
     C   14       -0.332072        0.010428        0.285312
     C   14        0.236235        0.285312       -0.238193

     H   15        0.664868        0.135467        0.686071
     H   15        0.135467       -0.540596        0.164670
     H   15        0.686071        0.164670       -0.124271

     C   16        0.139129       -0.323612        0.178834
     C   16       -0.323612        0.054838        0.414155
     C   16        0.178834        0.414155       -0.193967

     C   17        0.149892       -0.223902        0.298413
     C   17       -0.223902       -0.050112        0.447436
     C   17        0.298413        0.447436       -0.099780

     Cl  18        0.140972       -0.195261       -0.007382
     Cl  18       -0.195261       -0.002957        0.019743
     Cl  18       -0.007382        0.019743       -0.138015

     H   19       -0.475362       -0.230174        0.141057
     H   19       -0.230174        0.568836       -0.737265
     H   19        0.141057       -0.737265       -0.093474

     C   20        0.395295        0.102764        0.099574
     C   20        0.102764        0.037136       -0.317361
     C   20        0.099574       -0.317361       -0.432431

     H   21        0.874060       -0.329698        0.421714
     H   21       -0.329698       -0.403343       -0.167476
     H   21        0.421714       -0.167476       -0.470717

     C   22        0.229375        0.178722        0.061559
     C   22        0.178722        0.199567       -0.388999
     C   22        0.061559       -0.388999       -0.428942

     C   23        0.266865        0.058014        0.142525
     C   23        0.058014        0.137198       -0.397823
     C   23        0.142525       -0.397823       -0.404063

     Cl  24        0.143584        0.206893       -0.027052
     Cl  24        0.206893       -0.014503       -0.022380
     Cl  24       -0.027052       -0.022380       -0.129080

     ----- GIPAW term -----
     Cl   1       -0.003195       -0.439226        0.080170
     Cl   1       -0.439226        2.539797        0.548025
     Cl   1        0.080170        0.548025       -2.536603

     C    2       -0.172427       -0.027834       -0.038143
     C    2       -0.027834        0.297859        0.026722
     C    2       -0.038143        0.026722       -0.125433

     C    3       -0.031305       -0.000516       -0.009529
     C    3       -0.000516        0.115628       -0.053919
     C    3       -0.009529       -0.053919       -0.084324

     H    4       -0.000000        0.000000        0.000000
     H    4        0.000000        0.000000        0.000000
     H    4        0.000000        0.000000        0.000000

     C    5       -0.104095       -0.000875        0.008821
     C    5       -0.000875        0.120972       -0.042107
     C    5        0.008821       -0.042107       -0.016877

     H    6       -0.000000        0.000000        0.000000
     H    6        0.000000        0.000000        0.000000
     H    6        0.000000        0.000000        0.000000

     H    7       -0.000000        0.000000        0.000000
     H    7        0.000000        0.000000        0.000000
     H    7        0.000000        0.000000        0.000000

     C    8       -0.072448       -0.087410        0.009968
     C    8       -0.087410        0.213872        0.042079
     C    8        0.009968        0.042079       -0.141425

     H    9       -0.000000        0.000000        0.000000
     H    9        0.000000        0.000000        0.000000
     H    9        0.000000        0.000000        0.000000

     C   10       -0.102488       -0.049165       -0.032614
     C   10       -0.049165        0.116346        0.071289
     C   10       -0.032614        0.071289       -0.013858

     C   11       -0.049443        0.006330       -0.055852
     C   11        0.006330        0.126121        0.183417
     C   11       -0.055852        0.183417       -0.076678

     Cl  12       -0.807663        0.009385       -0.449062
     Cl  12        0.009385        0.606445        1.686236
     Cl  12       -0.449062        1.686236        0.201219

     H   13       -0.000000        0.000000        0.000000
     H   13        0.000000        0.000000        0.000000
     H   13        0.000000        0.000000        0.000000

     C   14       -0.100353       -0.031281       -0.059051
     C   14       -0.031281        0.012664        0.104489
     C   14       -0.059051        0.104489        0.087690

     H   15       -0.000000        0.000000        0.000000
     H   15        0.000000        0.000000        0.000000
     H   15        0.000000        0.000000        0.000000

     C   16       -0.182880       -0.023413       -0.132570
     C   16       -0.023413        0.090242        0.129855
     C   16       -0.132570        0.129855        0.092638

     C   17       -0.051924       -0.158373       -0.044285
     C   17       -0.158373        0.244503       -0.118379
     C   17       -0.044285       -0.118379       -0.192579

     Cl  18       -0.907372       -0.592912       -0.269801
     Cl  18       -0.592912        2.073613       -1.758662
     Cl  18       -0.269801       -1.758662       -1.166241

     H   19       -0.000000        0.000000        0.000000
     H   19        0.000000        0.000000        0.000000
     H   19        0.000000        0.000000        0.000000

     C   20       -0.185084        0.088389       -0.089792
     C   20        0.088389        0.227716       -0.148509
     C   20       -0.089792       -0.148509       -0.042632

     H   21       -0.000000        0.000000        0.000000
     H   21        0.000000        0.000000        0.000000
     H   21        0.000000        0.000000        0.000000

     C   22       -0.084192        0.087669       -0.061992
     C   22        0.087669        0.021339       -0.154422
     C   22       -0.061992       -0.154422        0.062853

     C   23       -0.177316       -0.009651       -0.021658
     C   23       -0.009651        0.161268       -0.184149
     C   23       -0.021658       -0.184149        0.016047

     Cl  24       -0.395969        1.406306       -0.140597
     Cl  24        1.406306       -0.412473       -1.422148
     Cl  24       -0.140597       -1.422148        0.808443

     ----- total EFG -----
     Cl   1        0.170753       -0.628422        0.082838
     Cl   1       -0.628422        2.565526        0.575617
     Cl   1        0.082838        0.575617       -2.736279

     C    2       -0.763026        0.095778       -0.127140
     C    2        0.095778        0.672854        0.291591
     C    2       -0.127140        0.291591        0.090172

     C    3        0.359049       -0.255909        0.038666
     C    3       -0.255909        0.018909       -0.101935
     C    3        0.038666       -0.101935       -0.377958

     H    4        0.642616        0.289129        0.265315
     H    4        0.289129       -0.542107        0.303104
     H    4        0.265315        0.303104       -0.100509

     C    5       -0.440484        0.016127        0.177719
     C    5        0.016127        0.327719        0.216849
     C    5        0.177719        0.216849        0.112765

     H    6       -0.015496       -0.015008        0.116351
     H    6       -0.015008        0.475231        0.646609
     H    6        0.116351        0.646609       -0.459735

     H    7       -0.069570        0.111006       -0.044291
     H    7        0.111006       -0.155134       -0.245102
     H    7       -0.044291       -0.245102        0.224704

     C    8        0.254482       -0.098952       -0.000026
     C    8       -0.098952        0.155786        0.099716
     C    8       -0.000026        0.099716       -0.410268

     H    9        0.563886        0.004004        0.434207
     H    9        0.004004       -0.416468       -0.360171
     H    9        0.434207       -0.360171       -0.147417

     C   10       -0.294543       -0.107883       -0.082750
     C   10       -0.107883        0.361582       -0.199775
     C   10       -0.082750       -0.199775       -0.067039

     C   11        0.281360        0.157931       -0.178665
     C   11        0.157931        0.224493        0.435794
     C   11       -0.178665        0.435794       -0.505853

     Cl  12       -0.696446       -0.010774       -0.442521
     Cl  12       -0.010774        0.542663        1.474014
     Cl  12       -0.442521        1.474014        0.153783

     H   13       -0.159055        0.073215        0.172271
     H   13        0.073215        0.288001        0.136485
     H   13        0.172271        0.136485       -0.128945

     C   14       -0.032893       -0.299855       -0.098191
     C   14       -0.299855       -0.179113        0.073102
     C   14       -0.098191        0.073102        0.212006

     H   15        0.434857       -0.038169        0.143403
     H   15       -0.038169       -0.164694       -0.017964
     H   15        0.143403       -0.017964       -0.270163

     C   16       -0.608892       -0.003691       -0.320273
     C   16       -0.003691        0.221619        0.423444
     C   16       -0.320273        0.423444        0.387273

     C   17        0.069621       -0.583226       -0.088454
     C   17       -0.583226        0.246554       -0.368991
     C   17       -0.088454       -0.368991       -0.316176

     Cl  18       -1.037443       -0.522618       -0.287606
     Cl  18       -0.522618        2.220250       -1.878973
     Cl  18       -0.287606       -1.878973       -1.182806

     H   19       -0.379061       -0.287177       -0.077633
     H   19       -0.287177        0.202928       -0.185570
     H   19       -0.077633       -0.185570        0.176133

     C   20       -0.632743       -0.141760       -0.412407
     C   20       -0.141760        0.652162       -0.456771
     C   20       -0.412407       -0.456771       -0.019419

     H   21        0.324419       -0.377878        0.543024
     H   21       -0.377878       -0.119799        0.149627
     H   21        0.543024        0.149627       -0.204620

     C   22        0.249637        0.315511       -0.179892
     C   22        0.315511       -0.222736       -0.086952
     C   22       -0.179892       -0.086952       -0.026901

     C   23       -0.735574       -0.375401       -0.225354
     C   23       -0.375401        0.618896       -0.585087
     C   23       -0.225354       -0.585087        0.116677

     Cl  24       -0.177438        1.566277       -0.051325
     Cl  24        1.566277       -0.440698       -1.303245
     Cl  24       -0.051325       -1.303245        0.618136

     ----- total EFG (symmetrized) -----
     Cl   1        0.170753       -0.628422        0.082838
     Cl   1       -0.628422        2.565526        0.575617
     Cl   1        0.082838        0.575617       -2.736279

     C    2       -0.763026        0.095778       -0.127140
     C    2        0.095778        0.672854        0.291591
     C    2       -0.127140        0.291591        0.090172

     C    3        0.359049       -0.255909        0.038666
     C    3       -0.255909        0.018909       -0.101935
     C    3        0.038666       -0.101935       -0.377958

     H    4        0.642616        0.289129        0.265315
     H    4        0.289129       -0.542107        0.303104
     H    4        0.265315        0.303104       -0.100509

     C    5       -0.440484        0.016127        0.177719
     C    5        0.016127        0.327719        0.216849
     C    5        0.177719        0.216849        0.112765

     H    6       -0.015496       -0.015008        0.116351
     H    6       -0.015008        0.475231        0.646609
     H    6        0.116351        0.646609       -0.459735

     H    7       -0.069570        0.111006       -0.044291
     H    7        0.111006       -0.155134       -0.245102
     H    7       -0.044291       -0.245102        0.224704

     C    8        0.254482       -0.098952       -0.000026
     C    8       -0.098952        0.155786        0.099716
     C    8       -0.000026        0.099716       -0.410268

     H    9        0.563886        0.004004        0.434207
     H    9        0.004004       -0.416468       -0.360171
     H    9        0.434207       -0.360171       -0.147417

     C   10       -0.294543       -0.107883       -0.082750
     C   10       -0.107883        0.361582       -0.199775
     C   10       -0.082750       -0.199775       -0.067039

     C   11        0.281360        0.157931       -0.178665
     C   11        0.157931        0.224493        0.435794
     C   11       -0.178665        0.435794       -0.505853

     Cl  12       -0.696446       -0.010774       -0.442521
     Cl  12       -0.010774        0.542663        1.474014
     Cl  12       -0.442521        1.474014        0.153783

     H   13       -0.159055        0.073215        0.172271
     H   13        0.073215        0.288001        0.136485
     H   13        0.172271        0.136485       -0.128945

     C   14       -0.032893       -0.299855       -0.098191
     C   14       -0.299855       -0.179113        0.073102
     C   14       -0.098191        0.073102        0.212006

     H   15        0.434857       -0.038169        0.143403
     H   15       -0.038169       -0.164694       -0.017964
     H   15        0.143403       -0.017964       -0.270163

     C   16       -0.608892       -0.003691       -0.320273
     C   16       -0.003691        0.221619        0.423444
     C   16       -0.320273        0.423444        0.387273

     C   17        0.069621       -0.583226       -0.088454
     C   17       -0.583226        0.246554       -0.368991
     C   17       -0.088454       -0.368991       -0.316176

     Cl  18       -1.037443       -0.522618       -0.287606
     Cl  18       -0.522618        2.220250       -1.878973
     Cl  18       -0.287606       -1.878973       -1.182806

     H   19       -0.379061       -0.287177       -0.077633
     H   19       -0.287177        0.202928       -0.185570
     H   19       -0.077633       -0.185570        0.176133

     C   20       -0.632743       -0.141760       -0.412407
     C   20       -0.141760        0.652162       -0.456771
     C   20       -0.412407       -0.456771       -0.019419

     H   21        0.324419       -0.377878        0.543024
     H   21       -0.377878       -0.119799        0.149627
     H   21        0.543024        0.149627       -0.204620

     C   22        0.249637        0.315511       -0.179892
     C   22        0.315511       -0.222736       -0.086952
     C   22       -0.179892       -0.086952       -0.026901

     C   23       -0.735574       -0.375401       -0.225354
     C   23       -0.375401        0.618896       -0.585087
     C   23       -0.225354       -0.585087        0.116677

     Cl  24       -0.177438        1.566277       -0.051325
     Cl  24        1.566277       -0.440698       -1.303245
     Cl  24       -0.051325       -1.303245        0.618136


     NQR/NMR SPECTROSCOPIC PARAMETERS:
     Cl   1    Vxx=    0.0324    axis=(  0.971680  0.223874  0.075616)
     Cl   1    Vyy=    2.7733    axis=( -0.230655  0.968121  0.097677)
     Cl   1    Vzz=   -2.8057    axis=( -0.051338 -0.112352  0.992341)
     Cl   1  Q=        -8.1650 1e-30 m^2  Cq=        53.8266 MHz  eta= 0.97690

     C    2    Vxx=    0.0004    axis=( -0.197396 -0.366180  0.909366)
     C    2    Vyy=    0.7947    axis=(  0.026021  0.925334  0.378258)
     C    2    Vzz=   -0.7951    axis=( -0.979978  0.098329 -0.173129)
     C    2  Q=         1.0000 1e-30 m^2  Cq=        -1.8682 MHz  eta= 0.99911

     C    3    Vxx=   -0.1005    axis=(  0.487572  0.839319 -0.240452)
     C    3    Vyy=   -0.4034    axis=(  0.036739  0.255439  0.966127)
     C    3    Vzz=    0.5040    axis=(  0.872310 -0.479890  0.093710)
     C    3  Q=         1.0000 1e-30 m^2  Cq=         1.1842 MHz  eta= 0.60099

     H    4    Vxx=   -0.1169    axis=( -0.418862  0.320742  0.849517)
     H    4    Vyy=   -0.7123    axis=( -0.115617  0.909088 -0.400240)
     H    4    Vzz=    0.8292    axis=( -0.900660 -0.265864 -0.343699)
     H    4  Q=         1.0000 1e-30 m^2  Cq=         1.9483 MHz  eta= 0.71808

     C    5    Vxx=    0.0200    axis=( -0.280451  0.562653 -0.777669)
     C    5    Vyy=    0.4754    axis=(  0.121743  0.824491  0.552624)
     C    5    Vzz=   -0.4954    axis=( -0.952117 -0.060308  0.299728)
     C    5  Q=         1.0000 1e-30 m^2  Cq=        -1.1640 MHz  eta= 0.91941

     H    6    Vxx=   -0.0020    axis=(  0.989162 -0.106232  0.101358)
     H    6    Vyy=   -0.8056    axis=( -0.138594 -0.447606  0.883425)
     H    6    Vzz=    0.8076    axis=( -0.048480 -0.887898 -0.457478)
     H    6  Q=         1.0000 1e-30 m^2  Cq=         1.8975 MHz  eta= 0.99514

     H    7    Vxx=   -0.0593    axis=(  0.918302  0.217370  0.330864)
     H    7    Vyy=   -0.3042    axis=( -0.338644  0.864195  0.372138)
     H    7    Vzz=    0.3634    axis=( -0.205040 -0.453781  0.867204)
     H    7  Q=         1.0000 1e-30 m^2  Cq=         0.8539 MHz  eta= 0.67393

     C    8    Vxx=    0.1081    axis=(  0.553024  0.818169  0.157365)
     C    8    Vyy=    0.3197    axis=(  0.832791 -0.548490 -0.074960)
     C    8    Vzz=   -0.4277    axis=( -0.024983 -0.172507  0.984691)
     C    8  Q=         1.0000 1e-30 m^2  Cq=        -1.0050 MHz  eta= 0.49464

     H    9    Vxx=   -0.0679    axis=( -0.426447 -0.652368  0.626545)
     H    9    Vyy=   -0.7219    axis=(  0.215158 -0.745968 -0.630269)
     H    9    Vzz=    0.7899    axis=(  0.878550 -0.133970  0.458478)
     H    9  Q=         1.0000 1e-30 m^2  Cq=         1.8559 MHz  eta= 0.82798

     C   10    Vxx=   -0.0840    axis=( -0.467259  0.265046  0.843457)
     C   10    Vyy=   -0.3631    axis=(  0.878783  0.243899  0.410187)
     C   10    Vzz=    0.4471    axis=( -0.097000  0.932879 -0.346882)
     C   10  Q=         1.0000 1e-30 m^2  Cq=         1.0505 MHz  eta= 0.62435

     C   11    Vxx=    0.2981    axis=(  0.869568 -0.326675 -0.370318)
     C   11    Vyy=    0.4616    axis=( -0.444405 -0.844658 -0.298424)
     C   11    Vzz=   -0.7597    axis=(  0.215304 -0.424071  0.879664)
     C   11  Q=         1.0000 1e-30 m^2  Cq=        -1.7849 MHz  eta= 0.21514

     Cl  12    Vxx=   -0.5530    axis=(  0.868735  0.400512 -0.291359)
     Cl  12    Vyy=   -1.3175    axis=( -0.481114  0.542742 -0.688448)
     Cl  12    Vzz=    1.8705    axis=(  0.117599 -0.738255 -0.664191)
     Cl  12  Q=        -8.1650 1e-30 m^2  Cq=       -35.8849 MHz  eta= 0.40872

     H   13    Vxx=   -0.0389    axis=(  0.656384 -0.411121  0.632566)
     H   13    Vyy=   -0.3196    axis=(  0.714661  0.070210 -0.695938)
     H   13    Vzz=    0.3585    axis=(  0.241702  0.908873  0.339897)
     H   13  Q=         1.0000 1e-30 m^2  Cq=         0.8424 MHz  eta= 0.78303

     C   14    Vxx=    0.0849    axis=( -0.563915  0.448529 -0.693413)
     C   14    Vyy=    0.3298    axis=( -0.547210  0.425924  0.720521)
     C   14    Vzz=   -0.4147    axis=( -0.618516 -0.785755 -0.005255)
     C   14  Q=         1.0000 1e-30 m^2  Cq=        -0.9743 MHz  eta= 0.59066

     H   15    Vxx=   -0.1665    axis=(  0.078396  0.994867 -0.063979)
     H   15    Vyy=   -0.2990    axis=( -0.187302  0.077733  0.979222)
     H   15    Vzz=    0.4656    axis=(  0.979169 -0.064784  0.192435)
     H   15  Q=         1.0000 1e-30 m^2  Cq=         1.0939 MHz  eta= 0.28454

     C   16    Vxx=   -0.0625    axis=( -0.304642 -0.792153  0.528855)
     C   16    Vyy=   -0.7197    axis=( -0.934901  0.142547 -0.325024)
     C   16    Vzz=    0.7822    axis=( -0.182082  0.593442  0.784010)
     C   16  Q=         1.0000 1e-30 m^2  Cq=         1.8378 MHz  eta= 0.84019

     C   17    Vxx=   -0.0943    axis=(  0.626107  0.286023 -0.725384)
     C   17    Vyy=   -0.7013    axis=(  0.501938  0.564067  0.655657)
     C   17    Vzz=    0.7957    axis=( -0.596698  0.774609 -0.209601)
     C   17  Q=         1.0000 1e-30 m^2  Cq=         1.8695 MHz  eta= 0.76289

     Cl  18    Vxx=   -0.8734    axis=(  0.920157 -0.077647 -0.383774)
     Cl  18    Vyy=   -2.2122    axis=(  0.381490  0.398542  0.834044)
     Cl  18    Vzz=    3.0856    axis=(  0.088189 -0.913857  0.396342)
     Cl  18  Q=        -8.1650 1e-30 m^2  Cq=       -59.1957 MHz  eta= 0.43389

     H   19    Vxx=    0.1123    axis=( -0.385310  0.440048  0.811107)
     H   19    Vyy=    0.4144    axis=(  0.236814 -0.802384  0.547812)
     H   19    Vzz=   -0.5267    axis=( -0.891883 -0.403160 -0.204957)
     H   19  Q=         1.0000 1e-30 m^2  Cq=        -1.2376 MHz  eta= 0.57345

     C   20    Vxx=    0.0295    axis=(  0.543554 -0.412500 -0.731022)
     C   20    Vyy=    0.8859    axis=( -0.044035 -0.883727  0.465926)
     C   20    Vzz=   -0.9154    axis=(  0.838218  0.221066  0.498518)
     C   20  Q=         1.0000 1e-30 m^2  Cq=        -2.1508 MHz  eta= 0.93559

     H   21    Vxx=   -0.0071    axis=(  0.014962 -0.816421 -0.577263)
     H   21    Vyy=   -0.7318    axis=( -0.530761 -0.495761  0.687397)
     H   21    Vzz=    0.7389    axis=( -0.847390  0.296104 -0.440742)
     H   21  Q=         1.0000 1e-30 m^2  Cq=         1.7361 MHz  eta= 0.98084

     C   22    Vxx=   -0.1048    axis=(  0.320671  0.170970  0.931633)
     C   22    Vyy=   -0.3807    axis=( -0.449668  0.893149 -0.009130)
     C   22    Vzz=    0.4855    axis=( -0.833648 -0.415998  0.363286)
     C   22  Q=         1.0000 1e-30 m^2  Cq=         1.1407 MHz  eta= 0.56835

     C   23    Vxx=   -0.0518    axis=(  0.480114 -0.408475 -0.776298)
     C   23    Vyy=   -0.9745    axis=( -0.869692 -0.337237 -0.360426)
     C   23    Vzz=    1.0263    axis=( -0.114571  0.848186 -0.517159)
     C   23  Q=         1.0000 1e-30 m^2  Cq=         2.4115 MHz  eta= 0.89904

     Cl  24    Vxx=    0.2167    axis=(  0.674189  0.193025  0.712889)
     Cl  24    Vyy=    1.9947    axis=(  0.470300  0.632044 -0.615904)
     Cl  24    Vzz=   -2.2114    axis=(  0.569462 -0.750508 -0.335338)
     Cl  24  Q=        -8.1650 1e-30 m^2  Cq=        42.4255 MHz  eta= 0.80400

     Initialization:
     gipaw_setup  :      9.36s CPU     11.15s WALL (       1 calls)

     Linear response

     Apply operators

     Induced current

     Other routines
     efg          :      9.31s CPU     11.65s WALL (       1 calls)

     General routines
     calbec       :      3.22s CPU      4.18s WALL (      16 calls)
     fft          :      1.52s CPU      2.36s WALL (      15 calls)
     ffts         :      0.05s CPU      0.08s WALL (       2 calls)
     fftw         :      3.32s CPU      4.10s WALL (     672 calls)
     davcio       :      0.02s CPU      0.32s WALL (      32 calls)

     Parallel routines
     fft_scatter  :      2.31s CPU      3.71s WALL (     689 calls)

     Plugins

     GIPAW        :     60.80s CPU     75.16s WALL (       1 calls)
