
     Program QE v.6.0 (svn rev. 13079) starts on  2Jan2017 at  8:43: 6 

     This program is part of the open-source Quantum ESPRESSO suite
     for quantum simulation of materials; please cite
         "P. Giannozzi et al., J. Phys.:Condens. Matter 21 395502 (2009);
          URL http://www.quantum-espresso.org", 
     in publications or presentations arising from this work. More details at
     http://www.quantum-espresso.org/quote

     Parallel version (MPI), running on     8 processors
     R & G space division:  proc/nbgrp/npool/nimage =       8

     ***** This is GIPAW svn revision unknown      *****

     Parallelizing q-star over 1 images

     Reading data from directory:
     /users/majewski/paradichlorobenzene/pbe/9_constraint/scratch/pbe.ecut100.np8.dt60.pcl2phi-129368.save
     Message from routine read_xml_file:
     file /users/majewski/paradichlorobenzene/pbe/9_constraint/scratch/pbe.ecut100.np8.dt60.pcl2phi-129368.save not guaranteed to be safe for post-processing

   Info: using nr1, nr2, nr3 values from input

   Info: using nr1, nr2, nr3 values from input

     IMPORTANT: XC functional enforced from input :
     Exchange-correlation      =  SLA  PW   PBX  PBC ( 1  4  3  4 0 0)
     Any further DFT definition will be discarded
     Please, verify this is what you really want

               file C.pbe-n-kjpaw_psl.1.0.0.UPF: wavefunction(s)  2S 2P renormalized
               file Cl.pbe-n-kjpaw_psl.1.0.0.UPF: wavefunction(s)  3S 3P renormalized
               file H.pbe-kjpaw_psl.1.0.0.UPF: wavefunction(s)  1S renormalized

     Parallelization info
     --------------------
     sticks:   dense  smooth     PW     G-vecs:    dense   smooth      PW
     Min        3057    1223    332               144436    36536    5170
     Max        3059    1225    333               144437    36537    5171
     Sum       24467    9791   2657              1155489   292295   41363


     Subspace diagonalization in iterative solution of the eigenvalue problem:
     a serial algorithm will be used

     GIPAW projectors -----------------------------------------------
     atom=  C    l=0  rc=    1.2000  rs=    0.8000
     atom=  C    l=0  rc=    1.2000  rs=    0.8000
     atom=  C    l=1  rc=    1.4000  rs=    0.9333
     atom=  C    l=1  rc=    1.4000  rs=    0.9333
     projs nearly linearly dependent: l=1  n1,n2= 1, 2  s=  0.99951561

     atom=  Cl   l=0  rc=    1.6000  rs=    1.0667
     atom=  Cl   l=0  rc=    1.6000  rs=    1.0667
     atom=  Cl   l=1  rc=    1.6000  rs=    1.0667
     atom=  Cl   l=1  rc=    1.6000  rs=    1.0667
     atom=  Cl   l=2  rc=    1.6000  rs=    1.0667
     atom=  Cl   l=2  rc=    1.6000  rs=    1.0667
     projs nearly linearly dependent: l=2  n1,n2= 1, 2  s=  0.99993509

     atom=  H    l=0  rc=    1.0000  rs=    0.6667
     atom=  H    l=0  rc=    1.0000  rs=    0.6667
     projs nearly linearly dependent: l=0  n1,n2= 1, 2  s=  0.99968852
     -----------------------------------------------------------------

     GIPAW integrals: -------------------------------------------
     Atom  i/j   nmr_para   nmr_dia   epr_rmc  epr_para   epr_dia
       C   1 1   0.83E+03  0.17E-01  0.93E+01  0.24E+08  0.24E+03
       C   2 1   0.86E+03 -0.61E-01  0.94E+01  0.25E+08  0.25E+03
       C   2 2   0.90E+03 -0.15E+00  0.97E+01  0.26E+08  0.26E+03
       C   3 3   0.33E+01  0.34E+00  0.18E+01  0.55E+03  0.21E+02
       C   4 3   0.35E+01  0.37E+00  0.20E+01  0.59E+03  0.22E+02
       C   4 4   0.38E+01  0.39E+00  0.22E+01  0.63E+03  0.24E+02
       Cl  1 1   0.14E+04 -0.47E+00  0.84E+01  0.32E+09  0.42E+03
       Cl  2 1   0.21E+04 -0.37E+00  0.12E+02  0.49E+09  0.65E+03
       Cl  2 2   0.33E+04 -0.16E+00  0.21E+02  0.76E+09  0.10E+04
       Cl  3 3   0.21E+02  0.79E-01  0.89E+01  0.23E+05  0.13E+03
       Cl  4 3   0.24E+02  0.67E-01  0.99E+01  0.27E+05  0.15E+03
       Cl  4 4   0.28E+02  0.44E-01  0.11E+02  0.32E+05  0.18E+03
       Cl  5 5   0.77E+00  0.19E+00  0.18E+01  0.12E+03  0.22E+02
       Cl  6 5   0.80E+00  0.19E+00  0.19E+01  0.12E+03  0.23E+02
       Cl  6 6   0.83E+00  0.20E+00  0.19E+01  0.12E+03  0.23E+02
       H   1 1   0.39E+02  0.19E+00  0.29E+00  0.78E+05  0.13E+02
       H   2 1   0.41E+02  0.21E+00  0.32E+00  0.82E+05  0.14E+02
       H   2 2   0.43E+02  0.22E+00  0.36E+00  0.86E+05  0.15E+02
     ------------------------------------------------------------

     alpha_pv=     34.1823 eV

     Number of occupied bands for each k-point:
     k-point:     1    nbnd_occ=  42
     k-point:     2    nbnd_occ=  42
     k-point:     3    nbnd_occ=  42
     k-point:     4    nbnd_occ=  42
     k-point:     5    nbnd_occ=  42
     k-point:     6    nbnd_occ=  42
     k-point:     7    nbnd_occ=  42
     k-point:     8    nbnd_occ=  42
     k-point:     9    nbnd_occ=  42
     k-point:    10    nbnd_occ=  42
     k-point:    11    nbnd_occ=  42
     k-point:    12    nbnd_occ=  42
     k-point:    13    nbnd_occ=  42
     k-point:    14    nbnd_occ=  42
     k-point:    15    nbnd_occ=  42
     k-point:    16    nbnd_occ=  42


     q-space interpolation up to   110.00 Rydberg

     GIPAW job: efg                                                                             


     ELECTRIC FIELD GRADIENTS TENSORS IN Hartree/bohrradius^2:

     ----- bare term -----
     Cl   1        0.129197       -0.034743       -0.071671
     Cl   1       -0.034743       -0.023575       -0.020723
     Cl   1       -0.071671       -0.020723       -0.105622

     C    2       -0.107574        0.270413       -0.260241
     C    2        0.270413       -0.218924       -0.480029
     C    2       -0.260241       -0.480029        0.326497

     C    3       -0.050494        0.074030       -0.401309
     C    3        0.074030       -0.238546       -0.521778
     C    3       -0.401309       -0.521778        0.289040

     H    4       -0.726061       -0.173207       -0.063948
     H    4       -0.173207        0.422444       -0.151888
     H    4       -0.063948       -0.151888        0.303618

     C    5       -0.255422        0.367346       -0.136752
     C    5        0.367346       -0.213138       -0.407057
     C    5       -0.136752       -0.407057        0.468561

     H    6        0.405353       -0.025899        0.015698
     H    6       -0.025899       -0.272038       -0.533966
     H    6        0.015698       -0.533966       -0.133314

     H    7        0.303431        0.163271       -0.268408
     H    7        0.163271       -0.204743        0.534603
     H    7       -0.268408        0.534603       -0.098688

     C    8       -0.166015       -0.411076       -0.020979
     C    8       -0.411076       -0.350576        0.415018
     C    8       -0.020979        0.415018        0.516591

     H    9       -0.458975        0.217996       -0.506741
     H    9        0.217996        0.334450        0.185297
     H    9       -0.506741        0.185297        0.124525

     C   10       -0.294526       -0.285324       -0.327191
     C   10       -0.285324       -0.086224        0.435132
     C   10       -0.327191        0.435132        0.380750

     C   11       -0.136012       -0.152420       -0.312679
     C   11       -0.152420       -0.116004        0.608701
     C   11       -0.312679        0.608701        0.252017

     Cl  12       -0.057835       -0.126487       -0.097059
     Cl  12       -0.126487        0.054344        0.123069
     Cl  12       -0.097059        0.123069        0.003492

     H   13        0.145327        0.193883       -0.006929
     H   13        0.193883       -0.405198       -0.450145
     H   13       -0.006929       -0.450145        0.259872

     C   14       -0.329688        0.014153       -0.389599
     C   14        0.014153       -0.021441       -0.422527
     C   14       -0.389599       -0.422527        0.351129

     H   15       -0.423853       -0.445402       -0.136326
     H   15       -0.445402        0.204465        0.029660
     H   15       -0.136326        0.029660        0.219387

     C   16       -0.321046        0.356165       -0.114556
     C   16        0.356165       -0.193082       -0.533156
     C   16       -0.114556       -0.533156        0.514128

     C   17       -0.182299       -0.223580       -0.323567
     C   17       -0.223580       -0.030552       -0.721579
     C   17       -0.323567       -0.721579        0.212851

     Cl  18       -0.064338        0.186228        0.017078
     Cl  18        0.186228       -0.012647        0.088516
     Cl  18        0.017078        0.088516        0.076985

     H   19        0.249082       -0.126347       -0.151965
     H   19       -0.126347       -0.489320        0.392193
     H   19       -0.151965        0.392193        0.240238

     C   20       -0.579385       -0.296184       -0.400668
     C   20       -0.296184        0.142958        0.266438
     C   20       -0.400668        0.266438        0.436427

     H   21       -0.486583        0.368422       -0.208231
     H   21        0.368422        0.287833        0.063363
     H   21       -0.208231        0.063363        0.198750

     C   22       -0.123964       -0.241573       -0.196054
     C   22       -0.241573       -0.462754        0.484780
     C   22       -0.196054        0.484780        0.586718

     C   23       -0.502593       -0.054891       -0.332739
     C   23       -0.054891       -0.031778        0.335050
     C   23       -0.332739        0.335050        0.534371

     Cl  24       -0.036123       -0.052865        0.019235
     Cl  24       -0.052865       -0.009858       -0.010031
     Cl  24        0.019235       -0.010031        0.045981

     ----- ionic term -----
     Cl   1        0.142200       -0.218684        0.002439
     Cl   1       -0.218684        0.004189        0.003294
     Cl   1        0.002439        0.003294       -0.146389

     C    2        0.246814       -0.106262        0.260420
     C    2       -0.106262        0.107869        0.431935
     C    2        0.260420        0.431935       -0.354683

     C    3        0.202955       -0.189012        0.114437
     C    3       -0.189012        0.163991        0.425814
     C    3        0.114437        0.425814       -0.366946

     H    4        0.769809        0.339250        0.523225
     H    4        0.339250       -0.421752        0.214514
     H    4        0.523225        0.214514       -0.348058

     C    5        0.301652       -0.153243        0.142586
     C    5       -0.153243        0.037557        0.350943
     C    5        0.142586        0.350943       -0.339208

     H    6       -0.506679       -0.047270       -0.041240
     H    6       -0.047270        0.589547        0.744299
     H    6       -0.041240        0.744299       -0.082868

     H    7       -0.501122       -0.092866        0.076119
     H    7       -0.092866        0.624673       -0.729467
     H    7        0.076119       -0.729467       -0.123551

     C    8        0.342567        0.248888        0.153234
     C    8        0.248888        0.028130       -0.332512
     C    8        0.153234       -0.332512       -0.370697

     H    9        0.585376       -0.240046        0.685277
     H    9       -0.240046       -0.486025       -0.233572
     H    9        0.685277       -0.233572       -0.099351

     C   10        0.191564        0.289405        0.114226
     C   10        0.289405        0.112485       -0.447052
     C   10        0.114226       -0.447052       -0.304049

     C   11        0.277921        0.136609        0.219307
     C   11        0.136609        0.047870       -0.427653
     C   11        0.219307       -0.427653       -0.325791

     Cl  12        0.146972        0.215899       -0.011718
     Cl  12        0.215899        0.004474       -0.010369
     Cl  12       -0.011718       -0.010369       -0.151446

     H   13       -0.512569       -0.022865        0.001283
     H   13       -0.022865        0.652171        0.728001
     H   13        0.001283        0.728001       -0.139602

     C   14        0.374569       -0.151084        0.217045
     C   14       -0.151084       -0.014954        0.332402
     C   14        0.217045        0.332402       -0.359615

     H   15        0.748516        0.369686        0.548386
     H   15        0.369686       -0.413420        0.238388
     H   15        0.548386        0.238388       -0.335097

     C   16        0.222194       -0.173558        0.130326
     C   16       -0.173558        0.113070        0.429658
     C   16        0.130326        0.429658       -0.335264

     C   17        0.244422       -0.090533        0.163816
     C   17       -0.090533        0.071415        0.481745
     C   17        0.163816        0.481745       -0.315837

     Cl  18        0.186024       -0.190106       -0.029948
     Cl  18       -0.190106       -0.052818        0.031345
     Cl  18       -0.029948        0.031345       -0.133206

     H   19       -0.499003        0.037377       -0.008312
     H   19        0.037377        0.800972       -0.623908
     H   19       -0.008312       -0.623908       -0.301969

     C   20        0.379579        0.159635        0.167791
     C   20        0.159635        0.019282       -0.317856
     C   20        0.167791       -0.317856       -0.398861

     H   21        0.624635       -0.411484        0.613369
     H   21       -0.411484       -0.376765       -0.272290
     H   21        0.613369       -0.272290       -0.247870

     C   22        0.195646        0.149421        0.120340
     C   22        0.149421        0.136803       -0.418679
     C   22        0.120340       -0.418679       -0.332449

     C   23        0.162552        0.174333        0.174435
     C   23        0.174333        0.160572       -0.408121
     C   23        0.174435       -0.408121       -0.323124

     Cl  24        0.101798        0.213352       -0.017369
     Cl  24        0.213352        0.037858       -0.022300
     Cl  24       -0.017369       -0.022300       -0.139656

     ----- GIPAW term -----
     Cl   1        2.417317       -2.157093       -0.618850
     Cl   1       -2.157093       -0.284975       -0.166053
     Cl   1       -0.618850       -0.166053       -2.132343

     C    2        0.140388       -0.057895       -0.066220
     C    2       -0.057895       -0.072359       -0.073397
     C    2       -0.066220       -0.073397       -0.068029

     C    3        0.079300       -0.020408       -0.152606
     C    3       -0.020408       -0.075066       -0.083152
     C    3       -0.152606       -0.083152       -0.004234

     H    4       -0.000000        0.000000        0.000000
     H    4        0.000000        0.000000        0.000000
     H    4        0.000000        0.000000        0.000000

     C    5        0.021961        0.039641        0.056782
     C    5        0.039641       -0.098212       -0.099078
     C    5        0.056782       -0.099078        0.076251

     H    6       -0.000000        0.000000        0.000000
     H    6        0.000000        0.000000        0.000000
     H    6        0.000000        0.000000        0.000000

     H    7       -0.000000        0.000000        0.000000
     H    7        0.000000        0.000000        0.000000
     H    7        0.000000        0.000000        0.000000

     C    8        0.021245       -0.078581        0.128547
     C    8       -0.078581       -0.168680        0.076549
     C    8        0.128547        0.076549        0.147435

     H    9       -0.000000        0.000000        0.000000
     H    9        0.000000        0.000000        0.000000
     H    9        0.000000        0.000000        0.000000

     C   10       -0.059323       -0.077039       -0.088529
     C   10       -0.077039        0.026731        0.071111
     C   10       -0.088529        0.071111        0.032591

     C   11        0.047416        0.031002       -0.103197
     C   11        0.031002        0.009572        0.156393
     C   11       -0.103197        0.156393       -0.056988

     Cl  12        0.953417        1.072875       -0.922622
     Cl  12        1.072875        0.475514        1.086241
     Cl  12       -0.922622        1.086241       -1.428930

     H   13       -0.000000        0.000000        0.000000
     H   13        0.000000        0.000000        0.000000
     H   13        0.000000        0.000000        0.000000

     C   14        0.035846       -0.041336        0.005050
     C   14       -0.041336       -0.061819       -0.093451
     C   14        0.005050       -0.093451        0.025972

     H   15       -0.000000        0.000000        0.000000
     H   15        0.000000        0.000000        0.000000
     H   15        0.000000        0.000000        0.000000

     C   16       -0.136223        0.033817        0.000313
     C   16        0.033817        0.005760       -0.184442
     C   16        0.000313       -0.184442        0.130462

     C   17       -0.040960       -0.189693       -0.013026
     C   17       -0.189693        0.050668       -0.237653
     C   17       -0.013026       -0.237653       -0.009707

     Cl  18       -0.819690       -0.225029       -0.632907
     Cl  18       -0.225029        0.192806       -1.935806
     Cl  18       -0.632907       -1.935806        0.626884

     H   19       -0.000000        0.000000        0.000000
     H   19        0.000000        0.000000        0.000000
     H   19        0.000000        0.000000        0.000000

     C   20       -0.113503       -0.076853       -0.048908
     C   20       -0.076853        0.065074        0.006284
     C   20       -0.048908        0.006284        0.048429

     H   21       -0.000000        0.000000        0.000000
     H   21        0.000000        0.000000        0.000000
     H   21        0.000000        0.000000        0.000000

     C   22       -0.098591       -0.020907       -0.077572
     C   22       -0.020907       -0.152461        0.042203
     C   22       -0.077572        0.042203        0.251052

     C   23       -0.109450        0.103897       -0.047459
     C   23        0.103897       -0.074886       -0.007968
     C   23       -0.047459       -0.007968        0.184336

     Cl  24       -0.470441        0.853195        0.931486
     Cl  24        0.853195       -0.748469       -1.622446
     Cl  24        0.931486       -1.622446        1.218910

     ----- total EFG -----
     Cl   1        2.688715       -2.410521       -0.688082
     Cl   1       -2.410521       -0.304361       -0.183482
     Cl   1       -0.688082       -0.183482       -2.384354

     C    2        0.279628        0.106255       -0.066040
     C    2        0.106255       -0.183414       -0.121491
     C    2       -0.066040       -0.121491       -0.096214

     C    3        0.231761       -0.135390       -0.439478
     C    3       -0.135390       -0.149620       -0.179116
     C    3       -0.439478       -0.179116       -0.082141

     H    4        0.043748        0.166042        0.459277
     H    4        0.166042        0.000692        0.062626
     H    4        0.459277        0.062626       -0.044440

     C    5        0.068191        0.253744        0.062615
     C    5        0.253744       -0.273794       -0.155191
     C    5        0.062615       -0.155191        0.205603

     H    6       -0.101327       -0.073169       -0.025541
     H    6       -0.073169        0.317509        0.210333
     H    6       -0.025541        0.210333       -0.216182

     H    7       -0.197691        0.070404       -0.192289
     H    7        0.070404        0.419930       -0.194864
     H    7       -0.192289       -0.194864       -0.222239

     C    8        0.197797       -0.240769        0.260802
     C    8       -0.240769       -0.491125        0.159055
     C    8        0.260802        0.159055        0.293329

     H    9        0.126401       -0.022050        0.178535
     H    9       -0.022050       -0.151575       -0.048275
     H    9        0.178535       -0.048275        0.025174

     C   10       -0.162284       -0.072957       -0.301494
     C   10       -0.072957        0.052992        0.059191
     C   10       -0.301494        0.059191        0.109292

     C   11        0.189324        0.015191       -0.196570
     C   11        0.015191       -0.058562        0.337441
     C   11       -0.196570        0.337441       -0.130762

     Cl  12        1.042553        1.162287       -1.031399
     Cl  12        1.162287        0.534331        1.198941
     Cl  12       -1.031399        1.198941       -1.576884

     H   13       -0.367243        0.171018       -0.005646
     H   13        0.171018        0.246972        0.277856
     H   13       -0.005646        0.277856        0.120270

     C   14        0.080727       -0.178267       -0.167503
     C   14       -0.178267       -0.098213       -0.183577
     C   14       -0.167503       -0.183577        0.017486

     H   15        0.324664       -0.075717        0.412060
     H   15       -0.075717       -0.208954        0.268048
     H   15        0.412060        0.268048       -0.115709

     C   16       -0.235074        0.216423        0.016083
     C   16        0.216423       -0.074252       -0.287939
     C   16        0.016083       -0.287939        0.309326

     C   17        0.021162       -0.503807       -0.172777
     C   17       -0.503807        0.091531       -0.477488
     C   17       -0.172777       -0.477488       -0.112693

     Cl  18       -0.698004       -0.228907       -0.645776
     Cl  18       -0.228907        0.127341       -1.815945
     Cl  18       -0.645776       -1.815945        0.570663

     H   19       -0.249921       -0.088969       -0.160278
     H   19       -0.088969        0.311652       -0.231714
     H   19       -0.160278       -0.231714       -0.061731

     C   20       -0.313309       -0.213402       -0.281785
     C   20       -0.213402        0.227314       -0.045133
     C   20       -0.281785       -0.045133        0.085995

     H   21        0.138052       -0.043062        0.405138
     H   21       -0.043062       -0.088932       -0.208927
     H   21        0.405138       -0.208927       -0.049120

     C   22       -0.026910       -0.113059       -0.153286
     C   22       -0.113059       -0.478412        0.108304
     C   22       -0.153286        0.108304        0.505321

     C   23       -0.449491        0.223340       -0.205763
     C   23        0.223340        0.053908       -0.081039
     C   23       -0.205763       -0.081039        0.395583

     Cl  24       -0.404765        1.013682        0.933352
     Cl  24        1.013682       -0.720470       -1.654777
     Cl  24        0.933352       -1.654777        1.125235

     ----- total EFG (symmetrized) -----
     Cl   1        2.688715       -2.410521       -0.688082
     Cl   1       -2.410521       -0.304361       -0.183482
     Cl   1       -0.688082       -0.183482       -2.384354

     C    2        0.279628        0.106255       -0.066040
     C    2        0.106255       -0.183414       -0.121491
     C    2       -0.066040       -0.121491       -0.096214

     C    3        0.231761       -0.135390       -0.439478
     C    3       -0.135390       -0.149620       -0.179116
     C    3       -0.439478       -0.179116       -0.082141

     H    4        0.043748        0.166042        0.459277
     H    4        0.166042        0.000692        0.062626
     H    4        0.459277        0.062626       -0.044440

     C    5        0.068191        0.253744        0.062615
     C    5        0.253744       -0.273794       -0.155191
     C    5        0.062615       -0.155191        0.205603

     H    6       -0.101327       -0.073169       -0.025541
     H    6       -0.073169        0.317509        0.210333
     H    6       -0.025541        0.210333       -0.216182

     H    7       -0.197691        0.070404       -0.192289
     H    7        0.070404        0.419930       -0.194864
     H    7       -0.192289       -0.194864       -0.222239

     C    8        0.197797       -0.240769        0.260802
     C    8       -0.240769       -0.491125        0.159055
     C    8        0.260802        0.159055        0.293329

     H    9        0.126401       -0.022050        0.178535
     H    9       -0.022050       -0.151575       -0.048275
     H    9        0.178535       -0.048275        0.025174

     C   10       -0.162284       -0.072957       -0.301494
     C   10       -0.072957        0.052992        0.059191
     C   10       -0.301494        0.059191        0.109292

     C   11        0.189324        0.015191       -0.196570
     C   11        0.015191       -0.058562        0.337441
     C   11       -0.196570        0.337441       -0.130762

     Cl  12        1.042553        1.162287       -1.031399
     Cl  12        1.162287        0.534331        1.198941
     Cl  12       -1.031399        1.198941       -1.576884

     H   13       -0.367243        0.171018       -0.005646
     H   13        0.171018        0.246972        0.277856
     H   13       -0.005646        0.277856        0.120270

     C   14        0.080727       -0.178267       -0.167503
     C   14       -0.178267       -0.098213       -0.183577
     C   14       -0.167503       -0.183577        0.017486

     H   15        0.324664       -0.075717        0.412060
     H   15       -0.075717       -0.208954        0.268048
     H   15        0.412060        0.268048       -0.115709

     C   16       -0.235074        0.216423        0.016083
     C   16        0.216423       -0.074252       -0.287939
     C   16        0.016083       -0.287939        0.309326

     C   17        0.021162       -0.503807       -0.172777
     C   17       -0.503807        0.091531       -0.477488
     C   17       -0.172777       -0.477488       -0.112693

     Cl  18       -0.698004       -0.228907       -0.645776
     Cl  18       -0.228907        0.127341       -1.815945
     Cl  18       -0.645776       -1.815945        0.570663

     H   19       -0.249921       -0.088969       -0.160278
     H   19       -0.088969        0.311652       -0.231714
     H   19       -0.160278       -0.231714       -0.061731

     C   20       -0.313309       -0.213402       -0.281785
     C   20       -0.213402        0.227314       -0.045133
     C   20       -0.281785       -0.045133        0.085995

     H   21        0.138052       -0.043062        0.405138
     H   21       -0.043062       -0.088932       -0.208927
     H   21        0.405138       -0.208927       -0.049120

     C   22       -0.026910       -0.113059       -0.153286
     C   22       -0.113059       -0.478412        0.108304
     C   22       -0.153286        0.108304        0.505321

     C   23       -0.449491        0.223340       -0.205763
     C   23        0.223340        0.053908       -0.081039
     C   23       -0.205763       -0.081039        0.395583

     Cl  24       -0.404765        1.013682        0.933352
     Cl  24        1.013682       -0.720470       -1.654777
     Cl  24        0.933352       -1.654777        1.125235


     NQR/NMR SPECTROSCOPIC PARAMETERS:
     Cl   1    Vxx=   -1.4065    axis=(  0.401733  0.806386 -0.433996)
     Cl   1    Vyy=   -2.6639    axis=(  0.271870  0.347532  0.897390)
     Cl   1    Vzz=    4.0704    axis=(  0.874470 -0.478502 -0.079618)
     Cl   1  Q=        -8.1650 1e-30 m^2  Cq=       -78.0881 MHz  eta= 0.30891

     C    2    Vxx=   -0.0497    axis=( -0.319761  0.485318 -0.813769)
     C    2    Vyy=   -0.2736    axis=( -0.096705  0.837659  0.537565)
     C    2    Vzz=    0.3234    axis=(  0.942550  0.250588 -0.220918)
     C    2  Q=         1.0000 1e-30 m^2  Cq=         0.7598 MHz  eta= 0.69254

     C    3    Vxx=   -0.0158    axis=(  0.285741 -0.858666  0.425494)
     C    3    Vyy=   -0.5258    axis=(  0.497618  0.512401  0.699872)
     C    3    Vzz=    0.5416    axis=( -0.818980  0.011751  0.573702)
     C    3  Q=         1.0000 1e-30 m^2  Cq=         1.2725 MHz  eta= 0.94162

     H    4    Vxx=   -0.0431    axis=(  0.129096 -0.940116  0.315462)
     H    4    Vyy=   -0.4714    axis=(  0.684156 -0.145843 -0.714605)
     H    4    Vzz=    0.5145    axis=(  0.717820  0.308078  0.624358)
     H    4  Q=         1.0000 1e-30 m^2  Cq=         1.2088 MHz  eta= 0.83236

     C    5    Vxx=    0.1974    axis=(  0.876030  0.369771  0.309583)
     C    5    Vyy=    0.2536    axis=( -0.174974 -0.354496  0.918541)
     C    5    Vzz=   -0.4510    axis=(  0.449395 -0.858838 -0.245848)
     C    5  Q=         1.0000 1e-30 m^2  Cq=        -1.0597 MHz  eta= 0.12449

     H    6    Vxx=   -0.1133    axis=(  0.988369  0.143979  0.048959)
     H    6    Vyy=   -0.2891    axis=( -0.000905  0.327498 -0.944851)
     H    6    Vzz=    0.4024    axis=( -0.152073  0.933817  0.323819)
     H    6  Q=         1.0000 1e-30 m^2  Cq=         0.9454 MHz  eta= 0.43707

     H    7    Vxx=   -0.0817    axis=( -0.751064  0.327980  0.573003)
     H    7    Vyy=   -0.4144    axis=( -0.635595 -0.124319 -0.761948)
     H    7    Vzz=    0.4962    axis=( -0.178669 -0.936469  0.301834)
     H    7  Q=         1.0000 1e-30 m^2  Cq=         1.1658 MHz  eta= 0.67054

     C    8    Vxx=    0.1154    axis=(  0.672536 -0.425697 -0.605374)
     C    8    Vyy=    0.5119    axis=(  0.655274 -0.037656  0.754452)
     C    8    Vzz=   -0.6273    axis=( -0.343964 -0.904082  0.253624)
     C    8  Q=         1.0000 1e-30 m^2  Cq=        -1.4740 MHz  eta= 0.63197

     H    9    Vxx=   -0.0989    axis=(  0.594076  0.394277 -0.701156)
     H    9    Vyy=   -0.1676    axis=(  0.160485 -0.912211 -0.376983)
     H    9    Vzz=    0.2666    axis=( -0.788238  0.111431 -0.605198)
     H    9  Q=         1.0000 1e-30 m^2  Cq=         0.6264 MHz  eta= 0.25768

     C   10    Vxx=    0.0265    axis=(  0.105206  0.949491 -0.295632)
     C   10    Vyy=    0.3328    axis=( -0.527706  0.305276  0.792674)
     C   10    Vzz=   -0.3593    axis=(  0.842887  0.072613  0.533169)
     C   10  Q=         1.0000 1e-30 m^2  Cq=        -0.8442 MHz  eta= 0.85260

     C   11    Vxx=    0.1189    axis=(  0.708666  0.637101  0.303143)
     C   11    Vyy=    0.3533    axis=( -0.664666  0.458718  0.589743)
     C   11    Vzz=   -0.4721    axis=(  0.236669 -0.619419  0.748537)
     C   11  Q=         1.0000 1e-30 m^2  Cq=        -1.1094 MHz  eta= 0.49636

     Cl  12    Vxx=    0.6967    axis=( -0.496979  0.654007  0.570340)
     Cl  12    Vyy=    1.9792    axis=( -0.787303 -0.616223  0.020587)
     Cl  12    Vzz=   -2.6759    axis=(  0.364920 -0.438799  0.821151)
     Cl  12  Q=        -8.1650 1e-30 m^2  Cq=        51.3361 MHz  eta= 0.47930

     H   13    Vxx=   -0.0645    axis=( -0.314142 -0.530110  0.787590)
     H   13    Vyy=   -0.4244    axis=(  0.936814 -0.307595  0.166627)
     H   13    Vzz=    0.4889    axis=(  0.153928  0.790170  0.593243)
     H   13  Q=         1.0000 1e-30 m^2  Cq=         1.1487 MHz  eta= 0.73615

     C   14    Vxx=    0.1428    axis=( -0.293054  0.706942 -0.643702)
     C   14    Vyy=    0.2226    axis=(  0.827331 -0.149947 -0.541332)
     C   14    Vzz=   -0.3655    axis=( -0.479211 -0.691194 -0.540932)
     C   14  Q=         1.0000 1e-30 m^2  Cq=        -0.8587 MHz  eta= 0.21833

     H   15    Vxx=   -0.0120    axis=(  0.395841 -0.789802 -0.468533)
     H   15    Vyy=   -0.5672    axis=(  0.375763  0.604843 -0.702116)
     H   15    Vzz=    0.5791    axis=(  0.837921  0.101869  0.536200)
     H   15  Q=         1.0000 1e-30 m^2  Cq=         1.3608 MHz  eta= 0.95859

     C   16    Vxx=   -0.0407    axis=(  0.682369  0.579633  0.445420)
     C   16    Vyy=   -0.4346    axis=(  0.718782 -0.642991 -0.264414)
     C   16    Vzz=    0.4753    axis=( -0.133138 -0.500587  0.855387)
     C   16  Q=         1.0000 1e-30 m^2  Cq=         1.1168 MHz  eta= 0.82860

     C   17    Vxx=    0.1228    axis=(  0.679965  0.111379 -0.724736)
     C   17    Vyy=    0.6535    axis=(  0.516725 -0.774049  0.365846)
     C   17    Vzz=   -0.7763    axis=( -0.520234 -0.623252 -0.583878)
     C   17  Q=         1.0000 1e-30 m^2  Cq=        -1.8241 MHz  eta= 0.68366

     Cl  18    Vxx=   -0.4061    axis=(  0.867818 -0.436401 -0.237585)
     Cl  18    Vyy=   -1.8114    axis=(  0.482938  0.628310  0.609915)
     Cl  18    Vzz=    2.2175    axis=( -0.116890 -0.644034  0.756013)
     Cl  18  Q=        -8.1650 1e-30 m^2  Cq=       -42.5412 MHz  eta= 0.63373

     H   19    Vxx=   -0.0244    axis=( -0.629444  0.321255  0.707528)
     H   19    Vyy=   -0.3984    axis=(  0.776838  0.281212  0.563421)
     H   19    Vzz=    0.4227    axis=(  0.017964 -0.904276  0.426570)
     H   19  Q=         1.0000 1e-30 m^2  Cq=         0.9932 MHz  eta= 0.88478

     C   20    Vxx=    0.1973    axis=( -0.246082 -0.504247  0.827756)
     C   20    Vyy=    0.3214    axis=(  0.439123 -0.819343 -0.368576)
     C   20    Vzz=   -0.5186    axis=(  0.864069  0.272787  0.423052)
     C   20  Q=         1.0000 1e-30 m^2  Cq=        -1.2186 MHz  eta= 0.23932

     H   21    Vxx=   -0.0757    axis=(  0.460912  0.874634 -0.150252)
     H   21    Vyy=   -0.4312    axis=( -0.511141  0.400043  0.760723)
     H   21    Vzz=    0.5069    axis=( -0.725462  0.273827 -0.631446)
     H   21  Q=         1.0000 1e-30 m^2  Cq=         1.1911 MHz  eta= 0.70122

     C   22    Vxx=   -0.0534    axis=( -0.940148  0.175681 -0.291991)
     C   22    Vyy=   -0.5103    axis=(  0.205093  0.976007 -0.073126)
     C   22    Vzz=    0.5637    axis=( -0.272138  0.128634  0.953622)
     C   22  Q=         1.0000 1e-30 m^2  Cq=         1.3244 MHz  eta= 0.81056

     C   23    Vxx=    0.0775    axis=( -0.232014 -0.896092 -0.378402)
     C   23    Vyy=    0.4856    axis=(  0.274764  0.312800 -0.909209)
     C   23    Vzz=   -0.5632    axis=(  0.933099 -0.314920  0.173640)
     C   23  Q=         1.0000 1e-30 m^2  Cq=        -1.3232 MHz  eta= 0.72472

     Cl  24    Vxx=    0.4083    axis=(  0.833101  0.533366  0.146502)
     Cl  24    Vyy=    2.1381    axis=(  0.139298 -0.458643  0.877635)
     Cl  24    Vzz=   -2.5465    axis=(  0.535293 -0.710751 -0.456393)
     Cl  24  Q=        -8.1650 1e-30 m^2  Cq=        48.8531 MHz  eta= 0.67929

     Initialization:
     gipaw_setup  :      9.06s CPU     11.19s WALL (       1 calls)

     Linear response

     Apply operators

     Induced current

     Other routines
     efg          :      9.17s CPU     11.32s WALL (       1 calls)

     General routines
     calbec       :      3.31s CPU      4.00s WALL (      16 calls)
     fft          :      1.80s CPU      3.24s WALL (      15 calls)
     ffts         :      0.03s CPU      0.04s WALL (       2 calls)
     fftw         :      3.13s CPU      3.95s WALL (     672 calls)
     davcio       :      0.00s CPU      0.32s WALL (      32 calls)

     Parallel routines
     fft_scatter  :      2.38s CPU      4.45s WALL (     689 calls)

     Plugins

     GIPAW        :     61.31s CPU     73.96s WALL (       1 calls)
