
     Program QE v.6.0 (svn rev. 13079) starts on 15Dec2016 at  3:32:28 

     This program is part of the open-source Quantum ESPRESSO suite
     for quantum simulation of materials; please cite
         "P. Giannozzi et al., J. Phys.:Condens. Matter 21 395502 (2009);
          URL http://www.quantum-espresso.org", 
     in publications or presentations arising from this work. More details at
     http://www.quantum-espresso.org/quote

     Parallel version (MPI), running on     8 processors
     R & G space division:  proc/nbgrp/npool/nimage =       8

     ***** This is GIPAW svn revision unknown      *****

     Parallelizing q-star over 1 images

     Reading data from directory:
     /users/majewski/paradichlorobenzene/pbe/9_constraint/scratch/pbe.ecut100.np8.dt60.pcl2phi-129368.save
     Message from routine read_xml_file:
     file /users/majewski/paradichlorobenzene/pbe/9_constraint/scratch/pbe.ecut100.np8.dt60.pcl2phi-129368.save not guaranteed to be safe for post-processing

   Info: using nr1, nr2, nr3 values from input

   Info: using nr1, nr2, nr3 values from input

     IMPORTANT: XC functional enforced from input :
     Exchange-correlation      =  SLA  PW   PBX  PBC ( 1  4  3  4 0 0)
     Any further DFT definition will be discarded
     Please, verify this is what you really want

               file C.pbe-n-kjpaw_psl.1.0.0.UPF: wavefunction(s)  2S 2P renormalized
               file Cl.pbe-n-kjpaw_psl.1.0.0.UPF: wavefunction(s)  3S 3P renormalized
               file H.pbe-kjpaw_psl.1.0.0.UPF: wavefunction(s)  1S renormalized

     Parallelization info
     --------------------
     sticks:   dense  smooth     PW     G-vecs:    dense   smooth      PW
     Min        3057    1223    332               144436    36536    5170
     Max        3059    1225    333               144437    36537    5171
     Sum       24467    9791   2657              1155489   292295   41363


     Subspace diagonalization in iterative solution of the eigenvalue problem:
     a serial algorithm will be used

     GIPAW projectors -----------------------------------------------
     atom=  C    l=0  rc=    1.2000  rs=    0.8000
     atom=  C    l=0  rc=    1.2000  rs=    0.8000
     atom=  C    l=1  rc=    1.4000  rs=    0.9333
     atom=  C    l=1  rc=    1.4000  rs=    0.9333
     projs nearly linearly dependent: l=1  n1,n2= 1, 2  s=  0.99951561

     atom=  Cl   l=0  rc=    1.6000  rs=    1.0667
     atom=  Cl   l=0  rc=    1.6000  rs=    1.0667
     atom=  Cl   l=1  rc=    1.6000  rs=    1.0667
     atom=  Cl   l=1  rc=    1.6000  rs=    1.0667
     atom=  Cl   l=2  rc=    1.6000  rs=    1.0667
     atom=  Cl   l=2  rc=    1.6000  rs=    1.0667
     projs nearly linearly dependent: l=2  n1,n2= 1, 2  s=  0.99993509

     atom=  H    l=0  rc=    1.0000  rs=    0.6667
     atom=  H    l=0  rc=    1.0000  rs=    0.6667
     projs nearly linearly dependent: l=0  n1,n2= 1, 2  s=  0.99968852
     -----------------------------------------------------------------

     GIPAW integrals: -------------------------------------------
     Atom  i/j   nmr_para   nmr_dia   epr_rmc  epr_para   epr_dia
       C   1 1   0.83E+03  0.17E-01  0.93E+01  0.24E+08  0.24E+03
       C   2 1   0.86E+03 -0.61E-01  0.94E+01  0.25E+08  0.25E+03
       C   2 2   0.90E+03 -0.15E+00  0.97E+01  0.26E+08  0.26E+03
       C   3 3   0.33E+01  0.34E+00  0.18E+01  0.55E+03  0.21E+02
       C   4 3   0.35E+01  0.37E+00  0.20E+01  0.59E+03  0.22E+02
       C   4 4   0.38E+01  0.39E+00  0.22E+01  0.63E+03  0.24E+02
       Cl  1 1   0.14E+04 -0.47E+00  0.84E+01  0.32E+09  0.42E+03
       Cl  2 1   0.21E+04 -0.37E+00  0.12E+02  0.49E+09  0.65E+03
       Cl  2 2   0.33E+04 -0.16E+00  0.21E+02  0.76E+09  0.10E+04
       Cl  3 3   0.21E+02  0.79E-01  0.89E+01  0.23E+05  0.13E+03
       Cl  4 3   0.24E+02  0.67E-01  0.99E+01  0.27E+05  0.15E+03
       Cl  4 4   0.28E+02  0.44E-01  0.11E+02  0.32E+05  0.18E+03
       Cl  5 5   0.77E+00  0.19E+00  0.18E+01  0.12E+03  0.22E+02
       Cl  6 5   0.80E+00  0.19E+00  0.19E+01  0.12E+03  0.23E+02
       Cl  6 6   0.83E+00  0.20E+00  0.19E+01  0.12E+03  0.23E+02
       H   1 1   0.39E+02  0.19E+00  0.29E+00  0.78E+05  0.13E+02
       H   2 1   0.41E+02  0.21E+00  0.32E+00  0.82E+05  0.14E+02
       H   2 2   0.43E+02  0.22E+00  0.36E+00  0.86E+05  0.15E+02
     ------------------------------------------------------------

     alpha_pv=     34.2194 eV

     Number of occupied bands for each k-point:
     k-point:     1    nbnd_occ=  42
     k-point:     2    nbnd_occ=  42
     k-point:     3    nbnd_occ=  42
     k-point:     4    nbnd_occ=  42
     k-point:     5    nbnd_occ=  42
     k-point:     6    nbnd_occ=  42
     k-point:     7    nbnd_occ=  42
     k-point:     8    nbnd_occ=  42
     k-point:     9    nbnd_occ=  42
     k-point:    10    nbnd_occ=  42
     k-point:    11    nbnd_occ=  42
     k-point:    12    nbnd_occ=  42
     k-point:    13    nbnd_occ=  42
     k-point:    14    nbnd_occ=  42
     k-point:    15    nbnd_occ=  42
     k-point:    16    nbnd_occ=  42


     q-space interpolation up to   110.00 Rydberg

     GIPAW job: efg                                                                             


     ELECTRIC FIELD GRADIENTS TENSORS IN Hartree/bohrradius^2:

     ----- bare term -----
     Cl   1       -0.098540        0.090479        0.090835
     Cl   1        0.090479       -0.051048        0.115424
     Cl   1        0.090835        0.115424        0.149588

     C    2       -0.514739        0.101852       -0.340078
     C    2        0.101852       -0.064652       -0.345419
     C    2       -0.340078       -0.345419        0.579391

     C    3       -0.035892        0.034511       -0.317316
     C    3        0.034511       -0.291291       -0.526410
     C    3       -0.317316       -0.526410        0.327183

     H    4       -0.535396       -0.066061       -0.417191
     H    4       -0.066061        0.306185       -0.175114
     H    4       -0.417191       -0.175114        0.229211

     C    5       -0.358175        0.340301       -0.187266
     C    5        0.340301       -0.089695       -0.374218
     C    5       -0.187266       -0.374218        0.447870

     H    6        0.234909       -0.027928       -0.379827
     H    6       -0.027928       -0.116567       -0.411819
     H    6       -0.379827       -0.411819       -0.118343

     H    7        0.467260        0.043986        0.185503
     H    7        0.043986       -0.035871        0.327499
     H    7        0.185503        0.327499       -0.431389

     C    8       -0.455982       -0.292456       -0.359632
     C    8       -0.292456        0.030640        0.394241
     C    8       -0.359632        0.394241        0.425342

     H    9        0.056122        0.109792       -0.394371
     H    9        0.109792        0.357552       -0.180482
     H    9       -0.394371       -0.180482       -0.413674

     C   10       -0.109454       -0.403292       -0.243600
     C   10       -0.403292       -0.255934        0.548262
     C   10       -0.243600        0.548262        0.365387

     C   11       -0.421648       -0.062036       -0.352806
     C   11       -0.062036       -0.012580        0.354813
     C   11       -0.352806        0.354813        0.434227

     Cl  12       -0.042046       -0.028727       -0.001386
     Cl  12       -0.028727       -0.016311        0.017382
     Cl  12       -0.001386        0.017382        0.058357

     H   13        0.507808       -0.025985        0.107594
     H   13       -0.025985        0.026688       -0.326351
     H   13        0.107594       -0.326351       -0.534496

     C   14       -0.392340        0.290558       -0.229037
     C   14        0.290558       -0.052169       -0.438902
     C   14       -0.229037       -0.438902        0.444509

     H   15       -0.051394       -0.106111       -0.481996
     H   15       -0.106111        0.325942        0.119573
     H   15       -0.481996        0.119573       -0.274547

     C   16       -0.086425        0.389314       -0.232765
     C   16        0.389314       -0.208684       -0.603887
     C   16       -0.232765       -0.603887        0.295108

     C   17       -0.209641        0.033222       -0.422108
     C   17        0.033222       -0.044422       -0.460672
     C   17       -0.422108       -0.460672        0.254063

     Cl  18       -0.116409        0.031273       -0.091654
     Cl  18        0.031273       -0.082802       -0.096706
     Cl  18       -0.091654       -0.096706        0.199211

     H   19        0.220791        0.202387       -0.214222
     H   19        0.202387       -0.315622        0.513720
     H   19       -0.214222        0.513720        0.094830

     C   20       -0.265387       -0.355824       -0.193403
     C   20       -0.355824       -0.202774        0.406943
     C   20       -0.193403        0.406943        0.468161

     H   21       -0.085046        0.137926       -0.511878
     H   21        0.137926        0.437229        0.129197
     H   21       -0.511878        0.129197       -0.352183

     C   22       -0.327897       -0.256393       -0.296151
     C   22       -0.256393       -0.135707        0.430237
     C   22       -0.296151        0.430237        0.463603

     C   23       -0.253285       -0.175073       -0.366218
     C   23       -0.175073       -0.136416        0.516148
     C   23       -0.366218        0.516148        0.389701

     Cl  24       -0.043050       -0.053033       -0.077162
     Cl  24       -0.053033        0.110044        0.110968
     Cl  24       -0.077162        0.110968       -0.066994

     ----- ionic term -----
     Cl   1        0.079939       -0.235940       -0.001990
     Cl   1       -0.235940        0.073874        0.012684
     Cl   1       -0.001990        0.012684       -0.153814

     C    2        0.169059       -0.241330        0.274811
     C    2       -0.241330        0.060384        0.421809
     C    2        0.274811        0.421809       -0.229442

     C    3        0.114357       -0.223861        0.151685
     C    3       -0.223861        0.093820        0.462682
     C    3        0.151685        0.462682       -0.208177

     H    4        0.590716        0.303666        0.676441
     H    4        0.303666       -0.452658        0.256633
     H    4        0.676441        0.256633       -0.138058

     C    5        0.273295       -0.182812        0.244178
     C    5       -0.182812       -0.036698        0.339583
     C    5        0.244178        0.339583       -0.236597

     H    6       -0.508590        0.180152        0.137073
     H    6        0.180152        0.458718        0.793446
     H    6        0.137073        0.793446        0.049872

     H    7       -0.531430        0.057112       -0.017169
     H    7        0.057112        0.326750       -0.796337
     H    7       -0.017169       -0.796337        0.204680

     C    8        0.215077        0.332938        0.286483
     C    8        0.332938       -0.030511       -0.279889
     C    8        0.286483       -0.279889       -0.184566

     H    9        0.328264       -0.081146        0.791512
     H    9       -0.081146       -0.523186       -0.151636
     H    9        0.791512       -0.151636        0.194922

     C   10        0.106923        0.359701        0.208026
     C   10        0.359701        0.065335       -0.347601
     C   10        0.208026       -0.347601       -0.172258

     C   11        0.306069        0.222972        0.255250
     C   11        0.222972       -0.032896       -0.359711
     C   11        0.255250       -0.359711       -0.273173

     Cl  12        0.164377        0.224573        0.017157
     Cl  12        0.224573       -0.011907        0.001177
     Cl  12        0.017157        0.001177       -0.152469

     H   13       -0.513252        0.028476        0.062516
     H   13        0.028476        0.519372        0.784555
     H   13        0.062516        0.784555       -0.006120

     C   14        0.318091       -0.276401        0.237730
     C   14       -0.276401       -0.033984        0.332630
     C   14        0.237730        0.332630       -0.284107

     H   15        0.495694        0.203267        0.759994
     H   15        0.203267       -0.509722        0.226625
     H   15        0.759994        0.226625        0.014027

     C   16        0.116073       -0.295824        0.149125
     C   16       -0.295824        0.081971        0.460341
     C   16        0.149125        0.460341       -0.198043

     C   17        0.209899       -0.175897        0.212405
     C   17       -0.175897       -0.032256        0.447731
     C   17        0.212405        0.447731       -0.177643

     Cl  18        0.141178       -0.178191       -0.032836
     Cl  18       -0.178191       -0.032721        0.020126
     Cl  18       -0.032836        0.020126       -0.108457

     H   19       -0.496020       -0.165419        0.099475
     H   19       -0.165419        0.648116       -0.706670
     H   19        0.099475       -0.706670       -0.152096

     C   20        0.347776        0.202903        0.291232
     C   20        0.202903        0.042601       -0.279593
     C   20        0.291232       -0.279593       -0.390377

     H   21        0.446320       -0.232298        0.758609
     H   21       -0.232298       -0.456425       -0.237084
     H   21        0.758609       -0.237084        0.010105

     C   22        0.149795        0.283098        0.226272
     C   22        0.283098        0.179747       -0.323273
     C   22        0.226272       -0.323273       -0.329542

     C   23        0.119150        0.245375        0.302179
     C   23        0.245375        0.124625       -0.308343
     C   23        0.302179       -0.308343       -0.243775

     Cl  24        0.104251        0.211519        0.013949
     Cl  24        0.211519        0.037589        0.004295
     Cl  24        0.013949        0.004295       -0.141840

     ----- GIPAW term -----
     Cl   1       -0.053989       -0.930160        1.200082
     Cl   1       -0.930160       -0.587725        1.673957
     Cl   1        1.200082        1.673957        0.641714

     C    2       -0.126313       -0.081753       -0.115913
     C    2       -0.081753       -0.115978       -0.028206
     C    2       -0.115913       -0.028206        0.242290

     C    3       -0.030063       -0.088446       -0.115918
     C    3       -0.088446       -0.001069       -0.006132
     C    3       -0.115918       -0.006132        0.031132

     H    4       -0.000000        0.000000        0.000000
     H    4        0.000000        0.000000        0.000000
     H    4        0.000000        0.000000        0.000000

     C    5       -0.012868       -0.003921        0.026078
     C    5       -0.003921       -0.027184       -0.096184
     C    5        0.026078       -0.096184        0.040052

     H    6       -0.000000        0.000000        0.000000
     H    6        0.000000        0.000000        0.000000
     H    6        0.000000        0.000000        0.000000

     H    7       -0.000000        0.000000        0.000000
     H    7        0.000000        0.000000        0.000000
     H    7        0.000000        0.000000        0.000000

     C    8       -0.087009       -0.067271       -0.068774
     C    8       -0.067271        0.016290        0.111794
     C    8       -0.068774        0.111794        0.070719

     H    9       -0.000000        0.000000        0.000000
     H    9        0.000000        0.000000        0.000000
     H    9        0.000000        0.000000        0.000000

     C   10       -0.028738       -0.113880       -0.093695
     C   10       -0.113880       -0.019260        0.136533
     C   10       -0.093695        0.136533        0.047999

     C   11       -0.053959        0.107295       -0.037955
     C   11        0.107295       -0.024767       -0.009438
     C   11       -0.037955       -0.009438        0.078725

     Cl  12        1.229079        2.228442       -0.039811
     Cl  12        2.228442       -0.021514        0.129549
     Cl  12       -0.039811        0.129549       -1.207565

     H   13       -0.000000        0.000000        0.000000
     H   13        0.000000        0.000000        0.000000
     H   13        0.000000        0.000000        0.000000

     C   14       -0.143907        0.059462       -0.062969
     C   14        0.059462       -0.058540       -0.208590
     C   14       -0.062969       -0.208590        0.202448

     H   15       -0.000000        0.000000        0.000000
     H   15        0.000000        0.000000        0.000000
     H   15        0.000000        0.000000        0.000000

     C   16       -0.056143        0.128676       -0.094404
     C   16        0.128676        0.034291       -0.182097
     C   16       -0.094404       -0.182097        0.021852

     C   17        0.062650       -0.099131       -0.069581
     C   17       -0.099131        0.011039       -0.060890
     C   17       -0.069581       -0.060890       -0.073689

     Cl  18        0.160355       -1.684325       -1.072249
     Cl  18       -1.684325       -0.917479       -0.946902
     Cl  18       -1.072249       -0.946902        0.757125

     H   19       -0.000000        0.000000        0.000000
     H   19        0.000000        0.000000        0.000000
     H   19        0.000000        0.000000        0.000000

     C   20        0.002125       -0.066197        0.020484
     C   20       -0.066197       -0.088955        0.085436
     C   20        0.020484        0.085436        0.086830

     H   21       -0.000000        0.000000        0.000000
     H   21        0.000000        0.000000        0.000000
     H   21        0.000000        0.000000        0.000000

     C   22       -0.112670       -0.025095       -0.059802
     C   22       -0.025095       -0.024286        0.066293
     C   22       -0.059802        0.066293        0.136956

     C   23       -0.041577        0.072080       -0.077209
     C   23        0.072080        0.002112        0.178329
     C   23       -0.077209        0.178329        0.039464

     Cl  24        0.677863        1.430368       -0.556784
     Cl  24        1.430368        1.266869        1.104932
     Cl  24       -0.556784        1.104932       -1.944732

     ----- total EFG -----
     Cl   1       -0.072590       -1.075620        1.288926
     Cl   1       -1.075620       -0.564899        1.802065
     Cl   1        1.288926        1.802065        0.637488

     C    2       -0.471993       -0.221231       -0.181179
     C    2       -0.221231       -0.120247        0.048185
     C    2       -0.181179        0.048185        0.592239

     C    3        0.048403       -0.277796       -0.281549
     C    3       -0.277796       -0.198540       -0.069860
     C    3       -0.281549       -0.069860        0.150138

     H    4        0.055320        0.237606        0.259250
     H    4        0.237606       -0.146474        0.081519
     H    4        0.259250        0.081519        0.091153

     C    5       -0.097747        0.153568        0.082991
     C    5        0.153568       -0.153578       -0.130818
     C    5        0.082991       -0.130818        0.251325

     H    6       -0.273680        0.152224       -0.242753
     H    6        0.152224        0.342151        0.381627
     H    6       -0.242753        0.381627       -0.068471

     H    7       -0.064170        0.101099        0.168335
     H    7        0.101099        0.290879       -0.468838
     H    7        0.168335       -0.468838       -0.226708

     C    8       -0.327914       -0.026789       -0.141923
     C    8       -0.026789        0.016419        0.226147
     C    8       -0.141923        0.226147        0.311495

     H    9        0.384386        0.028646        0.397141
     H    9        0.028646       -0.165633       -0.332118
     H    9        0.397141       -0.332118       -0.218752

     C   10       -0.031268       -0.157470       -0.129269
     C   10       -0.157470       -0.209859        0.337193
     C   10       -0.129269        0.337193        0.241128

     C   11       -0.169537        0.268232       -0.135511
     C   11        0.268232       -0.070243       -0.014335
     C   11       -0.135511       -0.014335        0.239780

     Cl  12        1.351409        2.424288       -0.024041
     Cl  12        2.424288       -0.049732        0.148108
     Cl  12       -0.024041        0.148108       -1.301677

     H   13       -0.005444        0.002490        0.170110
     H   13        0.002490        0.546060        0.458204
     H   13        0.170110        0.458204       -0.540616

     C   14       -0.218155        0.073619       -0.054276
     C   14        0.073619       -0.144694       -0.314863
     C   14       -0.054276       -0.314863        0.362850

     H   15        0.444300        0.097156        0.277999
     H   15        0.097156       -0.183780        0.346198
     H   15        0.277999        0.346198       -0.260520

     C   16       -0.026495        0.222165       -0.178044
     C   16        0.222165       -0.092422       -0.325643
     C   16       -0.178044       -0.325643        0.118917

     C   17        0.062908       -0.241806       -0.279284
     C   17       -0.241806       -0.065639       -0.073830
     C   17       -0.279284       -0.073830        0.002731

     Cl  18        0.185123       -1.831243       -1.196739
     Cl  18       -1.831243       -1.033002       -1.023481
     Cl  18       -1.196739       -1.023481        0.847878

     H   19       -0.275229        0.036968       -0.114747
     H   19        0.036968        0.332494       -0.192950
     H   19       -0.114747       -0.192950       -0.057266

     C   20        0.084514       -0.219118        0.118313
     C   20       -0.219118       -0.249127        0.212786
     C   20        0.118313        0.212786        0.164613

     H   21        0.361274       -0.094372        0.246731
     H   21       -0.094372       -0.019196       -0.107887
     H   21        0.246731       -0.107887       -0.342078

     C   22       -0.290772        0.001609       -0.129682
     C   22        0.001609        0.019755        0.173257
     C   22       -0.129682        0.173257        0.271017

     C   23       -0.175712        0.142383       -0.141248
     C   23        0.142383       -0.009678        0.386134
     C   23       -0.141248        0.386134        0.185390

     Cl  24        0.739064        1.588854       -0.619997
     Cl  24        1.588854        1.414502        1.220195
     Cl  24       -0.619997        1.220195       -2.153565

     ----- total EFG (symmetrized) -----
     Cl   1       -0.072590       -1.075620        1.288926
     Cl   1       -1.075620       -0.564899        1.802065
     Cl   1        1.288926        1.802065        0.637488

     C    2       -0.471993       -0.221231       -0.181179
     C    2       -0.221231       -0.120247        0.048185
     C    2       -0.181179        0.048185        0.592239

     C    3        0.048403       -0.277796       -0.281549
     C    3       -0.277796       -0.198540       -0.069860
     C    3       -0.281549       -0.069860        0.150138

     H    4        0.055320        0.237606        0.259250
     H    4        0.237606       -0.146474        0.081519
     H    4        0.259250        0.081519        0.091153

     C    5       -0.097747        0.153568        0.082991
     C    5        0.153568       -0.153578       -0.130818
     C    5        0.082991       -0.130818        0.251325

     H    6       -0.273680        0.152224       -0.242753
     H    6        0.152224        0.342151        0.381627
     H    6       -0.242753        0.381627       -0.068471

     H    7       -0.064170        0.101099        0.168335
     H    7        0.101099        0.290879       -0.468838
     H    7        0.168335       -0.468838       -0.226708

     C    8       -0.327914       -0.026789       -0.141923
     C    8       -0.026789        0.016419        0.226147
     C    8       -0.141923        0.226147        0.311495

     H    9        0.384386        0.028646        0.397141
     H    9        0.028646       -0.165633       -0.332118
     H    9        0.397141       -0.332118       -0.218752

     C   10       -0.031268       -0.157470       -0.129269
     C   10       -0.157470       -0.209859        0.337193
     C   10       -0.129269        0.337193        0.241128

     C   11       -0.169537        0.268232       -0.135511
     C   11        0.268232       -0.070243       -0.014335
     C   11       -0.135511       -0.014335        0.239780

     Cl  12        1.351409        2.424288       -0.024041
     Cl  12        2.424288       -0.049732        0.148108
     Cl  12       -0.024041        0.148108       -1.301677

     H   13       -0.005444        0.002490        0.170110
     H   13        0.002490        0.546060        0.458204
     H   13        0.170110        0.458204       -0.540616

     C   14       -0.218155        0.073619       -0.054276
     C   14        0.073619       -0.144694       -0.314863
     C   14       -0.054276       -0.314863        0.362850

     H   15        0.444300        0.097156        0.277999
     H   15        0.097156       -0.183780        0.346198
     H   15        0.277999        0.346198       -0.260520

     C   16       -0.026495        0.222165       -0.178044
     C   16        0.222165       -0.092422       -0.325643
     C   16       -0.178044       -0.325643        0.118917

     C   17        0.062908       -0.241806       -0.279284
     C   17       -0.241806       -0.065639       -0.073830
     C   17       -0.279284       -0.073830        0.002731

     Cl  18        0.185123       -1.831243       -1.196739
     Cl  18       -1.831243       -1.033002       -1.023481
     Cl  18       -1.196739       -1.023481        0.847878

     H   19       -0.275229        0.036968       -0.114747
     H   19        0.036968        0.332494       -0.192950
     H   19       -0.114747       -0.192950       -0.057266

     C   20        0.084514       -0.219118        0.118313
     C   20       -0.219118       -0.249127        0.212786
     C   20        0.118313        0.212786        0.164613

     H   21        0.361274       -0.094372        0.246731
     H   21       -0.094372       -0.019196       -0.107887
     H   21        0.246731       -0.107887       -0.342078

     C   22       -0.290772        0.001609       -0.129682
     C   22        0.001609        0.019755        0.173257
     C   22       -0.129682        0.173257        0.271017

     C   23       -0.175712        0.142383       -0.141248
     C   23        0.142383       -0.009678        0.386134
     C   23       -0.141248        0.386134        0.185390

     Cl  24        0.739064        1.588854       -0.619997
     Cl  24        1.588854        1.414502        1.220195
     Cl  24       -0.619997        1.220195       -2.153565


     NQR/NMR SPECTROSCOPIC PARAMETERS:
     Cl   1    Vxx=    0.7783    axis=( -0.814159  0.578020 -0.055116)
     Cl   1    Vyy=    2.0556    axis=(  0.273945  0.466078  0.841264)
     Cl   1    Vzz=   -2.8339    axis=( -0.511956 -0.669824  0.537807)
     Cl   1  Q=        -8.1650 1e-30 m^2  Cq=        54.3670 MHz  eta= 0.45071

     C    2    Vxx=   -0.0359    axis=( -0.384400  0.905384 -0.180324)
     C    2    Vyy=   -0.5961    axis=( -0.904741 -0.408302 -0.121381)
     C    2    Vzz=    0.6321    axis=( -0.183523  0.116487  0.976089)
     C    2  Q=         1.0000 1e-30 m^2  Cq=         1.4851 MHz  eta= 0.88635

     C    3    Vxx=    0.0441    axis=( -0.403866  0.648140 -0.645606)
     C    3    Vyy=    0.4161    axis=( -0.697523  0.238447  0.675725)
     C    3    Vzz=   -0.4603    axis=(  0.591907  0.723228  0.355792)
     C    3  Q=         1.0000 1e-30 m^2  Cq=        -1.0814 MHz  eta= 0.80817

     H    4    Vxx=   -0.0997    axis=( -0.364987 -0.567332  0.738186)
     H    4    Vyy=   -0.3234    axis=(  0.631952 -0.733218 -0.251053)
     H    4    Vzz=    0.4230    axis=(  0.683682  0.374867  0.626142)
     H    4  Q=         1.0000 1e-30 m^2  Cq=         0.9940 MHz  eta= 0.52873

     C    5    Vxx=    0.0291    axis=(  0.786872  0.613441  0.067248)
     C    5    Vyy=    0.2939    axis=( -0.108303  0.244552 -0.963569)
     C    5    Vzz=   -0.3229    axis=( -0.607538  0.750922  0.258869)
     C    5  Q=         1.0000 1e-30 m^2  Cq=        -0.7587 MHz  eta= 0.81998

     H    6    Vxx=    0.0016    axis=( -0.720984 -0.348725  0.598810)
     H    6    Vyy=    0.5702    axis=( -0.008213 -0.859783 -0.510594)
     H    6    Vzz=   -0.5718    axis=( -0.692903  0.373048 -0.617025)
     H    6  Q=         1.0000 1e-30 m^2  Cq=        -1.3435 MHz  eta= 0.99453

     H    7    Vxx=    0.0108    axis=(  0.934209  0.179154  0.308474)
     H    7    Vyy=    0.5676    axis=(  0.002516  0.861410 -0.507905)
     H    7    Vzz=   -0.5784    axis=( -0.356716  0.475265  0.804286)
     H    7  Q=         1.0000 1e-30 m^2  Cq=        -1.3590 MHz  eta= 0.96265

     C    8    Vxx=   -0.0987    axis=(  0.163949  0.886782 -0.432133)
     C    8    Vyy=   -0.3594    axis=(  0.971165 -0.068231  0.228437)
     C    8    Vzz=    0.4582    axis=( -0.173089  0.457124  0.872398)
     C    8  Q=         1.0000 1e-30 m^2  Cq=         1.0765 MHz  eta= 0.56898

     H    9    Vxx=    0.0256    axis=(  0.409875  0.805299 -0.428364)
     H    9    Vyy=    0.6035    axis=(  0.856145 -0.177638  0.485243)
     H    9    Vzz=   -0.6291    axis=(  0.314672 -0.565631 -0.762262)
     H    9  Q=         1.0000 1e-30 m^2  Cq=        -1.4782 MHz  eta= 0.91859

     C   10    Vxx=   -0.0819    axis=(  0.911365 -0.042822  0.409365)
     C   10    Vyy=   -0.4082    axis=( -0.226902 -0.882068  0.412882)
     C   10    Vzz=    0.4901    axis=( -0.343407  0.469172  0.813603)
     C   10  Q=         1.0000 1e-30 m^2  Cq=         1.1516 MHz  eta= 0.66567

     C   11    Vxx=    0.0946    axis=(  0.470035  0.720469  0.509893)
     C   11    Vyy=    0.3124    axis=( -0.419578 -0.325859  0.847213)
     C   11    Vzz=   -0.4070    axis=(  0.776544 -0.612160  0.149128)
     C   11  Q=         1.0000 1e-30 m^2  Cq=        -0.9563 MHz  eta= 0.53511

     Cl  12    Vxx=   -1.2733    axis=( -0.142270  0.163714  0.976195)
     Cl  12    Vyy=   -1.9021    axis=( -0.584379  0.782113 -0.216332)
     Cl  12    Vzz=    3.1754    axis=( -0.798912 -0.601246 -0.015600)
     Cl  12  Q=        -8.1650 1e-30 m^2  Cq=       -60.9187 MHz  eta= 0.19800

     H   13    Vxx=    0.0237    axis=(  0.973623 -0.153068  0.169200)
     H   13    Vyy=    0.7187    axis=(  0.085629  0.932504  0.350862)
     H   13    Vzz=   -0.7424    axis=( -0.211485 -0.327119  0.921014)
     H   13  Q=         1.0000 1e-30 m^2  Cq=        -1.7444 MHz  eta= 0.93608

     C   14    Vxx=   -0.2064    axis=( -0.895717 -0.347372 -0.277532)
     C   14    Vyy=   -0.3159    axis=(  0.431129 -0.831176 -0.351104)
     C   14    Vzz=    0.5223    axis=( -0.108714 -0.434142  0.894261)
     C   14  Q=         1.0000 1e-30 m^2  Cq=         1.2272 MHz  eta= 0.20957

     H   15    Vxx=   -0.0095    axis=(  0.462484 -0.733023 -0.498785)
     H   15    Vyy=   -0.5919    axis=( -0.148910 -0.618791  0.771313)
     H   15    Vzz=    0.6014    axis=( -0.874033 -0.282446 -0.395335)
     H   15  Q=         1.0000 1e-30 m^2  Cq=         1.4131 MHz  eta= 0.96838

     C   16    Vxx=   -0.1461    axis=( -0.825423 -0.008045 -0.564457)
     C   16    Vyy=   -0.3545    axis=( -0.318036  0.832742  0.453204)
     C   16    Vzz=    0.5006    axis=(  0.466401  0.553603 -0.689923)
     C   16  Q=         1.0000 1e-30 m^2  Cq=         1.1762 MHz  eta= 0.41634

     C   17    Vxx=    0.0371    axis=(  0.116355 -0.745527  0.656240)
     C   17    Vyy=    0.3623    axis=(  0.774070 -0.345925 -0.530238)
     C   17    Vzz=   -0.3994    axis=( -0.622316 -0.569671 -0.536840)
     C   17  Q=         1.0000 1e-30 m^2  Cq=        -0.9384 MHz  eta= 0.81426

     Cl  18    Vxx=    1.1400    axis=(  0.380897 -0.636750  0.670423)
     Cl  18    Vyy=    1.8318    axis=(  0.730078 -0.237806 -0.640651)
     Cl  18    Vzz=   -2.9718    axis=( -0.567365 -0.733483 -0.374298)
     Cl  18  Q=        -8.1650 1e-30 m^2  Cq=        57.0123 MHz  eta= 0.23276

     H   19    Vxx=   -0.0930    axis=(  0.427358 -0.403920 -0.808835)
     H   19    Vyy=   -0.3278    axis=( -0.896920 -0.077030 -0.435431)
     H   19    Vzz=    0.4208    axis=(  0.113575  0.911545 -0.395203)
     H   19  Q=         1.0000 1e-30 m^2  Cq=         0.9886 MHz  eta= 0.55797

     C   20    Vxx=    0.1914    axis=( -0.857602  0.494617  0.140971)
     C   20    Vyy=    0.2620    axis=(  0.298284  0.255041  0.919772)
     C   20    Vzz=   -0.4534    axis=( -0.418982 -0.830848  0.366260)
     C   20  Q=         1.0000 1e-30 m^2  Cq=        -1.0654 MHz  eta= 0.15558

     H   21    Vxx=   -0.0363    axis=(  0.289392  0.951730 -0.102287)
     H   21    Vyy=   -0.4339    axis=(  0.271285 -0.184026 -0.944743)
     H   21    Vzz=    0.4702    axis=( -0.917963  0.245652 -0.311446)
     H   21  Q=         1.0000 1e-30 m^2  Cq=         1.1049 MHz  eta= 0.84563

     C   22    Vxx=   -0.0550    axis=( -0.219662 -0.894994  0.388245)
     C   22    Vyy=   -0.3243    axis=( -0.960505  0.128724 -0.246698)
     C   22    Vzz=    0.3793    axis=( -0.170816  0.427101  0.887922)
     C   22  Q=         1.0000 1e-30 m^2  Cq=         0.8912 MHz  eta= 0.70995

     C   23    Vxx=   -0.0336    axis=(  0.811229  0.483352 -0.329055)
     C   23    Vyy=   -0.4535    axis=( -0.583423  0.631519 -0.510687)
     C   23    Vzz=    0.4871    axis=( -0.039037  0.606263  0.794305)
     C   23  Q=         1.0000 1e-30 m^2  Cq=         1.1444 MHz  eta= 0.86210

     Cl  24    Vxx=    0.1081    axis=( -0.747376  0.477176  0.462312)
     Cl  24    Vyy=    2.7711    axis=( -0.587409 -0.799704 -0.124193)
     Cl  24    Vzz=   -2.8792    axis=(  0.310451 -0.364385  0.877977)
     Cl  24  Q=        -8.1650 1e-30 m^2  Cq=        55.2362 MHz  eta= 0.92488

     Initialization:
     gipaw_setup  :      8.94s CPU     10.65s WALL (       1 calls)

     Linear response

     Apply operators

     Induced current

     Other routines
     efg          :      9.08s CPU     11.47s WALL (       1 calls)

     General routines
     calbec       :      3.18s CPU      4.28s WALL (      16 calls)
     fft          :      1.99s CPU      3.53s WALL (      15 calls)
     ffts         :      0.03s CPU      0.04s WALL (       2 calls)
     fftw         :      3.16s CPU      3.83s WALL (     672 calls)
     davcio       :      0.04s CPU      0.33s WALL (      32 calls)

     Parallel routines
     fft_scatter  :      2.60s CPU      4.58s WALL (     689 calls)

     Plugins

     GIPAW        :     59.89s CPU     74.90s WALL (       1 calls)
