
     Program QE v.6.0 (svn rev. 13079) starts on 18Jan2017 at 14: 5:42 

     This program is part of the open-source Quantum ESPRESSO suite
     for quantum simulation of materials; please cite
         "P. Giannozzi et al., J. Phys.:Condens. Matter 21 395502 (2009);
          URL http://www.quantum-espresso.org", 
     in publications or presentations arising from this work. More details at
     http://www.quantum-espresso.org/quote

     Parallel version (MPI), running on     8 processors
     R & G space division:  proc/nbgrp/npool/nimage =       8

     ***** This is GIPAW svn revision unknown      *****

     Parallelizing q-star over 1 images

     Reading data from directory:
     /users/majewski/paradichlorobenzene/pbe/9_constraint/scratch/pbe.ecut100.np8.dt60.pcl2phi-129368.save
     Message from routine read_xml_file:
     file /users/majewski/paradichlorobenzene/pbe/9_constraint/scratch/pbe.ecut100.np8.dt60.pcl2phi-129368.save not guaranteed to be safe for post-processing

   Info: using nr1, nr2, nr3 values from input

   Info: using nr1, nr2, nr3 values from input

     IMPORTANT: XC functional enforced from input :
     Exchange-correlation      =  SLA  PW   PBX  PBC ( 1  4  3  4 0 0)
     Any further DFT definition will be discarded
     Please, verify this is what you really want

               file C.pbe-n-kjpaw_psl.1.0.0.UPF: wavefunction(s)  2S 2P renormalized
               file Cl.pbe-n-kjpaw_psl.1.0.0.UPF: wavefunction(s)  3S 3P renormalized
               file H.pbe-kjpaw_psl.1.0.0.UPF: wavefunction(s)  1S renormalized

     Parallelization info
     --------------------
     sticks:   dense  smooth     PW     G-vecs:    dense   smooth      PW
     Min        3057    1223    332               144436    36536    5170
     Max        3059    1225    333               144437    36537    5171
     Sum       24467    9791   2657              1155489   292295   41363


     Subspace diagonalization in iterative solution of the eigenvalue problem:
     a serial algorithm will be used

     GIPAW projectors -----------------------------------------------
     atom=  C    l=0  rc=    1.2000  rs=    0.8000
     atom=  C    l=0  rc=    1.2000  rs=    0.8000
     atom=  C    l=1  rc=    1.4000  rs=    0.9333
     atom=  C    l=1  rc=    1.4000  rs=    0.9333
     projs nearly linearly dependent: l=1  n1,n2= 1, 2  s=  0.99951561

     atom=  Cl   l=0  rc=    1.6000  rs=    1.0667
     atom=  Cl   l=0  rc=    1.6000  rs=    1.0667
     atom=  Cl   l=1  rc=    1.6000  rs=    1.0667
     atom=  Cl   l=1  rc=    1.6000  rs=    1.0667
     atom=  Cl   l=2  rc=    1.6000  rs=    1.0667
     atom=  Cl   l=2  rc=    1.6000  rs=    1.0667
     projs nearly linearly dependent: l=2  n1,n2= 1, 2  s=  0.99993509

     atom=  H    l=0  rc=    1.0000  rs=    0.6667
     atom=  H    l=0  rc=    1.0000  rs=    0.6667
     projs nearly linearly dependent: l=0  n1,n2= 1, 2  s=  0.99968852
     -----------------------------------------------------------------

     GIPAW integrals: -------------------------------------------
     Atom  i/j   nmr_para   nmr_dia   epr_rmc  epr_para   epr_dia
       C   1 1   0.83E+03  0.17E-01  0.93E+01  0.24E+08  0.24E+03
       C   2 1   0.86E+03 -0.61E-01  0.94E+01  0.25E+08  0.25E+03
       C   2 2   0.90E+03 -0.15E+00  0.97E+01  0.26E+08  0.26E+03
       C   3 3   0.33E+01  0.34E+00  0.18E+01  0.55E+03  0.21E+02
       C   4 3   0.35E+01  0.37E+00  0.20E+01  0.59E+03  0.22E+02
       C   4 4   0.38E+01  0.39E+00  0.22E+01  0.63E+03  0.24E+02
       Cl  1 1   0.14E+04 -0.47E+00  0.84E+01  0.32E+09  0.42E+03
       Cl  2 1   0.21E+04 -0.37E+00  0.12E+02  0.49E+09  0.65E+03
       Cl  2 2   0.33E+04 -0.16E+00  0.21E+02  0.76E+09  0.10E+04
       Cl  3 3   0.21E+02  0.79E-01  0.89E+01  0.23E+05  0.13E+03
       Cl  4 3   0.24E+02  0.67E-01  0.99E+01  0.27E+05  0.15E+03
       Cl  4 4   0.28E+02  0.44E-01  0.11E+02  0.32E+05  0.18E+03
       Cl  5 5   0.77E+00  0.19E+00  0.18E+01  0.12E+03  0.22E+02
       Cl  6 5   0.80E+00  0.19E+00  0.19E+01  0.12E+03  0.23E+02
       Cl  6 6   0.83E+00  0.20E+00  0.19E+01  0.12E+03  0.23E+02
       H   1 1   0.39E+02  0.19E+00  0.29E+00  0.78E+05  0.13E+02
       H   2 1   0.41E+02  0.21E+00  0.32E+00  0.82E+05  0.14E+02
       H   2 2   0.43E+02  0.22E+00  0.36E+00  0.86E+05  0.15E+02
     ------------------------------------------------------------

     alpha_pv=     34.2274 eV

     Number of occupied bands for each k-point:
     k-point:     1    nbnd_occ=  42
     k-point:     2    nbnd_occ=  42
     k-point:     3    nbnd_occ=  42
     k-point:     4    nbnd_occ=  42
     k-point:     5    nbnd_occ=  42
     k-point:     6    nbnd_occ=  42
     k-point:     7    nbnd_occ=  42
     k-point:     8    nbnd_occ=  42
     k-point:     9    nbnd_occ=  42
     k-point:    10    nbnd_occ=  42
     k-point:    11    nbnd_occ=  42
     k-point:    12    nbnd_occ=  42
     k-point:    13    nbnd_occ=  42
     k-point:    14    nbnd_occ=  42
     k-point:    15    nbnd_occ=  42
     k-point:    16    nbnd_occ=  42


     q-space interpolation up to   110.00 Rydberg

     GIPAW job: efg                                                                             


     ELECTRIC FIELD GRADIENTS TENSORS IN Hartree/bohrradius^2:

     ----- bare term -----
     Cl   1       -0.123627        0.179610       -0.010714
     Cl   1        0.179610       -0.024022       -0.002616
     Cl   1       -0.010714       -0.002616        0.147648

     C    2       -0.027561       -0.005091       -0.484991
     C    2       -0.005091       -0.249982       -0.434662
     C    2       -0.484991       -0.434662        0.277543

     C    3        0.028245        0.448271       -0.181687
     C    3        0.448271       -0.278082       -0.265550
     C    3       -0.181687       -0.265550        0.249837

     H    4        0.118768       -0.079141       -0.181522
     H    4       -0.079141        0.486248       -0.016223
     H    4       -0.181522       -0.016223       -0.605016

     C    5       -0.143274        0.036396       -0.548846
     C    5        0.036396       -0.045677       -0.416802
     C    5       -0.548846       -0.416802        0.188951

     H    6        0.090817        0.117090        0.268790
     H    6        0.117090       -0.124135       -0.510617
     H    6        0.268790       -0.510617        0.033319

     H    7        0.194310        0.217075       -0.117052
     H    7        0.217075       -0.408450        0.475562
     H    7       -0.117052        0.475562        0.214140

     C    8       -0.401931       -0.297515       -0.239394
     C    8       -0.297515       -0.084499        0.458014
     C    8       -0.239394        0.458014        0.486430

     H    9       -0.284167        0.115862       -0.547020
     H    9        0.115862        0.286953        0.057320
     H    9       -0.547020        0.057320       -0.002787

     C   10       -0.076896       -0.400441       -0.209945
     C   10       -0.400441       -0.254509        0.570274
     C   10       -0.209945        0.570274        0.331405

     C   11       -0.143411       -0.159180       -0.561998
     C   11       -0.159180       -0.025562        0.467588
     C   11       -0.561998        0.467588        0.168973

     Cl  12       -0.023262       -0.234668       -0.141336
     Cl  12       -0.234668       -0.032281        0.100203
     Cl  12       -0.141336        0.100203        0.055543

     H   13        0.467226       -0.179198        0.011136
     H   13       -0.179198       -0.716666       -0.035028
     H   13        0.011136       -0.035028        0.249439

     C   14       -0.326036        0.273135       -0.355988
     C   14        0.273135       -0.137341       -0.414717
     C   14       -0.355988       -0.414717        0.463377

     H   15       -0.262153       -0.298097       -0.486615
     H   15       -0.298097        0.181107       -0.317775
     H   15       -0.486615       -0.317775        0.081045

     C   16       -0.402952        0.352943       -0.294186
     C   16        0.352943        0.005195       -0.411131
     C   16       -0.294186       -0.411131        0.397757

     C   17       -0.075229        0.226708       -0.158575
     C   17        0.226708       -0.341444       -0.484013
     C   17       -0.158575       -0.484013        0.416674

     Cl  18       -0.091716        0.030661       -0.095418
     Cl  18        0.030661       -0.036354       -0.125843
     Cl  18       -0.095418       -0.125843        0.128070

     H   19        0.215850        0.416734        0.108813
     H   19        0.416734       -0.548804        0.143878
     H   19        0.108813        0.143878        0.332954

     C   20       -0.123876       -0.458448       -0.310539
     C   20       -0.458448       -0.296786        0.328248
     C   20       -0.310539        0.328248        0.420662

     H   21       -0.342539       -0.013974       -0.553889
     H   21       -0.013974        0.243014        0.032648
     H   21       -0.553889        0.032648        0.099525

     C   22       -0.058759       -0.082364       -0.380610
     C   22       -0.082364       -0.308692        0.515376
     C   22       -0.380610        0.515376        0.367450

     C   23       -0.348032       -0.152085       -0.376856
     C   23       -0.152085       -0.110564        0.436419
     C   23       -0.376856        0.436419        0.458596

     Cl  24       -0.023458       -0.052742       -0.002943
     Cl  24       -0.052742        0.129154       -0.040807
     Cl  24       -0.002943       -0.040807       -0.105696

     ----- ionic term -----
     Cl   1        0.194861       -0.210707        0.053347
     Cl   1       -0.210707       -0.050215       -0.016965
     Cl   1        0.053347       -0.016965       -0.144646

     C    2        0.194792       -0.179328        0.345806
     C    2       -0.179328        0.086412        0.425074
     C    2        0.345806        0.425074       -0.281205

     C    3       -0.028367       -0.306864        0.277754
     C    3       -0.306864        0.247518        0.380809
     C    3        0.277754        0.380809       -0.219150

     H    4        0.229665        0.204069        0.810383
     H    4        0.204069       -0.445602        0.298324
     H    4        0.810383        0.298324        0.215937

     C    5        0.129344       -0.238873        0.377205
     C    5       -0.238873        0.101838        0.254670
     C    5        0.377205        0.254670       -0.231182

     H    6       -0.535484       -0.024633        0.018155
     H    6       -0.024633        0.605547        0.713654
     H    6        0.018155        0.713654       -0.070062

     H    7       -0.456283       -0.288134        0.111109
     H    7       -0.288134        0.862254       -0.475195
     H    7        0.111109       -0.475195       -0.405971

     C    8        0.280579        0.205121        0.223108
     C    8        0.205121        0.102090       -0.270666
     C    8        0.223108       -0.270666       -0.382669

     H    9        0.599445       -0.277149        0.728823
     H    9       -0.277149       -0.441013       -0.253403
     H    9        0.728823       -0.253403       -0.158432

     C   10        0.144528        0.237250        0.161399
     C   10        0.237250        0.238533       -0.413504
     C   10        0.161399       -0.413504       -0.383061

     C   11        0.199201        0.192551        0.291073
     C   11        0.192551        0.162846       -0.361699
     C   11        0.291073       -0.361699       -0.362047

     Cl  12        0.132995        0.228591        0.010007
     Cl  12        0.228591        0.024580       -0.000887
     Cl  12        0.010007       -0.000887       -0.157575

     H   13       -0.521790        0.031058        0.002045
     H   13        0.031058        0.743322        0.650681
     H   13        0.002045        0.650681       -0.221532

     C   14        0.231477       -0.204370        0.361472
     C   14       -0.204370        0.109132        0.265460
     C   14        0.361472        0.265460       -0.340609

     H   15        0.452743        0.282411        0.752055
     H   15        0.282411       -0.404253        0.257236
     H   15        0.752055        0.257236       -0.048490

     C   16        0.111870       -0.278910        0.280556
     C   16       -0.278910        0.264362        0.284584
     C   16        0.280556        0.284584       -0.376231

     C   17        0.044556       -0.203795        0.361989
     C   17       -0.203795        0.241956        0.312396
     C   17        0.361989        0.312396       -0.286513

     Cl  18        0.093691       -0.194654        0.050056
     Cl  18       -0.194654        0.054653       -0.032217
     Cl  18        0.050056       -0.032217       -0.148344

     H   19       -0.506882       -0.141947        0.066961
     H   19       -0.141947        0.786275       -0.597931
     H   19        0.066961       -0.597931       -0.279393

     C   20        0.239918        0.219343        0.282753
     C   20        0.219343        0.125624       -0.260491
     C   20        0.282753       -0.260491       -0.365543

     H   21        0.413365       -0.124569        0.813191
     H   21       -0.124569       -0.509280       -0.178994
     H   21        0.813191       -0.178994        0.095916

     C   22        0.060575        0.284966        0.235600
     C   22        0.284966        0.195141       -0.383637
     C   22        0.235600       -0.383637       -0.255716

     C   23        0.113974        0.202367        0.289476
     C   23        0.202367        0.163994       -0.369465
     C   23        0.289476       -0.369465       -0.277968

     Cl  24        0.078605        0.197240        0.016798
     Cl  24        0.197240        0.070194        0.012318
     Cl  24        0.016798        0.012318       -0.148799

     ----- GIPAW term -----
     Cl   1       -0.969799       -0.974909       -0.593862
     Cl   1       -0.974909       -1.366838        0.566012
     Cl   1       -0.593862        0.566012        2.336636

     C    2        0.012434       -0.023009       -0.198928
     C    2       -0.023009       -0.109761       -0.125168
     C    2       -0.198928       -0.125168        0.097327

     C    3        0.057844        0.104148       -0.150541
     C    3        0.104148       -0.101232       -0.068007
     C    3       -0.150541       -0.068007        0.043389

     H    4       -0.000000        0.000000        0.000000
     H    4        0.000000        0.000000        0.000000
     H    4        0.000000        0.000000        0.000000

     C    5        0.166463        0.015652       -0.165909
     C    5        0.015652       -0.113515       -0.081270
     C    5       -0.165909       -0.081270       -0.052948

     H    6       -0.000000        0.000000        0.000000
     H    6        0.000000        0.000000        0.000000
     H    6        0.000000        0.000000        0.000000

     H    7       -0.000000        0.000000        0.000000
     H    7        0.000000        0.000000        0.000000
     H    7        0.000000        0.000000        0.000000

     C    8       -0.138347       -0.054763       -0.048730
     C    8       -0.054763       -0.066574        0.198756
     C    8       -0.048730        0.198756        0.204922

     H    9       -0.000000        0.000000        0.000000
     H    9        0.000000        0.000000        0.000000
     H    9        0.000000        0.000000        0.000000

     C   10       -0.026197       -0.119770       -0.065147
     C   10       -0.119770        0.012186        0.127517
     C   10       -0.065147        0.127517        0.014011

     C   11        0.053232       -0.056166       -0.193250
     C   11       -0.056166        0.021215        0.164462
     C   11       -0.193250        0.164462       -0.074448

     Cl  12        1.421053        0.264342       -1.359862
     Cl  12        0.264342       -0.101730        1.030641
     Cl  12       -1.359862        1.030641       -1.319322

     H   13       -0.000000        0.000000        0.000000
     H   13        0.000000        0.000000        0.000000
     H   13        0.000000        0.000000        0.000000

     C   14       -0.077694        0.110011       -0.142533
     C   14        0.110011       -0.047305       -0.197217
     C   14       -0.142533       -0.197217        0.125000

     H   15       -0.000000        0.000000        0.000000
     H   15        0.000000        0.000000        0.000000
     H   15        0.000000        0.000000        0.000000

     C   16       -0.128828        0.091051       -0.081912
     C   16        0.091051        0.106141       -0.085092
     C   16       -0.081912       -0.085092        0.022687

     C   17        0.069639       -0.072742        0.053412
     C   17       -0.072742       -0.106300       -0.058224
     C   17        0.053412       -0.058224        0.036661

     Cl  18       -0.287199       -1.409114       -0.781436
     Cl  18       -1.409114       -0.154831       -1.989480
     Cl  18       -0.781436       -1.989480        0.442030

     H   19       -0.000000        0.000000        0.000000
     H   19        0.000000        0.000000        0.000000
     H   19        0.000000        0.000000        0.000000

     C   20        0.134101       -0.141204       -0.141720
     C   20       -0.141204       -0.142152        0.085297
     C   20       -0.141720        0.085297        0.008051

     H   21       -0.000000        0.000000        0.000000
     H   21        0.000000        0.000000        0.000000
     H   21        0.000000        0.000000        0.000000

     C   22        0.016999        0.042624       -0.170497
     C   22        0.042624       -0.083086        0.052958
     C   22       -0.170497        0.052958        0.066087

     C   23       -0.019261        0.082008       -0.154389
     C   23        0.082008       -0.082313        0.070374
     C   23       -0.154389        0.070374        0.101573

     Cl  24        0.943220        1.518553        0.003338
     Cl  24        1.518553        1.328497       -0.320277
     Cl  24        0.003338       -0.320277       -2.271718

     ----- total EFG -----
     Cl   1       -0.898564       -1.006006       -0.551229
     Cl   1       -1.006006       -1.441075        0.546430
     Cl   1       -0.551229        0.546430        2.339638

     C    2        0.179666       -0.207428       -0.338114
     C    2       -0.207428       -0.273331       -0.134755
     C    2       -0.338114       -0.134755        0.093665

     C    3        0.057721        0.245555       -0.054474
     C    3        0.245555       -0.131796        0.047251
     C    3       -0.054474        0.047251        0.074075

     H    4        0.348432        0.124928        0.628861
     H    4        0.124928        0.040646        0.282101
     H    4        0.628861        0.282101       -0.389078

     C    5        0.152534       -0.186824       -0.337551
     C    5       -0.186824       -0.057354       -0.243402
     C    5       -0.337551       -0.243402       -0.095180

     H    6       -0.444668        0.092457        0.286945
     H    6        0.092457        0.481411        0.203037
     H    6        0.286945        0.203037       -0.036743

     H    7       -0.261973       -0.071059       -0.005942
     H    7       -0.071059        0.453804        0.000367
     H    7       -0.005942        0.000367       -0.191831

     C    8       -0.259700       -0.147158       -0.065017
     C    8       -0.147158       -0.048983        0.386103
     C    8       -0.065017        0.386103        0.308682

     H    9        0.315278       -0.161287        0.181803
     H    9       -0.161287       -0.154059       -0.196083
     H    9        0.181803       -0.196083       -0.161219

     C   10        0.041435       -0.282960       -0.113694
     C   10       -0.282960       -0.003790        0.284287
     C   10       -0.113694        0.284287       -0.037646

     C   11        0.109022       -0.022795       -0.464175
     C   11       -0.022795        0.158499        0.270351
     C   11       -0.464175        0.270351       -0.267521

     Cl  12        1.530786        0.258265       -1.491192
     Cl  12        0.258265       -0.109431        1.129958
     Cl  12       -1.491192        1.129958       -1.421355

     H   13       -0.054563       -0.148140        0.013180
     H   13       -0.148140        0.026656        0.615653
     H   13        0.013180        0.615653        0.027907

     C   14       -0.172253        0.178775       -0.137048
     C   14        0.178775       -0.075514       -0.346474
     C   14       -0.137048       -0.346474        0.247767

     H   15        0.190591       -0.015686        0.265440
     H   15       -0.015686       -0.223146       -0.060539
     H   15        0.265440       -0.060539        0.032555

     C   16       -0.419910        0.165084       -0.095542
     C   16        0.165084        0.375698       -0.211638
     C   16       -0.095542       -0.211638        0.044212

     C   17        0.038966       -0.049829        0.256827
     C   17       -0.049829       -0.205788       -0.229840
     C   17        0.256827       -0.229840        0.166822

     Cl  18       -0.285223       -1.573107       -0.826799
     Cl  18       -1.573107       -0.136533       -2.147540
     Cl  18       -0.826799       -2.147540        0.421756

     H   19       -0.291032        0.274787        0.175773
     H   19        0.274787        0.237471       -0.454053
     H   19        0.175773       -0.454053        0.053562

     C   20        0.250144       -0.380309       -0.169505
     C   20       -0.380309       -0.313314        0.153054
     C   20       -0.169505        0.153054        0.063171

     H   21        0.070825       -0.138543        0.259302
     H   21       -0.138543       -0.266266       -0.146347
     H   21        0.259302       -0.146347        0.195441

     C   22        0.018816        0.245227       -0.315508
     C   22        0.245227       -0.196637        0.184698
     C   22       -0.315508        0.184698        0.177821

     C   23       -0.253319        0.132291       -0.241769
     C   23        0.132291       -0.028882        0.137329
     C   23       -0.241769        0.137329        0.282201

     Cl  24        0.998367        1.663051        0.017193
     Cl  24        1.663051        1.527846       -0.348766
     Cl  24        0.017193       -0.348766       -2.526213

     ----- total EFG (symmetrized) -----
     Cl   1       -0.898564       -1.006006       -0.551229
     Cl   1       -1.006006       -1.441075        0.546430
     Cl   1       -0.551229        0.546430        2.339638

     C    2        0.179666       -0.207428       -0.338114
     C    2       -0.207428       -0.273331       -0.134755
     C    2       -0.338114       -0.134755        0.093665

     C    3        0.057721        0.245555       -0.054474
     C    3        0.245555       -0.131796        0.047251
     C    3       -0.054474        0.047251        0.074075

     H    4        0.348432        0.124928        0.628861
     H    4        0.124928        0.040646        0.282101
     H    4        0.628861        0.282101       -0.389078

     C    5        0.152534       -0.186824       -0.337551
     C    5       -0.186824       -0.057354       -0.243402
     C    5       -0.337551       -0.243402       -0.095180

     H    6       -0.444668        0.092457        0.286945
     H    6        0.092457        0.481411        0.203037
     H    6        0.286945        0.203037       -0.036743

     H    7       -0.261973       -0.071059       -0.005942
     H    7       -0.071059        0.453804        0.000367
     H    7       -0.005942        0.000367       -0.191831

     C    8       -0.259700       -0.147158       -0.065017
     C    8       -0.147158       -0.048983        0.386103
     C    8       -0.065017        0.386103        0.308682

     H    9        0.315278       -0.161287        0.181803
     H    9       -0.161287       -0.154059       -0.196083
     H    9        0.181803       -0.196083       -0.161219

     C   10        0.041435       -0.282960       -0.113694
     C   10       -0.282960       -0.003790        0.284287
     C   10       -0.113694        0.284287       -0.037646

     C   11        0.109022       -0.022795       -0.464175
     C   11       -0.022795        0.158499        0.270351
     C   11       -0.464175        0.270351       -0.267521

     Cl  12        1.530786        0.258265       -1.491192
     Cl  12        0.258265       -0.109431        1.129958
     Cl  12       -1.491192        1.129958       -1.421355

     H   13       -0.054563       -0.148140        0.013180
     H   13       -0.148140        0.026656        0.615653
     H   13        0.013180        0.615653        0.027907

     C   14       -0.172253        0.178775       -0.137048
     C   14        0.178775       -0.075514       -0.346474
     C   14       -0.137048       -0.346474        0.247767

     H   15        0.190591       -0.015686        0.265440
     H   15       -0.015686       -0.223146       -0.060539
     H   15        0.265440       -0.060539        0.032555

     C   16       -0.419910        0.165084       -0.095542
     C   16        0.165084        0.375698       -0.211638
     C   16       -0.095542       -0.211638        0.044212

     C   17        0.038966       -0.049829        0.256827
     C   17       -0.049829       -0.205788       -0.229840
     C   17        0.256827       -0.229840        0.166822

     Cl  18       -0.285223       -1.573107       -0.826799
     Cl  18       -1.573107       -0.136533       -2.147540
     Cl  18       -0.826799       -2.147540        0.421756

     H   19       -0.291032        0.274787        0.175773
     H   19        0.274787        0.237471       -0.454053
     H   19        0.175773       -0.454053        0.053562

     C   20        0.250144       -0.380309       -0.169505
     C   20       -0.380309       -0.313314        0.153054
     C   20       -0.169505        0.153054        0.063171

     H   21        0.070825       -0.138543        0.259302
     H   21       -0.138543       -0.266266       -0.146347
     H   21        0.259302       -0.146347        0.195441

     C   22        0.018816        0.245227       -0.315508
     C   22        0.245227       -0.196637        0.184698
     C   22       -0.315508        0.184698        0.177821

     C   23       -0.253319        0.132291       -0.241769
     C   23        0.132291       -0.028882        0.137329
     C   23       -0.241769        0.137329        0.282201

     Cl  24        0.998367        1.663051        0.017193
     Cl  24        1.663051        1.527846       -0.348766
     Cl  24        0.017193       -0.348766       -2.526213


     NQR/NMR SPECTROSCOPIC PARAMETERS:
     Cl   1    Vxx=   -0.3480    axis=( -0.772009  0.573111 -0.274858)
     Cl   1    Vyy=   -2.2140    axis=(  0.601193  0.798771 -0.023075)
     Cl   1    Vzz=    2.5620    axis=( -0.206324  0.183057  0.961208)
     Cl   1  Q=        -8.1650 1e-30 m^2  Cq=       -49.1512 MHz  eta= 0.72834

     C    2    Vxx=   -0.0019    axis=(  0.434730 -0.644560  0.628930)
     C    2    Vyy=   -0.4821    axis=( -0.469030 -0.758233 -0.452873)
     C    2    Vzz=    0.4841    axis=( -0.768779  0.098110  0.631944)
     C    2  Q=         1.0000 1e-30 m^2  Cq=         1.1374 MHz  eta= 0.99198

     C    3    Vxx=    0.0844    axis=(  0.003122  0.216899  0.976189)
     C    3    Vyy=    0.2284    axis=( -0.827399 -0.547678  0.124334)
     C    3    Vzz=   -0.3128    axis=(  0.561605 -0.808087  0.177752)
     C    3  Q=         1.0000 1e-30 m^2  Cq=        -0.7351 MHz  eta= 0.46044

     H    4    Vxx=   -0.0017    axis=(  0.391011 -0.919720 -0.035012)
     H    4    Vyy=   -0.7915    axis=( -0.451649 -0.224882  0.863390)
     H    4    Vzz=    0.7932    axis=( -0.801950 -0.321782 -0.503322)
     H    4  Q=         1.0000 1e-30 m^2  Cq=         1.8638 MHz  eta= 0.99565

     C    5    Vxx=    0.1410    axis=(  0.273120 -0.837678  0.472971)
     C    5    Vyy=    0.3888    axis=(  0.829641 -0.043758 -0.556580)
     C    5    Vzz=   -0.5298    axis=( -0.486930 -0.544409 -0.683021)
     C    5  Q=         1.0000 1e-30 m^2  Cq=        -1.2449 MHz  eta= 0.46779

     H    6    Vxx=    0.0068    axis=( -0.422051  0.424809 -0.800881)
     H    6    Vyy=    0.5861    axis=(  0.187373  0.905217  0.381410)
     H    6    Vzz=   -0.5929    axis=(  0.886997  0.010911 -0.461645)
     H    6  Q=         1.0000 1e-30 m^2  Cq=        -1.3930 MHz  eta= 0.97714

     H    7    Vxx=   -0.1914    axis=( -0.075054 -0.008833  0.997140)
     H    7    Vyy=   -0.2694    axis=( -0.992366 -0.097467 -0.075558)
     H    7    Vzz=    0.4608    axis=(  0.097856 -0.995200 -0.001451)
     H    7  Q=         1.0000 1e-30 m^2  Cq=         1.0827 MHz  eta= 0.16931

     C    8    Vxx=   -0.2003    axis=(  0.724803 -0.501186  0.472730)
     C    8    Vyy=   -0.3767    axis=( -0.670164 -0.672047  0.315013)
     C    8    Vzz=    0.5771    axis=( -0.159816  0.545129  0.822978)
     C    8  Q=         1.0000 1e-30 m^2  Cq=         1.3559 MHz  eta= 0.30562

     H    9    Vxx=   -0.1020    axis=( -0.501100 -0.640346  0.582113)
     H    9    Vyy=   -0.3543    axis=(  0.032139 -0.685967 -0.726923)
     H    9    Vzz=    0.4563    axis=(  0.864792 -0.345552  0.364318)
     H    9  Q=         1.0000 1e-30 m^2  Cq=         1.0722 MHz  eta= 0.55284

     C   10    Vxx=   -0.1104    axis=(  0.725438  0.116613  0.678337)
     C   10    Vyy=   -0.3526    axis=( -0.383267 -0.750170  0.538843)
     C   10    Vzz=    0.4629    axis=( -0.571704  0.650882  0.499508)
     C   10  Q=         1.0000 1e-30 m^2  Cq=         1.0877 MHz  eta= 0.52319

     C   11    Vxx=    0.1247    axis=(  0.539455  0.839911 -0.059482)
     C   11    Vyy=    0.5136    axis=(  0.675290 -0.473756 -0.565278)
     C   11    Vzz=   -0.6383    axis=( -0.502963  0.264774 -0.822753)
     C   11  Q=         1.0000 1e-30 m^2  Cq=        -1.4997 MHz  eta= 0.60923

     Cl  12    Vxx=    0.4020    axis=( -0.255577 -0.901376 -0.349573)
     Cl  12    Vyy=    2.1725    axis=( -0.907665  0.099205  0.407803)
     Cl  12    Vzz=   -2.5746    axis=(  0.332905 -0.421520  0.843502)
     Cl  12  Q=        -8.1650 1e-30 m^2  Cq=        49.3915 MHz  eta= 0.68770

     H   13    Vxx=   -0.0439    axis=( -0.969818  0.048626 -0.238932)
     H   13    Vyy=   -0.6120    axis=( -0.203057 -0.703547  0.681021)
     H   13    Vzz=    0.6559    axis=( -0.134985  0.708983  0.692187)
     H   13  Q=         1.0000 1e-30 m^2  Cq=         1.5412 MHz  eta= 0.86618

     C   14    Vxx=   -0.1864    axis=(  0.790956  0.331566  0.514250)
     C   14    Vyy=   -0.3462    axis=( -0.538699  0.775905  0.328290)
     C   14    Vzz=    0.5326    axis=( -0.290160 -0.536689  0.792321)
     C   14  Q=         1.0000 1e-30 m^2  Cq=         1.2515 MHz  eta= 0.30004

     H   15    Vxx=   -0.1465    axis=(  0.569660  0.434380 -0.697712)
     H   15    Vyy=   -0.2459    axis=(  0.205437 -0.897230 -0.390863)
     H   15    Vzz=    0.3924    axis=( -0.795791  0.079323 -0.600354)
     H   15  Q=         1.0000 1e-30 m^2  Cq=         0.9220 MHz  eta= 0.25343

     C   16    Vxx=   -0.0584    axis=( -0.031727  0.447707  0.893617)
     C   16    Vyy=   -0.4590    axis=(  0.979489 -0.164067  0.116974)
     C   16    Vzz=    0.5174    axis=(  0.198983  0.879000 -0.433319)
     C   16  Q=         1.0000 1e-30 m^2  Cq=         1.2157 MHz  eta= 0.77415

     C   17    Vxx=   -0.1075    axis=( -0.807207 -0.458889  0.371266)
     C   17    Vyy=   -0.3316    axis=(  0.238865 -0.829123 -0.505468)
     C   17    Vzz=    0.4390    axis=(  0.539779 -0.319335  0.778886)
     C   17  Q=         1.0000 1e-30 m^2  Cq=         1.0316 MHz  eta= 0.51036

     Cl  18    Vxx=    0.7018    axis=( -0.824968  0.251620  0.506079)
     Cl  18    Vyy=    2.3950    axis=(  0.203020 -0.703734  0.680839)
     Cl  18    Vzz=   -3.0968    axis=( -0.527458 -0.664414 -0.529474)
     Cl  18  Q=        -8.1650 1e-30 m^2  Cq=        59.4096 MHz  eta= 0.54676

     H   19    Vxx=   -0.0027    axis=(  0.707797  0.350091  0.613564)
     H   19    Vyy=   -0.6187    axis=(  0.695424 -0.497941 -0.518112)
     H   19    Vzz=    0.6215    axis=( -0.124132 -0.793405  0.595902)
     H   19  Q=         1.0000 1e-30 m^2  Cq=         1.4602 MHz  eta= 0.99117

     C   20    Vxx=   -0.0316    axis=(  0.426024 -0.085813  0.900633)
     C   20    Vyy=   -0.5118    axis=( -0.423121 -0.898808  0.114509)
     C   20    Vzz=    0.5434    axis=(  0.799670 -0.429861 -0.419223)
     C   20  Q=         1.0000 1e-30 m^2  Cq=         1.2769 MHz  eta= 0.88373

     H   21    Vxx=   -0.1320    axis=( -0.761849  0.086365  0.641971)
     H   21    Vyy=   -0.3237    axis=( -0.236971 -0.959531 -0.152135)
     H   21    Vzz=    0.4557    axis=(  0.602852 -0.268033  0.751484)
     H   21  Q=         1.0000 1e-30 m^2  Cq=         1.0706 MHz  eta= 0.42075

     C   22    Vxx=    0.0955    axis=(  0.536930  0.724302  0.432543)
     C   22    Vyy=    0.4237    axis=( -0.618584 -0.010616  0.785647)
     C   22    Vzz=   -0.5192    axis=(  0.573637 -0.689402  0.442341)
     C   22  Q=         1.0000 1e-30 m^2  Cq=        -1.2199 MHz  eta= 0.63231

     C   23    Vxx=    0.0313    axis=(  0.454706  0.889315 -0.048594)
     C   23    Vyy=    0.3923    axis=(  0.305608 -0.207040 -0.929375)
     C   23    Vzz=   -0.4235    axis=( -0.836568  0.407741 -0.365924)
     C   23  Q=         1.0000 1e-30 m^2  Cq=        -0.9952 MHz  eta= 0.85242

     Cl  24    Vxx=   -0.3942    axis=(  0.761426 -0.638741  0.110630)
     Cl  24    Vyy=   -2.5647    axis=(  0.054644 -0.106810 -0.992777)
     Cl  24    Vzz=    2.9589    axis=(  0.645944  0.761972 -0.046425)
     Cl  24  Q=        -8.1650 1e-30 m^2  Cq=       -56.7652 MHz  eta= 0.73353

     Initialization:
     gipaw_setup  :      9.08s CPU     11.11s WALL (       1 calls)

     Linear response

     Apply operators

     Induced current

     Other routines
     efg          :      9.49s CPU     11.60s WALL (       1 calls)

     General routines
     calbec       :      3.38s CPU      4.17s WALL (      16 calls)
     fft          :      1.38s CPU      1.67s WALL (      15 calls)
     ffts         :      0.03s CPU      0.04s WALL (       2 calls)
     fftw         :      3.30s CPU      3.99s WALL (     672 calls)
     davcio       :      0.02s CPU      0.33s WALL (      32 calls)

     Parallel routines
     fft_scatter  :      1.99s CPU      2.71s WALL (     689 calls)

     Plugins

     GIPAW        :     61.49s CPU     73.22s WALL (       1 calls)
