
     Program QE v.6.0 (svn rev. 13079) starts on 18Dec2016 at  1:39:40 

     This program is part of the open-source Quantum ESPRESSO suite
     for quantum simulation of materials; please cite
         "P. Giannozzi et al., J. Phys.:Condens. Matter 21 395502 (2009);
          URL http://www.quantum-espresso.org", 
     in publications or presentations arising from this work. More details at
     http://www.quantum-espresso.org/quote

     Parallel version (MPI), running on     8 processors
     R & G space division:  proc/nbgrp/npool/nimage =       8

     ***** This is GIPAW svn revision unknown      *****

     Parallelizing q-star over 1 images

     Reading data from directory:
     /users/majewski/paradichlorobenzene/pbe/9_constraint/scratch/pbe.ecut100.np8.dt60.pcl2phi-129368.save
     Message from routine read_xml_file:
     file /users/majewski/paradichlorobenzene/pbe/9_constraint/scratch/pbe.ecut100.np8.dt60.pcl2phi-129368.save not guaranteed to be safe for post-processing

   Info: using nr1, nr2, nr3 values from input

   Info: using nr1, nr2, nr3 values from input

     IMPORTANT: XC functional enforced from input :
     Exchange-correlation      =  SLA  PW   PBX  PBC ( 1  4  3  4 0 0)
     Any further DFT definition will be discarded
     Please, verify this is what you really want

               file C.pbe-n-kjpaw_psl.1.0.0.UPF: wavefunction(s)  2S 2P renormalized
               file Cl.pbe-n-kjpaw_psl.1.0.0.UPF: wavefunction(s)  3S 3P renormalized
               file H.pbe-kjpaw_psl.1.0.0.UPF: wavefunction(s)  1S renormalized

     Parallelization info
     --------------------
     sticks:   dense  smooth     PW     G-vecs:    dense   smooth      PW
     Min        3057    1223    332               144436    36536    5170
     Max        3059    1225    333               144437    36537    5171
     Sum       24467    9791   2657              1155489   292295   41363


     Subspace diagonalization in iterative solution of the eigenvalue problem:
     a serial algorithm will be used

     GIPAW projectors -----------------------------------------------
     atom=  C    l=0  rc=    1.2000  rs=    0.8000
     atom=  C    l=0  rc=    1.2000  rs=    0.8000
     atom=  C    l=1  rc=    1.4000  rs=    0.9333
     atom=  C    l=1  rc=    1.4000  rs=    0.9333
     projs nearly linearly dependent: l=1  n1,n2= 1, 2  s=  0.99951561

     atom=  Cl   l=0  rc=    1.6000  rs=    1.0667
     atom=  Cl   l=0  rc=    1.6000  rs=    1.0667
     atom=  Cl   l=1  rc=    1.6000  rs=    1.0667
     atom=  Cl   l=1  rc=    1.6000  rs=    1.0667
     atom=  Cl   l=2  rc=    1.6000  rs=    1.0667
     atom=  Cl   l=2  rc=    1.6000  rs=    1.0667
     projs nearly linearly dependent: l=2  n1,n2= 1, 2  s=  0.99993509

     atom=  H    l=0  rc=    1.0000  rs=    0.6667
     atom=  H    l=0  rc=    1.0000  rs=    0.6667
     projs nearly linearly dependent: l=0  n1,n2= 1, 2  s=  0.99968852
     -----------------------------------------------------------------

     GIPAW integrals: -------------------------------------------
     Atom  i/j   nmr_para   nmr_dia   epr_rmc  epr_para   epr_dia
       C   1 1   0.83E+03  0.17E-01  0.93E+01  0.24E+08  0.24E+03
       C   2 1   0.86E+03 -0.61E-01  0.94E+01  0.25E+08  0.25E+03
       C   2 2   0.90E+03 -0.15E+00  0.97E+01  0.26E+08  0.26E+03
       C   3 3   0.33E+01  0.34E+00  0.18E+01  0.55E+03  0.21E+02
       C   4 3   0.35E+01  0.37E+00  0.20E+01  0.59E+03  0.22E+02
       C   4 4   0.38E+01  0.39E+00  0.22E+01  0.63E+03  0.24E+02
       Cl  1 1   0.14E+04 -0.47E+00  0.84E+01  0.32E+09  0.42E+03
       Cl  2 1   0.21E+04 -0.37E+00  0.12E+02  0.49E+09  0.65E+03
       Cl  2 2   0.33E+04 -0.16E+00  0.21E+02  0.76E+09  0.10E+04
       Cl  3 3   0.21E+02  0.79E-01  0.89E+01  0.23E+05  0.13E+03
       Cl  4 3   0.24E+02  0.67E-01  0.99E+01  0.27E+05  0.15E+03
       Cl  4 4   0.28E+02  0.44E-01  0.11E+02  0.32E+05  0.18E+03
       Cl  5 5   0.77E+00  0.19E+00  0.18E+01  0.12E+03  0.22E+02
       Cl  6 5   0.80E+00  0.19E+00  0.19E+01  0.12E+03  0.23E+02
       Cl  6 6   0.83E+00  0.20E+00  0.19E+01  0.12E+03  0.23E+02
       H   1 1   0.39E+02  0.19E+00  0.29E+00  0.78E+05  0.13E+02
       H   2 1   0.41E+02  0.21E+00  0.32E+00  0.82E+05  0.14E+02
       H   2 2   0.43E+02  0.22E+00  0.36E+00  0.86E+05  0.15E+02
     ------------------------------------------------------------

     alpha_pv=     34.2074 eV

     Number of occupied bands for each k-point:
     k-point:     1    nbnd_occ=  42
     k-point:     2    nbnd_occ=  42
     k-point:     3    nbnd_occ=  42
     k-point:     4    nbnd_occ=  42
     k-point:     5    nbnd_occ=  42
     k-point:     6    nbnd_occ=  42
     k-point:     7    nbnd_occ=  42
     k-point:     8    nbnd_occ=  42
     k-point:     9    nbnd_occ=  42
     k-point:    10    nbnd_occ=  42
     k-point:    11    nbnd_occ=  42
     k-point:    12    nbnd_occ=  42
     k-point:    13    nbnd_occ=  42
     k-point:    14    nbnd_occ=  42
     k-point:    15    nbnd_occ=  42
     k-point:    16    nbnd_occ=  42


     q-space interpolation up to   110.00 Rydberg

     GIPAW job: efg                                                                             


     ELECTRIC FIELD GRADIENTS TENSORS IN Hartree/bohrradius^2:

     ----- bare term -----
     Cl   1       -0.030076        0.053218       -0.021507
     Cl   1        0.053218        0.094545       -0.021112
     Cl   1       -0.021507       -0.021112       -0.064469

     C    2       -0.216747        0.321881       -0.180476
     C    2        0.321881       -0.163873       -0.380450
     C    2       -0.180476       -0.380450        0.380619

     C    3       -0.026576        0.326961       -0.184417
     C    3        0.326961       -0.139567       -0.565553
     C    3       -0.184417       -0.565553        0.166143

     H    4       -0.012985       -0.126490       -0.435504
     H    4       -0.126490        0.390592        0.100365
     H    4       -0.435504        0.100365       -0.377607

     C    5       -0.483044        0.273895       -0.332439
     C    5        0.273895        0.327270       -0.116190
     C    5       -0.332439       -0.116190        0.155773

     H    6        0.133950       -0.058993        0.387543
     H    6       -0.058993        0.082845       -0.329890
     H    6        0.387543       -0.329890       -0.216795

     H    7        0.375951       -0.025478        0.001081
     H    7       -0.025478       -0.521822        0.510521
     H    7        0.001081        0.510521        0.145871

     C    8       -0.281795       -0.156827       -0.301283
     C    8       -0.156827       -0.029821        0.535013
     C    8       -0.301283        0.535013        0.311616

     H    9       -0.234392        0.358640       -0.467922
     H    9        0.358640        0.094961        0.337604
     H    9       -0.467922        0.337604        0.139431

     C   10       -0.614871       -0.399681       -0.294635
     C   10       -0.399681        0.274596        0.265120
     C   10       -0.294635        0.265120        0.340275

     C   11       -0.057410       -0.261837       -0.223279
     C   11       -0.261837       -0.044964        0.658765
     C   11       -0.223279        0.658765        0.102374

     Cl  12       -0.078165       -0.150249        0.086253
     Cl  12       -0.150249        0.017833       -0.136113
     Cl  12        0.086253       -0.136113        0.060332

     H   13        0.149779        0.313275        0.165512
     H   13        0.313275       -0.352650       -0.492849
     H   13        0.165512       -0.492849        0.202871

     C   14       -0.052005       -0.389151       -0.505869
     C   14       -0.389151       -0.051141       -0.512714
     C   14       -0.505869       -0.512714        0.103147

     H   15       -0.022566       -0.072487       -0.308812
     H   15       -0.072487        0.109552       -0.546398
     H   15       -0.308812       -0.546398       -0.086986

     C   16       -0.636648        0.318641       -0.232716
     C   16        0.318641        0.233028       -0.129739
     C   16       -0.232716       -0.129739        0.403621

     C   17        0.050223        0.096837       -0.167162
     C   17        0.096837       -0.045128       -0.563605
     C   17       -0.167162       -0.563605       -0.005095

     Cl  18       -0.248059        0.311971       -0.007640
     Cl  18        0.311971        0.043159        0.046087
     Cl  18       -0.007640        0.046087        0.204900

     H   19        0.117761        0.024444        0.302733
     H   19        0.024444       -0.083119        0.455047
     H   19        0.302733        0.455047       -0.034642

     C   20       -0.385387       -0.280009       -0.424869
     C   20       -0.280009        0.263771        0.237622
     C   20       -0.424869        0.237622        0.121616

     H   21        0.030798        0.108205       -0.413471
     H   21        0.108205        0.289693       -0.206211
     H   21       -0.413471       -0.206211       -0.320492

     C   22        0.085075       -0.426741       -0.095899
     C   22       -0.426741       -0.232046        0.417539
     C   22       -0.095899        0.417539        0.146971

     C   23       -0.262800       -0.263658       -0.357143
     C   23       -0.263658       -0.025439        0.342189
     C   23       -0.357143        0.342189        0.288239

     Cl  24       -0.021032        0.029468       -0.032840
     Cl  24        0.029468       -0.005565        0.042450
     Cl  24       -0.032840        0.042450        0.026597

     ----- ionic term -----
     Cl   1        0.209281       -0.201432       -0.013048
     Cl   1       -0.201432       -0.082121       -0.004191
     Cl   1       -0.013048       -0.004191       -0.127160

     C    2        0.278749       -0.187840        0.172182
     C    2       -0.187840       -0.118369        0.452329
     C    2        0.172182        0.452329       -0.160380

     C    3        0.203058       -0.314188        0.126909
     C    3       -0.314188       -0.036507        0.408137
     C    3        0.126909        0.408137       -0.166551

     H    4        0.461367        0.349792        0.691119
     H    4        0.349792       -0.424345        0.322350
     H    4        0.691119        0.322350       -0.037022

     C    5        0.253491       -0.271655        0.278941
     C    5       -0.271655       -0.081124        0.308564
     C    5        0.278941        0.308564       -0.172368

     H    6       -0.503453       -0.165601       -0.069769
     H    6       -0.165601        0.566832        0.734951
     H    6       -0.069769        0.734951       -0.063379

     H    7       -0.503326        0.059979       -0.030602
     H    7        0.059979        0.392935       -0.787733
     H    7       -0.030602       -0.787733        0.110391

     C    8        0.288457        0.253949        0.319901
     C    8        0.253949       -0.052865       -0.291356
     C    8        0.319901       -0.291356       -0.235593

     H    9        0.497347       -0.245622        0.712789
     H    9       -0.245622       -0.479538       -0.242873
     H    9        0.712789       -0.242873       -0.017809

     C   10        0.187157        0.294174        0.238075
     C   10        0.294174        0.087319       -0.328001
     C   10        0.238075       -0.328001       -0.274476

     C   11        0.206098        0.177547        0.388121
     C   11        0.177547        0.022715       -0.334182
     C   11        0.388121       -0.334182       -0.228813

     Cl  12        0.111139        0.210245        0.061245
     Cl  12        0.210245        0.034758        0.040687
     Cl  12        0.061245        0.040687       -0.145897

     H   13       -0.522708       -0.003375       -0.004185
     H   13       -0.003375        0.606789        0.750749
     H   13       -0.004185        0.750749       -0.084081

     C   14        0.297046       -0.147873        0.250942
     C   14       -0.147873       -0.033688        0.341712
     C   14        0.250942        0.341712       -0.263358

     H   15        0.390612        0.213132        0.785740
     H   15        0.213132       -0.483534        0.264696
     H   15        0.785740        0.264696        0.092922

     C   16        0.161922       -0.305457        0.173183
     C   16       -0.305457        0.085413        0.396542
     C   16        0.173183        0.396542       -0.247335

     C   17        0.146209       -0.311291        0.314144
     C   17       -0.311291        0.062924        0.383860
     C   17        0.314144        0.383860       -0.209133

     Cl  18        0.160484       -0.237900        0.055754
     Cl  18       -0.237900        0.003551       -0.026417
     Cl  18        0.055754       -0.026417       -0.164035

     H   19       -0.534342        0.008034        0.024005
     H   19        0.008034        0.754473       -0.669606
     H   19        0.024005       -0.669606       -0.220131

     C   20        0.266319        0.230116        0.333698
     C   20        0.230116        0.040384       -0.291305
     C   20        0.333698       -0.291305       -0.306703

     H   21        0.548012       -0.248771        0.723470
     H   21       -0.248771       -0.435332       -0.254000
     H   21        0.723470       -0.254000       -0.112680

     C   22        0.146301        0.326370        0.191753
     C   22        0.326370        0.174604       -0.372772
     C   22        0.191753       -0.372772       -0.320905

     C   23        0.228973        0.245249        0.229050
     C   23        0.245249        0.038827       -0.413774
     C   23        0.229050       -0.413774       -0.267800

     Cl  24        0.198382        0.229131       -0.015160
     Cl  24        0.229131       -0.062576       -0.013399
     Cl  24       -0.015160       -0.013399       -0.135806

     ----- GIPAW term -----
     Cl   1        2.611135        0.189037       -0.687844
     Cl   1        0.189037       -0.096870       -0.387902
     Cl   1       -0.687844       -0.387902       -2.514265

     C    2        0.125969       -0.166986       -0.001202
     C    2       -0.166986       -0.027294       -0.057592
     C    2       -0.001202       -0.057592       -0.098674

     C    3       -0.078475        0.117612       -0.094014
     C    3        0.117612        0.063265       -0.211195
     C    3       -0.094014       -0.211195        0.015210

     H    4       -0.000000        0.000000        0.000000
     H    4        0.000000        0.000000        0.000000
     H    4        0.000000        0.000000        0.000000

     C    5       -0.070434        0.114703       -0.067860
     C    5        0.114703        0.114078       -0.067650
     C    5       -0.067860       -0.067650       -0.043644

     H    6       -0.000000        0.000000        0.000000
     H    6        0.000000        0.000000        0.000000
     H    6        0.000000        0.000000        0.000000

     H    7       -0.000000        0.000000        0.000000
     H    7        0.000000        0.000000        0.000000
     H    7        0.000000        0.000000        0.000000

     C    8       -0.108097       -0.070618       -0.069118
     C    8       -0.070618        0.095478        0.245914
     C    8       -0.069118        0.245914        0.012619

     H    9       -0.000000        0.000000        0.000000
     H    9        0.000000        0.000000        0.000000
     H    9        0.000000        0.000000        0.000000

     C   10       -0.214535       -0.122745       -0.069064
     C   10       -0.122745        0.280276        0.040888
     C   10       -0.069064        0.040888       -0.065741

     C   11        0.029175       -0.093696       -0.097374
     C   11       -0.093696        0.100866        0.189274
     C   11       -0.097374        0.189274       -0.130041

     Cl  12        0.576940        0.339864        1.306867
     Cl  12        0.339864        0.194834       -1.715669
     Cl  12        1.306867       -1.715669       -0.771773

     H   13       -0.000000        0.000000        0.000000
     H   13        0.000000        0.000000        0.000000
     H   13        0.000000        0.000000        0.000000

     C   14        0.090147       -0.259909       -0.106871
     C   14       -0.259909        0.027844       -0.046050
     C   14       -0.106871       -0.046050       -0.117991

     H   15       -0.000000        0.000000        0.000000
     H   15        0.000000        0.000000        0.000000
     H   15        0.000000        0.000000        0.000000

     C   16       -0.139969       -0.134777       -0.049391
     C   16       -0.134777        0.230023        0.056574
     C   16       -0.049391        0.056574       -0.090054

     C   17       -0.050796        0.017364        0.007197
     C   17        0.017364        0.247485        0.033573
     C   17        0.007197        0.033573       -0.196689

     Cl  18       -1.244512       -0.246810        0.102059
     Cl  18       -0.246810        1.889353        2.025539
     Cl  18        0.102059        2.025539       -0.644841

     H   19       -0.000000        0.000000        0.000000
     H   19        0.000000        0.000000        0.000000
     H   19        0.000000        0.000000        0.000000

     C   20       -0.020048       -0.157634       -0.130118
     C   20       -0.157634        0.065039        0.108874
     C   20       -0.130118        0.108874       -0.044991

     H   21       -0.000000        0.000000        0.000000
     H   21        0.000000        0.000000        0.000000
     H   21        0.000000        0.000000        0.000000

     C   22        0.015553       -0.145835       -0.089041
     C   22       -0.145835       -0.000675        0.125627
     C   22       -0.089041        0.125627       -0.014878

     C   23       -0.082615       -0.033386       -0.095951
     C   23       -0.033386        0.054498        0.181882
     C   23       -0.095951        0.181882        0.028117

     Cl  24        1.206572        2.423796       -0.204615
     Cl  24        2.423796        0.085114        0.366427
     Cl  24       -0.204615        0.366427       -1.291686

     ----- total EFG -----
     Cl   1        2.790340        0.040822       -0.722399
     Cl   1        0.040822       -0.084445       -0.413205
     Cl   1       -0.722399       -0.413205       -2.705895

     C    2        0.187971       -0.032946       -0.009496
     C    2       -0.032946       -0.309536        0.014287
     C    2       -0.009496        0.014287        0.121565

     C    3        0.098008        0.130385       -0.151522
     C    3        0.130385       -0.112809       -0.368611
     C    3       -0.151522       -0.368611        0.014801

     H    4        0.448383        0.223302        0.255615
     H    4        0.223302       -0.033753        0.422714
     H    4        0.255615        0.422714       -0.414629

     C    5       -0.299986        0.116942       -0.121358
     C    5        0.116942        0.360224        0.124724
     C    5       -0.121358        0.124724       -0.060238

     H    6       -0.369503       -0.224594        0.317774
     H    6       -0.224594        0.649677        0.405061
     H    6        0.317774        0.405061       -0.280175

     H    7       -0.127375        0.034501       -0.029520
     H    7        0.034501       -0.128887       -0.277212
     H    7       -0.029520       -0.277212        0.256262

     C    8       -0.101435        0.026504       -0.050499
     C    8        0.026504        0.012793        0.489571
     C    8       -0.050499        0.489571        0.088642

     H    9        0.262956        0.113018        0.244867
     H    9        0.113018       -0.384577        0.094731
     H    9        0.244867        0.094731        0.121622

     C   10       -0.642249       -0.228253       -0.125625
     C   10       -0.228253        0.642191       -0.021994
     C   10       -0.125625       -0.021994        0.000059

     C   11        0.177863       -0.177986        0.067469
     C   11       -0.177986        0.078617        0.513856
     C   11        0.067469        0.513856       -0.256481

     Cl  12        0.609913        0.399859        1.454364
     Cl  12        0.399859        0.247424       -1.811094
     Cl  12        1.454364       -1.811094       -0.857338

     H   13       -0.372930        0.309900        0.161328
     H   13        0.309900        0.254139        0.257900
     H   13        0.161328        0.257900        0.118790

     C   14        0.335187       -0.796933       -0.361798
     C   14       -0.796933       -0.056985       -0.217052
     C   14       -0.361798       -0.217052       -0.278202

     H   15        0.368046        0.140645        0.476927
     H   15        0.140645       -0.373982       -0.281702
     H   15        0.476927       -0.281702        0.005936

     C   16       -0.614696       -0.121593       -0.108923
     C   16       -0.121593        0.548464        0.323378
     C   16       -0.108923        0.323378        0.066232

     C   17        0.145636       -0.197089        0.154179
     C   17       -0.197089        0.265281       -0.146172
     C   17        0.154179       -0.146172       -0.410917

     Cl  18       -1.332087       -0.172739        0.150173
     Cl  18       -0.172739        1.936063        2.045208
     Cl  18        0.150173        2.045208       -0.603976

     H   19       -0.416581        0.032478        0.326738
     H   19        0.032478        0.671354       -0.214559
     H   19        0.326738       -0.214559       -0.254773

     C   20       -0.139116       -0.207527       -0.221289
     C   20       -0.207527        0.369194        0.055191
     C   20       -0.221289        0.055191       -0.230078

     H   21        0.578810       -0.140566        0.309999
     H   21       -0.140566       -0.145638       -0.460211
     H   21        0.309999       -0.460211       -0.433172

     C   22        0.246929       -0.246206        0.006813
     C   22       -0.246206       -0.058117        0.170394
     C   22        0.006813        0.170394       -0.188812

     C   23       -0.116442       -0.051795       -0.224043
     C   23       -0.051795        0.067885        0.110297
     C   23       -0.224043        0.110297        0.048556

     Cl  24        1.383922        2.682395       -0.252615
     Cl  24        2.682395        0.016972        0.395479
     Cl  24       -0.252615        0.395479       -1.400894

     ----- total EFG (symmetrized) -----
     Cl   1        2.790340        0.040822       -0.722399
     Cl   1        0.040822       -0.084445       -0.413205
     Cl   1       -0.722399       -0.413205       -2.705895

     C    2        0.187971       -0.032946       -0.009496
     C    2       -0.032946       -0.309536        0.014287
     C    2       -0.009496        0.014287        0.121565

     C    3        0.098008        0.130385       -0.151522
     C    3        0.130385       -0.112809       -0.368611
     C    3       -0.151522       -0.368611        0.014801

     H    4        0.448383        0.223302        0.255615
     H    4        0.223302       -0.033753        0.422714
     H    4        0.255615        0.422714       -0.414629

     C    5       -0.299986        0.116942       -0.121358
     C    5        0.116942        0.360224        0.124724
     C    5       -0.121358        0.124724       -0.060238

     H    6       -0.369503       -0.224594        0.317774
     H    6       -0.224594        0.649677        0.405061
     H    6        0.317774        0.405061       -0.280175

     H    7       -0.127375        0.034501       -0.029520
     H    7        0.034501       -0.128887       -0.277212
     H    7       -0.029520       -0.277212        0.256262

     C    8       -0.101435        0.026504       -0.050499
     C    8        0.026504        0.012793        0.489571
     C    8       -0.050499        0.489571        0.088642

     H    9        0.262956        0.113018        0.244867
     H    9        0.113018       -0.384577        0.094731
     H    9        0.244867        0.094731        0.121622

     C   10       -0.642249       -0.228253       -0.125625
     C   10       -0.228253        0.642191       -0.021994
     C   10       -0.125625       -0.021994        0.000059

     C   11        0.177863       -0.177986        0.067469
     C   11       -0.177986        0.078617        0.513856
     C   11        0.067469        0.513856       -0.256481

     Cl  12        0.609913        0.399859        1.454364
     Cl  12        0.399859        0.247424       -1.811094
     Cl  12        1.454364       -1.811094       -0.857338

     H   13       -0.372930        0.309900        0.161328
     H   13        0.309900        0.254139        0.257900
     H   13        0.161328        0.257900        0.118790

     C   14        0.335187       -0.796933       -0.361798
     C   14       -0.796933       -0.056985       -0.217052
     C   14       -0.361798       -0.217052       -0.278202

     H   15        0.368046        0.140645        0.476927
     H   15        0.140645       -0.373982       -0.281702
     H   15        0.476927       -0.281702        0.005936

     C   16       -0.614696       -0.121593       -0.108923
     C   16       -0.121593        0.548464        0.323378
     C   16       -0.108923        0.323378        0.066232

     C   17        0.145636       -0.197089        0.154179
     C   17       -0.197089        0.265281       -0.146172
     C   17        0.154179       -0.146172       -0.410917

     Cl  18       -1.332087       -0.172739        0.150173
     Cl  18       -0.172739        1.936063        2.045208
     Cl  18        0.150173        2.045208       -0.603976

     H   19       -0.416581        0.032478        0.326738
     H   19        0.032478        0.671354       -0.214559
     H   19        0.326738       -0.214559       -0.254773

     C   20       -0.139116       -0.207527       -0.221289
     C   20       -0.207527        0.369194        0.055191
     C   20       -0.221289        0.055191       -0.230078

     H   21        0.578810       -0.140566        0.309999
     H   21       -0.140566       -0.145638       -0.460211
     H   21        0.309999       -0.460211       -0.433172

     C   22        0.246929       -0.246206        0.006813
     C   22       -0.246206       -0.058117        0.170394
     C   22        0.006813        0.170394       -0.188812

     C   23       -0.116442       -0.051795       -0.224043
     C   23       -0.051795        0.067885        0.110297
     C   23       -0.224043        0.110297        0.048556

     Cl  24        1.383922        2.682395       -0.252615
     Cl  24        2.682395        0.016972        0.395479
     Cl  24       -0.252615        0.395479       -1.400894


     NQR/NMR SPECTROSCOPIC PARAMETERS:
     Cl   1    Vxx=   -0.0284    axis=(  0.049984 -0.989010  0.139142)
     Cl   1    Vyy=   -2.8583    axis=( -0.124500 -0.144400 -0.981656)
     Cl   1    Vzz=    2.8867    axis=(  0.990960  0.031743 -0.130349)
     Cl   1  Q=        -8.1650 1e-30 m^2  Cq=       -55.3793 MHz  eta= 0.98034

     C    2    Vxx=    0.1204    axis=( -0.149448 -0.021397 -0.988538)
     C    2    Vyy=    0.1917    axis=(  0.986624 -0.069059 -0.147664)
     C    2    Vzz=   -0.3121    axis=(  0.065108  0.997383 -0.031431)
     C    2  Q=         1.0000 1e-30 m^2  Cq=        -0.7334 MHz  eta= 0.22830

     C    3    Vxx=   -0.0183    axis=( -0.864250  0.320407 -0.387830)
     C    3    Vyy=   -0.4231    axis=( -0.004641  0.765826  0.643032)
     C    3    Vzz=    0.4414    axis=(  0.503042  0.557540 -0.660377)
     C    3  Q=         1.0000 1e-30 m^2  Cq=         1.0372 MHz  eta= 0.91697

     H    4    Vxx=    0.0056    axis=(  0.580678 -0.723082 -0.374118)
     H    4    Vyy=    0.6907    axis=(  0.809114  0.461612  0.363660)
     H    4    Vzz=   -0.6963    axis=( -0.090259 -0.513874  0.853104)
     H    4  Q=         1.0000 1e-30 m^2  Cq=        -1.6360 MHz  eta= 0.98382

     C    5    Vxx=   -0.0203    axis=( -0.446230 -0.151925  0.881928)
     C    5    Vyy=   -0.3840    axis=( -0.886676  0.208500 -0.412715)
     C    5    Vzz=    0.4043    axis=( -0.121180 -0.966150 -0.227748)
     C    5  Q=         1.0000 1e-30 m^2  Cq=         0.9499 MHz  eta= 0.89948

     H    6    Vxx=   -0.0294    axis=( -0.727694  0.157531 -0.667567)
     H    6    Vyy=   -0.7812    axis=( -0.679661 -0.296603  0.670885)
     H    6    Vzz=    0.8106    axis=( -0.092317  0.941919  0.322904)
     H    6  Q=         1.0000 1e-30 m^2  Cq=         1.9045 MHz  eta= 0.92754

     H    7    Vxx=   -0.1288    axis=(  0.990205  0.065677  0.123207)
     H    7    Vyy=   -0.2758    axis=( -0.115087  0.883560  0.453956)
     H    7    Vzz=    0.4046    axis=( -0.079047 -0.463690  0.882464)
     H    7  Q=         1.0000 1e-30 m^2  Cq=         0.9506 MHz  eta= 0.36347

     C    8    Vxx=   -0.0937    axis=( -0.987756 -0.132533  0.082295)
     C    8    Vyy=   -0.4487    axis=(  0.153146 -0.723243  0.673399)
     C    8    Vzz=    0.5423    axis=( -0.029729  0.677757  0.734684)
     C    8  Q=         1.0000 1e-30 m^2  Cq=         1.2742 MHz  eta= 0.65455

     H    9    Vxx=   -0.0624    axis=( -0.605902  0.021285  0.795255)
     H    9    Vyy=   -0.4101    axis=( -0.122040  0.985323 -0.119354)
     H    9    Vzz=    0.4725    axis=( -0.786123 -0.169369 -0.594411)
     H    9  Q=         1.0000 1e-30 m^2  Cq=         1.1101 MHz  eta= 0.73582

     C   10    Vxx=    0.0231    axis=( -0.175568 -0.029774  0.984017)
     C   10    Vyy=    0.6815    axis=( -0.169871  0.985466 -0.000490)
     C   10    Vzz=   -0.7047    axis=( -0.969701 -0.167242 -0.178074)
     C   10  Q=         1.0000 1e-30 m^2  Cq=        -1.6557 MHz  eta= 0.93433

     C   11    Vxx=    0.1707    axis=(  0.921437  0.169605  0.349553)
     C   11    Vyy=    0.4893    axis=( -0.339620  0.788590  0.512625)
     C   11    Vzz=   -0.6600    axis=( -0.188710 -0.591067  0.784237)
     C   11  Q=         1.0000 1e-30 m^2  Cq=        -1.5507 MHz  eta= 0.48274

     Cl  12    Vxx=    0.8547    axis=( -0.753331 -0.655466  0.053443)
     Cl  12    Vyy=    1.9373    axis=(  0.530786 -0.558027  0.637865)
     Cl  12    Vzz=   -2.7919    axis=( -0.388276  0.508890  0.768292)
     Cl  12  Q=        -8.1650 1e-30 m^2  Cq=        53.5620 MHz  eta= 0.38777

     H   13    Vxx=   -0.0729    axis=( -0.116155 -0.544777  0.830497)
     H   13    Vyy=   -0.5053    axis=( -0.932607  0.347474  0.097495)
     H   13    Vzz=    0.5782    axis=( -0.341690 -0.763203 -0.548424)
     H   13  Q=         1.0000 1e-30 m^2  Cq=         1.3586 MHz  eta= 0.74768

     C   14    Vxx=   -0.0535    axis=( -0.226751 -0.492149  0.840460)
     C   14    Vyy=   -0.9259    axis=(  0.556986  0.642372  0.526426)
     C   14    Vzz=    0.9794    axis=( -0.798968  0.587492  0.128462)
     C   14  Q=         1.0000 1e-30 m^2  Cq=         2.3011 MHz  eta= 0.89076

     H   15    Vxx=   -0.0370    axis=(  0.451554  0.675644 -0.582755)
     H   15    Vyy=   -0.6621    axis=( -0.364628  0.735843  0.570598)
     H   15    Vzz=    0.6991    axis=( -0.814337  0.045167 -0.578632)
     H   15  Q=         1.0000 1e-30 m^2  Cq=         1.6427 MHz  eta= 0.89412

     C   16    Vxx=   -0.0927    axis=( -0.077218 -0.460612  0.884237)
     C   16    Vyy=   -0.6365    axis=(  0.990172  0.068298  0.122046)
     C   16    Vzz=    0.7292    axis=( -0.116608  0.884970  0.450811)
     C   16  Q=         1.0000 1e-30 m^2  Cq=         1.7134 MHz  eta= 0.74573

     C   17    Vxx=    0.0021    axis=(  0.779265  0.622715  0.070513)
     C   17    Vyy=    0.4618    axis=( -0.593954  0.769756 -0.233867)
     C   17    Vzz=   -0.4639    axis=( -0.199910  0.140363  0.969708)
     C   17  Q=         1.0000 1e-30 m^2  Cq=        -1.0899 MHz  eta= 0.99098

     Cl  18    Vxx=   -1.2410    axis=(  0.918539 -0.177468  0.353258)
     Cl  18    Vyy=   -1.8339    axis=( -0.394933 -0.452000  0.799827)
     Cl  18    Vzz=    3.0749    axis=( -0.017729  0.874186  0.485268)
     Cl  18  Q=        -8.1650 1e-30 m^2  Cq=       -58.9900 MHz  eta= 0.19284

     H   19    Vxx=   -0.0291    axis=(  0.641569  0.197312  0.741254)
     H   19    Vyy=   -0.6910    axis=(  0.766155 -0.117763 -0.631774)
     H   19    Vzz=    0.7201    axis=(  0.037364 -0.973242  0.226725)
     H   19  Q=         1.0000 1e-30 m^2  Cq=         1.6919 MHz  eta= 0.91921

     C   20    Vxx=   -0.0463    axis=(  0.641490  0.406762 -0.650412)
     C   20    Vyy=   -0.4215    axis=( -0.666744 -0.123689 -0.734952)
     C   20    Vzz=    0.4679    axis=(  0.379399 -0.905122 -0.191861)
     C   20  Q=         1.0000 1e-30 m^2  Cq=         1.0993 MHz  eta= 0.80192

     H   21    Vxx=    0.0391    axis=(  0.457467  0.768058 -0.448119)
     H   21    Vyy=    0.7540    axis=(  0.879874 -0.318078  0.353056)
     H   21    Vzz=   -0.7932    axis=( -0.128630  0.555799  0.821305)
     H   21  Q=         1.0000 1e-30 m^2  Cq=        -1.8636 MHz  eta= 0.90129

     C   22    Vxx=   -0.0467    axis=(  0.453647  0.560131  0.693151)
     C   22    Vyy=   -0.3482    axis=( -0.277196 -0.650519  0.707098)
     C   22    Vzz=    0.3949    axis=( -0.846975  0.512911  0.139840)
     C   22  Q=         1.0000 1e-30 m^2  Cq=         0.9279 MHz  eta= 0.76370

     C   23    Vxx=   -0.0007    axis=(  0.341533  0.861567 -0.375575)
     C   23    Vyy=   -0.2741    axis=( -0.808869  0.065943 -0.584279)
     C   23    Vzz=    0.2748    axis=( -0.478629  0.503342  0.719417)
     C   23  Q=         1.0000 1e-30 m^2  Cq=         0.6456 MHz  eta= 0.99471

     Cl  24    Vxx=   -1.1606    axis=( -0.287559  0.356493  0.888944)
     Cl  24    Vyy=   -2.3084    axis=( -0.542804  0.704036 -0.457928)
     Cl  24    Vzz=    3.4689    axis=( -0.789097 -0.614204 -0.008946)
     Cl  24  Q=        -8.1650 1e-30 m^2  Cq=       -66.5497 MHz  eta= 0.33087

     Initialization:
     gipaw_setup  :      9.30s CPU     11.02s WALL (       1 calls)

     Linear response

     Apply operators

     Induced current

     Other routines
     efg          :      9.40s CPU     12.08s WALL (       1 calls)

     General routines
     calbec       :      3.39s CPU      4.58s WALL (      16 calls)
     fft          :      1.80s CPU      3.12s WALL (      15 calls)
     ffts         :      0.02s CPU      0.04s WALL (       2 calls)
     fftw         :      3.40s CPU      4.21s WALL (     672 calls)
     davcio       :      0.02s CPU      0.30s WALL (      32 calls)

     Parallel routines
     fft_scatter  :      2.54s CPU      4.53s WALL (     689 calls)

     Plugins

     GIPAW        :     60.84s CPU     72.69s WALL (       1 calls)
