
     Program QE v.6.0 (svn rev. 13079) starts on  1Jan2017 at  1:21:22 

     This program is part of the open-source Quantum ESPRESSO suite
     for quantum simulation of materials; please cite
         "P. Giannozzi et al., J. Phys.:Condens. Matter 21 395502 (2009);
          URL http://www.quantum-espresso.org", 
     in publications or presentations arising from this work. More details at
     http://www.quantum-espresso.org/quote

     Parallel version (MPI), running on     8 processors
     R & G space division:  proc/nbgrp/npool/nimage =       8

     ***** This is GIPAW svn revision unknown      *****

     Parallelizing q-star over 1 images

     Reading data from directory:
     /users/majewski/paradichlorobenzene/pbe/9_constraint/scratch/pbe.ecut100.np8.dt60.pcl2phi-129368.save
     Message from routine read_xml_file:
     file /users/majewski/paradichlorobenzene/pbe/9_constraint/scratch/pbe.ecut100.np8.dt60.pcl2phi-129368.save not guaranteed to be safe for post-processing

   Info: using nr1, nr2, nr3 values from input

   Info: using nr1, nr2, nr3 values from input

     IMPORTANT: XC functional enforced from input :
     Exchange-correlation      =  SLA  PW   PBX  PBC ( 1  4  3  4 0 0)
     Any further DFT definition will be discarded
     Please, verify this is what you really want

               file C.pbe-n-kjpaw_psl.1.0.0.UPF: wavefunction(s)  2S 2P renormalized
               file Cl.pbe-n-kjpaw_psl.1.0.0.UPF: wavefunction(s)  3S 3P renormalized
               file H.pbe-kjpaw_psl.1.0.0.UPF: wavefunction(s)  1S renormalized

     Parallelization info
     --------------------
     sticks:   dense  smooth     PW     G-vecs:    dense   smooth      PW
     Min        3057    1223    332               144436    36536    5170
     Max        3059    1225    333               144437    36537    5171
     Sum       24467    9791   2657              1155489   292295   41363


     Subspace diagonalization in iterative solution of the eigenvalue problem:
     a serial algorithm will be used

     GIPAW projectors -----------------------------------------------
     atom=  C    l=0  rc=    1.2000  rs=    0.8000
     atom=  C    l=0  rc=    1.2000  rs=    0.8000
     atom=  C    l=1  rc=    1.4000  rs=    0.9333
     atom=  C    l=1  rc=    1.4000  rs=    0.9333
     projs nearly linearly dependent: l=1  n1,n2= 1, 2  s=  0.99951561

     atom=  Cl   l=0  rc=    1.6000  rs=    1.0667
     atom=  Cl   l=0  rc=    1.6000  rs=    1.0667
     atom=  Cl   l=1  rc=    1.6000  rs=    1.0667
     atom=  Cl   l=1  rc=    1.6000  rs=    1.0667
     atom=  Cl   l=2  rc=    1.6000  rs=    1.0667
     atom=  Cl   l=2  rc=    1.6000  rs=    1.0667
     projs nearly linearly dependent: l=2  n1,n2= 1, 2  s=  0.99993509

     atom=  H    l=0  rc=    1.0000  rs=    0.6667
     atom=  H    l=0  rc=    1.0000  rs=    0.6667
     projs nearly linearly dependent: l=0  n1,n2= 1, 2  s=  0.99968852
     -----------------------------------------------------------------

     GIPAW integrals: -------------------------------------------
     Atom  i/j   nmr_para   nmr_dia   epr_rmc  epr_para   epr_dia
       C   1 1   0.83E+03  0.17E-01  0.93E+01  0.24E+08  0.24E+03
       C   2 1   0.86E+03 -0.61E-01  0.94E+01  0.25E+08  0.25E+03
       C   2 2   0.90E+03 -0.15E+00  0.97E+01  0.26E+08  0.26E+03
       C   3 3   0.33E+01  0.34E+00  0.18E+01  0.55E+03  0.21E+02
       C   4 3   0.35E+01  0.37E+00  0.20E+01  0.59E+03  0.22E+02
       C   4 4   0.38E+01  0.39E+00  0.22E+01  0.63E+03  0.24E+02
       Cl  1 1   0.14E+04 -0.47E+00  0.84E+01  0.32E+09  0.42E+03
       Cl  2 1   0.21E+04 -0.37E+00  0.12E+02  0.49E+09  0.65E+03
       Cl  2 2   0.33E+04 -0.16E+00  0.21E+02  0.76E+09  0.10E+04
       Cl  3 3   0.21E+02  0.79E-01  0.89E+01  0.23E+05  0.13E+03
       Cl  4 3   0.24E+02  0.67E-01  0.99E+01  0.27E+05  0.15E+03
       Cl  4 4   0.28E+02  0.44E-01  0.11E+02  0.32E+05  0.18E+03
       Cl  5 5   0.77E+00  0.19E+00  0.18E+01  0.12E+03  0.22E+02
       Cl  6 5   0.80E+00  0.19E+00  0.19E+01  0.12E+03  0.23E+02
       Cl  6 6   0.83E+00  0.20E+00  0.19E+01  0.12E+03  0.23E+02
       H   1 1   0.39E+02  0.19E+00  0.29E+00  0.78E+05  0.13E+02
       H   2 1   0.41E+02  0.21E+00  0.32E+00  0.82E+05  0.14E+02
       H   2 2   0.43E+02  0.22E+00  0.36E+00  0.86E+05  0.15E+02
     ------------------------------------------------------------

     alpha_pv=     34.3636 eV

     Number of occupied bands for each k-point:
     k-point:     1    nbnd_occ=  42
     k-point:     2    nbnd_occ=  42
     k-point:     3    nbnd_occ=  42
     k-point:     4    nbnd_occ=  42
     k-point:     5    nbnd_occ=  42
     k-point:     6    nbnd_occ=  42
     k-point:     7    nbnd_occ=  42
     k-point:     8    nbnd_occ=  42
     k-point:     9    nbnd_occ=  42
     k-point:    10    nbnd_occ=  42
     k-point:    11    nbnd_occ=  42
     k-point:    12    nbnd_occ=  42
     k-point:    13    nbnd_occ=  42
     k-point:    14    nbnd_occ=  42
     k-point:    15    nbnd_occ=  42
     k-point:    16    nbnd_occ=  42


     q-space interpolation up to   110.00 Rydberg

     GIPAW job: efg                                                                             


     ELECTRIC FIELD GRADIENTS TENSORS IN Hartree/bohrradius^2:

     ----- bare term -----
     Cl   1       -0.121044        0.174719        0.041131
     Cl   1        0.174719       -0.015328       -0.054025
     Cl   1        0.041131       -0.054025        0.136372

     C    2        0.041336       -0.233205       -0.422226
     C    2       -0.233205       -0.388514       -0.425100
     C    2       -0.422226       -0.425100        0.347178

     C    3       -0.571896        0.338708       -0.305738
     C    3        0.338708        0.146106       -0.190561
     C    3       -0.305738       -0.190561        0.425790

     H    4       -0.171771       -0.465809       -0.229605
     H    4       -0.465809       -0.227989        0.021044
     H    4       -0.229605        0.021044        0.399760

     C    5       -0.129107        0.012299       -0.276412
     C    5        0.012299       -0.273948       -0.269845
     C    5       -0.276412       -0.269845        0.403055

     H    6        0.434578       -0.201698       -0.042113
     H    6       -0.201698       -0.745315       -0.358271
     H    6       -0.042113       -0.358271        0.310738

     H    7        0.460938        0.029002        0.214076
     H    7        0.029002        0.075685        0.292813
     H    7        0.214076        0.292813       -0.536623

     C    8       -0.239035       -0.184871       -0.176070
     C    8       -0.184871        0.091974        0.214537
     C    8       -0.176070        0.214537        0.147061

     H    9        0.157157        0.069910       -0.305323
     H    9        0.069910        0.407492       -0.097404
     H    9       -0.305323       -0.097404       -0.564649

     C   10        0.025806       -0.162299       -0.052193
     C   10       -0.162299       -0.000641        0.063888
     C   10       -0.052193        0.063888       -0.025165

     C   11       -0.037186       -0.105403       -0.269416
     C   11       -0.105403       -0.295756        0.304428
     C   11       -0.269416        0.304428        0.332942

     Cl  12       -0.056667       -0.074246        0.047057
     Cl  12       -0.074246        0.010924       -0.061076
     Cl  12        0.047057       -0.061076        0.045743

     H   13        0.165828       -0.408222        0.243489
     H   13       -0.408222       -0.464744        0.076426
     H   13        0.243489        0.076426        0.298916

     C   14       -0.292709        0.240143       -0.090247
     C   14        0.240143        0.161682        0.101999
     C   14       -0.090247        0.101999        0.131027

     H   15       -0.481198       -0.238562        0.260399
     H   15       -0.238562        0.324009       -0.064237
     H   15        0.260399       -0.064237        0.157188

     C   16        0.266718       -0.080135        0.238766
     C   16       -0.080135       -0.232392       -0.143356
     C   16        0.238766       -0.143356       -0.034326

     C   17       -0.551745        0.233742       -0.088765
     C   17        0.233742        0.265729       -0.130117
     C   17       -0.088765       -0.130117        0.286016

     Cl  18       -0.062656       -0.007264        0.047516
     Cl  18       -0.007264       -0.008582        0.128102
     Cl  18        0.047516        0.128102        0.071238

     H   19        0.401892        0.306937        0.080377
     H   19        0.306937       -0.672865        0.025040
     H   19        0.080377        0.025040        0.270973

     C   20       -0.344027       -0.212529       -0.334955
     C   20       -0.212529       -0.119035        0.379665
     C   20       -0.334955        0.379665        0.463061

     H   21       -0.291582        0.241416       -0.469160
     H   21        0.241416        0.131655        0.299839
     H   21       -0.469160        0.299839        0.159927

     C   22       -0.294597       -0.341293       -0.147173
     C   22       -0.341293       -0.240259        0.536980
     C   22       -0.147173        0.536980        0.534855

     C   23       -0.237151       -0.201783       -0.357112
     C   23       -0.201783       -0.143600        0.512966
     C   23       -0.357112        0.512966        0.380750

     Cl  24       -0.025267       -0.021562       -0.024738
     Cl  24       -0.021562        0.017206        0.016668
     Cl  24       -0.024738        0.016668        0.008061

     ----- ionic term -----
     Cl   1        0.117545       -0.184231       -0.047817
     Cl   1       -0.184231        0.000274        0.033501
     Cl   1       -0.047817        0.033501       -0.117819

     C    2        0.247773       -0.032423        0.124455
     C    2       -0.032423        0.237501        0.393475
     C    2        0.124455        0.393475       -0.485274

     C    3        0.180391       -0.099959        0.074287
     C    3       -0.099959        0.324086        0.380518
     C    3        0.074287        0.380518       -0.504478

     H    4        0.732186        0.523493        0.416980
     H    4        0.523493       -0.268711        0.210986
     H    4        0.416980        0.210986       -0.463475

     C    5        0.387958       -0.078626        0.156501
     C    5       -0.078626        0.138656        0.275569
     C    5        0.156501        0.275569       -0.526614

     H    6       -0.493599        0.232103        0.082132
     H    6        0.232103        0.921895        0.462934
     H    6        0.082132        0.462934       -0.428296

     H    7       -0.525449       -0.049118        0.055631
     H    7       -0.049118        0.626900       -0.717665
     H    7        0.055631       -0.717665       -0.101451

     C    8        0.203636        0.284852        0.329969
     C    8        0.284852        0.031314       -0.245707
     C    8        0.329969       -0.245707       -0.234950

     H    9        0.447300       -0.250252        0.784386
     H    9       -0.250252       -0.449651       -0.264356
     H    9        0.784386       -0.264356        0.002351

     C   10        0.081570        0.294165        0.239863
     C   10        0.294165        0.149372       -0.393661
     C   10        0.239863       -0.393661       -0.230941

     C   11        0.083555        0.268946        0.248821
     C   11        0.268946        0.155726       -0.430510
     C   11        0.248821       -0.430510       -0.239282

     Cl  12        0.120554        0.238398        0.020568
     Cl  12        0.238398        0.031519       -0.002041
     Cl  12        0.020568       -0.002041       -0.152073

     H   13       -0.480119        0.223480        0.077104
     H   13        0.223480        0.738684        0.611758
     H   13        0.077104        0.611758       -0.258566

     C   14        0.349395       -0.103973        0.140549
     C   14       -0.103973        0.139741        0.308680
     C   14        0.140549        0.308680       -0.489137

     H   15        0.734557        0.363202        0.581090
     H   15        0.363202       -0.376764        0.224125
     H   15        0.581090        0.224125       -0.357793

     C   16        0.168851       -0.172307        0.130960
     C   16       -0.172307        0.312484        0.388488
     C   16        0.130960        0.388488       -0.481335

     C   17        0.249914       -0.063469        0.253545
     C   17       -0.063469        0.266727        0.318364
     C   17        0.253545        0.318364       -0.516641

     Cl  18        0.114503       -0.213837        0.038219
     Cl  18       -0.213837        0.063594       -0.028711
     Cl  18        0.038219       -0.028711       -0.178097

     H   19       -0.513146       -0.087632        0.060273
     H   19       -0.087632        0.686356       -0.680531
     H   19        0.060273       -0.680531       -0.173210

     C   20        0.200817        0.260678        0.296519
     C   20        0.260678        0.119526       -0.260141
     C   20        0.296519       -0.260141       -0.320343

     H   21        0.363609       -0.252187        0.751273
     H   21       -0.252187       -0.418857       -0.291248
     H   21        0.751273       -0.291248        0.055248

     C   22        0.068313        0.333801        0.229232
     C   22        0.333801        0.233611       -0.350121
     C   22        0.229232       -0.350121       -0.301924

     C   23        0.130632        0.321199        0.306434
     C   23        0.321199        0.132757       -0.311577
     C   23        0.306434       -0.311577       -0.263389

     Cl  24        0.154313        0.227378        0.032425
     Cl  24        0.227378        0.025152        0.013690
     Cl  24        0.032425        0.013690       -0.179465

     ----- GIPAW term -----
     Cl   1        1.169159       -2.059537        0.304840
     Cl   1       -2.059537        0.091464       -0.379581
     Cl   1        0.304840       -0.379581       -1.260623

     C    2       -0.011470       -0.154802       -0.163010
     C    2       -0.154802       -0.117462        0.060748
     C    2       -0.163010        0.060748        0.128932

     C    3       -0.184771       -0.029329       -0.088363
     C    3       -0.029329        0.182676        0.070332
     C    3       -0.088363        0.070332        0.002095

     H    4       -0.000000        0.000000        0.000000
     H    4        0.000000        0.000000        0.000000
     H    4        0.000000        0.000000        0.000000

     C    5       -0.106087       -0.053923       -0.079494
     C    5       -0.053923       -0.053043        0.140689
     C    5       -0.079494        0.140689        0.159130

     H    6       -0.000000        0.000000        0.000000
     H    6        0.000000        0.000000        0.000000
     H    6        0.000000        0.000000        0.000000

     H    7       -0.000000        0.000000        0.000000
     H    7        0.000000        0.000000        0.000000
     H    7        0.000000        0.000000        0.000000

     C    8       -0.061484       -0.050279       -0.072669
     C    8       -0.050279       -0.019732        0.110699
     C    8       -0.072669        0.110699        0.081217

     H    9       -0.000000        0.000000        0.000000
     H    9        0.000000        0.000000        0.000000
     H    9        0.000000        0.000000        0.000000

     C   10       -0.022631       -0.011468       -0.028090
     C   10       -0.011468       -0.010663        0.024639
     C   10       -0.028090        0.024639        0.033294

     C   11       -0.051383        0.021740       -0.081419
     C   11        0.021740       -0.093472        0.099375
     C   11       -0.081419        0.099375        0.144855

     Cl  12       -0.080051        0.059059       -1.395385
     Cl  12        0.059059       -0.303673        1.581935
     Cl  12       -1.395385        1.581935        0.383723

     H   13       -0.000000        0.000000        0.000000
     H   13        0.000000        0.000000        0.000000
     H   13        0.000000        0.000000        0.000000

     C   14        0.000278        0.002809       -0.014943
     C   14        0.002809        0.012973        0.032202
     C   14       -0.014943        0.032202       -0.013251

     H   15       -0.000000        0.000000        0.000000
     H   15        0.000000        0.000000        0.000000
     H   15        0.000000        0.000000        0.000000

     C   16        0.019509       -0.018052        0.036330
     C   16       -0.018052        0.013557        0.032964
     C   16        0.036330        0.032964       -0.033066

     C   17       -0.065960       -0.010201        0.000008
     C   17       -0.010201       -0.008254        0.021708
     C   17        0.000008        0.021708        0.074215

     Cl  18       -0.252568       -1.704976        0.204855
     Cl  18       -1.704976        0.272627        2.083540
     Cl  18        0.204855        2.083540       -0.020059

     H   19       -0.000000        0.000000        0.000000
     H   19        0.000000        0.000000        0.000000
     H   19        0.000000        0.000000        0.000000

     C   20       -0.102200       -0.087207       -0.128649
     C   20       -0.087207       -0.044362        0.199019
     C   20       -0.128649        0.199019        0.146561

     H   21       -0.000000        0.000000        0.000000
     H   21        0.000000        0.000000        0.000000
     H   21        0.000000        0.000000        0.000000

     C   22       -0.136517       -0.049636       -0.031598
     C   22       -0.049636       -0.032272        0.181941
     C   22       -0.031598        0.181941        0.168789

     C   23        0.036379        0.038506       -0.163432
     C   23        0.038506       -0.073953        0.122134
     C   23       -0.163432        0.122134        0.037574

     Cl  24        1.318330        2.224928       -0.203062
     Cl  24        2.224928        0.229961        0.127531
     Cl  24       -0.203062        0.127531       -1.548291

     ----- total EFG -----
     Cl   1        1.165660       -2.069048        0.298153
     Cl   1       -2.069048        0.076410       -0.400105
     Cl   1        0.298153       -0.400105       -1.242070

     C    2        0.277639       -0.420430       -0.460780
     C    2       -0.420430       -0.268475        0.029123
     C    2       -0.460780        0.029123       -0.009164

     C    3       -0.576275        0.209420       -0.319814
     C    3        0.209420        0.652868        0.260289
     C    3       -0.319814        0.260289       -0.076593

     H    4        0.560415        0.057684        0.187375
     H    4        0.057684       -0.496699        0.232029
     H    4        0.187375        0.232029       -0.063716

     C    5        0.152764       -0.120249       -0.199405
     C    5       -0.120249       -0.188335        0.146414
     C    5       -0.199405        0.146414        0.035571

     H    6       -0.059021        0.030404        0.040020
     H    6        0.030404        0.176580        0.104663
     H    6        0.040020        0.104663       -0.117558

     H    7       -0.064511       -0.020117        0.269706
     H    7       -0.020117        0.702586       -0.424852
     H    7        0.269706       -0.424852       -0.638074

     C    8       -0.096884        0.049702        0.081229
     C    8        0.049702        0.103556        0.079529
     C    8        0.081229        0.079529       -0.006672

     H    9        0.604457       -0.180342        0.479063
     H    9       -0.180342       -0.042159       -0.361760
     H    9        0.479063       -0.361760       -0.562297

     C   10        0.084745        0.120398        0.159579
     C   10        0.120398        0.138068       -0.305135
     C   10        0.159579       -0.305135       -0.222813

     C   11       -0.005013        0.185282       -0.102014
     C   11        0.185282       -0.233501       -0.026707
     C   11       -0.102014       -0.026707        0.238515

     Cl  12       -0.016163        0.223212       -1.327760
     Cl  12        0.223212       -0.261230        1.518818
     Cl  12       -1.327760        1.518818        0.277393

     H   13       -0.314291       -0.184742        0.320593
     H   13       -0.184742        0.273941        0.688183
     H   13        0.320593        0.688183        0.040350

     C   14        0.056965        0.138978        0.035359
     C   14        0.138978        0.314396        0.442881
     C   14        0.035359        0.442881       -0.371361

     H   15        0.253360        0.124640        0.841489
     H   15        0.124640       -0.052755        0.159888
     H   15        0.841489        0.159888       -0.200605

     C   16        0.455078       -0.270494        0.406055
     C   16       -0.270494        0.093649        0.278095
     C   16        0.406055        0.278095       -0.548727

     C   17       -0.367791        0.160072        0.164788
     C   17        0.160072        0.524201        0.209956
     C   17        0.164788        0.209956       -0.156411

     Cl  18       -0.200721       -1.926077        0.290590
     Cl  18       -1.926077        0.327638        2.182931
     Cl  18        0.290590        2.182931       -0.126917

     H   19       -0.111253        0.219305        0.140650
     H   19        0.219305        0.013491       -0.655492
     H   19        0.140650       -0.655492        0.097763

     C   20       -0.245409       -0.039058       -0.167084
     C   20       -0.039058       -0.043871        0.318544
     C   20       -0.167084        0.318544        0.289280

     H   21        0.072027       -0.010771        0.282113
     H   21       -0.010771       -0.287202        0.008591
     H   21        0.282113        0.008591        0.215175

     C   22       -0.362801       -0.057128        0.050460
     C   22       -0.057128       -0.038919        0.368800
     C   22        0.050460        0.368800        0.401721

     C   23       -0.070140        0.157922       -0.214110
     C   23        0.157922       -0.084796        0.323523
     C   23       -0.214110        0.323523        0.154936

     Cl  24        1.447376        2.430744       -0.195375
     Cl  24        2.430744        0.272319        0.157889
     Cl  24       -0.195375        0.157889       -1.719695

     ----- total EFG (symmetrized) -----
     Cl   1        1.165660       -2.069048        0.298153
     Cl   1       -2.069048        0.076410       -0.400105
     Cl   1        0.298153       -0.400105       -1.242070

     C    2        0.277639       -0.420430       -0.460780
     C    2       -0.420430       -0.268475        0.029123
     C    2       -0.460780        0.029123       -0.009164

     C    3       -0.576275        0.209420       -0.319814
     C    3        0.209420        0.652868        0.260289
     C    3       -0.319814        0.260289       -0.076593

     H    4        0.560415        0.057684        0.187375
     H    4        0.057684       -0.496699        0.232029
     H    4        0.187375        0.232029       -0.063716

     C    5        0.152764       -0.120249       -0.199405
     C    5       -0.120249       -0.188335        0.146414
     C    5       -0.199405        0.146414        0.035571

     H    6       -0.059021        0.030404        0.040020
     H    6        0.030404        0.176580        0.104663
     H    6        0.040020        0.104663       -0.117558

     H    7       -0.064511       -0.020117        0.269706
     H    7       -0.020117        0.702586       -0.424852
     H    7        0.269706       -0.424852       -0.638074

     C    8       -0.096884        0.049702        0.081229
     C    8        0.049702        0.103556        0.079529
     C    8        0.081229        0.079529       -0.006672

     H    9        0.604457       -0.180342        0.479063
     H    9       -0.180342       -0.042159       -0.361760
     H    9        0.479063       -0.361760       -0.562297

     C   10        0.084745        0.120398        0.159579
     C   10        0.120398        0.138068       -0.305135
     C   10        0.159579       -0.305135       -0.222813

     C   11       -0.005013        0.185282       -0.102014
     C   11        0.185282       -0.233501       -0.026707
     C   11       -0.102014       -0.026707        0.238515

     Cl  12       -0.016163        0.223212       -1.327760
     Cl  12        0.223212       -0.261230        1.518818
     Cl  12       -1.327760        1.518818        0.277393

     H   13       -0.314291       -0.184742        0.320593
     H   13       -0.184742        0.273941        0.688183
     H   13        0.320593        0.688183        0.040350

     C   14        0.056965        0.138978        0.035359
     C   14        0.138978        0.314396        0.442881
     C   14        0.035359        0.442881       -0.371361

     H   15        0.253360        0.124640        0.841489
     H   15        0.124640       -0.052755        0.159888
     H   15        0.841489        0.159888       -0.200605

     C   16        0.455078       -0.270494        0.406055
     C   16       -0.270494        0.093649        0.278095
     C   16        0.406055        0.278095       -0.548727

     C   17       -0.367791        0.160072        0.164788
     C   17        0.160072        0.524201        0.209956
     C   17        0.164788        0.209956       -0.156411

     Cl  18       -0.200721       -1.926077        0.290590
     Cl  18       -1.926077        0.327638        2.182931
     Cl  18        0.290590        2.182931       -0.126917

     H   19       -0.111253        0.219305        0.140650
     H   19        0.219305        0.013491       -0.655492
     H   19        0.140650       -0.655492        0.097763

     C   20       -0.245409       -0.039058       -0.167084
     C   20       -0.039058       -0.043871        0.318544
     C   20       -0.167084        0.318544        0.289280

     H   21        0.072027       -0.010771        0.282113
     H   21       -0.010771       -0.287202        0.008591
     H   21        0.282113        0.008591        0.215175

     C   22       -0.362801       -0.057128        0.050460
     C   22       -0.057128       -0.038919        0.368800
     C   22        0.050460        0.368800        0.401721

     C   23       -0.070140        0.157922       -0.214110
     C   23        0.157922       -0.084796        0.323523
     C   23       -0.214110        0.323523        0.154936

     Cl  24        1.447376        2.430744       -0.195375
     Cl  24        2.430744        0.272319        0.157889
     Cl  24       -0.195375        0.157889       -1.719695


     NQR/NMR SPECTROSCOPIC PARAMETERS:
     Cl   1    Vxx=   -1.2355    axis=( -0.346592 -0.272911  0.897437)
     Cl   1    Vyy=   -1.5819    axis=(  0.514582  0.744606  0.425168)
     Cl   1    Vzz=    2.8175    axis=(  0.784270 -0.609165  0.117639)
     Cl   1  Q=        -8.1650 1e-30 m^2  Cq=       -54.0518 MHz  eta= 0.12294

     C    2    Vxx=   -0.1603    axis=(  0.210676 -0.614116  0.760577)
     C    2    Vyy=   -0.5871    axis=( -0.567307 -0.710427 -0.416482)
     C    2    Vzz=    0.7474    axis=(  0.796102 -0.343738 -0.498062)
     C    2  Q=         1.0000 1e-30 m^2  Cq=         1.7562 MHz  eta= 0.57104

     C    3    Vxx=    0.0513    axis=( -0.495986 -0.193584  0.846477)
     C    3    Vyy=    0.7451    axis=(  0.086618  0.958940  0.270057)
     C    3    Vzz=   -0.7964    axis=( -0.863999  0.207264 -0.458854)
     C    3  Q=         1.0000 1e-30 m^2  Cq=        -1.8711 MHz  eta= 0.87123

     H    4    Vxx=   -0.0274    axis=( -0.314224  0.389413  0.865806)
     H    4    Vyy=   -0.5980    axis=(  0.019829  0.914494 -0.404114)
     H    4    Vzz=    0.6253    axis=( -0.949142 -0.109815 -0.295078)
     H    4  Q=         1.0000 1e-30 m^2  Cq=         1.4693 MHz  eta= 0.91250

     C    5    Vxx=   -0.1017    axis=( -0.668122 -0.254357 -0.699225)
     C    5    Vyy=   -0.2621    axis=( -0.071974 -0.913253  0.400986)
     C    5    Vzz=    0.3638    axis=( -0.740562  0.318233  0.591857)
     C    5  Q=         1.0000 1e-30 m^2  Cq=         0.8548 MHz  eta= 0.44089

     H    6    Vxx=   -0.0565    axis=(  0.946080 -0.227094  0.230999)
     H    6    Vyy=   -0.1597    axis=(  0.287618  0.260835 -0.921543)
     H    6    Vzz=    0.2162    axis=(  0.149024  0.938293  0.312087)
     H    6  Q=         1.0000 1e-30 m^2  Cq=         0.5080 MHz  eta= 0.47694

     H    7    Vxx=    0.0080    axis=(  0.944141  0.191427  0.268240)
     H    7    Vyy=    0.8363    axis=( -0.109126  0.949671 -0.293626)
     H    7    Vzz=   -0.8443    axis=( -0.310948  0.247952  0.917513)
     H    7  Q=         1.0000 1e-30 m^2  Cq=        -1.9837 MHz  eta= 0.98096

     C    8    Vxx=   -0.0264    axis=(  0.400791 -0.584715  0.705319)
     C    8    Vyy=   -0.1447    axis=( -0.864912  0.012415  0.501770)
     C    8    Vzz=    0.1712    axis=(  0.302149  0.811144  0.500751)
     C    8  Q=         1.0000 1e-30 m^2  Cq=         0.4022 MHz  eta= 0.69101

     H    9    Vxx=   -0.0350    axis=(  0.417043  0.880538 -0.225230)
     H    9    Vyy=   -0.8390    axis=(  0.255098 -0.351248 -0.900861)
     H    9    Vzz=    0.8740    axis=( -0.872353  0.318242 -0.371109)
     H    9  Q=         1.0000 1e-30 m^2  Cq=         2.0537 MHz  eta= 0.91982

     C   10    Vxx=    0.1523    axis=( -0.930148 -0.037456 -0.365270)
     C   10    Vyy=    0.3158    axis=( -0.143412 -0.878712  0.455300)
     C   10    Vzz=   -0.4681    axis=( -0.338021  0.475880  0.811960)
     C   10  Q=         1.0000 1e-30 m^2  Cq=        -1.0998 MHz  eta= 0.34943

     C   11    Vxx=    0.0450    axis=(  0.757815  0.459684  0.463041)
     C   11    Vyy=    0.2931    axis=( -0.423239 -0.193784  0.885052)
     C   11    Vzz=   -0.3382    axis=( -0.496575  0.866682 -0.047704)
     C   11  Q=         1.0000 1e-30 m^2  Cq=        -0.7946 MHz  eta= 0.73361

     Cl  12    Vxx=    0.0992    axis=(  0.754706  0.654556  0.044438)
     Cl  12    Vyy=    1.9961    axis=(  0.450181 -0.467407 -0.760834)
     Cl  12    Vzz=   -2.0953    axis=( -0.477238  0.594211 -0.647423)
     Cl  12  Q=        -8.1650 1e-30 m^2  Cq=        40.1979 MHz  eta= 0.90527

     H   13    Vxx=   -0.0493    axis=( -0.802177  0.427956 -0.416372)
     H   13    Vyy=   -0.8098    axis=( -0.593982 -0.500952  0.629471)
     H   13    Vzz=    0.8592    axis=(  0.060803  0.752264  0.656050)
     H   13  Q=         1.0000 1e-30 m^2  Cq=         2.0187 MHz  eta= 0.88517

     C   14    Vxx=    0.0199    axis=(  0.963336 -0.216684 -0.158214)
     C   14    Vyy=    0.5701    axis=(  0.264194  0.868861  0.418668)
     C   14    Vzz=   -0.5900    axis=(  0.046747 -0.445117  0.894251)
     C   14  Q=         1.0000 1e-30 m^2  Cq=        -1.3862 MHz  eta= 0.93255

     H   15    Vxx=   -0.0883    axis=(  0.194739 -0.978640  0.065882)
     H   15    Vyy=   -0.8486    axis=(  0.600879  0.065940 -0.796615)
     H   15    Vzz=    0.9369    axis=(  0.775255  0.194719  0.600885)
     H   15  Q=         1.0000 1e-30 m^2  Cq=         2.2013 MHz  eta= 0.81146

     C   16    Vxx=    0.1748    axis=(  0.196597  0.873191  0.445967)
     C   16    Vyy=    0.6549    axis=(  0.916113 -0.325679  0.233817)
     C   16    Vzz=   -0.8297    axis=( -0.349409 -0.362588  0.863969)
     C   16  Q=         1.0000 1e-30 m^2  Cq=        -1.9494 MHz  eta= 0.57867

     C   17    Vxx=   -0.1645    axis=( -0.406647  0.351587 -0.843223)
     C   17    Vyy=   -0.4598    axis=( -0.891515  0.048937  0.450340)
     C   17    Vzz=    0.6243    axis=(  0.199598  0.934875  0.293545)
     C   17  Q=         1.0000 1e-30 m^2  Cq=         1.4669 MHz  eta= 0.47306

     Cl  18    Vxx=    0.1200    axis=(  0.748452 -0.024658  0.662730)
     Cl  18    Vyy=    2.8777    axis=( -0.422842  0.752101  0.505518)
     Cl  18    Vzz=   -2.9978    axis=(  0.510905  0.658586 -0.552485)
     Cl  18  Q=        -8.1650 1e-30 m^2  Cq=        57.5110 MHz  eta= 0.91991

     H   19    Vxx=   -0.0044    axis=(  0.917223  0.245695  0.313585)
     H   19    Vyy=   -0.7109    axis=(  0.393687 -0.679432 -0.619179)
     H   19    Vzz=    0.7154    axis=(  0.060930  0.691380 -0.719918)
     H   19  Q=         1.0000 1e-30 m^2  Cq=         1.6808 MHz  eta= 0.98764

     C   20    Vxx=   -0.2023    axis=(  0.539404  0.778432 -0.321071)
     C   20    Vyy=   -0.3149    axis=( -0.815400  0.387709 -0.429890)
     C   20    Vzz=    0.5172    axis=( -0.210158  0.493685  0.843865)
     C   20  Q=         1.0000 1e-30 m^2  Cq=         1.2153 MHz  eta= 0.21770

     H   21    Vxx=   -0.1461    axis=(  0.785558 -0.097174 -0.611110)
     H   21    Vyy=   -0.2885    axis=(  0.076557  0.995267 -0.059850)
     H   21    Vzz=    0.4347    axis=(  0.614034  0.000231  0.789280)
     H   21  Q=         1.0000 1e-30 m^2  Cq=         1.0213 MHz  eta= 0.32772

     C   22    Vxx=   -0.2115    axis=( -0.441452  0.784515 -0.435495)
     C   22    Vyy=   -0.3998    axis=(  0.897138  0.377137 -0.230023)
     C   22    Vzz=    0.6113    axis=(  0.016216  0.492243  0.870307)
     C   22  Q=         1.0000 1e-30 m^2  Cq=         1.4362 MHz  eta= 0.30798

     C   23    Vxx=    0.0722    axis=(  0.813303  0.569155 -0.120832)
     C   23    Vyy=    0.3993    axis=(  0.218930 -0.491761 -0.842758)
     C   23    Vzz=   -0.4715    axis=( -0.539081  0.658964 -0.524556)
     C   23  Q=         1.0000 1e-30 m^2  Cq=        -1.1079 MHz  eta= 0.69382

     Cl  24    Vxx=   -1.4325    axis=( -0.465102  0.603128  0.648010)
     Cl  24    Vyy=   -1.9287    axis=(  0.407136 -0.504261  0.761552)
     Cl  24    Vzz=    3.3612    axis=( -0.786079 -0.618028  0.011022)
     Cl  24  Q=        -8.1650 1e-30 m^2  Cq=       -64.4830 MHz  eta= 0.14762

     Initialization:
     gipaw_setup  :      9.97s CPU     12.30s WALL (       1 calls)

     Linear response

     Apply operators

     Induced current

     Other routines
     efg          :     10.51s CPU     20.31s WALL (       1 calls)

     General routines
     calbec       :      3.38s CPU      5.10s WALL (      16 calls)
     fft          :      1.56s CPU      2.40s WALL (      15 calls)
     ffts         :      0.03s CPU      0.05s WALL (       2 calls)
     fftw         :      4.44s CPU      7.47s WALL (     672 calls)
     davcio       :      0.06s CPU      4.51s WALL (      32 calls)

     Parallel routines
     fft_scatter  :      3.28s CPU      6.89s WALL (     689 calls)

     Plugins

     GIPAW        :     64.34s CPU     86.43s WALL (       1 calls)
