
     Program QE v.6.0 (svn rev. 13079) starts on 16Jan2017 at 21:49:32 

     This program is part of the open-source Quantum ESPRESSO suite
     for quantum simulation of materials; please cite
         "P. Giannozzi et al., J. Phys.:Condens. Matter 21 395502 (2009);
          URL http://www.quantum-espresso.org", 
     in publications or presentations arising from this work. More details at
     http://www.quantum-espresso.org/quote

     Parallel version (MPI), running on     8 processors
     R & G space division:  proc/nbgrp/npool/nimage =       8

     ***** This is GIPAW svn revision unknown      *****

     Parallelizing q-star over 1 images

     Reading data from directory:
     /users/majewski/paradichlorobenzene/pbe/9_constraint/scratch/pbe.ecut100.np8.dt60.pcl2phi-129368.save
     Message from routine read_xml_file:
     file /users/majewski/paradichlorobenzene/pbe/9_constraint/scratch/pbe.ecut100.np8.dt60.pcl2phi-129368.save not guaranteed to be safe for post-processing

   Info: using nr1, nr2, nr3 values from input

   Info: using nr1, nr2, nr3 values from input

     IMPORTANT: XC functional enforced from input :
     Exchange-correlation      =  SLA  PW   PBX  PBC ( 1  4  3  4 0 0)
     Any further DFT definition will be discarded
     Please, verify this is what you really want

               file C.pbe-n-kjpaw_psl.1.0.0.UPF: wavefunction(s)  2S 2P renormalized
               file Cl.pbe-n-kjpaw_psl.1.0.0.UPF: wavefunction(s)  3S 3P renormalized
               file H.pbe-kjpaw_psl.1.0.0.UPF: wavefunction(s)  1S renormalized

     Parallelization info
     --------------------
     sticks:   dense  smooth     PW     G-vecs:    dense   smooth      PW
     Min        3057    1223    332               144436    36536    5170
     Max        3059    1225    333               144437    36537    5171
     Sum       24467    9791   2657              1155489   292295   41363


     Subspace diagonalization in iterative solution of the eigenvalue problem:
     a serial algorithm will be used

     GIPAW projectors -----------------------------------------------
     atom=  C    l=0  rc=    1.2000  rs=    0.8000
     atom=  C    l=0  rc=    1.2000  rs=    0.8000
     atom=  C    l=1  rc=    1.4000  rs=    0.9333
     atom=  C    l=1  rc=    1.4000  rs=    0.9333
     projs nearly linearly dependent: l=1  n1,n2= 1, 2  s=  0.99951561

     atom=  Cl   l=0  rc=    1.6000  rs=    1.0667
     atom=  Cl   l=0  rc=    1.6000  rs=    1.0667
     atom=  Cl   l=1  rc=    1.6000  rs=    1.0667
     atom=  Cl   l=1  rc=    1.6000  rs=    1.0667
     atom=  Cl   l=2  rc=    1.6000  rs=    1.0667
     atom=  Cl   l=2  rc=    1.6000  rs=    1.0667
     projs nearly linearly dependent: l=2  n1,n2= 1, 2  s=  0.99993509

     atom=  H    l=0  rc=    1.0000  rs=    0.6667
     atom=  H    l=0  rc=    1.0000  rs=    0.6667
     projs nearly linearly dependent: l=0  n1,n2= 1, 2  s=  0.99968852
     -----------------------------------------------------------------

     GIPAW integrals: -------------------------------------------
     Atom  i/j   nmr_para   nmr_dia   epr_rmc  epr_para   epr_dia
       C   1 1   0.83E+03  0.17E-01  0.93E+01  0.24E+08  0.24E+03
       C   2 1   0.86E+03 -0.61E-01  0.94E+01  0.25E+08  0.25E+03
       C   2 2   0.90E+03 -0.15E+00  0.97E+01  0.26E+08  0.26E+03
       C   3 3   0.33E+01  0.34E+00  0.18E+01  0.55E+03  0.21E+02
       C   4 3   0.35E+01  0.37E+00  0.20E+01  0.59E+03  0.22E+02
       C   4 4   0.38E+01  0.39E+00  0.22E+01  0.63E+03  0.24E+02
       Cl  1 1   0.14E+04 -0.47E+00  0.84E+01  0.32E+09  0.42E+03
       Cl  2 1   0.21E+04 -0.37E+00  0.12E+02  0.49E+09  0.65E+03
       Cl  2 2   0.33E+04 -0.16E+00  0.21E+02  0.76E+09  0.10E+04
       Cl  3 3   0.21E+02  0.79E-01  0.89E+01  0.23E+05  0.13E+03
       Cl  4 3   0.24E+02  0.67E-01  0.99E+01  0.27E+05  0.15E+03
       Cl  4 4   0.28E+02  0.44E-01  0.11E+02  0.32E+05  0.18E+03
       Cl  5 5   0.77E+00  0.19E+00  0.18E+01  0.12E+03  0.22E+02
       Cl  6 5   0.80E+00  0.19E+00  0.19E+01  0.12E+03  0.23E+02
       Cl  6 6   0.83E+00  0.20E+00  0.19E+01  0.12E+03  0.23E+02
       H   1 1   0.39E+02  0.19E+00  0.29E+00  0.78E+05  0.13E+02
       H   2 1   0.41E+02  0.21E+00  0.32E+00  0.82E+05  0.14E+02
       H   2 2   0.43E+02  0.22E+00  0.36E+00  0.86E+05  0.15E+02
     ------------------------------------------------------------

     alpha_pv=     34.0566 eV

     Number of occupied bands for each k-point:
     k-point:     1    nbnd_occ=  42
     k-point:     2    nbnd_occ=  42
     k-point:     3    nbnd_occ=  42
     k-point:     4    nbnd_occ=  42
     k-point:     5    nbnd_occ=  42
     k-point:     6    nbnd_occ=  42
     k-point:     7    nbnd_occ=  42
     k-point:     8    nbnd_occ=  42
     k-point:     9    nbnd_occ=  42
     k-point:    10    nbnd_occ=  42
     k-point:    11    nbnd_occ=  42
     k-point:    12    nbnd_occ=  42
     k-point:    13    nbnd_occ=  42
     k-point:    14    nbnd_occ=  42
     k-point:    15    nbnd_occ=  42
     k-point:    16    nbnd_occ=  42


     q-space interpolation up to   110.00 Rydberg

     GIPAW job: efg                                                                             


     ELECTRIC FIELD GRADIENTS TENSORS IN Hartree/bohrradius^2:

     ----- bare term -----
     Cl   1       -0.094766        0.229059        0.033244
     Cl   1        0.229059       -0.185607        0.092228
     Cl   1        0.033244        0.092228        0.280373

     C    2        0.173866        0.037482       -0.173770
     C    2        0.037482       -0.166365       -0.594222
     C    2       -0.173770       -0.594222       -0.007501

     C    3       -0.387725        0.088587       -0.013615
     C    3        0.088587       -0.149264        0.110309
     C    3       -0.013615        0.110309        0.536989

     H    4       -0.151096       -0.404013        0.016261
     H    4       -0.404013       -0.176856        0.136416
     H    4        0.016261        0.136416        0.327952

     C    5        0.197590       -0.115434       -0.195726
     C    5       -0.115434       -0.267884       -0.109508
     C    5       -0.195726       -0.109508        0.070294

     H    6        0.354338       -0.055976       -0.011958
     H    6       -0.055976       -0.632511        0.105333
     H    6       -0.011958        0.105333        0.278173

     H    7        0.370216        0.040626        0.275078
     H    7        0.040626        0.179522        0.083370
     H    7        0.275078        0.083370       -0.549738

     C    8       -0.490626       -0.218225       -0.174924
     C    8       -0.218225        0.240170       -0.040973
     C    8       -0.174924       -0.040973        0.250456

     H    9       -0.007388        0.018562       -0.508387
     H    9        0.018562        0.154567       -0.215136
     H    9       -0.508387       -0.215136       -0.147179

     C   10        0.175032       -0.142648       -0.096065
     C   10       -0.142648       -0.105546        0.492286
     C   10       -0.096065        0.492286       -0.069486

     C   11       -0.637264       -0.446212       -0.250928
     C   11       -0.446212        0.239869        0.198221
     C   11       -0.250928        0.198221        0.397394

     Cl  12       -0.013396       -0.021331       -0.061173
     Cl  12       -0.021331        0.101610        0.061230
     Cl  12       -0.061173        0.061230       -0.088214

     H   13        0.428244       -0.132254       -0.027865
     H   13       -0.132254       -0.542117       -0.178666
     H   13       -0.027865       -0.178666        0.113873

     C   14       -0.726112        0.383324       -0.404987
     C   14        0.383324        0.331968       -0.166121
     C   14       -0.404987       -0.166121        0.394144

     H   15       -0.480089       -0.194702        0.262024
     H   15       -0.194702        0.323941       -0.120900
     H   15        0.262024       -0.120900        0.156149

     C   16        0.228135       -0.009565        0.004715
     C   16       -0.009565       -0.500315       -0.383654
     C   16        0.004715       -0.383654        0.272180

     C   17       -0.781766        0.421616       -0.353922
     C   17        0.421616        0.303850       -0.030270
     C   17       -0.353922       -0.030270        0.477916

     Cl  18        0.001273       -0.138784       -0.042207
     Cl  18       -0.138784        0.082386        0.074093
     Cl  18       -0.042207        0.074093       -0.083659

     H   19        0.423738       -0.100167        0.002341
     H   19       -0.100167       -0.753653        0.303456
     H   19        0.002341        0.303456        0.329915

     C   20       -0.065873        0.106344       -0.298459
     C   20        0.106344        0.018770        0.455532
     C   20       -0.298459        0.455532        0.047103

     H   21       -0.116593        0.360540       -0.412284
     H   21        0.360540       -0.108573        0.366567
     H   21       -0.412284        0.366567        0.225167

     C   22       -0.750561       -0.332647       -0.309779
     C   22       -0.332647        0.294883        0.072656
     C   22       -0.309779        0.072656        0.455678

     C   23        0.149509       -0.038248       -0.164315
     C   23       -0.038248       -0.071039        0.588456
     C   23       -0.164315        0.588456       -0.078471

     Cl  24       -0.150472       -0.246927        0.002734
     Cl  24       -0.246927        0.047559       -0.010348
     Cl  24        0.002734       -0.010348        0.102913

     ----- ionic term -----
     Cl   1        0.160242       -0.166441       -0.038534
     Cl   1       -0.166441       -0.009827        0.027779
     Cl   1       -0.038534        0.027779       -0.150415

     C    2        0.373617       -0.057820        0.087783
     C    2       -0.057820        0.160876        0.309282
     C    2        0.087783        0.309282       -0.534493

     C    3        0.289647       -0.166183        0.101621
     C    3       -0.166183        0.229954        0.254191
     C    3        0.101621        0.254191       -0.519601

     H    4        0.857219        0.419819        0.332776
     H    4        0.419819       -0.338218        0.156081
     H    4        0.332776        0.156081       -0.519001

     C    5        0.363699       -0.087713        0.134842
     C    5       -0.087713        0.182816        0.223609
     C    5        0.134842        0.223609       -0.546515

     H    6       -0.531767        0.038570        0.010723
     H    6        0.038570        0.906507        0.512346
     H    6        0.010723        0.512346       -0.374740

     H    7       -0.514505        0.102254       -0.098287
     H    7        0.102254        0.248911       -0.793200
     H    7       -0.098287       -0.793200        0.265593

     C    8        0.254071        0.244432        0.238296
     C    8        0.244432       -0.110508       -0.329824
     C    8        0.238296       -0.329824       -0.143563

     H    9        0.499001       -0.370479        0.662944
     H    9       -0.370479       -0.355805       -0.308848
     H    9        0.662944       -0.308848       -0.143195

     C   10        0.159230        0.269343        0.136955
     C   10        0.269343        0.092141       -0.418338
     C   10        0.136955       -0.418338       -0.251370

     C   11        0.196441        0.295121        0.224370
     C   11        0.295121        0.066690       -0.391401
     C   11        0.224370       -0.391401       -0.263131

     Cl  12        0.173602        0.267032        0.016857
     Cl  12        0.267032       -0.003997        0.003845
     Cl  12        0.016857        0.003845       -0.169605

     H   13       -0.503211        0.061478        0.012115
     H   13        0.061478        0.886568        0.524877
     H   13        0.012115        0.524877       -0.383358

     C   14        0.475570       -0.127689        0.107957
     C   14       -0.127689        0.104970        0.246189
     C   14        0.107957        0.246189       -0.580540

     H   15        0.823489        0.505833        0.336775
     H   15        0.505833       -0.262490        0.169528
     H   15        0.336775        0.169528       -0.560999

     C   16        0.274598       -0.172133        0.068186
     C   16       -0.172133        0.327890        0.290424
     C   16        0.068186        0.290424       -0.602488

     C   17        0.262167       -0.055685        0.144989
     C   17       -0.055685        0.327819        0.287576
     C   17        0.144989        0.287576       -0.589985

     Cl  18        0.183518       -0.231816        0.017072
     Cl  18       -0.231816       -0.011452       -0.008214
     Cl  18        0.017072       -0.008214       -0.172066

     H   19       -0.510413        0.007159        0.024284
     H   19        0.007159        0.669454       -0.707709
     H   19        0.024284       -0.707709       -0.159041

     C   20        0.278990        0.253450        0.283953
     C   20        0.253450        0.038623       -0.264554
     C   20        0.283953       -0.264554       -0.317614

     H   21        0.682342       -0.185187        0.655438
     H   21       -0.185187       -0.509791       -0.185241
     H   21        0.655438       -0.185241       -0.172551

     C   22        0.211801        0.331220        0.202403
     C   22        0.331220        0.051722       -0.329104
     C   22        0.202403       -0.329104       -0.263523

     C   23        0.158532        0.203124        0.299827
     C   23        0.203124       -0.009062       -0.383997
     C   23        0.299827       -0.383997       -0.149470

     Cl  24        0.138070        0.172656        0.024176
     Cl  24        0.172656        0.010616        0.007133
     Cl  24        0.024176        0.007133       -0.148685

     ----- GIPAW term -----
     Cl   1       -0.825452        0.434757       -0.319273
     Cl   1        0.434757        1.803715       -1.009920
     Cl   1       -0.319273       -1.009920       -0.978263

     C    2       -0.041255        0.001804        0.001592
     C    2        0.001804        0.194361        0.047564
     C    2        0.001592        0.047564       -0.153106

     C    3       -0.017135       -0.032841        0.007697
     C    3       -0.032841       -0.007488        0.025342
     C    3        0.007697        0.025342        0.024623

     H    4       -0.000000        0.000000        0.000000
     H    4        0.000000        0.000000        0.000000
     H    4        0.000000        0.000000        0.000000

     C    5        0.022367       -0.008579       -0.008537
     C    5       -0.008579        0.029700        0.006825
     C    5       -0.008537        0.006825       -0.052067

     H    6       -0.000000        0.000000        0.000000
     H    6        0.000000        0.000000        0.000000
     H    6        0.000000        0.000000        0.000000

     H    7       -0.000000        0.000000        0.000000
     H    7        0.000000        0.000000        0.000000
     H    7        0.000000        0.000000        0.000000

     C    8       -0.063180       -0.020459       -0.007475
     C    8       -0.020459        0.072469        0.008807
     C    8       -0.007475        0.008807       -0.009289

     H    9       -0.000000        0.000000        0.000000
     H    9        0.000000        0.000000        0.000000
     H    9        0.000000        0.000000        0.000000

     C   10       -0.054738       -0.032232       -0.012190
     C   10       -0.032232        0.147931        0.093996
     C   10       -0.012190        0.093996       -0.093193

     C   11       -0.139050        0.058696       -0.010343
     C   11        0.058696        0.236482        0.063599
     C   11       -0.010343        0.063599       -0.097432

     Cl  12       -0.019746        1.502412       -0.304656
     Cl  12        1.502412        2.388476        1.130555
     Cl  12       -0.304656        1.130555       -2.368729

     H   13       -0.000000        0.000000        0.000000
     H   13        0.000000        0.000000        0.000000
     H   13        0.000000        0.000000        0.000000

     C   14       -0.069104        0.010698       -0.032893
     C   14        0.010698        0.046058        0.043146
     C   14       -0.032893        0.043146        0.023046

     H   15       -0.000000        0.000000        0.000000
     H   15        0.000000        0.000000        0.000000
     H   15        0.000000        0.000000        0.000000

     C   16       -0.026831       -0.036847       -0.004539
     C   16       -0.036847       -0.033124        0.092029
     C   16       -0.004539        0.092029        0.059955

     C   17       -0.158972       -0.081875       -0.072008
     C   17       -0.081875        0.204705        0.148730
     C   17       -0.072008        0.148730       -0.045733

     Cl  18        0.972099       -3.294736       -0.550735
     Cl  18       -3.294736        1.130764        0.834218
     Cl  18       -0.550735        0.834218       -2.102863

     H   19       -0.000000        0.000000        0.000000
     H   19        0.000000        0.000000        0.000000
     H   19        0.000000        0.000000        0.000000

     C   20       -0.092740        0.066436       -0.034329
     C   20        0.066436        0.243457        0.047048
     C   20       -0.034329        0.047048       -0.150717

     H   21       -0.000000        0.000000        0.000000
     H   21        0.000000        0.000000        0.000000
     H   21        0.000000        0.000000        0.000000

     C   22       -0.184440        0.045036       -0.056446
     C   22        0.045036        0.229737       -0.081723
     C   22       -0.056446       -0.081723       -0.045297

     C   23       -0.028661       -0.016202       -0.012069
     C   23       -0.016202        0.196986        0.028385
     C   23       -0.012069        0.028385       -0.168324

     Cl  24       -0.388763       -0.731078        0.211702
     Cl  24       -0.731078        2.375798       -0.739106
     Cl  24        0.211702       -0.739106       -1.987035

     ----- total EFG -----
     Cl   1       -0.759976        0.497375       -0.324563
     Cl   1        0.497375        1.608281       -0.889913
     Cl   1       -0.324563       -0.889913       -0.848305

     C    2        0.506228       -0.018533       -0.084395
     C    2       -0.018533        0.188872       -0.237376
     C    2       -0.084395       -0.237376       -0.695100

     C    3       -0.115214       -0.110436        0.095703
     C    3       -0.110436        0.073202        0.389842
     C    3        0.095703        0.389842        0.042012

     H    4        0.706124        0.015806        0.349037
     H    4        0.015806       -0.515075        0.292496
     H    4        0.349037        0.292496       -0.191049

     C    5        0.583656       -0.211725       -0.069421
     C    5       -0.211725       -0.055368        0.120926
     C    5       -0.069421        0.120926       -0.528288

     H    6       -0.177429       -0.017406       -0.001235
     H    6       -0.017406        0.273996        0.617679
     H    6       -0.001235        0.617679       -0.096568

     H    7       -0.144289        0.142881        0.176790
     H    7        0.142881        0.428433       -0.709830
     H    7        0.176790       -0.709830       -0.284145

     C    8       -0.299734        0.005749        0.055897
     C    8        0.005749        0.202130       -0.361989
     C    8        0.055897       -0.361989        0.097604

     H    9        0.491612       -0.351917        0.154557
     H    9       -0.351917       -0.201238       -0.523985
     H    9        0.154557       -0.523985       -0.290374

     C   10        0.279524        0.094463        0.028701
     C   10        0.094463        0.134526        0.167944
     C   10        0.028701        0.167944       -0.414050

     C   11       -0.579872       -0.092395       -0.036901
     C   11       -0.092395        0.543041       -0.129581
     C   11       -0.036901       -0.129581        0.036832

     Cl  12        0.140460        1.748113       -0.348972
     Cl  12        1.748113        2.486088        1.195629
     Cl  12       -0.348972        1.195629       -2.626548

     H   13       -0.074967       -0.070777       -0.015751
     H   13       -0.070777        0.344451        0.346211
     H   13       -0.015751        0.346211       -0.269484

     C   14       -0.319646        0.266332       -0.329923
     C   14        0.266332        0.482996        0.123215
     C   14       -0.329923        0.123215       -0.163350

     H   15        0.343400        0.311131        0.598799
     H   15        0.311131        0.061451        0.048629
     H   15        0.598799        0.048629       -0.404851

     C   16        0.475902       -0.218545        0.068362
     C   16       -0.218545       -0.205549       -0.001201
     C   16        0.068362       -0.001201       -0.270353

     C   17       -0.678572        0.284057       -0.280940
     C   17        0.284057        0.836374        0.406036
     C   17       -0.280940        0.406036       -0.157802

     Cl  18        1.156890       -3.665335       -0.575871
     Cl  18       -3.665335        1.201699        0.900096
     Cl  18       -0.575871        0.900096       -2.358589

     H   19       -0.086675       -0.093008        0.026625
     H   19       -0.093008       -0.084199       -0.404253
     H   19        0.026625       -0.404253        0.170874

     C   20        0.120377        0.426230       -0.048835
     C   20        0.426230        0.300850        0.238026
     C   20       -0.048835        0.238026       -0.421227

     H   21        0.565749        0.175353        0.243154
     H   21        0.175353       -0.618364        0.181326
     H   21        0.243154        0.181326        0.052615

     C   22       -0.723200        0.043610       -0.163822
     C   22        0.043610        0.576342       -0.338171
     C   22       -0.163822       -0.338171        0.146858

     C   23        0.279381        0.148674        0.123442
     C   23        0.148674        0.116885        0.232845
     C   23        0.123442        0.232845       -0.396265

     Cl  24       -0.401165       -0.805348        0.238613
     Cl  24       -0.805348        2.433974       -0.742321
     Cl  24        0.238613       -0.742321       -2.032808

     ----- total EFG (symmetrized) -----
     Cl   1       -0.759976        0.497375       -0.324563
     Cl   1        0.497375        1.608281       -0.889913
     Cl   1       -0.324563       -0.889913       -0.848305

     C    2        0.506228       -0.018533       -0.084395
     C    2       -0.018533        0.188872       -0.237376
     C    2       -0.084395       -0.237376       -0.695100

     C    3       -0.115214       -0.110436        0.095703
     C    3       -0.110436        0.073202        0.389842
     C    3        0.095703        0.389842        0.042012

     H    4        0.706124        0.015806        0.349037
     H    4        0.015806       -0.515075        0.292496
     H    4        0.349037        0.292496       -0.191049

     C    5        0.583656       -0.211725       -0.069421
     C    5       -0.211725       -0.055368        0.120926
     C    5       -0.069421        0.120926       -0.528288

     H    6       -0.177429       -0.017406       -0.001235
     H    6       -0.017406        0.273996        0.617679
     H    6       -0.001235        0.617679       -0.096568

     H    7       -0.144289        0.142881        0.176790
     H    7        0.142881        0.428433       -0.709830
     H    7        0.176790       -0.709830       -0.284145

     C    8       -0.299734        0.005749        0.055897
     C    8        0.005749        0.202130       -0.361989
     C    8        0.055897       -0.361989        0.097604

     H    9        0.491612       -0.351917        0.154557
     H    9       -0.351917       -0.201238       -0.523985
     H    9        0.154557       -0.523985       -0.290374

     C   10        0.279524        0.094463        0.028701
     C   10        0.094463        0.134526        0.167944
     C   10        0.028701        0.167944       -0.414050

     C   11       -0.579872       -0.092395       -0.036901
     C   11       -0.092395        0.543041       -0.129581
     C   11       -0.036901       -0.129581        0.036832

     Cl  12        0.140460        1.748113       -0.348972
     Cl  12        1.748113        2.486088        1.195629
     Cl  12       -0.348972        1.195629       -2.626548

     H   13       -0.074967       -0.070777       -0.015751
     H   13       -0.070777        0.344451        0.346211
     H   13       -0.015751        0.346211       -0.269484

     C   14       -0.319646        0.266332       -0.329923
     C   14        0.266332        0.482996        0.123215
     C   14       -0.329923        0.123215       -0.163350

     H   15        0.343400        0.311131        0.598799
     H   15        0.311131        0.061451        0.048629
     H   15        0.598799        0.048629       -0.404851

     C   16        0.475902       -0.218545        0.068362
     C   16       -0.218545       -0.205549       -0.001201
     C   16        0.068362       -0.001201       -0.270353

     C   17       -0.678572        0.284057       -0.280940
     C   17        0.284057        0.836374        0.406036
     C   17       -0.280940        0.406036       -0.157802

     Cl  18        1.156890       -3.665335       -0.575871
     Cl  18       -3.665335        1.201699        0.900096
     Cl  18       -0.575871        0.900096       -2.358589

     H   19       -0.086675       -0.093008        0.026625
     H   19       -0.093008       -0.084199       -0.404253
     H   19        0.026625       -0.404253        0.170874

     C   20        0.120377        0.426230       -0.048835
     C   20        0.426230        0.300850        0.238026
     C   20       -0.048835        0.238026       -0.421227

     H   21        0.565749        0.175353        0.243154
     H   21        0.175353       -0.618364        0.181326
     H   21        0.243154        0.181326        0.052615

     C   22       -0.723200        0.043610       -0.163822
     C   22        0.043610        0.576342       -0.338171
     C   22       -0.163822       -0.338171        0.146858

     C   23        0.279381        0.148674        0.123442
     C   23        0.148674        0.116885        0.232845
     C   23        0.123442        0.232845       -0.396265

     Cl  24       -0.401165       -0.805348        0.238613
     Cl  24       -0.805348        2.433974       -0.742321
     Cl  24        0.238613       -0.742321       -2.032808


     NQR/NMR SPECTROSCOPIC PARAMETERS:
     Cl   1    Vxx=   -0.8080    axis=(  0.887975 -0.308420 -0.341141)
     Cl   1    Vyy=   -1.2075    axis=(  0.412767  0.207396  0.886911)
     Cl   1    Vzz=    2.0155    axis=( -0.202790 -0.928366  0.311469)
     Cl   1  Q=        -8.1650 1e-30 m^2  Cq=       -38.6662 MHz  eta= 0.19817

     C    2    Vxx=    0.2486    axis=( -0.009860  0.969949 -0.243108)
     C    2    Vyy=    0.5121    axis=(  0.997636 -0.006994 -0.068367)
     C    2    Vzz=   -0.7607    axis=(  0.068013  0.243208  0.967587)
     C    2  Q=         1.0000 1e-30 m^2  Cq=        -1.7873 MHz  eta= 0.34651

     C    3    Vxx=   -0.0425    axis=( -0.893514  0.293134 -0.340156)
     C    3    Vyy=   -0.4055    axis=( -0.448348 -0.624325  0.639690)
     C    3    Vzz=    0.4481    axis=( -0.024853  0.724080  0.689268)
     C    3  Q=         1.0000 1e-30 m^2  Cq=         1.0528 MHz  eta= 0.81009

     H    4    Vxx=   -0.1269    axis=( -0.329264  0.559664  0.760501)
     H    4    Vyy=   -0.7084    axis=(  0.126920  0.824336 -0.551690)
     H    4    Vzz=    0.8353    axis=(  0.935669  0.085129  0.342457)
     H    4  Q=         1.0000 1e-30 m^2  Cq=         1.9626 MHz  eta= 0.69613

     C    5    Vxx=   -0.0985    axis=(  0.309283  0.927281  0.210934)
     C    5    Vyy=   -0.5577    axis=( -0.017079  0.227190 -0.973701)
     C    5    Vzz=    0.6562    axis=( -0.950817  0.297546  0.086103)
     C    5  Q=         1.0000 1e-30 m^2  Cq=         1.5418 MHz  eta= 0.69985

     H    6    Vxx=   -0.1774    axis=( -0.999562  0.001867 -0.029532)
     H    6    Vyy=   -0.5564    axis=( -0.024806 -0.596987  0.801868)
     H    6    Vzz=    0.7338    axis=(  0.016133 -0.802249 -0.596771)
     H    6  Q=         1.0000 1e-30 m^2  Cq=         1.7242 MHz  eta= 0.51641

     H    7    Vxx=   -0.0675    axis=(  0.945077  0.146156  0.292348)
     H    7    Vyy=   -0.7997    axis=( -0.325526  0.501249  0.801737)
     H    7    Vzz=    0.8672    axis=( -0.029361 -0.852870  0.521297)
     H    7  Q=         1.0000 1e-30 m^2  Cq=         2.0376 MHz  eta= 0.84432

     C    8    Vxx=   -0.1958    axis=(  0.400032  0.613567  0.680815)
     C    8    Vyy=   -0.3211    axis=( -0.915645  0.235464  0.325807)
     C    8    Vzz=    0.5169    axis=(  0.039597 -0.753719  0.656003)
     C    8  Q=         1.0000 1e-30 m^2  Cq=         1.2145 MHz  eta= 0.24245

     H    9    Vxx=    0.0140    axis=(  0.587835  0.528956 -0.612091)
     H    9    Vyy=    0.7711    axis=(  0.801859 -0.481152  0.354282)
     H    9    Vzz=   -0.7851    axis=(  0.107109  0.699070  0.706986)
     H    9  Q=         1.0000 1e-30 m^2  Cq=        -1.8446 MHz  eta= 0.96431

     C   10    Vxx=    0.1206    axis=( -0.527515  0.818183  0.228703)
     C   10    Vyy=    0.3408    axis=(  0.849541  0.507164  0.145135)
     C   10    Vzz=   -0.4614    axis=( -0.002756 -0.270854  0.962617)
     C   10  Q=         1.0000 1e-30 m^2  Cq=        -1.0841 MHz  eta= 0.47737

     C   11    Vxx=    0.0111    axis=( -0.095019  0.219991  0.970863)
     C   11    Vyy=    0.5800    axis=( -0.070159  0.971371 -0.226973)
     C   11    Vzz=   -0.5911    axis=( -0.993000 -0.089681 -0.076864)
     C   11  Q=         1.0000 1e-30 m^2  Cq=        -1.3888 MHz  eta= 0.96251

     Cl  12    Vxx=   -0.4707    axis=(  0.862431 -0.370378 -0.345011)
     Cl  12    Vyy=   -3.0799    axis=( -0.251429  0.278109 -0.927059)
     Cl  12    Vzz=    3.5505    axis=(  0.439313  0.886270  0.146726)
     Cl  12  Q=        -8.1650 1e-30 m^2  Cq=       -68.1155 MHz  eta= 0.73487

     H   13    Vxx=   -0.0830    axis=(  0.991771  0.092692  0.088311)
     H   13    Vyy=   -0.4258    axis=(  0.042431  0.412823 -0.909823)
     H   13    Vzz=    0.5088    axis=( -0.120790  0.906083  0.405492)
     H   13  Q=         1.0000 1e-30 m^2  Cq=         1.1955 MHz  eta= 0.67382

     C   14    Vxx=    0.0885    axis=( -0.569951  0.131435  0.811098)
     C   14    Vyy=    0.5642    axis=( -0.275346 -0.960601 -0.037822)
     C   14    Vzz=   -0.6526    axis=(  0.774170 -0.244890  0.583686)
     C   14  Q=         1.0000 1e-30 m^2  Cq=        -1.5334 MHz  eta= 0.72895

     H   15    Vxx=   -0.0433    axis=(  0.260070 -0.915278  0.307621)
     H   15    Vyy=   -0.7524    axis=(  0.505473 -0.142394 -0.851011)
     H   15    Vzz=    0.7957    axis=(  0.822715  0.376817  0.425616)
     H   15  Q=         1.0000 1e-30 m^2  Cq=         1.8695 MHz  eta= 0.89117

     C   16    Vxx=   -0.2544    axis=(  0.163526  0.747734  0.643547)
     C   16    Vyy=   -0.2909    axis=( -0.239622 -0.602689  0.761149)
     C   16    Vzz=    0.5453    axis=(  0.956996 -0.278675  0.080618)
     C   16  Q=         1.0000 1e-30 m^2  Cq=         1.2812 MHz  eta= 0.06702

     C   17    Vxx=   -0.0917    axis=( -0.503643 -0.212223  0.837440)
     C   17    Vyy=   -0.9084    axis=( -0.857010  0.245021 -0.453320)
     C   17    Vzz=    1.0001    axis=(  0.108985  0.946005  0.305281)
     C   17  Q=         1.0000 1e-30 m^2  Cq=         2.3499 MHz  eta= 0.81654

     Cl  18    Vxx=   -2.2725    axis=(  0.583654  0.438738  0.683269)
     Cl  18    Vyy=   -2.7207    axis=( -0.420076 -0.556964  0.716468)
     Cl  18    Vzz=    4.9932    axis=( -0.694898  0.705195  0.140771)
     Cl  18  Q=        -8.1650 1e-30 m^2  Cq=       -95.7919 MHz  eta= 0.08975

     H   19    Vxx=   -0.0854    axis=(  0.971534 -0.077832 -0.223748)
     H   19    Vyy=   -0.3923    axis=(  0.194515  0.801198  0.565902)
     H   19    Vzz=    0.4777    axis=(  0.135221 -0.593316  0.793531)
     H   19  Q=         1.0000 1e-30 m^2  Cq=         1.1223 MHz  eta= 0.64262

     C   20    Vxx=   -0.1192    axis=( -0.735431  0.469328  0.488745)
     C   20    Vyy=   -0.5497    axis=(  0.316780 -0.399474  0.860274)
     C   20    Vzz=    0.6689    axis=(  0.598992  0.787497  0.145112)
     C   20  Q=         1.0000 1e-30 m^2  Cq=         1.5717 MHz  eta= 0.64368

     H   21    Vxx=   -0.0282    axis=( -0.412782  0.153221  0.897850)
     H   21    Vyy=   -0.6749    axis=( -0.096290  0.972884 -0.210295)
     H   21    Vzz=    0.7031    axis=( -0.905726 -0.173260 -0.386835)
     H   21  Q=         1.0000 1e-30 m^2  Cq=         1.6521 MHz  eta= 0.91970

     C   22    Vxx=   -0.0182    axis=( -0.167181  0.496688  0.851676)
     C   22    Vyy=   -0.7533    axis=( -0.982749 -0.014657 -0.184363)
     C   22    Vzz=    0.7715    axis=( -0.079088 -0.867805  0.490570)
     C   22  Q=         1.0000 1e-30 m^2  Cq=         1.8127 MHz  eta= 0.95281

     C   23    Vxx=    0.0591    axis=(  0.626034 -0.749931 -0.213741)
     C   23    Vyy=    0.4323    axis=(  0.775159  0.568633  0.275289)
     C   23    Vzz=   -0.4914    axis=( -0.084908 -0.338024  0.937299)
     C   23  Q=         1.0000 1e-30 m^2  Cq=        -1.1546 MHz  eta= 0.75932

     Cl  24    Vxx=   -0.6129    axis=(  0.964926  0.261275  0.025561)
     Cl  24    Vyy=   -2.1600    axis=(  0.066174 -0.147850 -0.986793)
     Cl  24    Vzz=    2.7729    axis=( -0.254046  0.953874 -0.159954)
     Cl  24  Q=        -8.1650 1e-30 m^2  Cq=       -53.1975 MHz  eta= 0.55793

     Initialization:
     gipaw_setup  :      9.17s CPU     10.91s WALL (       1 calls)

     Linear response

     Apply operators

     Induced current

     Other routines
     efg          :      9.35s CPU     12.08s WALL (       1 calls)

     General routines
     calbec       :      3.26s CPU      4.43s WALL (      16 calls)
     fft          :      1.71s CPU      2.73s WALL (      15 calls)
     ffts         :      0.04s CPU      0.05s WALL (       2 calls)
     fftw         :      3.33s CPU      4.24s WALL (     672 calls)
     davcio       :      0.03s CPU      0.31s WALL (      32 calls)

     Parallel routines
     fft_scatter  :      2.45s CPU      4.26s WALL (     689 calls)

     Plugins

     GIPAW        :     61.16s CPU     72.58s WALL (       1 calls)
