
     Program QE v.6.0 (svn rev. 13079) starts on 21Dec2016 at 21: 0: 2 

     This program is part of the open-source Quantum ESPRESSO suite
     for quantum simulation of materials; please cite
         "P. Giannozzi et al., J. Phys.:Condens. Matter 21 395502 (2009);
          URL http://www.quantum-espresso.org", 
     in publications or presentations arising from this work. More details at
     http://www.quantum-espresso.org/quote

     Parallel version (MPI), running on     8 processors
     R & G space division:  proc/nbgrp/npool/nimage =       8

     ***** This is GIPAW svn revision unknown      *****

     Parallelizing q-star over 1 images

     Reading data from directory:
     /users/majewski/paradichlorobenzene/pbe/9_constraint/scratch/pbe.ecut100.np8.dt60.pcl2phi-129368.save
     Message from routine read_xml_file:
     file /users/majewski/paradichlorobenzene/pbe/9_constraint/scratch/pbe.ecut100.np8.dt60.pcl2phi-129368.save not guaranteed to be safe for post-processing

   Info: using nr1, nr2, nr3 values from input

   Info: using nr1, nr2, nr3 values from input

     IMPORTANT: XC functional enforced from input :
     Exchange-correlation      =  SLA  PW   PBX  PBC ( 1  4  3  4 0 0)
     Any further DFT definition will be discarded
     Please, verify this is what you really want

               file C.pbe-n-kjpaw_psl.1.0.0.UPF: wavefunction(s)  2S 2P renormalized
               file Cl.pbe-n-kjpaw_psl.1.0.0.UPF: wavefunction(s)  3S 3P renormalized
               file H.pbe-kjpaw_psl.1.0.0.UPF: wavefunction(s)  1S renormalized

     Parallelization info
     --------------------
     sticks:   dense  smooth     PW     G-vecs:    dense   smooth      PW
     Min        3057    1223    332               144436    36536    5170
     Max        3059    1225    333               144437    36537    5171
     Sum       24467    9791   2657              1155489   292295   41363


     Subspace diagonalization in iterative solution of the eigenvalue problem:
     a serial algorithm will be used

     GIPAW projectors -----------------------------------------------
     atom=  C    l=0  rc=    1.2000  rs=    0.8000
     atom=  C    l=0  rc=    1.2000  rs=    0.8000
     atom=  C    l=1  rc=    1.4000  rs=    0.9333
     atom=  C    l=1  rc=    1.4000  rs=    0.9333
     projs nearly linearly dependent: l=1  n1,n2= 1, 2  s=  0.99951561

     atom=  Cl   l=0  rc=    1.6000  rs=    1.0667
     atom=  Cl   l=0  rc=    1.6000  rs=    1.0667
     atom=  Cl   l=1  rc=    1.6000  rs=    1.0667
     atom=  Cl   l=1  rc=    1.6000  rs=    1.0667
     atom=  Cl   l=2  rc=    1.6000  rs=    1.0667
     atom=  Cl   l=2  rc=    1.6000  rs=    1.0667
     projs nearly linearly dependent: l=2  n1,n2= 1, 2  s=  0.99993509

     atom=  H    l=0  rc=    1.0000  rs=    0.6667
     atom=  H    l=0  rc=    1.0000  rs=    0.6667
     projs nearly linearly dependent: l=0  n1,n2= 1, 2  s=  0.99968852
     -----------------------------------------------------------------

     GIPAW integrals: -------------------------------------------
     Atom  i/j   nmr_para   nmr_dia   epr_rmc  epr_para   epr_dia
       C   1 1   0.83E+03  0.17E-01  0.93E+01  0.24E+08  0.24E+03
       C   2 1   0.86E+03 -0.61E-01  0.94E+01  0.25E+08  0.25E+03
       C   2 2   0.90E+03 -0.15E+00  0.97E+01  0.26E+08  0.26E+03
       C   3 3   0.33E+01  0.34E+00  0.18E+01  0.55E+03  0.21E+02
       C   4 3   0.35E+01  0.37E+00  0.20E+01  0.59E+03  0.22E+02
       C   4 4   0.38E+01  0.39E+00  0.22E+01  0.63E+03  0.24E+02
       Cl  1 1   0.14E+04 -0.47E+00  0.84E+01  0.32E+09  0.42E+03
       Cl  2 1   0.21E+04 -0.37E+00  0.12E+02  0.49E+09  0.65E+03
       Cl  2 2   0.33E+04 -0.16E+00  0.21E+02  0.76E+09  0.10E+04
       Cl  3 3   0.21E+02  0.79E-01  0.89E+01  0.23E+05  0.13E+03
       Cl  4 3   0.24E+02  0.67E-01  0.99E+01  0.27E+05  0.15E+03
       Cl  4 4   0.28E+02  0.44E-01  0.11E+02  0.32E+05  0.18E+03
       Cl  5 5   0.77E+00  0.19E+00  0.18E+01  0.12E+03  0.22E+02
       Cl  6 5   0.80E+00  0.19E+00  0.19E+01  0.12E+03  0.23E+02
       Cl  6 6   0.83E+00  0.20E+00  0.19E+01  0.12E+03  0.23E+02
       H   1 1   0.39E+02  0.19E+00  0.29E+00  0.78E+05  0.13E+02
       H   2 1   0.41E+02  0.21E+00  0.32E+00  0.82E+05  0.14E+02
       H   2 2   0.43E+02  0.22E+00  0.36E+00  0.86E+05  0.15E+02
     ------------------------------------------------------------

     alpha_pv=     34.1279 eV

     Number of occupied bands for each k-point:
     k-point:     1    nbnd_occ=  42
     k-point:     2    nbnd_occ=  42
     k-point:     3    nbnd_occ=  42
     k-point:     4    nbnd_occ=  42
     k-point:     5    nbnd_occ=  42
     k-point:     6    nbnd_occ=  42
     k-point:     7    nbnd_occ=  42
     k-point:     8    nbnd_occ=  42
     k-point:     9    nbnd_occ=  42
     k-point:    10    nbnd_occ=  42
     k-point:    11    nbnd_occ=  42
     k-point:    12    nbnd_occ=  42
     k-point:    13    nbnd_occ=  42
     k-point:    14    nbnd_occ=  42
     k-point:    15    nbnd_occ=  42
     k-point:    16    nbnd_occ=  42


     q-space interpolation up to   110.00 Rydberg

     GIPAW job: efg                                                                             


     ELECTRIC FIELD GRADIENTS TENSORS IN Hartree/bohrradius^2:

     ----- bare term -----
     Cl   1       -0.205105        0.218610       -0.025353
     Cl   1        0.218610        0.184598       -0.080841
     Cl   1       -0.025353       -0.080841        0.020507

     C    2        0.078531        0.298147       -0.026368
     C    2        0.298147       -0.200814       -0.480999
     C    2       -0.026368       -0.480999        0.122283

     C    3       -0.738398        0.342954       -0.330087
     C    3        0.342954        0.213760       -0.005372
     C    3       -0.330087       -0.005372        0.524638

     H    4        0.025714       -0.186264       -0.496057
     H    4       -0.186264        0.398382       -0.352177
     H    4       -0.496057       -0.352177       -0.424096

     C    5       -0.035532        0.093332       -0.151762
     C    5        0.093332       -0.333601       -0.253176
     C    5       -0.151762       -0.253176        0.369133

     H    6        0.456740        0.012669        0.049586
     H    6        0.012669       -0.283417       -0.650609
     H    6        0.049586       -0.650609       -0.173324

     H    7        0.328436        0.161000        0.048624
     H    7        0.161000       -0.534984        0.464254
     H    7        0.048624        0.464254        0.206548

     C    8       -0.780395       -0.325563       -0.387355
     C    8       -0.325563        0.347813        0.096771
     C    8       -0.387355        0.096771        0.432582

     H    9       -0.165088        0.013297       -0.570168
     H    9        0.013297        0.253928       -0.083362
     H    9       -0.570168       -0.083362       -0.088839

     C   10       -0.062897       -0.007453       -0.267055
     C   10       -0.007453       -0.110215        0.647946
     C   10       -0.267055        0.647946        0.173112

     C   11       -0.552867       -0.378327       -0.291043
     C   11       -0.378327        0.216048        0.325717
     C   11       -0.291043        0.325717        0.336819

     Cl  12       -0.064046        0.001264       -0.085802
     Cl  12        0.001264        0.032572        0.143978
     Cl  12       -0.085802        0.143978        0.031473

     H   13        0.369150       -0.094824        0.238534
     H   13       -0.094824       -0.129172       -0.346763
     H   13        0.238534       -0.346763       -0.239977

     C   14       -0.737961        0.398206       -0.458402
     C   14        0.398206        0.443456       -0.062250
     C   14       -0.458402       -0.062250        0.294505

     H   15       -0.056465        0.016336       -0.533221
     H   15        0.016336       -0.059144        0.094577
     H   15       -0.533221        0.094577        0.115609

     C   16        0.139564        0.447413        0.038645
     C   16        0.447413       -0.275194       -0.562650
     C   16        0.038645       -0.562650        0.135630

     C   17       -0.743850        0.405564       -0.363264
     C   17        0.405564        0.341252       -0.016176
     C   17       -0.363264       -0.016176        0.402598

     Cl  18       -0.030789       -0.002813       -0.045133
     Cl  18       -0.002813        0.143588       -0.056023
     Cl  18       -0.045133       -0.056023       -0.112799

     H   19        0.248223       -0.261966        0.126051
     H   19       -0.261966       -0.444700        0.511769
     H   19        0.126051        0.511769        0.196476

     C   20       -0.114329        0.306895       -0.457700
     C   20        0.306895       -0.014182        0.500956
     C   20       -0.457700        0.500956        0.128511

     H   21       -0.055309        0.149462       -0.390188
     H   21        0.149462        0.305107        0.432199
     H   21       -0.390188        0.432199       -0.249798

     C   22       -0.688173       -0.326077       -0.323513
     C   22       -0.326077        0.278689        0.070833
     C   22       -0.323513        0.070833        0.409484

     C   23        0.029297        0.203884       -0.360265
     C   23        0.203884       -0.037042        0.613439
     C   23       -0.360265        0.613439        0.007746

     Cl  24       -0.305179       -0.228730        0.010175
     Cl  24       -0.228730        0.187122        0.062765
     Cl  24        0.010175        0.062765        0.118057

     ----- ionic term -----
     Cl   1        0.107816       -0.216513       -0.024594
     Cl   1       -0.216513        0.034289        0.022613
     Cl   1       -0.024594        0.022613       -0.142105

     C    2        0.131219       -0.252679        0.218366
     C    2       -0.252679        0.050444        0.479786
     C    2        0.218366        0.479786       -0.181663

     C    3        0.088484       -0.278420        0.170107
     C    3       -0.278420        0.076243        0.439404
     C    3        0.170107        0.439404       -0.164727

     H    4        0.485289        0.208405        0.790878
     H    4        0.208405       -0.529838        0.224384
     H    4        0.790878        0.224384        0.044549

     C    5        0.209796       -0.208513        0.280610
     C    5       -0.208513        0.000653        0.315239
     C    5        0.280610        0.315239       -0.210449

     H    6       -0.545407        0.021097        0.030519
     H    6        0.021097        0.651061        0.738035
     H    6        0.030519        0.738035       -0.105654

     H    7       -0.493873       -0.163236        0.062119
     H    7       -0.163236        0.881214       -0.526462
     H    7        0.062119       -0.526462       -0.387341

     C    8        0.291643        0.144313        0.297491
     C    8        0.144313        0.130602       -0.264887
     C    8        0.297491       -0.264887       -0.422245

     H    9        0.422939       -0.265953        0.750018
     H    9       -0.265953       -0.404720       -0.266658
     H    9        0.750018       -0.266658       -0.018219

     C   10        0.148876        0.257720        0.248380
     C   10        0.257720        0.203722       -0.313552
     C   10        0.248380       -0.313552       -0.352598

     C   11        0.202102        0.236329        0.385729
     C   11        0.236329        0.096050       -0.319520
     C   11        0.385729       -0.319520       -0.298153

     Cl  12        0.160704        0.250144        0.046782
     Cl  12        0.250144       -0.000920        0.019021
     Cl  12        0.046782        0.019021       -0.159784

     H   13       -0.508660        0.002921        0.025180
     H   13        0.002921        0.403226        0.794588
     H   13        0.025180        0.794588        0.105434

     C   14        0.276988       -0.240089        0.268851
     C   14       -0.240089       -0.054200        0.327468
     C   14        0.268851        0.327468       -0.222789

     H   15        0.502140        0.152114        0.745161
     H   15        0.152114       -0.466673        0.209519
     H   15        0.745161        0.209519       -0.035467

     C   16        0.147203       -0.332525        0.174611
     C   16       -0.332525        0.090720        0.394855
     C   16        0.174611        0.394855       -0.237923

     C   17        0.192332       -0.246778        0.337711
     C   17       -0.246778       -0.002499        0.375610
     C   17        0.337711        0.375610       -0.189833

     Cl  18        0.174619       -0.234708        0.055992
     Cl  18       -0.234708       -0.029324       -0.019819
     Cl  18        0.055992       -0.019819       -0.145295

     H   19       -0.533184        0.016248        0.021073
     H   19        0.016248        0.581955       -0.747367
     H   19        0.021073       -0.747367       -0.048771

     C   20        0.277154        0.242529        0.360890
     C   20        0.242529       -0.040484       -0.297981
     C   20        0.360890       -0.297981       -0.236670

     H   21        0.492350       -0.143441        0.794717
     H   21       -0.143441       -0.533457       -0.177032
     H   21        0.794717       -0.177032        0.041106

     C   22        0.154519        0.273912        0.243338
     C   22        0.273912        0.096183       -0.378679
     C   22        0.243338       -0.378679       -0.250702

     C   23        0.156632        0.122003        0.246648
     C   23        0.122003        0.128680       -0.473620
     C   23        0.246648       -0.473620       -0.285313

     Cl  24        0.129653        0.189543       -0.001451
     Cl  24        0.189543        0.015605       -0.012473
     Cl  24       -0.001451       -0.012473       -0.145258

     ----- GIPAW term -----
     Cl   1       -0.049940       -0.894965       -0.280715
     Cl   1       -0.894965        1.845810       -0.705014
     Cl   1       -0.280715       -0.705014       -1.795870

     C    2       -0.013129        0.103980        0.074844
     C    2        0.103980        0.149529        0.099493
     C    2        0.074844        0.099493       -0.136400

     C    3       -0.258630        0.058721       -0.030673
     C    3        0.058721        0.090037        0.198887
     C    3       -0.030673        0.198887        0.168592

     H    4       -0.000000        0.000000        0.000000
     H    4        0.000000        0.000000        0.000000
     H    4        0.000000        0.000000        0.000000

     C    5       -0.105469       -0.001804       -0.010845
     C    5       -0.001804       -0.037062        0.166007
     C    5       -0.010845        0.166007        0.142531

     H    6       -0.000000        0.000000        0.000000
     H    6        0.000000        0.000000        0.000000
     H    6        0.000000        0.000000        0.000000

     H    7       -0.000000        0.000000        0.000000
     H    7        0.000000        0.000000        0.000000
     H    7        0.000000        0.000000        0.000000

     C    8       -0.200187        0.038966       -0.070608
     C    8        0.038966        0.230373       -0.093050
     C    8       -0.070608       -0.093050       -0.030186

     H    9       -0.000000        0.000000        0.000000
     H    9        0.000000        0.000000        0.000000
     H    9        0.000000        0.000000        0.000000

     C   10       -0.082787        0.101084       -0.046322
     C   10        0.101084        0.153872        0.129242
     C   10       -0.046322        0.129242       -0.071085

     C   11       -0.153005        0.039669       -0.026109
     C   11        0.039669        0.244720        0.142733
     C   11       -0.026109        0.142733       -0.091715

     Cl  12       -0.082663        1.685965       -0.489276
     Cl  12        1.685965        0.868641        2.058947
     Cl  12       -0.489276        2.058947       -0.785979

     H   13       -0.000000        0.000000        0.000000
     H   13        0.000000        0.000000        0.000000
     H   13        0.000000        0.000000        0.000000

     C   14       -0.110226        0.177644       -0.025054
     C   14        0.177644        0.195473        0.054316
     C   14       -0.025054        0.054316       -0.085248

     H   15       -0.000000        0.000000        0.000000
     H   15        0.000000        0.000000        0.000000
     H   15        0.000000        0.000000        0.000000

     C   16       -0.041975        0.172706        0.058759
     C   16        0.172706        0.161216        0.025429
     C   16        0.058759        0.025429       -0.119241

     C   17       -0.155291        0.073830        0.010998
     C   17        0.073830        0.198970        0.175687
     C   17        0.010998        0.175687       -0.043680

     Cl  18        0.775006       -1.918239       -0.287420
     Cl  18       -1.918239        1.503496       -0.556530
     Cl  18       -0.287420       -0.556530       -2.278502

     H   19       -0.000000        0.000000        0.000000
     H   19        0.000000        0.000000        0.000000
     H   19        0.000000        0.000000        0.000000

     C   20        0.017008        0.239799       -0.096861
     C   20        0.239799        0.096423        0.056523
     C   20       -0.096861        0.056523       -0.113430

     H   21       -0.000000        0.000000        0.000000
     H   21        0.000000        0.000000        0.000000
     H   21        0.000000        0.000000        0.000000

     C   22       -0.193214        0.091226       -0.091141
     C   22        0.091226        0.242723       -0.120767
     C   22       -0.091141       -0.120767       -0.049509

     C   23       -0.060715        0.151948       -0.053410
     C   23        0.151948        0.232065       -0.020431
     C   23       -0.053410       -0.020431       -0.171350

     Cl  24       -0.496423        1.667367        0.028735
     Cl  24        1.667367        2.055980        0.509010
     Cl  24        0.028735        0.509010       -1.559557

     ----- total EFG -----
     Cl   1       -0.147228       -0.892869       -0.330662
     Cl   1       -0.892869        2.064697       -0.763241
     Cl   1       -0.330662       -0.763241       -1.917469

     C    2        0.196621        0.149449        0.266842
     C    2        0.149449       -0.000841        0.098280
     C    2        0.266842        0.098280       -0.195780

     C    3       -0.908544        0.123256       -0.190653
     C    3        0.123256        0.380040        0.632919
     C    3       -0.190653        0.632919        0.528503

     H    4        0.511003        0.022141        0.294820
     H    4        0.022141       -0.131456       -0.127793
     H    4        0.294820       -0.127793       -0.379548

     C    5        0.068795       -0.116985        0.118004
     C    5       -0.116985       -0.370010        0.228069
     C    5        0.118004        0.228069        0.301215

     H    6       -0.088667        0.033766        0.080105
     H    6        0.033766        0.367644        0.087425
     H    6        0.080105        0.087425       -0.278978

     H    7       -0.165436       -0.002236        0.110743
     H    7       -0.002236        0.346230       -0.062208
     H    7        0.110743       -0.062208       -0.180794

     C    8       -0.688939       -0.142284       -0.160472
     C    8       -0.142284        0.708788       -0.261166
     C    8       -0.160472       -0.261166       -0.019849

     H    9        0.257851       -0.252656        0.179850
     H    9       -0.252656       -0.150792       -0.350021
     H    9        0.179850       -0.350021       -0.107058

     C   10        0.003192        0.351351       -0.064997
     C   10        0.351351        0.247378        0.463637
     C   10       -0.064997        0.463637       -0.250571

     C   11       -0.503770       -0.102329        0.068577
     C   11       -0.102329        0.556818        0.148931
     C   11        0.068577        0.148931       -0.053049

     Cl  12        0.013995        1.937372       -0.528296
     Cl  12        1.937372        0.900294        2.221946
     Cl  12       -0.528296        2.221946       -0.914289

     H   13       -0.139510       -0.091903        0.263713
     H   13       -0.091903        0.274053        0.447825
     H   13        0.263713        0.447825       -0.134543

     C   14       -0.571198        0.335761       -0.214604
     C   14        0.335761        0.584729        0.319534
     C   14       -0.214604        0.319534       -0.013531

     H   15        0.445675        0.168450        0.211940
     H   15        0.168450       -0.525817        0.304096
     H   15        0.211940        0.304096        0.080142

     C   16        0.244792        0.287594        0.272015
     C   16        0.287594       -0.023258       -0.142365
     C   16        0.272015       -0.142365       -0.221534

     C   17       -0.706808        0.232616       -0.014555
     C   17        0.232616        0.537723        0.535121
     C   17       -0.014555        0.535121        0.169085

     Cl  18        0.918836       -2.155761       -0.276562
     Cl  18       -2.155761        1.617760       -0.632372
     Cl  18       -0.276562       -0.632372       -2.536596

     H   19       -0.284960       -0.245718        0.147125
     H   19       -0.245718        0.137255       -0.235598
     H   19        0.147125       -0.235598        0.147705

     C   20        0.179833        0.789222       -0.193671
     C   20        0.789222        0.041756        0.259497
     C   20       -0.193671        0.259497       -0.221589

     H   21        0.437041        0.006021        0.404530
     H   21        0.006021       -0.228350        0.255166
     H   21        0.404530        0.255166       -0.208692

     C   22       -0.726868        0.039062       -0.171316
     C   22        0.039062        0.617595       -0.428613
     C   22       -0.171316       -0.428613        0.109272

     C   23        0.125215        0.477836       -0.167028
     C   23        0.477836        0.323703        0.119389
     C   23       -0.167028        0.119389       -0.448917

     Cl  24       -0.671949        1.628179        0.037458
     Cl  24        1.628179        2.258707        0.559302
     Cl  24        0.037458        0.559302       -1.586758

     ----- total EFG (symmetrized) -----
     Cl   1       -0.147228       -0.892869       -0.330662
     Cl   1       -0.892869        2.064697       -0.763241
     Cl   1       -0.330662       -0.763241       -1.917469

     C    2        0.196621        0.149449        0.266842
     C    2        0.149449       -0.000841        0.098280
     C    2        0.266842        0.098280       -0.195780

     C    3       -0.908544        0.123256       -0.190653
     C    3        0.123256        0.380040        0.632919
     C    3       -0.190653        0.632919        0.528503

     H    4        0.511003        0.022141        0.294820
     H    4        0.022141       -0.131456       -0.127793
     H    4        0.294820       -0.127793       -0.379548

     C    5        0.068795       -0.116985        0.118004
     C    5       -0.116985       -0.370010        0.228069
     C    5        0.118004        0.228069        0.301215

     H    6       -0.088667        0.033766        0.080105
     H    6        0.033766        0.367644        0.087425
     H    6        0.080105        0.087425       -0.278978

     H    7       -0.165436       -0.002236        0.110743
     H    7       -0.002236        0.346230       -0.062208
     H    7        0.110743       -0.062208       -0.180794

     C    8       -0.688939       -0.142284       -0.160472
     C    8       -0.142284        0.708788       -0.261166
     C    8       -0.160472       -0.261166       -0.019849

     H    9        0.257851       -0.252656        0.179850
     H    9       -0.252656       -0.150792       -0.350021
     H    9        0.179850       -0.350021       -0.107058

     C   10        0.003192        0.351351       -0.064997
     C   10        0.351351        0.247378        0.463637
     C   10       -0.064997        0.463637       -0.250571

     C   11       -0.503770       -0.102329        0.068577
     C   11       -0.102329        0.556818        0.148931
     C   11        0.068577        0.148931       -0.053049

     Cl  12        0.013995        1.937372       -0.528296
     Cl  12        1.937372        0.900294        2.221946
     Cl  12       -0.528296        2.221946       -0.914289

     H   13       -0.139510       -0.091903        0.263713
     H   13       -0.091903        0.274053        0.447825
     H   13        0.263713        0.447825       -0.134543

     C   14       -0.571198        0.335761       -0.214604
     C   14        0.335761        0.584729        0.319534
     C   14       -0.214604        0.319534       -0.013531

     H   15        0.445675        0.168450        0.211940
     H   15        0.168450       -0.525817        0.304096
     H   15        0.211940        0.304096        0.080142

     C   16        0.244792        0.287594        0.272015
     C   16        0.287594       -0.023258       -0.142365
     C   16        0.272015       -0.142365       -0.221534

     C   17       -0.706808        0.232616       -0.014555
     C   17        0.232616        0.537723        0.535121
     C   17       -0.014555        0.535121        0.169085

     Cl  18        0.918836       -2.155761       -0.276562
     Cl  18       -2.155761        1.617760       -0.632372
     Cl  18       -0.276562       -0.632372       -2.536596

     H   19       -0.284960       -0.245718        0.147125
     H   19       -0.245718        0.137255       -0.235598
     H   19        0.147125       -0.235598        0.147705

     C   20        0.179833        0.789222       -0.193671
     C   20        0.789222        0.041756        0.259497
     C   20       -0.193671        0.259497       -0.221589

     H   21        0.437041        0.006021        0.404530
     H   21        0.006021       -0.228350        0.255166
     H   21        0.404530        0.255166       -0.208692

     C   22       -0.726868        0.039062       -0.171316
     C   22        0.039062        0.617595       -0.428613
     C   22       -0.171316       -0.428613        0.109272

     C   23        0.125215        0.477836       -0.167028
     C   23        0.477836        0.323703        0.119389
     C   23       -0.167028        0.119389       -0.448917

     Cl  24       -0.671949        1.628179        0.037458
     Cl  24        1.628179        2.258707        0.559302
     Cl  24        0.037458        0.559302       -1.586758


     NQR/NMR SPECTROSCOPIC PARAMETERS:
     Cl   1    Vxx=   -0.2822    axis=(  0.919264  0.251164 -0.303100)
     Cl   1    Vyy=   -2.1849    axis=( -0.250139 -0.221825 -0.942456)
     Cl   1    Vzz=    2.4670    axis=( -0.303946  0.942184 -0.141090)
     Cl   1  Q=        -8.1650 1e-30 m^2  Cq=       -47.3287 MHz  eta= 0.77126

     C    2    Vxx=   -0.0766    axis=(  0.388072 -0.914451  0.114801)
     C    2    Vyy=   -0.3322    axis=(  0.433255  0.071069 -0.898465)
     C    2    Vzz=    0.4088    axis=(  0.813444  0.398407  0.423770)
     C    2  Q=         1.0000 1e-30 m^2  Cq=         0.9606 MHz  eta= 0.62526

     C    3    Vxx=   -0.1223    axis=(  0.267139  0.728788 -0.630480)
     C    3    Vyy=   -0.9711    axis=( -0.963166  0.181019 -0.198857)
     C    3    Vzz=    1.0934    axis=( -0.030796  0.660379  0.750301)
     C    3  Q=         1.0000 1e-30 m^2  Cq=         2.5690 MHz  eta= 0.77625

     H    4    Vxx=   -0.0882    axis=(  0.113072  0.946921 -0.300926)
     H    4    Vyy=   -0.5119    axis=( -0.268718  0.320725  0.908254)
     H    4    Vzz=    0.6001    axis=(  0.956559 -0.021834  0.290720)
     H    4  Q=         1.0000 1e-30 m^2  Cq=         1.4100 MHz  eta= 0.70605

     C    5    Vxx=    0.0878    axis=(  0.931122 -0.322648 -0.170030)
     C    5    Vyy=    0.3920    axis=( -0.254588 -0.241195 -0.936488)
     C    5    Vzz=   -0.4798    axis=(  0.261146  0.915272 -0.306724)
     C    5  Q=         1.0000 1e-30 m^2  Cq=        -1.1274 MHz  eta= 0.63410

     H    6    Vxx=   -0.0678    axis=(  0.943695 -0.133917  0.302498)
     H    6    Vyy=   -0.3157    axis=( -0.317035 -0.104934  0.942591)
     H    6    Vzz=    0.3834    axis=( -0.094487 -0.985421 -0.141482)
     H    6  Q=         1.0000 1e-30 m^2  Cq=         0.9009 MHz  eta= 0.64645

     H    7    Vxx=   -0.0667    axis=(  0.741365  0.103894  0.663011)
     H    7    Vyy=   -0.2872    axis=(  0.670421 -0.070174 -0.738655)
     H    7    Vzz=    0.3539    axis=(  0.030216 -0.992110  0.121678)
     H    7  Q=         1.0000 1e-30 m^2  Cq=         0.8316 MHz  eta= 0.62302

     C    8    Vxx=   -0.0448    axis=( -0.287749  0.264659  0.920411)
     C    8    Vyy=   -0.7531    axis=(  0.955844  0.139261  0.258782)
     C    8    Vzz=    0.7979    axis=( -0.059689  0.954234 -0.293045)
     C    8  Q=         1.0000 1e-30 m^2  Cq=         1.8747 MHz  eta= 0.88776

     H    9    Vxx=   -0.0606    axis=( -0.677230 -0.427389  0.598915)
     H    9    Vyy=   -0.4857    axis=( -0.098948 -0.753698 -0.649730)
     H    9    Vzz=    0.5463    axis=(  0.729088 -0.499277  0.468138)
     H    9  Q=         1.0000 1e-30 m^2  Cq=         1.2837 MHz  eta= 0.77798

     C   10    Vxx=   -0.0194    axis=(  0.827995 -0.152950 -0.539472)
     C   10    Vyy=   -0.6262    axis=( -0.382959  0.548512 -0.743288)
     C   10    Vzz=    0.6456    axis=(  0.409593  0.822035  0.395592)
     C   10  Q=         1.0000 1e-30 m^2  Cq=         1.5168 MHz  eta= 0.94001

     C   11    Vxx=   -0.0693    axis=(  0.197801 -0.196112  0.960424)
     C   11    Vyy=   -0.5284    axis=(  0.977207  0.116497 -0.177469)
     C   11    Vzz=    0.5978    axis=( -0.077083  0.973637  0.214685)
     C   11  Q=         1.0000 1e-30 m^2  Cq=         1.4045 MHz  eta= 0.76802

     Cl  12    Vxx=    0.1482    axis=(  0.767929 -0.118438 -0.629490)
     Cl  12    Vyy=    3.0526    axis=( -0.445268 -0.805176 -0.391699)
     Cl  12    Vzz=   -3.2008    axis=( -0.460458  0.581089 -0.671055)
     Cl  12  Q=        -8.1650 1e-30 m^2  Cq=        61.4066 MHz  eta= 0.90737

     H   13    Vxx=    0.0195    axis=(  0.847580 -0.367465  0.382854)
     H   13    Vyy=    0.5687    axis=( -0.102463 -0.821205 -0.561359)
     H   13    Vzz=   -0.5882    axis=(  0.520681  0.436568 -0.733689)
     H   13  Q=         1.0000 1e-30 m^2  Cq=        -1.3820 MHz  eta= 0.93385

     C   14    Vxx=    0.0145    axis=( -0.445680 -0.223336  0.866885)
     C   14    Vyy=    0.7641    axis=( -0.179727 -0.926338 -0.331053)
     C   14    Vzz=   -0.7785    axis=(  0.876965 -0.303346  0.372711)
     C   14  Q=         1.0000 1e-30 m^2  Cq=        -1.8293 MHz  eta= 0.96281

     H   15    Vxx=    0.0418    axis=(  0.533506 -0.270910 -0.801236)
     H   15    Vyy=    0.6157    axis=( -0.842702 -0.251217 -0.476176)
     H   15    Vzz=   -0.6575    axis=(  0.072283 -0.929246  0.362322)
     H   15  Q=         1.0000 1e-30 m^2  Cq=        -1.5448 MHz  eta= 0.87273

     C   16    Vxx=    0.0257    axis=( -0.188619  0.746852 -0.637679)
     C   16    Vyy=    0.4680    axis=( -0.865248 -0.433520 -0.251808)
     C   16    Vzz=   -0.4937    axis=( -0.464510  0.504255  0.727982)
     C   16  Q=         1.0000 1e-30 m^2  Cq=        -1.1600 MHz  eta= 0.89604

     C   17    Vxx=   -0.1742    axis=( -0.252475 -0.527317  0.811291)
     C   17    Vyy=   -0.7653    axis=(  0.961276 -0.232423  0.148083)
     C   17    Vzz=    0.9395    axis=(  0.110476  0.817262  0.565578)
     C   17  Q=         1.0000 1e-30 m^2  Cq=         2.2074 MHz  eta= 0.62916

     Cl  18    Vxx=   -0.7076    axis=(  0.736870  0.596712 -0.317739)
     Cl  18    Vyy=   -2.7600    axis=(  0.212694  0.241503  0.946804)
     Cl  18    Vzz=    3.4677    axis=( -0.641704  0.765252 -0.051039)
     Cl  18  Q=        -8.1650 1e-30 m^2  Cq=       -66.5252 MHz  eta= 0.59187

     H   19    Vxx=   -0.0790    axis=( -0.189875  0.616615  0.764024)
     H   19    Vyy=   -0.4007    axis=( -0.919596 -0.384295  0.081612)
     H   19    Vzz=    0.4797    axis=(  0.343934 -0.687098  0.640005)
     H   19  Q=         1.0000 1e-30 m^2  Cq=         1.1271 MHz  eta= 0.67063

     C   20    Vxx=   -0.0566    axis=( -0.331659  0.317365  0.888415)
     C   20    Vyy=   -0.8474    axis=( -0.594264  0.661115 -0.458015)
     C   20    Vzz=    0.9040    axis=( -0.732702 -0.679858 -0.030666)
     C   20  Q=         1.0000 1e-30 m^2  Cq=         2.1241 MHz  eta= 0.87481

     H   21    Vxx=   -0.0849    axis=(  0.367575 -0.806967 -0.462269)
     H   21    Vyy=   -0.5631    axis=(  0.304054  0.574028 -0.760291)
     H   21    Vzz=    0.6480    axis=(  0.878886  0.138909  0.456360)
     H   21  Q=         1.0000 1e-30 m^2  Cq=         1.5226 MHz  eta= 0.73792

     C   22    Vxx=   -0.1084    axis=( -0.200400  0.506068  0.838889)
     C   22    Vyy=   -0.7623    axis=(  0.976847  0.037757  0.210579)
     C   22    Vzz=    0.8707    axis=(  0.074894  0.861667 -0.501918)
     C   22  Q=         1.0000 1e-30 m^2  Cq=         2.0457 MHz  eta= 0.75107

     C   23    Vxx=   -0.1314    axis=( -0.646641  0.536742  0.542000)
     C   23    Vyy=   -0.5812    axis=(  0.425713 -0.335654  0.840300)
     C   23    Vzz=    0.7126    axis=( -0.632949 -0.774109  0.011450)
     C   23  Q=         1.0000 1e-30 m^2  Cq=         1.6744 MHz  eta= 0.63119

     Cl  24    Vxx=   -1.2929    axis=(  0.826442 -0.304271 -0.473722)
     Cl  24    Vyy=   -1.7509    axis=( -0.396497  0.282835 -0.873381)
     Cl  24    Vzz=    3.0437    axis=(  0.399730  0.909628  0.113104)
     Cl  24  Q=        -8.1650 1e-30 m^2  Cq=       -58.3927 MHz  eta= 0.15048

     Initialization:
     gipaw_setup  :      8.92s CPU     10.61s WALL (       1 calls)

     Linear response

     Apply operators

     Induced current

     Other routines
     efg          :      9.55s CPU     12.66s WALL (       1 calls)

     General routines
     calbec       :      3.14s CPU      4.22s WALL (      16 calls)
     fft          :      1.47s CPU      1.93s WALL (      15 calls)
     ffts         :      0.03s CPU      0.06s WALL (       2 calls)
     fftw         :      3.72s CPU      5.05s WALL (     672 calls)
     davcio       :      0.02s CPU      0.31s WALL (      32 calls)

     Parallel routines
     fft_scatter  :      2.59s CPU      4.32s WALL (     689 calls)

     Plugins

     GIPAW        :     65.67s CPU     84.37s WALL (       1 calls)
