
     Program QE v.6.0 (svn rev. 13079) starts on 22Jan2017 at 18:44: 3 

     This program is part of the open-source Quantum ESPRESSO suite
     for quantum simulation of materials; please cite
         "P. Giannozzi et al., J. Phys.:Condens. Matter 21 395502 (2009);
          URL http://www.quantum-espresso.org", 
     in publications or presentations arising from this work. More details at
     http://www.quantum-espresso.org/quote

     Parallel version (MPI), running on     8 processors
     R & G space division:  proc/nbgrp/npool/nimage =       8

     ***** This is GIPAW svn revision unknown      *****

     Parallelizing q-star over 1 images

     Reading data from directory:
     /users/majewski/paradichlorobenzene/pbe/9_constraint/scratch/pbe.ecut100.np8.dt60.pcl2phi-129368.save
     Message from routine read_xml_file:
     file /users/majewski/paradichlorobenzene/pbe/9_constraint/scratch/pbe.ecut100.np8.dt60.pcl2phi-129368.save not guaranteed to be safe for post-processing

   Info: using nr1, nr2, nr3 values from input

   Info: using nr1, nr2, nr3 values from input

     IMPORTANT: XC functional enforced from input :
     Exchange-correlation      =  SLA  PW   PBX  PBC ( 1  4  3  4 0 0)
     Any further DFT definition will be discarded
     Please, verify this is what you really want

               file C.pbe-n-kjpaw_psl.1.0.0.UPF: wavefunction(s)  2S 2P renormalized
               file Cl.pbe-n-kjpaw_psl.1.0.0.UPF: wavefunction(s)  3S 3P renormalized
               file H.pbe-kjpaw_psl.1.0.0.UPF: wavefunction(s)  1S renormalized

     Parallelization info
     --------------------
     sticks:   dense  smooth     PW     G-vecs:    dense   smooth      PW
     Min        3057    1223    332               144436    36536    5170
     Max        3059    1225    333               144437    36537    5171
     Sum       24467    9791   2657              1155489   292295   41363


     Subspace diagonalization in iterative solution of the eigenvalue problem:
     a serial algorithm will be used

     GIPAW projectors -----------------------------------------------
     atom=  C    l=0  rc=    1.2000  rs=    0.8000
     atom=  C    l=0  rc=    1.2000  rs=    0.8000
     atom=  C    l=1  rc=    1.4000  rs=    0.9333
     atom=  C    l=1  rc=    1.4000  rs=    0.9333
     projs nearly linearly dependent: l=1  n1,n2= 1, 2  s=  0.99951561

     atom=  Cl   l=0  rc=    1.6000  rs=    1.0667
     atom=  Cl   l=0  rc=    1.6000  rs=    1.0667
     atom=  Cl   l=1  rc=    1.6000  rs=    1.0667
     atom=  Cl   l=1  rc=    1.6000  rs=    1.0667
     atom=  Cl   l=2  rc=    1.6000  rs=    1.0667
     atom=  Cl   l=2  rc=    1.6000  rs=    1.0667
     projs nearly linearly dependent: l=2  n1,n2= 1, 2  s=  0.99993509

     atom=  H    l=0  rc=    1.0000  rs=    0.6667
     atom=  H    l=0  rc=    1.0000  rs=    0.6667
     projs nearly linearly dependent: l=0  n1,n2= 1, 2  s=  0.99968852
     -----------------------------------------------------------------

     GIPAW integrals: -------------------------------------------
     Atom  i/j   nmr_para   nmr_dia   epr_rmc  epr_para   epr_dia
       C   1 1   0.83E+03  0.17E-01  0.93E+01  0.24E+08  0.24E+03
       C   2 1   0.86E+03 -0.61E-01  0.94E+01  0.25E+08  0.25E+03
       C   2 2   0.90E+03 -0.15E+00  0.97E+01  0.26E+08  0.26E+03
       C   3 3   0.33E+01  0.34E+00  0.18E+01  0.55E+03  0.21E+02
       C   4 3   0.35E+01  0.37E+00  0.20E+01  0.59E+03  0.22E+02
       C   4 4   0.38E+01  0.39E+00  0.22E+01  0.63E+03  0.24E+02
       Cl  1 1   0.14E+04 -0.47E+00  0.84E+01  0.32E+09  0.42E+03
       Cl  2 1   0.21E+04 -0.37E+00  0.12E+02  0.49E+09  0.65E+03
       Cl  2 2   0.33E+04 -0.16E+00  0.21E+02  0.76E+09  0.10E+04
       Cl  3 3   0.21E+02  0.79E-01  0.89E+01  0.23E+05  0.13E+03
       Cl  4 3   0.24E+02  0.67E-01  0.99E+01  0.27E+05  0.15E+03
       Cl  4 4   0.28E+02  0.44E-01  0.11E+02  0.32E+05  0.18E+03
       Cl  5 5   0.77E+00  0.19E+00  0.18E+01  0.12E+03  0.22E+02
       Cl  6 5   0.80E+00  0.19E+00  0.19E+01  0.12E+03  0.23E+02
       Cl  6 6   0.83E+00  0.20E+00  0.19E+01  0.12E+03  0.23E+02
       H   1 1   0.39E+02  0.19E+00  0.29E+00  0.78E+05  0.13E+02
       H   2 1   0.41E+02  0.21E+00  0.32E+00  0.82E+05  0.14E+02
       H   2 2   0.43E+02  0.22E+00  0.36E+00  0.86E+05  0.15E+02
     ------------------------------------------------------------

     alpha_pv=     34.0047 eV

     Number of occupied bands for each k-point:
     k-point:     1    nbnd_occ=  42
     k-point:     2    nbnd_occ=  42
     k-point:     3    nbnd_occ=  42
     k-point:     4    nbnd_occ=  42
     k-point:     5    nbnd_occ=  42
     k-point:     6    nbnd_occ=  42
     k-point:     7    nbnd_occ=  42
     k-point:     8    nbnd_occ=  42
     k-point:     9    nbnd_occ=  42
     k-point:    10    nbnd_occ=  42
     k-point:    11    nbnd_occ=  42
     k-point:    12    nbnd_occ=  42
     k-point:    13    nbnd_occ=  42
     k-point:    14    nbnd_occ=  42
     k-point:    15    nbnd_occ=  42
     k-point:    16    nbnd_occ=  42


     q-space interpolation up to   110.00 Rydberg

     GIPAW job: efg                                                                             


     ELECTRIC FIELD GRADIENTS TENSORS IN Hartree/bohrradius^2:

     ----- bare term -----
     Cl   1        0.121322        0.044637       -0.104278
     Cl   1        0.044637       -0.005656       -0.055352
     Cl   1       -0.104278       -0.055352       -0.115666

     C    2       -0.561321        0.221962       -0.387372
     C    2        0.221962       -0.014457       -0.194157
     C    2       -0.387372       -0.194157        0.575778

     C    3       -0.029320        0.172668       -0.194495
     C    3        0.172668       -0.171165       -0.568645
     C    3       -0.194495       -0.568645        0.200485

     H    4       -0.279362       -0.038038       -0.549790
     H    4       -0.038038        0.181562       -0.025132
     H    4       -0.549790       -0.025132        0.097800

     C    5       -0.744273        0.388916       -0.380529
     C    5        0.388916        0.423778       -0.239638
     C    5       -0.380529       -0.239638        0.320495

     H    6        0.513994       -0.017361       -0.057503
     H    6       -0.017361       -0.286020       -0.379956
     H    6       -0.057503       -0.379956       -0.227973

     H    7        0.313674        0.128824       -0.145897
     H    7        0.128824       -0.372552        0.525280
     H    7       -0.145897        0.525280        0.058878

     C    8       -0.292216       -0.361947       -0.300299
     C    8       -0.361947       -0.166419        0.358271
     C    8       -0.300299        0.358271        0.458635

     H    9        0.139942        0.086627       -0.304311
     H    9        0.086627        0.393502       -0.168740
     H    9       -0.304311       -0.168740       -0.533444

     C   10       -0.175988       -0.256090       -0.261478
     C   10       -0.256090       -0.178576        0.597841
     C   10       -0.261478        0.597841        0.354564

     C   11       -0.302147       -0.152292       -0.365412
     C   11       -0.152292       -0.027753        0.426380
     C   11       -0.365412        0.426380        0.329900

     Cl  12       -0.035392       -0.105732       -0.082201
     Cl  12       -0.105732        0.022809        0.073733
     Cl  12       -0.082201        0.073733        0.012584

     H   13        0.447787       -0.008738        0.131275
     H   13       -0.008738        0.113985       -0.346691
     H   13        0.131275       -0.346691       -0.561772

     C   14       -0.057039        0.026200       -0.190380
     C   14        0.026200       -0.162011       -0.237464
     C   14       -0.190380       -0.237464        0.219050

     H   15        0.106148       -0.103623       -0.313845
     H   15       -0.103623        0.474165       -0.261705
     H   15       -0.313845       -0.261705       -0.580312

     C   16       -0.478374        0.322437       -0.373867
     C   16        0.322437       -0.027107       -0.085955
     C   16       -0.373867       -0.085955        0.505481

     C   17       -0.007377        0.002141       -0.244811
     C   17        0.002141       -0.247382       -0.431286
     C   17       -0.244811       -0.431286        0.254759

     Cl  18       -0.162506        0.131107       -0.031483
     Cl  18        0.131107        0.071971        0.031471
     Cl  18       -0.031483        0.031471        0.090535

     H   19        0.386639        0.060587       -0.199557
     H   19        0.060587       -0.209044        0.483351
     H   19       -0.199557        0.483351       -0.177595

     C   20       -0.348639       -0.253180       -0.340604
     C   20       -0.253180       -0.020284        0.408222
     C   20       -0.340604        0.408222        0.368923

     H   21        0.195693        0.033010       -0.197305
     H   21        0.033010        0.237670       -0.226271
     H   21       -0.197305       -0.226271       -0.433364

     C   22        0.152035       -0.164540        0.052331
     C   22       -0.164540       -0.085029        0.069081
     C   22        0.052331        0.069081       -0.067006

     C   23       -0.009106        0.020131       -0.247729
     C   23        0.020131       -0.013986        0.133657
     C   23       -0.247729        0.133657        0.023092

     Cl  24        0.005719        0.239091        0.273129
     Cl  24        0.239091       -0.110838       -0.375205
     Cl  24        0.273129       -0.375205        0.105119

     ----- ionic term -----
     Cl   1        0.175323       -0.197965        0.029829
     Cl   1       -0.197965       -0.044295       -0.011450
     Cl   1        0.029829       -0.011450       -0.131028

     C    2        0.196464       -0.225540        0.292519
     C    2       -0.225540       -0.088612        0.400139
     C    2        0.292519        0.400139       -0.107852

     C    3        0.148971       -0.287363        0.147002
     C    3       -0.287363        0.012541        0.440596
     C    3        0.147002        0.440596       -0.161512

     H    4        0.492896        0.260593        0.724315
     H    4        0.260593       -0.467544        0.276319
     H    4        0.724315        0.276319       -0.025352

     C    5        0.249700       -0.215382        0.257543
     C    5       -0.215382       -0.064856        0.318754
     C    5        0.257543        0.318754       -0.184844

     H    6       -0.501388        0.084210        0.090895
     H    6        0.084210        0.504534        0.763182
     H    6        0.090895        0.763182       -0.003146

     H    7       -0.536909       -0.053449        0.047960
     H    7       -0.053449        0.527769       -0.734878
     H    7        0.047960       -0.734878        0.009141

     C    8        0.055588        0.309065        0.374391
     C    8        0.309065        0.065707       -0.220643
     C    8        0.374391       -0.220643       -0.121295

     H    9        0.069902       -0.068631        0.789398
     H    9       -0.068631       -0.510546       -0.152117
     H    9        0.789398       -0.152117        0.440644

     C   10       -0.068884        0.337732        0.266120
     C   10        0.337732        0.197235       -0.315883
     C   10        0.266120       -0.315883       -0.128351

     C   11       -0.004314        0.281117        0.350697
     C   11        0.281117        0.155327       -0.312541
     C   11        0.350697       -0.312541       -0.151013

     Cl  12        0.065463        0.214494        0.037838
     Cl  12        0.214494        0.086256        0.031757
     Cl  12        0.037838        0.031757       -0.151719

     H   13       -0.529021        0.080090        0.071904
     H   13        0.080090        0.463470        0.794135
     H   13        0.071904        0.794135        0.065551

     C   14        0.256394       -0.214696        0.253236
     C   14       -0.214696       -0.099866        0.326906
     C   14        0.253236        0.326906       -0.156528

     H   15        0.459849        0.244940        0.798867
     H   15        0.244940       -0.500631        0.260894
     H   15        0.798867        0.260894        0.040782

     C   16        0.139634       -0.281522        0.146500
     C   16       -0.281522        0.008200        0.450017
     C   16        0.146500        0.450017       -0.147834

     C   17        0.123916       -0.274737        0.221700
     C   17       -0.274737        0.008276        0.447236
     C   17        0.221700        0.447236       -0.132192

     Cl  18        0.124451       -0.221302        0.002074
     Cl  18       -0.221302        0.013340        0.009326
     Cl  18        0.002074        0.009326       -0.137791

     H   19       -0.475432       -0.294069        0.143872
     H   19       -0.294069        0.729060       -0.582851
     H   19        0.143872       -0.582851       -0.253628

     C   20        0.072922        0.217536        0.386609
     C   20        0.217536        0.144458       -0.184822
     C   20        0.386609       -0.184822       -0.217380

     H   21        0.225987       -0.017958        0.833147
     H   21       -0.017958       -0.491954       -0.089865
     H   21        0.833147       -0.089865        0.265966

     C   22       -0.097394        0.288111        0.302836
     C   22        0.288111        0.250978       -0.332705
     C   22        0.302836       -0.332705       -0.153584

     C   23       -0.067567        0.232560        0.366628
     C   23        0.232560        0.153420       -0.389259
     C   23        0.366628       -0.389259       -0.085853

     Cl  24        0.089133        0.197443        0.027490
     Cl  24        0.197443        0.042563        0.008720
     Cl  24        0.027490        0.008720       -0.131697

     ----- GIPAW term -----
     Cl   1        2.706619       -1.162764       -1.141192
     Cl   1       -1.162764       -0.455383       -0.487131
     Cl   1       -1.141192       -0.487131       -2.251236

     C    2       -0.100946       -0.097557       -0.164518
     C    2       -0.097557       -0.068110        0.086602
     C    2       -0.164518        0.086602        0.169056

     C    3       -0.096249        0.003944       -0.030500
     C    3        0.003944        0.166532       -0.017805
     C    3       -0.030500       -0.017805       -0.070283

     H    4       -0.000000        0.000000        0.000000
     H    4        0.000000        0.000000        0.000000
     H    4        0.000000        0.000000        0.000000

     C    5       -0.208250        0.112888       -0.053749
     C    5        0.112888        0.271504       -0.055245
     C    5       -0.053749       -0.055245       -0.063254

     H    6       -0.000000        0.000000        0.000000
     H    6        0.000000        0.000000        0.000000
     H    6        0.000000        0.000000        0.000000

     H    7       -0.000000        0.000000        0.000000
     H    7        0.000000        0.000000        0.000000
     H    7        0.000000        0.000000        0.000000

     C    8        0.024959       -0.072981       -0.066923
     C    8       -0.072981       -0.076806        0.070670
     C    8       -0.066923        0.070670        0.051847

     H    9       -0.000000        0.000000        0.000000
     H    9        0.000000        0.000000        0.000000
     H    9        0.000000        0.000000        0.000000

     C   10       -0.099412       -0.042500       -0.074163
     C   10       -0.042500        0.023720        0.181841
     C   10       -0.074163        0.181841        0.075692

     C   11        0.003469        0.108866       -0.066883
     C   11        0.108866        0.050617        0.064392
     C   11       -0.066883        0.064392       -0.054086

     Cl  12        0.288971       -0.043019       -1.178812
     Cl  12       -0.043019        1.103209        1.813667
     Cl  12       -1.178812        1.813667       -1.392180

     H   13       -0.000000        0.000000        0.000000
     H   13        0.000000        0.000000        0.000000
     H   13        0.000000        0.000000        0.000000

     C   14       -0.034170       -0.016506       -0.098262
     C   14       -0.016506       -0.126774       -0.011426
     C   14       -0.098262       -0.011426        0.160944

     H   15       -0.000000        0.000000        0.000000
     H   15        0.000000        0.000000        0.000000
     H   15        0.000000        0.000000        0.000000

     C   16       -0.167323        0.000991       -0.163266
     C   16        0.000991       -0.081074        0.083080
     C   16       -0.163266        0.083080        0.248397

     C   17       -0.034201       -0.094038       -0.012890
     C   17       -0.094038        0.057600        0.116322
     C   17       -0.012890        0.116322       -0.023398

     Cl  18        0.568623       -1.963784       -0.279994
     Cl  18       -1.963784        0.758099        0.309923
     Cl  18       -0.279994        0.309923       -1.326721

     H   19       -0.000000        0.000000        0.000000
     H   19        0.000000        0.000000        0.000000
     H   19        0.000000        0.000000        0.000000

     C   20       -0.101359       -0.083075       -0.140460
     C   20       -0.083075       -0.064568        0.187185
     C   20       -0.140460        0.187185        0.165927

     H   21       -0.000000        0.000000        0.000000
     H   21        0.000000        0.000000        0.000000
     H   21        0.000000        0.000000        0.000000

     C   22        0.006724       -0.016338       -0.006979
     C   22       -0.016338        0.002011        0.012154
     C   22       -0.006979        0.012154       -0.008735

     C   23        0.019276        0.001184       -0.051718
     C   23        0.001184       -0.001759        0.036500
     C   23       -0.051718        0.036500       -0.017517

     Cl  24        0.071729        0.197490       -0.232383
     Cl  24        0.197490        0.319685        0.476452
     Cl  24       -0.232383        0.476452       -0.391414

     ----- total EFG -----
     Cl   1        3.003264       -1.316091       -1.215641
     Cl   1       -1.316091       -0.505334       -0.553933
     Cl   1       -1.215641       -0.553933       -2.497930

     C    2       -0.465802       -0.101135       -0.259371
     C    2       -0.101135       -0.171179        0.292583
     C    2       -0.259371        0.292583        0.636982

     C    3        0.023402       -0.110752       -0.077993
     C    3       -0.110752        0.007908       -0.145854
     C    3       -0.077993       -0.145854       -0.031309

     H    4        0.213534        0.222556        0.174525
     H    4        0.222556       -0.285981        0.251187
     H    4        0.174525        0.251187        0.072448

     C    5       -0.702822        0.286423       -0.176735
     C    5        0.286423        0.630425        0.023871
     C    5       -0.176735        0.023871        0.072397

     H    6        0.012606        0.066849        0.033392
     H    6        0.066849        0.218514        0.383225
     H    6        0.033392        0.383225       -0.231120

     H    7       -0.223235        0.075375       -0.097937
     H    7        0.075375        0.155217       -0.209598
     H    7       -0.097937       -0.209598        0.068018

     C    8       -0.211669       -0.125863        0.007169
     C    8       -0.125863       -0.177519        0.208298
     C    8        0.007169        0.208298        0.389187

     H    9        0.209844        0.017996        0.485087
     H    9        0.017996       -0.117044       -0.320857
     H    9        0.485087       -0.320857       -0.092800

     C   10       -0.344285        0.039143       -0.069521
     C   10        0.039143        0.042379        0.463798
     C   10       -0.069521        0.463798        0.301906

     C   11       -0.302991        0.237691       -0.081597
     C   11        0.237691        0.178190        0.178231
     C   11       -0.081597        0.178231        0.124800

     Cl  12        0.319041        0.065743       -1.223175
     Cl  12        0.065743        1.212274        1.919158
     Cl  12       -1.223175        1.919158       -1.531315

     H   13       -0.081234        0.071353        0.203179
     H   13        0.071353        0.577455        0.447444
     H   13        0.203179        0.447444       -0.496221

     C   14        0.165186       -0.205002       -0.035406
     C   14       -0.205002       -0.388651        0.078017
     C   14       -0.035406        0.078017        0.223465

     H   15        0.565996        0.141316        0.485023
     H   15        0.141316       -0.026466       -0.000812
     H   15        0.485023       -0.000812       -0.539530

     C   16       -0.506063        0.041906       -0.390634
     C   16        0.041906       -0.099981        0.447141
     C   16       -0.390634        0.447141        0.606044

     C   17        0.082338       -0.366634       -0.036001
     C   17       -0.366634       -0.181507        0.132272
     C   17       -0.036001        0.132272        0.099169

     Cl  18        0.530567       -2.053979       -0.309403
     Cl  18       -2.053979        0.843410        0.350721
     Cl  18       -0.309403        0.350721       -1.373977

     H   19       -0.088793       -0.233483       -0.055684
     H   19       -0.233483        0.520016       -0.099500
     H   19       -0.055684       -0.099500       -0.431223

     C   20       -0.377076       -0.118719       -0.094455
     C   20       -0.118719        0.059607        0.410585
     C   20       -0.094455        0.410585        0.317469

     H   21        0.421681        0.015052        0.635842
     H   21        0.015052       -0.254283       -0.316136
     H   21        0.635842       -0.316136       -0.167397

     C   22        0.061365        0.107233        0.348188
     C   22        0.107233        0.167960       -0.251470
     C   22        0.348188       -0.251470       -0.229325

     C   23       -0.057397        0.253875        0.067181
     C   23        0.253875        0.137675       -0.219102
     C   23        0.067181       -0.219102       -0.080278

     Cl  24        0.166582        0.634024        0.068236
     Cl  24        0.634024        0.251410        0.109967
     Cl  24        0.068236        0.109967       -0.417992

     ----- total EFG (symmetrized) -----
     Cl   1        3.003264       -1.316091       -1.215641
     Cl   1       -1.316091       -0.505334       -0.553933
     Cl   1       -1.215641       -0.553933       -2.497930

     C    2       -0.465802       -0.101135       -0.259371
     C    2       -0.101135       -0.171179        0.292583
     C    2       -0.259371        0.292583        0.636982

     C    3        0.023402       -0.110752       -0.077993
     C    3       -0.110752        0.007908       -0.145854
     C    3       -0.077993       -0.145854       -0.031309

     H    4        0.213534        0.222556        0.174525
     H    4        0.222556       -0.285981        0.251187
     H    4        0.174525        0.251187        0.072448

     C    5       -0.702822        0.286423       -0.176735
     C    5        0.286423        0.630425        0.023871
     C    5       -0.176735        0.023871        0.072397

     H    6        0.012606        0.066849        0.033392
     H    6        0.066849        0.218514        0.383225
     H    6        0.033392        0.383225       -0.231120

     H    7       -0.223235        0.075375       -0.097937
     H    7        0.075375        0.155217       -0.209598
     H    7       -0.097937       -0.209598        0.068018

     C    8       -0.211669       -0.125863        0.007169
     C    8       -0.125863       -0.177519        0.208298
     C    8        0.007169        0.208298        0.389187

     H    9        0.209844        0.017996        0.485087
     H    9        0.017996       -0.117044       -0.320857
     H    9        0.485087       -0.320857       -0.092800

     C   10       -0.344285        0.039143       -0.069521
     C   10        0.039143        0.042379        0.463798
     C   10       -0.069521        0.463798        0.301906

     C   11       -0.302991        0.237691       -0.081597
     C   11        0.237691        0.178190        0.178231
     C   11       -0.081597        0.178231        0.124800

     Cl  12        0.319041        0.065743       -1.223175
     Cl  12        0.065743        1.212274        1.919158
     Cl  12       -1.223175        1.919158       -1.531315

     H   13       -0.081234        0.071353        0.203179
     H   13        0.071353        0.577455        0.447444
     H   13        0.203179        0.447444       -0.496221

     C   14        0.165186       -0.205002       -0.035406
     C   14       -0.205002       -0.388651        0.078017
     C   14       -0.035406        0.078017        0.223465

     H   15        0.565996        0.141316        0.485023
     H   15        0.141316       -0.026466       -0.000812
     H   15        0.485023       -0.000812       -0.539530

     C   16       -0.506063        0.041906       -0.390634
     C   16        0.041906       -0.099981        0.447141
     C   16       -0.390634        0.447141        0.606044

     C   17        0.082338       -0.366634       -0.036001
     C   17       -0.366634       -0.181507        0.132272
     C   17       -0.036001        0.132272        0.099169

     Cl  18        0.530567       -2.053979       -0.309403
     Cl  18       -2.053979        0.843410        0.350721
     Cl  18       -0.309403        0.350721       -1.373977

     H   19       -0.088793       -0.233483       -0.055684
     H   19       -0.233483        0.520016       -0.099500
     H   19       -0.055684       -0.099500       -0.431223

     C   20       -0.377076       -0.118719       -0.094455
     C   20       -0.118719        0.059607        0.410585
     C   20       -0.094455        0.410585        0.317469

     H   21        0.421681        0.015052        0.635842
     H   21        0.015052       -0.254283       -0.316136
     H   21        0.635842       -0.316136       -0.167397

     C   22        0.061365        0.107233        0.348188
     C   22        0.107233        0.167960       -0.251470
     C   22        0.348188       -0.251470       -0.229325

     C   23       -0.057397        0.253875        0.067181
     C   23        0.253875        0.137675       -0.219102
     C   23        0.067181       -0.219102       -0.080278

     Cl  24        0.166582        0.634024        0.068236
     Cl  24        0.634024        0.251410        0.109967
     Cl  24        0.068236        0.109967       -0.417992


     NQR/NMR SPECTROSCOPIC PARAMETERS:
     Cl   1    Vxx=   -0.5632    axis=( -0.201402 -0.900898  0.384473)
     Cl   1    Vyy=   -3.0405    axis=( -0.254803 -0.330816 -0.908645)
     Cl   1    Vzz=    3.6037    axis=(  0.945787 -0.280968 -0.162925)
     Cl   1  Q=        -8.1650 1e-30 m^2  Cq=       -69.1342 MHz  eta= 0.68745

     C    2    Vxx=   -0.2650    axis=( -0.058328  0.944548 -0.323152)
     C    2    Vyy=   -0.5281    axis=(  0.974738  0.123796  0.185906)
     C    2    Vzz=    0.7931    axis=( -0.215602  0.304145  0.927907)
     C    2  Q=         1.0000 1e-30 m^2  Cq=         1.8636 MHz  eta= 0.33169

     C    3    Vxx=    0.0784    axis=( -0.784982 -0.045113  0.617874)
     C    3    Vyy=    0.1500    axis=(  0.407197 -0.789217  0.459703)
     C    3    Vzz=   -0.2284    axis=(  0.466898  0.612455  0.637891)
     C    3  Q=         1.0000 1e-30 m^2  Cq=        -0.5367 MHz  eta= 0.31335

     H    4    Vxx=   -0.0323    axis=( -0.659358  0.150861  0.736537)
     H    4    Vyy=   -0.4406    axis=( -0.208521  0.904532 -0.371942)
     H    4    Vzz=    0.4729    axis=( -0.722333 -0.398827 -0.564953)
     H    4  Q=         1.0000 1e-30 m^2  Cq=         1.1112 MHz  eta= 0.86323

     C    5    Vxx=    0.1085    axis=( -0.191991  0.060563  0.979526)
     C    5    Vyy=    0.6896    axis=( -0.203940 -0.978768  0.020543)
     C    5    Vzz=   -0.7981    axis=(  0.959973 -0.195821  0.200266)
     C    5  Q=         1.0000 1e-30 m^2  Cq=        -1.8753 MHz  eta= 0.72808

     H    6    Vxx=   -0.0001    axis=(  0.985763 -0.141062 -0.091499)
     H    6    Vyy=   -0.4506    axis=(  0.009293 -0.497646  0.867330)
     H    6    Vzz=    0.4507    axis=( -0.167882 -0.855833 -0.489251)
     H    6  Q=         1.0000 1e-30 m^2  Cq=         1.0590 MHz  eta= 0.99974

     H    7    Vxx=   -0.0974    axis=( -0.174637  0.659032  0.731559)
     H    7    Vyy=   -0.2536    axis=(  0.962927 -0.040831  0.266653)
     H    7    Vzz=    0.3510    axis=(  0.205603  0.751006 -0.627469)
     H    7  Q=         1.0000 1e-30 m^2  Cq=         0.8246 MHz  eta= 0.44485

     C    8    Vxx=   -0.1068    axis=(  0.751450 -0.612127  0.246216)
     C    8    Vyy=   -0.3523    axis=( -0.657905 -0.723358  0.209556)
     C    8    Vzz=    0.4591    axis=( -0.049827  0.319458  0.946290)
     C    8  Q=         1.0000 1e-30 m^2  Cq=         1.0788 MHz  eta= 0.53481

     H    9    Vxx=   -0.0071    axis=(  0.501692  0.826591 -0.255053)
     H    9    Vyy=   -0.6061    axis=( -0.450306  0.501295  0.738869)
     H    9    Vzz=    0.6132    axis=(  0.738600 -0.255833  0.623715)
     H    9  Q=         1.0000 1e-30 m^2  Cq=         1.4409 MHz  eta= 0.97678

     C   10    Vxx=   -0.2521    axis=(  0.616972  0.639810 -0.458245)
     C   10    Vyy=   -0.4027    axis=( -0.786338  0.477561 -0.391929)
     C   10    Vzz=    0.6548    axis=( -0.031921  0.602145  0.797749)
     C   10  Q=         1.0000 1e-30 m^2  Cq=         1.5384 MHz  eta= 0.23008

     C   11    Vxx=    0.0774    axis=( -0.429145 -0.410551  0.804538)
     C   11    Vyy=    0.3613    axis=( -0.225423 -0.813861 -0.535550)
     C   11    Vzz=   -0.4387    axis=( -0.874654  0.411190 -0.256717)
     C   11  Q=         1.0000 1e-30 m^2  Cq=        -1.0307 MHz  eta= 0.64724

     Cl  12    Vxx=    0.5696    axis=(  0.903317  0.396501 -0.163723)
     Cl  12    Vyy=    2.3417    axis=(  0.272474 -0.825116 -0.494915)
     Cl  12    Vzz=   -2.9113    axis=( -0.331325  0.402455 -0.853378)
     Cl  12  Q=        -8.1650 1e-30 m^2  Cq=        55.8517 MHz  eta= 0.60870

     H   13    Vxx=   -0.0582    axis=(  0.950700 -0.242653  0.193104)
     H   13    Vyy=   -0.7038    axis=( -0.263704 -0.304896  0.915149)
     H   13    Vzz=    0.7620    axis=( -0.163188 -0.920955 -0.353854)
     H   13  Q=         1.0000 1e-30 m^2  Cq=         1.7904 MHz  eta= 0.84731

     C   14    Vxx=    0.1732    axis=(  0.683373 -0.150132  0.714466)
     C   14    Vyy=    0.2889    axis=( -0.663484  0.280608  0.693576)
     C   14    Vzz=   -0.4621    axis=(  0.304613  0.948008 -0.092150)
     C   14  Q=         1.0000 1e-30 m^2  Cq=        -1.0858 MHz  eta= 0.25036

     H   15    Vxx=   -0.0446    axis=( -0.127294  0.983782 -0.126371)
     H   15    Vyy=   -0.7259    axis=( -0.357561  0.073326  0.931007)
     H   15    Vzz=    0.7705    axis=(  0.925174  0.163697  0.342428)
     H   15  Q=         1.0000 1e-30 m^2  Cq=         1.8104 MHz  eta= 0.88411

     C   16    Vxx=   -0.2095    axis=(  0.452837  0.855242 -0.251992)
     C   16    Vyy=   -0.6940    axis=( -0.859930  0.344295 -0.376805)
     C   16    Vzz=    0.9035    axis=( -0.235499  0.387327  0.891357)
     C   16  Q=         1.0000 1e-30 m^2  Cq=         2.1230 MHz  eta= 0.53618

     C   17    Vxx=    0.0725    axis=(  0.386771 -0.079850  0.918712)
     C   17    Vyy=    0.3809    axis=(  0.740162 -0.567363 -0.360915)
     C   17    Vzz=   -0.4534    axis=(  0.550062  0.819587 -0.160337)
     C   17  Q=         1.0000 1e-30 m^2  Cq=        -1.0654 MHz  eta= 0.68016

     Cl  18    Vxx=   -1.3706    axis=(  0.733971  0.649411  0.198879)
     Cl  18    Vyy=   -1.4287    axis=(  0.072700  0.216018 -0.973679)
     Cl  18    Vzz=    2.7993    axis=( -0.675279  0.729110  0.111339)
     Cl  18  Q=        -8.1650 1e-30 m^2  Cq=       -53.7031 MHz  eta= 0.02075

     H   19    Vxx=   -0.1437    axis=(  0.918996  0.281959 -0.275584)
     H   19    Vyy=   -0.4612    axis=(  0.240060  0.154312  0.958415)
     H   19    Vzz=    0.6049    axis=(  0.312759 -0.946936  0.074125)
     H   19  Q=         1.0000 1e-30 m^2  Cq=         1.4213 MHz  eta= 0.52480

     C   20    Vxx=   -0.2325    axis=( -0.228089  0.761005 -0.607328)
     C   20    Vyy=   -0.4075    axis=( -0.963124 -0.267781  0.026172)
     C   20    Vzz=    0.6400    axis=( -0.142713  0.590902  0.794020)
     C   20  Q=         1.0000 1e-30 m^2  Cq=         1.5037 MHz  eta= 0.27349

     H   21    Vxx=   -0.1159    axis=(  0.393515  0.848923 -0.352811)
     H   21    Vyy=   -0.7355    axis=( -0.420020  0.507401  0.752414)
     H   21    Vzz=    0.8515    axis=(  0.817758 -0.147899  0.556235)
     H   21  Q=         1.0000 1e-30 m^2  Cq=         2.0006 MHz  eta= 0.72771

     C   22    Vxx=    0.2315    axis=( -0.662013 -0.743514 -0.094471)
     C   22    Vyy=    0.3293    axis=(  0.555768 -0.571553  0.603696)
     C   22    Vzz=   -0.5608    axis=( -0.502852  0.347151  0.791597)
     C   22  Q=         1.0000 1e-30 m^2  Cq=        -1.3176 MHz  eta= 0.17442

     C   23    Vxx=   -0.0036    axis=(  0.669481 -0.054102  0.740857)
     C   23    Vyy=   -0.3606    axis=(  0.595186 -0.557683 -0.578570)
     C   23    Vzz=    0.3642    axis=( -0.444465 -0.828289  0.341158)
     C   23  Q=         1.0000 1e-30 m^2  Cq=         0.8556 MHz  eta= 0.98040

     Cl  24    Vxx=   -0.4033    axis=( -0.584167  0.452548  0.673758)
     Cl  24    Vyy=   -0.4538    axis=( -0.445694  0.514903 -0.732278)
     Cl  24    Vzz=    0.8571    axis=(  0.678311  0.728062  0.099091)
     Cl  24  Q=        -8.1650 1e-30 m^2  Cq=       -16.4426 MHz  eta= 0.05891

     Initialization:
     gipaw_setup  :      9.11s CPU     10.99s WALL (       1 calls)

     Linear response

     Apply operators

     Induced current

     Other routines
     efg          :      9.38s CPU     12.17s WALL (       1 calls)

     General routines
     calbec       :      3.25s CPU      4.33s WALL (      16 calls)
     fft          :      1.82s CPU      2.87s WALL (      15 calls)
     ffts         :      0.04s CPU      0.09s WALL (       2 calls)
     fftw         :      3.38s CPU      4.26s WALL (     672 calls)
     davcio       :      0.04s CPU      0.36s WALL (      32 calls)

     Parallel routines
     fft_scatter  :      2.56s CPU      4.34s WALL (     689 calls)

     Plugins

     GIPAW        :     61.04s CPU     73.98s WALL (       1 calls)
