
     Program QE v.6.0 (svn rev. 13079) starts on 29Dec2016 at 15:24:13 

     This program is part of the open-source Quantum ESPRESSO suite
     for quantum simulation of materials; please cite
         "P. Giannozzi et al., J. Phys.:Condens. Matter 21 395502 (2009);
          URL http://www.quantum-espresso.org", 
     in publications or presentations arising from this work. More details at
     http://www.quantum-espresso.org/quote

     Parallel version (MPI), running on     8 processors
     R & G space division:  proc/nbgrp/npool/nimage =       8

     ***** This is GIPAW svn revision unknown      *****

     Parallelizing q-star over 1 images

     Reading data from directory:
     /users/majewski/paradichlorobenzene/pbe/9_constraint/scratch/pbe.ecut100.np8.dt60.pcl2phi-129368.save
     Message from routine read_xml_file:
     file /users/majewski/paradichlorobenzene/pbe/9_constraint/scratch/pbe.ecut100.np8.dt60.pcl2phi-129368.save not guaranteed to be safe for post-processing

   Info: using nr1, nr2, nr3 values from input

   Info: using nr1, nr2, nr3 values from input

     IMPORTANT: XC functional enforced from input :
     Exchange-correlation      =  SLA  PW   PBX  PBC ( 1  4  3  4 0 0)
     Any further DFT definition will be discarded
     Please, verify this is what you really want

               file C.pbe-n-kjpaw_psl.1.0.0.UPF: wavefunction(s)  2S 2P renormalized
               file Cl.pbe-n-kjpaw_psl.1.0.0.UPF: wavefunction(s)  3S 3P renormalized
               file H.pbe-kjpaw_psl.1.0.0.UPF: wavefunction(s)  1S renormalized

     Parallelization info
     --------------------
     sticks:   dense  smooth     PW     G-vecs:    dense   smooth      PW
     Min        3057    1223    332               144436    36536    5170
     Max        3059    1225    333               144437    36537    5171
     Sum       24467    9791   2657              1155489   292295   41363


     Subspace diagonalization in iterative solution of the eigenvalue problem:
     a serial algorithm will be used

     GIPAW projectors -----------------------------------------------
     atom=  C    l=0  rc=    1.2000  rs=    0.8000
     atom=  C    l=0  rc=    1.2000  rs=    0.8000
     atom=  C    l=1  rc=    1.4000  rs=    0.9333
     atom=  C    l=1  rc=    1.4000  rs=    0.9333
     projs nearly linearly dependent: l=1  n1,n2= 1, 2  s=  0.99951561

     atom=  Cl   l=0  rc=    1.6000  rs=    1.0667
     atom=  Cl   l=0  rc=    1.6000  rs=    1.0667
     atom=  Cl   l=1  rc=    1.6000  rs=    1.0667
     atom=  Cl   l=1  rc=    1.6000  rs=    1.0667
     atom=  Cl   l=2  rc=    1.6000  rs=    1.0667
     atom=  Cl   l=2  rc=    1.6000  rs=    1.0667
     projs nearly linearly dependent: l=2  n1,n2= 1, 2  s=  0.99993509

     atom=  H    l=0  rc=    1.0000  rs=    0.6667
     atom=  H    l=0  rc=    1.0000  rs=    0.6667
     projs nearly linearly dependent: l=0  n1,n2= 1, 2  s=  0.99968852
     -----------------------------------------------------------------

     GIPAW integrals: -------------------------------------------
     Atom  i/j   nmr_para   nmr_dia   epr_rmc  epr_para   epr_dia
       C   1 1   0.83E+03  0.17E-01  0.93E+01  0.24E+08  0.24E+03
       C   2 1   0.86E+03 -0.61E-01  0.94E+01  0.25E+08  0.25E+03
       C   2 2   0.90E+03 -0.15E+00  0.97E+01  0.26E+08  0.26E+03
       C   3 3   0.33E+01  0.34E+00  0.18E+01  0.55E+03  0.21E+02
       C   4 3   0.35E+01  0.37E+00  0.20E+01  0.59E+03  0.22E+02
       C   4 4   0.38E+01  0.39E+00  0.22E+01  0.63E+03  0.24E+02
       Cl  1 1   0.14E+04 -0.47E+00  0.84E+01  0.32E+09  0.42E+03
       Cl  2 1   0.21E+04 -0.37E+00  0.12E+02  0.49E+09  0.65E+03
       Cl  2 2   0.33E+04 -0.16E+00  0.21E+02  0.76E+09  0.10E+04
       Cl  3 3   0.21E+02  0.79E-01  0.89E+01  0.23E+05  0.13E+03
       Cl  4 3   0.24E+02  0.67E-01  0.99E+01  0.27E+05  0.15E+03
       Cl  4 4   0.28E+02  0.44E-01  0.11E+02  0.32E+05  0.18E+03
       Cl  5 5   0.77E+00  0.19E+00  0.18E+01  0.12E+03  0.22E+02
       Cl  6 5   0.80E+00  0.19E+00  0.19E+01  0.12E+03  0.23E+02
       Cl  6 6   0.83E+00  0.20E+00  0.19E+01  0.12E+03  0.23E+02
       H   1 1   0.39E+02  0.19E+00  0.29E+00  0.78E+05  0.13E+02
       H   2 1   0.41E+02  0.21E+00  0.32E+00  0.82E+05  0.14E+02
       H   2 2   0.43E+02  0.22E+00  0.36E+00  0.86E+05  0.15E+02
     ------------------------------------------------------------

     alpha_pv=     33.4926 eV

     Number of occupied bands for each k-point:
     k-point:     1    nbnd_occ=  42
     k-point:     2    nbnd_occ=  42
     k-point:     3    nbnd_occ=  42
     k-point:     4    nbnd_occ=  42
     k-point:     5    nbnd_occ=  42
     k-point:     6    nbnd_occ=  42
     k-point:     7    nbnd_occ=  42
     k-point:     8    nbnd_occ=  42
     k-point:     9    nbnd_occ=  42
     k-point:    10    nbnd_occ=  42
     k-point:    11    nbnd_occ=  42
     k-point:    12    nbnd_occ=  42
     k-point:    13    nbnd_occ=  42
     k-point:    14    nbnd_occ=  42
     k-point:    15    nbnd_occ=  42
     k-point:    16    nbnd_occ=  42


     q-space interpolation up to   110.00 Rydberg

     GIPAW job: efg                                                                             


     ELECTRIC FIELD GRADIENTS TENSORS IN Hartree/bohrradius^2:

     ----- bare term -----
     Cl   1       -0.123764        0.115448       -0.065966
     Cl   1        0.115448        0.040254       -0.139650
     Cl   1       -0.065966       -0.139650        0.083510

     C    2        0.056793        0.375428        0.006555
     C    2        0.375428       -0.105003       -0.551624
     C    2        0.006555       -0.551624        0.048210

     C    3       -0.242631       -0.043512       -0.104575
     C    3       -0.043512        0.007752        0.071879
     C    3       -0.104575        0.071879        0.234879

     H    4       -0.425463       -0.407187        0.109282
     H    4       -0.407187        0.140326        0.064663
     H    4        0.109282        0.064663        0.285137

     C    5        0.070723       -0.024565        0.125560
     C    5       -0.024565       -0.294274       -0.081885
     C    5        0.125560       -0.081885        0.223551

     H    6        0.275460       -0.341222        0.075531
     H    6       -0.341222       -0.581005        0.092009
     H    6        0.075531        0.092009        0.305545

     H    7        0.060836       -0.081189       -0.436535
     H    7       -0.081189       -0.089235        0.377852
     H    7       -0.436535        0.377852        0.028398

     C    8       -0.585693       -0.322899       -0.097275
     C    8       -0.322899        0.226438        0.244396
     C    8       -0.097275        0.244396        0.359255

     H    9       -0.346205       -0.290612       -0.421804
     H    9       -0.290612        0.041017        0.045857
     H    9       -0.421804        0.045857        0.305188

     C   10        0.105866        0.176944       -0.353036
     C   10        0.176944       -0.150475        0.629817
     C   10       -0.353036        0.629817        0.044608

     C   11       -0.704926       -0.411573       -0.314022
     C   11       -0.411573        0.267937        0.102269
     C   11       -0.314022        0.102269        0.436989

     Cl  12        0.012097       -0.071194        0.011116
     Cl  12       -0.071194       -0.015815       -0.021833
     Cl  12        0.011116       -0.021833        0.003718

     H   13        0.330527       -0.066677       -0.039041
     H   13       -0.066677       -0.498447       -0.655628
     H   13       -0.039041       -0.655628        0.167920

     C   14       -0.853132        0.425925       -0.450636
     C   14        0.425925        0.487679       -0.037523
     C   14       -0.450636       -0.037523        0.365453

     H   15       -0.394062       -0.004973       -0.479560
     H   15       -0.004973        0.110846       -0.272221
     H   15       -0.479560       -0.272221        0.283216

     C   16        0.079998        0.421448       -0.017745
     C   16        0.421448       -0.246470       -0.537754
     C   16       -0.017745       -0.537754        0.166471

     C   17       -0.382691        0.303007       -0.474076
     C   17        0.303007        0.214006       -0.081410
     C   17       -0.474076       -0.081410        0.168685

     Cl  18       -0.030745        0.101892       -0.075295
     Cl  18        0.101892        0.120900       -0.085875
     Cl  18       -0.075295       -0.085875       -0.090155

     H   19        0.431539       -0.049726        0.052451
     H   19       -0.049726       -0.455988        0.618783
     H   19        0.052451        0.618783        0.024449

     C   20       -0.077356        0.313367       -0.488431
     C   20        0.313367       -0.091828        0.423566
     C   20       -0.488431        0.423566        0.169184

     H   21        0.028399        0.079305       -0.249733
     H   21        0.079305        0.455005        0.348896
     H   21       -0.249733        0.348896       -0.483405

     C   22       -0.458772       -0.354013       -0.389535
     C   22       -0.354013        0.041129        0.039427
     C   22       -0.389535        0.039427        0.417643

     C   23        0.051343        0.433597       -0.494756
     C   23        0.433597       -0.104605        0.649816
     C   23       -0.494756        0.649816        0.053262

     Cl  24       -0.287762       -0.230788       -0.081806
     Cl  24       -0.230788        0.084482       -0.119238
     Cl  24       -0.081806       -0.119238        0.203280

     ----- ionic term -----
     Cl   1        0.083208       -0.192672       -0.017808
     Cl   1       -0.192672        0.086907        0.016817
     Cl   1       -0.017808        0.016817       -0.170115

     C    2        0.197905       -0.135867        0.211556
     C    2       -0.135867        0.257479        0.333881
     C    2        0.211556        0.333881       -0.455384

     C    3        0.225395       -0.152958        0.142413
     C    3       -0.152958        0.236049        0.295121
     C    3        0.142413        0.295121       -0.461444

     H    4        0.906172        0.292349        0.412271
     H    4        0.292349       -0.440861        0.157379
     H    4        0.412271        0.157379       -0.465311

     C    5        0.306670       -0.088453        0.202146
     C    5       -0.088453        0.147447        0.259495
     C    5        0.202146        0.259495       -0.454117

     H    6       -0.518579        0.114913        0.026485
     H    6        0.114913        0.836405        0.555106
     H    6        0.026485        0.555106       -0.317826

     H    7       -0.470061       -0.261529        0.188727
     H    7       -0.261529        0.509406       -0.734616
     H    7        0.188727       -0.734616       -0.039345

     C    8        0.223020        0.138796        0.297469
     C    8        0.138796        0.000908       -0.311155
     C    8        0.297469       -0.311155       -0.223928

     H    9        0.572659       -0.283337        0.665028
     H    9       -0.283337       -0.420476       -0.236599
     H    9        0.665028       -0.236599       -0.152184

     C   10        0.076969        0.195595        0.183060
     C   10        0.195595        0.169514       -0.440637
     C   10        0.183060       -0.440637       -0.246483

     C   11        0.153240        0.161340        0.334370
     C   11        0.161340        0.068047       -0.429170
     C   11        0.334370       -0.429170       -0.221287

     Cl  12        0.130037        0.211528       -0.007103
     Cl  12        0.211528        0.017708       -0.003889
     Cl  12       -0.007103       -0.003889       -0.147744

     H   13       -0.483302        0.051640        0.054020
     H   13        0.051640        0.697996        0.656961
     H   13        0.054020        0.656961       -0.214693

     C   14        0.368075       -0.215199        0.219352
     C   14       -0.215199        0.075993        0.263510
     C   14        0.219352        0.263510       -0.444067

     H   15        0.669727        0.335171        0.623078
     H   15        0.335171       -0.376002        0.234180
     H   15        0.623078        0.234180       -0.293725

     C   16        0.224282       -0.199461        0.188438
     C   16       -0.199461        0.206717        0.330380
     C   16        0.188438        0.330380       -0.430999

     C   17        0.286303       -0.043725        0.247599
     C   17       -0.043725        0.143560        0.338083
     C   17        0.247599        0.338083       -0.429863

     Cl  18        0.167031       -0.197376        0.031475
     Cl  18       -0.197376       -0.024925       -0.004387
     Cl  18        0.031475       -0.004387       -0.142106

     H   19       -0.485963       -0.170454        0.137842
     H   19       -0.170454        0.600973       -0.717541
     H   19        0.137842       -0.717541       -0.115010

     C   20        0.290715        0.182150        0.363892
     C   20        0.182150       -0.016500       -0.285801
     C   20        0.363892       -0.285801       -0.274215

     H   21        0.397230       -0.144202        0.813540
     H   21       -0.144202       -0.517803       -0.197028
     H   21        0.813540       -0.197028        0.120573

     C   22        0.123272        0.286389        0.237825
     C   22        0.286389        0.070522       -0.342478
     C   22        0.237825       -0.342478       -0.193794

     C   23        0.216667        0.205006        0.313002
     C   23        0.205006       -0.009993       -0.345923
     C   23        0.313002       -0.345923       -0.206674

     Cl  24        0.143592        0.189945        0.025608
     Cl  24        0.189945       -0.002462        0.006661
     Cl  24        0.025608        0.006661       -0.141131

     ----- GIPAW term -----
     Cl   1        0.478967       -1.432318       -0.627858
     Cl   1       -1.432318        0.406272       -1.205012
     Cl   1       -0.627858       -1.205012       -0.885239

     C    2        0.044679        0.151681        0.008462
     C    2        0.151681        0.123706       -0.054579
     C    2        0.008462       -0.054579       -0.168384

     C    3        0.002565        0.016640       -0.016297
     C    3        0.016640        0.017550        0.023596
     C    3       -0.016297        0.023596       -0.020115

     H    4       -0.000000        0.000000        0.000000
     H    4        0.000000        0.000000        0.000000
     H    4        0.000000        0.000000        0.000000

     C    5        0.009437        0.009807        0.029714
     C    5        0.009807        0.014190       -0.003646
     C    5        0.029714       -0.003646       -0.023627

     H    6       -0.000000        0.000000        0.000000
     H    6        0.000000        0.000000        0.000000
     H    6        0.000000        0.000000        0.000000

     H    7       -0.000000        0.000000        0.000000
     H    7        0.000000        0.000000        0.000000
     H    7        0.000000        0.000000        0.000000

     C    8       -0.086075        0.149961        0.055974
     C    8        0.149961        0.179809        0.069036
     C    8        0.055974        0.069036       -0.093734

     H    9       -0.000000        0.000000        0.000000
     H    9        0.000000        0.000000        0.000000
     H    9        0.000000        0.000000        0.000000

     C   10       -0.046469        0.156231       -0.058407
     C   10        0.156231        0.163586        0.024182
     C   10       -0.058407        0.024182       -0.117117

     C   11       -0.121975        0.133861       -0.062653
     C   11        0.133861        0.221983       -0.080737
     C   11       -0.062653       -0.080737       -0.100008

     Cl  12        0.010799        2.079211       -0.197157
     Cl  12        2.079211        2.033585       -0.881469
     Cl  12       -0.197157       -0.881469       -2.044385

     H   13       -0.000000        0.000000        0.000000
     H   13        0.000000        0.000000        0.000000
     H   13        0.000000        0.000000        0.000000

     C   14       -0.173168        0.163588       -0.010977
     C   14        0.163588        0.238419        0.107097
     C   14       -0.010977        0.107097       -0.065251

     H   15       -0.000000        0.000000        0.000000
     H   15        0.000000        0.000000        0.000000
     H   15        0.000000        0.000000        0.000000

     C   16       -0.070557        0.161206        0.052378
     C   16        0.161206        0.178945        0.049899
     C   16        0.052378        0.049899       -0.108387

     C   17        0.010099        0.132069       -0.035500
     C   17        0.132069        0.118994        0.025187
     C   17       -0.035500        0.025187       -0.129093

     Cl  18        0.389128       -0.548675       -0.633961
     Cl  18       -0.548675        1.932734       -1.178061
     Cl  18       -0.633961       -1.178061       -2.321862

     H   19       -0.000000        0.000000        0.000000
     H   19        0.000000        0.000000        0.000000
     H   19        0.000000        0.000000        0.000000

     C   20        0.019290        0.227952       -0.159459
     C   20        0.227952        0.028245       -0.039434
     C   20       -0.159459       -0.039434       -0.047535

     H   21       -0.000000        0.000000        0.000000
     H   21        0.000000        0.000000        0.000000
     H   21        0.000000        0.000000        0.000000

     C   22       -0.061920        0.106719       -0.179165
     C   22        0.106719        0.042469       -0.149186
     C   22       -0.179165       -0.149186        0.019451

     C   23        0.095686        0.310546       -0.094001
     C   23        0.310546        0.065216        0.050576
     C   23       -0.094001        0.050576       -0.160902

     Cl  24       -0.335064        1.816292       -0.780879
     Cl  24        1.816292        1.121732       -1.368577
     Cl  24       -0.780879       -1.368577       -0.786667

     ----- total EFG -----
     Cl   1        0.438410       -1.509543       -0.711632
     Cl   1       -1.509543        0.533433       -1.327845
     Cl   1       -0.711632       -1.327845       -0.971844

     C    2        0.299376        0.391242        0.226573
     C    2        0.391242        0.276182       -0.272323
     C    2        0.226573       -0.272323       -0.575558

     C    3       -0.014671       -0.179831        0.021541
     C    3       -0.179831        0.261351        0.390597
     C    3        0.021541        0.390597       -0.246680

     H    4        0.480709       -0.114837        0.521553
     H    4       -0.114837       -0.300535        0.222041
     H    4        0.521553        0.222041       -0.180174

     C    5        0.386830       -0.103211        0.357420
     C    5       -0.103211       -0.132637        0.173965
     C    5        0.357420        0.173965       -0.254192

     H    6       -0.243120       -0.226309        0.102017
     H    6       -0.226309        0.255400        0.647114
     H    6        0.102017        0.647114       -0.012281

     H    7       -0.409225       -0.342718       -0.247809
     H    7       -0.342718        0.420171       -0.356764
     H    7       -0.247809       -0.356764       -0.010947

     C    8       -0.448748       -0.034142        0.256168
     C    8       -0.034142        0.407154        0.002277
     C    8        0.256168        0.002277        0.041594

     H    9        0.226454       -0.573950        0.243225
     H    9       -0.573950       -0.379459       -0.190742
     H    9        0.243225       -0.190742        0.153005

     C   10        0.136367        0.528769       -0.228382
     C   10        0.528769        0.182625        0.213362
     C   10       -0.228382        0.213362       -0.318992

     C   11       -0.673661       -0.116372       -0.042305
     C   11       -0.116372        0.557967       -0.407638
     C   11       -0.042305       -0.407638        0.115694

     Cl  12        0.152933        2.219544       -0.193143
     Cl  12        2.219544        2.035478       -0.907191
     Cl  12       -0.193143       -0.907191       -2.188411

     H   13       -0.152775       -0.015037        0.014979
     H   13       -0.015037        0.199549        0.001333
     H   13        0.014979        0.001333       -0.046774

     C   14       -0.658225        0.374315       -0.242261
     C   14        0.374315        0.802090        0.333084
     C   14       -0.242261        0.333084       -0.143865

     H   15        0.275665        0.330198        0.143518
     H   15        0.330198       -0.265156       -0.038041
     H   15        0.143518       -0.038041       -0.010509

     C   16        0.233723        0.383193        0.223071
     C   16        0.383193        0.139192       -0.157475
     C   16        0.223071       -0.157475       -0.372915

     C   17       -0.086289        0.391351       -0.261976
     C   17        0.391351        0.476559        0.281859
     C   17       -0.261976        0.281859       -0.390271

     Cl  18        0.525414       -0.644159       -0.677781
     Cl  18       -0.644159        2.028708       -1.268323
     Cl  18       -0.677781       -1.268323       -2.554123

     H   19       -0.054424       -0.220180        0.190293
     H   19       -0.220180        0.144985       -0.098758
     H   19        0.190293       -0.098758       -0.090561

     C   20        0.232649        0.723469       -0.283999
     C   20        0.723469       -0.080083        0.098330
     C   20       -0.283999        0.098330       -0.152566

     H   21        0.425629       -0.064897        0.563808
     H   21       -0.064897       -0.062798        0.151868
     H   21        0.563808        0.151868       -0.362831

     C   22       -0.397421        0.039094       -0.330876
     C   22        0.039094        0.154120       -0.452237
     C   22       -0.330876       -0.452237        0.243301

     C   23        0.363696        0.949149       -0.275755
     C   23        0.949149       -0.049382        0.354469
     C   23       -0.275755        0.354469       -0.314314

     Cl  24       -0.479233        1.775449       -0.837077
     Cl  24        1.775449        1.203752       -1.481154
     Cl  24       -0.837077       -1.481154       -0.724518

     ----- total EFG (symmetrized) -----
     Cl   1        0.438410       -1.509543       -0.711632
     Cl   1       -1.509543        0.533433       -1.327845
     Cl   1       -0.711632       -1.327845       -0.971844

     C    2        0.299376        0.391242        0.226573
     C    2        0.391242        0.276182       -0.272323
     C    2        0.226573       -0.272323       -0.575558

     C    3       -0.014671       -0.179831        0.021541
     C    3       -0.179831        0.261351        0.390597
     C    3        0.021541        0.390597       -0.246680

     H    4        0.480709       -0.114837        0.521553
     H    4       -0.114837       -0.300535        0.222041
     H    4        0.521553        0.222041       -0.180174

     C    5        0.386830       -0.103211        0.357420
     C    5       -0.103211       -0.132637        0.173965
     C    5        0.357420        0.173965       -0.254192

     H    6       -0.243120       -0.226309        0.102017
     H    6       -0.226309        0.255400        0.647114
     H    6        0.102017        0.647114       -0.012281

     H    7       -0.409225       -0.342718       -0.247809
     H    7       -0.342718        0.420171       -0.356764
     H    7       -0.247809       -0.356764       -0.010947

     C    8       -0.448748       -0.034142        0.256168
     C    8       -0.034142        0.407154        0.002277
     C    8        0.256168        0.002277        0.041594

     H    9        0.226454       -0.573950        0.243225
     H    9       -0.573950       -0.379459       -0.190742
     H    9        0.243225       -0.190742        0.153005

     C   10        0.136367        0.528769       -0.228382
     C   10        0.528769        0.182625        0.213362
     C   10       -0.228382        0.213362       -0.318992

     C   11       -0.673661       -0.116372       -0.042305
     C   11       -0.116372        0.557967       -0.407638
     C   11       -0.042305       -0.407638        0.115694

     Cl  12        0.152933        2.219544       -0.193143
     Cl  12        2.219544        2.035478       -0.907191
     Cl  12       -0.193143       -0.907191       -2.188411

     H   13       -0.152775       -0.015037        0.014979
     H   13       -0.015037        0.199549        0.001333
     H   13        0.014979        0.001333       -0.046774

     C   14       -0.658225        0.374315       -0.242261
     C   14        0.374315        0.802090        0.333084
     C   14       -0.242261        0.333084       -0.143865

     H   15        0.275665        0.330198        0.143518
     H   15        0.330198       -0.265156       -0.038041
     H   15        0.143518       -0.038041       -0.010509

     C   16        0.233723        0.383193        0.223071
     C   16        0.383193        0.139192       -0.157475
     C   16        0.223071       -0.157475       -0.372915

     C   17       -0.086289        0.391351       -0.261976
     C   17        0.391351        0.476559        0.281859
     C   17       -0.261976        0.281859       -0.390271

     Cl  18        0.525414       -0.644159       -0.677781
     Cl  18       -0.644159        2.028708       -1.268323
     Cl  18       -0.677781       -1.268323       -2.554123

     H   19       -0.054424       -0.220180        0.190293
     H   19       -0.220180        0.144985       -0.098758
     H   19        0.190293       -0.098758       -0.090561

     C   20        0.232649        0.723469       -0.283999
     C   20        0.723469       -0.080083        0.098330
     C   20       -0.283999        0.098330       -0.152566

     H   21        0.425629       -0.064897        0.563808
     H   21       -0.064897       -0.062798        0.151868
     H   21        0.563808        0.151868       -0.362831

     C   22       -0.397421        0.039094       -0.330876
     C   22        0.039094        0.154120       -0.452237
     C   22       -0.330876       -0.452237        0.243301

     C   23        0.363696        0.949149       -0.275755
     C   23        0.949149       -0.049382        0.354469
     C   23       -0.275755        0.354469       -0.314314

     Cl  24       -0.479233        1.775449       -0.837077
     Cl  24        1.775449        1.203752       -1.481154
     Cl  24       -0.837077       -1.481154       -0.724518


     NQR/NMR SPECTROSCOPIC PARAMETERS:
     Cl   1    Vxx=    0.3728    axis=(  0.639336  0.350443 -0.684426)
     Cl   1    Vyy=    2.0840    axis=( -0.618778  0.762887 -0.187396)
     Cl   1    Vzz=   -2.4568    axis=(  0.456468  0.543317  0.704588)
     Cl   1  Q=        -8.1650 1e-30 m^2  Cq=        47.1324 MHz  eta= 0.69652

     C    2    Vxx=    0.0849    axis=( -0.629761  0.617861 -0.470796)
     C    2    Vyy=    0.6799    axis=( -0.709476 -0.704296  0.024731)
     C    2    Vzz=   -0.7648    axis=( -0.316299  0.349593  0.881896)
     C    2  Q=         1.0000 1e-30 m^2  Cq=        -1.7969 MHz  eta= 0.77795

     C    3    Vxx=   -0.0322    axis=(  0.934221  0.130728  0.331874)
     C    3    Vyy=   -0.4832    axis=(  0.228536  0.494989 -0.838306)
     C    3    Vzz=    0.5154    axis=( -0.273864  0.859009  0.432554)
     C    3  Q=         1.0000 1e-30 m^2  Cq=         1.2109 MHz  eta= 0.87511

     H    4    Vxx=   -0.1205    axis=(  0.287027 -0.811215 -0.509457)
     H    4    Vyy=   -0.6473    axis=(  0.388753  0.584714 -0.712025)
     H    4    Vzz=    0.7677    axis=(  0.875492  0.006318  0.483191)
     H    4  Q=         1.0000 1e-30 m^2  Cq=         1.8039 MHz  eta= 0.68620

     C    5    Vxx=   -0.0287    axis=(  0.155669 -0.885973 -0.436829)
     C    5    Vyy=   -0.5185    axis=(  0.370709  0.462296 -0.805517)
     C    5    Vzz=    0.5473    axis=(  0.915610 -0.036543  0.400403)
     C    5  Q=         1.0000 1e-30 m^2  Cq=         1.2858 MHz  eta= 0.89500

     H    6    Vxx=   -0.1347    axis=(  0.871754 -0.220243  0.437649)
     H    6    Vyy=   -0.6600    axis=( -0.477372 -0.582875  0.657551)
     H    6    Vzz=    0.7947    axis=( -0.110273  0.782144  0.613262)
     H    6  Q=         1.0000 1e-30 m^2  Cq=         1.8672 MHz  eta= 0.66093

     H    7    Vxx=    0.0657    axis=(  0.576183 -0.231777 -0.783768)
     H    7    Vyy=    0.6563    axis=(  0.192900 -0.893294  0.405975)
     H    7    Vzz=   -0.7220    axis=( -0.794231 -0.385105 -0.469991)
     H    7  Q=         1.0000 1e-30 m^2  Cq=        -1.6965 MHz  eta= 0.81795

     C    8    Vxx=    0.1505    axis=(  0.390578  0.043802  0.919527)
     C    8    Vyy=    0.4087    axis=( -0.047888  0.998482 -0.027222)
     C    8    Vzz=   -0.5592    axis=( -0.919323 -0.033402  0.392083)
     C    8  Q=         1.0000 1e-30 m^2  Cq=        -1.3140 MHz  eta= 0.46173

     H    9    Vxx=   -0.0073    axis=( -0.424047  0.201449  0.882951)
     H    9    Vyy=   -0.7273    axis=( -0.506298 -0.861094 -0.046693)
     H    9    Vzz=    0.7346    axis=(  0.750897 -0.466836  0.467138)
     H    9  Q=         1.0000 1e-30 m^2  Cq=         1.7260 MHz  eta= 0.98006

     C   10    Vxx=   -0.0308    axis=( -0.487012  0.471538  0.735167)
     C   10    Vyy=   -0.6579    axis=( -0.532405  0.506984 -0.677873)
     C   10    Vzz=    0.6888    axis=( -0.692361 -0.721539  0.004142)
     C   10  Q=         1.0000 1e-30 m^2  Cq=         1.6184 MHz  eta= 0.91043

     C   11    Vxx=   -0.1108    axis=( -0.165960  0.492042  0.854606)
     C   11    Vyy=   -0.6940    axis=(  0.984692  0.129513  0.116654)
     C   11    Vzz=    0.8048    axis=( -0.053284  0.860884 -0.506004)
     C   11  Q=         1.0000 1e-30 m^2  Cq=         1.8909 MHz  eta= 0.72467

     Cl  12    Vxx=   -1.2146    axis=(  0.826459 -0.484233  0.287201)
     Cl  12    Vyy=   -2.4189    axis=( -0.167165  0.276061  0.946491)
     Cl  12    Vzz=    3.6335    axis=( -0.537607 -0.830246  0.147206)
     Cl  12  Q=        -8.1650 1e-30 m^2  Cq=       -69.7077 MHz  eta= 0.33143

     H   13    Vxx=   -0.0447    axis=(  0.136873  0.003021  0.990584)
     H   13    Vyy=   -0.1555    axis=(  0.989679  0.042431 -0.136877)
     H   13    Vzz=    0.2002    axis=( -0.042445  0.999095  0.002817)
     H   13  Q=         1.0000 1e-30 m^2  Cq=         0.4704 MHz  eta= 0.55343

     C   14    Vxx=   -0.0723    axis=( -0.453802 -0.140918  0.879890)
     C   14    Vyy=   -0.8883    axis=( -0.872087  0.273128 -0.406036)
     C   14    Vzz=    0.9605    axis=( -0.183105 -0.951600 -0.246838)
     C   14  Q=         1.0000 1e-30 m^2  Cq=         2.2568 MHz  eta= 0.84953

     H   15    Vxx=   -0.0165    axis=( -0.120264 -0.304296  0.944955)
     H   15    Vyy=   -0.4435    axis=( -0.443177  0.868208  0.223179)
     H   15    Vzz=    0.4600    axis=( -0.888330 -0.391942 -0.239271)
     H   15  Q=         1.0000 1e-30 m^2  Cq=         1.0808 MHz  eta= 0.92816

     C   16    Vxx=   -0.0091    axis=( -0.490224  0.649196 -0.581571)
     C   16    Vyy=   -0.5680    axis=( -0.420545  0.408263  0.810225)
     C   16    Vzz=    0.5771    axis=( -0.763428 -0.641768 -0.072876)
     C   16  Q=         1.0000 1e-30 m^2  Cq=         1.3561 MHz  eta= 0.96848

     C   17    Vxx=    0.0158    axis=( -0.734619  0.234504  0.636666)
     C   17    Vyy=    0.6953    axis=( -0.406607 -0.903359 -0.136428)
     C   17    Vzz=   -0.7111    axis=(  0.543145 -0.359095  0.758976)
     C   17  Q=         1.0000 1e-30 m^2  Cq=        -1.6708 MHz  eta= 0.95548

     Cl  18    Vxx=    0.5998    axis=(  0.944078  0.180937 -0.275641)
     Cl  18    Vyy=    2.4697    axis=(  0.242033 -0.947999  0.206681)
     Cl  18    Vzz=   -3.0695    axis=(  0.223912  0.261837  0.938778)
     Cl  18  Q=        -8.1650 1e-30 m^2  Cq=        58.8875 MHz  eta= 0.60916

     H   19    Vxx=   -0.0837    axis=(  0.355754  0.637701  0.683210)
     H   19    Vyy=   -0.2827    axis=(  0.748708  0.243062 -0.616731)
     H   19    Vzz=    0.3663    axis=(  0.559353 -0.730930  0.390981)
     H   19  Q=         1.0000 1e-30 m^2  Cq=         0.8607 MHz  eta= 0.54326

     C   20    Vxx=   -0.0715    axis=( -0.118367  0.405556  0.906374)
     C   20    Vyy=   -0.7716    axis=( -0.608372  0.691788 -0.388990)
     C   20    Vzz=    0.8431    axis=( -0.784776 -0.597455  0.164844)
     C   20  Q=         1.0000 1e-30 m^2  Cq=         1.9809 MHz  eta= 0.83043

     H   21    Vxx=   -0.0204    axis=(  0.130402 -0.967963 -0.214577)
     H   21    Vyy=   -0.6992    axis=(  0.445326  0.250549 -0.859599)
     H   21    Vzz=    0.7196    axis=(  0.885822  0.016537  0.463731)
     H   21  Q=         1.0000 1e-30 m^2  Cq=         1.6907 MHz  eta= 0.94333

     C   22    Vxx=   -0.1468    axis=( -0.484420  0.747075  0.455210)
     C   22    Vyy=   -0.5745    axis=( -0.840309 -0.252611 -0.479654)
     C   22    Vzz=    0.7213    axis=( -0.243347 -0.614871  0.750144)
     C   22  Q=         1.0000 1e-30 m^2  Cq=         1.6948 MHz  eta= 0.59300

     C   23    Vxx=   -0.0504    axis=( -0.322357  0.391086  0.862054)
     C   23    Vyy=   -1.0782    axis=( -0.539526  0.672370 -0.506783)
     C   23    Vzz=    1.1286    axis=( -0.777816 -0.628466 -0.005742)
     C   23  Q=         1.0000 1e-30 m^2  Cq=         2.6517 MHz  eta= 0.91071

     Cl  24    Vxx=   -1.4448    axis=(  0.568229  0.077235  0.819238)
     Cl  24    Vyy=   -1.6405    axis=( -0.666903  0.626434  0.403511)
     Cl  24    Vzz=    3.0852    axis=( -0.482033 -0.775639  0.407466)
     Cl  24  Q=        -8.1650 1e-30 m^2  Cq=       -59.1885 MHz  eta= 0.06343

     Initialization:
     gipaw_setup  :      9.20s CPU     10.83s WALL (       1 calls)

     Linear response

     Apply operators

     Induced current

     Other routines
     efg          :      9.50s CPU     11.89s WALL (       1 calls)

     General routines
     calbec       :      3.33s CPU      4.34s WALL (      16 calls)
     fft          :      1.73s CPU      2.75s WALL (      15 calls)
     ffts         :      0.04s CPU      0.04s WALL (       2 calls)
     fftw         :      3.38s CPU      3.94s WALL (     672 calls)
     davcio       :      0.04s CPU      0.33s WALL (      32 calls)

     Parallel routines
     fft_scatter  :      2.27s CPU      3.73s WALL (     689 calls)

     Plugins

     GIPAW        :     61.49s CPU     73.07s WALL (       1 calls)
