
     Program QE v.6.0 (svn rev. 13079) starts on  9Jan2017 at 21:20:47 

     This program is part of the open-source Quantum ESPRESSO suite
     for quantum simulation of materials; please cite
         "P. Giannozzi et al., J. Phys.:Condens. Matter 21 395502 (2009);
          URL http://www.quantum-espresso.org", 
     in publications or presentations arising from this work. More details at
     http://www.quantum-espresso.org/quote

     Parallel version (MPI), running on     8 processors
     R & G space division:  proc/nbgrp/npool/nimage =       8

     ***** This is GIPAW svn revision unknown      *****

     Parallelizing q-star over 1 images

     Reading data from directory:
     /users/majewski/paradichlorobenzene/pbe/9_constraint/scratch/pbe.ecut100.np8.dt60.pcl2phi-129368.save
     Message from routine read_xml_file:
     file /users/majewski/paradichlorobenzene/pbe/9_constraint/scratch/pbe.ecut100.np8.dt60.pcl2phi-129368.save not guaranteed to be safe for post-processing

   Info: using nr1, nr2, nr3 values from input

   Info: using nr1, nr2, nr3 values from input

     IMPORTANT: XC functional enforced from input :
     Exchange-correlation      =  SLA  PW   PBX  PBC ( 1  4  3  4 0 0)
     Any further DFT definition will be discarded
     Please, verify this is what you really want

               file C.pbe-n-kjpaw_psl.1.0.0.UPF: wavefunction(s)  2S 2P renormalized
               file Cl.pbe-n-kjpaw_psl.1.0.0.UPF: wavefunction(s)  3S 3P renormalized
               file H.pbe-kjpaw_psl.1.0.0.UPF: wavefunction(s)  1S renormalized

     Parallelization info
     --------------------
     sticks:   dense  smooth     PW     G-vecs:    dense   smooth      PW
     Min        3057    1223    332               144436    36536    5170
     Max        3059    1225    333               144437    36537    5171
     Sum       24467    9791   2657              1155489   292295   41363


     Subspace diagonalization in iterative solution of the eigenvalue problem:
     a serial algorithm will be used

     GIPAW projectors -----------------------------------------------
     atom=  C    l=0  rc=    1.2000  rs=    0.8000
     atom=  C    l=0  rc=    1.2000  rs=    0.8000
     atom=  C    l=1  rc=    1.4000  rs=    0.9333
     atom=  C    l=1  rc=    1.4000  rs=    0.9333
     projs nearly linearly dependent: l=1  n1,n2= 1, 2  s=  0.99951561

     atom=  Cl   l=0  rc=    1.6000  rs=    1.0667
     atom=  Cl   l=0  rc=    1.6000  rs=    1.0667
     atom=  Cl   l=1  rc=    1.6000  rs=    1.0667
     atom=  Cl   l=1  rc=    1.6000  rs=    1.0667
     atom=  Cl   l=2  rc=    1.6000  rs=    1.0667
     atom=  Cl   l=2  rc=    1.6000  rs=    1.0667
     projs nearly linearly dependent: l=2  n1,n2= 1, 2  s=  0.99993509

     atom=  H    l=0  rc=    1.0000  rs=    0.6667
     atom=  H    l=0  rc=    1.0000  rs=    0.6667
     projs nearly linearly dependent: l=0  n1,n2= 1, 2  s=  0.99968852
     -----------------------------------------------------------------

     GIPAW integrals: -------------------------------------------
     Atom  i/j   nmr_para   nmr_dia   epr_rmc  epr_para   epr_dia
       C   1 1   0.83E+03  0.17E-01  0.93E+01  0.24E+08  0.24E+03
       C   2 1   0.86E+03 -0.61E-01  0.94E+01  0.25E+08  0.25E+03
       C   2 2   0.90E+03 -0.15E+00  0.97E+01  0.26E+08  0.26E+03
       C   3 3   0.33E+01  0.34E+00  0.18E+01  0.55E+03  0.21E+02
       C   4 3   0.35E+01  0.37E+00  0.20E+01  0.59E+03  0.22E+02
       C   4 4   0.38E+01  0.39E+00  0.22E+01  0.63E+03  0.24E+02
       Cl  1 1   0.14E+04 -0.47E+00  0.84E+01  0.32E+09  0.42E+03
       Cl  2 1   0.21E+04 -0.37E+00  0.12E+02  0.49E+09  0.65E+03
       Cl  2 2   0.33E+04 -0.16E+00  0.21E+02  0.76E+09  0.10E+04
       Cl  3 3   0.21E+02  0.79E-01  0.89E+01  0.23E+05  0.13E+03
       Cl  4 3   0.24E+02  0.67E-01  0.99E+01  0.27E+05  0.15E+03
       Cl  4 4   0.28E+02  0.44E-01  0.11E+02  0.32E+05  0.18E+03
       Cl  5 5   0.77E+00  0.19E+00  0.18E+01  0.12E+03  0.22E+02
       Cl  6 5   0.80E+00  0.19E+00  0.19E+01  0.12E+03  0.23E+02
       Cl  6 6   0.83E+00  0.20E+00  0.19E+01  0.12E+03  0.23E+02
       H   1 1   0.39E+02  0.19E+00  0.29E+00  0.78E+05  0.13E+02
       H   2 1   0.41E+02  0.21E+00  0.32E+00  0.82E+05  0.14E+02
       H   2 2   0.43E+02  0.22E+00  0.36E+00  0.86E+05  0.15E+02
     ------------------------------------------------------------

     alpha_pv=     34.2755 eV

     Number of occupied bands for each k-point:
     k-point:     1    nbnd_occ=  42
     k-point:     2    nbnd_occ=  42
     k-point:     3    nbnd_occ=  42
     k-point:     4    nbnd_occ=  42
     k-point:     5    nbnd_occ=  42
     k-point:     6    nbnd_occ=  42
     k-point:     7    nbnd_occ=  42
     k-point:     8    nbnd_occ=  42
     k-point:     9    nbnd_occ=  42
     k-point:    10    nbnd_occ=  42
     k-point:    11    nbnd_occ=  42
     k-point:    12    nbnd_occ=  42
     k-point:    13    nbnd_occ=  42
     k-point:    14    nbnd_occ=  42
     k-point:    15    nbnd_occ=  42
     k-point:    16    nbnd_occ=  42


     q-space interpolation up to   110.00 Rydberg

     GIPAW job: efg                                                                             


     ELECTRIC FIELD GRADIENTS TENSORS IN Hartree/bohrradius^2:

     ----- bare term -----
     Cl   1       -0.049206        0.097509        0.081558
     Cl   1        0.097509       -0.002736        0.112496
     Cl   1        0.081558        0.112496        0.051942

     C    2       -0.330271       -0.052974       -0.328350
     C    2       -0.052974       -0.049440       -0.437940
     C    2       -0.328350       -0.437940        0.379711

     C    3       -0.079808        0.120656       -0.346753
     C    3        0.120656       -0.340659       -0.514077
     C    3       -0.346753       -0.514077        0.420467

     H    4       -0.646520       -0.162625       -0.179967
     H    4       -0.162625        0.387436       -0.184346
     H    4       -0.179967       -0.184346        0.259084

     C    5       -0.018741        0.514073       -0.157541
     C    5        0.514073       -0.289900       -0.417337
     C    5       -0.157541       -0.417337        0.308641

     H    6        0.035603       -0.460804       -0.102970
     H    6       -0.460804       -0.390796       -0.344363
     H    6       -0.102970       -0.344363        0.355194

     H    7        0.293396        0.055426        0.350469
     H    7        0.055426        0.156746        0.181921
     H    7        0.350469        0.181921       -0.450141

     C    8       -0.534234       -0.318548       -0.341611
     C    8       -0.318548        0.346435        0.176309
     C    8       -0.341611        0.176309        0.187799

     H    9        0.196398        0.022803       -0.254651
     H    9        0.022803        0.223055       -0.251427
     H    9       -0.254651       -0.251427       -0.419453

     C   10        0.070506       -0.240865       -0.102149
     C   10       -0.240865       -0.116534        0.438886
     C   10       -0.102149        0.438886        0.046028

     C   11       -0.330696       -0.219435       -0.302540
     C   11       -0.219435       -0.029458        0.435577
     C   11       -0.302540        0.435577        0.360154

     Cl  12       -0.009276        0.073415       -0.025934
     Cl  12        0.073415        0.027040        0.064152
     Cl  12       -0.025934        0.064152       -0.017764

     H   13        0.535641        0.021852       -0.112762
     H   13        0.021852       -0.007687       -0.207369
     H   13       -0.112762       -0.207369       -0.527954

     C   14       -0.575204        0.332680       -0.148703
     C   14        0.332680        0.252513       -0.348332
     C   14       -0.148703       -0.348332        0.322691

     H   15       -0.052413        0.181707       -0.500201
     H   15        0.181707       -0.058254        0.141465
     H   15       -0.500201        0.141465        0.110667

     C   16        0.108151        0.155052       -0.124489
     C   16        0.155052       -0.073075       -0.536281
     C   16       -0.124489       -0.536281       -0.035076

     C   17       -0.400675        0.330243       -0.469767
     C   17        0.330243        0.253323       -0.256015
     C   17       -0.469767       -0.256015        0.147353

     Cl  18       -0.049576        0.162368        0.072989
     Cl  18        0.162368        0.017531        0.097671
     Cl  18        0.072989        0.097671        0.032045

     H   19        0.324446       -0.081940        0.292082
     H   19       -0.081940       -0.025562        0.519384
     H   19        0.292082        0.519384       -0.298884

     C   20       -0.124017        0.048436       -0.497717
     C   20        0.048436       -0.218427        0.369056
     C   20       -0.497717        0.369056        0.342444

     H   21        0.116053        0.088116       -0.256549
     H   21        0.088116        0.497584        0.131335
     H   21       -0.256549        0.131335       -0.613637

     C   22       -0.245744       -0.365307       -0.301483
     C   22       -0.365307       -0.067290        0.070612
     C   22       -0.301483        0.070612        0.313034

     C   23        0.017535        0.240641       -0.484117
     C   23        0.240641       -0.291979        0.479839
     C   23       -0.484117        0.479839        0.274444

     Cl  24       -0.134001       -0.195260       -0.177599
     Cl  24       -0.195260       -0.129326       -0.018892
     Cl  24       -0.177599       -0.018892        0.263327

     ----- ionic term -----
     Cl   1        0.082876       -0.199678        0.003354
     Cl   1       -0.199678        0.059328        0.001384
     Cl   1        0.003354        0.001384       -0.142204

     C    2        0.167784       -0.193756        0.392854
     C    2       -0.193756        0.076658        0.345996
     C    2        0.392854        0.345996       -0.244442

     C    3        0.086203       -0.170577        0.205412
     C    3       -0.170577        0.228270        0.403674
     C    3        0.205412        0.403674       -0.314473

     H    4        0.686138        0.293907        0.629729
     H    4        0.293907       -0.443852        0.218740
     H    4        0.629729        0.218740       -0.242286

     C    5        0.234788       -0.152427        0.256903
     C    5       -0.152427        0.092168        0.307179
     C    5        0.256903        0.307179       -0.326956

     H    6       -0.488466        0.215672        0.121535
     H    6        0.215672        0.604124        0.705896
     H    6        0.121535        0.705896       -0.115659

     H    7       -0.521534        0.149051       -0.117085
     H    7        0.149051        0.269402       -0.771424
     H    7       -0.117085       -0.771424        0.252133

     C    8        0.133902        0.343572        0.337677
     C    8        0.343572       -0.150566       -0.263898
     C    8        0.337677       -0.263898        0.016664

     H    9        0.160608       -0.007973        0.785503
     H    9       -0.007973       -0.558061       -0.081800
     H    9        0.785503       -0.081800        0.397453

     C   10        0.029602        0.396543        0.192775
     C   10        0.396543       -0.014074       -0.372818
     C   10        0.192775       -0.372818       -0.015529

     C   11        0.091620        0.325379        0.253039
     C   11        0.325379       -0.043477       -0.439052
     C   11        0.253039       -0.439052       -0.048143

     Cl  12        0.154251        0.236185        0.019335
     Cl  12        0.236185       -0.013606        0.006954
     Cl  12        0.019335        0.006954       -0.140645

     H   13       -0.533955        0.104428        0.119629
     H   13        0.104428        0.448793        0.802381
     H   13        0.119629        0.802381        0.085162

     C   14        0.241073       -0.274787        0.362492
     C   14       -0.274787       -0.026936        0.283321
     C   14        0.362492        0.283321       -0.214137

     H   15        0.707311        0.183862        0.666582
     H   15        0.183862       -0.494385        0.182456
     H   15        0.666582        0.182456       -0.212926

     C   16        0.109627       -0.265293        0.198391
     C   16       -0.265293        0.108433        0.410588
     C   16        0.198391        0.410588       -0.218060

     C   17        0.195599       -0.195608        0.222644
     C   17       -0.195608        0.030491        0.465903
     C   17        0.222644        0.465903       -0.226090

     Cl  18        0.113021       -0.224797       -0.032434
     Cl  18       -0.224797        0.018784        0.035412
     Cl  18       -0.032434        0.035412       -0.131805

     H   19       -0.539316       -0.003505        0.017714
     H   19       -0.003505        0.561017       -0.761836
     H   19        0.017714       -0.761836       -0.021702

     C   20        0.158367        0.278613        0.329967
     C   20        0.278613        0.004996       -0.264168
     C   20        0.329967       -0.264168       -0.163364

     H   21        0.442698       -0.210003        0.783340
     H   21       -0.210003       -0.493509       -0.227784
     H   21        0.783340       -0.227784        0.050810

     C   22        0.084796        0.324445        0.241326
     C   22        0.324445        0.054536       -0.346948
     C   22        0.241326       -0.346948       -0.139332

     C   23        0.018896        0.313233        0.359081
     C   23        0.313233       -0.039449       -0.377025
     C   23        0.359081       -0.377025        0.020553

     Cl  24        0.113514        0.221737        0.034516
     Cl  24        0.221737        0.022245        0.015216
     Cl  24        0.034516        0.015216       -0.135759

     ----- GIPAW term -----
     Cl   1        0.929734       -1.337546        0.696468
     Cl   1       -1.337546        0.119813        0.993106
     Cl   1        0.696468        0.993106       -1.049548

     C    2       -0.007212       -0.131877        0.017186
     C    2       -0.131877       -0.055871       -0.041675
     C    2        0.017186       -0.041675        0.063083

     C    3       -0.015925       -0.023360       -0.156969
     C    3       -0.023360       -0.092091       -0.052232
     C    3       -0.156969       -0.052232        0.108017

     H    4       -0.000000        0.000000        0.000000
     H    4        0.000000        0.000000        0.000000
     H    4        0.000000        0.000000        0.000000

     C    5        0.121840        0.242533       -0.038389
     C    5        0.242533       -0.050631       -0.107915
     C    5       -0.038389       -0.107915       -0.071208

     H    6       -0.000000        0.000000        0.000000
     H    6        0.000000        0.000000        0.000000
     H    6        0.000000        0.000000        0.000000

     H    7       -0.000000        0.000000        0.000000
     H    7        0.000000        0.000000        0.000000
     H    7        0.000000        0.000000        0.000000

     C    8       -0.101289       -0.129570       -0.077421
     C    8       -0.129570        0.143439        0.098149
     C    8       -0.077421        0.098149       -0.042150

     H    9       -0.000000        0.000000        0.000000
     H    9        0.000000        0.000000        0.000000
     H    9        0.000000        0.000000        0.000000

     C   10       -0.055168       -0.073928       -0.051960
     C   10       -0.073928        0.066697        0.146669
     C   10       -0.051960        0.146669       -0.011529

     C   11       -0.019330        0.121703       -0.034399
     C   11        0.121703        0.073323        0.105500
     C   11       -0.034399        0.105500       -0.053992

     Cl  12        1.188191        2.618987       -0.125071
     Cl  12        2.618987        0.346791        0.564808
     Cl  12       -0.125071        0.564808       -1.534983

     H   13       -0.000000        0.000000        0.000000
     H   13        0.000000        0.000000        0.000000
     H   13        0.000000        0.000000        0.000000

     C   14       -0.184470        0.028780        0.002127
     C   14        0.028780        0.149114       -0.200470
     C   14        0.002127       -0.200470        0.035356

     H   15       -0.000000        0.000000        0.000000
     H   15        0.000000        0.000000        0.000000
     H   15        0.000000        0.000000        0.000000

     C   16       -0.076606        0.037241       -0.023978
     C   16        0.037241        0.156714       -0.140339
     C   16       -0.023978       -0.140339       -0.080109

     C   17       -0.021617        0.129074       -0.066346
     C   17        0.129074        0.200593       -0.014767
     C   17       -0.066346       -0.014767       -0.178975

     Cl  18        0.698796        0.235917        1.257611
     Cl  18        0.235917        0.581520        1.623968
     Cl  18        1.257611        1.623968       -1.280315

     H   19       -0.000000        0.000000        0.000000
     H   19        0.000000        0.000000        0.000000
     H   19        0.000000        0.000000        0.000000

     C   20        0.025619        0.070788       -0.232371
     C   20        0.070788       -0.166322        0.013308
     C   20       -0.232371        0.013308        0.140703

     H   21       -0.000000        0.000000        0.000000
     H   21        0.000000        0.000000        0.000000
     H   21        0.000000        0.000000        0.000000

     C   22       -0.045363       -0.014270       -0.166187
     C   22       -0.014270       -0.089197       -0.032507
     C   22       -0.166187       -0.032507        0.134560

     C   23        0.035140        0.222605       -0.166077
     C   23        0.222605       -0.057291       -0.048793
     C   23       -0.166077       -0.048793        0.022151

     Cl  24        0.702536        1.393902       -1.683969
     Cl  24        1.393902       -1.021534       -0.202124
     Cl  24       -1.683969       -0.202124        0.318998

     ----- total EFG -----
     Cl   1        0.963405       -1.439715        0.781381
     Cl   1       -1.439715        0.176405        1.106986
     Cl   1        0.781381        1.106986       -1.139810

     C    2       -0.169699       -0.378606        0.081689
     C    2       -0.378606       -0.028653       -0.133619
     C    2        0.081689       -0.133619        0.198353

     C    3       -0.009531       -0.073281       -0.298310
     C    3       -0.073281       -0.204480       -0.162635
     C    3       -0.298310       -0.162635        0.214011

     H    4        0.039618        0.131283        0.449761
     H    4        0.131283       -0.056416        0.034394
     H    4        0.449761        0.034394        0.016799

     C    5        0.337887        0.604179        0.060972
     C    5        0.604179       -0.248363       -0.218073
     C    5        0.060972       -0.218073       -0.089524

     H    6       -0.452863       -0.245132        0.018565
     H    6       -0.245132        0.213328        0.361533
     H    6        0.018565        0.361533        0.239535

     H    7       -0.228138        0.204477        0.233383
     H    7        0.204477        0.426147       -0.589503
     H    7        0.233383       -0.589503       -0.198009

     C    8       -0.501621       -0.104546       -0.081355
     C    8       -0.104546        0.339308        0.010559
     C    8       -0.081355        0.010559        0.162313

     H    9        0.357006        0.014831        0.530852
     H    9        0.014831       -0.335006       -0.333227
     H    9        0.530852       -0.333227       -0.022000

     C   10        0.044940        0.081750        0.038666
     C   10        0.081750       -0.063910        0.212737
     C   10        0.038666        0.212737        0.018970

     C   11       -0.258406        0.227647       -0.083900
     C   11        0.227647        0.000387        0.102024
     C   11       -0.083900        0.102024        0.258019

     Cl  12        1.333166        2.928587       -0.131669
     Cl  12        2.928587        0.360225        0.635913
     Cl  12       -0.131669        0.635913       -1.693391

     H   13        0.001686        0.126281        0.006867
     H   13        0.126281        0.441106        0.595012
     H   13        0.006867        0.595012       -0.442792

     C   14       -0.518601        0.086673        0.215916
     C   14        0.086673        0.374692       -0.265481
     C   14        0.215916       -0.265481        0.143910

     H   15        0.654898        0.365569        0.166380
     H   15        0.365569       -0.552639        0.323920
     H   15        0.166380        0.323920       -0.102259

     C   16        0.141173       -0.073000        0.049924
     C   16       -0.073000        0.192073       -0.266033
     C   16        0.049924       -0.266033       -0.333245

     C   17       -0.226693        0.263709       -0.313469
     C   17        0.263709        0.484407        0.195121
     C   17       -0.313469        0.195121       -0.257713

     Cl  18        0.762241        0.173488        1.298167
     Cl  18        0.173488        0.617835        1.757051
     Cl  18        1.298167        1.757051       -1.380076

     H   19       -0.214869       -0.085445        0.309796
     H   19       -0.085445        0.535455       -0.242453
     H   19        0.309796       -0.242453       -0.320586

     C   20        0.059970        0.397837       -0.400121
     C   20        0.397837       -0.379753        0.118196
     C   20       -0.400121        0.118196        0.319784

     H   21        0.558752       -0.121886        0.526791
     H   21       -0.121886        0.004075       -0.096449
     H   21        0.526791       -0.096449       -0.562827

     C   22       -0.206311       -0.055133       -0.226345
     C   22       -0.055133       -0.101951       -0.308843
     C   22       -0.226345       -0.308843        0.308262

     C   23        0.071571        0.776479       -0.291114
     C   23        0.776479       -0.388719        0.054021
     C   23       -0.291114        0.054021        0.317148

     Cl  24        0.682049        1.420379       -1.827052
     Cl  24        1.420379       -1.128615       -0.205800
     Cl  24       -1.827052       -0.205800        0.446566

     ----- total EFG (symmetrized) -----
     Cl   1        0.963405       -1.439715        0.781381
     Cl   1       -1.439715        0.176405        1.106986
     Cl   1        0.781381        1.106986       -1.139810

     C    2       -0.169699       -0.378606        0.081689
     C    2       -0.378606       -0.028653       -0.133619
     C    2        0.081689       -0.133619        0.198353

     C    3       -0.009531       -0.073281       -0.298310
     C    3       -0.073281       -0.204480       -0.162635
     C    3       -0.298310       -0.162635        0.214011

     H    4        0.039618        0.131283        0.449761
     H    4        0.131283       -0.056416        0.034394
     H    4        0.449761        0.034394        0.016799

     C    5        0.337887        0.604179        0.060972
     C    5        0.604179       -0.248363       -0.218073
     C    5        0.060972       -0.218073       -0.089524

     H    6       -0.452863       -0.245132        0.018565
     H    6       -0.245132        0.213328        0.361533
     H    6        0.018565        0.361533        0.239535

     H    7       -0.228138        0.204477        0.233383
     H    7        0.204477        0.426147       -0.589503
     H    7        0.233383       -0.589503       -0.198009

     C    8       -0.501621       -0.104546       -0.081355
     C    8       -0.104546        0.339308        0.010559
     C    8       -0.081355        0.010559        0.162313

     H    9        0.357006        0.014831        0.530852
     H    9        0.014831       -0.335006       -0.333227
     H    9        0.530852       -0.333227       -0.022000

     C   10        0.044940        0.081750        0.038666
     C   10        0.081750       -0.063910        0.212737
     C   10        0.038666        0.212737        0.018970

     C   11       -0.258406        0.227647       -0.083900
     C   11        0.227647        0.000387        0.102024
     C   11       -0.083900        0.102024        0.258019

     Cl  12        1.333166        2.928587       -0.131669
     Cl  12        2.928587        0.360225        0.635913
     Cl  12       -0.131669        0.635913       -1.693391

     H   13        0.001686        0.126281        0.006867
     H   13        0.126281        0.441106        0.595012
     H   13        0.006867        0.595012       -0.442792

     C   14       -0.518601        0.086673        0.215916
     C   14        0.086673        0.374692       -0.265481
     C   14        0.215916       -0.265481        0.143910

     H   15        0.654898        0.365569        0.166380
     H   15        0.365569       -0.552639        0.323920
     H   15        0.166380        0.323920       -0.102259

     C   16        0.141173       -0.073000        0.049924
     C   16       -0.073000        0.192073       -0.266033
     C   16        0.049924       -0.266033       -0.333245

     C   17       -0.226693        0.263709       -0.313469
     C   17        0.263709        0.484407        0.195121
     C   17       -0.313469        0.195121       -0.257713

     Cl  18        0.762241        0.173488        1.298167
     Cl  18        0.173488        0.617835        1.757051
     Cl  18        1.298167        1.757051       -1.380076

     H   19       -0.214869       -0.085445        0.309796
     H   19       -0.085445        0.535455       -0.242453
     H   19        0.309796       -0.242453       -0.320586

     C   20        0.059970        0.397837       -0.400121
     C   20        0.397837       -0.379753        0.118196
     C   20       -0.400121        0.118196        0.319784

     H   21        0.558752       -0.121886        0.526791
     H   21       -0.121886        0.004075       -0.096449
     H   21        0.526791       -0.096449       -0.562827

     C   22       -0.206311       -0.055133       -0.226345
     C   22       -0.055133       -0.101951       -0.308843
     C   22       -0.226345       -0.308843        0.308262

     C   23        0.071571        0.776479       -0.291114
     C   23        0.776479       -0.388719        0.054021
     C   23       -0.291114        0.054021        0.317148

     Cl  24        0.682049        1.420379       -1.827052
     Cl  24        1.420379       -1.128615       -0.205800
     Cl  24       -1.827052       -0.205800        0.446566


     NQR/NMR SPECTROSCOPIC PARAMETERS:
     Cl   1    Vxx=    0.3265    axis=(  0.461605  0.572139  0.677922)
     Cl   1    Vyy=    2.0634    axis=( -0.789315  0.613677  0.019535)
     Cl   1    Vzz=   -2.3899    axis=( -0.404848 -0.544112  0.734874)
     Cl   1  Q=        -8.1650 1e-30 m^2  Cq=        45.8492 MHz  eta= 0.72677

     C    2    Vxx=    0.0817    axis=( -0.410504  0.444354  0.796263)
     C    2    Vyy=    0.4034    axis=( -0.497463  0.622705 -0.603961)
     C    2    Vzz=   -0.4851    axis=( -0.764210 -0.644041 -0.034573)
     C    2  Q=         1.0000 1e-30 m^2  Cq=        -1.1397 MHz  eta= 0.66326

     C    3    Vxx=   -0.0662    axis=(  0.655976 -0.694663  0.295194)
     C    3    Vyy=   -0.3686    axis=(  0.533602  0.703416  0.469547)
     C    3    Vzz=    0.4348    axis=( -0.533821 -0.150496  0.832097)
     C    3  Q=         1.0000 1e-30 m^2  Cq=         1.0216 MHz  eta= 0.69564

     H    4    Vxx=   -0.0691    axis=(  0.020865 -0.961078  0.275488)
     H    4    Vyy=   -0.4341    axis=( -0.703094  0.181795  0.687466)
     H    4    Vzz=    0.5032    axis=(  0.710791  0.208038  0.671935)
     H    4  Q=         1.0000 1e-30 m^2  Cq=         1.1824 MHz  eta= 0.72527

     C    5    Vxx=   -0.0177    axis=(  0.247130 -0.240175  0.938745)
     C    5    Vyy=   -0.7039    axis=( -0.487336  0.806546  0.334646)
     C    5    Vzz=    0.7216    axis=( -0.837515 -0.540185  0.082276)
     C    5  Q=         1.0000 1e-30 m^2  Cq=         1.6954 MHz  eta= 0.95100

     H    6    Vxx=   -0.0534    axis=( -0.395131  0.590531 -0.703665)
     H    6    Vyy=   -0.5589    axis=( -0.905924 -0.377430  0.191959)
     H    6    Vzz=    0.6124    axis=( -0.152226  0.713316  0.684111)
     H    6  Q=         1.0000 1e-30 m^2  Cq=         1.4388 MHz  eta= 0.82544

     H    7    Vxx=   -0.0473    axis=(  0.854610  0.217826  0.471374)
     H    7    Vyy=   -0.7370    axis=( -0.516018  0.457686  0.724050)
     H    7    Vzz=    0.7843    axis=( -0.058024 -0.862018  0.503545)
     H    7  Q=         1.0000 1e-30 m^2  Cq=         1.8427 MHz  eta= 0.87939

     C    8    Vxx=    0.1693    axis=( -0.100533 -0.123130  0.987285)
     C    8    Vyy=    0.3544    axis=( -0.130760  0.985340  0.109573)
     C    8    Vzz=   -0.5236    axis=( -0.986304 -0.118082 -0.115160)
     C    8  Q=         1.0000 1e-30 m^2  Cq=        -1.2303 MHz  eta= 0.35344

     H    9    Vxx=   -0.1038    axis=(  0.519885  0.712520 -0.471205)
     H    9    Vyy=   -0.6588    axis=( -0.347268  0.680257  0.645488)
     H    9    Vzz=    0.7626    axis=( -0.780464  0.171945 -0.601091)
     H    9  Q=         1.0000 1e-30 m^2  Cq=         1.7918 MHz  eta= 0.72773

     C   10    Vxx=    0.0137    axis=(  0.902193 -0.154026 -0.402894)
     C   10    Vyy=    0.2309    axis=(  0.408336  0.605912  0.682739)
     C   10    Vzz=   -0.2446    axis=(  0.138959 -0.780479  0.609544)
     C   10  Q=         1.0000 1e-30 m^2  Cq=        -0.5747 MHz  eta= 0.88785

     C   11    Vxx=    0.1202    axis=(  0.539274  0.799743 -0.263809)
     C   11    Vyy=    0.2936    axis=( -0.011824  0.320424  0.947200)
     C   11    Vzz=   -0.4138    axis=(  0.842047 -0.507681  0.182253)
     C   11  Q=         1.0000 1e-30 m^2  Cq=        -0.9723 MHz  eta= 0.41889

     Cl  12    Vxx=   -1.3112    axis=(  0.409269 -0.406279 -0.816968)
     Cl  12    Vyy=   -2.5219    axis=( -0.507728  0.642544 -0.573890)
     Cl  12    Vzz=    3.8331    axis=( -0.758097 -0.649673 -0.056694)
     Cl  12  Q=        -8.1650 1e-30 m^2  Cq=       -73.5353 MHz  eta= 0.31585

     H   13    Vxx=   -0.0126    axis=(  0.986045 -0.104858 -0.129306)
     H   13    Vyy=   -0.7455    axis=(  0.068392 -0.453000  0.888883)
     H   13    Vzz=    0.7581    axis=( -0.151783 -0.885322 -0.439507)
     H   13  Q=         1.0000 1e-30 m^2  Cq=         1.7813 MHz  eta= 0.96665

     C   14    Vxx=    0.0592    axis=(  0.364610  0.538855  0.759404)
     C   14    Vyy=    0.5509    axis=(  0.046795 -0.825119  0.563017)
     C   14    Vzz=   -0.6101    axis=(  0.929984 -0.169746 -0.326063)
     C   14  Q=         1.0000 1e-30 m^2  Cq=        -1.4335 MHz  eta= 0.80595

     H   15    Vxx=   -0.0577    axis=( -0.363091  0.307466  0.879562)
     H   15    Vyy=   -0.7687    axis=( -0.185641  0.901188 -0.391659)
     H   15    Vzz=    0.8264    axis=( -0.913073 -0.305491 -0.270135)
     H   15  Q=         1.0000 1e-30 m^2  Cq=         1.9418 MHz  eta= 0.86034

     C   16    Vxx=    0.1041    axis=(  0.916639  0.379307 -0.126093)
     C   16    Vyy=    0.3409    axis=( -0.398507  0.842680 -0.362055)
     C   16    Vzz=   -0.4450    axis=( -0.031074  0.382122  0.923589)
     C   16  Q=         1.0000 1e-30 m^2  Cq=        -1.0456 MHz  eta= 0.53214

     C   17    Vxx=    0.0662    axis=( -0.685812  0.095855  0.721438)
     C   17    Vyy=    0.5824    axis=( -0.263855 -0.956594 -0.123726)
     C   17    Vzz=   -0.6486    axis=(  0.678264 -0.275208  0.681336)
     C   17  Q=         1.0000 1e-30 m^2  Cq=        -1.5239 MHz  eta= 0.79586

     Cl  18    Vxx=    0.5402    axis=(  0.776982 -0.627613 -0.049000)
     Cl  18    Vyy=    2.1829    axis=( -0.555751 -0.647287 -0.521690)
     Cl  18    Vzz=   -2.7231    axis=(  0.295702  0.432576 -0.851727)
     Cl  18  Q=        -8.1650 1e-30 m^2  Cq=        52.2422 MHz  eta= 0.60323

     H   19    Vxx=   -0.0351    axis=( -0.767616 -0.344577 -0.540400)
     H   19    Vyy=   -0.5980    axis=( -0.607414  0.122111  0.784944)
     H   19    Vzz=    0.6332    axis=( -0.204485  0.930782 -0.303035)
     H   19  Q=         1.0000 1e-30 m^2  Cq=         1.4877 MHz  eta= 0.88904

     C   20    Vxx=    0.0788    axis=(  0.532632  0.612590  0.583984)
     C   20    Vyy=    0.6334    axis=( -0.638027 -0.162729  0.752623)
     C   20    Vzz=   -0.7123    axis=(  0.556081 -0.773468  0.304174)
     C   20  Q=         1.0000 1e-30 m^2  Cq=        -1.6735 MHz  eta= 0.77864

     H   21    Vxx=   -0.0213    axis=(  0.193681  0.980969  0.013695)
     H   21    Vyy=   -0.7741    axis=(  0.362308 -0.058547 -0.930218)
     H   21    Vzz=    0.7954    axis=( -0.911713  0.185128 -0.366752)
     H   21  Q=         1.0000 1e-30 m^2  Cq=         1.8689 MHz  eta= 0.94635

     C   22    Vxx=   -0.1072    axis=(  0.701924 -0.698921 -0.137154)
     C   22    Vyy=   -0.4101    axis=(  0.669685  0.582052  0.461234)
     C   22    Vzz=    0.5173    axis=( -0.242536 -0.415601  0.876614)
     C   22  Q=         1.0000 1e-30 m^2  Cq=         1.2155 MHz  eta= 0.58560

     C   23    Vxx=    0.2541    axis=( -0.263532 -0.392359 -0.881252)
     C   23    Vyy=    0.7507    axis=( -0.750561 -0.490474  0.442824)
     C   23    Vzz=   -1.0049    axis=(  0.605977 -0.778132  0.165234)
     C   23  Q=         1.0000 1e-30 m^2  Cq=        -2.3611 MHz  eta= 0.49418

     Cl  24    Vxx=   -0.5920    axis=( -0.335870 -0.615666 -0.712844)
     Cl  24    Vyy=   -2.1747    axis=( -0.587536  0.728467 -0.352331)
     Cl  24    Vzz=    2.7667    axis=(  0.736201  0.300485 -0.606396)
     Cl  24  Q=        -8.1650 1e-30 m^2  Cq=       -53.0777 MHz  eta= 0.57203

     Initialization:
     gipaw_setup  :      9.22s CPU     10.89s WALL (       1 calls)

     Linear response

     Apply operators

     Induced current

     Other routines
     efg          :      9.38s CPU     11.42s WALL (       1 calls)

     General routines
     calbec       :      3.20s CPU      4.11s WALL (      16 calls)
     fft          :      1.78s CPU      3.02s WALL (      15 calls)
     ffts         :      0.04s CPU      0.05s WALL (       2 calls)
     fftw         :      3.34s CPU      3.95s WALL (     672 calls)
     davcio       :      0.05s CPU      0.32s WALL (      32 calls)

     Parallel routines
     fft_scatter  :      2.46s CPU      4.15s WALL (     689 calls)

     Plugins

     GIPAW        :     61.04s CPU     73.59s WALL (       1 calls)
