
     Program QE v.6.0 (svn rev. 13079) starts on 21Jan2017 at 18: 1:52 

     This program is part of the open-source Quantum ESPRESSO suite
     for quantum simulation of materials; please cite
         "P. Giannozzi et al., J. Phys.:Condens. Matter 21 395502 (2009);
          URL http://www.quantum-espresso.org", 
     in publications or presentations arising from this work. More details at
     http://www.quantum-espresso.org/quote

     Parallel version (MPI), running on     8 processors
     R & G space division:  proc/nbgrp/npool/nimage =       8

     ***** This is GIPAW svn revision unknown      *****

     Parallelizing q-star over 1 images

     Reading data from directory:
     /users/majewski/paradichlorobenzene/pbe/9_constraint/scratch/pbe.ecut100.np8.dt60.pcl2phi-129368.save
     Message from routine read_xml_file:
     file /users/majewski/paradichlorobenzene/pbe/9_constraint/scratch/pbe.ecut100.np8.dt60.pcl2phi-129368.save not guaranteed to be safe for post-processing

   Info: using nr1, nr2, nr3 values from input

   Info: using nr1, nr2, nr3 values from input

     IMPORTANT: XC functional enforced from input :
     Exchange-correlation      =  SLA  PW   PBX  PBC ( 1  4  3  4 0 0)
     Any further DFT definition will be discarded
     Please, verify this is what you really want

               file C.pbe-n-kjpaw_psl.1.0.0.UPF: wavefunction(s)  2S 2P renormalized
               file Cl.pbe-n-kjpaw_psl.1.0.0.UPF: wavefunction(s)  3S 3P renormalized
               file H.pbe-kjpaw_psl.1.0.0.UPF: wavefunction(s)  1S renormalized

     Parallelization info
     --------------------
     sticks:   dense  smooth     PW     G-vecs:    dense   smooth      PW
     Min        3057    1223    332               144436    36536    5170
     Max        3059    1225    333               144437    36537    5171
     Sum       24467    9791   2657              1155489   292295   41363


     Subspace diagonalization in iterative solution of the eigenvalue problem:
     a serial algorithm will be used

     GIPAW projectors -----------------------------------------------
     atom=  C    l=0  rc=    1.2000  rs=    0.8000
     atom=  C    l=0  rc=    1.2000  rs=    0.8000
     atom=  C    l=1  rc=    1.4000  rs=    0.9333
     atom=  C    l=1  rc=    1.4000  rs=    0.9333
     projs nearly linearly dependent: l=1  n1,n2= 1, 2  s=  0.99951561

     atom=  Cl   l=0  rc=    1.6000  rs=    1.0667
     atom=  Cl   l=0  rc=    1.6000  rs=    1.0667
     atom=  Cl   l=1  rc=    1.6000  rs=    1.0667
     atom=  Cl   l=1  rc=    1.6000  rs=    1.0667
     atom=  Cl   l=2  rc=    1.6000  rs=    1.0667
     atom=  Cl   l=2  rc=    1.6000  rs=    1.0667
     projs nearly linearly dependent: l=2  n1,n2= 1, 2  s=  0.99993509

     atom=  H    l=0  rc=    1.0000  rs=    0.6667
     atom=  H    l=0  rc=    1.0000  rs=    0.6667
     projs nearly linearly dependent: l=0  n1,n2= 1, 2  s=  0.99968852
     -----------------------------------------------------------------

     GIPAW integrals: -------------------------------------------
     Atom  i/j   nmr_para   nmr_dia   epr_rmc  epr_para   epr_dia
       C   1 1   0.83E+03  0.17E-01  0.93E+01  0.24E+08  0.24E+03
       C   2 1   0.86E+03 -0.61E-01  0.94E+01  0.25E+08  0.25E+03
       C   2 2   0.90E+03 -0.15E+00  0.97E+01  0.26E+08  0.26E+03
       C   3 3   0.33E+01  0.34E+00  0.18E+01  0.55E+03  0.21E+02
       C   4 3   0.35E+01  0.37E+00  0.20E+01  0.59E+03  0.22E+02
       C   4 4   0.38E+01  0.39E+00  0.22E+01  0.63E+03  0.24E+02
       Cl  1 1   0.14E+04 -0.47E+00  0.84E+01  0.32E+09  0.42E+03
       Cl  2 1   0.21E+04 -0.37E+00  0.12E+02  0.49E+09  0.65E+03
       Cl  2 2   0.33E+04 -0.16E+00  0.21E+02  0.76E+09  0.10E+04
       Cl  3 3   0.21E+02  0.79E-01  0.89E+01  0.23E+05  0.13E+03
       Cl  4 3   0.24E+02  0.67E-01  0.99E+01  0.27E+05  0.15E+03
       Cl  4 4   0.28E+02  0.44E-01  0.11E+02  0.32E+05  0.18E+03
       Cl  5 5   0.77E+00  0.19E+00  0.18E+01  0.12E+03  0.22E+02
       Cl  6 5   0.80E+00  0.19E+00  0.19E+01  0.12E+03  0.23E+02
       Cl  6 6   0.83E+00  0.20E+00  0.19E+01  0.12E+03  0.23E+02
       H   1 1   0.39E+02  0.19E+00  0.29E+00  0.78E+05  0.13E+02
       H   2 1   0.41E+02  0.21E+00  0.32E+00  0.82E+05  0.14E+02
       H   2 2   0.43E+02  0.22E+00  0.36E+00  0.86E+05  0.15E+02
     ------------------------------------------------------------

     alpha_pv=     33.9922 eV

     Number of occupied bands for each k-point:
     k-point:     1    nbnd_occ=  42
     k-point:     2    nbnd_occ=  42
     k-point:     3    nbnd_occ=  42
     k-point:     4    nbnd_occ=  42
     k-point:     5    nbnd_occ=  42
     k-point:     6    nbnd_occ=  42
     k-point:     7    nbnd_occ=  42
     k-point:     8    nbnd_occ=  42
     k-point:     9    nbnd_occ=  42
     k-point:    10    nbnd_occ=  42
     k-point:    11    nbnd_occ=  42
     k-point:    12    nbnd_occ=  42
     k-point:    13    nbnd_occ=  42
     k-point:    14    nbnd_occ=  42
     k-point:    15    nbnd_occ=  42
     k-point:    16    nbnd_occ=  42


     q-space interpolation up to   110.00 Rydberg

     GIPAW job: efg                                                                             


     ELECTRIC FIELD GRADIENTS TENSORS IN Hartree/bohrradius^2:

     ----- bare term -----
     Cl   1       -0.041310       -0.019076        0.030739
     Cl   1       -0.019076        0.046308        0.127324
     Cl   1        0.030739        0.127324       -0.004998

     C    2       -0.709281        0.443690       -0.386931
     C    2        0.443690        0.269029       -0.037586
     C    2       -0.386931       -0.037586        0.440252

     C    3        0.263791        0.121705       -0.056041
     C    3        0.121705       -0.579638       -0.511729
     C    3       -0.056041       -0.511729        0.315847

     H    4       -0.535503       -0.017812        0.029682
     H    4       -0.017812        0.334647       -0.384109
     H    4        0.029682       -0.384109        0.200856

     C    5       -0.812211        0.369463       -0.436590
     C    5        0.369463        0.343699       -0.145278
     C    5       -0.436590       -0.145278        0.468512

     H    6        0.318873       -0.133852        0.058930
     H    6       -0.133852       -0.530998       -0.408643
     H    6        0.058930       -0.408643        0.212126

     H    7        0.174191        0.313194       -0.247563
     H    7        0.313194       -0.310899        0.509830
     H    7       -0.247563        0.509830        0.136708

     C    8       -0.219118       -0.161970       -0.280847
     C    8       -0.161970       -0.044227        0.489869
     C    8       -0.280847        0.489869        0.263345

     H    9       -0.157789        0.144523       -0.495620
     H    9        0.144523        0.340059       -0.021344
     H    9       -0.495620       -0.021344       -0.182270

     C   10       -0.253653       -0.381325       -0.183193
     C   10       -0.381325       -0.200258        0.440213
     C   10       -0.183193        0.440213        0.453910

     C   11       -0.125484        0.221341       -0.296447
     C   11        0.221341       -0.007607        0.659707
     C   11       -0.296447        0.659707        0.133091

     Cl  12       -0.231808       -0.214119        0.122081
     Cl  12       -0.214119       -0.020485        0.153088
     Cl  12        0.122081        0.153088        0.252293

     H   13        0.265181       -0.399921       -0.075671
     H   13       -0.399921       -0.557988       -0.296249
     H   13       -0.075671       -0.296249        0.292807

     C   14        0.055547        0.139400       -0.024166
     C   14        0.139400       -0.192858       -0.374567
     C   14       -0.024166       -0.374567        0.137311

     H   15       -0.103115       -0.453298       -0.276441
     H   15       -0.453298       -0.198488       -0.221283
     H   15       -0.276441       -0.221283        0.301603

     C   16       -0.599653        0.275919       -0.337682
     C   16        0.275919        0.155010       -0.043442
     C   16       -0.337682       -0.043442        0.444643

     C   17        0.155165        0.207860       -0.039492
     C   17        0.207860       -0.338237       -0.518114
     C   17       -0.039492       -0.518114        0.183072

     Cl  18       -0.216089        0.164103       -0.046596
     Cl  18        0.164103        0.092887        0.071281
     Cl  18       -0.046596        0.071281        0.123202

     H   19        0.493070        0.006410        0.080320
     H   19        0.006410        0.111872        0.133464
     H   19        0.080320        0.133464       -0.604942

     C   20       -0.273008       -0.246286        0.036138
     C   20       -0.246286        0.180899       -0.016706
     C   20        0.036138       -0.016706        0.092109

     H   21        0.103827       -0.074082       -0.431808
     H   21       -0.074082        0.107484       -0.257173
     H   21       -0.431808       -0.257173       -0.211311

     C   22        0.289150       -0.048613       -0.102710
     C   22       -0.048613       -0.147464        0.258309
     C   22       -0.102710        0.258309       -0.141686

     C   23       -0.399672       -0.365269       -0.299846
     C   23       -0.365269        0.100511        0.175219
     C   23       -0.299846        0.175219        0.299161

     Cl  24        0.117959       -0.027024       -0.048439
     Cl  24       -0.027024       -0.164920       -0.055714
     Cl  24       -0.048439       -0.055714        0.046962

     ----- ionic term -----
     Cl   1        0.180337       -0.202948        0.010737
     Cl   1       -0.202948       -0.031272        0.002800
     Cl   1        0.010737        0.002800       -0.149065

     C    2        0.287480       -0.056602        0.255092
     C    2       -0.056602        0.183529        0.343467
     C    2        0.255092        0.343467       -0.471009

     C    3        0.201840       -0.189268        0.166695
     C    3       -0.189268        0.304274        0.335987
     C    3        0.166695        0.335987       -0.506114

     H    4        0.713291        0.394079        0.561732
     H    4        0.394079       -0.332628        0.234791
     H    4        0.561732        0.234791       -0.380662

     C    5        0.370838       -0.184939        0.201875
     C    5       -0.184939        0.114624        0.259999
     C    5        0.201875        0.259999       -0.485462

     H    6       -0.465123        0.187273        0.108720
     H    6        0.187273        0.747869        0.615419
     H    6        0.108720        0.615419       -0.282747

     H    7       -0.489023       -0.222696        0.189353
     H    7       -0.222696        0.476034       -0.752223
     H    7        0.189353       -0.752223        0.012989

     C    8        0.164256        0.254019        0.317122
     C    8        0.254019        0.024442       -0.276568
     C    8        0.317122       -0.276568       -0.188698

     H    9        0.429629       -0.040544        0.788477
     H    9       -0.040544       -0.556453       -0.119398
     H    9        0.788477       -0.119398        0.126824

     C   10        0.011011        0.337973        0.216095
     C   10        0.337973        0.084771       -0.433660
     C   10        0.216095       -0.433660       -0.095782

     C   11        0.093752        0.246163        0.329792
     C   11        0.246163       -0.005029       -0.461681
     C   11        0.329792       -0.461681       -0.088723

     Cl  12        0.104680        0.216638        0.010248
     Cl  12        0.216638        0.049806       -0.006946
     Cl  12        0.010248       -0.006946       -0.154486

     H   13       -0.491351        0.207590        0.117568
     H   13        0.207590        0.644987        0.681688
     H   13        0.117568        0.681688       -0.153636

     C   14        0.360953       -0.094415        0.281176
     C   14       -0.094415        0.066061        0.278020
     C   14        0.281176        0.278020       -0.427014

     H   15        0.590487        0.386051        0.650711
     H   15        0.386051       -0.366972        0.254924
     H   15        0.650711        0.254924       -0.223515

     C   16        0.165704       -0.169577        0.204621
     C   16       -0.169577        0.241710        0.342628
     C   16        0.204621        0.342628       -0.407414

     C   17        0.181434       -0.160128        0.169035
     C   17       -0.160128        0.267950        0.363371
     C   17        0.169035        0.363371       -0.449384

     Cl  18        0.076690       -0.196149       -0.018509
     Cl  18       -0.196149        0.081229        0.014754
     Cl  18       -0.018509        0.014754       -0.157919

     H   19       -0.530818       -0.017254        0.030935
     H   19       -0.017254        0.481714       -0.789799
     H   19        0.030935       -0.789799        0.049103

     C   20        0.202412        0.239066        0.286561
     C   20        0.239066       -0.027200       -0.327786
     C   20        0.286561       -0.327786       -0.175212

     H   21        0.506807       -0.217216        0.752495
     H   21       -0.217216       -0.450693       -0.237085
     H   21        0.752495       -0.237085       -0.056113

     C   22        0.067122        0.252651        0.196108
     C   22        0.252651        0.140186       -0.443735
     C   22        0.196108       -0.443735       -0.207308

     C   23        0.074408        0.258609        0.288874
     C   23        0.258609        0.083974       -0.407929
     C   23        0.288874       -0.407929       -0.158382

     Cl  24        0.105392        0.215257       -0.002344
     Cl  24        0.215257        0.020640       -0.013835
     Cl  24       -0.002344       -0.013835       -0.126033

     ----- GIPAW term -----
     Cl   1       -0.083518       -1.954761       -0.019043
     Cl   1       -1.954761        1.229220        1.936811
     Cl   1       -0.019043        1.936811       -1.145702

     C    2       -0.096020        0.088537        0.012223
     C    2        0.088537        0.130708        0.111482
     C    2        0.012223        0.111482       -0.034687

     C    3       -0.049617       -0.005512        0.011894
     C    3       -0.005512        0.006854        0.134193
     C    3        0.011894        0.134193        0.042762

     H    4       -0.000000        0.000000        0.000000
     H    4        0.000000        0.000000        0.000000
     H    4        0.000000        0.000000        0.000000

     C    5       -0.102331        0.021516       -0.026106
     C    5        0.021516        0.058404        0.071345
     C    5       -0.026106        0.071345        0.043927

     H    6       -0.000000        0.000000        0.000000
     H    6        0.000000        0.000000        0.000000
     H    6        0.000000        0.000000        0.000000

     H    7       -0.000000        0.000000        0.000000
     H    7        0.000000        0.000000        0.000000
     H    7        0.000000        0.000000        0.000000

     C    8       -0.073020       -0.046916       -0.037111
     C    8       -0.046916        0.122325        0.113078
     C    8       -0.037111        0.113078       -0.049305

     H    9       -0.000000        0.000000        0.000000
     H    9        0.000000        0.000000        0.000000
     H    9        0.000000        0.000000        0.000000

     C   10       -0.044398       -0.022602       -0.025176
     C   10       -0.022602       -0.007524        0.071939
     C   10       -0.025176        0.071939        0.051922

     C   11       -0.070608        0.120326       -0.014718
     C   11        0.120326        0.071038        0.221752
     C   11       -0.014718        0.221752       -0.000429

     Cl  12        0.065046        1.789664        1.163662
     Cl  12        1.789664       -0.078142        1.518032
     Cl  12        1.163662        1.518032        0.013096

     H   13       -0.000000        0.000000        0.000000
     H   13        0.000000        0.000000        0.000000
     H   13        0.000000        0.000000        0.000000

     C   14       -0.048790        0.080033        0.035585
     C   14        0.080033        0.151956        0.007029
     C   14        0.035585        0.007029       -0.103166

     H   15       -0.000000        0.000000        0.000000
     H   15        0.000000        0.000000        0.000000
     H   15        0.000000        0.000000        0.000000

     C   16       -0.091751        0.094673       -0.024229
     C   16        0.094673        0.109300        0.056848
     C   16       -0.024229        0.056848       -0.017549

     C   17       -0.037734        0.051499        0.064590
     C   17        0.051499        0.112362        0.127025
     C   17        0.064590        0.127025       -0.074627

     Cl  18        0.199922       -1.886078       -0.412458
     Cl  18       -1.886078        0.995021        0.693816
     Cl  18       -0.412458        0.693816       -1.194943

     H   19       -0.000000        0.000000        0.000000
     H   19        0.000000        0.000000        0.000000
     H   19        0.000000        0.000000        0.000000

     C   20       -0.039855        0.004106        0.025491
     C   20        0.004106        0.042645        0.027179
     C   20        0.025491        0.027179       -0.002790

     H   21       -0.000000        0.000000        0.000000
     H   21        0.000000        0.000000        0.000000
     H   21        0.000000        0.000000        0.000000

     C   22       -0.001475        0.004235       -0.006355
     C   22        0.004235        0.051815        0.022033
     C   22       -0.006355        0.022033       -0.050340

     C   23       -0.089067       -0.034115       -0.045795
     C   23       -0.034115        0.126645        0.105349
     C   23       -0.045795        0.105349       -0.037578

     Cl  24       -0.051905        0.342213       -0.431506
     Cl  24        0.342213        2.014441        1.009679
     Cl  24       -0.431506        1.009679       -1.962536

     ----- total EFG -----
     Cl   1        0.055509       -2.176785        0.022434
     Cl   1       -2.176785        1.244256        2.066935
     Cl   1        0.022434        2.066935       -1.299765

     C    2       -0.517821        0.475625       -0.119617
     C    2        0.475625        0.583266        0.417362
     C    2       -0.119617        0.417362       -0.065445

     C    3        0.416015       -0.073075        0.122547
     C    3       -0.073075       -0.268510       -0.041550
     C    3        0.122547       -0.041550       -0.147505

     H    4        0.177787        0.376267        0.591414
     H    4        0.376267        0.002019       -0.149318
     H    4        0.591414       -0.149318       -0.179806

     C    5       -0.543704        0.206040       -0.260821
     C    5        0.206040        0.516726        0.186067
     C    5       -0.260821        0.186067        0.026978

     H    6       -0.146250        0.053421        0.167650
     H    6        0.053421        0.216871        0.206776
     H    6        0.167650        0.206776       -0.070621

     H    7       -0.314832        0.090499       -0.058210
     H    7        0.090499        0.165135       -0.242393
     H    7       -0.058210       -0.242393        0.149697

     C    8       -0.127882        0.045133       -0.000836
     C    8        0.045133        0.102540        0.326380
     C    8       -0.000836        0.326380        0.025342

     H    9        0.271841        0.103978        0.292857
     H    9        0.103978       -0.216395       -0.140742
     H    9        0.292857       -0.140742       -0.055446

     C   10       -0.287040       -0.065954        0.007726
     C   10       -0.065954       -0.123011        0.078493
     C   10        0.007726        0.078493        0.410050

     C   11       -0.102341        0.587829        0.018627
     C   11        0.587829        0.058403        0.419779
     C   11        0.018627        0.419779        0.043938

     Cl  12       -0.062082        1.792183        1.295992
     Cl  12        1.792183       -0.048821        1.664174
     Cl  12        1.295992        1.664174        0.110903

     H   13       -0.226170       -0.192330        0.041897
     H   13       -0.192330        0.087000        0.385439
     H   13        0.041897        0.385439        0.139171

     C   14        0.367710        0.125018        0.292595
     C   14        0.125018        0.025159       -0.089518
     C   14        0.292595       -0.089518       -0.392869

     H   15        0.487372       -0.067247        0.374270
     H   15       -0.067247       -0.565460        0.033640
     H   15        0.374270        0.033640        0.078088

     C   16       -0.525700        0.201016       -0.157290
     C   16        0.201016        0.506020        0.356034
     C   16       -0.157290        0.356034        0.019680

     C   17        0.298865        0.099231        0.194134
     C   17        0.099231        0.042074       -0.027719
     C   17        0.194134       -0.027719       -0.340939

     Cl  18        0.060523       -1.918124       -0.477562
     Cl  18       -1.918124        1.169137        0.779850
     Cl  18       -0.477562        0.779850       -1.229660

     H   19       -0.037748       -0.010843        0.111255
     H   19       -0.010843        0.593587       -0.656335
     H   19        0.111255       -0.656335       -0.555839

     C   20       -0.110451       -0.003114        0.348189
     C   20       -0.003114        0.196343       -0.317313
     C   20        0.348189       -0.317313       -0.085892

     H   21        0.610634       -0.291298        0.320687
     H   21       -0.291298       -0.343209       -0.494259
     H   21        0.320687       -0.494259       -0.267424

     C   22        0.354797        0.208273        0.087042
     C   22        0.208273        0.044538       -0.163393
     C   22        0.087042       -0.163393       -0.399335

     C   23       -0.414331       -0.140775       -0.056767
     C   23       -0.140775        0.311130       -0.127361
     C   23       -0.056767       -0.127361        0.103201

     Cl  24        0.171445        0.530445       -0.482290
     Cl  24        0.530445        1.870162        0.940129
     Cl  24       -0.482290        0.940129       -2.041607

     ----- total EFG (symmetrized) -----
     Cl   1        0.055509       -2.176785        0.022434
     Cl   1       -2.176785        1.244256        2.066935
     Cl   1        0.022434        2.066935       -1.299765

     C    2       -0.517821        0.475625       -0.119617
     C    2        0.475625        0.583266        0.417362
     C    2       -0.119617        0.417362       -0.065445

     C    3        0.416015       -0.073075        0.122547
     C    3       -0.073075       -0.268510       -0.041550
     C    3        0.122547       -0.041550       -0.147505

     H    4        0.177787        0.376267        0.591414
     H    4        0.376267        0.002019       -0.149318
     H    4        0.591414       -0.149318       -0.179806

     C    5       -0.543704        0.206040       -0.260821
     C    5        0.206040        0.516726        0.186067
     C    5       -0.260821        0.186067        0.026978

     H    6       -0.146250        0.053421        0.167650
     H    6        0.053421        0.216871        0.206776
     H    6        0.167650        0.206776       -0.070621

     H    7       -0.314832        0.090499       -0.058210
     H    7        0.090499        0.165135       -0.242393
     H    7       -0.058210       -0.242393        0.149697

     C    8       -0.127882        0.045133       -0.000836
     C    8        0.045133        0.102540        0.326380
     C    8       -0.000836        0.326380        0.025342

     H    9        0.271841        0.103978        0.292857
     H    9        0.103978       -0.216395       -0.140742
     H    9        0.292857       -0.140742       -0.055446

     C   10       -0.287040       -0.065954        0.007726
     C   10       -0.065954       -0.123011        0.078493
     C   10        0.007726        0.078493        0.410050

     C   11       -0.102341        0.587829        0.018627
     C   11        0.587829        0.058403        0.419779
     C   11        0.018627        0.419779        0.043938

     Cl  12       -0.062082        1.792183        1.295992
     Cl  12        1.792183       -0.048821        1.664174
     Cl  12        1.295992        1.664174        0.110903

     H   13       -0.226170       -0.192330        0.041897
     H   13       -0.192330        0.087000        0.385439
     H   13        0.041897        0.385439        0.139171

     C   14        0.367710        0.125018        0.292595
     C   14        0.125018        0.025159       -0.089518
     C   14        0.292595       -0.089518       -0.392869

     H   15        0.487372       -0.067247        0.374270
     H   15       -0.067247       -0.565460        0.033640
     H   15        0.374270        0.033640        0.078088

     C   16       -0.525700        0.201016       -0.157290
     C   16        0.201016        0.506020        0.356034
     C   16       -0.157290        0.356034        0.019680

     C   17        0.298865        0.099231        0.194134
     C   17        0.099231        0.042074       -0.027719
     C   17        0.194134       -0.027719       -0.340939

     Cl  18        0.060523       -1.918124       -0.477562
     Cl  18       -1.918124        1.169137        0.779850
     Cl  18       -0.477562        0.779850       -1.229660

     H   19       -0.037748       -0.010843        0.111255
     H   19       -0.010843        0.593587       -0.656335
     H   19        0.111255       -0.656335       -0.555839

     C   20       -0.110451       -0.003114        0.348189
     C   20       -0.003114        0.196343       -0.317313
     C   20        0.348189       -0.317313       -0.085892

     H   21        0.610634       -0.291298        0.320687
     H   21       -0.291298       -0.343209       -0.494259
     H   21        0.320687       -0.494259       -0.267424

     C   22        0.354797        0.208273        0.087042
     C   22        0.208273        0.044538       -0.163393
     C   22        0.087042       -0.163393       -0.399335

     C   23       -0.414331       -0.140775       -0.056767
     C   23       -0.140775        0.311130       -0.127361
     C   23       -0.056767       -0.127361        0.103201

     Cl  24        0.171445        0.530445       -0.482290
     Cl  24        0.530445        1.870162        0.940129
     Cl  24       -0.482290        0.940129       -2.041607


     NQR/NMR SPECTROSCOPIC PARAMETERS:
     Cl   1    Vxx=   -0.5447    axis=(  0.759757  0.215812  0.613347)
     Cl   1    Vyy=   -2.9539    axis=(  0.414606  0.565855 -0.712677)
     Cl   1    Vzz=    3.4986    axis=( -0.500870  0.795759  0.340436)
     Cl   1  Q=        -8.1650 1e-30 m^2  Cq=       -67.1196 MHz  eta= 0.68862

     C    2    Vxx=   -0.0969    axis=( -0.469635 -0.199352  0.860059)
     C    2    Vyy=   -0.7965    axis=( -0.840136  0.400295 -0.365972)
     C    2    Vzz=    0.8934    axis=( -0.271320 -0.894440 -0.355476)
     C    2  Q=         1.0000 1e-30 m^2  Cq=         2.0992 MHz  eta= 0.78315

     C    3    Vxx=   -0.1671    axis=( -0.227288 -0.224390  0.947623)
     C    3    Vyy=   -0.2834    axis=(  0.058529  0.968184  0.243297)
     C    3    Vzz=    0.4504    axis=( -0.972067  0.110762 -0.206923)
     C    3  Q=         1.0000 1e-30 m^2  Cq=         1.0583 MHz  eta= 0.25822

     H    4    Vxx=    0.0849    axis=( -0.025532  0.845253 -0.533756)
     H    4    Vyy=    0.6925    axis=( -0.805889 -0.333334 -0.489317)
     H    4    Vzz=   -0.7775    axis=( -0.591516  0.417654  0.689691)
     H    4  Q=         1.0000 1e-30 m^2  Cq=        -1.8267 MHz  eta= 0.78148

     C    5    Vxx=    0.1086    axis=( -0.416560 -0.194549  0.888048)
     C    5    Vyy=    0.5922    axis=( -0.113380 -0.958090 -0.263077)
     C    5    Vzz=   -0.7008    axis=(  0.902011 -0.210274  0.377043)
     C    5  Q=         1.0000 1e-30 m^2  Cq=        -1.6465 MHz  eta= 0.69017

     H    6    Vxx=   -0.0589    axis=(  0.678077 -0.520438  0.518995)
     H    6    Vyy=   -0.2989    axis=(  0.689771  0.206744 -0.693882)
     H    6    Vzz=    0.3578    axis=(  0.253823  0.828493  0.499172)
     H    6  Q=         1.0000 1e-30 m^2  Cq=         0.8407 MHz  eta= 0.67060

     H    7    Vxx=   -0.0833    axis=(  0.082817  0.680272  0.728266)
     H    7    Vyy=   -0.3319    axis=( -0.986222  0.160955 -0.038197)
     H    7    Vzz=    0.4152    axis=( -0.143202 -0.715069  0.684229)
     H    7  Q=         1.0000 1e-30 m^2  Cq=         0.9755 MHz  eta= 0.59854

     C    8    Vxx=   -0.1234    axis=( -0.975420 -0.093437  0.199564)
     C    8    Vyy=   -0.2713    axis=(  0.210996 -0.657176  0.723602)
     C    8    Vzz=    0.3947    axis=( -0.063537 -0.747923 -0.660738)
     C    8  Q=         1.0000 1e-30 m^2  Cq=         0.9274 MHz  eta= 0.37479

     H    9    Vxx=   -0.0481    axis=( -0.329227 -0.717121  0.614286)
     H    9    Vyy=   -0.3961    axis=(  0.376343 -0.696304 -0.611168)
     H    9    Vzz=    0.4442    axis=(  0.866011  0.029969  0.499125)
     H    9  Q=         1.0000 1e-30 m^2  Cq=         1.0438 MHz  eta= 0.78345

     C   10    Vxx=   -0.1095    axis=( -0.350221  0.926913 -0.134827)
     C   10    Vyy=   -0.3119    axis=(  0.936664  0.346960 -0.047748)
     C   10    Vzz=    0.4214    axis=( -0.002521  0.143010  0.989718)
     C   10  Q=         1.0000 1e-30 m^2  Cq=         0.9901 MHz  eta= 0.48023

     C   11    Vxx=   -0.0222    axis=( -0.568607 -0.103369  0.816089)
     C   11    Vyy=   -0.7167    axis=( -0.639440  0.679646 -0.359441)
     C   11    Vzz=    0.7389    axis=( -0.517496 -0.726221 -0.452550)
     C   11  Q=         1.0000 1e-30 m^2  Cq=         1.7361 MHz  eta= 0.93988

     Cl  12    Vxx=   -1.2480    axis=( -0.616646 -0.150713  0.772679)
     Cl  12    Vyy=   -1.9259    axis=(  0.552109 -0.782453  0.287998)
     Cl  12    Vzz=    3.1739    axis=(  0.561180  0.604196  0.565707)
     Cl  12  Q=        -8.1650 1e-30 m^2  Cq=       -60.8901 MHz  eta= 0.21360

     H   13    Vxx=   -0.0886    axis=( -0.731679  0.403933 -0.549075)
     H   13    Vyy=   -0.4253    axis=( -0.666774 -0.591478  0.453394)
     H   13    Vzz=    0.5138    axis=( -0.141625  0.697848  0.702104)
     H   13  Q=         1.0000 1e-30 m^2  Cq=         1.2073 MHz  eta= 0.65532

     C   14    Vxx=    0.0361    axis=( -0.114874  0.953867 -0.277385)
     C   14    Vyy=    0.4853    axis=( -0.935893 -0.197534 -0.291694)
     C   14    Vzz=   -0.5214    axis=( -0.333030  0.226095  0.915408)
     C   14  Q=         1.0000 1e-30 m^2  Cq=        -1.2251 MHz  eta= 0.86140

     H   15    Vxx=   -0.1346    axis=( -0.498662  0.144557  0.854658)
     H   15    Vyy=   -0.5760    axis=( -0.100732 -0.988979  0.108503)
     H   15    Vzz=    0.7106    axis=(  0.860924 -0.031985  0.507728)
     H   15  Q=         1.0000 1e-30 m^2  Cq=         1.6696 MHz  eta= 0.62118

     C   16    Vxx=   -0.0562    axis=( -0.432881 -0.366720  0.823487)
     C   16    Vyy=   -0.6471    axis=( -0.897044  0.265460 -0.353332)
     C   16    Vzz=    0.7033    axis=( -0.089029 -0.891654 -0.443877)
     C   16  Q=         1.0000 1e-30 m^2  Cq=         1.6525 MHz  eta= 0.84022

     C   17    Vxx=    0.0252    axis=( -0.215168  0.958573 -0.186656)
     C   17    Vyy=    0.3766    axis=( -0.935263 -0.257271 -0.243094)
     C   17    Vzz=   -0.4018    axis=( -0.281045  0.122266  0.951874)
     C   17  Q=         1.0000 1e-30 m^2  Cq=        -0.9441 MHz  eta= 0.87458

     Cl  18    Vxx=   -1.3193    axis=(  0.723841  0.376809  0.577987)
     Cl  18    Vyy=   -1.4970    axis=( -0.369515 -0.495731  0.785945)
     Cl  18    Vzz=    2.8163    axis=( -0.582677  0.782474  0.219594)
     Cl  18  Q=        -8.1650 1e-30 m^2  Cq=       -54.0301 MHz  eta= 0.06309

     H   19    Vxx=   -0.0297    axis=(  0.991366  0.102866  0.081316)
     H   19    Vyy=   -0.8649    axis=( -0.116532  0.406861  0.906027)
     H   19    Vzz=    0.8946    axis=(  0.060115 -0.907680  0.415335)
     H   19  Q=         1.0000 1e-30 m^2  Cq=         2.1020 MHz  eta= 0.93350

     C   20    Vxx=    0.0406    axis=(  0.699498  0.644243  0.309279)
     C   20    Vyy=    0.4794    axis=(  0.367882 -0.695651  0.617035)
     C   20    Vzz=   -0.5201    axis=(  0.612671 -0.317836 -0.723612)
     C   20  Q=         1.0000 1e-30 m^2  Cq=        -1.2220 MHz  eta= 0.84375

     H   21    Vxx=   -0.0810    axis=( -0.530835 -0.578172  0.619622)
     H   21    Vyy=   -0.8010    axis=(  0.003448 -0.732606 -0.680644)
     H   21    Vzz=    0.8820    axis=(  0.847468 -0.359174  0.390887)
     H   21  Q=         1.0000 1e-30 m^2  Cq=         2.0724 MHz  eta= 0.81641

     C   22    Vxx=    0.0214    axis=( -0.407037  0.819883 -0.402631)
     C   22    Vyy=    0.4594    axis=( -0.894572 -0.446889 -0.005645)
     C   22    Vzz=   -0.4808    axis=( -0.184559  0.357885  0.915345)
     C   22  Q=         1.0000 1e-30 m^2  Cq=        -1.1296 MHz  eta= 0.91107

     C   23    Vxx=    0.0669    axis=(  0.210942 -0.353648 -0.911283)
     C   23    Vyy=    0.3854    axis=(  0.133386 -0.913126  0.385240)
     C   23    Vzz=   -0.4523    axis=( -0.968355 -0.202816 -0.145445)
     C   23  Q=         1.0000 1e-30 m^2  Cq=        -1.0628 MHz  eta= 0.70414

     Cl  24    Vxx=    0.2209    axis=(  0.951390 -0.153922 -0.266768)
     Cl  24    Vyy=    2.1718    axis=(  0.208537  0.959345  0.190185)
     Cl  24    Vzz=   -2.3927    axis=(  0.226648 -0.236570  0.944809)
     Cl  24  Q=        -8.1650 1e-30 m^2  Cq=        45.9028 MHz  eta= 0.81539

     Initialization:
     gipaw_setup  :      8.97s CPU     10.76s WALL (       1 calls)

     Linear response

     Apply operators

     Induced current

     Other routines
     efg          :      9.39s CPU     11.60s WALL (       1 calls)

     General routines
     calbec       :      3.29s CPU      4.03s WALL (      16 calls)
     fft          :      1.65s CPU      2.45s WALL (      15 calls)
     ffts         :      0.03s CPU      0.04s WALL (       2 calls)
     fftw         :      3.24s CPU      3.89s WALL (     672 calls)
     davcio       :      0.03s CPU      0.32s WALL (      32 calls)

     Parallel routines
     fft_scatter  :      2.39s CPU      3.56s WALL (     689 calls)

     Plugins

     GIPAW        :     61.58s CPU     72.52s WALL (       1 calls)
