
     Program QE v.6.0 (svn rev. 13079) starts on 23Dec2016 at 16:40:56 

     This program is part of the open-source Quantum ESPRESSO suite
     for quantum simulation of materials; please cite
         "P. Giannozzi et al., J. Phys.:Condens. Matter 21 395502 (2009);
          URL http://www.quantum-espresso.org", 
     in publications or presentations arising from this work. More details at
     http://www.quantum-espresso.org/quote

     Parallel version (MPI), running on     8 processors
     R & G space division:  proc/nbgrp/npool/nimage =       8

     ***** This is GIPAW svn revision unknown      *****

     Parallelizing q-star over 1 images

     Reading data from directory:
     /users/majewski/paradichlorobenzene/pbe/9_constraint/scratch/pbe.ecut100.np8.dt60.pcl2phi-129368.save
     Message from routine read_xml_file:
     file /users/majewski/paradichlorobenzene/pbe/9_constraint/scratch/pbe.ecut100.np8.dt60.pcl2phi-129368.save not guaranteed to be safe for post-processing

   Info: using nr1, nr2, nr3 values from input

   Info: using nr1, nr2, nr3 values from input

     IMPORTANT: XC functional enforced from input :
     Exchange-correlation      =  SLA  PW   PBX  PBC ( 1  4  3  4 0 0)
     Any further DFT definition will be discarded
     Please, verify this is what you really want

               file C.pbe-n-kjpaw_psl.1.0.0.UPF: wavefunction(s)  2S 2P renormalized
               file Cl.pbe-n-kjpaw_psl.1.0.0.UPF: wavefunction(s)  3S 3P renormalized
               file H.pbe-kjpaw_psl.1.0.0.UPF: wavefunction(s)  1S renormalized

     Parallelization info
     --------------------
     sticks:   dense  smooth     PW     G-vecs:    dense   smooth      PW
     Min        3057    1223    332               144436    36536    5170
     Max        3059    1225    333               144437    36537    5171
     Sum       24467    9791   2657              1155489   292295   41363


     Subspace diagonalization in iterative solution of the eigenvalue problem:
     a serial algorithm will be used

     GIPAW projectors -----------------------------------------------
     atom=  C    l=0  rc=    1.2000  rs=    0.8000
     atom=  C    l=0  rc=    1.2000  rs=    0.8000
     atom=  C    l=1  rc=    1.4000  rs=    0.9333
     atom=  C    l=1  rc=    1.4000  rs=    0.9333
     projs nearly linearly dependent: l=1  n1,n2= 1, 2  s=  0.99951561

     atom=  Cl   l=0  rc=    1.6000  rs=    1.0667
     atom=  Cl   l=0  rc=    1.6000  rs=    1.0667
     atom=  Cl   l=1  rc=    1.6000  rs=    1.0667
     atom=  Cl   l=1  rc=    1.6000  rs=    1.0667
     atom=  Cl   l=2  rc=    1.6000  rs=    1.0667
     atom=  Cl   l=2  rc=    1.6000  rs=    1.0667
     projs nearly linearly dependent: l=2  n1,n2= 1, 2  s=  0.99993509

     atom=  H    l=0  rc=    1.0000  rs=    0.6667
     atom=  H    l=0  rc=    1.0000  rs=    0.6667
     projs nearly linearly dependent: l=0  n1,n2= 1, 2  s=  0.99968852
     -----------------------------------------------------------------

     GIPAW integrals: -------------------------------------------
     Atom  i/j   nmr_para   nmr_dia   epr_rmc  epr_para   epr_dia
       C   1 1   0.83E+03  0.17E-01  0.93E+01  0.24E+08  0.24E+03
       C   2 1   0.86E+03 -0.61E-01  0.94E+01  0.25E+08  0.25E+03
       C   2 2   0.90E+03 -0.15E+00  0.97E+01  0.26E+08  0.26E+03
       C   3 3   0.33E+01  0.34E+00  0.18E+01  0.55E+03  0.21E+02
       C   4 3   0.35E+01  0.37E+00  0.20E+01  0.59E+03  0.22E+02
       C   4 4   0.38E+01  0.39E+00  0.22E+01  0.63E+03  0.24E+02
       Cl  1 1   0.14E+04 -0.47E+00  0.84E+01  0.32E+09  0.42E+03
       Cl  2 1   0.21E+04 -0.37E+00  0.12E+02  0.49E+09  0.65E+03
       Cl  2 2   0.33E+04 -0.16E+00  0.21E+02  0.76E+09  0.10E+04
       Cl  3 3   0.21E+02  0.79E-01  0.89E+01  0.23E+05  0.13E+03
       Cl  4 3   0.24E+02  0.67E-01  0.99E+01  0.27E+05  0.15E+03
       Cl  4 4   0.28E+02  0.44E-01  0.11E+02  0.32E+05  0.18E+03
       Cl  5 5   0.77E+00  0.19E+00  0.18E+01  0.12E+03  0.22E+02
       Cl  6 5   0.80E+00  0.19E+00  0.19E+01  0.12E+03  0.23E+02
       Cl  6 6   0.83E+00  0.20E+00  0.19E+01  0.12E+03  0.23E+02
       H   1 1   0.39E+02  0.19E+00  0.29E+00  0.78E+05  0.13E+02
       H   2 1   0.41E+02  0.21E+00  0.32E+00  0.82E+05  0.14E+02
       H   2 2   0.43E+02  0.22E+00  0.36E+00  0.86E+05  0.15E+02
     ------------------------------------------------------------

     alpha_pv=     34.0644 eV

     Number of occupied bands for each k-point:
     k-point:     1    nbnd_occ=  42
     k-point:     2    nbnd_occ=  42
     k-point:     3    nbnd_occ=  42
     k-point:     4    nbnd_occ=  42
     k-point:     5    nbnd_occ=  42
     k-point:     6    nbnd_occ=  42
     k-point:     7    nbnd_occ=  42
     k-point:     8    nbnd_occ=  42
     k-point:     9    nbnd_occ=  42
     k-point:    10    nbnd_occ=  42
     k-point:    11    nbnd_occ=  42
     k-point:    12    nbnd_occ=  42
     k-point:    13    nbnd_occ=  42
     k-point:    14    nbnd_occ=  42
     k-point:    15    nbnd_occ=  42
     k-point:    16    nbnd_occ=  42


     q-space interpolation up to   110.00 Rydberg

     GIPAW job: efg                                                                             


     ELECTRIC FIELD GRADIENTS TENSORS IN Hartree/bohrradius^2:

     ----- bare term -----
     Cl   1        0.311860        0.026619        0.239480
     Cl   1        0.026619        0.274879        0.445288
     Cl   1        0.239480        0.445288       -0.586740

     C    2       -0.595290       -0.006185       -0.225450
     C    2       -0.006185        0.012401       -0.266098
     C    2       -0.225450       -0.266098        0.582889

     C    3       -0.024256        0.337758       -0.074516
     C    3        0.337758       -0.449315       -0.455305
     C    3       -0.074516       -0.455305        0.473571

     H    4       -0.560739       -0.086136       -0.117647
     H    4       -0.086136        0.379252       -0.316332
     H    4       -0.117647       -0.316332        0.181487

     C    5       -0.601260        0.394241       -0.457564
     C    5        0.394241        0.353288       -0.251706
     C    5       -0.457564       -0.251706        0.247972

     H    6        0.494991       -0.050756        0.051558
     H    6       -0.050756       -0.241952       -0.377580
     H    6        0.051558       -0.377580       -0.253040

     H    7        0.505419        0.052474       -0.075965
     H    7        0.052474       -0.665487       -0.048452
     H    7       -0.075965       -0.048452        0.160068

     C    8       -0.546204       -0.025968       -0.298755
     C    8       -0.025968       -0.044538        0.300181
     C    8       -0.298755        0.300181        0.590742

     H    9       -0.348200        0.192305       -0.480680
     H    9        0.192305        0.327284        0.289388
     H    9       -0.480680        0.289388        0.020916

     C   10       -0.174443       -0.390732       -0.033672
     C   10       -0.390732       -0.388854        0.531793
     C   10       -0.033672        0.531793        0.563298

     C   11       -0.313824        0.041173       -0.342027
     C   11        0.041173       -0.043913        0.435927
     C   11       -0.342027        0.435927        0.357737

     Cl  12       -0.005687       -0.186541       -0.088949
     Cl  12       -0.186541        0.033566        0.074951
     Cl  12       -0.088949        0.074951       -0.027879

     H   13        0.490778       -0.011044        0.073126
     H   13       -0.011044        0.016875       -0.482242
     H   13        0.073126       -0.482242       -0.507654

     C   14       -0.138258        0.370232       -0.007007
     C   14        0.370232       -0.430219       -0.341677
     C   14       -0.007007       -0.341677        0.568477

     H   15       -0.473029       -0.530028       -0.197251
     H   15       -0.530028        0.119358       -0.069065
     H   15       -0.197251       -0.069065        0.353671

     C   16       -0.400178        0.379330       -0.354849
     C   16        0.379330        0.115933       -0.320490
     C   16       -0.354849       -0.320490        0.284245

     C   17       -0.030660        0.375045       -0.169234
     C   17        0.375045       -0.105921       -0.594601
     C   17       -0.169234       -0.594601        0.136580

     Cl  18       -0.029568        0.176411       -0.093201
     Cl  18        0.176411        0.086600       -0.105843
     Cl  18       -0.093201       -0.105843       -0.057032

     H   19        0.333325        0.107682       -0.349262
     H   19        0.107682       -0.023665        0.462079
     H   19       -0.349262        0.462079       -0.309660

     C   20       -0.208588       -0.354950        0.019225
     C   20       -0.354950       -0.350080        0.406296
     C   20        0.019225        0.406296        0.558668

     H   21        0.042429        0.027950       -0.531081
     H   21        0.027950        0.396366       -0.117476
     H   21       -0.531081       -0.117476       -0.438794

     C   22       -0.315474       -0.119970       -0.217042
     C   22       -0.119970       -0.089868        0.364267
     C   22       -0.217042        0.364267        0.405342

     C   23       -0.122613       -0.256162       -0.177199
     C   23       -0.256162       -0.287414        0.311637
     C   23       -0.177199        0.311637        0.410028

     Cl  24       -0.096565        0.015254       -0.054093
     Cl  24        0.015254       -0.070012        0.091300
     Cl  24       -0.054093        0.091300        0.166576

     ----- ionic term -----
     Cl   1        0.183356       -0.164113       -0.061622
     Cl   1       -0.164113       -0.087681        0.026591
     Cl   1       -0.061622        0.026591       -0.095674

     C    2        0.312643       -0.072410        0.122842
     C    2       -0.072410       -0.125452        0.472599
     C    2        0.122842        0.472599       -0.187192

     C    3        0.231525       -0.193231        0.065191
     C    3       -0.193231       -0.019425        0.429800
     C    3        0.065191        0.429800       -0.212100

     H    4        0.789551        0.322857        0.507739
     H    4        0.322857       -0.478183        0.207035
     H    4        0.507739        0.207035       -0.311368

     C    5        0.351689       -0.134471        0.175367
     C    5       -0.134471       -0.070931        0.338509
     C    5        0.175367        0.338509       -0.280758

     H    6       -0.508303        0.115642        0.102492
     H    6        0.115642        0.512286        0.774806
     H    6        0.102492        0.774806       -0.003983

     H    7       -0.494888       -0.064572        0.043310
     H    7       -0.064572        0.718023       -0.647291
     H    7        0.043310       -0.647291       -0.223135

     C    8        0.253901        0.221376        0.354299
     C    8        0.221376        0.089842       -0.228984
     C    8        0.354299       -0.228984       -0.343743

     H    9        0.355875       -0.249058        0.765366
     H    9       -0.249058       -0.421502       -0.263504
     H    9        0.765366       -0.263504        0.065627

     C   10        0.065583        0.254481        0.281418
     C   10        0.254481        0.227041       -0.308917
     C   10        0.281418       -0.308917       -0.292624

     C   11        0.092095        0.212608        0.319072
     C   11        0.212608        0.187850       -0.307316
     C   11        0.319072       -0.307316       -0.279945

     Cl  12        0.116059        0.208625        0.049749
     Cl  12        0.208625        0.039814        0.029838
     Cl  12        0.049749        0.029838       -0.155873

     H   13       -0.502202       -0.044849       -0.052799
     H   13       -0.044849        0.448237        0.796900
     H   13       -0.052799        0.796900        0.053965

     C   14        0.374481       -0.160211        0.102981
     C   14       -0.160211       -0.099552        0.378010
     C   14        0.102981        0.378010       -0.274928

     H   15        0.676044        0.377109        0.573695
     H   15        0.377109       -0.432844        0.257124
     H   15        0.573695        0.257124       -0.243200

     C   16        0.237350       -0.215464        0.046067
     C   16       -0.215464        0.026723        0.453354
     C   16        0.046067        0.453354       -0.264074

     C   17        0.261019       -0.205447        0.200709
     C   17       -0.205447        0.025607        0.386368
     C   17        0.200709        0.386368       -0.286627

     Cl  18        0.121633       -0.222108        0.004363
     Cl  18       -0.222108        0.027375       -0.002462
     Cl  18        0.004363       -0.002462       -0.149009

     H   19       -0.508761       -0.168929        0.121010
     H   19       -0.168929        0.633109       -0.688100
     H   19        0.121010       -0.688100       -0.124348

     C   20        0.182265        0.230449        0.308547
     C   20        0.230449        0.110106       -0.259193
     C   20        0.308547       -0.259193       -0.292371

     H   21        0.541194       -0.212239        0.720078
     H   21       -0.212239       -0.441678       -0.217187
     H   21        0.720078       -0.217187       -0.099516

     C   22        0.108678        0.290443        0.223988
     C   22        0.290443        0.234652       -0.325071
     C   22        0.223988       -0.325071       -0.343330

     C   23        0.208179        0.198607        0.289762
     C   23        0.198607        0.107655       -0.352314
     C   23        0.289762       -0.352314       -0.315834

     Cl  24        0.144315        0.223591       -0.000727
     Cl  24        0.223591       -0.002906       -0.005021
     Cl  24       -0.000727       -0.005021       -0.141410

     ----- GIPAW term -----
     Cl   1        0.403774       -0.308462       -0.144909
     Cl   1       -0.308462       -0.030362        0.271670
     Cl   1       -0.144909        0.271670       -0.373412

     C    2       -0.156209       -0.077950        0.038815
     C    2       -0.077950       -0.117566        0.020415
     C    2        0.038815        0.020415        0.273775

     C    3       -0.071748        0.074361        0.036432
     C    3        0.074361       -0.055335        0.071538
     C    3        0.036432        0.071538        0.127082

     H    4       -0.000000        0.000000        0.000000
     H    4        0.000000        0.000000        0.000000
     H    4        0.000000        0.000000        0.000000

     C    5       -0.100576        0.199992       -0.084197
     C    5        0.199992        0.179967       -0.054804
     C    5       -0.084197       -0.054804       -0.079391

     H    6       -0.000000        0.000000        0.000000
     H    6        0.000000        0.000000        0.000000
     H    6        0.000000        0.000000        0.000000

     H    7       -0.000000        0.000000        0.000000
     H    7        0.000000        0.000000        0.000000
     H    7        0.000000        0.000000        0.000000

     C    8       -0.177362        0.013309       -0.005936
     C    8        0.013309       -0.090790        0.134829
     C    8       -0.005936        0.134829        0.268152

     H    9       -0.000000        0.000000        0.000000
     H    9        0.000000        0.000000        0.000000
     H    9        0.000000        0.000000        0.000000

     C   10       -0.067166       -0.039193        0.065313
     C   10       -0.039193       -0.105630        0.121796
     C   10        0.065313        0.121796        0.172797

     C   11        0.006413        0.128247        0.007721
     C   11        0.128247       -0.043930        0.037743
     C   11        0.007721        0.037743        0.037517

     Cl  12        1.401442        0.646656       -0.747169
     Cl  12        0.646656        0.495372        0.704325
     Cl  12       -0.747169        0.704325       -1.896814

     H   13       -0.000000        0.000000        0.000000
     H   13        0.000000        0.000000        0.000000
     H   13        0.000000        0.000000        0.000000

     C   14       -0.061174        0.087224        0.115259
     C   14        0.087224       -0.196424        0.016646
     C   14        0.115259        0.016646        0.257598

     H   15       -0.000000        0.000000        0.000000
     H   15        0.000000        0.000000        0.000000
     H   15        0.000000        0.000000        0.000000

     C   16       -0.074374        0.190427       -0.091903
     C   16        0.190427        0.136660       -0.042758
     C   16       -0.091903       -0.042758       -0.062285

     C   17        0.076445        0.138036       -0.111286
     C   17        0.138036        0.033027       -0.165763
     C   17       -0.111286       -0.165763       -0.109473

     Cl  18        1.172664       -0.223984       -1.029763
     Cl  18       -0.223984        0.798806       -1.087855
     Cl  18       -1.029763       -1.087855       -1.971470

     H   19       -0.000000        0.000000        0.000000
     H   19        0.000000        0.000000        0.000000
     H   19        0.000000        0.000000        0.000000

     C   20       -0.090136       -0.036834        0.113093
     C   20       -0.036834       -0.195027        0.109115
     C   20        0.113093        0.109115        0.285163

     H   21       -0.000000        0.000000        0.000000
     H   21        0.000000        0.000000        0.000000
     H   21        0.000000        0.000000        0.000000

     C   22       -0.177076        0.012697       -0.026279
     C   22        0.012697       -0.075485        0.136992
     C   22       -0.026279        0.136992        0.252561

     C   23       -0.076935        0.020941       -0.015824
     C   23        0.020941       -0.072889        0.128361
     C   23       -0.015824        0.128361        0.149824

     Cl  24       -0.354386        1.919303       -0.076659
     Cl  24        1.919303       -0.679531        1.613494
     Cl  24       -0.076659        1.613494        1.033917

     ----- total EFG -----
     Cl   1        0.898990       -0.445956        0.032949
     Cl   1       -0.445956        0.156836        0.743549
     Cl   1        0.032949        0.743549       -1.055826

     C    2       -0.438856       -0.156545       -0.063794
     C    2       -0.156545       -0.230617        0.226917
     C    2       -0.063794        0.226917        0.669472

     C    3        0.135521        0.218888        0.027108
     C    3        0.218888       -0.524074        0.046033
     C    3        0.027108        0.046033        0.388553

     H    4        0.228812        0.236721        0.390092
     H    4        0.236721       -0.098931       -0.109297
     H    4        0.390092       -0.109297       -0.129881

     C    5       -0.350147        0.459762       -0.366394
     C    5        0.459762        0.462324        0.031999
     C    5       -0.366394        0.031999       -0.112178

     H    6       -0.013312        0.064886        0.154050
     H    6        0.064886        0.270335        0.397226
     H    6        0.154050        0.397226       -0.257023

     H    7        0.010531       -0.012098       -0.032654
     H    7       -0.012098        0.052536       -0.695743
     H    7       -0.032654       -0.695743       -0.063067

     C    8       -0.469665        0.208717        0.049608
     C    8        0.208717       -0.045486        0.206027
     C    8        0.049608        0.206027        0.515151

     H    9        0.007676       -0.056754        0.284685
     H    9       -0.056754       -0.094218        0.025884
     H    9        0.284685        0.025884        0.086543

     C   10       -0.176026       -0.175445        0.313059
     C   10       -0.175445       -0.267444        0.344672
     C   10        0.313059        0.344672        0.443470

     C   11       -0.215316        0.382028       -0.015234
     C   11        0.382028        0.100007        0.166354
     C   11       -0.015234        0.166354        0.115309

     Cl  12        1.511813        0.668740       -0.786368
     Cl  12        0.668740        0.568752        0.809114
     Cl  12       -0.786368        0.809114       -2.080565

     H   13       -0.011424       -0.055893        0.020327
     H   13       -0.055893        0.465112        0.314657
     H   13        0.020327        0.314657       -0.453688

     C   14        0.175049        0.297245        0.211233
     C   14        0.297245       -0.726195        0.052979
     C   14        0.211233        0.052979        0.551146

     H   15        0.203014       -0.152919        0.376443
     H   15       -0.152919       -0.313486        0.188060
     H   15        0.376443        0.188060        0.110472

     C   16       -0.237202        0.354294       -0.400685
     C   16        0.354294        0.279316        0.090106
     C   16       -0.400685        0.090106       -0.042114

     C   17        0.306805        0.307633       -0.079811
     C   17        0.307633       -0.047286       -0.373996
     C   17       -0.079811       -0.373996       -0.259519

     Cl  18        1.264729       -0.269680       -1.118601
     Cl  18       -0.269680        0.912781       -1.196160
     Cl  18       -1.118601       -1.196160       -2.177510

     H   19       -0.175436       -0.061247       -0.228251
     H   19       -0.061247        0.609444       -0.226020
     H   19       -0.228251       -0.226020       -0.434008

     C   20       -0.116459       -0.161335        0.440866
     C   20       -0.161335       -0.435001        0.256218
     C   20        0.440866        0.256218        0.551460

     H   21        0.583623       -0.184289        0.188997
     H   21       -0.184289       -0.045313       -0.334663
     H   21        0.188997       -0.334663       -0.538310

     C   22       -0.383871        0.183170       -0.019333
     C   22        0.183170        0.069298        0.176188
     C   22       -0.019333        0.176188        0.314573

     C   23        0.008631       -0.036614        0.096740
     C   23       -0.036614       -0.252648        0.087684
     C   23        0.096740        0.087684        0.244017

     Cl  24       -0.306636        2.158148       -0.131479
     Cl  24        2.158148       -0.752448        1.699774
     Cl  24       -0.131479        1.699774        1.059084

     ----- total EFG (symmetrized) -----
     Cl   1        0.898990       -0.445956        0.032949
     Cl   1       -0.445956        0.156836        0.743549
     Cl   1        0.032949        0.743549       -1.055826

     C    2       -0.438856       -0.156545       -0.063794
     C    2       -0.156545       -0.230617        0.226917
     C    2       -0.063794        0.226917        0.669472

     C    3        0.135521        0.218888        0.027108
     C    3        0.218888       -0.524074        0.046033
     C    3        0.027108        0.046033        0.388553

     H    4        0.228812        0.236721        0.390092
     H    4        0.236721       -0.098931       -0.109297
     H    4        0.390092       -0.109297       -0.129881

     C    5       -0.350147        0.459762       -0.366394
     C    5        0.459762        0.462324        0.031999
     C    5       -0.366394        0.031999       -0.112178

     H    6       -0.013312        0.064886        0.154050
     H    6        0.064886        0.270335        0.397226
     H    6        0.154050        0.397226       -0.257023

     H    7        0.010531       -0.012098       -0.032654
     H    7       -0.012098        0.052536       -0.695743
     H    7       -0.032654       -0.695743       -0.063067

     C    8       -0.469665        0.208717        0.049608
     C    8        0.208717       -0.045486        0.206027
     C    8        0.049608        0.206027        0.515151

     H    9        0.007676       -0.056754        0.284685
     H    9       -0.056754       -0.094218        0.025884
     H    9        0.284685        0.025884        0.086543

     C   10       -0.176026       -0.175445        0.313059
     C   10       -0.175445       -0.267444        0.344672
     C   10        0.313059        0.344672        0.443470

     C   11       -0.215316        0.382028       -0.015234
     C   11        0.382028        0.100007        0.166354
     C   11       -0.015234        0.166354        0.115309

     Cl  12        1.511813        0.668740       -0.786368
     Cl  12        0.668740        0.568752        0.809114
     Cl  12       -0.786368        0.809114       -2.080565

     H   13       -0.011424       -0.055893        0.020327
     H   13       -0.055893        0.465112        0.314657
     H   13        0.020327        0.314657       -0.453688

     C   14        0.175049        0.297245        0.211233
     C   14        0.297245       -0.726195        0.052979
     C   14        0.211233        0.052979        0.551146

     H   15        0.203014       -0.152919        0.376443
     H   15       -0.152919       -0.313486        0.188060
     H   15        0.376443        0.188060        0.110472

     C   16       -0.237202        0.354294       -0.400685
     C   16        0.354294        0.279316        0.090106
     C   16       -0.400685        0.090106       -0.042114

     C   17        0.306805        0.307633       -0.079811
     C   17        0.307633       -0.047286       -0.373996
     C   17       -0.079811       -0.373996       -0.259519

     Cl  18        1.264729       -0.269680       -1.118601
     Cl  18       -0.269680        0.912781       -1.196160
     Cl  18       -1.118601       -1.196160       -2.177510

     H   19       -0.175436       -0.061247       -0.228251
     H   19       -0.061247        0.609444       -0.226020
     H   19       -0.228251       -0.226020       -0.434008

     C   20       -0.116459       -0.161335        0.440866
     C   20       -0.161335       -0.435001        0.256218
     C   20        0.440866        0.256218        0.551460

     H   21        0.583623       -0.184289        0.188997
     H   21       -0.184289       -0.045313       -0.334663
     H   21        0.188997       -0.334663       -0.538310

     C   22       -0.383871        0.183170       -0.019333
     C   22        0.183170        0.069298        0.176188
     C   22       -0.019333        0.176188        0.314573

     C   23        0.008631       -0.036614        0.096740
     C   23       -0.036614       -0.252648        0.087684
     C   23        0.096740        0.087684        0.244017

     Cl  24       -0.306636        2.158148       -0.131479
     Cl  24        2.158148       -0.752448        1.699774
     Cl  24       -0.131479        1.699774        1.059084


     NQR/NMR SPECTROSCOPIC PARAMETERS:
     Cl   1    Vxx=    0.2776    axis=(  0.511876  0.744853  0.427992)
     Cl   1    Vyy=    1.1530    axis=(  0.853487 -0.497599 -0.154773)
     Cl   1    Vzz=   -1.4306    axis=( -0.097686 -0.444510  0.890431)
     Cl   1  Q=        -8.1650 1e-30 m^2  Cq=        27.4458 MHz  eta= 0.61190

     C    2    Vxx=   -0.2066    axis=( -0.492482  0.833146 -0.251654)
     C    2    Vyy=   -0.5252    axis=(  0.866162  0.497430 -0.048230)
     C    2    Vzz=    0.7318    axis=( -0.084997  0.241725  0.966615)
     C    2  Q=         1.0000 1e-30 m^2  Cq=         1.7195 MHz  eta= 0.43533

     C    3    Vxx=    0.1937    axis=(  0.941426  0.274527 -0.195837)
     C    3    Vyy=    0.3977    axis=(  0.177301  0.091037  0.979937)
     C    3    Vzz=   -0.5914    axis=(  0.286848 -0.957260  0.037030)
     C    3  Q=         1.0000 1e-30 m^2  Cq=        -1.3897 MHz  eta= 0.34496

     H    4    Vxx=   -0.0091    axis=(  0.064795  0.835096 -0.546275)
     H    4    Vyy=   -0.5050    axis=( -0.527022  0.493491  0.691892)
     H    4    Vzz=    0.5140    axis=(  0.847378  0.243068  0.472089)
     H    4  Q=         1.0000 1e-30 m^2  Cq=         1.2078 MHz  eta= 0.96472

     C    5    Vxx=    0.0591    axis=( -0.370513  0.354371  0.858569)
     C    5    Vyy=    0.6905    axis=( -0.447551 -0.878089  0.169288)
     C    5    Vzz=   -0.7496    axis=(  0.813891 -0.321530  0.483943)
     C    5  Q=         1.0000 1e-30 m^2  Cq=        -1.7613 MHz  eta= 0.84220

     H    6    Vxx=   -0.0221    axis=(  0.944432 -0.318729  0.080375)
     H    6    Vyy=   -0.4939    axis=( -0.221065 -0.434917  0.872913)
     H    6    Vzz=    0.5160    axis=( -0.243267 -0.842175 -0.481210)
     H    6  Q=         1.0000 1e-30 m^2  Cq=         1.2125 MHz  eta= 0.91435

     H    7    Vxx=    0.0117    axis=(  0.998799 -0.044729 -0.019991)
     H    7    Vyy=    0.6931    axis=( -0.019373 -0.735356  0.677404)
     H    7    Vzz=   -0.7049    axis=( -0.045000 -0.676203 -0.735339)
     H    7  Q=         1.0000 1e-30 m^2  Cq=        -1.6561 MHz  eta= 0.96673

     C    8    Vxx=   -0.0389    axis=(  0.374891  0.857473 -0.352416)
     C    8    Vyy=   -0.5562    axis=( -0.920575  0.389235 -0.032226)
     C    8    Vzz=    0.5951    axis=(  0.109540  0.336507  0.935288)
     C    8  Q=         1.0000 1e-30 m^2  Cq=         1.3982 MHz  eta= 0.86923

     H    9    Vxx=   -0.0735    axis=(  0.227442 -0.940516 -0.252388)
     H    9    Vyy=   -0.2617    axis=(  0.716463  0.337154 -0.610744)
     H    9    Vzz=    0.3353    axis=(  0.659509 -0.041918  0.750527)
     H    9  Q=         1.0000 1e-30 m^2  Cq=         0.7877 MHz  eta= 0.56125

     C   10    Vxx=   -0.0417    axis=(  0.763231 -0.645225 -0.034102)
     C   10    Vyy=   -0.6083    axis=(  0.579861  0.707284 -0.404364)
     C   10    Vzz=    0.6500    axis=(  0.285026  0.288849  0.913962)
     C   10  Q=         1.0000 1e-30 m^2  Cq=         1.5273 MHz  eta= 0.87171

     C   11    Vxx=    0.0754    axis=( -0.373248 -0.248426  0.893851)
     C   11    Vyy=    0.4144    axis=( -0.465299 -0.783409 -0.412028)
     C   11    Vzz=   -0.4898    axis=(  0.802610 -0.569697  0.176814)
     C   11  Q=         1.0000 1e-30 m^2  Cq=        -1.1509 MHz  eta= 0.69200

     Cl  12    Vxx=    0.6380    axis=( -0.342856  0.868620  0.357699)
     Cl  12    Vyy=    1.8910    axis=(  0.911039  0.400300 -0.098834)
     Cl  12    Vzz=   -2.5289    axis=(  0.229037 -0.291992  0.928592)
     Cl  12  Q=        -8.1650 1e-30 m^2  Cq=        48.5165 MHz  eta= 0.49545

     H   13    Vxx=   -0.0129    axis=(  0.994427  0.058565  0.087668)
     H   13    Vyy=   -0.5535    axis=(  0.066416  0.297818 -0.952310)
     H   13    Vzz=    0.5664    axis=( -0.081881  0.952825  0.292268)
     H   13  Q=         1.0000 1e-30 m^2  Cq=         1.3309 MHz  eta= 0.95437

     C   14    Vxx=    0.1471    axis=(  0.841934  0.257802 -0.474010)
     C   14    Vyy=    0.6683    axis=(  0.455729  0.130589  0.880487)
     C   14    Vzz=   -0.8155    axis=( -0.288892  0.957332  0.007540)
     C   14  Q=         1.0000 1e-30 m^2  Cq=        -1.9160 MHz  eta= 0.63913

     H   15    Vxx=   -0.0217    axis=( -0.518585  0.638349  0.568841)
     H   15    Vyy=   -0.5145    axis=(  0.417488  0.769637 -0.483077)
     H   15    Vzz=    0.5362    axis=(  0.746173  0.013033  0.665625)
     H   15  Q=         1.0000 1e-30 m^2  Cq=         1.2597 MHz  eta= 0.91915

     C   16    Vxx=    0.1840    axis=( -0.337394  0.500530  0.797267)
     C   16    Vyy=    0.4884    axis=( -0.539375 -0.796910  0.272048)
     C   16    Vzz=   -0.6724    axis=(  0.771518 -0.338238  0.538846)
     C   16  Q=         1.0000 1e-30 m^2  Cq=        -1.5798 MHz  eta= 0.45262

     C   17    Vxx=   -0.0126    axis=( -0.638357  0.514284 -0.572724)
     C   17    Vyy=   -0.5617    axis=( -0.157911  0.640727  0.751355)
     C   17    Vzz=    0.5743    axis=(  0.753369  0.570071 -0.327801)
     C   17  Q=         1.0000 1e-30 m^2  Cq=         1.3494 MHz  eta= 0.95598

     Cl  18    Vxx=    1.2859    axis=( -0.316719  0.923448 -0.216640)
     Cl  18    Vyy=    1.6158    axis=( -0.910663 -0.232159  0.341754)
     Cl  18    Vzz=   -2.9017    axis=(  0.265297  0.305526  0.914479)
     Cl  18  Q=        -8.1650 1e-30 m^2  Cq=        55.6669 MHz  eta= 0.11369

     H   19    Vxx=   -0.0473    axis=(  0.878237 -0.080340 -0.471429)
     H   19    Vyy=   -0.6092    axis=(  0.477908  0.183344  0.859063)
     H   19    Vzz=    0.6565    axis=(  0.017417 -0.979760  0.199414)
     H   19  Q=         1.0000 1e-30 m^2  Cq=         1.5426 MHz  eta= 0.85588

     C   20    Vxx=   -0.1329    axis=(  0.748263 -0.613532 -0.252349)
     C   20    Vyy=   -0.6590    axis=(  0.518845  0.778263 -0.353704)
     C   20    Vzz=    0.7919    axis=(  0.413402  0.133734  0.900674)
     C   20  Q=         1.0000 1e-30 m^2  Cq=         1.8605 MHz  eta= 0.66445

     H   21    Vxx=    0.0159    axis=(  0.396280  0.839487 -0.371785)
     H   21    Vyy=    0.6975    axis=(  0.915474 -0.330509  0.229504)
     H   21    Vzz=   -0.7134    axis=( -0.069787  0.431307  0.899502)
     H   21  Q=         1.0000 1e-30 m^2  Cq=        -1.6763 MHz  eta= 0.95541

     C   22    Vxx=    0.0439    axis=(  0.361693  0.792946 -0.490320)
     C   22    Vyy=    0.4129    axis=(  0.092318  0.492880  0.865186)
     C   22    Vzz=   -0.4568    axis=( -0.927715  0.358197 -0.105068)
     C   22  Q=         1.0000 1e-30 m^2  Cq=        -1.0733 MHz  eta= 0.80777

     C   23    Vxx=   -0.0102    axis=(  0.932048 -0.239202 -0.272154)
     C   23    Vyy=   -0.2778    axis=(  0.189428  0.961977 -0.196767)
     C   23    Vzz=    0.2880    axis=(  0.308873  0.131843  0.941921)
     C   23  Q=         1.0000 1e-30 m^2  Cq=         0.6767 MHz  eta= 0.92903

     Cl  24    Vxx=    0.5861    axis=( -0.688781 -0.243312  0.682920)
     Cl  24    Vyy=    2.5701    axis=( -0.433105 -0.617319 -0.656763)
     Cl  24    Vzz=   -3.1562    axis=( -0.581378  0.748142 -0.319818)
     Cl  24  Q=        -8.1650 1e-30 m^2  Cq=        60.5493 MHz  eta= 0.62860

     Initialization:
     gipaw_setup  :      9.04s CPU     11.03s WALL (       1 calls)

     Linear response

     Apply operators

     Induced current

     Other routines
     efg          :      9.77s CPU     12.70s WALL (       1 calls)

     General routines
     calbec       :      3.50s CPU      5.06s WALL (      16 calls)
     fft          :      1.33s CPU      1.70s WALL (      15 calls)
     ffts         :      0.03s CPU      0.04s WALL (       2 calls)
     fftw         :      3.46s CPU      4.25s WALL (     672 calls)
     davcio       :      0.01s CPU      0.31s WALL (      32 calls)

     Parallel routines
     fft_scatter  :      2.10s CPU      3.08s WALL (     689 calls)

     Plugins

     GIPAW        :     62.61s CPU     76.47s WALL (       1 calls)
