
     Program QE v.6.0 (svn rev. 13079) starts on  6Jan2017 at 22:52:21 

     This program is part of the open-source Quantum ESPRESSO suite
     for quantum simulation of materials; please cite
         "P. Giannozzi et al., J. Phys.:Condens. Matter 21 395502 (2009);
          URL http://www.quantum-espresso.org", 
     in publications or presentations arising from this work. More details at
     http://www.quantum-espresso.org/quote

     Parallel version (MPI), running on     8 processors
     R & G space division:  proc/nbgrp/npool/nimage =       8

     ***** This is GIPAW svn revision unknown      *****

     Parallelizing q-star over 1 images

     Reading data from directory:
     /users/majewski/paradichlorobenzene/pbe/9_constraint/scratch/pbe.ecut100.np8.dt60.pcl2phi-129368.save
     Message from routine read_xml_file:
     file /users/majewski/paradichlorobenzene/pbe/9_constraint/scratch/pbe.ecut100.np8.dt60.pcl2phi-129368.save not guaranteed to be safe for post-processing

   Info: using nr1, nr2, nr3 values from input

   Info: using nr1, nr2, nr3 values from input

     IMPORTANT: XC functional enforced from input :
     Exchange-correlation      =  SLA  PW   PBX  PBC ( 1  4  3  4 0 0)
     Any further DFT definition will be discarded
     Please, verify this is what you really want

               file C.pbe-n-kjpaw_psl.1.0.0.UPF: wavefunction(s)  2S 2P renormalized
               file Cl.pbe-n-kjpaw_psl.1.0.0.UPF: wavefunction(s)  3S 3P renormalized
               file H.pbe-kjpaw_psl.1.0.0.UPF: wavefunction(s)  1S renormalized

     Parallelization info
     --------------------
     sticks:   dense  smooth     PW     G-vecs:    dense   smooth      PW
     Min        3057    1223    332               144436    36536    5170
     Max        3059    1225    333               144437    36537    5171
     Sum       24467    9791   2657              1155489   292295   41363


     Subspace diagonalization in iterative solution of the eigenvalue problem:
     a serial algorithm will be used

     GIPAW projectors -----------------------------------------------
     atom=  C    l=0  rc=    1.2000  rs=    0.8000
     atom=  C    l=0  rc=    1.2000  rs=    0.8000
     atom=  C    l=1  rc=    1.4000  rs=    0.9333
     atom=  C    l=1  rc=    1.4000  rs=    0.9333
     projs nearly linearly dependent: l=1  n1,n2= 1, 2  s=  0.99951561

     atom=  Cl   l=0  rc=    1.6000  rs=    1.0667
     atom=  Cl   l=0  rc=    1.6000  rs=    1.0667
     atom=  Cl   l=1  rc=    1.6000  rs=    1.0667
     atom=  Cl   l=1  rc=    1.6000  rs=    1.0667
     atom=  Cl   l=2  rc=    1.6000  rs=    1.0667
     atom=  Cl   l=2  rc=    1.6000  rs=    1.0667
     projs nearly linearly dependent: l=2  n1,n2= 1, 2  s=  0.99993509

     atom=  H    l=0  rc=    1.0000  rs=    0.6667
     atom=  H    l=0  rc=    1.0000  rs=    0.6667
     projs nearly linearly dependent: l=0  n1,n2= 1, 2  s=  0.99968852
     -----------------------------------------------------------------

     GIPAW integrals: -------------------------------------------
     Atom  i/j   nmr_para   nmr_dia   epr_rmc  epr_para   epr_dia
       C   1 1   0.83E+03  0.17E-01  0.93E+01  0.24E+08  0.24E+03
       C   2 1   0.86E+03 -0.61E-01  0.94E+01  0.25E+08  0.25E+03
       C   2 2   0.90E+03 -0.15E+00  0.97E+01  0.26E+08  0.26E+03
       C   3 3   0.33E+01  0.34E+00  0.18E+01  0.55E+03  0.21E+02
       C   4 3   0.35E+01  0.37E+00  0.20E+01  0.59E+03  0.22E+02
       C   4 4   0.38E+01  0.39E+00  0.22E+01  0.63E+03  0.24E+02
       Cl  1 1   0.14E+04 -0.47E+00  0.84E+01  0.32E+09  0.42E+03
       Cl  2 1   0.21E+04 -0.37E+00  0.12E+02  0.49E+09  0.65E+03
       Cl  2 2   0.33E+04 -0.16E+00  0.21E+02  0.76E+09  0.10E+04
       Cl  3 3   0.21E+02  0.79E-01  0.89E+01  0.23E+05  0.13E+03
       Cl  4 3   0.24E+02  0.67E-01  0.99E+01  0.27E+05  0.15E+03
       Cl  4 4   0.28E+02  0.44E-01  0.11E+02  0.32E+05  0.18E+03
       Cl  5 5   0.77E+00  0.19E+00  0.18E+01  0.12E+03  0.22E+02
       Cl  6 5   0.80E+00  0.19E+00  0.19E+01  0.12E+03  0.23E+02
       Cl  6 6   0.83E+00  0.20E+00  0.19E+01  0.12E+03  0.23E+02
       H   1 1   0.39E+02  0.19E+00  0.29E+00  0.78E+05  0.13E+02
       H   2 1   0.41E+02  0.21E+00  0.32E+00  0.82E+05  0.14E+02
       H   2 2   0.43E+02  0.22E+00  0.36E+00  0.86E+05  0.15E+02
     ------------------------------------------------------------

     alpha_pv=     34.1001 eV

     Number of occupied bands for each k-point:
     k-point:     1    nbnd_occ=  42
     k-point:     2    nbnd_occ=  42
     k-point:     3    nbnd_occ=  42
     k-point:     4    nbnd_occ=  42
     k-point:     5    nbnd_occ=  42
     k-point:     6    nbnd_occ=  42
     k-point:     7    nbnd_occ=  42
     k-point:     8    nbnd_occ=  42
     k-point:     9    nbnd_occ=  42
     k-point:    10    nbnd_occ=  42
     k-point:    11    nbnd_occ=  42
     k-point:    12    nbnd_occ=  42
     k-point:    13    nbnd_occ=  42
     k-point:    14    nbnd_occ=  42
     k-point:    15    nbnd_occ=  42
     k-point:    16    nbnd_occ=  42


     q-space interpolation up to   110.00 Rydberg

     GIPAW job: efg                                                                             


     ELECTRIC FIELD GRADIENTS TENSORS IN Hartree/bohrradius^2:

     ----- bare term -----
     Cl   1       -0.240890        0.174701        0.059466
     Cl   1        0.174701       -0.013653       -0.170433
     Cl   1        0.059466       -0.170433        0.254543

     C    2        0.034255       -0.067126       -0.573431
     C    2       -0.067126       -0.115971       -0.510050
     C    2       -0.573431       -0.510050        0.081716

     C    3       -0.076057        0.452512       -0.148903
     C    3        0.452512       -0.343887       -0.469718
     C    3       -0.148903       -0.469718        0.419944

     H    4       -0.547008       -0.146839       -0.268410
     H    4       -0.146839        0.357879       -0.269409
     H    4       -0.268410       -0.269409        0.189129

     C    5       -0.351729        0.209003       -0.474306
     C    5        0.209003        0.037348       -0.390157
     C    5       -0.474306       -0.390157        0.314381

     H    6        0.351085       -0.002871       -0.042858
     H    6       -0.002871       -0.521737       -0.476050
     H    6       -0.042858       -0.476050        0.170652

     H    7        0.203975       -0.138132        0.175385
     H    7       -0.138132       -0.262252        0.541129
     H    7        0.175385        0.541129        0.058277

     C    8       -0.169795        0.209521       -0.416904
     C    8        0.209521       -0.055833        0.513067
     C    8       -0.416904        0.513067        0.225628

     H    9       -0.189357        0.135056       -0.402482
     H    9        0.135056        0.130820        0.437480
     H    9       -0.402482        0.437480        0.058537

     C   10       -0.259047       -0.376443       -0.208275
     C   10       -0.376443       -0.153328        0.313126
     C   10       -0.208275        0.313126        0.412375

     C   11        0.051143        0.266614       -0.544900
     C   11        0.266614       -0.248353        0.537218
     C   11       -0.544900        0.537218        0.197210

     Cl  12       -0.139298       -0.202018       -0.169645
     Cl  12       -0.202018       -0.127832        0.041520
     Cl  12       -0.169645        0.041520        0.267131

     H   13        0.152868       -0.448320        0.133843
     H   13       -0.448320       -0.504459       -0.125777
     H   13        0.133843       -0.125777        0.351591

     C   14       -0.070281        0.440889       -0.291245
     C   14        0.440889       -0.344641       -0.215415
     C   14       -0.291245       -0.215415        0.414922

     H   15       -0.610431       -0.408607        0.101758
     H   15       -0.408607        0.329439        0.004564
     H   15        0.101758        0.004564        0.280991

     C   16        0.029545       -0.040748       -0.347185
     C   16       -0.040748       -0.269136       -0.411983
     C   16       -0.347185       -0.411983        0.239591

     C   17       -0.293485        0.358190       -0.332766
     C   17        0.358190       -0.159794       -0.314490
     C   17       -0.332766       -0.314490        0.453279

     Cl  18        0.032088       -0.130730       -0.117941
     Cl  18       -0.130730       -0.048302        0.039187
     Cl  18       -0.117941        0.039187        0.016213

     H   19        0.478901        0.148337       -0.001640
     H   19        0.148337       -0.692118        0.032871
     H   19       -0.001640        0.032871        0.213218

     C   20       -0.427567       -0.238225       -0.386833
     C   20       -0.238225       -0.106870        0.397144
     C   20       -0.386833        0.397144        0.534437

     H   21       -0.435291        0.549800       -0.054352
     H   21        0.549800        0.085039       -0.040230
     H   21       -0.054352       -0.040230        0.350252

     C   22       -0.177383       -0.268719       -0.407408
     C   22       -0.268719       -0.060017        0.416781
     C   22       -0.407408        0.416781        0.237400

     C   23        0.034766       -0.393962       -0.065068
     C   23       -0.393962       -0.347863        0.471431
     C   23       -0.065068        0.471431        0.313097

     Cl  24       -0.010452       -0.112043        0.103990
     Cl  24       -0.112043        0.001668       -0.123767
     Cl  24        0.103990       -0.123767        0.008784

     ----- ionic term -----
     Cl   1        0.172500       -0.184849       -0.047346
     Cl   1       -0.184849       -0.050362        0.033249
     Cl   1       -0.047346        0.033249       -0.122138

     C    2        0.302680       -0.076524        0.165740
     C    2       -0.076524        0.069132        0.415154
     C    2        0.165740        0.415154       -0.371813

     C    3        0.269332       -0.240853        0.122121
     C    3       -0.240853        0.159039        0.360380
     C    3        0.122121        0.360380       -0.428372

     H    4        0.859499        0.258536        0.486541
     H    4        0.258536       -0.456991        0.178007
     H    4        0.486541        0.178007       -0.402508

     C    5        0.407192       -0.201586        0.204958
     C    5       -0.201586        0.061632        0.268560
     C    5        0.204958        0.268560       -0.468824

     H    6       -0.496449        0.144945        0.089226
     H    6        0.144945        0.809883        0.605720
     H    6        0.089226        0.605720       -0.313434

     H    7       -0.524149       -0.021989        0.012559
     H    7       -0.021989        0.471939       -0.765467
     H    7        0.012559       -0.765467        0.052210

     C    8        0.249050        0.150086        0.264039
     C    8        0.150086        0.063878       -0.310971
     C    8        0.264039       -0.310971       -0.312928

     H    9        0.490116       -0.354093        0.708372
     H    9       -0.354093       -0.363619       -0.298615
     H    9        0.708372       -0.298615       -0.126496

     C   10        0.121372        0.201481        0.228274
     C   10        0.201481        0.245514       -0.374858
     C   10        0.228274       -0.374858       -0.366885

     C   11        0.161153        0.076856        0.322339
     C   11        0.076856        0.224213       -0.408299
     C   11        0.322339       -0.408299       -0.385366

     Cl  12        0.136218        0.207941        0.049108
     Cl  12        0.207941        0.017585        0.021029
     Cl  12        0.049108        0.021029       -0.153803

     H   13       -0.507892        0.103994        0.040436
     H   13        0.103994        0.732921        0.650160
     H   13        0.040436        0.650160       -0.225029

     C   14        0.317393       -0.129836        0.192721
     C   14       -0.129836        0.083098        0.305566
     C   14        0.192721        0.305566       -0.400491

     H   15        0.619859        0.416513        0.567469
     H   15        0.416513       -0.369384        0.270065
     H   15        0.567469        0.270065       -0.250475

     C   16        0.154629       -0.159731        0.149373
     C   16       -0.159731        0.211173        0.398118
     C   16        0.149373        0.398118       -0.365802

     C   17        0.262858       -0.163557        0.233888
     C   17       -0.163557        0.149357        0.338408
     C   17        0.233888        0.338408       -0.412215

     Cl  18        0.113223       -0.225181       -0.000118
     Cl  18       -0.225181        0.053397       -0.007125
     Cl  18       -0.000118       -0.007125       -0.166619

     H   19       -0.508381       -0.039047        0.035590
     H   19       -0.039047        0.801187       -0.600499
     H   19        0.035590       -0.600499       -0.292806

     C   20        0.301763        0.078705        0.317976
     C   20        0.078705        0.092633       -0.292208
     C   20        0.317976       -0.292208       -0.394396

     H   21        0.673168       -0.495002        0.470331
     H   21       -0.495002       -0.280872       -0.258230
     H   21        0.470331       -0.258230       -0.392296

     C   22        0.173506        0.133318        0.191332
     C   22        0.133318        0.246689       -0.348564
     C   22        0.191332       -0.348564       -0.420195

     C   23        0.186719        0.132622        0.275679
     C   23        0.132622        0.209913       -0.384960
     C   23        0.275679       -0.384960       -0.396633

     Cl  24        0.168255        0.217081        0.020988
     Cl  24        0.217081        0.001477        0.008874
     Cl  24        0.020988        0.008874       -0.169732

     ----- GIPAW term -----
     Cl   1       -0.426982       -1.565547        0.524590
     Cl   1       -1.565547       -0.046048       -1.762369
     Cl   1        0.524590       -1.762369        0.473030

     C    2        0.223779       -0.055845       -0.158966
     C    2       -0.055845       -0.074901       -0.088194
     C    2       -0.158966       -0.088194       -0.148878

     C    3        0.059185        0.077406       -0.020898
     C    3        0.077406       -0.088241       -0.064351
     C    3       -0.020898       -0.064351        0.029056

     H    4       -0.000000        0.000000        0.000000
     H    4        0.000000        0.000000        0.000000
     H    4        0.000000        0.000000        0.000000

     C    5        0.015447        0.086081       -0.121871
     C    5        0.086081       -0.024448       -0.094068
     C    5       -0.121871       -0.094068        0.009001

     H    6       -0.000000        0.000000        0.000000
     H    6        0.000000        0.000000        0.000000
     H    6        0.000000        0.000000        0.000000

     H    7       -0.000000        0.000000        0.000000
     H    7        0.000000        0.000000        0.000000
     H    7        0.000000        0.000000        0.000000

     C    8        0.108541        0.173282       -0.008959
     C    8        0.173282       -0.049321        0.130136
     C    8       -0.008959        0.130136       -0.059220

     H    9       -0.000000        0.000000        0.000000
     H    9        0.000000        0.000000        0.000000
     H    9        0.000000        0.000000        0.000000

     C   10        0.016862        0.062337       -0.060386
     C   10        0.062337        0.002532        0.003242
     C   10       -0.060386        0.003242       -0.019394

     C   11        0.120886        0.231528       -0.186477
     C   11        0.231528       -0.073842        0.020077
     C   11       -0.186477        0.020077       -0.047044

     Cl  12        0.399783        0.937422       -1.925185
     Cl  12        0.937422       -1.262590        0.489339
     Cl  12       -1.925185        0.489339        0.862807

     H   13       -0.000000        0.000000        0.000000
     H   13        0.000000        0.000000        0.000000
     H   13        0.000000        0.000000        0.000000

     C   14        0.151801        0.119486       -0.176496
     C   14        0.119486       -0.160264       -0.058565
     C   14       -0.176496       -0.058565        0.008463

     H   15       -0.000000        0.000000        0.000000
     H   15        0.000000        0.000000        0.000000
     H   15        0.000000        0.000000        0.000000

     C   16        0.079039       -0.002994       -0.212378
     C   16       -0.002994       -0.115498       -0.056149
     C   16       -0.212378       -0.056149        0.036459

     C   17        0.056722       -0.012769       -0.223341
     C   17       -0.012769       -0.137053       -0.035038
     C   17       -0.223341       -0.035038        0.080330

     Cl  18        1.503555       -2.909233       -1.249348
     Cl  18       -2.909233       -0.479776        0.474289
     Cl  18       -1.249348        0.474289       -1.023780

     H   19       -0.000000        0.000000        0.000000
     H   19        0.000000        0.000000        0.000000
     H   19        0.000000        0.000000        0.000000

     C   20       -0.108165       -0.067913       -0.120499
     C   20       -0.067913       -0.066236        0.157925
     C   20       -0.120499        0.157925        0.174401

     H   21       -0.000000        0.000000        0.000000
     H   21        0.000000        0.000000        0.000000
     H   21        0.000000        0.000000        0.000000

     C   22        0.059479       -0.147714       -0.149132
     C   22       -0.147714        0.001434        0.087785
     C   22       -0.149132        0.087785       -0.060913

     C   23        0.164384       -0.047628        0.082930
     C   23       -0.047628       -0.091353        0.017648
     C   23        0.082930        0.017648       -0.073031

     Cl  24        1.312188        0.824875        1.220364
     Cl  24        0.824875       -0.062198       -1.179290
     Cl  24        1.220364       -1.179290       -1.249990

     ----- total EFG -----
     Cl   1       -0.495372       -1.575696        0.536711
     Cl   1       -1.575696       -0.110063       -1.899553
     Cl   1        0.536711       -1.899553        0.605435

     C    2        0.560714       -0.199495       -0.566657
     C    2       -0.199495       -0.121740       -0.183089
     C    2       -0.566657       -0.183089       -0.438974

     C    3        0.252460        0.289065       -0.047680
     C    3        0.289065       -0.273089       -0.173688
     C    3       -0.047680       -0.173688        0.020629

     H    4        0.312491        0.111697        0.218131
     H    4        0.111697       -0.099112       -0.091402
     H    4        0.218131       -0.091402       -0.213379

     C    5        0.070910        0.093498       -0.391220
     C    5        0.093498        0.074532       -0.215666
     C    5       -0.391220       -0.215666       -0.145442

     H    6       -0.145364        0.142073        0.046369
     H    6        0.142073        0.288146        0.129670
     H    6        0.046369        0.129670       -0.142783

     H    7       -0.320173       -0.160121        0.187944
     H    7       -0.160121        0.209686       -0.224338
     H    7        0.187944       -0.224338        0.110487

     C    8        0.187796        0.532889       -0.161824
     C    8        0.532889       -0.041275        0.332232
     C    8       -0.161824        0.332232       -0.146521

     H    9        0.300759       -0.219036        0.305890
     H    9       -0.219036       -0.232799        0.138865
     H    9        0.305890        0.138865       -0.067960

     C   10       -0.120814       -0.112626       -0.040388
     C   10       -0.112626        0.094718       -0.058490
     C   10       -0.040388       -0.058490        0.026096

     C   11        0.333182        0.574998       -0.409038
     C   11        0.574998       -0.097983        0.148995
     C   11       -0.409038        0.148995       -0.235200

     Cl  12        0.396703        0.943345       -2.045722
     Cl  12        0.943345       -1.372838        0.551888
     Cl  12       -2.045722        0.551888        0.976135

     H   13       -0.355024       -0.344325        0.174279
     H   13       -0.344325        0.228462        0.524382
     H   13        0.174279        0.524382        0.126562

     C   14        0.398913        0.430539       -0.275019
     C   14        0.430539       -0.421808        0.031585
     C   14       -0.275019        0.031585        0.022894

     H   15        0.009428        0.007906        0.669227
     H   15        0.007906       -0.039944        0.274629
     H   15        0.669227        0.274629        0.030516

     C   16        0.263213       -0.203473       -0.410190
     C   16       -0.203473       -0.173461       -0.070014
     C   16       -0.410190       -0.070014       -0.089752

     C   17        0.026096        0.181864       -0.322219
     C   17        0.181864       -0.147489       -0.011120
     C   17       -0.322219       -0.011120        0.121394

     Cl  18        1.648866       -3.265144       -1.367407
     Cl  18       -3.265144       -0.474681        0.506351
     Cl  18       -1.367407        0.506351       -1.174185

     H   19       -0.029480        0.109289        0.033950
     H   19        0.109289        0.109069       -0.567628
     H   19        0.033950       -0.567628       -0.079589

     C   20       -0.233969       -0.227433       -0.189356
     C   20       -0.227433       -0.080473        0.262860
     C   20       -0.189356        0.262860        0.314442

     H   21        0.237877        0.054798        0.415978
     H   21        0.054798       -0.195833       -0.298459
     H   21        0.415978       -0.298459       -0.042044

     C   22        0.055602       -0.283115       -0.365208
     C   22       -0.283115        0.188106        0.156002
     C   22       -0.365208        0.156002       -0.243708

     C   23        0.385869       -0.308969        0.293541
     C   23       -0.308969       -0.229303        0.104119
     C   23        0.293541        0.104119       -0.156566

     Cl  24        1.469991        0.929913        1.345341
     Cl  24        0.929913       -0.059053       -1.294183
     Cl  24        1.345341       -1.294183       -1.410938

     ----- total EFG (symmetrized) -----
     Cl   1       -0.495372       -1.575696        0.536711
     Cl   1       -1.575696       -0.110063       -1.899553
     Cl   1        0.536711       -1.899553        0.605435

     C    2        0.560714       -0.199495       -0.566657
     C    2       -0.199495       -0.121740       -0.183089
     C    2       -0.566657       -0.183089       -0.438974

     C    3        0.252460        0.289065       -0.047680
     C    3        0.289065       -0.273089       -0.173688
     C    3       -0.047680       -0.173688        0.020629

     H    4        0.312491        0.111697        0.218131
     H    4        0.111697       -0.099112       -0.091402
     H    4        0.218131       -0.091402       -0.213379

     C    5        0.070910        0.093498       -0.391220
     C    5        0.093498        0.074532       -0.215666
     C    5       -0.391220       -0.215666       -0.145442

     H    6       -0.145364        0.142073        0.046369
     H    6        0.142073        0.288146        0.129670
     H    6        0.046369        0.129670       -0.142783

     H    7       -0.320173       -0.160121        0.187944
     H    7       -0.160121        0.209686       -0.224338
     H    7        0.187944       -0.224338        0.110487

     C    8        0.187796        0.532889       -0.161824
     C    8        0.532889       -0.041275        0.332232
     C    8       -0.161824        0.332232       -0.146521

     H    9        0.300759       -0.219036        0.305890
     H    9       -0.219036       -0.232799        0.138865
     H    9        0.305890        0.138865       -0.067960

     C   10       -0.120814       -0.112626       -0.040388
     C   10       -0.112626        0.094718       -0.058490
     C   10       -0.040388       -0.058490        0.026096

     C   11        0.333182        0.574998       -0.409038
     C   11        0.574998       -0.097983        0.148995
     C   11       -0.409038        0.148995       -0.235200

     Cl  12        0.396703        0.943345       -2.045722
     Cl  12        0.943345       -1.372838        0.551888
     Cl  12       -2.045722        0.551888        0.976135

     H   13       -0.355024       -0.344325        0.174279
     H   13       -0.344325        0.228462        0.524382
     H   13        0.174279        0.524382        0.126562

     C   14        0.398913        0.430539       -0.275019
     C   14        0.430539       -0.421808        0.031585
     C   14       -0.275019        0.031585        0.022894

     H   15        0.009428        0.007906        0.669227
     H   15        0.007906       -0.039944        0.274629
     H   15        0.669227        0.274629        0.030516

     C   16        0.263213       -0.203473       -0.410190
     C   16       -0.203473       -0.173461       -0.070014
     C   16       -0.410190       -0.070014       -0.089752

     C   17        0.026096        0.181864       -0.322219
     C   17        0.181864       -0.147489       -0.011120
     C   17       -0.322219       -0.011120        0.121394

     Cl  18        1.648866       -3.265144       -1.367407
     Cl  18       -3.265144       -0.474681        0.506351
     Cl  18       -1.367407        0.506351       -1.174185

     H   19       -0.029480        0.109289        0.033950
     H   19        0.109289        0.109069       -0.567628
     H   19        0.033950       -0.567628       -0.079589

     C   20       -0.233969       -0.227433       -0.189356
     C   20       -0.227433       -0.080473        0.262860
     C   20       -0.189356        0.262860        0.314442

     H   21        0.237877        0.054798        0.415978
     H   21        0.054798       -0.195833       -0.298459
     H   21        0.415978       -0.298459       -0.042044

     C   22        0.055602       -0.283115       -0.365208
     C   22       -0.283115        0.188106        0.156002
     C   22       -0.365208        0.156002       -0.243708

     C   23        0.385869       -0.308969        0.293541
     C   23       -0.308969       -0.229303        0.104119
     C   23        0.293541        0.104119       -0.156566

     Cl  24        1.469991        0.929913        1.345341
     Cl  24        0.929913       -0.059053       -1.294183
     Cl  24        1.345341       -1.294183       -1.410938


     NQR/NMR SPECTROSCOPIC PARAMETERS:
     Cl   1    Vxx=   -0.5583    axis=( -0.732287  0.193172  0.653024)
     Cl   1    Vyy=   -2.2620    axis=(  0.543977  0.742818  0.390269)
     Cl   1    Vzz=    2.8203    axis=( -0.409689  0.641020 -0.649037)
     Cl   1  Q=        -8.1650 1e-30 m^2  Cq=       -54.1062 MHz  eta= 0.60406

     C    2    Vxx=   -0.0403    axis=(  0.040089 -0.928416  0.369373)
     C    2    Vyy=   -0.7887    axis=(  0.406148  0.352895  0.842917)
     C    2    Vzz=    0.8289    axis=( -0.912928  0.116228  0.391221)
     C    2  Q=         1.0000 1e-30 m^2  Cq=         1.9477 MHz  eta= 0.90281

     C    3    Vxx=    0.0290    axis=(  0.388768 -0.150593  0.908945)
     C    3    Vyy=    0.4153    axis=( -0.852842 -0.432092  0.293183)
     C    3    Vzz=   -0.4443    axis=(  0.348596 -0.889167 -0.296415)
     C    3  Q=         1.0000 1e-30 m^2  Cq=        -1.0440 MHz  eta= 0.86941

     H    4    Vxx=   -0.0486    axis=(  0.012572  0.881425 -0.472156)
     H    4    Vyy=   -0.3541    axis=( -0.344994  0.447022  0.825319)
     H    4    Vzz=    0.4026    axis=(  0.938521  0.152515  0.309707)
     H    4  Q=         1.0000 1e-30 m^2  Cq=         0.9460 MHz  eta= 0.75880

     C    5    Vxx=   -0.0070    axis=(  0.507944 -0.855186 -0.103194)
     C    5    Vyy=   -0.4699    axis=(  0.544927  0.226238  0.807385)
     C    5    Vzz=    0.4769    axis=( -0.667118 -0.466340  0.580930)
     C    5  Q=         1.0000 1e-30 m^2  Cq=         1.1206 MHz  eta= 0.97054

     H    6    Vxx=   -0.1757    axis=(  0.419559 -0.361312  0.832721)
     H    6    Vyy=   -0.1919    axis=(  0.863629 -0.123569 -0.488748)
     H    6    Vzz=    0.3676    axis=(  0.279489  0.924221  0.260195)
     H    6  Q=         1.0000 1e-30 m^2  Cq=         0.8638 MHz  eta= 0.04420

     H    7    Vxx=   -0.0641    axis=(  0.118919  0.669967  0.732805)
     H    7    Vyy=   -0.4010    axis=( -0.947642 -0.143710  0.285169)
     H    7    Vzz=    0.4651    axis=(  0.296365 -0.728349  0.617799)
     H    7  Q=         1.0000 1e-30 m^2  Cq=         1.0929 MHz  eta= 0.72431

     C    8    Vxx=    0.0771    axis=( -0.440776  0.343430  0.829321)
     C    8    Vyy=    0.6288    axis=( -0.745395 -0.654796 -0.125012)
     C    8    Vzz=   -0.7058    axis=(  0.500103 -0.673274  0.544609)
     C    8  Q=         1.0000 1e-30 m^2  Cq=        -1.6584 MHz  eta= 0.78163

     H    9    Vxx=   -0.0230    axis=( -0.205118  0.679966  0.703969)
     H    9    Vyy=   -0.4734    axis=(  0.423253  0.710155 -0.562616)
     H    9    Vzz=    0.4963    axis=(  0.882487 -0.182554  0.433463)
     H    9  Q=         1.0000 1e-30 m^2  Cq=         1.1661 MHz  eta= 0.90749

     C   10    Vxx=    0.0313    axis=( -0.373111  0.177215  0.910705)
     C   10    Vyy=    0.1550    axis=( -0.321125  0.896250 -0.305966)
     C   10    Vzz=   -0.1863    axis=( -0.870441 -0.406609 -0.277492)
     C   10  Q=         1.0000 1e-30 m^2  Cq=        -0.4377 MHz  eta= 0.66441

     C   11    Vxx=   -0.0402    axis=( -0.134541  0.630914  0.764099)
     C   11    Vyy=   -0.7590    axis=(  0.537858 -0.601132  0.591058)
     C   11    Vzz=    0.7991    axis=( -0.832231 -0.490498  0.258465)
     C   11  Q=         1.0000 1e-30 m^2  Cq=         1.8776 MHz  eta= 0.89951

     Cl  12    Vxx=   -0.3088    axis=(  0.503642  0.705285  0.498917)
     Cl  12    Vyy=   -2.4543    axis=(  0.551554 -0.706996  0.442656)
     Cl  12    Vzz=    2.7631    axis=( -0.664931 -0.052240  0.745076)
     Cl  12  Q=        -8.1650 1e-30 m^2  Cq=       -53.0089 MHz  eta= 0.77649

     H   13    Vxx=   -0.0048    axis=(  0.684858 -0.382873  0.619982)
     H   13    Vyy=   -0.7194    axis=( -0.714659 -0.519011  0.468925)
     H   13    Vzz=    0.7242    axis=( -0.142239  0.764222  0.629073)
     H   13  Q=         1.0000 1e-30 m^2  Cq=         1.7016 MHz  eta= 0.98686

     C   14    Vxx=   -0.0371    axis=(  0.237553  0.340541  0.909725)
     C   14    Vyy=   -0.6370    axis=( -0.423415  0.879181 -0.218542)
     C   14    Vzz=    0.6741    axis=( -0.874236 -0.333276  0.353042)
     C   14  Q=         1.0000 1e-30 m^2  Cq=         1.5839 MHz  eta= 0.88994

     H   15    Vxx=   -0.0384    axis=( -0.381028  0.924420  0.016290)
     H   15    Vyy=   -0.7044    axis=( -0.654504 -0.282134  0.701445)
     H   15    Vzz=    0.7428    axis=(  0.653025  0.256608  0.712538)
     H   15  Q=         1.0000 1e-30 m^2  Cq=         1.7452 MHz  eta= 0.89670

     C   16    Vxx=   -0.0925    axis=(  0.145328 -0.830370  0.537927)
     C   16    Vyy=   -0.4655    axis=( -0.524003 -0.525782 -0.670056)
     C   16    Vzz=    0.5580    axis=( -0.839226  0.184497  0.511527)
     C   16  Q=         1.0000 1e-30 m^2  Cq=         1.3110 MHz  eta= 0.66846

     C   17    Vxx=   -0.0814    axis=(  0.315653  0.777382  0.544095)
     C   17    Vyy=   -0.3474    axis=( -0.673302  0.587540 -0.448844)
     C   17    Vzz=    0.4288    axis=( -0.668601 -0.224661  0.708872)
     C   17  Q=         1.0000 1e-30 m^2  Cq=         1.0076 MHz  eta= 0.62024

     Cl  18    Vxx=   -1.4267    axis=(  0.042507 -0.351605  0.935183)
     Cl  18    Vyy=   -2.9503    axis=( -0.609010 -0.751145 -0.254730)
     Cl  18    Vzz=    4.3770    axis=(  0.792023 -0.558708 -0.246060)
     Cl  18  Q=        -8.1650 1e-30 m^2  Cq=       -83.9701 MHz  eta= 0.34808

     H   19    Vxx=   -0.0185    axis=(  0.979685  0.037385  0.197027)
     H   19    Vyy=   -0.5778    axis=( -0.174431  0.643614  0.745208)
     H   19    Vzz=    0.5963    axis=( -0.098949 -0.764437  0.637060)
     H   19  Q=         1.0000 1e-30 m^2  Cq=         1.4010 MHz  eta= 0.93801

     C   20    Vxx=   -0.1454    axis=( -0.475815  0.664769 -0.575919)
     C   20    Vyy=   -0.3973    axis=( -0.812736 -0.582632 -0.001048)
     C   20    Vzz=    0.5427    axis=( -0.336246  0.467571  0.817506)
     C   20  Q=         1.0000 1e-30 m^2  Cq=         1.2751 MHz  eta= 0.46408

     H   21    Vxx=   -0.0037    axis=(  0.510623  0.762629 -0.397065)
     H   21    Vyy=   -0.5580    axis=( -0.396937  0.618742  0.677938)
     H   21    Vzz=    0.5617    axis=(  0.762696 -0.188561  0.618660)
     H   21  Q=         1.0000 1e-30 m^2  Cq=         1.3199 MHz  eta= 0.98665

     C   22    Vxx=   -0.0814    axis=(  0.505026  0.763527 -0.402462)
     C   22    Vyy=   -0.4902    axis=( -0.573679 -0.051440 -0.817463)
     C   22    Vzz=    0.5716    axis=( -0.644858  0.643724  0.412041)
     C   22  Q=         1.0000 1e-30 m^2  Cq=         1.3430 MHz  eta= 0.71522

     C   23    Vxx=   -0.0855    axis=( -0.046696  0.649661  0.758789)
     C   23    Vyy=   -0.5050    axis=(  0.430599  0.698509 -0.571551)
     C   23    Vzz=    0.5904    axis=(  0.901335 -0.300044  0.312361)
     C   23  Q=         1.0000 1e-30 m^2  Cq=         1.3873 MHz  eta= 0.71044

     Cl  24    Vxx=    0.7193    axis=( -0.058824  0.836243 -0.545195)
     Cl  24    Vyy=    2.0978    axis=( -0.932615 -0.240824 -0.268761)
     Cl  24    Vzz=   -2.8171    axis=( -0.356045  0.492648  0.794059)
     Cl  24  Q=        -8.1650 1e-30 m^2  Cq=        54.0447 MHz  eta= 0.48934

     Initialization:
     gipaw_setup  :      9.16s CPU     10.73s WALL (       1 calls)

     Linear response

     Apply operators

     Induced current

     Other routines
     efg          :      9.25s CPU     11.58s WALL (       1 calls)

     General routines
     calbec       :      3.34s CPU      4.37s WALL (      16 calls)
     fft          :      1.97s CPU      3.67s WALL (      15 calls)
     ffts         :      0.04s CPU      0.05s WALL (       2 calls)
     fftw         :      3.17s CPU      3.78s WALL (     672 calls)
     davcio       :      0.03s CPU      0.36s WALL (      32 calls)

     Parallel routines
     fft_scatter  :      2.46s CPU      4.60s WALL (     689 calls)

     Plugins

     GIPAW        :     61.09s CPU     72.53s WALL (       1 calls)
