
     Program QE v.6.0 (svn rev. 13079) starts on 23Dec2016 at  0:43:33 

     This program is part of the open-source Quantum ESPRESSO suite
     for quantum simulation of materials; please cite
         "P. Giannozzi et al., J. Phys.:Condens. Matter 21 395502 (2009);
          URL http://www.quantum-espresso.org", 
     in publications or presentations arising from this work. More details at
     http://www.quantum-espresso.org/quote

     Parallel version (MPI), running on     8 processors
     R & G space division:  proc/nbgrp/npool/nimage =       8

     ***** This is GIPAW svn revision unknown      *****

     Parallelizing q-star over 1 images

     Reading data from directory:
     /users/majewski/paradichlorobenzene/pbe/9_constraint/scratch/pbe.ecut100.np8.dt60.pcl2phi-129368.save
     Message from routine read_xml_file:
     file /users/majewski/paradichlorobenzene/pbe/9_constraint/scratch/pbe.ecut100.np8.dt60.pcl2phi-129368.save not guaranteed to be safe for post-processing

   Info: using nr1, nr2, nr3 values from input

   Info: using nr1, nr2, nr3 values from input

     IMPORTANT: XC functional enforced from input :
     Exchange-correlation      =  SLA  PW   PBX  PBC ( 1  4  3  4 0 0)
     Any further DFT definition will be discarded
     Please, verify this is what you really want

               file C.pbe-n-kjpaw_psl.1.0.0.UPF: wavefunction(s)  2S 2P renormalized
               file Cl.pbe-n-kjpaw_psl.1.0.0.UPF: wavefunction(s)  3S 3P renormalized
               file H.pbe-kjpaw_psl.1.0.0.UPF: wavefunction(s)  1S renormalized

     Parallelization info
     --------------------
     sticks:   dense  smooth     PW     G-vecs:    dense   smooth      PW
     Min        3057    1223    332               144436    36536    5170
     Max        3059    1225    333               144437    36537    5171
     Sum       24467    9791   2657              1155489   292295   41363


     Subspace diagonalization in iterative solution of the eigenvalue problem:
     a serial algorithm will be used

     GIPAW projectors -----------------------------------------------
     atom=  C    l=0  rc=    1.2000  rs=    0.8000
     atom=  C    l=0  rc=    1.2000  rs=    0.8000
     atom=  C    l=1  rc=    1.4000  rs=    0.9333
     atom=  C    l=1  rc=    1.4000  rs=    0.9333
     projs nearly linearly dependent: l=1  n1,n2= 1, 2  s=  0.99951561

     atom=  Cl   l=0  rc=    1.6000  rs=    1.0667
     atom=  Cl   l=0  rc=    1.6000  rs=    1.0667
     atom=  Cl   l=1  rc=    1.6000  rs=    1.0667
     atom=  Cl   l=1  rc=    1.6000  rs=    1.0667
     atom=  Cl   l=2  rc=    1.6000  rs=    1.0667
     atom=  Cl   l=2  rc=    1.6000  rs=    1.0667
     projs nearly linearly dependent: l=2  n1,n2= 1, 2  s=  0.99993509

     atom=  H    l=0  rc=    1.0000  rs=    0.6667
     atom=  H    l=0  rc=    1.0000  rs=    0.6667
     projs nearly linearly dependent: l=0  n1,n2= 1, 2  s=  0.99968852
     -----------------------------------------------------------------

     GIPAW integrals: -------------------------------------------
     Atom  i/j   nmr_para   nmr_dia   epr_rmc  epr_para   epr_dia
       C   1 1   0.83E+03  0.17E-01  0.93E+01  0.24E+08  0.24E+03
       C   2 1   0.86E+03 -0.61E-01  0.94E+01  0.25E+08  0.25E+03
       C   2 2   0.90E+03 -0.15E+00  0.97E+01  0.26E+08  0.26E+03
       C   3 3   0.33E+01  0.34E+00  0.18E+01  0.55E+03  0.21E+02
       C   4 3   0.35E+01  0.37E+00  0.20E+01  0.59E+03  0.22E+02
       C   4 4   0.38E+01  0.39E+00  0.22E+01  0.63E+03  0.24E+02
       Cl  1 1   0.14E+04 -0.47E+00  0.84E+01  0.32E+09  0.42E+03
       Cl  2 1   0.21E+04 -0.37E+00  0.12E+02  0.49E+09  0.65E+03
       Cl  2 2   0.33E+04 -0.16E+00  0.21E+02  0.76E+09  0.10E+04
       Cl  3 3   0.21E+02  0.79E-01  0.89E+01  0.23E+05  0.13E+03
       Cl  4 3   0.24E+02  0.67E-01  0.99E+01  0.27E+05  0.15E+03
       Cl  4 4   0.28E+02  0.44E-01  0.11E+02  0.32E+05  0.18E+03
       Cl  5 5   0.77E+00  0.19E+00  0.18E+01  0.12E+03  0.22E+02
       Cl  6 5   0.80E+00  0.19E+00  0.19E+01  0.12E+03  0.23E+02
       Cl  6 6   0.83E+00  0.20E+00  0.19E+01  0.12E+03  0.23E+02
       H   1 1   0.39E+02  0.19E+00  0.29E+00  0.78E+05  0.13E+02
       H   2 1   0.41E+02  0.21E+00  0.32E+00  0.82E+05  0.14E+02
       H   2 2   0.43E+02  0.22E+00  0.36E+00  0.86E+05  0.15E+02
     ------------------------------------------------------------

     alpha_pv=     33.6940 eV

     Number of occupied bands for each k-point:
     k-point:     1    nbnd_occ=  42
     k-point:     2    nbnd_occ=  42
     k-point:     3    nbnd_occ=  42
     k-point:     4    nbnd_occ=  42
     k-point:     5    nbnd_occ=  42
     k-point:     6    nbnd_occ=  42
     k-point:     7    nbnd_occ=  42
     k-point:     8    nbnd_occ=  42
     k-point:     9    nbnd_occ=  42
     k-point:    10    nbnd_occ=  42
     k-point:    11    nbnd_occ=  42
     k-point:    12    nbnd_occ=  42
     k-point:    13    nbnd_occ=  42
     k-point:    14    nbnd_occ=  42
     k-point:    15    nbnd_occ=  42
     k-point:    16    nbnd_occ=  42


     q-space interpolation up to   110.00 Rydberg

     GIPAW job: efg                                                                             


     ELECTRIC FIELD GRADIENTS TENSORS IN Hartree/bohrradius^2:

     ----- bare term -----
     Cl   1       -0.057975        0.086062        0.001117
     Cl   1        0.086062        0.014313        0.005649
     Cl   1        0.001117        0.005649        0.043661

     C    2       -0.130408        0.016939       -0.162821
     C    2        0.016939       -0.001500       -0.471115
     C    2       -0.162821       -0.471115        0.131907

     C    3       -0.014724        0.078273        0.188633
     C    3        0.078273       -0.087334        0.111357
     C    3        0.188633        0.111357        0.102059

     H    4       -0.220970       -0.380968        0.143853
     H    4       -0.380968       -0.009415        0.179114
     H    4        0.143853        0.179114        0.230385

     C    5       -0.139812       -0.108776       -0.181195
     C    5       -0.108776       -0.080559       -0.113108
     C    5       -0.181195       -0.113108        0.220372

     H    6        0.389534       -0.216643        0.048262
     H    6       -0.216643       -0.621026        0.246361
     H    6        0.048262        0.246361        0.231492

     H    7        0.121205        0.034920        0.108792
     H    7        0.034920       -0.274049        0.554969
     H    7        0.108792        0.554969        0.152844

     C    8       -0.761732       -0.303771       -0.390223
     C    8       -0.303771        0.240500        0.085846
     C    8       -0.390223        0.085846        0.521232

     H    9       -0.059613        0.046097       -0.518151
     H    9        0.046097        0.109960       -0.167368
     H    9       -0.518151       -0.167368       -0.050346

     C   10        0.041243       -0.377948       -0.102883
     C   10       -0.377948       -0.126053        0.616707
     C   10       -0.102883        0.616707        0.084810

     C   11       -0.521359       -0.227574       -0.378041
     C   11       -0.227574        0.147251        0.239419
     C   11       -0.378041        0.239419        0.374108

     Cl  12       -0.021600        0.052097       -0.039207
     Cl  12        0.052097        0.120000        0.059459
     Cl  12       -0.039207        0.059459       -0.098401

     H   13        0.296146        0.189499       -0.172924
     H   13        0.189499       -0.567401       -0.218580
     H   13       -0.172924       -0.218580        0.271256

     C   14       -0.395856        0.134949       -0.395916
     C   14        0.134949       -0.005712       -0.389690
     C   14       -0.395916       -0.389690        0.401568

     H   15       -0.324576       -0.490412       -0.003723
     H   15       -0.490412        0.099398        0.161756
     H   15       -0.003723        0.161756        0.225178

     C   16       -0.225310        0.319166       -0.116520
     C   16        0.319166       -0.370382       -0.537336
     C   16       -0.116520       -0.537336        0.595691

     C   17       -0.174574        0.255873       -0.172497
     C   17        0.255873       -0.236735       -0.480340
     C   17       -0.172497       -0.480340        0.411309

     Cl  18        0.020135        0.154133       -0.061361
     Cl  18        0.154133        0.080352       -0.054486
     Cl  18       -0.061361       -0.054486       -0.100487

     H   19        0.453379        0.067385       -0.044436
     H   19        0.067385       -0.336692        0.640803
     H   19       -0.044436        0.640803       -0.116686

     C   20       -0.168816       -0.102819       -0.264099
     C   20       -0.102819       -0.235993        0.316212
     C   20       -0.264099        0.316212        0.404808

     H   21       -0.102848        0.231556       -0.546943
     H   21        0.231556        0.341320        0.344185
     H   21       -0.546943        0.344185       -0.238472

     C   22       -0.648743       -0.307616       -0.339517
     C   22       -0.307616        0.072755        0.059088
     C   22       -0.339517        0.059088        0.575988

     C   23       -0.044239       -0.032971       -0.279679
     C   23       -0.032971       -0.504750        0.379586
     C   23       -0.279679        0.379586        0.548989

     Cl  24       -0.129229       -0.049366       -0.061522
     Cl  24       -0.049366       -0.093810        0.050900
     Cl  24       -0.061522        0.050900        0.223039

     ----- ionic term -----
     Cl   1        0.162702       -0.178274        0.006526
     Cl   1       -0.178274       -0.000865        0.003650
     Cl   1        0.006526        0.003650       -0.161837

     C    2        0.293782       -0.011677        0.124519
     C    2       -0.011677        0.228370        0.323553
     C    2        0.124519        0.323553       -0.522152

     C    3        0.252311       -0.144244        0.054146
     C    3       -0.144244        0.242351        0.323768
     C    3        0.054146        0.323768       -0.494662

     H    4        0.807802        0.472761        0.366916
     H    4        0.472761       -0.293361        0.192524
     H    4        0.366916        0.192524       -0.514441

     C    5        0.341567       -0.039531        0.084911
     C    5       -0.039531        0.157181        0.253064
     C    5        0.084911        0.253064       -0.498748

     H    6       -0.521108        0.180305        0.046968
     H    6        0.180305        0.890341        0.494758
     H    6        0.046968        0.494758       -0.369234

     H    7       -0.512807        0.107461       -0.051633
     H    7        0.107461        0.441895       -0.766451
     H    7       -0.051633       -0.766451        0.070913

     C    8        0.167408        0.228092        0.359100
     C    8        0.228092        0.014259       -0.267887
     C    8        0.359100       -0.267887       -0.181668

     H    9        0.460908       -0.226242        0.735048
     H    9       -0.226242       -0.448376       -0.238892
     H    9        0.735048       -0.238892       -0.012531

     C   10        0.012310        0.276941        0.234152
     C   10        0.276941        0.157449       -0.396294
     C   10        0.234152       -0.396294       -0.169759

     C   11        0.120121        0.231769        0.275026
     C   11        0.231769        0.083216       -0.436963
     C   11        0.275026       -0.436963       -0.203337

     Cl  12        0.155477        0.227881        0.030806
     Cl  12        0.227881        0.005192        0.012711
     Cl  12        0.030806        0.012711       -0.160669

     H   13       -0.520111       -0.014578       -0.015412
     H   13       -0.014578        0.887930        0.515231
     H   13       -0.015412        0.515231       -0.367819

     C   14        0.377157       -0.056895        0.067098
     C   14       -0.056895        0.144845        0.271536
     C   14        0.067098        0.271536       -0.522002

     H   15        0.665783        0.514318        0.430161
     H   15        0.514318       -0.238039        0.250361
     H   15        0.430161        0.250361       -0.427745

     C   16        0.223219       -0.169257        0.033178
     C   16       -0.169257        0.279703        0.324060
     C   16        0.033178        0.324060       -0.502922

     C   17        0.328592       -0.079320        0.060730
     C   17       -0.079320        0.192257        0.303998
     C   17        0.060730        0.303998       -0.520849

     Cl  18        0.203973       -0.183892       -0.029146
     Cl  18       -0.183892       -0.065810        0.012323
     Cl  18       -0.029146        0.012323       -0.138163

     H   19       -0.511322       -0.088155        0.063246
     H   19       -0.088155        0.607092       -0.717071
     H   19        0.063246       -0.717071       -0.095770

     C   20        0.226559        0.180990        0.312233
     C   20        0.180990        0.051009       -0.279369
     C   20        0.312233       -0.279369       -0.277567

     H   21        0.626918       -0.311316        0.649913
     H   21       -0.311316       -0.433318       -0.229445
     H   21        0.649913       -0.229445       -0.193600

     C   22        0.155446        0.216829        0.229505
     C   22        0.216829        0.175133       -0.316129
     C   22        0.229505       -0.316129       -0.330579

     C   23        0.122361        0.173291        0.365874
     C   23        0.173291        0.109209       -0.342335
     C   23        0.365874       -0.342335       -0.231570

     Cl  24        0.103643        0.203804        0.022320
     Cl  24        0.203804        0.037953        0.013834
     Cl  24        0.022320        0.013834       -0.141596

     ----- GIPAW term -----
     Cl   1       -0.047860       -0.003224       -1.388587
     Cl   1       -0.003224        0.164547       -1.871752
     Cl   1       -1.388587       -1.871752       -0.116687

     C    2       -0.047680       -0.002494       -0.069322
     C    2       -0.002494        0.018153       -0.158916
     C    2       -0.069322       -0.158916        0.029526

     C    3        0.007180       -0.009962        0.024317
     C    3       -0.009962        0.006785        0.023721
     C    3        0.024317        0.023721       -0.013965

     H    4       -0.000000        0.000000        0.000000
     H    4        0.000000        0.000000        0.000000
     H    4        0.000000        0.000000        0.000000

     C    5       -0.042144       -0.016691       -0.003250
     C    5       -0.016691        0.001986       -0.077489
     C    5       -0.003250       -0.077489        0.040158

     H    6       -0.000000        0.000000        0.000000
     H    6        0.000000        0.000000        0.000000
     H    6        0.000000        0.000000        0.000000

     H    7       -0.000000        0.000000        0.000000
     H    7        0.000000        0.000000        0.000000
     H    7        0.000000        0.000000        0.000000

     C    8       -0.175106       -0.108710        0.026062
     C    8       -0.108710        0.064800       -0.134775
     C    8        0.026062       -0.134775        0.110306

     H    9       -0.000000        0.000000        0.000000
     H    9        0.000000        0.000000        0.000000
     H    9        0.000000        0.000000        0.000000

     C   10       -0.075509       -0.149806       -0.012732
     C   10       -0.149806        0.208443        0.100991
     C   10       -0.012732        0.100991       -0.132933

     C   11       -0.091800        0.085305       -0.068858
     C   11        0.085305        0.138683       -0.061605
     C   11       -0.068858       -0.061605       -0.046884

     Cl  12        0.919170        2.349273       -0.228863
     Cl  12        2.349273        1.212348        0.563774
     Cl  12       -0.228863        0.563774       -2.131518

     H   13       -0.000000        0.000000        0.000000
     H   13        0.000000        0.000000        0.000000
     H   13        0.000000        0.000000        0.000000

     C   14       -0.021564        0.012050       -0.034793
     C   14        0.012050       -0.033365       -0.076255
     C   14       -0.034793       -0.076255        0.054930

     H   15       -0.000000        0.000000        0.000000
     H   15        0.000000        0.000000        0.000000
     H   15        0.000000        0.000000        0.000000

     C   16       -0.133497        0.044551       -0.027789
     C   16        0.044551       -0.110020       -0.161107
     C   16       -0.027789       -0.161107        0.243517

     C   17        0.065637       -0.120417        0.041716
     C   17       -0.120417       -0.055407       -0.111873
     C   17        0.041716       -0.111873       -0.010230

     Cl  18        1.867999        0.296790       -0.849863
     Cl  18        0.296790        0.619721       -0.686501
     Cl  18       -0.849863       -0.686501       -2.487720

     H   19       -0.000000        0.000000        0.000000
     H   19        0.000000        0.000000        0.000000
     H   19        0.000000        0.000000        0.000000

     C   20       -0.095979        0.014619       -0.053145
     C   20        0.014619       -0.028276       -0.094711
     C   20       -0.053145       -0.094711        0.124255

     H   21       -0.000000        0.000000        0.000000
     H   21        0.000000        0.000000        0.000000
     H   21        0.000000        0.000000        0.000000

     C   22       -0.248135       -0.022637       -0.072462
     C   22       -0.022637       -0.017547       -0.144815
     C   22       -0.072462       -0.144815        0.265682

     C   23       -0.073766        0.092923       -0.058845
     C   23        0.092923       -0.186989       -0.023978
     C   23       -0.058845       -0.023978        0.260755

     Cl  24       -0.596747        1.508506       -0.521263
     Cl  24        1.508506       -1.250091        0.977887
     Cl  24       -0.521263        0.977887        1.846838

     ----- total EFG -----
     Cl   1        0.056868       -0.095437       -1.380944
     Cl   1       -0.095437        0.177996       -1.862452
     Cl   1       -1.380944       -1.862452       -0.234863

     C    2        0.115695        0.002768       -0.107625
     C    2        0.002768        0.245024       -0.306479
     C    2       -0.107625       -0.306479       -0.360719

     C    3        0.244767       -0.075933        0.267097
     C    3       -0.075933        0.161802        0.458846
     C    3        0.267097        0.458846       -0.406569

     H    4        0.586832        0.091793        0.510769
     H    4        0.091793       -0.302775        0.371639
     H    4        0.510769        0.371639       -0.284057

     C    5        0.159610       -0.164999       -0.099535
     C    5       -0.164999        0.078608        0.062467
     C    5       -0.099535        0.062467       -0.238218

     H    6       -0.131574       -0.036338        0.095230
     H    6       -0.036338        0.269315        0.741119
     H    6        0.095230        0.741119       -0.137742

     H    7       -0.391602        0.142381        0.057159
     H    7        0.142381        0.167846       -0.211481
     H    7        0.057159       -0.211481        0.223757

     C    8       -0.769430       -0.184389       -0.005061
     C    8       -0.184389        0.319559       -0.316816
     C    8       -0.005061       -0.316816        0.449870

     H    9        0.401294       -0.180146        0.216897
     H    9       -0.180146       -0.338417       -0.406260
     H    9        0.216897       -0.406260       -0.062878

     C   10       -0.021956       -0.250813        0.118538
     C   10       -0.250813        0.239839        0.321405
     C   10        0.118538        0.321405       -0.217882

     C   11       -0.493038        0.089499       -0.171874
     C   11        0.089499        0.369150       -0.259149
     C   11       -0.171874       -0.259149        0.123888

     Cl  12        1.053047        2.629251       -0.237264
     Cl  12        2.629251        1.337540        0.635943
     Cl  12       -0.237264        0.635943       -2.390587

     H   13       -0.223966        0.174922       -0.188336
     H   13        0.174922        0.320529        0.296651
     H   13       -0.188336        0.296651       -0.096563

     C   14       -0.040264        0.090103       -0.363610
     C   14        0.090103        0.105767       -0.194408
     C   14       -0.363610       -0.194408       -0.065504

     H   15        0.341207        0.023906        0.426438
     H   15        0.023906       -0.138641        0.412117
     H   15        0.426438        0.412117       -0.202566

     C   16       -0.135588        0.194460       -0.111131
     C   16        0.194460       -0.200699       -0.374384
     C   16       -0.111131       -0.374384        0.336287

     C   17        0.219654        0.056137       -0.070051
     C   17        0.056137       -0.099885       -0.288215
     C   17       -0.070051       -0.288215       -0.119770

     Cl  18        2.092108        0.267031       -0.940369
     Cl  18        0.267031        0.634263       -0.728665
     Cl  18       -0.940369       -0.728665       -2.726370

     H   19       -0.057944       -0.020770        0.018810
     H   19       -0.020770        0.270400       -0.076268
     H   19        0.018810       -0.076268       -0.212456

     C   20       -0.038236        0.092790       -0.005011
     C   20        0.092790       -0.213260       -0.057867
     C   20       -0.005011       -0.057867        0.251496

     H   21        0.524069       -0.079760        0.102970
     H   21       -0.079760       -0.091997        0.114740
     H   21        0.102970        0.114740       -0.432072

     C   22       -0.741431       -0.113425       -0.182474
     C   22       -0.113425        0.230340       -0.401856
     C   22       -0.182474       -0.401856        0.511091

     C   23        0.004355        0.233243        0.027349
     C   23        0.233243       -0.582530        0.013273
     C   23        0.027349        0.013273        0.578174

     Cl  24       -0.622333        1.662945       -0.560465
     Cl  24        1.662945       -1.305949        1.042620
     Cl  24       -0.560465        1.042620        1.928281

     ----- total EFG (symmetrized) -----
     Cl   1        0.056868       -0.095437       -1.380944
     Cl   1       -0.095437        0.177996       -1.862452
     Cl   1       -1.380944       -1.862452       -0.234863

     C    2        0.115695        0.002768       -0.107625
     C    2        0.002768        0.245024       -0.306479
     C    2       -0.107625       -0.306479       -0.360719

     C    3        0.244767       -0.075933        0.267097
     C    3       -0.075933        0.161802        0.458846
     C    3        0.267097        0.458846       -0.406569

     H    4        0.586832        0.091793        0.510769
     H    4        0.091793       -0.302775        0.371639
     H    4        0.510769        0.371639       -0.284057

     C    5        0.159610       -0.164999       -0.099535
     C    5       -0.164999        0.078608        0.062467
     C    5       -0.099535        0.062467       -0.238218

     H    6       -0.131574       -0.036338        0.095230
     H    6       -0.036338        0.269315        0.741119
     H    6        0.095230        0.741119       -0.137742

     H    7       -0.391602        0.142381        0.057159
     H    7        0.142381        0.167846       -0.211481
     H    7        0.057159       -0.211481        0.223757

     C    8       -0.769430       -0.184389       -0.005061
     C    8       -0.184389        0.319559       -0.316816
     C    8       -0.005061       -0.316816        0.449870

     H    9        0.401294       -0.180146        0.216897
     H    9       -0.180146       -0.338417       -0.406260
     H    9        0.216897       -0.406260       -0.062878

     C   10       -0.021956       -0.250813        0.118538
     C   10       -0.250813        0.239839        0.321405
     C   10        0.118538        0.321405       -0.217882

     C   11       -0.493038        0.089499       -0.171874
     C   11        0.089499        0.369150       -0.259149
     C   11       -0.171874       -0.259149        0.123888

     Cl  12        1.053047        2.629251       -0.237264
     Cl  12        2.629251        1.337540        0.635943
     Cl  12       -0.237264        0.635943       -2.390587

     H   13       -0.223966        0.174922       -0.188336
     H   13        0.174922        0.320529        0.296651
     H   13       -0.188336        0.296651       -0.096563

     C   14       -0.040264        0.090103       -0.363610
     C   14        0.090103        0.105767       -0.194408
     C   14       -0.363610       -0.194408       -0.065504

     H   15        0.341207        0.023906        0.426438
     H   15        0.023906       -0.138641        0.412117
     H   15        0.426438        0.412117       -0.202566

     C   16       -0.135588        0.194460       -0.111131
     C   16        0.194460       -0.200699       -0.374384
     C   16       -0.111131       -0.374384        0.336287

     C   17        0.219654        0.056137       -0.070051
     C   17        0.056137       -0.099885       -0.288215
     C   17       -0.070051       -0.288215       -0.119770

     Cl  18        2.092108        0.267031       -0.940369
     Cl  18        0.267031        0.634263       -0.728665
     Cl  18       -0.940369       -0.728665       -2.726370

     H   19       -0.057944       -0.020770        0.018810
     H   19       -0.020770        0.270400       -0.076268
     H   19        0.018810       -0.076268       -0.212456

     C   20       -0.038236        0.092790       -0.005011
     C   20        0.092790       -0.213260       -0.057867
     C   20       -0.005011       -0.057867        0.251496

     H   21        0.524069       -0.079760        0.102970
     H   21       -0.079760       -0.091997        0.114740
     H   21        0.102970        0.114740       -0.432072

     C   22       -0.741431       -0.113425       -0.182474
     C   22       -0.113425        0.230340       -0.401856
     C   22       -0.182474       -0.401856        0.511091

     C   23        0.004355        0.233243        0.027349
     C   23        0.233243       -0.582530        0.013273
     C   23        0.027349        0.013273        0.578174

     Cl  24       -0.622333        1.662945       -0.560465
     Cl  24        1.662945       -1.305949        1.042620
     Cl  24       -0.560465        1.042620        1.928281


     NQR/NMR SPECTROSCOPIC PARAMETERS:
     Cl   1    Vxx=    0.1906    axis=(  0.806782 -0.589667 -0.037360)
     Cl   1    Vyy=    2.2291    axis=( -0.408971 -0.602953  0.684975)
     Cl   1    Vzz=   -2.4196    axis=( -0.426434 -0.537346 -0.727608)
     Cl   1  Q=        -8.1650 1e-30 m^2  Cq=        46.4196 MHz  eta= 0.84248

     C    2    Vxx=    0.1237    axis=(  0.972700 -0.218642 -0.077783)
     C    2    Vyy=    0.3807    axis=(  0.170864  0.901557 -0.397492)
     C    2    Vzz=   -0.5044    axis=(  0.157034  0.373350  0.914303)
     C    2  Q=         1.0000 1e-30 m^2  Cq=        -1.1850 MHz  eta= 0.50955

     C    3    Vxx=    0.2898    axis=(  0.867310 -0.497747  0.004691)
     C    3    Vyy=    0.4470    axis=(  0.420517  0.737717  0.528146)
     C    3    Vzz=   -0.7368    axis=( -0.266343 -0.456094  0.849140)
     C    3  Q=         1.0000 1e-30 m^2  Cq=        -1.7312 MHz  eta= 0.21339

     H    4    Vxx=   -0.1321    axis=(  0.427641 -0.776767 -0.462337)
     H    4    Vyy=   -0.7418    axis=(  0.252647  0.593787 -0.763929)
     H    4    Vzz=    0.8740    axis=(  0.867924  0.209880  0.450176)
     H    4  Q=         1.0000 1e-30 m^2  Cq=         2.0534 MHz  eta= 0.69767

     C    5    Vxx=   -0.0501    axis=(  0.601558  0.797027 -0.053633)
     C    5    Vyy=   -0.2636    axis=(  0.197289 -0.083174  0.976811)
     C    5    Vzz=    0.3138    axis=(  0.774083 -0.598189 -0.207279)
     C    5  Q=         1.0000 1e-30 m^2  Cq=         0.7372 MHz  eta= 0.68047

     H    6    Vxx=   -0.1162    axis=(  0.985954 -0.123413  0.112532)
     H    6    Vyy=   -0.7191    axis=(  0.164297  0.595625 -0.786281)
     H    6    Vzz=    0.8352    axis=(  0.030010  0.793726  0.607535)
     H    6  Q=         1.0000 1e-30 m^2  Cq=         1.9624 MHz  eta= 0.72185

     H    7    Vxx=    0.0312    axis=( -0.318946 -0.683707 -0.656367)
     H    7    Vyy=    0.4125    axis=(  0.067165  0.674490 -0.735222)
     H    7    Vzz=   -0.4438    axis=( -0.945390  0.278581  0.169205)
     H    7  Q=         1.0000 1e-30 m^2  Cq=        -1.0427 MHz  eta= 0.85921

     C    8    Vxx=    0.0857    axis=( -0.164548  0.745343  0.646055)
     C    8    Vyy=    0.7169    axis=(  0.077205 -0.643241  0.761761)
     C    8    Vzz=   -0.8025    axis=( -0.983343 -0.175225 -0.048300)
     C    8  Q=         1.0000 1e-30 m^2  Cq=        -1.8856 MHz  eta= 0.78654

     H    9    Vxx=    0.0208    axis=(  0.593672  0.453828 -0.664525)
     H    9    Vyy=    0.6093    axis=( -0.804424  0.356596 -0.475123)
     H    9    Vzz=   -0.6301    axis=(  0.021343  0.816627  0.576771)
     H    9  Q=         1.0000 1e-30 m^2  Cq=        -1.4804 MHz  eta= 0.93397

     C   10    Vxx=    0.0231    axis=( -0.819833 -0.117712 -0.560373)
     C   10    Vyy=    0.4708    axis=( -0.359204  0.867856  0.343218)
     C   10    Vzz=   -0.4938    axis=( -0.445922 -0.482670  0.753780)
     C   10  Q=         1.0000 1e-30 m^2  Cq=        -1.1603 MHz  eta= 0.90663

     C   11    Vxx=   -0.0220    axis=( -0.183179  0.571737  0.799727)
     C   11    Vyy=   -0.5383    axis=(  0.970075 -0.026759  0.241328)
     C   11    Vzz=    0.5603    axis=(  0.159376  0.820001 -0.549725)
     C   11  Q=         1.0000 1e-30 m^2  Cq=         1.3164 MHz  eta= 0.92142

     Cl  12    Vxx=   -1.1439    axis=( -0.671637  0.600387  0.434095)
     Cl  12    Vyy=   -2.6989    axis=(  0.287384 -0.328922  0.899567)
     Cl  12    Vzz=    3.8428    axis=( -0.682872 -0.728935 -0.048375)
     Cl  12  Q=        -8.1650 1e-30 m^2  Cq=       -73.7231 MHz  eta= 0.40464

     H   13    Vxx=    0.0056    axis=(  0.714987  0.226065 -0.661581)
     H   13    Vyy=    0.4821    axis=( -0.109219 -0.898546 -0.425072)
     H   13    Vzz=   -0.4877    axis=(  0.690554 -0.376178  0.617758)
     H   13  Q=         1.0000 1e-30 m^2  Cq=        -1.1460 MHz  eta= 0.97700

     C   14    Vxx=   -0.0058    axis=(  0.488126 -0.835237 -0.253204)
     C   14    Vyy=   -0.4291    axis=(  0.654543  0.158423  0.739240)
     C   14    Vzz=    0.4349    axis=( -0.577327 -0.526575  0.624029)
     C   14  Q=         1.0000 1e-30 m^2  Cq=         1.0219 MHz  eta= 0.97321

     H   15    Vxx=    0.0333    axis=(  0.543744 -0.762863 -0.349832)
     H   15    Vyy=    0.6465    axis=(  0.781571  0.308419  0.542240)
     H   15    Vzz=   -0.6798    axis=( -0.305761 -0.568258  0.763933)
     H   15  Q=         1.0000 1e-30 m^2  Cq=        -1.5973 MHz  eta= 0.90201

     C   16    Vxx=   -0.1317    axis=(  0.877114  0.251297  0.409293)
     C   16    Vyy=   -0.4472    axis=(  0.404372 -0.846205 -0.347017)
     C   16    Vzz=    0.5789    axis=( -0.259141 -0.469880  0.843836)
     C   16  Q=         1.0000 1e-30 m^2  Cq=         1.3602 MHz  eta= 0.54488

     C   17    Vxx=    0.1078    axis=(  0.621963 -0.572786  0.533927)
     C   17    Vyy=    0.2906    axis=( -0.782820 -0.438437  0.441549)
     C   17    Vzz=   -0.3984    axis=( -0.018820 -0.692596 -0.721080)
     C   17  Q=         1.0000 1e-30 m^2  Cq=        -0.9361 MHz  eta= 0.45877

     Cl  18    Vxx=    0.6609    axis=(  0.264904 -0.955205  0.131942)
     Cl  18    Vyy=    2.3650    axis=(  0.949417  0.234442 -0.208910)
     Cl  18    Vzz=   -3.0258    axis=(  0.168620  0.180609  0.968993)
     Cl  18  Q=        -8.1650 1e-30 m^2  Cq=        58.0489 MHz  eta= 0.56319

     H   19    Vxx=   -0.0581    axis=(  0.993391  0.081557  0.080770)
     H   19    Vyy=   -0.2256    axis=(  0.092181 -0.147549 -0.984750)
     H   19    Vzz=    0.2838    axis=( -0.068396  0.985686 -0.154092)
     H   19  Q=         1.0000 1e-30 m^2  Cq=         0.6667 MHz  eta= 0.59037

     C   20    Vxx=   -0.0011    axis=(  0.921350  0.374539  0.104090)
     C   20    Vyy=   -0.2585    axis=( -0.384393  0.917698  0.100359)
     C   20    Vzz=    0.2595    axis=( -0.057935 -0.132477  0.989491)
     C   20  Q=         1.0000 1e-30 m^2  Cq=         0.6098 MHz  eta= 0.99166

     H   21    Vxx=   -0.0603    axis=(  0.074121  0.946920  0.312809)
     H   21    Vyy=   -0.4820    axis=( -0.120767 -0.302840  0.945359)
     H   21    Vzz=    0.5423    axis=(  0.989910 -0.107848  0.091910)
     H   21  Q=         1.0000 1e-30 m^2  Cq=         1.2742 MHz  eta= 0.77748

     C   22    Vxx=   -0.0025    axis=( -0.256064  0.803347  0.537647)
     C   22    Vyy=   -0.7985    axis=(  0.965068  0.180544  0.189863)
     C   22    Vzz=    0.8010    axis=( -0.055457 -0.567483  0.821515)
     C   22  Q=         1.0000 1e-30 m^2  Cq=         1.8820 MHz  eta= 0.99388

     C   23    Vxx=    0.0839    axis=(  0.942486  0.328637 -0.060977)
     C   23    Vyy=    0.5800    axis=(  0.056641  0.022759  0.998135)
     C   23    Vzz=   -0.6639    axis=( -0.329412  0.944182 -0.002836)
     C   23  Q=         1.0000 1e-30 m^2  Cq=        -1.5600 MHz  eta= 0.74722

     Cl  24    Vxx=    0.7026    axis=(  0.796702  0.588753 -0.136514)
     Cl  24    Vyy=    2.2375    axis=(  0.032952 -0.267857 -0.962895)
     Cl  24    Vzz=   -2.9401    axis=( -0.603474  0.762642 -0.232803)
     Cl  24  Q=        -8.1650 1e-30 m^2  Cq=        56.4042 MHz  eta= 0.52206

     Initialization:
     gipaw_setup  :      8.94s CPU     10.82s WALL (       1 calls)

     Linear response

     Apply operators

     Induced current

     Other routines
     efg          :      9.30s CPU     12.21s WALL (       1 calls)

     General routines
     calbec       :      3.32s CPU      4.56s WALL (      16 calls)
     fft          :      1.46s CPU      1.86s WALL (      15 calls)
     ffts         :      0.03s CPU      0.05s WALL (       2 calls)
     fftw         :      3.28s CPU      4.17s WALL (     672 calls)
     davcio       :      0.02s CPU      0.32s WALL (      32 calls)

     Parallel routines
     fft_scatter  :      2.13s CPU      3.16s WALL (     689 calls)

     Plugins

     GIPAW        :     61.07s CPU     74.18s WALL (       1 calls)
