
     Program QE v.6.0 (svn rev. 13079) starts on  4Jan2017 at  0: 8:36 

     This program is part of the open-source Quantum ESPRESSO suite
     for quantum simulation of materials; please cite
         "P. Giannozzi et al., J. Phys.:Condens. Matter 21 395502 (2009);
          URL http://www.quantum-espresso.org", 
     in publications or presentations arising from this work. More details at
     http://www.quantum-espresso.org/quote

     Parallel version (MPI), running on     8 processors
     R & G space division:  proc/nbgrp/npool/nimage =       8

     ***** This is GIPAW svn revision unknown      *****

     Parallelizing q-star over 1 images

     Reading data from directory:
     /users/majewski/paradichlorobenzene/pbe/9_constraint/scratch/pbe.ecut100.np8.dt60.pcl2phi-129368.save
     Message from routine read_xml_file:
     file /users/majewski/paradichlorobenzene/pbe/9_constraint/scratch/pbe.ecut100.np8.dt60.pcl2phi-129368.save not guaranteed to be safe for post-processing

   Info: using nr1, nr2, nr3 values from input

   Info: using nr1, nr2, nr3 values from input

     IMPORTANT: XC functional enforced from input :
     Exchange-correlation      =  SLA  PW   PBX  PBC ( 1  4  3  4 0 0)
     Any further DFT definition will be discarded
     Please, verify this is what you really want

               file C.pbe-n-kjpaw_psl.1.0.0.UPF: wavefunction(s)  2S 2P renormalized
               file Cl.pbe-n-kjpaw_psl.1.0.0.UPF: wavefunction(s)  3S 3P renormalized
               file H.pbe-kjpaw_psl.1.0.0.UPF: wavefunction(s)  1S renormalized

     Parallelization info
     --------------------
     sticks:   dense  smooth     PW     G-vecs:    dense   smooth      PW
     Min        3057    1223    332               144436    36536    5170
     Max        3059    1225    333               144437    36537    5171
     Sum       24467    9791   2657              1155489   292295   41363


     Subspace diagonalization in iterative solution of the eigenvalue problem:
     a serial algorithm will be used

     GIPAW projectors -----------------------------------------------
     atom=  C    l=0  rc=    1.2000  rs=    0.8000
     atom=  C    l=0  rc=    1.2000  rs=    0.8000
     atom=  C    l=1  rc=    1.4000  rs=    0.9333
     atom=  C    l=1  rc=    1.4000  rs=    0.9333
     projs nearly linearly dependent: l=1  n1,n2= 1, 2  s=  0.99951561

     atom=  Cl   l=0  rc=    1.6000  rs=    1.0667
     atom=  Cl   l=0  rc=    1.6000  rs=    1.0667
     atom=  Cl   l=1  rc=    1.6000  rs=    1.0667
     atom=  Cl   l=1  rc=    1.6000  rs=    1.0667
     atom=  Cl   l=2  rc=    1.6000  rs=    1.0667
     atom=  Cl   l=2  rc=    1.6000  rs=    1.0667
     projs nearly linearly dependent: l=2  n1,n2= 1, 2  s=  0.99993509

     atom=  H    l=0  rc=    1.0000  rs=    0.6667
     atom=  H    l=0  rc=    1.0000  rs=    0.6667
     projs nearly linearly dependent: l=0  n1,n2= 1, 2  s=  0.99968852
     -----------------------------------------------------------------

     GIPAW integrals: -------------------------------------------
     Atom  i/j   nmr_para   nmr_dia   epr_rmc  epr_para   epr_dia
       C   1 1   0.83E+03  0.17E-01  0.93E+01  0.24E+08  0.24E+03
       C   2 1   0.86E+03 -0.61E-01  0.94E+01  0.25E+08  0.25E+03
       C   2 2   0.90E+03 -0.15E+00  0.97E+01  0.26E+08  0.26E+03
       C   3 3   0.33E+01  0.34E+00  0.18E+01  0.55E+03  0.21E+02
       C   4 3   0.35E+01  0.37E+00  0.20E+01  0.59E+03  0.22E+02
       C   4 4   0.38E+01  0.39E+00  0.22E+01  0.63E+03  0.24E+02
       Cl  1 1   0.14E+04 -0.47E+00  0.84E+01  0.32E+09  0.42E+03
       Cl  2 1   0.21E+04 -0.37E+00  0.12E+02  0.49E+09  0.65E+03
       Cl  2 2   0.33E+04 -0.16E+00  0.21E+02  0.76E+09  0.10E+04
       Cl  3 3   0.21E+02  0.79E-01  0.89E+01  0.23E+05  0.13E+03
       Cl  4 3   0.24E+02  0.67E-01  0.99E+01  0.27E+05  0.15E+03
       Cl  4 4   0.28E+02  0.44E-01  0.11E+02  0.32E+05  0.18E+03
       Cl  5 5   0.77E+00  0.19E+00  0.18E+01  0.12E+03  0.22E+02
       Cl  6 5   0.80E+00  0.19E+00  0.19E+01  0.12E+03  0.23E+02
       Cl  6 6   0.83E+00  0.20E+00  0.19E+01  0.12E+03  0.23E+02
       H   1 1   0.39E+02  0.19E+00  0.29E+00  0.78E+05  0.13E+02
       H   2 1   0.41E+02  0.21E+00  0.32E+00  0.82E+05  0.14E+02
       H   2 2   0.43E+02  0.22E+00  0.36E+00  0.86E+05  0.15E+02
     ------------------------------------------------------------

     alpha_pv=     34.3536 eV

     Number of occupied bands for each k-point:
     k-point:     1    nbnd_occ=  42
     k-point:     2    nbnd_occ=  42
     k-point:     3    nbnd_occ=  42
     k-point:     4    nbnd_occ=  42
     k-point:     5    nbnd_occ=  42
     k-point:     6    nbnd_occ=  42
     k-point:     7    nbnd_occ=  42
     k-point:     8    nbnd_occ=  42
     k-point:     9    nbnd_occ=  42
     k-point:    10    nbnd_occ=  42
     k-point:    11    nbnd_occ=  42
     k-point:    12    nbnd_occ=  42
     k-point:    13    nbnd_occ=  42
     k-point:    14    nbnd_occ=  42
     k-point:    15    nbnd_occ=  42
     k-point:    16    nbnd_occ=  42


     q-space interpolation up to   110.00 Rydberg

     GIPAW job: efg                                                                             


     ELECTRIC FIELD GRADIENTS TENSORS IN Hartree/bohrradius^2:

     ----- bare term -----
     Cl   1        0.026512        0.058764       -0.016960
     Cl   1        0.058764       -0.012422        0.009559
     Cl   1       -0.016960        0.009559       -0.014089

     C    2       -0.796613        0.359108       -0.305118
     C    2        0.359108        0.283252       -0.018612
     C    2       -0.305118       -0.018612        0.513361

     C    3        0.137237        0.295182       -0.016384
     C    3        0.295182       -0.552406       -0.434606
     C    3       -0.016384       -0.434606        0.415169

     H    4       -0.422728       -0.026428       -0.450822
     H    4       -0.026428        0.130132       -0.365070
     H    4       -0.450822       -0.365070        0.292596

     C    5       -0.894385        0.296612       -0.402734
     C    5        0.296612        0.351194       -0.046840
     C    5       -0.402734       -0.046840        0.543191

     H    6        0.435196       -0.031838       -0.184342
     H    6       -0.031838       -0.572171       -0.476257
     H    6       -0.184342       -0.476257        0.136976

     H    7        0.301226        0.321278        0.102246
     H    7        0.321278       -0.578117       -0.192273
     H    7        0.102246       -0.192273        0.276891

     C    8        0.091849        0.140344       -0.024872
     C    8        0.140344       -0.179086       -0.160214
     C    8       -0.024872       -0.160214        0.087237

     H    9       -0.232415        0.379950        0.145911
     H    9        0.379950        0.001662       -0.172863
     H    9        0.145911       -0.172863        0.230754

     C   10        0.067989       -0.010086        0.249536
     C   10       -0.010086       -0.069794       -0.221263
     C   10        0.249536       -0.221263        0.001805

     C   11       -0.030261        0.167178       -0.168361
     C   11        0.167178        0.003367        0.183742
     C   11       -0.168361        0.183742        0.026894

     Cl  12       -0.013632       -0.323200       -0.037763
     Cl  12       -0.323200        0.055843       -0.216220
     Cl  12       -0.037763       -0.216220       -0.042211

     H   13        0.426656       -0.011411        0.044175
     H   13       -0.011411       -0.052719       -0.530286
     H   13        0.044175       -0.530286       -0.373938

     C   14        0.179626       -0.002448       -0.018087
     C   14       -0.002448       -0.225588       -0.243385
     C   14       -0.018087       -0.243385        0.045962

     H   15        0.114208       -0.098648       -0.309709
     H   15       -0.098648        0.316296       -0.302146
     H   15       -0.309709       -0.302146       -0.430504

     C   16       -0.280287        0.297229       -0.179558
     C   16        0.297229        0.385085       -0.168527
     C   16       -0.179558       -0.168527       -0.104798

     C   17        0.272502        0.013812       -0.093699
     C   17        0.013812       -0.526015       -0.492016
     C   17       -0.093699       -0.492016        0.253513

     Cl  18       -0.093978        0.194061       -0.009663
     Cl  18        0.194061       -0.015140       -0.040519
     Cl  18       -0.009663       -0.040519        0.109118

     H   19       -0.088226        0.230293       -0.075659
     H   19        0.230293       -0.286554        0.436496
     H   19       -0.075659        0.436496        0.374780

     C   20       -0.455471       -0.326445       -0.036385
     C   20       -0.326445        0.057286        0.404692
     C   20       -0.036385        0.404692        0.398185

     H   21       -0.679997        0.030973        0.081848
     H   21        0.030973        0.403029        0.219794
     H   21        0.081848        0.219794        0.276968

     C   22        0.058348        0.253511       -0.390071
     C   22        0.253511       -0.185083        0.591677
     C   22       -0.390071        0.591677        0.126735

     C   23       -0.471367       -0.376486       -0.337790
     C   23       -0.376486        0.171351        0.294420
     C   23       -0.337790        0.294420        0.300016

     Cl  24       -0.030073        0.116344       -0.017157
     Cl  24        0.116344        0.057396        0.118317
     Cl  24       -0.017157        0.118317       -0.027322

     ----- ionic term -----
     Cl   1        0.124490       -0.222164        0.066669
     Cl   1       -0.222164        0.040966       -0.039563
     Cl   1        0.066669       -0.039563       -0.165456

     C    2        0.042994       -0.245085        0.387217
     C    2       -0.245085        0.169988        0.343073
     C    2        0.387217        0.343073       -0.212983

     C    3        0.113401       -0.251287        0.229461
     C    3       -0.251287        0.206880        0.372396
     C    3        0.229461        0.372396       -0.320281

     H    4        0.518304        0.268119        0.728593
     H    4        0.268119       -0.404091        0.243676
     H    4        0.728593        0.243676       -0.114213

     C    5        0.241843       -0.149592        0.312448
     C    5       -0.149592        0.064788        0.321109
     C    5        0.312448        0.321109       -0.306631

     H    6       -0.512752        0.075731        0.029082
     H    6        0.075731        0.708157        0.679548
     H    6        0.029082        0.679548       -0.195406

     H    7       -0.496278       -0.239653        0.106000
     H    7       -0.239653        0.716542       -0.629886
     H    7        0.106000       -0.629886       -0.220264

     C    8        0.366870        0.045999        0.139169
     C    8        0.045999        0.114118       -0.292531
     C    8        0.139169       -0.292531       -0.480989

     H    9        0.790184       -0.386969        0.487223
     H    9       -0.386969       -0.354864       -0.204965
     H    9        0.487223       -0.204965       -0.435320

     C   10        0.218827        0.137313        0.096714
     C   10        0.137313        0.245676       -0.339714
     C   10        0.096714       -0.339714       -0.464503

     C   11        0.317902        0.075752        0.147487
     C   11        0.075752        0.206871       -0.325554
     C   11        0.147487       -0.325554       -0.524772

     Cl  12        0.146783        0.206764       -0.009739
     Cl  12        0.206764        0.032955       -0.019823
     Cl  12       -0.009739       -0.019823       -0.179738

     H   13       -0.529381        0.064116        0.080312
     H   13        0.064116        0.616594        0.727925
     H   13        0.080312        0.727925       -0.087213

     C   14        0.205125       -0.250723        0.361706
     C   14       -0.250723       -0.013241        0.281682
     C   14        0.361706        0.281682       -0.191884

     H   15        0.444717        0.281922        0.820974
     H   15        0.281922       -0.495506        0.271459
     H   15        0.820974        0.271459        0.050789

     C   16        0.136318       -0.274838        0.240963
     C   16       -0.274838        0.047976        0.384855
     C   16        0.240963        0.384855       -0.184294

     C   17        0.163109       -0.129022        0.295495
     C   17       -0.129022        0.009274        0.454871
     C   17        0.295495        0.454871       -0.172383

     Cl  18        0.118600       -0.179659        0.001972
     Cl  18       -0.179659        0.003076       -0.003620
     Cl  18        0.001972       -0.003620       -0.121676

     H   19       -0.440985       -0.312499        0.100281
     H   19       -0.312499        0.879645       -0.432928
     H   19        0.100281       -0.432928       -0.438660

     C   20        0.376783        0.014736        0.118613
     C   20        0.014736        0.133076       -0.258221
     C   20        0.118613       -0.258221       -0.509859

     H   21        0.783890       -0.433160        0.378115
     H   21       -0.433160       -0.316609       -0.188222
     H   21        0.378115       -0.188222       -0.467281

     C   22        0.220355        0.090653        0.068093
     C   22        0.090653        0.259639       -0.324056
     C   22        0.068093       -0.324056       -0.479994

     C   23        0.351575       -0.008882        0.184507
     C   23       -0.008882        0.162877       -0.296601
     C   23        0.184507       -0.296601       -0.514451

     Cl  24        0.151379        0.206090        0.012791
     Cl  24        0.206090       -0.019063       -0.002805
     Cl  24        0.012791       -0.002805       -0.132316

     ----- GIPAW term -----
     Cl   1        0.348514        0.377797       -0.080207
     Cl   1        0.377797        2.214127       -0.005456
     Cl   1       -0.080207       -0.005456       -2.562641

     C    2       -0.159995        0.038932        0.029507
     C    2        0.038932        0.088570        0.187028
     C    2        0.029507        0.187028        0.071425

     C    3       -0.086567        0.059111        0.054568
     C    3        0.059111       -0.003451        0.176295
     C    3        0.054568        0.176295        0.090018

     H    4       -0.000000        0.000000        0.000000
     H    4        0.000000        0.000000        0.000000
     H    4        0.000000        0.000000        0.000000

     C    5       -0.166932        0.064914        0.032674
     C    5        0.064914        0.045458        0.143078
     C    5        0.032674        0.143078        0.121474

     H    6       -0.000000        0.000000        0.000000
     H    6        0.000000        0.000000        0.000000
     H    6        0.000000        0.000000        0.000000

     H    7       -0.000000        0.000000        0.000000
     H    7        0.000000        0.000000        0.000000
     H    7        0.000000        0.000000        0.000000

     C    8        0.022339        0.013874        0.010616
     C    8        0.013874       -0.006520       -0.022188
     C    8        0.010616       -0.022188       -0.015819

     H    9       -0.000000        0.000000        0.000000
     H    9        0.000000        0.000000        0.000000
     H    9        0.000000        0.000000        0.000000

     C   10        0.020812        0.013090        0.024440
     C   10        0.013090        0.004805       -0.039070
     C   10        0.024440       -0.039070       -0.025617

     C   11       -0.001443        0.040038       -0.008214
     C   11        0.040038       -0.013461        0.026059
     C   11       -0.008214        0.026059        0.014904

     Cl  12       -0.759706        0.355601        0.214084
     Cl  12        0.355601       -0.362125        1.185292
     Cl  12        0.214084        1.185292        1.121831

     H   13       -0.000000        0.000000        0.000000
     H   13        0.000000        0.000000        0.000000
     H   13        0.000000        0.000000        0.000000

     C   14       -0.005315       -0.026032        0.003508
     C   14       -0.026032       -0.032697        0.068191
     C   14        0.003508        0.068191        0.038012

     H   15       -0.000000        0.000000        0.000000
     H   15        0.000000        0.000000        0.000000
     H   15        0.000000        0.000000        0.000000

     C   16       -0.012901        0.009741        0.000389
     C   16        0.009741        0.042036       -0.009399
     C   16        0.000389       -0.009399       -0.029136

     C   17       -0.031576       -0.036466        0.026720
     C   17       -0.036466        0.000128        0.116545
     C   17        0.026720        0.116545        0.031448

     Cl  18       -0.870566       -0.394589        0.612727
     Cl  18       -0.394589       -0.200455        1.900420
     Cl  18        0.612727        1.900420        1.071021

     H   19       -0.000000        0.000000        0.000000
     H   19        0.000000        0.000000        0.000000
     H   19        0.000000        0.000000        0.000000

     C   20       -0.080996        0.086406        0.106353
     C   20        0.086406        0.071757        0.172694
     C   20        0.106353        0.172694        0.009238

     H   21       -0.000000        0.000000        0.000000
     H   21        0.000000        0.000000        0.000000
     H   21        0.000000        0.000000        0.000000

     C   22        0.020207        0.245340       -0.120888
     C   22        0.245340        0.084867        0.017037
     C   22       -0.120888        0.017037       -0.105075

     C   23       -0.129902       -0.029565       -0.056699
     C   23       -0.029565        0.193961        0.153291
     C   23       -0.056699        0.153291       -0.064058

     Cl  24        0.619623        2.904752        0.228779
     Cl  24        2.904752        0.866835        1.380629
     Cl  24        0.228779        1.380629       -1.486458

     ----- total EFG -----
     Cl   1        0.499516        0.214397       -0.030498
     Cl   1        0.214397        2.242671       -0.035460
     Cl   1       -0.030498       -0.035460       -2.742186

     C    2       -0.913614        0.152956        0.111606
     C    2        0.152956        0.541810        0.511488
     C    2        0.111606        0.511488        0.371804

     C    3        0.164071        0.103006        0.267645
     C    3        0.103006       -0.348977        0.114085
     C    3        0.267645        0.114085        0.184906

     H    4        0.095576        0.241691        0.277771
     H    4        0.241691       -0.273959       -0.121394
     H    4        0.277771       -0.121394        0.178383

     C    5       -0.819473        0.211935       -0.057612
     C    5        0.211935        0.461439        0.417347
     C    5       -0.057612        0.417347        0.358034

     H    6       -0.077556        0.043893       -0.155261
     H    6        0.043893        0.135986        0.203291
     H    6       -0.155261        0.203291       -0.058430

     H    7       -0.195053        0.081625        0.208247
     H    7        0.081625        0.138425       -0.822159
     H    7        0.208247       -0.822159        0.056627

     C    8        0.481059        0.200217        0.124913
     C    8        0.200217       -0.071488       -0.474933
     C    8        0.124913       -0.474933       -0.409571

     H    9        0.557769       -0.007019        0.633134
     H    9       -0.007019       -0.353203       -0.377829
     H    9        0.633134       -0.377829       -0.204567

     C   10        0.307628        0.140318        0.370691
     C   10        0.140318        0.180686       -0.600047
     C   10        0.370691       -0.600047       -0.488315

     C   11        0.286198        0.282967       -0.029089
     C   11        0.282967        0.196777       -0.115753
     C   11       -0.029089       -0.115753       -0.482975

     Cl  12       -0.626555        0.239164        0.166582
     Cl  12        0.239164       -0.273327        0.949249
     Cl  12        0.166582        0.949249        0.899882

     H   13       -0.102725        0.052705        0.124487
     H   13        0.052705        0.563875        0.197639
     H   13        0.124487        0.197639       -0.461151

     C   14        0.379436       -0.279203        0.347127
     C   14       -0.279203       -0.271526        0.106488
     C   14        0.347127        0.106488       -0.107909

     H   15        0.558925        0.183274        0.511265
     H   15        0.183274       -0.179210       -0.030687
     H   15        0.511265       -0.030687       -0.379715

     C   16       -0.156870        0.032132        0.061794
     C   16        0.032132        0.475097        0.206929
     C   16        0.061794        0.206929       -0.318227

     C   17        0.404035       -0.151676        0.228516
     C   17       -0.151676       -0.516614        0.079401
     C   17        0.228516        0.079401        0.112579

     Cl  18       -0.845944       -0.380188        0.605036
     Cl  18       -0.380188       -0.212519        1.856280
     Cl  18        0.605036        1.856280        1.058463

     H   19       -0.529211       -0.082206        0.024622
     H   19       -0.082206        0.593091        0.003569
     H   19        0.024622        0.003569       -0.063880

     C   20       -0.159684       -0.225304        0.188581
     C   20       -0.225304        0.262119        0.319165
     C   20        0.188581        0.319165       -0.102435

     H   21        0.103894       -0.402187        0.459963
     H   21       -0.402187        0.086420        0.031573
     H   21        0.459963        0.031573       -0.190313

     C   22        0.298910        0.589504       -0.442867
     C   22        0.589504        0.159423        0.284658
     C   22       -0.442867        0.284658       -0.458334

     C   23       -0.249695       -0.414932       -0.209981
     C   23       -0.414932        0.528189        0.151111
     C   23       -0.209981        0.151111       -0.278494

     Cl  24        0.740929        3.227186        0.224413
     Cl  24        3.227186        0.905167        1.496141
     Cl  24        0.224413        1.496141       -1.646096

     ----- total EFG (symmetrized) -----
     Cl   1        0.499516        0.214397       -0.030498
     Cl   1        0.214397        2.242671       -0.035460
     Cl   1       -0.030498       -0.035460       -2.742186

     C    2       -0.913614        0.152956        0.111606
     C    2        0.152956        0.541810        0.511488
     C    2        0.111606        0.511488        0.371804

     C    3        0.164071        0.103006        0.267645
     C    3        0.103006       -0.348977        0.114085
     C    3        0.267645        0.114085        0.184906

     H    4        0.095576        0.241691        0.277771
     H    4        0.241691       -0.273959       -0.121394
     H    4        0.277771       -0.121394        0.178383

     C    5       -0.819473        0.211935       -0.057612
     C    5        0.211935        0.461439        0.417347
     C    5       -0.057612        0.417347        0.358034

     H    6       -0.077556        0.043893       -0.155261
     H    6        0.043893        0.135986        0.203291
     H    6       -0.155261        0.203291       -0.058430

     H    7       -0.195053        0.081625        0.208247
     H    7        0.081625        0.138425       -0.822159
     H    7        0.208247       -0.822159        0.056627

     C    8        0.481059        0.200217        0.124913
     C    8        0.200217       -0.071488       -0.474933
     C    8        0.124913       -0.474933       -0.409571

     H    9        0.557769       -0.007019        0.633134
     H    9       -0.007019       -0.353203       -0.377829
     H    9        0.633134       -0.377829       -0.204567

     C   10        0.307628        0.140318        0.370691
     C   10        0.140318        0.180686       -0.600047
     C   10        0.370691       -0.600047       -0.488315

     C   11        0.286198        0.282967       -0.029089
     C   11        0.282967        0.196777       -0.115753
     C   11       -0.029089       -0.115753       -0.482975

     Cl  12       -0.626555        0.239164        0.166582
     Cl  12        0.239164       -0.273327        0.949249
     Cl  12        0.166582        0.949249        0.899882

     H   13       -0.102725        0.052705        0.124487
     H   13        0.052705        0.563875        0.197639
     H   13        0.124487        0.197639       -0.461151

     C   14        0.379436       -0.279203        0.347127
     C   14       -0.279203       -0.271526        0.106488
     C   14        0.347127        0.106488       -0.107909

     H   15        0.558925        0.183274        0.511265
     H   15        0.183274       -0.179210       -0.030687
     H   15        0.511265       -0.030687       -0.379715

     C   16       -0.156870        0.032132        0.061794
     C   16        0.032132        0.475097        0.206929
     C   16        0.061794        0.206929       -0.318227

     C   17        0.404035       -0.151676        0.228516
     C   17       -0.151676       -0.516614        0.079401
     C   17        0.228516        0.079401        0.112579

     Cl  18       -0.845944       -0.380188        0.605036
     Cl  18       -0.380188       -0.212519        1.856280
     Cl  18        0.605036        1.856280        1.058463

     H   19       -0.529211       -0.082206        0.024622
     H   19       -0.082206        0.593091        0.003569
     H   19        0.024622        0.003569       -0.063880

     C   20       -0.159684       -0.225304        0.188581
     C   20       -0.225304        0.262119        0.319165
     C   20        0.188581        0.319165       -0.102435

     H   21        0.103894       -0.402187        0.459963
     H   21       -0.402187        0.086420        0.031573
     H   21        0.459963        0.031573       -0.190313

     C   22        0.298910        0.589504       -0.442867
     C   22        0.589504        0.159423        0.284658
     C   22       -0.442867        0.284658       -0.458334

     C   23       -0.249695       -0.414932       -0.209981
     C   23       -0.414932        0.528189        0.151111
     C   23       -0.209981        0.151111       -0.278494

     Cl  24        0.740929        3.227186        0.224413
     Cl  24        3.227186        0.905167        1.496141
     Cl  24        0.224413        1.496141       -1.646096


     NQR/NMR SPECTROSCOPIC PARAMETERS:
     Cl   1    Vxx=    0.4737    axis=(  0.992683 -0.120477 -0.008086)
     Cl   1    Vyy=    2.2690    axis=(  0.120415  0.992693 -0.007757)
     Cl   1    Vzz=   -2.7427    axis=(  0.008961  0.006727  0.999937)
     Cl   1  Q=        -8.1650 1e-30 m^2  Cq=        52.6173 MHz  eta= 0.65454

     C    2    Vxx=   -0.0615    axis=( -0.015511 -0.644317  0.764601)
     C    2    Vyy=   -0.9325    axis=( -0.995014  0.085295  0.051691)
     C    2    Vzz=    0.9940    axis=( -0.098522 -0.759987 -0.642427)
     C    2  Q=         1.0000 1e-30 m^2  Cq=         2.3355 MHz  eta= 0.87629

     C    3    Vxx=   -0.0933    axis=( -0.723839  0.016167  0.689780)
     C    3    Vyy=   -0.3778    axis=( -0.115544  0.982767 -0.144284)
     C    3    Vzz=    0.4711    axis=( -0.680226 -0.184138 -0.709497)
     C    3  Q=         1.0000 1e-30 m^2  Cq=         1.1069 MHz  eta= 0.60400

     H    4    Vxx=    0.0569    axis=( -0.525937 -0.603980  0.598831)
     H    4    Vyy=    0.4253    axis=( -0.687274 -0.112975 -0.717559)
     H    4    Vzz=   -0.4822    axis=(  0.501044 -0.788952 -0.355682)
     H    4  Q=         1.0000 1e-30 m^2  Cq=        -1.1329 MHz  eta= 0.76415

     C    5    Vxx=    0.0281    axis=( -0.207271 -0.624144  0.753315)
     C    5    Vyy=    0.8393    axis=(  0.074303  0.757769  0.648279)
     C    5    Vzz=   -0.8674    axis=( -0.975458  0.190343 -0.110688)
     C    5  Q=         1.0000 1e-30 m^2  Cq=        -2.0380 MHz  eta= 0.93520

     H    6    Vxx=    0.0262    axis=(  0.799171  0.439650 -0.409919)
     H    6    Vyy=    0.2711    axis=(  0.152037 -0.807612 -0.569778)
     H    6    Vzz=   -0.2974    axis=( -0.581558  0.393028 -0.712264)
     H    6  Q=         1.0000 1e-30 m^2  Cq=        -0.6987 MHz  eta= 0.82360

     H    7    Vxx=   -0.1298    axis=(  0.941842  0.280526  0.185037)
     H    7    Vyy=   -0.7974    axis=(  0.327169 -0.639641 -0.695571)
     H    7    Vzz=    0.9272    axis=(  0.076769 -0.715657  0.694220)
     H    7  Q=         1.0000 1e-30 m^2  Cq=         2.1786 MHz  eta= 0.71996

     C    8    Vxx=    0.2351    axis=( -0.296544  0.740544 -0.603039)
     C    8    Vyy=    0.5472    axis=( -0.939642 -0.339100  0.045648)
     C    8    Vzz=   -0.7823    axis=( -0.170686  0.580177  0.796405)
     C    8  Q=         1.0000 1e-30 m^2  Cq=        -1.8382 MHz  eta= 0.39902

     H    9    Vxx=   -0.1384    axis=(  0.421035  0.785114 -0.454231)
     H    9    Vyy=   -0.8073    axis=( -0.334132  0.599814  0.727034)
     H    9    Vzz=    0.9456    axis=(  0.843259 -0.154333  0.514874)
     H    9  Q=         1.0000 1e-30 m^2  Cq=         2.2219 MHz  eta= 0.70734

     C   10    Vxx=    0.3979    axis=(  0.862866  0.505078  0.018941)
     C   10    Vyy=    0.5635    axis=( -0.410516  0.722194 -0.556698)
     C   10    Vzz=   -0.9614    axis=( -0.294855  0.472580  0.830499)
     C   10  Q=         1.0000 1e-30 m^2  Cq=        -2.2588 MHz  eta= 0.17222

     C   11    Vxx=   -0.0347    axis=(  0.661645 -0.735279  0.146936)
     C   11    Vyy=   -0.5026    axis=(  0.025908 -0.173427 -0.984506)
     C   11    Vzz=    0.5373    axis=(  0.749369  0.655200 -0.095698)
     C   11  Q=         1.0000 1e-30 m^2  Cq=         1.2625 MHz  eta= 0.87076

     Cl  12    Vxx=   -0.5854    axis=( -0.856522 -0.385917  0.342693)
     Cl  12    Vyy=   -0.8767    axis=( -0.500778  0.782074 -0.370920)
     Cl  12    Vzz=    1.4621    axis=(  0.124867  0.489315  0.863122)
     Cl  12  Q=        -8.1650 1e-30 m^2  Cq=       -28.0501 MHz  eta= 0.19918

     H   13    Vxx=   -0.0804    axis=(  0.960067 -0.150813  0.235642)
     H   13    Vyy=   -0.5282    axis=( -0.258921 -0.159902  0.952571)
     H   13    Vzz=    0.6086    axis=( -0.105980 -0.975544 -0.192565)
     H   13  Q=         1.0000 1e-30 m^2  Cq=         1.4300 MHz  eta= 0.73563

     C   14    Vxx=   -0.0861    axis=( -0.155414  0.657483  0.737266)
     C   14    Vyy=   -0.5217    axis=(  0.432817  0.716206 -0.547465)
     C   14    Vzz=    0.6078    axis=(  0.887984 -0.234018  0.395879)
     C   14  Q=         1.0000 1e-30 m^2  Cq=         1.4280 MHz  eta= 0.71661

     H   15    Vxx=   -0.1799    axis=( -0.049177  0.960668 -0.273311)
     H   15    Vyy=   -0.6284    axis=( -0.414599  0.229319  0.880636)
     H   15    Vzz=    0.8083    axis=(  0.908674  0.156621  0.387015)
     H   15  Q=         1.0000 1e-30 m^2  Cq=         1.8991 MHz  eta= 0.55495

     C   16    Vxx=   -0.1476    axis=(  0.971002 -0.119007  0.207347)
     C   16    Vyy=   -0.3813    axis=(  0.229459  0.220458 -0.948023)
     C   16    Vzz=    0.5289    axis=(  0.067110  0.968109  0.241372)
     C   16  Q=         1.0000 1e-30 m^2  Cq=         1.2427 MHz  eta= 0.44183

     C   17    Vxx=    0.0237    axis=( -0.424685  0.247209  0.870937)
     C   17    Vyy=    0.5382    axis=(  0.884341 -0.092725  0.457540)
     C   17    Vzz=   -0.5619    axis=(  0.193865  0.964515 -0.179238)
     C   17  Q=         1.0000 1e-30 m^2  Cq=        -1.3201 MHz  eta= 0.91568

     Cl  18    Vxx=   -0.4649    axis=(  0.848853 -0.472009  0.238025)
     Cl  18    Vyy=   -1.9435    axis=(  0.521596  0.674647 -0.522292)
     Cl  18    Vzz=    2.4084    axis=(  0.085944  0.567502  0.818874)
     Cl  18  Q=        -8.1650 1e-30 m^2  Cq=       -46.2042 MHz  eta= 0.61395

     H   19    Vxx=   -0.0626    axis=(  0.052492  0.001146  0.998621)
     H   19    Vyy=   -0.5365    axis=(  0.995978  0.072648 -0.052436)
     H   19    Vzz=    0.5991    axis=( -0.072608  0.997357  0.002672)
     H   19  Q=         1.0000 1e-30 m^2  Cq=         1.4076 MHz  eta= 0.79108

     C   20    Vxx=    0.0448    axis=(  0.755521 -0.152459  0.637138)
     C   20    Vyy=    0.4665    axis=( -0.186984  0.881907  0.432756)
     C   20    Vzz=   -0.5113    axis=( -0.627874 -0.446091  0.637791)
     C   20  Q=         1.0000 1e-30 m^2  Cq=        -1.2014 MHz  eta= 0.82472

     H   21    Vxx=    0.0025    axis=( -0.206850 -0.758671 -0.617764)
     H   21    Vyy=    0.6324    axis=( -0.749288  0.528856 -0.398595)
     H   21    Vzz=   -0.6349    axis=( -0.629111 -0.380434  0.677857)
     H   21  Q=         1.0000 1e-30 m^2  Cq=        -1.4918 MHz  eta= 0.99221

     C   22    Vxx=    0.0855    axis=( -0.398034  0.638752  0.658457)
     C   22    Vyy=    0.8413    axis=( -0.776224 -0.617045  0.129355)
     C   22    Vzz=   -0.9268    axis=(  0.488923 -0.459622  0.741419)
     C   22  Q=         1.0000 1e-30 m^2  Cq=        -2.1777 MHz  eta= 0.81547

     C   23    Vxx=   -0.2385    axis=( -0.438683 -0.396353  0.806512)
     C   23    Vyy=   -0.5178    axis=( -0.799571 -0.237490 -0.551620)
     C   23    Vzz=    0.7563    axis=( -0.410174  0.886850  0.212730)
     C   23  Q=         1.0000 1e-30 m^2  Cq=         1.7771 MHz  eta= 0.36923

     Cl  24    Vxx=   -1.2528    axis=( -0.554678  0.288394  0.780488)
     Cl  24    Vyy=   -3.0568    axis=( -0.502125  0.631942 -0.590356)
     Cl  24    Vzz=    4.3095    axis=(  0.663478  0.719360  0.205715)
     Cl  24  Q=        -8.1650 1e-30 m^2  Cq=       -82.6757 MHz  eta= 0.41861

     Initialization:
     gipaw_setup  :      9.08s CPU     11.25s WALL (       1 calls)

     Linear response

     Apply operators

     Induced current

     Other routines
     efg          :      9.69s CPU     12.25s WALL (       1 calls)

     General routines
     calbec       :      3.38s CPU      4.33s WALL (      16 calls)
     fft          :      1.76s CPU      3.15s WALL (      15 calls)
     ffts         :      0.04s CPU      0.06s WALL (       2 calls)
     fftw         :      3.45s CPU      4.16s WALL (     672 calls)
     davcio       :      0.04s CPU      0.35s WALL (      32 calls)

     Parallel routines
     fft_scatter  :      2.46s CPU      4.40s WALL (     689 calls)

     Plugins

     GIPAW        :     61.25s CPU     74.25s WALL (       1 calls)
