
     Program QE v.6.0 (svn rev. 13079) starts on 25Dec2016 at  3: 5:19 

     This program is part of the open-source Quantum ESPRESSO suite
     for quantum simulation of materials; please cite
         "P. Giannozzi et al., J. Phys.:Condens. Matter 21 395502 (2009);
          URL http://www.quantum-espresso.org", 
     in publications or presentations arising from this work. More details at
     http://www.quantum-espresso.org/quote

     Parallel version (MPI), running on     8 processors
     R & G space division:  proc/nbgrp/npool/nimage =       8

     ***** This is GIPAW svn revision unknown      *****

     Parallelizing q-star over 1 images

     Reading data from directory:
     /users/majewski/paradichlorobenzene/pbe/9_constraint/scratch/pbe.ecut100.np8.dt60.pcl2phi-129368.save
     Message from routine read_xml_file:
     file /users/majewski/paradichlorobenzene/pbe/9_constraint/scratch/pbe.ecut100.np8.dt60.pcl2phi-129368.save not guaranteed to be safe for post-processing

   Info: using nr1, nr2, nr3 values from input

   Info: using nr1, nr2, nr3 values from input

     IMPORTANT: XC functional enforced from input :
     Exchange-correlation      =  SLA  PW   PBX  PBC ( 1  4  3  4 0 0)
     Any further DFT definition will be discarded
     Please, verify this is what you really want

               file C.pbe-n-kjpaw_psl.1.0.0.UPF: wavefunction(s)  2S 2P renormalized
               file Cl.pbe-n-kjpaw_psl.1.0.0.UPF: wavefunction(s)  3S 3P renormalized
               file H.pbe-kjpaw_psl.1.0.0.UPF: wavefunction(s)  1S renormalized

     Parallelization info
     --------------------
     sticks:   dense  smooth     PW     G-vecs:    dense   smooth      PW
     Min        3057    1223    332               144436    36536    5170
     Max        3059    1225    333               144437    36537    5171
     Sum       24467    9791   2657              1155489   292295   41363


     Subspace diagonalization in iterative solution of the eigenvalue problem:
     a serial algorithm will be used

     GIPAW projectors -----------------------------------------------
     atom=  C    l=0  rc=    1.2000  rs=    0.8000
     atom=  C    l=0  rc=    1.2000  rs=    0.8000
     atom=  C    l=1  rc=    1.4000  rs=    0.9333
     atom=  C    l=1  rc=    1.4000  rs=    0.9333
     projs nearly linearly dependent: l=1  n1,n2= 1, 2  s=  0.99951561

     atom=  Cl   l=0  rc=    1.6000  rs=    1.0667
     atom=  Cl   l=0  rc=    1.6000  rs=    1.0667
     atom=  Cl   l=1  rc=    1.6000  rs=    1.0667
     atom=  Cl   l=1  rc=    1.6000  rs=    1.0667
     atom=  Cl   l=2  rc=    1.6000  rs=    1.0667
     atom=  Cl   l=2  rc=    1.6000  rs=    1.0667
     projs nearly linearly dependent: l=2  n1,n2= 1, 2  s=  0.99993509

     atom=  H    l=0  rc=    1.0000  rs=    0.6667
     atom=  H    l=0  rc=    1.0000  rs=    0.6667
     projs nearly linearly dependent: l=0  n1,n2= 1, 2  s=  0.99968852
     -----------------------------------------------------------------

     GIPAW integrals: -------------------------------------------
     Atom  i/j   nmr_para   nmr_dia   epr_rmc  epr_para   epr_dia
       C   1 1   0.83E+03  0.17E-01  0.93E+01  0.24E+08  0.24E+03
       C   2 1   0.86E+03 -0.61E-01  0.94E+01  0.25E+08  0.25E+03
       C   2 2   0.90E+03 -0.15E+00  0.97E+01  0.26E+08  0.26E+03
       C   3 3   0.33E+01  0.34E+00  0.18E+01  0.55E+03  0.21E+02
       C   4 3   0.35E+01  0.37E+00  0.20E+01  0.59E+03  0.22E+02
       C   4 4   0.38E+01  0.39E+00  0.22E+01  0.63E+03  0.24E+02
       Cl  1 1   0.14E+04 -0.47E+00  0.84E+01  0.32E+09  0.42E+03
       Cl  2 1   0.21E+04 -0.37E+00  0.12E+02  0.49E+09  0.65E+03
       Cl  2 2   0.33E+04 -0.16E+00  0.21E+02  0.76E+09  0.10E+04
       Cl  3 3   0.21E+02  0.79E-01  0.89E+01  0.23E+05  0.13E+03
       Cl  4 3   0.24E+02  0.67E-01  0.99E+01  0.27E+05  0.15E+03
       Cl  4 4   0.28E+02  0.44E-01  0.11E+02  0.32E+05  0.18E+03
       Cl  5 5   0.77E+00  0.19E+00  0.18E+01  0.12E+03  0.22E+02
       Cl  6 5   0.80E+00  0.19E+00  0.19E+01  0.12E+03  0.23E+02
       Cl  6 6   0.83E+00  0.20E+00  0.19E+01  0.12E+03  0.23E+02
       H   1 1   0.39E+02  0.19E+00  0.29E+00  0.78E+05  0.13E+02
       H   2 1   0.41E+02  0.21E+00  0.32E+00  0.82E+05  0.14E+02
       H   2 2   0.43E+02  0.22E+00  0.36E+00  0.86E+05  0.15E+02
     ------------------------------------------------------------

     alpha_pv=     33.9342 eV

     Number of occupied bands for each k-point:
     k-point:     1    nbnd_occ=  42
     k-point:     2    nbnd_occ=  42
     k-point:     3    nbnd_occ=  42
     k-point:     4    nbnd_occ=  42
     k-point:     5    nbnd_occ=  42
     k-point:     6    nbnd_occ=  42
     k-point:     7    nbnd_occ=  42
     k-point:     8    nbnd_occ=  42
     k-point:     9    nbnd_occ=  42
     k-point:    10    nbnd_occ=  42
     k-point:    11    nbnd_occ=  42
     k-point:    12    nbnd_occ=  42
     k-point:    13    nbnd_occ=  42
     k-point:    14    nbnd_occ=  42
     k-point:    15    nbnd_occ=  42
     k-point:    16    nbnd_occ=  42


     q-space interpolation up to   110.00 Rydberg

     GIPAW job: efg                                                                             


     ELECTRIC FIELD GRADIENTS TENSORS IN Hartree/bohrradius^2:

     ----- bare term -----
     Cl   1        0.069525        0.077992        0.024595
     Cl   1        0.077992       -0.078159        0.004600
     Cl   1        0.024595        0.004600        0.008634

     C    2       -0.675236        0.451149       -0.330478
     C    2        0.451149        0.312601       -0.145827
     C    2       -0.330478       -0.145827        0.362635

     C    3        0.065112       -0.241621       -0.375099
     C    3       -0.241621       -0.287685       -0.516216
     C    3       -0.375099       -0.516216        0.222574

     H    4       -0.662218       -0.091859        0.114066
     H    4       -0.091859        0.421846       -0.208291
     H    4        0.114066       -0.208291        0.240372

     C    5       -0.524096        0.321245       -0.351485
     C    5        0.321245        0.105438       -0.060874
     C    5       -0.351485       -0.060874        0.418657

     H    6       -0.066946       -0.315252        0.143728
     H    6       -0.315252       -0.351615       -0.309658
     H    6        0.143728       -0.309658        0.418561

     H    7        0.430371        0.083158       -0.040208
     H    7        0.083158       -0.568436        0.546468
     H    7       -0.040208        0.546468        0.138066

     C    8       -0.186988       -0.165772       -0.250915
     C    8       -0.165772       -0.067764        0.440079
     C    8       -0.250915        0.440079        0.254752

     H    9       -0.028853        0.186863       -0.415685
     H    9        0.186863        0.221418        0.478799
     H    9       -0.415685        0.478799       -0.192564

     C   10       -0.695775       -0.384259       -0.300891
     C   10       -0.384259        0.322820        0.175378
     C   10       -0.300891        0.175378        0.372954

     C   11       -0.011710       -0.071913       -0.223352
     C   11       -0.071913        0.044602        0.657281
     C   11       -0.223352        0.657281       -0.032893

     Cl  12       -0.099005       -0.216122       -0.038609
     Cl  12       -0.216122        0.153590        0.051549
     Cl  12       -0.038609        0.051549       -0.054585

     H   13        0.240017       -0.391780        0.128537
     H   13       -0.391780       -0.546058        0.143383
     H   13        0.128537        0.143383        0.306041

     C   14       -0.034811        0.027541       -0.079683
     C   14        0.027541       -0.150761       -0.132284
     C   14       -0.079683       -0.132284        0.185573

     H   15       -0.372429       -0.456624        0.144408
     H   15       -0.456624        0.153025        0.142911
     H   15        0.144408        0.142911        0.219404

     C   16       -0.187707        0.183925       -0.007241
     C   16        0.183925       -0.128927       -0.244628
     C   16       -0.007241       -0.244628        0.316634

     C   17       -0.146849       -0.266462       -0.324168
     C   17       -0.266462       -0.005551       -0.744002
     C   17       -0.324168       -0.744002        0.152400

     Cl  18       -0.073053        0.184736        0.026761
     Cl  18        0.184736       -0.054052       -0.035207
     Cl  18        0.026761       -0.035207        0.127105

     H   19        0.342419       -0.037448       -0.182548
     H   19       -0.037448       -0.450178        0.550069
     H   19       -0.182548        0.550069        0.107759

     C   20       -0.853253       -0.380408       -0.363212
     C   20       -0.380408        0.503803        0.150698
     C   20       -0.363212        0.150698        0.349450

     H   21       -0.159098        0.083516       -0.533844
     H   21        0.083516        0.205990       -0.075919
     H   21       -0.533844       -0.075919       -0.046892

     C   22        0.013915       -0.280622       -0.138533
     C   22       -0.280622       -0.083038        0.624560
     C   22       -0.138533        0.624560        0.069122

     C   23       -0.576663       -0.427205       -0.418075
     C   23       -0.427205        0.324856        0.155510
     C   23       -0.418075        0.155510        0.251807

     Cl  24       -0.014268       -0.071742        0.041262
     Cl  24       -0.071742        0.067861       -0.093384
     Cl  24        0.041262       -0.093384       -0.053593

     ----- ionic term -----
     Cl   1        0.117889       -0.197243       -0.022177
     Cl   1       -0.197243        0.021348        0.012686
     Cl   1       -0.022177        0.012686       -0.139236

     C    2        0.280564       -0.088960        0.141573
     C    2       -0.088960        0.198535        0.283582
     C    2        0.141573        0.283582       -0.479099

     C    3        0.216126       -0.130757        0.120666
     C    3       -0.130757        0.276853        0.300584
     C    3        0.120666        0.300584       -0.492978

     H    4        0.745866        0.475567        0.440094
     H    4        0.475567       -0.301753        0.203294
     H    4        0.440094        0.203294       -0.444113

     C    5        0.391954       -0.109923        0.185633
     C    5       -0.109923        0.136441        0.233112
     C    5        0.185633        0.233112       -0.528395

     H    6       -0.449097        0.289593        0.106597
     H    6        0.289593        0.857994        0.472006
     H    6        0.106597        0.472006       -0.408897

     H    7       -0.508332       -0.043195        0.063657
     H    7       -0.043195        0.595064       -0.747247
     H    7        0.063657       -0.747247       -0.086733

     C    8        0.349528        0.279848        0.328639
     C    8        0.279848       -0.047245       -0.301853
     C    8        0.328639       -0.301853       -0.302283

     H    9        0.372768       -0.172602        0.788543
     H    9       -0.172602       -0.505585       -0.226249
     H    9        0.788543       -0.226249        0.132816

     C   10        0.148710        0.313785        0.205902
     C   10        0.313785        0.099049       -0.401835
     C   10        0.205902       -0.401835       -0.247759

     C   11        0.202180        0.157438        0.245078
     C   11        0.157438        0.073457       -0.410875
     C   11        0.245078       -0.410875       -0.275637

     Cl  12        0.129380        0.170574        0.002490
     Cl  12        0.170574        0.011040       -0.005759
     Cl  12        0.002490       -0.005759       -0.140419

     H   13       -0.437825        0.312077        0.107622
     H   13        0.312077        0.796062        0.517422
     H   13        0.107622        0.517422       -0.358236

     C   14        0.331626       -0.118505        0.160522
     C   14       -0.118505        0.177426        0.232499
     C   14        0.160522        0.232499       -0.509053

     H   15        0.813819        0.353521        0.509515
     H   15        0.353521       -0.370098        0.190939
     H   15        0.509515        0.190939       -0.443721

     C   16        0.151692       -0.128643        0.158585
     C   16       -0.128643        0.357092        0.341016
     C   16        0.158585        0.341016       -0.508784

     C   17        0.252890       -0.074059        0.242049
     C   17       -0.074059        0.279771        0.300986
     C   17        0.242049        0.300986       -0.532661

     Cl  18        0.110069       -0.195270        0.024098
     Cl  18       -0.195270        0.068018       -0.014099
     Cl  18        0.024098       -0.014099       -0.178087

     H   19       -0.500506       -0.198255        0.120274
     H   19       -0.198255        0.683909       -0.690837
     H   19        0.120274       -0.690837       -0.183403

     C   20        0.311765        0.183130        0.282489
     C   20        0.183130        0.071459       -0.291476
     C   20        0.282489       -0.291476       -0.383224

     H   21        0.484695       -0.304889        0.730223
     H   21       -0.304889       -0.408182       -0.277228
     H   21        0.730223       -0.277228       -0.076513

     C   22        0.146280        0.260219        0.215210
     C   22        0.260219        0.179027       -0.363473
     C   22        0.215210       -0.363473       -0.325307

     C   23        0.228203        0.218081        0.301648
     C   23        0.218081        0.043548       -0.377592
     C   23        0.301648       -0.377592       -0.271751

     Cl  24        0.150961        0.216655       -0.019983
     Cl  24        0.216655       -0.004673       -0.019324
     Cl  24       -0.019983       -0.019324       -0.146288

     ----- GIPAW term -----
     Cl   1       -0.183191       -1.198801        0.053523
     Cl   1       -1.198801        2.191326        1.094552
     Cl   1        0.053523        1.094552       -2.008135

     C    2       -0.156726        0.000679       -0.031968
     C    2        0.000679        0.271215       -0.016568
     C    2       -0.031968       -0.016568       -0.114490

     C    3       -0.014545       -0.207285       -0.153055
     C    3       -0.207285        0.043460        0.081852
     C    3       -0.153055        0.081852       -0.028915

     H    4       -0.000000        0.000000        0.000000
     H    4        0.000000        0.000000        0.000000
     H    4        0.000000        0.000000        0.000000

     C    5       -0.000941       -0.154024       -0.111117
     C    5       -0.154024        0.072885        0.105222
     C    5       -0.111117        0.105222       -0.071944

     H    6       -0.000000        0.000000        0.000000
     H    6        0.000000        0.000000        0.000000
     H    6        0.000000        0.000000        0.000000

     H    7       -0.000000        0.000000        0.000000
     H    7        0.000000        0.000000        0.000000
     H    7        0.000000        0.000000        0.000000

     C    8       -0.080180       -0.048009       -0.023887
     C    8       -0.048009        0.130249        0.039180
     C    8       -0.023887        0.039180       -0.050069

     H    9       -0.000000        0.000000        0.000000
     H    9        0.000000        0.000000        0.000000
     H    9        0.000000        0.000000        0.000000

     C   10       -0.247181       -0.066911       -0.059869
     C   10       -0.066911        0.305220       -0.040529
     C   10       -0.059869       -0.040529       -0.058039

     C   11       -0.042692       -0.008692       -0.034552
     C   11       -0.008692        0.251043        0.106625
     C   11       -0.034552        0.106625       -0.208352

     Cl  12        0.671721        0.414928       -0.389273
     Cl  12        0.414928        1.506899        0.462109
     Cl  12       -0.389273        0.462109       -2.178620

     H   13       -0.000000        0.000000        0.000000
     H   13        0.000000        0.000000        0.000000
     H   13        0.000000        0.000000        0.000000

     C   14       -0.017453        0.035502       -0.022109
     C   14        0.035502        0.025671       -0.076888
     C   14       -0.022109       -0.076888       -0.008218

     H   15       -0.000000        0.000000        0.000000
     H   15        0.000000        0.000000        0.000000
     H   15        0.000000        0.000000        0.000000

     C   16       -0.080346        0.035270       -0.035637
     C   16        0.035270        0.001711       -0.108423
     C   16       -0.035637       -0.108423        0.078635

     C   17       -0.050011       -0.193138       -0.006050
     C   17       -0.193138        0.088399       -0.246211
     C   17       -0.006050       -0.246211       -0.038388

     Cl  18        1.554946       -1.930569        0.187906
     Cl  18       -1.930569       -0.232726       -0.218884
     Cl  18        0.187906       -0.218884       -1.322220

     H   19       -0.000000        0.000000        0.000000
     H   19        0.000000        0.000000        0.000000
     H   19        0.000000        0.000000        0.000000

     C   20       -0.243965       -0.050703       -0.037212
     C   20       -0.050703        0.327479       -0.008416
     C   20       -0.037212       -0.008416       -0.083514

     H   21       -0.000000        0.000000        0.000000
     H   21        0.000000        0.000000        0.000000
     H   21        0.000000        0.000000        0.000000

     C   22       -0.104395       -0.090749       -0.015465
     C   22       -0.090749        0.241805        0.093621
     C   22       -0.015465        0.093621       -0.137409

     C   23       -0.120998       -0.096772       -0.052453
     C   23       -0.096772        0.263752        0.015368
     C   23       -0.052453        0.015368       -0.142754

     Cl  24        0.100290        0.544896        0.522198
     Cl  24        0.544896        1.882698       -1.568934
     Cl  24        0.522198       -1.568934       -1.982988

     ----- total EFG -----
     Cl   1        0.004223       -1.318052        0.055940
     Cl   1       -1.318052        2.134515        1.111838
     Cl   1        0.055940        1.111838       -2.138738

     C    2       -0.551397        0.362868       -0.220873
     C    2        0.362868        0.782351        0.121187
     C    2       -0.220873        0.121187       -0.230954

     C    3        0.266692       -0.579664       -0.407489
     C    3       -0.579664        0.032627       -0.133780
     C    3       -0.407489       -0.133780       -0.299319

     H    4        0.083648        0.383708        0.554160
     H    4        0.383708        0.120093       -0.004997
     H    4        0.554160       -0.004997       -0.203741

     C    5       -0.133082        0.057298       -0.276969
     C    5        0.057298        0.314764        0.277460
     C    5       -0.276969        0.277460       -0.181682

     H    6       -0.516043       -0.025659        0.250325
     H    6       -0.025659        0.506379        0.162348
     H    6        0.250325        0.162348        0.009664

     H    7       -0.077961        0.039963        0.023448
     H    7        0.039963        0.026628       -0.200778
     H    7        0.023448       -0.200778        0.051333

     C    8        0.082361        0.066067        0.053837
     C    8        0.066067        0.015240        0.177406
     C    8        0.053837        0.177406       -0.097600

     H    9        0.343915        0.014261        0.372858
     H    9        0.014261       -0.284167        0.252550
     H    9        0.372858        0.252550       -0.059748

     C   10       -0.794246       -0.137385       -0.154857
     C   10       -0.137385        0.727089       -0.266987
     C   10       -0.154857       -0.266987        0.067157

     C   11        0.147779        0.076833       -0.012826
     C   11        0.076833        0.369103        0.353031
     C   11       -0.012826        0.353031       -0.516881

     Cl  12        0.702096        0.369379       -0.425391
     Cl  12        0.369379        1.671529        0.507899
     Cl  12       -0.425391        0.507899       -2.373625

     H   13       -0.197809       -0.079702        0.236159
     H   13       -0.079702        0.250003        0.660805
     H   13        0.236159        0.660805       -0.052195

     C   14        0.279361       -0.055462        0.058730
     C   14       -0.055462        0.052336        0.023327
     C   14        0.058730        0.023327       -0.331698

     H   15        0.441390       -0.103104        0.653923
     H   15       -0.103104       -0.217073        0.333850
     H   15        0.653923        0.333850       -0.224317

     C   16       -0.116361        0.090552        0.115707
     C   16        0.090552        0.229875       -0.012036
     C   16        0.115707       -0.012036       -0.113514

     C   17        0.056030       -0.533660       -0.088169
     C   17       -0.533660        0.362618       -0.689227
     C   17       -0.088169       -0.689227       -0.418648

     Cl  18        1.591962       -1.941103        0.238765
     Cl  18       -1.941103       -0.218760       -0.268190
     Cl  18        0.238765       -0.268190       -1.373203

     H   19       -0.158088       -0.235703       -0.062274
     H   19       -0.235703        0.233731       -0.140768
     H   19       -0.062274       -0.140768       -0.075644

     C   20       -0.785453       -0.247981       -0.117935
     C   20       -0.247981        0.902741       -0.149194
     C   20       -0.117935       -0.149194       -0.117288

     H   21        0.325597       -0.221373        0.196379
     H   21       -0.221373       -0.202192       -0.353147
     H   21        0.196379       -0.353147       -0.123405

     C   22        0.055800       -0.111152        0.061212
     C   22       -0.111152        0.337794        0.354708
     C   22        0.061212        0.354708       -0.393594

     C   23       -0.469457       -0.305896       -0.168879
     C   23       -0.305896        0.632156       -0.206715
     C   23       -0.168879       -0.206715       -0.162699

     Cl  24        0.236983        0.689810        0.543477
     Cl  24        0.689810        1.945886       -1.681643
     Cl  24        0.543477       -1.681643       -2.182869

     ----- total EFG (symmetrized) -----
     Cl   1        0.004223       -1.318052        0.055940
     Cl   1       -1.318052        2.134515        1.111838
     Cl   1        0.055940        1.111838       -2.138738

     C    2       -0.551397        0.362868       -0.220873
     C    2        0.362868        0.782351        0.121187
     C    2       -0.220873        0.121187       -0.230954

     C    3        0.266692       -0.579664       -0.407489
     C    3       -0.579664        0.032627       -0.133780
     C    3       -0.407489       -0.133780       -0.299319

     H    4        0.083648        0.383708        0.554160
     H    4        0.383708        0.120093       -0.004997
     H    4        0.554160       -0.004997       -0.203741

     C    5       -0.133082        0.057298       -0.276969
     C    5        0.057298        0.314764        0.277460
     C    5       -0.276969        0.277460       -0.181682

     H    6       -0.516043       -0.025659        0.250325
     H    6       -0.025659        0.506379        0.162348
     H    6        0.250325        0.162348        0.009664

     H    7       -0.077961        0.039963        0.023448
     H    7        0.039963        0.026628       -0.200778
     H    7        0.023448       -0.200778        0.051333

     C    8        0.082361        0.066067        0.053837
     C    8        0.066067        0.015240        0.177406
     C    8        0.053837        0.177406       -0.097600

     H    9        0.343915        0.014261        0.372858
     H    9        0.014261       -0.284167        0.252550
     H    9        0.372858        0.252550       -0.059748

     C   10       -0.794246       -0.137385       -0.154857
     C   10       -0.137385        0.727089       -0.266987
     C   10       -0.154857       -0.266987        0.067157

     C   11        0.147779        0.076833       -0.012826
     C   11        0.076833        0.369103        0.353031
     C   11       -0.012826        0.353031       -0.516881

     Cl  12        0.702096        0.369379       -0.425391
     Cl  12        0.369379        1.671529        0.507899
     Cl  12       -0.425391        0.507899       -2.373625

     H   13       -0.197809       -0.079702        0.236159
     H   13       -0.079702        0.250003        0.660805
     H   13        0.236159        0.660805       -0.052195

     C   14        0.279361       -0.055462        0.058730
     C   14       -0.055462        0.052336        0.023327
     C   14        0.058730        0.023327       -0.331698

     H   15        0.441390       -0.103104        0.653923
     H   15       -0.103104       -0.217073        0.333850
     H   15        0.653923        0.333850       -0.224317

     C   16       -0.116361        0.090552        0.115707
     C   16        0.090552        0.229875       -0.012036
     C   16        0.115707       -0.012036       -0.113514

     C   17        0.056030       -0.533660       -0.088169
     C   17       -0.533660        0.362618       -0.689227
     C   17       -0.088169       -0.689227       -0.418648

     Cl  18        1.591962       -1.941103        0.238765
     Cl  18       -1.941103       -0.218760       -0.268190
     Cl  18        0.238765       -0.268190       -1.373203

     H   19       -0.158088       -0.235703       -0.062274
     H   19       -0.235703        0.233731       -0.140768
     H   19       -0.062274       -0.140768       -0.075644

     C   20       -0.785453       -0.247981       -0.117935
     C   20       -0.247981        0.902741       -0.149194
     C   20       -0.117935       -0.149194       -0.117288

     H   21        0.325597       -0.221373        0.196379
     H   21       -0.221373       -0.202192       -0.353147
     H   21        0.196379       -0.353147       -0.123405

     C   22        0.055800       -0.111152        0.061212
     C   22       -0.111152        0.337794        0.354708
     C   22        0.061212        0.354708       -0.393594

     C   23       -0.469457       -0.305896       -0.168879
     C   23       -0.305896        0.632156       -0.206715
     C   23       -0.168879       -0.206715       -0.162699

     Cl  24        0.236983        0.689810        0.543477
     Cl  24        0.689810        1.945886       -1.681643
     Cl  24        0.543477       -1.681643       -2.182869


     NQR/NMR SPECTROSCOPIC PARAMETERS:
     Cl   1    Vxx=   -0.4816    axis=(  0.902126  0.343593  0.260983)
     Cl   1    Vyy=   -2.4736    axis=( -0.168423 -0.276461  0.946151)
     Cl   1    Vzz=    2.9552    axis=(  0.397243 -0.897504 -0.191534)
     Cl   1  Q=        -8.1650 1e-30 m^2  Cq=       -56.6934 MHz  eta= 0.67406

     C    2    Vxx=   -0.1211    axis=( -0.423313  0.048672  0.904675)
     C    2    Vyy=   -0.7573    axis=( -0.874426  0.239304 -0.422033)
     C    2    Vzz=    0.8784    axis=( -0.237034 -0.969724 -0.058741)
     C    2  Q=         1.0000 1e-30 m^2  Cq=         2.0639 MHz  eta= 0.72430

     C    3    Vxx=   -0.0410    axis=( -0.248935 -0.641952  0.725210)
     C    3    Vyy=   -0.7538    axis=( -0.554607 -0.519376 -0.650123)
     C    3    Vzz=    0.7948    axis=( -0.794004  0.564045  0.226740)
     C    3  Q=         1.0000 1e-30 m^2  Cq=         1.8676 MHz  eta= 0.89677

     H    4    Vxx=    0.0228    axis=( -0.213473  0.814017 -0.540190)
     H    4    Vyy=    0.6853    axis=(  0.737768  0.496786  0.457059)
     H    4    Vzz=   -0.7081    axis=( -0.640412  0.300965  0.706606)
     H    4  Q=         1.0000 1e-30 m^2  Cq=        -1.6638 MHz  eta= 0.93565

     C    5    Vxx=    0.0636    axis=(  0.794196  0.359824 -0.489672)
     C    5    Vyy=    0.4465    axis=(  0.125892 -0.885778 -0.446709)
     C    5    Vzz=   -0.5102    axis=(  0.594477 -0.293129  0.748780)
     C    5  Q=         1.0000 1e-30 m^2  Cq=        -1.1988 MHz  eta= 0.75050

     H    6    Vxx=    0.0656    axis=(  0.388380 -0.298495  0.871815)
     H    6    Vyy=    0.5570    axis=( -0.048227 -0.951371 -0.304249)
     H    6    Vzz=   -0.6226    axis=(  0.920236  0.076119 -0.383889)
     H    6  Q=         1.0000 1e-30 m^2  Cq=        -1.4628 MHz  eta= 0.78929

     H    7    Vxx=   -0.0586    axis=( -0.916138 -0.269493 -0.296757)
     H    7    Vyy=   -0.1819    axis=(  0.399516 -0.674468 -0.620870)
     H    7    Vzz=    0.2405    axis=( -0.032833 -0.687362  0.725573)
     H    7  Q=         1.0000 1e-30 m^2  Cq=         0.5650 MHz  eta= 0.51255

     C    8    Vxx=    0.0230    axis=(  0.819936 -0.470537 -0.326036)
     C    8    Vyy=    0.2044    axis=( -0.572249 -0.658446 -0.488856)
     C    8    Vzz=   -0.2274    axis=(  0.015347  0.587404 -0.809148)
     C    8  Q=         1.0000 1e-30 m^2  Cq=        -0.5343 MHz  eta= 0.79738

     H    9    Vxx=   -0.0880    axis=(  0.496664 -0.671692 -0.549686)
     H    9    Vyy=   -0.5023    axis=(  0.269062  0.721274 -0.638255)
     H    9    Vzz=    0.5904    axis=( -0.825185 -0.169098 -0.538957)
     H    9  Q=         1.0000 1e-30 m^2  Cq=         1.3871 MHz  eta= 0.70176

     C   10    Vxx=    0.0176    axis=( -0.227890  0.303957  0.925028)
     C   10    Vyy=    0.8254    axis=(  0.049318 -0.945203  0.322737)
     C   10    Vzz=   -0.8430    axis=(  0.972437  0.119169  0.200412)
     C   10  Q=         1.0000 1e-30 m^2  Cq=        -1.9807 MHz  eta= 0.95830

     C   11    Vxx=    0.1365    axis=(  0.981001 -0.161976 -0.106777)
     C   11    Vyy=    0.5056    axis=(  0.188066  0.929107  0.318419)
     C   11    Vzz=   -0.6421    axis=(  0.047631 -0.332450  0.941917)
     C   11  Q=         1.0000 1e-30 m^2  Cq=        -1.5088 MHz  eta= 0.57489

     Cl  12    Vxx=    0.6786    axis=( -0.948641  0.262906  0.175959)
     Cl  12    Vyy=    1.8264    axis=(  0.281030  0.955737  0.087111)
     Cl  12    Vzz=   -2.5051    axis=(  0.145269 -0.132087  0.980536)
     Cl  12  Q=        -8.1650 1e-30 m^2  Cq=        48.0584 MHz  eta= 0.45819

     H   13    Vxx=   -0.0931    axis=(  0.897252 -0.338214  0.283812)
     H   13    Vyy=   -0.6913    axis=( -0.432302 -0.542319  0.720420)
     H   13    Vzz=    0.7844    axis=(  0.089740  0.769091  0.632808)
     H   13  Q=         1.0000 1e-30 m^2  Cq=         1.8431 MHz  eta= 0.76271

     C   14    Vxx=    0.0429    axis=( -0.205413 -0.974258 -0.092883)
     C   14    Vyy=    0.2965    axis=(  0.973475 -0.213170  0.083091)
     C   14    Vzz=   -0.3394    axis=( -0.100752 -0.073351  0.992204)
     C   14  Q=         1.0000 1e-30 m^2  Cq=        -0.7974 MHz  eta= 0.74739

     H   15    Vxx=   -0.0324    axis=(  0.331238 -0.865221 -0.376396)
     H   15    Vyy=   -0.8175    axis=(  0.432357  0.493753 -0.754504)
     H   15    Vzz=    0.8499    axis=(  0.838659  0.087183  0.537634)
     H   15  Q=         1.0000 1e-30 m^2  Cq=         1.9969 MHz  eta= 0.92383

     C   16    Vxx=   -0.0107    axis=(  0.638545 -0.203229  0.742265)
     C   16    Vyy=   -0.2422    axis=( -0.727151  0.156518  0.668396)
     C   16    Vzz=    0.2529    axis=( -0.252016 -0.966540 -0.047834)
     C   16  Q=         1.0000 1e-30 m^2  Cq=         0.5942 MHz  eta= 0.91554

     C   17    Vxx=   -0.0178    axis=(  0.825172  0.201375 -0.527768)
     C   17    Vyy=   -0.9515    axis=(  0.354315  0.543145  0.761219)
     C   17    Vzz=    0.9693    axis=(  0.439945 -0.815133  0.376837)
     C   17  Q=         1.0000 1e-30 m^2  Cq=         2.2774 MHz  eta= 0.96324

     Cl  18    Vxx=   -1.3271    axis=( -0.381073 -0.475539  0.792872)
     Cl  18    Vyy=   -1.5296    axis=(  0.387071  0.696746  0.603921)
     Cl  18    Vzz=    2.8567    axis=(  0.839618 -0.537036  0.081444)
     Cl  18  Q=        -8.1650 1e-30 m^2  Cq=       -54.8042 MHz  eta= 0.07088

     H   19    Vxx=   -0.0424    axis=(  0.498851 -0.015938 -0.866541)
     H   19    Vyy=   -0.3260    axis=( -0.781629 -0.440234 -0.441871)
     H   19    Vzz=    0.3684    axis=( -0.374439  0.897742 -0.232068)
     H   19  Q=         1.0000 1e-30 m^2  Cq=         0.8657 MHz  eta= 0.76993

     C   20    Vxx=   -0.1070    axis=(  0.203742 -0.093950 -0.974506)
     C   20    Vyy=   -0.8475    axis=(  0.970100  0.153471  0.188025)
     C   20    Vzz=    0.9546    axis=(  0.131894 -0.983677  0.122409)
     C   20  Q=         1.0000 1e-30 m^2  Cq=         2.2428 MHz  eta= 0.77578

     H   21    Vxx=   -0.0414    axis=( -0.622053 -0.488109  0.612208)
     H   21    Vyy=   -0.5197    axis=( -0.046962 -0.757233 -0.651454)
     H   21    Vzz=    0.5611    axis=(  0.781565 -0.433990  0.448116)
     H   21  Q=         1.0000 1e-30 m^2  Cq=         1.3184 MHz  eta= 0.85251

     C   22    Vxx=    0.0570    axis=(  0.969924  0.109070  0.217605)
     C   22    Vyy=    0.4964    axis=( -0.182420  0.917605  0.353163)
     C   22    Vzz=   -0.5534    axis=( -0.161155 -0.382236  0.909904)
     C   22  Q=         1.0000 1e-30 m^2  Cq=        -1.3004 MHz  eta= 0.79389

     C   23    Vxx=   -0.0921    axis=(  0.450403 -0.063939 -0.890533)
     C   23    Vyy=   -0.6480    axis=( -0.865887 -0.274444 -0.418234)
     C   23    Vzz=    0.7401    axis=( -0.217660  0.959475 -0.178974)
     C   23  Q=         1.0000 1e-30 m^2  Cq=         1.7390 MHz  eta= 0.75105

     Cl  24    Vxx=    0.3170    axis=(  0.952743 -0.111919  0.282410)
     Cl  24    Vyy=    2.6392    axis=(  0.199186  0.932073 -0.302598)
     Cl  24    Vzz=   -2.9563    axis=( -0.229360  0.344550  0.910318)
     Cl  24  Q=        -8.1650 1e-30 m^2  Cq=        56.7150 MHz  eta= 0.78551

     Initialization:
     gipaw_setup  :      9.07s CPU     10.99s WALL (       1 calls)

     Linear response

     Apply operators

     Induced current

     Other routines
     efg          :      9.86s CPU     12.63s WALL (       1 calls)

     General routines
     calbec       :      3.36s CPU      4.57s WALL (      16 calls)
     fft          :      1.30s CPU      1.50s WALL (      15 calls)
     ffts         :      0.05s CPU      0.07s WALL (       2 calls)
     fftw         :      3.63s CPU      4.47s WALL (     672 calls)
     davcio       :      0.03s CPU      0.30s WALL (      32 calls)

     Parallel routines
     fft_scatter  :      2.13s CPU      2.91s WALL (     689 calls)

     Plugins

     GIPAW        :     61.16s CPU     74.21s WALL (       1 calls)
