
     Program QE v.6.0 (svn rev. 13079) starts on 12Jan2017 at  2:18: 7 

     This program is part of the open-source Quantum ESPRESSO suite
     for quantum simulation of materials; please cite
         "P. Giannozzi et al., J. Phys.:Condens. Matter 21 395502 (2009);
          URL http://www.quantum-espresso.org", 
     in publications or presentations arising from this work. More details at
     http://www.quantum-espresso.org/quote

     Parallel version (MPI), running on     8 processors
     R & G space division:  proc/nbgrp/npool/nimage =       8

     ***** This is GIPAW svn revision unknown      *****

     Parallelizing q-star over 1 images

     Reading data from directory:
     /users/majewski/paradichlorobenzene/pbe/9_constraint/scratch/pbe.ecut100.np8.dt60.pcl2phi-129368.save
     Message from routine read_xml_file:
     file /users/majewski/paradichlorobenzene/pbe/9_constraint/scratch/pbe.ecut100.np8.dt60.pcl2phi-129368.save not guaranteed to be safe for post-processing

   Info: using nr1, nr2, nr3 values from input

   Info: using nr1, nr2, nr3 values from input

     IMPORTANT: XC functional enforced from input :
     Exchange-correlation      =  SLA  PW   PBX  PBC ( 1  4  3  4 0 0)
     Any further DFT definition will be discarded
     Please, verify this is what you really want

               file C.pbe-n-kjpaw_psl.1.0.0.UPF: wavefunction(s)  2S 2P renormalized
               file Cl.pbe-n-kjpaw_psl.1.0.0.UPF: wavefunction(s)  3S 3P renormalized
               file H.pbe-kjpaw_psl.1.0.0.UPF: wavefunction(s)  1S renormalized

     Parallelization info
     --------------------
     sticks:   dense  smooth     PW     G-vecs:    dense   smooth      PW
     Min        3057    1223    332               144436    36536    5170
     Max        3059    1225    333               144437    36537    5171
     Sum       24467    9791   2657              1155489   292295   41363


     Subspace diagonalization in iterative solution of the eigenvalue problem:
     a serial algorithm will be used

     GIPAW projectors -----------------------------------------------
     atom=  C    l=0  rc=    1.2000  rs=    0.8000
     atom=  C    l=0  rc=    1.2000  rs=    0.8000
     atom=  C    l=1  rc=    1.4000  rs=    0.9333
     atom=  C    l=1  rc=    1.4000  rs=    0.9333
     projs nearly linearly dependent: l=1  n1,n2= 1, 2  s=  0.99951561

     atom=  Cl   l=0  rc=    1.6000  rs=    1.0667
     atom=  Cl   l=0  rc=    1.6000  rs=    1.0667
     atom=  Cl   l=1  rc=    1.6000  rs=    1.0667
     atom=  Cl   l=1  rc=    1.6000  rs=    1.0667
     atom=  Cl   l=2  rc=    1.6000  rs=    1.0667
     atom=  Cl   l=2  rc=    1.6000  rs=    1.0667
     projs nearly linearly dependent: l=2  n1,n2= 1, 2  s=  0.99993509

     atom=  H    l=0  rc=    1.0000  rs=    0.6667
     atom=  H    l=0  rc=    1.0000  rs=    0.6667
     projs nearly linearly dependent: l=0  n1,n2= 1, 2  s=  0.99968852
     -----------------------------------------------------------------

     GIPAW integrals: -------------------------------------------
     Atom  i/j   nmr_para   nmr_dia   epr_rmc  epr_para   epr_dia
       C   1 1   0.83E+03  0.17E-01  0.93E+01  0.24E+08  0.24E+03
       C   2 1   0.86E+03 -0.61E-01  0.94E+01  0.25E+08  0.25E+03
       C   2 2   0.90E+03 -0.15E+00  0.97E+01  0.26E+08  0.26E+03
       C   3 3   0.33E+01  0.34E+00  0.18E+01  0.55E+03  0.21E+02
       C   4 3   0.35E+01  0.37E+00  0.20E+01  0.59E+03  0.22E+02
       C   4 4   0.38E+01  0.39E+00  0.22E+01  0.63E+03  0.24E+02
       Cl  1 1   0.14E+04 -0.47E+00  0.84E+01  0.32E+09  0.42E+03
       Cl  2 1   0.21E+04 -0.37E+00  0.12E+02  0.49E+09  0.65E+03
       Cl  2 2   0.33E+04 -0.16E+00  0.21E+02  0.76E+09  0.10E+04
       Cl  3 3   0.21E+02  0.79E-01  0.89E+01  0.23E+05  0.13E+03
       Cl  4 3   0.24E+02  0.67E-01  0.99E+01  0.27E+05  0.15E+03
       Cl  4 4   0.28E+02  0.44E-01  0.11E+02  0.32E+05  0.18E+03
       Cl  5 5   0.77E+00  0.19E+00  0.18E+01  0.12E+03  0.22E+02
       Cl  6 5   0.80E+00  0.19E+00  0.19E+01  0.12E+03  0.23E+02
       Cl  6 6   0.83E+00  0.20E+00  0.19E+01  0.12E+03  0.23E+02
       H   1 1   0.39E+02  0.19E+00  0.29E+00  0.78E+05  0.13E+02
       H   2 1   0.41E+02  0.21E+00  0.32E+00  0.82E+05  0.14E+02
       H   2 2   0.43E+02  0.22E+00  0.36E+00  0.86E+05  0.15E+02
     ------------------------------------------------------------

     alpha_pv=     34.7695 eV

     Number of occupied bands for each k-point:
     k-point:     1    nbnd_occ=  42
     k-point:     2    nbnd_occ=  42
     k-point:     3    nbnd_occ=  42
     k-point:     4    nbnd_occ=  42
     k-point:     5    nbnd_occ=  42
     k-point:     6    nbnd_occ=  42
     k-point:     7    nbnd_occ=  42
     k-point:     8    nbnd_occ=  42
     k-point:     9    nbnd_occ=  42
     k-point:    10    nbnd_occ=  42
     k-point:    11    nbnd_occ=  42
     k-point:    12    nbnd_occ=  42
     k-point:    13    nbnd_occ=  42
     k-point:    14    nbnd_occ=  42
     k-point:    15    nbnd_occ=  42
     k-point:    16    nbnd_occ=  42


     q-space interpolation up to   110.00 Rydberg

     GIPAW job: efg                                                                             


     ELECTRIC FIELD GRADIENTS TENSORS IN Hartree/bohrradius^2:

     ----- bare term -----
     Cl   1        0.010970        0.028234       -0.085027
     Cl   1        0.028234        0.008548        0.067083
     Cl   1       -0.085027        0.067083       -0.019519

     C    2       -0.344063        0.279123       -0.297767
     C    2        0.279123       -0.066530       -0.486678
     C    2       -0.297767       -0.486678        0.410593

     C    3        0.038526        0.510860       -0.211246
     C    3        0.510860       -0.301340       -0.475019
     C    3       -0.211246       -0.475019        0.262814

     H    4        0.051018       -0.094027       -0.196512
     H    4       -0.094027        0.524861       -0.107221
     H    4       -0.196512       -0.107221       -0.575879

     C    5       -0.413604        0.257328       -0.477083
     C    5        0.257328        0.261184       -0.176185
     C    5       -0.477083       -0.176185        0.152420

     H    6       -0.249440        0.142041        0.101569
     H    6        0.142041       -0.037981       -0.476449
     H    6        0.101569       -0.476449        0.287421

     H    7        0.473529        0.182805        0.010541
     H    7        0.182805       -0.779783       -0.030659
     H    7        0.010541       -0.030659        0.306255

     C    8       -0.168916       -0.323977       -0.210399
     C    8       -0.323977       -0.139517        0.449253
     C    8       -0.210399        0.449253        0.308433

     H    9       -0.322259        0.485672        0.092890
     H    9        0.485672        0.068777       -0.168872
     H    9        0.092890       -0.168872        0.253482

     C   10       -0.315323       -0.240695       -0.019523
     C   10       -0.240695       -0.035515        0.271971
     C   10       -0.019523        0.271971        0.350838

     C   11       -0.155998        0.259948       -0.293648
     C   11        0.259948       -0.032556        0.629252
     C   11       -0.293648        0.629252        0.188554

     Cl  12        0.296983       -0.153645        0.109619
     Cl  12       -0.153645        0.099286       -0.578824
     Cl  12        0.109619       -0.578824       -0.396269

     H   13        0.308284        0.237055       -0.077589
     H   13        0.237055       -0.668198       -0.082160
     H   13       -0.077589       -0.082160        0.359914

     C   14       -0.116593       -0.207411       -0.344847
     C   14       -0.207411        0.040835       -0.505292
     C   14       -0.344847       -0.505292        0.075758

     H   15        0.058196       -0.137627       -0.326872
     H   15       -0.137627       -0.039397       -0.546402
     H   15       -0.326872       -0.546402       -0.018799

     C   16       -0.722032        0.346061       -0.338341
     C   16        0.346061        0.278797       -0.059953
     C   16       -0.338341       -0.059953        0.443235

     C   17        0.099264        0.129488       -0.100377
     C   17        0.129488       -0.455593       -0.363266
     C   17       -0.100377       -0.363266        0.356329

     Cl  18        0.106953        0.211658       -0.034346
     Cl  18        0.211658        0.094704       -0.274308
     Cl  18       -0.034346       -0.274308       -0.201656

     H   19        0.173623        0.009324       -0.320402
     H   19        0.009324       -0.228488        0.460425
     H   19       -0.320402        0.460425        0.054865

     C   20       -0.447631       -0.311887       -0.144668
     C   20       -0.311887        0.065730        0.295107
     C   20       -0.144668        0.295107        0.381901

     H   21       -0.622162       -0.098022        0.021063
     H   21       -0.098022        0.317511        0.295185
     H   21        0.021063        0.295185        0.304651

     C   22        0.040406        0.118228       -0.330930
     C   22        0.118228       -0.432764        0.418533
     C   22       -0.330930        0.418533        0.392357

     C   23       -0.665637       -0.119108       -0.287836
     C   23       -0.119108        0.042070        0.180271
     C   23       -0.287836        0.180271        0.623567

     Cl  24        0.206044       -0.061439        0.018309
     Cl  24       -0.061439        0.240224        0.098758
     Cl  24        0.018309        0.098758       -0.446268

     ----- ionic term -----
     Cl   1        0.191800       -0.221078        0.077121
     Cl   1       -0.221078       -0.048999       -0.033301
     Cl   1        0.077121       -0.033301       -0.142800

     C    2        0.164603       -0.202989        0.319767
     C    2       -0.202989        0.108428        0.361965
     C    2        0.319767        0.361965       -0.273031

     C    3        0.058371       -0.274684        0.253349
     C    3       -0.274684        0.162351        0.339870
     C    3        0.253349        0.339870       -0.220722

     H    4        0.183097        0.289370        0.731805
     H    4        0.289370       -0.352001        0.362065
     H    4        0.731805        0.362065        0.168904

     C    5        0.160228       -0.212786        0.375422
     C    5       -0.212786        0.015220        0.287027
     C    5        0.375422        0.287027       -0.175448

     H    6       -0.500918       -0.183178       -0.088295
     H    6       -0.183178        0.616686        0.689055
     H    6       -0.088295        0.689055       -0.115769

     H    7       -0.509438       -0.076861        0.013221
     H    7       -0.076861        0.962976       -0.484417
     H    7        0.013221       -0.484417       -0.453538

     C    8        0.429172        0.137746        0.026529
     C    8        0.137746        0.047432       -0.321637
     C    8        0.026529       -0.321637       -0.476604

     H    9        0.808250       -0.385387        0.463391
     H    9       -0.385387       -0.449996       -0.209317
     H    9        0.463391       -0.209317       -0.358255

     C   10        0.289216        0.151933        0.001187
     C   10        0.151933        0.084153       -0.427340
     C   10        0.001187       -0.427340       -0.373370

     C   11        0.318799        0.007158        0.095690
     C   11        0.007158        0.034832       -0.427664
     C   11        0.095690       -0.427664       -0.353631

     Cl  12        0.132521        0.158696       -0.075219
     Cl  12        0.158696       -0.026960       -0.042649
     Cl  12       -0.075219       -0.042649       -0.105561

     H   13       -0.514755       -0.088757       -0.039811
     H   13       -0.088757        0.779354        0.619416
     H   13       -0.039811        0.619416       -0.264599

     C   14        0.211938       -0.206523        0.345359
     C   14       -0.206523        0.116405        0.246549
     C   14        0.345359        0.246549       -0.328343

     H   15        0.447169        0.285905        0.734606
     H   15        0.285905       -0.382120        0.278815
     H   15        0.734606        0.278815       -0.065049

     C   16        0.126925       -0.301668        0.279599
     C   16       -0.301668        0.224620        0.268045
     C   16        0.279599        0.268045       -0.351545

     C   17        0.093730       -0.234413        0.395949
     C   17       -0.234413        0.153940        0.330282
     C   17        0.395949        0.330282       -0.247671

     Cl  18        0.160995       -0.218292        0.086971
     Cl  18       -0.218292       -0.004826       -0.043256
     Cl  18        0.086971       -0.043256       -0.156169

     H   19       -0.527318       -0.155194        0.080818
     H   19       -0.155194        0.625757       -0.759212
     H   19        0.080818       -0.759212       -0.098439

     C   20        0.343197        0.072376        0.088160
     C   20        0.072376        0.016511       -0.379369
     C   20        0.088160       -0.379369       -0.359708

     H   21        0.723191       -0.229988        0.616056
     H   21       -0.229988       -0.495059       -0.193871
     H   21        0.616056       -0.193871       -0.228132

     C   22        0.187796        0.144052        0.083788
     C   22        0.144052        0.101969       -0.462919
     C   22        0.083788       -0.462919       -0.289765

     C   23        0.266542        0.027912        0.117276
     C   23        0.027912        0.087250       -0.469809
     C   23        0.117276       -0.469809       -0.353792

     Cl  24        0.103189        0.209764       -0.063326
     Cl  24        0.209764        0.018514       -0.043090
     Cl  24       -0.063326       -0.043090       -0.121703

     ----- GIPAW term -----
     Cl   1       -0.579789       -1.465035        0.245895
     Cl   1       -1.465035       -1.080653       -0.994413
     Cl   1        0.245895       -0.994413        1.660441

     C    2       -0.117721       -0.036113       -0.045809
     C    2       -0.036113        0.061692       -0.236313
     C    2       -0.045809       -0.236313        0.056029

     C    3        0.047586        0.181204       -0.150415
     C    3        0.181204       -0.061742       -0.145982
     C    3       -0.150415       -0.145982        0.014156

     H    4       -0.000000        0.000000        0.000000
     H    4        0.000000        0.000000        0.000000
     H    4        0.000000        0.000000        0.000000

     C    5        0.109636        0.198786        0.016764
     C    5        0.198786        0.015935        0.047269
     C    5        0.016764        0.047269       -0.125571

     H    6       -0.000000        0.000000        0.000000
     H    6        0.000000        0.000000        0.000000
     H    6        0.000000        0.000000        0.000000

     H    7       -0.000000        0.000000        0.000000
     H    7        0.000000        0.000000        0.000000
     H    7        0.000000        0.000000        0.000000

     C    8       -0.026179       -0.138515       -0.010765
     C    8       -0.138515        0.057925        0.079954
     C    8       -0.010765        0.079954       -0.031747

     H    9       -0.000000        0.000000        0.000000
     H    9        0.000000        0.000000        0.000000
     H    9        0.000000        0.000000        0.000000

     C   10       -0.117389       -0.037712       -0.021785
     C   10       -0.037712        0.061400        0.140451
     C   10       -0.021785        0.140451        0.055989

     C   11       -0.065837        0.137772        0.007810
     C   11        0.137772        0.027184        0.210796
     C   11        0.007810        0.210796        0.038653

     Cl  12        0.340352        0.016239       -0.186291
     Cl  12        0.016239       -0.122894       -0.394584
     Cl  12       -0.186291       -0.394584       -0.217457

     H   13       -0.000000        0.000000        0.000000
     H   13        0.000000        0.000000        0.000000
     H   13        0.000000        0.000000        0.000000

     C   14       -0.075122       -0.123535       -0.022694
     C   14       -0.123535        0.203068       -0.141105
     C   14       -0.022694       -0.141105       -0.127946

     H   15       -0.000000        0.000000        0.000000
     H   15        0.000000        0.000000        0.000000
     H   15        0.000000        0.000000        0.000000

     C   16       -0.167962       -0.071668       -0.079027
     C   16       -0.071668        0.202885        0.110014
     C   16       -0.079027        0.110014       -0.034923

     C   17       -0.065798       -0.012548        0.054299
     C   17       -0.012548       -0.005589        0.189903
     C   17        0.054299        0.189903        0.071388

     Cl  18       -0.502771       -0.291845        0.309908
     Cl  18       -0.291845       -0.432894        0.740084
     Cl  18        0.309908        0.740084        0.935664

     H   19       -0.000000        0.000000        0.000000
     H   19        0.000000        0.000000        0.000000
     H   19        0.000000        0.000000        0.000000

     C   20       -0.017028        0.124984        0.040718
     C   20        0.124984        0.080904        0.068777
     C   20        0.040718        0.068777       -0.063876

     H   21       -0.000000        0.000000        0.000000
     H   21        0.000000        0.000000        0.000000
     H   21        0.000000        0.000000        0.000000

     C   22       -0.027525        0.125117       -0.184922
     C   22        0.125117       -0.095173       -0.091316
     C   22       -0.184922       -0.091316        0.122698

     C   23       -0.176449        0.067518       -0.032310
     C   23        0.067518       -0.083874       -0.091656
     C   23       -0.032310       -0.091656        0.260323

     Cl  24       -0.272131        0.803861       -0.032349
     Cl  24        0.803861       -0.674115       -0.359800
     Cl  24       -0.032349       -0.359800        0.946247

     ----- total EFG -----
     Cl   1       -0.377019       -1.657879        0.237989
     Cl   1       -1.657879       -1.121104       -0.960631
     Cl   1        0.237989       -0.960631        1.498122

     C    2       -0.297181        0.040021       -0.023809
     C    2        0.040021        0.103590       -0.361026
     C    2       -0.023809       -0.361026        0.193591

     C    3        0.144483        0.417380       -0.108312
     C    3        0.417380       -0.200731       -0.281130
     C    3       -0.108312       -0.281130        0.056248

     H    4        0.234115        0.195343        0.535294
     H    4        0.195343        0.172860        0.254844
     H    4        0.535294        0.254844       -0.406975

     C    5       -0.143740        0.243329       -0.084897
     C    5        0.243329        0.292339        0.158110
     C    5       -0.084897        0.158110       -0.148599

     H    6       -0.750358       -0.041136        0.013274
     H    6       -0.041136        0.578705        0.212606
     H    6        0.013274        0.212606        0.171652

     H    7       -0.035910        0.105943        0.023762
     H    7        0.105943        0.183193       -0.515077
     H    7        0.023762       -0.515077       -0.147283

     C    8        0.234077       -0.324747       -0.194634
     C    8       -0.324747       -0.034159        0.207570
     C    8       -0.194634        0.207570       -0.199918

     H    9        0.485991        0.100286        0.556281
     H    9        0.100286       -0.381218       -0.378189
     H    9        0.556281       -0.378189       -0.104772

     C   10       -0.143496       -0.126475       -0.040122
     C   10       -0.126475        0.110039       -0.014918
     C   10       -0.040122       -0.014918        0.033457

     C   11        0.096964        0.404878       -0.190148
     C   11        0.404878        0.029460        0.412384
     C   11       -0.190148        0.412384       -0.126424

     Cl  12        0.769855        0.021290       -0.151892
     Cl  12        0.021290       -0.050568       -1.016057
     Cl  12       -0.151892       -1.016057       -0.719287

     H   13       -0.206471        0.148299       -0.117400
     H   13        0.148299        0.111156        0.537256
     H   13       -0.117400        0.537256        0.095315

     C   14        0.020222       -0.537470       -0.022183
     C   14       -0.537470        0.360308       -0.399848
     C   14       -0.022183       -0.399848       -0.380530

     H   15        0.505365        0.148278        0.407734
     H   15        0.148278       -0.421517       -0.267587
     H   15        0.407734       -0.267587       -0.083848

     C   16       -0.763069       -0.027275       -0.137769
     C   16       -0.027275        0.706302        0.318106
     C   16       -0.137769        0.318106        0.056767

     C   17        0.127196       -0.117472        0.349871
     C   17       -0.117472       -0.307242        0.156918
     C   17        0.349871        0.156918        0.180046

     Cl  18       -0.234823       -0.298479        0.362533
     Cl  18       -0.298479       -0.343016        0.422520
     Cl  18        0.362533        0.422520        0.577839

     H   19       -0.353695       -0.145871       -0.239584
     H   19       -0.145871        0.397270       -0.298787
     H   19       -0.239584       -0.298787       -0.043574

     C   20       -0.121462       -0.114527       -0.015790
     C   20       -0.114527        0.163145       -0.015485
     C   20       -0.015790       -0.015485       -0.041684

     H   21        0.101029       -0.328010        0.637119
     H   21       -0.328010       -0.177548        0.101314
     H   21        0.637119        0.101314        0.076519

     C   22        0.200677        0.387397       -0.432064
     C   22        0.387397       -0.425967       -0.135702
     C   22       -0.432064       -0.135702        0.225290

     C   23       -0.575543       -0.023679       -0.202871
     C   23       -0.023679        0.045446       -0.381195
     C   23       -0.202871       -0.381195        0.530098

     Cl  24        0.037101        0.952185       -0.077366
     Cl  24        0.952185       -0.415378       -0.304131
     Cl  24       -0.077366       -0.304131        0.378276

     ----- total EFG (symmetrized) -----
     Cl   1       -0.377019       -1.657879        0.237989
     Cl   1       -1.657879       -1.121104       -0.960631
     Cl   1        0.237989       -0.960631        1.498122

     C    2       -0.297181        0.040021       -0.023809
     C    2        0.040021        0.103590       -0.361026
     C    2       -0.023809       -0.361026        0.193591

     C    3        0.144483        0.417380       -0.108312
     C    3        0.417380       -0.200731       -0.281130
     C    3       -0.108312       -0.281130        0.056248

     H    4        0.234115        0.195343        0.535294
     H    4        0.195343        0.172860        0.254844
     H    4        0.535294        0.254844       -0.406975

     C    5       -0.143740        0.243329       -0.084897
     C    5        0.243329        0.292339        0.158110
     C    5       -0.084897        0.158110       -0.148599

     H    6       -0.750358       -0.041136        0.013274
     H    6       -0.041136        0.578705        0.212606
     H    6        0.013274        0.212606        0.171652

     H    7       -0.035910        0.105943        0.023762
     H    7        0.105943        0.183193       -0.515077
     H    7        0.023762       -0.515077       -0.147283

     C    8        0.234077       -0.324747       -0.194634
     C    8       -0.324747       -0.034159        0.207570
     C    8       -0.194634        0.207570       -0.199918

     H    9        0.485991        0.100286        0.556281
     H    9        0.100286       -0.381218       -0.378189
     H    9        0.556281       -0.378189       -0.104772

     C   10       -0.143496       -0.126475       -0.040122
     C   10       -0.126475        0.110039       -0.014918
     C   10       -0.040122       -0.014918        0.033457

     C   11        0.096964        0.404878       -0.190148
     C   11        0.404878        0.029460        0.412384
     C   11       -0.190148        0.412384       -0.126424

     Cl  12        0.769855        0.021290       -0.151892
     Cl  12        0.021290       -0.050568       -1.016057
     Cl  12       -0.151892       -1.016057       -0.719287

     H   13       -0.206471        0.148299       -0.117400
     H   13        0.148299        0.111156        0.537256
     H   13       -0.117400        0.537256        0.095315

     C   14        0.020222       -0.537470       -0.022183
     C   14       -0.537470        0.360308       -0.399848
     C   14       -0.022183       -0.399848       -0.380530

     H   15        0.505365        0.148278        0.407734
     H   15        0.148278       -0.421517       -0.267587
     H   15        0.407734       -0.267587       -0.083848

     C   16       -0.763069       -0.027275       -0.137769
     C   16       -0.027275        0.706302        0.318106
     C   16       -0.137769        0.318106        0.056767

     C   17        0.127196       -0.117472        0.349871
     C   17       -0.117472       -0.307242        0.156918
     C   17        0.349871        0.156918        0.180046

     Cl  18       -0.234823       -0.298479        0.362533
     Cl  18       -0.298479       -0.343016        0.422520
     Cl  18        0.362533        0.422520        0.577839

     H   19       -0.353695       -0.145871       -0.239584
     H   19       -0.145871        0.397270       -0.298787
     H   19       -0.239584       -0.298787       -0.043574

     C   20       -0.121462       -0.114527       -0.015790
     C   20       -0.114527        0.163145       -0.015485
     C   20       -0.015790       -0.015485       -0.041684

     H   21        0.101029       -0.328010        0.637119
     H   21       -0.328010       -0.177548        0.101314
     H   21        0.637119        0.101314        0.076519

     C   22        0.200677        0.387397       -0.432064
     C   22        0.387397       -0.425967       -0.135702
     C   22       -0.432064       -0.135702        0.225290

     C   23       -0.575543       -0.023679       -0.202871
     C   23       -0.023679        0.045446       -0.381195
     C   23       -0.202871       -0.381195        0.530098

     Cl  24        0.037101        0.952185       -0.077366
     Cl  24        0.952185       -0.415378       -0.304131
     Cl  24       -0.077366       -0.304131        0.378276


     NQR/NMR SPECTROSCOPIC PARAMETERS:
     Cl   1    Vxx=    0.4316    axis=( -0.718825  0.429127  0.546937)
     Cl   1    Vyy=    2.1101    axis=(  0.367528 -0.433229  0.822943)
     Cl   1    Vzz=   -2.5418    axis=(  0.590097  0.792567  0.153700)
     Cl   1  Q=        -8.1650 1e-30 m^2  Cq=        48.7622 MHz  eta= 0.66037

     C    2    Vxx=   -0.2129    axis=(  0.161516  0.733149  0.660610)
     C    2    Vyy=   -0.3019    axis=( -0.985362  0.156802  0.066897)
     C    2    Vzz=    0.5148    axis=( -0.054540 -0.661745  0.747743)
     C    2  Q=         1.0000 1e-30 m^2  Cq=         1.2097 MHz  eta= 0.17294

     C    3    Vxx=   -0.0166    axis=(  0.558560 -0.000302  0.829464)
     C    3    Vyy=   -0.5366    axis=( -0.460346  0.831742  0.310299)
     C    3    Vzz=    0.5532    axis=( -0.689994 -0.555162  0.464439)
     C    3  Q=         1.0000 1e-30 m^2  Cq=         1.2998 MHz  eta= 0.94003

     H    4    Vxx=    0.0241    axis=(  0.501582 -0.857292  0.116038)
     H    4    Vyy=    0.7052    axis=( -0.734494 -0.492874 -0.466470)
     H    4    Vzz=   -0.7292    axis=(  0.457093  0.148744 -0.876893)
     H    4  Q=         1.0000 1e-30 m^2  Cq=        -1.7134 MHz  eta= 0.93397

     C    5    Vxx=   -0.0661    axis=(  0.618994 -0.075353 -0.781773)
     C    5    Vyy=   -0.3571    axis=( -0.697344  0.405206 -0.591201)
     C    5    Vzz=    0.4232    axis=( -0.361328 -0.911115 -0.198273)
     C    5  Q=         1.0000 1e-30 m^2  Cq=         0.9945 MHz  eta= 0.68746

     H    6    Vxx=    0.0818    axis=(  0.033989 -0.390775  0.919858)
     H    6    Vyy=    0.6702    axis=( -0.022976  0.919841  0.391617)
     H    6    Vzz=   -0.7521    axis=( -0.999158 -0.034446  0.022286)
     H    6  Q=         1.0000 1e-30 m^2  Cq=        -1.7671 MHz  eta= 0.78241

     H    7    Vxx=   -0.0311    axis=(  0.979516 -0.000252  0.201366)
     H    7    Vyy=   -0.5364    axis=( -0.162437  0.590010  0.790887)
     H    7    Vzz=    0.5675    axis=( -0.119008 -0.807396  0.577883)
     H    7  Q=         1.0000 1e-30 m^2  Cq=         1.3333 MHz  eta= 0.89056

     C    8    Vxx=   -0.2117    axis=(  0.640387  0.571409  0.513222)
     C    8    Vyy=   -0.3423    axis=( -0.081013 -0.614231  0.784956)
     C    8    Vzz=    0.5539    axis=( -0.763768  0.544253  0.347054)
     C    8  Q=         1.0000 1e-30 m^2  Cq=         1.3015 MHz  eta= 0.23573

     H    9    Vxx=   -0.0407    axis=( -0.430546 -0.724521  0.538238)
     H    9    Vyy=   -0.7906    axis=(  0.336474 -0.682195 -0.649149)
     H    9    Vzz=    0.8312    axis=(  0.837505 -0.098385  0.537499)
     H    9  Q=         1.0000 1e-30 m^2  Cq=         1.9530 MHz  eta= 0.90214

     C   10    Vxx=    0.0412    axis=( -0.159360 -0.079492  0.984015)
     C   10    Vyy=    0.1624    axis=( -0.383499  0.923457  0.012493)
     C   10    Vzz=   -0.2035    axis=( -0.909689 -0.375378 -0.177647)
     C   10  Q=         1.0000 1e-30 m^2  Cq=        -0.4782 MHz  eta= 0.59552

     C   11    Vxx=    0.1715    axis=( -0.658013  0.217434  0.720931)
     C   11    Vyy=    0.5153    axis=(  0.585534  0.749729  0.308314)
     C   11    Vzz=   -0.6868    axis=( -0.473464  0.625004 -0.620646)
     C   11  Q=         1.0000 1e-30 m^2  Cq=        -1.6136 MHz  eta= 0.50054

     Cl  12    Vxx=    0.6146    axis=( -0.550382  0.693201 -0.465351)
     Cl  12    Vyy=    0.8455    axis=( -0.833436 -0.423018  0.355585)
     Cl  12    Vzz=   -1.4601    axis=(  0.049640  0.583548  0.810560)
     Cl  12  Q=        -8.1650 1e-30 m^2  Cq=        28.0109 MHz  eta= 0.15811

     H   13    Vxx=   -0.1013    axis=( -0.870659 -0.325291  0.368970)
     H   13    Vyy=   -0.5399    axis=( -0.491061  0.618268 -0.613680)
     H   13    Vzz=    0.6412    axis=( -0.028497 -0.715493 -0.698039)
     H   13  Q=         1.0000 1e-30 m^2  Cq=         1.5066 MHz  eta= 0.68400

     C   14    Vxx=   -0.1687    axis=( -0.736476 -0.284269  0.613835)
     C   14    Vyy=   -0.6676    axis=( -0.424461 -0.512358 -0.746540)
     C   14    Vzz=    0.8363    axis=(  0.526722 -0.810358  0.256678)
     C   14  Q=         1.0000 1e-30 m^2  Cq=         1.9650 MHz  eta= 0.59645

     H   15    Vxx=   -0.0444    axis=( -0.346011 -0.629660  0.695561)
     H   15    Vyy=   -0.6694    axis=( -0.291735  0.776809  0.558085)
     H   15    Vzz=    0.7139    axis=(  0.891722  0.009816  0.452478)
     H   15  Q=         1.0000 1e-30 m^2  Cq=         1.6774 MHz  eta= 0.87549

     C   16    Vxx=   -0.0539    axis=( -0.161602 -0.385884  0.908283)
     C   16    Vyy=   -0.7860    axis=( -0.985657  0.017758 -0.167823)
     C   16    Vzz=    0.8399    axis=(  0.048631 -0.922376 -0.383219)
     C   16  Q=         1.0000 1e-30 m^2  Cq=         1.9734 MHz  eta= 0.87173

     C   17    Vxx=   -0.0525    axis=( -0.611800  0.599826  0.515664)
     C   17    Vyy=   -0.4536    axis=(  0.420655  0.798795 -0.430088)
     C   17    Vzz=    0.5061    axis=(  0.669888  0.046211  0.741023)
     C   17  Q=         1.0000 1e-30 m^2  Cq=         1.1892 MHz  eta= 0.79244

     Cl  18    Vxx=    0.0144    axis=(  0.763459 -0.645819 -0.006935)
     Cl  18    Vyy=    0.8004    axis=( -0.244650 -0.279244 -0.928531)
     Cl  18    Vzz=   -0.8148    axis=(  0.597726  0.710592 -0.371191)
     Cl  18  Q=        -8.1650 1e-30 m^2  Cq=        15.6315 MHz  eta= 0.96473

     H   19    Vxx=    0.0163    axis=(  0.601743 -0.337383 -0.723932)
     H   19    Vyy=    0.5488    axis=( -0.027859  0.896982 -0.441189)
     H   19    Vzz=   -0.5651    axis=(  0.798203  0.285651  0.530354)
     H   19  Q=         1.0000 1e-30 m^2  Cq=        -1.3277 MHz  eta= 0.94222

     C   20    Vxx=   -0.0388    axis=( -0.164152 -0.017470  0.986280)
     C   20    Vyy=   -0.1651    axis=(  0.929540  0.331915  0.160588)
     C   20    Vzz=    0.2039    axis=( -0.330167  0.943148 -0.038246)
     C   20  Q=         1.0000 1e-30 m^2  Cq=         0.4790 MHz  eta= 0.61954

     H   21    Vxx=   -0.0349    axis=(  0.219305 -0.847612 -0.483177)
     H   21    Vyy=   -0.7219    axis=(  0.646326  0.497193 -0.578845)
     H   21    Vzz=    0.7568    axis=(  0.730868 -0.185346  0.656870)
     H   21  Q=         1.0000 1e-30 m^2  Cq=         1.7782 MHz  eta= 0.90770

     C   22    Vxx=   -0.1449    axis=(  0.534664  0.370226  0.759649)
     C   22    Vyy=   -0.6172    axis=(  0.468041 -0.878191  0.098578)
     C   22    Vzz=    0.7621    axis=(  0.703614  0.302841 -0.642818)
     C   22  Q=         1.0000 1e-30 m^2  Cq=         1.7907 MHz  eta= 0.61964

     C   23    Vxx=   -0.1343    axis=( -0.242621  0.871585  0.425999)
     C   23    Vyy=   -0.6262    axis=(  0.962036  0.159585  0.221405)
     C   23    Vzz=    0.7604    axis=( -0.124991 -0.463543  0.877214)
     C   23  Q=         1.0000 1e-30 m^2  Cq=         1.7867 MHz  eta= 0.64684

     Cl  24    Vxx=    0.2811    axis=(  0.415753  0.179009  0.891687)
     Cl  24    Vyy=    0.9103    axis=(  0.680755  0.588897 -0.435629)
     Cl  24    Vzz=   -1.1915    axis=( -0.603093  0.788135  0.122975)
     Cl  24  Q=        -8.1650 1e-30 m^2  Cq=        22.8575 MHz  eta= 0.52806

     Initialization:
     gipaw_setup  :      9.24s CPU     10.78s WALL (       1 calls)

     Linear response

     Apply operators

     Induced current

     Other routines
     efg          :      9.08s CPU     11.28s WALL (       1 calls)

     General routines
     calbec       :      3.16s CPU      4.01s WALL (      16 calls)
     fft          :      1.67s CPU      2.69s WALL (      15 calls)
     ffts         :      0.03s CPU      0.05s WALL (       2 calls)
     fftw         :      3.13s CPU      3.86s WALL (     672 calls)
     davcio       :      0.03s CPU      0.31s WALL (      32 calls)

     Parallel routines
     fft_scatter  :      2.31s CPU      3.79s WALL (     689 calls)

     Plugins

     GIPAW        :     61.15s CPU     72.59s WALL (       1 calls)
