
     Program QE v.6.0 (svn rev. 13079) starts on 14Dec2016 at 22:10:28 

     This program is part of the open-source Quantum ESPRESSO suite
     for quantum simulation of materials; please cite
         "P. Giannozzi et al., J. Phys.:Condens. Matter 21 395502 (2009);
          URL http://www.quantum-espresso.org", 
     in publications or presentations arising from this work. More details at
     http://www.quantum-espresso.org/quote

     Parallel version (MPI), running on     8 processors
     R & G space division:  proc/nbgrp/npool/nimage =       8

     ***** This is GIPAW svn revision unknown      *****

     Parallelizing q-star over 1 images

     Reading data from directory:
     /users/majewski/paradichlorobenzene/pbe/9_constraint/scratch/pbe.ecut100.np8.dt60.pcl2phi-129368.save
     Message from routine read_xml_file:
     file /users/majewski/paradichlorobenzene/pbe/9_constraint/scratch/pbe.ecut100.np8.dt60.pcl2phi-129368.save not guaranteed to be safe for post-processing

   Info: using nr1, nr2, nr3 values from input

   Info: using nr1, nr2, nr3 values from input

     IMPORTANT: XC functional enforced from input :
     Exchange-correlation      =  SLA  PW   PBX  PBC ( 1  4  3  4 0 0)
     Any further DFT definition will be discarded
     Please, verify this is what you really want

               file C.pbe-n-kjpaw_psl.1.0.0.UPF: wavefunction(s)  2S 2P renormalized
               file Cl.pbe-n-kjpaw_psl.1.0.0.UPF: wavefunction(s)  3S 3P renormalized
               file H.pbe-kjpaw_psl.1.0.0.UPF: wavefunction(s)  1S renormalized

     Parallelization info
     --------------------
     sticks:   dense  smooth     PW     G-vecs:    dense   smooth      PW
     Min        3057    1223    332               144436    36536    5170
     Max        3059    1225    333               144437    36537    5171
     Sum       24467    9791   2657              1155489   292295   41363


     Subspace diagonalization in iterative solution of the eigenvalue problem:
     a serial algorithm will be used

     GIPAW projectors -----------------------------------------------
     atom=  C    l=0  rc=    1.2000  rs=    0.8000
     atom=  C    l=0  rc=    1.2000  rs=    0.8000
     atom=  C    l=1  rc=    1.4000  rs=    0.9333
     atom=  C    l=1  rc=    1.4000  rs=    0.9333
     projs nearly linearly dependent: l=1  n1,n2= 1, 2  s=  0.99951561

     atom=  Cl   l=0  rc=    1.6000  rs=    1.0667
     atom=  Cl   l=0  rc=    1.6000  rs=    1.0667
     atom=  Cl   l=1  rc=    1.6000  rs=    1.0667
     atom=  Cl   l=1  rc=    1.6000  rs=    1.0667
     atom=  Cl   l=2  rc=    1.6000  rs=    1.0667
     atom=  Cl   l=2  rc=    1.6000  rs=    1.0667
     projs nearly linearly dependent: l=2  n1,n2= 1, 2  s=  0.99993509

     atom=  H    l=0  rc=    1.0000  rs=    0.6667
     atom=  H    l=0  rc=    1.0000  rs=    0.6667
     projs nearly linearly dependent: l=0  n1,n2= 1, 2  s=  0.99968852
     -----------------------------------------------------------------

     GIPAW integrals: -------------------------------------------
     Atom  i/j   nmr_para   nmr_dia   epr_rmc  epr_para   epr_dia
       C   1 1   0.83E+03  0.17E-01  0.93E+01  0.24E+08  0.24E+03
       C   2 1   0.86E+03 -0.61E-01  0.94E+01  0.25E+08  0.25E+03
       C   2 2   0.90E+03 -0.15E+00  0.97E+01  0.26E+08  0.26E+03
       C   3 3   0.33E+01  0.34E+00  0.18E+01  0.55E+03  0.21E+02
       C   4 3   0.35E+01  0.37E+00  0.20E+01  0.59E+03  0.22E+02
       C   4 4   0.38E+01  0.39E+00  0.22E+01  0.63E+03  0.24E+02
       Cl  1 1   0.14E+04 -0.47E+00  0.84E+01  0.32E+09  0.42E+03
       Cl  2 1   0.21E+04 -0.37E+00  0.12E+02  0.49E+09  0.65E+03
       Cl  2 2   0.33E+04 -0.16E+00  0.21E+02  0.76E+09  0.10E+04
       Cl  3 3   0.21E+02  0.79E-01  0.89E+01  0.23E+05  0.13E+03
       Cl  4 3   0.24E+02  0.67E-01  0.99E+01  0.27E+05  0.15E+03
       Cl  4 4   0.28E+02  0.44E-01  0.11E+02  0.32E+05  0.18E+03
       Cl  5 5   0.77E+00  0.19E+00  0.18E+01  0.12E+03  0.22E+02
       Cl  6 5   0.80E+00  0.19E+00  0.19E+01  0.12E+03  0.23E+02
       Cl  6 6   0.83E+00  0.20E+00  0.19E+01  0.12E+03  0.23E+02
       H   1 1   0.39E+02  0.19E+00  0.29E+00  0.78E+05  0.13E+02
       H   2 1   0.41E+02  0.21E+00  0.32E+00  0.82E+05  0.14E+02
       H   2 2   0.43E+02  0.22E+00  0.36E+00  0.86E+05  0.15E+02
     ------------------------------------------------------------

     alpha_pv=     33.9112 eV

     Number of occupied bands for each k-point:
     k-point:     1    nbnd_occ=  42
     k-point:     2    nbnd_occ=  42
     k-point:     3    nbnd_occ=  42
     k-point:     4    nbnd_occ=  42
     k-point:     5    nbnd_occ=  42
     k-point:     6    nbnd_occ=  42
     k-point:     7    nbnd_occ=  42
     k-point:     8    nbnd_occ=  42
     k-point:     9    nbnd_occ=  42
     k-point:    10    nbnd_occ=  42
     k-point:    11    nbnd_occ=  42
     k-point:    12    nbnd_occ=  42
     k-point:    13    nbnd_occ=  42
     k-point:    14    nbnd_occ=  42
     k-point:    15    nbnd_occ=  42
     k-point:    16    nbnd_occ=  42


     q-space interpolation up to   110.00 Rydberg

     GIPAW job: efg                                                                             


     ELECTRIC FIELD GRADIENTS TENSORS IN Hartree/bohrradius^2:

     ----- bare term -----
     Cl   1       -0.040842       -0.029623        0.008442
     Cl   1       -0.029623        0.018879        0.095302
     Cl   1        0.008442        0.095302        0.021963

     C    2       -0.196871        0.043044       -0.353867
     C    2        0.043044       -0.111311       -0.528997
     C    2       -0.353867       -0.528997        0.308182

     C    3       -0.237747        0.301572       -0.258585
     C    3        0.301572       -0.196382       -0.480290
     C    3       -0.258585       -0.480290        0.434130

     H    4       -0.420432       -0.289585       -0.460292
     H    4       -0.289585        0.257617       -0.214567
     H    4       -0.460292       -0.214567        0.162815

     C    5       -0.353183        0.305503       -0.296718
     C    5        0.305503       -0.102959       -0.381943
     C    5       -0.296718       -0.381943        0.456142

     H    6        0.346786        0.018216       -0.031644
     H    6        0.018216       -0.523844       -0.469918
     H    6       -0.031644       -0.469918        0.177057

     H    7        0.391016        0.103934       -0.038920
     H    7        0.103934       -0.609280        0.366477
     H    7       -0.038920        0.366477        0.218264

     C    8       -0.399861       -0.149057       -0.381590
     C    8       -0.149057       -0.030410        0.404758
     C    8       -0.381590        0.404758        0.430271

     H    9       -0.283865        0.230839       -0.479073
     H    9        0.230839        0.228145        0.314084
     H    9       -0.479073        0.314084        0.055720

     C   10       -0.156105       -0.347945       -0.234839
     C   10       -0.347945       -0.252666        0.515047
     C   10       -0.234839        0.515047        0.408770

     C   11       -0.197472       -0.108731       -0.443675
     C   11       -0.108731       -0.109943        0.505693
     C   11       -0.443675        0.505693        0.307414

     Cl  12        0.028596        0.062917       -0.039534
     Cl  12        0.062917       -0.001219        0.000445
     Cl  12       -0.039534        0.000445       -0.027377

     H   13        0.497607       -0.025844       -0.037983
     H   13       -0.025844       -0.152809       -0.390174
     H   13       -0.037983       -0.390174       -0.344798

     C   14       -0.493661        0.316523       -0.353793
     C   14        0.316523        0.084087       -0.397478
     C   14       -0.353793       -0.397478        0.409574

     H   15       -0.224818       -0.145913       -0.550882
     H   15       -0.145913        0.379508       -0.123872
     H   15       -0.550882       -0.123872       -0.154690

     C   16       -0.134782        0.118935       -0.272584
     C   16        0.118935       -0.174757       -0.602634
     C   16       -0.272584       -0.602634        0.309539

     C   17       -0.311261        0.097263       -0.372696
     C   17        0.097263       -0.037968       -0.416076
     C   17       -0.372696       -0.416076        0.349229

     Cl  18       -0.048525        0.026309       -0.035042
     Cl  18        0.026309       -0.000388       -0.048580
     Cl  18       -0.035042       -0.048580        0.048913

     H   19        0.470559        0.036572       -0.068602
     H   19        0.036572       -0.134000        0.461703
     H   19       -0.068602        0.461703       -0.336559

     C   20       -0.320733       -0.256304       -0.312213
     C   20       -0.256304       -0.120581        0.415548
     C   20       -0.312213        0.415548        0.441313

     H   21       -0.002682        0.128661       -0.359983
     H   21        0.128661        0.459284        0.286654
     H   21       -0.359983        0.286654       -0.456602

     C   22       -0.173774       -0.111941       -0.284597
     C   22       -0.111941       -0.169048        0.569004
     C   22       -0.284597        0.569004        0.342822

     C   23       -0.103288       -0.199738       -0.263997
     C   23       -0.199738       -0.204255        0.510751
     C   23       -0.263997        0.510751        0.307542

     Cl  24       -0.004346        0.012881       -0.032622
     Cl  24        0.012881        0.049418        0.024102
     Cl  24       -0.032622        0.024102       -0.045072

     ----- ionic term -----
     Cl   1        0.100471       -0.197402        0.000853
     Cl   1       -0.197402        0.035810        0.005530
     Cl   1        0.000853        0.005530       -0.136280

     C    2        0.161496       -0.177806        0.279613
     C    2       -0.177806        0.098166        0.408325
     C    2        0.279613        0.408325       -0.259661

     C    3        0.184386       -0.264676        0.176547
     C    3       -0.264676        0.150745        0.402851
     C    3        0.176547        0.402851       -0.335132

     H    4        0.608670        0.344198        0.660071
     H    4        0.344198       -0.424817        0.259933
     H    4        0.660071        0.259933       -0.183853

     C    5        0.359109       -0.265188        0.236133
     C    5       -0.265188        0.037350        0.294621
     C    5        0.236133        0.294621       -0.396459

     H    6       -0.505033       -0.020435        0.004372
     H    6       -0.020435        0.719018        0.686567
     H    6        0.004372        0.686567       -0.213985

     H    7       -0.494520       -0.137490        0.090739
     H    7       -0.137490        0.736858       -0.645292
     H    7        0.090739       -0.645292       -0.242338

     C    8        0.278448        0.148251        0.288832
     C    8        0.148251        0.098388       -0.267526
     C    8        0.288832       -0.267526       -0.376836

     H    9        0.489869       -0.401807        0.660993
     H    9       -0.401807       -0.331896       -0.318131
     H    9        0.660993       -0.318131       -0.157973

     C   10        0.093262        0.193953        0.216119
     C   10        0.193953        0.240451       -0.373391
     C   10        0.216119       -0.373391       -0.333713

     C   11        0.164093        0.163332        0.277997
     C   11        0.163332        0.101630       -0.388418
     C   11        0.277997       -0.388418       -0.265723

     Cl  12        0.153305        0.188239       -0.005868
     Cl  12        0.188239       -0.021934       -0.010585
     Cl  12       -0.005868       -0.010585       -0.131371

     H   13       -0.509365        0.069661        0.083350
     H   13        0.069661        0.471969        0.778262
     H   13        0.083350        0.778262        0.037396

     C   14        0.298748       -0.181032        0.293620
     C   14       -0.181032       -0.048957        0.321064
     C   14        0.293620        0.321064       -0.249791

     H   15        0.444829        0.318754        0.721201
     H   15        0.318754       -0.426261        0.306691
     H   15        0.721201        0.306691       -0.018568

     C   16        0.119328       -0.197958        0.192699
     C   16       -0.197958        0.100219        0.432029
     C   16        0.192699        0.432029       -0.219548

     C   17        0.290937       -0.189858        0.258584
     C   17       -0.189858        0.007152        0.410703
     C   17        0.258584        0.410703       -0.298090

     Cl  18        0.163730       -0.225943       -0.000743
     Cl  18       -0.225943       -0.012041        0.009649
     Cl  18       -0.000743        0.009649       -0.151690

     H   19       -0.521131       -0.047095        0.055570
     H   19       -0.047095        0.388096       -0.788653
     H   19        0.055570       -0.788653        0.133035

     C   20        0.208104        0.175214        0.309180
     C   20        0.175214       -0.021155       -0.308995
     C   20        0.309180       -0.308995       -0.186950

     H   21        0.186362       -0.303805        0.742038
     H   21       -0.303805       -0.382610       -0.385183
     H   21        0.742038       -0.385183        0.196248

     C   22       -0.030394        0.195692        0.208444
     C   22        0.195692        0.193477       -0.481785
     C   22        0.208444       -0.481785       -0.163083

     C   23        0.130504        0.177157        0.244600
     C   23        0.177157        0.163207       -0.452258
     C   23        0.244600       -0.452258       -0.293711

     Cl  24        0.107970        0.224987        0.013863
     Cl  24        0.224987        0.043005        0.002306
     Cl  24        0.013863        0.002306       -0.150975

     ----- GIPAW term -----
     Cl   1        0.909054       -2.267198        0.021295
     Cl   1       -2.267198        0.279952        0.790158
     Cl   1        0.021295        0.790158       -1.189007

     C    2        0.041006       -0.127132       -0.074411
     C    2       -0.127132       -0.014703       -0.096481
     C    2       -0.074411       -0.096481       -0.026303

     C    3       -0.063503        0.040613       -0.063126
     C    3        0.040613       -0.011233       -0.078937
     C    3       -0.063126       -0.078937        0.074737

     H    4       -0.000000        0.000000        0.000000
     H    4        0.000000        0.000000        0.000000
     H    4        0.000000        0.000000        0.000000

     C    5       -0.027711        0.049311       -0.037345
     C    5        0.049311       -0.042500       -0.078473
     C    5       -0.037345       -0.078473        0.070211

     H    6       -0.000000        0.000000        0.000000
     H    6        0.000000        0.000000        0.000000
     H    6        0.000000        0.000000        0.000000

     H    7       -0.000000        0.000000        0.000000
     H    7        0.000000        0.000000        0.000000
     H    7        0.000000        0.000000        0.000000

     C    8       -0.046492       -0.010154       -0.042349
     C    8       -0.010154       -0.028535        0.090148
     C    8       -0.042349        0.090148        0.075026

     H    9       -0.000000        0.000000        0.000000
     H    9        0.000000        0.000000        0.000000
     H    9        0.000000        0.000000        0.000000

     C   10       -0.036929       -0.065559       -0.061354
     C   10       -0.065559       -0.025168        0.092696
     C   10       -0.061354        0.092696        0.062097

     C   11        0.017753        0.070439       -0.118989
     C   11        0.070439        0.001696        0.137269
     C   11       -0.118989        0.137269       -0.019449

     Cl  12        1.593827        2.618346       -0.319748
     Cl  12        2.618346        0.057747        0.010241
     Cl  12       -0.319748        0.010241       -1.651574

     H   13       -0.000000        0.000000        0.000000
     H   13        0.000000        0.000000        0.000000
     H   13        0.000000        0.000000        0.000000

     C   14       -0.110698        0.079417       -0.070904
     C   14        0.079417        0.049252       -0.133006
     C   14       -0.070904       -0.133006        0.061446

     H   15       -0.000000        0.000000        0.000000
     H   15        0.000000        0.000000        0.000000
     H   15        0.000000        0.000000        0.000000

     C   16       -0.063523       -0.042057       -0.050150
     C   16       -0.042057        0.039723       -0.138362
     C   16       -0.050150       -0.138362        0.023801

     C   17        0.005454       -0.117312       -0.069867
     C   17       -0.117312        0.013399       -0.033340
     C   17       -0.069867       -0.033340       -0.018853

     Cl  18        1.125967       -2.161252       -0.309649
     Cl  18       -2.161252        0.078796       -0.371451
     Cl  18       -0.309649       -0.371451       -1.204763

     H   19       -0.000000        0.000000        0.000000
     H   19        0.000000        0.000000        0.000000
     H   19        0.000000        0.000000        0.000000

     C   20       -0.035028       -0.044954       -0.043975
     C   20       -0.044954       -0.048891        0.085646
     C   20       -0.043975        0.085646        0.083919

     H   21       -0.000000        0.000000        0.000000
     H   21        0.000000        0.000000        0.000000
     H   21        0.000000        0.000000        0.000000

     C   22       -0.056216        0.044966       -0.042815
     C   22        0.044966        0.004851        0.132109
     C   22       -0.042815        0.132109        0.051365

     C   23        0.105183        0.067977       -0.042693
     C   23        0.067977       -0.043312        0.078423
     C   23       -0.042693        0.078423       -0.061871

     Cl  24        1.301339        2.258680       -0.222793
     Cl  24        2.258680        0.525886        0.218799
     Cl  24       -0.222793        0.218799       -1.827225

     ----- total EFG -----
     Cl   1        0.968683       -2.494223        0.030590
     Cl   1       -2.494223        0.334641        0.890990
     Cl   1        0.030590        0.890990       -1.303324

     C    2        0.005631       -0.261894       -0.148665
     C    2       -0.261894       -0.027848       -0.217153
     C    2       -0.148665       -0.217153        0.022217

     C    3       -0.116865        0.077509       -0.145164
     C    3        0.077509       -0.056870       -0.156376
     C    3       -0.145164       -0.156376        0.173735

     H    4        0.188238        0.054613        0.199779
     H    4        0.054613       -0.167200        0.045366
     H    4        0.199779        0.045366       -0.021038

     C    5       -0.021785        0.089625       -0.097930
     C    5        0.089625       -0.108109       -0.165795
     C    5       -0.097930       -0.165795        0.129894

     H    6       -0.158246       -0.002219       -0.027272
     H    6       -0.002219        0.195174        0.216649
     H    6       -0.027272        0.216649       -0.036927

     H    7       -0.103504       -0.033556        0.051819
     H    7       -0.033556        0.127578       -0.278815
     H    7        0.051819       -0.278815       -0.024075

     C    8       -0.167905       -0.010960       -0.135107
     C    8       -0.010960        0.039443        0.227380
     C    8       -0.135107        0.227380        0.128462

     H    9        0.206005       -0.170968        0.181921
     H    9       -0.170968       -0.103751       -0.004047
     H    9        0.181921       -0.004047       -0.102253

     C   10       -0.099771       -0.219551       -0.080075
     C   10       -0.219551       -0.037382        0.234352
     C   10       -0.080075        0.234352        0.137153

     C   11       -0.015625        0.125040       -0.284667
     C   11        0.125040       -0.006617        0.254545
     C   11       -0.284667        0.254545        0.022242

     Cl  12        1.775728        2.869503       -0.365151
     Cl  12        2.869503        0.034594        0.000102
     Cl  12       -0.365151        0.000102       -1.810322

     H   13       -0.011758        0.043817        0.045367
     H   13        0.043817        0.319160        0.388088
     H   13        0.045367        0.388088       -0.307402

     C   14       -0.305611        0.214909       -0.131077
     C   14        0.214909        0.084382       -0.209420
     C   14       -0.131077       -0.209420        0.221229

     H   15        0.220010        0.172841        0.170319
     H   15        0.172841       -0.046753        0.182819
     H   15        0.170319        0.182819       -0.173257

     C   16       -0.078977       -0.121080       -0.130035
     C   16       -0.121080       -0.034815       -0.308967
     C   16       -0.130035       -0.308967        0.113792

     C   17       -0.014870       -0.209906       -0.183980
     C   17       -0.209906       -0.017417       -0.038713
     C   17       -0.183980       -0.038713        0.032287

     Cl  18        1.241173       -2.360885       -0.345435
     Cl  18       -2.360885        0.066367       -0.410383
     Cl  18       -0.345435       -0.410383       -1.307540

     H   19       -0.050572       -0.010523       -0.013032
     H   19       -0.010523        0.254095       -0.326950
     H   19       -0.013032       -0.326950       -0.203523

     C   20       -0.147656       -0.126044       -0.047008
     C   20       -0.126044       -0.190626        0.192200
     C   20       -0.047008        0.192200        0.338283

     H   21        0.183680       -0.175144        0.382056
     H   21       -0.175144        0.076674       -0.098529
     H   21        0.382056       -0.098529       -0.260355

     C   22       -0.260385        0.128718       -0.118967
     C   22        0.128718        0.029280        0.219328
     C   22       -0.118967        0.219328        0.231105

     C   23        0.132400        0.045396       -0.062091
     C   23        0.045396       -0.084359        0.136916
     C   23       -0.062091        0.136916       -0.048040

     Cl  24        1.404963        2.496548       -0.241552
     Cl  24        2.496548        0.618309        0.245207
     Cl  24       -0.241552        0.245207       -2.023272

     ----- total EFG (symmetrized) -----
     Cl   1        0.968683       -2.494223        0.030590
     Cl   1       -2.494223        0.334641        0.890990
     Cl   1        0.030590        0.890990       -1.303324

     C    2        0.005631       -0.261894       -0.148665
     C    2       -0.261894       -0.027848       -0.217153
     C    2       -0.148665       -0.217153        0.022217

     C    3       -0.116865        0.077509       -0.145164
     C    3        0.077509       -0.056870       -0.156376
     C    3       -0.145164       -0.156376        0.173735

     H    4        0.188238        0.054613        0.199779
     H    4        0.054613       -0.167200        0.045366
     H    4        0.199779        0.045366       -0.021038

     C    5       -0.021785        0.089625       -0.097930
     C    5        0.089625       -0.108109       -0.165795
     C    5       -0.097930       -0.165795        0.129894

     H    6       -0.158246       -0.002219       -0.027272
     H    6       -0.002219        0.195174        0.216649
     H    6       -0.027272        0.216649       -0.036927

     H    7       -0.103504       -0.033556        0.051819
     H    7       -0.033556        0.127578       -0.278815
     H    7        0.051819       -0.278815       -0.024075

     C    8       -0.167905       -0.010960       -0.135107
     C    8       -0.010960        0.039443        0.227380
     C    8       -0.135107        0.227380        0.128462

     H    9        0.206005       -0.170968        0.181921
     H    9       -0.170968       -0.103751       -0.004047
     H    9        0.181921       -0.004047       -0.102253

     C   10       -0.099771       -0.219551       -0.080075
     C   10       -0.219551       -0.037382        0.234352
     C   10       -0.080075        0.234352        0.137153

     C   11       -0.015625        0.125040       -0.284667
     C   11        0.125040       -0.006617        0.254545
     C   11       -0.284667        0.254545        0.022242

     Cl  12        1.775728        2.869503       -0.365151
     Cl  12        2.869503        0.034594        0.000102
     Cl  12       -0.365151        0.000102       -1.810322

     H   13       -0.011758        0.043817        0.045367
     H   13        0.043817        0.319160        0.388088
     H   13        0.045367        0.388088       -0.307402

     C   14       -0.305611        0.214909       -0.131077
     C   14        0.214909        0.084382       -0.209420
     C   14       -0.131077       -0.209420        0.221229

     H   15        0.220010        0.172841        0.170319
     H   15        0.172841       -0.046753        0.182819
     H   15        0.170319        0.182819       -0.173257

     C   16       -0.078977       -0.121080       -0.130035
     C   16       -0.121080       -0.034815       -0.308967
     C   16       -0.130035       -0.308967        0.113792

     C   17       -0.014870       -0.209906       -0.183980
     C   17       -0.209906       -0.017417       -0.038713
     C   17       -0.183980       -0.038713        0.032287

     Cl  18        1.241173       -2.360885       -0.345435
     Cl  18       -2.360885        0.066367       -0.410383
     Cl  18       -0.345435       -0.410383       -1.307540

     H   19       -0.050572       -0.010523       -0.013032
     H   19       -0.010523        0.254095       -0.326950
     H   19       -0.013032       -0.326950       -0.203523

     C   20       -0.147656       -0.126044       -0.047008
     C   20       -0.126044       -0.190626        0.192200
     C   20       -0.047008        0.192200        0.338283

     H   21        0.183680       -0.175144        0.382056
     H   21       -0.175144        0.076674       -0.098529
     H   21        0.382056       -0.098529       -0.260355

     C   22       -0.260385        0.128718       -0.118967
     C   22        0.128718        0.029280        0.219328
     C   22       -0.118967        0.219328        0.231105

     C   23        0.132400        0.045396       -0.062091
     C   23        0.045396       -0.084359        0.136916
     C   23       -0.062091        0.136916       -0.048040

     Cl  24        1.404963        2.496548       -0.241552
     Cl  24        2.496548        0.618309        0.245207
     Cl  24       -0.241552        0.245207       -2.023272


     NQR/NMR SPECTROSCOPIC PARAMETERS:
     Cl   1    Vxx=   -0.8930    axis=(  0.465116  0.357092  0.810032)
     Cl   1    Vyy=   -2.3450    axis=( -0.496384 -0.652444  0.572643)
     Cl   1    Vzz=    3.2380    axis=(  0.732987 -0.668433 -0.126207)
     Cl   1  Q=        -8.1650 1e-30 m^2  Cq=       -62.1189 MHz  eta= 0.44843

     C    2    Vxx=    0.1604    axis=( -0.587234 -0.108340  0.802134)
     C    2    Vyy=    0.2651    axis=( -0.575953  0.752227 -0.320050)
     C    2    Vzz=   -0.4254    axis=( -0.568713 -0.649936 -0.504132)
     C    2  Q=         1.0000 1e-30 m^2  Cq=        -0.9996 MHz  eta= 0.24606

     C    3    Vxx=   -0.1356    axis=(  0.073053  0.875829  0.477061)
     C    3    Vyy=   -0.1798    axis=(  0.931717 -0.230564  0.280614)
     C    3    Vzz=    0.3153    axis=( -0.355763 -0.423986  0.832868)
     C    3  Q=         1.0000 1e-30 m^2  Cq=         0.7409 MHz  eta= 0.14011

     H    4    Vxx=   -0.1391    axis=( -0.534294  0.259977  0.804327)
     H    4    Vyy=   -0.1802    axis=( -0.018981 -0.954980  0.296063)
     H    4    Vzz=    0.3193    axis=(  0.845086  0.142918  0.515175)
     H    4  Q=         1.0000 1e-30 m^2  Cq=         0.7501 MHz  eta= 0.12872

     C    5    Vxx=   -0.0695    axis=(  0.882916  0.041014  0.467735)
     C    5    Vyy=   -0.2019    axis=(  0.240777 -0.894773 -0.376041)
     C    5    Vzz=    0.2714    axis=( -0.403094 -0.444633  0.799885)
     C    5  Q=         1.0000 1e-30 m^2  Cq=         0.6377 MHz  eta= 0.48784

     H    6    Vxx=   -0.1401    axis=(  0.765845  0.352547 -0.537766)
     H    6    Vyy=   -0.1853    axis=( -0.642181  0.376473 -0.667737)
     H    6    Vzz=    0.3254    axis=(  0.032954 -0.856726 -0.514718)
     H    6  Q=         1.0000 1e-30 m^2  Cq=         0.7646 MHz  eta= 0.13885

     H    7    Vxx=   -0.1077    axis=( -0.979363 -0.196368 -0.047839)
     H    7    Vyy=   -0.2405    axis=( -0.156542  0.587276  0.794104)
     H    7    Vzz=    0.3482    axis=(  0.127843 -0.785205  0.605896)
     H    7  Q=         1.0000 1e-30 m^2  Cq=         0.8181 MHz  eta= 0.38136

     C    8    Vxx=   -0.0916    axis=(  0.579746  0.717737 -0.385679)
     C    8    Vyy=   -0.2490    axis=( -0.784905  0.364916 -0.500759)
     C    8    Vzz=    0.3406    axis=( -0.218673  0.593035  0.774914)
     C    8  Q=         1.0000 1e-30 m^2  Cq=         0.8003 MHz  eta= 0.46216

     H    9    Vxx=   -0.1071    axis=( -0.002074  0.726918  0.686722)
     H    9    Vyy=   -0.2390    axis=(  0.489285  0.599645 -0.633266)
     H    9    Vzz=    0.3461    axis=(  0.872121 -0.334690  0.356914)
     H    9  Q=         1.0000 1e-30 m^2  Cq=         0.8131 MHz  eta= 0.38112

     C   10    Vxx=   -0.0653    axis=( -0.663767  0.346038 -0.663077)
     C   10    Vyy=   -0.3158    axis=( -0.638588 -0.723735  0.261559)
     C   10    Vzz=    0.3811    axis=( -0.389382  0.597047  0.701367)
     C   10  Q=         1.0000 1e-30 m^2  Cq=         0.8954 MHz  eta= 0.65728

     C   11    Vxx=    0.1136    axis=( -0.661036 -0.749781 -0.029318)
     C   11    Vyy=    0.3333    axis=( -0.488732  0.400579  0.775033)
     C   11    Vzz=   -0.4469    axis=(  0.569361 -0.526654  0.631240)
     C   11  Q=         1.0000 1e-30 m^2  Cq=        -1.0500 MHz  eta= 0.49170

     Cl  12    Vxx=   -1.7041    axis=( -0.253636  0.418551  0.872057)
     Cl  12    Vyy=   -2.2148    axis=(  0.538916 -0.687513  0.486720)
     Cl  12    Vzz=    3.9188    axis=( -0.803267 -0.593415  0.051186)
     Cl  12  Q=        -8.1650 1e-30 m^2  Cq=       -75.1811 MHz  eta= 0.13032

     H   13    Vxx=   -0.0174    axis=(  0.992602 -0.121218 -0.006937)
     H   13    Vyy=   -0.4939    axis=(  0.045997  0.428290 -0.902470)
     H   13    Vzz=    0.5113    axis=(  0.112367  0.895474  0.430697)
     H   13  Q=         1.0000 1e-30 m^2  Cq=         1.2014 MHz  eta= 0.93184

     C   14    Vxx=   -0.0435    axis=(  0.238300  0.700774  0.672405)
     C   14    Vyy=   -0.4032    axis=( -0.923289  0.378224 -0.066969)
     C   14    Vzz=    0.4466    axis=( -0.301250 -0.604865  0.737148)
     C   14  Q=         1.0000 1e-30 m^2  Cq=         1.0494 MHz  eta= 0.80530

     H   15    Vxx=   -0.0948    axis=(  0.593420 -0.713012 -0.373452)
     H   15    Vyy=   -0.3073    axis=(  0.100401  0.525926 -0.844584)
     H   15    Vzz=    0.4022    axis=(  0.798607  0.463698  0.383682)
     H   15  Q=         1.0000 1e-30 m^2  Cq=         0.9450 MHz  eta= 0.52834

     C   16    Vxx=    0.0216    axis=(  0.860876 -0.439038 -0.257174)
     C   16    Vyy=    0.3592    axis=(  0.069584  0.602273 -0.795252)
     C   16    Vzz=   -0.3808    axis=(  0.504034  0.666718  0.549032)
     C   16  Q=         1.0000 1e-30 m^2  Cq=        -0.8947 MHz  eta= 0.88645

     C   17    Vxx=    0.0487    axis=(  0.074956 -0.670032  0.738538)
     C   17    Vyy=    0.2556    axis=(  0.716532 -0.478892 -0.507193)
     C   17    Vzz=   -0.3044    axis=( -0.693515 -0.567203 -0.444204)
     C   17  Q=         1.0000 1e-30 m^2  Cq=        -0.7152 MHz  eta= 0.67977

     Cl  18    Vxx=   -0.9578    axis=( -0.333432 -0.433086  0.837413)
     Cl  18    Vyy=   -2.1290    axis=(  0.517334  0.658518  0.546553)
     Cl  18    Vzz=    3.0867    axis=( -0.788155  0.615460  0.004479)
     Cl  18  Q=        -8.1650 1e-30 m^2  Cq=       -59.2172 MHz  eta= 0.37943

     H   19    Vxx=   -0.0498    axis=(  0.998694 -0.017181 -0.048112)
     H   19    Vyy=   -0.3746    axis=(  0.050608  0.461455  0.885719)
     H   19    Vzz=    0.4244    axis=(  0.006984 -0.886997  0.461722)
     H   19  Q=         1.0000 1e-30 m^2  Cq=         0.9971 MHz  eta= 0.76547

     C   20    Vxx=   -0.0927    axis=(  0.827621 -0.473473  0.301440)
     C   20    Vyy=   -0.3209    axis=( -0.540371 -0.817367  0.199777)
     C   20    Vzz=    0.4136    axis=( -0.151798  0.328229  0.932321)
     C   20  Q=         1.0000 1e-30 m^2  Cq=         0.9718 MHz  eta= 0.55189

     H   21    Vxx=   -0.0189    axis=(  0.370389  0.903035  0.217577)
     H   21    Vyy=   -0.4802    axis=(  0.499531  0.003835 -0.866287)
     H   21    Vzz=    0.4991    axis=( -0.783122  0.429550 -0.449674)
     H   21  Q=         1.0000 1e-30 m^2  Cq=         1.1728 MHz  eta= 0.92426

     C   22    Vxx=    0.0014    axis=(  0.546065  0.728814 -0.413090)
     C   22    Vyy=    0.3733    axis=(  0.053626 -0.522498 -0.850953)
     C   22    Vzz=   -0.3747    axis=( -0.836025  0.442523 -0.324401)
     C   22  Q=         1.0000 1e-30 m^2  Cq=        -0.8803 MHz  eta= 0.99249

     C   23    Vxx=    0.0686    axis=( -0.194650 -0.685685 -0.701389)
     C   23    Vyy=    0.1518    axis=(  0.958419  0.019168 -0.284719)
     C   23    Vzz=   -0.2203    axis=(  0.208672 -0.727646  0.653443)
     C   23  Q=         1.0000 1e-30 m^2  Cq=        -0.5177 MHz  eta= 0.37750

     Cl  24    Vxx=   -1.3426    axis=( -0.578456  0.680174  0.450279)
     Cl  24    Vyy=   -2.1965    axis=(  0.295450 -0.339823  0.892877)
     Cl  24    Vzz=    3.5391    axis=( -0.760327 -0.649525  0.004385)
     Cl  24  Q=        -8.1650 1e-30 m^2  Cq=       -67.8955 MHz  eta= 0.24130

     Initialization:
     gipaw_setup  :      8.84s CPU     10.77s WALL (       1 calls)

     Linear response

     Apply operators

     Induced current

     Other routines
     efg          :      9.18s CPU     11.39s WALL (       1 calls)

     General routines
     calbec       :      3.16s CPU      4.08s WALL (      16 calls)
     fft          :      1.74s CPU      2.51s WALL (      15 calls)
     ffts         :      0.04s CPU      0.05s WALL (       2 calls)
     fftw         :      3.28s CPU      3.94s WALL (     672 calls)
     davcio       :      0.02s CPU      0.32s WALL (      32 calls)

     Parallel routines
     fft_scatter  :      2.35s CPU      3.63s WALL (     689 calls)

     Plugins

     GIPAW        :     60.55s CPU     72.70s WALL (       1 calls)
