
     Program QE v.6.0 (svn rev. 13079) starts on 18Dec2016 at  8:37:24 

     This program is part of the open-source Quantum ESPRESSO suite
     for quantum simulation of materials; please cite
         "P. Giannozzi et al., J. Phys.:Condens. Matter 21 395502 (2009);
          URL http://www.quantum-espresso.org", 
     in publications or presentations arising from this work. More details at
     http://www.quantum-espresso.org/quote

     Parallel version (MPI), running on     8 processors
     R & G space division:  proc/nbgrp/npool/nimage =       8

     ***** This is GIPAW svn revision unknown      *****

     Parallelizing q-star over 1 images

     Reading data from directory:
     /users/majewski/paradichlorobenzene/pbe/9_constraint/scratch/pbe.ecut100.np8.dt60.pcl2phi-129368.save
     Message from routine read_xml_file:
     file /users/majewski/paradichlorobenzene/pbe/9_constraint/scratch/pbe.ecut100.np8.dt60.pcl2phi-129368.save not guaranteed to be safe for post-processing

   Info: using nr1, nr2, nr3 values from input

   Info: using nr1, nr2, nr3 values from input

     IMPORTANT: XC functional enforced from input :
     Exchange-correlation      =  SLA  PW   PBX  PBC ( 1  4  3  4 0 0)
     Any further DFT definition will be discarded
     Please, verify this is what you really want

               file C.pbe-n-kjpaw_psl.1.0.0.UPF: wavefunction(s)  2S 2P renormalized
               file Cl.pbe-n-kjpaw_psl.1.0.0.UPF: wavefunction(s)  3S 3P renormalized
               file H.pbe-kjpaw_psl.1.0.0.UPF: wavefunction(s)  1S renormalized

     Parallelization info
     --------------------
     sticks:   dense  smooth     PW     G-vecs:    dense   smooth      PW
     Min        3057    1223    332               144436    36536    5170
     Max        3059    1225    333               144437    36537    5171
     Sum       24467    9791   2657              1155489   292295   41363


     Subspace diagonalization in iterative solution of the eigenvalue problem:
     a serial algorithm will be used

     GIPAW projectors -----------------------------------------------
     atom=  C    l=0  rc=    1.2000  rs=    0.8000
     atom=  C    l=0  rc=    1.2000  rs=    0.8000
     atom=  C    l=1  rc=    1.4000  rs=    0.9333
     atom=  C    l=1  rc=    1.4000  rs=    0.9333
     projs nearly linearly dependent: l=1  n1,n2= 1, 2  s=  0.99951561

     atom=  Cl   l=0  rc=    1.6000  rs=    1.0667
     atom=  Cl   l=0  rc=    1.6000  rs=    1.0667
     atom=  Cl   l=1  rc=    1.6000  rs=    1.0667
     atom=  Cl   l=1  rc=    1.6000  rs=    1.0667
     atom=  Cl   l=2  rc=    1.6000  rs=    1.0667
     atom=  Cl   l=2  rc=    1.6000  rs=    1.0667
     projs nearly linearly dependent: l=2  n1,n2= 1, 2  s=  0.99993509

     atom=  H    l=0  rc=    1.0000  rs=    0.6667
     atom=  H    l=0  rc=    1.0000  rs=    0.6667
     projs nearly linearly dependent: l=0  n1,n2= 1, 2  s=  0.99968852
     -----------------------------------------------------------------

     GIPAW integrals: -------------------------------------------
     Atom  i/j   nmr_para   nmr_dia   epr_rmc  epr_para   epr_dia
       C   1 1   0.83E+03  0.17E-01  0.93E+01  0.24E+08  0.24E+03
       C   2 1   0.86E+03 -0.61E-01  0.94E+01  0.25E+08  0.25E+03
       C   2 2   0.90E+03 -0.15E+00  0.97E+01  0.26E+08  0.26E+03
       C   3 3   0.33E+01  0.34E+00  0.18E+01  0.55E+03  0.21E+02
       C   4 3   0.35E+01  0.37E+00  0.20E+01  0.59E+03  0.22E+02
       C   4 4   0.38E+01  0.39E+00  0.22E+01  0.63E+03  0.24E+02
       Cl  1 1   0.14E+04 -0.47E+00  0.84E+01  0.32E+09  0.42E+03
       Cl  2 1   0.21E+04 -0.37E+00  0.12E+02  0.49E+09  0.65E+03
       Cl  2 2   0.33E+04 -0.16E+00  0.21E+02  0.76E+09  0.10E+04
       Cl  3 3   0.21E+02  0.79E-01  0.89E+01  0.23E+05  0.13E+03
       Cl  4 3   0.24E+02  0.67E-01  0.99E+01  0.27E+05  0.15E+03
       Cl  4 4   0.28E+02  0.44E-01  0.11E+02  0.32E+05  0.18E+03
       Cl  5 5   0.77E+00  0.19E+00  0.18E+01  0.12E+03  0.22E+02
       Cl  6 5   0.80E+00  0.19E+00  0.19E+01  0.12E+03  0.23E+02
       Cl  6 6   0.83E+00  0.20E+00  0.19E+01  0.12E+03  0.23E+02
       H   1 1   0.39E+02  0.19E+00  0.29E+00  0.78E+05  0.13E+02
       H   2 1   0.41E+02  0.21E+00  0.32E+00  0.82E+05  0.14E+02
       H   2 2   0.43E+02  0.22E+00  0.36E+00  0.86E+05  0.15E+02
     ------------------------------------------------------------

     alpha_pv=     34.2433 eV

     Number of occupied bands for each k-point:
     k-point:     1    nbnd_occ=  42
     k-point:     2    nbnd_occ=  42
     k-point:     3    nbnd_occ=  42
     k-point:     4    nbnd_occ=  42
     k-point:     5    nbnd_occ=  42
     k-point:     6    nbnd_occ=  42
     k-point:     7    nbnd_occ=  42
     k-point:     8    nbnd_occ=  42
     k-point:     9    nbnd_occ=  42
     k-point:    10    nbnd_occ=  42
     k-point:    11    nbnd_occ=  42
     k-point:    12    nbnd_occ=  42
     k-point:    13    nbnd_occ=  42
     k-point:    14    nbnd_occ=  42
     k-point:    15    nbnd_occ=  42
     k-point:    16    nbnd_occ=  42


     q-space interpolation up to   110.00 Rydberg

     GIPAW job: efg                                                                             


     ELECTRIC FIELD GRADIENTS TENSORS IN Hartree/bohrradius^2:

     ----- bare term -----
     Cl   1        0.013461        0.094087        0.058218
     Cl   1        0.094087        0.037084        0.084542
     Cl   1        0.058218        0.084542       -0.050544

     C    2       -0.251485        0.330961       -0.079630
     C    2        0.330961       -0.188394       -0.457351
     C    2       -0.079630       -0.457351        0.439879

     C    3       -0.159431        0.204686       -0.256816
     C    3        0.204686       -0.174937       -0.604157
     C    3       -0.256816       -0.604157        0.334367

     H    4       -0.170745       -0.199766       -0.421554
     H    4       -0.199766        0.047541       -0.410141
     H    4       -0.421554       -0.410141        0.123204

     C    5       -0.758379        0.414189       -0.432280
     C    5        0.414189        0.444830       -0.150671
     C    5       -0.432280       -0.150671        0.313550

     H    6        0.336417       -0.017382       -0.113534
     H    6       -0.017382       -0.520274       -0.578891
     H    6       -0.113534       -0.578891        0.183857

     H    7        0.478428        0.140589       -0.005883
     H    7        0.140589       -0.800664       -0.022452
     H    7       -0.005883       -0.022452        0.322236

     C    8       -0.235926       -0.131439       -0.278008
     C    8       -0.131439        0.010974        0.544583
     C    8       -0.278008        0.544583        0.224952

     H    9       -0.150600        0.497088       -0.260125
     H    9        0.497088       -0.249393        0.121934
     H    9       -0.260125        0.121934        0.399993

     C   10       -0.590027       -0.395447       -0.294236
     C   10       -0.395447        0.278658        0.252360
     C   10       -0.294236        0.252360        0.311368

     C   11        0.032034       -0.332668       -0.090741
     C   11       -0.332668       -0.215226        0.491707
     C   11       -0.090741        0.491707        0.183192

     Cl  12       -0.119345       -0.218332        0.054366
     Cl  12       -0.218332        0.107684       -0.123042
     Cl  12        0.054366       -0.123042        0.011661

     H   13        0.048263        0.378703       -0.045620
     H   13        0.378703       -0.420211       -0.256509
     H   13       -0.045620       -0.256509        0.371948

     C   14       -0.131605       -0.349361       -0.418224
     C   14       -0.349361        0.005502       -0.563329
     C   14       -0.418224       -0.563329        0.126103

     H   15        0.015363       -0.080247       -0.308009
     H   15       -0.080247       -0.071144       -0.542237
     H   15       -0.308009       -0.542237        0.055781

     C   16       -0.666801        0.319663       -0.211013
     C   16        0.319663        0.242364       -0.132456
     C   16       -0.211013       -0.132456        0.424437

     C   17        0.048493        0.012086       -0.214686
     C   17        0.012086       -0.051476       -0.562565
     C   17       -0.214686       -0.562565        0.002983

     Cl  18       -0.273531        0.278142       -0.003160
     Cl  18        0.278142        0.094425        0.126694
     Cl  18       -0.003160        0.126694        0.179105

     H   19        0.223708        0.054067        0.264847
     H   19        0.054067       -0.139895        0.449070
     H   19        0.264847        0.449070       -0.083813

     C   20       -0.478524       -0.366984       -0.489991
     C   20       -0.366984        0.302357        0.270779
     C   20       -0.489991        0.270779        0.176167

     H   21       -0.018542        0.127002       -0.283881
     H   21        0.127002        0.519702        0.125293
     H   21       -0.283881        0.125293       -0.501160

     C   22       -0.060478       -0.493334       -0.287024
     C   22       -0.493334       -0.317944        0.453099
     C   22       -0.287024        0.453099        0.378422

     C   23       -0.261521       -0.116221       -0.439377
     C   23       -0.116221        0.009272        0.433882
     C   23       -0.439377        0.433882        0.252249

     Cl  24       -0.019404       -0.058191       -0.023521
     Cl  24       -0.058191       -0.014555        0.008873
     Cl  24       -0.023521        0.008873        0.033959

     ----- ionic term -----
     Cl   1        0.229801       -0.220348        0.011159
     Cl   1       -0.220348       -0.076023       -0.005915
     Cl   1        0.011159       -0.005915       -0.153778

     C    2        0.300679       -0.199378        0.243953
     C    2       -0.199378        0.031004        0.389024
     C    2        0.243953        0.389024       -0.331683

     C    3        0.161671       -0.222992        0.170136
     C    3       -0.222992        0.183618        0.398961
     C    3        0.170136        0.398961       -0.345289

     H    4        0.338317        0.538902        0.582706
     H    4        0.538902       -0.148906        0.422395
     H    4        0.582706        0.422395       -0.189411

     C    5        0.328228       -0.150457        0.326399
     C    5       -0.150457        0.029492        0.284876
     C    5        0.326399        0.284876       -0.357720

     H    6       -0.506823        0.034957        0.046234
     H    6        0.034957        0.844556        0.576883
     H    6        0.046234        0.576883       -0.337733

     H    7       -0.501428       -0.068429        0.033949
     H    7       -0.068429        0.828911       -0.588256
     H    7        0.033949       -0.588256       -0.327484

     C    8        0.346570        0.116197        0.269563
     C    8        0.116197        0.078894       -0.286508
     C    8        0.269563       -0.286508       -0.425463

     H    9        0.541040       -0.434298        0.611159
     H    9       -0.434298       -0.349244       -0.305641
     H    9        0.611159       -0.305641       -0.191796

     C   10        0.188194        0.197642        0.191404
     C   10        0.197642        0.202241       -0.342333
     C   10        0.191404       -0.342333       -0.390435

     C   11        0.194140        0.222516        0.307751
     C   11        0.222516        0.131078       -0.332216
     C   11        0.307751       -0.332216       -0.325218

     Cl  12        0.143429        0.229069        0.019580
     Cl  12        0.229069        0.023105        0.013042
     Cl  12        0.019580        0.013042       -0.166535

     H   13       -0.486747       -0.165171       -0.081587
     H   13       -0.165171        0.693026        0.667970
     H   13       -0.081587        0.667970       -0.206280

     C   14        0.340594       -0.247478        0.260268
     C   14       -0.247478        0.017041        0.287503
     C   14        0.260268        0.287503       -0.357635

     H   15        0.373237        0.272426        0.776364
     H   15        0.272426       -0.438089        0.296062
     H   15        0.776364        0.296062        0.064852

     C   16        0.187505       -0.299917        0.220866
     C   16       -0.299917        0.126142        0.368480
     C   16        0.220866        0.368480       -0.313646

     C   17        0.184792       -0.195906        0.297248
     C   17       -0.195906        0.129686        0.399194
     C   17        0.297248        0.399194       -0.314478

     Cl  18        0.153391       -0.213826        0.048465
     Cl  18       -0.213826        0.002336       -0.020863
     Cl  18        0.048465       -0.020863       -0.155727

     H   19       -0.525364        0.021883        0.015298
     H   19        0.021883        0.611957       -0.736774
     H   19        0.015298       -0.736774       -0.086594

     C   20        0.318608        0.262689        0.305937
     C   20        0.262689       -0.030888       -0.294930
     C   20        0.305937       -0.294930       -0.287721

     H   21        0.346208       -0.272471        0.780495
     H   21       -0.272471       -0.444278       -0.302964
     H   21        0.780495       -0.302964        0.098069

     C   22        0.198357        0.299306        0.207541
     C   22        0.299306        0.053991       -0.366583
     C   22        0.207541       -0.366583       -0.252348

     C   23        0.290411        0.162023        0.224030
     C   23        0.162023        0.042353       -0.404909
     C   23        0.224030       -0.404909       -0.332763

     Cl  24        0.181100        0.235775        0.010858
     Cl  24        0.235775       -0.025471       -0.001351
     Cl  24        0.010858       -0.001351       -0.155629

     ----- GIPAW term -----
     Cl   1        2.054806       -0.094200        1.319508
     Cl   1       -0.094200       -0.142796        1.020751
     Cl   1        1.319508        1.020751       -1.912010

     C    2        0.038111       -0.157415        0.095560
     C    2       -0.157415       -0.012322       -0.149665
     C    2        0.095560       -0.149665       -0.025789

     C    3       -0.087880        0.013116       -0.058299
     C    3        0.013116        0.036650       -0.163830
     C    3       -0.058299       -0.163830        0.051229

     H    4       -0.000000        0.000000        0.000000
     H    4        0.000000        0.000000        0.000000
     H    4        0.000000        0.000000        0.000000

     C    5       -0.178345        0.171902       -0.042549
     C    5        0.171902        0.253164        0.033594
     C    5       -0.042549        0.033594       -0.074818

     H    6       -0.000000        0.000000        0.000000
     H    6        0.000000        0.000000        0.000000
     H    6        0.000000        0.000000        0.000000

     H    7       -0.000000        0.000000        0.000000
     H    7        0.000000        0.000000        0.000000
     H    7        0.000000        0.000000        0.000000

     C    8       -0.106831       -0.060581       -0.049673
     C    8       -0.060581        0.163826        0.222160
     C    8       -0.049673        0.222160       -0.056996

     H    9       -0.000000        0.000000        0.000000
     H    9        0.000000        0.000000        0.000000
     H    9        0.000000        0.000000        0.000000

     C   10       -0.189180       -0.153251       -0.077083
     C   10       -0.153251        0.270029        0.064570
     C   10       -0.077083        0.064570       -0.080849

     C   11        0.071718       -0.090413        0.055786
     C   11       -0.090413        0.059767       -0.022642
     C   11        0.055786       -0.022642       -0.131485

     Cl  12        0.393273        0.241619        0.633810
     Cl  12        0.241619        1.239652       -1.360818
     Cl  12        0.633810       -1.360818       -1.632925

     H   13       -0.000000        0.000000        0.000000
     H   13        0.000000        0.000000        0.000000
     H   13        0.000000        0.000000        0.000000

     C   14        0.025087       -0.247096       -0.022297
     C   14       -0.247096        0.094067       -0.146482
     C   14       -0.022297       -0.146482       -0.119154

     H   15       -0.000000        0.000000        0.000000
     H   15        0.000000        0.000000        0.000000
     H   15        0.000000        0.000000        0.000000

     C   16       -0.149311       -0.117622       -0.033910
     C   16       -0.117622        0.234157        0.037517
     C   16       -0.033910        0.037517       -0.084845

     C   17       -0.064375       -0.031756       -0.006666
     C   17       -0.031756        0.249915        0.050810
     C   17       -0.006666        0.050810       -0.185540

     Cl  18       -1.047846       -0.594117        0.068416
     Cl  18       -0.594117        1.657408        2.083601
     Cl  18        0.068416        2.083601       -0.609562

     H   19       -0.000000        0.000000        0.000000
     H   19        0.000000        0.000000        0.000000
     H   19        0.000000        0.000000        0.000000

     C   20       -0.024529       -0.213769       -0.119409
     C   20       -0.213769        0.114024        0.084188
     C   20       -0.119409        0.084188       -0.089495

     H   21       -0.000000        0.000000        0.000000
     H   21        0.000000        0.000000        0.000000
     H   21        0.000000        0.000000        0.000000

     C   22        0.042564       -0.139736       -0.166528
     C   22       -0.139736       -0.102775        0.110990
     C   22       -0.166528        0.110990        0.060212

     C   23        0.030076        0.056035       -0.087115
     C   23        0.056035        0.057370        0.071558
     C   23       -0.087115        0.071558       -0.087445

     Cl  24        1.439021        2.087948       -0.185026
     Cl  24        2.087948        0.029443        0.068129
     Cl  24       -0.185026        0.068129       -1.468464

     ----- total EFG -----
     Cl   1        2.298067       -0.220461        1.388884
     Cl   1       -0.220461       -0.181735        1.099378
     Cl   1        1.388884        1.099378       -2.116333

     C    2        0.087305       -0.025833        0.259883
     C    2       -0.025833       -0.169711       -0.217991
     C    2        0.259883       -0.217991        0.082406

     C    3       -0.085640       -0.005190       -0.144978
     C    3       -0.005190        0.045332       -0.369026
     C    3       -0.144978       -0.369026        0.040308

     H    4        0.167572        0.339136        0.161151
     H    4        0.339136       -0.101365        0.012254
     H    4        0.161151        0.012254       -0.066207

     C    5       -0.608497        0.435635       -0.148429
     C    5        0.435635        0.727485        0.167800
     C    5       -0.148429        0.167800       -0.118989

     H    6       -0.170406        0.017574       -0.067300
     H    6        0.017574        0.324282       -0.002007
     H    6       -0.067300       -0.002007       -0.153876

     H    7       -0.022999        0.072160        0.028066
     H    7        0.072160        0.028247       -0.610708
     H    7        0.028066       -0.610708       -0.005248

     C    8        0.003813       -0.075824       -0.058118
     C    8       -0.075824        0.253694        0.480235
     C    8       -0.058118        0.480235       -0.257507

     H    9        0.390440        0.062789        0.351035
     H    9        0.062789       -0.598637       -0.183706
     H    9        0.351035       -0.183706        0.208197

     C   10       -0.591012       -0.351056       -0.179915
     C   10       -0.351056        0.750928       -0.025403
     C   10       -0.179915       -0.025403       -0.159916

     C   11        0.297893       -0.200566        0.272796
     C   11       -0.200566       -0.024381        0.136848
     C   11        0.272796        0.136848       -0.273512

     Cl  12        0.417357        0.252356        0.707757
     Cl  12        0.252356        1.370441       -1.470817
     Cl  12        0.707757       -1.470817       -1.787798

     H   13       -0.438484        0.213532       -0.127207
     H   13        0.213532        0.272815        0.411461
     H   13       -0.127207        0.411461        0.165668

     C   14        0.234076       -0.843936       -0.180253
     C   14       -0.843936        0.116610       -0.422309
     C   14       -0.180253       -0.422309       -0.350686

     H   15        0.388600        0.192179        0.468356
     H   15        0.192179       -0.509233       -0.246175
     H   15        0.468356       -0.246175        0.120633

     C   16       -0.628607       -0.097876       -0.024057
     C   16       -0.097876        0.602662        0.273541
     C   16       -0.024057        0.273541        0.025946

     C   17        0.168910       -0.215577        0.075896
     C   17       -0.215577        0.328124       -0.112561
     C   17        0.075896       -0.112561       -0.497035

     Cl  18       -1.167985       -0.529802        0.113720
     Cl  18       -0.529802        1.754169        2.189432
     Cl  18        0.113720        2.189432       -0.586184

     H   19       -0.301656        0.075950        0.280146
     H   19        0.075950        0.472062       -0.287704
     H   19        0.280146       -0.287704       -0.170407

     C   20       -0.184445       -0.318065       -0.303463
     C   20       -0.318065        0.385493        0.060037
     C   20       -0.303463        0.060037       -0.201049

     H   21        0.327666       -0.145469        0.496614
     H   21       -0.145469        0.075425       -0.177671
     H   21        0.496614       -0.177671       -0.403091

     C   22        0.180443       -0.333764       -0.246011
     C   22       -0.333764       -0.366728        0.197506
     C   22       -0.246011        0.197506        0.186286

     C   23        0.058966        0.101837       -0.302462
     C   23        0.101837        0.108994        0.100532
     C   23       -0.302462        0.100532       -0.167959

     Cl  24        1.600717        2.265533       -0.197688
     Cl  24        2.265533       -0.010584        0.075651
     Cl  24       -0.197688        0.075651       -1.590134

     ----- total EFG (symmetrized) -----
     Cl   1        2.298067       -0.220461        1.388884
     Cl   1       -0.220461       -0.181735        1.099378
     Cl   1        1.388884        1.099378       -2.116333

     C    2        0.087305       -0.025833        0.259883
     C    2       -0.025833       -0.169711       -0.217991
     C    2        0.259883       -0.217991        0.082406

     C    3       -0.085640       -0.005190       -0.144978
     C    3       -0.005190        0.045332       -0.369026
     C    3       -0.144978       -0.369026        0.040308

     H    4        0.167572        0.339136        0.161151
     H    4        0.339136       -0.101365        0.012254
     H    4        0.161151        0.012254       -0.066207

     C    5       -0.608497        0.435635       -0.148429
     C    5        0.435635        0.727485        0.167800
     C    5       -0.148429        0.167800       -0.118989

     H    6       -0.170406        0.017574       -0.067300
     H    6        0.017574        0.324282       -0.002007
     H    6       -0.067300       -0.002007       -0.153876

     H    7       -0.022999        0.072160        0.028066
     H    7        0.072160        0.028247       -0.610708
     H    7        0.028066       -0.610708       -0.005248

     C    8        0.003813       -0.075824       -0.058118
     C    8       -0.075824        0.253694        0.480235
     C    8       -0.058118        0.480235       -0.257507

     H    9        0.390440        0.062789        0.351035
     H    9        0.062789       -0.598637       -0.183706
     H    9        0.351035       -0.183706        0.208197

     C   10       -0.591012       -0.351056       -0.179915
     C   10       -0.351056        0.750928       -0.025403
     C   10       -0.179915       -0.025403       -0.159916

     C   11        0.297893       -0.200566        0.272796
     C   11       -0.200566       -0.024381        0.136848
     C   11        0.272796        0.136848       -0.273512

     Cl  12        0.417357        0.252356        0.707757
     Cl  12        0.252356        1.370441       -1.470817
     Cl  12        0.707757       -1.470817       -1.787798

     H   13       -0.438484        0.213532       -0.127207
     H   13        0.213532        0.272815        0.411461
     H   13       -0.127207        0.411461        0.165668

     C   14        0.234076       -0.843936       -0.180253
     C   14       -0.843936        0.116610       -0.422309
     C   14       -0.180253       -0.422309       -0.350686

     H   15        0.388600        0.192179        0.468356
     H   15        0.192179       -0.509233       -0.246175
     H   15        0.468356       -0.246175        0.120633

     C   16       -0.628607       -0.097876       -0.024057
     C   16       -0.097876        0.602662        0.273541
     C   16       -0.024057        0.273541        0.025946

     C   17        0.168910       -0.215577        0.075896
     C   17       -0.215577        0.328124       -0.112561
     C   17        0.075896       -0.112561       -0.497035

     Cl  18       -1.167985       -0.529802        0.113720
     Cl  18       -0.529802        1.754169        2.189432
     Cl  18        0.113720        2.189432       -0.586184

     H   19       -0.301656        0.075950        0.280146
     H   19        0.075950        0.472062       -0.287704
     H   19        0.280146       -0.287704       -0.170407

     C   20       -0.184445       -0.318065       -0.303463
     C   20       -0.318065        0.385493        0.060037
     C   20       -0.303463        0.060037       -0.201049

     H   21        0.327666       -0.145469        0.496614
     H   21       -0.145469        0.075425       -0.177671
     H   21        0.496614       -0.177671       -0.403091

     C   22        0.180443       -0.333764       -0.246011
     C   22       -0.333764       -0.366728        0.197506
     C   22       -0.246011        0.197506        0.186286

     C   23        0.058966        0.101837       -0.302462
     C   23        0.101837        0.108994        0.100532
     C   23       -0.302462        0.100532       -0.167959

     Cl  24        1.600717        2.265533       -0.197688
     Cl  24        2.265533       -0.010584        0.075651
     Cl  24       -0.197688        0.075651       -1.590134


     NQR/NMR SPECTROSCOPIC PARAMETERS:
     Cl   1    Vxx=    0.2638    axis=(  0.137256 -0.927305 -0.348234)
     Cl   1    Vyy=    2.7019    axis=(  0.958125  0.035095  0.284190)
     Cl   1    Vzz=   -2.9657    axis=( -0.251309 -0.372659  0.893291)
     Cl   1  Q=        -8.1650 1e-30 m^2  Cq=        56.8955 MHz  eta= 0.82213

     C    2    Vxx=   -0.0675    axis=( -0.712870 -0.598725  0.365165)
     C    2    Vyy=   -0.3322    axis=(  0.320041 -0.741058 -0.590260)
     C    2    Vzz=    0.3997    axis=(  0.624012 -0.303911  0.719894)
     C    2  Q=         1.0000 1e-30 m^2  Cq=         0.9391 MHz  eta= 0.66217

     C    3    Vxx=   -0.0630    axis=( -0.910314  0.393536  0.128292)
     C    3    Vyy=   -0.3682    axis=( -0.366432 -0.622046 -0.691943)
     C    3    Vzz=    0.4312    axis=( -0.192501 -0.676896  0.710461)
     C    3  Q=         1.0000 1e-30 m^2  Cq=         1.0131 MHz  eta= 0.70795

     H    4    Vxx=   -0.0814    axis=( -0.056382 -0.394442  0.917189)
     H    4    Vyy=   -0.3562    axis=(  0.581451 -0.759761 -0.290996)
     H    4    Vzz=    0.4376    axis=(  0.811626  0.516893  0.272186)
     H    4  Q=         1.0000 1e-30 m^2  Cq=         1.0282 MHz  eta= 0.62805

     C    5    Vxx=   -0.0792    axis=( -0.298193 -0.037365  0.953774)
     C    5    Vyy=   -0.7923    axis=( -0.915805  0.292846 -0.274850)
     C    5    Vzz=    0.8715    axis=( -0.269039 -0.955429 -0.121544)
     C    5  Q=         1.0000 1e-30 m^2  Cq=         2.0477 MHz  eta= 0.81834

     H    6    Vxx=   -0.0947    axis=( -0.660234  0.031285  0.750408)
     H    6    Vyy=   -0.2302    axis=(  0.750162 -0.021384  0.660909)
     H    6    Vzz=    0.3249    axis=(  0.036723  0.999282 -0.009351)
     H    6  Q=         1.0000 1e-30 m^2  Cq=         0.7635 MHz  eta= 0.41684

     H    7    Vxx=   -0.0161    axis=( -0.991551 -0.047714 -0.120626)
     H    7    Vyy=   -0.6079    axis=(  0.119723 -0.694570 -0.709393)
     H    7    Vzz=    0.6240    axis=(  0.049935  0.717841 -0.694414)
     H    7  Q=         1.0000 1e-30 m^2  Cq=         1.4663 MHz  eta= 0.94836

     C    8    Vxx=   -0.0122    axis=(  0.985458  0.154917  0.069811)
     C    8    Vyy=   -0.5461    axis=(  0.019906 -0.513269  0.857997)
     C    8    Vzz=    0.5584    axis=(  0.168750 -0.844130 -0.508889)
     C    8  Q=         1.0000 1e-30 m^2  Cq=         1.3119 MHz  eta= 0.95622

     H    9    Vxx=   -0.0069    axis=( -0.606420 -0.293727  0.738904)
     H    9    Vyy=   -0.6583    axis=(  0.144460 -0.954503 -0.260873)
     H    9    Vzz=    0.6652    axis=(  0.781911 -0.051457  0.621262)
     H    9  Q=         1.0000 1e-30 m^2  Cq=         1.5630 MHz  eta= 0.97934

     C   10    Vxx=   -0.1033    axis=( -0.287257 -0.089689  0.953645)
     C   10    Vyy=   -0.7342    axis=(  0.927086  0.224279  0.300350)
     C   10    Vzz=    0.8376    axis=( -0.240821  0.970389  0.018724)
     C   10  Q=         1.0000 1e-30 m^2  Cq=         1.9679 MHz  eta= 0.75325

     C   11    Vxx=    0.0268    axis=( -0.125590 -0.854750 -0.503616)
     C   11    Vyy=    0.4502    axis=( -0.909488  0.301981 -0.285725)
     C   11    Vzz=   -0.4770    axis=( -0.396306 -0.422148  0.815311)
     C   11  Q=         1.0000 1e-30 m^2  Cq=        -1.1207 MHz  eta= 0.88771

     Cl  12    Vxx=    0.6066    axis=(  0.969400  0.106049  0.221399)
     Cl  12    Vyy=    1.9497    axis=( -0.017387  0.929272 -0.368986)
     Cl  12    Vzz=   -2.5563    axis=( -0.244871  0.353845  0.902680)
     Cl  12  Q=        -8.1650 1e-30 m^2  Cq=        49.0421 MHz  eta= 0.52541

     H   13    Vxx=   -0.0535    axis=( -0.514323 -0.521664  0.680689)
     H   13    Vyy=   -0.5864    axis=( -0.854276  0.381425 -0.353169)
     H   13    Vzz=    0.6400    axis=( -0.075396 -0.763139 -0.641821)
     H   13  Q=         1.0000 1e-30 m^2  Cq=         1.5037 MHz  eta= 0.83265

     C   14    Vxx=   -0.0652    axis=( -0.478417 -0.342386  0.808634)
     C   14    Vyy=   -0.9751    axis=(  0.523919  0.627710  0.575750)
     C   14    Vzz=    1.0404    axis=( -0.704717  0.699107 -0.120924)
     C   14  Q=         1.0000 1e-30 m^2  Cq=         2.4444 MHz  eta= 0.87460

     H   15    Vxx=   -0.0294    axis=( -0.501687 -0.545372  0.671476)
     H   15    Vyy=   -0.7124    axis=(  0.330763 -0.838182 -0.433644)
     H   15    Vzz=    0.7418    axis=(  0.799316  0.004546  0.600893)
     H   15  Q=         1.0000 1e-30 m^2  Cq=         1.7429 MHz  eta= 0.92086

     C   16    Vxx=   -0.0828    axis=(  0.024915 -0.367448  0.929710)
     C   16    Vyy=   -0.6363    axis=( -0.996956 -0.077860 -0.004055)
     C   16    Vzz=    0.7192    axis=(  0.073877 -0.926779 -0.368269)
     C   16  Q=         1.0000 1e-30 m^2  Cq=         1.6897 MHz  eta= 0.76970

     C   17    Vxx=    0.0187    axis=(  0.821115  0.570751 -0.003732)
     C   17    Vyy=    0.4969    axis=( -0.565920  0.813279 -0.135320)
     C   17    Vzz=   -0.5156    axis=( -0.074200  0.113225  0.990795)
     C   17  Q=         1.0000 1e-30 m^2  Cq=        -1.2114 MHz  eta= 0.92738

     Cl  18    Vxx=   -1.0457    axis=(  0.913862 -0.128309  0.385219)
     Cl  18    Vyy=   -2.0578    axis=( -0.395257 -0.498188  0.771738)
     Cl  18    Vzz=    3.1035    axis=( -0.092890  0.857523  0.505991)
     Cl  18  Q=        -8.1650 1e-30 m^2  Cq=       -59.5383 MHz  eta= 0.32613

     H   19    Vxx=   -0.0027    axis=( -0.692674 -0.289490 -0.660604)
     H   19    Vyy=   -0.5804    axis=( -0.720306  0.230796  0.654135)
     H   19    Vzz=    0.5831    axis=( -0.036900  0.928940 -0.368388)
     H   19  Q=         1.0000 1e-30 m^2  Cq=         1.3701 MHz  eta= 0.99061

     C   20    Vxx=   -0.0371    axis=(  0.489456  0.472517 -0.732913)
     C   20    Vyy=   -0.5358    axis=( -0.742476 -0.214976 -0.634440)
     C   20    Vzz=    0.5729    axis=(  0.457342 -0.854701 -0.245611)
     C   20  Q=         1.0000 1e-30 m^2  Cq=         1.3462 MHz  eta= 0.87051

     H   21    Vxx=    0.0108    axis=(  0.365426  0.930013  0.039238)
     H   21    Vyy=    0.6557    axis=(  0.826739 -0.343640  0.445437)
     H   21    Vzz=   -0.6665    axis=(  0.427746 -0.130335 -0.894453)
     H   21  Q=         1.0000 1e-30 m^2  Cq=        -1.5659 MHz  eta= 0.96768

     C   22    Vxx=   -0.0469    axis=(  0.610041 -0.156989  0.776662)
     C   22    Vyy=   -0.5335    axis=( -0.386618 -0.914555  0.118813)
     C   22    Vzz=    0.5804    axis=(  0.691648 -0.372752 -0.618611)
     C   22  Q=         1.0000 1e-30 m^2  Cq=         1.3636 MHz  eta= 0.83848

     C   23    Vxx=    0.1416    axis=( -0.016022  0.946270  0.322981)
     C   23    Vyy=    0.2738    axis=( -0.829515 -0.192931  0.524101)
     C   23    Vzz=   -0.4153    axis=(  0.558254 -0.259520  0.788037)
     C   23  Q=         1.0000 1e-30 m^2  Cq=        -0.9759 MHz  eta= 0.31822

     Cl  24    Vxx=   -1.4253    axis=( -0.383030  0.574710  0.723185)
     Cl  24    Vyy=   -1.7772    axis=(  0.430485 -0.581623  0.690216)
     Cl  24    Vzz=    3.2025    axis=( -0.817295 -0.575693  0.024625)
     Cl  24  Q=        -8.1650 1e-30 m^2  Cq=       -61.4382 MHz  eta= 0.10987

     Initialization:
     gipaw_setup  :      9.54s CPU     11.40s WALL (       1 calls)

     Linear response

     Apply operators

     Induced current

     Other routines
     efg          :      9.43s CPU     11.98s WALL (       1 calls)

     General routines
     calbec       :      3.37s CPU      4.48s WALL (      16 calls)
     fft          :      1.89s CPU      3.57s WALL (      15 calls)
     ffts         :      0.04s CPU      0.04s WALL (       2 calls)
     fftw         :      3.24s CPU      4.06s WALL (     672 calls)
     davcio       :      0.00s CPU      0.33s WALL (      32 calls)

     Parallel routines
     fft_scatter  :      2.48s CPU      4.86s WALL (     689 calls)

     Plugins

     GIPAW        :     61.57s CPU     77.89s WALL (       1 calls)
