
     Program QE v.6.0 (svn rev. 13079) starts on 14Jan2017 at 16: 3: 9 

     This program is part of the open-source Quantum ESPRESSO suite
     for quantum simulation of materials; please cite
         "P. Giannozzi et al., J. Phys.:Condens. Matter 21 395502 (2009);
          URL http://www.quantum-espresso.org", 
     in publications or presentations arising from this work. More details at
     http://www.quantum-espresso.org/quote

     Parallel version (MPI), running on     8 processors
     R & G space division:  proc/nbgrp/npool/nimage =       8

     ***** This is GIPAW svn revision unknown      *****

     Parallelizing q-star over 1 images

     Reading data from directory:
     /users/majewski/paradichlorobenzene/pbe/9_constraint/scratch/pbe.ecut100.np8.dt60.pcl2phi-129368.save
     Message from routine read_xml_file:
     file /users/majewski/paradichlorobenzene/pbe/9_constraint/scratch/pbe.ecut100.np8.dt60.pcl2phi-129368.save not guaranteed to be safe for post-processing

   Info: using nr1, nr2, nr3 values from input

   Info: using nr1, nr2, nr3 values from input

     IMPORTANT: XC functional enforced from input :
     Exchange-correlation      =  SLA  PW   PBX  PBC ( 1  4  3  4 0 0)
     Any further DFT definition will be discarded
     Please, verify this is what you really want

               file C.pbe-n-kjpaw_psl.1.0.0.UPF: wavefunction(s)  2S 2P renormalized
               file Cl.pbe-n-kjpaw_psl.1.0.0.UPF: wavefunction(s)  3S 3P renormalized
               file H.pbe-kjpaw_psl.1.0.0.UPF: wavefunction(s)  1S renormalized

     Parallelization info
     --------------------
     sticks:   dense  smooth     PW     G-vecs:    dense   smooth      PW
     Min        3057    1223    332               144436    36536    5170
     Max        3059    1225    333               144437    36537    5171
     Sum       24467    9791   2657              1155489   292295   41363


     Subspace diagonalization in iterative solution of the eigenvalue problem:
     a serial algorithm will be used

     GIPAW projectors -----------------------------------------------
     atom=  C    l=0  rc=    1.2000  rs=    0.8000
     atom=  C    l=0  rc=    1.2000  rs=    0.8000
     atom=  C    l=1  rc=    1.4000  rs=    0.9333
     atom=  C    l=1  rc=    1.4000  rs=    0.9333
     projs nearly linearly dependent: l=1  n1,n2= 1, 2  s=  0.99951561

     atom=  Cl   l=0  rc=    1.6000  rs=    1.0667
     atom=  Cl   l=0  rc=    1.6000  rs=    1.0667
     atom=  Cl   l=1  rc=    1.6000  rs=    1.0667
     atom=  Cl   l=1  rc=    1.6000  rs=    1.0667
     atom=  Cl   l=2  rc=    1.6000  rs=    1.0667
     atom=  Cl   l=2  rc=    1.6000  rs=    1.0667
     projs nearly linearly dependent: l=2  n1,n2= 1, 2  s=  0.99993509

     atom=  H    l=0  rc=    1.0000  rs=    0.6667
     atom=  H    l=0  rc=    1.0000  rs=    0.6667
     projs nearly linearly dependent: l=0  n1,n2= 1, 2  s=  0.99968852
     -----------------------------------------------------------------

     GIPAW integrals: -------------------------------------------
     Atom  i/j   nmr_para   nmr_dia   epr_rmc  epr_para   epr_dia
       C   1 1   0.83E+03  0.17E-01  0.93E+01  0.24E+08  0.24E+03
       C   2 1   0.86E+03 -0.61E-01  0.94E+01  0.25E+08  0.25E+03
       C   2 2   0.90E+03 -0.15E+00  0.97E+01  0.26E+08  0.26E+03
       C   3 3   0.33E+01  0.34E+00  0.18E+01  0.55E+03  0.21E+02
       C   4 3   0.35E+01  0.37E+00  0.20E+01  0.59E+03  0.22E+02
       C   4 4   0.38E+01  0.39E+00  0.22E+01  0.63E+03  0.24E+02
       Cl  1 1   0.14E+04 -0.47E+00  0.84E+01  0.32E+09  0.42E+03
       Cl  2 1   0.21E+04 -0.37E+00  0.12E+02  0.49E+09  0.65E+03
       Cl  2 2   0.33E+04 -0.16E+00  0.21E+02  0.76E+09  0.10E+04
       Cl  3 3   0.21E+02  0.79E-01  0.89E+01  0.23E+05  0.13E+03
       Cl  4 3   0.24E+02  0.67E-01  0.99E+01  0.27E+05  0.15E+03
       Cl  4 4   0.28E+02  0.44E-01  0.11E+02  0.32E+05  0.18E+03
       Cl  5 5   0.77E+00  0.19E+00  0.18E+01  0.12E+03  0.22E+02
       Cl  6 5   0.80E+00  0.19E+00  0.19E+01  0.12E+03  0.23E+02
       Cl  6 6   0.83E+00  0.20E+00  0.19E+01  0.12E+03  0.23E+02
       H   1 1   0.39E+02  0.19E+00  0.29E+00  0.78E+05  0.13E+02
       H   2 1   0.41E+02  0.21E+00  0.32E+00  0.82E+05  0.14E+02
       H   2 2   0.43E+02  0.22E+00  0.36E+00  0.86E+05  0.15E+02
     ------------------------------------------------------------

     alpha_pv=     33.7169 eV

     Number of occupied bands for each k-point:
     k-point:     1    nbnd_occ=  42
     k-point:     2    nbnd_occ=  42
     k-point:     3    nbnd_occ=  42
     k-point:     4    nbnd_occ=  42
     k-point:     5    nbnd_occ=  42
     k-point:     6    nbnd_occ=  42
     k-point:     7    nbnd_occ=  42
     k-point:     8    nbnd_occ=  42
     k-point:     9    nbnd_occ=  42
     k-point:    10    nbnd_occ=  42
     k-point:    11    nbnd_occ=  42
     k-point:    12    nbnd_occ=  42
     k-point:    13    nbnd_occ=  42
     k-point:    14    nbnd_occ=  42
     k-point:    15    nbnd_occ=  42
     k-point:    16    nbnd_occ=  42


     q-space interpolation up to   110.00 Rydberg

     GIPAW job: efg                                                                             


     ELECTRIC FIELD GRADIENTS TENSORS IN Hartree/bohrradius^2:

     ----- bare term -----
     Cl   1       -0.011110        0.070735       -0.019306
     Cl   1        0.070735       -0.016516       -0.007934
     Cl   1       -0.019306       -0.007934        0.027627

     C    2       -0.133996        0.036398       -0.471161
     C    2        0.036398       -0.138025       -0.512867
     C    2       -0.471161       -0.512867        0.272021

     C    3       -0.195482        0.338120       -0.291691
     C    3        0.338120       -0.216293       -0.527615
     C    3       -0.291691       -0.527615        0.411775

     H    4       -0.142018       -0.167749       -0.464387
     H    4       -0.167749        0.423612       -0.191721
     H    4       -0.464387       -0.191721       -0.281594

     C    5       -0.275128        0.319090       -0.242894
     C    5        0.319090       -0.177085       -0.409627
     C    5       -0.242894       -0.409627        0.452213

     H    6        0.343801       -0.165390       -0.075100
     H    6       -0.165390       -0.520347       -0.472005
     H    6       -0.075100       -0.472005        0.176545

     H    7        0.408102        0.057967        0.285013
     H    7        0.057967        0.060938        0.236899
     H    7        0.285013        0.236899       -0.469040

     C    8       -0.542775       -0.362813       -0.423956
     C    8       -0.362813        0.248878        0.359482
     C    8       -0.423956        0.359482        0.293898

     H    9       -0.055574        0.114783       -0.477822
     H    9        0.114783        0.373111       -0.078464
     H    9       -0.477822       -0.078464       -0.317537

     C   10       -0.095676       -0.317901       -0.227694
     C   10       -0.317901       -0.146432        0.634579
     C   10       -0.227694        0.634579        0.242108

     C   11       -0.318187       -0.128424       -0.398040
     C   11       -0.128424        0.016703        0.402088
     C   11       -0.398040        0.402088        0.301484

     Cl  12       -0.026533       -0.008654        0.014441
     Cl  12       -0.008654        0.064470       -0.081413
     Cl  12        0.014441       -0.081413       -0.037938

     H   13        0.120786       -0.375812        0.005295
     H   13       -0.375812       -0.458781       -0.320617
     H   13        0.005295       -0.320617        0.337995

     C   14       -0.326066        0.321335       -0.359531
     C   14        0.321335       -0.145031       -0.400991
     C   14       -0.359531       -0.400991        0.471097

     H   15       -0.490881       -0.244892       -0.446950
     H   15       -0.244892        0.310483       -0.184235
     H   15       -0.446950       -0.184235        0.180397

     C   16       -0.113806        0.133348       -0.305952
     C   16        0.133348       -0.233658       -0.547155
     C   16       -0.305952       -0.547155        0.347464

     C   17       -0.299586        0.205091       -0.396090
     C   17        0.205091       -0.037799       -0.496891
     C   17       -0.396090       -0.496891        0.337385

     Cl  18       -0.080653        0.081669       -0.098691
     Cl  18        0.081669       -0.031624       -0.095591
     Cl  18       -0.098691       -0.095591        0.112277

     H   19        0.450276        0.023396        0.220858
     H   19        0.023396        0.101997        0.281939
     H   19        0.220858        0.281939       -0.552273

     C   20       -0.286247       -0.185834       -0.385467
     C   20       -0.185834       -0.177821        0.423250
     C   20       -0.385467        0.423250        0.464068

     H   21        0.025145        0.125137       -0.357867
     H   21        0.125137        0.500467        0.104202
     H   21       -0.357867        0.104202       -0.525613

     C   22       -0.220517       -0.317825       -0.295133
     C   22       -0.317825       -0.194703        0.530320
     C   22       -0.295133        0.530320        0.415220

     C   23       -0.107146        0.017144       -0.338259
     C   23        0.017144       -0.106698        0.598536
     C   23       -0.338259        0.598536        0.213844

     Cl  24       -0.032824       -0.002438       -0.060842
     Cl  24       -0.002438        0.030629        0.084079
     Cl  24       -0.060842        0.084079        0.002195

     ----- ionic term -----
     Cl   1        0.145062       -0.212113       -0.005302
     Cl   1       -0.212113        0.001772        0.010877
     Cl   1       -0.005302        0.010877       -0.146834

     C    2        0.214550       -0.163476        0.255642
     C    2       -0.163476        0.092175        0.428458
     C    2        0.255642        0.428458       -0.306725

     C    3        0.049881       -0.262366        0.237189
     C    3       -0.262366        0.237638        0.382276
     C    3        0.237189        0.382276       -0.287520

     H    4        0.509153        0.342561        0.705858
     H    4        0.342561       -0.392953        0.291158
     H    4        0.705858        0.291158       -0.116200

     C    5        0.166176       -0.277219        0.316110
     C    5       -0.277219        0.155232        0.223510
     C    5        0.316110        0.223510       -0.321409

     H    6       -0.531568        0.085682        0.072370
     H    6        0.085682        0.735599        0.646772
     H    6        0.072370        0.646772       -0.204031

     H    7       -0.529339        0.061969       -0.036414
     H    7        0.061969        0.281744       -0.805373
     H    7       -0.036414       -0.805373        0.247595

     C    8        0.264166        0.231739        0.326021
     C    8        0.231739       -0.109450       -0.323246
     C    8        0.326021       -0.323246       -0.154716

     H    9        0.487210       -0.298702        0.732439
     H    9       -0.298702       -0.449806       -0.278066
     H    9        0.732439       -0.278066       -0.037405

     C   10        0.114449        0.254046        0.203567
     C   10        0.254046        0.062526       -0.414514
     C   10        0.203567       -0.414514       -0.176975

     C   11        0.130278        0.236443        0.301286
     C   11        0.236443       -0.003313       -0.434037
     C   11        0.301286       -0.434037       -0.126965

     Cl  12        0.123075        0.217616        0.006277
     Cl  12        0.217616        0.010545       -0.005026
     Cl  12        0.006277       -0.005026       -0.133620

     H   13       -0.461949        0.241775        0.124546
     H   13        0.241775        0.651189        0.650823
     H   13        0.124546        0.650823       -0.189240

     C   14        0.264114       -0.101976        0.325085
     C   14       -0.101976        0.093235        0.271168
     C   14        0.325085        0.271168       -0.357349

     H   15        0.554498        0.359836        0.669747
     H   15        0.359836       -0.355212        0.268259
     H   15        0.669747        0.268259       -0.199286

     C   16        0.089509       -0.170167        0.240844
     C   16       -0.170167        0.294886        0.323525
     C   16        0.240844        0.323525       -0.384395

     C   17        0.119374       -0.216623        0.343326
     C   17       -0.216623        0.221827        0.272315
     C   17        0.343326        0.272315       -0.341201

     Cl  18        0.113159       -0.213945        0.052852
     Cl  18       -0.213945        0.047509       -0.030157
     Cl  18        0.052852       -0.030157       -0.160667

     H   19       -0.526818        0.039753       -0.022262
     H   19        0.039753        0.232579       -0.798046
     H   19       -0.022262       -0.798046        0.294239

     C   20        0.207126        0.239117        0.304280
     C   20        0.239117       -0.093713       -0.318653
     C   20        0.304280       -0.318653       -0.113414

     H   21        0.363712       -0.275033        0.795051
     H   21       -0.275033       -0.462097       -0.308440
     H   21        0.795051       -0.308440        0.098385

     C   22        0.019304        0.254994        0.204278
     C   22        0.254994        0.071113       -0.477042
     C   22        0.204278       -0.477042       -0.090417

     C   23        0.091719        0.190266        0.344449
     C   23        0.190266       -0.006387       -0.459995
     C   23        0.344449       -0.459995       -0.085332

     Cl  24        0.085685        0.192519        0.025396
     Cl  24        0.192519        0.037594        0.012602
     Cl  24        0.025396        0.012602       -0.123279

     ----- GIPAW term -----
     Cl   1        1.493973       -1.981288       -0.157050
     Cl   1       -1.981288        0.020812       -0.060188
     Cl   1       -0.157050       -0.060188       -1.514785

     C    2        0.063497       -0.092858       -0.132557
     C    2       -0.092858       -0.026983       -0.112855
     C    2       -0.132557       -0.112855       -0.036514

     C    3       -0.088056        0.081891       -0.125775
     C    3        0.081891       -0.042065       -0.162222
     C    3       -0.125775       -0.162222        0.130122

     H    4       -0.000000        0.000000        0.000000
     H    4        0.000000        0.000000        0.000000
     H    4        0.000000        0.000000        0.000000

     C    5       -0.007093        0.066335       -0.008864
     C    5        0.066335       -0.071168       -0.082989
     C    5       -0.008864       -0.082989        0.078260

     H    6       -0.000000        0.000000        0.000000
     H    6        0.000000        0.000000        0.000000
     H    6        0.000000        0.000000        0.000000

     H    7       -0.000000        0.000000        0.000000
     H    7        0.000000        0.000000        0.000000
     H    7        0.000000        0.000000        0.000000

     C    8       -0.117184       -0.157295       -0.116415
     C    8       -0.157295        0.125630        0.150263
     C    8       -0.116415        0.150263       -0.008446

     H    9       -0.000000        0.000000        0.000000
     H    9        0.000000        0.000000        0.000000
     H    9        0.000000        0.000000        0.000000

     C   10       -0.099224       -0.102115       -0.088589
     C   10       -0.102115        0.078428        0.225286
     C   10       -0.088589        0.225286        0.020796

     C   11        0.001777        0.084800       -0.068176
     C   11        0.084800        0.062302        0.041032
     C   11       -0.068176        0.041032       -0.064079

     Cl  12        1.036078        1.978179        0.100416
     Cl  12        1.978179        0.674576       -0.659219
     Cl  12        0.100416       -0.659219       -1.710653

     H   13       -0.000000        0.000000        0.000000
     H   13        0.000000        0.000000        0.000000
     H   13        0.000000        0.000000        0.000000

     C   14       -0.030816        0.097996       -0.116400
     C   14        0.097996       -0.061780       -0.128814
     C   14       -0.116400       -0.128814        0.092596

     H   15       -0.000000        0.000000        0.000000
     H   15        0.000000        0.000000        0.000000
     H   15        0.000000        0.000000        0.000000

     C   16       -0.020669       -0.033117       -0.085649
     C   16       -0.033117       -0.015078       -0.082085
     C   16       -0.085649       -0.082085        0.035747

     C   17       -0.052317       -0.045156       -0.091308
     C   17       -0.045156        0.067063       -0.179359
     C   17       -0.091308       -0.179359       -0.014746

     Cl  18       -0.214265       -0.762330       -1.284525
     Cl  18       -0.762330       -0.192486       -1.998098
     Cl  18       -1.284525       -1.998098        0.406751

     H   19       -0.000000        0.000000        0.000000
     H   19        0.000000        0.000000        0.000000
     H   19        0.000000        0.000000        0.000000

     C   20       -0.057999       -0.030172       -0.137363
     C   20       -0.030172       -0.131078        0.104512
     C   20       -0.137363        0.104512        0.189077

     H   21       -0.000000        0.000000        0.000000
     H   21        0.000000        0.000000        0.000000
     H   21        0.000000        0.000000        0.000000

     C   22       -0.111907       -0.072672       -0.121293
     C   22       -0.072672       -0.036388        0.177318
     C   22       -0.121293        0.177318        0.148295

     C   23        0.042209        0.130759       -0.063581
     C   23        0.130759        0.041095        0.113116
     C   23       -0.063581        0.113116       -0.083304

     Cl  24        1.031677        2.099333       -0.414961
     Cl  24        2.099333        0.408680        0.730779
     Cl  24       -0.414961        0.730779       -1.440357

     ----- total EFG -----
     Cl   1        1.627924       -2.122666       -0.181658
     Cl   1       -2.122666        0.006068       -0.057246
     Cl   1       -0.181658       -0.057246       -1.633992

     C    2        0.144051       -0.219936       -0.348075
     C    2       -0.219936       -0.072834       -0.197264
     C    2       -0.348075       -0.197264       -0.071217

     C    3       -0.233657        0.157645       -0.180277
     C    3        0.157645       -0.020720       -0.307561
     C    3       -0.180277       -0.307561        0.254377

     H    4        0.367135        0.174812        0.241471
     H    4        0.174812        0.030659        0.099437
     H    4        0.241471        0.099437       -0.397794

     C    5       -0.116044        0.108206        0.064351
     C    5        0.108206       -0.093020       -0.269106
     C    5        0.064351       -0.269106        0.209064

     H    6       -0.187767       -0.079708       -0.002730
     H    6       -0.079708        0.215253        0.174767
     H    6       -0.002730        0.174767       -0.027486

     H    7       -0.121237        0.119936        0.248600
     H    7        0.119936        0.342682       -0.568474
     H    7        0.248600       -0.568474       -0.221445

     C    8       -0.395793       -0.288369       -0.214350
     C    8       -0.288369        0.265057        0.186499
     C    8       -0.214350        0.186499        0.130735

     H    9        0.431637       -0.183919        0.254618
     H    9       -0.183919       -0.076695       -0.356531
     H    9        0.254618       -0.356531       -0.354942

     C   10       -0.080451       -0.165970       -0.112717
     C   10       -0.165970       -0.005477        0.445351
     C   10       -0.112717        0.445351        0.085928

     C   11       -0.186132        0.192820       -0.164929
     C   11        0.192820        0.075692        0.009083
     C   11       -0.164929        0.009083        0.110440

     Cl  12        1.132621        2.187141        0.121134
     Cl  12        2.187141        0.749591       -0.745658
     Cl  12        0.121134       -0.745658       -1.882211

     H   13       -0.341163       -0.134037        0.129840
     H   13       -0.134037        0.192407        0.330206
     H   13        0.129840        0.330206        0.148755

     C   14       -0.092768        0.317355       -0.150846
     C   14        0.317355       -0.113576       -0.258636
     C   14       -0.150846       -0.258636        0.206344

     H   15        0.063617        0.114944        0.222796
     H   15        0.114944       -0.044729        0.084024
     H   15        0.222796        0.084024       -0.018888

     C   16       -0.044966       -0.069936       -0.150757
     C   16       -0.069936        0.046150       -0.305715
     C   16       -0.150757       -0.305715       -0.001184

     C   17       -0.232530       -0.056688       -0.144072
     C   17       -0.056688        0.251091       -0.403935
     C   17       -0.144072       -0.403935       -0.018561

     Cl  18       -0.181760       -0.894606       -1.330364
     Cl  18       -0.894606       -0.176601       -2.123846
     Cl  18       -1.330364       -2.123846        0.358361

     H   19       -0.076542        0.063150        0.198596
     H   19        0.063150        0.334576       -0.516107
     H   19        0.198596       -0.516107       -0.258034

     C   20       -0.137120        0.023110       -0.218550
     C   20        0.023110       -0.402611        0.209109
     C   20       -0.218550        0.209109        0.539731

     H   21        0.388858       -0.149896        0.437184
     H   21       -0.149896        0.038370       -0.204238
     H   21        0.437184       -0.204238       -0.427228

     C   22       -0.313120       -0.135503       -0.212148
     C   22       -0.135503       -0.159978        0.230596
     C   22       -0.212148        0.230596        0.473098

     C   23        0.026782        0.338169       -0.057392
     C   23        0.338169       -0.071990        0.251658
     C   23       -0.057392        0.251658        0.045209

     Cl  24        1.084537        2.289414       -0.450407
     Cl  24        2.289414        0.476904        0.827460
     Cl  24       -0.450407        0.827460       -1.561441

     ----- total EFG (symmetrized) -----
     Cl   1        1.627924       -2.122666       -0.181658
     Cl   1       -2.122666        0.006068       -0.057246
     Cl   1       -0.181658       -0.057246       -1.633992

     C    2        0.144051       -0.219936       -0.348075
     C    2       -0.219936       -0.072834       -0.197264
     C    2       -0.348075       -0.197264       -0.071217

     C    3       -0.233657        0.157645       -0.180277
     C    3        0.157645       -0.020720       -0.307561
     C    3       -0.180277       -0.307561        0.254377

     H    4        0.367135        0.174812        0.241471
     H    4        0.174812        0.030659        0.099437
     H    4        0.241471        0.099437       -0.397794

     C    5       -0.116044        0.108206        0.064351
     C    5        0.108206       -0.093020       -0.269106
     C    5        0.064351       -0.269106        0.209064

     H    6       -0.187767       -0.079708       -0.002730
     H    6       -0.079708        0.215253        0.174767
     H    6       -0.002730        0.174767       -0.027486

     H    7       -0.121237        0.119936        0.248600
     H    7        0.119936        0.342682       -0.568474
     H    7        0.248600       -0.568474       -0.221445

     C    8       -0.395793       -0.288369       -0.214350
     C    8       -0.288369        0.265057        0.186499
     C    8       -0.214350        0.186499        0.130735

     H    9        0.431637       -0.183919        0.254618
     H    9       -0.183919       -0.076695       -0.356531
     H    9        0.254618       -0.356531       -0.354942

     C   10       -0.080451       -0.165970       -0.112717
     C   10       -0.165970       -0.005477        0.445351
     C   10       -0.112717        0.445351        0.085928

     C   11       -0.186132        0.192820       -0.164929
     C   11        0.192820        0.075692        0.009083
     C   11       -0.164929        0.009083        0.110440

     Cl  12        1.132621        2.187141        0.121134
     Cl  12        2.187141        0.749591       -0.745658
     Cl  12        0.121134       -0.745658       -1.882211

     H   13       -0.341163       -0.134037        0.129840
     H   13       -0.134037        0.192407        0.330206
     H   13        0.129840        0.330206        0.148755

     C   14       -0.092768        0.317355       -0.150846
     C   14        0.317355       -0.113576       -0.258636
     C   14       -0.150846       -0.258636        0.206344

     H   15        0.063617        0.114944        0.222796
     H   15        0.114944       -0.044729        0.084024
     H   15        0.222796        0.084024       -0.018888

     C   16       -0.044966       -0.069936       -0.150757
     C   16       -0.069936        0.046150       -0.305715
     C   16       -0.150757       -0.305715       -0.001184

     C   17       -0.232530       -0.056688       -0.144072
     C   17       -0.056688        0.251091       -0.403935
     C   17       -0.144072       -0.403935       -0.018561

     Cl  18       -0.181760       -0.894606       -1.330364
     Cl  18       -0.894606       -0.176601       -2.123846
     Cl  18       -1.330364       -2.123846        0.358361

     H   19       -0.076542        0.063150        0.198596
     H   19        0.063150        0.334576       -0.516107
     H   19        0.198596       -0.516107       -0.258034

     C   20       -0.137120        0.023110       -0.218550
     C   20        0.023110       -0.402611        0.209109
     C   20       -0.218550        0.209109        0.539731

     H   21        0.388858       -0.149896        0.437184
     H   21       -0.149896        0.038370       -0.204238
     H   21        0.437184       -0.204238       -0.427228

     C   22       -0.313120       -0.135503       -0.212148
     C   22       -0.135503       -0.159978        0.230596
     C   22       -0.212148        0.230596        0.473098

     C   23        0.026782        0.338169       -0.057392
     C   23        0.338169       -0.071990        0.251658
     C   23       -0.057392        0.251658        0.045209

     Cl  24        1.084537        2.289414       -0.450407
     Cl  24        2.289414        0.476904        0.827460
     Cl  24       -0.450407        0.827460       -1.561441


     NQR/NMR SPECTROSCOPIC PARAMETERS:
     Cl   1    Vxx=   -1.3707    axis=(  0.483332  0.724796 -0.490980)
     Cl   1    Vyy=   -1.7215    axis=(  0.295982  0.392520  0.870817)
     Cl   1    Vzz=    3.0922    axis=(  0.823884 -0.566215 -0.024809)
     Cl   1  Q=        -8.1650 1e-30 m^2  Cq=       -59.3222 MHz  eta= 0.11347

     C    2    Vxx=    0.1073    axis=(  0.189045 -0.820990  0.538737)
     C    2    Vyy=    0.4105    axis=(  0.830007 -0.159578 -0.534437)
     C    2    Vzz=   -0.5177    axis=( -0.524738 -0.548188 -0.651260)
     C    2  Q=         1.0000 1e-30 m^2  Cq=        -1.2164 MHz  eta= 0.58566

     C    3    Vxx=   -0.2093    axis=(  0.297770  0.738168  0.605344)
     C    3    Vyy=   -0.3183    axis=( -0.907006  0.416559 -0.061802)
     C    3    Vzz=    0.5277    axis=( -0.297782 -0.530648  0.793561)
     C    3  Q=         1.0000 1e-30 m^2  Cq=         1.2399 MHz  eta= 0.20655

     H    4    Vxx=   -0.0437    axis=(  0.388463 -0.921444  0.006147)
     H    4    Vyy=   -0.4724    axis=( -0.255455 -0.101280  0.961501)
     H    4    Vzz=    0.5161    axis=( -0.885347 -0.375078 -0.274731)
     H    4  Q=         1.0000 1e-30 m^2  Cq=         1.2127 MHz  eta= 0.83066

     C    5    Vxx=   -0.0406    axis=(  0.857685  0.444635  0.258216)
     C    5    Vyy=   -0.3260    axis=( -0.514172  0.739838  0.433898)
     C    5    Vzz=    0.3666    axis=(  0.001888 -0.504915  0.863167)
     C    5  Q=         1.0000 1e-30 m^2  Cq=         0.8614 MHz  eta= 0.77865

     H    6    Vxx=   -0.1062    axis=(  0.343924 -0.381236  0.858123)
     H    6    Vyy=   -0.2107    axis=(  0.928234  0.276006 -0.249403)
     H    6    Vzz=    0.3170    axis=( -0.141766  0.882315  0.448802)
     H    6  Q=         1.0000 1e-30 m^2  Cq=         0.7447 MHz  eta= 0.32973

     H    7    Vxx=    0.0072    axis=(  0.903561  0.257383  0.342538)
     H    7    Vyy=    0.6963    axis=(  0.038339 -0.844825  0.533668)
     H    7    Vzz=   -0.7035    axis=(  0.426742 -0.469069 -0.773218)
     H    7  Q=         1.0000 1e-30 m^2  Cq=        -1.6530 MHz  eta= 0.97961

     C    8    Vxx=   -0.0002    axis=( -0.013271 -0.584720  0.811127)
     C    8    Vyy=   -0.5346    axis=(  0.932805  0.284928  0.220659)
     C    8    Vzz=    0.5348    axis=( -0.360136  0.759552  0.541649)
     C    8  Q=         1.0000 1e-30 m^2  Cq=         1.2565 MHz  eta= 0.99925

     H    9    Vxx=   -0.0189    axis=(  0.529685  0.750609 -0.394993)
     H    9    Vyy=   -0.6107    axis=(  0.113637 -0.524289 -0.843924)
     H    9    Vzz=    0.6296    axis=( -0.840548  0.402128 -0.363005)
     H    9  Q=         1.0000 1e-30 m^2  Cq=         1.4793 MHz  eta= 0.94007

     C   10    Vxx=   -0.1333    axis=( -0.941281 -0.076345 -0.328879)
     C   10    Vyy=   -0.4152    axis=( -0.160661 -0.755456  0.635196)
     C   10    Vzz=    0.5485    axis=( -0.296948  0.650736  0.698831)
     C   10  Q=         1.0000 1e-30 m^2  Cq=         1.2888 MHz  eta= 0.51399

     C   11    Vxx=    0.1035    axis=(  0.068575  0.705961  0.704923)
     C   11    Vyy=    0.2359    axis=( -0.512591 -0.581255  0.631975)
     C   11    Vzz=   -0.3394    axis=( -0.855890  0.404675 -0.322010)
     C   11  Q=         1.0000 1e-30 m^2  Cq=        -0.7973 MHz  eta= 0.39006

     Cl  12    Vxx=   -0.8746    axis=( -0.617338  0.595060 -0.514585)
     Cl  12    Vyy=   -2.2966    axis=( -0.301399  0.425299  0.853393)
     Cl  12    Vzz=    3.1712    axis=(  0.726672  0.681927 -0.083203)
     Cl  12  Q=        -8.1650 1e-30 m^2  Cq=       -60.8383 MHz  eta= 0.44840

     H   13    Vxx=   -0.0436    axis=( -0.530677  0.572709 -0.624809)
     H   13    Vyy=   -0.4580    axis=( -0.847496 -0.368586  0.381962)
     H   13    Vzz=    0.5016    axis=( -0.011543  0.732222  0.680969)
     H   13  Q=         1.0000 1e-30 m^2  Cq=         1.1786 MHz  eta= 0.82601

     C   14    Vxx=   -0.0687    axis=( -0.616855 -0.375634 -0.691656)
     C   14    Vyy=   -0.4335    axis=( -0.635373  0.756301  0.155916)
     C   14    Vzz=    0.5022    axis=(  0.464533  0.535637 -0.705196)
     C   14  Q=         1.0000 1e-30 m^2  Cq=         1.1799 MHz  eta= 0.72657

     H   15    Vxx=   -0.1016    axis=(  0.236631 -0.923754  0.301139)
     H   15    Vyy=   -0.2049    axis=( -0.655913  0.076776  0.750921)
     H   15    Vzz=    0.3065    axis=(  0.716787  0.375213  0.587735)
     H   15  Q=         1.0000 1e-30 m^2  Cq=         0.7201 MHz  eta= 0.33720

     C   16    Vxx=    0.0268    axis=( -0.881418  0.413782  0.227788)
     C   16    Vyy=    0.3368    axis=( -0.147849 -0.699717  0.698954)
     C   16    Vzz=   -0.3636    axis=( -0.448602 -0.582392 -0.677920)
     C   16  Q=         1.0000 1e-30 m^2  Cq=        -0.8543 MHz  eta= 0.85243

     C   17    Vxx=   -0.1175    axis=(  0.787209 -0.396504 -0.472320)
     C   17    Vyy=   -0.4265    axis=(  0.614583  0.441226  0.653917)
     C   17    Vzz=    0.5441    axis=(  0.050881  0.805049 -0.591022)
     C   17  Q=         1.0000 1e-30 m^2  Cq=         1.2783 MHz  eta= 0.56793

     Cl  18    Vxx=    0.6178    axis=( -0.844752  0.508935  0.165466)
     Cl  18    Vyy=    2.3162    axis=( -0.203607 -0.591585  0.780110)
     Cl  18    Vzz=   -2.9340    axis=( -0.494912 -0.625310 -0.603365)
     Cl  18  Q=        -8.1650 1e-30 m^2  Cq=        56.2866 MHz  eta= 0.57887

     H   19    Vxx=   -0.0047    axis=(  0.936262  0.229864  0.265660)
     H   19    Vyy=   -0.6317    axis=(  0.345047 -0.459651 -0.818329)
     H   19    Vzz=    0.6364    axis=( -0.065993  0.857836 -0.509668)
     H   19  Q=         1.0000 1e-30 m^2  Cq=         1.4952 MHz  eta= 0.98527

     C   20    Vxx=   -0.1774    axis=(  0.937062  0.284316  0.202677)
     C   20    Vyy=   -0.4632    axis=( -0.232101  0.940872 -0.246759)
     C   20    Vzz=    0.6405    axis=( -0.260851  0.184187  0.947646)
     C   20  Q=         1.0000 1e-30 m^2  Cq=         1.5050 MHz  eta= 0.44615

     H   21    Vxx=   -0.0152    axis=(  0.388716  0.920319 -0.043746)
     H   21    Vyy=   -0.6426    axis=( -0.358631  0.194869  0.912913)
     H   21    Vzz=    0.6578    axis=(  0.848695 -0.339175  0.405803)
     H   21  Q=         1.0000 1e-30 m^2  Cq=         1.5456 MHz  eta= 0.95368

     C   22    Vxx=   -0.2127    axis=( -0.331765  0.858400 -0.391255)
     C   22    Vyy=   -0.3999    axis=(  0.908043  0.403007  0.114207)
     C   22    Vzz=    0.6127    axis=( -0.255714  0.317387  0.913168)
     C   22  Q=         1.0000 1e-30 m^2  Cq=         1.4395 MHz  eta= 0.30561

     C   23    Vxx=    0.0936    axis=( -0.590455  0.020340  0.806814)
     C   23    Vyy=    0.3756    axis=(  0.595687  0.685476  0.418665)
     C   23    Vzz=   -0.4691    axis=( -0.544536  0.727812 -0.416859)
     C   23  Q=         1.0000 1e-30 m^2  Cq=        -1.1023 MHz  eta= 0.60117

     Cl  24    Vxx=   -0.6314    axis=(  0.500287 -0.512293 -0.698046)
     Cl  24    Vyy=   -2.4684    axis=( -0.440685  0.543310 -0.714570)
     Cl  24    Vzz=    3.0997    axis=( -0.745325 -0.665109 -0.046051)
     Cl  24  Q=        -8.1650 1e-30 m^2  Cq=       -59.4666 MHz  eta= 0.59263

     Initialization:
     gipaw_setup  :      9.05s CPU     10.77s WALL (       1 calls)

     Linear response

     Apply operators

     Induced current

     Other routines
     efg          :      9.28s CPU     12.14s WALL (       1 calls)

     General routines
     calbec       :      3.28s CPU      4.59s WALL (      16 calls)
     fft          :      1.34s CPU      1.54s WALL (      15 calls)
     ffts         :      0.05s CPU      0.09s WALL (       2 calls)
     fftw         :      3.23s CPU      4.23s WALL (     672 calls)
     davcio       :      0.02s CPU      0.32s WALL (      32 calls)

     Parallel routines
     fft_scatter  :      2.06s CPU      3.04s WALL (     689 calls)

     Plugins

     GIPAW        :     62.06s CPU     72.84s WALL (       1 calls)
