
     Program QE v.6.0 (svn rev. 13079) starts on  4Jan2017 at 11: 7:10 

     This program is part of the open-source Quantum ESPRESSO suite
     for quantum simulation of materials; please cite
         "P. Giannozzi et al., J. Phys.:Condens. Matter 21 395502 (2009);
          URL http://www.quantum-espresso.org", 
     in publications or presentations arising from this work. More details at
     http://www.quantum-espresso.org/quote

     Parallel version (MPI), running on     8 processors
     R & G space division:  proc/nbgrp/npool/nimage =       8

     ***** This is GIPAW svn revision unknown      *****

     Parallelizing q-star over 1 images

     Reading data from directory:
     /users/majewski/paradichlorobenzene/pbe/9_constraint/scratch/pbe.ecut100.np8.dt60.pcl2phi-129368.save
     Message from routine read_xml_file:
     file /users/majewski/paradichlorobenzene/pbe/9_constraint/scratch/pbe.ecut100.np8.dt60.pcl2phi-129368.save not guaranteed to be safe for post-processing

   Info: using nr1, nr2, nr3 values from input

   Info: using nr1, nr2, nr3 values from input

     IMPORTANT: XC functional enforced from input :
     Exchange-correlation      =  SLA  PW   PBX  PBC ( 1  4  3  4 0 0)
     Any further DFT definition will be discarded
     Please, verify this is what you really want

               file C.pbe-n-kjpaw_psl.1.0.0.UPF: wavefunction(s)  2S 2P renormalized
               file Cl.pbe-n-kjpaw_psl.1.0.0.UPF: wavefunction(s)  3S 3P renormalized
               file H.pbe-kjpaw_psl.1.0.0.UPF: wavefunction(s)  1S renormalized

     Parallelization info
     --------------------
     sticks:   dense  smooth     PW     G-vecs:    dense   smooth      PW
     Min        3057    1223    332               144436    36536    5170
     Max        3059    1225    333               144437    36537    5171
     Sum       24467    9791   2657              1155489   292295   41363


     Subspace diagonalization in iterative solution of the eigenvalue problem:
     a serial algorithm will be used

     GIPAW projectors -----------------------------------------------
     atom=  C    l=0  rc=    1.2000  rs=    0.8000
     atom=  C    l=0  rc=    1.2000  rs=    0.8000
     atom=  C    l=1  rc=    1.4000  rs=    0.9333
     atom=  C    l=1  rc=    1.4000  rs=    0.9333
     projs nearly linearly dependent: l=1  n1,n2= 1, 2  s=  0.99951561

     atom=  Cl   l=0  rc=    1.6000  rs=    1.0667
     atom=  Cl   l=0  rc=    1.6000  rs=    1.0667
     atom=  Cl   l=1  rc=    1.6000  rs=    1.0667
     atom=  Cl   l=1  rc=    1.6000  rs=    1.0667
     atom=  Cl   l=2  rc=    1.6000  rs=    1.0667
     atom=  Cl   l=2  rc=    1.6000  rs=    1.0667
     projs nearly linearly dependent: l=2  n1,n2= 1, 2  s=  0.99993509

     atom=  H    l=0  rc=    1.0000  rs=    0.6667
     atom=  H    l=0  rc=    1.0000  rs=    0.6667
     projs nearly linearly dependent: l=0  n1,n2= 1, 2  s=  0.99968852
     -----------------------------------------------------------------

     GIPAW integrals: -------------------------------------------
     Atom  i/j   nmr_para   nmr_dia   epr_rmc  epr_para   epr_dia
       C   1 1   0.83E+03  0.17E-01  0.93E+01  0.24E+08  0.24E+03
       C   2 1   0.86E+03 -0.61E-01  0.94E+01  0.25E+08  0.25E+03
       C   2 2   0.90E+03 -0.15E+00  0.97E+01  0.26E+08  0.26E+03
       C   3 3   0.33E+01  0.34E+00  0.18E+01  0.55E+03  0.21E+02
       C   4 3   0.35E+01  0.37E+00  0.20E+01  0.59E+03  0.22E+02
       C   4 4   0.38E+01  0.39E+00  0.22E+01  0.63E+03  0.24E+02
       Cl  1 1   0.14E+04 -0.47E+00  0.84E+01  0.32E+09  0.42E+03
       Cl  2 1   0.21E+04 -0.37E+00  0.12E+02  0.49E+09  0.65E+03
       Cl  2 2   0.33E+04 -0.16E+00  0.21E+02  0.76E+09  0.10E+04
       Cl  3 3   0.21E+02  0.79E-01  0.89E+01  0.23E+05  0.13E+03
       Cl  4 3   0.24E+02  0.67E-01  0.99E+01  0.27E+05  0.15E+03
       Cl  4 4   0.28E+02  0.44E-01  0.11E+02  0.32E+05  0.18E+03
       Cl  5 5   0.77E+00  0.19E+00  0.18E+01  0.12E+03  0.22E+02
       Cl  6 5   0.80E+00  0.19E+00  0.19E+01  0.12E+03  0.23E+02
       Cl  6 6   0.83E+00  0.20E+00  0.19E+01  0.12E+03  0.23E+02
       H   1 1   0.39E+02  0.19E+00  0.29E+00  0.78E+05  0.13E+02
       H   2 1   0.41E+02  0.21E+00  0.32E+00  0.82E+05  0.14E+02
       H   2 2   0.43E+02  0.22E+00  0.36E+00  0.86E+05  0.15E+02
     ------------------------------------------------------------

     alpha_pv=     34.0958 eV

     Number of occupied bands for each k-point:
     k-point:     1    nbnd_occ=  42
     k-point:     2    nbnd_occ=  42
     k-point:     3    nbnd_occ=  42
     k-point:     4    nbnd_occ=  42
     k-point:     5    nbnd_occ=  42
     k-point:     6    nbnd_occ=  42
     k-point:     7    nbnd_occ=  42
     k-point:     8    nbnd_occ=  42
     k-point:     9    nbnd_occ=  42
     k-point:    10    nbnd_occ=  42
     k-point:    11    nbnd_occ=  42
     k-point:    12    nbnd_occ=  42
     k-point:    13    nbnd_occ=  42
     k-point:    14    nbnd_occ=  42
     k-point:    15    nbnd_occ=  42
     k-point:    16    nbnd_occ=  42


     q-space interpolation up to   110.00 Rydberg

     GIPAW job: efg                                                                             


     ELECTRIC FIELD GRADIENTS TENSORS IN Hartree/bohrradius^2:

     ----- bare term -----
     Cl   1        0.086726        0.039730       -0.015861
     Cl   1        0.039730       -0.094000        0.009053
     Cl   1       -0.015861        0.009053        0.007274

     C    2       -0.719778        0.484374       -0.362846
     C    2        0.484374        0.297919       -0.055708
     C    2       -0.362846       -0.055708        0.421859

     C    3        0.111641        0.263185       -0.059383
     C    3        0.263185       -0.233355       -0.550020
     C    3       -0.059383       -0.550020        0.121714

     H    4       -0.100095        0.073000       -0.530104
     H    4        0.073000       -0.086874        0.051825
     H    4       -0.530104        0.051825        0.186969

     C    5       -0.923458        0.354547       -0.468497
     C    5        0.354547        0.409608        0.037638
     C    5       -0.468497        0.037638        0.513850

     H    6        0.428395       -0.061383       -0.070392
     H    6       -0.061383       -0.610360       -0.654089
     H    6       -0.070392       -0.654089        0.181964

     H    7        0.373274        0.310452        0.106676
     H    7        0.310452       -0.624176       -0.204517
     H    7        0.106676       -0.204517        0.250902

     C    8       -0.124821        0.023888       -0.105614
     C    8        0.023888       -0.084944        0.013753
     C    8       -0.105614        0.013753        0.209765

     H    9       -0.270100        0.381894        0.183212
     H    9        0.381894        0.072195       -0.164872
     H    9        0.183212       -0.164872        0.197905

     C   10        0.084697       -0.071830        0.178966
     C   10       -0.071830       -0.141041       -0.004337
     C   10        0.178966       -0.004337        0.056344

     C   11       -0.127401        0.078331       -0.069685
     C   11        0.078331        0.068299        0.186579
     C   11       -0.069685        0.186579        0.059101

     Cl  12        0.020346       -0.136819        0.033401
     Cl  12       -0.136819        0.046331       -0.152511
     Cl  12        0.033401       -0.152511       -0.066677

     H   13        0.428400        0.050108        0.142192
     H   13        0.050108       -0.089314       -0.586782
     H   13        0.142192       -0.586782       -0.339086

     C   14       -0.073691       -0.113643       -0.296687
     C   14       -0.113643       -0.220167       -0.301588
     C   14       -0.296687       -0.301588        0.293858

     H   15        0.128377       -0.055537       -0.193622
     H   15       -0.055537        0.407195       -0.167361
     H   15       -0.193622       -0.167361       -0.535572

     C   16       -0.338637        0.378569       -0.259845
     C   16        0.378569        0.176143       -0.019983
     C   16       -0.259845       -0.019983        0.162494

     C   17        0.093448       -0.171484       -0.235184
     C   17       -0.171484       -0.422849       -0.423108
     C   17       -0.235184       -0.423108        0.329402

     Cl  18       -0.089367        0.309146        0.049471
     Cl  18        0.309146        0.052472       -0.084348
     Cl  18        0.049471       -0.084348        0.036895

     H   19        0.197397        0.096703       -0.228999
     H   19        0.096703       -0.300538        0.502352
     H   19       -0.228999        0.502352        0.103141

     C   20       -0.494554       -0.333123       -0.102195
     C   20       -0.333123        0.063558        0.438147
     C   20       -0.102195        0.438147        0.430996

     H   21       -0.673796        0.060331       -0.092430
     H   21        0.060331        0.394958        0.213428
     H   21       -0.092430        0.213428        0.278838

     C   22       -0.008017        0.153697       -0.304508
     C   22        0.153697       -0.073525        0.660817
     C   22       -0.304508        0.660817        0.081542

     C   23       -0.441308       -0.366202       -0.332744
     C   23       -0.366202        0.140641        0.295638
     C   23       -0.332744        0.295638        0.300667

     Cl  24        0.043556       -0.055366        0.013303
     Cl  24       -0.055366       -0.005693       -0.030645
     Cl  24        0.013303       -0.030645       -0.037862

     ----- ionic term -----
     Cl   1        0.150455       -0.240154        0.026108
     Cl   1       -0.240154        0.024011       -0.010893
     Cl   1        0.026108       -0.010893       -0.174466

     C    2        0.111026       -0.299413        0.350280
     C    2       -0.299413        0.132987        0.326458
     C    2        0.350280        0.326458       -0.244014

     C    3        0.075534       -0.337497        0.251463
     C    3       -0.337497        0.247896        0.316273
     C    3        0.251463        0.316273       -0.323430

     H    4        0.470389        0.184518        0.760346
     H    4        0.184518       -0.443171        0.201823
     H    4        0.760346        0.201823       -0.027218

     C    5        0.169077       -0.262840        0.347683
     C    5       -0.262840        0.114473        0.268562
     C    5        0.347683        0.268562       -0.283550

     H    6       -0.536979        0.055829        0.030636
     H    6        0.055829        0.720491        0.674987
     H    6        0.030636        0.674987       -0.183512

     H    7       -0.485352       -0.161778        0.079841
     H    7       -0.161778        0.735103       -0.639202
     H    7        0.079841       -0.639202       -0.249751

     C    8        0.398383        0.138954        0.165636
     C    8        0.138954        0.074807       -0.292723
     C    8        0.165636       -0.292723       -0.473189

     H    9        0.785439       -0.468709        0.405690
     H    9       -0.468709       -0.292139       -0.218037
     H    9        0.405690       -0.218037       -0.493300

     C   10        0.163307        0.160047        0.080928
     C   10        0.160047        0.288172       -0.417794
     C   10        0.080928       -0.417794       -0.451479

     C   11        0.272132        0.110128        0.143834
     C   11        0.110128        0.207771       -0.384897
     C   11        0.143834       -0.384897       -0.479903

     Cl  12        0.150921        0.198611       -0.000978
     Cl  12        0.198611        0.020190       -0.016437
     Cl  12       -0.000978       -0.016437       -0.171111

     H   13       -0.535748        0.014433        0.045039
     H   13        0.014433        0.444699        0.775908
     H   13        0.045039        0.775908        0.091049

     C   14        0.153276       -0.298156        0.404685
     C   14       -0.298156        0.024284        0.240826
     C   14        0.404685        0.240826       -0.177560

     H   15        0.212365        0.115036        0.835082
     H   15        0.115036       -0.512511        0.202891
     H   15        0.835082        0.202891        0.300147

     C   16       -0.022638       -0.340992        0.284404
     C   16       -0.340992        0.183288        0.354740
     C   16        0.284404        0.354740       -0.160650

     C   17        0.107516       -0.224466        0.353888
     C   17       -0.224466        0.075865        0.403940
     C   17        0.353888        0.403940       -0.183381

     Cl  18        0.129339       -0.197079        0.039681
     Cl  18       -0.197079        0.009455       -0.017318
     Cl  18        0.039681       -0.017318       -0.138793

     H   19       -0.494257       -0.219392        0.086902
     H   19       -0.219392        0.778804       -0.594185
     H   19        0.086902       -0.594185       -0.284546

     C   20        0.336783        0.046623        0.132507
     C   20        0.046623        0.128441       -0.275939
     C   20        0.132507       -0.275939       -0.465224

     H   21        0.726366       -0.490241        0.442836
     H   21       -0.490241       -0.302298       -0.218105
     H   21        0.442836       -0.218105       -0.424068

     C   22        0.164498        0.066124        0.109343
     C   22        0.066124        0.271505       -0.353321
     C   22        0.109343       -0.353321       -0.436002

     C   23        0.288692        0.068410        0.168087
     C   23        0.068410        0.171763       -0.360285
     C   23        0.168087       -0.360285       -0.460455

     Cl  24        0.100340        0.198955       -0.035520
     Cl  24        0.198955        0.018403       -0.031875
     Cl  24       -0.035520       -0.031875       -0.118742

     ----- GIPAW term -----
     Cl   1        0.033079       -0.183059       -0.031425
     Cl   1       -0.183059        2.411925        0.161142
     Cl   1       -0.031425        0.161142       -2.445004

     C    2       -0.135517        0.038867       -0.025128
     C    2        0.038867        0.217533        0.055942
     C    2       -0.025128        0.055942       -0.082016

     C    3       -0.098831        0.076026        0.032265
     C    3        0.076026        0.212023        0.078274
     C    3        0.032265        0.078274       -0.113192

     H    4       -0.000000        0.000000        0.000000
     H    4        0.000000        0.000000        0.000000
     H    4        0.000000        0.000000        0.000000

     C    5       -0.226028       -0.017062       -0.081976
     C    5       -0.017062        0.198397        0.196860
     C    5       -0.081976        0.196860        0.027631

     H    6       -0.000000        0.000000        0.000000
     H    6        0.000000        0.000000        0.000000
     H    6        0.000000        0.000000        0.000000

     H    7       -0.000000        0.000000        0.000000
     H    7        0.000000        0.000000        0.000000
     H    7        0.000000        0.000000        0.000000

     C    8       -0.025726       -0.005896       -0.016817
     C    8       -0.005896       -0.008760        0.043637
     C    8       -0.016817        0.043637        0.034486

     H    9       -0.000000        0.000000        0.000000
     H    9        0.000000        0.000000        0.000000
     H    9        0.000000        0.000000        0.000000

     C   10        0.008159        0.004629        0.019193
     C   10        0.004629       -0.002174       -0.014038
     C   10        0.019193       -0.014038       -0.005985

     C   11       -0.019222        0.032027       -0.011409
     C   11        0.032027       -0.010152        0.038925
     C   11       -0.011409        0.038925        0.029374

     Cl  12       -0.655349        0.452263       -0.613908
     Cl  12        0.452263       -0.538409        1.382041
     Cl  12       -0.613908        1.382041        1.193759

     H   13       -0.000000        0.000000        0.000000
     H   13        0.000000        0.000000        0.000000
     H   13        0.000000        0.000000        0.000000

     C   14       -0.091223       -0.105031       -0.094312
     C   14       -0.105031        0.010485        0.144479
     C   14       -0.094312        0.144479        0.080737

     H   15       -0.000000        0.000000        0.000000
     H   15        0.000000        0.000000        0.000000
     H   15        0.000000        0.000000        0.000000

     C   16       -0.046716       -0.010442       -0.088518
     C   16       -0.010442        0.002174        0.063563
     C   16       -0.088518        0.063563        0.044542

     C   17       -0.056277       -0.112739       -0.053403
     C   17       -0.112739       -0.045943        0.114928
     C   17       -0.053403        0.114928        0.102220

     Cl  18       -0.909010       -0.586287       -0.710066
     Cl  18       -0.586287       -0.894158        0.927448
     Cl  18       -0.710066        0.927448        1.803169

     H   19       -0.000000        0.000000        0.000000
     H   19        0.000000        0.000000        0.000000
     H   19        0.000000        0.000000        0.000000

     C   20       -0.136416        0.023733        0.065914
     C   20        0.023733        0.064191        0.202384
     C   20        0.065914        0.202384        0.072225

     H   21       -0.000000        0.000000        0.000000
     H   21        0.000000        0.000000        0.000000
     H   21        0.000000        0.000000        0.000000

     C   22       -0.063741        0.190548       -0.047683
     C   22        0.190548        0.185721        0.112964
     C   22       -0.047683        0.112964       -0.121979

     C   23       -0.122582       -0.030688       -0.058640
     C   23       -0.030688        0.171685        0.159287
     C   23       -0.058640        0.159287       -0.049103

     Cl  24       -0.021225        0.452988        0.249673
     Cl  24        0.452988        2.352201       -1.018355
     Cl  24        0.249673       -1.018355       -2.330976

     ----- total EFG -----
     Cl   1        0.270260       -0.383483       -0.021178
     Cl   1       -0.383483        2.341935        0.159302
     Cl   1       -0.021178        0.159302       -2.612195

     C    2       -0.744268        0.223828       -0.037694
     C    2        0.223828        0.648439        0.326693
     C    2       -0.037694        0.326693        0.095829

     C    3        0.088344        0.001714        0.224346
     C    3        0.001714        0.226564       -0.155473
     C    3        0.224346       -0.155473       -0.314908

     H    4        0.370294        0.257518        0.230242
     H    4        0.257518       -0.530045        0.253648
     H    4        0.230242        0.253648        0.159751

     C    5       -0.980409        0.074646       -0.202790
     C    5        0.074646        0.722478        0.503061
     C    5       -0.202790        0.503061        0.257931

     H    6       -0.108584       -0.005554       -0.039756
     H    6       -0.005554        0.110132        0.020898
     H    6       -0.039756        0.020898       -0.001548

     H    7       -0.112077        0.148675        0.186517
     H    7        0.148675        0.110927       -0.843719
     H    7        0.186517       -0.843719        0.001151

     C    8        0.247835        0.156946        0.043205
     C    8        0.156946       -0.018897       -0.235333
     C    8        0.043205       -0.235333       -0.228938

     H    9        0.515339       -0.086815        0.588902
     H    9       -0.086815       -0.219944       -0.382909
     H    9        0.588902       -0.382909       -0.295395

     C   10        0.256163        0.092845        0.279088
     C   10        0.092845        0.144957       -0.436169
     C   10        0.279088       -0.436169       -0.401120

     C   11        0.125509        0.220485        0.062740
     C   11        0.220485        0.265919       -0.159393
     C   11        0.062740       -0.159393       -0.391428

     Cl  12       -0.484082        0.514055       -0.581486
     Cl  12        0.514055       -0.471888        1.213092
     Cl  12       -0.581486        1.213092        0.955970

     H   13       -0.107348        0.064541        0.187230
     H   13        0.064541        0.355384        0.189127
     H   13        0.187230        0.189127       -0.248036

     C   14       -0.011638       -0.516829        0.013686
     C   14       -0.516829       -0.185397        0.083716
     C   14        0.013686        0.083716        0.197035

     H   15        0.340742        0.059499        0.641460
     H   15        0.059499       -0.105316        0.035531
     H   15        0.641460        0.035531       -0.235426

     C   16       -0.407992        0.027135       -0.063959
     C   16        0.027135        0.361606        0.398320
     C   16       -0.063959        0.398320        0.046386

     C   17        0.144686       -0.508690        0.065301
     C   17       -0.508690       -0.392927        0.095760
     C   17        0.065301        0.095760        0.248241

     Cl  18       -0.869038       -0.474220       -0.620914
     Cl  18       -0.474220       -0.832232        0.825782
     Cl  18       -0.620914        0.825782        1.701270

     H   19       -0.296860       -0.122689       -0.142098
     H   19       -0.122689        0.478266       -0.091834
     H   19       -0.142098       -0.091834       -0.181406

     C   20       -0.294186       -0.262767        0.096226
     C   20       -0.262767        0.256189        0.364592
     C   20        0.096226        0.364592        0.037997

     H   21        0.052570       -0.429910        0.350407
     H   21       -0.429910        0.092660       -0.004677
     H   21        0.350407       -0.004677       -0.145230

     C   22        0.092739        0.410369       -0.242849
     C   22        0.410369        0.383701        0.420459
     C   22       -0.242849        0.420459       -0.476440

     C   23       -0.275197       -0.328480       -0.223297
     C   23       -0.328480        0.484089        0.094640
     C   23       -0.223297        0.094640       -0.208892

     Cl  24        0.122670        0.596577        0.227457
     Cl  24        0.596577        2.364911       -1.080876
     Cl  24        0.227457       -1.080876       -2.487581

     ----- total EFG (symmetrized) -----
     Cl   1        0.270260       -0.383483       -0.021178
     Cl   1       -0.383483        2.341935        0.159302
     Cl   1       -0.021178        0.159302       -2.612195

     C    2       -0.744268        0.223828       -0.037694
     C    2        0.223828        0.648439        0.326693
     C    2       -0.037694        0.326693        0.095829

     C    3        0.088344        0.001714        0.224346
     C    3        0.001714        0.226564       -0.155473
     C    3        0.224346       -0.155473       -0.314908

     H    4        0.370294        0.257518        0.230242
     H    4        0.257518       -0.530045        0.253648
     H    4        0.230242        0.253648        0.159751

     C    5       -0.980409        0.074646       -0.202790
     C    5        0.074646        0.722478        0.503061
     C    5       -0.202790        0.503061        0.257931

     H    6       -0.108584       -0.005554       -0.039756
     H    6       -0.005554        0.110132        0.020898
     H    6       -0.039756        0.020898       -0.001548

     H    7       -0.112077        0.148675        0.186517
     H    7        0.148675        0.110927       -0.843719
     H    7        0.186517       -0.843719        0.001151

     C    8        0.247835        0.156946        0.043205
     C    8        0.156946       -0.018897       -0.235333
     C    8        0.043205       -0.235333       -0.228938

     H    9        0.515339       -0.086815        0.588902
     H    9       -0.086815       -0.219944       -0.382909
     H    9        0.588902       -0.382909       -0.295395

     C   10        0.256163        0.092845        0.279088
     C   10        0.092845        0.144957       -0.436169
     C   10        0.279088       -0.436169       -0.401120

     C   11        0.125509        0.220485        0.062740
     C   11        0.220485        0.265919       -0.159393
     C   11        0.062740       -0.159393       -0.391428

     Cl  12       -0.484082        0.514055       -0.581486
     Cl  12        0.514055       -0.471888        1.213092
     Cl  12       -0.581486        1.213092        0.955970

     H   13       -0.107348        0.064541        0.187230
     H   13        0.064541        0.355384        0.189127
     H   13        0.187230        0.189127       -0.248036

     C   14       -0.011638       -0.516829        0.013686
     C   14       -0.516829       -0.185397        0.083716
     C   14        0.013686        0.083716        0.197035

     H   15        0.340742        0.059499        0.641460
     H   15        0.059499       -0.105316        0.035531
     H   15        0.641460        0.035531       -0.235426

     C   16       -0.407992        0.027135       -0.063959
     C   16        0.027135        0.361606        0.398320
     C   16       -0.063959        0.398320        0.046386

     C   17        0.144686       -0.508690        0.065301
     C   17       -0.508690       -0.392927        0.095760
     C   17        0.065301        0.095760        0.248241

     Cl  18       -0.869038       -0.474220       -0.620914
     Cl  18       -0.474220       -0.832232        0.825782
     Cl  18       -0.620914        0.825782        1.701270

     H   19       -0.296860       -0.122689       -0.142098
     H   19       -0.122689        0.478266       -0.091834
     H   19       -0.142098       -0.091834       -0.181406

     C   20       -0.294186       -0.262767        0.096226
     C   20       -0.262767        0.256189        0.364592
     C   20        0.096226        0.364592        0.037997

     H   21        0.052570       -0.429910        0.350407
     H   21       -0.429910        0.092660       -0.004677
     H   21        0.350407       -0.004677       -0.145230

     C   22        0.092739        0.410369       -0.242849
     C   22        0.410369        0.383701        0.420459
     C   22       -0.242849        0.420459       -0.476440

     C   23       -0.275197       -0.328480       -0.223297
     C   23       -0.328480        0.484089        0.094640
     C   23       -0.223297        0.094640       -0.208892

     Cl  24        0.122670        0.596577        0.227457
     Cl  24        0.596577        2.364911       -1.080876
     Cl  24        0.227457       -1.080876       -2.487581


     NQR/NMR SPECTROSCOPIC PARAMETERS:
     Cl   1    Vxx=    0.2016    axis=(  0.984356  0.176173  0.002565)
     Cl   1    Vyy=    2.4158    axis=( -0.176165  0.983843  0.031913)
     Cl   1    Vzz=   -2.6173    axis=(  0.003099 -0.031866  0.999487)
     Cl   1  Q=        -8.1650 1e-30 m^2  Cq=        50.2123 MHz  eta= 0.84597

     C    2    Vxx=   -0.0338    axis=( -0.168079 -0.380334  0.909448)
     C    2    Vyy=   -0.7888    axis=( -0.978441  0.176684 -0.106940)
     C    2    Vzz=    0.8226    axis=( -0.120012 -0.907815 -0.401831)
     C    2  Q=         1.0000 1e-30 m^2  Cq=         1.9329 MHz  eta= 0.91776

     C    3    Vxx=    0.1534    axis=( -0.838733 -0.489078 -0.239437)
     C    3    Vyy=    0.2921    axis=(  0.390611 -0.846719  0.361235)
     C    3    Vzz=   -0.4455    axis=( -0.379408  0.209453  0.901210)
     C    3  Q=         1.0000 1e-30 m^2  Cq=        -1.0467 MHz  eta= 0.31138

     H    4    Vxx=    0.0188    axis=( -0.591978  0.092274  0.800654)
     H    4    Vyy=    0.6272    axis=( -0.784388 -0.294237 -0.546041)
     H    4    Vzz=   -0.6459    axis=( -0.185196  0.951268 -0.246561)
     H    4  Q=         1.0000 1e-30 m^2  Cq=        -1.5177 MHz  eta= 0.94194

     C    5    Vxx=   -0.0177    axis=( -0.213706 -0.534282  0.817846)
     C    5    Vyy=   -1.0277    axis=( -0.976619  0.096825 -0.191940)
     C    5    Vzz=    1.0454    axis=(  0.023362 -0.839742 -0.542482)
     C    5  Q=         1.0000 1e-30 m^2  Cq=         2.4562 MHz  eta= 0.96610

     H    6    Vxx=    0.0071    axis=( -0.309332 -0.204990  0.928597)
     H    6    Vyy=    0.1147    axis=( -0.059308  0.978748  0.196304)
     H    6    Vzz=   -0.1217    axis=( -0.949103  0.005650 -0.314915)
     H    6  Q=         1.0000 1e-30 m^2  Cq=        -0.2860 MHz  eta= 0.88365

     H    7    Vxx=   -0.0373    axis=(  0.953318  0.220166  0.206669)
     H    7    Vyy=   -0.8646    axis=(  0.301343 -0.649610 -0.697996)
     H    7    Vzz=    0.9019    axis=(  0.019421 -0.727691  0.685630)
     H    7  Q=         1.0000 1e-30 m^2  Cq=         2.1191 MHz  eta= 0.91727

     C    8    Vxx=    0.0764    axis=( -0.465210  0.668066 -0.580748)
     C    8    Vyy=    0.3287    axis=( -0.864759 -0.483164  0.136908)
     C    8    Vzz=   -0.4051    axis=( -0.189134  0.565898  0.802489)
     C    8  Q=         1.0000 1e-30 m^2  Cq=        -0.9518 MHz  eta= 0.62285

     H    9    Vxx=   -0.1096    axis=(  0.435322  0.834003 -0.339019)
     H    9    Vyy=   -0.7774    axis=( -0.331406  0.498583  0.800990)
     H    9    Vzz=    0.8870    axis=(  0.837057 -0.236336  0.493438)
     H    9  Q=         1.0000 1e-30 m^2  Cq=         2.0841 MHz  eta= 0.75286

     C   10    Vxx=    0.3073    axis=(  0.801224  0.596153 -0.051395)
     C   10    Vyy=    0.4205    axis=( -0.527438  0.663079 -0.531164)
     C   10    Vzz=   -0.7278    axis=( -0.282576  0.452690  0.845708)
     C   10  Q=         1.0000 1e-30 m^2  Cq=        -1.7101 MHz  eta= 0.15547

     C   11    Vxx=    0.0136    axis=( -0.804333  0.499807 -0.321313)
     C   11    Vyy=    0.4378    axis=(  0.557226  0.822235 -0.115888)
     C   11    Vzz=   -0.4514    axis=( -0.206273  0.272256  0.939855)
     C   11  Q=         1.0000 1e-30 m^2  Cq=        -1.0605 MHz  eta= 0.93990

     Cl  12    Vxx=   -0.0408    axis=(  0.830825  0.532142 -0.162955)
     Cl  12    Vyy=   -1.6404    axis=( -0.542247  0.708099 -0.452287)
     Cl  12    Vzz=    1.6812    axis=( -0.125293  0.464133  0.876859)
     Cl  12  Q=        -8.1650 1e-30 m^2  Cq=       -32.2523 MHz  eta= 0.95149

     H   13    Vxx=   -0.0372    axis=(  0.833790 -0.344785  0.431181)
     H   13    Vyy=   -0.3981    axis=(  0.506923  0.168759 -0.845310)
     H   13    Vzz=    0.4353    axis=(  0.218684  0.923387  0.315489)
     H   13  Q=         1.0000 1e-30 m^2  Cq=         1.0228 MHz  eta= 0.82902

     C   14    Vxx=    0.1952    axis=(  0.197761 -0.053243  0.978803)
     C   14    Vyy=    0.4338    axis=(  0.742006 -0.644371 -0.184969)
     C   14    Vzz=   -0.6290    axis=( -0.640560 -0.762857  0.087925)
     C   14  Q=         1.0000 1e-30 m^2  Cq=        -1.4779 MHz  eta= 0.37920

     H   15    Vxx=   -0.1108    axis=(  0.064370 -0.996812  0.047144)
     H   15    Vyy=   -0.6505    axis=(  0.543468 -0.004605 -0.839417)
     H   15    Vzz=    0.7614    axis=(  0.836958  0.079655  0.541439)
     H   15  Q=         1.0000 1e-30 m^2  Cq=         1.7889 MHz  eta= 0.70885

     C   16    Vxx=   -0.2019    axis=( -0.313606 -0.538004  0.782434)
     C   16    Vyy=   -0.4307    axis=( -0.949463  0.166340 -0.266177)
     C   16    Vzz=    0.6325    axis=(  0.013055 -0.826367 -0.562980)
     C   16  Q=         1.0000 1e-30 m^2  Cq=         1.4862 MHz  eta= 0.36173

     C   17    Vxx=    0.2619    axis=(  0.032432  0.119901  0.992256)
     C   17    Vyy=    0.4514    axis=(  0.857770 -0.512911  0.033942)
     C   17    Vzz=   -0.7134    axis=(  0.513009  0.850027 -0.119482)
     C   17  Q=         1.0000 1e-30 m^2  Cq=        -1.6762 MHz  eta= 0.26563

     Cl  18    Vxx=   -0.7929    axis=( -0.703217  0.604009 -0.375046)
     Cl  18    Vyy=   -1.3333    axis=(  0.669731  0.739816 -0.064287)
     Cl  18    Vzz=    2.1262    axis=( -0.238635  0.296387  0.924775)
     Cl  18  Q=        -8.1650 1e-30 m^2  Cq=       -40.7892 MHz  eta= 0.25417

     H   19    Vxx=   -0.0858    axis=(  0.563310 -0.011979 -0.826159)
     H   19    Vyy=   -0.4186    axis=(  0.815573  0.168253  0.553653)
     H   19    Vzz=    0.5045    axis=( -0.132372  0.985671 -0.104548)
     H   19  Q=         1.0000 1e-30 m^2  Cq=         1.1853 MHz  eta= 0.65966

     C   20    Vxx=   -0.0448    axis=(  0.618862 -0.325627  0.714826)
     C   20    Vyy=   -0.5129    axis=( -0.761695 -0.471112  0.444831)
     C   20    Vzz=    0.5577    axis=( -0.191914  0.819768  0.539582)
     C   20  Q=         1.0000 1e-30 m^2  Cq=         1.3103 MHz  eta= 0.83941

     H   21    Vxx=   -0.0503    axis=( -0.207315 -0.647396 -0.733416)
     H   21    Vyy=   -0.5423    axis=( -0.671933 -0.450647  0.587728)
     H   21    Vzz=    0.5926    axis=( -0.711004  0.614651 -0.341580)
     H   21  Q=         1.0000 1e-30 m^2  Cq=         1.3923 MHz  eta= 0.83020

     C   22    Vxx=    0.1018    axis=( -0.775851  0.308609  0.550288)
     C   22    Vyy=    0.7158    axis=( -0.482464 -0.852240 -0.202278)
     C   22    Vzz=   -0.8176    axis=(  0.406552 -0.422431  0.810103)
     C   22  Q=         1.0000 1e-30 m^2  Cq=        -1.9210 MHz  eta= 0.75108

     C   23    Vxx=   -0.1304    axis=(  0.442159  0.362713 -0.820326)
     C   23    Vyy=   -0.5100    axis=(  0.815420  0.218409  0.536085)
     C   23    Vzz=    0.6404    axis=(  0.373612 -0.905945 -0.199193)
     C   23  Q=         1.0000 1e-30 m^2  Cq=         1.5046 MHz  eta= 0.59280

     Cl  24    Vxx=    0.0529    axis=(  0.971217 -0.175123  0.161463)
     Cl  24    Vyy=    2.7070    axis=(  0.204824  0.960024 -0.190791)
     Cl  24    Vzz=   -2.7599    axis=( -0.121596  0.218371  0.968261)
     Cl  24  Q=        -8.1650 1e-30 m^2  Cq=        52.9476 MHz  eta= 0.96166

     Initialization:
     gipaw_setup  :      9.08s CPU     10.70s WALL (       1 calls)

     Linear response

     Apply operators

     Induced current

     Other routines
     efg          :      9.17s CPU     11.70s WALL (       1 calls)

     General routines
     calbec       :      3.24s CPU      4.38s WALL (      16 calls)
     fft          :      1.32s CPU      1.52s WALL (      15 calls)
     ffts         :      0.04s CPU      0.04s WALL (       2 calls)
     fftw         :      3.24s CPU      3.84s WALL (     672 calls)
     davcio       :      0.03s CPU      0.35s WALL (      32 calls)

     Parallel routines
     fft_scatter  :      1.90s CPU      2.62s WALL (     689 calls)

     Plugins

     GIPAW        :     60.66s CPU     71.99s WALL (       1 calls)
