
     Program QE v.6.0 (svn rev. 13079) starts on 24Jan2017 at 12:20:53 

     This program is part of the open-source Quantum ESPRESSO suite
     for quantum simulation of materials; please cite
         "P. Giannozzi et al., J. Phys.:Condens. Matter 21 395502 (2009);
          URL http://www.quantum-espresso.org", 
     in publications or presentations arising from this work. More details at
     http://www.quantum-espresso.org/quote

     Parallel version (MPI), running on     8 processors
     R & G space division:  proc/nbgrp/npool/nimage =       8

     ***** This is GIPAW svn revision unknown      *****

     Parallelizing q-star over 1 images

     Reading data from directory:
     /users/majewski/paradichlorobenzene/pbe/9_constraint/scratch/pbe.ecut100.np8.dt60.pcl2phi-129368.save
     Message from routine read_xml_file:
     file /users/majewski/paradichlorobenzene/pbe/9_constraint/scratch/pbe.ecut100.np8.dt60.pcl2phi-129368.save not guaranteed to be safe for post-processing

   Info: using nr1, nr2, nr3 values from input

   Info: using nr1, nr2, nr3 values from input

     IMPORTANT: XC functional enforced from input :
     Exchange-correlation      =  SLA  PW   PBX  PBC ( 1  4  3  4 0 0)
     Any further DFT definition will be discarded
     Please, verify this is what you really want

               file C.pbe-n-kjpaw_psl.1.0.0.UPF: wavefunction(s)  2S 2P renormalized
               file Cl.pbe-n-kjpaw_psl.1.0.0.UPF: wavefunction(s)  3S 3P renormalized
               file H.pbe-kjpaw_psl.1.0.0.UPF: wavefunction(s)  1S renormalized

     Parallelization info
     --------------------
     sticks:   dense  smooth     PW     G-vecs:    dense   smooth      PW
     Min        3057    1223    332               144436    36536    5170
     Max        3059    1225    333               144437    36537    5171
     Sum       24467    9791   2657              1155489   292295   41363


     Subspace diagonalization in iterative solution of the eigenvalue problem:
     a serial algorithm will be used

     GIPAW projectors -----------------------------------------------
     atom=  C    l=0  rc=    1.2000  rs=    0.8000
     atom=  C    l=0  rc=    1.2000  rs=    0.8000
     atom=  C    l=1  rc=    1.4000  rs=    0.9333
     atom=  C    l=1  rc=    1.4000  rs=    0.9333
     projs nearly linearly dependent: l=1  n1,n2= 1, 2  s=  0.99951561

     atom=  Cl   l=0  rc=    1.6000  rs=    1.0667
     atom=  Cl   l=0  rc=    1.6000  rs=    1.0667
     atom=  Cl   l=1  rc=    1.6000  rs=    1.0667
     atom=  Cl   l=1  rc=    1.6000  rs=    1.0667
     atom=  Cl   l=2  rc=    1.6000  rs=    1.0667
     atom=  Cl   l=2  rc=    1.6000  rs=    1.0667
     projs nearly linearly dependent: l=2  n1,n2= 1, 2  s=  0.99993509

     atom=  H    l=0  rc=    1.0000  rs=    0.6667
     atom=  H    l=0  rc=    1.0000  rs=    0.6667
     projs nearly linearly dependent: l=0  n1,n2= 1, 2  s=  0.99968852
     -----------------------------------------------------------------

     GIPAW integrals: -------------------------------------------
     Atom  i/j   nmr_para   nmr_dia   epr_rmc  epr_para   epr_dia
       C   1 1   0.83E+03  0.17E-01  0.93E+01  0.24E+08  0.24E+03
       C   2 1   0.86E+03 -0.61E-01  0.94E+01  0.25E+08  0.25E+03
       C   2 2   0.90E+03 -0.15E+00  0.97E+01  0.26E+08  0.26E+03
       C   3 3   0.33E+01  0.34E+00  0.18E+01  0.55E+03  0.21E+02
       C   4 3   0.35E+01  0.37E+00  0.20E+01  0.59E+03  0.22E+02
       C   4 4   0.38E+01  0.39E+00  0.22E+01  0.63E+03  0.24E+02
       Cl  1 1   0.14E+04 -0.47E+00  0.84E+01  0.32E+09  0.42E+03
       Cl  2 1   0.21E+04 -0.37E+00  0.12E+02  0.49E+09  0.65E+03
       Cl  2 2   0.33E+04 -0.16E+00  0.21E+02  0.76E+09  0.10E+04
       Cl  3 3   0.21E+02  0.79E-01  0.89E+01  0.23E+05  0.13E+03
       Cl  4 3   0.24E+02  0.67E-01  0.99E+01  0.27E+05  0.15E+03
       Cl  4 4   0.28E+02  0.44E-01  0.11E+02  0.32E+05  0.18E+03
       Cl  5 5   0.77E+00  0.19E+00  0.18E+01  0.12E+03  0.22E+02
       Cl  6 5   0.80E+00  0.19E+00  0.19E+01  0.12E+03  0.23E+02
       Cl  6 6   0.83E+00  0.20E+00  0.19E+01  0.12E+03  0.23E+02
       H   1 1   0.39E+02  0.19E+00  0.29E+00  0.78E+05  0.13E+02
       H   2 1   0.41E+02  0.21E+00  0.32E+00  0.82E+05  0.14E+02
       H   2 2   0.43E+02  0.22E+00  0.36E+00  0.86E+05  0.15E+02
     ------------------------------------------------------------

     alpha_pv=     34.2597 eV

     Number of occupied bands for each k-point:
     k-point:     1    nbnd_occ=  42
     k-point:     2    nbnd_occ=  42
     k-point:     3    nbnd_occ=  42
     k-point:     4    nbnd_occ=  42
     k-point:     5    nbnd_occ=  42
     k-point:     6    nbnd_occ=  42
     k-point:     7    nbnd_occ=  42
     k-point:     8    nbnd_occ=  42
     k-point:     9    nbnd_occ=  42
     k-point:    10    nbnd_occ=  42
     k-point:    11    nbnd_occ=  42
     k-point:    12    nbnd_occ=  42
     k-point:    13    nbnd_occ=  42
     k-point:    14    nbnd_occ=  42
     k-point:    15    nbnd_occ=  42
     k-point:    16    nbnd_occ=  42


     q-space interpolation up to   110.00 Rydberg

     GIPAW job: efg                                                                             


     ELECTRIC FIELD GRADIENTS TENSORS IN Hartree/bohrradius^2:

     ----- bare term -----
     Cl   1       -0.221143        0.156310        0.063516
     Cl   1        0.156310       -0.002535       -0.161043
     Cl   1        0.063516       -0.161043        0.223678

     C    2       -0.049497       -0.176613       -0.321917
     C    2       -0.176613        0.060271       -0.723111
     C    2       -0.321917       -0.723111       -0.010774

     C    3       -0.533123        0.333111       -0.234670
     C    3        0.333111        0.133977       -0.273528
     C    3       -0.234670       -0.273528        0.399146

     H    4       -0.121728       -0.208884       -0.409541
     H    4       -0.208884       -0.001889       -0.436705
     H    4       -0.409541       -0.436705        0.123617

     C    5       -0.148548        0.162433       -0.199400
     C    5        0.162433       -0.206788       -0.318030
     C    5       -0.199400       -0.318030        0.355336

     H    6        0.443110       -0.131984       -0.124485
     H    6       -0.131984       -0.279229       -0.637809
     H    6       -0.124485       -0.637809       -0.163881

     H    7        0.468551        0.149824        0.010264
     H    7        0.149824       -0.588527        0.229238
     H    7        0.010264        0.229238        0.119976

     C    8       -0.703996       -0.317934       -0.417254
     C    8       -0.317934        0.198188        0.122941
     C    8       -0.417254        0.122941        0.505808

     H    9       -0.582083        0.262700       -0.126635
     H    9        0.262700        0.390989        0.146139
     H    9       -0.126635        0.146139        0.191094

     C   10       -0.036166       -0.076926       -0.283800
     C   10       -0.076926       -0.403222        0.457258
     C   10       -0.283800        0.457258        0.439389

     C   11       -0.577419       -0.354185       -0.383079
     C   11       -0.354185        0.297603        0.267001
     C   11       -0.383079        0.267001        0.279816

     Cl  12       -0.022980        0.010035       -0.031936
     Cl  12        0.010035        0.140593        0.018078
     Cl  12       -0.031936        0.018078       -0.117613

     H   13        0.525395        0.051666       -0.116702
     H   13        0.051666       -0.000593       -0.168470
     H   13       -0.116702       -0.168470       -0.524802

     C   14       -0.493202        0.271910       -0.082092
     C   14        0.271910        0.254216       -0.052933
     C   14       -0.082092       -0.052933        0.238986

     H   15        0.020014        0.096786       -0.501650
     H   15        0.096786        0.014493        0.222129
     H   15       -0.501650        0.222129       -0.034507

     C   16        0.142613        0.088723       -0.162173
     C   16        0.088723       -0.080802       -0.589218
     C   16       -0.162173       -0.589218       -0.061811

     C   17       -0.757280        0.401598       -0.372592
     C   17        0.401598        0.364036       -0.050780
     C   17       -0.372592       -0.050780        0.393244

     Cl  18       -0.051474       -0.008376        0.045860
     Cl  18       -0.008376       -0.039486        0.066102
     Cl  18        0.045860        0.066102        0.090960

     H   19        0.429156        0.242860        0.043635
     H   19        0.242860       -0.740042       -0.117077
     H   19        0.043635       -0.117077        0.310886

     C   20       -0.178721       -0.087075       -0.239071
     C   20       -0.087075        0.018850        0.502458
     C   20       -0.239071        0.502458        0.159872

     H   21       -0.165728        0.409323       -0.354115
     H   21        0.409323       -0.185707        0.204152
     H   21       -0.354115        0.204152        0.351435

     C   22       -0.472882       -0.310418       -0.155601
     C   22       -0.310418        0.119786        0.324882
     C   22       -0.155601        0.324882        0.353096

     C   23       -0.036287       -0.019664       -0.251149
     C   23       -0.019664        0.063845        0.691677
     C   23       -0.251149        0.691677       -0.027558

     Cl  24       -0.219849       -0.285805       -0.014821
     Cl  24       -0.285805        0.195043        0.032693
     Cl  24       -0.014821        0.032693        0.024806

     ----- ionic term -----
     Cl   1        0.092483       -0.192513       -0.002975
     Cl   1       -0.192513        0.043564        0.011049
     Cl   1       -0.002975        0.011049       -0.136047

     C    2        0.093082       -0.213525        0.290397
     C    2       -0.213525        0.041112        0.454144
     C    2        0.290397        0.454144       -0.134194

     C    3        0.106238       -0.293371        0.136421
     C    3       -0.293371        0.114698        0.497581
     C    3        0.136421        0.497581       -0.220936

     H    4        0.517896        0.297556        0.721157
     H    4        0.297556       -0.453343        0.284092
     H    4        0.721157        0.284092       -0.064553

     C    5        0.294652       -0.260443        0.216145
     C    5       -0.260443       -0.012988        0.348722
     C    5        0.216145        0.348722       -0.281664

     H    6       -0.518298        0.114969        0.089483
     H    6        0.114969        0.535617        0.786416
     H    6        0.089483        0.786416       -0.017320

     H    7       -0.512090       -0.116698        0.032480
     H    7       -0.116698        0.929331       -0.464502
     H    7        0.032480       -0.464502       -0.417241

     C    8        0.325527        0.106871        0.171732
     C    8        0.106871        0.158165       -0.260369
     C    8        0.171732       -0.260369       -0.483692

     H    9        0.645132       -0.425070        0.572520
     H    9       -0.425070       -0.314200       -0.257550
     H    9        0.572520       -0.257550       -0.330933

     C   10        0.205333        0.159988        0.144871
     C   10        0.159988        0.251329       -0.325892
     C   10        0.144871       -0.325892       -0.456662

     C   11        0.309271        0.130922        0.249438
     C   11        0.130922        0.161865       -0.313575
     C   11        0.249438       -0.313575       -0.471136

     Cl  12        0.172830        0.226040        0.013379
     Cl  12        0.226040       -0.005768       -0.001158
     Cl  12        0.013379       -0.001158       -0.167062

     H   13       -0.514877        0.144841        0.131558
     H   13        0.144841        0.511000        0.782444
     H   13        0.131558        0.782444        0.003876

     C   14        0.242258       -0.201571        0.270829
     C   14       -0.201571       -0.070261        0.344489
     C   14        0.270829        0.344489       -0.171997

     H   15        0.466747        0.218402        0.734151
     H   15        0.218402       -0.478516        0.232611
     H   15        0.734151        0.232611        0.011769

     C   16        0.115468       -0.255447        0.137837
     C   16       -0.255447        0.024232        0.452430
     C   16        0.137837        0.452430       -0.139700

     C   17        0.224732       -0.227028        0.198726
     C   17       -0.227028       -0.055127        0.448304
     C   17        0.198726        0.448304       -0.169605

     Cl  18        0.151080       -0.232018       -0.039491
     Cl  18       -0.232018       -0.018672        0.023630
     Cl  18       -0.039491        0.023630       -0.132409

     H   19       -0.501113       -0.148766        0.069173
     H   19       -0.148766        0.874893       -0.517718
     H   19        0.069173       -0.517718       -0.373780

     C   20        0.351557        0.134972        0.236287
     C   20        0.134972        0.106236       -0.264659
     C   20        0.236287       -0.264659       -0.457793

     H   21        0.436504       -0.264016        0.741929
     H   21       -0.264016       -0.432110       -0.286676
     H   21        0.741929       -0.286676       -0.004395

     C   22        0.115030        0.211094        0.192152
     C   22        0.211094        0.245450       -0.406485
     C   22        0.192152       -0.406485       -0.360480

     C   23        0.234408        0.087945        0.212998
     C   23        0.087945        0.210917       -0.393870
     C   23        0.212998       -0.393870       -0.445325

     Cl  24        0.155765        0.197746        0.018729
     Cl  24        0.197746        0.008094        0.000776
     Cl  24        0.018729        0.000776       -0.163860

     ----- GIPAW term -----
     Cl   1       -0.086598       -1.738645        0.515925
     Cl   1       -1.738645        0.093970       -1.479576
     Cl   1        0.515925       -1.479576       -0.007372

     C    2       -0.065147       -0.120248       -0.038200
     C    2       -0.120248        0.210522       -0.188441
     C    2       -0.038200       -0.188441       -0.145375

     C    3       -0.164977       -0.050306       -0.049833
     C    3       -0.050306        0.201886       -0.005379
     C    3       -0.049833       -0.005379       -0.036909

     H    4       -0.000000        0.000000        0.000000
     H    4        0.000000        0.000000        0.000000
     H    4        0.000000        0.000000        0.000000

     C    5       -0.102448        0.035733       -0.005363
     C    5        0.035733        0.036073        0.103897
     C    5       -0.005363        0.103897        0.066375

     H    6       -0.000000        0.000000        0.000000
     H    6        0.000000        0.000000        0.000000
     H    6        0.000000        0.000000        0.000000

     H    7       -0.000000        0.000000        0.000000
     H    7        0.000000        0.000000        0.000000
     H    7        0.000000        0.000000        0.000000

     C    8       -0.173601       -0.012849       -0.084962
     C    8       -0.012849        0.106585       -0.093576
     C    8       -0.084962       -0.093576        0.067016

     H    9       -0.000000        0.000000        0.000000
     H    9        0.000000        0.000000        0.000000
     H    9        0.000000        0.000000        0.000000

     C   10       -0.066244        0.063050       -0.121590
     C   10        0.063050       -0.062458       -0.061611
     C   10       -0.121590       -0.061611        0.128702

     C   11       -0.145730        0.001393       -0.057217
     C   11        0.001393        0.285193        0.044245
     C   11       -0.057217        0.044245       -0.139463

     Cl  12        0.902564        2.008034       -0.205585
     Cl  12        2.008034        1.409577        0.202062
     Cl  12       -0.205585        0.202062       -2.312142

     H   13       -0.000000        0.000000        0.000000
     H   13        0.000000        0.000000        0.000000
     H   13        0.000000        0.000000        0.000000

     C   14       -0.094337        0.004632        0.011059
     C   14        0.004632        0.102802       -0.055241
     C   14        0.011059       -0.055241       -0.008465

     H   15       -0.000000        0.000000        0.000000
     H   15        0.000000        0.000000        0.000000
     H   15        0.000000        0.000000        0.000000

     C   16       -0.084754       -0.003851       -0.013374
     C   16       -0.003851        0.223985       -0.075130
     C   16       -0.013374       -0.075130       -0.139232

     C   17       -0.184897       -0.001065       -0.038398
     C   17       -0.001065        0.265602        0.142581
     C   17       -0.038398        0.142581       -0.080705

     Cl  18       -0.450208       -1.711995        0.021306
     Cl  18       -1.711995       -0.428567        1.859948
     Cl  18        0.021306        1.859948        0.878775

     H   19       -0.000000        0.000000        0.000000
     H   19        0.000000        0.000000        0.000000
     H   19        0.000000        0.000000        0.000000

     C   20       -0.105095       -0.053947       -0.039046
     C   20       -0.053947        0.185040        0.211044
     C   20       -0.039046        0.211044       -0.079944

     H   21       -0.000000        0.000000        0.000000
     H   21        0.000000        0.000000        0.000000
     H   21        0.000000        0.000000        0.000000

     C   22       -0.167628       -0.085244       -0.059520
     C   22       -0.085244        0.166502        0.164932
     C   22       -0.059520        0.164932        0.001126

     C   23       -0.052928        0.014431       -0.048683
     C   23        0.014431        0.238444        0.158712
     C   23       -0.048683        0.158712       -0.185516

     Cl  24       -0.470256       -0.036675       -0.209341
     Cl  24       -0.036675        2.615011        0.321189
     Cl  24       -0.209341        0.321189       -2.144755

     ----- total EFG -----
     Cl   1       -0.215258       -1.774848        0.576465
     Cl   1       -1.774848        0.135000       -1.629571
     Cl   1        0.576465       -1.629571        0.080259

     C    2       -0.021562       -0.510385       -0.069719
     C    2       -0.510385        0.311905       -0.457408
     C    2       -0.069719       -0.457408       -0.290343

     C    3       -0.591861       -0.010566       -0.148083
     C    3       -0.010566        0.450561        0.218674
     C    3       -0.148083        0.218674        0.141301

     H    4        0.396168        0.088672        0.311616
     H    4        0.088672       -0.455233       -0.152613
     H    4        0.311616       -0.152613        0.059064

     C    5        0.043656       -0.062277        0.011382
     C    5       -0.062277       -0.183703        0.134589
     C    5        0.011382        0.134589        0.140046

     H    6       -0.075188       -0.017015       -0.035002
     H    6       -0.017015        0.256388        0.148607
     H    6       -0.035002        0.148607       -0.181201

     H    7       -0.043539        0.033126        0.042745
     H    7        0.033126        0.340803       -0.235264
     H    7        0.042745       -0.235264       -0.297265

     C    8       -0.552069       -0.223912       -0.330483
     C    8       -0.223912        0.462938       -0.231003
     C    8       -0.330483       -0.231003        0.089132

     H    9        0.063049       -0.162369        0.445884
     H    9       -0.162369        0.076789       -0.111411
     H    9        0.445884       -0.111411       -0.139838

     C   10        0.102923        0.146112       -0.260519
     C   10        0.146112       -0.214351        0.069755
     C   10       -0.260519        0.069755        0.111429

     C   11       -0.413878       -0.221869       -0.190858
     C   11       -0.221869        0.744661       -0.002330
     C   11       -0.190858       -0.002330       -0.330783

     Cl  12        1.052414        2.244108       -0.224142
     Cl  12        2.244108        1.544402        0.218981
     Cl  12       -0.224142        0.218981       -2.596817

     H   13        0.010518        0.196508        0.014856
     H   13        0.196508        0.510407        0.613974
     H   13        0.014856        0.613974       -0.520925

     C   14       -0.345280        0.074971        0.199796
     C   14        0.074971        0.286757        0.236316
     C   14        0.199796        0.236316        0.058523

     H   15        0.486760        0.315188        0.232501
     H   15        0.315188       -0.464023        0.454740
     H   15        0.232501        0.454740       -0.022738

     C   16        0.173327       -0.170575       -0.037709
     C   16       -0.170575        0.167416       -0.211919
     C   16       -0.037709       -0.211919       -0.340743

     C   17       -0.717446        0.173505       -0.212264
     C   17        0.173505        0.574511        0.540105
     C   17       -0.212264        0.540105        0.142934

     Cl  18       -0.350602       -1.952390        0.027674
     Cl  18       -1.952390       -0.486724        1.949679
     Cl  18        0.027674        1.949679        0.837326

     H   19       -0.071957        0.094093        0.112807
     H   19        0.094093        0.134851       -0.634795
     H   19        0.112807       -0.634795       -0.062895

     C   20        0.067741       -0.006051       -0.041830
     C   20       -0.006051        0.310125        0.448843
     C   20       -0.041830        0.448843       -0.377866

     H   21        0.270776        0.145307        0.387815
     H   21        0.145307       -0.617817       -0.082525
     H   21        0.387815       -0.082525        0.347041

     C   22       -0.525480       -0.184568       -0.022969
     C   22       -0.184568        0.531738        0.083330
     C   22       -0.022969        0.083330       -0.006258

     C   23        0.145193        0.082711       -0.086834
     C   23        0.082711        0.513206        0.456519
     C   23       -0.086834        0.456519       -0.658399

     Cl  24       -0.534339       -0.124734       -0.205434
     Cl  24       -0.124734        2.818148        0.354658
     Cl  24       -0.205434        0.354658       -2.283809

     ----- total EFG (symmetrized) -----
     Cl   1       -0.215258       -1.774848        0.576465
     Cl   1       -1.774848        0.135000       -1.629571
     Cl   1        0.576465       -1.629571        0.080259

     C    2       -0.021562       -0.510385       -0.069719
     C    2       -0.510385        0.311905       -0.457408
     C    2       -0.069719       -0.457408       -0.290343

     C    3       -0.591861       -0.010566       -0.148083
     C    3       -0.010566        0.450561        0.218674
     C    3       -0.148083        0.218674        0.141301

     H    4        0.396168        0.088672        0.311616
     H    4        0.088672       -0.455233       -0.152613
     H    4        0.311616       -0.152613        0.059064

     C    5        0.043656       -0.062277        0.011382
     C    5       -0.062277       -0.183703        0.134589
     C    5        0.011382        0.134589        0.140046

     H    6       -0.075188       -0.017015       -0.035002
     H    6       -0.017015        0.256388        0.148607
     H    6       -0.035002        0.148607       -0.181201

     H    7       -0.043539        0.033126        0.042745
     H    7        0.033126        0.340803       -0.235264
     H    7        0.042745       -0.235264       -0.297265

     C    8       -0.552069       -0.223912       -0.330483
     C    8       -0.223912        0.462938       -0.231003
     C    8       -0.330483       -0.231003        0.089132

     H    9        0.063049       -0.162369        0.445884
     H    9       -0.162369        0.076789       -0.111411
     H    9        0.445884       -0.111411       -0.139838

     C   10        0.102923        0.146112       -0.260519
     C   10        0.146112       -0.214351        0.069755
     C   10       -0.260519        0.069755        0.111429

     C   11       -0.413878       -0.221869       -0.190858
     C   11       -0.221869        0.744661       -0.002330
     C   11       -0.190858       -0.002330       -0.330783

     Cl  12        1.052414        2.244108       -0.224142
     Cl  12        2.244108        1.544402        0.218981
     Cl  12       -0.224142        0.218981       -2.596817

     H   13        0.010518        0.196508        0.014856
     H   13        0.196508        0.510407        0.613974
     H   13        0.014856        0.613974       -0.520925

     C   14       -0.345280        0.074971        0.199796
     C   14        0.074971        0.286757        0.236316
     C   14        0.199796        0.236316        0.058523

     H   15        0.486760        0.315188        0.232501
     H   15        0.315188       -0.464023        0.454740
     H   15        0.232501        0.454740       -0.022738

     C   16        0.173327       -0.170575       -0.037709
     C   16       -0.170575        0.167416       -0.211919
     C   16       -0.037709       -0.211919       -0.340743

     C   17       -0.717446        0.173505       -0.212264
     C   17        0.173505        0.574511        0.540105
     C   17       -0.212264        0.540105        0.142934

     Cl  18       -0.350602       -1.952390        0.027674
     Cl  18       -1.952390       -0.486724        1.949679
     Cl  18        0.027674        1.949679        0.837326

     H   19       -0.071957        0.094093        0.112807
     H   19        0.094093        0.134851       -0.634795
     H   19        0.112807       -0.634795       -0.062895

     C   20        0.067741       -0.006051       -0.041830
     C   20       -0.006051        0.310125        0.448843
     C   20       -0.041830        0.448843       -0.377866

     H   21        0.270776        0.145307        0.387815
     H   21        0.145307       -0.617817       -0.082525
     H   21        0.387815       -0.082525        0.347041

     C   22       -0.525480       -0.184568       -0.022969
     C   22       -0.184568        0.531738        0.083330
     C   22       -0.022969        0.083330       -0.006258

     C   23        0.145193        0.082711       -0.086834
     C   23        0.082711        0.513206        0.456519
     C   23       -0.086834        0.456519       -0.658399

     Cl  24       -0.534339       -0.124734       -0.205434
     Cl  24       -0.124734        2.818148        0.354658
     Cl  24       -0.205434        0.354658       -2.283809


     NQR/NMR SPECTROSCOPIC PARAMETERS:
     Cl   1    Vxx=   -0.6234    axis=(  0.650947 -0.094940 -0.753163)
     Cl   1    Vyy=   -2.1136    axis=( -0.561325 -0.728137 -0.393359)
     Cl   1    Vzz=    2.7370    axis=( -0.511060  0.678825 -0.527270)
     Cl   1  Q=        -8.1650 1e-30 m^2  Cq=       -52.5073 MHz  eta= 0.54447

     C    2    Vxx=   -0.0860    axis=( -0.731197 -0.182175  0.657392)
     C    2    Vyy=   -0.7053    axis=(  0.479294  0.548540  0.685114)
     C    2    Vzz=    0.7914    axis=(  0.485416 -0.816037  0.313775)
     C    2  Q=         1.0000 1e-30 m^2  Cq=         1.8594 MHz  eta= 0.78256

     C    3    Vxx=    0.0526    axis=( -0.189445 -0.476669  0.858427)
     C    3    Vyy=    0.5691    axis=(  0.068300 -0.878538 -0.472764)
     C    3    Vzz=   -0.6216    axis=( -0.979513  0.030932 -0.198991)
     C    3  Q=         1.0000 1e-30 m^2  Cq=        -1.4605 MHz  eta= 0.83091

     H    4    Vxx=   -0.0498    axis=( -0.470489 -0.399158  0.786965)
     H    4    Vyy=   -0.5321    axis=( -0.202971  0.916880  0.343706)
     H    4    Vzz=    0.5819    axis=( -0.858745  0.001979 -0.512399)
     H    4  Q=         1.0000 1e-30 m^2  Cq=         1.3672 MHz  eta= 0.82874

     C    5    Vxx=    0.0563    axis=(  0.974495 -0.172036  0.144094)
     C    5    Vyy=    0.1895    axis=( -0.076375  0.349516  0.933812)
     C    5    Vzz=   -0.2458    axis=( -0.211013 -0.921001  0.327462)
     C    5  Q=         1.0000 1e-30 m^2  Cq=        -0.5776 MHz  eta= 0.54168

     H    6    Vxx=   -0.0719    axis=(  0.981182  0.119519 -0.151646)
     H    6    Vyy=   -0.2321    axis=( -0.179893  0.280559 -0.942828)
     H    6    Vzz=    0.3040    axis=( -0.070140  0.952366  0.296780)
     H    6  Q=         1.0000 1e-30 m^2  Cq=         0.7142 MHz  eta= 0.52722

     H    7    Vxx=   -0.0366    axis=(  0.988064  0.009132  0.153773)
     H    7    Vyy=   -0.3823    axis=(  0.148913 -0.312102 -0.938305)
     H    7    Vzz=    0.4189    axis=(  0.039424  0.950005 -0.309737)
     H    7  Q=         1.0000 1e-30 m^2  Cq=         0.9842 MHz  eta= 0.82534

     C    8    Vxx=    0.1871    axis=( -0.465294  0.315003  0.827209)
     C    8    Vyy=    0.5773    axis=(  0.068513 -0.918914  0.388463)
     C    8    Vzz=   -0.7643    axis=(  0.882500  0.237424  0.405984)
     C    8  Q=         1.0000 1e-30 m^2  Cq=        -1.7959 MHz  eta= 0.51054

     H    9    Vxx=   -0.0123    axis=(  0.307236  0.909701  0.279374)
     H    9    Vyy=   -0.4961    axis=( -0.628016 -0.026747  0.777741)
     H    9    Vzz=    0.5083    axis=(  0.714984 -0.414402  0.563089)
     H    9  Q=         1.0000 1e-30 m^2  Cq=         1.1943 MHz  eta= 0.95175

     C   10    Vxx=   -0.0306    axis=( -0.496180 -0.623682 -0.604009)
     C   10    Vyy=   -0.3423    axis=(  0.488438 -0.775674  0.399697)
     C   10    Vzz=    0.3729    axis=( -0.717798 -0.096699  0.689503)
     C   10  Q=         1.0000 1e-30 m^2  Cq=         0.8761 MHz  eta= 0.83610

     C   11    Vxx=   -0.1955    axis=( -0.572123 -0.133013  0.809310)
     C   11    Vyy=   -0.5912    axis=(  0.798747  0.133686  0.586628)
     C   11    Vzz=    0.7867    axis=( -0.186223  0.982057  0.029759)
     C   11  Q=         1.0000 1e-30 m^2  Cq=         1.8483 MHz  eta= 0.50302

     Cl  12    Vxx=   -0.9013    axis=( -0.732624  0.655967  0.181575)
     Cl  12    Vyy=   -2.6547    axis=(  0.133786 -0.122783  0.983375)
     Cl  12    Vzz=    3.5560    axis=( -0.667356 -0.744736 -0.002194)
     Cl  12  Q=        -8.1650 1e-30 m^2  Cq=       -68.2198 MHz  eta= 0.49306

     H   13    Vxx=   -0.0247    axis=(  0.972059 -0.161330 -0.170510)
     H   13    Vyy=   -0.8131    axis=(  0.086330 -0.429776  0.898799)
     H   13    Vzz=    0.8378    axis=( -0.218284 -0.888406 -0.403840)
     H   13  Q=         1.0000 1e-30 m^2  Cq=         1.9685 MHz  eta= 0.94103

     C   14    Vxx=   -0.0435    axis=( -0.334240  0.597414 -0.728958)
     C   14    Vyy=   -0.4281    axis=( -0.918677 -0.033756  0.393565)
     C   14    Vzz=    0.4717    axis=(  0.210514  0.801222  0.560113)
     C   14  Q=         1.0000 1e-30 m^2  Cq=         1.1082 MHz  eta= 0.81538

     H   15    Vxx=    0.0026    axis=(  0.576528 -0.336276 -0.744670)
     H   15    Vyy=    0.7646    axis=( -0.807211 -0.375615 -0.455328)
     H   15    Vzz=   -0.7672    axis=( -0.126594  0.863616 -0.487998)
     H   15  Q=         1.0000 1e-30 m^2  Cq=        -1.8026 MHz  eta= 0.99320

     C   16    Vxx=    0.0679    axis=(  0.758654  0.547101 -0.353730)
     C   16    Vyy=    0.3649    axis=(  0.631342 -0.751380  0.191924)
     C   16    Vzz=   -0.4328    axis=(  0.160784  0.368929  0.915445)
     C   16  Q=         1.0000 1e-30 m^2  Cq=        -1.0168 MHz  eta= 0.68621

     C   17    Vxx=   -0.1019    axis=( -0.405138 -0.504760  0.762286)
     C   17    Vyy=   -0.8388    axis=( -0.914125  0.237726 -0.328423)
     C   17    Vzz=    0.9407    axis=( -0.015441 -0.829882 -0.557726)
     C   17  Q=         1.0000 1e-30 m^2  Cq=         2.2103 MHz  eta= 0.78338

     Cl  18    Vxx=    0.2382    axis=(  0.728812 -0.210559  0.651536)
     Cl  18    Vyy=    2.7273    axis=( -0.400515  0.640681  0.655069)
     Cl  18    Vzz=   -2.9655    axis=( -0.555357 -0.738372  0.382603)
     Cl  18  Q=        -8.1650 1e-30 m^2  Cq=        56.8908 MHz  eta= 0.83935

     H   19    Vxx=   -0.0343    axis=(  0.968594  0.163682  0.187175)
     H   19    Vyy=   -0.6442    axis=( -0.248635  0.629726  0.735952)
     H   19    Vzz=    0.6784    axis=(  0.002592 -0.759377  0.650646)
     H   19  Q=         1.0000 1e-30 m^2  Cq=         1.5940 MHz  eta= 0.89901

     C   20    Vxx=    0.0683    axis=(  0.997315  0.069232 -0.023853)
     C   20    Vyy=    0.5329    axis=(  0.051515 -0.894851 -0.443382)
     C   20    Vzz=   -0.6012    axis=( -0.052041  0.440963 -0.896015)
     C   20  Q=         1.0000 1e-30 m^2  Cq=        -1.4126 MHz  eta= 0.77271

     H   21    Vxx=   -0.0353    axis=( -0.704597 -0.268782  0.656734)
     H   21    Vyy=   -0.6644    axis=(  0.216629 -0.962783 -0.161622)
     H   21    Vzz=    0.6996    axis=(  0.675733  0.028389  0.736600)
     H   21  Q=         1.0000 1e-30 m^2  Cq=         1.6438 MHz  eta= 0.89919

     C   22    Vxx=   -0.0188    axis=(  0.008640 -0.146811  0.989127)
     C   22    Vyy=   -0.5569    axis=( -0.986006 -0.165939 -0.016017)
     C   22    Vzz=    0.5757    axis=(  0.166486 -0.975146 -0.146190)
     C   22  Q=         1.0000 1e-30 m^2  Cq=         1.3528 MHz  eta= 0.93460

     C   23    Vxx=    0.1526    axis=(  0.989169 -0.054194 -0.136411)
     C   23    Vyy=    0.6749    axis=(  0.095402  0.943650  0.316896)
     C   23    Vzz=   -0.8275    axis=(  0.111550 -0.326478  0.938599)
     C   23  Q=         1.0000 1e-30 m^2  Cq=        -1.9443 MHz  eta= 0.63110

     Cl  24    Vxx=   -0.5185    axis=(  0.993203  0.048381 -0.105863)
     Cl  24    Vyy=   -2.3299    axis=( -0.108922  0.065694 -0.991877)
     Cl  24    Vzz=    2.8484    axis=( -0.041033  0.996666  0.070517)
     Cl  24  Q=        -8.1650 1e-30 m^2  Cq=       -54.6447 MHz  eta= 0.63592

     Initialization:
     gipaw_setup  :      9.18s CPU     11.32s WALL (       1 calls)

     Linear response

     Apply operators

     Induced current

     Other routines
     efg          :      9.43s CPU     11.83s WALL (       1 calls)

     General routines
     calbec       :      3.24s CPU      4.28s WALL (      16 calls)
     fft          :      1.60s CPU      2.22s WALL (      15 calls)
     ffts         :      0.04s CPU      0.04s WALL (       2 calls)
     fftw         :      3.33s CPU      4.04s WALL (     672 calls)
     davcio       :      0.02s CPU      0.32s WALL (      32 calls)

     Parallel routines
     fft_scatter  :      2.14s CPU      3.24s WALL (     689 calls)

     Plugins

     GIPAW        :     61.45s CPU     74.78s WALL (       1 calls)
