
     Program QE v.6.0 (svn rev. 13079) starts on 30Dec2016 at 12: 5:17 

     This program is part of the open-source Quantum ESPRESSO suite
     for quantum simulation of materials; please cite
         "P. Giannozzi et al., J. Phys.:Condens. Matter 21 395502 (2009);
          URL http://www.quantum-espresso.org", 
     in publications or presentations arising from this work. More details at
     http://www.quantum-espresso.org/quote

     Parallel version (MPI), running on     8 processors
     R & G space division:  proc/nbgrp/npool/nimage =       8

     ***** This is GIPAW svn revision unknown      *****

     Parallelizing q-star over 1 images

     Reading data from directory:
     /users/majewski/paradichlorobenzene/pbe/9_constraint/scratch/pbe.ecut100.np8.dt60.pcl2phi-129368.save
     Message from routine read_xml_file:
     file /users/majewski/paradichlorobenzene/pbe/9_constraint/scratch/pbe.ecut100.np8.dt60.pcl2phi-129368.save not guaranteed to be safe for post-processing

   Info: using nr1, nr2, nr3 values from input

   Info: using nr1, nr2, nr3 values from input

     IMPORTANT: XC functional enforced from input :
     Exchange-correlation      =  SLA  PW   PBX  PBC ( 1  4  3  4 0 0)
     Any further DFT definition will be discarded
     Please, verify this is what you really want

               file C.pbe-n-kjpaw_psl.1.0.0.UPF: wavefunction(s)  2S 2P renormalized
               file Cl.pbe-n-kjpaw_psl.1.0.0.UPF: wavefunction(s)  3S 3P renormalized
               file H.pbe-kjpaw_psl.1.0.0.UPF: wavefunction(s)  1S renormalized

     Parallelization info
     --------------------
     sticks:   dense  smooth     PW     G-vecs:    dense   smooth      PW
     Min        3057    1223    332               144436    36536    5170
     Max        3059    1225    333               144437    36537    5171
     Sum       24467    9791   2657              1155489   292295   41363


     Subspace diagonalization in iterative solution of the eigenvalue problem:
     a serial algorithm will be used

     GIPAW projectors -----------------------------------------------
     atom=  C    l=0  rc=    1.2000  rs=    0.8000
     atom=  C    l=0  rc=    1.2000  rs=    0.8000
     atom=  C    l=1  rc=    1.4000  rs=    0.9333
     atom=  C    l=1  rc=    1.4000  rs=    0.9333
     projs nearly linearly dependent: l=1  n1,n2= 1, 2  s=  0.99951561

     atom=  Cl   l=0  rc=    1.6000  rs=    1.0667
     atom=  Cl   l=0  rc=    1.6000  rs=    1.0667
     atom=  Cl   l=1  rc=    1.6000  rs=    1.0667
     atom=  Cl   l=1  rc=    1.6000  rs=    1.0667
     atom=  Cl   l=2  rc=    1.6000  rs=    1.0667
     atom=  Cl   l=2  rc=    1.6000  rs=    1.0667
     projs nearly linearly dependent: l=2  n1,n2= 1, 2  s=  0.99993509

     atom=  H    l=0  rc=    1.0000  rs=    0.6667
     atom=  H    l=0  rc=    1.0000  rs=    0.6667
     projs nearly linearly dependent: l=0  n1,n2= 1, 2  s=  0.99968852
     -----------------------------------------------------------------

     GIPAW integrals: -------------------------------------------
     Atom  i/j   nmr_para   nmr_dia   epr_rmc  epr_para   epr_dia
       C   1 1   0.83E+03  0.17E-01  0.93E+01  0.24E+08  0.24E+03
       C   2 1   0.86E+03 -0.61E-01  0.94E+01  0.25E+08  0.25E+03
       C   2 2   0.90E+03 -0.15E+00  0.97E+01  0.26E+08  0.26E+03
       C   3 3   0.33E+01  0.34E+00  0.18E+01  0.55E+03  0.21E+02
       C   4 3   0.35E+01  0.37E+00  0.20E+01  0.59E+03  0.22E+02
       C   4 4   0.38E+01  0.39E+00  0.22E+01  0.63E+03  0.24E+02
       Cl  1 1   0.14E+04 -0.47E+00  0.84E+01  0.32E+09  0.42E+03
       Cl  2 1   0.21E+04 -0.37E+00  0.12E+02  0.49E+09  0.65E+03
       Cl  2 2   0.33E+04 -0.16E+00  0.21E+02  0.76E+09  0.10E+04
       Cl  3 3   0.21E+02  0.79E-01  0.89E+01  0.23E+05  0.13E+03
       Cl  4 3   0.24E+02  0.67E-01  0.99E+01  0.27E+05  0.15E+03
       Cl  4 4   0.28E+02  0.44E-01  0.11E+02  0.32E+05  0.18E+03
       Cl  5 5   0.77E+00  0.19E+00  0.18E+01  0.12E+03  0.22E+02
       Cl  6 5   0.80E+00  0.19E+00  0.19E+01  0.12E+03  0.23E+02
       Cl  6 6   0.83E+00  0.20E+00  0.19E+01  0.12E+03  0.23E+02
       H   1 1   0.39E+02  0.19E+00  0.29E+00  0.78E+05  0.13E+02
       H   2 1   0.41E+02  0.21E+00  0.32E+00  0.82E+05  0.14E+02
       H   2 2   0.43E+02  0.22E+00  0.36E+00  0.86E+05  0.15E+02
     ------------------------------------------------------------

     alpha_pv=     34.4136 eV

     Number of occupied bands for each k-point:
     k-point:     1    nbnd_occ=  42
     k-point:     2    nbnd_occ=  42
     k-point:     3    nbnd_occ=  42
     k-point:     4    nbnd_occ=  42
     k-point:     5    nbnd_occ=  42
     k-point:     6    nbnd_occ=  42
     k-point:     7    nbnd_occ=  42
     k-point:     8    nbnd_occ=  42
     k-point:     9    nbnd_occ=  42
     k-point:    10    nbnd_occ=  42
     k-point:    11    nbnd_occ=  42
     k-point:    12    nbnd_occ=  42
     k-point:    13    nbnd_occ=  42
     k-point:    14    nbnd_occ=  42
     k-point:    15    nbnd_occ=  42
     k-point:    16    nbnd_occ=  42


     q-space interpolation up to   110.00 Rydberg

     GIPAW job: efg                                                                             


     ELECTRIC FIELD GRADIENTS TENSORS IN Hartree/bohrradius^2:

     ----- bare term -----
     Cl   1       -0.243384        0.349648        0.030930
     Cl   1        0.349648        0.007067       -0.013558
     Cl   1        0.030930       -0.013558        0.236317

     C    2        0.006522       -0.215095       -0.359772
     C    2       -0.215095        0.035122       -0.686977
     C    2       -0.359772       -0.686977       -0.041644

     C    3       -0.584103        0.321657       -0.350759
     C    3        0.321657        0.165575       -0.068188
     C    3       -0.350759       -0.068188        0.418528

     H    4       -0.037626       -0.129152       -0.351582
     H    4       -0.129152        0.197760       -0.507950
     H    4       -0.351582       -0.507950       -0.160134

     C    5       -0.112140       -0.160491       -0.398233
     C    5       -0.160491       -0.196525       -0.315967
     C    5       -0.398233       -0.315967        0.308666

     H    6        0.388041        0.097006        0.202494
     H    6        0.097006       -0.129436       -0.603036
     H    6        0.202494       -0.603036       -0.258605

     H    7        0.422783        0.085040        0.094276
     H    7        0.085040       -0.356205        0.481934
     H    7        0.094276        0.481934       -0.066578

     C    8       -0.854784       -0.425878       -0.449008
     C    8       -0.425878        0.495884        0.044405
     C    8       -0.449008        0.044405        0.358900

     H    9        0.134618        0.010267       -0.403794
     H    9        0.010267        0.105189       -0.281534
     H    9       -0.403794       -0.281534       -0.239807

     C   10        0.262480       -0.187695        0.082019
     C   10       -0.187695       -0.240845        0.408802
     C   10        0.082019        0.408802       -0.021634

     C   11       -0.476049       -0.376484       -0.436368
     C   11       -0.376484        0.210980        0.053303
     C   11       -0.436368        0.053303        0.265069

     Cl  12        0.164284        0.225162        0.068167
     Cl  12        0.225162       -0.400384       -0.245164
     Cl  12        0.068167       -0.245164        0.236101

     H   13        0.442450        0.081246       -0.136837
     H   13        0.081246        0.111644       -0.103662
     H   13       -0.136837       -0.103662       -0.554094

     C   14       -0.555364        0.315364       -0.047969
     C   14        0.315364        0.255629       -0.104431
     C   14       -0.047969       -0.104431        0.299735

     H   15        0.054135        0.116364       -0.472736
     H   15        0.116364        0.042847        0.236928
     H   15       -0.472736        0.236928       -0.096983

     C   16        0.187642        0.000362       -0.226698
     C   16        0.000362       -0.113109       -0.547772
     C   16       -0.226698       -0.547772       -0.074533

     C   17       -0.766085        0.418792       -0.349324
     C   17        0.418792        0.294814       -0.041918
     C   17       -0.349324       -0.041918        0.471271

     Cl  18        0.005616       -0.147419       -0.031789
     Cl  18       -0.147419        0.120293        0.024955
     Cl  18       -0.031789        0.024955       -0.125909

     H   19        0.416174        0.231911       -0.094842
     H   19        0.231911       -0.601354        0.519970
     H   19       -0.094842        0.519970        0.185180

     C   20       -0.057083       -0.289544       -0.078539
     C   20       -0.289544       -0.097323        0.401766
     C   20       -0.078539        0.401766        0.154405

     H   21       -0.031219        0.362632       -0.420116
     H   21        0.362632       -0.075356        0.444318
     H   21       -0.420116        0.444318        0.106575

     C   22       -0.743436       -0.374165       -0.316863
     C   22       -0.374165        0.256117        0.006330
     C   22       -0.316863        0.006330        0.487319

     C   23       -0.000700       -0.005602       -0.226421
     C   23       -0.005602       -0.400227        0.354447
     C   23       -0.226421        0.354447        0.400927

     Cl  24       -0.220952       -0.167584       -0.103721
     Cl  24       -0.167584       -0.099676       -0.091688
     Cl  24       -0.103721       -0.091688        0.320628

     ----- ionic term -----
     Cl   1        0.151801       -0.197992       -0.024792
     Cl   1       -0.197992       -0.016934        0.025300
     Cl   1       -0.024792        0.025300       -0.134867

     C    2        0.167243       -0.249292        0.209979
     C    2       -0.249292       -0.040724        0.453827
     C    2        0.209979        0.453827       -0.126519

     C    3        0.151680       -0.298566        0.154201
     C    3       -0.298566        0.023790        0.438455
     C    3        0.154201        0.438455       -0.175470

     H    4        0.529138        0.240023        0.756070
     H    4        0.240023       -0.502031        0.235827
     H    4        0.756070        0.235827       -0.027107

     C    5        0.299594       -0.263921        0.253675
     C    5       -0.263921       -0.067718        0.319774
     C    5        0.253675        0.319774       -0.231876

     H    6       -0.533638        0.022908        0.037878
     H    6        0.022908        0.514364        0.790590
     H    6        0.037878        0.790590        0.019274

     H    7       -0.527712       -0.046711        0.053106
     H    7       -0.046711        0.501446       -0.757609
     H    7        0.053106       -0.757609        0.026266

     C    8        0.153289        0.232494        0.420518
     C    8        0.232494        0.038625       -0.242262
     C    8        0.420518       -0.242262       -0.191915

     H    9        0.398629       -0.206653        0.771404
     H    9       -0.206653       -0.423830       -0.234066
     H    9        0.771404       -0.234066        0.025200

     C   10       -0.005306        0.271249        0.278358
     C   10        0.271249        0.199192       -0.346649
     C   10        0.278358       -0.346649       -0.193885

     C   11        0.120957        0.213453        0.362108
     C   11        0.213453        0.094304       -0.375462
     C   11        0.362108       -0.375462       -0.215261

     Cl  12        0.124269        0.215767        0.051253
     Cl  12        0.215767        0.021803        0.020874
     Cl  12        0.051253        0.020874       -0.146072

     H   13       -0.502011        0.106238        0.130443
     H   13        0.106238        0.209330        0.789650
     H   13        0.130443        0.789650        0.292681

     C   14        0.230679       -0.214219        0.262052
     C   14       -0.214219       -0.109807        0.328899
     C   14        0.262052        0.328899       -0.120872

     H   15        0.398422        0.174353        0.774298
     H   15        0.174353       -0.487391        0.240418
     H   15        0.774298        0.240418        0.088970

     C   16        0.100971       -0.300709        0.157687
     C   16       -0.300709        0.010505        0.428214
     C   16        0.157687        0.428214       -0.111476

     C   17        0.232947       -0.254437        0.300971
     C   17       -0.254437       -0.087794        0.374438
     C   17        0.300971        0.374438       -0.145153

     Cl  18        0.147785       -0.237953        0.019314
     Cl  18       -0.237953       -0.012790       -0.006913
     Cl  18        0.019314       -0.006913       -0.134995

     H   19       -0.523613       -0.043517        0.043397
     H   19       -0.043517        0.565816       -0.734659
     H   19        0.043397       -0.734659       -0.042203

     C   20        0.220206        0.211632        0.381574
     C   20        0.211632        0.047898       -0.253591
     C   20        0.381574       -0.253591       -0.268104

     H   21        0.544421       -0.419336        0.639060
     H   21       -0.419336       -0.347301       -0.284087
     H   21        0.639060       -0.284087       -0.197120

     C   22        0.091044        0.183082        0.259035
     C   22        0.183082        0.228295       -0.318639
     C   22        0.259035       -0.318639       -0.319339

     C   23        0.135539        0.222708        0.391010
     C   23        0.222708        0.110300       -0.328914
     C   23        0.391010       -0.328914       -0.245839

     Cl  24        0.103740        0.215068        0.021292
     Cl  24        0.215068        0.059246        0.013709
     Cl  24        0.021292        0.013709       -0.162986

     ----- GIPAW term -----
     Cl   1       -1.329797       -0.548058        0.160087
     Cl   1       -0.548058        1.673580       -1.979919
     Cl   1        0.160087       -1.979919       -0.343783

     C    2       -0.055806       -0.145784       -0.042059
     C    2       -0.145784        0.237312       -0.098425
     C    2       -0.042059       -0.098425       -0.181506

     C    3       -0.142250       -0.108973       -0.130006
     C    3       -0.108973        0.157972        0.140906
     C    3       -0.130006        0.140906       -0.015722

     H    4       -0.000000        0.000000        0.000000
     H    4        0.000000        0.000000        0.000000
     H    4        0.000000        0.000000        0.000000

     C    5       -0.059351       -0.142519       -0.150319
     C    5       -0.142519       -0.027044        0.112828
     C    5       -0.150319        0.112828        0.086395

     H    6       -0.000000        0.000000        0.000000
     H    6        0.000000        0.000000        0.000000
     H    6        0.000000        0.000000        0.000000

     H    7       -0.000000        0.000000        0.000000
     H    7        0.000000        0.000000        0.000000
     H    7        0.000000        0.000000        0.000000

     C    8       -0.179358       -0.159402       -0.017679
     C    8       -0.159402        0.250968       -0.095545
     C    8       -0.017679       -0.095545       -0.071610

     H    9       -0.000000        0.000000        0.000000
     H    9        0.000000        0.000000        0.000000
     H    9        0.000000        0.000000        0.000000

     C   10       -0.007983       -0.041920        0.026830
     C   10       -0.041920        0.080402        0.012669
     C   10        0.026830        0.012669       -0.072419

     C   11       -0.042277       -0.109710       -0.035857
     C   11       -0.109710        0.143492       -0.019316
     C   11       -0.035857       -0.019316       -0.101215

     Cl  12        0.273752        0.111564       -0.310957
     Cl  12        0.111564        0.741580        0.484557
     Cl  12       -0.310957        0.484557       -1.015332

     H   13       -0.000000        0.000000        0.000000
     H   13        0.000000        0.000000        0.000000
     H   13        0.000000        0.000000        0.000000

     C   14       -0.108534       -0.032100        0.035293
     C   14       -0.032100        0.130470       -0.064354
     C   14        0.035293       -0.064354       -0.021936

     H   15       -0.000000        0.000000        0.000000
     H   15        0.000000        0.000000        0.000000
     H   15        0.000000        0.000000        0.000000

     C   16       -0.058155       -0.045047       -0.020831
     C   16       -0.045047        0.171091       -0.065024
     C   16       -0.020831       -0.065024       -0.112937

     C   17       -0.150185       -0.096422       -0.074982
     C   17       -0.096422        0.206749        0.138236
     C   17       -0.074982        0.138236       -0.056564

     Cl  18        0.982277       -3.288749       -0.249746
     Cl  18       -3.288749        1.468012        0.213739
     Cl  18       -0.249746        0.213739       -2.450289

     H   19       -0.000000        0.000000        0.000000
     H   19        0.000000        0.000000        0.000000
     H   19        0.000000        0.000000        0.000000

     C   20       -0.071453       -0.155389        0.033570
     C   20       -0.155389        0.196725        0.001579
     C   20        0.033570        0.001579       -0.125271

     H   21       -0.000000        0.000000        0.000000
     H   21        0.000000        0.000000        0.000000
     H   21        0.000000        0.000000        0.000000

     C   22       -0.237884       -0.106462        0.007281
     C   22       -0.106462        0.121631       -0.194609
     C   22        0.007281       -0.194609        0.116253

     C   23       -0.067305        0.092384       -0.010493
     C   23        0.092384       -0.046522       -0.162163
     C   23       -0.010493       -0.162163        0.113827

     Cl  24       -0.375341        1.525782       -1.046728
     Cl  24        1.525782       -0.877377       -1.050710
     Cl  24       -1.046728       -1.050710        1.252718

     ----- total EFG -----
     Cl   1       -1.421380       -0.396402        0.166225
     Cl   1       -0.396402        1.663713       -1.968177
     Cl   1        0.166225       -1.968177       -0.242333

     C    2        0.117959       -0.610171       -0.191851
     C    2       -0.610171        0.231710       -0.331574
     C    2       -0.191851       -0.331574       -0.349669

     C    3       -0.574673       -0.085881       -0.326564
     C    3       -0.085881        0.347337        0.511173
     C    3       -0.326564        0.511173        0.227336

     H    4        0.491512        0.110871        0.404488
     H    4        0.110871       -0.304271       -0.272123
     H    4        0.404488       -0.272123       -0.187241

     C    5        0.128102       -0.566931       -0.294877
     C    5       -0.566931       -0.291287        0.116634
     C    5       -0.294877        0.116634        0.163185

     H    6       -0.145597        0.119914        0.240373
     H    6        0.119914        0.384928        0.187555
     H    6        0.240373        0.187555       -0.239331

     H    7       -0.104929        0.038329        0.147382
     H    7        0.038329        0.145241       -0.275676
     H    7        0.147382       -0.275676       -0.040312

     C    8       -0.880853       -0.352786       -0.046169
     C    8       -0.352786        0.785477       -0.293402
     C    8       -0.046169       -0.293402        0.095375

     H    9        0.533248       -0.196385        0.367610
     H    9       -0.196385       -0.318641       -0.515600
     H    9        0.367610       -0.515600       -0.214607

     C   10        0.249190        0.041634        0.387207
     C   10        0.041634        0.038749        0.074821
     C   10        0.387207        0.074821       -0.287938

     C   11       -0.397369       -0.272741       -0.110116
     C   11       -0.272741        0.448776       -0.341474
     C   11       -0.110116       -0.341474       -0.051407

     Cl  12        0.562305        0.552493       -0.191537
     Cl  12        0.552493        0.362998        0.260267
     Cl  12       -0.191537        0.260267       -0.925303

     H   13       -0.059561        0.187484       -0.006394
     H   13        0.187484        0.320974        0.685988
     H   13       -0.006394        0.685988       -0.261412

     C   14       -0.433219        0.069045        0.249376
     C   14        0.069045        0.276292        0.160113
     C   14        0.249376        0.160113        0.156927

     H   15        0.452557        0.290717        0.301562
     H   15        0.290717       -0.444544        0.477346
     H   15        0.301562        0.477346       -0.008013

     C   16        0.230458       -0.345394       -0.089841
     C   16       -0.345394        0.068488       -0.184582
     C   16       -0.089841       -0.184582       -0.298946

     C   17       -0.683323        0.067933       -0.123334
     C   17        0.067933        0.413768        0.470756
     C   17       -0.123334        0.470756        0.269555

     Cl  18        1.135678       -3.674120       -0.262222
     Cl  18       -3.674120        1.575514        0.231780
     Cl  18       -0.262222        0.231780       -2.711192

     H   19       -0.107439        0.188393       -0.051445
     H   19        0.188393       -0.035539       -0.214689
     H   19       -0.051445       -0.214689        0.142978

     C   20        0.091670       -0.233301        0.336605
     C   20       -0.233301        0.147300        0.149754
     C   20        0.336605        0.149754       -0.238970

     H   21        0.513201       -0.056704        0.218944
     H   21       -0.056704       -0.422657        0.160231
     H   21        0.218944        0.160231       -0.090545

     C   22       -0.890276       -0.297545       -0.050547
     C   22       -0.297545        0.606042       -0.506919
     C   22       -0.050547       -0.506919        0.284234

     C   23        0.067534        0.309491        0.154096
     C   23        0.309491       -0.336450       -0.136629
     C   23        0.154096       -0.136629        0.268915

     Cl  24       -0.492552        1.573266       -1.129157
     Cl  24        1.573266       -0.917807       -1.128689
     Cl  24       -1.129157       -1.128689        1.410359

     ----- total EFG (symmetrized) -----
     Cl   1       -1.421380       -0.396402        0.166225
     Cl   1       -0.396402        1.663713       -1.968177
     Cl   1        0.166225       -1.968177       -0.242333

     C    2        0.117959       -0.610171       -0.191851
     C    2       -0.610171        0.231710       -0.331574
     C    2       -0.191851       -0.331574       -0.349669

     C    3       -0.574673       -0.085881       -0.326564
     C    3       -0.085881        0.347337        0.511173
     C    3       -0.326564        0.511173        0.227336

     H    4        0.491512        0.110871        0.404488
     H    4        0.110871       -0.304271       -0.272123
     H    4        0.404488       -0.272123       -0.187241

     C    5        0.128102       -0.566931       -0.294877
     C    5       -0.566931       -0.291287        0.116634
     C    5       -0.294877        0.116634        0.163185

     H    6       -0.145597        0.119914        0.240373
     H    6        0.119914        0.384928        0.187555
     H    6        0.240373        0.187555       -0.239331

     H    7       -0.104929        0.038329        0.147382
     H    7        0.038329        0.145241       -0.275676
     H    7        0.147382       -0.275676       -0.040312

     C    8       -0.880853       -0.352786       -0.046169
     C    8       -0.352786        0.785477       -0.293402
     C    8       -0.046169       -0.293402        0.095375

     H    9        0.533248       -0.196385        0.367610
     H    9       -0.196385       -0.318641       -0.515600
     H    9        0.367610       -0.515600       -0.214607

     C   10        0.249190        0.041634        0.387207
     C   10        0.041634        0.038749        0.074821
     C   10        0.387207        0.074821       -0.287938

     C   11       -0.397369       -0.272741       -0.110116
     C   11       -0.272741        0.448776       -0.341474
     C   11       -0.110116       -0.341474       -0.051407

     Cl  12        0.562305        0.552493       -0.191537
     Cl  12        0.552493        0.362998        0.260267
     Cl  12       -0.191537        0.260267       -0.925303

     H   13       -0.059561        0.187484       -0.006394
     H   13        0.187484        0.320974        0.685988
     H   13       -0.006394        0.685988       -0.261412

     C   14       -0.433219        0.069045        0.249376
     C   14        0.069045        0.276292        0.160113
     C   14        0.249376        0.160113        0.156927

     H   15        0.452557        0.290717        0.301562
     H   15        0.290717       -0.444544        0.477346
     H   15        0.301562        0.477346       -0.008013

     C   16        0.230458       -0.345394       -0.089841
     C   16       -0.345394        0.068488       -0.184582
     C   16       -0.089841       -0.184582       -0.298946

     C   17       -0.683323        0.067933       -0.123334
     C   17        0.067933        0.413768        0.470756
     C   17       -0.123334        0.470756        0.269555

     Cl  18        1.135678       -3.674120       -0.262222
     Cl  18       -3.674120        1.575514        0.231780
     Cl  18       -0.262222        0.231780       -2.711192

     H   19       -0.107439        0.188393       -0.051445
     H   19        0.188393       -0.035539       -0.214689
     H   19       -0.051445       -0.214689        0.142978

     C   20        0.091670       -0.233301        0.336605
     C   20       -0.233301        0.147300        0.149754
     C   20        0.336605        0.149754       -0.238970

     H   21        0.513201       -0.056704        0.218944
     H   21       -0.056704       -0.422657        0.160231
     H   21        0.218944        0.160231       -0.090545

     C   22       -0.890276       -0.297545       -0.050547
     C   22       -0.297545        0.606042       -0.506919
     C   22       -0.050547       -0.506919        0.284234

     C   23        0.067534        0.309491        0.154096
     C   23        0.309491       -0.336450       -0.136629
     C   23        0.154096       -0.136629        0.268915

     Cl  24       -0.492552        1.573266       -1.129157
     Cl  24        1.573266       -0.917807       -1.128689
     Cl  24       -1.129157       -1.128689        1.410359


     NQR/NMR SPECTROSCOPIC PARAMETERS:
     Cl   1    Vxx=   -1.3997    axis=(  0.736858 -0.295356 -0.608116)
     Cl   1    Vyy=   -1.5391    axis=(  0.669074  0.447464  0.593393)
     Cl   1    Vzz=    2.9387    axis=( -0.096848  0.844122 -0.527332)
     Cl   1  Q=        -8.1650 1e-30 m^2  Cq=       -56.3781 MHz  eta= 0.04743

     C    2    Vxx=   -0.0351    axis=(  0.563618  0.373093 -0.736978)
     C    2    Vyy=   -0.7654    axis=(  0.516108  0.537550  0.666837)
     C    2    Vzz=    0.8005    axis=( -0.644955  0.756202 -0.110417)
     C    2  Q=         1.0000 1e-30 m^2  Cq=         1.8809 MHz  eta= 0.91234

     C    3    Vxx=   -0.1574    axis=( -0.348547 -0.695556  0.628265)
     C    3    Vyy=   -0.7010    axis=( -0.916422  0.112235 -0.384154)
     C    3    Vzz=    0.8585    axis=(  0.196687 -0.709651 -0.676542)
     C    3  Q=         1.0000 1e-30 m^2  Cq=         2.0170 MHz  eta= 0.63326

     H    4    Vxx=   -0.0446    axis=( -0.293817 -0.748446  0.594559)
     H    4    Vyy=   -0.6358    axis=(  0.309746 -0.663001 -0.681533)
     H    4    Vzz=    0.6804    axis=(  0.904284 -0.016084  0.426629)
     H    4  Q=         1.0000 1e-30 m^2  Cq=         1.5986 MHz  eta= 0.86897

     C    5    Vxx=   -0.0083    axis=(  0.357668 -0.361733  0.860943)
     C    5    Vyy=   -0.6929    axis=( -0.588205 -0.803328 -0.093162)
     C    5    Vzz=    0.7012    axis=(  0.725319 -0.473090 -0.500098)
     C    5  Q=         1.0000 1e-30 m^2  Cq=         1.6475 MHz  eta= 0.97626

     H    6    Vxx=   -0.0483    axis=(  0.742953 -0.428312  0.514364)
     H    6    Vyy=   -0.4437    axis=(  0.602222  0.092332 -0.792971)
     H    6    Vzz=    0.4920    axis=(  0.292146  0.898902  0.326537)
     H    6  Q=         1.0000 1e-30 m^2  Cq=         1.1561 MHz  eta= 0.80362

     H    7    Vxx=   -0.0206    axis=(  0.831030  0.418005  0.366961)
     H    7    Vyy=   -0.3299    axis=( -0.541026  0.454273  0.707762)
     H    7    Vzz=    0.3505    axis=(  0.129148 -0.786707  0.603666)
     H    7  Q=         1.0000 1e-30 m^2  Cq=         0.8235 MHz  eta= 0.88262

     C    8    Vxx=    0.0145    axis=( -0.161280  0.285703  0.944649)
     C    8    Vyy=    0.9485    axis=( -0.172307  0.934327 -0.311999)
     C    8    Vzz=   -0.9630    axis=( -0.971751 -0.213089 -0.101459)
     C    8  Q=         1.0000 1e-30 m^2  Cq=        -2.2627 MHz  eta= 0.96985

     H    9    Vxx=   -0.0313    axis=(  0.571542  0.604699 -0.554688)
     H    9    Vyy=   -0.7935    axis=( -0.085833  0.716325  0.692467)
     H    9    Vzz=    0.8248    axis=(  0.816071 -0.348163  0.461313)
     H    9  Q=         1.0000 1e-30 m^2  Cq=         1.9380 MHz  eta= 0.92411

     C   10    Vxx=    0.0308    axis=(  0.188948 -0.981987 -0.000976)
     C   10    Vyy=    0.4640    axis=( -0.869717 -0.166884 -0.464481)
     C   10    Vzz=   -0.4948    axis=(  0.455951  0.088612 -0.885583)
     C   10  Q=         1.0000 1e-30 m^2  Cq=        -1.1625 MHz  eta= 0.87545

     C   11    Vxx=   -0.0887    axis=(  0.517544 -0.256078 -0.816439)
     C   11    Vyy=   -0.5706    axis=( -0.834409 -0.362358 -0.415281)
     C   11    Vzz=    0.6593    axis=( -0.189499  0.896170 -0.401210)
     C   11  Q=         1.0000 1e-30 m^2  Cq=         1.5491 MHz  eta= 0.73091

     Cl  12    Vxx=    0.0122    axis=( -0.611331  0.721469  0.325204)
     Cl  12    Vyy=    1.0243    axis=( -0.765277 -0.643612 -0.010737)
     Cl  12    Vzz=   -1.0364    axis=(  0.201559 -0.255434  0.945583)
     Cl  12  Q=        -8.1650 1e-30 m^2  Cq=        19.8835 MHz  eta= 0.97653

     H   13    Vxx=   -0.0689    axis=(  0.970777 -0.056406 -0.233259)
     H   13    Vyy=   -0.7334    axis=( -0.163033  0.558244 -0.813501)
     H   13    Vzz=    0.8024    axis=(  0.176102  0.827757  0.532735)
     H   13  Q=         1.0000 1e-30 m^2  Cq=         1.8852 MHz  eta= 0.82821

     C   14    Vxx=    0.0877    axis=(  0.242437 -0.677864  0.694064)
     C   14    Vyy=    0.4370    axis=(  0.240040  0.735075  0.634071)
     C   14    Vzz=   -0.5246    axis=(  0.940003 -0.012880 -0.340924)
     C   14  Q=         1.0000 1e-30 m^2  Cq=        -1.2326 MHz  eta= 0.66582

     H   15    Vxx=   -0.0386    axis=(  0.632786 -0.355651 -0.687818)
     H   15    Vyy=   -0.7575    axis=( -0.077453  0.854753 -0.513224)
     H   15    Vzz=    0.7961    axis=( -0.770443 -0.378035 -0.513330)
     H   15  Q=         1.0000 1e-30 m^2  Cq=         1.8706 MHz  eta= 0.90297

     C   16    Vxx=   -0.0476    axis=(  0.526454  0.584465 -0.617452)
     C   16    Vyy=   -0.4592    axis=(  0.356405  0.507638  0.784397)
     C   16    Vzz=    0.5068    axis=( -0.771894  0.633013 -0.058942)
     C   16  Q=         1.0000 1e-30 m^2  Cq=         1.1909 MHz  eta= 0.81207

     C   17    Vxx=   -0.1020    axis=( -0.230342 -0.639318  0.733631)
     C   17    Vyy=   -0.7165    axis=(  0.972916 -0.136250  0.186737)
     C   17    Vzz=    0.8185    axis=( -0.019427  0.756775  0.653387)
     C   17  Q=         1.0000 1e-30 m^2  Cq=         1.9231 MHz  eta= 0.75086

     Cl  18    Vxx=   -2.3226    axis=(  0.723112  0.686240 -0.078635)
     Cl  18    Vyy=   -2.7294    axis=(  0.087950  0.021443  0.995894)
     Cl  18    Vzz=    5.0519    axis=(  0.685108 -0.727059 -0.044849)
     Cl  18  Q=        -8.1650 1e-30 m^2  Cq=       -96.9189 MHz  eta= 0.08052

     H   19    Vxx=   -0.0475    axis=( -0.682427 -0.386680 -0.620299)
     H   19    Vyy=   -0.2912    axis=( -0.650212  0.708830  0.273468)
     H   19    Vzz=    0.3386    axis=(  0.333942  0.589948 -0.735149)
     H   19  Q=         1.0000 1e-30 m^2  Cq=         0.7956 MHz  eta= 0.71974

     C   20    Vxx=    0.1549    axis=(  0.346702  0.739187  0.577409)
     C   20    Vyy=    0.3871    axis=( -0.769324  0.576266 -0.275788)
     C   20    Vzz=   -0.5419    axis=( -0.536600 -0.348598  0.768466)
     C   20  Q=         1.0000 1e-30 m^2  Cq=        -1.2734 MHz  eta= 0.42853

     H   21    Vxx=   -0.0779    axis=( -0.273993  0.441996  0.854147)
     H   21    Vyy=   -0.5064    axis=(  0.139923  0.897005 -0.419290)
     H   21    Vzz=    0.5843    axis=(  0.951499 -0.004632  0.307618)
     H   21  Q=         1.0000 1e-30 m^2  Cq=         1.3728 MHz  eta= 0.73347

     C   22    Vxx=   -0.0346    axis=( -0.233758  0.534242  0.812369)
     C   22    Vyy=   -0.9663    axis=( -0.965704 -0.224693 -0.130114)
     C   22    Vzz=    1.0009    axis=(  0.113021 -0.814923  0.568443)
     C   22  Q=         1.0000 1e-30 m^2  Cq=         2.3517 MHz  eta= 0.93089

     C   23    Vxx=    0.1959    axis=(  0.697971  0.529524 -0.482121)
     C   23    Vyy=    0.3542    axis=(  0.530202  0.070437  0.844941)
     C   23    Vzz=   -0.5501    axis=(  0.481375 -0.845366 -0.231591)
     C   23  Q=         1.0000 1e-30 m^2  Cq=        -1.2925 MHz  eta= 0.28781

     Cl  24    Vxx=   -0.4657    axis=(  0.599200  0.473539  0.645538)
     Cl  24    Vyy=   -2.2967    axis=( -0.643654  0.764436  0.036694)
     Cl  24    Vzz=    2.7624    axis=( -0.476097 -0.437490  0.762846)
     Cl  24  Q=        -8.1650 1e-30 m^2  Cq=       -52.9948 MHz  eta= 0.66282

     Initialization:
     gipaw_setup  :      9.54s CPU     11.38s WALL (       1 calls)

     Linear response

     Apply operators

     Induced current

     Other routines
     efg          :      9.39s CPU     12.12s WALL (       1 calls)

     General routines
     calbec       :      3.37s CPU      4.56s WALL (      16 calls)
     fft          :      1.35s CPU      1.62s WALL (      15 calls)
     ffts         :      0.04s CPU      0.05s WALL (       2 calls)
     fftw         :      3.24s CPU      4.08s WALL (     672 calls)
     davcio       :      0.05s CPU      0.31s WALL (      32 calls)

     Parallel routines
     fft_scatter  :      1.94s CPU      2.84s WALL (     689 calls)

     Plugins

     GIPAW        :     61.78s CPU     73.80s WALL (       1 calls)
