
     Program QE v.6.0 (svn rev. 13079) starts on 13Jan2017 at 17:25:50 

     This program is part of the open-source Quantum ESPRESSO suite
     for quantum simulation of materials; please cite
         "P. Giannozzi et al., J. Phys.:Condens. Matter 21 395502 (2009);
          URL http://www.quantum-espresso.org", 
     in publications or presentations arising from this work. More details at
     http://www.quantum-espresso.org/quote

     Parallel version (MPI), running on     8 processors
     R & G space division:  proc/nbgrp/npool/nimage =       8

     ***** This is GIPAW svn revision unknown      *****

     Parallelizing q-star over 1 images

     Reading data from directory:
     /users/majewski/paradichlorobenzene/pbe/9_constraint/scratch/pbe.ecut100.np8.dt60.pcl2phi-129368.save
     Message from routine read_xml_file:
     file /users/majewski/paradichlorobenzene/pbe/9_constraint/scratch/pbe.ecut100.np8.dt60.pcl2phi-129368.save not guaranteed to be safe for post-processing

   Info: using nr1, nr2, nr3 values from input

   Info: using nr1, nr2, nr3 values from input

     IMPORTANT: XC functional enforced from input :
     Exchange-correlation      =  SLA  PW   PBX  PBC ( 1  4  3  4 0 0)
     Any further DFT definition will be discarded
     Please, verify this is what you really want

               file C.pbe-n-kjpaw_psl.1.0.0.UPF: wavefunction(s)  2S 2P renormalized
               file Cl.pbe-n-kjpaw_psl.1.0.0.UPF: wavefunction(s)  3S 3P renormalized
               file H.pbe-kjpaw_psl.1.0.0.UPF: wavefunction(s)  1S renormalized

     Parallelization info
     --------------------
     sticks:   dense  smooth     PW     G-vecs:    dense   smooth      PW
     Min        3057    1223    332               144436    36536    5170
     Max        3059    1225    333               144437    36537    5171
     Sum       24467    9791   2657              1155489   292295   41363


     Subspace diagonalization in iterative solution of the eigenvalue problem:
     a serial algorithm will be used

     GIPAW projectors -----------------------------------------------
     atom=  C    l=0  rc=    1.2000  rs=    0.8000
     atom=  C    l=0  rc=    1.2000  rs=    0.8000
     atom=  C    l=1  rc=    1.4000  rs=    0.9333
     atom=  C    l=1  rc=    1.4000  rs=    0.9333
     projs nearly linearly dependent: l=1  n1,n2= 1, 2  s=  0.99951561

     atom=  Cl   l=0  rc=    1.6000  rs=    1.0667
     atom=  Cl   l=0  rc=    1.6000  rs=    1.0667
     atom=  Cl   l=1  rc=    1.6000  rs=    1.0667
     atom=  Cl   l=1  rc=    1.6000  rs=    1.0667
     atom=  Cl   l=2  rc=    1.6000  rs=    1.0667
     atom=  Cl   l=2  rc=    1.6000  rs=    1.0667
     projs nearly linearly dependent: l=2  n1,n2= 1, 2  s=  0.99993509

     atom=  H    l=0  rc=    1.0000  rs=    0.6667
     atom=  H    l=0  rc=    1.0000  rs=    0.6667
     projs nearly linearly dependent: l=0  n1,n2= 1, 2  s=  0.99968852
     -----------------------------------------------------------------

     GIPAW integrals: -------------------------------------------
     Atom  i/j   nmr_para   nmr_dia   epr_rmc  epr_para   epr_dia
       C   1 1   0.83E+03  0.17E-01  0.93E+01  0.24E+08  0.24E+03
       C   2 1   0.86E+03 -0.61E-01  0.94E+01  0.25E+08  0.25E+03
       C   2 2   0.90E+03 -0.15E+00  0.97E+01  0.26E+08  0.26E+03
       C   3 3   0.33E+01  0.34E+00  0.18E+01  0.55E+03  0.21E+02
       C   4 3   0.35E+01  0.37E+00  0.20E+01  0.59E+03  0.22E+02
       C   4 4   0.38E+01  0.39E+00  0.22E+01  0.63E+03  0.24E+02
       Cl  1 1   0.14E+04 -0.47E+00  0.84E+01  0.32E+09  0.42E+03
       Cl  2 1   0.21E+04 -0.37E+00  0.12E+02  0.49E+09  0.65E+03
       Cl  2 2   0.33E+04 -0.16E+00  0.21E+02  0.76E+09  0.10E+04
       Cl  3 3   0.21E+02  0.79E-01  0.89E+01  0.23E+05  0.13E+03
       Cl  4 3   0.24E+02  0.67E-01  0.99E+01  0.27E+05  0.15E+03
       Cl  4 4   0.28E+02  0.44E-01  0.11E+02  0.32E+05  0.18E+03
       Cl  5 5   0.77E+00  0.19E+00  0.18E+01  0.12E+03  0.22E+02
       Cl  6 5   0.80E+00  0.19E+00  0.19E+01  0.12E+03  0.23E+02
       Cl  6 6   0.83E+00  0.20E+00  0.19E+01  0.12E+03  0.23E+02
       H   1 1   0.39E+02  0.19E+00  0.29E+00  0.78E+05  0.13E+02
       H   2 1   0.41E+02  0.21E+00  0.32E+00  0.82E+05  0.14E+02
       H   2 2   0.43E+02  0.22E+00  0.36E+00  0.86E+05  0.15E+02
     ------------------------------------------------------------

     alpha_pv=     34.5802 eV

     Number of occupied bands for each k-point:
     k-point:     1    nbnd_occ=  42
     k-point:     2    nbnd_occ=  42
     k-point:     3    nbnd_occ=  42
     k-point:     4    nbnd_occ=  42
     k-point:     5    nbnd_occ=  42
     k-point:     6    nbnd_occ=  42
     k-point:     7    nbnd_occ=  42
     k-point:     8    nbnd_occ=  42
     k-point:     9    nbnd_occ=  42
     k-point:    10    nbnd_occ=  42
     k-point:    11    nbnd_occ=  42
     k-point:    12    nbnd_occ=  42
     k-point:    13    nbnd_occ=  42
     k-point:    14    nbnd_occ=  42
     k-point:    15    nbnd_occ=  42
     k-point:    16    nbnd_occ=  42


     q-space interpolation up to   110.00 Rydberg

     GIPAW job: efg                                                                             


     ELECTRIC FIELD GRADIENTS TENSORS IN Hartree/bohrradius^2:

     ----- bare term -----
     Cl   1        0.323006        0.109681       -0.048922
     Cl   1        0.109681        0.382708        0.076670
     Cl   1       -0.048922        0.076670       -0.705714

     C    2       -0.115158        0.257688       -0.093757
     C    2        0.257688       -0.456571       -0.461374
     C    2       -0.093757       -0.461374        0.571729

     C    3       -0.237087        0.387368       -0.312755
     C    3        0.387368       -0.227903       -0.378412
     C    3       -0.312755       -0.378412        0.464990

     H    4       -0.075835       -0.093158       -0.319869
     H    4       -0.093158        0.246911       -0.495122
     H    4       -0.319869       -0.495122       -0.171076

     C    5       -0.590131        0.138321       -0.316092
     C    5        0.138321        0.120416       -0.179647
     C    5       -0.316092       -0.179647        0.469715

     H    6       -0.105370        0.289822       -0.264448
     H    6        0.289822       -0.283010       -0.297713
     H    6       -0.264448       -0.297713        0.388380

     H    7        0.337899        0.381297        0.022649
     H    7        0.381297       -0.700940        0.153541
     H    7        0.022649        0.153541        0.363041

     C    8       -0.148821       -0.082120       -0.201986
     C    8       -0.082120       -0.060636        0.384454
     C    8       -0.201986        0.384454        0.209457

     H    9       -0.341771        0.520128        0.044002
     H    9        0.520128        0.037560       -0.136300
     H    9        0.044002       -0.136300        0.304212

     C   10       -0.385071       -0.291866       -0.203713
     C   10       -0.291866        0.055769        0.337084
     C   10       -0.203713        0.337084        0.329303

     C   11       -0.057739        0.001572       -0.287970
     C   11        0.001572       -0.011502        0.647760
     C   11       -0.287970        0.647760        0.069241

     Cl  12       -0.189288       -0.151054       -0.019533
     Cl  12       -0.151054        0.122506       -0.025413
     Cl  12       -0.019533       -0.025413        0.066783

     H   13       -0.085620        0.364426       -0.065568
     H   13        0.364426       -0.284022       -0.261377
     H   13       -0.065568       -0.261377        0.369642

     C   14       -0.007434       -0.316768       -0.508183
     C   14       -0.316768       -0.066308       -0.517678
     C   14       -0.508183       -0.517678        0.073742

     H   15        0.071408       -0.006731       -0.202335
     H   15       -0.006731        0.236125       -0.456453
     H   15       -0.202335       -0.456453       -0.307533

     C   16       -0.333575        0.479064       -0.261936
     C   16        0.479064        0.107769       -0.030962
     C   16       -0.261936       -0.030962        0.225806

     C   17        0.137096        0.069086       -0.123954
     C   17        0.069086       -0.528005       -0.336470
     C   17       -0.123954       -0.336470        0.390908

     Cl  18        0.135750       -0.005866       -0.230422
     Cl  18       -0.005866       -0.073893       -0.462269
     Cl  18       -0.230422       -0.462269       -0.061856

     H   19        0.373357       -0.000595       -0.103560
     H   19       -0.000595       -0.547306        0.465289
     H   19       -0.103560        0.465289        0.173949

     C   20       -0.654956       -0.305694       -0.438859
     C   20       -0.305694        0.098974        0.121525
     C   20       -0.438859        0.121525        0.555982

     H   21       -0.547122        0.277023        0.079934
     H   21        0.277023        0.428440        0.105152
     H   21        0.079934        0.105152        0.118682

     C   22       -0.050182       -0.169454       -0.191365
     C   22       -0.169454       -0.503484        0.418463
     C   22       -0.191365        0.418463        0.553667

     C   23       -0.646159       -0.305748       -0.376892
     C   23       -0.305748        0.271327        0.146753
     C   23       -0.376892        0.146753        0.374832

     Cl  24        0.021998        0.120078       -0.028005
     Cl  24        0.120078        0.069791       -0.006655
     Cl  24       -0.028005       -0.006655       -0.091789

     ----- ionic term -----
     Cl   1        0.127084       -0.217953        0.122626
     Cl   1       -0.217953       -0.012139       -0.070010
     Cl   1        0.122626       -0.070010       -0.114945

     C    2        0.028889       -0.216507        0.447396
     C    2       -0.216507        0.162162        0.351066
     C    2        0.447396        0.351066       -0.191051

     C    3        0.078581       -0.238739        0.278478
     C    3       -0.238739        0.227751        0.343479
     C    3        0.278478        0.343479       -0.306331

     H    4        0.304201        0.424971        0.707786
     H    4        0.424971       -0.254904        0.392079
     H    4        0.707786        0.392079       -0.049297

     C    5        0.212515       -0.208871        0.355221
     C    5       -0.208871        0.053559        0.261393
     C    5        0.355221        0.261393       -0.266074

     H    6       -0.460900       -0.229554       -0.095200
     H    6       -0.229554        0.749887        0.594590
     H    6       -0.095200        0.594590       -0.288987

     H    7       -0.496011       -0.142283        0.093489
     H    7       -0.142283        0.538348       -0.726392
     H    7        0.093489       -0.726392       -0.042337

     C    8        0.357058        0.078446        0.189474
     C    8        0.078446        0.082323       -0.270876
     C    8        0.189474       -0.270876       -0.439382

     H    9        0.704276       -0.419009        0.537311
     H    9       -0.419009       -0.367209       -0.220673
     H    9        0.537311       -0.220673       -0.337067

     C   10        0.169338        0.127505        0.170585
     C   10        0.127505        0.291435       -0.333092
     C   10        0.170585       -0.333092       -0.460772

     C   11        0.230319        0.096003        0.237160
     C   11        0.096003        0.253489       -0.341787
     C   11        0.237160       -0.341787       -0.483809

     Cl  12        0.123474        0.213593        0.010639
     Cl  12        0.213593        0.042566        0.004320
     Cl  12        0.010639        0.004320       -0.166040

     H   13       -0.529020       -0.148897       -0.026549
     H   13       -0.148897        0.824052        0.576072
     H   13       -0.026549        0.576072       -0.295032

     C   14        0.177108       -0.223757        0.442196
     C   14       -0.223757        0.028856        0.253748
     C   14        0.442196        0.253748       -0.205964

     H   15        0.323126        0.330923        0.754403
     H   15        0.330923       -0.377283        0.352377
     H   15        0.754403        0.352377        0.054158

     C   16        0.140928       -0.327874        0.280191
     C   16       -0.327874        0.103237        0.310083
     C   16        0.280191        0.310083       -0.244165

     C   17        0.203336       -0.213713        0.291766
     C   17       -0.213713        0.029257        0.403355
     C   17        0.291766        0.403355       -0.232593

     Cl  18        0.212271       -0.173664        0.043838
     Cl  18       -0.173664       -0.073666       -0.018508
     Cl  18        0.043838       -0.018508       -0.138605

     H   19       -0.497914        0.049925       -0.016235
     H   19        0.049925        0.710770       -0.652092
     H   19       -0.016235       -0.652092       -0.212856

     C   20        0.337028        0.189984        0.159063
     C   20        0.189984        0.109692       -0.302665
     C   20        0.159063       -0.302665       -0.446720

     H   21        0.724908       -0.446913        0.468942
     H   21       -0.446913       -0.319910       -0.232410
     H   21        0.468942       -0.232410       -0.404997

     C   22        0.221699        0.200004        0.099536
     C   22        0.200004        0.255223       -0.343624
     C   22        0.099536       -0.343624       -0.476922

     C   23        0.333978        0.114026        0.176832
     C   23        0.114026        0.168520       -0.299607
     C   23        0.176832       -0.299607       -0.502498

     Cl  24        0.161022        0.238471        0.015165
     Cl  24        0.238471        0.001804        0.006801
     Cl  24        0.015165        0.006801       -0.162826

     ----- GIPAW term -----
     Cl   1        0.173561       -0.486875        0.141444
     Cl   1       -0.486875       -0.047125       -0.112518
     Cl   1        0.141444       -0.112518       -0.126436

     C    2       -0.021105       -0.069496        0.095609
     C    2       -0.069496       -0.172446       -0.087648
     C    2        0.095609       -0.087648        0.193551

     C    3       -0.036140        0.049272       -0.140941
     C    3        0.049272       -0.073534       -0.040394
     C    3       -0.140941       -0.040394        0.109674

     H    4       -0.000000        0.000000        0.000000
     H    4        0.000000        0.000000        0.000000
     H    4        0.000000        0.000000        0.000000

     C    5       -0.039966        0.076963        0.141805
     C    5        0.076963       -0.066008        0.071874
     C    5        0.141805        0.071874        0.105974

     H    6       -0.000000        0.000000        0.000000
     H    6        0.000000        0.000000        0.000000
     H    6        0.000000        0.000000        0.000000

     H    7       -0.000000        0.000000        0.000000
     H    7        0.000000        0.000000        0.000000
     H    7        0.000000        0.000000        0.000000

     C    8       -0.077728       -0.062184       -0.047785
     C    8       -0.062184        0.096172        0.189653
     C    8       -0.047785        0.189653       -0.018444

     H    9       -0.000000        0.000000        0.000000
     H    9        0.000000        0.000000        0.000000
     H    9        0.000000        0.000000        0.000000

     C   10       -0.127652       -0.113768       -0.098798
     C   10       -0.113768        0.113947        0.165029
     C   10       -0.098798        0.165029        0.013705

     C   11       -0.012464        0.073554       -0.047695
     C   11        0.073554        0.180892        0.110831
     C   11       -0.047695        0.110831       -0.168428

     Cl  12        0.319640        1.752955       -0.189444
     Cl  12        1.752955        1.175195       -0.269043
     Cl  12       -0.189444       -0.269043       -1.494835

     H   13       -0.000000        0.000000        0.000000
     H   13        0.000000        0.000000        0.000000
     H   13        0.000000        0.000000        0.000000

     C   14        0.235585       -0.172855       -0.055767
     C   14       -0.172855       -0.104890       -0.072331
     C   14       -0.055767       -0.072331       -0.130694

     H   15       -0.000000        0.000000        0.000000
     H   15        0.000000        0.000000        0.000000
     H   15        0.000000        0.000000        0.000000

     C   16        0.011618       -0.044927       -0.096107
     C   16       -0.044927        0.015519        0.073481
     C   16       -0.096107        0.073481       -0.027137

     C   17       -0.061126       -0.042285        0.025442
     C   17       -0.042285       -0.068200        0.157347
     C   17        0.025442        0.157347        0.129326

     Cl  18        0.171708       -0.090116        0.391312
     Cl  18       -0.090116       -0.116570        0.319399
     Cl  18        0.391312        0.319399       -0.055138

     H   19       -0.000000        0.000000        0.000000
     H   19        0.000000        0.000000        0.000000
     H   19        0.000000        0.000000        0.000000

     C   20       -0.148933       -0.005772       -0.116809
     C   20       -0.005772        0.025479       -0.091040
     C   20       -0.116809       -0.091040        0.123454

     H   21       -0.000000        0.000000        0.000000
     H   21        0.000000        0.000000        0.000000
     H   21        0.000000        0.000000        0.000000

     C   22       -0.102292        0.013892       -0.073373
     C   22        0.013892       -0.126774       -0.079303
     C   22       -0.073373       -0.079303        0.229066

     C   23       -0.149532        0.063377       -0.062429
     C   23        0.063377        0.226284       -0.102474
     C   23       -0.062429       -0.102474       -0.076752

     Cl  24        1.375882        2.911374       -0.193030
     Cl  24        2.911374        0.680457       -0.019729
     Cl  24       -0.193030       -0.019729       -2.056339

     ----- total EFG -----
     Cl   1        0.623651       -0.595147        0.215148
     Cl   1       -0.595147        0.323444       -0.105859
     Cl   1        0.215148       -0.105859       -0.947095

     C    2       -0.107374       -0.028314        0.449248
     C    2       -0.028314       -0.466856       -0.197956
     C    2        0.449248       -0.197956        0.574230

     C    3       -0.194647        0.197901       -0.175218
     C    3        0.197901       -0.073687       -0.075328
     C    3       -0.175218       -0.075328        0.268334

     H    4        0.228366        0.331814        0.387917
     H    4        0.331814       -0.007994       -0.103043
     H    4        0.387917       -0.103043       -0.220373

     C    5       -0.417582        0.006413        0.180935
     C    5        0.006413        0.107967        0.153620
     C    5        0.180935        0.153620        0.309615

     H    6       -0.566270        0.060268       -0.359648
     H    6        0.060268        0.466877        0.296878
     H    6       -0.359648        0.296878        0.099394

     H    7       -0.158113        0.239014        0.116138
     H    7        0.239014       -0.162592       -0.572851
     H    7        0.116138       -0.572851        0.320704

     C    8        0.130510       -0.065858       -0.060297
     C    8       -0.065858        0.117859        0.303231
     C    8       -0.060297        0.303231       -0.248369

     H    9        0.362505        0.101119        0.581313
     H    9        0.101119       -0.329650       -0.356973
     H    9        0.581313       -0.356973       -0.032855

     C   10       -0.343385       -0.278128       -0.131925
     C   10       -0.278128        0.461150        0.169022
     C   10       -0.131925        0.169022       -0.117765

     C   11        0.160116        0.171129       -0.098506
     C   11        0.171129        0.422879        0.416804
     C   11       -0.098506        0.416804       -0.582995

     Cl  12        0.253826        1.815494       -0.198339
     Cl  12        1.815494        1.340267       -0.290135
     Cl  12       -0.198339       -0.290135       -1.594093

     H   13       -0.614640        0.215529       -0.092118
     H   13        0.215529        0.540030        0.314694
     H   13       -0.092118        0.314694        0.074610

     C   14        0.405259       -0.713380       -0.121754
     C   14       -0.713380       -0.142342       -0.336261
     C   14       -0.121754       -0.336261       -0.262917

     H   15        0.394534        0.324192        0.552068
     H   15        0.324192       -0.141159       -0.104077
     H   15        0.552068       -0.104077       -0.253375

     C   16       -0.181029        0.106263       -0.077853
     C   16        0.106263        0.226525        0.352602
     C   16       -0.077853        0.352602       -0.045496

     C   17        0.279306       -0.186911        0.193254
     C   17       -0.186911       -0.566947        0.224231
     C   17        0.193254        0.224231        0.287641

     Cl  18        0.519729       -0.269646        0.204728
     Cl  18       -0.269646       -0.264129       -0.161378
     Cl  18        0.204728       -0.161378       -0.255600

     H   19       -0.124558        0.049330       -0.119795
     H   19        0.049330        0.163465       -0.186803
     H   19       -0.119795       -0.186803       -0.038907

     C   20       -0.466861       -0.121482       -0.396605
     C   20       -0.121482        0.234144       -0.272181
     C   20       -0.396605       -0.272181        0.232717

     H   21        0.177786       -0.169890        0.548876
     H   21       -0.169890        0.108529       -0.127257
     H   21        0.548876       -0.127257       -0.286316

     C   22        0.069225        0.044443       -0.165202
     C   22        0.044443       -0.375035       -0.004465
     C   22       -0.165202       -0.004465        0.305810

     C   23       -0.461713       -0.128345       -0.262488
     C   23       -0.128345        0.666131       -0.255329
     C   23       -0.262488       -0.255329       -0.204418

     Cl  24        1.558901        3.269923       -0.205870
     Cl  24        3.269923        0.752052       -0.019584
     Cl  24       -0.205870       -0.019584       -2.310954

     ----- total EFG (symmetrized) -----
     Cl   1        0.623651       -0.595147        0.215148
     Cl   1       -0.595147        0.323444       -0.105859
     Cl   1        0.215148       -0.105859       -0.947095

     C    2       -0.107374       -0.028314        0.449248
     C    2       -0.028314       -0.466856       -0.197956
     C    2        0.449248       -0.197956        0.574230

     C    3       -0.194647        0.197901       -0.175218
     C    3        0.197901       -0.073687       -0.075328
     C    3       -0.175218       -0.075328        0.268334

     H    4        0.228366        0.331814        0.387917
     H    4        0.331814       -0.007994       -0.103043
     H    4        0.387917       -0.103043       -0.220373

     C    5       -0.417582        0.006413        0.180935
     C    5        0.006413        0.107967        0.153620
     C    5        0.180935        0.153620        0.309615

     H    6       -0.566270        0.060268       -0.359648
     H    6        0.060268        0.466877        0.296878
     H    6       -0.359648        0.296878        0.099394

     H    7       -0.158113        0.239014        0.116138
     H    7        0.239014       -0.162592       -0.572851
     H    7        0.116138       -0.572851        0.320704

     C    8        0.130510       -0.065858       -0.060297
     C    8       -0.065858        0.117859        0.303231
     C    8       -0.060297        0.303231       -0.248369

     H    9        0.362505        0.101119        0.581313
     H    9        0.101119       -0.329650       -0.356973
     H    9        0.581313       -0.356973       -0.032855

     C   10       -0.343385       -0.278128       -0.131925
     C   10       -0.278128        0.461150        0.169022
     C   10       -0.131925        0.169022       -0.117765

     C   11        0.160116        0.171129       -0.098506
     C   11        0.171129        0.422879        0.416804
     C   11       -0.098506        0.416804       -0.582995

     Cl  12        0.253826        1.815494       -0.198339
     Cl  12        1.815494        1.340267       -0.290135
     Cl  12       -0.198339       -0.290135       -1.594093

     H   13       -0.614640        0.215529       -0.092118
     H   13        0.215529        0.540030        0.314694
     H   13       -0.092118        0.314694        0.074610

     C   14        0.405259       -0.713380       -0.121754
     C   14       -0.713380       -0.142342       -0.336261
     C   14       -0.121754       -0.336261       -0.262917

     H   15        0.394534        0.324192        0.552068
     H   15        0.324192       -0.141159       -0.104077
     H   15        0.552068       -0.104077       -0.253375

     C   16       -0.181029        0.106263       -0.077853
     C   16        0.106263        0.226525        0.352602
     C   16       -0.077853        0.352602       -0.045496

     C   17        0.279306       -0.186911        0.193254
     C   17       -0.186911       -0.566947        0.224231
     C   17        0.193254        0.224231        0.287641

     Cl  18        0.519729       -0.269646        0.204728
     Cl  18       -0.269646       -0.264129       -0.161378
     Cl  18        0.204728       -0.161378       -0.255600

     H   19       -0.124558        0.049330       -0.119795
     H   19        0.049330        0.163465       -0.186803
     H   19       -0.119795       -0.186803       -0.038907

     C   20       -0.466861       -0.121482       -0.396605
     C   20       -0.121482        0.234144       -0.272181
     C   20       -0.396605       -0.272181        0.232717

     H   21        0.177786       -0.169890        0.548876
     H   21       -0.169890        0.108529       -0.127257
     H   21        0.548876       -0.127257       -0.286316

     C   22        0.069225        0.044443       -0.165202
     C   22        0.044443       -0.375035       -0.004465
     C   22       -0.165202       -0.004465        0.305810

     C   23       -0.461713       -0.128345       -0.262488
     C   23       -0.128345        0.666131       -0.255329
     C   23       -0.262488       -0.255329       -0.204418

     Cl  24        1.558901        3.269923       -0.205870
     Cl  24        3.269923        0.752052       -0.019584
     Cl  24       -0.205870       -0.019584       -2.310954


     NQR/NMR SPECTROSCOPIC PARAMETERS:
     Cl   1    Vxx=   -0.1375    axis=(  0.604953  0.794225  0.056913)
     Cl   1    Vyy=   -0.9766    axis=(  0.124520 -0.023765 -0.991932)
     Cl   1    Vzz=    1.1141    axis=( -0.786465  0.607159 -0.113274)
     Cl   1  Q=        -8.1650 1e-30 m^2  Cq=       -21.3734 MHz  eta= 0.75324

     C    2    Vxx=   -0.3097    axis=( -0.873091 -0.313321  0.373552)
     C    2    Vyy=   -0.5156    axis=( -0.224270  0.938393  0.262909)
     C    2    Vzz=    0.8253    axis=(  0.432914 -0.145768  0.889572)
     C    2  Q=         1.0000 1e-30 m^2  Cq=         1.9391 MHz  eta= 0.24937

     C    3    Vxx=   -0.0145    axis=(  0.411160  0.784805  0.463711)
     C    3    Vyy=   -0.3575    axis=(  0.828975 -0.533495  0.167882)
     C    3    Vzz=    0.3720    axis=( -0.379142 -0.315379  0.869935)
     C    3  Q=         1.0000 1e-30 m^2  Cq=         0.8741 MHz  eta= 0.92196

     H    4    Vxx=    0.0096    axis=( -0.143042  0.790511 -0.595510)
     H    4    Vyy=    0.5622    axis=(  0.833733  0.420475  0.357898)
     H    4    Vzz=   -0.5718    axis=( -0.533319  0.445302  0.719220)
     H    4  Q=         1.0000 1e-30 m^2  Cq=        -1.3436 MHz  eta= 0.96646

     C    5    Vxx=    0.0372    axis=(  0.149758 -0.900451  0.408363)
     C    5    Vyy=    0.4244    axis=(  0.192648  0.431680  0.881215)
     C    5    Vzz=   -0.4617    axis=( -0.969773 -0.053299  0.238118)
     C    5  Q=         1.0000 1e-30 m^2  Cq=        -1.0847 MHz  eta= 0.83870

     H    6    Vxx=    0.1031    axis=(  0.439425  0.523159 -0.730212)
     H    6    Vyy=    0.6466    axis=(  0.115894 -0.839126 -0.531448)
     H    6    Vzz=   -0.7497    axis=(  0.890772 -0.148905  0.429364)
     H    6  Q=         1.0000 1e-30 m^2  Cq=        -1.7615 MHz  eta= 0.72489

     H    7    Vxx=   -0.0257    axis=(  0.890209  0.353912  0.286835)
     H    7    Vyy=   -0.6767    axis=( -0.453432  0.749057  0.483025)
     H    7    Vzz=    0.7023    axis=( -0.043908 -0.560053  0.827292)
     H    7  Q=         1.0000 1e-30 m^2  Cq=         1.6502 MHz  eta= 0.92691

     C    8    Vxx=    0.0927    axis=(  0.913613  0.370369  0.167746)
     C    8    Vyy=    0.3275    axis=(  0.404874 -0.790904 -0.458856)
     C    8    Vzz=   -0.4202    axis=( -0.037275  0.487132 -0.872532)
     C    8  Q=         1.0000 1e-30 m^2  Cq=        -0.9874 MHz  eta= 0.55863

     H    9    Vxx=   -0.0463    axis=(  0.471739  0.750801 -0.462342)
     H    9    Vyy=   -0.7479    axis=( -0.398314  0.649259  0.647926)
     H    9    Vzz=    0.7942    axis=( -0.786644  0.121495 -0.605335)
     H    9  Q=         1.0000 1e-30 m^2  Cq=         1.8661 MHz  eta= 0.88343

     C   10    Vxx=   -0.1544    axis=( -0.164134 -0.329483  0.929785)
     C   10    Vyy=   -0.4498    axis=( -0.937909 -0.239877 -0.250572)
     C   10    Vzz=    0.6041    axis=(  0.305593 -0.913181 -0.269653)
     C   10  Q=         1.0000 1e-30 m^2  Cq=         1.4195 MHz  eta= 0.48895

     C   11    Vxx=    0.1476    axis=(  0.945262 -0.211779 -0.248253)
     C   11    Vyy=    0.6107    axis=(  0.282090  0.912766  0.295439)
     C   11    Vzz=   -0.7583    axis=(  0.164029 -0.349297  0.922543)
     C   11  Q=         1.0000 1e-30 m^2  Cq=        -1.7818 MHz  eta= 0.61060

     Cl  12    Vxx=   -1.0976    axis=(  0.803271 -0.595010  0.026815)
     Cl  12    Vyy=   -1.6231    axis=( -0.026825 -0.081116 -0.996344)
     Cl  12    Vzz=    2.7206    axis=(  0.595010  0.799614 -0.081120)
     Cl  12  Q=        -8.1650 1e-30 m^2  Cq=       -52.1943 MHz  eta= 0.19314

     H   13    Vxx=   -0.0317    axis=( -0.279782 -0.379837  0.881729)
     H   13    Vyy=   -0.6846    axis=( -0.953015  0.220966 -0.207212)
     H   13    Vzz=    0.7164    axis=( -0.116126 -0.898275 -0.423812)
     H   13  Q=         1.0000 1e-30 m^2  Cq=         1.6832 MHz  eta= 0.91143

     C   14    Vxx=   -0.0616    axis=( -0.358785 -0.380311  0.852430)
     C   14    Vyy=   -0.8414    axis=(  0.462783  0.720612  0.516284)
     C   14    Vzz=    0.9030    axis=( -0.810620  0.579725 -0.082544)
     C   14  Q=         1.0000 1e-30 m^2  Cq=         2.1218 MHz  eta= 0.86347

     H   15    Vxx=   -0.0790    axis=(  0.002089  0.861527 -0.507708)
     H   15    Vyy=   -0.6925    axis=( -0.507467  0.438391  0.741816)
     H   15    Vzz=    0.7716    axis=(  0.861669  0.256096  0.438112)
     H   15  Q=         1.0000 1e-30 m^2  Cq=         1.8129 MHz  eta= 0.79512

     C   16    Vxx=   -0.1013    axis=(  0.829854  0.261282 -0.493026)
     C   16    Vyy=   -0.3701    axis=( -0.553727  0.494534 -0.669943)
     C   16    Vzz=    0.4714    axis=( -0.068774 -0.828956 -0.555069)
     C   16  Q=         1.0000 1e-30 m^2  Cq=         1.1077 MHz  eta= 0.57018

     C   17    Vxx=    0.1997    axis=( -0.694505  0.352721  0.627097)
     C   17    Vyy=    0.4778    axis=(  0.679658  0.035654  0.732662)
     C   17    Vzz=   -0.6776    axis=(  0.236067  0.935049 -0.264492)
     C   17  Q=         1.0000 1e-30 m^2  Cq=        -1.5920 MHz  eta= 0.41043

     Cl  18    Vxx=   -0.2428    axis=( -0.393415 -0.557311  0.731183)
     Cl  18    Vyy=   -0.4255    axis=(  0.082943  0.770558  0.631950)
     Cl  18    Vzz=    0.6683    axis=(  0.915612 -0.309265  0.256924)
     Cl  18  Q=        -8.1650 1e-30 m^2  Cq=       -12.8201 MHz  eta= 0.27348

     H   19    Vxx=   -0.0750    axis=(  0.681028 -0.533648 -0.501419)
     H   19    Vyy=   -0.2258    axis=(  0.690467  0.239969  0.682400)
     H   19    Vzz=    0.3008    axis=(  0.243836  0.810947 -0.531892)
     H   19  Q=         1.0000 1e-30 m^2  Cq=         0.7068 MHz  eta= 0.50129

     C   20    Vxx=    0.1479    axis=(  0.440567 -0.780295 -0.443893)
     C   20    Vyy=    0.5531    axis=(  0.235195  0.577522 -0.781762)
     C   20    Vzz=   -0.7010    axis=(  0.866363  0.240017  0.437958)
     C   20  Q=         1.0000 1e-30 m^2  Cq=        -1.6471 MHz  eta= 0.57804

     H   21    Vxx=    0.0223    axis=(  0.324116  0.925761  0.194719)
     H   21    Vyy=    0.6281    axis=( -0.769742  0.377731 -0.514603)
     H   21    Vzz=   -0.6504    axis=( -0.549951  0.016908  0.835026)
     H   21  Q=         1.0000 1e-30 m^2  Cq=        -1.5281 MHz  eta= 0.93148

     C   22    Vxx=   -0.0118    axis=(  0.881935  0.102255  0.460145)
     C   22    Vyy=   -0.3797    axis=( -0.105402  0.994250 -0.018926)
     C   22    Vzz=    0.3915    axis=( -0.459435 -0.031809  0.887642)
     C   22  Q=         1.0000 1e-30 m^2  Cq=         0.9198 MHz  eta= 0.93963

     C   23    Vxx=   -0.0671    axis=(  0.583983 -0.173895 -0.792922)
     C   23    Vyy=   -0.6711    axis=(  0.810277  0.184008  0.556410)
     C   23    Vzz=    0.7382    axis=( -0.049147  0.967420 -0.248361)
     C   23  Q=         1.0000 1e-30 m^2  Cq=         1.7345 MHz  eta= 0.81823

     Cl  24    Vxx=   -2.0771    axis=( -0.581094  0.674786  0.454966)
     Cl  24    Vyy=   -2.3773    axis=( -0.317800  0.326508 -0.890166)
     Cl  24    Vzz=    4.4543    axis=( -0.749221 -0.661858  0.024715)
     Cl  24  Q=        -8.1650 1e-30 m^2  Cq=       -85.4540 MHz  eta= 0.06740

     Initialization:
     gipaw_setup  :      9.63s CPU     11.50s WALL (       1 calls)

     Linear response

     Apply operators

     Induced current

     Other routines
     efg          :      9.36s CPU     11.82s WALL (       1 calls)

     General routines
     calbec       :      3.36s CPU      4.36s WALL (      16 calls)
     fft          :      1.42s CPU      1.83s WALL (      15 calls)
     ffts         :      0.04s CPU      0.04s WALL (       2 calls)
     fftw         :      3.24s CPU      4.05s WALL (     672 calls)
     davcio       :      0.05s CPU      0.35s WALL (      32 calls)

     Parallel routines
     fft_scatter  :      2.14s CPU      3.13s WALL (     689 calls)

     Plugins

     GIPAW        :     62.80s CPU     72.72s WALL (       1 calls)
