
     Program QE v.6.0 (svn rev. 13079) starts on 17Dec2016 at 16:11: 7 

     This program is part of the open-source Quantum ESPRESSO suite
     for quantum simulation of materials; please cite
         "P. Giannozzi et al., J. Phys.:Condens. Matter 21 395502 (2009);
          URL http://www.quantum-espresso.org", 
     in publications or presentations arising from this work. More details at
     http://www.quantum-espresso.org/quote

     Parallel version (MPI), running on     8 processors
     R & G space division:  proc/nbgrp/npool/nimage =       8

     ***** This is GIPAW svn revision unknown      *****

     Parallelizing q-star over 1 images

     Reading data from directory:
     /users/majewski/paradichlorobenzene/pbe/9_constraint/scratch/pbe.ecut100.np8.dt60.pcl2phi-129368.save
     Message from routine read_xml_file:
     file /users/majewski/paradichlorobenzene/pbe/9_constraint/scratch/pbe.ecut100.np8.dt60.pcl2phi-129368.save not guaranteed to be safe for post-processing

   Info: using nr1, nr2, nr3 values from input

   Info: using nr1, nr2, nr3 values from input

     IMPORTANT: XC functional enforced from input :
     Exchange-correlation      =  SLA  PW   PBX  PBC ( 1  4  3  4 0 0)
     Any further DFT definition will be discarded
     Please, verify this is what you really want

               file C.pbe-n-kjpaw_psl.1.0.0.UPF: wavefunction(s)  2S 2P renormalized
               file Cl.pbe-n-kjpaw_psl.1.0.0.UPF: wavefunction(s)  3S 3P renormalized
               file H.pbe-kjpaw_psl.1.0.0.UPF: wavefunction(s)  1S renormalized

     Parallelization info
     --------------------
     sticks:   dense  smooth     PW     G-vecs:    dense   smooth      PW
     Min        3057    1223    332               144436    36536    5170
     Max        3059    1225    333               144437    36537    5171
     Sum       24467    9791   2657              1155489   292295   41363


     Subspace diagonalization in iterative solution of the eigenvalue problem:
     a serial algorithm will be used

     GIPAW projectors -----------------------------------------------
     atom=  C    l=0  rc=    1.2000  rs=    0.8000
     atom=  C    l=0  rc=    1.2000  rs=    0.8000
     atom=  C    l=1  rc=    1.4000  rs=    0.9333
     atom=  C    l=1  rc=    1.4000  rs=    0.9333
     projs nearly linearly dependent: l=1  n1,n2= 1, 2  s=  0.99951561

     atom=  Cl   l=0  rc=    1.6000  rs=    1.0667
     atom=  Cl   l=0  rc=    1.6000  rs=    1.0667
     atom=  Cl   l=1  rc=    1.6000  rs=    1.0667
     atom=  Cl   l=1  rc=    1.6000  rs=    1.0667
     atom=  Cl   l=2  rc=    1.6000  rs=    1.0667
     atom=  Cl   l=2  rc=    1.6000  rs=    1.0667
     projs nearly linearly dependent: l=2  n1,n2= 1, 2  s=  0.99993509

     atom=  H    l=0  rc=    1.0000  rs=    0.6667
     atom=  H    l=0  rc=    1.0000  rs=    0.6667
     projs nearly linearly dependent: l=0  n1,n2= 1, 2  s=  0.99968852
     -----------------------------------------------------------------

     GIPAW integrals: -------------------------------------------
     Atom  i/j   nmr_para   nmr_dia   epr_rmc  epr_para   epr_dia
       C   1 1   0.83E+03  0.17E-01  0.93E+01  0.24E+08  0.24E+03
       C   2 1   0.86E+03 -0.61E-01  0.94E+01  0.25E+08  0.25E+03
       C   2 2   0.90E+03 -0.15E+00  0.97E+01  0.26E+08  0.26E+03
       C   3 3   0.33E+01  0.34E+00  0.18E+01  0.55E+03  0.21E+02
       C   4 3   0.35E+01  0.37E+00  0.20E+01  0.59E+03  0.22E+02
       C   4 4   0.38E+01  0.39E+00  0.22E+01  0.63E+03  0.24E+02
       Cl  1 1   0.14E+04 -0.47E+00  0.84E+01  0.32E+09  0.42E+03
       Cl  2 1   0.21E+04 -0.37E+00  0.12E+02  0.49E+09  0.65E+03
       Cl  2 2   0.33E+04 -0.16E+00  0.21E+02  0.76E+09  0.10E+04
       Cl  3 3   0.21E+02  0.79E-01  0.89E+01  0.23E+05  0.13E+03
       Cl  4 3   0.24E+02  0.67E-01  0.99E+01  0.27E+05  0.15E+03
       Cl  4 4   0.28E+02  0.44E-01  0.11E+02  0.32E+05  0.18E+03
       Cl  5 5   0.77E+00  0.19E+00  0.18E+01  0.12E+03  0.22E+02
       Cl  6 5   0.80E+00  0.19E+00  0.19E+01  0.12E+03  0.23E+02
       Cl  6 6   0.83E+00  0.20E+00  0.19E+01  0.12E+03  0.23E+02
       H   1 1   0.39E+02  0.19E+00  0.29E+00  0.78E+05  0.13E+02
       H   2 1   0.41E+02  0.21E+00  0.32E+00  0.82E+05  0.14E+02
       H   2 2   0.43E+02  0.22E+00  0.36E+00  0.86E+05  0.15E+02
     ------------------------------------------------------------

     alpha_pv=     34.1849 eV

     Number of occupied bands for each k-point:
     k-point:     1    nbnd_occ=  42
     k-point:     2    nbnd_occ=  42
     k-point:     3    nbnd_occ=  42
     k-point:     4    nbnd_occ=  42
     k-point:     5    nbnd_occ=  42
     k-point:     6    nbnd_occ=  42
     k-point:     7    nbnd_occ=  42
     k-point:     8    nbnd_occ=  42
     k-point:     9    nbnd_occ=  42
     k-point:    10    nbnd_occ=  42
     k-point:    11    nbnd_occ=  42
     k-point:    12    nbnd_occ=  42
     k-point:    13    nbnd_occ=  42
     k-point:    14    nbnd_occ=  42
     k-point:    15    nbnd_occ=  42
     k-point:    16    nbnd_occ=  42


     q-space interpolation up to   110.00 Rydberg

     GIPAW job: efg                                                                             


     ELECTRIC FIELD GRADIENTS TENSORS IN Hartree/bohrradius^2:

     ----- bare term -----
     Cl   1        0.008444        0.013205       -0.114579
     Cl   1        0.013205       -0.010455       -0.085876
     Cl   1       -0.114579       -0.085876        0.002011

     C    2       -0.335980        0.334585       -0.337871
     C    2        0.334585       -0.097931       -0.231835
     C    2       -0.337871       -0.231835        0.433911

     C    3       -0.075118        0.126965       -0.227469
     C    3        0.126965       -0.089948       -0.665820
     C    3       -0.227469       -0.665820        0.165066

     H    4       -0.063348       -0.139153       -0.451830
     H    4       -0.139153        0.422159        0.011062
     H    4       -0.451830        0.011062       -0.358811

     C    5       -0.590865        0.372906       -0.407910
     C    5        0.372906        0.383162       -0.230606
     C    5       -0.407910       -0.230606        0.207703

     H    6        0.382393       -0.075250        0.297206
     H    6       -0.075250        0.026411       -0.253711
     H    6        0.297206       -0.253711       -0.408804

     H    7        0.293261       -0.248934        0.044400
     H    7       -0.248934       -0.577363        0.424598
     H    7        0.044400        0.424598        0.284102

     C    8       -0.201575       -0.012872       -0.309043
     C    8       -0.012872        0.018476        0.491788
     C    8       -0.309043        0.491788        0.183100

     H    9       -0.004421        0.162100       -0.413933
     H    9        0.162100        0.361319        0.403430
     H    9       -0.413933        0.403430       -0.356898

     C   10       -0.673109       -0.389876       -0.319455
     C   10       -0.389876        0.281230        0.160442
     C   10       -0.319455        0.160442        0.391879

     C   11        0.040396       -0.263705       -0.084608
     C   11       -0.263705       -0.025362        0.601311
     C   11       -0.084608        0.601311       -0.015034

     Cl  12       -0.178724       -0.181211        0.012323
     Cl  12       -0.181211        0.115729       -0.114938
     Cl  12        0.012323       -0.114938        0.062995

     H   13        0.021007        0.251921        0.294844
     H   13        0.251921       -0.078763       -0.473233
     H   13        0.294844       -0.473233        0.057757

     C   14       -0.053462       -0.263843       -0.518349
     C   14       -0.263843       -0.154221       -0.392753
     C   14       -0.518349       -0.392753        0.207683

     H   15       -0.042337       -0.152333       -0.366994
     H   15       -0.152333       -0.070992       -0.497791
     H   15       -0.366994       -0.497791        0.113329

     C   16       -0.523611        0.349860       -0.375993
     C   16        0.349860        0.115375       -0.029950
     C   16       -0.375993       -0.029950        0.408236

     C   17        0.017360       -0.055771       -0.265075
     C   17       -0.055771       -0.012207       -0.585442
     C   17       -0.265075       -0.585442       -0.005153

     Cl  18       -0.149928        0.262077       -0.011102
     Cl  18        0.262077       -0.096833       -0.052165
     Cl  18       -0.011102       -0.052165        0.246761

     H   19       -0.024060        0.009743        0.246235
     H   19        0.009743       -0.086765        0.491050
     H   19        0.246235        0.491050        0.110825

     C   20       -0.442036       -0.281233       -0.401088
     C   20       -0.281233        0.322893        0.149597
     C   20       -0.401088        0.149597        0.119143

     H   21       -0.005400        0.137946       -0.340681
     H   21        0.137946        0.487166        0.015541
     H   21       -0.340681        0.015541       -0.481766

     C   22        0.022217       -0.338793       -0.125678
     C   22       -0.338793       -0.175548        0.297000
     C   22       -0.125678        0.297000        0.153331

     C   23       -0.194192       -0.208474       -0.393405
     C   23       -0.208474       -0.052110        0.336517
     C   23       -0.393405        0.336517        0.246303

     Cl  24       -0.108695       -0.047064       -0.095078
     Cl  24       -0.047064       -0.062081        0.110784
     Cl  24       -0.095078        0.110784        0.170776

     ----- ionic term -----
     Cl   1        0.196641       -0.231449       -0.012775
     Cl   1       -0.231449       -0.055514        0.004413
     Cl   1       -0.012775        0.004413       -0.141127

     C    2        0.263913       -0.237852        0.183831
     C    2       -0.237852       -0.076376        0.434965
     C    2        0.183831        0.434965       -0.187538

     C    3        0.117854       -0.233154        0.130914
     C    3       -0.233154       -0.003071        0.437522
     C    3        0.130914        0.437522       -0.114783

     H    4        0.298719        0.331090        0.720800
     H    4        0.331090       -0.408054        0.354107
     H    4        0.720800        0.354107        0.109335

     C    5        0.238967       -0.144643        0.285834
     C    5       -0.144643       -0.127314        0.360873
     C    5        0.285834        0.360873       -0.111653

     H    6       -0.528627       -0.039818       -0.020239
     H    6       -0.039818        0.409980        0.795666
     H    6       -0.020239        0.795666        0.118647

     H    7       -0.518736        0.112852       -0.054415
     H    7        0.112852        0.616807       -0.713815
     H    7       -0.054415       -0.713815       -0.098071

     C    8        0.165614        0.259610        0.278813
     C    8        0.259610        0.009494       -0.295174
     C    8        0.278813       -0.295174       -0.175108

     H    9        0.312814       -0.175330        0.771478
     H    9       -0.175330       -0.515873       -0.230396
     H    9        0.771478       -0.230396        0.203059

     C   10        0.071210        0.301023        0.203735
     C   10        0.301023        0.074944       -0.406965
     C   10        0.203735       -0.406965       -0.146154

     C   11        0.116987        0.233615        0.307997
     C   11        0.233615        0.083244       -0.419198
     C   11        0.307997       -0.419198       -0.200232

     Cl  12        0.099988        0.230848        0.045416
     Cl  12        0.230848        0.059212        0.026901
     Cl  12        0.045416        0.026901       -0.159200

     H   13       -0.483361       -0.155078       -0.080520
     H   13       -0.155078        0.581855        0.738734
     H   13       -0.080520        0.738734       -0.098494

     C   14        0.333826       -0.261161        0.219340
     C   14       -0.261161       -0.048836        0.314680
     C   14        0.219340        0.314680       -0.284990

     H   15        0.610032        0.369087        0.654962
     H   15        0.369087       -0.417174        0.287566
     H   15        0.654962        0.287566       -0.192857

     C   16        0.224089       -0.299338        0.132154
     C   16       -0.299338        0.030722        0.420680
     C   16        0.132154        0.420680       -0.254811

     C   17        0.217233       -0.222125        0.300637
     C   17       -0.222125       -0.066922        0.447473
     C   17        0.300637        0.447473       -0.150311

     Cl  18        0.193366       -0.208191        0.030834
     Cl  18       -0.208191       -0.045508       -0.011082
     Cl  18        0.030834       -0.011082       -0.147859

     H   19       -0.500215        0.076042        0.005990
     H   19        0.076042        0.791941       -0.620075
     H   19        0.005990       -0.620075       -0.291725

     C   20        0.308625        0.254347        0.344590
     C   20        0.254347        0.026442       -0.255229
     C   20        0.344590       -0.255229       -0.335067

     H   21        0.532873       -0.404710        0.667159
     H   21       -0.404710       -0.344786       -0.311555
     H   21        0.667159       -0.311555       -0.188087

     C   22        0.197142        0.271734        0.229256
     C   22        0.271734        0.120382       -0.339860
     C   22        0.229256       -0.339860       -0.317524

     C   23        0.124925        0.248135        0.296842
     C   23        0.248135        0.053675       -0.382296
     C   23        0.296842       -0.382296       -0.178600

     Cl  24        0.174929        0.236100        0.034447
     Cl  24        0.236100       -0.035305        0.009833
     Cl  24        0.034447        0.009833       -0.139624

     ----- GIPAW term -----
     Cl   1        1.799426       -1.180093       -2.042986
     Cl   1       -1.180093       -0.918384       -0.828675
     Cl   1       -2.042986       -0.828675       -0.881042

     C    2        0.091458       -0.152200       -0.160075
     C    2       -0.152200       -0.047191        0.051450
     C    2       -0.160075        0.051450       -0.044268

     C    3       -0.109436       -0.016200       -0.039980
     C    3       -0.016200        0.174593       -0.166042
     C    3       -0.039980       -0.166042       -0.065158

     H    4       -0.000000        0.000000        0.000000
     H    4        0.000000        0.000000        0.000000
     H    4        0.000000        0.000000        0.000000

     C    5       -0.118674        0.171657       -0.091474
     C    5        0.171657        0.186101       -0.102584
     C    5       -0.091474       -0.102584       -0.067427

     H    6       -0.000000        0.000000        0.000000
     H    6        0.000000        0.000000        0.000000
     H    6        0.000000        0.000000        0.000000

     H    7       -0.000000        0.000000        0.000000
     H    7        0.000000        0.000000        0.000000
     H    7        0.000000        0.000000        0.000000

     C    8       -0.095653        0.038266       -0.043372
     C    8        0.038266        0.191038        0.088463
     C    8       -0.043372        0.088463       -0.095385

     H    9       -0.000000        0.000000        0.000000
     H    9        0.000000        0.000000        0.000000
     H    9        0.000000        0.000000        0.000000

     C   10       -0.238675       -0.083485       -0.061557
     C   10       -0.083485        0.264012       -0.073603
     C   10       -0.061557       -0.073603       -0.025337

     C   11        0.009782       -0.117904       -0.025298
     C   11       -0.117904        0.170902        0.101887
     C   11       -0.025298        0.101887       -0.180685

     Cl  12        0.161165        1.170623        0.117263
     Cl  12        1.170623        1.171870       -1.079957
     Cl  12        0.117263       -1.079957       -1.333035

     H   13       -0.000000        0.000000        0.000000
     H   13        0.000000        0.000000        0.000000
     H   13        0.000000        0.000000        0.000000

     C   14        0.070404       -0.185537       -0.209537
     C   14       -0.185537       -0.085895        0.032990
     C   14       -0.209537        0.032990        0.015491

     H   15       -0.000000        0.000000        0.000000
     H   15        0.000000        0.000000        0.000000
     H   15        0.000000        0.000000        0.000000

     C   16       -0.086767       -0.118084       -0.156217
     C   16       -0.118084        0.092344        0.152975
     C   16       -0.156217        0.152975       -0.005577

     C   17       -0.063646       -0.076308       -0.025782
     C   17       -0.076308        0.258230        0.019312
     C   17       -0.025782        0.019312       -0.194584

     Cl  18       -0.892936        0.513559        0.189752
     Cl  18        0.513559        2.237401        1.003560
     Cl  18        0.189752        1.003560       -1.344464

     H   19       -0.000000        0.000000        0.000000
     H   19        0.000000        0.000000        0.000000
     H   19        0.000000        0.000000        0.000000

     C   20       -0.031767       -0.149359       -0.091667
     C   20       -0.149359        0.097073        0.066955
     C   20       -0.091667        0.066955       -0.065306

     H   21       -0.000000        0.000000        0.000000
     H   21        0.000000        0.000000        0.000000
     H   21        0.000000        0.000000        0.000000

     C   22       -0.013557       -0.089230       -0.099134
     C   22       -0.089230       -0.031791        0.103855
     C   22       -0.099134        0.103855        0.045349

     C   23       -0.052729       -0.040093       -0.120960
     C   23       -0.040093        0.024283        0.167194
     C   23       -0.120960        0.167194        0.028447

     Cl  24       -0.342469        1.356533       -0.882993
     Cl  24        1.356533       -0.589421        1.743013
     Cl  24       -0.882993        1.743013        0.931890

     ----- total EFG -----
     Cl   1        2.004510       -1.398338       -2.170340
     Cl   1       -1.398338       -0.984352       -0.910138
     Cl   1       -2.170340       -0.910138       -1.020158

     C    2        0.019392       -0.055467       -0.314115
     C    2       -0.055467       -0.221497        0.254580
     C    2       -0.314115        0.254580        0.202105

     C    3       -0.066699       -0.122390       -0.136535
     C    3       -0.122390        0.081574       -0.394341
     C    3       -0.136535       -0.394341       -0.014875

     H    4        0.235371        0.191937        0.268970
     H    4        0.191937        0.014104        0.365169
     H    4        0.268970        0.365169       -0.249475

     C    5       -0.470571        0.399920       -0.213550
     C    5        0.399920        0.441949        0.027683
     C    5       -0.213550        0.027683        0.028623

     H    6       -0.146233       -0.115068        0.276967
     H    6       -0.115068        0.436391        0.541956
     H    6        0.276967        0.541956       -0.290157

     H    7       -0.225476       -0.136082       -0.010015
     H    7       -0.136082        0.039444       -0.289217
     H    7       -0.010015       -0.289217        0.186031

     C    8       -0.131615        0.285004       -0.073602
     C    8        0.285004        0.219008        0.285077
     C    8       -0.073602        0.285077       -0.087392

     H    9        0.308392       -0.013230        0.357545
     H    9       -0.013230       -0.154554        0.173034
     H    9        0.357545        0.173034       -0.153839

     C   10       -0.840573       -0.172337       -0.177277
     C   10       -0.172337        0.620185       -0.320126
     C   10       -0.177277       -0.320126        0.220388

     C   11        0.167166       -0.147993        0.198092
     C   11       -0.147993        0.228785        0.284001
     C   11        0.198092        0.284001       -0.395950

     Cl  12        0.082429        1.220260        0.175002
     Cl  12        1.220260        1.346811       -1.167995
     Cl  12        0.175002       -1.167995       -1.429240

     H   13       -0.462354        0.096843        0.214324
     H   13        0.096843        0.503092        0.265502
     H   13        0.214324        0.265502       -0.040737

     C   14        0.350768       -0.710541       -0.508546
     C   14       -0.710541       -0.288951       -0.045084
     C   14       -0.508546       -0.045084       -0.061817

     H   15        0.567695        0.216754        0.287968
     H   15        0.216754       -0.488166       -0.210225
     H   15        0.287968       -0.210225       -0.079529

     C   16       -0.386289       -0.067561       -0.400057
     C   16       -0.067561        0.238441        0.543704
     C   16       -0.400057        0.543704        0.147848

     C   17        0.170947       -0.354205        0.009780
     C   17       -0.354205        0.179101       -0.118657
     C   17        0.009780       -0.118657       -0.350048

     Cl  18       -0.849498        0.567446        0.209484
     Cl  18        0.567446        2.095059        0.940313
     Cl  18        0.209484        0.940313       -1.245562

     H   19       -0.524275        0.085785        0.252224
     H   19        0.085785        0.705175       -0.129024
     H   19        0.252224       -0.129024       -0.180900

     C   20       -0.165178       -0.176244       -0.148165
     C   20       -0.176244        0.446408       -0.038676
     C   20       -0.148165       -0.038676       -0.281230

     H   21        0.527473       -0.266763        0.326479
     H   21       -0.266763        0.142381       -0.296014
     H   21        0.326479       -0.296014       -0.669853

     C   22        0.205802       -0.156290        0.004443
     C   22       -0.156290       -0.086957        0.060996
     C   22        0.004443        0.060996       -0.118845

     C   23       -0.121996       -0.000433       -0.217523
     C   23       -0.000433        0.025847        0.121415
     C   23       -0.217523        0.121415        0.096150

     Cl  24       -0.276235        1.545569       -0.943625
     Cl  24        1.545569       -0.686807        1.863629
     Cl  24       -0.943625        1.863629        0.963042

     ----- total EFG (symmetrized) -----
     Cl   1        2.004510       -1.398338       -2.170340
     Cl   1       -1.398338       -0.984352       -0.910138
     Cl   1       -2.170340       -0.910138       -1.020158

     C    2        0.019392       -0.055467       -0.314115
     C    2       -0.055467       -0.221497        0.254580
     C    2       -0.314115        0.254580        0.202105

     C    3       -0.066699       -0.122390       -0.136535
     C    3       -0.122390        0.081574       -0.394341
     C    3       -0.136535       -0.394341       -0.014875

     H    4        0.235371        0.191937        0.268970
     H    4        0.191937        0.014104        0.365169
     H    4        0.268970        0.365169       -0.249475

     C    5       -0.470571        0.399920       -0.213550
     C    5        0.399920        0.441949        0.027683
     C    5       -0.213550        0.027683        0.028623

     H    6       -0.146233       -0.115068        0.276967
     H    6       -0.115068        0.436391        0.541956
     H    6        0.276967        0.541956       -0.290157

     H    7       -0.225476       -0.136082       -0.010015
     H    7       -0.136082        0.039444       -0.289217
     H    7       -0.010015       -0.289217        0.186031

     C    8       -0.131615        0.285004       -0.073602
     C    8        0.285004        0.219008        0.285077
     C    8       -0.073602        0.285077       -0.087392

     H    9        0.308392       -0.013230        0.357545
     H    9       -0.013230       -0.154554        0.173034
     H    9        0.357545        0.173034       -0.153839

     C   10       -0.840573       -0.172337       -0.177277
     C   10       -0.172337        0.620185       -0.320126
     C   10       -0.177277       -0.320126        0.220388

     C   11        0.167166       -0.147993        0.198092
     C   11       -0.147993        0.228785        0.284001
     C   11        0.198092        0.284001       -0.395950

     Cl  12        0.082429        1.220260        0.175002
     Cl  12        1.220260        1.346811       -1.167995
     Cl  12        0.175002       -1.167995       -1.429240

     H   13       -0.462354        0.096843        0.214324
     H   13        0.096843        0.503092        0.265502
     H   13        0.214324        0.265502       -0.040737

     C   14        0.350768       -0.710541       -0.508546
     C   14       -0.710541       -0.288951       -0.045084
     C   14       -0.508546       -0.045084       -0.061817

     H   15        0.567695        0.216754        0.287968
     H   15        0.216754       -0.488166       -0.210225
     H   15        0.287968       -0.210225       -0.079529

     C   16       -0.386289       -0.067561       -0.400057
     C   16       -0.067561        0.238441        0.543704
     C   16       -0.400057        0.543704        0.147848

     C   17        0.170947       -0.354205        0.009780
     C   17       -0.354205        0.179101       -0.118657
     C   17        0.009780       -0.118657       -0.350048

     Cl  18       -0.849498        0.567446        0.209484
     Cl  18        0.567446        2.095059        0.940313
     Cl  18        0.209484        0.940313       -1.245562

     H   19       -0.524275        0.085785        0.252224
     H   19        0.085785        0.705175       -0.129024
     H   19        0.252224       -0.129024       -0.180900

     C   20       -0.165178       -0.176244       -0.148165
     C   20       -0.176244        0.446408       -0.038676
     C   20       -0.148165       -0.038676       -0.281230

     H   21        0.527473       -0.266763        0.326479
     H   21       -0.266763        0.142381       -0.296014
     H   21        0.326479       -0.296014       -0.669853

     C   22        0.205802       -0.156290        0.004443
     C   22       -0.156290       -0.086957        0.060996
     C   22        0.004443        0.060996       -0.118845

     C   23       -0.121996       -0.000433       -0.217523
     C   23       -0.000433        0.025847        0.121415
     C   23       -0.217523        0.121415        0.096150

     Cl  24       -0.276235        1.545569       -0.943625
     Cl  24        1.545569       -0.686807        1.863629
     Cl  24       -0.943625        1.863629        0.963042


     NQR/NMR SPECTROSCOPIC PARAMETERS:
     Cl   1    Vxx=   -0.1392    axis=( -0.089520  0.794662 -0.600416)
     Cl   1    Vyy=   -3.1698    axis=( -0.443932 -0.571477 -0.690173)
     Cl   1    Vzz=    3.3089    axis=( -0.891578  0.204760  0.403934)
     Cl   1  Q=        -8.1650 1e-30 m^2  Cq=       -63.4803 MHz  eta= 0.91589

     C    2    Vxx=   -0.1472    axis=(  0.786645  0.525207  0.324573)
     C    2    Vyy=   -0.3685    axis=( -0.312008  0.791806 -0.525067)
     C    2    Vzz=    0.5157    axis=( -0.532767  0.311772  0.786739)
     C    2  Q=         1.0000 1e-30 m^2  Cq=         1.2117 MHz  eta= 0.42895

     C    3    Vxx=    0.0207    axis=(  0.902677 -0.283316 -0.323891)
     C    3    Vyy=    0.4306    axis=( -0.002525  0.749179 -0.662363)
     C    3    Vzz=   -0.4513    axis=(  0.430311  0.598718  0.675551)
     C    3  Q=         1.0000 1e-30 m^2  Cq=        -1.0605 MHz  eta= 0.90825

     H    4    Vxx=   -0.0456    axis=(  0.702111 -0.662649 -0.260645)
     H    4    Vyy=   -0.5248    axis=(  0.169240  0.510843 -0.842851)
     H    4    Vzz=    0.5704    axis=(  0.691663  0.547664  0.470815)
     H    4  Q=         1.0000 1e-30 m^2  Cq=         1.3403 MHz  eta= 0.84002

     C    5    Vxx=    0.0860    axis=( -0.232188  0.186615  0.954601)
     C    5    Vyy=    0.5970    axis=( -0.365434 -0.926261  0.092190)
     C    5    Vzz=   -0.6829    axis=(  0.901414 -0.327439  0.283262)
     C    5  Q=         1.0000 1e-30 m^2  Cq=        -1.6047 MHz  eta= 0.74822

     H    6    Vxx=    0.0051    axis=(  0.889979 -0.245460  0.384299)
     H    6    Vyy=    0.7266    axis=( -0.035847 -0.877812 -0.477661)
     H    6    Vzz=   -0.7317    axis=(  0.454589  0.411333 -0.790034)
     H    6  Q=         1.0000 1e-30 m^2  Cq=        -1.7192 MHz  eta= 0.98606

     H    7    Vxx=   -0.0948    axis=( -0.621864  0.556540  0.550953)
     H    7    Vyy=   -0.3255    axis=( -0.773836 -0.544736 -0.323173)
     H    7    Vzz=    0.4203    axis=(  0.120265 -0.627316  0.769422)
     H    7  Q=         1.0000 1e-30 m^2  Cq=         0.9875 MHz  eta= 0.54879

     C    8    Vxx=   -0.0353    axis=( -0.686359 -0.044524  0.725899)
     C    8    Vyy=   -0.4334    axis=( -0.634251  0.525045 -0.567498)
     C    8    Vzz=    0.4687    axis=(  0.355862  0.849909  0.388608)
     C    8  Q=         1.0000 1e-30 m^2  Cq=         1.1012 MHz  eta= 0.84943

     H    9    Vxx=   -0.0725    axis=(  0.330139 -0.862460 -0.383630)
     H    9    Vyy=   -0.4384    axis=(  0.382597  0.493798 -0.780886)
     H    9    Vzz=    0.5110    axis=(  0.862918  0.111025  0.492996)
     H    9  Q=         1.0000 1e-30 m^2  Cq=         1.2006 MHz  eta= 0.71613

     C   10    Vxx=    0.1028    axis=( -0.243673  0.450342  0.858962)
     C   10    Vyy=    0.8004    axis=(  0.041312 -0.880034  0.473110)
     C   10    Vzz=   -0.9032    axis=( -0.968977 -0.150770 -0.195836)
     C   10  Q=         1.0000 1e-30 m^2  Cq=        -2.1222 MHz  eta= 0.77228

     C   11    Vxx=    0.2114    axis=(  0.849924  0.313230  0.423695)
     C   11    Vyy=    0.3706    axis=(  0.429902 -0.877172 -0.213898)
     C   11    Vzz=   -0.5819    axis=( -0.304654 -0.363945  0.880188)
     C   11  Q=         1.0000 1e-30 m^2  Cq=        -1.3673 MHz  eta= 0.27356

     Cl  12    Vxx=   -0.2779    axis=(  0.840057 -0.311759  0.443972)
     Cl  12    Vyy=   -2.0422    axis=( -0.304419  0.406497  0.861446)
     Cl  12    Vzz=    2.3202    axis=( -0.449037 -0.858817  0.246575)
     Cl  12  Q=        -8.1650 1e-30 m^2  Cq=       -44.5113 MHz  eta= 0.76041

     H   13    Vxx=   -0.0861    axis=( -0.359936  0.431838 -0.827020)
     H   13    Vyy=   -0.5524    axis=( -0.919559 -0.014407  0.392688)
     H   13    Vzz=    0.6385    axis=(  0.157662  0.901836  0.402286)
     H   13  Q=         1.0000 1e-30 m^2  Cq=         1.5001 MHz  eta= 0.73031

     C   14    Vxx=   -0.0915    axis=(  0.096626 -0.538814  0.836865)
     C   14    Vyy=   -0.8840    axis=(  0.574987  0.716525  0.394944)
     C   14    Vzz=    0.9755    axis=( -0.812436  0.443025  0.379046)
     C   14  Q=         1.0000 1e-30 m^2  Cq=         2.2920 MHz  eta= 0.81239

     H   15    Vxx=   -0.0327    axis=(  0.224323  0.494370 -0.839808)
     H   15    Vyy=   -0.6595    axis=(  0.255174 -0.861500 -0.438980)
     H   15    Vzz=    0.6922    axis=( -0.940513 -0.115824 -0.319405)
     H   15  Q=         1.0000 1e-30 m^2  Cq=         1.6264 MHz  eta= 0.90553

     C   16    Vxx=   -0.1668    axis=( -0.585299 -0.683278  0.436527)
     C   16    Vyy=   -0.6605    axis=( -0.766035  0.289545 -0.573893)
     C   16    Vzz=    0.8273    axis=(  0.265734 -0.670295 -0.692886)
     C   16  Q=         1.0000 1e-30 m^2  Cq=         1.9437 MHz  eta= 0.59676

     C   17    Vxx=   -0.1515    axis=(  0.699952  0.627730 -0.340619)
     C   17    Vyy=   -0.3872    axis=( -0.178857 -0.307662 -0.934534)
     C   17    Vzz=    0.5387    axis=( -0.691431  0.715051 -0.103075)
     C   17  Q=         1.0000 1e-30 m^2  Cq=         1.2658 MHz  eta= 0.43766

     Cl  18    Vxx=   -0.9531    axis=(  0.978105 -0.199920  0.057818)
     Cl  18    Vyy=   -1.4983    axis=(  0.105368  0.236143 -0.965989)
     Cl  18    Vzz=    2.4514    axis=(  0.179467  0.950930  0.252038)
     Cl  18  Q=        -8.1650 1e-30 m^2  Cq=       -47.0284 MHz  eta= 0.22240

     H   19    Vxx=   -0.0544    axis=(  0.484042  0.093128  0.870075)
     H   19    Vyy=   -0.6713    axis=( -0.874041  0.099060  0.475646)
     H   19    Vzz=    0.7256    axis=( -0.041894 -0.990714  0.129347)
     H   19  Q=         1.0000 1e-30 m^2  Cq=         1.7050 MHz  eta= 0.85009

     C   20    Vxx=   -0.0898    axis=(  0.754071  0.202783 -0.624704)
     C   20    Vyy=   -0.4037    axis=(  0.603689  0.160676  0.780860)
     C   20    Vzz=    0.4936    axis=( -0.258720  0.965952  0.001257)
     C   20  Q=         1.0000 1e-30 m^2  Cq=         1.1597 MHz  eta= 0.63600

     H   21    Vxx=    0.0195    axis=(  0.519766  0.846230 -0.117211)
     H   21    Vyy=    0.7894    axis=( -0.834319  0.473297 -0.282669)
     H   21    Vzz=   -0.8089    axis=( -0.183727  0.244713  0.952029)
     H   21  Q=         1.0000 1e-30 m^2  Cq=        -1.9007 MHz  eta= 0.95171

     C   22    Vxx=   -0.0771    axis=(  0.279429  0.528546  0.801598)
     C   22    Vyy=   -0.1975    axis=( -0.295940 -0.746799  0.595575)
     C   22    Vzz=    0.2746    axis=( -0.913422  0.403646  0.052259)
     C   22  Q=         1.0000 1e-30 m^2  Cq=         0.6452 MHz  eta= 0.43865

     C   23    Vxx=   -0.0040    axis=(  0.397501  0.891461 -0.217465)
     C   23    Vyy=   -0.2709    axis=( -0.804034  0.224178 -0.550702)
     C   23    Vzz=    0.2748    axis=( -0.442178  0.393754  0.805876)
     C   23  Q=         1.0000 1e-30 m^2  Cq=         0.6457 MHz  eta= 0.97115

     Cl  24    Vxx=    0.8942    axis=(  0.838788  0.436713 -0.325140)
     Cl  24    Vyy=    2.1778    axis=( -0.031692 -0.557006 -0.829903)
     Cl  24    Vzz=   -3.0721    axis=( -0.543535  0.706417 -0.453370)
     Cl  24  Q=        -8.1650 1e-30 m^2  Cq=        58.9359 MHz  eta= 0.41782

     Initialization:
     gipaw_setup  :      9.10s CPU     10.85s WALL (       1 calls)

     Linear response

     Apply operators

     Induced current

     Other routines
     efg          :      9.38s CPU     12.23s WALL (       1 calls)

     General routines
     calbec       :      3.34s CPU      4.39s WALL (      16 calls)
     fft          :      1.55s CPU      2.43s WALL (      15 calls)
     ffts         :      0.04s CPU      0.07s WALL (       2 calls)
     fftw         :      3.25s CPU      4.22s WALL (     672 calls)
     davcio       :      0.02s CPU      0.32s WALL (      32 calls)

     Parallel routines
     fft_scatter  :      2.32s CPU      3.89s WALL (     689 calls)

     Plugins

     GIPAW        :     60.42s CPU     75.92s WALL (       1 calls)
