
     Program QE v.6.0 (svn rev. 13079) starts on 29Dec2016 at 11:58:32 

     This program is part of the open-source Quantum ESPRESSO suite
     for quantum simulation of materials; please cite
         "P. Giannozzi et al., J. Phys.:Condens. Matter 21 395502 (2009);
          URL http://www.quantum-espresso.org", 
     in publications or presentations arising from this work. More details at
     http://www.quantum-espresso.org/quote

     Parallel version (MPI), running on     8 processors
     R & G space division:  proc/nbgrp/npool/nimage =       8

     ***** This is GIPAW svn revision unknown      *****

     Parallelizing q-star over 1 images

     Reading data from directory:
     /users/majewski/paradichlorobenzene/pbe/9_constraint/scratch/pbe.ecut100.np8.dt60.pcl2phi-129368.save
     Message from routine read_xml_file:
     file /users/majewski/paradichlorobenzene/pbe/9_constraint/scratch/pbe.ecut100.np8.dt60.pcl2phi-129368.save not guaranteed to be safe for post-processing

   Info: using nr1, nr2, nr3 values from input

   Info: using nr1, nr2, nr3 values from input

     IMPORTANT: XC functional enforced from input :
     Exchange-correlation      =  SLA  PW   PBX  PBC ( 1  4  3  4 0 0)
     Any further DFT definition will be discarded
     Please, verify this is what you really want

               file C.pbe-n-kjpaw_psl.1.0.0.UPF: wavefunction(s)  2S 2P renormalized
               file Cl.pbe-n-kjpaw_psl.1.0.0.UPF: wavefunction(s)  3S 3P renormalized
               file H.pbe-kjpaw_psl.1.0.0.UPF: wavefunction(s)  1S renormalized

     Parallelization info
     --------------------
     sticks:   dense  smooth     PW     G-vecs:    dense   smooth      PW
     Min        3057    1223    332               144436    36536    5170
     Max        3059    1225    333               144437    36537    5171
     Sum       24467    9791   2657              1155489   292295   41363


     Subspace diagonalization in iterative solution of the eigenvalue problem:
     a serial algorithm will be used

     GIPAW projectors -----------------------------------------------
     atom=  C    l=0  rc=    1.2000  rs=    0.8000
     atom=  C    l=0  rc=    1.2000  rs=    0.8000
     atom=  C    l=1  rc=    1.4000  rs=    0.9333
     atom=  C    l=1  rc=    1.4000  rs=    0.9333
     projs nearly linearly dependent: l=1  n1,n2= 1, 2  s=  0.99951561

     atom=  Cl   l=0  rc=    1.6000  rs=    1.0667
     atom=  Cl   l=0  rc=    1.6000  rs=    1.0667
     atom=  Cl   l=1  rc=    1.6000  rs=    1.0667
     atom=  Cl   l=1  rc=    1.6000  rs=    1.0667
     atom=  Cl   l=2  rc=    1.6000  rs=    1.0667
     atom=  Cl   l=2  rc=    1.6000  rs=    1.0667
     projs nearly linearly dependent: l=2  n1,n2= 1, 2  s=  0.99993509

     atom=  H    l=0  rc=    1.0000  rs=    0.6667
     atom=  H    l=0  rc=    1.0000  rs=    0.6667
     projs nearly linearly dependent: l=0  n1,n2= 1, 2  s=  0.99968852
     -----------------------------------------------------------------

     GIPAW integrals: -------------------------------------------
     Atom  i/j   nmr_para   nmr_dia   epr_rmc  epr_para   epr_dia
       C   1 1   0.83E+03  0.17E-01  0.93E+01  0.24E+08  0.24E+03
       C   2 1   0.86E+03 -0.61E-01  0.94E+01  0.25E+08  0.25E+03
       C   2 2   0.90E+03 -0.15E+00  0.97E+01  0.26E+08  0.26E+03
       C   3 3   0.33E+01  0.34E+00  0.18E+01  0.55E+03  0.21E+02
       C   4 3   0.35E+01  0.37E+00  0.20E+01  0.59E+03  0.22E+02
       C   4 4   0.38E+01  0.39E+00  0.22E+01  0.63E+03  0.24E+02
       Cl  1 1   0.14E+04 -0.47E+00  0.84E+01  0.32E+09  0.42E+03
       Cl  2 1   0.21E+04 -0.37E+00  0.12E+02  0.49E+09  0.65E+03
       Cl  2 2   0.33E+04 -0.16E+00  0.21E+02  0.76E+09  0.10E+04
       Cl  3 3   0.21E+02  0.79E-01  0.89E+01  0.23E+05  0.13E+03
       Cl  4 3   0.24E+02  0.67E-01  0.99E+01  0.27E+05  0.15E+03
       Cl  4 4   0.28E+02  0.44E-01  0.11E+02  0.32E+05  0.18E+03
       Cl  5 5   0.77E+00  0.19E+00  0.18E+01  0.12E+03  0.22E+02
       Cl  6 5   0.80E+00  0.19E+00  0.19E+01  0.12E+03  0.23E+02
       Cl  6 6   0.83E+00  0.20E+00  0.19E+01  0.12E+03  0.23E+02
       H   1 1   0.39E+02  0.19E+00  0.29E+00  0.78E+05  0.13E+02
       H   2 1   0.41E+02  0.21E+00  0.32E+00  0.82E+05  0.14E+02
       H   2 2   0.43E+02  0.22E+00  0.36E+00  0.86E+05  0.15E+02
     ------------------------------------------------------------

     alpha_pv=     33.9836 eV

     Number of occupied bands for each k-point:
     k-point:     1    nbnd_occ=  42
     k-point:     2    nbnd_occ=  42
     k-point:     3    nbnd_occ=  42
     k-point:     4    nbnd_occ=  42
     k-point:     5    nbnd_occ=  42
     k-point:     6    nbnd_occ=  42
     k-point:     7    nbnd_occ=  42
     k-point:     8    nbnd_occ=  42
     k-point:     9    nbnd_occ=  42
     k-point:    10    nbnd_occ=  42
     k-point:    11    nbnd_occ=  42
     k-point:    12    nbnd_occ=  42
     k-point:    13    nbnd_occ=  42
     k-point:    14    nbnd_occ=  42
     k-point:    15    nbnd_occ=  42
     k-point:    16    nbnd_occ=  42


     q-space interpolation up to   110.00 Rydberg

     GIPAW job: efg                                                                             


     ELECTRIC FIELD GRADIENTS TENSORS IN Hartree/bohrradius^2:

     ----- bare term -----
     Cl   1       -0.005242        0.039228       -0.082955
     Cl   1        0.039228        0.007351       -0.070778
     Cl   1       -0.082955       -0.070778       -0.002109

     C    2        0.055298        0.371298       -0.007166
     C    2        0.371298       -0.095523       -0.558431
     C    2       -0.007166       -0.558431        0.040225

     C    3       -0.248053        0.023503       -0.032537
     C    3        0.023503       -0.011742        0.053905
     C    3       -0.032537        0.053905        0.259795

     H    4       -0.268127       -0.482231        0.015952
     H    4       -0.482231       -0.066214        0.100237
     H    4        0.015952        0.100237        0.334340

     C    5        0.024599       -0.011384        0.078281
     C    5       -0.011384       -0.227097        0.029899
     C    5        0.078281        0.029899        0.202498

     H    6        0.176848       -0.400563        0.129959
     H    6       -0.400563       -0.485060        0.131569
     H    6        0.129959        0.131569        0.308212

     H    7        0.519518       -0.081039       -0.166433
     H    7       -0.081039       -0.086486        0.211964
     H    7       -0.166433        0.211964       -0.433031

     C    8       -0.757539       -0.321761       -0.234359
     C    8       -0.321761        0.372481        0.154473
     C    8       -0.234359        0.154473        0.385058

     H    9       -0.268284       -0.240853       -0.504812
     H    9       -0.240853        0.056162       -0.044109
     H    9       -0.504812       -0.044109        0.212121

     C   10        0.080866        0.230792       -0.361450
     C   10        0.230792       -0.139550        0.632155
     C   10       -0.361450        0.632155        0.058684

     C   11       -0.639901       -0.422483       -0.346739
     C   11       -0.422483        0.122306        0.051838
     C   11       -0.346739        0.051838        0.517595

     Cl  12       -0.018449        0.007512       -0.008307
     Cl  12        0.007512        0.041564       -0.041598
     Cl  12       -0.008307       -0.041598       -0.023115

     H   13        0.390565       -0.038417       -0.107859
     H   13       -0.038417       -0.565391       -0.631486
     H   13       -0.107859       -0.631486        0.174826

     C   14       -0.729880        0.420422       -0.454764
     C   14        0.420422        0.433867       -0.075098
     C   14       -0.454764       -0.075098        0.296013

     H   15       -0.513932       -0.225740       -0.572692
     H   15       -0.225740        0.320369       -0.305835
     H   15       -0.572692       -0.305835        0.193562

     C   16        0.141045        0.542575        0.074258
     C   16        0.542575       -0.355943       -0.542555
     C   16        0.074258       -0.542555        0.214898

     C   17       -0.385589        0.310338       -0.449123
     C   17        0.310338        0.179358       -0.057910
     C   17       -0.449123       -0.057910        0.206231

     Cl  18       -0.014905        0.137743       -0.051994
     Cl  18        0.137743        0.096557       -0.040648
     Cl  18       -0.051994       -0.040648       -0.081651

     H   19        0.468526        0.091493       -0.116624
     H   19        0.091493       -0.111481        0.601817
     H   19       -0.116624        0.601817       -0.357046

     C   20       -0.076531        0.280044       -0.438370
     C   20        0.280044       -0.129125        0.386471
     C   20       -0.438370        0.386471        0.205656

     H   21       -0.215879        0.265020       -0.431119
     H   21        0.265020       -0.053559        0.282875
     H   21       -0.431119        0.282875        0.269438

     C   22       -0.430004       -0.342241       -0.332796
     C   22       -0.342241        0.032742        0.092788
     C   22       -0.332796        0.092788        0.397262

     C   23        0.040277        0.387521       -0.491541
     C   23        0.387521       -0.126667        0.597635
     C   23       -0.491541        0.597635        0.086389

     Cl  24       -0.274009       -0.253098       -0.055911
     Cl  24       -0.253098        0.080881       -0.044909
     Cl  24       -0.055911       -0.044909        0.193127

     ----- ionic term -----
     Cl   1        0.081282       -0.174871       -0.006407
     Cl   1       -0.174871        0.081213        0.000565
     Cl   1       -0.006407        0.000565       -0.162495

     C    2        0.163599       -0.117443        0.227078
     C    2       -0.117443        0.306205        0.326003
     C    2        0.227078        0.326003       -0.469804

     C    3        0.224761       -0.236828        0.185294
     C    3       -0.236828        0.301566        0.295465
     C    3        0.185294        0.295465       -0.526326

     H    4        0.704119        0.378650        0.557366
     H    4        0.378650       -0.364337        0.237161
     H    4        0.557366        0.237161       -0.339783

     C    5        0.471481       -0.141920        0.252281
     C    5       -0.141920        0.101645        0.229382
     C    5        0.252281        0.229382       -0.573126

     H    6       -0.462758        0.267323        0.100809
     H    6        0.267323        0.821697        0.544766
     H    6        0.100809        0.544766       -0.358939

     H    7       -0.520347       -0.015460        0.036671
     H    7       -0.015460        0.246500       -0.804944
     H    7        0.036671       -0.804944        0.273847

     C    8        0.285632        0.210889        0.295790
     C    8        0.210889       -0.122057       -0.316264
     C    8        0.295790       -0.316264       -0.163575

     H    9        0.462974       -0.249390        0.716273
     H    9       -0.249390       -0.456412       -0.247312
     H    9        0.716273       -0.247312       -0.006562

     C   10        0.118159        0.232327        0.181640
     C   10        0.232327        0.058682       -0.417591
     C   10        0.181640       -0.417591       -0.176841

     C   11        0.186315        0.172933        0.280727
     C   11        0.172933        0.028375       -0.399914
     C   11        0.280727       -0.399914       -0.214690

     Cl  12        0.127167        0.214505        0.012607
     Cl  12        0.214505        0.024722        0.008391
     Cl  12        0.012607        0.008391       -0.151889

     H   13       -0.487509        0.175132        0.095787
     H   13        0.175132        0.807131        0.569891
     H   13        0.095787        0.569891       -0.319622

     C   14        0.315586       -0.149962        0.240480
     C   14       -0.149962        0.148354        0.269603
     C   14        0.240480        0.269603       -0.463940

     H   15        0.623736        0.466025        0.555957
     H   15        0.466025       -0.258962        0.277210
     H   15        0.555957        0.277210       -0.364774

     C   16        0.157831       -0.186800        0.156204
     C   16       -0.186800        0.306854        0.354250
     C   16        0.156204        0.354250       -0.464685

     C   17        0.381470       -0.121895        0.213649
     C   17       -0.121895        0.131174        0.318042
     C   17        0.213649        0.318042       -0.512644

     Cl  18        0.180533       -0.216508        0.013931
     Cl  18       -0.216508       -0.025107        0.000259
     Cl  18        0.013931        0.000259       -0.155426

     H   19       -0.445126       -0.253007        0.224448
     H   19       -0.253007        0.393250       -0.757132
     H   19        0.224448       -0.757132        0.051875

     C   20        0.301607        0.121101        0.296014
     C   20        0.121101       -0.036732       -0.323746
     C   20        0.296014       -0.323746       -0.264874

     H   21        0.747399       -0.333690        0.561819
     H   21       -0.333690       -0.413600       -0.222877
     H   21        0.561819       -0.222877       -0.333799

     C   22        0.178289        0.236233        0.133204
     C   22        0.236233        0.138836       -0.398597
     C   22        0.133204       -0.398597       -0.317125

     C   23        0.241234        0.256586        0.305237
     C   23        0.256586        0.023837       -0.373152
     C   23        0.305237       -0.373152       -0.265070

     Cl  24        0.154470        0.222595        0.011460
     Cl  24        0.222595        0.007669       -0.006893
     Cl  24        0.011460       -0.006893       -0.162138

     ----- GIPAW term -----
     Cl   1        1.371069       -1.835666       -0.717099
     Cl   1       -1.835666        0.080442       -0.563867
     Cl   1       -0.717099       -0.563867       -1.451511

     C    2        0.044233        0.152735        0.003358
     C    2        0.152735        0.128702       -0.061185
     C    2        0.003358       -0.061185       -0.172934

     C    3       -0.022536        0.014525       -0.015121
     C    3        0.014525        0.030096        0.001686
     C    3       -0.015121        0.001686       -0.007560

     H    4       -0.000000        0.000000        0.000000
     H    4        0.000000        0.000000        0.000000
     H    4        0.000000        0.000000        0.000000

     C    5        0.013713        0.008652        0.009594
     C    5        0.008652       -0.003740       -0.005847
     C    5        0.009594       -0.005847       -0.009974

     H    6       -0.000000        0.000000        0.000000
     H    6        0.000000        0.000000        0.000000
     H    6        0.000000        0.000000        0.000000

     H    7       -0.000000        0.000000        0.000000
     H    7        0.000000        0.000000        0.000000
     H    7        0.000000        0.000000        0.000000

     C    8       -0.161288        0.117269       -0.003096
     C    8        0.117269        0.259711        0.000716
     C    8       -0.003096        0.000716       -0.098424

     H    9       -0.000000        0.000000        0.000000
     H    9        0.000000        0.000000        0.000000
     H    9        0.000000        0.000000        0.000000

     C   10       -0.037642        0.199525       -0.071755
     C   10        0.199525        0.164102        0.022175
     C   10       -0.071755        0.022175       -0.126460

     C   11       -0.055936        0.127390       -0.139093
     C   11        0.127390        0.050486       -0.137010
     C   11       -0.139093       -0.137010        0.005450

     Cl  12        0.463544        2.820928       -0.409596
     Cl  12        2.820928        1.589533       -0.854614
     Cl  12       -0.409596       -0.854614       -2.053077

     H   13       -0.000000        0.000000        0.000000
     H   13        0.000000        0.000000        0.000000
     H   13        0.000000        0.000000        0.000000

     C   14       -0.103889        0.217589       -0.000579
     C   14        0.217589        0.187594        0.093108
     C   14       -0.000579        0.093108       -0.083705

     H   15       -0.000000        0.000000        0.000000
     H   15        0.000000        0.000000        0.000000
     H   15        0.000000        0.000000        0.000000

     C   16       -0.009799        0.211721        0.085303
     C   16        0.211721        0.104321        0.045108
     C   16        0.085303        0.045108       -0.094522

     C   17       -0.009701        0.108167       -0.043799
     C   17        0.108167        0.113170        0.007591
     C   17       -0.043799        0.007591       -0.103470

     Cl  18        0.574558        0.162597       -0.510367
     Cl  18        0.162597        1.989909       -0.748805
     Cl  18       -0.510367       -0.748805       -2.564468

     H   19       -0.000000        0.000000        0.000000
     H   19        0.000000        0.000000        0.000000
     H   19        0.000000        0.000000        0.000000

     C   20       -0.016144        0.192158       -0.152990
     C   20        0.192158        0.012343       -0.078091
     C   20       -0.152990       -0.078091        0.003802

     H   21       -0.000000        0.000000        0.000000
     H   21        0.000000        0.000000        0.000000
     H   21        0.000000        0.000000        0.000000

     C   22       -0.035992        0.133801       -0.142569
     C   22        0.133801        0.070961       -0.118673
     C   22       -0.142569       -0.118673       -0.034969

     C   23        0.066640        0.295331       -0.120820
     C   23        0.295331        0.070133        0.005231
     C   23       -0.120820        0.005231       -0.136774

     Cl  24        0.138157        2.151554       -0.581658
     Cl  24        2.151554        1.168115       -0.656292
     Cl  24       -0.581658       -0.656292       -1.306272

     ----- total EFG -----
     Cl   1        1.447109       -1.971309       -0.806460
     Cl   1       -1.971309        0.169007       -0.634080
     Cl   1       -0.806460       -0.634080       -1.616116

     C    2        0.263130        0.406590        0.223270
     C    2        0.406590        0.339383       -0.293613
     C    2        0.223270       -0.293613       -0.602513

     C    3       -0.045828       -0.198800        0.137636
     C    3       -0.198800        0.319919        0.351055
     C    3        0.137636        0.351055       -0.274091

     H    4        0.435993       -0.103581        0.573317
     H    4       -0.103581       -0.430550        0.337398
     H    4        0.573317        0.337398       -0.005442

     C    5        0.509794       -0.144653        0.340156
     C    5       -0.144653       -0.129192        0.253435
     C    5        0.340156        0.253435       -0.380602

     H    6       -0.285910       -0.133240        0.230768
     H    6       -0.133240        0.336637        0.676335
     H    6        0.230768        0.676335       -0.050727

     H    7       -0.000830       -0.096500       -0.129762
     H    7       -0.096500        0.160014       -0.592980
     H    7       -0.129762       -0.592980       -0.159184

     C    8       -0.633195        0.006397        0.058336
     C    8        0.006397        0.510136       -0.161076
     C    8        0.058336       -0.161076        0.123059

     H    9        0.194690       -0.490243        0.211461
     H    9       -0.490243       -0.400250       -0.291421
     H    9        0.211461       -0.291421        0.205559

     C   10        0.161383        0.662643       -0.251565
     C   10        0.662643        0.083233        0.236739
     C   10       -0.251565        0.236739       -0.244617

     C   11       -0.509522       -0.122159       -0.205105
     C   11       -0.122159        0.201167       -0.485085
     C   11       -0.205105       -0.485085        0.308355

     Cl  12        0.572262        3.042946       -0.405296
     Cl  12        3.042946        1.655819       -0.887821
     Cl  12       -0.405296       -0.887821       -2.228081

     H   13       -0.096944        0.136716       -0.012072
     H   13        0.136716        0.241740       -0.061595
     H   13       -0.012072       -0.061595       -0.144796

     C   14       -0.518183        0.488049       -0.214863
     C   14        0.488049        0.769816        0.287613
     C   14       -0.214863        0.287613       -0.251633

     H   15        0.109804        0.240285       -0.016736
     H   15        0.240285        0.061407       -0.028625
     H   15       -0.016736       -0.028625       -0.171211

     C   16        0.289077        0.567496        0.315766
     C   16        0.567496        0.055232       -0.143197
     C   16        0.315766       -0.143197       -0.344308

     C   17       -0.013819        0.296611       -0.279273
     C   17        0.296611        0.423702        0.267723
     C   17       -0.279273        0.267723       -0.409883

     Cl  18        0.740186        0.083833       -0.548430
     Cl  18        0.083833        2.061359       -0.789194
     Cl  18       -0.548430       -0.789194       -2.801545

     H   19        0.023401       -0.161514        0.107823
     H   19       -0.161514        0.281770       -0.155315
     H   19        0.107823       -0.155315       -0.305171

     C   20        0.208932        0.593303       -0.295346
     C   20        0.593303       -0.153515       -0.015366
     C   20       -0.295346       -0.015366       -0.055417

     H   21        0.531519       -0.068670        0.130700
     H   21       -0.068670       -0.467158        0.059998
     H   21        0.130700        0.059998       -0.064361

     C   22       -0.287707        0.027793       -0.342161
     C   22        0.027793        0.242539       -0.424482
     C   22       -0.342161       -0.424482        0.045168

     C   23        0.348151        0.939438       -0.307124
     C   23        0.939438       -0.032697        0.229715
     C   23       -0.307124        0.229715       -0.315454

     Cl  24        0.018618        2.121051       -0.626108
     Cl  24        2.121051        1.256665       -0.708094
     Cl  24       -0.626108       -0.708094       -1.275283

     ----- total EFG (symmetrized) -----
     Cl   1        1.447109       -1.971309       -0.806460
     Cl   1       -1.971309        0.169007       -0.634080
     Cl   1       -0.806460       -0.634080       -1.616116

     C    2        0.263130        0.406590        0.223270
     C    2        0.406590        0.339383       -0.293613
     C    2        0.223270       -0.293613       -0.602513

     C    3       -0.045828       -0.198800        0.137636
     C    3       -0.198800        0.319919        0.351055
     C    3        0.137636        0.351055       -0.274091

     H    4        0.435993       -0.103581        0.573317
     H    4       -0.103581       -0.430550        0.337398
     H    4        0.573317        0.337398       -0.005442

     C    5        0.509794       -0.144653        0.340156
     C    5       -0.144653       -0.129192        0.253435
     C    5        0.340156        0.253435       -0.380602

     H    6       -0.285910       -0.133240        0.230768
     H    6       -0.133240        0.336637        0.676335
     H    6        0.230768        0.676335       -0.050727

     H    7       -0.000830       -0.096500       -0.129762
     H    7       -0.096500        0.160014       -0.592980
     H    7       -0.129762       -0.592980       -0.159184

     C    8       -0.633195        0.006397        0.058336
     C    8        0.006397        0.510136       -0.161076
     C    8        0.058336       -0.161076        0.123059

     H    9        0.194690       -0.490243        0.211461
     H    9       -0.490243       -0.400250       -0.291421
     H    9        0.211461       -0.291421        0.205559

     C   10        0.161383        0.662643       -0.251565
     C   10        0.662643        0.083233        0.236739
     C   10       -0.251565        0.236739       -0.244617

     C   11       -0.509522       -0.122159       -0.205105
     C   11       -0.122159        0.201167       -0.485085
     C   11       -0.205105       -0.485085        0.308355

     Cl  12        0.572262        3.042946       -0.405296
     Cl  12        3.042946        1.655819       -0.887821
     Cl  12       -0.405296       -0.887821       -2.228081

     H   13       -0.096944        0.136716       -0.012072
     H   13        0.136716        0.241740       -0.061595
     H   13       -0.012072       -0.061595       -0.144796

     C   14       -0.518183        0.488049       -0.214863
     C   14        0.488049        0.769816        0.287613
     C   14       -0.214863        0.287613       -0.251633

     H   15        0.109804        0.240285       -0.016736
     H   15        0.240285        0.061407       -0.028625
     H   15       -0.016736       -0.028625       -0.171211

     C   16        0.289077        0.567496        0.315766
     C   16        0.567496        0.055232       -0.143197
     C   16        0.315766       -0.143197       -0.344308

     C   17       -0.013819        0.296611       -0.279273
     C   17        0.296611        0.423702        0.267723
     C   17       -0.279273        0.267723       -0.409883

     Cl  18        0.740186        0.083833       -0.548430
     Cl  18        0.083833        2.061359       -0.789194
     Cl  18       -0.548430       -0.789194       -2.801545

     H   19        0.023401       -0.161514        0.107823
     H   19       -0.161514        0.281770       -0.155315
     H   19        0.107823       -0.155315       -0.305171

     C   20        0.208932        0.593303       -0.295346
     C   20        0.593303       -0.153515       -0.015366
     C   20       -0.295346       -0.015366       -0.055417

     H   21        0.531519       -0.068670        0.130700
     H   21       -0.068670       -0.467158        0.059998
     H   21        0.130700        0.059998       -0.064361

     C   22       -0.287707        0.027793       -0.342161
     C   22        0.027793        0.242539       -0.424482
     C   22       -0.342161       -0.424482        0.045168

     C   23        0.348151        0.939438       -0.307124
     C   23        0.939438       -0.032697        0.229715
     C   23       -0.307124        0.229715       -0.315454

     Cl  24        0.018618        2.121051       -0.626108
     Cl  24        2.121051        1.256665       -0.708094
     Cl  24       -0.626108       -0.708094       -1.275283


     NQR/NMR SPECTROSCOPIC PARAMETERS:
     Cl   1    Vxx=   -0.4471    axis=(  0.409097  0.653597 -0.636751)
     Cl   1    Vyy=   -2.4515    axis=(  0.408219  0.493001  0.768315)
     Cl   1    Vzz=    2.8986    axis=( -0.816087  0.574248  0.065125)
     Cl   1  Q=        -8.1650 1e-30 m^2  Cq=       -55.6082 MHz  eta= 0.69149

     C    2    Vxx=    0.0829    axis=( -0.687404  0.559185 -0.463452)
     C    2    Vyy=    0.7135    axis=( -0.653104 -0.755070  0.057660)
     C    2    Vzz=   -0.7964    axis=( -0.317697  0.342318  0.884244)
     C    2  Q=         1.0000 1e-30 m^2  Cq=        -1.8712 MHz  eta= 0.79179

     C    3    Vxx=    0.0176    axis=( -0.883980 -0.040433 -0.465773)
     C    3    Vyy=    0.5120    axis=( -0.232245  0.902616  0.362418)
     C    3    Vzz=   -0.5296    axis=( -0.405760 -0.428543  0.807285)
     C    3  Q=         1.0000 1e-30 m^2  Cq=        -1.2444 MHz  eta= 0.93354

     H    4    Vxx=   -0.0834    axis=(  0.476678 -0.681707 -0.555026)
     H    4    Vyy=   -0.7557    axis=(  0.348308  0.726163 -0.592764)
     H    4    Vzz=    0.8391    axis=( -0.807130 -0.089238 -0.583590)
     H    4  Q=         1.0000 1e-30 m^2  Cq=         1.9715 MHz  eta= 0.80115

     C    5    Vxx=    0.0236    axis=(  0.077532 -0.872757 -0.481959)
     C    5    Vyy=    0.6294    axis=( -0.950555  0.081103 -0.299780)
     C    5    Vzz=   -0.6530    axis=( -0.300724 -0.481371  0.823315)
     C    5  Q=         1.0000 1e-30 m^2  Cq=        -1.5343 MHz  eta= 0.92769

     H    6    Vxx=   -0.1260    axis=(  0.853871 -0.335633  0.397812)
     H    6    Vyy=   -0.7214    axis=( -0.519619 -0.505662  0.688696)
     H    6    Vzz=    0.8475    axis=(  0.029991  0.794768  0.606171)
     H    6  Q=         1.0000 1e-30 m^2  Cq=         1.9912 MHz  eta= 0.70258

     H    7    Vxx=    0.0392    axis=(  0.970666 -0.149380 -0.188396)
     H    7    Vyy=    0.6145    axis=(  0.003948  0.793371 -0.608726)
     H    7    Vzz=   -0.6537    axis=(  0.240400  0.590125  0.770688)
     H    7  Q=         1.0000 1e-30 m^2  Cq=        -1.5360 MHz  eta= 0.88005

     C    8    Vxx=    0.0694    axis=(  0.080862  0.341122  0.936535)
     C    8    Vyy=    0.5686    axis=( -0.011567  0.939869 -0.341338)
     C    8    Vzz=   -0.6380    axis=( -0.996658  0.016769  0.079945)
     C    8  Q=         1.0000 1e-30 m^2  Cq=        -1.4990 MHz  eta= 0.78236

     H    9    Vxx=    0.0074    axis=( -0.581524  0.124627  0.803927)
     H    9    Vyy=    0.6964    axis=( -0.685510  0.457058 -0.566721)
     H    9    Vzz=   -0.7038    axis=( -0.438070 -0.880662 -0.180357)
     H    9  Q=         1.0000 1e-30 m^2  Cq=        -1.6536 MHz  eta= 0.97891

     C   10    Vxx=   -0.0180    axis=( -0.361669  0.414874  0.834910)
     C   10    Vyy=   -0.7685    axis=( -0.578220  0.602675 -0.549949)
     C   10    Vzz=    0.7866    axis=( -0.731339 -0.681662  0.021920)
     C   10  Q=         1.0000 1e-30 m^2  Cq=         1.8481 MHz  eta= 0.95422

     C   11    Vxx=   -0.1064    axis=( -0.486136  0.677491  0.551977)
     C   11    Vyy=   -0.6406    axis=( -0.871881 -0.333289 -0.358807)
     C   11    Vzz=    0.7470    axis=( -0.059121 -0.655687  0.752715)
     C   11  Q=         1.0000 1e-30 m^2  Cq=         1.7552 MHz  eta= 0.71515

     Cl  12    Vxx=   -1.8487    axis=(  0.729854 -0.521862  0.441559)
     Cl  12    Vyy=   -2.4911    axis=( -0.262589  0.382350  0.885920)
     Cl  12    Vzz=    4.3398    axis=( -0.631158 -0.762541  0.142025)
     Cl  12  Q=        -8.1650 1e-30 m^2  Cq=       -83.2575 MHz  eta= 0.14803

     H   13    Vxx=   -0.1394    axis=( -0.818758  0.207139 -0.535471)
     H   13    Vyy=   -0.1593    axis=(  0.471782 -0.288777 -0.833084)
     H   13    Vzz=    0.2987    axis=( -0.327196 -0.934720  0.138714)
     H   13  Q=         1.0000 1e-30 m^2  Cq=         0.7019 MHz  eta= 0.06656

     C   14    Vxx=   -0.1322    axis=( -0.495131 -0.009114  0.868770)
     C   14    Vyy=   -0.8373    axis=( -0.820904  0.332388 -0.464364)
     C   14    Vzz=    0.9695    axis=( -0.284537 -0.943099 -0.172058)
     C   14  Q=         1.0000 1e-30 m^2  Cq=         2.2780 MHz  eta= 0.72730

     H   15    Vxx=   -0.1513    axis=(  0.630471 -0.656330  0.414413)
     H   15    Vyy=   -0.1778    axis=( -0.236406  0.346165  0.907900)
     H   15    Vzz=    0.3291    axis=( -0.739337 -0.670374  0.063086)
     H   15  Q=         1.0000 1e-30 m^2  Cq=         0.7733 MHz  eta= 0.08031

     C   16    Vxx=   -0.0792    axis=( -0.326677  0.612492 -0.719816)
     C   16    Vyy=   -0.6954    axis=( -0.517959  0.521032  0.678413)
     C   16    Vzz=    0.7745    axis=( -0.790570 -0.594457 -0.147037)
     C   16  Q=         1.0000 1e-30 m^2  Cq=         1.8198 MHz  eta= 0.79560

     C   17    Vxx=    0.0943    axis=( -0.786001  0.247158  0.566670)
     C   17    Vyy=    0.5891    axis=( -0.385535 -0.912502 -0.136761)
     C   17    Vzz=   -0.6834    axis=(  0.483285 -0.325965  0.812516)
     C   17  Q=         1.0000 1e-30 m^2  Cq=        -1.6057 MHz  eta= 0.72416

     Cl  18    Vxx=    0.7949    axis=(  0.983020 -0.139415 -0.119311)
     Cl  18    Vyy=    2.2063    axis=(  0.118516  0.978770 -0.167224)
     Cl  18    Vzz=   -3.0012    axis=(  0.140092  0.150244  0.978673)
     Cl  18  Q=        -8.1650 1e-30 m^2  Cq=        57.5766 MHz  eta= 0.47031

     H   19    Vxx=   -0.0516    axis=(  0.879766  0.467206  0.087923)
     H   19    Vyy=   -0.3568    axis=(  0.194559 -0.185083 -0.963271)
     H   19    Vzz=    0.4084    axis=( -0.433772  0.864560 -0.253729)
     H   19  Q=         1.0000 1e-30 m^2  Cq=         0.9595 MHz  eta= 0.74732

     C   20    Vxx=   -0.0856    axis=(  0.071082  0.416006  0.906580)
     C   20    Vyy=   -0.6421    axis=(  0.612969 -0.735231  0.289317)
     C   20    Vzz=    0.7277    axis=(  0.786903  0.535140 -0.307260)
     C   20  Q=         1.0000 1e-30 m^2  Cq=         1.7099 MHz  eta= 0.76468

     H   21    Vxx=   -0.0783    axis=( -0.186446  0.181891  0.965481)
     H   21    Vyy=   -0.4836    axis=(  0.088048  0.981852 -0.167972)
     H   21    Vzz=    0.5619    axis=( -0.978512  0.053691 -0.199078)
     H   21  Q=         1.0000 1e-30 m^2  Cq=         1.3202 MHz  eta= 0.72130

     C   22    Vxx=   -0.0779    axis=(  0.632670 -0.637451 -0.439756)
     C   22    Vyy=   -0.5655    axis=(  0.728975  0.298544  0.616008)
     C   22    Vzz=    0.6433    axis=(  0.261389  0.710301 -0.653566)
     C   22  Q=         1.0000 1e-30 m^2  Cq=         1.5116 MHz  eta= 0.75789

     C   23    Vxx=   -0.1191    axis=( -0.252016  0.411665  0.875797)
     C   23    Vyy=   -1.0034    axis=( -0.571974  0.666646 -0.477943)
     C   23    Vzz=    1.1225    axis=( -0.780598 -0.621382  0.067456)
     C   23  Q=         1.0000 1e-30 m^2  Cq=         2.6375 MHz  eta= 0.78780

     Cl  24    Vxx=   -1.4388    axis=( -0.277767  0.442553  0.852638)
     Cl  24    Vyy=   -1.6135    axis=(  0.758902 -0.443096  0.477214)
     Cl  24    Vzz=    3.0523    axis=(  0.588993  0.779623 -0.212777)
     Cl  24  Q=        -8.1650 1e-30 m^2  Cq=       -58.5576 MHz  eta= 0.05722

     Initialization:
     gipaw_setup  :      9.45s CPU     11.85s WALL (       1 calls)

     Linear response

     Apply operators

     Induced current

     Other routines
     efg          :      9.05s CPU     11.52s WALL (       1 calls)

     General routines
     calbec       :      3.24s CPU      4.28s WALL (      16 calls)
     fft          :      1.60s CPU      2.41s WALL (      15 calls)
     ffts         :      0.03s CPU      0.05s WALL (       2 calls)
     fftw         :      3.06s CPU      3.78s WALL (     672 calls)
     davcio       :      0.02s CPU      0.33s WALL (      32 calls)

     Parallel routines
     fft_scatter  :      2.18s CPU      3.38s WALL (     689 calls)

     Plugins

     GIPAW        :     60.77s CPU     73.79s WALL (       1 calls)
