
     Program QE v.6.0 (svn rev. 13079) starts on 17Jan2017 at  8:48:37 

     This program is part of the open-source Quantum ESPRESSO suite
     for quantum simulation of materials; please cite
         "P. Giannozzi et al., J. Phys.:Condens. Matter 21 395502 (2009);
          URL http://www.quantum-espresso.org", 
     in publications or presentations arising from this work. More details at
     http://www.quantum-espresso.org/quote

     Parallel version (MPI), running on     8 processors
     R & G space division:  proc/nbgrp/npool/nimage =       8

     ***** This is GIPAW svn revision unknown      *****

     Parallelizing q-star over 1 images

     Reading data from directory:
     /users/majewski/paradichlorobenzene/pbe/9_constraint/scratch/pbe.ecut100.np8.dt60.pcl2phi-129368.save
     Message from routine read_xml_file:
     file /users/majewski/paradichlorobenzene/pbe/9_constraint/scratch/pbe.ecut100.np8.dt60.pcl2phi-129368.save not guaranteed to be safe for post-processing

   Info: using nr1, nr2, nr3 values from input

   Info: using nr1, nr2, nr3 values from input

     IMPORTANT: XC functional enforced from input :
     Exchange-correlation      =  SLA  PW   PBX  PBC ( 1  4  3  4 0 0)
     Any further DFT definition will be discarded
     Please, verify this is what you really want

               file C.pbe-n-kjpaw_psl.1.0.0.UPF: wavefunction(s)  2S 2P renormalized
               file Cl.pbe-n-kjpaw_psl.1.0.0.UPF: wavefunction(s)  3S 3P renormalized
               file H.pbe-kjpaw_psl.1.0.0.UPF: wavefunction(s)  1S renormalized

     Parallelization info
     --------------------
     sticks:   dense  smooth     PW     G-vecs:    dense   smooth      PW
     Min        3057    1223    332               144436    36536    5170
     Max        3059    1225    333               144437    36537    5171
     Sum       24467    9791   2657              1155489   292295   41363


     Subspace diagonalization in iterative solution of the eigenvalue problem:
     a serial algorithm will be used

     GIPAW projectors -----------------------------------------------
     atom=  C    l=0  rc=    1.2000  rs=    0.8000
     atom=  C    l=0  rc=    1.2000  rs=    0.8000
     atom=  C    l=1  rc=    1.4000  rs=    0.9333
     atom=  C    l=1  rc=    1.4000  rs=    0.9333
     projs nearly linearly dependent: l=1  n1,n2= 1, 2  s=  0.99951561

     atom=  Cl   l=0  rc=    1.6000  rs=    1.0667
     atom=  Cl   l=0  rc=    1.6000  rs=    1.0667
     atom=  Cl   l=1  rc=    1.6000  rs=    1.0667
     atom=  Cl   l=1  rc=    1.6000  rs=    1.0667
     atom=  Cl   l=2  rc=    1.6000  rs=    1.0667
     atom=  Cl   l=2  rc=    1.6000  rs=    1.0667
     projs nearly linearly dependent: l=2  n1,n2= 1, 2  s=  0.99993509

     atom=  H    l=0  rc=    1.0000  rs=    0.6667
     atom=  H    l=0  rc=    1.0000  rs=    0.6667
     projs nearly linearly dependent: l=0  n1,n2= 1, 2  s=  0.99968852
     -----------------------------------------------------------------

     GIPAW integrals: -------------------------------------------
     Atom  i/j   nmr_para   nmr_dia   epr_rmc  epr_para   epr_dia
       C   1 1   0.83E+03  0.17E-01  0.93E+01  0.24E+08  0.24E+03
       C   2 1   0.86E+03 -0.61E-01  0.94E+01  0.25E+08  0.25E+03
       C   2 2   0.90E+03 -0.15E+00  0.97E+01  0.26E+08  0.26E+03
       C   3 3   0.33E+01  0.34E+00  0.18E+01  0.55E+03  0.21E+02
       C   4 3   0.35E+01  0.37E+00  0.20E+01  0.59E+03  0.22E+02
       C   4 4   0.38E+01  0.39E+00  0.22E+01  0.63E+03  0.24E+02
       Cl  1 1   0.14E+04 -0.47E+00  0.84E+01  0.32E+09  0.42E+03
       Cl  2 1   0.21E+04 -0.37E+00  0.12E+02  0.49E+09  0.65E+03
       Cl  2 2   0.33E+04 -0.16E+00  0.21E+02  0.76E+09  0.10E+04
       Cl  3 3   0.21E+02  0.79E-01  0.89E+01  0.23E+05  0.13E+03
       Cl  4 3   0.24E+02  0.67E-01  0.99E+01  0.27E+05  0.15E+03
       Cl  4 4   0.28E+02  0.44E-01  0.11E+02  0.32E+05  0.18E+03
       Cl  5 5   0.77E+00  0.19E+00  0.18E+01  0.12E+03  0.22E+02
       Cl  6 5   0.80E+00  0.19E+00  0.19E+01  0.12E+03  0.23E+02
       Cl  6 6   0.83E+00  0.20E+00  0.19E+01  0.12E+03  0.23E+02
       H   1 1   0.39E+02  0.19E+00  0.29E+00  0.78E+05  0.13E+02
       H   2 1   0.41E+02  0.21E+00  0.32E+00  0.82E+05  0.14E+02
       H   2 2   0.43E+02  0.22E+00  0.36E+00  0.86E+05  0.15E+02
     ------------------------------------------------------------

     alpha_pv=     34.7198 eV

     Number of occupied bands for each k-point:
     k-point:     1    nbnd_occ=  42
     k-point:     2    nbnd_occ=  42
     k-point:     3    nbnd_occ=  42
     k-point:     4    nbnd_occ=  42
     k-point:     5    nbnd_occ=  42
     k-point:     6    nbnd_occ=  42
     k-point:     7    nbnd_occ=  42
     k-point:     8    nbnd_occ=  42
     k-point:     9    nbnd_occ=  42
     k-point:    10    nbnd_occ=  42
     k-point:    11    nbnd_occ=  42
     k-point:    12    nbnd_occ=  42
     k-point:    13    nbnd_occ=  42
     k-point:    14    nbnd_occ=  42
     k-point:    15    nbnd_occ=  42
     k-point:    16    nbnd_occ=  42


     q-space interpolation up to   110.00 Rydberg

     GIPAW job: efg                                                                             


     ELECTRIC FIELD GRADIENTS TENSORS IN Hartree/bohrradius^2:

     ----- bare term -----
     Cl   1       -0.075932        0.262169       -0.039652
     Cl   1        0.262169       -0.194693       -0.196911
     Cl   1       -0.039652       -0.196911        0.270625

     C    2        0.121479       -0.043071       -0.260086
     C    2       -0.043071       -0.064566       -0.616773
     C    2       -0.260086       -0.616773       -0.056913

     C    3       -0.541377        0.323794       -0.025748
     C    3        0.323794        0.013471       -0.075471
     C    3       -0.025748       -0.075471        0.527906

     H    4       -0.018978       -0.299276       -0.248573
     H    4       -0.299276       -0.427597       -0.114322
     H    4       -0.248573       -0.114322        0.446575

     C    5       -0.020530       -0.226540       -0.424896
     C    5       -0.226540       -0.083426       -0.437714
     C    5       -0.424896       -0.437714        0.103956

     H    6        0.204251        0.275414       -0.034808
     H    6        0.275414       -0.537645       -0.162314
     H    6       -0.034808       -0.162314        0.333394

     H    7        0.261652        0.103357        0.176022
     H    7        0.103357       -0.263014        0.501103
     H    7        0.176022        0.501103        0.001362

     C    8       -0.650619       -0.331540       -0.359756
     C    8       -0.331540        0.391570        0.082046
     C    8       -0.359756        0.082046        0.259050

     H    9        0.125477        0.069653       -0.365024
     H    9        0.069653        0.272149       -0.253587
     H    9       -0.365024       -0.253587       -0.397626

     C   10        0.113148       -0.322379       -0.060225
     C   10       -0.322379       -0.143269        0.509627
     C   10       -0.060225        0.509627        0.030121

     C   11       -0.512956       -0.403251       -0.353335
     C   11       -0.403251        0.223304        0.219483
     C   11       -0.353335        0.219483        0.289651

     Cl  12       -0.018199       -0.053475       -0.082885
     Cl  12       -0.053475       -0.002240        0.057860
     Cl  12       -0.082885        0.057860        0.020439

     H   13        0.498596       -0.049254        0.038763
     H   13       -0.049254       -0.344014       -0.420526
     H   13        0.038763       -0.420526       -0.154582

     C   14       -0.826441        0.364154       -0.301407
     C   14        0.364154        0.484813       -0.159978
     C   14       -0.301407       -0.159978        0.341629

     H   15       -0.320390        0.043172       -0.549425
     H   15        0.043172        0.196649       -0.018651
     H   15       -0.549425       -0.018651        0.123741

     C   16       -0.029453       -0.017437       -0.259106
     C   16       -0.017437       -0.068370       -0.649425
     C   16       -0.259106       -0.649425        0.097823

     C   17       -0.575226        0.366797       -0.282461
     C   17        0.366797        0.159617       -0.171228
     C   17       -0.282461       -0.171228        0.415609

     Cl  18        0.112274       -0.168336       -0.061188
     Cl  18       -0.168336       -0.002724        0.019374
     Cl  18       -0.061188        0.019374       -0.109549

     H   19        0.423949       -0.076495       -0.031351
     H   19       -0.076495       -0.782999        0.105391
     H   19       -0.031351        0.105391        0.359050

     C   20       -0.082402       -0.003962       -0.232487
     C   20       -0.003962        0.028141        0.452046
     C   20       -0.232487        0.452046        0.054261

     H   21        0.072371        0.165136       -0.357108
     H   21        0.165136        0.078419        0.540996
     H   21       -0.357108        0.540996       -0.150790

     C   22       -0.783947       -0.355650       -0.336980
     C   22       -0.355650        0.344398        0.045614
     C   22       -0.336980        0.045614        0.439549

     C   23        0.083813       -0.121077       -0.125698
     C   23       -0.121077       -0.165248        0.507271
     C   23       -0.125698        0.507271        0.081435

     Cl  24       -0.178542       -0.276090        0.012459
     Cl  24       -0.276090        0.141013       -0.047151
     Cl  24        0.012459       -0.047151        0.037530

     ----- ionic term -----
     Cl   1        0.166530       -0.182518        0.064223
     Cl   1       -0.182518       -0.015902       -0.031061
     Cl   1        0.064223       -0.031061       -0.150629

     C    2        0.223464       -0.173909        0.315614
     C    2       -0.173909        0.111286        0.341750
     C    2        0.315614        0.341750       -0.334750

     C    3        0.223375       -0.259060        0.147761
     C    3       -0.259060        0.181982        0.372999
     C    3        0.147761        0.372999       -0.405357

     H    4        0.596499        0.378779        0.640909
     H    4        0.378779       -0.344003        0.279081
     H    4        0.640909        0.279081       -0.252496

     C    5        0.361387       -0.164913        0.193807
     C    5       -0.164913        0.056315        0.321079
     C    5        0.193807        0.321079       -0.417702

     H    6       -0.487075       -0.105027       -0.055956
     H    6       -0.105027        0.721774        0.664181
     H    6       -0.055956        0.664181       -0.234699

     H    7       -0.518391        0.017395        0.012094
     H    7        0.017395        0.740634       -0.655056
     H    7        0.012094       -0.655056       -0.222242

     C    8        0.233825        0.283133        0.311049
     C    8        0.283133        0.041536       -0.266202
     C    8        0.311049       -0.266202       -0.275361

     H    9        0.344671       -0.218125        0.790451
     H    9       -0.218125       -0.432514       -0.270886
     H    9        0.790451       -0.270886        0.087843

     C   10        0.132536        0.335223        0.226808
     C   10        0.335223        0.131329       -0.350979
     C   10        0.226808       -0.350979       -0.263864

     C   11        0.193575        0.277902        0.302317
     C   11        0.277902        0.086060       -0.358647
     C   11        0.302317       -0.358647       -0.279635

     Cl  12        0.171900        0.261981        0.039502
     Cl  12        0.261981       -0.007525        0.015533
     Cl  12        0.039502        0.015533       -0.164375

     H   13       -0.533214       -0.015839       -0.000215
     H   13       -0.015839        0.616572        0.740583
     H   13       -0.000215        0.740583       -0.083358

     C   14        0.309665       -0.179026        0.241473
     C   14       -0.179026       -0.002706        0.333435
     C   14        0.241473        0.333435       -0.306959

     H   15        0.509587        0.334060        0.674459
     H   15        0.334060       -0.394202        0.290865
     H   15        0.674459        0.290865       -0.115385

     C   16        0.214369       -0.257797        0.145014
     C   16       -0.257797        0.088804        0.393775
     C   16        0.145014        0.393775       -0.303173

     C   17        0.292971       -0.142915        0.205294
     C   17       -0.142915        0.054625        0.412529
     C   17        0.205294        0.412529       -0.347596

     Cl  18        0.188632       -0.238286        0.008964
     Cl  18       -0.238286       -0.038080       -0.000234
     Cl  18        0.008964       -0.000234       -0.150552

     H   19       -0.513010        0.052585        0.004717
     H   19        0.052585        0.793537       -0.612287
     H   19        0.004717       -0.612287       -0.280527

     C   20        0.250689        0.255078        0.324666
     C   20        0.255078        0.075787       -0.243315
     C   20        0.324666       -0.243315       -0.326476

     H   21        0.342017       -0.214209        0.788553
     H   21       -0.214209       -0.496769       -0.248381
     H   21        0.788553       -0.248381        0.154752

     C   22        0.106426        0.292325        0.256255
     C   22        0.292325        0.146147       -0.335166
     C   22        0.256255       -0.335166       -0.252573

     C   23        0.121519        0.213915        0.283556
     C   23        0.213915        0.092055       -0.388541
     C   23        0.283556       -0.388541       -0.213575

     Cl  24        0.131589        0.187158        0.003496
     Cl  24        0.187158        0.015221       -0.000853
     Cl  24        0.003496       -0.000853       -0.146809

     ----- GIPAW term -----
     Cl   1       -0.844957        0.286864        0.251337
     Cl   1        0.286864        1.289570        1.327484
     Cl   1        0.251337        1.327484       -0.444614

     C    2       -0.049818       -0.034530       -0.025376
     C    2       -0.034530        0.221972       -0.009137
     C    2       -0.025376       -0.009137       -0.172154

     C    3       -0.060993       -0.077484        0.023833
     C    3       -0.077484        0.084491       -0.002478
     C    3        0.023833       -0.002478       -0.023497

     H    4       -0.000000        0.000000        0.000000
     H    4        0.000000        0.000000        0.000000
     H    4        0.000000        0.000000        0.000000

     C    5       -0.024265       -0.105924       -0.043200
     C    5       -0.105924        0.118505       -0.054231
     C    5       -0.043200       -0.054231       -0.094241

     H    6       -0.000000        0.000000        0.000000
     H    6        0.000000        0.000000        0.000000
     H    6        0.000000        0.000000        0.000000

     H    7       -0.000000        0.000000        0.000000
     H    7        0.000000        0.000000        0.000000
     H    7        0.000000        0.000000        0.000000

     C    8       -0.114959       -0.112164       -0.044691
     C    8       -0.112164        0.175387        0.028738
     C    8       -0.044691        0.028738       -0.060428

     H    9       -0.000000        0.000000        0.000000
     H    9        0.000000        0.000000        0.000000
     H    9        0.000000        0.000000        0.000000

     C   10       -0.039490       -0.118291       -0.036325
     C   10       -0.118291        0.112690        0.131464
     C   10       -0.036325        0.131464       -0.073200

     C   11       -0.125167       -0.047218       -0.053616
     C   11       -0.047218        0.216832        0.103534
     C   11       -0.053616        0.103534       -0.091665

     Cl  12       -0.121282        0.514422       -1.012340
     Cl  12        0.514422        1.014479        2.092261
     Cl  12       -1.012340        2.092261       -0.893197

     H   13       -0.000000        0.000000        0.000000
     H   13        0.000000        0.000000        0.000000
     H   13        0.000000        0.000000        0.000000

     C   14       -0.222854        0.028601       -0.021185
     C   14        0.028601        0.304834       -0.035880
     C   14       -0.021185       -0.035880       -0.081980

     H   15       -0.000000        0.000000        0.000000
     H   15        0.000000        0.000000        0.000000
     H   15        0.000000        0.000000        0.000000

     C   16       -0.101310       -0.108142       -0.043794
     C   16       -0.108142        0.218751       -0.101569
     C   16       -0.043794       -0.101569       -0.117441

     C   17       -0.051950       -0.187367       -0.063730
     C   17       -0.187367        0.166959        0.047588
     C   17       -0.063730        0.047588       -0.115008

     Cl  18        2.356189       -3.400102       -0.595232
     Cl  18       -3.400102       -0.079836        0.210476
     Cl  18       -0.595232        0.210476       -2.276353

     H   19       -0.000000        0.000000        0.000000
     H   19        0.000000        0.000000        0.000000
     H   19        0.000000        0.000000        0.000000

     C   20       -0.103617        0.000507       -0.018959
     C   20        0.000507        0.259848        0.064435
     C   20       -0.018959        0.064435       -0.156231

     H   21       -0.000000        0.000000        0.000000
     H   21        0.000000        0.000000        0.000000
     H   21        0.000000        0.000000        0.000000

     C   22       -0.220999       -0.020575       -0.053347
     C   22       -0.020575        0.256196       -0.109595
     C   22       -0.053347       -0.109595       -0.035197

     C   23       -0.055616       -0.022588        0.033402
     C   23       -0.022588        0.194464       -0.110953
     C   23        0.033402       -0.110953       -0.138848

     Cl  24       -0.300377       -0.397333        0.229665
     Cl  24       -0.397333        2.375900       -0.853526
     Cl  24        0.229665       -0.853526       -2.075523

     ----- total EFG -----
     Cl   1       -0.754358        0.366515        0.275907
     Cl   1        0.366515        1.078976        1.099512
     Cl   1        0.275907        1.099512       -0.324618

     C    2        0.295126       -0.251511        0.030152
     C    2       -0.251511        0.268692       -0.284160
     C    2        0.030152       -0.284160       -0.563818

     C    3       -0.378996       -0.012750        0.145847
     C    3       -0.012750        0.279944        0.295050
     C    3        0.145847        0.295050        0.099052

     H    4        0.577522        0.079503        0.392336
     H    4        0.079503       -0.771601        0.164759
     H    4        0.392336        0.164759        0.194079

     C    5        0.316592       -0.497377       -0.274289
     C    5       -0.497377        0.091394       -0.170866
     C    5       -0.274289       -0.170866       -0.407986

     H    6       -0.282824        0.170386       -0.090764
     H    6        0.170386        0.184129        0.501866
     H    6       -0.090764        0.501866        0.098695

     H    7       -0.256740        0.120752        0.188116
     H    7        0.120752        0.477620       -0.153952
     H    7        0.188116       -0.153952       -0.220880

     C    8       -0.531754       -0.160570       -0.093398
     C    8       -0.160570        0.608493       -0.155417
     C    8       -0.093398       -0.155417       -0.076739

     H    9        0.470148       -0.148471        0.425427
     H    9       -0.148471       -0.160365       -0.524474
     H    9        0.425427       -0.524474       -0.309783

     C   10        0.206194       -0.105448        0.130258
     C   10       -0.105448        0.100749        0.290113
     C   10        0.130258        0.290113       -0.306943

     C   11       -0.444548       -0.172567       -0.104633
     C   11       -0.172567        0.526197       -0.035629
     C   11       -0.104633       -0.035629       -0.081649

     Cl  12        0.032418        0.722928       -1.055723
     Cl  12        0.722928        1.004715        2.165654
     Cl  12       -1.055723        2.165654       -1.037133

     H   13       -0.034618       -0.065093        0.038549
     H   13       -0.065093        0.272558        0.320057
     H   13        0.038549        0.320057       -0.237940

     C   14       -0.739631        0.213729       -0.081120
     C   14        0.213729        0.786941        0.137577
     C   14       -0.081120        0.137577       -0.047310

     H   15        0.189196        0.377233        0.125034
     H   15        0.377233       -0.197553        0.272214
     H   15        0.125034        0.272214        0.008357

     C   16        0.083606       -0.383376       -0.157886
     C   16       -0.383376        0.239185       -0.357220
     C   16       -0.157886       -0.357220       -0.322791

     C   17       -0.334206        0.036515       -0.140898
     C   17        0.036515        0.381201        0.288889
     C   17       -0.140898        0.288889       -0.046996

     Cl  18        2.657094       -3.806724       -0.647455
     Cl  18       -3.806724       -0.120640        0.229616
     Cl  18       -0.647455        0.229616       -2.536454

     H   19       -0.089061       -0.023910       -0.026634
     H   19       -0.023910        0.010538       -0.506895
     H   19       -0.026634       -0.506895        0.078523

     C   20        0.064670        0.251623        0.073219
     C   20        0.251623        0.363776        0.273166
     C   20        0.073219        0.273166       -0.428446

     H   21        0.414388       -0.049072        0.431445
     H   21       -0.049072       -0.418350        0.292615
     H   21        0.431445        0.292615        0.003962

     C   22       -0.898520       -0.083900       -0.134072
     C   22       -0.083900        0.746741       -0.399147
     C   22       -0.134072       -0.399147        0.151779

     C   23        0.149716        0.070249        0.191259
     C   23        0.070249        0.121271        0.007777
     C   23        0.191259        0.007777       -0.270987

     Cl  24       -0.347331       -0.486265        0.245621
     Cl  24       -0.486265        2.532133       -0.901530
     Cl  24        0.245621       -0.901530       -2.184802

     ----- total EFG (symmetrized) -----
     Cl   1       -0.754358        0.366515        0.275907
     Cl   1        0.366515        1.078976        1.099512
     Cl   1        0.275907        1.099512       -0.324618

     C    2        0.295126       -0.251511        0.030152
     C    2       -0.251511        0.268692       -0.284160
     C    2        0.030152       -0.284160       -0.563818

     C    3       -0.378996       -0.012750        0.145847
     C    3       -0.012750        0.279944        0.295050
     C    3        0.145847        0.295050        0.099052

     H    4        0.577522        0.079503        0.392336
     H    4        0.079503       -0.771601        0.164759
     H    4        0.392336        0.164759        0.194079

     C    5        0.316592       -0.497377       -0.274289
     C    5       -0.497377        0.091394       -0.170866
     C    5       -0.274289       -0.170866       -0.407986

     H    6       -0.282824        0.170386       -0.090764
     H    6        0.170386        0.184129        0.501866
     H    6       -0.090764        0.501866        0.098695

     H    7       -0.256740        0.120752        0.188116
     H    7        0.120752        0.477620       -0.153952
     H    7        0.188116       -0.153952       -0.220880

     C    8       -0.531754       -0.160570       -0.093398
     C    8       -0.160570        0.608493       -0.155417
     C    8       -0.093398       -0.155417       -0.076739

     H    9        0.470148       -0.148471        0.425427
     H    9       -0.148471       -0.160365       -0.524474
     H    9        0.425427       -0.524474       -0.309783

     C   10        0.206194       -0.105448        0.130258
     C   10       -0.105448        0.100749        0.290113
     C   10        0.130258        0.290113       -0.306943

     C   11       -0.444548       -0.172567       -0.104633
     C   11       -0.172567        0.526197       -0.035629
     C   11       -0.104633       -0.035629       -0.081649

     Cl  12        0.032418        0.722928       -1.055723
     Cl  12        0.722928        1.004715        2.165654
     Cl  12       -1.055723        2.165654       -1.037133

     H   13       -0.034618       -0.065093        0.038549
     H   13       -0.065093        0.272558        0.320057
     H   13        0.038549        0.320057       -0.237940

     C   14       -0.739631        0.213729       -0.081120
     C   14        0.213729        0.786941        0.137577
     C   14       -0.081120        0.137577       -0.047310

     H   15        0.189196        0.377233        0.125034
     H   15        0.377233       -0.197553        0.272214
     H   15        0.125034        0.272214        0.008357

     C   16        0.083606       -0.383376       -0.157886
     C   16       -0.383376        0.239185       -0.357220
     C   16       -0.157886       -0.357220       -0.322791

     C   17       -0.334206        0.036515       -0.140898
     C   17        0.036515        0.381201        0.288889
     C   17       -0.140898        0.288889       -0.046996

     Cl  18        2.657094       -3.806724       -0.647455
     Cl  18       -3.806724       -0.120640        0.229616
     Cl  18       -0.647455        0.229616       -2.536454

     H   19       -0.089061       -0.023910       -0.026634
     H   19       -0.023910        0.010538       -0.506895
     H   19       -0.026634       -0.506895        0.078523

     C   20        0.064670        0.251623        0.073219
     C   20        0.251623        0.363776        0.273166
     C   20        0.073219        0.273166       -0.428446

     H   21        0.414388       -0.049072        0.431445
     H   21       -0.049072       -0.418350        0.292615
     H   21        0.431445        0.292615        0.003962

     C   22       -0.898520       -0.083900       -0.134072
     C   22       -0.083900        0.746741       -0.399147
     C   22       -0.134072       -0.399147        0.151779

     C   23        0.149716        0.070249        0.191259
     C   23        0.070249        0.121271        0.007777
     C   23        0.191259        0.007777       -0.270987

     Cl  24       -0.347331       -0.486265        0.245621
     Cl  24       -0.486265        2.532133       -0.901530
     Cl  24        0.245621       -0.901530       -2.184802


     NQR/NMR SPECTROSCOPIC PARAMETERS:
     Cl   1    Vxx=   -0.8026    axis=(  0.872975 -0.361442  0.327527)
     Cl   1    Vyy=   -0.9609    axis=( -0.454296 -0.358058  0.815726)
     Cl   1    Vzz=    1.7635    axis=(  0.177564  0.860903  0.476778)
     Cl   1  Q=        -8.1650 1e-30 m^2  Cq=       -33.8317 MHz  eta= 0.08977

     C    2    Vxx=    0.0763    axis=(  0.746361  0.620624 -0.240359)
     C    2    Vyy=    0.5776    axis=( -0.663579  0.721652 -0.197186)
     C    2    Vzz=   -0.6539    axis=(  0.051077  0.306668  0.950445)
     C    2  Q=         1.0000 1e-30 m^2  Cq=        -1.5364 MHz  eta= 0.76670

     C    3    Vxx=   -0.0702    axis=( -0.363991  0.592348 -0.718773)
     C    3    Vyy=   -0.4347    axis=( -0.927174 -0.156986  0.340153)
     C    3    Vzz=    0.5049    axis=(  0.088651  0.790240  0.606351)
     C    3  Q=         1.0000 1e-30 m^2  Cq=         1.1863 MHz  eta= 0.72175

     H    4    Vxx=   -0.0383    axis=( -0.544551  0.127234  0.829021)
     H    4    Vyy=   -0.7991    axis=( -0.011652  0.987184 -0.159161)
     H    4    Vzz=    0.8374    axis=( -0.838647 -0.096331 -0.536089)
     H    4  Q=         1.0000 1e-30 m^2  Cq=         1.9677 MHz  eta= 0.90843

     C    5    Vxx=   -0.0542    axis=(  0.409851  0.655423 -0.634384)
     C    5    Vyy=   -0.6708    axis=(  0.445922  0.462737  0.766177)
     C    5    Vzz=    0.7251    axis=( -0.795724  0.596904  0.102614)
     C    5  Q=         1.0000 1e-30 m^2  Cq=         1.7036 MHz  eta= 0.85037

     H    6    Vxx=   -0.1393    axis=(  0.772938  0.380559 -0.507683)
     H    6    Vyy=   -0.5103    axis=( -0.630491  0.550287 -0.547417)
     H    6    Vzz=    0.6497    axis=( -0.071047 -0.743209 -0.665277)
     H    6  Q=         1.0000 1e-30 m^2  Cq=         1.5264 MHz  eta= 0.57110

     H    7    Vxx=   -0.0515    axis=(  0.691281  0.051937  0.720717)
     H    7    Vyy=   -0.4673    axis=(  0.714210 -0.200532 -0.670590)
     H    7    Vzz=    0.5188    axis=( -0.109699 -0.978309  0.175718)
     H    7  Q=         1.0000 1e-30 m^2  Cq=         1.2190 MHz  eta= 0.80131

     C    8    Vxx=   -0.0777    axis=( -0.252030  0.157293  0.954851)
     C    8    Vyy=   -0.5805    axis=(  0.960682  0.159449  0.227303)
     C    8    Vzz=    0.6582    axis=( -0.116497  0.974595 -0.191294)
     C    8  Q=         1.0000 1e-30 m^2  Cq=         1.5465 MHz  eta= 0.76393

     H    9    Vxx=    0.0059    axis=(  0.585444  0.710225 -0.390942)
     H    9    Vyy=    0.8029    axis=(  0.787575 -0.383857  0.482057)
     H    9    Vzz=   -0.8089    axis=(  0.192303 -0.590113 -0.784083)
     H    9  Q=         1.0000 1e-30 m^2  Cq=        -1.9005 MHz  eta= 0.98530

     C   10    Vxx=    0.2152    axis=(  0.722483  0.511970  0.464656)
     C   10    Vyy=    0.2809    axis=(  0.652675 -0.726771 -0.214055)
     C   10    Vzz=   -0.4961    axis=( -0.228108 -0.457921  0.859229)
     C   10  Q=         1.0000 1e-30 m^2  Cq=        -1.1657 MHz  eta= 0.13232

     C   11    Vxx=   -0.0538    axis=( -0.252200 -0.015600  0.967549)
     C   11    Vyy=   -0.5026    axis=(  0.953153  0.168571  0.251165)
     C   11    Vzz=    0.5564    axis=( -0.167019  0.985566 -0.027644)
     C   11  Q=         1.0000 1e-30 m^2  Cq=         1.3074 MHz  eta= 0.80662

     Cl  12    Vxx=    0.5784    axis=(  0.919145  0.191121 -0.344450)
     Cl  12    Vyy=    2.3790    axis=(  0.022510  0.847504  0.530312)
     Cl  12    Vzz=   -2.9574    axis=(  0.393276 -0.495187  0.774677)
     Cl  12  Q=        -8.1650 1e-30 m^2  Cq=        56.7364 MHz  eta= 0.60887

     H   13    Vxx=   -0.0276    axis=(  0.981350  0.008023  0.192062)
     H   13    Vyy=   -0.4029    axis=(  0.169488  0.435297 -0.884189)
     H   13    Vzz=    0.4305    axis=( -0.090698  0.900251  0.425819)
     H   13  Q=         1.0000 1e-30 m^2  Cq=         1.0115 MHz  eta= 0.87175

     C   14    Vxx=   -0.0517    axis=( -0.153462 -0.121759  0.980624)
     C   14    Vyy=   -0.7825    axis=( -0.980084  0.145330 -0.135332)
     C   14    Vzz=    0.8342    axis=( -0.126037 -0.981862 -0.141637)
     C   14  Q=         1.0000 1e-30 m^2  Cq=         1.9601 MHz  eta= 0.87606

     H   15    Vxx=   -0.0496    axis=( -0.561636  0.082673  0.823244)
     H   15    Vyy=   -0.4925    axis=( -0.400892  0.843206 -0.358176)
     H   15    Vzz=    0.5421    axis=( -0.723775 -0.531196 -0.440431)
     H   15  Q=         1.0000 1e-30 m^2  Cq=         1.2738 MHz  eta= 0.81699

     C   16    Vxx=    0.0495    axis=(  0.725733  0.316130 -0.611042)
     C   16    Vyy=    0.5932    axis=( -0.540996  0.810922 -0.223000)
     C   16    Vzz=   -0.6427    axis=(  0.425011  0.492410  0.759538)
     C   16  Q=         1.0000 1e-30 m^2  Cq=        -1.5101 MHz  eta= 0.84584

     C   17    Vxx=   -0.1048    axis=(  0.524407  0.405603 -0.748655)
     C   17    Vyy=   -0.4230    axis=( -0.850670  0.211510 -0.481274)
     C   17    Vzz=    0.5278    axis=(  0.036858 -0.889241 -0.455951)
     C   17  Q=         1.0000 1e-30 m^2  Cq=         1.2402 MHz  eta= 0.60284

     Cl  18    Vxx=   -2.4818    axis=( -0.236896 -0.464892  0.853086)
     Cl  18    Vyy=   -2.8940    axis=( -0.524814 -0.677707 -0.515056)
     Cl  18    Vzz=    5.3758    axis=( -0.817588  0.569727  0.083436)
     Cl  18  Q=        -8.1650 1e-30 m^2  Cq=      -103.1327 MHz  eta= 0.07669

     H   19    Vxx=   -0.0857    axis=( -0.995564  0.071952  0.060622)
     H   19    Vyy=   -0.4669    axis=( -0.093960 -0.726952 -0.680229)
     H   19    Vzz=    0.5526    axis=( -0.004874 -0.682908  0.730488)
     H   19  Q=         1.0000 1e-30 m^2  Cq=         1.2983 MHz  eta= 0.68978

     C   20    Vxx=   -0.0681    axis=(  0.891918 -0.428733 -0.143772)
     C   20    Vyy=   -0.5136    axis=( -0.009664  0.299796 -0.953954)
     C   20    Vzz=    0.5816    axis=(  0.452094  0.852238  0.263251)
     C   20  Q=         1.0000 1e-30 m^2  Cq=         1.3666 MHz  eta= 0.76589

     H   21    Vxx=   -0.0661    axis=(  0.503902 -0.592415 -0.628591)
     H   21    Vyy=   -0.6335    axis=(  0.260958  0.798144 -0.543016)
     H   21    Vzz=    0.6996    axis=( -0.823398 -0.109591 -0.556782)
     H   21  Q=         1.0000 1e-30 m^2  Cq=         1.6438 MHz  eta= 0.81096

     C   22    Vxx=   -0.0203    axis=( -0.176441  0.439104  0.880940)
     C   22    Vyy=   -0.9269    axis=( -0.984277 -0.086122 -0.154211)
     C   22    Vzz=    0.9472    axis=(  0.008153 -0.894299  0.447396)
     C   22  Q=         1.0000 1e-30 m^2  Cq=         2.2255 MHz  eta= 0.95709

     C   23    Vxx=    0.0877    axis=(  0.405035 -0.892911  0.196616)
     C   23    Vyy=    0.2580    axis=(  0.838390  0.448508  0.309745)
     C   23    Vzz=   -0.3457    axis=( -0.364758  0.039384  0.930269)
     C   23  Q=         1.0000 1e-30 m^2  Cq=        -0.8121 MHz  eta= 0.49260

     Cl  24    Vxx=   -0.4227    axis=(  0.983247  0.176131  0.046943)
     Cl  24    Vyy=   -2.3632    axis=( -0.077879  0.173078  0.981824)
     Cl  24    Vzz=    2.7859    axis=(  0.164805 -0.969031  0.183895)
     Cl  24  Q=        -8.1650 1e-30 m^2  Cq=       -53.4464 MHz  eta= 0.69654

     Initialization:
     gipaw_setup  :      9.44s CPU     11.17s WALL (       1 calls)

     Linear response

     Apply operators

     Induced current

     Other routines
     efg          :      9.21s CPU     11.67s WALL (       1 calls)

     General routines
     calbec       :      3.23s CPU      4.32s WALL (      16 calls)
     fft          :      1.38s CPU      1.71s WALL (      15 calls)
     ffts         :      0.04s CPU      0.05s WALL (       2 calls)
     fftw         :      3.19s CPU      3.94s WALL (     672 calls)
     davcio       :      0.02s CPU      0.34s WALL (      32 calls)

     Parallel routines
     fft_scatter  :      1.90s CPU      2.66s WALL (     689 calls)

     Plugins

     GIPAW        :     61.10s CPU     73.43s WALL (       1 calls)
