
     Program QE v.6.0 (svn rev. 13079) starts on 15Jan2017 at 21:20:57 

     This program is part of the open-source Quantum ESPRESSO suite
     for quantum simulation of materials; please cite
         "P. Giannozzi et al., J. Phys.:Condens. Matter 21 395502 (2009);
          URL http://www.quantum-espresso.org", 
     in publications or presentations arising from this work. More details at
     http://www.quantum-espresso.org/quote

     Parallel version (MPI), running on     8 processors
     R & G space division:  proc/nbgrp/npool/nimage =       8

     ***** This is GIPAW svn revision unknown      *****

     Parallelizing q-star over 1 images

     Reading data from directory:
     /users/majewski/paradichlorobenzene/pbe/9_constraint/scratch/pbe.ecut100.np8.dt60.pcl2phi-129368.save
     Message from routine read_xml_file:
     file /users/majewski/paradichlorobenzene/pbe/9_constraint/scratch/pbe.ecut100.np8.dt60.pcl2phi-129368.save not guaranteed to be safe for post-processing

   Info: using nr1, nr2, nr3 values from input

   Info: using nr1, nr2, nr3 values from input

     IMPORTANT: XC functional enforced from input :
     Exchange-correlation      =  SLA  PW   PBX  PBC ( 1  4  3  4 0 0)
     Any further DFT definition will be discarded
     Please, verify this is what you really want

               file C.pbe-n-kjpaw_psl.1.0.0.UPF: wavefunction(s)  2S 2P renormalized
               file Cl.pbe-n-kjpaw_psl.1.0.0.UPF: wavefunction(s)  3S 3P renormalized
               file H.pbe-kjpaw_psl.1.0.0.UPF: wavefunction(s)  1S renormalized

     Parallelization info
     --------------------
     sticks:   dense  smooth     PW     G-vecs:    dense   smooth      PW
     Min        3057    1223    332               144436    36536    5170
     Max        3059    1225    333               144437    36537    5171
     Sum       24467    9791   2657              1155489   292295   41363


     Subspace diagonalization in iterative solution of the eigenvalue problem:
     a serial algorithm will be used

     GIPAW projectors -----------------------------------------------
     atom=  C    l=0  rc=    1.2000  rs=    0.8000
     atom=  C    l=0  rc=    1.2000  rs=    0.8000
     atom=  C    l=1  rc=    1.4000  rs=    0.9333
     atom=  C    l=1  rc=    1.4000  rs=    0.9333
     projs nearly linearly dependent: l=1  n1,n2= 1, 2  s=  0.99951561

     atom=  Cl   l=0  rc=    1.6000  rs=    1.0667
     atom=  Cl   l=0  rc=    1.6000  rs=    1.0667
     atom=  Cl   l=1  rc=    1.6000  rs=    1.0667
     atom=  Cl   l=1  rc=    1.6000  rs=    1.0667
     atom=  Cl   l=2  rc=    1.6000  rs=    1.0667
     atom=  Cl   l=2  rc=    1.6000  rs=    1.0667
     projs nearly linearly dependent: l=2  n1,n2= 1, 2  s=  0.99993509

     atom=  H    l=0  rc=    1.0000  rs=    0.6667
     atom=  H    l=0  rc=    1.0000  rs=    0.6667
     projs nearly linearly dependent: l=0  n1,n2= 1, 2  s=  0.99968852
     -----------------------------------------------------------------

     GIPAW integrals: -------------------------------------------
     Atom  i/j   nmr_para   nmr_dia   epr_rmc  epr_para   epr_dia
       C   1 1   0.83E+03  0.17E-01  0.93E+01  0.24E+08  0.24E+03
       C   2 1   0.86E+03 -0.61E-01  0.94E+01  0.25E+08  0.25E+03
       C   2 2   0.90E+03 -0.15E+00  0.97E+01  0.26E+08  0.26E+03
       C   3 3   0.33E+01  0.34E+00  0.18E+01  0.55E+03  0.21E+02
       C   4 3   0.35E+01  0.37E+00  0.20E+01  0.59E+03  0.22E+02
       C   4 4   0.38E+01  0.39E+00  0.22E+01  0.63E+03  0.24E+02
       Cl  1 1   0.14E+04 -0.47E+00  0.84E+01  0.32E+09  0.42E+03
       Cl  2 1   0.21E+04 -0.37E+00  0.12E+02  0.49E+09  0.65E+03
       Cl  2 2   0.33E+04 -0.16E+00  0.21E+02  0.76E+09  0.10E+04
       Cl  3 3   0.21E+02  0.79E-01  0.89E+01  0.23E+05  0.13E+03
       Cl  4 3   0.24E+02  0.67E-01  0.99E+01  0.27E+05  0.15E+03
       Cl  4 4   0.28E+02  0.44E-01  0.11E+02  0.32E+05  0.18E+03
       Cl  5 5   0.77E+00  0.19E+00  0.18E+01  0.12E+03  0.22E+02
       Cl  6 5   0.80E+00  0.19E+00  0.19E+01  0.12E+03  0.23E+02
       Cl  6 6   0.83E+00  0.20E+00  0.19E+01  0.12E+03  0.23E+02
       H   1 1   0.39E+02  0.19E+00  0.29E+00  0.78E+05  0.13E+02
       H   2 1   0.41E+02  0.21E+00  0.32E+00  0.82E+05  0.14E+02
       H   2 2   0.43E+02  0.22E+00  0.36E+00  0.86E+05  0.15E+02
     ------------------------------------------------------------

     alpha_pv=     34.3675 eV

     Number of occupied bands for each k-point:
     k-point:     1    nbnd_occ=  42
     k-point:     2    nbnd_occ=  42
     k-point:     3    nbnd_occ=  42
     k-point:     4    nbnd_occ=  42
     k-point:     5    nbnd_occ=  42
     k-point:     6    nbnd_occ=  42
     k-point:     7    nbnd_occ=  42
     k-point:     8    nbnd_occ=  42
     k-point:     9    nbnd_occ=  42
     k-point:    10    nbnd_occ=  42
     k-point:    11    nbnd_occ=  42
     k-point:    12    nbnd_occ=  42
     k-point:    13    nbnd_occ=  42
     k-point:    14    nbnd_occ=  42
     k-point:    15    nbnd_occ=  42
     k-point:    16    nbnd_occ=  42


     q-space interpolation up to   110.00 Rydberg

     GIPAW job: efg                                                                             


     ELECTRIC FIELD GRADIENTS TENSORS IN Hartree/bohrradius^2:

     ----- bare term -----
     Cl   1        0.008557        0.252928       -0.078363
     Cl   1        0.252928        0.127185        0.132666
     Cl   1       -0.078363        0.132666       -0.135742

     C    2       -0.123550       -0.158639       -0.209512
     C    2       -0.158639       -0.010217       -0.398194
     C    2       -0.209512       -0.398194        0.133767

     C    3       -0.164591        0.150812       -0.245044
     C    3        0.150812       -0.083404       -0.310557
     C    3       -0.245044       -0.310557        0.247996

     H    4       -0.599332       -0.311016        0.193428
     H    4       -0.311016        0.361583       -0.024263
     H    4        0.193428       -0.024263        0.237749

     C    5        0.051062        0.505548        0.077213
     C    5        0.505548       -0.396246       -0.375993
     C    5        0.077213       -0.375993        0.345185

     H    6        0.072389       -0.403988       -0.270421
     H    6       -0.403988       -0.246710       -0.442014
     H    6       -0.270421       -0.442014        0.174321

     H    7       -0.035212        0.053776       -0.186229
     H    7        0.053776       -0.290383        0.507906
     H    7       -0.186229        0.507906        0.325595

     C    8       -0.527803       -0.319150       -0.270527
     C    8       -0.319150        0.134188        0.118705
     C    8       -0.270527        0.118705        0.393615

     H    9       -0.400156       -0.297686       -0.358678
     H    9       -0.297686        0.046673        0.121276
     H    9       -0.358678        0.121276        0.353483

     C   10        0.049006        0.188664       -0.321186
     C   10        0.188664       -0.080864        0.644252
     C   10       -0.321186        0.644252        0.031858

     C   11       -0.709197       -0.399173       -0.350214
     C   11       -0.399173        0.352187        0.138863
     C   11       -0.350214        0.138863        0.357010

     Cl  12        0.058781       -0.058248       -0.020294
     Cl  12       -0.058248       -0.020387       -0.011149
     Cl  12       -0.020294       -0.011149       -0.038394

     H   13        0.454888        0.083743       -0.198174
     H   13        0.083743        0.063676       -0.148398
     H   13       -0.198174       -0.148398       -0.518564

     C   14       -0.478290        0.331518        0.012647
     C   14        0.331518        0.200634       -0.067780
     C   14        0.012647       -0.067780        0.277657

     H   15       -0.239874        0.309153       -0.320198
     H   15        0.309153       -0.133365       -0.241559
     H   15       -0.320198       -0.241559        0.373239

     C   16        0.233367        0.133062       -0.099224
     C   16        0.133062       -0.327599       -0.611333
     C   16       -0.099224       -0.611333        0.094232

     C   17       -0.705221        0.302408       -0.339515
     C   17        0.302408        0.261213       -0.160779
     C   17       -0.339515       -0.160779        0.444008

     Cl  18        0.354543       -0.044383       -0.199925
     Cl  18       -0.044383        0.172648       -0.505371
     Cl  18       -0.199925       -0.505371       -0.527191

     H   19        0.447462       -0.037605       -0.039017
     H   19       -0.037605       -0.806396        0.058398
     H   19       -0.039017        0.058398        0.358934

     C   20       -0.128243       -0.068474       -0.223233
     C   20       -0.068474        0.045475        0.483786
     C   20       -0.223233        0.483786        0.082768

     H   21       -0.304795        0.478662       -0.238548
     H   21        0.478662       -0.030064        0.001915
     H   21       -0.238548        0.001915        0.334858

     C   22       -0.629995       -0.328769       -0.160838
     C   22       -0.328769        0.252861        0.292164
     C   22       -0.160838        0.292164        0.377134

     C   23        0.033132        0.351827       -0.484092
     C   23        0.351827       -0.135979        0.600671
     C   23       -0.484092        0.600671        0.102847

     Cl  24       -0.241203       -0.187783        0.011403
     Cl  24       -0.187783        0.114898        0.046980
     Cl  24        0.011403        0.046980        0.126305

     ----- ionic term -----
     Cl   1        0.068845       -0.200734       -0.034655
     Cl   1       -0.200734        0.075097        0.045453
     Cl   1       -0.034655        0.045453       -0.143943

     C    2        0.264573       -0.142731        0.246250
     C    2       -0.142731        0.032617        0.407037
     C    2        0.246250        0.407037       -0.297189

     C    3        0.199961       -0.172947        0.075601
     C    3       -0.172947        0.081442        0.449564
     C    3        0.075601        0.449564       -0.281404

     H    4        0.899321        0.189003        0.489009
     H    4        0.189003       -0.525851        0.149925
     H    4        0.489009        0.149925       -0.373470

     C    5        0.328423       -0.154369        0.070196
     C    5       -0.154369        0.000822        0.374517
     C    5        0.070196        0.374517       -0.329245

     H    6       -0.518209        0.166451        0.098939
     H    6        0.166451        0.529693        0.801320
     H    6        0.098939        0.801320       -0.011484

     H    7       -0.502953       -0.186403        0.099228
     H    7       -0.186403        0.676372       -0.668964
     H    7        0.099228       -0.668964       -0.173419

     C    8        0.261808        0.207854        0.282232
     C    8        0.207854        0.120511       -0.253736
     C    8        0.282232       -0.253736       -0.382320

     H    9        0.714328       -0.229801        0.637122
     H    9       -0.229801       -0.429872       -0.172567
     H    9        0.637122       -0.172567       -0.284457

     C   10        0.140295        0.251120        0.218830
     C   10        0.251120        0.223015       -0.344030
     C   10        0.218830       -0.344030       -0.363310

     C   11        0.190320        0.143505        0.263272
     C   11        0.143505        0.168752       -0.380565
     C   11        0.263272       -0.380565       -0.359072

     Cl  12        0.126464        0.212464        0.010148
     Cl  12        0.212464        0.032245       -0.000606
     Cl  12        0.010148       -0.000606       -0.158709

     H   13       -0.530825        0.149780        0.134069
     H   13        0.149780        0.417960        0.838619
     H   13        0.134069        0.838619        0.112865

     C   14        0.313023       -0.211788        0.133266
     C   14       -0.211788       -0.051570        0.396991
     C   14        0.133266        0.396991       -0.261453

     H   15        0.797248        0.099849        0.590269
     H   15        0.099849       -0.522258        0.124545
     H   15        0.590269        0.124545       -0.274990

     C   16        0.172735       -0.262408        0.044186
     C   16       -0.262408        0.032561        0.462846
     C   16        0.044186        0.462846       -0.205296

     C   17        0.279332       -0.128718        0.098783
     C   17       -0.128718       -0.042583        0.427949
     C   17        0.098783        0.427949       -0.236749

     Cl  18        0.092761       -0.194821       -0.057686
     Cl  18       -0.194821        0.015353        0.046151
     Cl  18       -0.057686        0.046151       -0.108115

     H   19       -0.497099        0.020449        0.005087
     H   19        0.020449        0.786456       -0.605395
     H   19        0.005087       -0.605395       -0.289357

     C   20        0.300893        0.247828        0.224506
     C   20        0.247828        0.149761       -0.259879
     C   20        0.224506       -0.259879       -0.450653

     H   21        0.793808       -0.275955        0.580897
     H   21       -0.275955       -0.422413       -0.188911
     H   21        0.580897       -0.188911       -0.371395

     C   22        0.215150        0.261986        0.180426
     C   22        0.261986        0.233677       -0.298098
     C   22        0.180426       -0.298098       -0.448827

     C   23        0.268546        0.184973        0.251258
     C   23        0.184973        0.120110       -0.310527
     C   23        0.251258       -0.310527       -0.388656

     Cl  24        0.158406        0.200147        0.002371
     Cl  24        0.200147        0.001345       -0.014915
     Cl  24        0.002371       -0.014915       -0.159751

     ----- GIPAW term -----
     Cl   1       -0.681476       -0.513430        0.339198
     Cl   1       -0.513430       -0.895265       -0.678106
     Cl   1        0.339198       -0.678106        1.576740

     C    2       -0.048606       -0.059254       -0.018824
     C    2       -0.059254       -0.004915       -0.119848
     C    2       -0.018824       -0.119848        0.053520

     C    3       -0.017478        0.095630       -0.145976
     C    3        0.095630       -0.004893       -0.115638
     C    3       -0.145976       -0.115638        0.022372

     H    4       -0.000000        0.000000        0.000000
     H    4        0.000000        0.000000        0.000000
     H    4        0.000000        0.000000        0.000000

     C    5        0.086265        0.213890        0.083850
     C    5        0.213890       -0.025245       -0.008414
     C    5        0.083850       -0.008414       -0.061020

     H    6       -0.000000        0.000000        0.000000
     H    6        0.000000        0.000000        0.000000
     H    6        0.000000        0.000000        0.000000

     H    7       -0.000000        0.000000        0.000000
     H    7        0.000000        0.000000        0.000000
     H    7        0.000000        0.000000        0.000000

     C    8       -0.006643        0.172671       -0.054263
     C    8        0.172671        0.110185       -0.059059
     C    8       -0.054263       -0.059059       -0.103542

     H    9       -0.000000        0.000000        0.000000
     H    9        0.000000        0.000000        0.000000
     H    9        0.000000        0.000000        0.000000

     C   10       -0.066092        0.191507       -0.054812
     C   10        0.191507        0.210903        0.061360
     C   10       -0.054812        0.061360       -0.144811

     C   11       -0.174346        0.047490       -0.045854
     C   11        0.047490        0.300851       -0.046991
     C   11       -0.045854       -0.046991       -0.126505

     Cl  12       -0.036296        0.531440       -0.085105
     Cl  12        0.531440        2.610919       -0.071645
     Cl  12       -0.085105       -0.071645       -2.574623

     H   13       -0.000000        0.000000        0.000000
     H   13        0.000000        0.000000        0.000000
     H   13        0.000000        0.000000        0.000000

     C   14       -0.073319       -0.042250        0.047435
     C   14       -0.042250        0.094402       -0.043835
     C   14        0.047435       -0.043835       -0.021082

     H   15       -0.000000        0.000000        0.000000
     H   15        0.000000        0.000000        0.000000
     H   15        0.000000        0.000000        0.000000

     C   16       -0.070873        0.010807        0.013522
     C   16        0.010807        0.169382        0.072945
     C   16        0.013522        0.072945       -0.098509

     C   17       -0.051559        0.061793        0.058031
     C   17        0.061793        0.021463        0.075195
     C   17        0.058031        0.075195        0.030096

     Cl  18        0.394381       -0.492343       -0.138650
     Cl  18       -0.492343        0.131746       -0.137202
     Cl  18       -0.138650       -0.137202       -0.526127

     H   19       -0.000000        0.000000        0.000000
     H   19        0.000000        0.000000        0.000000
     H   19        0.000000        0.000000        0.000000

     C   20       -0.106550       -0.037965       -0.021485
     C   20       -0.037965        0.252270        0.128106
     C   20       -0.021485        0.128106       -0.145721

     H   21       -0.000000        0.000000        0.000000
     H   21        0.000000        0.000000        0.000000
     H   21        0.000000        0.000000        0.000000

     C   22       -0.215183        0.039440       -0.010192
     C   22        0.039440        0.286175        0.080577
     C   22       -0.010192        0.080577       -0.070991

     C   23        0.095587        0.288482       -0.115654
     C   23        0.288482        0.037070        0.037531
     C   23       -0.115654        0.037531       -0.132657

     Cl  24        0.176648        2.047323        0.049719
     Cl  24        2.047323        1.254825        0.326193
     Cl  24        0.049719        0.326193       -1.431474

     ----- total EFG -----
     Cl   1       -0.604073       -0.461236        0.226179
     Cl   1       -0.461236       -0.692983       -0.499988
     Cl   1        0.226179       -0.499988        1.297056

     C    2        0.092417       -0.360623        0.017914
     C    2       -0.360623        0.017485       -0.111005
     C    2        0.017914       -0.111005       -0.109902

     C    3        0.017892        0.073495       -0.315419
     C    3        0.073495       -0.006855        0.023370
     C    3       -0.315419        0.023370       -0.011036

     H    4        0.299989       -0.122014        0.682437
     H    4       -0.122014       -0.164268        0.125662
     H    4        0.682437        0.125662       -0.135721

     C    5        0.465750        0.565068        0.231259
     C    5        0.565068       -0.420669       -0.009891
     C    5        0.231259       -0.009891       -0.045080

     H    6       -0.445821       -0.237537       -0.171482
     H    6       -0.237537        0.282983        0.359306
     H    6       -0.171482        0.359306        0.162837

     H    7       -0.538165       -0.132628       -0.087001
     H    7       -0.132628        0.385989       -0.161058
     H    7       -0.087001       -0.161058        0.152176

     C    8       -0.272638        0.061374       -0.042559
     C    8        0.061374        0.364884       -0.194090
     C    8       -0.042559       -0.194090       -0.092247

     H    9        0.314173       -0.527487        0.278443
     H    9       -0.527487       -0.383199       -0.051290
     H    9        0.278443       -0.051290        0.069026

     C   10        0.123210        0.631291       -0.157168
     C   10        0.631291        0.353054        0.361582
     C   10       -0.157168        0.361582       -0.476264

     C   11       -0.693222       -0.208177       -0.132797
     C   11       -0.208177        0.821790       -0.288693
     C   11       -0.132797       -0.288693       -0.128567

     Cl  12        0.148950        0.685656       -0.095252
     Cl  12        0.685656        2.622777       -0.083400
     Cl  12       -0.095252       -0.083400       -2.771727

     H   13       -0.075938        0.233523       -0.064105
     H   13        0.233523        0.481636        0.690221
     H   13       -0.064105        0.690221       -0.405698

     C   14       -0.238586        0.077479        0.193347
     C   14        0.077479        0.243466        0.285375
     C   14        0.193347        0.285375       -0.004879

     H   15        0.557374        0.409002        0.270071
     H   15        0.409002       -0.655623       -0.117014
     H   15        0.270071       -0.117014        0.098249

     C   16        0.335229       -0.118539       -0.041516
     C   16       -0.118539       -0.125656       -0.075541
     C   16       -0.041516       -0.075541       -0.209573

     C   17       -0.477448        0.235483       -0.182701
     C   17        0.235483        0.240093        0.342365
     C   17       -0.182701        0.342365        0.237355

     Cl  18        0.841685       -0.731547       -0.396261
     Cl  18       -0.731547        0.319747       -0.596422
     Cl  18       -0.396261       -0.596422       -1.161433

     H   19       -0.049637       -0.017155       -0.033930
     H   19       -0.017155       -0.019940       -0.546997
     H   19       -0.033930       -0.546997        0.069578

     C   20        0.066100        0.141389       -0.020212
     C   20        0.141389        0.447506        0.352013
     C   20       -0.020212        0.352013       -0.513607

     H   21        0.489013        0.202706        0.342349
     H   21        0.202706       -0.452476       -0.186996
     H   21        0.342349       -0.186996       -0.036537

     C   22       -0.630029       -0.027344        0.009396
     C   22       -0.027344        0.772714        0.074644
     C   22        0.009396        0.074644       -0.142685

     C   23        0.397265        0.825283       -0.348488
     C   23        0.825283        0.021201        0.327675
     C   23       -0.348488        0.327675       -0.418467

     Cl  24        0.093851        2.059687        0.063492
     Cl  24        2.059687        1.371068        0.358257
     Cl  24        0.063492        0.358257       -1.464920

     ----- total EFG (symmetrized) -----
     Cl   1       -0.604073       -0.461236        0.226179
     Cl   1       -0.461236       -0.692983       -0.499988
     Cl   1        0.226179       -0.499988        1.297056

     C    2        0.092417       -0.360623        0.017914
     C    2       -0.360623        0.017485       -0.111005
     C    2        0.017914       -0.111005       -0.109902

     C    3        0.017892        0.073495       -0.315419
     C    3        0.073495       -0.006855        0.023370
     C    3       -0.315419        0.023370       -0.011036

     H    4        0.299989       -0.122014        0.682437
     H    4       -0.122014       -0.164268        0.125662
     H    4        0.682437        0.125662       -0.135721

     C    5        0.465750        0.565068        0.231259
     C    5        0.565068       -0.420669       -0.009891
     C    5        0.231259       -0.009891       -0.045080

     H    6       -0.445821       -0.237537       -0.171482
     H    6       -0.237537        0.282983        0.359306
     H    6       -0.171482        0.359306        0.162837

     H    7       -0.538165       -0.132628       -0.087001
     H    7       -0.132628        0.385989       -0.161058
     H    7       -0.087001       -0.161058        0.152176

     C    8       -0.272638        0.061374       -0.042559
     C    8        0.061374        0.364884       -0.194090
     C    8       -0.042559       -0.194090       -0.092247

     H    9        0.314173       -0.527487        0.278443
     H    9       -0.527487       -0.383199       -0.051290
     H    9        0.278443       -0.051290        0.069026

     C   10        0.123210        0.631291       -0.157168
     C   10        0.631291        0.353054        0.361582
     C   10       -0.157168        0.361582       -0.476264

     C   11       -0.693222       -0.208177       -0.132797
     C   11       -0.208177        0.821790       -0.288693
     C   11       -0.132797       -0.288693       -0.128567

     Cl  12        0.148950        0.685656       -0.095252
     Cl  12        0.685656        2.622777       -0.083400
     Cl  12       -0.095252       -0.083400       -2.771727

     H   13       -0.075938        0.233523       -0.064105
     H   13        0.233523        0.481636        0.690221
     H   13       -0.064105        0.690221       -0.405698

     C   14       -0.238586        0.077479        0.193347
     C   14        0.077479        0.243466        0.285375
     C   14        0.193347        0.285375       -0.004879

     H   15        0.557374        0.409002        0.270071
     H   15        0.409002       -0.655623       -0.117014
     H   15        0.270071       -0.117014        0.098249

     C   16        0.335229       -0.118539       -0.041516
     C   16       -0.118539       -0.125656       -0.075541
     C   16       -0.041516       -0.075541       -0.209573

     C   17       -0.477448        0.235483       -0.182701
     C   17        0.235483        0.240093        0.342365
     C   17       -0.182701        0.342365        0.237355

     Cl  18        0.841685       -0.731547       -0.396261
     Cl  18       -0.731547        0.319747       -0.596422
     Cl  18       -0.396261       -0.596422       -1.161433

     H   19       -0.049637       -0.017155       -0.033930
     H   19       -0.017155       -0.019940       -0.546997
     H   19       -0.033930       -0.546997        0.069578

     C   20        0.066100        0.141389       -0.020212
     C   20        0.141389        0.447506        0.352013
     C   20       -0.020212        0.352013       -0.513607

     H   21        0.489013        0.202706        0.342349
     H   21        0.202706       -0.452476       -0.186996
     H   21        0.342349       -0.186996       -0.036537

     C   22       -0.630029       -0.027344        0.009396
     C   22       -0.027344        0.772714        0.074644
     C   22        0.009396        0.074644       -0.142685

     C   23        0.397265        0.825283       -0.348488
     C   23        0.825283        0.021201        0.327675
     C   23       -0.348488        0.327675       -0.418467

     Cl  24        0.093851        2.059687        0.063492
     Cl  24        2.059687        1.371068        0.358257
     Cl  24        0.063492        0.358257       -1.464920


     NQR/NMR SPECTROSCOPIC PARAMETERS:
     Cl   1    Vxx=   -0.3349    axis=( -0.760890  0.583347  0.284171)
     Cl   1    Vyy=   -1.1339    axis=(  0.628655  0.771211  0.100129)
     Cl   1    Vzz=    1.4688    axis=(  0.160746 -0.254833  0.953531)
     Cl   1  Q=        -8.1650 1e-30 m^2  Cq=       -28.1783 MHz  eta= 0.54394

     C    2    Vxx=   -0.1007    axis=( -0.330527 -0.130593  0.934718)
     C    2    Vyy=   -0.3311    axis=(  0.607147  0.728825  0.316521)
     C    2    Vzz=    0.4319    axis=(  0.722581 -0.672130  0.161607)
     C    2  Q=         1.0000 1e-30 m^2  Cq=         1.0147 MHz  eta= 0.53353

     C    3    Vxx=    0.0033    axis=(  0.061546  0.971433  0.229195)
     C    3    Vyy=    0.3234    axis=(  0.726736  0.113786 -0.677427)
     C    3    Vzz=   -0.3267    axis=( -0.684154  0.208257 -0.698972)
     C    3  Q=         1.0000 1e-30 m^2  Cq=        -0.7677 MHz  eta= 0.97971

     H    4    Vxx=   -0.1078    axis=(  0.163874 -0.949471 -0.267675)
     H    4    Vyy=   -0.6913    axis=(  0.564399  0.312785 -0.763949)
     H    4    Vzz=    0.7991    axis=(  0.809073 -0.025884  0.587138)
     H    4  Q=         1.0000 1e-30 m^2  Cq=         1.8776 MHz  eta= 0.73025

     C    5    Vxx=   -0.0763    axis=( -0.139954 -0.257088  0.956200)
     C    5    Vyy=   -0.7145    axis=( -0.452375  0.875628  0.169213)
     C    5    Vzz=    0.7908    axis=( -0.880778 -0.408879 -0.238848)
     C    5  Q=         1.0000 1e-30 m^2  Cq=         1.8580 MHz  eta= 0.80710

     H    6    Vxx=   -0.1402    axis=(  0.053392 -0.628746  0.775775)
     H    6    Vyy=   -0.5239    axis=(  0.965564  0.230604  0.120445)
     H    6    Vzz=    0.6641    axis=( -0.254627  0.742630  0.619407)
     H    6  Q=         1.0000 1e-30 m^2  Cq=         1.5604 MHz  eta= 0.57786

     H    7    Vxx=    0.0991    axis=(  0.205901 -0.404915 -0.890869)
     H    7    Vyy=    0.4745    axis=(  0.081133 -0.900178  0.427898)
     H    7    Vzz=   -0.5736    axis=( -0.975204 -0.160384 -0.152496)
     H    7  Q=         1.0000 1e-30 m^2  Cq=        -1.3477 MHz  eta= 0.65452

     C    8    Vxx=   -0.1606    axis=( -0.153687  0.358097  0.920949)
     C    8    Vyy=   -0.2829    axis=( -0.982995  0.039396 -0.179359)
     C    8    Vzz=    0.4435    axis=( -0.100510 -0.932853  0.345953)
     C    8  Q=         1.0000 1e-30 m^2  Cq=         1.0420 MHz  eta= 0.27566

     H    9    Vxx=   -0.0341    axis=( -0.283642  0.294474  0.912596)
     H    9    Vyy=   -0.6777    axis=( -0.492921 -0.861098  0.124653)
     H    9    Vzz=    0.7118    axis=(  0.822542 -0.414481  0.389396)
     H    9  Q=         1.0000 1e-30 m^2  Cq=         1.6724 MHz  eta= 0.90428

     C   10    Vxx=   -0.0997    axis=(  0.652517 -0.391862 -0.648587)
     C   10    Vyy=   -0.8045    axis=( -0.454873  0.482000 -0.748843)
     C   10    Vzz=    0.9042    axis=( -0.606062 -0.783658 -0.136266)
     C   10  Q=         1.0000 1e-30 m^2  Cq=         2.1244 MHz  eta= 0.77950

     C   11    Vxx=   -0.1499    axis=( -0.307294  0.209928  0.928171)
     C   11    Vyy=   -0.7698    axis=(  0.945975  0.173421  0.273965)
     C   11    Vzz=    0.9197    axis=( -0.103451  0.962214 -0.251878)
     C   11  Q=         1.0000 1e-30 m^2  Cq=         2.1610 MHz  eta= 0.67405

     Cl  12    Vxx=   -0.0265    axis=(  0.967579 -0.251232 -0.025940)
     Cl  12    Vyy=   -2.7755    axis=( -0.029821 -0.011654 -0.999487)
     Cl  12    Vzz=    2.8021    axis=(  0.250801  0.967857 -0.018768)
     Cl  12  Q=        -8.1650 1e-30 m^2  Cq=       -53.7563 MHz  eta= 0.98107

     H   13    Vxx=   -0.0690    axis=(  0.957456 -0.049729 -0.284263)
     H   13    Vyy=   -0.8214    axis=( -0.225187  0.487267 -0.843719)
     H   13    Vzz=    0.8905    axis=(  0.180469  0.871836  0.455338)
     H   13  Q=         1.0000 1e-30 m^2  Cq=         2.0922 MHz  eta= 0.84495

     C   14    Vxx=   -0.1127    axis=(  0.545045 -0.593213  0.592473)
     C   14    Vyy=   -0.3600    axis=( -0.803306 -0.167168  0.571624)
     C   14    Vzz=    0.4728    axis=(  0.240053  0.787498  0.567646)
     C   14  Q=         1.0000 1e-30 m^2  Cq=         1.1109 MHz  eta= 0.52308

     H   15    Vxx=    0.0608    axis=( -0.256143 -0.296513  0.920039)
     H   15    Vyy=    0.7610    axis=(  0.913666  0.236491  0.330586)
     H   15    Vzz=   -0.8217    axis=( -0.315604  0.925285  0.210338)
     H   15  Q=         1.0000 1e-30 m^2  Cq=        -1.9307 MHz  eta= 0.85209

     C   16    Vxx=   -0.0947    axis=(  0.163277  0.796214 -0.582567)
     C   16    Vyy=   -0.2701    axis=(  0.165338  0.560057  0.811788)
     C   16    Vzz=    0.3648    axis=( -0.972627  0.228867  0.040199)
     C   16  Q=         1.0000 1e-30 m^2  Cq=         0.8572 MHz  eta= 0.48091

     C   17    Vxx=    0.0586    axis=( -0.480756 -0.593583  0.645393)
     C   17    Vyy=    0.5826    axis=(  0.040608  0.720171  0.692607)
     C   17    Vzz=   -0.6412    axis=( -0.875914  0.359184 -0.322122)
     C   17  Q=         1.0000 1e-30 m^2  Cq=        -1.5066 MHz  eta= 0.81732

     Cl  18    Vxx=    0.1846    axis=(  0.515219  0.717073 -0.469420)
     Cl  18    Vyy=    1.3576    axis=( -0.814872  0.579571 -0.009038)
     Cl  18    Vzz=   -1.5422    axis=(  0.265581  0.387174  0.882929)
     Cl  18  Q=        -8.1650 1e-30 m^2  Cq=        29.5856 MHz  eta= 0.76064

     H   19    Vxx=   -0.0473    axis=(  0.996994 -0.069261 -0.034728)
     H   19    Vyy=   -0.5267    axis=(  0.074464  0.732722  0.676441)
     H   19    Vzz=    0.5739    axis=( -0.021405 -0.676994  0.735677)
     H   19  Q=         1.0000 1e-30 m^2  Cq=         1.3485 MHz  eta= 0.83530

     C   20    Vxx=    0.0406    axis=(  0.967133 -0.197201 -0.160520)
     C   20    Vyy=    0.5939    axis=(  0.237216  0.927060  0.290324)
     C   20    Vzz=   -0.6345    axis=(  0.091559 -0.318860  0.943369)
     C   20  Q=         1.0000 1e-30 m^2  Cq=        -1.4909 MHz  eta= 0.87196

     H   21    Vxx=   -0.0473    axis=(  0.310034  0.521869 -0.794689)
     H   21    Vyy=   -0.6199    axis=(  0.291707 -0.847775 -0.442926)
     H   21    Vzz=    0.6672    axis=( -0.904868 -0.094495 -0.415072)
     H   21  Q=         1.0000 1e-30 m^2  Cq=         1.5677 MHz  eta= 0.85822

     C   22    Vxx=   -0.1485    axis=(  0.023987 -0.080036  0.996503)
     C   22    Vyy=   -0.6308    axis=(  0.999535  0.020664 -0.022401)
     C   22    Vzz=    0.7793    axis=( -0.018799  0.996578  0.080495)
     C   22  Q=         1.0000 1e-30 m^2  Cq=         1.8309 MHz  eta= 0.61899

     C   23    Vxx=   -0.0445    axis=( -0.351030  0.517428  0.780414)
     C   23    Vyy=   -1.0146    axis=( -0.503566  0.598348 -0.623219)
     C   23    Vzz=    1.0591    axis=( -0.789430 -0.611758  0.050521)
     C   23  Q=         1.0000 1e-30 m^2  Cq=         2.4885 MHz  eta= 0.91604

     Cl  24    Vxx=   -1.2924    axis=(  0.652388 -0.419614 -0.631122)
     Cl  24    Vyy=   -1.6208    axis=( -0.476490  0.420479 -0.772110)
     Cl  24    Vzz=    2.9132    axis=(  0.589362  0.804438  0.074374)
     Cl  24  Q=        -8.1650 1e-30 m^2  Cq=       -55.8882 MHz  eta= 0.11276

     Initialization:
     gipaw_setup  :      9.17s CPU     10.94s WALL (       1 calls)

     Linear response

     Apply operators

     Induced current

     Other routines
     efg          :      9.46s CPU     11.76s WALL (       1 calls)

     General routines
     calbec       :      3.26s CPU      4.24s WALL (      16 calls)
     fft          :      1.34s CPU      1.59s WALL (      15 calls)
     ffts         :      0.02s CPU      0.03s WALL (       2 calls)
     fftw         :      3.40s CPU      4.17s WALL (     672 calls)
     davcio       :      0.04s CPU      0.33s WALL (      32 calls)

     Parallel routines
     fft_scatter  :      2.00s CPU      2.96s WALL (     689 calls)

     Plugins

     GIPAW        :     62.18s CPU     77.09s WALL (       1 calls)
