
     Program QE v.6.0 (svn rev. 13079) starts on  7Jan2017 at  6:18:56 

     This program is part of the open-source Quantum ESPRESSO suite
     for quantum simulation of materials; please cite
         "P. Giannozzi et al., J. Phys.:Condens. Matter 21 395502 (2009);
          URL http://www.quantum-espresso.org", 
     in publications or presentations arising from this work. More details at
     http://www.quantum-espresso.org/quote

     Parallel version (MPI), running on     8 processors
     R & G space division:  proc/nbgrp/npool/nimage =       8

     ***** This is GIPAW svn revision unknown      *****

     Parallelizing q-star over 1 images

     Reading data from directory:
     /users/majewski/paradichlorobenzene/pbe/9_constraint/scratch/pbe.ecut100.np8.dt60.pcl2phi-129368.save
     Message from routine read_xml_file:
     file /users/majewski/paradichlorobenzene/pbe/9_constraint/scratch/pbe.ecut100.np8.dt60.pcl2phi-129368.save not guaranteed to be safe for post-processing

   Info: using nr1, nr2, nr3 values from input

   Info: using nr1, nr2, nr3 values from input

     IMPORTANT: XC functional enforced from input :
     Exchange-correlation      =  SLA  PW   PBX  PBC ( 1  4  3  4 0 0)
     Any further DFT definition will be discarded
     Please, verify this is what you really want

               file C.pbe-n-kjpaw_psl.1.0.0.UPF: wavefunction(s)  2S 2P renormalized
               file Cl.pbe-n-kjpaw_psl.1.0.0.UPF: wavefunction(s)  3S 3P renormalized
               file H.pbe-kjpaw_psl.1.0.0.UPF: wavefunction(s)  1S renormalized

     Parallelization info
     --------------------
     sticks:   dense  smooth     PW     G-vecs:    dense   smooth      PW
     Min        3057    1223    332               144436    36536    5170
     Max        3059    1225    333               144437    36537    5171
     Sum       24467    9791   2657              1155489   292295   41363


     Subspace diagonalization in iterative solution of the eigenvalue problem:
     a serial algorithm will be used

     GIPAW projectors -----------------------------------------------
     atom=  C    l=0  rc=    1.2000  rs=    0.8000
     atom=  C    l=0  rc=    1.2000  rs=    0.8000
     atom=  C    l=1  rc=    1.4000  rs=    0.9333
     atom=  C    l=1  rc=    1.4000  rs=    0.9333
     projs nearly linearly dependent: l=1  n1,n2= 1, 2  s=  0.99951561

     atom=  Cl   l=0  rc=    1.6000  rs=    1.0667
     atom=  Cl   l=0  rc=    1.6000  rs=    1.0667
     atom=  Cl   l=1  rc=    1.6000  rs=    1.0667
     atom=  Cl   l=1  rc=    1.6000  rs=    1.0667
     atom=  Cl   l=2  rc=    1.6000  rs=    1.0667
     atom=  Cl   l=2  rc=    1.6000  rs=    1.0667
     projs nearly linearly dependent: l=2  n1,n2= 1, 2  s=  0.99993509

     atom=  H    l=0  rc=    1.0000  rs=    0.6667
     atom=  H    l=0  rc=    1.0000  rs=    0.6667
     projs nearly linearly dependent: l=0  n1,n2= 1, 2  s=  0.99968852
     -----------------------------------------------------------------

     GIPAW integrals: -------------------------------------------
     Atom  i/j   nmr_para   nmr_dia   epr_rmc  epr_para   epr_dia
       C   1 1   0.83E+03  0.17E-01  0.93E+01  0.24E+08  0.24E+03
       C   2 1   0.86E+03 -0.61E-01  0.94E+01  0.25E+08  0.25E+03
       C   2 2   0.90E+03 -0.15E+00  0.97E+01  0.26E+08  0.26E+03
       C   3 3   0.33E+01  0.34E+00  0.18E+01  0.55E+03  0.21E+02
       C   4 3   0.35E+01  0.37E+00  0.20E+01  0.59E+03  0.22E+02
       C   4 4   0.38E+01  0.39E+00  0.22E+01  0.63E+03  0.24E+02
       Cl  1 1   0.14E+04 -0.47E+00  0.84E+01  0.32E+09  0.42E+03
       Cl  2 1   0.21E+04 -0.37E+00  0.12E+02  0.49E+09  0.65E+03
       Cl  2 2   0.33E+04 -0.16E+00  0.21E+02  0.76E+09  0.10E+04
       Cl  3 3   0.21E+02  0.79E-01  0.89E+01  0.23E+05  0.13E+03
       Cl  4 3   0.24E+02  0.67E-01  0.99E+01  0.27E+05  0.15E+03
       Cl  4 4   0.28E+02  0.44E-01  0.11E+02  0.32E+05  0.18E+03
       Cl  5 5   0.77E+00  0.19E+00  0.18E+01  0.12E+03  0.22E+02
       Cl  6 5   0.80E+00  0.19E+00  0.19E+01  0.12E+03  0.23E+02
       Cl  6 6   0.83E+00  0.20E+00  0.19E+01  0.12E+03  0.23E+02
       H   1 1   0.39E+02  0.19E+00  0.29E+00  0.78E+05  0.13E+02
       H   2 1   0.41E+02  0.21E+00  0.32E+00  0.82E+05  0.14E+02
       H   2 2   0.43E+02  0.22E+00  0.36E+00  0.86E+05  0.15E+02
     ------------------------------------------------------------

     alpha_pv=     33.7446 eV

     Number of occupied bands for each k-point:
     k-point:     1    nbnd_occ=  42
     k-point:     2    nbnd_occ=  42
     k-point:     3    nbnd_occ=  42
     k-point:     4    nbnd_occ=  42
     k-point:     5    nbnd_occ=  42
     k-point:     6    nbnd_occ=  42
     k-point:     7    nbnd_occ=  42
     k-point:     8    nbnd_occ=  42
     k-point:     9    nbnd_occ=  42
     k-point:    10    nbnd_occ=  42
     k-point:    11    nbnd_occ=  42
     k-point:    12    nbnd_occ=  42
     k-point:    13    nbnd_occ=  42
     k-point:    14    nbnd_occ=  42
     k-point:    15    nbnd_occ=  42
     k-point:    16    nbnd_occ=  42


     q-space interpolation up to   110.00 Rydberg

     GIPAW job: efg                                                                             


     ELECTRIC FIELD GRADIENTS TENSORS IN Hartree/bohrradius^2:

     ----- bare term -----
     Cl   1       -0.236318        0.214691        0.098885
     Cl   1        0.214691       -0.053936       -0.135567
     Cl   1        0.098885       -0.135567        0.290254

     C    2       -0.062209       -0.325293       -0.374882
     C    2       -0.325293        0.013180       -0.734906
     C    2       -0.374882       -0.734906        0.049030

     C    3       -0.455870        0.317830       -0.009499
     C    3        0.317830        0.066760       -0.350965
     C    3       -0.009499       -0.350965        0.389110

     H    4       -0.206346       -0.418486       -0.263369
     H    4       -0.418486       -0.153613        0.071707
     H    4       -0.263369        0.071707        0.359959

     C    5       -0.090237       -0.265039       -0.502604
     C    5       -0.265039       -0.083359       -0.479119
     C    5       -0.502604       -0.479119        0.173596

     H    6        0.260438        0.244516        0.042379
     H    6        0.244516       -0.532373       -0.435581
     H    6        0.042379       -0.435581        0.271935

     H    7       -0.174429       -0.194858        0.254623
     H    7       -0.194858        0.005262        0.436079
     H    7        0.254623        0.436079        0.169167

     C    8       -0.058816        0.062881       -0.519772
     C    8        0.062881        0.070404        0.385065
     C    8       -0.519772        0.385065       -0.011588

     H    9        0.045403        0.076651       -0.178205
     H    9        0.076651        0.525052        0.134792
     H    9       -0.178205        0.134792       -0.570454

     C   10        0.074658       -0.535382       -0.224058
     C   10       -0.535382       -0.383970        0.313885
     C   10       -0.224058        0.313885        0.309312

     C   11       -0.051443       -0.015196       -0.544370
     C   11       -0.015196       -0.248689        0.492041
     C   11       -0.544370        0.492041        0.300132

     Cl  12       -0.165992       -0.106062       -0.112691
     Cl  12       -0.106062       -0.127963        0.023689
     Cl  12       -0.112691        0.023689        0.293955

     H   13        0.197001       -0.222744        0.079057
     H   13       -0.222744       -0.470696       -0.415377
     H   13        0.079057       -0.415377        0.273695

     C   14       -0.455950        0.318292       -0.343838
     C   14        0.318292        0.034910       -0.100195
     C   14       -0.343838       -0.100195        0.421040

     H   15       -0.664111       -0.333295        0.107627
     H   15       -0.333295        0.386741       -0.043234
     H   15        0.107627       -0.043234        0.277370

     C   16        0.090439       -0.145775       -0.415681
     C   16       -0.145775       -0.321750       -0.471177
     C   16       -0.415681       -0.471177        0.231311

     C   17       -0.279018        0.369592       -0.352647
     C   17        0.369592       -0.177019       -0.297478
     C   17       -0.352647       -0.297478        0.456038

     Cl  18       -0.034326        0.006971       -0.056785
     Cl  18        0.006971        0.025501       -0.077301
     Cl  18       -0.056785       -0.077301        0.008825

     H   19        0.356463        0.268116       -0.002314
     H   19        0.268116       -0.650415        0.265429
     H   19       -0.002314        0.265429        0.293952

     C   20       -0.271010       -0.305966       -0.311846
     C   20       -0.305966       -0.129031        0.455598
     C   20       -0.311846        0.455598        0.400041

     H   21       -0.078048        0.263834       -0.534041
     H   21        0.263834        0.279429        0.403652
     H   21       -0.534041        0.403652       -0.201381

     C   22       -0.462811       -0.353272       -0.308512
     C   22       -0.353272        0.114264        0.211344
     C   22       -0.308512        0.211344        0.348547

     C   23        0.094556       -0.564332        0.054367
     C   23       -0.564332       -0.356007        0.452413
     C   23        0.054367        0.452413        0.261451

     Cl  24       -0.074367       -0.016052       -0.050087
     Cl  24       -0.016052        0.058013       -0.042311
     Cl  24       -0.050087       -0.042311        0.016354

     ----- ionic term -----
     Cl   1        0.118749       -0.196799       -0.019987
     Cl   1       -0.196799        0.017498        0.022741
     Cl   1       -0.019987        0.022741       -0.136246

     C    2        0.230256       -0.141336        0.137825
     C    2       -0.141336        0.136101        0.413675
     C    2        0.137825        0.413675       -0.366357

     C    3        0.277174       -0.218941        0.070264
     C    3       -0.218941        0.119555        0.408594
     C    3        0.070264        0.408594       -0.396729

     H    4        0.760758        0.388124        0.535001
     H    4        0.388124       -0.408052        0.223007
     H    4        0.535001        0.223007       -0.352707

     C    5        0.393543       -0.143639        0.137263
     C    5       -0.143639        0.029130        0.340928
     C    5        0.137263        0.340928       -0.422672

     H    6       -0.522940        0.064745        0.030489
     H    6        0.064745        0.734963        0.686844
     H    6        0.030489        0.686844       -0.212024

     H    7       -0.520126        0.085081       -0.041385
     H    7        0.085081        0.617568       -0.714462
     H    7       -0.041385       -0.714462       -0.097442

     C    8        0.163540        0.155547        0.306829
     C    8        0.155547        0.047752       -0.312542
     C    8        0.306829       -0.312542       -0.211292

     H    9        0.243045       -0.254976        0.765195
     H    9       -0.254976       -0.410374       -0.322901
     H    9        0.765195       -0.322901        0.167329

     C   10        0.025449        0.239820        0.230270
     C   10        0.239820        0.184356       -0.396061
     C   10        0.230270       -0.396061       -0.209805

     C   11        0.149939        0.216540        0.298046
     C   11        0.216540        0.095829       -0.412643
     C   11        0.298046       -0.412643       -0.245768

     Cl  12        0.183896        0.212023        0.037114
     Cl  12        0.212023       -0.040910        0.007521
     Cl  12        0.037114        0.007521       -0.142986

     H   13       -0.489207        0.073066        0.041817
     H   13        0.073066        0.817545        0.591803
     H   13        0.041817        0.591803       -0.328337

     C   14        0.399104       -0.143894        0.140123
     C   14       -0.143894        0.033931        0.304075
     C   14        0.140123        0.304075       -0.433035

     H   15        0.623892        0.466198        0.513453
     H   15        0.466198       -0.361020        0.286369
     H   15        0.513453        0.286369       -0.262873

     C   16        0.215680       -0.141807        0.100483
     C   16       -0.141807        0.143524        0.446164
     C   16        0.100483        0.446164       -0.359205

     C   17        0.263538       -0.078649        0.192470
     C   17       -0.078649        0.110480        0.434346
     C   17        0.192470        0.434346       -0.374019

     Cl  18        0.146322       -0.223455       -0.021805
     Cl  18       -0.223455        0.005150        0.007207
     Cl  18       -0.021805        0.007207       -0.151472

     H   19       -0.507474       -0.082785        0.065524
     H   19       -0.082785        0.734753       -0.651442
     H   19        0.065524       -0.651442       -0.227279

     C   20        0.246466        0.180971        0.353610
     C   20        0.180971        0.020879       -0.271195
     C   20        0.353610       -0.271195       -0.267345

     H   21        0.358981       -0.279020        0.724637
     H   21       -0.279020       -0.439174       -0.298600
     H   21        0.724637       -0.298600        0.080193

     C   22        0.115234        0.264551        0.238842
     C   22        0.264551        0.141669       -0.370425
     C   22        0.238842       -0.370425       -0.256903

     C   23        0.107428        0.166176        0.322923
     C   23        0.166176        0.116486       -0.417304
     C   23        0.322923       -0.417304       -0.223914

     Cl  24        0.138867        0.207717        0.035475
     Cl  24        0.207717        0.005093        0.024830
     Cl  24        0.035475        0.024830       -0.143959

     ----- GIPAW term -----
     Cl   1       -0.446064       -1.477563        1.123643
     Cl   1       -1.477563       -0.589996       -1.660918
     Cl   1        1.123643       -1.660918        1.036060

     C    2       -0.011905       -0.241264       -0.024495
     C    2       -0.241264        0.152921       -0.180934
     C    2       -0.024495       -0.180934       -0.141016

     C    3       -0.096683       -0.135365        0.068248
     C    3       -0.135365        0.168928       -0.109837
     C    3        0.068248       -0.109837       -0.072245

     H    4       -0.000000        0.000000        0.000000
     H    4        0.000000        0.000000        0.000000
     H    4        0.000000        0.000000        0.000000

     C    5        0.098792       -0.212736       -0.131585
     C    5       -0.212736       -0.024249       -0.053999
     C    5       -0.131585       -0.053999       -0.074543

     H    6       -0.000000        0.000000        0.000000
     H    6        0.000000        0.000000        0.000000
     H    6        0.000000        0.000000        0.000000

     H    7       -0.000000        0.000000        0.000000
     H    7        0.000000        0.000000        0.000000
     H    7        0.000000        0.000000        0.000000

     C    8        0.252367       -0.019876       -0.093621
     C    8       -0.019876       -0.110707        0.046510
     C    8       -0.093621        0.046510       -0.141660

     H    9       -0.000000        0.000000        0.000000
     H    9        0.000000        0.000000        0.000000
     H    9        0.000000        0.000000        0.000000

     C   10        0.137727       -0.125957       -0.173210
     C   10       -0.125957       -0.147971        0.059485
     C   10       -0.173210        0.059485        0.010243

     C   11        0.030095        0.031820       -0.224801
     C   11        0.031820       -0.110722        0.145863
     C   11       -0.224801        0.145863        0.080627

     Cl  12       -0.097358        1.534700       -1.072563
     Cl  12        1.534700       -1.163080        0.260948
     Cl  12       -1.072563        0.260948        1.260437

     H   13       -0.000000        0.000000        0.000000
     H   13        0.000000        0.000000        0.000000
     H   13        0.000000        0.000000        0.000000

     C   14        0.025214       -0.132807       -0.113194
     C   14       -0.132807        0.031793        0.083976
     C   14       -0.113194        0.083976       -0.057007

     H   15       -0.000000        0.000000        0.000000
     H   15        0.000000        0.000000        0.000000
     H   15        0.000000        0.000000        0.000000

     C   16        0.117345       -0.084715       -0.231411
     C   16       -0.084715       -0.128948       -0.020438
     C   16       -0.231411       -0.020438        0.011603

     C   17        0.089105       -0.039346       -0.226619
     C   17       -0.039346       -0.138627       -0.010074
     C   17       -0.226619       -0.010074        0.049522

     Cl  18        1.665156       -1.087622       -2.080635
     Cl  18       -1.087622       -0.996355       -0.782278
     Cl  18       -2.080635       -0.782278       -0.668801

     H   19       -0.000000        0.000000        0.000000
     H   19        0.000000        0.000000        0.000000
     H   19        0.000000        0.000000        0.000000

     C   20       -0.026155       -0.106724       -0.073823
     C   20       -0.106724       -0.011622        0.143242
     C   20       -0.073823        0.143242        0.037777

     H   21       -0.000000        0.000000        0.000000
     H   21        0.000000        0.000000        0.000000
     H   21        0.000000        0.000000        0.000000

     C   22       -0.089248       -0.167756        0.002036
     C   22       -0.167756        0.086549       -0.066133
     C   22        0.002036       -0.066133        0.002698

     C   23        0.166864       -0.170625        0.118106
     C   23       -0.170625       -0.049120       -0.027131
     C   23        0.118106       -0.027131       -0.117744

     Cl  24        1.128868        0.254815        1.700864
     Cl  24        0.254815       -0.515166       -1.270188
     Cl  24        1.700864       -1.270188       -0.613702

     ----- total EFG -----
     Cl   1       -0.563633       -1.459670        1.202541
     Cl   1       -1.459670       -0.626435       -1.773744
     Cl   1        1.202541       -1.773744        1.190067

     C    2        0.156141       -0.707893       -0.261551
     C    2       -0.707893        0.302202       -0.502164
     C    2       -0.261551       -0.502164       -0.458344

     C    3       -0.275378       -0.036476        0.129013
     C    3       -0.036476        0.355243       -0.052208
     C    3        0.129013       -0.052208       -0.079864

     H    4        0.554413       -0.030362        0.271632
     H    4       -0.030362       -0.561665        0.294713
     H    4        0.271632        0.294713        0.007252

     C    5        0.402098       -0.621414       -0.496927
     C    5       -0.621414       -0.078479       -0.192190
     C    5       -0.496927       -0.192190       -0.323620

     H    6       -0.262502        0.309261        0.072869
     H    6        0.309261        0.202590        0.251263
     H    6        0.072869        0.251263        0.059912

     H    7       -0.694555       -0.109776        0.213238
     H    7       -0.109776        0.622829       -0.278384
     H    7        0.213238       -0.278384        0.071725

     C    8        0.357091        0.198552       -0.306565
     C    8        0.198552        0.007449        0.119033
     C    8       -0.306565        0.119033       -0.364540

     H    9        0.288448       -0.178324        0.586990
     H    9       -0.178324        0.114678       -0.188110
     H    9        0.586990       -0.188110       -0.403125

     C   10        0.237835       -0.421519       -0.166997
     C   10       -0.421519       -0.347584       -0.022691
     C   10       -0.166997       -0.022691        0.109750

     C   11        0.128590        0.233164       -0.471125
     C   11        0.233164       -0.263581        0.225261
     C   11       -0.471125        0.225261        0.134991

     Cl  12       -0.079454        1.640660       -1.148140
     Cl  12        1.640660       -1.331952        0.292158
     Cl  12       -1.148140        0.292158        1.411406

     H   13       -0.292206       -0.149678        0.120874
     H   13       -0.149678        0.346849        0.176426
     H   13        0.120874        0.176426       -0.054643

     C   14       -0.031632        0.041592       -0.316909
     C   14        0.041592        0.100634        0.287856
     C   14       -0.316909        0.287856       -0.069002

     H   15       -0.040218        0.132903        0.621079
     H   15        0.132903        0.025721        0.243135
     H   15        0.621079        0.243135        0.014497

     C   16        0.423464       -0.372296       -0.546608
     C   16       -0.372296       -0.307173       -0.045452
     C   16       -0.546608       -0.045452       -0.116291

     C   17        0.073626        0.251597       -0.386797
     C   17        0.251597       -0.205166        0.126795
     C   17       -0.386797        0.126795        0.131541

     Cl  18        1.777152       -1.304107       -2.159225
     Cl  18       -1.304107       -0.965704       -0.852373
     Cl  18       -2.159225       -0.852373       -0.811448

     H   19       -0.151011        0.185331        0.063210
     H   19        0.185331        0.084338       -0.386013
     H   19        0.063210       -0.386013        0.066673

     C   20       -0.050699       -0.231720       -0.032059
     C   20       -0.231720       -0.119774        0.327645
     C   20       -0.032059        0.327645        0.170473

     H   21        0.280934       -0.015186        0.190596
     H   21       -0.015186       -0.159745        0.105052
     H   21        0.190596        0.105052       -0.121189

     C   22       -0.436825       -0.256476       -0.067634
     C   22       -0.256476        0.342482       -0.225213
     C   22       -0.067634       -0.225213        0.094342

     C   23        0.368848       -0.568781        0.495396
     C   23       -0.568781       -0.288641        0.007977
     C   23        0.495396        0.007977       -0.080208

     Cl  24        1.193367        0.446481        1.686253
     Cl  24        0.446481       -0.452060       -1.287670
     Cl  24        1.686253       -1.287670       -0.741307

     ----- total EFG (symmetrized) -----
     Cl   1       -0.563633       -1.459670        1.202541
     Cl   1       -1.459670       -0.626435       -1.773744
     Cl   1        1.202541       -1.773744        1.190067

     C    2        0.156141       -0.707893       -0.261551
     C    2       -0.707893        0.302202       -0.502164
     C    2       -0.261551       -0.502164       -0.458344

     C    3       -0.275378       -0.036476        0.129013
     C    3       -0.036476        0.355243       -0.052208
     C    3        0.129013       -0.052208       -0.079864

     H    4        0.554413       -0.030362        0.271632
     H    4       -0.030362       -0.561665        0.294713
     H    4        0.271632        0.294713        0.007252

     C    5        0.402098       -0.621414       -0.496927
     C    5       -0.621414       -0.078479       -0.192190
     C    5       -0.496927       -0.192190       -0.323620

     H    6       -0.262502        0.309261        0.072869
     H    6        0.309261        0.202590        0.251263
     H    6        0.072869        0.251263        0.059912

     H    7       -0.694555       -0.109776        0.213238
     H    7       -0.109776        0.622829       -0.278384
     H    7        0.213238       -0.278384        0.071725

     C    8        0.357091        0.198552       -0.306565
     C    8        0.198552        0.007449        0.119033
     C    8       -0.306565        0.119033       -0.364540

     H    9        0.288448       -0.178324        0.586990
     H    9       -0.178324        0.114678       -0.188110
     H    9        0.586990       -0.188110       -0.403125

     C   10        0.237835       -0.421519       -0.166997
     C   10       -0.421519       -0.347584       -0.022691
     C   10       -0.166997       -0.022691        0.109750

     C   11        0.128590        0.233164       -0.471125
     C   11        0.233164       -0.263581        0.225261
     C   11       -0.471125        0.225261        0.134991

     Cl  12       -0.079454        1.640660       -1.148140
     Cl  12        1.640660       -1.331952        0.292158
     Cl  12       -1.148140        0.292158        1.411406

     H   13       -0.292206       -0.149678        0.120874
     H   13       -0.149678        0.346849        0.176426
     H   13        0.120874        0.176426       -0.054643

     C   14       -0.031632        0.041592       -0.316909
     C   14        0.041592        0.100634        0.287856
     C   14       -0.316909        0.287856       -0.069002

     H   15       -0.040218        0.132903        0.621079
     H   15        0.132903        0.025721        0.243135
     H   15        0.621079        0.243135        0.014497

     C   16        0.423464       -0.372296       -0.546608
     C   16       -0.372296       -0.307173       -0.045452
     C   16       -0.546608       -0.045452       -0.116291

     C   17        0.073626        0.251597       -0.386797
     C   17        0.251597       -0.205166        0.126795
     C   17       -0.386797        0.126795        0.131541

     Cl  18        1.777152       -1.304107       -2.159225
     Cl  18       -1.304107       -0.965704       -0.852373
     Cl  18       -2.159225       -0.852373       -0.811448

     H   19       -0.151011        0.185331        0.063210
     H   19        0.185331        0.084338       -0.386013
     H   19        0.063210       -0.386013        0.066673

     C   20       -0.050699       -0.231720       -0.032059
     C   20       -0.231720       -0.119774        0.327645
     C   20       -0.032059        0.327645        0.170473

     H   21        0.280934       -0.015186        0.190596
     H   21       -0.015186       -0.159745        0.105052
     H   21        0.190596        0.105052       -0.121189

     C   22       -0.436825       -0.256476       -0.067634
     C   22       -0.256476        0.342482       -0.225213
     C   22       -0.067634       -0.225213        0.094342

     C   23        0.368848       -0.568781        0.495396
     C   23       -0.568781       -0.288641        0.007977
     C   23        0.495396        0.007977       -0.080208

     Cl  24        1.193367        0.446481        1.686253
     Cl  24        0.446481       -0.452060       -1.287670
     Cl  24        1.686253       -1.287670       -0.741307


     NQR/NMR SPECTROSCOPIC PARAMETERS:
     Cl   1    Vxx=   -1.0010    axis=( -0.697487  0.319473  0.641442)
     Cl   1    Vyy=   -2.1518    axis=( -0.565384 -0.795312 -0.218675)
     Cl   1    Vzz=    3.1528    axis=(  0.440286 -0.515184  0.735346)
     Cl   1  Q=        -8.1650 1e-30 m^2  Cq=       -60.4844 MHz  eta= 0.36502

     C    2    Vxx=    0.0386    axis=(  0.625251  0.359715 -0.692579)
     C    2    Vyy=    0.9724    axis=( -0.617716  0.770469 -0.157496)
     C    2    Vzz=   -1.0110    axis=(  0.476957  0.526292  0.703938)
     C    2  Q=         1.0000 1e-30 m^2  Cq=        -2.3754 MHz  eta= 0.92364

     C    3    Vxx=   -0.0261    axis=(  0.434676  0.162821  0.885746)
     C    3    Vyy=   -0.3396    axis=( -0.896633 -0.013817  0.442558)
     C    3    Vzz=    0.3658    axis=(  0.084296 -0.986559  0.139984)
     C    3  Q=         1.0000 1e-30 m^2  Cq=         0.8594 MHz  eta= 0.85702

     H    4    Vxx=    0.0293    axis=( -0.396133  0.425985  0.813397)
     H    4    Vyy=    0.6726    axis=( -0.911326 -0.074268 -0.404931)
     H    4    Vzz=   -0.7019    axis=( -0.112085 -0.901677  0.417631)
     H    4  Q=         1.0000 1e-30 m^2  Cq=        -1.6493 MHz  eta= 0.91649

     C    5    Vxx=   -0.0261    axis=( -0.162915 -0.682227  0.712759)
     C    5    Vyy=   -0.8846    axis=( -0.519082 -0.555083 -0.649952)
     C    5    Vzz=    0.9107    axis=( -0.839055  0.475867  0.263700)
     C    5  Q=         1.0000 1e-30 m^2  Cq=         2.1398 MHz  eta= 0.94273

     H    6    Vxx=   -0.0837    axis=( -0.331851 -0.393804  0.857201)
     H    6    Vyy=   -0.4225    axis=(  0.870515 -0.477924  0.117444)
     H    6    Vzz=    0.5062    axis=(  0.363427  0.785180  0.501412)
     H    6  Q=         1.0000 1e-30 m^2  Cq=         1.1893 MHz  eta= 0.66917

     H    7    Vxx=   -0.0116    axis=(  0.207434  0.422944  0.882094)
     H    7    Vyy=   -0.7509    axis=( -0.969917 -0.028515  0.241759)
     H    7    Vzz=    0.7625    axis=(  0.127403 -0.905707  0.404306)
     H    7  Q=         1.0000 1e-30 m^2  Cq=         1.7917 MHz  eta= 0.96955

     C    8    Vxx=    0.0247    axis=(  0.164311 -0.899646 -0.404522)
     C    8    Vyy=    0.5143    axis=( -0.914500 -0.292643  0.279373)
     C    8    Vzz=   -0.5390    axis=(  0.369718 -0.324031  0.870811)
     C    8  Q=         1.0000 1e-30 m^2  Cq=        -1.2664 MHz  eta= 0.90832

     H    9    Vxx=    0.0201    axis=(  0.373737  0.921113  0.108955)
     H    9    Vyy=    0.7254    axis=(  0.793870 -0.378412  0.475998)
     H    9    Vzz=   -0.7455    axis=(  0.479678 -0.091402 -0.872671)
     H    9  Q=         1.0000 1e-30 m^2  Cq=        -1.7516 MHz  eta= 0.94615

     C   10    Vxx=    0.0752    axis=(  0.230802 -0.280117  0.931807)
     C   10    Vyy=    0.5070    axis=(  0.848967 -0.409911 -0.333509)
     C   10    Vzz=   -0.5822    axis=(  0.475379  0.868048  0.143202)
     C   10  Q=         1.0000 1e-30 m^2  Cq=        -1.3679 MHz  eta= 0.74163

     C   11    Vxx=    0.0249    axis=(  0.467602  0.746986  0.472609)
     C   11    Vyy=    0.6030    axis=(  0.706138  0.005943 -0.708050)
     C   11    Vzz=   -0.6278    axis=( -0.531712  0.664813 -0.524696)
     C   11  Q=         1.0000 1e-30 m^2  Cq=        -1.4752 MHz  eta= 0.92070

     Cl  12    Vxx=    0.5235    axis=(  0.579531  0.599385  0.552161)
     Cl  12    Vyy=    2.1416    axis=( -0.561365 -0.197556  0.803643)
     Cl  12    Vzz=   -2.6651    axis=(  0.590774 -0.775699  0.221984)
     Cl  12  Q=        -8.1650 1e-30 m^2  Cq=        51.1284 MHz  eta= 0.60714

     H   13    Vxx=   -0.0256    axis=( -0.495889  0.200881 -0.844832)
     H   13    Vyy=   -0.4019    axis=( -0.856390 -0.274277  0.437457)
     H   13    Vzz=    0.4275    axis=( -0.143841  0.940435  0.308044)
     H   13  Q=         1.0000 1e-30 m^2  Cq=         1.0045 MHz  eta= 0.88004

     C   14    Vxx=    0.0789    axis=( -0.702755 -0.694572  0.153966)
     C   14    Vyy=    0.3945    axis=(  0.441278 -0.595320 -0.671467)
     C   14    Vzz=   -0.4734    axis=(  0.558041 -0.403935  0.724864)
     C   14  Q=         1.0000 1e-30 m^2  Cq=        -1.1123 MHz  eta= 0.66663

     H   15    Vxx=   -0.0705    axis=(  0.336891 -0.923922  0.181308)
     H   15    Vyy=   -0.6430    axis=( -0.700019 -0.117005  0.704474)
     H   15    Vzz=    0.7135    axis=(  0.629665  0.364250  0.686181)
     H   15  Q=         1.0000 1e-30 m^2  Cq=         1.6764 MHz  eta= 0.80252

     C   16    Vxx=   -0.1894    axis=(  0.149866 -0.730883  0.665845)
     C   16    Vyy=   -0.6510    axis=( -0.513882 -0.632922 -0.579081)
     C   16    Vzz=    0.8405    axis=( -0.844669  0.255382  0.470441)
     C   16  Q=         1.0000 1e-30 m^2  Cq=         1.9747 MHz  eta= 0.54923

     C   17    Vxx=    0.0210    axis=(  0.397422  0.743571  0.537735)
     C   17    Vyy=    0.5004    axis=(  0.706033  0.126539 -0.696782)
     C   17    Vzz=   -0.5214    axis=( -0.586151  0.656575 -0.474696)
     C   17  Q=         1.0000 1e-30 m^2  Cq=        -1.2252 MHz  eta= 0.91945

     Cl  18    Vxx=   -0.1253    axis=( -0.126138  0.796057 -0.591930)
     Cl  18    Vyy=   -3.0118    axis=( -0.461222 -0.575343 -0.675466)
     Cl  18    Vzz=    3.1371    axis=( -0.878273  0.187810  0.439732)
     Cl  18  Q=        -8.1650 1e-30 m^2  Cq=       -60.1837 MHz  eta= 0.92014

     H   19    Vxx=   -0.0494    axis=( -0.822715 -0.282959 -0.493025)
     H   19    Vyy=   -0.4255    axis=( -0.548647  0.622207  0.558431)
     H   19    Vzz=    0.4749    axis=(  0.148751  0.729926 -0.667144)
     H   19  Q=         1.0000 1e-30 m^2  Cq=         1.1159 MHz  eta= 0.79201

     C   20    Vxx=   -0.0125    axis=(  0.829389 -0.208362  0.518362)
     C   20    Vyy=   -0.4238    axis=( -0.455258 -0.789861  0.410927)
     C   20    Vzz=    0.4363    axis=( -0.323812  0.576806  0.749960)
     C   20  Q=         1.0000 1e-30 m^2  Cq=         1.0252 MHz  eta= 0.94260

     H   21    Vxx=   -0.0744    axis=(  0.278900 -0.764703 -0.580899)
     H   21    Vyy=   -0.2837    axis=(  0.260527  0.642466 -0.720668)
     H   21    Vzz=    0.3581    axis=(  0.924306  0.049655  0.378409)
     H   21  Q=         1.0000 1e-30 m^2  Cq=         0.8415 MHz  eta= 0.58450

     C   22    Vxx=    0.0271    axis=( -0.326092  0.359195  0.874439)
     C   22    Vyy=    0.5147    axis=(  0.205122 -0.876079  0.436362)
     C   22    Vzz=   -0.5418    axis=(  0.922816  0.321660  0.212004)
     C   22  Q=         1.0000 1e-30 m^2  Cq=        -1.2729 MHz  eta= 0.90013

     C   23    Vxx=   -0.1531    axis=( -0.127508  0.582307  0.802907)
     C   23    Vyy=   -0.7385    axis=(  0.557016  0.711841 -0.427803)
     C   23    Vzz=    0.8916    axis=( -0.820655  0.392683 -0.415120)
     C   23  Q=         1.0000 1e-30 m^2  Cq=         2.0949 MHz  eta= 0.65658

     Cl  24    Vxx=    0.3687    axis=( -0.372568 -0.835700  0.403483)
     Cl  24    Vyy=    2.2006    axis=( -0.838653  0.117060 -0.531939)
     Cl  24    Vzz=   -2.5693    axis=(  0.397310 -0.536565 -0.744475)
     Cl  24  Q=        -8.1650 1e-30 m^2  Cq=        49.2904 MHz  eta= 0.71301

     Initialization:
     gipaw_setup  :      9.08s CPU     10.96s WALL (       1 calls)

     Linear response

     Apply operators

     Induced current

     Other routines
     efg          :      9.45s CPU     11.98s WALL (       1 calls)

     General routines
     calbec       :      3.29s CPU      4.23s WALL (      16 calls)
     fft          :      1.36s CPU      1.53s WALL (      15 calls)
     ffts         :      0.04s CPU      0.05s WALL (       2 calls)
     fftw         :      3.45s CPU      4.42s WALL (     672 calls)
     davcio       :      0.03s CPU      0.33s WALL (      32 calls)

     Parallel routines
     fft_scatter  :      2.19s CPU      3.19s WALL (     689 calls)

     Plugins

     GIPAW        :     61.14s CPU     71.69s WALL (       1 calls)
