
     Program QE v.6.0 (svn rev. 13079) starts on 22Dec2016 at 20:20:55 

     This program is part of the open-source Quantum ESPRESSO suite
     for quantum simulation of materials; please cite
         "P. Giannozzi et al., J. Phys.:Condens. Matter 21 395502 (2009);
          URL http://www.quantum-espresso.org", 
     in publications or presentations arising from this work. More details at
     http://www.quantum-espresso.org/quote

     Parallel version (MPI), running on     8 processors
     R & G space division:  proc/nbgrp/npool/nimage =       8

     ***** This is GIPAW svn revision unknown      *****

     Parallelizing q-star over 1 images

     Reading data from directory:
     /users/majewski/paradichlorobenzene/pbe/9_constraint/scratch/pbe.ecut100.np8.dt60.pcl2phi-129368.save
     Message from routine read_xml_file:
     file /users/majewski/paradichlorobenzene/pbe/9_constraint/scratch/pbe.ecut100.np8.dt60.pcl2phi-129368.save not guaranteed to be safe for post-processing

   Info: using nr1, nr2, nr3 values from input

   Info: using nr1, nr2, nr3 values from input

     IMPORTANT: XC functional enforced from input :
     Exchange-correlation      =  SLA  PW   PBX  PBC ( 1  4  3  4 0 0)
     Any further DFT definition will be discarded
     Please, verify this is what you really want

               file C.pbe-n-kjpaw_psl.1.0.0.UPF: wavefunction(s)  2S 2P renormalized
               file Cl.pbe-n-kjpaw_psl.1.0.0.UPF: wavefunction(s)  3S 3P renormalized
               file H.pbe-kjpaw_psl.1.0.0.UPF: wavefunction(s)  1S renormalized

     Parallelization info
     --------------------
     sticks:   dense  smooth     PW     G-vecs:    dense   smooth      PW
     Min        3057    1223    332               144436    36536    5170
     Max        3059    1225    333               144437    36537    5171
     Sum       24467    9791   2657              1155489   292295   41363


     Subspace diagonalization in iterative solution of the eigenvalue problem:
     a serial algorithm will be used

     GIPAW projectors -----------------------------------------------
     atom=  C    l=0  rc=    1.2000  rs=    0.8000
     atom=  C    l=0  rc=    1.2000  rs=    0.8000
     atom=  C    l=1  rc=    1.4000  rs=    0.9333
     atom=  C    l=1  rc=    1.4000  rs=    0.9333
     projs nearly linearly dependent: l=1  n1,n2= 1, 2  s=  0.99951561

     atom=  Cl   l=0  rc=    1.6000  rs=    1.0667
     atom=  Cl   l=0  rc=    1.6000  rs=    1.0667
     atom=  Cl   l=1  rc=    1.6000  rs=    1.0667
     atom=  Cl   l=1  rc=    1.6000  rs=    1.0667
     atom=  Cl   l=2  rc=    1.6000  rs=    1.0667
     atom=  Cl   l=2  rc=    1.6000  rs=    1.0667
     projs nearly linearly dependent: l=2  n1,n2= 1, 2  s=  0.99993509

     atom=  H    l=0  rc=    1.0000  rs=    0.6667
     atom=  H    l=0  rc=    1.0000  rs=    0.6667
     projs nearly linearly dependent: l=0  n1,n2= 1, 2  s=  0.99968852
     -----------------------------------------------------------------

     GIPAW integrals: -------------------------------------------
     Atom  i/j   nmr_para   nmr_dia   epr_rmc  epr_para   epr_dia
       C   1 1   0.83E+03  0.17E-01  0.93E+01  0.24E+08  0.24E+03
       C   2 1   0.86E+03 -0.61E-01  0.94E+01  0.25E+08  0.25E+03
       C   2 2   0.90E+03 -0.15E+00  0.97E+01  0.26E+08  0.26E+03
       C   3 3   0.33E+01  0.34E+00  0.18E+01  0.55E+03  0.21E+02
       C   4 3   0.35E+01  0.37E+00  0.20E+01  0.59E+03  0.22E+02
       C   4 4   0.38E+01  0.39E+00  0.22E+01  0.63E+03  0.24E+02
       Cl  1 1   0.14E+04 -0.47E+00  0.84E+01  0.32E+09  0.42E+03
       Cl  2 1   0.21E+04 -0.37E+00  0.12E+02  0.49E+09  0.65E+03
       Cl  2 2   0.33E+04 -0.16E+00  0.21E+02  0.76E+09  0.10E+04
       Cl  3 3   0.21E+02  0.79E-01  0.89E+01  0.23E+05  0.13E+03
       Cl  4 3   0.24E+02  0.67E-01  0.99E+01  0.27E+05  0.15E+03
       Cl  4 4   0.28E+02  0.44E-01  0.11E+02  0.32E+05  0.18E+03
       Cl  5 5   0.77E+00  0.19E+00  0.18E+01  0.12E+03  0.22E+02
       Cl  6 5   0.80E+00  0.19E+00  0.19E+01  0.12E+03  0.23E+02
       Cl  6 6   0.83E+00  0.20E+00  0.19E+01  0.12E+03  0.23E+02
       H   1 1   0.39E+02  0.19E+00  0.29E+00  0.78E+05  0.13E+02
       H   2 1   0.41E+02  0.21E+00  0.32E+00  0.82E+05  0.14E+02
       H   2 2   0.43E+02  0.22E+00  0.36E+00  0.86E+05  0.15E+02
     ------------------------------------------------------------

     alpha_pv=     34.3380 eV

     Number of occupied bands for each k-point:
     k-point:     1    nbnd_occ=  42
     k-point:     2    nbnd_occ=  42
     k-point:     3    nbnd_occ=  42
     k-point:     4    nbnd_occ=  42
     k-point:     5    nbnd_occ=  42
     k-point:     6    nbnd_occ=  42
     k-point:     7    nbnd_occ=  42
     k-point:     8    nbnd_occ=  42
     k-point:     9    nbnd_occ=  42
     k-point:    10    nbnd_occ=  42
     k-point:    11    nbnd_occ=  42
     k-point:    12    nbnd_occ=  42
     k-point:    13    nbnd_occ=  42
     k-point:    14    nbnd_occ=  42
     k-point:    15    nbnd_occ=  42
     k-point:    16    nbnd_occ=  42


     q-space interpolation up to   110.00 Rydberg

     GIPAW job: efg                                                                             


     ELECTRIC FIELD GRADIENTS TENSORS IN Hartree/bohrradius^2:

     ----- bare term -----
     Cl   1       -0.106919        0.195733       -0.059833
     Cl   1        0.195733        0.078895       -0.095188
     Cl   1       -0.059833       -0.095188        0.028024

     C    2       -0.040914        0.065792       -0.138301
     C    2        0.065792       -0.002219       -0.518224
     C    2       -0.138301       -0.518224        0.043133

     C    3        0.091187       -0.029834        0.269309
     C    3       -0.029834       -0.064165        0.277623
     C    3        0.269309        0.277623       -0.027022

     H    4       -0.174828       -0.322787        0.131458
     H    4       -0.322787       -0.051644        0.164705
     H    4        0.131458        0.164705        0.226472

     C    5       -0.064966       -0.131187       -0.121246
     C    5       -0.131187       -0.074883        0.069855
     C    5       -0.121246        0.069855        0.139849

     H    6        0.366422       -0.148775        0.003300
     H    6       -0.148775       -0.581640        0.270669
     H    6        0.003300        0.270669        0.215218

     H    7        0.389247        0.044822       -0.050484
     H    7        0.044822       -0.481208        0.570253
     H    7       -0.050484        0.570253        0.091961

     C    8       -0.672419       -0.377484       -0.422088
     C    8       -0.377484        0.327157        0.229005
     C    8       -0.422088        0.229005        0.345263

     H    9       -0.086002       -0.065581       -0.530562
     H    9       -0.065581       -0.058228       -0.092622
     H    9       -0.530562       -0.092622        0.144229

     C   10        0.078737       -0.400521       -0.057921
     C   10       -0.400521       -0.152808        0.594323
     C   10       -0.057921        0.594323        0.074071

     C   11       -0.461182       -0.353713       -0.426313
     C   11       -0.353713        0.227132        0.339095
     C   11       -0.426313        0.339095        0.234051

     Cl  12        0.010775        0.115748       -0.024210
     Cl  12        0.115748        0.080283        0.035984
     Cl  12       -0.024210        0.035984       -0.091058

     H   13        0.366637        0.108976       -0.272899
     H   13        0.108976       -0.531020       -0.203120
     H   13       -0.272899       -0.203120        0.164382

     C   14       -0.717030        0.359981       -0.415531
     C   14        0.359981        0.313059       -0.132324
     C   14       -0.415531       -0.132324        0.403971

     H   15       -0.380596       -0.455264        0.110929
     H   15       -0.455264        0.208434        0.134861
     H   15        0.110929        0.134861        0.172162

     C   16       -0.203290        0.309708       -0.171221
     C   16        0.309708       -0.359952       -0.531608
     C   16       -0.171221       -0.531608        0.563243

     C   17       -0.209229        0.203075       -0.257433
     C   17        0.203075       -0.167838       -0.475471
     C   17       -0.257433       -0.475471        0.377066

     Cl  18       -0.026865        0.184663       -0.083392
     Cl  18        0.184663        0.096144       -0.093616
     Cl  18       -0.083392       -0.093616       -0.069279

     H   19        0.421572       -0.062027        0.141351
     H   19       -0.062027       -0.180602        0.618145
     H   19        0.141351        0.618145       -0.240970

     C   20       -0.165816       -0.163916       -0.220496
     C   20       -0.163916       -0.218650        0.327338
     C   20       -0.220496        0.327338        0.384466

     H   21        0.139085        0.088881       -0.317717
     H   21        0.088881        0.476987        0.077821
     H   21       -0.317717        0.077821       -0.616072

     C   22       -0.558963       -0.278183       -0.328741
     C   22       -0.278183       -0.013611        0.127796
     C   22       -0.328741        0.127796        0.572574

     C   23       -0.033475        0.016903       -0.300493
     C   23        0.016903       -0.323119        0.436254
     C   23       -0.300493        0.436254        0.356594

     Cl  24       -0.192416       -0.177651       -0.093253
     Cl  24       -0.177651       -0.107889       -0.020798
     Cl  24       -0.093253       -0.020798        0.300305

     ----- ionic term -----
     Cl   1        0.153996       -0.186627        0.024287
     Cl   1       -0.186627        0.021185       -0.011330
     Cl   1        0.024287       -0.011330       -0.175180

     C    2        0.329115       -0.027538        0.179422
     C    2       -0.027538        0.271584        0.245979
     C    2        0.179422        0.245979       -0.600700

     C    3        0.266989       -0.096426        0.037454
     C    3       -0.096426        0.291315        0.274293
     C    3        0.037454        0.274293       -0.558304

     H    4        0.771370        0.507118        0.386206
     H    4        0.507118       -0.248426        0.202705
     H    4        0.386206        0.202705       -0.522945

     C    5        0.394140       -0.025627        0.024403
     C    5       -0.025627        0.151031        0.248675
     C    5        0.024403        0.248675       -0.545170

     H    6       -0.525532        0.092590       -0.002007
     H    6        0.092590        0.948256        0.454829
     H    6       -0.002007        0.454829       -0.422724

     H    7       -0.519769       -0.128885        0.093144
     H    7       -0.128885        0.693838       -0.677837
     H    7        0.093144       -0.677837       -0.174069

     C    8        0.167483        0.196309        0.337336
     C    8        0.196309        0.077677       -0.282620
     C    8        0.337336       -0.282620       -0.245160

     H    9        0.565131       -0.176311        0.712838
     H    9       -0.176311       -0.450651       -0.205937
     H    9        0.712838       -0.205937       -0.114481

     C   10        0.040627        0.291118        0.208621
     C   10        0.291118        0.270785       -0.403606
     C   10        0.208621       -0.403606       -0.311412

     C   11        0.088009        0.218832        0.275572
     C   11        0.218832        0.142717       -0.425879
     C   11        0.275572       -0.425879       -0.230726

     Cl  12        0.184565        0.214969        0.001444
     Cl  12        0.214969       -0.030412       -0.005856
     Cl  12        0.001444       -0.005856       -0.154153

     H   13       -0.513030       -0.008572        0.004340
     H   13       -0.008572        1.020846        0.373785
     H   13        0.004340        0.373785       -0.507816

     C   14        0.502267       -0.090713        0.112898
     C   14       -0.090713        0.093922        0.230962
     C   14        0.112898        0.230962       -0.596189

     H   15        0.763825        0.547196        0.289183
     H   15        0.547196       -0.234871        0.186049
     H   15        0.289183        0.186049       -0.528954

     C   16        0.317736       -0.164875        0.020906
     C   16       -0.164875        0.222010        0.322643
     C   16        0.020906        0.322643       -0.539746

     C   17        0.357773       -0.064142        0.027458
     C   17       -0.064142        0.190460        0.331640
     C   17        0.027458        0.331640       -0.548234

     Cl  18        0.211414       -0.207565       -0.027437
     Cl  18       -0.207565       -0.064286        0.012384
     Cl  18       -0.027437        0.012384       -0.147128

     H   19       -0.523064        0.056212       -0.032543
     H   19        0.056212        0.484638       -0.760109
     H   19       -0.032543       -0.760109        0.038426

     C   20        0.134311        0.255102        0.313098
     C   20        0.255102        0.042769       -0.261500
     C   20        0.313098       -0.261500       -0.177080

     H   21        0.247552       -0.138580        0.814340
     H   21       -0.138580       -0.508415       -0.208576
     H   21        0.814340       -0.208576        0.260863

     C   22        0.012426        0.286270        0.267334
     C   22        0.286270        0.127107       -0.339102
     C   22        0.267334       -0.339102       -0.139533

     C   23        0.128309        0.244129        0.365098
     C   23        0.244129        0.064156       -0.358487
     C   23        0.365098       -0.358487       -0.192465

     Cl  24        0.111088        0.237644        0.041179
     Cl  24        0.237644        0.047529        0.026029
     Cl  24        0.041179        0.026029       -0.158617

     ----- GIPAW term -----
     Cl   1        0.169228        0.338910       -1.081313
     Cl   1        0.338910        1.325038       -1.659601
     Cl   1       -1.081313       -1.659601       -1.494266

     C    2       -0.026853        0.026961       -0.064731
     C    2        0.026961        0.069432       -0.156831
     C    2       -0.064731       -0.156831       -0.042580

     C    3        0.019492       -0.012085        0.020095
     C    3       -0.012085        0.002710        0.035825
     C    3        0.020095        0.035825       -0.022202

     H    4       -0.000000        0.000000        0.000000
     H    4        0.000000        0.000000        0.000000
     H    4        0.000000        0.000000        0.000000

     C    5       -0.003426       -0.016344        0.005846
     C    5       -0.016344       -0.006572       -0.006144
     C    5        0.005846       -0.006144        0.009998

     H    6       -0.000000        0.000000        0.000000
     H    6        0.000000        0.000000        0.000000
     H    6        0.000000        0.000000        0.000000

     H    7       -0.000000        0.000000        0.000000
     H    7        0.000000        0.000000        0.000000
     H    7        0.000000        0.000000        0.000000

     C    8       -0.150247       -0.145549       -0.056047
     C    8       -0.145549        0.186459        0.009280
     C    8       -0.056047        0.009280       -0.036213

     H    9       -0.000000        0.000000        0.000000
     H    9        0.000000        0.000000        0.000000
     H    9        0.000000        0.000000        0.000000

     C   10       -0.066000       -0.162135        0.009288
     C   10       -0.162135        0.209887        0.058581
     C   10        0.009288        0.058581       -0.143887

     C   11       -0.111915       -0.062394       -0.089511
     C   11       -0.062394        0.231909        0.134319
     C   11       -0.089511        0.134319       -0.119994

     Cl  12        1.256926        2.867297       -0.121058
     Cl  12        2.867297        0.793933        0.343572
     Cl  12       -0.121058        0.343572       -2.050859

     H   13       -0.000000        0.000000        0.000000
     H   13        0.000000        0.000000        0.000000
     H   13        0.000000        0.000000        0.000000

     C   14       -0.148264        0.147716       -0.007572
     C   14        0.147716        0.142522        0.088888
     C   14       -0.007572        0.088888        0.005742

     H   15       -0.000000        0.000000        0.000000
     H   15        0.000000        0.000000        0.000000
     H   15        0.000000        0.000000        0.000000

     C   16       -0.106365        0.045440       -0.049345
     C   16        0.045440       -0.101882       -0.127863
     C   16       -0.049345       -0.127863        0.208246

     C   17        0.045093       -0.122249       -0.012265
     C   17       -0.122249       -0.018417       -0.100631
     C   17       -0.012265       -0.100631       -0.026676

     Cl  18        1.209734       -0.172284       -0.910209
     Cl  18       -0.172284        0.902555       -0.953784
     Cl  18       -0.910209       -0.953784       -2.112289

     H   19       -0.000000        0.000000        0.000000
     H   19        0.000000        0.000000        0.000000
     H   19        0.000000        0.000000        0.000000

     C   20       -0.094545       -0.024605       -0.018848
     C   20       -0.024605        0.004143       -0.086348
     C   20       -0.018848       -0.086348        0.090402

     H   21       -0.000000        0.000000        0.000000
     H   21        0.000000        0.000000        0.000000
     H   21        0.000000        0.000000        0.000000

     C   22       -0.226361       -0.013254       -0.091089
     C   22       -0.013254       -0.078545       -0.071764
     C   22       -0.091089       -0.071764        0.304906

     C   23       -0.011765        0.127984       -0.045911
     C   23        0.127984       -0.048282       -0.066353
     C   23       -0.045911       -0.066353        0.060047

     Cl  24       -0.582036        1.204235       -1.302652
     Cl  24        1.204235       -1.416280       -0.364891
     Cl  24       -1.302652       -0.364891        1.998317

     ----- total EFG -----
     Cl   1        0.216304        0.348017       -1.116858
     Cl   1        0.348017        1.425117       -1.766120
     Cl   1       -1.116858       -1.766120       -1.641421

     C    2        0.261349        0.065215       -0.023610
     C    2        0.065215        0.338797       -0.429075
     C    2       -0.023610       -0.429075       -0.600146

     C    3        0.377667       -0.138344        0.326858
     C    3       -0.138344        0.229861        0.587742
     C    3        0.326858        0.587742       -0.607528

     H    4        0.596543        0.184331        0.517664
     H    4        0.184331       -0.300070        0.367409
     H    4        0.517664        0.367409       -0.296473

     C    5        0.325748       -0.173158       -0.090997
     C    5       -0.173158        0.069576        0.312387
     C    5       -0.090997        0.312387       -0.395323

     H    6       -0.159109       -0.056184        0.001294
     H    6       -0.056184        0.366616        0.725498
     H    6        0.001294        0.725498       -0.207506

     H    7       -0.130522       -0.084063        0.042661
     H    7       -0.084063        0.212630       -0.107584
     H    7        0.042661       -0.107584       -0.082108

     C    8       -0.655183       -0.326723       -0.140800
     C    8       -0.326723        0.591293       -0.044335
     C    8       -0.140800       -0.044335        0.063890

     H    9        0.479130       -0.241892        0.182276
     H    9       -0.241892       -0.508878       -0.298559
     H    9        0.182276       -0.298559        0.029749

     C   10        0.053364       -0.271538        0.159988
     C   10       -0.271538        0.327864        0.249298
     C   10        0.159988        0.249298       -0.381228

     C   11       -0.485089       -0.197275       -0.240252
     C   11       -0.197275        0.601758        0.047535
     C   11       -0.240252        0.047535       -0.116669

     Cl  12        1.452266        3.198014       -0.143825
     Cl  12        3.198014        0.843804        0.373700
     Cl  12       -0.143825        0.373700       -2.296070

     H   13       -0.146392        0.100404       -0.268559
     H   13        0.100404        0.489826        0.170665
     H   13       -0.268559        0.170665       -0.343434

     C   14       -0.363028        0.416984       -0.310205
     C   14        0.416984        0.549504        0.187526
     C   14       -0.310205        0.187526       -0.186476

     H   15        0.383229        0.091932        0.400112
     H   15        0.091932       -0.026437        0.320910
     H   15        0.400112        0.320910       -0.356792

     C   16        0.008081        0.190274       -0.199660
     C   16        0.190274       -0.239824       -0.336828
     C   16       -0.199660       -0.336828        0.231743

     C   17        0.193638        0.016685       -0.242240
     C   17        0.016685        0.004205       -0.244461
     C   17       -0.242240       -0.244461       -0.197844

     Cl  18        1.394284       -0.195186       -1.021038
     Cl  18       -0.195186        0.934413       -1.035017
     Cl  18       -1.021038       -1.035017       -2.328697

     H   19       -0.101493       -0.005815        0.108808
     H   19       -0.005815        0.304036       -0.141964
     H   19        0.108808       -0.141964       -0.202543

     C   20       -0.126050        0.066581        0.073754
     C   20        0.066581       -0.171739       -0.020511
     C   20        0.073754       -0.020511        0.297788

     H   21        0.386638       -0.049699        0.496622
     H   21       -0.049699       -0.031428       -0.130755
     H   21        0.496622       -0.130755       -0.355210

     C   22       -0.772898       -0.005167       -0.152496
     C   22       -0.005167        0.034951       -0.283070
     C   22       -0.152496       -0.283070        0.737947

     C   23        0.083069        0.389015        0.018694
     C   23        0.389015       -0.307245        0.011415
     C   23        0.018694        0.011415        0.224176

     Cl  24       -0.663365        1.264228       -1.354726
     Cl  24        1.264228       -1.476640       -0.359661
     Cl  24       -1.354726       -0.359661        2.140005

     ----- total EFG (symmetrized) -----
     Cl   1        0.216304        0.348017       -1.116858
     Cl   1        0.348017        1.425117       -1.766120
     Cl   1       -1.116858       -1.766120       -1.641421

     C    2        0.261349        0.065215       -0.023610
     C    2        0.065215        0.338797       -0.429075
     C    2       -0.023610       -0.429075       -0.600146

     C    3        0.377667       -0.138344        0.326858
     C    3       -0.138344        0.229861        0.587742
     C    3        0.326858        0.587742       -0.607528

     H    4        0.596543        0.184331        0.517664
     H    4        0.184331       -0.300070        0.367409
     H    4        0.517664        0.367409       -0.296473

     C    5        0.325748       -0.173158       -0.090997
     C    5       -0.173158        0.069576        0.312387
     C    5       -0.090997        0.312387       -0.395323

     H    6       -0.159109       -0.056184        0.001294
     H    6       -0.056184        0.366616        0.725498
     H    6        0.001294        0.725498       -0.207506

     H    7       -0.130522       -0.084063        0.042661
     H    7       -0.084063        0.212630       -0.107584
     H    7        0.042661       -0.107584       -0.082108

     C    8       -0.655183       -0.326723       -0.140800
     C    8       -0.326723        0.591293       -0.044335
     C    8       -0.140800       -0.044335        0.063890

     H    9        0.479130       -0.241892        0.182276
     H    9       -0.241892       -0.508878       -0.298559
     H    9        0.182276       -0.298559        0.029749

     C   10        0.053364       -0.271538        0.159988
     C   10       -0.271538        0.327864        0.249298
     C   10        0.159988        0.249298       -0.381228

     C   11       -0.485089       -0.197275       -0.240252
     C   11       -0.197275        0.601758        0.047535
     C   11       -0.240252        0.047535       -0.116669

     Cl  12        1.452266        3.198014       -0.143825
     Cl  12        3.198014        0.843804        0.373700
     Cl  12       -0.143825        0.373700       -2.296070

     H   13       -0.146392        0.100404       -0.268559
     H   13        0.100404        0.489826        0.170665
     H   13       -0.268559        0.170665       -0.343434

     C   14       -0.363028        0.416984       -0.310205
     C   14        0.416984        0.549504        0.187526
     C   14       -0.310205        0.187526       -0.186476

     H   15        0.383229        0.091932        0.400112
     H   15        0.091932       -0.026437        0.320910
     H   15        0.400112        0.320910       -0.356792

     C   16        0.008081        0.190274       -0.199660
     C   16        0.190274       -0.239824       -0.336828
     C   16       -0.199660       -0.336828        0.231743

     C   17        0.193638        0.016685       -0.242240
     C   17        0.016685        0.004205       -0.244461
     C   17       -0.242240       -0.244461       -0.197844

     Cl  18        1.394284       -0.195186       -1.021038
     Cl  18       -0.195186        0.934413       -1.035017
     Cl  18       -1.021038       -1.035017       -2.328697

     H   19       -0.101493       -0.005815        0.108808
     H   19       -0.005815        0.304036       -0.141964
     H   19        0.108808       -0.141964       -0.202543

     C   20       -0.126050        0.066581        0.073754
     C   20        0.066581       -0.171739       -0.020511
     C   20        0.073754       -0.020511        0.297788

     H   21        0.386638       -0.049699        0.496622
     H   21       -0.049699       -0.031428       -0.130755
     H   21        0.496622       -0.130755       -0.355210

     C   22       -0.772898       -0.005167       -0.152496
     C   22       -0.005167        0.034951       -0.283070
     C   22       -0.152496       -0.283070        0.737947

     C   23        0.083069        0.389015        0.018694
     C   23        0.389015       -0.307245        0.011415
     C   23        0.018694        0.011415        0.224176

     Cl  24       -0.663365        1.264228       -1.354726
     Cl  24        1.264228       -1.476640       -0.359661
     Cl  24       -1.354726       -0.359661        2.140005


     NQR/NMR SPECTROSCOPIC PARAMETERS:
     Cl   1    Vxx=    0.2029    axis=(  0.892207 -0.434101 -0.124592)
     Cl   1    Vyy=    2.5144    axis=( -0.341183 -0.828617  0.443833)
     Cl   1    Vzz=   -2.7173    axis=( -0.295908 -0.353482 -0.887406)
     Cl   1  Q=        -8.1650 1e-30 m^2  Cq=        52.1308 MHz  eta= 0.85063

     C    2    Vxx=    0.2430    axis=(  0.966792 -0.237692  0.093886)
     C    2    Vyy=    0.5237    axis=(  0.255558  0.901399 -0.349527)
     C    2    Vzz=   -0.7667    axis=( -0.001549  0.361913  0.932210)
     C    2  Q=         1.0000 1e-30 m^2  Cq=        -1.8014 MHz  eta= 0.36605

     C    3    Vxx=    0.4593    axis=(  0.912996 -0.403941  0.057183)
     C    3    Vyy=    0.5420    axis=(  0.323421  0.802078  0.502066)
     C    3    Vzz=   -1.0013    axis=( -0.248670 -0.439890  0.862937)
     C    3  Q=         1.0000 1e-30 m^2  Cq=        -2.3527 MHz  eta= 0.08252

     H    4    Vxx=   -0.2006    axis=(  0.463870 -0.768515 -0.440693)
     H    4    Vyy=   -0.7204    axis=(  0.225096  0.583370 -0.780392)
     H    4    Vzz=    0.9211    axis=(  0.856829  0.262802  0.443598)
     H    4  Q=         1.0000 1e-30 m^2  Cq=         2.1642 MHz  eta= 0.56433

     C    5    Vxx=    0.0744    axis=( -0.614015 -0.706866 -0.351178)
     C    5    Vyy=    0.4779    axis=( -0.789283  0.547448  0.278090)
     C    5    Vzz=   -0.5523    axis=(  0.004321 -0.447930  0.894058)
     C    5  Q=         1.0000 1e-30 m^2  Cq=        -1.2976 MHz  eta= 0.73071

     H    6    Vxx=   -0.1592    axis=(  0.997186  0.003209  0.074898)
     H    6    Vyy=   -0.7026    axis=(  0.060120  0.562612 -0.824532)
     H    6    Vzz=    0.8618    axis=( -0.044785  0.826715  0.560836)
     H    6  Q=         1.0000 1e-30 m^2  Cq=         2.0250 MHz  eta= 0.63057

     H    7    Vxx=   -0.1122    axis=(  0.322385  0.371713  0.870573)
     H    7    Vyy=   -0.1572    axis=( -0.918962 -0.097746  0.382040)
     H    7    Vzz=    0.2694    axis=(  0.227104 -0.923187  0.310079)
     H    7  Q=         1.0000 1e-30 m^2  Cq=         0.6331 MHz  eta= 0.16684

     C    8    Vxx=    0.0900    axis=( -0.174331 -0.026569  0.984329)
     C    8    Vyy=    0.6719    axis=( -0.237446  0.971272 -0.015837)
     C    8    Vzz=   -0.7619    axis=( -0.955630 -0.236485 -0.175631)
     C    8  Q=         1.0000 1e-30 m^2  Cq=        -1.7902 MHz  eta= 0.76369

     H    9    Vxx=    0.0199    axis=(  0.471477  0.260092 -0.842651)
     H    9    Vyy=    0.6422    axis=(  0.871064 -0.286528  0.398935)
     H    9    Vzz=   -0.6621    axis=(  0.137683  0.922092  0.361648)
     H    9  Q=         1.0000 1e-30 m^2  Cq=        -1.5557 MHz  eta= 0.93984

     C   10    Vxx=    0.0415    axis=(  0.802957  0.328259  0.497500)
     C   10    Vyy=    0.5159    axis=(  0.457487 -0.874446 -0.161403)
     C   10    Vzz=   -0.5574    axis=( -0.382054 -0.357199  0.852317)
     C   10  Q=         1.0000 1e-30 m^2  Cq=        -1.3097 MHz  eta= 0.85117

     C   11    Vxx=   -0.0234    axis=( -0.387726 -0.190909  0.901788)
     C   11    Vyy=   -0.6239    axis=( -0.900825 -0.128913 -0.414603)
     C   11    Vzz=    0.6473    axis=(  0.195403 -0.973106 -0.121993)
     C   11  Q=         1.0000 1e-30 m^2  Cq=         1.5210 MHz  eta= 0.92759

     Cl  12    Vxx=   -1.7906    axis=(  0.552760 -0.587117 -0.591396)
     Cl  12    Vyy=   -2.5730    axis=( -0.385522  0.448997 -0.806086)
     Cl  12    Vzz=    4.3637    axis=( -0.738802 -0.673569 -0.021841)
     Cl  12  Q=        -8.1650 1e-30 m^2  Cq=       -83.7145 MHz  eta= 0.17929

     H   13    Vxx=    0.0407    axis=( -0.825354 -0.029740  0.563832)
     H   13    Vyy=    0.5271    axis=( -0.079439 -0.982562 -0.168113)
     H   13    Vzz=   -0.5678    axis=(  0.558999 -0.183543  0.808599)
     H   13  Q=         1.0000 1e-30 m^2  Cq=        -1.3342 MHz  eta= 0.85669

     C   14    Vxx=    0.0353    axis=( -0.527708  0.121332  0.840716)
     C   14    Vyy=    0.7162    axis=( -0.339720 -0.937289 -0.077969)
     C   14    Vzz=   -0.7515    axis=(  0.778534 -0.326753  0.535834)
     C   14  Q=         1.0000 1e-30 m^2  Cq=        -1.7658 MHz  eta= 0.90606

     H   15    Vxx=    0.0122    axis=(  0.466022 -0.852659 -0.236213)
     H   15    Vyy=    0.6333    axis=(  0.832316  0.331920  0.443935)
     H   15    Vzz=   -0.6455    axis=( -0.300121 -0.403488  0.864364)
     H   15  Q=         1.0000 1e-30 m^2  Cq=        -1.5167 MHz  eta= 0.96214

     C   16    Vxx=   -0.1089    axis=(  0.868357 -0.013432  0.495757)
     C   16    Vyy=   -0.4317    axis=(  0.209778 -0.895853 -0.391715)
     C   16    Vzz=    0.5405    axis=( -0.449387 -0.444147  0.775103)
     C   16  Q=         1.0000 1e-30 m^2  Cq=         1.2700 MHz  eta= 0.59723

     C   17    Vxx=    0.0651    axis=(  0.550549 -0.800458  0.236987)
     C   17    Vyy=    0.3597    axis=( -0.773973 -0.383051  0.504220)
     C   17    Vzz=   -0.4248    axis=( -0.312828 -0.461020 -0.830421)
     C   17  Q=         1.0000 1e-30 m^2  Cq=        -0.9981 MHz  eta= 0.69348

     Cl  18    Vxx=    1.2144    axis=( -0.207292  0.953496 -0.218803)
     Cl  18    Vyy=    1.6657    axis=( -0.949523 -0.142271  0.279581)
     Cl  18    Vzz=   -2.8800    axis=(  0.235450  0.265714  0.934858)
     Cl  18  Q=        -8.1650 1e-30 m^2  Cq=        55.2520 MHz  eta= 0.15671

     H   19    Vxx=   -0.0481    axis=(  0.876750  0.192234  0.440857)
     H   19    Vyy=   -0.2956    axis=( -0.474681  0.198404  0.857504)
     H   19    Vzz=    0.3437    axis=(  0.077374 -0.961084  0.265201)
     H   19  Q=         1.0000 1e-30 m^2  Cq=         0.8075 MHz  eta= 0.72034

     C   20    Vxx=   -0.0842    axis=(  0.777199  0.618307 -0.116870)
     C   20    Vyy=   -0.2263    axis=( -0.607586  0.785698  0.116262)
     C   20    Vzz=    0.3104    axis=(  0.163710 -0.019350  0.986319)
     C   20  Q=         1.0000 1e-30 m^2  Cq=         0.7294 MHz  eta= 0.45772

     H   21    Vxx=   -0.0317    axis=(  0.206870  0.975361 -0.076649)
     H   21    Vyy=   -0.6196    axis=( -0.430393  0.161081  0.888153)
     H   21    Vzz=    0.6513    axis=(  0.878616 -0.150743  0.453111)
     H   21  Q=         1.0000 1e-30 m^2  Cq=         1.5302 MHz  eta= 0.90267

     C   22    Vxx=   -0.0607    axis=( -0.075431  0.944304  0.320312)
     C   22    Vyy=   -0.7896    axis=(  0.993314  0.043006  0.107135)
     C   22    Vzz=    0.8502    axis=( -0.087392 -0.326251  0.941235)
     C   22  Q=         1.0000 1e-30 m^2  Cq=         1.9977 MHz  eta= 0.85732

     C   23    Vxx=    0.2195    axis=( -0.175976 -0.108752  0.978369)
     C   23    Vyy=    0.3278    axis=(  0.832606  0.513783  0.206868)
     C   23    Vzz=   -0.5473    axis=( -0.525166  0.851000  0.000134)
     C   23  Q=         1.0000 1e-30 m^2  Cq=        -1.2860 MHz  eta= 0.19773

     Cl  24    Vxx=   -0.3855    axis=(  0.655367  0.614575  0.439080)
     Cl  24    Vyy=   -2.4627    axis=(  0.632204 -0.764431  0.126344)
     Cl  24    Vzz=    2.8482    axis=( -0.413294 -0.194787  0.889520)
     Cl  24  Q=        -8.1650 1e-30 m^2  Cq=       -54.6414 MHz  eta= 0.72933

     Initialization:
     gipaw_setup  :      8.82s CPU     10.73s WALL (       1 calls)

     Linear response

     Apply operators

     Induced current

     Other routines
     efg          :      9.34s CPU     11.63s WALL (       1 calls)

     General routines
     calbec       :      3.36s CPU      4.39s WALL (      16 calls)
     fft          :      1.86s CPU      3.05s WALL (      15 calls)
     ffts         :      0.06s CPU      0.10s WALL (       2 calls)
     fftw         :      3.26s CPU      3.89s WALL (     672 calls)
     davcio       :      0.03s CPU      0.30s WALL (      32 calls)

     Parallel routines
     fft_scatter  :      2.43s CPU      4.22s WALL (     689 calls)

     Plugins

     GIPAW        :     60.44s CPU     72.64s WALL (       1 calls)
