
     Program QE v.6.0 (svn rev. 13079) starts on 16Jan2017 at  0:44:31 

     This program is part of the open-source Quantum ESPRESSO suite
     for quantum simulation of materials; please cite
         "P. Giannozzi et al., J. Phys.:Condens. Matter 21 395502 (2009);
          URL http://www.quantum-espresso.org", 
     in publications or presentations arising from this work. More details at
     http://www.quantum-espresso.org/quote

     Parallel version (MPI), running on     8 processors
     R & G space division:  proc/nbgrp/npool/nimage =       8

     ***** This is GIPAW svn revision unknown      *****

     Parallelizing q-star over 1 images

     Reading data from directory:
     /users/majewski/paradichlorobenzene/pbe/9_constraint/scratch/pbe.ecut100.np8.dt60.pcl2phi-129368.save
     Message from routine read_xml_file:
     file /users/majewski/paradichlorobenzene/pbe/9_constraint/scratch/pbe.ecut100.np8.dt60.pcl2phi-129368.save not guaranteed to be safe for post-processing

   Info: using nr1, nr2, nr3 values from input

   Info: using nr1, nr2, nr3 values from input

     IMPORTANT: XC functional enforced from input :
     Exchange-correlation      =  SLA  PW   PBX  PBC ( 1  4  3  4 0 0)
     Any further DFT definition will be discarded
     Please, verify this is what you really want

               file C.pbe-n-kjpaw_psl.1.0.0.UPF: wavefunction(s)  2S 2P renormalized
               file Cl.pbe-n-kjpaw_psl.1.0.0.UPF: wavefunction(s)  3S 3P renormalized
               file H.pbe-kjpaw_psl.1.0.0.UPF: wavefunction(s)  1S renormalized

     Parallelization info
     --------------------
     sticks:   dense  smooth     PW     G-vecs:    dense   smooth      PW
     Min        3057    1223    332               144436    36536    5170
     Max        3059    1225    333               144437    36537    5171
     Sum       24467    9791   2657              1155489   292295   41363


     Subspace diagonalization in iterative solution of the eigenvalue problem:
     a serial algorithm will be used

     GIPAW projectors -----------------------------------------------
     atom=  C    l=0  rc=    1.2000  rs=    0.8000
     atom=  C    l=0  rc=    1.2000  rs=    0.8000
     atom=  C    l=1  rc=    1.4000  rs=    0.9333
     atom=  C    l=1  rc=    1.4000  rs=    0.9333
     projs nearly linearly dependent: l=1  n1,n2= 1, 2  s=  0.99951561

     atom=  Cl   l=0  rc=    1.6000  rs=    1.0667
     atom=  Cl   l=0  rc=    1.6000  rs=    1.0667
     atom=  Cl   l=1  rc=    1.6000  rs=    1.0667
     atom=  Cl   l=1  rc=    1.6000  rs=    1.0667
     atom=  Cl   l=2  rc=    1.6000  rs=    1.0667
     atom=  Cl   l=2  rc=    1.6000  rs=    1.0667
     projs nearly linearly dependent: l=2  n1,n2= 1, 2  s=  0.99993509

     atom=  H    l=0  rc=    1.0000  rs=    0.6667
     atom=  H    l=0  rc=    1.0000  rs=    0.6667
     projs nearly linearly dependent: l=0  n1,n2= 1, 2  s=  0.99968852
     -----------------------------------------------------------------

     GIPAW integrals: -------------------------------------------
     Atom  i/j   nmr_para   nmr_dia   epr_rmc  epr_para   epr_dia
       C   1 1   0.83E+03  0.17E-01  0.93E+01  0.24E+08  0.24E+03
       C   2 1   0.86E+03 -0.61E-01  0.94E+01  0.25E+08  0.25E+03
       C   2 2   0.90E+03 -0.15E+00  0.97E+01  0.26E+08  0.26E+03
       C   3 3   0.33E+01  0.34E+00  0.18E+01  0.55E+03  0.21E+02
       C   4 3   0.35E+01  0.37E+00  0.20E+01  0.59E+03  0.22E+02
       C   4 4   0.38E+01  0.39E+00  0.22E+01  0.63E+03  0.24E+02
       Cl  1 1   0.14E+04 -0.47E+00  0.84E+01  0.32E+09  0.42E+03
       Cl  2 1   0.21E+04 -0.37E+00  0.12E+02  0.49E+09  0.65E+03
       Cl  2 2   0.33E+04 -0.16E+00  0.21E+02  0.76E+09  0.10E+04
       Cl  3 3   0.21E+02  0.79E-01  0.89E+01  0.23E+05  0.13E+03
       Cl  4 3   0.24E+02  0.67E-01  0.99E+01  0.27E+05  0.15E+03
       Cl  4 4   0.28E+02  0.44E-01  0.11E+02  0.32E+05  0.18E+03
       Cl  5 5   0.77E+00  0.19E+00  0.18E+01  0.12E+03  0.22E+02
       Cl  6 5   0.80E+00  0.19E+00  0.19E+01  0.12E+03  0.23E+02
       Cl  6 6   0.83E+00  0.20E+00  0.19E+01  0.12E+03  0.23E+02
       H   1 1   0.39E+02  0.19E+00  0.29E+00  0.78E+05  0.13E+02
       H   2 1   0.41E+02  0.21E+00  0.32E+00  0.82E+05  0.14E+02
       H   2 2   0.43E+02  0.22E+00  0.36E+00  0.86E+05  0.15E+02
     ------------------------------------------------------------

     alpha_pv=     34.6947 eV

     Number of occupied bands for each k-point:
     k-point:     1    nbnd_occ=  42
     k-point:     2    nbnd_occ=  42
     k-point:     3    nbnd_occ=  42
     k-point:     4    nbnd_occ=  42
     k-point:     5    nbnd_occ=  42
     k-point:     6    nbnd_occ=  42
     k-point:     7    nbnd_occ=  42
     k-point:     8    nbnd_occ=  42
     k-point:     9    nbnd_occ=  42
     k-point:    10    nbnd_occ=  42
     k-point:    11    nbnd_occ=  42
     k-point:    12    nbnd_occ=  42
     k-point:    13    nbnd_occ=  42
     k-point:    14    nbnd_occ=  42
     k-point:    15    nbnd_occ=  42
     k-point:    16    nbnd_occ=  42


     q-space interpolation up to   110.00 Rydberg

     GIPAW job: efg                                                                             


     ELECTRIC FIELD GRADIENTS TENSORS IN Hartree/bohrradius^2:

     ----- bare term -----
     Cl   1        0.098229        0.200865       -0.016661
     Cl   1        0.200865        0.137042        0.223301
     Cl   1       -0.016661        0.223301       -0.235271

     C    2       -0.086766       -0.127831       -0.210039
     C    2       -0.127831       -0.010637       -0.451537
     C    2       -0.210039       -0.451537        0.097403

     C    3       -0.310272        0.233831       -0.213551
     C    3        0.233831        0.033752       -0.273655
     C    3       -0.213551       -0.273655        0.276521

     H    4       -0.533061       -0.477298        0.079021
     H    4       -0.477298        0.247188        0.051054
     H    4        0.079021        0.051054        0.285873

     C    5        0.055922        0.538410        0.059057
     C    5        0.538410       -0.372711       -0.379026
     C    5        0.059057       -0.379026        0.316789

     H    6        0.014699       -0.398375       -0.278879
     H    6       -0.398375       -0.206804       -0.419764
     H    6       -0.278879       -0.419764        0.192106

     H    7        0.228146        0.124294        0.033490
     H    7        0.124294       -0.501706        0.543247
     H    7        0.033490        0.543247        0.273560

     C    8       -0.740105       -0.312318       -0.332968
     C    8       -0.312318        0.330269        0.083272
     C    8       -0.332968        0.083272        0.409835

     H    9       -0.175841       -0.148069       -0.556574
     H    9       -0.148069        0.092978       -0.117745
     H    9       -0.556574       -0.117745        0.082863

     C   10        0.037115        0.174930       -0.312503
     C   10        0.174930       -0.072898        0.646428
     C   10       -0.312503        0.646428        0.035782

     C   11       -0.632770       -0.461086       -0.221813
     C   11       -0.461086        0.210474        0.192281
     C   11       -0.221813        0.192281        0.422295

     Cl  12        0.067739       -0.062941       -0.015156
     Cl  12       -0.062941       -0.041186       -0.012182
     Cl  12       -0.015156       -0.012182       -0.026553

     H   13       -0.026369        0.120587       -0.378795
     H   13        0.120587       -0.166802       -0.444497
     H   13       -0.378795       -0.444497        0.193171

     C   14       -0.713351        0.366961       -0.162267
     C   14        0.366961        0.256850       -0.109809
     C   14       -0.162267       -0.109809        0.456501

     H   15       -0.484016        0.211212       -0.080895
     H   15        0.211212        0.127518       -0.381919
     H   15       -0.080895       -0.381919        0.356499

     C   16        0.246716        0.028485       -0.175429
     C   16        0.028485       -0.420556       -0.657373
     C   16       -0.175429       -0.657373        0.173840

     C   17       -0.701405        0.400562       -0.382886
     C   17        0.400562        0.240653       -0.075197
     C   17       -0.382886       -0.075197        0.460751

     Cl  18        0.327321       -0.044964       -0.180354
     Cl  18       -0.044964        0.132212       -0.484817
     Cl  18       -0.180354       -0.484817       -0.459533

     H   19        0.463939        0.102199       -0.020409
     H   19        0.102199       -0.813507        0.247116
     H   19       -0.020409        0.247116        0.349569

     C   20       -0.160021        0.077073       -0.308860
     C   20        0.077073        0.071209        0.500844
     C   20       -0.308860        0.500844        0.088812

     H   21       -0.234849        0.437800       -0.310108
     H   21        0.437800       -0.125629        0.076810
     H   21       -0.310108        0.076810        0.360478

     C   22       -0.634815       -0.307132       -0.105300
     C   22       -0.307132        0.243062        0.248516
     C   22       -0.105300        0.248516        0.391753

     C   23       -0.041775        0.258222       -0.363141
     C   23        0.258222        0.045917        0.715170
     C   23       -0.363141        0.715170       -0.004142

     Cl  24       -0.249690       -0.184902       -0.005134
     Cl  24       -0.184902        0.147252        0.023829
     Cl  24       -0.005134        0.023829        0.102438

     ----- ionic term -----
     Cl   1        0.078197       -0.182428       -0.044410
     Cl   1       -0.182428        0.052223        0.044928
     Cl   1       -0.044410        0.044928       -0.130420

     C    2        0.318581       -0.137747        0.144914
     C    2       -0.137747        0.023750        0.387034
     C    2        0.144914        0.387034       -0.342332

     C    3        0.236780       -0.232144        0.063022
     C    3       -0.232144        0.069527        0.447806
     C    3        0.063022        0.447806       -0.306307

     H    4        0.805937        0.218805        0.572542
     H    4        0.218805       -0.518210        0.178542
     H    4        0.572542        0.178542       -0.287727

     C    5        0.376780       -0.219609        0.109300
     C    5       -0.219609       -0.032369        0.374803
     C    5        0.109300        0.374803       -0.344410

     H    6       -0.493695        0.213687        0.150617
     H    6        0.213687        0.513842        0.793843
     H    6        0.150617        0.793843       -0.020147

     H    7       -0.498258       -0.151062        0.061184
     H    7       -0.151062        0.857002       -0.544010
     H    7        0.061184       -0.544010       -0.358744

     C    8        0.334849        0.163087        0.273736
     C    8        0.163087        0.121951       -0.236346
     C    8        0.273736       -0.236346       -0.456800

     H    9        0.456413       -0.252538        0.740002
     H    9       -0.252538       -0.413009       -0.238396
     H    9        0.740002       -0.238396       -0.043404

     C   10        0.120805        0.249234        0.228611
     C   10        0.249234        0.225446       -0.325215
     C   10        0.228611       -0.325215       -0.346252

     C   11        0.168215        0.257966        0.226656
     C   11        0.257966        0.190342       -0.348250
     C   11        0.226656       -0.348250       -0.358557

     Cl  12        0.139146        0.236611       -0.006537
     Cl  12        0.236611        0.025692       -0.012206
     Cl  12       -0.006537       -0.012206       -0.164838

     H   13       -0.418874        0.355363        0.200761
     H   13        0.355363        0.628604        0.690187
     H   13        0.200761        0.690187       -0.209729

     C   14        0.410401       -0.143166        0.131760
     C   14       -0.143166        0.015954        0.331195
     C   14        0.131760        0.331195       -0.426355

     H   15        0.809094        0.374152        0.482090
     H   15        0.374152       -0.412557        0.204976
     H   15        0.482090        0.204976       -0.396537

     C   16        0.171619       -0.148341        0.084968
     C   16       -0.148341        0.159298        0.474516
     C   16        0.084968        0.474516       -0.330917

     C   17        0.255806       -0.124393        0.145043
     C   17       -0.124393        0.041970        0.455949
     C   17        0.145043        0.455949       -0.297776

     Cl  18        0.100498       -0.204756       -0.072792
     Cl  18       -0.204756        0.006593        0.053326
     Cl  18       -0.072792        0.053326       -0.107090

     H   19       -0.498491       -0.115591        0.077446
     H   19       -0.115591        0.696694       -0.666011
     H   19        0.077446       -0.666011       -0.198203

     C   20        0.311411        0.258680        0.224571
     C   20        0.258680        0.053193       -0.286646
     C   20        0.224571       -0.286646       -0.364604

     H   21        0.716251       -0.225644        0.656009
     H   21       -0.225644       -0.451228       -0.194854
     H   21        0.656009       -0.194854       -0.265024

     C   22        0.231442        0.275294        0.157926
     C   22        0.275294        0.166312       -0.356278
     C   22        0.157926       -0.356278       -0.397753

     C   23        0.260350        0.140504        0.261347
     C   23        0.140504        0.128985       -0.344398
     C   23        0.261347       -0.344398       -0.389335

     Cl  24        0.137133        0.191885        0.022492
     Cl  24        0.191885        0.018016       -0.000728
     Cl  24        0.022492       -0.000728       -0.155148

     ----- GIPAW term -----
     Cl   1       -0.551284       -0.421584       -0.159239
     Cl   1       -0.421584       -0.649173       -0.725540
     Cl   1       -0.159239       -0.725540        1.200457

     C    2       -0.048425       -0.048148       -0.032116
     C    2       -0.048148        0.021916       -0.140080
     C    2       -0.032116       -0.140080        0.026509

     C    3       -0.078265        0.114116       -0.107595
     C    3        0.114116        0.080606       -0.127981
     C    3       -0.107595       -0.127981       -0.002341

     H    4       -0.000000        0.000000        0.000000
     H    4        0.000000        0.000000        0.000000
     H    4        0.000000        0.000000        0.000000

     C    5        0.094138        0.245379        0.088619
     C    5        0.245379       -0.020271       -0.008266
     C    5        0.088619       -0.008266       -0.073867

     H    6       -0.000000        0.000000        0.000000
     H    6        0.000000        0.000000        0.000000
     H    6        0.000000        0.000000        0.000000

     H    7       -0.000000        0.000000        0.000000
     H    7        0.000000        0.000000        0.000000
     H    7        0.000000        0.000000        0.000000

     C    8       -0.138005        0.134074       -0.060188
     C    8        0.134074        0.224894       -0.083047
     C    8       -0.060188       -0.083047       -0.086889

     H    9       -0.000000        0.000000        0.000000
     H    9        0.000000        0.000000        0.000000
     H    9        0.000000        0.000000        0.000000

     C   10       -0.071855        0.187640       -0.052996
     C   10        0.187640        0.216974        0.068718
     C   10       -0.052996        0.068718       -0.145119

     C   11       -0.123731        0.075922       -0.001712
     C   11        0.075922        0.214568        0.059262
     C   11       -0.001712        0.059262       -0.090837

     Cl  12       -0.097931        0.762401       -0.051508
     Cl  12        0.762401        2.598061       -0.232180
     Cl  12       -0.051508       -0.232180       -2.500130

     H   13       -0.000000        0.000000        0.000000
     H   13        0.000000        0.000000        0.000000
     H   13        0.000000        0.000000        0.000000

     C   14       -0.105868       -0.090556        0.015079
     C   14       -0.090556        0.159420       -0.002953
     C   14        0.015079       -0.002953       -0.053553

     H   15       -0.000000        0.000000        0.000000
     H   15        0.000000        0.000000        0.000000
     H   15        0.000000        0.000000        0.000000

     C   16       -0.062926       -0.035600       -0.015079
     C   16       -0.035600        0.115924        0.084133
     C   16       -0.015079        0.084133       -0.052998

     C   17       -0.070477        0.084553        0.030188
     C   17        0.084553        0.075129        0.101820
     C   17        0.030188        0.101820       -0.004652

     Cl  18        0.291121       -0.519342       -0.018756
     Cl  18       -0.519342        0.044801        0.066436
     Cl  18       -0.018756        0.066436       -0.335923

     H   19       -0.000000        0.000000        0.000000
     H   19        0.000000        0.000000        0.000000
     H   19        0.000000        0.000000        0.000000

     C   20       -0.109455        0.072976       -0.037616
     C   20        0.072976        0.256022        0.094536
     C   20       -0.037616        0.094536       -0.146567

     H   21       -0.000000        0.000000        0.000000
     H   21        0.000000        0.000000        0.000000
     H   21        0.000000        0.000000        0.000000

     C   22       -0.195639        0.050886        0.008537
     C   22        0.050886        0.264455        0.085578
     C   22        0.008537        0.085578       -0.068816

     C   23       -0.042804        0.191850       -0.040909
     C   23        0.191850        0.219291        0.143432
     C   23       -0.040909        0.143432       -0.176487

     Cl  24        0.001906        1.877550       -0.086932
     Cl  24        1.877550        1.508375        0.124232
     Cl  24       -0.086932        0.124232       -1.510281

     ----- total EFG -----
     Cl   1       -0.374858       -0.403146       -0.220310
     Cl   1       -0.403146       -0.459908       -0.457311
     Cl   1       -0.220310       -0.457311        0.834766

     C    2        0.183391       -0.313725       -0.097241
     C    2       -0.313725        0.035029       -0.204582
     C    2       -0.097241       -0.204582       -0.218419

     C    3       -0.151757        0.115803       -0.258125
     C    3        0.115803        0.183884        0.046169
     C    3       -0.258125        0.046169       -0.032127

     H    4        0.272876       -0.258492        0.651563
     H    4       -0.258492       -0.271022        0.229597
     H    4        0.651563        0.229597       -0.001854

     C    5        0.526839        0.564181        0.256976
     C    5        0.564181       -0.425351       -0.012489
     C    5        0.256976       -0.012489       -0.101489

     H    6       -0.478996       -0.184687       -0.128261
     H    6       -0.184687        0.307037        0.374079
     H    6       -0.128261        0.374079        0.171959

     H    7       -0.270112       -0.026768        0.094674
     H    7       -0.026768        0.355296       -0.000763
     H    7        0.094674       -0.000763       -0.085184

     C    8       -0.543262       -0.015157       -0.119421
     C    8       -0.015157        0.677115       -0.236121
     C    8       -0.119421       -0.236121       -0.133853

     H    9        0.280571       -0.400607        0.183428
     H    9       -0.400607       -0.320030       -0.356141
     H    9        0.183428       -0.356141        0.039459

     C   10        0.086066        0.611804       -0.136888
     C   10        0.611804        0.369523        0.389932
     C   10       -0.136888        0.389932       -0.455589

     C   11       -0.588286       -0.127198        0.003131
     C   11       -0.127198        0.615384       -0.096708
     C   11        0.003131       -0.096708       -0.027098

     Cl  12        0.108954        0.936071       -0.073201
     Cl  12        0.936071        2.582567       -0.256568
     Cl  12       -0.073201       -0.256568       -2.691521

     H   13       -0.445243        0.475950       -0.178034
     H   13        0.475950        0.461801        0.245691
     H   13       -0.178034        0.245691       -0.016558

     C   14       -0.408818        0.133238       -0.015428
     C   14        0.133238        0.432224        0.218432
     C   14       -0.015428        0.218432       -0.023407

     H   15        0.325077        0.585364        0.401195
     H   15        0.585364       -0.285040       -0.176942
     H   15        0.401195       -0.176942       -0.040038

     C   16        0.355409       -0.155456       -0.105540
     C   16       -0.155456       -0.145335       -0.098724
     C   16       -0.105540       -0.098724       -0.210074

     C   17       -0.516076        0.360722       -0.207655
     C   17        0.360722        0.357753        0.482571
     C   17       -0.207655        0.482571        0.158323

     Cl  18        0.718940       -0.769062       -0.271902
     Cl  18       -0.769062        0.183606       -0.365056
     Cl  18       -0.271902       -0.365056       -0.902546

     H   19       -0.034552       -0.013392        0.057037
     H   19       -0.013392       -0.116813       -0.418895
     H   19        0.057037       -0.418895        0.151365

     C   20        0.041936        0.408729       -0.121905
     C   20        0.408729        0.380424        0.308734
     C   20       -0.121905        0.308734       -0.422359

     H   21        0.481402        0.212155        0.345901
     H   21        0.212155       -0.576856       -0.118044
     H   21        0.345901       -0.118044        0.095454

     C   22       -0.599012        0.019047        0.061163
     C   22        0.019047        0.673829       -0.022183
     C   22        0.061163       -0.022183       -0.074817

     C   23        0.175771        0.590576       -0.142703
     C   23        0.590576        0.394193        0.514204
     C   23       -0.142703        0.514204       -0.569964

     Cl  24       -0.110651        1.884533       -0.069575
     Cl  24        1.884533        1.673643        0.147333
     Cl  24       -0.069575        0.147333       -1.562992

     ----- total EFG (symmetrized) -----
     Cl   1       -0.374858       -0.403146       -0.220310
     Cl   1       -0.403146       -0.459908       -0.457311
     Cl   1       -0.220310       -0.457311        0.834766

     C    2        0.183391       -0.313725       -0.097241
     C    2       -0.313725        0.035029       -0.204582
     C    2       -0.097241       -0.204582       -0.218419

     C    3       -0.151757        0.115803       -0.258125
     C    3        0.115803        0.183884        0.046169
     C    3       -0.258125        0.046169       -0.032127

     H    4        0.272876       -0.258492        0.651563
     H    4       -0.258492       -0.271022        0.229597
     H    4        0.651563        0.229597       -0.001854

     C    5        0.526839        0.564181        0.256976
     C    5        0.564181       -0.425351       -0.012489
     C    5        0.256976       -0.012489       -0.101489

     H    6       -0.478996       -0.184687       -0.128261
     H    6       -0.184687        0.307037        0.374079
     H    6       -0.128261        0.374079        0.171959

     H    7       -0.270112       -0.026768        0.094674
     H    7       -0.026768        0.355296       -0.000763
     H    7        0.094674       -0.000763       -0.085184

     C    8       -0.543262       -0.015157       -0.119421
     C    8       -0.015157        0.677115       -0.236121
     C    8       -0.119421       -0.236121       -0.133853

     H    9        0.280571       -0.400607        0.183428
     H    9       -0.400607       -0.320030       -0.356141
     H    9        0.183428       -0.356141        0.039459

     C   10        0.086066        0.611804       -0.136888
     C   10        0.611804        0.369523        0.389932
     C   10       -0.136888        0.389932       -0.455589

     C   11       -0.588286       -0.127198        0.003131
     C   11       -0.127198        0.615384       -0.096708
     C   11        0.003131       -0.096708       -0.027098

     Cl  12        0.108954        0.936071       -0.073201
     Cl  12        0.936071        2.582567       -0.256568
     Cl  12       -0.073201       -0.256568       -2.691521

     H   13       -0.445243        0.475950       -0.178034
     H   13        0.475950        0.461801        0.245691
     H   13       -0.178034        0.245691       -0.016558

     C   14       -0.408818        0.133238       -0.015428
     C   14        0.133238        0.432224        0.218432
     C   14       -0.015428        0.218432       -0.023407

     H   15        0.325077        0.585364        0.401195
     H   15        0.585364       -0.285040       -0.176942
     H   15        0.401195       -0.176942       -0.040038

     C   16        0.355409       -0.155456       -0.105540
     C   16       -0.155456       -0.145335       -0.098724
     C   16       -0.105540       -0.098724       -0.210074

     C   17       -0.516076        0.360722       -0.207655
     C   17        0.360722        0.357753        0.482571
     C   17       -0.207655        0.482571        0.158323

     Cl  18        0.718940       -0.769062       -0.271902
     Cl  18       -0.769062        0.183606       -0.365056
     Cl  18       -0.271902       -0.365056       -0.902546

     H   19       -0.034552       -0.013392        0.057037
     H   19       -0.013392       -0.116813       -0.418895
     H   19        0.057037       -0.418895        0.151365

     C   20        0.041936        0.408729       -0.121905
     C   20        0.408729        0.380424        0.308734
     C   20       -0.121905        0.308734       -0.422359

     H   21        0.481402        0.212155        0.345901
     H   21        0.212155       -0.576856       -0.118044
     H   21        0.345901       -0.118044        0.095454

     C   22       -0.599012        0.019047        0.061163
     C   22        0.019047        0.673829       -0.022183
     C   22        0.061163       -0.022183       -0.074817

     C   23        0.175771        0.590576       -0.142703
     C   23        0.590576        0.394193        0.514204
     C   23       -0.142703        0.514204       -0.569964

     Cl  24       -0.110651        1.884533       -0.069575
     Cl  24        1.884533        1.673643        0.147333
     Cl  24       -0.069575        0.147333       -1.562992


     NQR/NMR SPECTROSCOPIC PARAMETERS:
     Cl   1    Vxx=   -0.0294    axis=(  0.785449 -0.606989 -0.120976)
     Cl   1    Vyy=   -0.9569    axis=(  0.614828  0.742741  0.265182)
     Cl   1    Vzz=    0.9863    axis=( -0.071109 -0.282666  0.956579)
     Cl   1  Q=        -8.1650 1e-30 m^2  Cq=       -18.9212 MHz  eta= 0.94043

     C    2    Vxx=    0.0021    axis=(  0.507126  0.508742 -0.695705)
     C    2    Vyy=    0.4360    axis=( -0.762553  0.641037 -0.087088)
     C    2    Vzz=   -0.4381    axis=(  0.401668  0.574676  0.713029)
     C    2  Q=         1.0000 1e-30 m^2  Cq=        -1.0293 MHz  eta= 0.99057

     C    3    Vxx=    0.1516    axis=( -0.437338  0.508122  0.741989)
     C    3    Vyy=    0.2306    axis=( -0.457641 -0.836002  0.302764)
     C    3    Vzz=   -0.3822    axis=(  0.774145 -0.207155  0.598152)
     C    3  Q=         1.0000 1e-30 m^2  Cq=        -0.8980 MHz  eta= 0.20650

     H    4    Vxx=   -0.0383    axis=(  0.315782 -0.820593 -0.476349)
     H    4    Vyy=   -0.7663    axis=(  0.533826  0.568696 -0.625792)
     H    4    Vzz=    0.8046    axis=( -0.784418  0.056674 -0.617638)
     H    4  Q=         1.0000 1e-30 m^2  Cq=         1.8904 MHz  eta= 0.90487

     C    5    Vxx=   -0.1321    axis=( -0.126907 -0.284592  0.950212)
     C    5    Vyy=   -0.7123    axis=( -0.440315  0.874564  0.203128)
     C    5    Vzz=    0.8444    axis=( -0.888829 -0.392614 -0.236298)
     C    5  Q=         1.0000 1e-30 m^2  Cq=         1.9839 MHz  eta= 0.68718

     H    6    Vxx=   -0.1396    axis=(  0.049273 -0.629220  0.775664)
     H    6    Vyy=   -0.5239    axis=(  0.980071  0.180092  0.083833)
     H    6    Vzz=    0.6635    axis=( -0.192441  0.756075  0.625553)
     H    6  Q=         1.0000 1e-30 m^2  Cq=         1.5591 MHz  eta= 0.57910

     H    7    Vxx=   -0.0456    axis=(  0.385647  0.027504  0.922236)
     H    7    Vyy=   -0.3109    axis=( -0.921579 -0.036588  0.386463)
     H    7    Vzz=    0.3565    axis=(  0.044372 -0.998952  0.011236)
     H    7  Q=         1.0000 1e-30 m^2  Cq=         0.8376 MHz  eta= 0.74408

     C    8    Vxx=   -0.1605    axis=( -0.297202  0.254084  0.920387)
     C    8    Vyy=   -0.5806    axis=(  0.954726  0.065965  0.290080)
     C    8    Vzz=    0.7411    axis=(  0.012991  0.964930 -0.262185)
     C    8  Q=         1.0000 1e-30 m^2  Cq=         1.7412 MHz  eta= 0.56691

     H    9    Vxx=   -0.0430    axis=(  0.606601  0.130890 -0.784158)
     H    9    Vyy=   -0.6195    axis=( -0.308925 -0.870032 -0.384199)
     H    9    Vzz=    0.6625    axis=( -0.732531  0.475301 -0.487327)
     H    9  Q=         1.0000 1e-30 m^2  Cq=         1.5567 MHz  eta= 0.87023

     C   10    Vxx=   -0.0995    axis=(  0.679435 -0.350295 -0.644718)
     C   10    Vyy=   -0.7949    axis=( -0.454868  0.488370 -0.744708)
     C   10    Vzz=    0.8944    axis=( -0.575729 -0.799242 -0.172478)
     C   10  Q=         1.0000 1e-30 m^2  Cq=         2.1014 MHz  eta= 0.77757

     C   11    Vxx=   -0.0409    axis=( -0.027011  0.140599  0.989698)
     C   11    Vyy=   -0.6017    axis=( -0.994407 -0.104901 -0.012237)
     C   11    Vzz=    0.6426    axis=(  0.102100 -0.984494  0.142646)
     C   11  Q=         1.0000 1e-30 m^2  Cq=         1.5098 MHz  eta= 0.87263

     Cl  12    Vxx=   -0.2053    axis=(  0.948113 -0.317896  0.004891)
     Cl  12    Vyy=   -2.7043    axis=( -0.010479 -0.046619 -0.998858)
     Cl  12    Vzz=    2.9095    axis=(  0.317761  0.946979 -0.047531)
     Cl  12  Q=        -8.1650 1e-30 m^2  Cq=       -55.8182 MHz  eta= 0.85889

     H   13    Vxx=    0.0426    axis=( -0.405027 -0.074234  0.911286)
     H   13    Vyy=    0.7020    axis=(  0.342999  0.911568  0.226705)
     H   13    Vzz=   -0.7445    axis=( -0.847529  0.404391 -0.343747)
     H   13  Q=         1.0000 1e-30 m^2  Cq=        -1.7494 MHz  eta= 0.88569

     C   14    Vxx=   -0.0989    axis=( -0.188969 -0.332592  0.923944)
     C   14    Vyy=   -0.4360    axis=(  0.974025 -0.183025  0.133328)
     C   14    Vzz=    0.5348    axis=(  0.124761  0.925140  0.358540)
     C   14  Q=         1.0000 1e-30 m^2  Cq=         1.2567 MHz  eta= 0.63025

     H   15    Vxx=    0.0478    axis=( -0.057597 -0.545695  0.836002)
     H   15    Vyy=    0.7682    axis=(  0.847630  0.415689  0.329737)
     H   15    Vzz=   -0.8160    axis=( -0.527453  0.727612  0.438605)
     H   15  Q=         1.0000 1e-30 m^2  Cq=        -1.9174 MHz  eta= 0.88280

     C   16    Vxx=   -0.0807    axis=( -0.107037 -0.746300  0.656947)
     C   16    Vyy=   -0.3283    axis=( -0.255275 -0.617965 -0.743608)
     C   16    Vzz=    0.4091    axis=( -0.960925  0.247296  0.124367)
     C   16  Q=         1.0000 1e-30 m^2  Cq=         0.9612 MHz  eta= 0.60532

     C   17    Vxx=    0.0282    axis=( -0.556564 -0.430954  0.710293)
     C   17    Vyy=    0.7702    axis=(  0.129512  0.799489  0.586553)
     C   17    Vzz=   -0.7985    axis=( -0.820648  0.418446 -0.389153)
     C   17  Q=         1.0000 1e-30 m^2  Cq=        -1.8761 MHz  eta= 0.92925

     Cl  18    Vxx=   -0.1038    axis=(  0.500410  0.710335 -0.494989)
     Cl  18    Vyy=   -1.1618    axis=(  0.289733  0.401364  0.868885)
     Cl  18    Vzz=    1.2656    axis=( -0.815870  0.578214  0.004961)
     Cl  18  Q=        -8.1650 1e-30 m^2  Cq=       -24.2805 MHz  eta= 0.83599

     H   19    Vxx=   -0.0391    axis=(  0.992404  0.111310 -0.052387)
     H   19    Vyy=   -0.4239    axis=( -0.058979  0.804191  0.591437)
     H   19    Vzz=    0.4630    axis=(  0.107962 -0.583855  0.804648)
     H   19  Q=         1.0000 1e-30 m^2  Cq=         1.0878 MHz  eta= 0.83124

     C   20    Vxx=   -0.0536    axis=( -0.769689  0.340869  0.539802)
     C   20    Vyy=   -0.6347    axis=(  0.395410 -0.409303  0.822267)
     C   20    Vzz=    0.6882    axis=(  0.501228  0.846333  0.180253)
     C   20  Q=         1.0000 1e-30 m^2  Cq=         1.6171 MHz  eta= 0.84430

     H   21    Vxx=   -0.0305    axis=( -0.422976 -0.345276  0.837780)
     H   21    Vyy=   -0.6664    axis=( -0.250279  0.933108  0.258204)
     H   21    Vzz=    0.6970    axis=( -0.870891 -0.100465 -0.481098)
     H   21  Q=         1.0000 1e-30 m^2  Cq=         1.6376 MHz  eta= 0.91238

     C   22    Vxx=   -0.0683    axis=(  0.115395  0.026719  0.992960)
     C   22    Vyy=   -0.6064    axis=( -0.993227  0.016769  0.114975)
     C   22    Vzz=    0.6747    axis=( -0.013579 -0.999502  0.028473)
     C   22  Q=         1.0000 1e-30 m^2  Cq=         1.5853 MHz  eta= 0.79753

     C   23    Vxx=   -0.0204    axis=( -0.744591  0.379945  0.548841)
     C   23    Vyy=   -0.9326    axis=(  0.354942 -0.470984  0.807583)
     C   23    Vzz=    0.9530    axis=(  0.565332  0.796126  0.215832)
     C   23  Q=         1.0000 1e-30 m^2  Cq=         2.2391 MHz  eta= 0.95719

     Cl  24    Vxx=   -1.2445    axis=( -0.780840  0.484350  0.394581)
     Cl  24    Vyy=   -1.6238    axis=(  0.323926 -0.226174  0.918650)
     Cl  24    Vzz=    2.8683    axis=( -0.534192 -0.845133 -0.019712)
     Cl  24  Q=        -8.1650 1e-30 m^2  Cq=       -55.0261 MHz  eta= 0.13225

     Initialization:
     gipaw_setup  :      9.43s CPU     11.22s WALL (       1 calls)

     Linear response

     Apply operators

     Induced current

     Other routines
     efg          :      9.46s CPU     12.31s WALL (       1 calls)

     General routines
     calbec       :      3.40s CPU      4.67s WALL (      16 calls)
     fft          :      1.72s CPU      2.79s WALL (      15 calls)
     ffts         :      0.03s CPU      0.04s WALL (       2 calls)
     fftw         :      3.34s CPU      4.29s WALL (     672 calls)
     davcio       :      0.01s CPU      0.34s WALL (      32 calls)

     Parallel routines
     fft_scatter  :      2.54s CPU      4.31s WALL (     689 calls)

     Plugins

     GIPAW        :     62.37s CPU     74.76s WALL (       1 calls)
