
     Program QE v.6.0 (svn rev. 13079) starts on 11Jan2017 at 15:31:31 

     This program is part of the open-source Quantum ESPRESSO suite
     for quantum simulation of materials; please cite
         "P. Giannozzi et al., J. Phys.:Condens. Matter 21 395502 (2009);
          URL http://www.quantum-espresso.org", 
     in publications or presentations arising from this work. More details at
     http://www.quantum-espresso.org/quote

     Parallel version (MPI), running on     8 processors
     R & G space division:  proc/nbgrp/npool/nimage =       8

     ***** This is GIPAW svn revision unknown      *****

     Parallelizing q-star over 1 images

     Reading data from directory:
     /users/majewski/paradichlorobenzene/pbe/9_constraint/scratch/pbe.ecut100.np8.dt60.pcl2phi-129368.save
     Message from routine read_xml_file:
     file /users/majewski/paradichlorobenzene/pbe/9_constraint/scratch/pbe.ecut100.np8.dt60.pcl2phi-129368.save not guaranteed to be safe for post-processing

   Info: using nr1, nr2, nr3 values from input

   Info: using nr1, nr2, nr3 values from input

     IMPORTANT: XC functional enforced from input :
     Exchange-correlation      =  SLA  PW   PBX  PBC ( 1  4  3  4 0 0)
     Any further DFT definition will be discarded
     Please, verify this is what you really want

               file C.pbe-n-kjpaw_psl.1.0.0.UPF: wavefunction(s)  2S 2P renormalized
               file Cl.pbe-n-kjpaw_psl.1.0.0.UPF: wavefunction(s)  3S 3P renormalized
               file H.pbe-kjpaw_psl.1.0.0.UPF: wavefunction(s)  1S renormalized

     Parallelization info
     --------------------
     sticks:   dense  smooth     PW     G-vecs:    dense   smooth      PW
     Min        3057    1223    332               144436    36536    5170
     Max        3059    1225    333               144437    36537    5171
     Sum       24467    9791   2657              1155489   292295   41363


     Subspace diagonalization in iterative solution of the eigenvalue problem:
     a serial algorithm will be used

     GIPAW projectors -----------------------------------------------
     atom=  C    l=0  rc=    1.2000  rs=    0.8000
     atom=  C    l=0  rc=    1.2000  rs=    0.8000
     atom=  C    l=1  rc=    1.4000  rs=    0.9333
     atom=  C    l=1  rc=    1.4000  rs=    0.9333
     projs nearly linearly dependent: l=1  n1,n2= 1, 2  s=  0.99951561

     atom=  Cl   l=0  rc=    1.6000  rs=    1.0667
     atom=  Cl   l=0  rc=    1.6000  rs=    1.0667
     atom=  Cl   l=1  rc=    1.6000  rs=    1.0667
     atom=  Cl   l=1  rc=    1.6000  rs=    1.0667
     atom=  Cl   l=2  rc=    1.6000  rs=    1.0667
     atom=  Cl   l=2  rc=    1.6000  rs=    1.0667
     projs nearly linearly dependent: l=2  n1,n2= 1, 2  s=  0.99993509

     atom=  H    l=0  rc=    1.0000  rs=    0.6667
     atom=  H    l=0  rc=    1.0000  rs=    0.6667
     projs nearly linearly dependent: l=0  n1,n2= 1, 2  s=  0.99968852
     -----------------------------------------------------------------

     GIPAW integrals: -------------------------------------------
     Atom  i/j   nmr_para   nmr_dia   epr_rmc  epr_para   epr_dia
       C   1 1   0.83E+03  0.17E-01  0.93E+01  0.24E+08  0.24E+03
       C   2 1   0.86E+03 -0.61E-01  0.94E+01  0.25E+08  0.25E+03
       C   2 2   0.90E+03 -0.15E+00  0.97E+01  0.26E+08  0.26E+03
       C   3 3   0.33E+01  0.34E+00  0.18E+01  0.55E+03  0.21E+02
       C   4 3   0.35E+01  0.37E+00  0.20E+01  0.59E+03  0.22E+02
       C   4 4   0.38E+01  0.39E+00  0.22E+01  0.63E+03  0.24E+02
       Cl  1 1   0.14E+04 -0.47E+00  0.84E+01  0.32E+09  0.42E+03
       Cl  2 1   0.21E+04 -0.37E+00  0.12E+02  0.49E+09  0.65E+03
       Cl  2 2   0.33E+04 -0.16E+00  0.21E+02  0.76E+09  0.10E+04
       Cl  3 3   0.21E+02  0.79E-01  0.89E+01  0.23E+05  0.13E+03
       Cl  4 3   0.24E+02  0.67E-01  0.99E+01  0.27E+05  0.15E+03
       Cl  4 4   0.28E+02  0.44E-01  0.11E+02  0.32E+05  0.18E+03
       Cl  5 5   0.77E+00  0.19E+00  0.18E+01  0.12E+03  0.22E+02
       Cl  6 5   0.80E+00  0.19E+00  0.19E+01  0.12E+03  0.23E+02
       Cl  6 6   0.83E+00  0.20E+00  0.19E+01  0.12E+03  0.23E+02
       H   1 1   0.39E+02  0.19E+00  0.29E+00  0.78E+05  0.13E+02
       H   2 1   0.41E+02  0.21E+00  0.32E+00  0.82E+05  0.14E+02
       H   2 2   0.43E+02  0.22E+00  0.36E+00  0.86E+05  0.15E+02
     ------------------------------------------------------------

     alpha_pv=     34.1732 eV

     Number of occupied bands for each k-point:
     k-point:     1    nbnd_occ=  42
     k-point:     2    nbnd_occ=  42
     k-point:     3    nbnd_occ=  42
     k-point:     4    nbnd_occ=  42
     k-point:     5    nbnd_occ=  42
     k-point:     6    nbnd_occ=  42
     k-point:     7    nbnd_occ=  42
     k-point:     8    nbnd_occ=  42
     k-point:     9    nbnd_occ=  42
     k-point:    10    nbnd_occ=  42
     k-point:    11    nbnd_occ=  42
     k-point:    12    nbnd_occ=  42
     k-point:    13    nbnd_occ=  42
     k-point:    14    nbnd_occ=  42
     k-point:    15    nbnd_occ=  42
     k-point:    16    nbnd_occ=  42


     q-space interpolation up to   110.00 Rydberg

     GIPAW job: efg                                                                             


     ELECTRIC FIELD GRADIENTS TENSORS IN Hartree/bohrradius^2:

     ----- bare term -----
     Cl   1        0.100527       -0.024487        0.073472
     Cl   1       -0.024487       -0.018495        0.237609
     Cl   1        0.073472        0.237609       -0.082033

     C    2       -0.404820        0.224959       -0.416341
     C    2        0.224959        0.140884       -0.340743
     C    2       -0.416341       -0.340743        0.263936

     C    3        0.038600        0.533022       -0.132777
     C    3        0.533022       -0.343567       -0.546225
     C    3       -0.132777       -0.546225        0.304967

     H    4       -0.089194       -0.178760       -0.381064
     H    4       -0.178760        0.429987        0.031369
     H    4       -0.381064        0.031369       -0.340793

     C    5       -0.751727        0.263868       -0.381638
     C    5        0.263868        0.187674       -0.099943
     C    5       -0.381638       -0.099943        0.564053

     H    6        0.188262        0.055083       -0.115231
     H    6        0.055083       -0.426049       -0.529639
     H    6       -0.115231       -0.529639        0.237787

     H    7        0.316981        0.354868        0.124336
     H    7        0.354868       -0.596597       -0.181206
     H    7        0.124336       -0.181206        0.279616

     C    8       -0.204531       -0.086854       -0.226912
     C    8       -0.086854       -0.073108        0.371369
     C    8       -0.226912        0.371369        0.277639

     H    9       -0.215994        0.320370        0.182849
     H    9        0.320370        0.035275       -0.155081
     H    9        0.182849       -0.155081        0.180720

     C   10        0.050279       -0.070624        0.213296
     C   10       -0.070624       -0.088415       -0.123062
     C   10        0.213296       -0.123062        0.038136

     C   11       -0.178313        0.130806       -0.255246
     C   11        0.130806       -0.007429        0.605367
     C   11       -0.255246        0.605367        0.185741

     Cl  12        0.144523       -0.192665       -0.036403
     Cl  12       -0.192665        0.199515       -0.222583
     Cl  12       -0.036403       -0.222583       -0.344039

     H   13        0.407736       -0.168989       -0.159141
     H   13       -0.168989       -0.318062       -0.616366
     H   13       -0.159141       -0.616366       -0.089673

     C   14       -0.138955       -0.081014       -0.402978
     C   14       -0.081014       -0.228217       -0.321710
     C   14       -0.402978       -0.321710        0.367172

     H   15        0.086970       -0.124993       -0.350341
     H   15       -0.124993        0.373598       -0.416079
     H   15       -0.350341       -0.416079       -0.460568

     C   16       -0.470311        0.311952       -0.336665
     C   16        0.311952        0.040615       -0.054839
     C   16       -0.336665       -0.054839        0.429695

     C   17        0.016936        0.103862       -0.177487
     C   17        0.103862       -0.547041       -0.315609
     C   17       -0.177487       -0.315609        0.530105

     Cl  18       -0.183273        0.143452        0.028955
     Cl  18        0.143452       -0.053559        0.124956
     Cl  18        0.028955        0.124956        0.236832

     H   19        0.038216        0.344171        0.167670
     H   19        0.344171       -0.400471        0.272437
     H   19        0.167670        0.272437        0.362255

     C   20       -0.488485       -0.326464       -0.446613
     C   20       -0.326464       -0.001368        0.045114
     C   20       -0.446613        0.045114        0.489853

     H   21       -0.490876        0.201108        0.257932
     H   21        0.201108        0.326166        0.101613
     H   21        0.257932        0.101613        0.164710

     C   22        0.086847        0.000689       -0.107809
     C   22        0.000689       -0.502151        0.342172
     C   22       -0.107809        0.342172        0.415304

     C   23       -0.760982       -0.220452       -0.252625
     C   23       -0.220452        0.176371        0.074476
     C   23       -0.252625        0.074476        0.584611

     Cl  24       -0.011538       -0.005468        0.069021
     Cl  24       -0.005468        0.035939        0.040490
     Cl  24        0.069021        0.040490       -0.024401

     ----- ionic term -----
     Cl   1        0.108131       -0.191475        0.083959
     Cl   1       -0.191475        0.033160       -0.054890
     Cl   1        0.083959       -0.054890       -0.141291

     C    2        0.040889       -0.199205        0.407820
     C    2       -0.199205        0.132976        0.316798
     C    2        0.407820        0.316798       -0.173865

     C    3        0.076639       -0.323658        0.284952
     C    3       -0.323658        0.188643        0.304313
     C    3        0.284952        0.304313       -0.265282

     H    4        0.349016        0.207329        0.780242
     H    4        0.207329       -0.427899        0.241482
     H    4        0.780242        0.241482        0.078883

     C    5        0.203516       -0.287887        0.351488
     C    5       -0.287887        0.060064        0.239129
     C    5        0.351488        0.239129       -0.263580

     H    6       -0.500377       -0.055026       -0.028823
     H    6       -0.055026        0.617312        0.707997
     H    6       -0.028823        0.707997       -0.116935

     H    7       -0.492605       -0.288302        0.060600
     H    7       -0.288302        0.904226       -0.483343
     H    7        0.060600       -0.483343       -0.411620

     C    8        0.473953       -0.009037       -0.063460
     C    8       -0.009037        0.100037       -0.270655
     C    8       -0.063460       -0.270655       -0.573990

     H    9        0.876756       -0.488651        0.184864
     H    9       -0.488651       -0.303933       -0.115499
     H    9        0.184864       -0.115499       -0.572823

     C   10        0.246985        0.104160       -0.071067
     C   10        0.104160        0.274333       -0.344446
     C   10       -0.071067       -0.344446       -0.521318

     C   11        0.238835        0.048742        0.009511
     C   11        0.048742        0.276395       -0.333191
     C   11        0.009511       -0.333191       -0.515230

     Cl  12        0.100076        0.176680       -0.055999
     Cl  12        0.176680        0.029236       -0.041800
     Cl  12       -0.055999       -0.041800       -0.129312

     H   13       -0.485629        0.230635        0.164503
     H   13        0.230635        0.643059        0.669004
     H   13        0.164503        0.669004       -0.157430

     C   14        0.162167       -0.149208        0.413584
     C   14       -0.149208        0.042947        0.264745
     C   14        0.413584        0.264745       -0.205114

     H   15        0.507799        0.350625        0.676143
     H   15        0.350625       -0.379445        0.294302
     H   15        0.676143        0.294302       -0.128354

     C   16        0.090720       -0.256713        0.232070
     C   16       -0.256713        0.194858        0.337213
     C   16        0.232070        0.337213       -0.285579

     C   17        0.176207       -0.250220        0.275847
     C   17       -0.250220        0.065685        0.373653
     C   17        0.275847        0.373653       -0.241891

     Cl  18        0.180147       -0.213960        0.001869
     Cl  18       -0.213960       -0.022932        0.006072
     Cl  18        0.001869        0.006072       -0.157215

     H   19       -0.489017       -0.234469        0.083911
     H   19       -0.234469        0.830753       -0.554053
     H   19        0.083911       -0.554053       -0.341736

     C   20        0.363150        0.097163       -0.003308
     C   20        0.097163        0.146020       -0.295615
     C   20       -0.003308       -0.295615       -0.509170

     H   21        0.902616       -0.408067        0.281714
     H   21       -0.408067       -0.376930       -0.158728
     H   21        0.281714       -0.158728       -0.525687

     C   22        0.249660        0.157605       -0.012554
     C   22        0.157605        0.204256       -0.398309
     C   22       -0.012554       -0.398309       -0.453916

     C   23        0.406417       -0.039673        0.012599
     C   23       -0.039673        0.097157       -0.328661
     C   23        0.012599       -0.328661       -0.503574

     Cl  24        0.142753        0.198233       -0.029872
     Cl  24        0.198233       -0.011033       -0.015789
     Cl  24       -0.029872       -0.015789       -0.131720

     ----- GIPAW term -----
     Cl   1       -0.223794       -0.431293       -0.752778
     Cl   1       -0.431293        0.041241       -1.385887
     Cl   1       -0.752778       -1.385887        0.182553

     C    2       -0.044894       -0.016038       -0.068489
     C    2       -0.016038        0.154014       -0.030885
     C    2       -0.068489       -0.030885       -0.109120

     C    3        0.062336        0.193193       -0.035315
     C    3        0.193193       -0.029392       -0.093569
     C    3       -0.035315       -0.093569       -0.032944

     H    4       -0.000000        0.000000        0.000000
     H    4        0.000000        0.000000        0.000000
     H    4        0.000000        0.000000        0.000000

     C    5       -0.181983        0.082970        0.026230
     C    5        0.082970        0.023461        0.123491
     C    5        0.026230        0.123491        0.158522

     H    6       -0.000000        0.000000        0.000000
     H    6        0.000000        0.000000        0.000000
     H    6        0.000000        0.000000        0.000000

     H    7       -0.000000        0.000000        0.000000
     H    7        0.000000        0.000000        0.000000
     H    7        0.000000        0.000000        0.000000

     C    8       -0.087613       -0.058086       -0.060748
     C    8       -0.058086        0.054083        0.199728
     C    8       -0.060748        0.199728        0.033530

     H    9       -0.000000        0.000000        0.000000
     H    9        0.000000        0.000000        0.000000
     H    9        0.000000        0.000000        0.000000

     C   10        0.015863        0.009317        0.025141
     C   10        0.009317        0.006412       -0.029673
     C   10        0.025141       -0.029673       -0.022275

     C   11       -0.084431        0.073576       -0.041005
     C   11        0.073576        0.033657        0.220086
     C   11       -0.041005        0.220086        0.050774

     Cl  12       -0.405677        0.408039       -0.139950
     Cl  12        0.408039       -0.628327        0.413752
     Cl  12       -0.139950        0.413752        1.034004

     H   13       -0.000000        0.000000        0.000000
     H   13        0.000000        0.000000        0.000000
     H   13        0.000000        0.000000        0.000000

     C   14       -0.052870       -0.112071       -0.157566
     C   14       -0.112071       -0.075317        0.085045
     C   14       -0.157566        0.085045        0.128188

     H   15       -0.000000        0.000000        0.000000
     H   15        0.000000        0.000000        0.000000
     H   15        0.000000        0.000000        0.000000

     C   16       -0.155965       -0.000320       -0.131077
     C   16       -0.000320       -0.062460        0.082259
     C   16       -0.131077        0.082259        0.218425

     C   17       -0.076185       -0.056800       -0.007780
     C   17       -0.056800       -0.180468        0.035992
     C   17       -0.007780        0.035992        0.256653

     Cl  18       -0.621139       -1.080816        0.540112
     Cl  18       -1.080816       -0.575069        1.737437
     Cl  18        0.540112        1.737437        1.196207

     H   19       -0.000000        0.000000        0.000000
     H   19        0.000000        0.000000        0.000000
     H   19        0.000000        0.000000        0.000000

     C   20       -0.006351        0.080327       -0.186386
     C   20        0.080327       -0.025079       -0.118633
     C   20       -0.186386       -0.118633        0.031430

     H   21       -0.000000        0.000000        0.000000
     H   21        0.000000        0.000000        0.000000
     H   21        0.000000        0.000000        0.000000

     C   22       -0.057060        0.046606       -0.075967
     C   22        0.046606       -0.109449       -0.080748
     C   22       -0.075967       -0.080748        0.166510

     C   23       -0.176956        0.023568        0.004366
     C   23        0.023568       -0.023723       -0.149032
     C   23        0.004366       -0.149032        0.200679

     Cl  24       -0.377231        1.502659       -0.950362
     Cl  24        1.502659       -1.326001       -0.241400
     Cl  24       -0.950362       -0.241400        1.703232

     ----- total EFG -----
     Cl   1       -0.015136       -0.647255       -0.595347
     Cl   1       -0.647255        0.055907       -1.203168
     Cl   1       -0.595347       -1.203168       -0.040770

     C    2       -0.408825        0.009716       -0.077010
     C    2        0.009716        0.427874       -0.054830
     C    2       -0.077010       -0.054830       -0.019048

     C    3        0.177575        0.402557        0.116860
     C    3        0.402557       -0.184316       -0.335480
     C    3        0.116860       -0.335480        0.006741

     H    4        0.259822        0.028570        0.399178
     H    4        0.028570        0.002088        0.272851
     H    4        0.399178        0.272851       -0.261910

     C    5       -0.730194        0.058950       -0.003919
     C    5        0.058950        0.271199        0.262677
     C    5       -0.003919        0.262677        0.458995

     H    6       -0.312114        0.000057       -0.144054
     H    6        0.000057        0.191262        0.178358
     H    6       -0.144054        0.178358        0.120852

     H    7       -0.175624        0.066567        0.184936
     H    7        0.066567        0.307629       -0.664549
     H    7        0.184936       -0.664549       -0.132005

     C    8        0.181809       -0.153978       -0.351120
     C    8       -0.153978        0.081012        0.300442
     C    8       -0.351120        0.300442       -0.262821

     H    9        0.660761       -0.168281        0.367713
     H    9       -0.168281       -0.268658       -0.270580
     H    9        0.367713       -0.270580       -0.392103

     C   10        0.313127        0.042853        0.167370
     C   10        0.042853        0.192330       -0.497181
     C   10        0.167370       -0.497181       -0.505457

     C   11       -0.023909        0.253123       -0.286739
     C   11        0.253123        0.302623        0.492262
     C   11       -0.286739        0.492262       -0.278714

     Cl  12       -0.161078        0.392053       -0.232353
     Cl  12        0.392053       -0.399576        0.149369
     Cl  12       -0.232353        0.149369        0.560654

     H   13       -0.077893        0.061647        0.005361
     H   13        0.061647        0.324997        0.052638
     H   13        0.005361        0.052638       -0.247103

     C   14       -0.029658       -0.342293       -0.146961
     C   14       -0.342293       -0.260587        0.028081
     C   14       -0.146961        0.028081        0.290245

     H   15        0.594770        0.225632        0.325803
     H   15        0.225632       -0.005847       -0.121778
     H   15        0.325803       -0.121778       -0.588922

     C   16       -0.535555        0.054918       -0.235672
     C   16        0.054918        0.173014        0.364633
     C   16       -0.235672        0.364633        0.362541

     C   17        0.116957       -0.203158        0.090580
     C   17       -0.203158       -0.661824        0.094036
     C   17        0.090580        0.094036        0.544867

     Cl  18       -0.624265       -1.151325        0.570936
     Cl  18       -1.151325       -0.651560        1.868464
     Cl  18        0.570936        1.868464        1.275825

     H   19       -0.450801        0.109702        0.251581
     H   19        0.109702        0.430281       -0.281616
     H   19        0.251581       -0.281616        0.020519

     C   20       -0.131687       -0.148975       -0.636306
     C   20       -0.148975        0.119573       -0.369134
     C   20       -0.636306       -0.369134        0.012114

     H   21        0.411740       -0.206959        0.539646
     H   21       -0.206959       -0.050763       -0.057115
     H   21        0.539646       -0.057115       -0.360976

     C   22        0.279447        0.204900       -0.196329
     C   22        0.204900       -0.407344       -0.136885
     C   22       -0.196329       -0.136885        0.127897

     C   23       -0.531522       -0.236557       -0.235660
     C   23       -0.236557        0.249805       -0.403217
     C   23       -0.235660       -0.403217        0.281717

     Cl  24       -0.246017        1.695424       -0.911213
     Cl  24        1.695424       -1.301094       -0.216698
     Cl  24       -0.911213       -0.216698        1.547111

     ----- total EFG (symmetrized) -----
     Cl   1       -0.015136       -0.647255       -0.595347
     Cl   1       -0.647255        0.055907       -1.203168
     Cl   1       -0.595347       -1.203168       -0.040770

     C    2       -0.408825        0.009716       -0.077010
     C    2        0.009716        0.427874       -0.054830
     C    2       -0.077010       -0.054830       -0.019048

     C    3        0.177575        0.402557        0.116860
     C    3        0.402557       -0.184316       -0.335480
     C    3        0.116860       -0.335480        0.006741

     H    4        0.259822        0.028570        0.399178
     H    4        0.028570        0.002088        0.272851
     H    4        0.399178        0.272851       -0.261910

     C    5       -0.730194        0.058950       -0.003919
     C    5        0.058950        0.271199        0.262677
     C    5       -0.003919        0.262677        0.458995

     H    6       -0.312114        0.000057       -0.144054
     H    6        0.000057        0.191262        0.178358
     H    6       -0.144054        0.178358        0.120852

     H    7       -0.175624        0.066567        0.184936
     H    7        0.066567        0.307629       -0.664549
     H    7        0.184936       -0.664549       -0.132005

     C    8        0.181809       -0.153978       -0.351120
     C    8       -0.153978        0.081012        0.300442
     C    8       -0.351120        0.300442       -0.262821

     H    9        0.660761       -0.168281        0.367713
     H    9       -0.168281       -0.268658       -0.270580
     H    9        0.367713       -0.270580       -0.392103

     C   10        0.313127        0.042853        0.167370
     C   10        0.042853        0.192330       -0.497181
     C   10        0.167370       -0.497181       -0.505457

     C   11       -0.023909        0.253123       -0.286739
     C   11        0.253123        0.302623        0.492262
     C   11       -0.286739        0.492262       -0.278714

     Cl  12       -0.161078        0.392053       -0.232353
     Cl  12        0.392053       -0.399576        0.149369
     Cl  12       -0.232353        0.149369        0.560654

     H   13       -0.077893        0.061647        0.005361
     H   13        0.061647        0.324997        0.052638
     H   13        0.005361        0.052638       -0.247103

     C   14       -0.029658       -0.342293       -0.146961
     C   14       -0.342293       -0.260587        0.028081
     C   14       -0.146961        0.028081        0.290245

     H   15        0.594770        0.225632        0.325803
     H   15        0.225632       -0.005847       -0.121778
     H   15        0.325803       -0.121778       -0.588922

     C   16       -0.535555        0.054918       -0.235672
     C   16        0.054918        0.173014        0.364633
     C   16       -0.235672        0.364633        0.362541

     C   17        0.116957       -0.203158        0.090580
     C   17       -0.203158       -0.661824        0.094036
     C   17        0.090580        0.094036        0.544867

     Cl  18       -0.624265       -1.151325        0.570936
     Cl  18       -1.151325       -0.651560        1.868464
     Cl  18        0.570936        1.868464        1.275825

     H   19       -0.450801        0.109702        0.251581
     H   19        0.109702        0.430281       -0.281616
     H   19        0.251581       -0.281616        0.020519

     C   20       -0.131687       -0.148975       -0.636306
     C   20       -0.148975        0.119573       -0.369134
     C   20       -0.636306       -0.369134        0.012114

     H   21        0.411740       -0.206959        0.539646
     H   21       -0.206959       -0.050763       -0.057115
     H   21        0.539646       -0.057115       -0.360976

     C   22        0.279447        0.204900       -0.196329
     C   22        0.204900       -0.407344       -0.136885
     C   22       -0.196329       -0.136885        0.127897

     C   23       -0.531522       -0.236557       -0.235660
     C   23       -0.236557        0.249805       -0.403217
     C   23       -0.235660       -0.403217        0.281717

     Cl  24       -0.246017        1.695424       -0.911213
     Cl  24        1.695424       -1.301094       -0.216698
     Cl  24       -0.911213       -0.216698        1.547111


     NQR/NMR SPECTROSCOPIC PARAMETERS:
     Cl   1    Vxx=    0.4491    axis=( -0.880608  0.280123  0.382179)
     Cl   1    Vyy=    1.2149    axis=(  0.059551 -0.734726  0.675745)
     Cl   1    Vzz=   -1.6641    axis=( -0.470089 -0.617825 -0.630324)
     Cl   1  Q=        -8.1650 1e-30 m^2  Cq=        31.9246 MHz  eta= 0.46020

     C    2    Vxx=   -0.0114    axis=( -0.185780  0.125736  0.974513)
     C    2    Vyy=   -0.4235    axis=(  0.982329  0.000843  0.187161)
     C    2    Vzz=    0.4349    axis=(  0.022711  0.992063 -0.123671)
     C    2  Q=         1.0000 1e-30 m^2  Cq=         1.0219 MHz  eta= 0.94739

     C    3    Vxx=    0.1729    axis=(  0.479460 -0.249745  0.841276)
     C    3    Vyy=    0.4600    axis=(  0.756370  0.603719 -0.251848)
     C    3    Vzz=   -0.6329    axis=( -0.444997  0.757067  0.478359)
     C    3  Q=         1.0000 1e-30 m^2  Cq=        -1.4871 MHz  eta= 0.45353

     H    4    Vxx=    0.0445    axis=(  0.455085 -0.871418 -0.183109)
     H    4    Vyy=    0.5265    axis=(  0.800529  0.310335  0.512685)
     H    4    Vzz=   -0.5710    axis=( -0.389938 -0.379900  0.838824)
     H    4  Q=         1.0000 1e-30 m^2  Cq=        -1.3417 MHz  eta= 0.84414

     C    5    Vxx=    0.0892    axis=(  0.061322  0.813998 -0.577622)
     C    5    Vyy=    0.6447    axis=(  0.022431  0.577441  0.816124)
     C    5    Vzz=   -0.7340    axis=( -0.997866  0.063003 -0.017151)
     C    5  Q=         1.0000 1e-30 m^2  Cq=        -1.7246 MHz  eta= 0.75683

     H    6    Vxx=    0.0099    axis=( -0.303970 -0.667986  0.679262)
     H    6    Vyy=    0.3511    axis=( -0.143408  0.736959  0.660549)
     H    6    Vzz=   -0.3610    axis=( -0.941826  0.103376 -0.319808)
     H    6  Q=         1.0000 1e-30 m^2  Cq=        -0.8483 MHz  eta= 0.94505

     H    7    Vxx=   -0.1081    axis=(  0.934894  0.251161  0.250781)
     H    7    Vyy=   -0.6828    axis=( -0.350213  0.538011  0.766743)
     H    7    Vzz=    0.7909    axis=(  0.057653 -0.804650  0.590944)
     H    7  Q=         1.0000 1e-30 m^2  Cq=         1.8583 MHz  eta= 0.72656

     C    8    Vxx=   -0.0291    axis=(  0.633456  0.772660  0.041583)
     C    8    Vyy=   -0.5249    axis=(  0.357910 -0.340227  0.869567)
     C    8    Vzz=    0.5539    axis=(  0.686028 -0.535949 -0.492061)
     C    8  Q=         1.0000 1e-30 m^2  Cq=         1.3016 MHz  eta= 0.89510

     H    9    Vxx=   -0.1924    axis=(  0.356172  0.817769 -0.452101)
     H    9    Vyy=   -0.6388    axis=( -0.166174  0.531551  0.830566)
     H    9    Vzz=    0.8312    axis=(  0.919526 -0.220697  0.325215)
     H    9  Q=         1.0000 1e-30 m^2  Cq=         1.9530 MHz  eta= 0.53715

     C   10    Vxx=    0.3267    axis=(  0.943442  0.331435 -0.008268)
     C   10    Vyy=    0.4629    axis=( -0.295155  0.828287 -0.476261)
     C   10    Vzz=   -0.7897    axis=( -0.151002  0.451765  0.879265)
     C   10  Q=         1.0000 1e-30 m^2  Cq=        -1.8554 MHz  eta= 0.17251

     C   11    Vxx=    0.1575    axis=( -0.875077 -0.088005  0.475915)
     C   11    Vyy=    0.5957    axis=( -0.153842 -0.881750 -0.445925)
     C   11    Vzz=   -0.7532    axis=(  0.458882 -0.463434  0.758061)
     C   11  Q=         1.0000 1e-30 m^2  Cq=        -1.7698 MHz  eta= 0.58182

     Cl  12    Vxx=    0.1115    axis=(  0.754297  0.631299  0.180271)
     Cl  12    Vyy=    0.6303    axis=(  0.263428 -0.039514 -0.963869)
     Cl  12    Vzz=   -0.7418    axis=( -0.601366  0.774532 -0.196107)
     Cl  12  Q=        -8.1650 1e-30 m^2  Cq=        14.2310 MHz  eta= 0.69934

     H   13    Vxx=   -0.0871    axis=(  0.989161 -0.146075 -0.014909)
     H   13    Vyy=   -0.2519    axis=( -0.001567  0.091031 -0.995847)
     H   13    Vzz=    0.3390    axis=(  0.146825  0.985076  0.089815)
     H   13  Q=         1.0000 1e-30 m^2  Cq=         0.7965 MHz  eta= 0.48624

     C   14    Vxx=    0.1148    axis=( -0.614447  0.515644 -0.597132)
     C   14    Vyy=    0.3967    axis=( -0.519797  0.304793  0.798068)
     C   14    Vzz=   -0.5115    axis=( -0.593521 -0.800758 -0.080751)
     C   14  Q=         1.0000 1e-30 m^2  Cq=        -1.2017 MHz  eta= 0.55119

     H   15    Vxx=   -0.0114    axis=( -0.185776  0.935049 -0.301944)
     H   15    Vyy=   -0.7169    axis=(  0.273305 -0.245995 -0.929941)
     H   15    Vzz=    0.7282    axis=( -0.943818 -0.255283 -0.209853)
     H   15  Q=         1.0000 1e-30 m^2  Cq=         1.7111 MHz  eta= 0.96882

     C   16    Vxx=   -0.0422    axis=( -0.334261 -0.788734  0.515915)
     C   16    Vyy=   -0.6225    axis=( -0.933313  0.200848 -0.297635)
     C   16    Vzz=    0.6647    axis=( -0.131134  0.580998  0.803272)
     C   16  Q=         1.0000 1e-30 m^2  Cq=         1.5619 MHz  eta= 0.87297

     C   17    Vxx=    0.1561    axis=(  0.953472 -0.255265 -0.160411)
     C   17    Vyy=    0.5656    axis=( -0.177671 -0.045903 -0.983019)
     C   17    Vzz=   -0.7217    axis=(  0.243567  0.965781 -0.089121)
     C   17  Q=         1.0000 1e-30 m^2  Cq=        -1.6958 MHz  eta= 0.56741

     Cl  18    Vxx=    0.1955    axis=(  0.839714 -0.440326  0.317794)
     Cl  18    Vyy=    2.4192    axis=( -0.042008  0.530798  0.846457)
     Cl  18    Vzz=   -2.6147    axis=( -0.541401 -0.724132  0.427222)
     Cl  18  Q=        -8.1650 1e-30 m^2  Cq=        50.1618 MHz  eta= 0.85043

     H   19    Vxx=    0.0323    axis=(  0.492834  0.408013  0.768531)
     H   19    Vyy=    0.5740    axis=( -0.017861  0.887801 -0.459880)
     H   19    Vzz=   -0.6063    axis=(  0.869940 -0.212918 -0.444826)
     H   19  Q=         1.0000 1e-30 m^2  Cq=        -1.4245 MHz  eta= 0.89332

     C   20    Vxx=    0.1852    axis=( -0.512065  0.857229  0.054300)
     C   20    Vyy=    0.6514    axis=( -0.541914 -0.371465  0.753885)
     C   20    Vzz=   -0.8366    axis=( -0.666422 -0.356612 -0.654759)
     C   20  Q=         1.0000 1e-30 m^2  Cq=        -1.9656 MHz  eta= 0.55729

     H   21    Vxx=   -0.1030    axis=(  0.191385  0.963539  0.186989)
     H   21    Vyy=   -0.6418    axis=( -0.466651 -0.078276  0.880971)
     H   21    Vzz=    0.7447    axis=(  0.863487 -0.255863  0.434655)
     H   21  Q=         1.0000 1e-30 m^2  Cq=         1.7498 MHz  eta= 0.72350

     C   22    Vxx=   -0.0068    axis=(  0.562966  0.005545  0.826461)
     C   22    Vyy=   -0.4756    axis=( -0.223601  0.963707  0.145846)
     C   22    Vzz=    0.4824    axis=( -0.795658 -0.266904  0.543774)
     C   22  Q=         1.0000 1e-30 m^2  Cq=         1.1333 MHz  eta= 0.97199

     C   23    Vxx=    0.0529    axis=( -0.495971  0.629348  0.598275)
     C   23    Vyy=    0.6693    axis=(  0.005616  0.691298 -0.722548)
     C   23    Vzz=   -0.7222    axis=( -0.868321 -0.355003 -0.346398)
     C   23  Q=         1.0000 1e-30 m^2  Cq=        -1.6970 MHz  eta= 0.85346

     Cl  24    Vxx=    0.3859    axis=(  0.610701  0.539267  0.579858)
     Cl  24    Vyy=    2.1973    axis=( -0.507211 -0.295943  0.809416)
     Cl  24    Vzz=   -2.5832    axis=( -0.608097  0.788422 -0.092790)
     Cl  24  Q=        -8.1650 1e-30 m^2  Cq=        49.5582 MHz  eta= 0.70123

     Initialization:
     gipaw_setup  :      9.26s CPU     11.24s WALL (       1 calls)

     Linear response

     Apply operators

     Induced current

     Other routines
     efg          :      9.65s CPU     12.14s WALL (       1 calls)

     General routines
     calbec       :      3.42s CPU      4.59s WALL (      16 calls)
     fft          :      1.66s CPU      2.62s WALL (      15 calls)
     ffts         :      0.04s CPU      0.05s WALL (       2 calls)
     fftw         :      3.43s CPU      4.04s WALL (     672 calls)
     davcio       :      0.02s CPU      0.32s WALL (      32 calls)

     Parallel routines
     fft_scatter  :      2.44s CPU      3.84s WALL (     689 calls)

     Plugins

     GIPAW        :     61.85s CPU     74.49s WALL (       1 calls)
