
     Program QE v.6.0 (svn rev. 13079) starts on 21Dec2016 at  3:51: 8 

     This program is part of the open-source Quantum ESPRESSO suite
     for quantum simulation of materials; please cite
         "P. Giannozzi et al., J. Phys.:Condens. Matter 21 395502 (2009);
          URL http://www.quantum-espresso.org", 
     in publications or presentations arising from this work. More details at
     http://www.quantum-espresso.org/quote

     Parallel version (MPI), running on     8 processors
     R & G space division:  proc/nbgrp/npool/nimage =       8

     ***** This is GIPAW svn revision unknown      *****

     Parallelizing q-star over 1 images

     Reading data from directory:
     /users/majewski/paradichlorobenzene/pbe/9_constraint/scratch/pbe.ecut100.np8.dt60.pcl2phi-129368.save
     Message from routine read_xml_file:
     file /users/majewski/paradichlorobenzene/pbe/9_constraint/scratch/pbe.ecut100.np8.dt60.pcl2phi-129368.save not guaranteed to be safe for post-processing

   Info: using nr1, nr2, nr3 values from input

   Info: using nr1, nr2, nr3 values from input

     IMPORTANT: XC functional enforced from input :
     Exchange-correlation      =  SLA  PW   PBX  PBC ( 1  4  3  4 0 0)
     Any further DFT definition will be discarded
     Please, verify this is what you really want

               file C.pbe-n-kjpaw_psl.1.0.0.UPF: wavefunction(s)  2S 2P renormalized
               file Cl.pbe-n-kjpaw_psl.1.0.0.UPF: wavefunction(s)  3S 3P renormalized
               file H.pbe-kjpaw_psl.1.0.0.UPF: wavefunction(s)  1S renormalized

     Parallelization info
     --------------------
     sticks:   dense  smooth     PW     G-vecs:    dense   smooth      PW
     Min        3057    1223    332               144436    36536    5170
     Max        3059    1225    333               144437    36537    5171
     Sum       24467    9791   2657              1155489   292295   41363


     Subspace diagonalization in iterative solution of the eigenvalue problem:
     a serial algorithm will be used

     GIPAW projectors -----------------------------------------------
     atom=  C    l=0  rc=    1.2000  rs=    0.8000
     atom=  C    l=0  rc=    1.2000  rs=    0.8000
     atom=  C    l=1  rc=    1.4000  rs=    0.9333
     atom=  C    l=1  rc=    1.4000  rs=    0.9333
     projs nearly linearly dependent: l=1  n1,n2= 1, 2  s=  0.99951561

     atom=  Cl   l=0  rc=    1.6000  rs=    1.0667
     atom=  Cl   l=0  rc=    1.6000  rs=    1.0667
     atom=  Cl   l=1  rc=    1.6000  rs=    1.0667
     atom=  Cl   l=1  rc=    1.6000  rs=    1.0667
     atom=  Cl   l=2  rc=    1.6000  rs=    1.0667
     atom=  Cl   l=2  rc=    1.6000  rs=    1.0667
     projs nearly linearly dependent: l=2  n1,n2= 1, 2  s=  0.99993509

     atom=  H    l=0  rc=    1.0000  rs=    0.6667
     atom=  H    l=0  rc=    1.0000  rs=    0.6667
     projs nearly linearly dependent: l=0  n1,n2= 1, 2  s=  0.99968852
     -----------------------------------------------------------------

     GIPAW integrals: -------------------------------------------
     Atom  i/j   nmr_para   nmr_dia   epr_rmc  epr_para   epr_dia
       C   1 1   0.83E+03  0.17E-01  0.93E+01  0.24E+08  0.24E+03
       C   2 1   0.86E+03 -0.61E-01  0.94E+01  0.25E+08  0.25E+03
       C   2 2   0.90E+03 -0.15E+00  0.97E+01  0.26E+08  0.26E+03
       C   3 3   0.33E+01  0.34E+00  0.18E+01  0.55E+03  0.21E+02
       C   4 3   0.35E+01  0.37E+00  0.20E+01  0.59E+03  0.22E+02
       C   4 4   0.38E+01  0.39E+00  0.22E+01  0.63E+03  0.24E+02
       Cl  1 1   0.14E+04 -0.47E+00  0.84E+01  0.32E+09  0.42E+03
       Cl  2 1   0.21E+04 -0.37E+00  0.12E+02  0.49E+09  0.65E+03
       Cl  2 2   0.33E+04 -0.16E+00  0.21E+02  0.76E+09  0.10E+04
       Cl  3 3   0.21E+02  0.79E-01  0.89E+01  0.23E+05  0.13E+03
       Cl  4 3   0.24E+02  0.67E-01  0.99E+01  0.27E+05  0.15E+03
       Cl  4 4   0.28E+02  0.44E-01  0.11E+02  0.32E+05  0.18E+03
       Cl  5 5   0.77E+00  0.19E+00  0.18E+01  0.12E+03  0.22E+02
       Cl  6 5   0.80E+00  0.19E+00  0.19E+01  0.12E+03  0.23E+02
       Cl  6 6   0.83E+00  0.20E+00  0.19E+01  0.12E+03  0.23E+02
       H   1 1   0.39E+02  0.19E+00  0.29E+00  0.78E+05  0.13E+02
       H   2 1   0.41E+02  0.21E+00  0.32E+00  0.82E+05  0.14E+02
       H   2 2   0.43E+02  0.22E+00  0.36E+00  0.86E+05  0.15E+02
     ------------------------------------------------------------

     alpha_pv=     34.3992 eV

     Number of occupied bands for each k-point:
     k-point:     1    nbnd_occ=  42
     k-point:     2    nbnd_occ=  42
     k-point:     3    nbnd_occ=  42
     k-point:     4    nbnd_occ=  42
     k-point:     5    nbnd_occ=  42
     k-point:     6    nbnd_occ=  42
     k-point:     7    nbnd_occ=  42
     k-point:     8    nbnd_occ=  42
     k-point:     9    nbnd_occ=  42
     k-point:    10    nbnd_occ=  42
     k-point:    11    nbnd_occ=  42
     k-point:    12    nbnd_occ=  42
     k-point:    13    nbnd_occ=  42
     k-point:    14    nbnd_occ=  42
     k-point:    15    nbnd_occ=  42
     k-point:    16    nbnd_occ=  42


     q-space interpolation up to   110.00 Rydberg

     GIPAW job: efg                                                                             


     ELECTRIC FIELD GRADIENTS TENSORS IN Hartree/bohrradius^2:

     ----- bare term -----
     Cl   1       -0.062631        0.283604       -0.183576
     Cl   1        0.283604       -0.139531       -0.035659
     Cl   1       -0.183576       -0.035659        0.202161

     C    2        0.076080       -0.342080       -0.554986
     C    2       -0.342080       -0.226790       -0.554461
     C    2       -0.554986       -0.554461        0.150711

     C    3       -0.328026        0.375518       -0.404872
     C    3        0.375518       -0.150581       -0.149221
     C    3       -0.404872       -0.149221        0.478606

     H    4        0.041437       -0.118749       -0.287622
     H    4       -0.118749        0.516356       -0.166991
     H    4       -0.287622       -0.166991       -0.557793

     C    5       -0.138550       -0.045685       -0.323775
     C    5       -0.045685       -0.198101       -0.303401
     C    5       -0.323775       -0.303401        0.336650

     H    6        0.468965       -0.092434       -0.113286
     H    6       -0.092434       -0.119454       -0.604895
     H    6       -0.113286       -0.604895       -0.349511

     H    7        0.365879        0.043248       -0.106213
     H    7        0.043248       -0.472302        0.564671
     H    7       -0.106213        0.564671        0.106424

     C    8       -0.718914       -0.362103       -0.297998
     C    8       -0.362103        0.371359        0.303598
     C    8       -0.297998        0.303598        0.347555

     H    9       -0.298238       -0.041968       -0.532644
     H    9       -0.041968        0.111692        0.045970
     H    9       -0.532644        0.045970        0.186545

     C   10       -0.041473       -0.273716       -0.180502
     C   10       -0.273716       -0.150032        0.614591
     C   10       -0.180502        0.614591        0.191505

     C   11       -0.488858       -0.356532       -0.438104
     C   11       -0.356532        0.274393        0.289959
     C   11       -0.438104        0.289959        0.214465

     Cl  12       -0.047601       -0.067200        0.048630
     Cl  12       -0.067200        0.104161       -0.136495
     Cl  12        0.048630       -0.136495       -0.056560

     H   13        0.314005        0.125964       -0.377849
     H   13        0.125964       -0.131877       -0.320110
     H   13       -0.377849       -0.320110       -0.182128

     C   14       -0.675687        0.327794       -0.142459
     C   14        0.327794        0.303994       -0.197514
     C   14       -0.142459       -0.197514        0.371692

     H   15       -0.014613        0.187333       -0.477048
     H   15        0.187333       -0.093840        0.135336
     H   15       -0.477048        0.135336        0.108453

     C   16        0.218857        0.112519       -0.118862
     C   16        0.112519       -0.146274       -0.543495
     C   16       -0.118862       -0.543495       -0.072583

     C   17       -0.684040        0.437667       -0.393804
     C   17        0.437667        0.371660       -0.097571
     C   17       -0.393804       -0.097571        0.312380

     Cl  18        0.134356       -0.107682       -0.015714
     Cl  18       -0.107682       -0.312371        0.011458
     Cl  18       -0.015714        0.011458        0.178016

     H   19        0.301751        0.358512        0.112934
     H   19        0.358512       -0.598597       -0.158179
     H   19        0.112934       -0.158179        0.296846

     C   20       -0.085856       -0.100853       -0.134056
     C   20       -0.100853       -0.122187        0.263387
     C   20       -0.134056        0.263387        0.208043

     H   21       -0.334838        0.479833        0.079358
     H   21        0.479833        0.036491       -0.127803
     H   21        0.079358       -0.127803        0.298347

     C   22       -0.336409       -0.173565       -0.119177
     C   22       -0.173565        0.054938        0.121820
     C   22       -0.119177        0.121820        0.281471

     C   23       -0.079378       -0.044355       -0.274418
     C   23       -0.044355        0.028687        0.698577
     C   23       -0.274418        0.698577        0.050691

     Cl  24       -0.260006       -0.197054        0.026830
     Cl  24       -0.197054        0.050104        0.185687
     Cl  24        0.026830        0.185687        0.209902

     ----- ionic term -----
     Cl   1        0.089280       -0.196203        0.022637
     Cl   1       -0.196203        0.051937       -0.008137
     Cl   1        0.022637       -0.008137       -0.141217

     C    2        0.091378       -0.258925        0.329875
     C    2       -0.258925        0.101409        0.346262
     C    2        0.329875        0.346262       -0.192786

     C    3        0.034927       -0.288732        0.242180
     C    3       -0.288732        0.176730        0.383854
     C    3        0.242180        0.383854       -0.211657

     H    4        0.419777        0.155611        0.801931
     H    4        0.155611       -0.494114        0.204986
     H    4        0.801931        0.204986        0.074337

     C    5        0.177434       -0.219084        0.379315
     C    5       -0.219084        0.007310        0.301464
     C    5        0.379315        0.301464       -0.184744

     H    6       -0.510401        0.163322        0.147363
     H    6        0.163322        0.430827        0.772809
     H    6        0.147363        0.772809        0.079574

     H    7       -0.507561       -0.147563        0.086769
     H    7       -0.147563        0.787385       -0.612472
     H    7        0.086769       -0.612472       -0.279824

     C    8        0.326510        0.217332        0.233760
     C    8        0.217332        0.092544       -0.285539
     C    8        0.233760       -0.285539       -0.419054

     H    9        0.637231       -0.249776        0.696331
     H    9       -0.249776       -0.448952       -0.216698
     H    9        0.696331       -0.216698       -0.188278

     C   10        0.201484        0.266375        0.166097
     C   10        0.266375        0.185134       -0.368202
     C   10        0.166097       -0.368202       -0.386618

     C   11        0.279086        0.104136        0.163419
     C   11        0.104136        0.135261       -0.394634
     C   11        0.163419       -0.394634       -0.414347

     Cl  12        0.142375        0.204169       -0.021802
     Cl  12        0.204169       -0.008048       -0.023388
     Cl  12       -0.021802       -0.023388       -0.134327

     H   13       -0.533776        0.150330        0.120199
     H   13        0.150330        0.468870        0.776707
     H   13        0.120199        0.776707        0.064906

     C   14        0.142826       -0.306246        0.318582
     C   14       -0.306246        0.093589        0.274393
     C   14        0.318582        0.274393       -0.236415

     H   15        0.581704        0.150355        0.735955
     H   15        0.150355       -0.467576        0.174816
     H   15        0.735955        0.174816       -0.114128

     C   16        0.021696       -0.340821        0.223541
     C   16       -0.340821        0.227603        0.417662
     C   16        0.223541        0.417662       -0.249299

     C   17        0.046936       -0.233703        0.364887
     C   17       -0.233703        0.106866        0.436981
     C   17        0.364887        0.436981       -0.153802

     Cl  18        0.088855       -0.223295        0.011577
     Cl  18       -0.223295        0.064836       -0.003256
     Cl  18        0.011577       -0.003256       -0.153692

     H   19       -0.479549       -0.228465        0.073186
     H   19       -0.228465        0.867892       -0.513042
     H   19        0.073186       -0.513042       -0.388343

     C   20        0.389055        0.098411        0.215383
     C   20        0.098411        0.114967       -0.245509
     C   20        0.215383       -0.245509       -0.504022

     H   21        0.803574       -0.375171        0.481438
     H   21       -0.375171       -0.373571       -0.188607
     H   21        0.481438       -0.188607       -0.430003

     C   22        0.256136        0.169679        0.160907
     C   22        0.169679        0.214232       -0.287499
     C   22        0.160907       -0.287499       -0.470367

     C   23        0.241244        0.168844        0.234554
     C   23        0.168844        0.182171       -0.335186
     C   23        0.234554       -0.335186       -0.423415

     Cl  24        0.138164        0.208658       -0.015931
     Cl  24        0.208658        0.033971       -0.021826
     Cl  24       -0.015931       -0.021826       -0.172135

     ----- GIPAW term -----
     Cl   1        1.560044       -0.556544       -2.000603
     Cl   1       -0.556544       -1.205179       -0.404341
     Cl   1       -2.000603       -0.404341       -0.354866

     C    2        0.132686       -0.263735       -0.181769
     C    2       -0.263735       -0.053052       -0.007049
     C    2       -0.181769       -0.007049       -0.079633

     C    3       -0.046190       -0.018448       -0.222742
     C    3       -0.018448       -0.088479        0.078018
     C    3       -0.222742        0.078018        0.134670

     H    4       -0.000000        0.000000        0.000000
     H    4        0.000000        0.000000        0.000000
     H    4        0.000000        0.000000        0.000000

     C    5       -0.097999       -0.084845       -0.095773
     C    5       -0.084845        0.010744        0.126615
     C    5       -0.095773        0.126615        0.087255

     H    6       -0.000000        0.000000        0.000000
     H    6        0.000000        0.000000        0.000000
     H    6        0.000000        0.000000        0.000000

     H    7       -0.000000        0.000000        0.000000
     H    7        0.000000        0.000000        0.000000
     H    7        0.000000        0.000000        0.000000

     C    8       -0.216272       -0.047184       -0.029313
     C    8       -0.047184        0.255786        0.115642
     C    8       -0.029313        0.115642       -0.039515

     H    9       -0.000000        0.000000        0.000000
     H    9        0.000000        0.000000        0.000000
     H    9        0.000000        0.000000        0.000000

     C   10       -0.087587       -0.068466       -0.029877
     C   10       -0.068466        0.163337        0.099236
     C   10       -0.029877        0.099236       -0.075751

     C   11       -0.101904       -0.074033       -0.078680
     C   11       -0.074033        0.253913        0.068748
     C   11       -0.078680        0.068748       -0.152009

     Cl  12        0.464379        1.130719        0.446019
     Cl  12        1.130719        1.352967       -1.405731
     Cl  12        0.446019       -1.405731       -1.817345

     H   13       -0.000000        0.000000        0.000000
     H   13        0.000000        0.000000        0.000000
     H   13        0.000000        0.000000        0.000000

     C   14       -0.125609       -0.130513        0.032216
     C   14       -0.130513        0.219178       -0.043569
     C   14        0.032216       -0.043569       -0.093569

     H   15       -0.000000        0.000000        0.000000
     H   15        0.000000        0.000000        0.000000
     H   15        0.000000        0.000000        0.000000

     C   16       -0.056613        0.012976       -0.003477
     C   16        0.012976        0.183136       -0.037496
     C   16       -0.003477       -0.037496       -0.126523

     C   17       -0.156259        0.066550       -0.033056
     C   17        0.066550        0.286778        0.065085
     C   17       -0.033056        0.065085       -0.130519

     Cl  18        0.262186        0.188263       -0.045727
     Cl  18        0.188263        1.573669        0.034195
     Cl  18       -0.045727        0.034195       -1.835856

     H   19       -0.000000        0.000000        0.000000
     H   19        0.000000        0.000000        0.000000
     H   19        0.000000        0.000000        0.000000

     C   20       -0.038459       -0.069932       -0.043670
     C   20       -0.069932        0.052781        0.132954
     C   20       -0.043670        0.132954       -0.014322

     H   21       -0.000000        0.000000        0.000000
     H   21        0.000000        0.000000        0.000000
     H   21        0.000000        0.000000        0.000000

     C   22       -0.071804       -0.068256       -0.053742
     C   22       -0.068256        0.083912        0.069858
     C   22       -0.053742        0.069858       -0.012108

     C   23       -0.031346        0.023350       -0.063401
     C   23        0.023350        0.188369        0.182581
     C   23       -0.063401        0.182581       -0.157024

     Cl  24       -0.617074        1.364778        0.180633
     Cl  24        1.364778        0.640873        1.978656
     Cl  24        0.180633        1.978656       -0.023799

     ----- total EFG -----
     Cl   1        1.586694       -0.469143       -2.161542
     Cl   1       -0.469143       -1.292772       -0.448137
     Cl   1       -2.161542       -0.448137       -0.293922

     C    2        0.300143       -0.864740       -0.406880
     C    2       -0.864740       -0.178434       -0.215248
     C    2       -0.406880       -0.215248       -0.121709

     C    3       -0.339289        0.068338       -0.385434
     C    3        0.068338       -0.062330        0.312651
     C    3       -0.385434        0.312651        0.401619

     H    4        0.461214        0.036861        0.514309
     H    4        0.036861        0.022243        0.037995
     H    4        0.514309        0.037995       -0.483456

     C    5       -0.059114       -0.349614       -0.040233
     C    5       -0.349614       -0.180047        0.124677
     C    5       -0.040233        0.124677        0.239161

     H    6       -0.041436        0.070889        0.034077
     H    6        0.070889        0.311373        0.167914
     H    6        0.034077        0.167914       -0.269937

     H    7       -0.141682       -0.104315       -0.019444
     H    7       -0.104315        0.315082       -0.047800
     H    7       -0.019444       -0.047800       -0.173400

     C    8       -0.608676       -0.191955       -0.093551
     C    8       -0.191955        0.719689        0.133701
     C    8       -0.093551        0.133701       -0.111013

     H    9        0.338993       -0.291744        0.163686
     H    9       -0.291744       -0.337260       -0.170728
     H    9        0.163686       -0.170728       -0.001733

     C   10        0.072425       -0.075807       -0.044282
     C   10       -0.075807        0.198439        0.345625
     C   10       -0.044282        0.345625       -0.270864

     C   11       -0.311676       -0.326429       -0.353365
     C   11       -0.326429        0.663566       -0.035927
     C   11       -0.353365       -0.035927       -0.351890

     Cl  12        0.559152        1.267688        0.472848
     Cl  12        1.267688        1.449079       -1.565613
     Cl  12        0.472848       -1.565613       -2.008232

     H   13       -0.219771        0.276294       -0.257650
     H   13        0.276294        0.336994        0.456597
     H   13       -0.257650        0.456597       -0.117222

     C   14       -0.658470       -0.108965        0.208339
     C   14       -0.108965        0.616761        0.033310
     C   14        0.208339        0.033310        0.041709

     H   15        0.567091        0.337688        0.258906
     H   15        0.337688       -0.561417        0.310152
     H   15        0.258906        0.310152       -0.005674

     C   16        0.183940       -0.215326        0.101202
     C   16       -0.215326        0.264465       -0.163328
     C   16        0.101202       -0.163328       -0.448405

     C   17       -0.793363        0.270514       -0.061973
     C   17        0.270514        0.765304        0.404495
     C   17       -0.061973        0.404495        0.028059

     Cl  18        0.485397       -0.142714       -0.049864
     Cl  18       -0.142714        1.326134        0.042397
     Cl  18       -0.049864        0.042397       -1.811532

     H   19       -0.177798        0.130047        0.186121
     H   19        0.130047        0.269295       -0.671221
     H   19        0.186121       -0.671221       -0.091497

     C   20        0.264740       -0.072375        0.037658
     C   20       -0.072375        0.045561        0.150832
     C   20        0.037658        0.150832       -0.310301

     H   21        0.468736        0.104663        0.560796
     H   21        0.104663       -0.337080       -0.316410
     H   21        0.560796       -0.316410       -0.131656

     C   22       -0.152077       -0.072142       -0.012012
     C   22       -0.072142        0.353081       -0.095820
     C   22       -0.012012       -0.095820       -0.201004

     C   23        0.130520        0.147838       -0.103265
     C   23        0.147838        0.399227        0.545972
     C   23       -0.103265        0.545972       -0.529747

     Cl  24       -0.738915        1.376382        0.191532
     Cl  24        1.376382        0.724948        2.142516
     Cl  24        0.191532        2.142516        0.013967

     ----- total EFG (symmetrized) -----
     Cl   1        1.586694       -0.469143       -2.161542
     Cl   1       -0.469143       -1.292772       -0.448137
     Cl   1       -2.161542       -0.448137       -0.293922

     C    2        0.300143       -0.864740       -0.406880
     C    2       -0.864740       -0.178434       -0.215248
     C    2       -0.406880       -0.215248       -0.121709

     C    3       -0.339289        0.068338       -0.385434
     C    3        0.068338       -0.062330        0.312651
     C    3       -0.385434        0.312651        0.401619

     H    4        0.461214        0.036861        0.514309
     H    4        0.036861        0.022243        0.037995
     H    4        0.514309        0.037995       -0.483456

     C    5       -0.059114       -0.349614       -0.040233
     C    5       -0.349614       -0.180047        0.124677
     C    5       -0.040233        0.124677        0.239161

     H    6       -0.041436        0.070889        0.034077
     H    6        0.070889        0.311373        0.167914
     H    6        0.034077        0.167914       -0.269937

     H    7       -0.141682       -0.104315       -0.019444
     H    7       -0.104315        0.315082       -0.047800
     H    7       -0.019444       -0.047800       -0.173400

     C    8       -0.608676       -0.191955       -0.093551
     C    8       -0.191955        0.719689        0.133701
     C    8       -0.093551        0.133701       -0.111013

     H    9        0.338993       -0.291744        0.163686
     H    9       -0.291744       -0.337260       -0.170728
     H    9        0.163686       -0.170728       -0.001733

     C   10        0.072425       -0.075807       -0.044282
     C   10       -0.075807        0.198439        0.345625
     C   10       -0.044282        0.345625       -0.270864

     C   11       -0.311676       -0.326429       -0.353365
     C   11       -0.326429        0.663566       -0.035927
     C   11       -0.353365       -0.035927       -0.351890

     Cl  12        0.559152        1.267688        0.472848
     Cl  12        1.267688        1.449079       -1.565613
     Cl  12        0.472848       -1.565613       -2.008232

     H   13       -0.219771        0.276294       -0.257650
     H   13        0.276294        0.336994        0.456597
     H   13       -0.257650        0.456597       -0.117222

     C   14       -0.658470       -0.108965        0.208339
     C   14       -0.108965        0.616761        0.033310
     C   14        0.208339        0.033310        0.041709

     H   15        0.567091        0.337688        0.258906
     H   15        0.337688       -0.561417        0.310152
     H   15        0.258906        0.310152       -0.005674

     C   16        0.183940       -0.215326        0.101202
     C   16       -0.215326        0.264465       -0.163328
     C   16        0.101202       -0.163328       -0.448405

     C   17       -0.793363        0.270514       -0.061973
     C   17        0.270514        0.765304        0.404495
     C   17       -0.061973        0.404495        0.028059

     Cl  18        0.485397       -0.142714       -0.049864
     Cl  18       -0.142714        1.326134        0.042397
     Cl  18       -0.049864        0.042397       -1.811532

     H   19       -0.177798        0.130047        0.186121
     H   19        0.130047        0.269295       -0.671221
     H   19        0.186121       -0.671221       -0.091497

     C   20        0.264740       -0.072375        0.037658
     C   20       -0.072375        0.045561        0.150832
     C   20        0.037658        0.150832       -0.310301

     H   21        0.468736        0.104663        0.560796
     H   21        0.104663       -0.337080       -0.316410
     H   21        0.560796       -0.316410       -0.131656

     C   22       -0.152077       -0.072142       -0.012012
     C   22       -0.072142        0.353081       -0.095820
     C   22       -0.012012       -0.095820       -0.201004

     C   23        0.130520        0.147838       -0.103265
     C   23        0.147838        0.399227        0.545972
     C   23       -0.103265        0.545972       -0.529747

     Cl  24       -0.738915        1.376382        0.191532
     Cl  24        1.376382        0.724948        2.142516
     Cl  24        0.191532        2.142516        0.013967


     NQR/NMR SPECTROSCOPIC PARAMETERS:
     Cl   1    Vxx=   -0.8398    axis=(  0.295981 -0.809002  0.507849)
     Cl   1    Vyy=   -2.1689    axis=( -0.457744 -0.586777 -0.667954)
     Cl   1    Vzz=    3.0087    axis=( -0.838371  0.034763  0.543991)
     Cl   1  Q=        -8.1650 1e-30 m^2  Cq=       -57.7204 MHz  eta= 0.44174

     C    2    Vxx=    0.0373    axis=( -0.108368 -0.450019  0.886419)
     C    2    Vyy=    0.9947    axis=( -0.806905  0.560639  0.185979)
     C    2    Vzz=   -1.0321    axis=( -0.580656 -0.695102 -0.423878)
     C    2  Q=         1.0000 1e-30 m^2  Cq=        -2.4249 MHz  eta= 0.92770

     C    3    Vxx=   -0.0848    axis=(  0.484655  0.858471 -0.167742)
     C    3    Vyy=   -0.5787    axis=( -0.815958  0.374619 -0.440310)
     C    3    Vzz=    0.6635    axis=( -0.315154  0.350269  0.882037)
     C    3  Q=         1.0000 1e-30 m^2  Cq=         1.5589 MHz  eta= 0.74426

     H    4    Vxx=    0.0192    axis=(  0.077980 -0.996945  0.004432)
     H    4    Vyy=    0.6908    axis=( -0.912662 -0.073175 -0.402112)
     H    4    Vzz=   -0.7100    axis=(  0.401208  0.027312 -0.915580)
     H    4  Q=         1.0000 1e-30 m^2  Cq=        -1.6681 MHz  eta= 0.94594

     C    5    Vxx=    0.1299    axis=( -0.604274  0.405694 -0.685759)
     C    5    Vyy=    0.3513    axis=( -0.488850  0.490870  0.721161)
     C    5    Vzz=   -0.4812    axis=( -0.629189 -0.771011  0.098296)
     C    5  Q=         1.0000 1e-30 m^2  Cq=        -1.1307 MHz  eta= 0.45995

     H    6    Vxx=   -0.0551    axis=(  0.981328 -0.192269  0.005383)
     H    6    Vyy=   -0.3158    axis=( -0.054765 -0.252472  0.966053)
     H    6    Vzz=    0.3709    axis=( -0.184383 -0.948309 -0.258288)
     H    6  Q=         1.0000 1e-30 m^2  Cq=         0.8714 MHz  eta= 0.70267

     H    7    Vxx=   -0.1409    axis=( -0.772101 -0.111032  0.625725)
     H    7    Vyy=   -0.2004    axis=( -0.600772 -0.193505 -0.775648)
     H    7    Vzz=    0.3413    axis=(  0.207203 -0.974796  0.082701)
     H    7  Q=         1.0000 1e-30 m^2  Cq=         0.8019 MHz  eta= 0.17421

     C    8    Vxx=   -0.1246    axis=( -0.116865 -0.181198  0.976478)
     C    8    Vyy=   -0.6464    axis=( -0.982236 -0.124261 -0.140612)
     C    8    Vzz=    0.7710    axis=(  0.146817 -0.975565 -0.163458)
     C    8  Q=         1.0000 1e-30 m^2  Cq=         1.8115 MHz  eta= 0.67671

     H    9    Vxx=   -0.0629    axis=( -0.434248 -0.095605  0.895705)
     H    9    Vyy=   -0.4710    axis=(  0.286248  0.928166  0.237846)
     H    9    Vzz=    0.5339    axis=( -0.854102  0.359678 -0.375688)
     H    9  Q=         1.0000 1e-30 m^2  Cq=         1.2543 MHz  eta= 0.76448

     C   10    Vxx=    0.0493    axis=(  0.966847  0.228838  0.113313)
     C   10    Vyy=    0.4047    axis=(  0.255258 -0.853877 -0.453584)
     C   10    Vzz=   -0.4540    axis=( -0.007042  0.467470 -0.883981)
     C   10  Q=         1.0000 1e-30 m^2  Cq=        -1.0667 MHz  eta= 0.78285

     C   11    Vxx=   -0.0347    axis=( -0.630848 -0.257233  0.732026)
     C   11    Vyy=   -0.7326    axis=(  0.711732  0.183852  0.677965)
     C   11    Vzz=    0.7673    axis=( -0.308979  0.948699  0.067098)
     C   11  Q=         1.0000 1e-30 m^2  Cq=         1.8029 MHz  eta= 0.90945

     Cl  12    Vxx=    0.2652    axis=( -0.839699  0.349697 -0.415473)
     Cl  12    Vyy=    2.5972    axis=(  0.472000  0.848323 -0.239926)
     Cl  12    Vzz=   -2.8624    axis=( -0.268554  0.397568  0.877393)
     Cl  12  Q=        -8.1650 1e-30 m^2  Cq=        54.9133 MHz  eta= 0.81472

     H   13    Vxx=    0.0549    axis=(  0.773174  0.210834 -0.598123)
     H   13    Vyy=    0.6334    axis=( -0.135472 -0.866448 -0.480537)
     H   13    Vzz=   -0.6883    axis=( -0.619555  0.452567 -0.641353)
     H   13  Q=         1.0000 1e-30 m^2  Cq=        -1.6173 MHz  eta= 0.84052

     C   14    Vxx=    0.0990    axis=(  0.266003 -0.006033  0.963953)
     C   14    Vyy=    0.6264    axis=( -0.079912  0.996400  0.028288)
     C   14    Vzz=   -0.7254    axis=( -0.960654 -0.084556  0.264563)
     C   14  Q=         1.0000 1e-30 m^2  Cq=        -1.7045 MHz  eta= 0.72709

     H   15    Vxx=   -0.0673    axis=( -0.466423  0.219148  0.856985)
     H   15    Vyy=   -0.7360    axis=( -0.174298  0.927061 -0.331931)
     H   15    Vzz=    0.8032    axis=( -0.867220 -0.304191 -0.394205)
     H   15  Q=         1.0000 1e-30 m^2  Cq=         1.8873 MHz  eta= 0.83249

     C   16    Vxx=    0.0064    axis=(  0.781927  0.621428 -0.049168)
     C   16    Vyy=    0.4822    axis=( -0.617231  0.760770 -0.200636)
     C   16    Vzz=   -0.4887    axis=( -0.087275  0.187231  0.978431)
     C   16  Q=         1.0000 1e-30 m^2  Cq=        -1.1482 MHz  eta= 0.97361

     C   17    Vxx=   -0.1127    axis=( -0.222198 -0.350661  0.909761)
     C   17    Vyy=   -0.8596    axis=(  0.966736 -0.200478  0.158841)
     C   17    Vzz=    0.9724    axis=(  0.126688  0.914793  0.383542)
     C   17  Q=         1.0000 1e-30 m^2  Cq=         2.2847 MHz  eta= 0.76816

     Cl  18    Vxx=    0.4626    axis=(  0.986299  0.163918 -0.018570)
     Cl  18    Vyy=    1.3505    axis=( -0.163636  0.986394  0.015806)
     Cl  18    Vzz=   -1.8131    axis=(  0.020909 -0.012551  0.999703)
     Cl  18  Q=        -8.1650 1e-30 m^2  Cq=        34.7835 MHz  eta= 0.48970

     H   19    Vxx=   -0.0801    axis=(  0.918214  0.249385  0.307717)
     H   19    Vyy=   -0.7039    axis=( -0.395935  0.556614  0.730353)
     H   19    Vzz=    0.7840    axis=(  0.010860 -0.792457  0.609831)
     H   19  Q=         1.0000 1e-30 m^2  Cq=         1.8422 MHz  eta= 0.79567

     C   20    Vxx=    0.0848    axis=(  0.280493  0.887526  0.365543)
     C   20    Vyy=    0.2866    axis=(  0.955116 -0.295878 -0.014509)
     C   20    Vzz=   -0.3714    axis=( -0.095279 -0.353205  0.930681)
     C   20  Q=         1.0000 1e-30 m^2  Cq=        -0.8726 MHz  eta= 0.54329

     H   21    Vxx=   -0.0742    axis=(  0.381415  0.769118 -0.512815)
     H   21    Vyy=   -0.7354    axis=( -0.370687  0.635452  0.677342)
     H   21    Vzz=    0.8096    axis=(  0.846825 -0.068255  0.527473)
     H   21  Q=         1.0000 1e-30 m^2  Cq=         1.9023 MHz  eta= 0.81668

     C   22    Vxx=   -0.1525    axis=(  0.931207  0.064902 -0.358665)
     C   22    Vyy=   -0.2257    axis=(  0.340695  0.194728  0.919787)
     C   22    Vzz=    0.3782    axis=(  0.129538 -0.978708  0.159221)
     C   22  Q=         1.0000 1e-30 m^2  Cq=         0.8887 MHz  eta= 0.19370

     C   23    Vxx=    0.1406    axis=(  0.971225 -0.088031 -0.221297)
     C   23    Vyy=    0.6674    axis=(  0.172064  0.901801  0.396421)
     C   23    Vzz=   -0.8081    axis=(  0.164668 -0.423091  0.890998)
     C   23  Q=         1.0000 1e-30 m^2  Cq=        -1.8987 MHz  eta= 0.65190

     Cl  24    Vxx=   -0.6758    axis=(  0.798281  0.118745 -0.590463)
     Cl  24    Vyy=   -2.2534    axis=( -0.514296  0.644604 -0.565673)
     Cl  24    Vzz=    2.9292    axis=( -0.313444 -0.755239 -0.575645)
     Cl  24  Q=        -8.1650 1e-30 m^2  Cq=       -56.1955 MHz  eta= 0.53855

     Initialization:
     gipaw_setup  :      9.46s CPU     11.03s WALL (       1 calls)

     Linear response

     Apply operators

     Induced current

     Other routines
     efg          :      9.32s CPU     11.73s WALL (       1 calls)

     General routines
     calbec       :      3.33s CPU      4.37s WALL (      16 calls)
     fft          :      1.49s CPU      1.98s WALL (      15 calls)
     ffts         :      0.04s CPU      0.04s WALL (       2 calls)
     fftw         :      3.18s CPU      3.97s WALL (     672 calls)
     davcio       :      0.03s CPU      0.32s WALL (      32 calls)

     Parallel routines
     fft_scatter  :      2.09s CPU      3.05s WALL (     689 calls)

     Plugins

     GIPAW        :     61.81s CPU     75.45s WALL (       1 calls)
