
     Program QE v.6.0 (svn rev. 13079) starts on  7Jan2017 at 12:14:46 

     This program is part of the open-source Quantum ESPRESSO suite
     for quantum simulation of materials; please cite
         "P. Giannozzi et al., J. Phys.:Condens. Matter 21 395502 (2009);
          URL http://www.quantum-espresso.org", 
     in publications or presentations arising from this work. More details at
     http://www.quantum-espresso.org/quote

     Parallel version (MPI), running on     8 processors
     R & G space division:  proc/nbgrp/npool/nimage =       8

     ***** This is GIPAW svn revision unknown      *****

     Parallelizing q-star over 1 images

     Reading data from directory:
     /users/majewski/paradichlorobenzene/pbe/9_constraint/scratch/pbe.ecut100.np8.dt60.pcl2phi-129368.save
     Message from routine read_xml_file:
     file /users/majewski/paradichlorobenzene/pbe/9_constraint/scratch/pbe.ecut100.np8.dt60.pcl2phi-129368.save not guaranteed to be safe for post-processing

   Info: using nr1, nr2, nr3 values from input

   Info: using nr1, nr2, nr3 values from input

     IMPORTANT: XC functional enforced from input :
     Exchange-correlation      =  SLA  PW   PBX  PBC ( 1  4  3  4 0 0)
     Any further DFT definition will be discarded
     Please, verify this is what you really want

               file C.pbe-n-kjpaw_psl.1.0.0.UPF: wavefunction(s)  2S 2P renormalized
               file Cl.pbe-n-kjpaw_psl.1.0.0.UPF: wavefunction(s)  3S 3P renormalized
               file H.pbe-kjpaw_psl.1.0.0.UPF: wavefunction(s)  1S renormalized

     Parallelization info
     --------------------
     sticks:   dense  smooth     PW     G-vecs:    dense   smooth      PW
     Min        3057    1223    332               144436    36536    5170
     Max        3059    1225    333               144437    36537    5171
     Sum       24467    9791   2657              1155489   292295   41363


     Subspace diagonalization in iterative solution of the eigenvalue problem:
     a serial algorithm will be used

     GIPAW projectors -----------------------------------------------
     atom=  C    l=0  rc=    1.2000  rs=    0.8000
     atom=  C    l=0  rc=    1.2000  rs=    0.8000
     atom=  C    l=1  rc=    1.4000  rs=    0.9333
     atom=  C    l=1  rc=    1.4000  rs=    0.9333
     projs nearly linearly dependent: l=1  n1,n2= 1, 2  s=  0.99951561

     atom=  Cl   l=0  rc=    1.6000  rs=    1.0667
     atom=  Cl   l=0  rc=    1.6000  rs=    1.0667
     atom=  Cl   l=1  rc=    1.6000  rs=    1.0667
     atom=  Cl   l=1  rc=    1.6000  rs=    1.0667
     atom=  Cl   l=2  rc=    1.6000  rs=    1.0667
     atom=  Cl   l=2  rc=    1.6000  rs=    1.0667
     projs nearly linearly dependent: l=2  n1,n2= 1, 2  s=  0.99993509

     atom=  H    l=0  rc=    1.0000  rs=    0.6667
     atom=  H    l=0  rc=    1.0000  rs=    0.6667
     projs nearly linearly dependent: l=0  n1,n2= 1, 2  s=  0.99968852
     -----------------------------------------------------------------

     GIPAW integrals: -------------------------------------------
     Atom  i/j   nmr_para   nmr_dia   epr_rmc  epr_para   epr_dia
       C   1 1   0.83E+03  0.17E-01  0.93E+01  0.24E+08  0.24E+03
       C   2 1   0.86E+03 -0.61E-01  0.94E+01  0.25E+08  0.25E+03
       C   2 2   0.90E+03 -0.15E+00  0.97E+01  0.26E+08  0.26E+03
       C   3 3   0.33E+01  0.34E+00  0.18E+01  0.55E+03  0.21E+02
       C   4 3   0.35E+01  0.37E+00  0.20E+01  0.59E+03  0.22E+02
       C   4 4   0.38E+01  0.39E+00  0.22E+01  0.63E+03  0.24E+02
       Cl  1 1   0.14E+04 -0.47E+00  0.84E+01  0.32E+09  0.42E+03
       Cl  2 1   0.21E+04 -0.37E+00  0.12E+02  0.49E+09  0.65E+03
       Cl  2 2   0.33E+04 -0.16E+00  0.21E+02  0.76E+09  0.10E+04
       Cl  3 3   0.21E+02  0.79E-01  0.89E+01  0.23E+05  0.13E+03
       Cl  4 3   0.24E+02  0.67E-01  0.99E+01  0.27E+05  0.15E+03
       Cl  4 4   0.28E+02  0.44E-01  0.11E+02  0.32E+05  0.18E+03
       Cl  5 5   0.77E+00  0.19E+00  0.18E+01  0.12E+03  0.22E+02
       Cl  6 5   0.80E+00  0.19E+00  0.19E+01  0.12E+03  0.23E+02
       Cl  6 6   0.83E+00  0.20E+00  0.19E+01  0.12E+03  0.23E+02
       H   1 1   0.39E+02  0.19E+00  0.29E+00  0.78E+05  0.13E+02
       H   2 1   0.41E+02  0.21E+00  0.32E+00  0.82E+05  0.14E+02
       H   2 2   0.43E+02  0.22E+00  0.36E+00  0.86E+05  0.15E+02
     ------------------------------------------------------------

     alpha_pv=     34.0087 eV

     Number of occupied bands for each k-point:
     k-point:     1    nbnd_occ=  42
     k-point:     2    nbnd_occ=  42
     k-point:     3    nbnd_occ=  42
     k-point:     4    nbnd_occ=  42
     k-point:     5    nbnd_occ=  42
     k-point:     6    nbnd_occ=  42
     k-point:     7    nbnd_occ=  42
     k-point:     8    nbnd_occ=  42
     k-point:     9    nbnd_occ=  42
     k-point:    10    nbnd_occ=  42
     k-point:    11    nbnd_occ=  42
     k-point:    12    nbnd_occ=  42
     k-point:    13    nbnd_occ=  42
     k-point:    14    nbnd_occ=  42
     k-point:    15    nbnd_occ=  42
     k-point:    16    nbnd_occ=  42


     q-space interpolation up to   110.00 Rydberg

     GIPAW job: efg                                                                             


     ELECTRIC FIELD GRADIENTS TENSORS IN Hartree/bohrradius^2:

     ----- bare term -----
     Cl   1       -0.295981        0.305018        0.076540
     Cl   1        0.305018        0.041944       -0.134279
     Cl   1        0.076540       -0.134279        0.254038

     C    2       -0.074138       -0.359067       -0.365512
     C    2       -0.359067       -0.014654       -0.735135
     C    2       -0.365512       -0.735135        0.088792

     C    3       -0.407939        0.326964        0.085181
     C    3        0.326964        0.004666       -0.364017
     C    3        0.085181       -0.364017        0.403273

     H    4       -0.161906       -0.431149       -0.205787
     H    4       -0.431149       -0.223448        0.116469
     H    4       -0.205787        0.116469        0.385354

     C    5       -0.116714       -0.331813       -0.413034
     C    5       -0.331813        0.022755       -0.541557
     C    5       -0.413034       -0.541557        0.093959

     H    6        0.256900        0.304032       -0.032821
     H    6        0.304032       -0.622476       -0.231906
     H    6       -0.032821       -0.231906        0.365576

     H    7       -0.113460       -0.065167        0.333230
     H    7       -0.065167        0.165086        0.337567
     H    7        0.333230        0.337567       -0.051626

     C    8       -0.258029        0.008188       -0.354508
     C    8        0.008188        0.322082        0.096958
     C    8       -0.354508        0.096958       -0.064053

     H    9        0.183663        0.065497       -0.180732
     H    9        0.065497        0.368391       -0.189930
     H    9       -0.180732       -0.189930       -0.552054

     C   10        0.063498       -0.329510        0.106789
     C   10       -0.329510       -0.227437        0.067150
     C   10        0.106789        0.067150        0.163938

     C   11       -0.094929       -0.140321       -0.573187
     C   11       -0.140321       -0.011839        0.430422
     C   11       -0.573187        0.430422        0.106767

     Cl  12       -0.195325       -0.119683       -0.062959
     Cl  12       -0.119683       -0.119114       -0.041647
     Cl  12       -0.062959       -0.041647        0.314439

     H   13        0.279385       -0.133029       -0.053998
     H   13       -0.133029       -0.484456       -0.509963
     H   13       -0.053998       -0.509963        0.205071

     C   14       -0.474296        0.313002       -0.155515
     C   14        0.313002        0.085435       -0.307657
     C   14       -0.155515       -0.307657        0.388861

     H   15       -0.695328        0.034806        0.045348
     H   15        0.034806        0.370861       -0.219249
     H   15        0.045348       -0.219249        0.324467

     C   16        0.098880       -0.170874       -0.437389
     C   16       -0.170874       -0.273114       -0.564664
     C   16       -0.437389       -0.564664        0.174234

     C   17       -0.374721        0.283150       -0.365649
     C   17        0.283150       -0.069933       -0.252085
     C   17       -0.365649       -0.252085        0.444654

     Cl  18       -0.122586       -0.048594        0.222814
     Cl  18       -0.048594        0.185300        0.018944
     Cl  18        0.222814        0.018944       -0.062715

     H   19        0.419110        0.046359       -0.024159
     H   19        0.046359       -0.578630        0.521701
     H   19       -0.024159        0.521701        0.159520

     C   20       -0.189134       -0.244715       -0.230556
     C   20       -0.244715       -0.135782        0.425189
     C   20       -0.230556        0.425189        0.324916

     H   21        0.110047        0.131072       -0.392859
     H   21        0.131072        0.413684        0.331695
     H   21       -0.392859        0.331695       -0.523731

     C   22       -0.672463       -0.339490       -0.280359
     C   22       -0.339490        0.167391        0.057664
     C   22       -0.280359        0.057664        0.505072

     C   23        0.072290       -0.478609        0.062070
     C   23       -0.478609       -0.273039        0.469924
     C   23        0.062070        0.469924        0.200750

     Cl  24       -0.057943       -0.013485       -0.090146
     Cl  24       -0.013485        0.050217        0.013076
     Cl  24       -0.090146        0.013076        0.007726

     ----- ionic term -----
     Cl   1        0.152126       -0.213764       -0.006060
     Cl   1       -0.213764        0.007598        0.015855
     Cl   1       -0.006060        0.015855       -0.159724

     C    2        0.261715       -0.116557        0.224693
     C    2       -0.116557        0.138610        0.413675
     C    2        0.224693        0.413675       -0.400326

     C    3        0.172431       -0.144813        0.116558
     C    3       -0.144813        0.198715        0.407789
     C    3        0.116558        0.407789       -0.371146

     H    4        0.665954        0.406015        0.588185
     H    4        0.406015       -0.375712        0.261688
     H    4        0.588185        0.261688       -0.290242

     C    5        0.300575       -0.062647        0.138039
     C    5       -0.062647        0.089232        0.348707
     C    5        0.138039        0.348707       -0.389807

     H    6       -0.528312        0.001566       -0.025666
     H    6        0.001566        0.705531        0.693096
     H    6       -0.025666        0.693096       -0.177219

     H    7       -0.505032        0.197757       -0.109061
     H    7        0.197757        0.544470       -0.734452
     H    7       -0.109061       -0.734452       -0.039437

     C    8        0.177063        0.295116        0.322613
     C    8        0.295116       -0.027625       -0.290011
     C    8        0.322613       -0.290011       -0.149438

     H    9        0.341848       -0.063306        0.787484
     H    9       -0.063306       -0.517258       -0.150107
     H    9        0.787484       -0.150107        0.175409

     C   10        0.152384        0.391679        0.234903
     C   10        0.391679        0.010365       -0.301601
     C   10        0.234903       -0.301601       -0.162750

     C   11        0.215323        0.237033        0.336745
     C   11        0.237033       -0.098991       -0.382960
     C   11        0.336745       -0.382960       -0.116332

     Cl  12        0.216251        0.211003        0.054691
     Cl  12        0.211003       -0.082456        0.017469
     Cl  12        0.054691        0.017469       -0.133795

     H   13       -0.513426        0.057861        0.042518
     H   13        0.057861        0.843127        0.589080
     H   13        0.042518        0.589080       -0.329701

     C   14        0.365024       -0.134887        0.202759
     C   14       -0.134887        0.046235        0.310516
     C   14        0.202759        0.310516       -0.411259

     H   15        0.823138        0.281996        0.415607
     H   15        0.281996       -0.461622        0.182598
     H   15        0.415607        0.182598       -0.361516

     C   16        0.281261       -0.210650        0.083106
     C   16       -0.210650        0.067505        0.373070
     C   16        0.083106        0.373070       -0.348766

     C   17        0.294390        0.008742        0.145759
     C   17        0.008742        0.035117        0.444929
     C   17        0.145759        0.444929       -0.329508

     Cl  18        0.155734       -0.186771       -0.053345
     Cl  18       -0.186771       -0.040505        0.018137
     Cl  18       -0.053345        0.018137       -0.115228

     H   19       -0.529869        0.003897        0.015389
     H   19        0.003897        0.668217       -0.713156
     H   19        0.015389       -0.713156       -0.138348

     C   20        0.199249        0.205967        0.367909
     C   20        0.205967       -0.021497       -0.288974
     C   20        0.367909       -0.288974       -0.177752

     H   21        0.220704       -0.210654        0.753996
     H   21       -0.210654       -0.491043       -0.277086
     H   21        0.753996       -0.277086        0.270339

     C   22        0.056717        0.297896        0.233422
     C   22        0.297896        0.075108       -0.394375
     C   22        0.233422       -0.394375       -0.131825

     C   23        0.034004        0.224938        0.337769
     C   23        0.224938        0.043021       -0.434229
     C   23        0.337769       -0.434229       -0.077025

     Cl  24        0.108796        0.213881        0.044303
     Cl  24        0.213881        0.024326        0.033538
     Cl  24        0.044303        0.033538       -0.133123

     ----- GIPAW term -----
     Cl   1       -0.864639       -1.406764        0.869872
     Cl   1       -1.406764        0.824999       -2.096117
     Cl   1        0.869872       -2.096117        0.039639

     C    2       -0.014183       -0.231861        0.007783
     C    2       -0.231861        0.101403       -0.204063
     C    2        0.007783       -0.204063       -0.087219

     C    3       -0.120451       -0.067452        0.087501
     C    3       -0.067452        0.118213       -0.160562
     C    3        0.087501       -0.160562        0.002238

     H    4       -0.000000        0.000000        0.000000
     H    4        0.000000        0.000000        0.000000
     H    4        0.000000        0.000000        0.000000

     C    5       -0.023159       -0.210324       -0.029092
     C    5       -0.210324        0.152279       -0.129495
     C    5       -0.029092       -0.129495       -0.129120

     H    6       -0.000000        0.000000        0.000000
     H    6        0.000000        0.000000        0.000000
     H    6        0.000000        0.000000        0.000000

     H    7       -0.000000        0.000000        0.000000
     H    7        0.000000        0.000000        0.000000
     H    7        0.000000        0.000000        0.000000

     C    8        0.073859       -0.050562       -0.025044
     C    8       -0.050562        0.007711       -0.008305
     C    8       -0.025044       -0.008305       -0.081570

     H    9       -0.000000        0.000000        0.000000
     H    9        0.000000        0.000000        0.000000
     H    9        0.000000        0.000000        0.000000

     C   10        0.042880       -0.021900       -0.010809
     C   10       -0.021900       -0.039557       -0.008998
     C   10       -0.010809       -0.008998       -0.003323

     C   11        0.081611       -0.078320       -0.196312
     C   11       -0.078320        0.009020        0.148321
     C   11       -0.196312        0.148321       -0.090631

     Cl  12       -0.580574        1.479762       -0.645763
     Cl  12        1.479762       -1.287430       -0.521195
     Cl  12       -0.645763       -0.521195        1.868004

     H   13       -0.000000        0.000000        0.000000
     H   13        0.000000        0.000000        0.000000
     H   13        0.000000        0.000000        0.000000

     C   14       -0.044189       -0.106762        0.037213
     C   14       -0.106762        0.093933       -0.078037
     C   14        0.037213       -0.078037       -0.049744

     H   15       -0.000000        0.000000        0.000000
     H   15        0.000000        0.000000        0.000000
     H   15        0.000000        0.000000        0.000000

     C   16        0.155058       -0.171136       -0.162729
     C   16       -0.171136       -0.078560       -0.056240
     C   16       -0.162729       -0.056240       -0.076498

     C   17        0.045170       -0.143844       -0.163271
     C   17       -0.143844       -0.033650        0.050238
     C   17       -0.163271        0.050238       -0.011519

     Cl  18        0.688721       -0.567197       -1.452063
     Cl  18       -0.567197       -0.602782       -0.875545
     Cl  18       -1.452063       -0.875545       -0.085939

     H   19       -0.000000        0.000000        0.000000
     H   19        0.000000        0.000000        0.000000
     H   19        0.000000        0.000000        0.000000

     C   20       -0.051907       -0.080220       -0.011991
     C   20       -0.080220        0.053018        0.037217
     C   20       -0.011991        0.037217       -0.001112

     H   21       -0.000000        0.000000        0.000000
     H   21        0.000000        0.000000        0.000000
     H   21        0.000000        0.000000        0.000000

     C   22       -0.218205       -0.109409        0.037708
     C   22       -0.109409        0.059496       -0.170078
     C   22        0.037708       -0.170078        0.158709

     C   23        0.053157       -0.166099        0.102681
     C   23       -0.166099        0.066415       -0.066809
     C   23        0.102681       -0.066809       -0.119572

     Cl  24        0.524652        0.247623        1.550148
     Cl  24        0.247623       -0.463834       -1.392473
     Cl  24        1.550148       -1.392473       -0.060818

     ----- total EFG -----
     Cl   1       -1.008494       -1.315510        0.940352
     Cl   1       -1.315510        0.874541       -2.214540
     Cl   1        0.940352       -2.214540        0.133953

     C    2        0.173394       -0.707485       -0.133036
     C    2       -0.707485        0.225359       -0.525523
     C    2       -0.133036       -0.525523       -0.398753

     C    3       -0.355959        0.114699        0.289239
     C    3        0.114699        0.321594       -0.116790
     C    3        0.289239       -0.116790        0.034365

     H    4        0.504048       -0.025134        0.382398
     H    4       -0.025134       -0.599160        0.378158
     H    4        0.382398        0.378158        0.095112

     C    5        0.160702       -0.604783       -0.304087
     C    5       -0.604783        0.264266       -0.322345
     C    5       -0.304087       -0.322345       -0.424968

     H    6       -0.271411        0.305598       -0.058487
     H    6        0.305598        0.083055        0.461190
     H    6       -0.058487        0.461190        0.188357

     H    7       -0.618492        0.132590        0.224169
     H    7        0.132590        0.709556       -0.396885
     H    7        0.224169       -0.396885       -0.091064

     C    8       -0.007107        0.252742       -0.056938
     C    8        0.252742        0.302168       -0.201358
     C    8       -0.056938       -0.201358       -0.295061

     H    9        0.525512        0.002191        0.606753
     H    9        0.002191       -0.148867       -0.340037
     H    9        0.606753       -0.340037       -0.376645

     C   10        0.258763        0.040269        0.330882
     C   10        0.040269       -0.256628       -0.243448
     C   10        0.330882       -0.243448       -0.002135

     C   11        0.202004        0.018392       -0.432754
     C   11        0.018392       -0.101809        0.195783
     C   11       -0.432754        0.195783       -0.100195

     Cl  12       -0.559649        1.571082       -0.654030
     Cl  12        1.571082       -1.489000       -0.545372
     Cl  12       -0.654030       -0.545372        2.048649

     H   13       -0.234041       -0.075169       -0.011480
     H   13       -0.075169        0.358672        0.079118
     H   13       -0.011480        0.079118       -0.124631

     C   14       -0.153461        0.071353        0.084456
     C   14        0.071353        0.225603       -0.075179
     C   14        0.084456       -0.075179       -0.072142

     H   15        0.127810        0.316802        0.460955
     H   15        0.316802       -0.090761       -0.036651
     H   15        0.460955       -0.036651       -0.037049

     C   16        0.535199       -0.552660       -0.517012
     C   16       -0.552660       -0.284169       -0.247833
     C   16       -0.517012       -0.247833       -0.251030

     C   17       -0.035161        0.148048       -0.383161
     C   17        0.148048       -0.068466        0.243082
     C   17       -0.383161        0.243082        0.103627

     Cl  18        0.721869       -0.802561       -1.282594
     Cl  18       -0.802561       -0.457987       -0.838463
     Cl  18       -1.282594       -0.838463       -0.263882

     H   19       -0.110759        0.050256       -0.008770
     H   19        0.050256        0.089587       -0.191455
     H   19       -0.008770       -0.191455        0.021172

     C   20       -0.041791       -0.118968        0.125362
     C   20       -0.118968       -0.104261        0.173432
     C   20        0.125362        0.173432        0.146052

     H   21        0.330751       -0.079582        0.361137
     H   21       -0.079582       -0.077359        0.054609
     H   21        0.361137        0.054609       -0.253392

     C   22       -0.833951       -0.151002       -0.009230
     C   22       -0.151002        0.301995       -0.506790
     C   22       -0.009230       -0.506790        0.531956

     C   23        0.159450       -0.419770        0.502521
     C   23       -0.419770       -0.163603       -0.031115
     C   23        0.502521       -0.031115        0.004153

     Cl  24        0.575506        0.448020        1.504305
     Cl  24        0.448020       -0.389290       -1.345860
     Cl  24        1.504305       -1.345860       -0.186215

     ----- total EFG (symmetrized) -----
     Cl   1       -1.008494       -1.315510        0.940352
     Cl   1       -1.315510        0.874541       -2.214540
     Cl   1        0.940352       -2.214540        0.133953

     C    2        0.173394       -0.707485       -0.133036
     C    2       -0.707485        0.225359       -0.525523
     C    2       -0.133036       -0.525523       -0.398753

     C    3       -0.355959        0.114699        0.289239
     C    3        0.114699        0.321594       -0.116790
     C    3        0.289239       -0.116790        0.034365

     H    4        0.504048       -0.025134        0.382398
     H    4       -0.025134       -0.599160        0.378158
     H    4        0.382398        0.378158        0.095112

     C    5        0.160702       -0.604783       -0.304087
     C    5       -0.604783        0.264266       -0.322345
     C    5       -0.304087       -0.322345       -0.424968

     H    6       -0.271411        0.305598       -0.058487
     H    6        0.305598        0.083055        0.461190
     H    6       -0.058487        0.461190        0.188357

     H    7       -0.618492        0.132590        0.224169
     H    7        0.132590        0.709556       -0.396885
     H    7        0.224169       -0.396885       -0.091064

     C    8       -0.007107        0.252742       -0.056938
     C    8        0.252742        0.302168       -0.201358
     C    8       -0.056938       -0.201358       -0.295061

     H    9        0.525512        0.002191        0.606753
     H    9        0.002191       -0.148867       -0.340037
     H    9        0.606753       -0.340037       -0.376645

     C   10        0.258763        0.040269        0.330882
     C   10        0.040269       -0.256628       -0.243448
     C   10        0.330882       -0.243448       -0.002135

     C   11        0.202004        0.018392       -0.432754
     C   11        0.018392       -0.101809        0.195783
     C   11       -0.432754        0.195783       -0.100195

     Cl  12       -0.559649        1.571082       -0.654030
     Cl  12        1.571082       -1.489000       -0.545372
     Cl  12       -0.654030       -0.545372        2.048649

     H   13       -0.234041       -0.075169       -0.011480
     H   13       -0.075169        0.358672        0.079118
     H   13       -0.011480        0.079118       -0.124631

     C   14       -0.153461        0.071353        0.084456
     C   14        0.071353        0.225603       -0.075179
     C   14        0.084456       -0.075179       -0.072142

     H   15        0.127810        0.316802        0.460955
     H   15        0.316802       -0.090761       -0.036651
     H   15        0.460955       -0.036651       -0.037049

     C   16        0.535199       -0.552660       -0.517012
     C   16       -0.552660       -0.284169       -0.247833
     C   16       -0.517012       -0.247833       -0.251030

     C   17       -0.035161        0.148048       -0.383161
     C   17        0.148048       -0.068466        0.243082
     C   17       -0.383161        0.243082        0.103627

     Cl  18        0.721869       -0.802561       -1.282594
     Cl  18       -0.802561       -0.457987       -0.838463
     Cl  18       -1.282594       -0.838463       -0.263882

     H   19       -0.110759        0.050256       -0.008770
     H   19        0.050256        0.089587       -0.191455
     H   19       -0.008770       -0.191455        0.021172

     C   20       -0.041791       -0.118968        0.125362
     C   20       -0.118968       -0.104261        0.173432
     C   20        0.125362        0.173432        0.146052

     H   21        0.330751       -0.079582        0.361137
     H   21       -0.079582       -0.077359        0.054609
     H   21        0.361137        0.054609       -0.253392

     C   22       -0.833951       -0.151002       -0.009230
     C   22       -0.151002        0.301995       -0.506790
     C   22       -0.009230       -0.506790        0.531956

     C   23        0.159450       -0.419770        0.502521
     C   23       -0.419770       -0.163603       -0.031115
     C   23        0.502521       -0.031115        0.004153

     Cl  24        0.575506        0.448020        1.504305
     Cl  24        0.448020       -0.389290       -1.345860
     Cl  24        1.504305       -1.345860       -0.186215


     NQR/NMR SPECTROSCOPIC PARAMETERS:
     Cl   1    Vxx=   -1.5315    axis=( -0.805562  0.097477  0.584439)
     Cl   1    Vyy=   -1.8149    axis=(  0.480060  0.685526  0.547354)
     Cl   1    Vzz=    3.3464    axis=( -0.347293  0.721493 -0.599028)
     Cl   1  Q=        -8.1650 1e-30 m^2  Cq=       -64.1992 MHz  eta= 0.08467

     C    2    Vxx=   -0.0364    axis=(  0.638396  0.320843 -0.699650)
     C    2    Vyy=   -0.9375    axis=(  0.450988  0.580691  0.677796)
     C    2    Vzz=    0.9739    axis=( -0.623747  0.748236 -0.226015)
     C    2  Q=         1.0000 1e-30 m^2  Cq=         2.2882 MHz  eta= 0.92531

     C    3    Vxx=    0.1748    axis=(  0.504782  0.260406  0.823033)
     C    3    Vyy=    0.3634    axis=(  0.024528  0.948704 -0.315212)
     C    3    Vzz=   -0.5382    axis=( -0.862898  0.179301  0.472502)
     C    3  Q=         1.0000 1e-30 m^2  Cq=        -1.2645 MHz  eta= 0.35036

     H    4    Vxx=    0.0342    axis=( -0.551307  0.443711  0.706528)
     H    4    Vyy=    0.7575    axis=( -0.821192 -0.139055 -0.553451)
     H    4    Vzz=   -0.7917    axis=(  0.147326  0.885316 -0.441034)
     H    4  Q=         1.0000 1e-30 m^2  Cq=        -1.8602 MHz  eta= 0.91357

     C    5    Vxx=    0.0319    axis=(  0.548903  0.465860 -0.694032)
     C    5    Vyy=    0.8204    axis=( -0.668088  0.743505 -0.029315)
     C    5    Vzz=   -0.8523    axis=(  0.502359  0.479765  0.719347)
     C    5  Q=         1.0000 1e-30 m^2  Cq=        -2.0026 MHz  eta= 0.92514

     H    6    Vxx=   -0.0524    axis=( -0.707963 -0.395323  0.585242)
     H    6    Vyy=   -0.5783    axis=( -0.680408  0.603889 -0.415167)
     H    6    Vzz=    0.6307    axis=( -0.189296 -0.692126 -0.696512)
     H    6  Q=         1.0000 1e-30 m^2  Cq=         1.4820 MHz  eta= 0.83379

     H    7    Vxx=   -0.1212    axis=(  0.459121  0.322225  0.827876)
     H    7    Vyy=   -0.7527    axis=( -0.887994  0.193717  0.417062)
     H    7    Vzz=    0.8739    axis=( -0.025986 -0.926631  0.375073)
     H    7  Q=         1.0000 1e-30 m^2  Cq=         2.0534 MHz  eta= 0.72259

     C    8    Vxx=   -0.1383    axis=(  0.886404 -0.413160  0.208773)
     C    8    Vyy=   -0.3581    axis=( -0.074915  0.317022  0.945455)
     C    8    Vzz=    0.4964    axis=( -0.456810 -0.853695  0.250057)
     C    8  Q=         1.0000 1e-30 m^2  Cq=         1.1663 MHz  eta= 0.44268

     H    9    Vxx=   -0.0322    axis=(  0.328069  0.894142 -0.304762)
     H    9    Vyy=   -0.8224    axis=( -0.373252  0.419062  0.827690)
     H    9    Vzz=    0.8546    axis=(  0.867786 -0.157786  0.471222)
     H    9  Q=         1.0000 1e-30 m^2  Cq=         2.0079 MHz  eta= 0.92473

     C   10    Vxx=   -0.0272    axis=(  0.526475  0.660460 -0.535366)
     C   10    Vyy=   -0.4724    axis=( -0.312361  0.735923  0.600706)
     C   10    Vzz=    0.4996    axis=( -0.790731  0.149030 -0.593747)
     C   10  Q=         1.0000 1e-30 m^2  Cq=         1.1739 MHz  eta= 0.89116

     C   11    Vxx=   -0.0404    axis=(  0.371122  0.895421  0.245945)
     C   11    Vyy=   -0.4851    axis=( -0.492930  0.414433 -0.765026)
     C   11    Vzz=    0.5255    axis=( -0.786949  0.162685  0.595185)
     C   11  Q=         1.0000 1e-30 m^2  Cq=         1.2347 MHz  eta= 0.84620

     Cl  12    Vxx=    0.2190    axis=(  0.730516  0.537434  0.421321)
     Cl  12    Vyy=    2.4442    axis=( -0.332735 -0.258653  0.906855)
     Cl  12    Vzz=   -2.6631    axis=( -0.596351  0.802660  0.010127)
     Cl  12  Q=        -8.1650 1e-30 m^2  Cq=        51.0911 MHz  eta= 0.83555

     H   13    Vxx=   -0.1373    axis=(  0.004675 -0.156852  0.987611)
     H   13    Vyy=   -0.2434    axis=( -0.992426 -0.121966 -0.014673)
     H   13    Vzz=    0.3807    axis=(  0.122757 -0.980062 -0.156234)
     H   13  Q=         1.0000 1e-30 m^2  Cq=         0.8945 MHz  eta= 0.27896

     C   14    Vxx=   -0.0213    axis=(  0.568540  0.084862  0.818267)
     C   14    Vyy=   -0.2289    axis=(  0.812049 -0.217099 -0.541705)
     C   14    Vzz=    0.2501    axis=( -0.131675 -0.972454  0.192341)
     C   14  Q=         1.0000 1e-30 m^2  Cq=         0.5877 MHz  eta= 0.83003

     H   15    Vxx=   -0.0386    axis=(  0.066383  0.810967 -0.581314)
     H   15    Vyy=   -0.5517    axis=( -0.634459  0.483959  0.602699)
     H   15    Vzz=    0.5903    axis=( -0.770101 -0.328811 -0.546651)
     H   15  Q=         1.0000 1e-30 m^2  Cq=         1.3869 MHz  eta= 0.86936

     C   16    Vxx=   -0.0192    axis=(  0.000029 -0.683147  0.730281)
     C   16    Vyy=   -0.9118    axis=( -0.463451 -0.647128 -0.605342)
     C   16    Vzz=    0.9310    axis=( -0.886123  0.338431  0.316624)
     C   16  Q=         1.0000 1e-30 m^2  Cq=         2.1875 MHz  eta= 0.95873

     C   17    Vxx=    0.0758    axis=(  0.536897  0.827511  0.164218)
     C   17    Vyy=    0.4436    axis=( -0.569809  0.212145  0.793922)
     C   17    Vzz=   -0.5194    axis=(  0.622141 -0.519827  0.585424)
     C   17  Q=         1.0000 1e-30 m^2  Cq=        -1.2204 MHz  eta= 0.70802

     Cl  18    Vxx=    0.3762    axis=(  0.238665 -0.793001  0.560526)
     Cl  18    Vyy=    1.6247    axis=(  0.844772 -0.115143 -0.522592)
     Cl  18    Vzz=   -2.0009    axis=( -0.478956 -0.598241 -0.642424)
     Cl  18  Q=        -8.1650 1e-30 m^2  Cq=        38.3865 MHz  eta= 0.62396

     H   19    Vxx=   -0.0998    axis=(  0.834143  0.266735  0.482761)
     H   19    Vyy=   -0.1555    axis=(  0.538261 -0.584652 -0.607007)
     H   19    Vzz=    0.2552    axis=( -0.120338 -0.766182  0.631256)
     H   19  Q=         1.0000 1e-30 m^2  Cq=         0.5997 MHz  eta= 0.21821

     C   20    Vxx=    0.0498    axis=(  0.803960 -0.594215  0.023584)
     C   20    Vyy=    0.2491    axis=( -0.240556 -0.361224 -0.900916)
     C   20    Vzz=   -0.2989    axis=(  0.543857  0.718628 -0.433352)
     C   20  Q=         1.0000 1e-30 m^2  Cq=        -0.7022 MHz  eta= 0.66664

     H   21    Vxx=   -0.0623    axis=(  0.021320 -0.971221 -0.237225)
     H   21    Vyy=   -0.4449    axis=(  0.430161  0.223105 -0.874749)
     H   21    Vzz=    0.5072    axis=(  0.902500 -0.083396  0.422538)
     H   21  Q=         1.0000 1e-30 m^2  Cq=         1.1917 MHz  eta= 0.75443

     C   22    Vxx=   -0.0825    axis=( -0.160939  0.762592  0.626539)
     C   22    Vyy=   -0.8584    axis=( -0.985729 -0.155952 -0.063387)
     C   22    Vzz=    0.9409    axis=(  0.049371 -0.627799  0.776808)
     C   22  Q=         1.0000 1e-30 m^2  Cq=         2.2108 MHz  eta= 0.82462

     C   23    Vxx=   -0.1212    axis=( -0.123564  0.726553  0.675909)
     C   23    Vyy=   -0.6064    axis=(  0.645106  0.576374 -0.501628)
     C   23    Vzz=    0.7275    axis=(  0.754036 -0.374050  0.539923)
     C   23  Q=         1.0000 1e-30 m^2  Cq=         1.7094 MHz  eta= 0.66692

     Cl  24    Vxx=    0.4367    axis=( -0.572146 -0.770090  0.282153)
     Cl  24    Vyy=    1.8771    axis=(  0.688902 -0.264570  0.674846)
     Cl  24    Vzz=   -2.3137    axis=(  0.445043 -0.580486 -0.681889)
     Cl  24  Q=        -8.1650 1e-30 m^2  Cq=        44.3879 MHz  eta= 0.62253

     Initialization:
     gipaw_setup  :      9.33s CPU     11.04s WALL (       1 calls)

     Linear response

     Apply operators

     Induced current

     Other routines
     efg          :      9.30s CPU     11.52s WALL (       1 calls)

     General routines
     calbec       :      3.42s CPU      4.28s WALL (      16 calls)
     fft          :      1.44s CPU      2.12s WALL (      15 calls)
     ffts         :      0.04s CPU      0.05s WALL (       2 calls)
     fftw         :      3.13s CPU      3.85s WALL (     672 calls)
     davcio       :      0.02s CPU      0.33s WALL (      32 calls)

     Parallel routines
     fft_scatter  :      1.97s CPU      3.12s WALL (     689 calls)

     Plugins

     GIPAW        :     61.96s CPU     73.02s WALL (       1 calls)
